Data/DataAlreadyUploadedToEDI/CollatedDataForEDI/CTDData/CTD_2019 (not collated)/020819_fcr50.cnv
* Sea-Bird SBE19plus  Data File:
* FileName = C:\DATA\020819_fcr50_0001.hex
* Software version 2.6.3.104
* Temperature SN = 7809
* Conductivity SN = 7809
* System UpLoad Time = Feb 14 2019 11:43:58
* <ApplicationData>
* <Seaterm232>
# nquan = 18
# nvalues = 1402                        
# units = specified
# name 0 = depFM: Depth [fresh water, m]
# name 1 = tv290C: Temperature [ITS-90, deg C]
# name 2 = sbeox0Mg/L: Oxygen, SBE 43 [mg/l]
# name 3 = sbeox0PS: Oxygen, SBE 43 [% saturation]
# name 4 = c0uS/cm: Conductivity [uS/cm]
# name 5 = specc: Specific Conductance [uS/cm]
# name 6 = ph: pH
# name 7 = orp: Oxidation Reduction Potential [mV]
# name 8 = flECO-AFL: Fluorescence, WET Labs ECO-AFL/FL [mg/m^3]
# name 9 = turbWETntu0: Turbidity, WET Labs ECO [NTU]
# name 10 = sal00: Salinity, Practical [PSU]
# name 11 = dz/dtM: Descent Rate [m/s]
# name 12 = prdM: Pressure, Strain Gauge [db]
# name 13 = prdE: Pressure, Strain Gauge [psi]
# name 14 = scan: Scan Count
# name 15 = par/sat/log: PAR/Logarithmic, Satlantic
# name 16 = density00: Density [density, kg/m^3]
# name 17 = flag:  0.000e+00
# span 0 =     -0.563,      9.768       
# span 1 =     4.1750,    11.8730       
# span 2 =     5.1859,    17.7097       
# span 3 =     47.951,    163.073       
# span 4 =   0.097248,  31.218805       
# span 5 =      1.233,     47.727       
# span 6 =      5.504,      8.113       
# span 7 =  -477.8840,   877.7084       
# span 8 =    -0.4688,     6.0697       
# span 9 =    -7.3339,   300.5860       
# span 10 =     0.0022,     0.0232      
# span 11 =     -0.170,      0.178      
# span 12 =     -0.552,      9.579      
# span 13 =     -0.800,     13.893      
# span 14 =          1,       1402      
# span 15 = -9.164e+02, 1.0592e+04      
# span 16 =   999.5183,  1000.0338      
# span 17 = 0.0000e+00, 0.0000e+00      
# interval = seconds: 0.25
# start_time = Feb 08 2019 17:24:06 [Instrument's time stamp, header]
# bad_flag = -9.990e-29
*END*
[from data line 483]
     -0.252     5.2052    10.0446     79.069  19.589657     32.438      7.577   -24.0134     0.8206     2.0390     0.0147      0.007     -0.247     -0.357        484 1.7885e+01   999.9737 0.0000e+00
     -0.251     5.2040    10.0432     79.060  19.606133     32.439      7.598   -23.2563     0.8244     2.0823     0.0147      0.006     -0.245     -0.355        485 1.8010e+01   999.9737 0.0000e+00
     -0.247     5.2005    10.0428     79.059  19.585653     32.439      7.611   -25.8685     0.8244     1.9813     0.0147      0.006     -0.243     -0.352        486 1.7996e+01   999.9738 0.0000e+00
     -0.246     5.1980    10.0377     79.024  19.615144     32.440      7.619   -25.7927     0.7939     1.9381     0.0147      0.006     -0.241     -0.350        487 1.7935e+01   999.9738 0.0000e+00
     -0.245     5.1986    10.0359     79.012  19.599043     32.490      7.617   -27.4963     0.8130     2.0102     0.0147      0.006     -0.240     -0.348        488 1.7896e+01   999.9739 0.0000e+00
     -0.241     5.1989    10.0220     78.908  19.516856     32.262      7.612   -29.0106     0.8702     2.0102     0.0146      0.006     -0.237     -0.343        489 1.7852e+01   999.9739 0.0000e+00
     -0.238     5.1985    10.0080     78.815  19.569370     32.446      7.602   -29.0485     0.8893     1.8948     0.0147      0.007     -0.234     -0.339        490 1.7834e+01   999.9739 0.0000e+00
     -0.237     5.1982     9.9882     78.678  19.563303     32.353      7.585   -29.8813     0.8588     1.9236     0.0147      0.008     -0.234     -0.339        491 1.7812e+01   999.9739 0.0000e+00
     -0.242     5.1985     9.9803     78.630  19.524404     32.354      7.565   -29.1999     0.8778     2.0102     0.0147      0.007     -0.236     -0.343        492 1.7863e+01   999.9739 0.0000e+00
     -0.244     5.1991     9.9672     78.533  19.499332     32.262      7.547   -30.3356     0.8244     1.9236     0.0146      0.004     -0.240     -0.349        493 1.7889e+01   999.9738 0.0000e+00
     -0.249     5.2001     9.9556     78.443  19.476059     32.262      7.522   -28.9349     0.8206     1.7073     0.0146      0.000     -0.244     -0.354        494 1.7866e+01   999.9738 0.0000e+00
     -0.253     5.2010     9.9556     78.443  19.553367     32.353      7.498   -30.3356     0.8092     1.8371     0.0147     -0.003     -0.248     -0.359        495 1.7879e+01   999.9738 0.0000e+00
     -0.255     5.2021     9.9631     78.499  19.610404     32.491      7.471   -30.2599     0.7863     1.7218     0.0147     -0.007     -0.251     -0.364        496 1.7966e+01   999.9738 0.0000e+00
     -0.259     5.2042     9.9708     78.554  19.612357     32.444      7.435   -29.9949     0.7863     1.6929     0.0147     -0.011     -0.255     -0.370        497 1.7966e+01   999.9738 0.0000e+00
     -0.265     5.2054     9.9833     78.651  19.639771     32.535      7.406   -31.2442     0.8244     1.7650     0.0147     -0.014     -0.260     -0.377        498 1.7950e+01   999.9738 0.0000e+00
     -0.270     5.2085    10.0006     78.791  19.665123     32.533      7.374   -30.8278     0.8168     1.7218     0.0147     -0.015     -0.265     -0.384        499 1.7982e+01   999.9737 0.0000e+00
     -0.275     5.2166    10.0116     78.882  19.699253     32.624      7.348   -31.2442     0.8092     1.7650     0.0148     -0.016     -0.269     -0.389        500 1.7958e+01   999.9737 0.0000e+00
     -0.275     5.2259    10.0194     78.945  19.715743     32.620      7.317   -32.5313     0.8893     1.8083     0.0148     -0.016     -0.271     -0.392        501 1.7952e+01   999.9736 0.0000e+00
     -0.277     5.2331    10.0254     78.993  19.763048     32.704      7.289   -33.0235     0.8664     1.7939     0.0148     -0.015     -0.272     -0.394        502 1.7981e+01   999.9735 0.0000e+00
     -0.279     5.2365    10.0272     79.008  19.847665     32.832      7.264   -31.7363     0.8664     1.7506     0.0149     -0.014     -0.273     -0.395        503 1.7978e+01   999.9733 0.0000e+00
     -0.277     5.2370    10.0339     79.062  19.847330     32.825      7.236   -33.0992     0.8893     1.6929     0.0149     -0.012     -0.272     -0.394        504 1.8002e+01   999.9732 0.0000e+00
     -0.275     5.2369    10.0312     79.019  19.852297     32.821      7.218   -32.6828     0.8702    13.4883     0.0149     -0.008     -0.270     -0.391        505 1.8022e+01   999.9731 0.0000e+00
     -0.272     5.2355    10.0155     78.830  19.900708     32.913      7.204   -33.6670     0.8740    13.5316     0.0149     -0.004     -0.267     -0.388        506 1.7977e+01   999.9732 0.0000e+00
     -0.270     5.2328    10.0233     78.830  19.905532     32.913      7.202   -36.5063     0.8855    13.3729     0.0149      0.000     -0.265     -0.384        507 1.7942e+01   999.9732 0.0000e+00
     -0.269     5.2320    10.0320     78.854  19.905518     32.914      7.212   -35.6735     0.8740    13.5027     0.0149      0.003     -0.264     -0.382        508 1.7951e+01   999.9732 0.0000e+00
     -0.268     5.2337    10.0452     78.890  19.959950     33.010      7.232   -37.2635     0.8740    13.5316     0.0150      0.005     -0.263     -0.381        509 1.7938e+01   999.9733 0.0000e+00
     -0.267     5.2356    10.0589     78.929  19.897016     32.918      7.254   -38.6263     0.8321     1.8227     0.0149      0.006     -0.262     -0.380        510 1.7954e+01   999.9733 0.0000e+00
     -0.265     5.2365    10.0792     79.015  19.776555     32.686      7.286   -38.8913     0.8168     1.6785     0.0148      0.007     -0.260     -0.377        511 1.7935e+01   999.9732 0.0000e+00
     -0.262     5.2369    10.0948     79.072  19.724905     32.637      7.316   -39.5349     0.8397     1.7794     0.0148      0.007     -0.257     -0.373        512 1.7865e+01   999.9732 0.0000e+00
     -0.259     5.2375    10.1153     79.181  19.665173     32.498      7.343   -38.5506     0.8092     1.7362     0.0147      0.007     -0.253     -0.368        513 1.7845e+01   999.9731 0.0000e+00
     -0.254     5.2379    10.1269     79.230  19.643609     32.497      7.375   -40.3299     0.8778     1.7939     0.0147      0.008     -0.246     -0.358        514 1.7844e+01   999.9731 0.0000e+00
     -0.241     5.2267    10.1264     79.196  19.662907     32.497      7.396   -40.5571     0.8969     1.6352     0.0147      0.012     -0.234     -0.339        515 1.7830e+01   999.9732 0.0000e+00
     -0.220     5.1950    10.1199     79.118  19.700381     32.589      7.420   -42.3742     0.8740     1.7218     0.0148      0.020     -0.214     -0.310        516 1.7835e+01   999.9733 0.0000e+00
     -0.194     5.1649    10.1192     79.096  19.774644     32.692      7.435   -46.1599     0.8893     1.7939     0.0148      0.032     -0.190     -0.276        517 1.7911e+01   999.9737 0.0000e+00
     -0.169     5.1420    10.1084     78.999  19.748161     32.728      7.457   -47.3714     0.9389     1.9813     0.0148      0.046     -0.167     -0.242        518 1.7939e+01   999.9744 0.0000e+00
     -0.149     5.1103    10.0966     78.897  19.674123     32.575      7.458   -48.9992     0.9503     1.9669     0.0147      0.060     -0.147     -0.213        519 1.7964e+01   999.9750 0.0000e+00
     -0.132     5.0755    10.0927     78.859  19.422618     32.275      7.477   -52.4064     0.9465     1.9525     0.0146      0.070     -0.129     -0.187        520 1.7942e+01   999.9754 0.0000e+00
     -0.115     5.0405    10.0896     78.830  19.054377     31.569      7.486   -51.5357     0.9465     2.0102     0.0143      0.077     -0.114     -0.165        521 1.7925e+01   999.9758 0.0000e+00
     -0.103     5.0085    10.0985     78.898  18.918346     31.512      7.502   -52.0278     0.9923     2.0534     0.0142      0.079     -0.101     -0.146        522 1.7908e+01   999.9764 0.0000e+00
     -0.091     4.9831    10.1045     78.945  18.792422     31.224      7.510   -51.9521     1.0113     2.1399     0.0141      0.075     -0.089     -0.130        523 1.7894e+01   999.9769 0.0000e+00
     -0.080     4.9630    10.1171     79.043  18.737327     31.257      7.518   -52.4064     1.0037     2.0390     0.0141      0.068     -0.079     -0.115        524 1.7889e+01   999.9775 0.0000e+00
     -0.071     4.9477    10.1176     79.046  18.661205     31.098      7.522   -52.0278     0.9808     1.9525     0.0140      0.059     -0.069     -0.101        525 1.7890e+01   999.9779 0.0000e+00
     -0.061     4.9351    10.1234     79.090  18.591059     31.025      7.523   -51.5357     1.0037     2.0390     0.0140      0.052     -0.061     -0.089        526 1.7892e+01   999.9782 0.0000e+00
     -0.056     4.9265    10.1227     79.083  18.646967     31.134      7.522   -50.7407     1.0266     2.0534     0.0140      0.045     -0.055     -0.080        527 1.7918e+01   999.9785 0.0000e+00
     -0.051     4.9206    10.1202     79.061  18.650854     31.147      7.515   -50.7785     1.0037     2.0102     0.0140      0.039     -0.050     -0.073        528 1.8034e+01   999.9787 0.0000e+00
     -0.047     4.9157    10.1147     79.017  18.645444     31.156      7.505   -51.2707     1.0113     2.0102     0.0140      0.034     -0.047     -0.068        529 1.8014e+01   999.9789 0.0000e+00
     -0.046     4.9121    10.1139     79.010  18.594480     31.069      7.498   -52.2550     1.0037     1.9813     0.0139      0.028     -0.045     -0.066        530 1.7980e+01   999.9790 0.0000e+00
     -0.046     4.9094    10.1118     78.994  18.595839     31.074      7.484   -53.3150     1.0113     2.0823     0.0139      0.022     -0.045     -0.066        531 1.8024e+01   999.9790 0.0000e+00
     -0.046     4.9086    10.1198     79.056  18.584535     31.078      7.473   -53.7692     0.9961     1.9236     0.0139      0.016     -0.045     -0.066        532 1.8016e+01   999.9791 0.0000e+00
     -0.046     4.9090    10.1333     79.162  18.549330     30.987      7.477   -55.8514     0.9694     1.9236     0.0139      0.011     -0.044     -0.065        533 1.7982e+01   999.9791 0.0000e+00
     -0.044     4.9086    10.1301     79.151  18.580432     31.082      7.487   -56.7978     0.9923     1.9669     0.0139      0.007     -0.042     -0.061        534 1.7952e+01   999.9792 0.0000e+00
     -0.039     4.9081    10.1285     79.148  18.545829     30.988      7.503   -58.6528     0.9389     1.7506     0.0139      0.006     -0.038     -0.056        535 1.8003e+01   999.9791 0.0000e+00
     -0.035     4.9076    10.1322     79.176  18.533172     30.988      7.517   -61.2650     0.9312     1.8371     0.0139      0.006     -0.035     -0.051        536 1.8196e+01   999.9792 0.0000e+00
     -0.034     4.9066    10.1279     79.144  18.536962     30.989      7.540   -61.6057     0.9465     1.7362     0.0139      0.007     -0.033     -0.048        537 1.8245e+01   999.9792 0.0000e+00
     -0.034     4.9058    10.1319     79.173  18.541112     30.989      7.554   -63.1200     0.9312     1.7939     0.0139      0.008     -0.033     -0.048        538 1.8139e+01   999.9792 0.0000e+00
     -0.034     4.9052    10.1274     79.140  18.528008     30.990      7.574   -63.9907     0.9427     2.0534     0.0139      0.008     -0.034     -0.048        539 1.8133e+01   999.9792 0.0000e+00
     -0.034     4.9047    10.1248     79.122  18.494051     30.898      7.598   -62.2871     0.9351     2.0246     0.0139      0.007     -0.034     -0.048        540 1.8175e+01   999.9792 0.0000e+00
     -0.033     4.9048    10.1176     79.068  18.524151     30.992      7.617   -60.2807     0.9236     2.0823     0.0139      0.006     -0.034     -0.048        541 1.8047e+01   999.9792 0.0000e+00
     -0.035     4.9046    10.1167     79.063  18.549768     30.992      7.632   -59.2585     0.9389     2.0534     0.0139      0.003     -0.036     -0.051        542 1.8015e+01   999.9792 0.0000e+00
     -0.041     4.9055    10.1150     79.047  18.521391     30.992      7.651   -56.4571     0.9389     1.8227     0.0139     -0.000     -0.039     -0.056        543 1.8089e+01   999.9792 0.0000e+00
     -0.043     4.9120    10.1146     79.045  18.559466     30.992      7.668   -56.6464     0.9312     1.7794     0.0139     -0.003     -0.041     -0.059        544 1.8057e+01   999.9792 0.0000e+00
     -0.039     4.9164    10.1189     79.081  18.620825     31.179      7.686   -55.4350     0.9503     1.7650     0.0140     -0.004     -0.041     -0.059        545 1.8158e+01   999.9793 0.0000e+00
     -0.044     4.9163    10.1179     79.075  18.563471     30.985      7.703   -56.4571     0.9351     1.7794     0.0139     -0.005     -0.042     -0.061        546 1.8204e+01   999.9792 0.0000e+00
     -0.044     4.9168    10.1250     79.134  18.512402     30.980      7.716   -55.6243     0.9122     1.7218     0.0139     -0.005     -0.042     -0.061        547 1.8183e+01   999.9790 0.0000e+00
     -0.040     4.9161    10.1280     79.161  18.506720     30.887      7.723   -55.6621     0.9236     1.7939     0.0139     -0.005     -0.041     -0.060        548 1.8189e+01   999.9790 0.0000e+00
     -0.042     4.9169    10.1246     79.136  18.511322     30.980      7.729   -57.7064     0.9122     1.7073     0.0139     -0.004     -0.041     -0.060        549 1.8205e+01   999.9790 0.0000e+00
     -0.043     4.9183    10.1262     79.153  18.506673     30.887      7.735   -56.7221     0.9160     1.6929     0.0139     -0.002     -0.041     -0.060        550 1.8200e+01   999.9790 0.0000e+00
     -0.041     4.9192    10.1170     79.088  18.512504     30.980      7.739   -56.7221     0.9389     1.8227     0.0139     -0.000     -0.040     -0.059        551 1.8095e+01   999.9790 0.0000e+00
     -0.041     4.9198    10.1171     79.089  18.504066     30.885      7.733   -58.4635     0.9618     1.9381     0.0139      0.000     -0.040     -0.059        552 1.8086e+01   999.9790 0.0000e+00
     -0.042     4.9189    10.1152     79.072  18.517174     30.977      7.725   -58.0471     0.9389     1.9957     0.0139      0.000     -0.041     -0.060        553 1.8123e+01   999.9790 0.0000e+00
     -0.044     4.9194    10.1169     79.085  18.496191     30.883      7.723   -56.1543     0.9351     1.9813     0.0139      0.000     -0.044     -0.063        554 1.8149e+01   999.9789 0.0000e+00
     -0.049     4.9207    10.1123     79.044  18.470961     30.884      7.713   -56.3435     0.9122     1.9813     0.0139     -0.002     -0.047     -0.068        555 1.8197e+01   999.9789 0.0000e+00
     -0.049     4.9214    10.1070     79.001  18.489353     30.884      7.707   -55.1321     1.0037     1.7939     0.0139     -0.004     -0.047     -0.069        556 1.8171e+01   999.9789 0.0000e+00
     -0.047     4.9231    10.1150     79.061  18.473301     30.882      7.706   -54.1100     1.0037     1.7506     0.0139     -0.004     -0.046     -0.067        557 1.8185e+01   999.9789 0.0000e+00
     -0.046     4.9249    10.1173     79.073  18.431716     30.789      7.712   -55.2457     0.9808     1.6929     0.0138     -0.003     -0.045     -0.065        558 1.8167e+01   999.9789 0.0000e+00
     -0.045     4.9258    10.1145     79.046  18.481884     30.880      7.722   -53.3528     0.9885     1.7650     0.0139     -0.003     -0.044     -0.064        559 1.8169e+01   999.9789 0.0000e+00
     -0.045     4.9280    10.1100     79.007  18.529307     30.971      7.743   -53.5800     1.0113     1.7794     0.0139     -0.002     -0.044     -0.063        560 1.8134e+01   999.9789 0.0000e+00
     -0.044     4.9308    10.1138     79.032  18.461529     30.831      7.764   -53.8828     0.9999     1.8660     0.0138     -0.000     -0.043     -0.063        561 1.7988e+01   999.9788 0.0000e+00
     -0.044     4.9310    10.1177     79.058  18.477403     30.875      7.792   -52.2550     1.0113     1.7794     0.0139      0.002     -0.043     -0.063        562 1.7998e+01   999.9788 0.0000e+00
