Data/DataAlreadyUploadedToEDI/CollatedDataForEDI/CTDData/CTD_2019 (not collated)/020819_fcr50.cnv
* Sea-Bird SBE19plus  Data File:
* FileName = C:\DATA\020819_fcr50_0001.hex
* Software version 2.6.3.104
* Temperature SN = 7809
* Conductivity SN = 7809
* System UpLoad Time = Feb 14 2019 11:43:58
* <ApplicationData>
* <Seaterm232>
# nquan = 18
# nvalues = 1402                        
# units = specified
# name 0 = depFM: Depth [fresh water, m]
# name 1 = tv290C: Temperature [ITS-90, deg C]
# name 2 = sbeox0Mg/L: Oxygen, SBE 43 [mg/l]
# name 3 = sbeox0PS: Oxygen, SBE 43 [% saturation]
# name 4 = c0uS/cm: Conductivity [uS/cm]
# name 5 = specc: Specific Conductance [uS/cm]
# name 6 = ph: pH
# name 7 = orp: Oxidation Reduction Potential [mV]
# name 8 = flECO-AFL: Fluorescence, WET Labs ECO-AFL/FL [mg/m^3]
# name 9 = turbWETntu0: Turbidity, WET Labs ECO [NTU]
# name 10 = sal00: Salinity, Practical [PSU]
# name 11 = dz/dtM: Descent Rate [m/s]
# name 12 = prdM: Pressure, Strain Gauge [db]
# name 13 = prdE: Pressure, Strain Gauge [psi]
# name 14 = scan: Scan Count
# name 15 = par/sat/log: PAR/Logarithmic, Satlantic
# name 16 = density00: Density [density, kg/m^3]
# name 17 = flag:  0.000e+00
# span 0 =     -0.563,      9.768       
# span 1 =     4.1750,    11.8730       
# span 2 =     5.1859,    17.7097       
# span 3 =     47.951,    163.073       
# span 4 =   0.097248,  31.218805       
# span 5 =      1.233,     47.727       
# span 6 =      5.504,      8.113       
# span 7 =  -477.8840,   877.7084       
# span 8 =    -0.4688,     6.0697       
# span 9 =    -7.3339,   300.5860       
# span 10 =     0.0022,     0.0232      
# span 11 =     -0.170,      0.178      
# span 12 =     -0.552,      9.579      
# span 13 =     -0.800,     13.893      
# span 14 =          1,       1402      
# span 15 = -9.164e+02, 1.0592e+04      
# span 16 =   999.5183,  1000.0338      
# span 17 = 0.0000e+00, 0.0000e+00      
# interval = seconds: 0.25
# start_time = Feb 08 2019 17:24:06 [Instrument's time stamp, header]
# bad_flag = -9.990e-29
*END*
[from data line 1207]
      6.239     4.3221    10.4867     80.665  18.277255     31.181      7.791   434.3622     4.2806     2.0678     0.0136      0.061      6.117      8.873       1208 1.5633e+01  1000.0153 0.0000e+00
      6.253     4.3231    10.4873     80.668  18.234674     31.086      7.790   436.7850     4.2692     1.9525     0.0136      0.063      6.132      8.894       1209 1.5630e+01  1000.0153 0.0000e+00
      6.267     4.3236    10.4861     80.655  18.232092     31.085      7.783   437.7693     4.2730     1.9669     0.0136      0.065      6.146      8.913       1210 1.5616e+01  1000.0153 0.0000e+00
      6.279     4.3229    10.4871     80.659  18.280469     31.179      7.781   439.7757     4.2806     2.0102     0.0136      0.064      6.159      8.932       1211 1.5648e+01  1000.0154 0.0000e+00
      6.294     4.3223    10.4802     80.603  18.292908     31.178      7.777   442.5015     4.2730     1.9957     0.0136      0.062      6.172      8.952       1212 1.5659e+01  1000.0155 0.0000e+00
      6.309     4.3213    10.4741     80.553  18.275830     31.179      7.778   445.1515     4.1127     1.8660     0.0136      0.060      6.187      8.973       1213 1.5659e+01  1000.0156 0.0000e+00
      6.325     4.3182    10.4764     80.569  18.242502     31.085      7.781   447.3093     4.0975     2.1399     0.0136      0.058      6.202      8.995       1214 1.5665e+01  1000.0156 0.0000e+00
      6.340     4.3149    10.4717     80.532  18.215947     31.086      7.780   448.7101     4.1280     2.0534     0.0136      0.057      6.216      9.016       1215 1.5678e+01  1000.0157 0.0000e+00
      6.353     4.3128    10.4650     80.480  18.249659     31.089      7.780   450.3379     4.1127     1.9525     0.0136      0.056      6.230      9.036       1216 1.5687e+01  1000.0158 0.0000e+00
      6.367     4.3114    10.4715     80.530  18.318986     31.283      7.781   453.3286     4.2844     2.0823     0.0137      0.056      6.245      9.057       1217 1.5678e+01  1000.0159 0.0000e+00
      6.383     4.3104    10.4693     80.513  18.248111     31.095      7.782   455.7136     4.2539     1.8660     0.0136      0.057      6.260      9.079       1218 1.5696e+01  1000.0160 0.0000e+00
      6.399     4.3095    10.4742     80.552  18.219426     31.096      7.785   458.8179     4.2730     2.1255     0.0136      0.058      6.275      9.101       1219 1.5707e+01  1000.0160 0.0000e+00
      6.415     4.3078    10.4750     80.559  18.236248     31.097      7.785   460.3701     4.2959     1.9092     0.0136      0.059      6.291      9.125       1220 1.5692e+01  1000.0161 0.0000e+00
      6.433     4.3062    10.4682     80.507  18.227176     31.098      7.788   463.7394     4.2844     1.8660     0.0136      0.060      6.309      9.150       1221 1.5736e+01  1000.0162 0.0000e+00
      6.452     4.3050    10.4691     80.512  18.230714     31.100      7.788   465.4430     4.4561     2.1976     0.0136      0.062      6.326      9.175       1222 1.5734e+01  1000.0163 0.0000e+00
      6.466     4.3036    10.4664     80.490  18.231846     31.102      7.787   465.3672     4.4675     2.3130     0.0136      0.063      6.341      9.197       1223 1.5745e+01  1000.0164 0.0000e+00
      6.481     4.3026    10.4653     80.479  18.284986     31.198      7.791   466.9194     4.4751     2.1976     0.0136      0.064      6.356      9.218       1224 1.5755e+01  1000.0165 0.0000e+00
      6.496     4.3024    10.4641     80.467  18.283019     31.200      7.786   469.3423     4.4866     2.2120     0.0136      0.064      6.371      9.240       1225 1.5624e+01  1000.0166 0.0000e+00
      6.511     4.3022    10.4632     80.458  18.234295     31.106      7.785   470.8565     4.3073     2.2553     0.0136      0.063      6.386      9.261       1226 1.5591e+01  1000.0166 0.0000e+00
      6.527     4.3019    10.4646     80.466  18.227185     31.106      7.783   472.0301     4.3531     2.2409     0.0136      0.063      6.401      9.284       1227 1.5643e+01  1000.0167 0.0000e+00
      6.543     4.3019    10.4620     80.443  18.232647     31.106      7.779   472.9766     4.3531     2.3274     0.0136      0.062      6.417      9.306       1228 1.5629e+01  1000.0168 0.0000e+00
      6.558     4.3024    10.4685     80.487  18.227498     31.106      7.779   475.6266     4.3569     2.1976     0.0136      0.061      6.433      9.330       1229 1.5630e+01  1000.0169 0.0000e+00
      6.578     4.3028    10.4682     80.479  18.233593     31.106      7.779   477.2166     4.4408     2.1688     0.0136      0.061      6.451      9.356       1230 1.5658e+01  1000.0170 0.0000e+00
      6.597     4.3026    10.4741     80.519  18.225061     31.106      7.776   478.3144     4.4675     2.2697     0.0136      0.063      6.470      9.383       1231 1.5685e+01  1000.0171 0.0000e+00
      6.616     4.3021    10.4726     80.505  18.238116     31.105      7.771   478.2009     4.4828     2.1832     0.0136      0.066      6.488      9.410       1232 1.5657e+01  1000.0171 0.0000e+00
      6.634     4.3015    10.4779     80.547  18.276567     31.201      7.771   480.3587     4.4942     2.1976     0.0136      0.068      6.505      9.435       1233 1.5623e+01  1000.0173 0.0000e+00
      6.651     4.3004    10.4833     80.589  18.236430     31.106      7.761   482.9330     4.2653     2.1111     0.0136      0.069      6.521      9.459       1234 1.5622e+01  1000.0173 0.0000e+00
      6.666     4.2990    10.4861     80.609  18.228847     31.107      7.767   483.7280     4.2768     2.1832     0.0136      0.070      6.536      9.480       1235 1.5591e+01  1000.0174 0.0000e+00
      6.679     4.2979    10.4840     80.589  18.286005     31.203      7.764   484.7880     4.2768     2.2409     0.0136      0.069      6.551      9.501       1236 1.5563e+01  1000.0175 0.0000e+00
      6.695     4.2969    10.4831     80.579  18.283736     31.205      7.762   486.8323     4.3035     2.2409     0.0136      0.067      6.566      9.523       1237 1.5553e+01  1000.0176 0.0000e+00
      6.712     4.2953    10.4804     80.553  18.231670     31.111      7.759   488.9145     4.2882     2.1688     0.0136      0.065      6.581      9.546       1238 1.5560e+01  1000.0176 0.0000e+00
      6.728     4.2927    10.4768     80.518  18.232362     31.112      7.757   490.7316     4.1890     1.9669     0.0136      0.063      6.596      9.567       1239 1.5604e+01  1000.0177 0.0000e+00
      6.740     4.2897    10.4823     80.554  18.223657     31.113      7.760   492.1323     4.2272     1.9957     0.0136      0.061      6.610      9.587       1240 1.5563e+01  1000.0178 0.0000e+00
      6.754     4.2873    10.4779     80.514  18.242503     31.116      7.759   493.7602     4.2196     2.0534     0.0136      0.059      6.623      9.606       1241 1.5566e+01  1000.0179 0.0000e+00
      6.766     4.2862    10.4781     80.514  18.268128     31.215      7.758   494.1388     4.2157     2.1111     0.0136      0.057      6.634      9.621       1242 1.5686e+01  1000.0180 0.0000e+00
      6.773     4.2864    10.4702     80.450  18.191769     31.027      7.755   496.2209     4.1623     2.0102     0.0135      0.054      6.643      9.634       1243 1.5660e+01  1000.0179 0.0000e+00
      6.782     4.2867    10.4724     80.465  18.219093     31.123      7.753   499.4388     4.1280     2.0678     0.0136      0.051      6.652      9.649       1244 1.5638e+01  1000.0180 0.0000e+00
      6.796     4.2859    10.4705     80.448  18.234124     31.123      7.751   501.8238     4.1509     2.0534     0.0136      0.048      6.664      9.666       1245 1.5666e+01  1000.0181 0.0000e+00
      6.809     4.2843    10.4724     80.459  18.232283     31.123      7.751   504.3224     4.1700     1.8948     0.0136      0.045      6.677      9.684       1246 1.5625e+01  1000.0182 0.0000e+00
      6.823     4.2826    10.4705     80.440  18.280604     31.218      7.750   505.5338     4.1509     1.9525     0.0136      0.045      6.691      9.704       1247 1.5607e+01  1000.0183 0.0000e+00
      6.837     4.2800    10.4646     80.390  18.233210     31.125      7.749   508.1838     4.1547     2.0967     0.0136      0.046      6.705      9.724       1248 1.5570e+01  1000.0183 0.0000e+00
      6.851     4.2770    10.4730     80.451  18.232045     31.127      7.750   509.6224     4.1585     1.9236     0.0136      0.048      6.720      9.745       1249 1.5610e+01  1000.0184 0.0000e+00
      6.867     4.2735    10.4665     80.400  18.282053     31.225      7.749   511.4395     4.1433     1.9813     0.0136      0.051      6.735      9.767       1250 1.5786e+01  1000.0185 0.0000e+00
      6.883     4.2710    10.4752     80.466  18.230195     31.133      7.750   513.5595     4.2692     1.9813     0.0136      0.054      6.749      9.789       1251 1.5802e+01  1000.0186 0.0000e+00
      6.897     4.2700    10.4710     80.432  18.237362     31.137      7.751   515.4145     4.2959     1.8660     0.0136      0.056      6.763      9.809       1252 1.5737e+01  1000.0186 0.0000e+00
      6.911     4.2689    10.4676     80.404  18.273135     31.235      7.752   517.7238     4.2959     1.9813     0.0136      0.057      6.777      9.829       1253 1.5755e+01  1000.0188 0.0000e+00
      6.924     4.2675    10.4672     80.399  18.244897     31.140      7.747   518.5567     4.2844     2.0102     0.0136      0.057      6.790      9.849       1254 1.5740e+01  1000.0188 0.0000e+00
      6.938     4.2664    10.4733     80.444  18.272504     31.237      7.746   521.3960     4.2501     1.9381     0.0136      0.057      6.804      9.869       1255 1.5678e+01  1000.0189 0.0000e+00
      6.953     4.2649    10.4657     80.383  18.238778     31.143      7.742   522.7210     4.2730     1.9813     0.0136      0.057      6.818      9.890       1256 1.5620e+01  1000.0189 0.0000e+00
      6.968     4.2627    10.4684     80.403  18.227649     31.144      7.742   523.0617     4.2768     1.9236     0.0136      0.056      6.832      9.910       1257 1.5622e+01  1000.0190 0.0000e+00
      6.981     4.2606    10.4690     80.405  18.286355     31.241      7.738   524.1974     4.2844     1.9813     0.0136      0.056      6.846      9.929       1258 1.5662e+01  1000.0191 0.0000e+00
      6.994     4.2591    10.4652     80.373  18.284159     31.243      7.734   526.8853     4.2768     1.9381     0.0136      0.055      6.859      9.948       1259 1.5671e+01  1000.0192 0.0000e+00
      7.007     4.2584    10.4646     80.367  18.289602     31.246      7.733   528.0589     4.5476     1.9236     0.0136      0.055      6.872      9.967       1260 1.5647e+01  1000.0193 0.0000e+00
      7.021     4.2578    10.4588     80.320  18.279582     31.247      7.731   529.3839     4.5629     2.1399     0.0136      0.054      6.885      9.987       1261 1.5619e+01  1000.0193 0.0000e+00
      7.036     4.2572    10.4597     80.327  18.237410     31.153      7.730   529.7246     4.5553     2.0823     0.0136      0.054      6.900     10.008       1262 1.5619e+01  1000.0194 0.0000e+00
      7.053     4.2562    10.4595     80.326  18.282865     31.249      7.729   532.3367     4.5629     2.0823     0.0136      0.055      6.916     10.031       1263 1.5609e+01  1000.0195 0.0000e+00
      7.068     4.2550    10.4582     80.315  18.282233     31.249      7.729   534.6460     4.4027     1.8948     0.0136      0.056      6.932     10.054       1264 1.5582e+01  1000.0196 0.0000e+00
      7.084     4.2541    10.4580     80.314  18.238198     31.155      7.729   537.3339     4.4332     2.0102     0.0136      0.057      6.949     10.078       1265 1.5560e+01  1000.0196 0.0000e+00
      7.106     4.2534    10.4669     80.380  18.278447     31.252      7.724   538.0532     4.3989     2.0102     0.0136      0.060      6.969     10.108       1266 1.5548e+01  1000.0198 0.0000e+00
      7.131     4.2526    10.4655     80.367  18.291363     31.253      7.720   542.0282     4.4256     1.9813     0.0136      0.066      6.992     10.142       1267 1.5541e+01  1000.0199 0.0000e+00
      7.154     4.2516    10.4631     80.345  18.281344     31.253      7.719   543.1639     4.4065     2.1832     0.0136      0.071      7.014     10.173       1268 1.5498e+01  1000.0200 0.0000e+00
      7.172     4.2504    10.4613     80.324  18.231696     31.159      7.711   546.0032     4.4103     2.2265     0.0136      0.076      7.034     10.202       1269 1.5480e+01  1000.0201 0.0000e+00
      7.192     4.2494    10.4593     80.303  18.234710     31.160      7.706   549.5239     4.3950     2.1976     0.0136      0.079      7.054     10.230       1270 1.5480e+01  1000.0202 0.0000e+00
      7.213     4.2488    10.4562     80.278  18.277594     31.257      7.708   549.5996     4.4103     2.2697     0.0136      0.081      7.074     10.259       1271 1.5437e+01  1000.0203 0.0000e+00
      7.233     4.2487    10.4489     80.225  18.237549     31.162      7.704   551.7954     4.5400     1.9669     0.0136      0.082      7.093     10.288       1272 1.5435e+01  1000.0204 0.0000e+00
      7.253     4.2488    10.4523     80.252  18.225327     31.163      7.700   554.6346     4.5514     1.9813     0.0136      0.082      7.113     10.316       1273 1.5414e+01  1000.0205 0.0000e+00
      7.273     4.2486    10.4522     80.250  18.292803     31.258      7.702   557.8147     4.5896     1.9525     0.0136      0.081      7.134     10.346       1274 1.5412e+01  1000.0206 0.0000e+00
      7.296     4.2483    10.4544     80.265  18.331234     31.354      7.698   559.4425     4.5629     2.0823     0.0137      0.080      7.156     10.379       1275 1.5503e+01  1000.0208 0.0000e+00
      7.322     4.2477    10.4472     80.207  18.295939     31.258      7.697   562.9632     4.3226     1.8948     0.0136      0.081      7.179     10.412       1276 1.5487e+01  1000.0209 0.0000e+00
      7.342     4.2465    10.4504     80.228  18.218288     31.163      7.696   564.4775     4.3340     1.9381     0.0136      0.083      7.199     10.441       1277 1.5453e+01  1000.0209 0.0000e+00
      7.360     4.2446    10.4514     80.232  18.250211     31.164      7.692   566.9761     4.3607     1.8948     0.0136      0.083      7.218     10.469       1278 1.5454e+01  1000.0210 0.0000e+00
      7.380     4.2413    10.4561     80.261  18.345041     31.404      7.689   568.9068     4.3493     1.9813     0.0137      0.083      7.238     10.498       1279 1.5445e+01  1000.0212 0.0000e+00
      7.403     4.2385    10.4541     80.237  18.307543     31.263      7.686   570.2697     4.3226     2.0102     0.0136      0.084      7.259     10.528       1280 1.5450e+01  1000.0213 0.0000e+00
      7.423     4.2382    10.4449     80.161  18.267268     31.266      7.686   573.5633     4.6048     2.1976     0.0136      0.083      7.279     10.557       1281 1.5340e+01  1000.0214 0.0000e+00
      7.442     4.2393    10.4471     80.174  18.247115     31.174      7.685   574.5854     4.6277     2.2986     0.0136      0.082      7.299     10.586       1282 1.5346e+01  1000.0214 0.0000e+00
      7.466     4.2399    10.4504     80.199  18.273405     31.270      7.685   579.8097     4.6392     2.2553     0.0136      0.081      7.321     10.618       1283 1.5498e+01  1000.0216 0.0000e+00
      7.488     4.2393    10.4516     80.208  18.293770     31.268      7.683   580.2640     4.6392     2.3851     0.0136      0.081      7.342     10.650       1284 1.5496e+01  1000.0217 0.0000e+00
      7.508     4.2382    10.4536     80.224  18.280989     31.268      7.683   585.7912     4.5553     1.9525     0.0136      0.082      7.362     10.678       1285 1.5520e+01  1000.0218 0.0000e+00
      7.526     4.2369    10.4538     80.225  18.230091     31.173      7.681   586.0183     4.5400     2.0246     0.0136      0.083      7.381     10.705       1286 1.5539e+01  1000.0219 0.0000e+00
