Data/DataAlreadyUploadedToEDI/CollatedDataForEDI/CTDData/CTD_2019 (not collated)/020819_fcr50.cnv
* Sea-Bird SBE19plus  Data File:
* FileName = C:\DATA\020819_fcr50_0001.hex
* Software version 2.6.3.104
* Temperature SN = 7809
* Conductivity SN = 7809
* System UpLoad Time = Feb 14 2019 11:43:58
* <ApplicationData>
* <Seaterm232>
# nquan = 18
# nvalues = 1402                        
# units = specified
# name 0 = depFM: Depth [fresh water, m]
# name 1 = tv290C: Temperature [ITS-90, deg C]
# name 2 = sbeox0Mg/L: Oxygen, SBE 43 [mg/l]
# name 3 = sbeox0PS: Oxygen, SBE 43 [% saturation]
# name 4 = c0uS/cm: Conductivity [uS/cm]
# name 5 = specc: Specific Conductance [uS/cm]
# name 6 = ph: pH
# name 7 = orp: Oxidation Reduction Potential [mV]
# name 8 = flECO-AFL: Fluorescence, WET Labs ECO-AFL/FL [mg/m^3]
# name 9 = turbWETntu0: Turbidity, WET Labs ECO [NTU]
# name 10 = sal00: Salinity, Practical [PSU]
# name 11 = dz/dtM: Descent Rate [m/s]
# name 12 = prdM: Pressure, Strain Gauge [db]
# name 13 = prdE: Pressure, Strain Gauge [psi]
# name 14 = scan: Scan Count
# name 15 = par/sat/log: PAR/Logarithmic, Satlantic
# name 16 = density00: Density [density, kg/m^3]
# name 17 = flag:  0.000e+00
# span 0 =     -0.563,      9.768       
# span 1 =     4.1750,    11.8730       
# span 2 =     5.1859,    17.7097       
# span 3 =     47.951,    163.073       
# span 4 =   0.097248,  31.218805       
# span 5 =      1.233,     47.727       
# span 6 =      5.504,      8.113       
# span 7 =  -477.8840,   877.7084       
# span 8 =    -0.4688,     6.0697       
# span 9 =    -7.3339,   300.5860       
# span 10 =     0.0022,     0.0232      
# span 11 =     -0.170,      0.178      
# span 12 =     -0.552,      9.579      
# span 13 =     -0.800,     13.893      
# span 14 =          1,       1402      
# span 15 = -9.164e+02, 1.0592e+04      
# span 16 =   999.5183,  1000.0338      
# span 17 = 0.0000e+00, 0.0000e+00      
# interval = seconds: 0.25
# start_time = Feb 08 2019 17:24:06 [Instrument's time stamp, header]
# bad_flag = -9.990e-29
*END*
[from data line 965]
      2.332     4.6326    10.4490     80.934  18.295788     30.826      8.059    12.0267     2.3961     2.0246     0.0137      0.057      2.287      3.317        966 1.6648e+01   999.9936 0.0000e+00
      2.345     4.6348    10.4519     80.949  18.333872     30.937      8.060    18.9924     2.4190     2.0102     0.0137      0.055      2.300      3.336        967 1.6676e+01   999.9938 0.0000e+00
      2.359     4.6346    10.4566     80.981  18.286899     30.854      8.061    19.8631     2.3885     1.8948     0.0137      0.054      2.314      3.356        968 1.6669e+01   999.9940 0.0000e+00
      2.373     4.6280    10.4565     80.978  18.235807     30.757      8.064    30.9931     2.7700     1.9381     0.0136      0.054      2.328      3.376        969 1.6619e+01   999.9940 0.0000e+00
      2.388     4.6224    10.4534     80.951  18.279017     30.851      8.057    28.1538     2.7967     1.8660     0.0137      0.054      2.343      3.397        970 1.6602e+01   999.9941 0.0000e+00
      2.405     4.6184    10.4554     80.967  18.292346     30.858      8.057    24.4060     2.7623     1.9813     0.0137      0.055      2.358      3.420        971 1.6610e+01   999.9943 0.0000e+00
      2.420     4.6097    10.4537     80.953  18.278439     30.864      8.053    16.7210     2.7623     1.9381     0.0137      0.056      2.373      3.442        972 1.6565e+01   999.9944 0.0000e+00
      2.434     4.5983    10.4501     80.926  18.296326     30.868      8.054    17.0617     2.8768     2.2986     0.0137      0.057      2.387      3.462        973 1.6558e+01   999.9945 0.0000e+00
      2.448     4.5884    10.4493     80.920  18.270087     30.877      8.052    20.9610     2.9187     2.2409     0.0137      0.058      2.401      3.482        974 1.6524e+01   999.9947 0.0000e+00
      2.462     4.5807    10.4526     80.943  18.251875     30.795      8.053    19.7874     2.8806     2.1688     0.0136      0.058      2.415      3.503        975 1.6549e+01   999.9948 0.0000e+00
      2.478     4.5758    10.4592     80.992  18.318995     30.994      8.049    22.5888     2.8615     2.1688     0.0137      0.058      2.430      3.525        976 1.6671e+01   999.9950 0.0000e+00
      2.495     4.5727    10.4595     80.995  18.245778     30.813      8.049    20.6203     3.1324     1.9669     0.0136      0.059      2.446      3.548        977 1.6675e+01   999.9952 0.0000e+00
      2.510     4.5706    10.4604     81.003  18.224554     30.818      8.045    20.0903     3.1438     2.0102     0.0136      0.059      2.461      3.570        978 1.6653e+01   999.9953 0.0000e+00
      2.526     4.5691    10.4665     81.052  18.226972     30.821      8.045    28.8731     3.1743     2.0967     0.0136      0.059      2.477      3.593        979 1.6672e+01   999.9954 0.0000e+00
      2.543     4.5681    10.4643     81.038  18.242771     30.824      8.046    30.5010     3.1400     2.0534     0.0136      0.061      2.494      3.617        980 1.6656e+01   999.9955 0.0000e+00
      2.560     4.5677    10.4638     81.042  18.352942     31.061      8.040    34.3246     3.1171     2.1111     0.0137      0.062      2.510      3.641        981 1.6561e+01   999.9957 0.0000e+00
      2.575     4.5678    10.4586     81.008  18.297134     30.921      8.039    24.9738     3.3269     2.0534     0.0137      0.063      2.525      3.663        982 1.6499e+01   999.9957 0.0000e+00
      2.590     4.5681    10.4579     81.004  18.282613     30.921      8.039    24.7088     3.3269     1.9092     0.0137      0.063      2.540      3.684        983 1.6584e+01   999.9958 0.0000e+00
      2.606     4.5679    10.4529     80.964  18.341404     31.015      8.038    30.7281     3.3155     1.9381     0.0137      0.063      2.555      3.706        984 1.6730e+01   999.9959 0.0000e+00
      2.619     4.5672    10.4554     80.982  18.283190     30.920      8.032    28.0781     3.3231     1.9957     0.0137      0.062      2.569      3.726        985 1.6765e+01   999.9959 0.0000e+00
      2.633     4.5662    10.4537     80.963  18.236620     30.826      8.033    30.4253     3.2125     2.0246     0.0136      0.061      2.583      3.747        986 1.6774e+01   999.9959 0.0000e+00
      2.650     4.5662    10.4516     80.941  18.280920     30.922      8.032    33.9839     3.1934     1.9381     0.0137      0.060      2.599      3.769        987 1.6770e+01   999.9961 0.0000e+00
      2.665     4.5668    10.4545     80.954  18.287278     30.923      8.029    36.3310     3.1896     1.9525     0.0137      0.059      2.614      3.791        988 1.6758e+01   999.9961 0.0000e+00
      2.680     4.5673    10.4598     80.985  18.287926     30.923      8.036    33.5674     3.1629     1.9813     0.0137      0.059      2.629      3.812        989 1.6715e+01   999.9962 0.0000e+00
      2.695     4.5693    10.4658     81.028  18.280113     30.922      8.030    31.8260     3.7961     2.2697     0.0137      0.059      2.644      3.834        990 1.6690e+01   999.9963 0.0000e+00
      2.712     4.5728    10.4638     81.011  18.297002     30.921      8.031    35.3089     3.7809     2.1976     0.0137      0.059      2.661      3.859        991 1.6676e+01   999.9964 0.0000e+00
      2.732     4.5756    10.4646     81.016  18.326130     31.014      8.031    35.3846     3.8228     2.2120     0.0137      0.061      2.679      3.886        992 1.6678e+01   999.9965 0.0000e+00
      2.753     4.5762    10.4619     80.994  18.303084     30.916      8.035    39.0946     3.8190     2.1832     0.0137      0.064      2.698      3.914        993 1.6695e+01   999.9965 0.0000e+00
      2.770     4.5759    10.4646     81.007  18.266462     30.913      8.035    39.5867     3.7275     1.9813     0.0137      0.067      2.716      3.939        994 1.6682e+01   999.9966 0.0000e+00
      2.786     4.5752    10.4561     80.931  18.253266     30.818      8.029    39.5489     3.7542     1.9525     0.0136      0.068      2.732      3.963        995 1.6678e+01   999.9966 0.0000e+00
      2.802     4.5728    10.4571     80.929  18.260287     30.912      8.028    37.6560     3.7351     1.8804     0.0137      0.069      2.749      3.987        996 1.6677e+01   999.9967 0.0000e+00
      2.822     4.5696    10.4530     80.895  18.198505     30.724      8.032    40.4953     3.7465     1.9525     0.0136      0.070      2.767      4.014        997 1.6726e+01   999.9968 0.0000e+00
      2.842     4.5652    10.4552     80.896  18.211714     30.821      8.036    38.4510     4.0441     2.2697     0.0136      0.071      2.786      4.041        998 1.6675e+01   999.9969 0.0000e+00
      2.858     4.5606    10.4670     80.953  18.243850     30.824      8.032    40.2303     4.0746     2.2986     0.0136      0.071      2.802      4.064        999 1.6678e+01   999.9970 0.0000e+00
      2.872     4.5587    10.4679     80.931  18.276951     30.924      8.032    46.2875     4.0364     2.3130     0.0137      0.069      2.817      4.086       1000 1.6657e+01   999.9972 0.0000e+00
      2.889     4.5580    10.4699     80.930  18.288959     30.929      8.032    47.4989     4.0632     2.2986     0.0137      0.068      2.834      4.110       1001 1.6484e+01   999.9973 0.0000e+00
      2.907     4.5579    10.4674     80.897  18.288127     30.930      8.039    52.4961     4.0517     2.1688     0.0137      0.068      2.851      4.135       1002 1.6498e+01   999.9974 0.0000e+00
      2.925     4.5571    10.4744     80.940  18.277986     30.931      8.037    53.5939     4.3035     1.9525     0.0137      0.068      2.867      4.159       1003 1.6537e+01   999.9975 0.0000e+00
      2.939     4.5535    10.4728     80.920  18.242359     30.837      8.036    53.6318     4.3035     2.0102     0.0136      0.067      2.881      4.179       1004 1.6528e+01   999.9975 0.0000e+00
      2.950     4.5481    10.4794     80.965  18.273246     30.932      8.036    49.2403     4.3035     1.9813     0.0137      0.064      2.893      4.197       1005 1.6564e+01   999.9976 0.0000e+00
      2.964     4.5439    10.4751     80.926  18.239549     30.842      8.038    49.8839     4.2730     1.9813     0.0136      0.061      2.906      4.215       1006 1.6522e+01   999.9977 0.0000e+00
      2.975     4.5426    10.4759     80.928  18.284295     30.941      8.037    52.0796     4.2348     1.9813     0.0137      0.059      2.918      4.233       1007 1.6516e+01   999.9978 0.0000e+00
      2.989     4.5350    10.4792     80.968  18.365611     31.088      8.035    52.7232     4.2234     2.0102     0.0137      0.056      2.931      4.251       1008 1.6516e+01   999.9980 0.0000e+00
      3.002     4.5192    10.4788     80.982  18.286403     30.947      8.034    46.2496     4.2043     2.0246     0.0137      0.054      2.943      4.269       1009 1.6470e+01   999.9980 0.0000e+00
      3.013     4.5054    10.4775     80.979  18.175600     30.766      8.030    48.7482     4.2043     1.9236     0.0136      0.051      2.956      4.287       1010 1.6471e+01   999.9980 0.0000e+00
      3.027     4.4972    10.4807     81.001  18.177798     30.783      8.031    46.0225     4.1623     1.9957     0.0136      0.050      2.970      4.308       1011 1.6493e+01   999.9982 0.0000e+00
      3.046     4.4908    10.4823     81.012  18.224451     30.892      8.028    49.3160     4.1814     2.0246     0.0136      0.051      2.987      4.333       1012 1.6487e+01   999.9985 0.0000e+00
      3.066     4.4856    10.4808     80.999  18.235984     30.900      8.024    51.7011     4.1814     2.0102     0.0136      0.055      3.006      4.359       1013 1.6481e+01   999.9987 0.0000e+00
      3.084     4.4822    10.4847     81.024  18.281890     31.002      8.020    57.6068     4.1700     1.8948     0.0137      0.058      3.024      4.386       1014 1.6497e+01   999.9988 0.0000e+00
      3.102     4.4795    10.4863     81.032  18.226544     30.913      8.017    59.7647     4.2844     2.2409     0.0136      0.062      3.041      4.411       1015 1.6490e+01   999.9989 0.0000e+00
      3.117     4.4761    10.4822     81.000  18.186423     30.821      8.013    59.9539     4.3035     2.1399     0.0136      0.065      3.057      4.434       1016 1.6478e+01   999.9990 0.0000e+00
      3.132     4.4751    10.4804     80.985  18.272601     31.014      8.009    60.4082     4.2920     2.1832     0.0137      0.067      3.072      4.455       1017 1.6473e+01   999.9991 0.0000e+00
      3.149     4.4813    10.4769     80.959  18.237735     30.922      8.008    66.8818     4.2959     2.1976     0.0136      0.068      3.088      4.479       1018 1.6462e+01   999.9992 0.0000e+00
      3.167     4.4895    10.4766     80.960  18.170594     30.829      8.004    71.9168     4.4141     2.2409     0.0136      0.068      3.105      4.504       1019 1.6497e+01   999.9993 0.0000e+00
      3.183     4.4926    10.4684     80.900  18.237720     30.917      7.999    75.6647     4.4103     2.3274     0.0136      0.066      3.121      4.527       1020 1.6517e+01   999.9993 0.0000e+00
      3.199     4.4917    10.4676     80.893  18.272636     31.003      7.995    77.4818     4.4103     2.2697     0.0137      0.065      3.137      4.550       1021 1.6509e+01   999.9994 0.0000e+00
      3.216     4.4910    10.4683     80.892  18.245578     30.905      7.988    79.5261     4.3760     2.1976     0.0136      0.064      3.152      4.573       1022 1.6538e+01   999.9994 0.0000e+00
      3.230     4.4901    10.4668     80.874  18.271393     31.001      7.990    82.5926     4.3836     2.1688     0.0137      0.064      3.167      4.594       1023 1.6525e+01   999.9995 0.0000e+00
      3.243     4.4873    10.4707     80.900  18.240509     30.907      7.986    86.4162     4.2920     2.0534     0.0136      0.063      3.181      4.614       1024 1.6535e+01   999.9996 0.0000e+00
      3.258     4.4855    10.4678     80.874  18.224792     30.908      7.983    92.2462     4.3035     1.9813     0.0136      0.062      3.196      4.634       1025 1.6510e+01   999.9996 0.0000e+00
      3.275     4.4852    10.4670     80.866  18.290953     31.005      7.980    99.5148     4.3035     1.9525     0.0137      0.061      3.212      4.658       1026 1.6377e+01   999.9998 0.0000e+00
      3.292     4.4851    10.4645     80.845  18.276613     31.007      7.975   104.2091     4.2844     1.9381     0.0137      0.060      3.227      4.681       1027 1.6356e+01   999.9999 0.0000e+00
      3.306     4.4856    10.4689     80.878  18.242640     30.913      7.973   104.0198     4.3569     1.9381     0.0136      0.060      3.241      4.702       1028 1.6407e+01   999.9999 0.0000e+00
      3.320     4.4868    10.4687     80.876  18.274013     31.008      7.971   105.9126     4.3416     2.1255     0.0137      0.059      3.256      4.723       1029 1.6358e+01  1000.0000 0.0000e+00
      3.336     4.4887    10.4687     80.876  18.237569     30.912      7.968   110.0391     4.3416     1.9813     0.0136      0.060      3.271      4.745       1030 1.6354e+01  1000.0001 0.0000e+00
      3.352     4.4882    10.4715     80.890  18.228775     30.911      7.969   114.9227     4.3607     2.0102     0.0136      0.060      3.286      4.767       1031 1.6446e+01  1000.0001 0.0000e+00
      3.366     4.4854    10.4707     80.873  18.284957     31.004      7.966   118.4434     4.2959     1.9669     0.0137      0.060      3.301      4.788       1032 1.6476e+01  1000.0002 0.0000e+00
      3.382     4.4824    10.4715     80.874  18.286089     31.005      7.966   122.1155     4.3226     2.0534     0.0137      0.060      3.316      4.810       1033 1.6383e+01  1000.0003 0.0000e+00
      3.397     4.4800    10.4715     80.873  18.286585     31.007      7.965   121.9263     4.2844     2.0534     0.0137      0.060      3.332      4.833       1034 1.6218e+01  1000.0004 0.0000e+00
      3.415     4.4786    10.4653     80.820  18.284341     31.010      7.964   121.3584     4.2882     1.9813     0.0137      0.060      3.350      4.859       1035 1.6165e+01  1000.0005 0.0000e+00
      3.438     4.4779    10.4667     80.828  18.229663     30.918      7.964   118.4812     4.3340     1.9381     0.0136      0.063      3.371      4.889       1036 1.6202e+01  1000.0006 0.0000e+00
      3.458     4.4772    10.4581     80.759  18.176973     30.825      7.968   116.8534     4.3683     2.1111     0.0136      0.066      3.392      4.919       1037 1.6190e+01  1000.0007 0.0000e+00
      3.480     4.4763    10.4598     80.768  18.231474     30.920      7.974   117.2698     4.3607     1.9525     0.0136      0.070      3.412      4.949       1038 1.6158e+01  1000.0008 0.0000e+00
      3.500     4.4764    10.4491     80.680  18.280276     31.016      7.964   116.5884     4.3378     2.0102     0.0137      0.074      3.431      4.977       1039 1.6213e+01  1000.0009 0.0000e+00
      3.516     4.4760    10.4513     80.694  18.234680     30.922      7.969   116.3991     4.3569     1.8948     0.0136      0.076      3.448      5.002       1040 1.6216e+01  1000.0010 0.0000e+00
      3.533     4.4724    10.4478     80.666  18.229000     30.922      7.972   116.0962     4.2272     2.0102     0.0136      0.077      3.467      5.028       1041 1.6215e+01  1000.0011 0.0000e+00
      3.554     4.4672    10.4518     80.695  18.228125     30.922      7.971   116.8912     4.2539     1.9813     0.0136      0.077      3.489      5.059       1042 1.6239e+01  1000.0012 0.0000e+00
      3.583     4.4652    10.4497     80.677  18.235769     30.926      7.973   117.2698     4.2386     2.0390     0.0136      0.079      3.515      5.097       1043 1.6185e+01  1000.0014 0.0000e+00
      3.613     4.4643    10.4532     80.700  18.278707     31.026      7.978   120.9041     4.2386     1.9092     0.0137      0.082      3.543      5.137       1044 1.6162e+01  1000.0016 0.0000e+00
      3.641     4.4620    10.4566     80.723  18.233909     30.934      7.976   123.5920     4.0899     2.0678     0.0136      0.087      3.569      5.176       1045 1.6153e+01  1000.0017 0.0000e+00
