Data/DataAlreadyUploadedToEDI/CollatedDataForEDI/CTDData/CTD_2019 (not collated)/020819_fcr50.cnv
* Sea-Bird SBE19plus  Data File:
* FileName = C:\DATA\020819_fcr50_0001.hex
* Software version 2.6.3.104
* Temperature SN = 7809
* Conductivity SN = 7809
* System UpLoad Time = Feb 14 2019 11:43:58
* <ApplicationData>
* <Seaterm232>
# nquan = 18
# nvalues = 1402                        
# units = specified
# name 0 = depFM: Depth [fresh water, m]
# name 1 = tv290C: Temperature [ITS-90, deg C]
# name 2 = sbeox0Mg/L: Oxygen, SBE 43 [mg/l]
# name 3 = sbeox0PS: Oxygen, SBE 43 [% saturation]
# name 4 = c0uS/cm: Conductivity [uS/cm]
# name 5 = specc: Specific Conductance [uS/cm]
# name 6 = ph: pH
# name 7 = orp: Oxidation Reduction Potential [mV]
# name 8 = flECO-AFL: Fluorescence, WET Labs ECO-AFL/FL [mg/m^3]
# name 9 = turbWETntu0: Turbidity, WET Labs ECO [NTU]
# name 10 = sal00: Salinity, Practical [PSU]
# name 11 = dz/dtM: Descent Rate [m/s]
# name 12 = prdM: Pressure, Strain Gauge [db]
# name 13 = prdE: Pressure, Strain Gauge [psi]
# name 14 = scan: Scan Count
# name 15 = par/sat/log: PAR/Logarithmic, Satlantic
# name 16 = density00: Density [density, kg/m^3]
# name 17 = flag:  0.000e+00
# span 0 =     -0.563,      9.768       
# span 1 =     4.1750,    11.8730       
# span 2 =     5.1859,    17.7097       
# span 3 =     47.951,    163.073       
# span 4 =   0.097248,  31.218805       
# span 5 =      1.233,     47.727       
# span 6 =      5.504,      8.113       
# span 7 =  -477.8840,   877.7084       
# span 8 =    -0.4688,     6.0697       
# span 9 =    -7.3339,   300.5860       
# span 10 =     0.0022,     0.0232      
# span 11 =     -0.170,      0.178      
# span 12 =     -0.552,      9.579      
# span 13 =     -0.800,     13.893      
# span 14 =          1,       1402      
# span 15 = -9.164e+02, 1.0592e+04      
# span 16 =   999.5183,  1000.0338      
# span 17 = 0.0000e+00, 0.0000e+00      
# interval = seconds: 0.25
# start_time = Feb 08 2019 17:24:06 [Instrument's time stamp, header]
# bad_flag = -9.990e-29
*END*
     -0.561    11.7141     7.4774     69.027   4.467623      6.064      8.050   -89.0901    -0.1483     0.2221     0.0075      0.000     -0.551     -0.799          1 3.6262e+01   999.5372 0.0000e+00
     -0.561    11.7247     7.3585     67.918   4.539913      6.214      8.052   -87.7272    -0.1483     0.1644     0.0076      0.000     -0.551     -0.799          2 -5.796e+01   999.5361 0.0000e+00
     -0.562    11.7350     7.0733     65.271   4.526958      6.136      8.052   -86.5158    -0.1331     0.1788     0.0076     -0.000     -0.551     -0.799          3 9.6828e+01   999.5348 0.0000e+00
     -0.561    11.7423     7.0995     65.508   4.483744      6.134      8.052   -84.6229    -0.1331     0.1644     0.0076     -0.000     -0.551     -0.799          4 -1.529e+02   999.5336 0.0000e+00
     -0.561    11.7495     7.0259     64.829   4.475337      6.057      8.054   -84.6986    -0.1407     0.1933     0.0076     -0.000     -0.551     -0.799          5 2.9554e+02   999.5324 0.0000e+00
     -0.562    11.7568     6.9318     63.964   4.478243      6.131      8.052   -84.5472    -0.1407     0.1067     0.0076     -0.000     -0.551     -0.799          6 -2.490e+01   999.5317 0.0000e+00
     -0.562    11.7634     6.6120     61.021   4.480126      6.054      8.053   -82.6922    -0.1445     0.1067     0.0076     -0.000     -0.551     -0.799          7 6.7187e+02   999.5308 0.0000e+00
     -0.562    11.7684     6.7104     61.940   4.532170      6.205      8.052   -80.9508    -0.1026     0.1500     0.0076     -0.000     -0.551     -0.799          8 -9.164e+02   999.5301 0.0000e+00
     -0.562    11.7713     6.7053     61.903   4.472653      6.052      8.053   -85.8722    -0.1216     0.3086     0.0076     -0.000     -0.551     -0.799          9 1.5696e+03   999.5293 0.0000e+00
     -0.561    11.7733     6.4807     59.831   4.435839      6.051      8.053   -88.1058    -0.1598     0.4384     0.0076      0.000     -0.551     -0.799         10 8.1562e+03   999.5286 0.0000e+00
     -0.562    11.7733     6.7513     62.307   4.518807      6.126      8.053   -91.7401    -0.1407     0.4384     0.0076      0.000     -0.551     -0.799         11 2.1963e+03   999.5284 0.0000e+00
     -0.562    11.7658     7.0853     65.342   4.310223      5.899      8.052  -477.8840    -0.1178     0.4961     0.0075     -0.000     -0.551     -0.800         12 -7.843e+02   999.5281 0.0000e+00
     -0.562    11.7562     7.1618     66.010   4.074061      5.482      8.052  -464.8990    -0.1331     0.1644     0.0074     -0.000     -0.551     -0.800         13 7.6358e+02   999.5280 0.0000e+00
     -0.562    11.7527     7.1439     65.842   4.428059      6.052      8.052  -462.2111    -0.1598     0.0347     0.0076     -0.000     -0.551     -0.800         14 -3.190e+01   999.5290 0.0000e+00
     -0.563    11.7532     7.0927     65.387   4.431856      6.053      8.049  -409.9303    -0.1598     0.1933     0.0076     -0.000     -0.552     -0.800         15 9.5210e+02   999.5301 0.0000e+00
     -0.563    11.7554     7.0450     64.964   4.335629      5.826      8.049  -327.4772    -0.1140     0.2221     0.0075     -0.001     -0.552     -0.800         16 1.9436e+03   999.5304 0.0000e+00
     -0.563    11.7609     7.0097     64.655   4.636582      6.395      8.053  -312.4857    -0.1331     0.1500     0.0077     -0.001     -0.552     -0.800         17 4.0336e+03   999.5305 0.0000e+00
     -0.562    11.7687     6.9538     64.153   4.619512      6.205      8.052  -351.8572    -0.1674     0.1212     0.0076     -0.001     -0.552     -0.800         18 7.6744e+03   999.5303 0.0000e+00
     -0.562    11.7760     6.8315     63.036   4.771115      6.545      8.052  -402.4345    -0.1445     0.1500     0.0077     -0.000     -0.552     -0.800         19 1.0051e+04   999.5297 0.0000e+00
     -0.563    11.7765     6.8298     63.034   4.891749      6.620      8.050  -389.1845    -0.1407     0.0779     0.0078     -0.000     -0.552     -0.800         20 9.9673e+03   999.5289 0.0000e+00
     -0.562    11.7606     6.9331     64.005   4.972399      6.770      8.050  -399.1410    -0.0492     0.4384     0.0078      0.000     -0.551     -0.799         21 1.0019e+04   999.5281 0.0000e+00
     -0.562    11.7298     7.0211     64.833   5.144178      6.997      8.050  -412.0503    -0.0301     0.3519     0.0079      0.000     -0.551     -0.799         22 9.9870e+03   999.5282 0.0000e+00
     -0.562    11.7049     7.0839     65.428   5.151404      7.000      8.053  -109.9494    -0.0110     0.3807     0.0079      0.000     -0.551     -0.799         23 1.0007e+04   999.5298 0.0000e+00
     -0.561    11.7027     7.1316     65.884   5.229713      7.120      8.051   -91.5129    -0.0034     0.3519     0.0079      0.001     -0.551     -0.799         24 9.9940e+03   999.5333 0.0000e+00
     -0.561    11.7134     7.1415     65.991   5.283444      7.201      8.053   -79.5122    -0.0263     0.3086     0.0079      0.001     -0.551     -0.799         25 1.0002e+04   999.5361 0.0000e+00
     -0.562    11.7252     7.2451     66.962   5.350846      7.277      8.051   -67.3221    -0.2056     0.1067     0.0080      0.000     -0.551     -0.799         26 9.9963e+03   999.5363 0.0000e+00
     -0.562    11.7360     7.6694     70.900   5.412142      7.389      8.052   -63.3093    -0.1827     0.1788     0.0080      0.000     -0.551     -0.799         27 1.0002e+04   999.5352 0.0000e+00
     -0.561    11.7456     5.1859     47.951   5.414292      7.349      8.055   -44.0778    -0.1903     0.1933     0.0080      0.000     -0.551     -0.799         28 9.9956e+03   999.5339 0.0000e+00
     -0.561    11.7530    17.7097    163.073   5.436940      7.423      8.049     6.5374    -0.2170     0.0347     0.0080      0.000     -0.551     -0.799         29 1.0004e+04   999.5327 0.0000e+00
     -0.561    11.7635    11.2661    100.293   5.531908      7.497      8.052    46.3253    -0.2208    -0.0519     0.0081      0.000     -0.551     -0.799         30 9.9915e+03   999.5317 0.0000e+00
     -0.561    11.7735    10.4646     89.863   5.680779      7.761      8.054    62.7175    -0.1903     0.0058     0.0082      0.000     -0.551     -0.799         31 1.0011e+04   999.5309 0.0000e+00
     -0.561    11.7871    11.0840     92.886   5.843477      7.910      8.055    63.0961    -0.1979    -0.0230     0.0082      0.000     -0.551     -0.799         32 9.9796e+03   999.5298 0.0000e+00
     -0.561    11.7931    11.5100     94.810   5.891651      8.059      8.052    52.2689    -0.1903    -0.1240     0.0083      0.000     -0.551     -0.799         33 1.0030e+04   999.5287 0.0000e+00
     -0.561    11.8096    11.3197     92.096   6.094279      8.209      8.053    19.9010    -0.1522    -0.0374     0.0083      0.000     -0.551     -0.799         34 9.9477e+03   999.5272 0.0000e+00
     -0.562    11.8089    10.6812     86.014   6.094355      8.396      8.050    18.8788    -0.1178    -0.0663     0.0084      0.000     -0.551     -0.799         35 1.0083e+04   999.5266 0.0000e+00
     -0.562    11.8362     9.8817     78.939   6.424195      8.545      8.054    15.6231    -0.1445    -0.1240     0.0085     -0.000     -0.551     -0.800         36 9.8626e+03   999.5249 0.0000e+00
     -0.562    11.8175     7.0184     55.728   6.068482      8.543      8.051    10.7017    -0.1331    -0.1240     0.0085     -0.000     -0.551     -0.800         37 1.0222e+04   999.5248 0.0000e+00
     -0.562    11.8730    11.7531     92.953   6.655397      8.540      8.053     2.2216    -0.1293     0.3663     0.0085     -0.000     -0.551     -0.799         38 9.6358e+03   999.5220 0.0000e+00
     -0.562    11.6026    11.6063     91.561   5.752973      8.614      8.050    -6.4477    -0.1407     0.3663     0.0085     -0.000     -0.548     -0.795         39 1.0592e+04   999.5237 0.0000e+00
     -0.556    10.2278    10.8417     85.418   7.487447      8.839      8.053    -9.7413    -0.1483     0.4528     0.0086      0.001     -0.530     -0.770         40 9.0321e+03   999.5183 0.0000e+00
     -0.502     8.6876    10.4912     82.582  13.908926     20.447      8.053   -14.4356    -0.1407     0.3807     0.0130      0.017     -0.490     -0.711         41 9.6655e+02   999.5514 0.0000e+00
     -0.445     7.6945    10.5530     83.009  21.441832     28.665      8.060   -19.0163     0.0081     2.2553     0.0158      0.043     -0.438     -0.636         42 -5.910e+02   999.6908 0.0000e+00
     -0.395     6.9928    10.5518     82.969  30.832486     47.727      8.065   -16.7827    -0.0148     2.2986     0.0232      0.075     -0.388     -0.563         43 3.8249e+02   999.8224 0.0000e+00
     -0.347     6.4974    10.5397     82.950  31.218805     46.414      8.070   -19.4706    -0.0224     2.1976     0.0221      0.108     -0.341     -0.496         44 -1.998e+02   999.8843 0.0000e+00
     -0.302     6.0921    10.5948     83.409  28.158070     44.979      8.072   -27.8370    -0.0263     2.1688     0.0211      0.139     -0.298     -0.433         45 1.5820e+02   999.9199 0.0000e+00
     -0.263     5.7741    10.5969     83.432  26.198600     40.900      8.072   -29.7677    -0.0263     2.3562     0.0191      0.164     -0.259     -0.375         46 -6.045e+01   999.9395 0.0000e+00
     -0.225     5.5395    10.5729     83.192  23.882048     38.831      8.074   -69.7071     0.8321    28.3839     0.0180      0.178     -0.224     -0.324         47 7.3922e+01   999.9534 0.0000e+00
     -0.196     5.3816    10.5636     83.064  23.428650     37.734      8.075   -36.2035     0.8206    28.4560     0.0173      0.178     -0.194     -0.281         48 -7.780e+00   999.9625 0.0000e+00
     -0.172     5.2855    10.5891     83.241  22.882961     37.707      8.080   -45.2892     0.8092    28.4272     0.0172      0.163     -0.168     -0.243         49 4.3487e+01   999.9688 0.0000e+00
     -0.143     5.2318    10.6152     83.474  23.169214     37.899      8.085   -45.8192     0.8321    28.3263     0.0172      0.147     -0.143     -0.208         50 1.3109e+01   999.9726 0.0000e+00
     -0.123     5.1995    10.6789     84.014  23.575955     39.129      8.086   -45.8571     0.8778     2.2409     0.0176      0.133     -0.123     -0.178         51 3.1943e+01   999.9750 0.0000e+00
     -0.110     5.1684    10.6857     84.089  24.657357     40.532      8.092   -45.8571     0.8893     2.2697     0.0182      0.116     -0.109     -0.158         52 2.0377e+01   999.9768 0.0000e+00
     -0.099     5.1591    10.6375     83.721  24.074401     40.303      8.100   -45.2135     0.8778     2.2409     0.0181      0.100     -0.096     -0.140         53 2.7395e+01   999.9772 0.0000e+00
     -0.083     5.1873    10.5869     83.319  24.212587     39.414      8.104   -44.6456     0.8664     2.1688     0.0177      0.086     -0.086     -0.125         54 2.2555e+01   999.9779 0.0000e+00
     -0.083     5.2053    10.5371     82.920  28.069691     47.163      8.113   -39.7621     0.8816     1.8371     0.0210      0.071     -0.086     -0.125         55 2.5621e+01   999.9803 0.0000e+00
     -0.099     5.2041    10.5021     82.653  27.923677     46.091      8.110   -38.3613     0.8702     1.7794     0.0206      0.052     -0.094     -0.136         56 2.3953e+01   999.9796 0.0000e+00
     -0.103     5.1842    10.4805     82.503  24.956923     41.266      8.106   -38.1721     0.8664     1.7218     0.0185      0.034     -0.100     -0.145         57 2.4575e+01   999.9775 0.0000e+00
     -0.103     5.1568    10.4741     82.461  23.823239     39.506      8.104   -37.6042     0.8893     1.8371     0.0177      0.017     -0.101     -0.146         58 2.3769e+01   999.9769 0.0000e+00
     -0.103     5.1475    10.4694     82.427  22.373952     36.994      8.079   -37.7935     0.8893     1.7794     0.0166      0.005     -0.101     -0.146         59 2.4194e+01   999.9764 0.0000e+00
     -0.103     5.1593    10.4719     82.439  21.429517     35.544      7.871   -35.1813     0.9045     1.7939     0.0160     -0.003     -0.101     -0.146         60 2.3853e+01   999.9764 0.0000e+00
     -0.102     5.1774    10.4764     82.465  21.267005     35.233      7.801   -29.0106     0.8664     1.7939     0.0159     -0.008     -0.100     -0.145         61 2.3526e+01   999.9765 0.0000e+00
     -0.101     5.1877    10.4693     82.407  21.243538     35.264      7.800   -28.9727     0.9045     1.7506     0.0159     -0.009     -0.099     -0.144         62 2.3602e+01   999.9762 0.0000e+00
     -0.100     5.1925    10.4566     82.314  21.103351     34.919      7.808   -32.0392     0.9427     1.7794     0.0158     -0.005     -0.098     -0.141         63 2.3858e+01   999.9759 0.0000e+00
     -0.097     5.1907    10.4257     82.084  21.115708     35.000      7.771   -33.3263     0.9618     1.8227     0.0158      0.002     -0.095     -0.138         64 2.3737e+01   999.9757 0.0000e+00
     -0.094     5.1877    10.4099     81.961  21.020859     34.809      7.751   -36.4685     0.9312     1.8371     0.0157      0.004     -0.093     -0.135         65 2.3790e+01   999.9756 0.0000e+00
     -0.093     5.1917    10.3940     81.826  20.925251     34.627      7.746   -39.9892     0.9236     1.7362     0.0156      0.005     -0.092     -0.133         66 2.3946e+01   999.9755 0.0000e+00
     -0.093     5.2006    10.3820     81.718  21.057010     34.908      7.721   -40.6706     0.9274     1.7362     0.0158      0.006     -0.092     -0.133         67 2.4046e+01   999.9757 0.0000e+00
     -0.093     5.2052    10.3608     81.540  21.212252     35.088      7.731   -40.7842     0.9351     1.7939     0.0158      0.006     -0.091     -0.131         68 2.3969e+01   999.9757 0.0000e+00
     -0.089     5.2061    10.3507     81.446  21.383558     35.447      7.742   -40.1785     0.9465     1.8660     0.0160      0.006     -0.088     -0.128         69 2.3795e+01   999.9756 0.0000e+00
     -0.087     5.2028    10.3368     81.317  21.406487     35.396      7.752   -40.7842     0.9503     1.7506     0.0160      0.006     -0.086     -0.125         70 2.3669e+01   999.9755 0.0000e+00
     -0.087     5.1980    10.3280     81.228  21.361401     35.394      7.775   -44.5321     0.9084     1.6785     0.0160      0.006     -0.085     -0.123         71 2.3534e+01   999.9755 0.0000e+00
     -0.086     5.1973    10.3175     81.136  21.143527     34.983      7.799   -44.8728     0.9389     1.7073     0.0158      0.005     -0.085     -0.123         72 2.3426e+01   999.9754 0.0000e+00
     -0.087     5.2009    10.3010     81.010  20.848439     34.526      7.816   -46.0842     0.9694     1.7073     0.0156      0.005     -0.085     -0.123         73 2.3354e+01   999.9754 0.0000e+00
     -0.086     5.2066    10.2997     81.012  20.662541     34.203      7.838   -46.7657     0.9389     1.8371     0.0155      0.004     -0.085     -0.123         74 2.3264e+01   999.9753 0.0000e+00
     -0.086     5.2078    10.3007     81.035  20.604925     34.107      7.852   -46.6899     0.9084     1.7218     0.0154      0.004     -0.085     -0.123         75 2.3065e+01   999.9752 0.0000e+00
     -0.086     5.2027    10.3099     81.122  20.712849     34.285      7.860   -47.2957     0.8702     1.7506     0.0155      0.003     -0.085     -0.123         76 2.3026e+01   999.9751 0.0000e+00
     -0.087     5.1965    10.3392     81.362  20.824365     34.469      7.850   -47.2957     0.8816     1.7650     0.0156      0.001     -0.085     -0.123         77 2.3175e+01   999.9752 0.0000e+00
     -0.086     5.1912    10.3774     81.668  20.851118     34.521      7.839   -46.9171     0.8855     1.7650     0.0156      0.000     -0.085     -0.123         78 2.3222e+01   999.9753 0.0000e+00
     -0.086     5.1842    10.4106     81.929  20.857234     34.528      7.807   -48.8857     0.8816     1.6641     0.0156      0.000     -0.084     -0.122         79 2.3190e+01   999.9754 0.0000e+00
     -0.086     5.1748    10.4426     82.180  20.905594     34.626      7.785   -48.8478     0.8855     1.7650     0.0156      0.000     -0.084     -0.122         80 2.3141e+01   999.9755 0.0000e+00
