Data/DataAlreadyUploadedToEDI/CollatedDataForEDI/CTDData/CTD_2019 (not collated)/060319_fcr50.cnv
* Sea-Bird SBE19plus  Data File:
* FileName = C:\DATA\060319_fcr50.hex
* Software version 2.8.0.119
* Temperature SN = 7809
* Conductivity SN = 7809
* System UpLoad Time = Jun 06 2019 12:09:01
* <ApplicationData>
* <Seaterm232>
# nquan = 18
# nvalues = 801                         
# units = specified
# name 0 = depFM: Depth [fresh water, m]
# name 1 = tv290C: Temperature [ITS-90, deg C]
# name 2 = sbeox0Mg/L: Oxygen, SBE 43 [mg/l]
# name 3 = sbeox0PS: Oxygen, SBE 43 [% saturation]
# name 4 = c0uS/cm: Conductivity [uS/cm]
# name 5 = specc: Specific Conductance [uS/cm]
# name 6 = ph: pH
# name 7 = orp: Oxidation Reduction Potential [mV]
# name 8 = flECO-AFL: Fluorescence, WET Labs ECO-AFL/FL [mg/m^3]
# name 9 = turbWETntu0: Turbidity, WET Labs ECO [NTU]
# name 10 = sal00: Salinity, Practical [PSU]
# name 11 = dz/dtM: Descent Rate [m/s]
# name 12 = prdM: Pressure, Strain Gauge [db]
# name 13 = prdE: Pressure, Strain Gauge [psi]
# name 14 = scan: Scan Count
# name 15 = par/sat/log: PAR/Logarithmic, Satlantic
# name 16 = density00: Density [density, kg/m^3]
# name 17 = flag:  0.000e+00
# span 0 =     -0.601,      9.645       
# span 1 =     8.6022,    23.7159       
# span 2 =    -0.1111,    13.2853       
# span 3 =     -0.958,    147.472       
# span 4 =   0.289417, 1.3269e+03       
# span 5 =      1.570,   1427.508       
# span 6 =      5.447,     12.979       
# span 7 = -1240.7455,  1240.2295       
# span 8 =    -0.6481,     6.8479       
# span 9 =    -4.3922,    51.5709       
# span 10 =     0.0103,     0.7149      
# span 11 =     -0.129,      0.136      
# span 12 =     -0.588,      9.458      
# span 13 =     -0.853,     13.718      
# span 14 =          1,        801      
# span 15 = 1.1855e-01, 1.7208e+03      
# span 16 =   997.3837,   999.9015      
# span 17 = 0.0000e+00, 0.0000e+00      
# interval = seconds: 0.25
# start_time = Jun 03 2019 08:17:10 [Instrument's time stamp, header]
# bad_flag = -9.990e-29
*END*
[from data line 403]
      1.836    22.6259    10.9108    125.310  31.220623     32.706      8.882   235.0816     1.5683     1.2892     0.0221      0.033      1.800      2.611        404 2.5925e+02   997.6343 0.0000e+00
      1.845    22.5564    10.9974    126.252  31.143019     32.677      8.886   235.0059     1.5797     1.3757     0.0221      0.033      1.809      2.623        405 2.6797e+02   997.6445 0.0000e+00
      1.853    22.4998    11.1008    127.357  31.162939     32.700      8.885   235.4223     1.5683     1.3036     0.0221      0.033      1.817      2.635        406 2.5496e+02   997.6529 0.0000e+00
      1.861    22.4644    11.2203    128.460  31.195853     32.808      8.885   231.7880     1.5492     1.2748     0.0221      0.033      1.825      2.647        407 2.5062e+02   997.6691 0.0000e+00
      1.869    22.3913    11.3816    130.023  31.102083     32.731      8.885   232.7344     1.5683     1.3036     0.0220      0.034      1.832      2.658        408 2.5215e+02   997.6823 0.0000e+00
      1.875    22.3172    11.5615    131.941  31.042642     32.693      8.886   233.2644     1.5607     1.3901     0.0220      0.033      1.839      2.668        409 2.5411e+02   997.6904 0.0000e+00
      1.883    22.2762    11.7348    133.893  31.032834     32.746      8.886   235.1573     1.5569     1.3324     0.0220      0.032      1.847      2.679        410 2.5488e+02   997.7074 0.0000e+00
      1.891    22.2328    11.9264    136.062  30.877304     32.620      8.889   235.0816     1.5759     1.3036     0.0219      0.031      1.854      2.690        411 2.5001e+02   997.7246 0.0000e+00
      1.899    22.2204    12.1430    138.415  30.821452     32.589      8.885   235.5359     1.5530     1.4189     0.0219      0.030      1.861      2.700        412 2.4540e+02   997.7340 0.0000e+00
      1.904    22.2380    12.3637    140.677  30.954230     32.766      8.881   232.3559     1.5721     1.2459     0.0220      0.029      1.868      2.710        413 2.4925e+02   997.7440 0.0000e+00
      1.913    22.2133    12.5757    142.550  30.978719     32.807      8.882   232.3937     1.5187     1.4045     0.0220      0.029      1.878      2.724        414 2.5294e+02   997.7469 0.0000e+00
      1.928    22.1888    12.7373    143.767  30.879860     32.672      8.881   233.9080     1.5073     1.3324     0.0219      0.031      1.892      2.744        415 2.4785e+02   997.7429 0.0000e+00
      1.947    22.1540    12.8476    144.607  30.662486     32.486      8.879   234.1730     1.5149     1.3036     0.0219      0.035      1.910      2.770        416 2.4656e+02   997.7486 0.0000e+00
      1.969    22.0473    12.9573    145.471  30.478959     32.264      8.880   234.4002     1.5035     1.3757     0.0218      0.043      1.929      2.797        417 2.4148e+02   997.7542 0.0000e+00
      1.984    21.9356    13.0612    146.242  30.367615     32.228      8.875   236.2173     1.5645     1.4045     0.0217      0.050      1.944      2.819        418 2.3539e+02   997.7622 0.0000e+00
      1.993    21.8802    13.1350    146.755  30.119679     31.976      8.873   236.0659     1.5721     1.2459     0.0216      0.054      1.954      2.833        419 2.4741e+02   997.7865 0.0000e+00
      2.000    21.8710    13.2037    147.200  29.958035     31.934      8.868   233.2266     1.5759     1.3613     0.0215      0.056      1.959      2.842        420 2.3316e+02   997.8118 0.0000e+00
      2.001    21.8624    13.2522    147.461  30.005935     31.971      8.862   233.4159     1.5569     1.2459     0.0215      0.053      1.963      2.847        421 2.3236e+02   997.8244 0.0000e+00
      2.004    21.8206    13.2741    147.472  30.060091     32.097      8.862   232.5073     1.5492     1.3613     0.0216      0.047      1.968      2.854        422 2.4528e+02   997.8265 0.0000e+00
      2.015    21.7235    13.2853    147.329  29.890649     31.863      8.859   232.6209     1.5759     1.3324     0.0215      0.039      1.978      2.869        423 2.2839e+02   997.8285 0.0000e+00
      2.032    21.5309    13.2807    146.953  29.594683     31.625      8.863   233.9459     1.5721     1.3324     0.0214      0.034      1.993      2.891        424 2.2274e+02   997.8378 0.0000e+00
      2.051    21.3143    13.2484    146.310  29.332314     31.359      8.863   234.0973     1.5645     1.3180     0.0212      0.034      2.009      2.913        425 2.2375e+02   997.8595 0.0000e+00
      2.061    21.1678    13.1812    145.407  29.209970     31.401      8.858   232.9237     1.5607     1.2748     0.0212      0.037      2.023      2.933        426 2.2047e+02   997.9026 0.0000e+00
      2.076    21.0370    13.0868    144.385  29.095276     31.399      8.864   232.4694     1.6408     1.4766     0.0211      0.042      2.038      2.955        427 2.1415e+02   997.9506 0.0000e+00
      2.097    20.9019    13.0317    143.594  28.971520     31.376      8.869   232.4694     1.6408     1.5487     0.0211      0.050      2.057      2.983        428 2.1547e+02   997.9828 0.0000e+00
      2.117    20.7898    12.9739    142.863  28.919686     31.404      8.873   232.3937     1.6408     1.5055     0.0211      0.059      2.076      3.011        429 2.1591e+02   998.0113 0.0000e+00
      2.135    20.6809    12.9265    142.229  28.833974     31.407      8.875   232.9994     1.6255     1.5343     0.0210      0.065      2.094      3.038        430 2.0701e+02   998.0406 0.0000e+00
      2.154    20.5834    12.9161    141.624  28.722754     31.360      8.876   233.3023     1.7094     1.3469     0.0210      0.068      2.112      3.063        431 2.0421e+02   998.0648 0.0000e+00
      2.171    20.5044    12.9244    141.073  28.613790     31.314      8.874   233.9837     1.7247     1.3613     0.0209      0.069      2.127      3.085        432 2.0324e+02   998.0882 0.0000e+00
      2.182    20.4097    12.9198    140.429  28.554891     31.319      8.875   233.3780     1.7171     1.4334     0.0209      0.069      2.140      3.105        433 2.0017e+02   998.1089 0.0000e+00
      2.195    20.3018    12.8967    139.672  28.499856     31.313      8.877   234.0216     1.6789     1.3324     0.0209      0.068      2.154      3.125        434 1.9721e+02   998.1257 0.0000e+00
      2.214    20.1992    12.8621    138.870  28.445330     31.315      8.874   231.6744     1.5836     1.2603     0.0208      0.066      2.173      3.152        435 1.9480e+02   998.1458 0.0000e+00
      2.238    20.1506    12.8326    138.108  28.356178     31.300      8.873   230.9551     1.6179     1.4910     0.0208      0.065      2.194      3.182        436 1.9003e+02   998.1686 0.0000e+00
      2.258    20.1464    12.8071    137.304  28.314615     31.306      8.873   231.9016     1.6065     1.3469     0.0208      0.066      2.214      3.211        437 1.9233e+02   998.1901 0.0000e+00
      2.278    20.0915    12.7969    136.616  28.289730     31.345      8.868   231.7501     1.6408     1.3180     0.0208      0.069      2.232      3.238        438 1.9014e+02   998.2003 0.0000e+00
      2.292    20.0548    12.8003    136.088  28.209428     31.217      8.860   233.0373     1.6141     1.6064     0.0207      0.070      2.246      3.258        439 1.8223e+02   998.2012 0.0000e+00
      2.300    20.0117    12.7902    135.474  28.236822     31.323      8.853   232.8859     1.6293     1.6208     0.0207      0.069      2.258      3.275        440 1.8071e+02   998.2126 0.0000e+00
      2.317    19.8414    12.7862    134.990  28.196409     31.284      8.856   232.7723     1.6179     1.7218     0.0207      0.069      2.275      3.299        441 1.7502e+02   998.2204 0.0000e+00
      2.341    19.6141    12.7753    134.514  28.022757     31.125      8.855   232.1666     1.6599     1.6208     0.0206      0.069      2.296      3.331        442 1.7547e+02   998.2293 0.0000e+00
      2.368    19.4036    12.7677    134.021  27.830883     31.028      8.857   232.4694     1.6179     1.5055     0.0205      0.069      2.321      3.367        443 1.7071e+02   998.2643 0.0000e+00
      2.394    19.2236    12.7552    133.304  27.724314     31.061      8.853   232.8480     1.5759     1.8804     0.0205      0.072      2.345      3.402        444 1.6340e+02   998.3107 0.0000e+00
      2.413    19.0706    12.7243    132.520  27.711126     31.209      8.855   234.6652     1.5759     1.8948     0.0205      0.076      2.367      3.433        445 1.6653e+02   998.3531 0.0000e+00
      2.435    18.9115    12.7022    131.709  27.610398     31.210      8.862   237.7694     1.5950     1.8660     0.0204      0.080      2.389      3.465        446 1.6122e+02   998.3890 0.0000e+00
      2.460    18.7215    12.6625    130.798  27.494274     31.191      8.861   238.1480     1.5836     1.8083     0.0203      0.086      2.413      3.500        447 1.5538e+02   998.4193 0.0000e+00
      2.487    18.5138    12.6258    130.049  27.352128     31.145      8.863   239.1323     1.5073     1.8515     0.0203      0.092      2.439      3.537        448 1.5197e+02   998.4506 0.0000e+00
      2.515    18.3110    12.6298    129.501  27.194922     31.089      8.867   239.8516     1.5187     1.8227     0.0202      0.095      2.465      3.574        449 1.4778e+02   998.4874 0.0000e+00
      2.538    18.1290    12.6153    128.911  27.127174     31.173      8.864   240.0409     1.5111     1.8227     0.0201      0.096      2.487      3.608        450 1.4603e+02   998.5273 0.0000e+00
      2.557    17.9689    12.6044    128.386  27.081059     31.255      8.866   240.5709     1.5111     1.7073     0.0201      0.094      2.508      3.638        451 1.4309e+02   998.5657 0.0000e+00
      2.579    17.8404    12.5767    127.709  27.045039     31.355      8.868   242.1987     1.8582     1.8083     0.0201      0.094      2.530      3.671        452 1.3975e+02   998.6000 0.0000e+00
      2.605    17.6845    12.5248    126.859  26.935100     31.341      8.869   242.3880     1.8887     1.8515     0.0200      0.095      2.555      3.706        453 1.3644e+02   998.6298 0.0000e+00
      2.632    17.4823    12.4454    125.750  26.714376     31.176      8.868   243.1073     1.8620     1.7794     0.0199      0.095      2.581      3.744        454 1.3370e+02   998.6534 0.0000e+00
      2.661    17.3061    12.3298    124.303  26.608874     31.155      8.865   243.7130     1.9040     1.7939     0.0199      0.096      2.608      3.784        455 1.3092e+02   998.6820 0.0000e+00
      2.687    17.0988    12.2031    122.766  26.592520     31.310      8.864   244.5838     1.9765     1.7506     0.0198      0.097      2.634      3.821        456 1.2822e+02   998.7185 0.0000e+00
      2.710    16.9193    12.0777    121.259  26.468211     31.269      8.866   244.5459     1.9841     1.8083     0.0198      0.097      2.658      3.855        457 1.2675e+02   998.7500 0.0000e+00
      2.734    16.7732    11.9678    120.001  26.467438     31.426      8.872   245.1516     2.0070     1.8083     0.0198      0.099      2.683      3.892        458 1.2428e+02   998.7866 0.0000e+00
      2.765    16.5688    11.8611    118.870  26.386208     31.497      8.871   246.3630     2.0375     1.8948     0.0197      0.102      2.712      3.934        459 1.2184e+02   998.8180 0.0000e+00
      2.798    16.3983    11.8018    118.069  26.154682     31.265      8.873   246.2873     2.1748     1.2459     0.0196      0.105      2.742      3.977        460 1.2035e+02   998.8431 0.0000e+00
      2.827    16.2501    11.7458    117.237  26.103984     31.428      8.874   246.5523     2.1825     1.2892     0.0196      0.107      2.769      4.017        461 1.1839e+02   998.8780 0.0000e+00
      2.849    16.1029    11.7030    116.597  26.005063     31.383      8.878   247.0066     2.2130     1.4478     0.0195      0.107      2.792      4.050        462 1.1759e+02   998.9068 0.0000e+00
      2.866    15.9830    11.6892    116.225  25.863171     31.363      8.876   247.2338     2.1825     1.3901     0.0194      0.105      2.812      4.078        463 1.1668e+02   998.9314 0.0000e+00
      2.887    15.8692    11.6792    115.924  25.777086     31.339      8.877   248.1423     2.1634     1.3180     0.0194      0.102      2.832      4.107        464 1.1510e+02   998.9557 0.0000e+00
      2.910    15.7639    11.6796    115.765  25.756809     31.430      8.877   248.4452     2.2626     0.7845     0.0194      0.099      2.855      4.141        465 1.1323e+02   998.9753 0.0000e+00
      2.938    15.6647    11.7011    115.828  25.769969     31.518      8.875   248.8238     2.2473     0.7989     0.0193      0.096      2.882      4.180        466 1.1058e+02   998.9939 0.0000e+00
      2.970    15.5698    11.7266    115.917  25.701508     31.531      8.871   248.9373     2.2511     0.8998     0.0193      0.094      2.911      4.221        467 1.0852e+02   999.0109 0.0000e+00
      2.995    15.5119    11.7597    116.038  25.605090     31.471      8.870   249.0131     2.2550     0.9287     0.0192      0.094      2.936      4.259        468 1.0674e+02   999.0268 0.0000e+00
      3.019    15.4833    11.7982    116.194  25.593801     31.544      8.867   249.5052     2.2893     0.6259     0.0192      0.096      2.961      4.295        469 1.0465e+02   999.0419 0.0000e+00
      3.047    15.4036    11.8074    116.072  25.656349     31.660      8.868   249.9973     2.2931     0.6835     0.0193      0.100      2.989      4.335        470 1.0275e+02   999.0511 0.0000e+00
      3.080    15.2974    11.7964    115.793  25.586510     31.610      8.868   250.2245     2.3046     0.6403     0.0192      0.105      3.020      4.380        471 1.0078e+02   999.0558 0.0000e+00
      3.113    15.2102    11.7784    115.439  25.473395     31.501      8.867   250.9816     2.3160     0.6259     0.0192      0.110      3.052      4.427        472 9.8383e+01   999.0684 0.0000e+00
      3.146    15.1189    11.7681    115.082  25.382475     31.516      8.865   251.0195     2.4953     0.7845     0.0191      0.114      3.082      4.469        473 9.7472e+01   999.0849 0.0000e+00
      3.167    15.0371    11.7602    114.691  25.255406     31.374      8.865   250.6409     2.4686     0.7845     0.0190      0.114      3.104      4.502        474 9.7480e+01   999.0983 0.0000e+00
      3.183    14.9721    11.7365    114.139  25.276133     31.517      8.863   250.8302     2.4762     0.9143     0.0191      0.110      3.122      4.528        475 9.5868e+01   999.1124 0.0000e+00
      3.201    14.9122    11.7107    113.581  25.238235     31.511      8.863   250.9059     2.5067     0.9575     0.0190      0.106      3.141      4.557        476 9.4384e+01   999.1249 0.0000e+00
      3.226    14.8462    11.6626    112.857  25.184123     31.492      8.864   250.9438     2.5601     0.6259     0.0190      0.102      3.166      4.592        477 9.3765e+01   999.1348 0.0000e+00
      3.259    14.7649    11.5967    112.007  25.106547     31.470      8.860   251.4359     2.5563     0.6259     0.0190      0.098      3.197      4.637        478 9.1838e+01   999.1439 0.0000e+00
      3.295    14.6760    11.5184    111.030  24.949754     31.276      8.857   251.5495     2.5640     0.6547     0.0189      0.098      3.229      4.684        479 8.9890e+01   999.1539 0.0000e+00
      3.327    14.5924    11.4171    109.745  24.875756     31.306      8.858   252.7609     2.5601     0.6547     0.0188      0.100      3.258      4.725        480 8.8675e+01   999.1661 0.0000e+00
      3.344    14.5240    11.3053    108.250  24.784005     31.200      8.852   251.7009     2.7051     0.7701     0.0188      0.102      3.278      4.755        481 8.8083e+01   999.1792 0.0000e+00
      3.359    14.4529    11.1691    106.515  24.797401     31.337      8.856   252.4202     2.6822     0.5682     0.0188      0.103      3.297      4.783        482 8.7290e+01   999.1916 0.0000e+00
