Data/DataAlreadyUploadedToEDI/CollatedDataForEDI/CTDData/CTD_2019 (not collated)/060319_fcr50.cnv
* Sea-Bird SBE19plus  Data File:
* FileName = C:\DATA\060319_fcr50.hex
* Software version 2.8.0.119
* Temperature SN = 7809
* Conductivity SN = 7809
* System UpLoad Time = Jun 06 2019 12:09:01
* <ApplicationData>
* <Seaterm232>
# nquan = 18
# nvalues = 801                         
# units = specified
# name 0 = depFM: Depth [fresh water, m]
# name 1 = tv290C: Temperature [ITS-90, deg C]
# name 2 = sbeox0Mg/L: Oxygen, SBE 43 [mg/l]
# name 3 = sbeox0PS: Oxygen, SBE 43 [% saturation]
# name 4 = c0uS/cm: Conductivity [uS/cm]
# name 5 = specc: Specific Conductance [uS/cm]
# name 6 = ph: pH
# name 7 = orp: Oxidation Reduction Potential [mV]
# name 8 = flECO-AFL: Fluorescence, WET Labs ECO-AFL/FL [mg/m^3]
# name 9 = turbWETntu0: Turbidity, WET Labs ECO [NTU]
# name 10 = sal00: Salinity, Practical [PSU]
# name 11 = dz/dtM: Descent Rate [m/s]
# name 12 = prdM: Pressure, Strain Gauge [db]
# name 13 = prdE: Pressure, Strain Gauge [psi]
# name 14 = scan: Scan Count
# name 15 = par/sat/log: PAR/Logarithmic, Satlantic
# name 16 = density00: Density [density, kg/m^3]
# name 17 = flag:  0.000e+00
# span 0 =     -0.601,      9.645       
# span 1 =     8.6022,    23.7159       
# span 2 =    -0.1111,    13.2853       
# span 3 =     -0.958,    147.472       
# span 4 =   0.289417, 1.3269e+03       
# span 5 =      1.570,   1427.508       
# span 6 =      5.447,     12.979       
# span 7 = -1240.7455,  1240.2295       
# span 8 =    -0.6481,     6.8479       
# span 9 =    -4.3922,    51.5709       
# span 10 =     0.0103,     0.7149      
# span 11 =     -0.129,      0.136      
# span 12 =     -0.588,      9.458      
# span 13 =     -0.853,     13.718      
# span 14 =          1,        801      
# span 15 = 1.1855e-01, 1.7208e+03      
# span 16 =   997.3837,   999.9015      
# span 17 = 0.0000e+00, 0.0000e+00      
# interval = seconds: 0.25
# start_time = Jun 03 2019 08:17:10 [Instrument's time stamp, header]
# bad_flag = -9.990e-29
*END*
[from data line 644]
      6.518     9.1618     1.7104     14.822  24.483341     35.763      8.675   273.6203     1.8659     2.5293     0.0183      0.090      6.394      9.274        645 8.1278e+00   999.8143 0.0000e+00
      6.542     9.1530     1.7587     15.239  24.197288     35.449      8.669   273.2038     1.8620     2.4860     0.0181      0.087      6.417      9.308        646 7.8549e+00   999.8152 0.0000e+00
      6.572     9.1445     1.7973     15.571  24.079899     35.176      8.668   273.2038     1.8201     2.5293     0.0180      0.086      6.446      9.349        647 7.5891e+00   999.8162 0.0000e+00
      6.606     9.1356     1.8359     15.901  24.155544     35.430      8.664   273.9231     1.8277     2.6014     0.0181      0.087      6.476      9.393        648 7.3905e+00   999.8171 0.0000e+00
      6.633     9.1283     1.8682     16.177  24.221623     35.398      8.663   274.2638     1.8239     2.4860     0.0181      0.089      6.503      9.432        649 7.2408e+00   999.8179 0.0000e+00
      6.654     9.1207     1.9014     16.459  24.175376     35.489      8.661   271.9167     1.7247     2.9042     0.0181      0.093      6.526      9.466        650 7.0793e+00   999.8187 0.0000e+00
      6.678     9.1109     1.9316     16.718  23.916923     34.965      8.662   268.5853     1.7094     2.8465     0.0179      0.098      6.551      9.502        651 6.8649e+00   999.8193 0.0000e+00
      6.710     9.0984     1.9462     16.842  23.773204     34.891      8.660   265.4052     1.7247     2.8898     0.0179      0.105      6.582      9.546        652 6.5590e+00   999.8199 0.0000e+00
      6.748     9.0847     1.9647     17.003  23.643414     34.614      8.658   263.4745     1.7171     2.8609     0.0177      0.110      6.616      9.595        653 6.2823e+00   999.8207 0.0000e+00
      6.781     9.0737     1.9817     17.149  23.604573     34.627      8.658   261.9981     1.4577     4.4904     0.0177      0.114      6.645      9.638        654 6.1922e+00   999.8218 0.0000e+00
      6.798     9.0672     2.0014     17.316  23.732694     34.805      8.652   260.5217     1.4882     4.4759     0.0178      0.112      6.665      9.667        655 6.1914e+00   999.8230 0.0000e+00
      6.810     9.0631     2.0336     17.590  23.750528     34.857      8.658   260.9759     1.4958     4.4615     0.0178      0.107      6.681      9.690        656 6.0829e+00   999.8239 0.0000e+00
      6.831     9.0570     2.0631     17.842  23.760087     34.864      8.654   261.0138     1.4767     4.3750     0.0178      0.103      6.702      9.721        657 5.8737e+00   999.8245 0.0000e+00
      6.863     9.0471     2.0969     18.136  23.750419     34.868      8.653   261.4302     1.4119     5.8458     0.0178      0.101      6.732      9.764        658 5.6831e+00   999.8249 0.0000e+00
      6.901     9.0351     2.1258     18.383  23.614474     34.669      8.653   261.5438     1.4043     5.8314     0.0177      0.101      6.765      9.812        659 5.4721e+00   999.8255 0.0000e+00
      6.932     9.0238     2.1523     18.608  23.396162     34.351      8.651   261.2788     1.3966     5.8314     0.0176      0.101      6.795      9.855        660 5.3444e+00   999.8263 0.0000e+00
      6.953     9.0160     2.1649     18.716  23.340917     34.281      8.648   261.1274     1.4043     5.8314     0.0176      0.100      6.817      9.887        661 5.2878e+00   999.8273 0.0000e+00
      6.967     9.0125     2.1762     18.809  23.327827     34.293      8.648   260.4838     1.4043     5.3267     0.0176      0.100      6.835      9.913        662 5.1675e+00   999.8282 0.0000e+00
      6.987     9.0129     2.1931     18.951  23.293990     34.219      8.647   260.5595     1.4233     5.4276     0.0175      0.101      6.856      9.944        663 5.0265e+00   999.8288 0.0000e+00
      7.019     9.0105     2.1922     18.938  23.264563     34.222      8.645   261.0517     1.4233     5.3844     0.0175      0.102      6.885      9.986        664 4.8187e+00   999.8292 0.0000e+00
      7.056     9.0019     2.1974     18.980  23.157134     34.016      8.643   261.1274     1.3966     5.4276     0.0174      0.103      6.917     10.032        665 4.5798e+00   999.8293 0.0000e+00
      7.086     8.9900     2.1992     18.995  23.131520     34.019      8.643   261.0895     1.4043     5.1393     0.0174      0.102      6.945     10.072        666 4.4291e+00   999.8296 0.0000e+00
      7.103     8.9836     2.2015     19.015  23.148357     34.028      8.644   261.2788     1.4310     5.0960     0.0174      0.100      6.963     10.099        667 4.3883e+00   999.8304 0.0000e+00
      7.112     8.9860     2.2081     19.066  23.136181     34.039      8.641   261.2788     1.4233     5.0816     0.0174      0.097      6.977     10.119        668 4.3396e+00   999.8313 0.0000e+00
      7.129     8.9810     2.2097     19.075  23.146675     34.046      8.640   261.2788     1.4233     5.1393     0.0174      0.094      6.995     10.145        669 4.1985e+00   999.8319 0.0000e+00
      7.157     8.9721     2.2017     19.005  23.105683     34.002      8.636   261.2409     1.4081     5.1537     0.0174      0.093      7.018     10.179        670 4.0519e+00   999.8318 0.0000e+00
      7.181     8.9675     2.1992     18.982  23.098346     33.966      8.636   261.2788     1.4195     4.9951     0.0174      0.089      7.043     10.214        671 3.9523e+00   999.8323 0.0000e+00
      7.207     8.9590     2.1985     18.975  23.066957     33.976      8.637   261.5817     1.4233     4.9806     0.0174      0.085      7.069     10.252        672 3.7761e+00   999.8331 0.0000e+00
      7.237     8.9493     2.1797     18.812  22.996667     33.815      8.634   261.7709     1.4157     4.9374     0.0173      0.084      7.096     10.292        673 3.6160e+00   999.8334 0.0000e+00
      7.264     8.9396     2.1608     18.646  23.008126     33.907      8.633   261.6574     1.3890     4.8653     0.0174      0.089      7.123     10.331        674 3.5219e+00   999.8342 0.0000e+00
      7.290     8.9323     2.1390     18.451  22.934236     33.751      8.633   262.3388     1.3776     4.5336     0.0173      0.096      7.149     10.369        675 3.4263e+00   999.8350 0.0000e+00
      7.316     8.9320     2.1114     18.208  22.910929     33.761      8.631   262.1874     1.3470     4.5192     0.0173      0.102      7.174     10.405        676 3.3518e+00   999.8359 0.0000e+00
      7.340     8.9297     2.0816     17.949  22.977902     33.851      8.633   262.5281     1.3890     4.4038     0.0173      0.104      7.198     10.440        677 3.2410e+00   999.8366 0.0000e+00
      7.364     8.9185     2.0585     17.750  23.028589     33.933      8.631   262.1874     1.3470     4.4904     0.0174      0.103      7.221     10.474        678 3.1490e+00   999.8368 0.0000e+00
      7.388     8.9082     2.0211     17.426  23.025549     33.935      8.627   262.6417     1.2822     3.9424     0.0174      0.102      7.244     10.507        679 3.0513e+00   999.8371 0.0000e+00
      7.409     8.9046     1.9926     17.177  23.040920     33.947      8.629   262.8688     1.2975     4.0722     0.0174      0.099      7.264     10.537        680 2.9655e+00   999.8380 0.0000e+00
      7.426     8.9026     1.9592     16.884  23.127927     34.122      8.626   263.0581     1.3089     3.9568     0.0174      0.094      7.281     10.561        681 2.9274e+00   999.8389 0.0000e+00
      7.440     8.9010     1.9171     16.516  23.094968     34.043      8.626   262.8310     1.2975     3.9424     0.0174      0.088      7.297     10.584        682 2.8831e+00   999.8391 0.0000e+00
      7.457     8.8992     1.8693     16.102  23.081938     34.045      8.624   262.6795     1.3051     3.7838     0.0174      0.082      7.315     10.609        683 2.7980e+00   999.8394 0.0000e+00
      7.480     8.8915     1.8082     15.575  23.084913     34.047      8.623   262.6038     1.3165     3.6829     0.0174      0.078      7.338     10.643        684 2.6857e+00   999.8396 0.0000e+00
      7.511     8.8779     1.7457     15.037  23.120885     34.089      8.622   263.8152     1.2975     3.8126     0.0174      0.079      7.366     10.684        685 2.5743e+00   999.8399 0.0000e+00
      7.544     8.8665     1.6744     14.422  23.214872     34.262      8.622   264.0045     1.3013     3.8271     0.0175      0.082      7.395     10.725        686 2.4894e+00   999.8406 0.0000e+00
      7.565     8.8609     1.6002     13.782  23.293731     34.358      8.620   264.1938     1.2784     3.7405     0.0175      0.086      7.416     10.756        687 2.4754e+00   999.8418 0.0000e+00
      7.576     8.8602     1.5438     13.298  23.318916     34.452      8.619   264.6102     1.3051     3.3512     0.0176      0.088      7.435     10.783        688 2.4167e+00   999.8427 0.0000e+00
      7.602     8.8577     1.5018     12.936  23.420468     34.540      8.618   264.8374     1.3051     3.3512     0.0176      0.091      7.461     10.821        689 2.2790e+00   999.8433 0.0000e+00
      7.647     8.8491     1.4653     12.619  23.789310     35.159      8.619   265.1781     1.2898     3.3079     0.0179      0.099      7.499     10.876        690 2.1472e+00   999.8437 0.0000e+00
      7.689     8.8366     1.4371     12.374  23.926115     35.326      8.616   265.1781     1.2936     3.2070     0.0179      0.107      7.536     10.931        691 2.0563e+00   999.8442 0.0000e+00
      7.718     8.8252     1.4348     12.353  23.783327     35.129      8.613   265.3295     1.0342     2.8321     0.0178      0.113      7.566     10.974        692 2.0277e+00   999.8449 0.0000e+00
      7.740     8.8189     1.4294     12.310  23.700453     35.019      8.614   265.7460     1.0686     2.9186     0.0178      0.115      7.588     11.006        693 2.0088e+00   999.8458 0.0000e+00
      7.755     8.8173     1.4319     12.333  23.703464     35.031      8.610   265.8974     1.0495     2.9186     0.0178      0.114      7.604     11.028        694 1.9862e+00   999.8467 0.0000e+00
      7.765     8.8169     1.4229     12.257  23.749967     35.119      8.609   266.0867     1.0304     2.7888     0.0178      0.110      7.617     11.048        695 1.9528e+00   999.8473 0.0000e+00
      7.782     8.8143     1.3934     12.004  23.761051     35.121      8.610   266.2002     0.9885     3.2070     0.0178      0.103      7.631     11.068        696 1.9037e+00   999.8475 0.0000e+00
      7.798     8.8133     1.3218     11.390  23.748905     35.121      8.608   266.4652     0.9770     3.2070     0.0178      0.090      7.647     11.092        697 1.8695e+00   999.8475 0.0000e+00
      7.816     8.8161     1.2167     10.492  23.765084     35.124      8.608   267.1467     0.9732     2.9763     0.0178      0.075      7.667     11.120        698 1.7999e+00   999.8478 0.0000e+00
      7.842     8.8164     1.0803      9.321  23.829772     35.249      8.608   264.9510     0.9808     3.0772     0.0179      0.069      7.690     11.153        699 1.7329e+00   999.8481 0.0000e+00
      7.866     8.8098     0.8946      7.719  23.757254     35.123      8.603   264.9510     1.0571     3.1637     0.0178      0.069      7.713     11.186        700 1.7047e+00   999.8479 0.0000e+00
      7.886     8.7996     0.7153      6.171  23.825710     35.204      8.601   266.9952     1.0419     3.0916     0.0179      0.072      7.737     11.221        701 1.6822e+00   999.8481 0.0000e+00
      7.916     8.7979     0.5205      4.489  23.892666     35.377      8.601   266.9574     1.0571     3.1205     0.0179      0.080      7.765     11.262        702 1.6302e+00   999.8487 0.0000e+00
      7.952     8.8072     0.3398      2.931  24.740177     36.461      8.601   267.2224     1.0342     3.0916     0.0184      0.090      7.796     11.308        703 1.5740e+00   999.8500 0.0000e+00
      7.982     8.8146     0.1891      1.630  25.940220     38.569      8.597   267.6767     1.0991     3.7117     0.0193      0.098      7.825     11.350        704 1.5419e+00   999.8509 0.0000e+00
      8.005     8.8177     0.0760      0.656  25.923933     38.186      8.594   267.9795     1.1029     3.8703     0.0191      0.104      7.851     11.387        705 1.4857e+00   999.8503 0.0000e+00
      8.032     8.8198    -0.0226     -0.194  26.152569     38.756      8.591   265.4052     1.1029     3.7694     0.0194      0.108      7.876     11.422        706 1.4298e+00   999.8500 0.0000e+00
      8.056     8.8311    -0.0784     -0.676  26.692417     39.412      8.591   266.3138     1.1182     3.7982     0.0197      0.108      7.898     11.455        707 1.4279e+00   999.8502 0.0000e+00
      8.072     8.8610    -0.1009     -0.870  29.251156     43.083      8.587   266.2381     1.0838     3.7550     0.0212      0.106      7.918     11.485        708 1.3985e+00   999.8514 0.0000e+00
      8.097     8.8874    -0.1111     -0.958  33.515010     49.754      8.588   266.8438     1.1105     4.2741     0.0242      0.102      7.942     11.520        709 1.3501e+00   999.8528 0.0000e+00
      8.129     8.8895    -0.0996     -0.859  34.481618     50.905      8.584   268.5474     1.1067     4.2452     0.0247      0.099      7.971     11.562        710 1.3186e+00   999.8513 0.0000e+00
      8.159     8.8776    -0.0755     -0.651  32.818457     48.434      8.577   268.5095     1.1105     4.1587     0.0236      0.098      8.001     11.605        711 1.2617e+00   999.8487 0.0000e+00
      8.187     8.8677    -0.0557     -0.480  31.969764     47.072      8.572   265.7081     1.0953     4.1731     0.0230      0.100      8.029     11.645        712 1.2245e+00   999.8482 0.0000e+00
      8.214     8.8622    -0.0238     -0.205  32.248751     47.666      8.567   266.2381     1.1067     4.5769     0.0233      0.102      8.057     11.685        713 1.1791e+00   999.8494 0.0000e+00
      8.246     8.8594     0.0047      0.040  32.619406     48.092      8.560   265.0645     1.1067     4.6201     0.0235      0.106      8.087     11.729        714 1.1144e+00   999.8504 0.0000e+00
      8.280     8.8583     0.0262      0.226  33.019633     48.801      8.558   261.6952     1.1105     4.5336     0.0238      0.112      8.120     11.776        715 1.0518e+00   999.8512 0.0000e+00
      8.313     8.8576     0.0514      0.442  33.261841     49.094      8.553   257.9852     1.1258     4.4615     0.0239      0.118      8.151     11.822        716 1.0536e+00   999.8517 0.0000e+00
      8.343     8.8554     0.0646      0.556  33.414329     49.343      8.548   243.9402     1.0457     4.8941     0.0240      0.120      8.179     11.864        717 1.0269e+00   999.8520 0.0000e+00
      8.368     8.8533     0.0818      0.704  33.866971     50.003      8.546   229.6301     1.0113     4.8797     0.0243      0.119      8.204     11.900        718 9.7495e-01   999.8524 0.0000e+00
      8.387     8.8515     0.0986      0.848  34.239403     50.584      8.543   223.1187     1.0495     4.9518     0.0245      0.116      8.225     11.930        719 9.7015e-01   999.8528 0.0000e+00
      8.407     8.8484     0.1096      0.942  33.987971     50.216      8.535   218.4623     1.0419     4.9374     0.0244      0.112      8.248     11.962        720 9.2280e-01   999.8530 0.0000e+00
      8.437     8.8419     0.1222      1.051  33.498334     49.435      8.534   214.7522     1.1601     7.4608     0.0240      0.108      8.275     12.002        721 8.8607e-01   999.8530 0.0000e+00
      8.471     8.8316     0.1304      1.121  33.218989     49.110      8.531   212.4808     1.1830     7.4897     0.0239      0.105      8.305     12.047        722 8.6586e-01   999.8532 0.0000e+00
      8.501     8.8159     0.1345      1.156  32.468841     47.964      8.526   209.7929     1.1983     7.4753     0.0234      0.104      8.335     12.090        723 8.3183e-01   999.8534 0.0000e+00
