Data/DataAlreadyUploadedToEDI/CollatedDataForEDI/CTDData/CTD_2019 (not collated)/060319_fcr50.cnv
* Sea-Bird SBE19plus  Data File:
* FileName = C:\DATA\060319_fcr50.hex
* Software version 2.8.0.119
* Temperature SN = 7809
* Conductivity SN = 7809
* System UpLoad Time = Jun 06 2019 12:09:01
* <ApplicationData>
* <Seaterm232>
# nquan = 18
# nvalues = 801                         
# units = specified
# name 0 = depFM: Depth [fresh water, m]
# name 1 = tv290C: Temperature [ITS-90, deg C]
# name 2 = sbeox0Mg/L: Oxygen, SBE 43 [mg/l]
# name 3 = sbeox0PS: Oxygen, SBE 43 [% saturation]
# name 4 = c0uS/cm: Conductivity [uS/cm]
# name 5 = specc: Specific Conductance [uS/cm]
# name 6 = ph: pH
# name 7 = orp: Oxidation Reduction Potential [mV]
# name 8 = flECO-AFL: Fluorescence, WET Labs ECO-AFL/FL [mg/m^3]
# name 9 = turbWETntu0: Turbidity, WET Labs ECO [NTU]
# name 10 = sal00: Salinity, Practical [PSU]
# name 11 = dz/dtM: Descent Rate [m/s]
# name 12 = prdM: Pressure, Strain Gauge [db]
# name 13 = prdE: Pressure, Strain Gauge [psi]
# name 14 = scan: Scan Count
# name 15 = par/sat/log: PAR/Logarithmic, Satlantic
# name 16 = density00: Density [density, kg/m^3]
# name 17 = flag:  0.000e+00
# span 0 =     -0.601,      9.645       
# span 1 =     8.6022,    23.7159       
# span 2 =    -0.1111,    13.2853       
# span 3 =     -0.958,    147.472       
# span 4 =   0.289417, 1.3269e+03       
# span 5 =      1.570,   1427.508       
# span 6 =      5.447,     12.979       
# span 7 = -1240.7455,  1240.2295       
# span 8 =    -0.6481,     6.8479       
# span 9 =    -4.3922,    51.5709       
# span 10 =     0.0103,     0.7149      
# span 11 =     -0.129,      0.136      
# span 12 =     -0.588,      9.458      
# span 13 =     -0.853,     13.718      
# span 14 =          1,        801      
# span 15 = 1.1855e-01, 1.7208e+03      
# span 16 =   997.3837,   999.9015      
# span 17 = 0.0000e+00, 0.0000e+00      
# interval = seconds: 0.25
# start_time = Jun 03 2019 08:17:10 [Instrument's time stamp, header]
# bad_flag = -9.990e-29
*END*
[from data line 242]
      0.019    23.6654     8.9478    105.678  37.319704     38.331      9.311   205.1744     1.1258     1.3324     0.0247      0.001      0.018      0.025        243 1.1924e+03   997.3953 0.0000e+00
      0.018    23.6684     8.9596    105.823  37.152284     38.168      9.305   205.0608     1.1334     1.2027     0.0246      0.001      0.018      0.025        244 1.1930e+03   997.3981 0.0000e+00
      0.018    23.6723     8.9701    105.947  36.673301     37.682      9.297   204.2658     1.1296     1.3180     0.0244      0.001      0.018      0.025        245 1.1620e+03   997.3986 0.0000e+00
      0.018    23.6779     8.9725    105.969  35.900618     36.877      9.293   204.0008     1.1487     1.4045     0.0241      0.001      0.018      0.026        246 1.2142e+03   997.3977 0.0000e+00
      0.018    23.6797     8.9716    105.952  35.328252     36.271      9.289   207.9758     1.1525     1.4045     0.0238      0.001      0.018      0.026        247 1.2901e+03   997.3966 0.0000e+00
      0.018    23.6782     8.9696    105.927  35.133442     36.095      9.284   207.1051     1.1334     1.2892     0.0237      0.001      0.018      0.026        248 1.2512e+03   997.3951 0.0000e+00
      0.019    23.6770     8.9669    105.894  34.957733     35.893      9.278   207.1429     1.1220     1.3036     0.0237      0.000      0.018      0.026        249 1.1930e+03   997.3946 0.0000e+00
      0.018    23.6767     8.9687    105.907  34.776471     35.723      9.270   205.7801     1.2021     1.3324     0.0236      0.000      0.018      0.026        250 1.2232e+03   997.3950 0.0000e+00
      0.019    23.6791     8.9779    106.005  34.973797     35.895      9.266   206.0451     1.2212     1.2748     0.0237      0.000      0.018      0.026        251 1.2692e+03   997.3953 0.0000e+00
      0.019    23.6796     8.9852    106.078  35.275183     36.269      9.257   209.4144     1.2059     1.4045     0.0238      0.000      0.018      0.026        252 1.2931e+03   997.3955 0.0000e+00
      0.019    23.6823     8.9877    106.098  35.468175     36.381      9.249   209.0358     1.1983     1.2748     0.0239      0.000      0.018      0.026        253 1.3069e+03   997.3949 0.0000e+00
      0.019    23.6857     8.9939    106.173  35.741142     36.754      9.244   209.0737     1.2021     1.3469     0.0240      0.000      0.018      0.026        254 1.2601e+03   997.3949 0.0000e+00
      0.019    23.6851     8.9857    106.092  35.646678     36.579      9.231   208.8844     1.1525     1.3901     0.0239      0.000      0.018      0.026        255 1.2006e+03   997.3942 0.0000e+00
      0.019    23.6822     8.9885    106.137  35.615364     36.577      9.223   207.1429     1.1296     1.2892     0.0239      0.000      0.018      0.026        256 1.1845e+03   997.3933 0.0000e+00
      0.019    23.6790     8.9847    106.095  35.898645     36.864      9.212   207.4079     1.1449     1.2315     0.0241      0.000      0.019      0.027        257 1.1123e+03   997.3936 0.0000e+00
      0.019    23.6785     8.9772    106.011  36.064616     37.039      9.203   210.8529     1.1182     1.3324     0.0241      0.000      0.019      0.027        258 1.0829e+03   997.3944 0.0000e+00
      0.020    23.6774     8.9743    105.980  36.386736     37.356      9.197   211.1558     1.2021     1.2892     0.0243      0.000      0.019      0.027        259 1.0532e+03   997.3953 0.0000e+00
      0.019    23.6734     8.9748    105.995  36.594240     37.615      9.193   210.9665     1.2173     1.3757     0.0244      0.000      0.019      0.027        260 8.6300e+02   997.3955 0.0000e+00
      0.019    23.6681     8.9782    106.033  36.458338     37.415      9.184   210.0958     1.1983     1.2892     0.0243      0.000      0.019      0.027        261 8.2822e+02   997.3957 0.0000e+00
      0.019    23.6617     8.9746    105.960  36.289153     37.303      9.181   210.1337     1.1983     1.3036     0.0242      0.000      0.019      0.027        262 9.2563e+02   997.3966 0.0000e+00
      0.020    23.6568     8.9627    105.799  36.419540     37.365      9.175   210.2851     1.2708     1.3613     0.0243      0.000      0.020      0.029        263 9.3180e+02   997.3980 0.0000e+00
      0.022    23.6581     8.9541    105.690  36.444250     37.513      9.173   212.1779     1.2669     1.3324     0.0243      0.001      0.020      0.029        264 9.0650e+02   997.3995 0.0000e+00
      0.019    23.6657     8.9426    105.555  35.962067     36.886      9.144   212.2915     1.2669     1.3613     0.0241      0.001      0.015      0.021        265 7.6234e+02   997.4005 0.0000e+00
      0.005    23.6718     8.9313    105.436  35.360109     36.397      9.098   211.6858     1.2708     1.4189     0.0239     -0.003     -0.003     -0.005        266 4.9267e+02   997.3999 0.0000e+00
     -0.035    23.6736     8.9272    105.409  34.467124     35.358      9.140   211.6858     1.2746     1.1450     0.0234     -0.017     -0.041     -0.059        267 3.8079e+02   997.3976 0.0000e+00
     -0.097    23.6755     8.9156    105.283  34.376809     35.296      9.198   211.6479     1.2593     1.1450     0.0234     -0.043     -0.093     -0.134        268 3.9067e+02   997.3958 0.0000e+00
     -0.153    23.6774     8.9159    105.285  35.413237     36.385      9.249   211.9887     1.2631     1.1450     0.0239     -0.076     -0.137     -0.198        269 3.7794e+02   997.3955 0.0000e+00
     -0.165    23.6817     8.9208    105.339  35.873864     36.871      9.298   212.6701     1.2631     1.1017     0.0241     -0.101     -0.160     -0.232        270 3.7222e+02   997.3951 0.0000e+00
     -0.171    23.6796     8.9287    105.431  34.929604     35.895      9.277   212.6701     0.8549     1.3180     0.0237     -0.116     -0.175     -0.253        271 3.6816e+02   997.3944 0.0000e+00
     -0.201    23.6652     8.9395    105.559  35.640093     36.437      9.313   212.7458     0.8168     1.3613     0.0239     -0.126     -0.199     -0.288        272 3.6392e+02   997.3933 0.0000e+00
     -0.235    23.6544     8.9472    105.652  37.567886     38.818      9.354   212.5944     0.8397     1.3757     0.0249     -0.129     -0.228     -0.330        273 3.5252e+02   997.3943 0.0000e+00
     -0.260    23.6511     8.9425    105.603  37.212736     38.056      9.396   212.5565     0.8359     1.3901     0.0246     -0.123     -0.253     -0.367        274 3.4862e+02   997.3976 0.0000e+00
     -0.279    23.6517     8.9358    105.534  36.822882     37.949      9.427   211.7237     0.8244     1.3324     0.0245     -0.109     -0.272     -0.394        275 3.4464e+02   997.4000 0.0000e+00
     -0.293    23.6591     8.9194    105.354  36.186031     37.148      9.446   212.4051     0.9351     1.7939     0.0242     -0.092     -0.285     -0.414        276 3.4774e+02   997.4006 0.0000e+00
     -0.301    23.6695     8.8996    105.125  34.893708     35.857      9.462   212.3672     0.9351     1.8948     0.0236     -0.082     -0.294     -0.427        277 3.4446e+02   997.4000 0.0000e+00
     -0.306    23.6755     8.8916    105.032  34.252861     35.191      9.471   212.9729     0.9732     1.8515     0.0234     -0.077     -0.299     -0.433        278 3.4549e+02   997.3980 0.0000e+00
     -0.307    23.6750     8.8837    104.939  34.079575     34.983      9.474   213.5787     0.9770     1.8227     0.0233     -0.067     -0.301     -0.437        279 3.4692e+02   997.3953 0.0000e+00
     -0.309    23.6727     8.8770    104.861  34.279669     35.236      9.466   213.8058     0.8664     1.0008     0.0234     -0.050     -0.304     -0.441        280 3.4812e+02   997.3940 0.0000e+00
     -0.314    23.6719     8.8762    104.853  34.300158     35.208      9.435   211.2315     0.8626     1.0873     0.0234     -0.035     -0.307     -0.445        281 3.4930e+02   997.3941 0.0000e+00
     -0.316    23.6720     8.8746    104.837  34.468916     35.411      9.414   212.4051     0.8969     1.1306     0.0235     -0.024     -0.309     -0.447        282 3.4682e+02   997.3947 0.0000e+00
     -0.314    23.6737     8.8809    104.913  34.514127     35.469      9.400   213.0865     0.9160     1.0873     0.0235     -0.016     -0.308     -0.447        283 3.4980e+02   997.3949 0.0000e+00
     -0.312    23.6769     8.8746    104.841  34.214263     35.124      9.387   214.2222     0.9579     1.3036     0.0233     -0.009     -0.306     -0.444        284 3.5149e+02   997.3947 0.0000e+00
     -0.310    23.6821     8.8786    104.886  33.982780     34.922      9.376   214.3737     0.9694     1.4045     0.0233     -0.005     -0.304     -0.441        285 3.5310e+02   997.3943 0.0000e+00
     -0.310    23.6880     8.8661    104.738  33.528069     34.432      9.342   210.7772     0.9541     1.3757     0.0231     -0.002     -0.304     -0.440        286 3.5326e+02   997.3934 0.0000e+00
     -0.310    23.6909     8.8570    104.634  33.120833     33.999      9.325   211.6858     0.9656     1.4622     0.0229     -0.000     -0.304     -0.440        287 3.5066e+02   997.3920 0.0000e+00
     -0.309    23.6920     8.8453    104.498  33.037697     33.937      9.315   211.7994     0.9618     1.5776     0.0229      0.002     -0.303     -0.440        288 3.5095e+02   997.3905 0.0000e+00
     -0.309    23.6921     8.8327    104.355  32.890785     33.763      9.312   212.3672     0.9465     1.5199     0.0228      0.003     -0.303     -0.439        289 3.5040e+02   997.3898 0.0000e+00
     -0.309    23.6925     8.8195    104.204  32.829591     33.705      9.313   214.1844     0.9427     1.5776     0.0228      0.003     -0.303     -0.439        290 3.5093e+02   997.3894 0.0000e+00
     -0.309    23.6935     8.8169    104.182  32.876815     33.762      9.309   214.5630     0.9389     1.5199     0.0228      0.002     -0.303     -0.440        291 3.4965e+02   997.3895 0.0000e+00
     -0.310    23.6945     8.8220    104.251  32.891273     33.762      9.309   211.2315     1.0686     1.6208     0.0228      0.001     -0.303     -0.440        292 3.4831e+02   997.3894 0.0000e+00
     -0.308    23.6959     8.8277    104.322  32.870855     33.761      9.313   211.2694     1.0762     1.5920     0.0228      0.001     -0.302     -0.438        293 3.4779e+02   997.3892 0.0000e+00
     -0.306    23.6966     8.8445    104.523  32.783707     33.646      9.318   212.4429     1.0876     1.5776     0.0228      0.001     -0.301     -0.437        294 3.4839e+02   997.3889 0.0000e+00
     -0.307    23.6956     8.8550    104.636  32.881211     33.760      9.313   213.3894     1.0686     1.5199     0.0228      0.002     -0.302     -0.437        295 3.4814e+02   997.3886 0.0000e+00
     -0.309    23.6955     8.8500    104.564  32.927288     33.817      9.308   213.3894     1.0648     1.5487     0.0228      0.001     -0.302     -0.438        296 3.4646e+02   997.3884 0.0000e+00
     -0.309    23.6970     8.8560    104.627  32.844882     33.703      9.303   215.6608     1.0876     1.5776     0.0228      0.001     -0.302     -0.438        297 3.4580e+02   997.3885 0.0000e+00
     -0.306    23.6986     8.8532    104.594  32.865249     33.760      9.297   212.4051     1.0953     1.6208     0.0228      0.001     -0.301     -0.437        298 3.4429e+02   997.3887 0.0000e+00
     -0.307    23.7010     8.8570    104.644  32.842683     33.702      9.287   212.6701     1.0800     1.6208     0.0228      0.001     -0.301     -0.436        299 3.4503e+02   997.3883 0.0000e+00
     -0.306    23.7041     8.8663    104.760  32.813705     33.701      9.283   213.6165     1.0381     1.4622     0.0228      0.001     -0.299     -0.434        300 3.4535e+02   997.3879 0.0000e+00
     -0.302    23.7086     8.8863    104.998  32.782794     33.641      9.270   213.2758     0.8397     1.4334     0.0228      0.002     -0.295     -0.429        301 3.4640e+02   997.3873 0.0000e+00
     -0.296    23.7124     8.8962    105.115  32.703374     33.582      9.265   215.2444     0.8244     1.3180     0.0227      0.004     -0.290     -0.421        302 3.5014e+02   997.3866 0.0000e+00
     -0.289    23.7149     8.8976    105.130  32.645877     33.493      9.261   215.4337     0.8397     1.1594     0.0227      0.008     -0.284     -0.412        303 3.5008e+02   997.3855 0.0000e+00
     -0.284    23.7159     8.8810    104.933  32.646943     33.519      9.266   213.5787     0.8206     1.2748     0.0227      0.012     -0.277     -0.402        304 3.5400e+02   997.3845 0.0000e+00
     -0.273    23.7110     8.8717    104.827  32.583531     33.431      9.274   213.3137     0.8549     1.3613     0.0227      0.016     -0.266     -0.386        305 3.5876e+02   997.3839 0.0000e+00
     -0.256    23.7038     8.8633    104.731  32.517389     33.373      9.260   213.5787     0.8244     1.3901     0.0226      0.023     -0.252     -0.366        306 3.6137e+02   997.3837 0.0000e+00
     -0.243    23.7000     8.8597    104.689  32.462596     33.319      9.248   213.7301     0.8511     1.3469     0.0226      0.031     -0.239     -0.347        307 3.6621e+02   997.3850 0.0000e+00
     -0.234    23.6999     8.8594    104.686  32.414693     33.267      9.239   215.0930     0.8168     1.3324     0.0226      0.037     -0.228     -0.331        308 3.6961e+02   997.3868 0.0000e+00
     -0.220    23.7025     8.8650    104.753  32.517749     33.384      9.228   214.7144     0.8435     1.6497     0.0226      0.041     -0.214     -0.310        309 3.7138e+02   997.3879 0.0000e+00
     -0.198    23.7054     8.8837    104.971  32.571376     33.442      9.209   214.5251     0.8206     1.6785     0.0227      0.048     -0.195     -0.283        310 3.7671e+02   997.3880 0.0000e+00
     -0.179    23.7067     8.9077    105.253  32.584986     33.440      9.193   213.6544     0.8244     1.6785     0.0227      0.054     -0.176     -0.255        311 3.8803e+02   997.3874 0.0000e+00
     -0.161    23.7065     8.9377    105.606  32.560070     33.438      9.187   213.4272     0.8321     1.5487     0.0227      0.060     -0.158     -0.230        312 3.8362e+02   997.3869 0.0000e+00
     -0.145    23.7057     8.9575    105.836  32.602382     33.437      9.164   213.5030     0.8397     1.5343     0.0227      0.063     -0.143     -0.207        313 3.8608e+02   997.3866 0.0000e+00
     -0.131    23.7056     8.9640    105.910  32.798988     33.695      9.142   213.7301     0.8397     1.5487     0.0228      0.064     -0.128     -0.186        314 3.9314e+02   997.3868 0.0000e+00
     -0.116    23.7071     8.9606    105.869  32.789461     33.638      9.143   214.0330     0.8397     1.6352     0.0228      0.066     -0.113     -0.164        315 3.9546e+02   997.3870 0.0000e+00
     -0.098    23.7089     8.9459    105.694  32.703126     33.581      9.142   215.1308     0.8473     1.4622     0.0227      0.067     -0.098     -0.140        316 3.9184e+02   997.3871 0.0000e+00
     -0.084    23.7092     8.9336    105.546  32.728657     33.580      9.142   214.5630     0.8397     1.5487     0.0227      0.066     -0.083     -0.120        317 3.9612e+02   997.3868 0.0000e+00
     -0.072    23.7093     8.9242    105.436  32.935464     33.808      9.142   214.6008     0.8893     1.5631     0.0228      0.062     -0.068     -0.098        318 3.9369e+02   997.3864 0.0000e+00
     -0.050    23.7096     8.9151    105.332  32.979084     33.865      9.150   214.7901     0.8969     1.7650     0.0228      0.061     -0.047     -0.068        319 4.2050e+02   997.3865 0.0000e+00
     -0.022    23.7086     8.9061    105.232  32.911406     33.750      9.148   214.2980     0.9198     1.5920     0.0228      0.065     -0.024     -0.035        320 3.8997e+02   997.3866 0.0000e+00
     -0.003    23.7075     8.8991    105.152  33.019689     33.922      9.124   214.3737     0.8816     1.5199     0.0229      0.069     -0.004     -0.007        321 2.9979e+02   997.3866 0.0000e+00
