Data/DataAlreadyUploadedToEDI/CollatedDataForEDI/CTDData/CTD_2019 (not collated)/060319_fcr50.cnv
* Sea-Bird SBE19plus  Data File:
* FileName = C:\DATA\060319_fcr50.hex
* Software version 2.8.0.119
* Temperature SN = 7809
* Conductivity SN = 7809
* System UpLoad Time = Jun 06 2019 12:09:01
* <ApplicationData>
* <Seaterm232>
# nquan = 18
# nvalues = 801                         
# units = specified
# name 0 = depFM: Depth [fresh water, m]
# name 1 = tv290C: Temperature [ITS-90, deg C]
# name 2 = sbeox0Mg/L: Oxygen, SBE 43 [mg/l]
# name 3 = sbeox0PS: Oxygen, SBE 43 [% saturation]
# name 4 = c0uS/cm: Conductivity [uS/cm]
# name 5 = specc: Specific Conductance [uS/cm]
# name 6 = ph: pH
# name 7 = orp: Oxidation Reduction Potential [mV]
# name 8 = flECO-AFL: Fluorescence, WET Labs ECO-AFL/FL [mg/m^3]
# name 9 = turbWETntu0: Turbidity, WET Labs ECO [NTU]
# name 10 = sal00: Salinity, Practical [PSU]
# name 11 = dz/dtM: Descent Rate [m/s]
# name 12 = prdM: Pressure, Strain Gauge [db]
# name 13 = prdE: Pressure, Strain Gauge [psi]
# name 14 = scan: Scan Count
# name 15 = par/sat/log: PAR/Logarithmic, Satlantic
# name 16 = density00: Density [density, kg/m^3]
# name 17 = flag:  0.000e+00
# span 0 =     -0.601,      9.645       
# span 1 =     8.6022,    23.7159       
# span 2 =    -0.1111,    13.2853       
# span 3 =     -0.958,    147.472       
# span 4 =   0.289417, 1.3269e+03       
# span 5 =      1.570,   1427.508       
# span 6 =      5.447,     12.979       
# span 7 = -1240.7455,  1240.2295       
# span 8 =    -0.6481,     6.8479       
# span 9 =    -4.3922,    51.5709       
# span 10 =     0.0103,     0.7149      
# span 11 =     -0.129,      0.136      
# span 12 =     -0.588,      9.458      
# span 13 =     -0.853,     13.718      
# span 14 =          1,        801      
# span 15 = 1.1855e-01, 1.7208e+03      
# span 16 =   997.3837,   999.9015      
# span 17 = 0.0000e+00, 0.0000e+00      
# interval = seconds: 0.25
# start_time = Jun 03 2019 08:17:10 [Instrument's time stamp, header]
# bad_flag = -9.990e-29
*END*
[from data line 161]
      0.005    23.0841     5.8120     67.788 318.910486    331.294      9.726   186.5107     1.3966     1.3036     0.1597     -0.001      0.006      0.008        162 1.2946e+03   997.6365 0.0000e+00
      0.007    23.0747     5.7954     67.583 320.049663    332.812      9.726   186.8136     1.1258     1.3469     0.1604     -0.000      0.007      0.010        163 1.3059e+03   997.6396 0.0000e+00
      0.007    23.0642     5.7845     67.444 320.850587    333.527      9.722   186.3214     1.1449     1.3036     0.1607      0.000      0.007      0.010        164 1.2812e+03   997.6422 0.0000e+00
      0.008    23.0536     5.7692     67.256 321.790133    334.652      9.720   186.6622     1.1220     1.3469     0.1613      0.001      0.008      0.011        165 1.3176e+03   997.6448 0.0000e+00
      0.008    23.0432     5.7567     67.102 323.328011    336.317      9.721   187.8357     1.1372     1.4334     0.1621      0.001      0.008      0.011        166 1.2700e+03   997.6479 0.0000e+00
      0.008    23.0318     5.7395     66.892 324.376255    337.481      9.723   187.8357     1.1525     1.4334     0.1626      0.002      0.008      0.011        167 1.3110e+03   997.6509 0.0000e+00
      0.009    23.0203     5.7199     66.655 324.993725    338.203      9.725   187.4572     1.1372     1.4334     0.1630      0.002      0.009      0.012        168 1.3382e+03   997.6536 0.0000e+00
      0.009    23.0080     5.7045     66.466 326.256463    339.521      9.730   187.9114     1.1372     1.3613     0.1636      0.002      0.009      0.012        169 1.2735e+03   997.6568 0.0000e+00
      0.008    22.9960     5.6854     66.227 326.952706    340.546      9.730   188.3657     1.1411     1.2748     0.1641      0.001      0.008      0.011        170 1.2945e+03   997.6599 0.0000e+00
      0.007    22.9854     5.7024     66.580 326.351566    339.689      9.727   189.4636     1.1754     1.3324     0.1637      0.000      0.007      0.011        171 1.3329e+03   997.6625 0.0000e+00
      0.007    22.9758     5.9903     70.271 326.343338    340.071      9.725   189.7665     1.2059     1.2459     0.1639     -0.000      0.007      0.011        172 1.3307e+03   997.6655 0.0000e+00
      0.008    22.9666     6.6276     77.980 326.331769    339.879      9.722   188.2522     1.1906     1.2748     0.1638     -0.000      0.007      0.011        173 1.2481e+03   997.6681 0.0000e+00
      0.007    22.9582     7.4215     87.450 326.516303    340.331      9.718   189.1229     1.2097     1.3036     0.1640     -0.000      0.008      0.011        174 1.2540e+03   997.6704 0.0000e+00
      0.009    22.9503     8.2473     97.253 326.744952    340.514      9.716   189.9557     1.2593     1.3180     0.1641     -0.000      0.008      0.011        175 1.3049e+03   997.6727 0.0000e+00
      0.008    22.9438     8.9225    105.265 326.618362    340.515      9.715   190.9022     1.2746     1.4478     0.1641     -0.000      0.008      0.011        176 1.2997e+03   997.6746 0.0000e+00
      0.008    22.9354     9.4564    111.598 327.034582    340.924      9.714   189.3122     1.2708     1.4189     0.1643      0.000      0.008      0.012        177 1.2860e+03   997.6767 0.0000e+00
      0.009    22.9301     9.8033    115.715 327.249006    341.328      9.709   189.6907     1.2631     1.3613     0.1645      0.001      0.009      0.013        178 1.2600e+03   997.6783 0.0000e+00
      0.009    22.9206     9.9639    117.619 327.493788    341.442      9.708   191.0915     1.2135     1.3757     0.1645      0.001      0.009      0.013        179 1.2761e+03   997.6805 0.0000e+00
      0.010    22.9230     9.9511    117.467 328.353220    342.612      9.700   191.9243     1.1830     1.3180     0.1651      0.001      0.009      0.013        180 1.2398e+03   997.6821 0.0000e+00
      0.009    23.0660     9.8039    115.736 322.602970    336.840      9.694   190.3722     1.2173     1.2171     0.1623      0.001      0.009      0.013        181 1.2652e+03   997.6820 0.0000e+00
      0.010    23.3136     9.6257    113.636 248.526667    262.700      9.689   191.6972     1.1601     1.2748     0.1268      0.001      0.010      0.014        182 1.2999e+03   997.6534 0.0000e+00
      0.010    23.4792     9.4563    111.643 127.212453    128.056      9.678   193.7793     1.1601     1.3324     0.0640      0.001      0.010      0.015        183 1.2599e+03   997.5745 0.0000e+00
      0.011    23.5567     9.3257    110.099  70.905066     74.598      9.670   193.7036     1.2059     1.3613     0.0401      0.001      0.010      0.015        184 1.3064e+03   997.4952 0.0000e+00
      0.010    23.5988     9.2247    108.897  59.509162     60.477      9.664   192.6815     1.2288     1.3469     0.0340      0.001      0.010      0.015        185 1.3317e+03   997.4515 0.0000e+00
      0.010    23.6231     9.1517    108.033  50.293024     52.205      9.659   193.0600     1.1678     1.3036     0.0305      0.001      0.010      0.015        186 1.2747e+03   997.4294 0.0000e+00
      0.011    23.6401     9.0972    107.383  47.308158     48.339      9.658   195.1043     1.1868     1.3613     0.0288      0.001      0.010      0.015        187 1.2891e+03   997.4183 0.0000e+00
      0.010    23.6504     9.0590    106.925  45.370522     46.820      9.658   195.2179     1.2555     1.2748     0.0282      0.000      0.010      0.015        188 1.3079e+03   997.4118 0.0000e+00
      0.010    23.6544     9.0259    106.532  44.669036     45.827      9.656   195.7858     1.2784     1.3757     0.0278      0.000      0.010      0.015        189 1.2900e+03   997.4074 0.0000e+00
      0.011    23.6545     9.0003    106.232  43.733996     44.956      9.653   194.7636     1.2746     1.4045     0.0274      0.000      0.011      0.015        190 1.3028e+03   997.4045 0.0000e+00
      0.011    23.6567     8.9774    105.966  43.006275     44.235      9.650   194.9908     1.2479     1.3901     0.0271      0.000      0.011      0.015        191 1.2769e+03   997.4033 0.0000e+00
      0.011    23.6591     8.9645    105.817  42.046957     43.116      9.647   195.6343     1.2402     1.3324     0.0267      0.000      0.011      0.016        192 1.3114e+03   997.4030 0.0000e+00
      0.012    23.6628     8.9625    105.791  42.319185     43.544      9.641   196.3158     1.2517     1.2748     0.0268      0.001      0.011      0.016        193 1.3488e+03   997.4026 0.0000e+00
      0.011    23.6617     8.9622    105.787  41.896757     43.054      9.636   196.6186     1.2479     1.3324     0.0266      0.001      0.011      0.016        194 1.2902e+03   997.4019 0.0000e+00
      0.012    23.6569     8.9563    105.712  40.883055     41.960      9.623   196.2400     1.2479     1.3613     0.0262      0.001      0.011      0.016        195 1.2756e+03   997.4006 0.0000e+00
      0.011    23.6552     8.9555    105.704  40.705446     41.846      9.615   196.3158     1.1754     1.3036     0.0261      0.001      0.011      0.017        196 1.3376e+03   997.4008 0.0000e+00
      0.012    23.6528     8.9553    105.706  40.457866     41.563      9.601   196.1265     1.1830     1.3036     0.0260      0.001      0.012      0.018        197 1.3543e+03   997.4020 0.0000e+00
      0.013    23.6489     8.9553    105.714  39.946266     41.048      9.591   197.4136     1.1906     1.3180     0.0258      0.001      0.013      0.019        198 1.2939e+03   997.4022 0.0000e+00
      0.014    23.6477     8.9556    105.726  39.800836     40.878      9.581   198.0193     1.2326     1.2748     0.0257      0.001      0.014      0.020        199 1.2737e+03   997.4027 0.0000e+00
      0.014    23.6490     8.9395    105.541  39.808935     40.939      9.573   198.3222     1.0953     1.2892     0.0257      0.001      0.014      0.020        200 1.3029e+03   997.4037 0.0000e+00
      0.014    23.6510     8.9196    105.306  39.876909     40.940      9.564   198.3222     1.0609     1.3613     0.0257      0.002      0.014      0.020        201 1.4080e+03   997.4040 0.0000e+00
      0.014    23.6527     8.9001    105.074  40.190481     41.340      9.555   196.4672     1.0800     1.3180     0.0259      0.002      0.014      0.020        202 1.4179e+03   997.4038 0.0000e+00
      0.014    23.6521     8.8982    105.047  40.337536     41.425      9.543   197.7922     1.0762     1.3901     0.0259      0.001      0.014      0.020        203 1.2825e+03   997.4033 0.0000e+00
      0.014    23.6508     8.8922    104.973  40.227420     41.366      9.529   198.2465     1.0419     1.3469     0.0259      0.001      0.014      0.020        204 1.2660e+03   997.4029 0.0000e+00
      0.015    23.6491     8.9024    105.091  39.794002     40.879      9.513   199.6472     0.9961     1.4189     0.0257      0.001      0.014      0.020        205 1.3182e+03   997.4028 0.0000e+00
      0.014    23.6493     8.9127    105.210  38.861442     39.961      9.503   199.7229     1.0075     1.3901     0.0253      0.000      0.014      0.020        206 1.2751e+03   997.4029 0.0000e+00
      0.014    23.6515     8.9338    105.458  38.246273     39.245      9.497   196.4293     0.9885     1.3036     0.0250      0.000      0.014      0.020        207 1.2254e+03   997.4031 0.0000e+00
      0.014    23.6556     8.9486    105.635  37.862512     38.986      9.491   197.4515     1.1372     1.3324     0.0249      0.000      0.014      0.020        208 1.2420e+03   997.4030 0.0000e+00
      0.014    23.6604     8.9694    105.888  37.116264     38.066      9.488   197.6408     1.1449     1.3613     0.0246      0.000      0.014      0.020        209 1.2360e+03   997.4021 0.0000e+00
      0.014    23.6622     8.9828    106.056  36.952250     38.006      9.479   199.6851     1.1601     1.2892     0.0245      0.000      0.014      0.020        210 1.2613e+03   997.4010 0.0000e+00
      0.014    23.6628     8.9914    106.166  37.058997     38.059      9.462   199.6472     1.0991     1.3901     0.0246      0.000      0.014      0.020        211 1.2348e+03   997.4000 0.0000e+00
      0.014    23.6618     8.9972    106.242  37.161231     38.173      9.442   200.4043     1.1411     1.3180     0.0246      0.000      0.014      0.020        212 1.1677e+03   997.3996 0.0000e+00
      0.015    23.6592     8.9948    106.221  37.239919     38.287      9.416   196.9215     1.2059     1.2748     0.0246      0.000      0.015      0.021        213 1.1243e+03   997.3995 0.0000e+00
      0.016    23.6578     8.9969    106.249  37.020343     38.001      9.394   198.0572     1.2135     1.3469     0.0245      0.001      0.015      0.022        214 1.0379e+03   997.3997 0.0000e+00
      0.016    23.6568     8.9917    106.190  37.078861     38.118      9.374   198.2843     1.2021     1.2603     0.0246      0.001      0.015      0.022        215 9.5560e+02   997.4003 0.0000e+00
      0.016    23.6556     8.9790    106.044  37.167093     38.176      9.362   199.1172     1.2097     1.3613     0.0246      0.001      0.015      0.022        216 8.5616e+02   997.4006 0.0000e+00
      0.015    23.6552     8.9696    105.937  36.969813     38.005      9.356   201.0101     1.0838     1.2748     0.0245      0.001      0.015      0.022        217 8.0246e+02   997.4008 0.0000e+00
      0.016    23.6561     8.9614    105.841  36.909479     37.891      9.355   198.2086     1.0686     1.4478     0.0245      0.001      0.015      0.022        218 7.3234e+02   997.4011 0.0000e+00
      0.015    23.6593     8.9525    105.732  36.945824     38.006      9.358   198.5493     1.0800     1.3757     0.0245      0.001      0.015      0.022        219 6.5137e+02   997.4012 0.0000e+00
      0.015    23.6648     8.9469    105.666  37.102394     38.063      9.357   199.0036     1.0838     1.4189     0.0246      0.000      0.015      0.022        220 5.8481e+02   997.4010 0.0000e+00
      0.016    23.6691     8.9405    105.598  37.455521     38.548      9.356   199.3822     1.0190     1.5487     0.0248      0.000      0.015      0.022        221 5.0926e+02   997.4003 0.0000e+00
      0.015    23.6725     8.9402    105.602  37.306525     38.285      9.345   201.0858     1.0190     1.5631     0.0246     -0.000      0.015      0.022        222 4.6754e+02   997.3990 0.0000e+00
      0.016    23.6762     8.9456    105.668  37.021090     38.053      9.328   201.5401     0.9961     1.6208     0.0246     -0.000      0.015      0.022        223 4.4894e+02   997.3979 0.0000e+00
      0.016    23.6781     8.9562    105.793  36.832762     37.820      9.311   199.6851     1.0381     1.7218     0.0245      0.000      0.015      0.022        224 4.6346e+02   997.3969 0.0000e+00
      0.016    23.6793     8.9635    105.882  36.503661     37.502      9.297   199.7229     1.0190     1.3036     0.0243      0.000      0.015      0.022        225 4.8224e+02   997.3959 0.0000e+00
      0.016    23.6810     8.9703    105.970  36.156353     37.128      9.290   199.4579     1.0113     1.2748     0.0242      0.000      0.015      0.023        226 4.6899e+02   997.3954 0.0000e+00
      0.017    23.6830     8.9713    105.980  35.842531     36.811      9.286   200.5936     1.0266     1.4478     0.0240      0.000      0.016      0.024        227 4.9448e+02   997.3950 0.0000e+00
      0.017    23.6840     8.9694    105.960  35.797746     36.753      9.288   201.1236     1.0495     1.4045     0.0240      0.001      0.016      0.024        228 5.3733e+02   997.3946 0.0000e+00
      0.016    23.6821     8.9673    105.933  35.589776     36.579      9.291   202.1458     1.0304     1.3901     0.0239      0.000      0.016      0.023        229 5.3919e+02   997.3940 0.0000e+00
      0.016    23.6815     8.9671    105.922  35.360512     36.263      9.297   201.6915     1.0876     1.3469     0.0238      0.000      0.016      0.023        230 5.7259e+02   997.3936 0.0000e+00
      0.016    23.6852     8.9669    105.899  35.520030     36.522      9.302   201.4643     1.0533     1.3901     0.0239      0.000      0.016      0.023        231 6.2373e+02   997.3942 0.0000e+00
      0.016    23.6891     8.9691    105.900  35.717223     36.638      9.304   201.7293     1.0915     1.2748     0.0240      0.000      0.016      0.023        232 7.2233e+02   997.3944 0.0000e+00
      0.016    23.6905     8.9682    105.885  35.915207     36.921      9.313   201.5022     1.0648     1.3180     0.0241      0.000      0.016      0.023        233 8.5882e+02   997.3936 0.0000e+00
      0.017    23.6900     8.9668    105.874  35.925579     36.861      9.315   201.9943     1.1449     1.3324     0.0241      0.000      0.016      0.023        234 9.7041e+02   997.3926 0.0000e+00
      0.016    23.6921     8.9587    105.787  35.674681     36.659      9.321   204.0765     1.1105     1.2171     0.0240     -0.000      0.016      0.023        235 1.0695e+03   997.3922 0.0000e+00
      0.017    23.6952     8.9389    105.563  35.782941     36.688      9.319   203.3572     1.1258     1.4045     0.0240      0.000      0.016      0.023        236 1.1689e+03   997.3924 0.0000e+00
      0.016    23.6952     8.9336    105.506  36.205727     37.232      9.323   203.6601     1.1334     1.4189     0.0242      0.000      0.016      0.024        237 1.2221e+03   997.3920 0.0000e+00
      0.018    23.6957     8.9346    105.511  36.363521     37.286      9.322   202.6001     1.1029     1.4045     0.0242      0.000      0.016      0.024        238 1.2189e+03   997.3913 0.0000e+00
      0.016    23.6949     8.9370    105.540  36.534861     37.545      9.320   202.9408     1.1487     1.3469     0.0244      0.000      0.016      0.024        239 1.1721e+03   997.3913 0.0000e+00
      0.017    23.6906     8.9389    105.560  36.525916     37.487      9.317   203.2815     1.1449     1.3324     0.0243      0.000      0.017      0.024        240 1.1838e+03   997.3911 0.0000e+00
      0.017    23.6801     8.9413    105.596  36.582093     37.545      9.319   206.6508     1.1334     1.4045     0.0244      0.000      0.017      0.025        241 1.1560e+03   997.3914 0.0000e+00
