Data/DataAlreadyUploadedToEDI/CollatedDataForEDI/CTDData/CTD_2019 (not collated)/061019_fcr30.cnv
* Sea-Bird SBE19plus  Data File:
* FileName = C:\DATA\061019_fcr_0004.hex
* Software version 2.8.0.119
* Temperature SN = 7809
* Conductivity SN = 7809
* System UpLoad Time = Jun 10 2019 13:28:56
* <ApplicationData>
* <Seaterm232>
# nquan = 18
# nvalues = 529                         
# units = specified
# name 0 = depFM: Depth [fresh water, m]
# name 1 = tv290C: Temperature [ITS-90, deg C]
# name 2 = sbeox0Mg/L: Oxygen, SBE 43 [mg/l]
# name 3 = sbeox0PS: Oxygen, SBE 43 [% saturation]
# name 4 = c0uS/cm: Conductivity [uS/cm]
# name 5 = specc: Specific Conductance [uS/cm]
# name 6 = ph: pH
# name 7 = orp: Oxidation Reduction Potential [mV]
# name 8 = flECO-AFL: Fluorescence, WET Labs ECO-AFL/FL [mg/m^3]
# name 9 = turbWETntu0: Turbidity, WET Labs ECO [NTU]
# name 10 = sal00: Salinity, Practical [PSU]
# name 11 = dz/dtM: Descent Rate [m/s]
# name 12 = prdM: Pressure, Strain Gauge [db]
# name 13 = prdE: Pressure, Strain Gauge [psi]
# name 14 = scan: Scan Count
# name 15 = par/sat/log: PAR/Logarithmic, Satlantic
# name 16 = density00: Density [density, kg/m^3]
# name 17 = flag:  0.000e+00
# span 0 =     -0.591,      5.378       
# span 1 =     9.8437,    21.8022       
# span 2 =     1.6020,    12.7321       
# span 3 =     14.345,    131.868       
# span 4 =   0.902047,  31.412692       
# span 5 =      0.994,     37.881       
# span 6 =      7.007,     10.103       
# span 7 =  -859.0687,   294.8203       
# span 8 =    -0.1598,     3.7694       
# span 9 =    -0.6287,    15.8676       
# span 10 =     0.0102,     0.0222      
# span 11 =     -0.102,      0.257      
# span 12 =     -0.580,      5.273      
# span 13 =     -0.841,      7.648      
# span 14 =          1,        529      
# span 15 = 6.3179e+00, 1.1650e+03      
# span 16 =   997.8334,   999.7551      
# span 17 = 0.0000e+00, 0.0000e+00      
# interval = seconds: 0.25
# start_time = Jun 10 2019 12:19:39 [Instrument's time stamp, header]
# bad_flag = -9.990e-29
*END*
[from data line 483]
      4.571    10.6287     2.3740     21.060  26.192775     36.455      8.347   293.9118     1.5530     2.2841     0.0194      0.138      4.484      6.504        484 1.5519e+01   999.6489 0.0000e+00
      4.614    10.5090     2.5555     22.649  25.785560     36.011      8.347   293.6468     1.5683     2.2841     0.0191      0.147      4.522      6.559        485 1.5044e+01   999.6666 0.0000e+00
      4.647    10.4483     2.7606     24.447  25.587821     35.920      8.346   293.3439     1.5874     2.3274     0.0190      0.150      4.555      6.606        486 1.4667e+01   999.6806 0.0000e+00
      4.672    10.4341     2.9728     26.304  25.609543     36.043      8.345   293.4196     1.4424     2.5725     0.0190      0.146      4.581      6.644        487 1.4292e+01   999.6921 0.0000e+00
      4.696    10.4526     3.2154     28.433  25.699327     36.261      8.345   294.2146     1.4462     2.7023     0.0191      0.137      4.606      6.680        488 1.3917e+01   999.6980 0.0000e+00
      4.722    10.4538     3.4890     30.839  25.890789     36.512      8.346   293.9496     1.4615     2.6302     0.0192      0.129      4.632      6.718        489 1.3573e+01   999.6996 0.0000e+00
      4.751    10.3672     3.8077     33.648  25.726719     36.336      8.344   294.2903     1.4462     2.5581     0.0191      0.122      4.662      6.762        490 1.3086e+01   999.6979 0.0000e+00
      4.790    10.2450     4.1543     36.704  25.044539     35.268      8.343   294.4796     1.4272     2.6735     0.0187      0.120      4.698      6.814        491 1.2459e+01   999.6976 0.0000e+00
      4.829    10.1637     4.5312     40.029  24.814486     35.081      8.343   294.0253     1.3547     4.2452     0.0186      0.119      4.733      6.865        492 1.2075e+01   999.7059 0.0000e+00
      4.860    10.1088     4.9286     43.533  24.917124     35.361      8.342   294.1768     1.4043     4.2885     0.0186      0.119      4.768      6.915        493 1.1690e+01   999.7174 0.0000e+00
      4.897    10.0531     5.2745     46.583  24.650275     35.047      8.346   293.9118     1.4119     4.2452     0.0184      0.124      4.803      6.967        494 1.1123e+01   999.7248 0.0000e+00
      4.937    10.0134     5.5834     49.304  24.406139     34.742      8.342   294.1389     1.3699     4.2596     0.0183      0.132      4.841      7.021        495 1.0667e+01   999.7297 0.0000e+00
      4.973     9.9804     5.8220     51.402  24.391649     34.800      8.341   294.0632     1.3966     4.9085     0.0183      0.138      4.876      7.072        496 1.0290e+01   999.7349 0.0000e+00
      5.005     9.9444     5.9911     52.888  24.342525     34.757      8.341   293.6846     1.4043     4.9951     0.0182      0.141      4.908      7.118        497 9.9911e+00   999.7386 0.0000e+00
      5.034     9.9179     6.0768     53.642  24.259963     34.671      8.340   293.9875     1.3966     4.9518     0.0182      0.140      4.937      7.161        498 9.7219e+00   999.7415 0.0000e+00
      5.064     9.8999     6.0816     53.685  24.287082     34.747      8.340   293.6468     1.3928     4.9951     0.0182      0.136      4.966      7.203        499 9.3544e+00   999.7449 0.0000e+00
      5.094     9.8889     6.0300     53.228  24.279168     34.773      8.340   293.7225     1.2479     4.4327     0.0182      0.132      4.995      7.245        500 9.0590e+00   999.7473 0.0000e+00
      5.122     9.8818     5.9142     52.211  24.240202     34.711      8.340   293.7982     1.2326     4.5625     0.0182      0.128      5.025      7.288        501 8.7538e+00   999.7490 0.0000e+00
      5.156     9.8760     5.7813     51.050  24.276345     34.802      8.339   293.9875     1.2593     4.5769     0.0182      0.124      5.058      7.336        502 8.2529e+00   999.7501 0.0000e+00
      5.194     9.8706     5.6270     49.700  24.234196     34.729      8.336   293.7603     1.2593     4.3894     0.0182      0.122      5.093      7.387        503 7.8465e+00   999.7509 0.0000e+00
      5.229     9.8652     5.4778     48.387  24.233424     34.735      8.336   293.7225     1.2402     4.1587     0.0182      0.124      5.128      7.438        504 7.5361e+00   999.7516 0.0000e+00
      5.265     9.8587     5.3395     47.170  24.247688     34.780      8.336   293.9496     1.2479     4.1299     0.0182      0.127      5.164      7.490        505 7.1339e+00   999.7522 0.0000e+00
      5.305     9.8516     5.2248     46.170  24.186828     34.666      8.333   294.1768     1.2479     4.2164     0.0181      0.133      5.201      7.544        506 6.7532e+00   999.7528 0.0000e+00
      5.341     9.8460     5.1319     45.361  24.161076     34.672      8.335   294.1389     1.2593     4.2164     0.0181      0.137      5.233      7.589        507 6.4934e+00   999.7536 0.0000e+00
      5.362     9.8442     5.0682     44.806  24.102032     34.559      8.332   293.9875     1.3051     3.9424     0.0181      0.137      5.253      7.619        508 6.4797e+00   999.7542 0.0000e+00
      5.367     9.8443     5.0346     44.524  24.171456     34.685      8.330   294.3660     1.3242     3.9424     0.0181      0.129      5.261      7.631        509 6.5018e+00   999.7548 0.0000e+00
      5.368     9.8437     5.0199     44.430  24.222768     34.767      8.330   294.2903     1.3318     3.9712     0.0182      0.112      5.264      7.635        510 6.4674e+00   999.7550 0.0000e+00
      5.369     9.8474     5.0204     44.477  24.186265     34.686      8.331   294.8203     1.3318     4.0433     0.0181      0.090      5.265      7.637        511 6.4916e+00   999.7549 0.0000e+00
      5.370     9.8578     5.0274     44.595  24.246502     34.807      8.328   294.3660     1.3127     3.8847     0.0182      0.067      5.266      7.638        512 6.4880e+00   999.7551 0.0000e+00
      5.372     9.8685     5.0412     44.771  24.236657     34.764      8.327   294.2146     1.3127     3.7261     0.0182      0.045      5.268      7.640        513 6.4837e+00   999.7547 0.0000e+00
      5.373     9.8721     5.0637     44.998  24.228133     34.753      8.325   294.2146     1.3280     3.7550     0.0182      0.025      5.269      7.642        514 6.4732e+00   999.7538 0.0000e+00
      5.373     9.8764     5.0817     45.168  24.227489     34.742      8.324   294.6310     1.3509     3.7550     0.0182      0.011      5.269      7.642        515 6.4375e+00   999.7529 0.0000e+00
      5.374     9.8881     5.0823     45.173  24.237456     34.739      8.324   294.1389     1.3242     3.8126     0.0182      0.005      5.270      7.643        516 6.4323e+00   999.7526 0.0000e+00
      5.375     9.9003     5.0893     45.216  24.274965     34.815      8.324   294.2525     1.2517     3.7838     0.0182      0.004      5.271      7.645        517 6.4370e+00   999.7523 0.0000e+00
      5.376     9.9072 -9.990e-29 -9.990e-29  24.299282     34.803      8.322   294.1389     1.2593     3.8271     0.0182      0.004      5.272      7.646        518 6.4449e+00   999.7513 0.0000e+00
      5.377     9.9226 -9.990e-29 -9.990e-29  24.296045     34.831      8.320   294.2146     1.2936     3.7117     0.0182      0.004      5.272      7.647        519 6.4151e+00   999.7502 0.0000e+00
      5.376     9.9557 -9.990e-29 -9.990e-29  24.249369     34.704      8.321   294.4796     1.2517     3.7838     0.0182      0.003      5.272      7.647        520 6.3934e+00   999.7496 0.0000e+00
      5.377     9.9973 -9.990e-29 -9.990e-29  24.327746     34.849      8.315   294.2903     1.3089     3.8703     0.0182      0.003      5.272      7.647        521 6.3928e+00   999.7483 0.0000e+00
      5.376    10.0497 -9.990e-29 -9.990e-29  24.405827     34.895      8.315   294.4796     1.3203     3.6973     0.0183      0.002      5.272      7.647        522 6.3721e+00   999.7454 0.0000e+00
      5.377    10.1010 -9.990e-29 -9.990e-29  24.389133     34.855      8.316   294.4418     1.3280     3.8271     0.0183      0.002      5.273      7.648        523 6.3623e+00   999.7417 0.0000e+00
      5.377    10.1255 -9.990e-29 -9.990e-29  24.407743     34.801      8.316   294.4796     1.3280     3.7982     0.0183      0.001      5.273      7.648        524 6.3744e+00   999.7372 0.0000e+00
      5.377    10.1374 -9.990e-29 -9.990e-29  24.441887     34.830      8.311   294.5175     1.3242     3.7550     0.0183      0.001      5.273      7.648        525 6.3993e+00   999.7325 0.0000e+00
      5.377    10.1332 -9.990e-29 -9.990e-29  24.465099     34.805      8.312   294.5553     1.3203     3.7982     0.0183      0.000      5.273      7.648        526 6.3619e+00   999.7303 0.0000e+00
      5.377    10.1206 -9.990e-29 -9.990e-29  24.526939     34.914      8.310   294.5553     1.3318     3.8126     0.0184      0.000      5.273      7.648        527 6.3179e+00   999.7293 0.0000e+00
      5.377 -9.990e-29 -9.990e-29 -9.990e-29  24.513018     34.876      8.308   294.5932     1.3242     3.8271     0.0184      0.000      5.273      7.648        528 6.3323e+00   999.7297 0.0000e+00
      5.378 -9.990e-29 -9.990e-29 -9.990e-29  24.452805     34.814      8.307   294.7068     1.4043     3.7838     0.0183      0.000      5.273      7.648        529 6.3439e+00   999.7308 0.0000e+00
