Data/DataAlreadyUploadedToEDI/CollatedDataForEDI/CTDData/CTD_2019 (not collated)/061019_fcr10.cnv
* Sea-Bird SBE19plus  Data File:
* FileName = C:\DATA\061019_fcr_0002.hex
* Software version 2.8.0.119
* Temperature SN = 7809
* Conductivity SN = 7809
* System UpLoad Time = Jun 10 2019 13:28:20
* <ApplicationData>
* <Seaterm232>
# nquan = 18
# nvalues = 398                         
# units = specified
# name 0 = depFM: Depth [fresh water, m]
# name 1 = tv290C: Temperature [ITS-90, deg C]
# name 2 = sbeox0Mg/L: Oxygen, SBE 43 [mg/l]
# name 3 = sbeox0PS: Oxygen, SBE 43 [% saturation]
# name 4 = c0uS/cm: Conductivity [uS/cm]
# name 5 = specc: Specific Conductance [uS/cm]
# name 6 = ph: pH
# name 7 = orp: Oxidation Reduction Potential [mV]
# name 8 = flECO-AFL: Fluorescence, WET Labs ECO-AFL/FL [mg/m^3]
# name 9 = turbWETntu0: Turbidity, WET Labs ECO [NTU]
# name 10 = sal00: Salinity, Practical [PSU]
# name 11 = dz/dtM: Descent Rate [m/s]
# name 12 = prdM: Pressure, Strain Gauge [db]
# name 13 = prdE: Pressure, Strain Gauge [psi]
# name 14 = scan: Scan Count
# name 15 = par/sat/log: PAR/Logarithmic, Satlantic
# name 16 = density00: Density [density, kg/m^3]
# name 17 = flag:  0.000e+00
# span 0 =     -0.595,      2.678       
# span 1 =    18.8116,    21.6992       
# span 2 =    -1.0177,    10.0700       
# span 3 =    -10.939,    114.299       
# span 4 =   0.150132,  60.447383       
# span 5 =      0.536,     69.363       
# span 6 =      7.659,     10.704       
# span 7 =     8.6952,   371.3677       
# span 8 =    -0.1522,     3.1400       
# span 9 =    -0.3114,     7.9655       
# span 10 =     0.0102,     0.0366      
# span 11 =     -0.178,      0.319      
# span 12 =     -0.584,      2.625      
# span 13 =     -0.846,      3.808      
# span 14 =          1,        398      
# span 15 = 2.0473e+01, 4.5860e+02      
# span 16 =   997.8553,   998.4820      
# span 17 = 0.0000e+00, 0.0000e+00      
# interval = seconds: 0.25
# start_time = Jun 10 2019 12:06:24 [Instrument's time stamp, header]
# bad_flag = -9.990e-29
*END*
[from data line 242]
     -0.111    21.6652     9.1262    103.731  30.665909     32.866      8.769   259.5752     2.0108     1.4910     0.0218      0.024     -0.107     -0.156        243 3.2623e+02   997.8636 0.0000e+00
     -0.118    21.6652     9.1219    103.690  30.634614     32.806      8.781   259.1588     2.1710     1.8515     0.0218      0.016     -0.111     -0.161        244 3.7881e+02   997.8634 0.0000e+00
     -0.111    21.6654     9.1216    103.698  30.666795     32.866      8.788   259.4617     2.1863     1.7939     0.0218      0.009     -0.109     -0.158        245 3.3871e+02   997.8634 0.0000e+00
     -0.106    21.6657     9.1251    103.747  30.685112     32.866      8.794   259.4995     2.1748     1.8227     0.0218     -0.000     -0.105     -0.152        246 1.5539e+02   997.8635 0.0000e+00
     -0.103    21.6666     9.1329    103.844  30.611818     32.806      8.795   259.5752     2.1825     1.8660     0.0218     -0.004     -0.102     -0.147        247 3.5629e+02   997.8634 0.0000e+00
     -0.102    21.6685     9.1339    103.859  30.639504     32.806      8.798   259.0831     2.2473     2.1399     0.0218     -0.002     -0.101     -0.145        248 4.4444e+02   997.8633 0.0000e+00
     -0.103    21.6699     9.1384    103.907  30.709911     32.925      8.796   259.4238     2.2359     2.0390     0.0219      0.000     -0.102     -0.147        249 3.9904e+02   997.8632 0.0000e+00
     -0.106    21.6701     9.1311    103.814  30.642702     32.804      8.796   259.5374     2.2473     2.0534     0.0218      0.003     -0.103     -0.149        250 4.2219e+02   997.8627 0.0000e+00
     -0.105    21.6700     9.1180    103.658  30.663890     32.863      8.791   259.4995     2.2550     1.9813     0.0218      0.005     -0.103     -0.149        251 4.0206e+02   997.8624 0.0000e+00
     -0.104    21.6703     9.1050    103.509  30.624289     32.803      8.791   248.6345     2.2435     1.7650     0.0218      0.005     -0.103     -0.148        252 4.1842e+02   997.8624 0.0000e+00
     -0.104    21.6721     9.0926    103.373  30.573482     32.743      8.787   247.8395     2.2473     1.8083     0.0218      0.002     -0.103     -0.150        253 4.1295e+02   997.8624 0.0000e+00
     -0.109    21.6758     9.0873    103.319  30.727120     32.922      8.786   246.9309     2.2321     1.8804     0.0219     -0.001     -0.103     -0.150        254 4.1689e+02   997.8623 0.0000e+00
     -0.103    21.6813     9.0948    103.413  30.729350     32.921      8.787   246.2495     2.2397     1.8660     0.0219     -0.001     -0.097     -0.141        255 4.2103e+02   997.8619 0.0000e+00
     -0.084    21.6863     9.1032    103.515  30.629958     32.799      8.775   245.7195     2.2588     1.7650     0.0218      0.004     -0.085     -0.123        256 4.3291e+02   997.8612 0.0000e+00
     -0.074    21.6904     9.1117    103.618  30.673054     32.855      8.727   245.3030     2.2244     1.8948     0.0218      0.012     -0.080     -0.115        257 4.3074e+02   997.8600 0.0000e+00
     -0.083    21.6926     9.1141    103.649  30.675717     32.851      8.701   245.0002     2.2473     1.8948     0.0218      0.015     -0.091     -0.131        258 4.3175e+02   997.8589 0.0000e+00
     -0.119    21.6903     9.1082    103.576  30.626641     32.789      8.719   245.1516     2.2397     1.7794     0.0218      0.006     -0.120     -0.174        259 4.3411e+02   997.8578 0.0000e+00
     -0.165    21.6857     9.0918    103.381  30.674872     32.847      8.731   245.4545     2.2206     1.5487     0.0218     -0.014     -0.159     -0.231        260 4.3324e+02   997.8571 0.0000e+00
     -0.203    21.6822     9.0701    103.126  30.674946     32.848      8.743   245.2652     1.9994     1.5776     0.0218     -0.039     -0.196     -0.285        261 4.3403e+02   997.8574 0.0000e+00
     -0.234    21.6815     9.0585    102.987  30.626549     32.792      8.753   260.7867     2.0184     1.6497     0.0218     -0.066     -0.225     -0.326        262 4.3412e+02   997.8583 0.0000e+00
     -0.250    21.6841     9.0512    102.893  30.616596     32.794      8.756   245.9088     1.9956     1.5920     0.0218     -0.090     -0.242     -0.352        263 4.3303e+02   997.8590 0.0000e+00
     -0.257    21.6872     9.0546    102.927  30.628080     32.795      8.762   263.0581     1.9956     1.5199     0.0218     -0.105     -0.252     -0.367        264 4.3240e+02   997.8591 0.0000e+00
     -0.267    21.6909     9.0602    102.997  30.671511     32.853      8.759   262.5659     1.9498     1.6064     0.0218     -0.106     -0.262     -0.379        265 4.3085e+02   997.8585 0.0000e+00
     -0.276    21.6947     9.0742    103.168  30.681053     32.851      8.751   263.0202     1.9383     1.6208     0.0218     -0.095     -0.268     -0.387        266 4.3113e+02   997.8578 0.0000e+00
     -0.274    21.6976     9.0821    103.267  30.675456     32.848      8.741   263.6260     1.9460     1.5776     0.0218     -0.072     -0.263     -0.382        267 4.3303e+02   997.8569 0.0000e+00
     -0.255    21.6992     9.0993    103.468  30.678474     32.845      8.721   263.5502     1.9498     1.5199     0.0218     -0.044     -0.248     -0.360        268 4.3202e+02   997.8562 0.0000e+00
     -0.232    21.6968     9.1096    103.586  30.618045     32.784      8.698   263.4745     1.9307     1.7939     0.0218     -0.016     -0.227     -0.330        269 4.3337e+02   997.8557 0.0000e+00
     -0.209    21.6921     9.1173    103.667  30.632154     32.782      8.681   261.4302     1.9269     1.7362     0.0218      0.010     -0.207     -0.300        270 4.3343e+02   997.8553 0.0000e+00
     -0.193    21.6885     9.1261    103.750  30.660915     32.844      8.681   262.5281     1.9765     1.9092     0.0218      0.030     -0.189     -0.275        271 4.3512e+02   997.8560 0.0000e+00
     -0.177    21.6846     9.1249    103.731  30.641505     32.787      8.676   260.5595     1.9383     1.7794     0.0218      0.047     -0.173     -0.251        272 4.3276e+02   997.8571 0.0000e+00
     -0.158    21.6797     9.1294    103.776  30.656311     32.850      8.673   259.8402     1.9116     1.8227     0.0218      0.062     -0.153     -0.222        273 4.3815e+02   997.8580 0.0000e+00
     -0.132    21.6771     9.1334    103.805  30.642491     32.793      8.664   259.5752     1.9383     1.7506     0.0218      0.073     -0.129     -0.187        274 4.2852e+02   997.8590 0.0000e+00
     -0.105    21.6798     9.1422    103.849  30.599454     32.796      8.650   259.4617     1.9116     1.8371     0.0218      0.080     -0.104     -0.151        275 4.3352e+02   997.8602 0.0000e+00
     -0.082    21.6858     9.1475    103.830  30.591368     32.738      8.637   247.9531     1.9193     1.9669     0.0218      0.083     -0.081     -0.118        276 4.1047e+02   997.8609 0.0000e+00
     -0.063    21.6907     9.1368    103.646  30.652555     32.856      8.630   247.4230     1.9879     1.8371     0.0218      0.084     -0.060     -0.087        277 4.3197e+02   997.8604 0.0000e+00
     -0.038    21.6931     9.1077    103.279  30.582559     32.732      8.625   247.3852     1.9917     1.8227     0.0218      0.086     -0.037     -0.054        278 3.7511e+02   997.8592 0.0000e+00
     -0.013    21.6941     9.0712    102.852  30.559970     32.729      8.618   246.7416     2.0032     1.8083     0.0218      0.090     -0.012     -0.018        279 2.0739e+02   997.8582 0.0000e+00
      0.015    21.6899     9.0354    102.452  30.621413     32.787      8.615   245.7195     1.9879     1.7794     0.0218      0.093      0.014      0.020        280 2.4186e+02   997.8578 0.0000e+00
      0.042    21.6823     9.0148    102.206  30.624598     32.786      8.620   244.6595     2.1253     1.7939     0.0218      0.096      0.040      0.059        281 2.6151e+02   997.8577 0.0000e+00
      0.067    21.6787     8.9958    101.970  30.615259     32.789      8.631   243.9402     2.1100     1.7362     0.0218      0.097      0.065      0.095        282 2.4254e+02   997.8587 0.0000e+00
      0.091    21.6764     8.9788    101.764  30.573784     32.735      8.643   243.4480     2.1405     1.8371     0.0218      0.098      0.089      0.129        283 2.4725e+02   997.8605 0.0000e+00
      0.114    21.6674     8.9765    101.764  30.557710     32.737      8.655   243.2209     2.1176     1.7650     0.0218      0.099      0.112      0.162        284 2.2790e+02   997.8614 0.0000e+00
      0.136    21.6404     8.9791    101.820  30.576013     32.739      8.660   242.7666     2.1481     1.8083     0.0218      0.099      0.136      0.196        285 2.3117e+02   997.8620 0.0000e+00
      0.165    21.6010     8.9850    101.895  30.610260     32.804      8.662   242.3880     2.0451     1.5920     0.0218      0.099      0.162      0.235        286 2.2943e+02   997.8641 0.0000e+00
      0.195    21.5701     8.9977    102.040  30.574346     32.764      8.664   242.3502     2.0566     1.5199     0.0218      0.099      0.190      0.276        287 2.2136e+02   997.8703 0.0000e+00
      0.224    21.5513     9.0156    102.240  30.561465     32.792      8.664   242.5395     2.0604     1.6064     0.0218      0.100      0.219      0.317        288 2.1445e+02   997.8793 0.0000e+00
      0.251    21.5453     9.0398    102.508  30.567053     32.814      8.662   242.1230     2.0566     1.6497     0.0218      0.102      0.247      0.357        289 2.0833e+02   997.8862 0.0000e+00
      0.281    21.5471     9.0627    102.757  30.567406     32.827      8.653   242.3123     2.0986     1.5487     0.0218      0.105      0.273      0.397        290 1.9410e+02   997.8905 0.0000e+00
      0.305    21.5420     9.0801    102.944  30.620288     32.891      8.638   242.0473     2.1214     1.5776     0.0218      0.107      0.297      0.432        291 1.9043e+02   997.8920 0.0000e+00
      0.324    21.5305     9.0819    102.959  30.560499     32.829      8.633   242.0852     2.1100     1.5631     0.0218      0.107      0.319      0.464        292 1.8811e+02   997.8917 0.0000e+00
      0.350    21.5256     9.0798    102.914  30.523309     32.774      8.627   242.1609     2.1100     1.6208     0.0218      0.105      0.343      0.499        293 1.7463e+02   997.8930 0.0000e+00
      0.378    21.5375     9.0806    102.859  30.607320     32.901      8.626   242.0852     2.1710     1.5487     0.0218      0.103      0.367      0.532        294 1.6798e+02   997.8956 0.0000e+00
      0.394    21.5508     9.0732    102.724  30.633710     32.905      8.631   242.0473     2.1863     1.6352     0.0218      0.098      0.382      0.555        295 1.6910e+02   997.8968 0.0000e+00
      0.397    21.5551     9.0633    102.569  30.668226     32.956      8.630   242.1987     2.1825     1.5487     0.0218      0.089      0.390      0.567        296 1.6315e+02   997.8942 0.0000e+00
      0.405    21.5555     9.0467    102.350  30.623613     32.887      8.634   242.3123     2.1787     1.6352     0.0218      0.078      0.398      0.579        297 1.5753e+02   997.8913 0.0000e+00
      0.419    21.5539     9.0311    102.163  30.629972     32.884      8.644   242.3880     2.2588     1.5199     0.0218      0.068      0.411      0.597        298 1.4874e+02   997.8903 0.0000e+00
      0.436    21.5504     9.0198    102.043  30.719565     33.003      8.650   242.3502     2.2817     1.6064     0.0219      0.061      0.429      0.623        299 1.4558e+02   997.8904 0.0000e+00
      0.461    21.5456     9.0079    101.932  30.689875     32.945      8.654   242.4259     2.2244     1.4910     0.0218      0.058      0.451      0.655        300 1.4072e+02   997.8909 0.0000e+00
      0.484    21.5404     8.9956    101.820  30.666922     32.947      8.657   242.8802     2.2435     1.5343     0.0218      0.058      0.476      0.690        301 1.3733e+02   997.8918 0.0000e+00
      0.511    21.5379     8.9876    101.748  30.688879     32.951      8.662   242.6909     2.5525     1.5487     0.0218      0.063      0.502      0.728        302 1.3262e+02   997.8929 0.0000e+00
      0.541    21.5260     8.9807    101.662  30.721804     33.014      8.656   242.8802     2.5334     1.5199     0.0219      0.074      0.530      0.768        303 1.2907e+02   997.8942 0.0000e+00
      0.569    21.4956     8.9815    101.630  30.685202     32.956      8.653   242.9938     2.5258     1.6352     0.0218      0.087      0.558      0.808        304 1.2678e+02   997.8949 0.0000e+00
      0.596    21.4683     8.9893    101.632  30.615927     32.904      8.647   243.0695     2.5296     1.5487     0.0218      0.096      0.583      0.846        305 1.2221e+02   997.8977 0.0000e+00
      0.621    21.4478     8.9862    101.480  30.571011     32.867      8.641   243.5995     2.5258     1.6208     0.0218      0.102      0.607      0.879        306 1.1936e+02   997.9045 0.0000e+00
      0.640    21.4323     8.9833    101.344  30.504099     32.825      8.637   243.3723     2.5029     1.5776     0.0218      0.103      0.623      0.903        307 1.1667e+02   997.9106 0.0000e+00
      0.645    21.4270     8.9714    101.126  30.521451     32.840      8.623   243.2209     2.4838     1.4622     0.0218      0.097      0.629      0.913        308 1.1726e+02   997.9151 0.0000e+00
      0.640    21.4312     8.9598    100.922  30.549425     32.911      8.620   243.4480     2.4877     1.7506     0.0218      0.083      0.629      0.913        309 1.1654e+02   997.9186 0.0000e+00
      0.642    21.4430     8.9370    100.595  30.528544     32.855      8.624   243.4480     2.4610     1.6929     0.0218      0.067      0.628      0.911        310 1.1665e+02   997.9197 0.0000e+00
      0.639    21.4567     8.9020    100.127  30.606693     32.972      8.621   243.7130     2.6784     1.6208     0.0218      0.047      0.627      0.910        311 1.1580e+02   997.9187 0.0000e+00
      0.637    21.4656     8.8576     99.559  30.629926     32.963      8.631   243.7888     2.6822     1.6208     0.0218      0.029      0.628      0.912        312 1.1254e+02   997.9163 0.0000e+00
      0.646    21.4617     8.8127     99.009  30.618131     32.954      8.633   244.1295     2.6670     1.6208     0.0218      0.016      0.641      0.931        313 1.0929e+02   997.9132 0.0000e+00
      0.682    21.4406     8.7622     98.398  30.621367     32.947      8.632   244.4702     2.6784     1.6497     0.0218      0.016      0.672      0.975        314 1.0327e+02   997.9113 0.0000e+00
      0.728    21.3969     8.7143     97.809  30.507390     32.830      8.624   244.4323     2.5945     1.8804     0.0218      0.031      0.714      1.035        315 9.9441e+01   997.9124 0.0000e+00
      0.773    21.3387     8.6491     97.033  30.522967     32.845      8.616   244.3188     2.6250     1.8083     0.0218      0.057      0.757      1.098        316 9.5097e+01   997.9173 0.0000e+00
      0.814    21.2859     8.5953     96.395  30.661246     33.056      8.616   244.4323     2.6135     1.7650     0.0218      0.086      0.796      1.155        317 9.1765e+01   997.9272 0.0000e+00
      0.848    21.2434     8.5507     95.867  30.513079     32.917      8.618   245.0380     2.6135     1.8804     0.0218      0.111      0.829      1.203        318 8.8778e+01   997.9402 0.0000e+00
      0.874    21.2061     8.5260     95.571  30.411120     32.834      8.618   245.0380     2.6479     1.9092     0.0217      0.131      0.857      1.243        319 8.5947e+01   997.9518 0.0000e+00
      0.901    21.1704     8.5041     95.311  30.491894     32.985      8.614   245.1516     2.6898     1.7939     0.0218      0.141      0.884      1.282        320 8.3466e+01   997.9613 0.0000e+00
      0.931    21.1323     8.4606     94.814  30.649585     33.132      8.613   245.4166     2.6670     1.8660     0.0218      0.141      0.912      1.322        321 7.9682e+01   997.9697 0.0000e+00
