Data/DataAlreadyUploadedToEDI/CollatedDataForEDI/CTDData/CTD_2019 (not collated)/061019_fcr10.cnv
* Sea-Bird SBE19plus  Data File:
* FileName = C:\DATA\061019_fcr_0002.hex
* Software version 2.8.0.119
* Temperature SN = 7809
* Conductivity SN = 7809
* System UpLoad Time = Jun 10 2019 13:28:20
* <ApplicationData>
* <Seaterm232>
# nquan = 18
# nvalues = 398                         
# units = specified
# name 0 = depFM: Depth [fresh water, m]
# name 1 = tv290C: Temperature [ITS-90, deg C]
# name 2 = sbeox0Mg/L: Oxygen, SBE 43 [mg/l]
# name 3 = sbeox0PS: Oxygen, SBE 43 [% saturation]
# name 4 = c0uS/cm: Conductivity [uS/cm]
# name 5 = specc: Specific Conductance [uS/cm]
# name 6 = ph: pH
# name 7 = orp: Oxidation Reduction Potential [mV]
# name 8 = flECO-AFL: Fluorescence, WET Labs ECO-AFL/FL [mg/m^3]
# name 9 = turbWETntu0: Turbidity, WET Labs ECO [NTU]
# name 10 = sal00: Salinity, Practical [PSU]
# name 11 = dz/dtM: Descent Rate [m/s]
# name 12 = prdM: Pressure, Strain Gauge [db]
# name 13 = prdE: Pressure, Strain Gauge [psi]
# name 14 = scan: Scan Count
# name 15 = par/sat/log: PAR/Logarithmic, Satlantic
# name 16 = density00: Density [density, kg/m^3]
# name 17 = flag:  0.000e+00
# span 0 =     -0.595,      2.678       
# span 1 =    18.8116,    21.6992       
# span 2 =    -1.0177,    10.0700       
# span 3 =    -10.939,    114.299       
# span 4 =   0.150132,  60.447383       
# span 5 =      0.536,     69.363       
# span 6 =      7.659,     10.704       
# span 7 =     8.6952,   371.3677       
# span 8 =    -0.1522,     3.1400       
# span 9 =    -0.3114,     7.9655       
# span 10 =     0.0102,     0.0366      
# span 11 =     -0.178,      0.319      
# span 12 =     -0.584,      2.625      
# span 13 =     -0.846,      3.808      
# span 14 =          1,        398      
# span 15 = 2.0473e+01, 4.5860e+02      
# span 16 =   997.8553,   998.4820      
# span 17 = 0.0000e+00, 0.0000e+00      
# interval = seconds: 0.25
# start_time = Jun 10 2019 12:06:24 [Instrument's time stamp, header]
# bad_flag = -9.990e-29
*END*
[from data line 81]
      0.191    21.5188     7.0625     80.026  30.608357     32.912      9.929   228.0401     2.3389     2.1111     0.0218      0.000      0.186      0.270         82 1.6354e+02   997.8983 0.0000e+00
      0.190    21.5196     7.0049     79.373  30.576104     32.851      9.920   228.4187     2.3198     2.0823     0.0218      0.002      0.186      0.270         83 1.6715e+02   997.8977 0.0000e+00
      0.188    21.5204     6.9549     78.805  30.559479     32.850      9.909   228.0780     2.3694     2.0246     0.0218      0.003      0.185      0.268         84 1.6274e+02   997.8974 0.0000e+00
      0.187    21.5220     6.9202     78.409  30.629044     32.909      9.900   228.5701     2.3808     1.9525     0.0218      0.002      0.184      0.267         85 1.7088e+02   997.8972 0.0000e+00
      0.188    21.5230     6.8868     78.030  30.608036     32.908      9.892   228.2294     2.3351     2.0102     0.0218      0.001      0.185      0.268         86 1.6667e+02   997.8971 0.0000e+00
      0.190    21.5216     6.8670     77.807  30.526372     32.787      9.886   228.8351     2.3465     2.1399     0.0218      0.001      0.186      0.269         87 1.6715e+02   997.8966 0.0000e+00
      0.188    21.5190     6.8473     77.584  30.552915     32.847      9.876   228.9487     2.3084     2.1399     0.0218     -0.000      0.184      0.267         88 1.6601e+02   997.8964 0.0000e+00
      0.184    21.5165     6.8245     77.325  30.575001     32.848      9.867   229.6680     2.3198     2.0390     0.0218     -0.002      0.181      0.262         89 1.6295e+02   997.8967 0.0000e+00
      0.180    21.5147     6.8084     77.140  30.558137     32.849      9.861   230.1601     2.3122     2.0102     0.0218     -0.004      0.176      0.255         90 1.7938e+02   997.8973 0.0000e+00
      0.173    21.5133     6.7797     76.812  30.573904     32.851      9.856   230.1980     2.3046     2.0967     0.0218     -0.006      0.171      0.248         91 1.5961e+02   997.8978 0.0000e+00
      0.168    21.5119     6.7387     76.347  30.614635     32.913      9.847   229.9709     2.3541     2.1399     0.0218     -0.010      0.168      0.243         92 1.6391e+02   997.8982 0.0000e+00
      0.172    21.5116     6.6837     75.724  30.566701     32.853      9.843   229.8573     2.3694     2.0967     0.0218     -0.010      0.170      0.247         93 1.7376e+02   997.8985 0.0000e+00
      0.180    21.5108     6.6299     75.106  30.515054     32.794      9.839   230.3873     2.3541     2.0823     0.0218     -0.009      0.175      0.254         94 1.6056e+02   997.8988 0.0000e+00
      0.182    21.5092     6.5748     74.470  30.560406     32.855      9.833   230.3116     2.3503     2.0534     0.0218     -0.006      0.178      0.258         95 1.7941e+02   997.8990 0.0000e+00
      0.182    21.5089     6.5357     74.007  30.569513     32.855      9.818   230.3494     2.3694     2.1399     0.0218     -0.002      0.180      0.260         96 1.6737e+02   997.8991 0.0000e+00
      0.185    21.5092     6.4819     73.383  30.622225     32.916      9.804   230.6144     2.4991     2.2409     0.0218      0.003      0.182      0.264         97 1.7100e+02   997.8994 0.0000e+00
      0.190    21.5095     6.4378     72.872  30.613313     32.917      9.802   230.7280     2.4762     2.3707     0.0218      0.007      0.186      0.270         98 1.6710e+02   997.8996 0.0000e+00
      0.194    21.5091     6.4051     72.497  30.521352     32.796      9.801   230.6523     2.4877     2.2120     0.0218      0.011      0.190      0.276         99 1.5897e+02   997.8995 0.0000e+00
      0.199    21.5073     6.3837     72.248  30.558910     32.856      9.800   230.6901     2.4762     2.2553     0.0218      0.014      0.194      0.281        100 1.6353e+02   997.8995 0.0000e+00
      0.200    21.5057     6.3673     72.059  30.566570     32.856      9.787   231.1066     2.3541     2.2841     0.0218      0.013      0.194      0.282        101 1.5331e+02   997.8996 0.0000e+00
      0.195    21.5058     6.3605     71.986  30.511819     32.798      9.769   231.2201     2.3618     2.2697     0.0218      0.010      0.191      0.277        102 1.6473e+02   997.9000 0.0000e+00
      0.189    21.5047     6.3672     72.069  30.508543     32.799      9.761   231.4094     2.3389     2.2409     0.0218      0.007      0.186      0.270        103 1.6144e+02   997.9003 0.0000e+00
      0.186    21.4998     6.3805     72.222  30.511395     32.799      9.758   231.3337     2.3618     2.3418     0.0218      0.003      0.184      0.267        104 1.6393e+02   997.9003 0.0000e+00
      0.189    21.4908     6.4039     72.487  30.508271     32.799      9.757   231.6366     2.5601     2.1111     0.0218     -0.001      0.183      0.266        105 1.6799e+02   997.9005 0.0000e+00
      0.184    21.4782     6.4274     72.752  30.571685     32.863      9.756   231.5987     2.5411     2.0534     0.0218     -0.005      0.180      0.261        106 1.7295e+02   997.9016 0.0000e+00
      0.177    21.4667     6.4432     72.933  30.610237     32.929      9.752   231.5230     2.5258     2.0534     0.0218     -0.009      0.175      0.254        107 1.7772e+02   997.9036 0.0000e+00
      0.175    21.4594     6.4535     73.052  30.578802     32.878      9.745   231.6744     2.5449     2.0102     0.0218     -0.012      0.172      0.250        108 1.7361e+02   997.9063 0.0000e+00
      0.176    21.4551     6.4561     73.082  30.551556     32.886      9.738   231.6744     2.5373     2.3562     0.0218     -0.012      0.172      0.250        109 1.7275e+02   997.9089 0.0000e+00
      0.177    21.4508     6.4481     72.993  30.525643     32.832      9.732   231.9773     2.5601     2.1976     0.0218     -0.010      0.172      0.249        110 1.7141e+02   997.9105 0.0000e+00
      0.171    21.4486     6.4242     72.726  30.551804     32.894      9.725   231.8259     2.5411     2.3274     0.0218     -0.009      0.168      0.244        111 1.7057e+02   997.9115 0.0000e+00
      0.167    21.4513     6.4017     72.476  30.519003     32.838      9.715   232.2044     2.5220     2.2265     0.0218     -0.009      0.165      0.240        112 1.7085e+02   997.9123 0.0000e+00
      0.168    21.4557     6.3817     72.253  30.507211     32.839      9.709   232.3937     2.4953     2.0967     0.0218     -0.009      0.166      0.241        113 1.6373e+02   997.9128 0.0000e+00
      0.174    21.4582     6.3543     71.949  30.566479     32.897      9.698   231.9773     2.4762     2.1399     0.0218     -0.006      0.169      0.246        114 1.6712e+02   997.9123 0.0000e+00
      0.175    21.4581     6.3352     71.735  30.504497     32.834      9.687   232.5451     2.4762     2.0102     0.0218     -0.002      0.171      0.248        115 1.7061e+02   997.9113 0.0000e+00
      0.174    21.4577     6.3221     71.587  30.525092     32.832      9.672   232.7344     2.4800     2.0534     0.0218     -0.001      0.171      0.248        116 1.6887e+02   997.9107 0.0000e+00
      0.173    21.4588     6.3051     71.394  30.540847     32.892      9.656   232.8859     2.4724     1.9957     0.0218     -0.000      0.171      0.249        117 1.7158e+02   997.9108 0.0000e+00
      0.177    21.4603     6.2838     71.153  30.484890     32.773      9.648   233.1509     2.4037     2.0823     0.0217      0.002      0.173      0.251        118 1.6627e+02   997.9109 0.0000e+00
      0.179    21.4613     6.2536     70.810  30.535478     32.892      9.637   233.3402     2.4037     2.0967     0.0218      0.005      0.175      0.254        119 1.7088e+02   997.9106 0.0000e+00
      0.179    21.4624     6.2201     70.427  30.537144     32.831      9.631   233.5294     2.4381     1.9957     0.0218      0.006      0.176      0.255        120 1.6701e+02   997.9103 0.0000e+00
      0.181    21.4644     6.1812     69.979  30.542068     32.890      9.625   233.7566     2.4037     2.0246     0.0218      0.005      0.178      0.258        121 1.6983e+02   997.9101 0.0000e+00
      0.184    21.4674     6.1486     69.602  30.529350     32.829      9.617   233.7944     2.4381     2.2697     0.0218      0.005      0.181      0.262        122 1.6684e+02   997.9099 0.0000e+00
      0.188    21.4709     6.1123     69.185  30.493720     32.828      9.611   234.0216     2.4266     2.2841     0.0218      0.006      0.185      0.268        123 1.5979e+02   997.9094 0.0000e+00
      0.193    21.4744     6.0641     68.635  30.527155     32.826      9.602   234.1730     2.4457     2.2697     0.0218      0.009      0.190      0.275        124 1.6660e+02   997.9088 0.0000e+00
      0.199    21.4765     6.0425     68.385  30.546990     32.883      9.594   233.8323     2.4190     2.2409     0.0218      0.011      0.194      0.281        125 1.6081e+02   997.9081 0.0000e+00
      0.202    21.4763     6.0158     68.079  30.528288     32.821      9.585   234.2866     2.4114     1.9957     0.0218      0.013      0.196      0.285        126 1.6337e+02   997.9073 0.0000e+00
      0.200    21.4759     5.9969     67.864  30.550431     32.879      9.567   234.2487     2.4381     2.1688     0.0218      0.013      0.195      0.283        127 1.6205e+02   997.9068 0.0000e+00
      0.194    21.4762     5.9725     67.588  30.519431     32.819      9.555   234.5137     2.4114     2.0823     0.0218      0.011      0.191      0.276        128 1.5425e+02   997.9068 0.0000e+00
      0.189    21.4759     5.9574     67.417  30.507611     32.820      9.541   234.8166     2.4419     2.0967     0.0218      0.006      0.186      0.270        129 1.6619e+02   997.9069 0.0000e+00
      0.186    21.4729     5.9385     67.201  30.565142     32.880      9.528   234.7409     2.4075     2.0246     0.0218      0.001      0.183      0.265        130 1.6325e+02   997.9068 0.0000e+00
      0.184    21.4669     5.9243     67.038  30.507089     32.820      9.513   235.0059     2.4152     2.0823     0.0218     -0.004      0.181      0.262        131 1.6520e+02   997.9069 0.0000e+00
      0.184    21.4609     5.9033     66.798  30.461353     32.762      9.497   234.8544     2.4419     2.0534     0.0217     -0.008      0.180      0.261        132 1.6550e+02   997.9075 0.0000e+00
      0.183    21.4568     5.8806     66.539  30.503556     32.826      9.482   235.0059     2.4190     2.0102     0.0218     -0.010      0.180      0.261        133 1.5701e+02   997.9089 0.0000e+00
      0.184    21.4533     5.8579     66.283  30.513822     32.830      9.477   235.1573     2.4266     1.9525     0.0218     -0.010      0.180      0.261        134 1.7133e+02   997.9102 0.0000e+00
      0.182    21.4497     5.8461     66.149  30.507831     32.833      9.472   235.3087     2.3694     2.1111     0.0218     -0.008      0.178      0.259        135 1.6516e+02   997.9111 0.0000e+00
      0.178    21.4469     5.8248     65.908  30.511013     32.836      9.471   235.3844     2.3961     2.1688     0.0218     -0.006      0.176      0.255        136 1.6500e+02   997.9118 0.0000e+00
      0.178    21.4457     5.8150     65.799  30.509864     32.838      9.467   235.2330     2.3618     2.1688     0.0218     -0.005      0.175      0.255        137 1.6147e+02   997.9126 0.0000e+00
      0.181    21.4456     5.8065     65.702  30.509262     32.840      9.468   235.6494     2.3465     2.0678     0.0218     -0.003      0.177      0.258        138 1.6174e+02   997.9133 0.0000e+00
      0.185    21.4454     5.7953     65.574  30.511762     32.841      9.472   235.6873     2.4075     2.1399     0.0218     -0.001      0.181      0.263        139 1.6509e+02   997.9136 0.0000e+00
      0.189    21.4443     5.7912     65.526  30.506753     32.841      9.470   236.0280     2.4381     2.0678     0.0218      0.001      0.184      0.268        140 1.5337e+02   997.9136 0.0000e+00
      0.190    21.4423     5.7761     65.353  30.456244     32.781      9.468   235.9523     2.4419     2.0246     0.0217      0.003      0.185      0.269        141 1.6332e+02   997.9136 0.0000e+00
      0.189    21.4402     5.7578     65.144  30.456116     32.782      9.463   235.6494     2.4457     2.1255     0.0217      0.004      0.185      0.269        142 1.6322e+02   997.9139 0.0000e+00
      0.190    21.4392     5.7410     64.947  30.506913     32.844      9.454   235.7252     2.5449     1.9957     0.0218      0.006      0.186      0.271        143 1.6437e+02   997.9143 0.0000e+00
      0.193    21.4391     5.7314     64.818  30.511534     32.845      9.447   235.9144     2.5373     2.0102     0.0218      0.008      0.189      0.274        144 1.6533e+02   997.9148 0.0000e+00
      0.195    21.4389     5.7250     64.723  30.509617     32.846      9.443   236.3309     2.5334     2.1111     0.0218      0.007      0.191      0.277        145 1.5846e+02   997.9151 0.0000e+00
      0.196    21.4394     5.7272     64.731  30.509298     32.846      9.440   236.1794     2.5754     1.9381     0.0218      0.006      0.192      0.280        146 1.6433e+02   997.9151 0.0000e+00
      0.199    21.4400     5.7319     64.779  30.511932     32.846      9.440   236.4444     2.6555     2.0102     0.0218      0.006      0.195      0.283        147 1.6119e+02   997.9151 0.0000e+00
      0.202    21.4396     5.7394     64.866  30.506339     32.846      9.437   236.1794     2.6555     2.0678     0.0218      0.007      0.199      0.287        148 1.6260e+02   997.9150 0.0000e+00
      0.205    21.4386     5.7521     65.013  30.457007     32.785      9.428   236.7473     2.6708     1.9813     0.0217      0.008      0.201      0.291        149 1.5706e+02   997.9149 0.0000e+00
      0.207    21.4375     5.7501     64.990  30.454822     32.785      9.423   236.9366     2.6631     2.1976     0.0217      0.009      0.203      0.294        150 1.5681e+02   997.9150 0.0000e+00
      0.209    21.4357     5.7476     64.960  30.509058     32.846      9.419   236.8987     3.0408     1.9525     0.0218      0.009      0.205      0.297        151 1.5873e+02   997.9152 0.0000e+00
      0.212    21.4341     5.7407     64.883  30.508014     32.847      9.420   237.5423     3.0255     1.9813     0.0218      0.009      0.206      0.300        152 1.5264e+02   997.9155 0.0000e+00
      0.211    21.4283     5.7337     64.804  30.515373     32.848      9.412   237.7694     2.9950     2.0534     0.0218      0.009      0.206      0.298        153 1.5933e+02   997.9159 0.0000e+00
      0.206    21.4126     5.7208     64.659  30.559154     32.910      9.400   237.2394     3.0255     2.0967     0.0218      0.006      0.201      0.291        154 1.6771e+02   997.9162 0.0000e+00
      0.197    21.3943     5.7056     64.487  30.512784     32.853      9.387   236.9744     2.8768     2.0534     0.0218      0.001      0.193      0.280        155 1.6890e+02   997.9175 0.0000e+00
      0.190    21.3817     5.6930     64.345  30.513831     32.865      9.383   237.5044     2.8424     2.0390     0.0218     -0.005      0.186      0.270        156 1.7500e+02   997.9209 0.0000e+00
      0.184    21.3773     5.6857     64.262  30.557858     32.938      9.377   237.3909     2.8424     1.9813     0.0218     -0.011      0.181      0.263        157 1.7657e+02   997.9249 0.0000e+00
      0.182    21.3791     5.6714     64.102  30.517253     32.887      9.373   237.2016     2.8157     2.0534     0.0218     -0.015      0.179      0.261        158 1.7614e+02   997.9277 0.0000e+00
      0.183    21.3818     5.6653     64.034  30.505115     32.890      9.364   237.3530     2.8272     2.1111     0.0218     -0.017      0.180      0.261        159 1.7961e+02   997.9287 0.0000e+00
      0.185    21.3817     5.6640     64.019  30.513711     32.888      9.357   237.6559     2.4228     2.0534     0.0218     -0.016      0.182      0.264        160 1.7981e+02   997.9283 0.0000e+00
