Data/DataAlreadyUploadedToEDI/CollatedDataForEDI/CTDData/CTD_2019 (not collated)/061019_fcr50_b.cnv
* Sea-Bird SBE19plus  Data File:
* FileName = C:\DATA\061019_fcr_0006.hex
* Software version 2.8.0.119
* Temperature SN = 7809
* Conductivity SN = 7809
* System UpLoad Time = Jun 10 2019 13:29:47
* <ApplicationData>
* <Seaterm232>
# nquan = 18
# nvalues = 1025                        
# units = specified
# name 0 = depFM: Depth [fresh water, m]
# name 1 = tv290C: Temperature [ITS-90, deg C]
# name 2 = sbeox0Mg/L: Oxygen, SBE 43 [mg/l]
# name 3 = sbeox0PS: Oxygen, SBE 43 [% saturation]
# name 4 = c0uS/cm: Conductivity [uS/cm]
# name 5 = specc: Specific Conductance [uS/cm]
# name 6 = ph: pH
# name 7 = orp: Oxidation Reduction Potential [mV]
# name 8 = flECO-AFL: Fluorescence, WET Labs ECO-AFL/FL [mg/m^3]
# name 9 = turbWETntu0: Turbidity, WET Labs ECO [NTU]
# name 10 = sal00: Salinity, Practical [PSU]
# name 11 = dz/dtM: Descent Rate [m/s]
# name 12 = prdM: Pressure, Strain Gauge [db]
# name 13 = prdE: Pressure, Strain Gauge [psi]
# name 14 = scan: Scan Count
# name 15 = par/sat/log: PAR/Logarithmic, Satlantic
# name 16 = density00: Density [density, kg/m^3]
# name 17 = flag:  0.000e+00
# span 0 =     -0.603,      9.622       
# span 1 =     9.8755,    22.0327       
# span 2 =     4.3013,    12.4809       
# span 3 =     38.247,    130.704       
# span 4 =  -0.475401,  32.203489       
# span 5 =     -0.616,     35.068       
# span 6 =      7.415,     10.317       
# span 7 = -1240.7455,   305.7611       
# span 8 =    -0.1483,     3.1667       
# span 9 =    -0.4412,   366.6142       
# span 10 =     0.0000,     0.0225      
# span 11 =     -0.115,      0.197      
# span 12 =     -0.591,      9.436      
# span 13 =     -0.857,     13.685      
# span 14 =          1,       1025      
# span 15 = 1.2291e-01, 8.0599e+02      
# span 16 =   997.7802,   999.7722      
# span 17 = 0.0000e+00, 0.0000e+00      
# interval = seconds: 0.25
# start_time = Jun 10 2019 13:12:02 [Instrument's time stamp, header]
# bad_flag = -9.990e-29
*END*
[from data line 161]
     -0.140    21.9601     5.6172     64.185  31.286793     33.311      9.515   254.9945     1.6293     1.0585     0.0221     -0.000     -0.136     -0.198        162 5.8476e+02   997.7965 0.0000e+00
     -0.139    21.9587     5.5976     63.959  31.303123     33.313      9.510   255.1838     1.6179     1.1450     0.0221     -0.000     -0.136     -0.198        163 5.8441e+02   997.7969 0.0000e+00
     -0.139    21.9571     5.5737     63.685  31.330239     33.373      9.505   256.6981     1.5683     1.1594     0.0221     -0.000     -0.136     -0.198        164 5.8444e+02   997.7972 0.0000e+00
     -0.139    21.9557     5.5566     63.488  31.312302     33.315      9.501   256.8874     1.5950     1.1594     0.0221      0.000     -0.137     -0.198        165 5.8553e+02   997.7974 0.0000e+00
     -0.139    21.9542     5.5402     63.298  31.355074     33.405      9.494   253.3288     1.5759     1.0729     0.0222     -0.000     -0.137     -0.198        166 5.8533e+02   997.7979 0.0000e+00
     -0.139    21.9527     5.5169     63.031  31.306637     33.317      9.488   253.7074     1.5836     1.1306     0.0221     -0.000     -0.137     -0.198        167 5.8643e+02   997.7981 0.0000e+00
     -0.139    21.9514     5.5023     62.863  31.283698     33.318      9.478   253.6695     1.5683     1.1161     0.0221     -0.000     -0.137     -0.198        168 5.8698e+02   997.7985 0.0000e+00
     -0.140    21.9499     5.4822     62.631  31.294740     33.319      9.468   253.5181     1.5759     1.0729     0.0221     -0.000     -0.137     -0.198        169 5.8584e+02   997.7988 0.0000e+00
     -0.140    21.9483     5.4680     62.468  31.292897     33.320      9.456   255.4109     1.5797     1.1450     0.0221     -0.000     -0.137     -0.198        170 5.8609e+02   997.7991 0.0000e+00
     -0.139    21.9469     5.4743     62.556  31.285994     33.321      9.446   255.3352     1.5950     1.0873     0.0221     -0.000     -0.137     -0.198        171 5.8695e+02   997.7995 0.0000e+00
     -0.140    21.9455     5.6721     64.847  31.273704     33.292      9.436   253.7452     1.5759     1.0440     0.0221     -0.000     -0.137     -0.199        172 5.8692e+02   997.7998 0.0000e+00
     -0.140    21.9443     6.2841     71.862  31.278564     33.323      9.429   253.3666     1.6255     1.0873     0.0221     -0.000     -0.137     -0.199        173 5.8759e+02   997.8001 0.0000e+00
     -0.139    21.9430     7.0464     80.591  31.309573     33.324      9.420   253.2531     1.6522     1.1161     0.0221     -0.000     -0.137     -0.199        174 5.8865e+02   997.8005 0.0000e+00
     -0.140    21.9415     7.8354     89.628  31.323996     33.384      9.412   253.7452     1.6637     1.2459     0.0221     -0.000     -0.137     -0.199        175 5.8815e+02   997.8007 0.0000e+00
     -0.139    21.9402     8.5473     97.780  31.319869     33.326      9.408   254.0481     1.6255     1.0585     0.0221     -0.000     -0.137     -0.198        176 5.8943e+02   997.8010 0.0000e+00
     -0.139    21.9390     9.1151    104.284  31.314709     33.386      9.402   254.0481     1.5797     1.1738     0.0221      0.000     -0.137     -0.198        177 5.9016e+02   997.8014 0.0000e+00
     -0.139    21.9378     9.5117    108.813  31.241538     33.238      9.395   254.3131     1.5874     1.1738     0.0221      0.000     -0.137     -0.198        178 5.8953e+02   997.8016 0.0000e+00
     -0.139    21.9364     9.7358    111.351  31.292423     33.358      9.386   254.9945     1.5683     1.1450     0.0221     -0.000     -0.137     -0.198        179 5.9048e+02   997.8019 0.0000e+00
     -0.139    21.9357     9.7394    111.367  31.310639     33.330      9.375   254.3131     1.5683     1.1882     0.0221      0.000     -0.136     -0.198        180 5.9112e+02   997.8022 0.0000e+00
     -0.139    21.9489     9.5981    109.736  31.278122     33.330      9.360   253.9724     1.5607     1.1450     0.0221      0.000     -0.136     -0.198        181 5.9128e+02   997.8026 0.0000e+00
     -0.140    21.9725     9.4286    107.783  31.214381     33.242      9.343   253.7452     1.5607     1.2315     0.0221      0.000     -0.137     -0.198        182 5.9163e+02   997.8027 0.0000e+00
     -0.139    21.9865     9.2683    105.947  31.093693     33.114      9.324   253.9345     1.5836     1.2748     0.0220      0.000     -0.137     -0.198        183 5.9328e+02   997.7996 0.0000e+00
     -0.139    21.9943     9.1237    104.294  31.102414     33.096      9.304   254.0481     1.5607     1.1450     0.0220      0.000     -0.136     -0.198        184 5.9372e+02   997.7942 0.0000e+00
     -0.139    22.0013     9.0028    102.918  31.144266     33.146      9.282   256.5845     1.5607     1.0873     0.0221      0.000     -0.136     -0.198        185 5.9379e+02   997.7911 0.0000e+00
     -0.139    22.0064     8.8962    101.710  31.160109     33.141      9.267   255.7138     1.5874     1.0152     0.0221      0.000     -0.136     -0.198        186 5.9493e+02   997.7893 0.0000e+00
     -0.139    22.0101     8.7962    100.580  31.141946     33.136      9.252   255.6759     1.5607     1.1594     0.0221      0.000     -0.136     -0.198        187 5.9446e+02   997.7877 0.0000e+00
     -0.140    22.0064     8.7167     99.682  31.166866     33.132      9.241   256.0924     1.5759     1.2171     0.0221     -0.000     -0.137     -0.198        188 5.9452e+02   997.7865 0.0000e+00
     -0.139    21.9945     8.6596     99.034  31.188348     33.189      9.231   254.6916     1.5759     1.1882     0.0221     -0.000     -0.137     -0.198        189 5.9499e+02   997.7858 0.0000e+00
     -0.139    21.9830     8.6175     98.551  31.115212     33.073      9.223   254.9188     1.5607     1.0585     0.0220      0.000     -0.137     -0.198        190 5.9618e+02   997.7866 0.0000e+00
     -0.139    21.9749     8.5634     97.928  31.080124     33.081      9.217   258.4774     1.5759     1.0296     0.0220     -0.000     -0.137     -0.198        191 5.9766e+02   997.7892 0.0000e+00
     -0.139    21.9686     8.5205     97.435  31.113511     33.090      9.211   257.9474     1.5645     1.1882     0.0220     -0.000     -0.136     -0.198        192 5.9791e+02   997.7920 0.0000e+00
     -0.139    21.9663     8.4947     97.141  31.132921     33.154      9.204   258.0609     1.5797     1.1017     0.0221     -0.000     -0.136     -0.198        193 5.9915e+02   997.7938 0.0000e+00
     -0.139    21.9665     8.4828     97.009  31.115226     33.100      9.199   258.2124     1.6255     1.1450     0.0220      0.000     -0.136     -0.198        194 5.9941e+02   997.7952 0.0000e+00
     -0.139    21.9691     8.4853     97.043  31.135533     33.160      9.189   256.4331     1.6255     1.1738     0.0221      0.000     -0.137     -0.198        195 5.9993e+02   997.7957 0.0000e+00
     -0.139    21.9748     8.4810     97.000  31.107651     33.101      9.179   256.0166     1.6293     1.1161     0.0220      0.000     -0.137     -0.198        196 6.0151e+02   997.7956 0.0000e+00
     -0.139    21.9816     8.4534     96.685  31.149926     33.159      9.166   258.9695     1.6332     1.1738     0.0221     -0.000     -0.137     -0.198        197 6.0127e+02   997.7951 0.0000e+00
     -0.139    21.9873     8.3960     96.029  31.201430     33.214      9.156   258.8559     1.5645     1.2171     0.0221     -0.000     -0.137     -0.198        198 6.0065e+02   997.7937 0.0000e+00
     -0.139    21.9898     8.3361     95.345  31.162062     33.150      9.147   259.1588     1.5645     1.0296     0.0221 1.3676e-12     -0.136     -0.198        199 5.9996e+02   997.7922 0.0000e+00
     -0.139    21.9891     8.2613     94.489  31.198916     33.205      9.134   258.6667     1.5721     1.0296     0.0221     -0.000     -0.136     -0.198        200 6.0131e+02   997.7910 0.0000e+00
     -0.139    21.9870     8.1981     93.767  31.214816     33.203      9.127   258.2881     1.5759     1.1450     0.0221      0.000     -0.136     -0.198        201 6.0253e+02   997.7905 0.0000e+00
     -0.139    21.9860     8.1325     93.020  31.201526     33.204      9.122   258.3638     1.5759     1.0585     0.0221      0.000     -0.136     -0.198        202 6.0145e+02   997.7906 0.0000e+00
     -0.139    21.9866     8.0902     92.536  31.156201     33.146      9.114   258.7045     1.5836     1.0873     0.0221      0.000     -0.136     -0.198        203 6.0127e+02   997.7910 0.0000e+00
     -0.139    21.9887     8.0604     92.188  31.152715     33.147      9.112   258.9317     1.5759     1.1738     0.0221      0.000     -0.136     -0.198        204 6.0235e+02   997.7912 0.0000e+00
     -0.139    21.9918     8.0469     92.029  31.205864     33.206      9.109   259.0074     1.5607     1.1161     0.0221      0.000     -0.136     -0.198        205 6.0315e+02   997.7911 0.0000e+00
     -0.139    21.9945     8.0456     92.008  31.208565     33.204      9.107   259.3859     1.5721     1.4334     0.0221     -0.000     -0.136     -0.198        206 6.0330e+02   997.7906 0.0000e+00
     -0.139    21.9956     8.0563     92.121  31.208608     33.202      9.102   258.8559     1.6026     1.3324     0.0221      0.000     -0.136     -0.198        207 6.0311e+02   997.7899 0.0000e+00
     -0.139    21.9956     8.0753     92.332  31.205812     33.200      9.101   259.0831     1.5645     1.4622     0.0221      0.000     -0.136     -0.198        208 6.0324e+02   997.7893 0.0000e+00
     -0.139    21.9957     8.0908     92.505  31.212044     33.199      9.098   256.6224     1.5759     1.3324     0.0221      0.000     -0.136     -0.198        209 6.0342e+02   997.7891 0.0000e+00
     -0.139    21.9960     8.0964     92.565  31.200849     33.199      9.094   256.3195     1.6332     1.0729     0.0221      0.000     -0.136     -0.198        210 6.0399e+02   997.7891 0.0000e+00
     -0.140    21.9964     8.0756     92.325  31.219742     33.199      9.091   257.7959     1.6255     1.1450     0.0221     -0.000     -0.137     -0.198        211 6.0431e+02   997.7890 0.0000e+00
     -0.139    21.9982     8.0385     91.901  31.188532     33.199      9.085   258.0231     1.6065     1.0440     0.0221     -0.000     -0.137     -0.198        212 6.0303e+02   997.7890 0.0000e+00
     -0.139    21.9981     7.9894     91.338  31.180435     33.139      9.081   257.8717     1.6255     1.1161     0.0221     -0.000     -0.136     -0.198        213 6.0449e+02   997.7889 0.0000e+00
     -0.139    21.9938     7.9374     90.742  31.259446     33.287      9.074   258.8559     1.6103     1.0296     0.0221      0.000     -0.136     -0.198        214 6.0579e+02   997.7885 0.0000e+00
     -0.139    21.9906     7.8901     90.203  31.238340     33.197      9.068   258.8181     1.5836     1.0873     0.0221     -0.000     -0.136     -0.198        215 6.0472e+02   997.7885 0.0000e+00
     -0.139    21.9877     7.8442     89.680  31.236330     33.260      9.062   255.6759     1.5721     1.2459     0.0221      0.000     -0.136     -0.197        216 6.0513e+02   997.7895 0.0000e+00
     -0.139    21.9826     7.8216     89.422  31.232323     33.203      9.054   256.4331     1.5416     1.1594     0.0221      0.000     -0.136     -0.197        217 6.0514e+02   997.7902 0.0000e+00
     -0.139    21.9787     7.7928     89.094  31.184073     33.205      9.047   256.5845     1.5721     1.0729     0.0221      0.000     -0.136     -0.198        218 6.0473e+02   997.7909 0.0000e+00
     -0.139    21.9768     7.7667     88.796  31.118614     33.090      9.042   256.3195     1.5378     1.1450     0.0220      0.000     -0.136     -0.198        219 6.0551e+02   997.7920 0.0000e+00
     -0.140    21.9749     7.7587     88.704  31.136025     33.152      9.036   258.1745     1.5111     1.1450     0.0221     -0.000     -0.136     -0.198        220 6.0691e+02   997.7929 0.0000e+00
     -0.139    21.9736     7.7472     88.571  31.162406     33.153      9.031   257.9852     1.5225     1.1161     0.0221     -0.000     -0.136     -0.198        221 6.0727e+02   997.7933 0.0000e+00
     -0.139    21.9732     7.7286     88.358  31.145038     33.155      9.023   254.8431     1.5187     1.1450     0.0221     -0.000     -0.136     -0.198        222 6.0701e+02   997.7938 0.0000e+00
     -0.139    21.9721     7.6987     88.017  31.157642     33.156      9.016   255.1838     1.5645     1.0873     0.0221      0.000     -0.136     -0.198        223 6.0612e+02   997.7941 0.0000e+00
     -0.139    21.9714     7.6613     87.591  31.146723     33.156      9.010   255.1838     1.6179     1.2027     0.0221     -0.000     -0.136     -0.198        224 6.0615e+02   997.7941 0.0000e+00
     -0.139    21.9721     7.6155     87.067  31.158627     33.157      9.002   257.0009     1.5378     1.1450     0.0221     -0.000     -0.136     -0.198        225 6.0670e+02   997.7944 0.0000e+00
     -0.139    21.9731     7.5726     86.574  31.142826     33.157      8.993   256.8495     1.5874     1.1450     0.0221      0.000     -0.136     -0.198        226 6.0683e+02   997.7946 0.0000e+00
     -0.139    21.9739     7.5305     86.096  31.107132     33.097      8.985   256.9631     1.5263     1.2027     0.0220      0.000     -0.136     -0.198        227 6.0835e+02   997.7944 0.0000e+00
     -0.139    21.9748     7.4796     85.516  31.143795     33.156      8.977   255.0324     1.5035     1.1882     0.0221      0.000     -0.136     -0.198        228 6.0813e+02   997.7942 0.0000e+00
     -0.139    21.9749     7.4404     85.068  31.156455     33.155      8.968   254.9566     1.5263     1.1306     0.0221     -0.000     -0.136     -0.198        229 6.0820e+02   997.7940 0.0000e+00
     -0.139    21.9739     7.4166     84.798  31.150631     33.155      8.959   255.1838     1.5073     1.1450     0.0221      0.000     -0.136     -0.198        230 6.0938e+02   997.7938 0.0000e+00
     -0.139    21.9734     7.3821     84.404  31.151042     33.155      8.950   255.4488     1.5797     1.0873     0.0221     -0.000     -0.137     -0.198        231 6.0834e+02   997.7938 0.0000e+00
     -0.139    21.9732     7.3655     84.214  31.096689     33.096      8.939   255.6759     1.5759     1.1306     0.0220     -0.000     -0.137     -0.198        232 6.0770e+02   997.7940 0.0000e+00
     -0.139    21.9734     7.3497     84.033  31.159017     33.156      8.932   255.6759     1.5836     1.1306     0.0221     -0.000     -0.136     -0.197        233 6.0866e+02   997.7941 0.0000e+00
     -0.139    21.9746     7.3357     83.872  31.191983     33.215      8.920   257.0009     1.5759     1.1450     0.0221      0.000     -0.136     -0.197        234 6.0825e+02   997.7942 0.0000e+00
     -0.139    21.9744     7.3188     83.678  31.114918     33.096      8.911   256.7359     1.5683     1.0873     0.0220      0.000     -0.136     -0.197        235 6.0820e+02   997.7941 0.0000e+00
     -0.139    21.9735     7.3104     83.580  31.136417     33.155      8.907   256.0166     1.5416     1.1882     0.0221      0.000     -0.137     -0.198        236 6.0940e+02   997.7938 0.0000e+00
     -0.139    21.9747     7.3025     83.488  31.165229     33.155      8.896   255.6381     1.5836     1.1450     0.0221     -0.000     -0.137     -0.198        237 6.0953e+02   997.7939 0.0000e+00
     -0.139    21.9759     7.3080     83.549  31.138315     33.156      8.889   255.6759     1.6065     1.1161     0.0221      0.000     -0.137     -0.198        238 6.0930e+02   997.7941 0.0000e+00
     -0.139    21.9763     7.3140     83.616  31.110657     33.095      8.882   255.6759     1.5721     1.1882     0.0220 -9.335e-07     -0.137     -0.198        239 6.1039e+02   997.7938 0.0000e+00
     -0.139    21.9773     7.3163     83.642  31.140394     33.154      8.875   258.7802     1.5530     1.0873     0.0221     -0.000     -0.137     -0.198        240 6.1054e+02   997.7935 0.0000e+00
     -0.139    21.9780     7.3098     83.567  31.160560     33.154      8.865   257.1145     1.5836     1.0152     0.0221     -0.000     -0.136     -0.198        241 6.1036e+02   997.7934 0.0000e+00
