Data/DataAlreadyUploadedToEDI/CollatedDataForEDI/CTDData/CTD_2019 (not collated)/061019_fcr30.cnv
* Sea-Bird SBE19plus  Data File:
* FileName = C:\DATA\061019_fcr_0004.hex
* Software version 2.8.0.119
* Temperature SN = 7809
* Conductivity SN = 7809
* System UpLoad Time = Jun 10 2019 13:28:56
* <ApplicationData>
* <Seaterm232>
# nquan = 18
# nvalues = 529                         
# units = specified
# name 0 = depFM: Depth [fresh water, m]
# name 1 = tv290C: Temperature [ITS-90, deg C]
# name 2 = sbeox0Mg/L: Oxygen, SBE 43 [mg/l]
# name 3 = sbeox0PS: Oxygen, SBE 43 [% saturation]
# name 4 = c0uS/cm: Conductivity [uS/cm]
# name 5 = specc: Specific Conductance [uS/cm]
# name 6 = ph: pH
# name 7 = orp: Oxidation Reduction Potential [mV]
# name 8 = flECO-AFL: Fluorescence, WET Labs ECO-AFL/FL [mg/m^3]
# name 9 = turbWETntu0: Turbidity, WET Labs ECO [NTU]
# name 10 = sal00: Salinity, Practical [PSU]
# name 11 = dz/dtM: Descent Rate [m/s]
# name 12 = prdM: Pressure, Strain Gauge [db]
# name 13 = prdE: Pressure, Strain Gauge [psi]
# name 14 = scan: Scan Count
# name 15 = par/sat/log: PAR/Logarithmic, Satlantic
# name 16 = density00: Density [density, kg/m^3]
# name 17 = flag:  0.000e+00
# span 0 =     -0.591,      5.378       
# span 1 =     9.8437,    21.8022       
# span 2 =     1.6020,    12.7321       
# span 3 =     14.345,    131.868       
# span 4 =   0.902047,  31.412692       
# span 5 =      0.994,     37.881       
# span 6 =      7.007,     10.103       
# span 7 =  -859.0687,   294.8203       
# span 8 =    -0.1598,     3.7694       
# span 9 =    -0.6287,    15.8676       
# span 10 =     0.0102,     0.0222      
# span 11 =     -0.102,      0.257      
# span 12 =     -0.580,      5.273      
# span 13 =     -0.841,      7.648      
# span 14 =          1,        529      
# span 15 = 6.3179e+00, 1.1650e+03      
# span 16 =   997.8334,   999.7551      
# span 17 = 0.0000e+00, 0.0000e+00      
# interval = seconds: 0.25
# start_time = Jun 10 2019 12:19:39 [Instrument's time stamp, header]
# bad_flag = -9.990e-29
*END*
[from data line 242]
     -0.066    21.7805     9.0507    103.091  30.592240     32.663      8.493   264.4210     1.9803     1.3324     0.0218     -0.007     -0.066     -0.095        243 9.3861e+02   997.8367 0.0000e+00
     -0.099    21.7784     9.0451    103.026  30.645962     32.783      8.489   264.1938     1.9460     1.3036     0.0218     -0.028     -0.094     -0.136        244 9.5020e+02   997.8371 0.0000e+00
     -0.124    21.7764     9.0398    102.964  30.596440     32.666      8.491   263.6638     1.9421     1.1017     0.0218     -0.050     -0.112     -0.163        245 8.8606e+02   997.8376 0.0000e+00
     -0.118    21.7746     9.0527    103.110  30.653870     32.787      8.490   263.7774     1.9307     1.0873     0.0218     -0.062     -0.116     -0.168        246 9.3284e+02   997.8379 0.0000e+00
     -0.115    21.7739     9.0707    103.318  30.633745     32.728      8.488   263.2095     1.9078     1.0729     0.0218     -0.064     -0.116     -0.168        247 9.1946e+02   997.8385 0.0000e+00
     -0.124    21.7746     9.0890    103.528  30.621486     32.730      8.488   263.5124     1.7629     1.4334     0.0218     -0.061     -0.118     -0.172        248 8.9043e+02   997.8389 0.0000e+00
     -0.121    21.7773     9.1028    103.684  30.669126     32.790      8.484   262.3767     1.7400     1.3469     0.0218     -0.050     -0.118     -0.171        249 9.0742e+02   997.8390 0.0000e+00
     -0.118    21.7802     9.1128    103.797  30.633710     32.730      8.480   262.1874     1.7552     1.3757     0.0218     -0.035     -0.115     -0.166        250 9.0306e+02   997.8389 0.0000e+00
     -0.111    21.7812     9.1259    103.943  30.665561     32.787      8.476   262.1874     1.7400     1.3469     0.0218     -0.016     -0.110     -0.160        251 9.0540e+02   997.8383 0.0000e+00
     -0.110    21.7816     9.1308    103.996  30.688739     32.785      8.476   262.1117     2.0566     1.1882     0.0218     -0.001     -0.105     -0.154        252 9.1382e+02   997.8378 0.0000e+00
     -0.103    21.7815     9.1258    103.939  30.664115     32.785      8.473   262.1874     2.0451     1.1161     0.0218      0.008     -0.100     -0.145        253 9.2534e+02   997.8375 0.0000e+00
     -0.094    21.7809     9.1162    103.830  30.636954     32.725      8.472   261.6952     2.0566     1.0296     0.0218      0.011     -0.093     -0.135        254 9.2521e+02   997.8374 0.0000e+00
     -0.088    21.7803     9.1093    103.752  30.663290     32.784      8.467   261.8467     2.0490     1.1450     0.0218      0.016     -0.088     -0.127        255 9.2062e+02   997.8375 0.0000e+00
     -0.088    21.7800     9.0990    103.633  30.631340     32.725      8.465   261.5438     2.2168     1.3324     0.0218      0.020     -0.088     -0.127        256 9.1568e+02   997.8376 0.0000e+00
     -0.093    21.7809     9.0942    103.575  30.617463     32.726      8.463   261.2788     2.1787     1.3469     0.0218      0.017     -0.093     -0.135        257 9.0047e+02   997.8377 0.0000e+00
     -0.106    21.7817     9.0873    103.493  30.680560     32.785      8.459   278.6553     2.1901     1.3324     0.0218      0.011     -0.101     -0.147        258 8.8929e+02   997.8377 0.0000e+00
     -0.110    21.7818     9.0791    103.396  30.671321     32.785      8.458   280.2831     2.1748     1.3757     0.0218      0.003     -0.105     -0.152        259 8.9259e+02   997.8375 0.0000e+00
     -0.103    21.7807     9.0688    103.276  30.628960     32.725      8.456   279.8667     2.1634     1.3613     0.0218     -0.002     -0.101     -0.146        260 8.9387e+02   997.8373 0.0000e+00
     -0.095    21.7790     9.0613    103.190  30.614773     32.725      8.440   279.9803     2.1748     1.2748     0.0218     -0.004     -0.094     -0.137        261 8.8284e+02   997.8374 0.0000e+00
     -0.090    21.7781     9.0652    103.237  30.629725     32.725      8.434   279.7910     2.1901     1.3613     0.0218     -0.004     -0.088     -0.128        262 8.7298e+02   997.8376 0.0000e+00
     -0.084    21.7781     9.0758    103.359  30.610353     32.726      8.435   277.2167     2.1977     1.2892     0.0218      0.001     -0.083     -0.120        263 8.7076e+02   997.8380 0.0000e+00
     -0.079    21.7783     9.0919    103.544  30.638881     32.727      8.431   279.8667     2.1558     1.3324     0.0218      0.007     -0.079     -0.115        264 8.7020e+02   997.8383 0.0000e+00
     -0.079    21.7781     9.0997    103.630  30.653474     32.787      8.413   279.9424     2.0909     1.2892     0.0218      0.013     -0.079     -0.114        265 8.7287e+02   997.8383 0.0000e+00
     -0.082    21.7775     9.1007    103.636  30.592193     32.667      8.413   280.2831     2.1024     1.2748     0.0218      0.016     -0.081     -0.118        266 8.6448e+02   997.8382 0.0000e+00
     -0.087    21.7761     9.1048    103.679  30.655894     32.787      8.417   265.7460     2.1405     1.4045     0.0218      0.013     -0.083     -0.120        267 8.4668e+02   997.8382 0.0000e+00
     -0.084    21.7742     9.0975    103.594  30.633452     32.728      8.425   265.1402     2.1100     1.3180     0.0218      0.008     -0.081     -0.117        268 8.5225e+02   997.8384 0.0000e+00
     -0.076    21.7723     9.0946    103.564  30.620120     32.728      8.428   264.7617     2.1710     1.4189     0.0218      0.005     -0.075     -0.110        269 8.6054e+02   997.8387 0.0000e+00
     -0.071    21.7707     9.0869    103.482  30.672485     32.790      8.433   264.1181     2.1748     1.3469     0.0218      0.005     -0.069     -0.100        270 8.6330e+02   997.8392 0.0000e+00
     -0.063    21.7709     9.0819    103.428  30.627538     32.731      8.429   268.4338     2.1748     1.4045     0.0218      0.007     -0.065     -0.094        271 8.5823e+02   997.8396 0.0000e+00
     -0.067    21.7720     9.0786    103.393  30.616804     32.732      8.424   263.2095     2.1596     1.3901     0.0218      0.009     -0.066     -0.095        272 8.4694e+02   997.8399 0.0000e+00
     -0.072    21.7727     9.0844    103.461  30.626591     32.732      8.428   280.2831     2.2244     1.3036     0.0218      0.009     -0.068     -0.099        273 8.2550e+02   997.8400 0.0000e+00
     -0.069    21.7731     9.0887    103.510  30.615359     32.731      8.424   280.1696     2.2168     1.3036     0.0218      0.010     -0.068     -0.098        274 7.9318e+02   997.8397 0.0000e+00
     -0.067    21.7718     9.0889    103.514  30.571530     32.671      8.426   279.9046     2.2550     1.3180     0.0218      0.009     -0.065     -0.094        275 7.9046e+02   997.8395 0.0000e+00
     -0.062    21.7695     9.0884    103.510  30.621882     32.731      8.426   279.9803     2.2397     1.4189     0.0218      0.007     -0.062     -0.090        276 8.1570e+02   997.8395 0.0000e+00
     -0.061    21.7675     9.0878    103.503  30.671202     32.791      8.427   280.0181     2.1520     1.2892     0.0218      0.005     -0.062     -0.089        277 8.1778e+02   997.8398 0.0000e+00
     -0.065    21.7668     9.0845    103.463  30.628658     32.733      8.421   279.8667     2.1748     1.3613     0.0218      0.003     -0.065     -0.094        278 8.3739e+02   997.8403 0.0000e+00
     -0.072    21.7681     9.0697    103.293  30.615575     32.735      8.422   279.4503     2.1710     1.3757     0.0218     -0.000     -0.068     -0.098        279 8.4548e+02   997.8407 0.0000e+00
     -0.070    21.7705     9.0691    103.284  30.628231     32.735      8.418   279.7910     2.1901     1.3901     0.0218      0.000     -0.068     -0.098        280 8.6287e+02   997.8408 0.0000e+00
     -0.066    21.7726     9.0721    103.318  30.612909     32.734      8.403   279.5260     2.1748     1.3469     0.0218      0.001     -0.066     -0.095        281 8.4258e+02   997.8405 0.0000e+00
     -0.065    21.7738     9.0833    103.447  30.575391     32.673      8.396   279.5639     1.9765     1.3613     0.0218     -0.000     -0.065     -0.093        282 8.3985e+02   997.8400 0.0000e+00
     -0.067    21.7744     9.0927    103.552  30.615668     32.731      8.399   279.7910     1.9956     1.3613     0.0218     -0.001     -0.064     -0.092        283 7.5249e+02   997.8396 0.0000e+00
     -0.063    21.7749     9.0898    103.513  30.681289     32.790      8.404   279.8667     1.9689     1.4334     0.0218     -0.001     -0.060     -0.087        284 7.9839e+02   997.8393 0.0000e+00
     -0.055    21.7758     9.0958    103.574  30.671483     32.789      8.406   279.7910     2.0032     1.3613     0.0218      0.003     -0.054     -0.078        285 3.1994e+02   997.8392 0.0000e+00
     -0.048    21.7762     9.0951    103.563  30.627872     32.729      8.409   267.1467     1.9841     1.3613     0.0218      0.009     -0.048     -0.069        286 2.1491e+02   997.8391 0.0000e+00
     -0.044    21.7761     9.0950    103.560  30.617058     32.729      8.410   266.3138     1.9841     1.3613     0.0218      0.013     -0.044     -0.064        287 6.6307e+02   997.8389 0.0000e+00
     -0.043    21.7752     9.0894    103.494  30.625687     32.728      8.410   266.1245     2.0032     1.4045     0.0218      0.014     -0.043     -0.061        288 2.8358e+02   997.8389 0.0000e+00
     -0.042    21.7742     9.0843    103.434  30.676385     32.788      8.411   265.1781     1.9994     1.4045     0.0218      0.014     -0.042     -0.060        289 7.0521e+02   997.8389 0.0000e+00
     -0.041    21.7736     9.0793    103.374  30.672469     32.789      8.413   264.7995     2.1520     1.2459     0.0218      0.014     -0.042     -0.060        290 1.0120e+03   997.8391 0.0000e+00
     -0.045    21.7734     9.0728    103.298  30.630560     32.730      8.411   264.1938     2.1558     1.2315     0.0218      0.012     -0.045     -0.065        291 8.7096e+02   997.8393 0.0000e+00
     -0.052    21.7736     9.0739    103.309  30.669288     32.790      8.411   264.1181     2.1672     1.3036     0.0218      0.006     -0.047     -0.069        292 9.5457e+02   997.8394 0.0000e+00
     -0.047    21.7726     9.0632    103.187  30.624273     32.730      8.411   263.5881     2.1748     1.3324     0.0218      0.001     -0.045     -0.066        293 9.1134e+02   997.8395 0.0000e+00
     -0.040    21.7699     9.0574    103.121  30.568077     32.671      8.414   263.4745     2.0757     1.2603     0.0218      0.000     -0.040     -0.058        294 9.6854e+02   997.8394 0.0000e+00
     -0.035    21.7666     9.0588    103.137  30.620720     32.731      8.415   263.5502     2.0451     1.3180     0.0218      0.002     -0.035     -0.051        295 9.5322e+02   997.8397 0.0000e+00
     -0.033    21.7646     9.0604    103.156  30.677265     32.793      8.415   263.2095     2.0528     1.2748     0.0218      0.004     -0.029     -0.042        296 9.6618e+02   997.8403 0.0000e+00
     -0.020    21.7637     9.0664    103.224  30.675465     32.795      8.411   263.0581     2.0337     1.3324     0.0218      0.009     -0.018     -0.027        297 9.1681e+02   997.8411 0.0000e+00
     -0.004    21.7626     9.0776    103.353  30.622961     32.737      8.409   263.1338     2.1176     1.3901     0.0218      0.018     -0.003     -0.005        298 7.9809e+02   997.8416 0.0000e+00
      0.013    21.7617     9.0903    103.497  30.624101     32.737      8.403   262.7931     2.1100     1.2748     0.0218      0.029      0.012      0.017        299 6.8208e+02   997.8419 0.0000e+00
      0.027    21.7605     9.0992    103.585  30.614794     32.738      8.394   262.6795     2.0871     1.2748     0.0218      0.038      0.026      0.038        300 6.7186e+02   997.8422 0.0000e+00
      0.039    21.7592     9.1140    103.731  30.575291     32.679      8.384   261.9224     2.1176     1.3324     0.0218      0.044      0.037      0.055        301 6.7870e+02   997.8424 0.0000e+00
      0.049    21.7584     9.1303    103.881  30.614010     32.739      8.377   261.5817     2.0986     1.3613     0.0218      0.048      0.047      0.068        302 6.8114e+02   997.8428 0.0000e+00
      0.055    21.7583     9.1347    103.899  30.625862     32.740      8.378   261.7331     2.3770     1.3469     0.0218      0.049      0.054      0.079        303 6.5228e+02   997.8431 0.0000e+00
      0.063    21.7584     9.1318    103.848  30.619794     32.741      8.377   261.2409     2.3656     1.2603     0.0218      0.048      0.063      0.091        304 6.0625e+02   997.8433 0.0000e+00
      0.074    21.7583     9.1296    103.816  30.621563     32.741      8.380   261.0517     2.3656     1.2603     0.0218      0.045      0.073      0.106        305 6.2579e+02   997.8434 0.0000e+00
      0.086    21.7585     9.1244    103.759  30.623662     32.741      8.375   260.9002     2.3694     1.4045     0.0218      0.041      0.085      0.124        306 6.0742e+02   997.8434 0.0000e+00
      0.102    21.7586     9.1109    103.613  30.617183     32.741      8.371   260.9002     2.3389     1.4045     0.0218      0.040      0.099      0.144        307 5.6356e+02   997.8435 0.0000e+00
      0.114    21.7593     9.0993    103.487  30.629627     32.741      8.361   260.9381     2.2931     1.4045     0.0218      0.041      0.110      0.160        308 5.8426e+02   997.8435 0.0000e+00
      0.120    21.7586     9.0781    103.254  30.667427     32.800      8.351   260.8624     2.2702     1.3036     0.0218      0.042      0.119      0.172        309 5.7887e+02   997.8435 0.0000e+00
      0.130    21.7526     9.0550    103.002  30.629393     32.740      8.356   260.9002     2.2969     1.3036     0.0218      0.042      0.128      0.185        310 5.6237e+02   997.8434 0.0000e+00
      0.139    21.7412     9.0416    102.862  30.617708     32.740      8.360   260.7488     2.4114     1.3324     0.0218      0.043      0.143      0.207        311 5.2693e+02   997.8436 0.0000e+00
      0.169    21.7239     9.0352    102.803  30.622716     32.745      8.361   260.2567     2.4190     1.3469     0.0218      0.047      0.170      0.247        312 4.5199e+02   997.8451 0.0000e+00
      0.214    21.7077     9.0338    102.793  30.563909     32.693      8.361   260.4838     2.4304     1.2315     0.0218      0.059      0.207      0.299        313 4.1993e+02   997.8479 0.0000e+00
      0.248    21.6990     9.0441    102.912  30.572393     32.705      8.358   260.5595     2.3961     1.2892     0.0218      0.073      0.237      0.344        314 3.9422e+02   997.8518 0.0000e+00
      0.264    21.6954     9.0584    103.077  30.612165     32.777      8.355   260.5595     2.4304     1.3469     0.0218      0.083      0.255      0.370        315 3.6965e+02   997.8556 0.0000e+00
      0.268    21.6963     9.0745    103.257  30.573673     32.723      8.360   260.5595     2.4266     1.3757     0.0218      0.089      0.263      0.380        316 3.7665e+02   997.8575 0.0000e+00
      0.270    21.6998     9.0859    103.380  30.561048     32.725      8.366   260.5595     2.4266     1.3036     0.0218      0.088      0.268      0.389        317 3.7411e+02   997.8584 0.0000e+00
      0.284    21.7030     9.1043    103.580  30.568625     32.725      8.372   260.7109     2.4114     1.4045     0.0218      0.082      0.278      0.403        318 3.6288e+02   997.8583 0.0000e+00
      0.296    21.7070     9.1092    103.624  30.564244     32.722      8.372   260.3702     2.4304     1.3324     0.0218      0.073      0.288      0.418        319 3.6249e+02   997.8575 0.0000e+00
      0.300    21.7123     9.1084    103.598  30.566500     32.720      8.375   260.5974     2.4114     1.4622     0.0218      0.056      0.296      0.429        320 3.6025e+02   997.8568 0.0000e+00
      0.309    21.7189     9.0953    103.435  30.565815     32.717      8.379   260.2567     2.4190     1.3469     0.0218      0.040      0.305      0.443        321 3.6479e+02   997.8559 0.0000e+00
