Data/DataAlreadyUploadedToEDI/CollatedDataForEDI/CTDData/CTD_2019 (not collated)/061019_fcr30.cnv
* Sea-Bird SBE19plus  Data File:
* FileName = C:\DATA\061019_fcr_0004.hex
* Software version 2.8.0.119
* Temperature SN = 7809
* Conductivity SN = 7809
* System UpLoad Time = Jun 10 2019 13:28:56
* <ApplicationData>
* <Seaterm232>
# nquan = 18
# nvalues = 529                         
# units = specified
# name 0 = depFM: Depth [fresh water, m]
# name 1 = tv290C: Temperature [ITS-90, deg C]
# name 2 = sbeox0Mg/L: Oxygen, SBE 43 [mg/l]
# name 3 = sbeox0PS: Oxygen, SBE 43 [% saturation]
# name 4 = c0uS/cm: Conductivity [uS/cm]
# name 5 = specc: Specific Conductance [uS/cm]
# name 6 = ph: pH
# name 7 = orp: Oxidation Reduction Potential [mV]
# name 8 = flECO-AFL: Fluorescence, WET Labs ECO-AFL/FL [mg/m^3]
# name 9 = turbWETntu0: Turbidity, WET Labs ECO [NTU]
# name 10 = sal00: Salinity, Practical [PSU]
# name 11 = dz/dtM: Descent Rate [m/s]
# name 12 = prdM: Pressure, Strain Gauge [db]
# name 13 = prdE: Pressure, Strain Gauge [psi]
# name 14 = scan: Scan Count
# name 15 = par/sat/log: PAR/Logarithmic, Satlantic
# name 16 = density00: Density [density, kg/m^3]
# name 17 = flag:  0.000e+00
# span 0 =     -0.591,      5.378       
# span 1 =     9.8437,    21.8022       
# span 2 =     1.6020,    12.7321       
# span 3 =     14.345,    131.868       
# span 4 =   0.902047,  31.412692       
# span 5 =      0.994,     37.881       
# span 6 =      7.007,     10.103       
# span 7 =  -859.0687,   294.8203       
# span 8 =    -0.1598,     3.7694       
# span 9 =    -0.6287,    15.8676       
# span 10 =     0.0102,     0.0222      
# span 11 =     -0.102,      0.257      
# span 12 =     -0.580,      5.273      
# span 13 =     -0.841,      7.648      
# span 14 =          1,        529      
# span 15 = 6.3179e+00, 1.1650e+03      
# span 16 =   997.8334,   999.7551      
# span 17 = 0.0000e+00, 0.0000e+00      
# interval = seconds: 0.25
# start_time = Jun 10 2019 12:19:39 [Instrument's time stamp, header]
# bad_flag = -9.990e-29
*END*
[from data line 161]
     -0.023    21.5199     6.3258     71.562  30.266932     32.512      8.880   284.1824     2.1939     1.3757     0.0217      0.017     -0.024     -0.035        162 4.5683e+02   997.8939 0.0000e+00
     -0.031    21.5147     6.3890     72.275  30.251192     32.514      8.881   284.1446     2.2054     1.3613     0.0217      0.014     -0.027     -0.040        163 4.6152e+02   997.8946 0.0000e+00
     -0.029    21.5094     6.4643     73.127  30.267362     32.519      8.881   283.1982     2.1748     1.3324     0.0217      0.012     -0.024     -0.035        164 4.6553e+02   997.8961 0.0000e+00
     -0.013    21.5024     6.5300     73.872  30.276437     32.552      8.876   263.8910     2.1977     1.2748     0.0217      0.013     -0.012     -0.018        165 4.4363e+02   997.8973 0.0000e+00
      0.003    21.4930     6.5719     74.348  30.210275     32.466      8.868   263.1338     2.1748     1.3324     0.0216      0.016     -0.000     -0.001        166 4.6496e+02   997.8985 0.0000e+00
      0.007    21.4773     6.5974     74.638  30.201573     32.471      8.846   262.3388     2.1634     1.3469     0.0216      0.018      0.005      0.008        167 5.1121e+02   997.9001 0.0000e+00
      0.006    21.4585     6.5895     74.548  30.257644     32.537      8.845   261.9602     1.9307     1.3757     0.0217      0.018      0.006      0.008        168 5.0458e+02   997.9021 0.0000e+00
      0.005    21.4435     6.5666     74.288  30.259002     32.549      8.843   261.3167     1.9460     1.2748     0.0217      0.019      0.006      0.008        169 5.7235e+02   997.9057 0.0000e+00
      0.007    21.4334     6.5412     74.002  30.259142     32.562      8.843   260.8624     1.9193     1.3613     0.0217      0.021      0.008      0.011        170 6.3025e+02   997.9099 0.0000e+00
      0.011    21.4290     6.5221     73.842  30.287104     32.602      8.840   260.7109     1.9383     1.3757     0.0217      0.020      0.012      0.016        171 6.5895e+02   997.9132 0.0000e+00
      0.016    21.4279     6.6450     75.425  30.253834     32.579      8.843   260.1431     1.9269     1.2603     0.0217      0.017      0.017      0.023        172 6.6662e+02   997.9155 0.0000e+00
      0.024    21.4274     7.0274     79.922  30.211672     32.522      8.839   260.1052     1.9193     1.3613     0.0216      0.013      0.022      0.031        173 6.9382e+02   997.9165 0.0000e+00
      0.025    21.4275     7.5900     86.406  30.191449     32.523      8.838   259.5752     1.9460     1.3180     0.0216      0.011      0.024      0.035        174 7.1676e+02   997.9167 0.0000e+00
      0.024    21.4284     8.1828     93.201  30.219752     32.523      8.837   268.5853     1.9269     1.4622     0.0216      0.011      0.026      0.038        175 6.3430e+02   997.9168 0.0000e+00
      0.032    21.4291     8.7344     99.509  30.235701     32.583      8.829   260.2188     1.9383     1.2748     0.0217      0.014      0.028      0.042        176 6.3042e+02   997.9168 0.0000e+00
      0.030    21.4306     9.2050    104.881  30.230851     32.523      8.810   259.8402     2.0566     1.1306     0.0216      0.014      0.028      0.041        177 6.9916e+02   997.9166 0.0000e+00
      0.023    21.4299     9.5659    108.998  30.255413     32.612      8.810   259.6509     2.0719     1.2027     0.0217      0.010      0.028      0.040        178 6.7892e+02   997.9164 0.0000e+00
      0.034    21.4305     9.7653    111.272  30.234759     32.521      8.808   259.1588     2.0337     1.0296     0.0216      0.009      0.034      0.049        179 6.5388e+02   997.9162 0.0000e+00
      0.048    21.4292     9.8021    111.690  30.226928     32.581      8.793   258.8938     2.0261     1.0440     0.0217      0.011      0.044      0.063        180 6.5959e+02   997.9164 0.0000e+00
      0.051    21.4744     9.7307    110.876  30.235533     32.522      8.788   258.5909     2.1787     1.3469     0.0216      0.012      0.051      0.073        181 5.8200e+02   997.9163 0.0000e+00
      0.057    21.5977     9.6145    109.552  30.431430     32.792      8.776   262.9067     2.1939     1.4189     0.0217      0.016      0.055      0.079        182 5.7338e+02   997.9166 0.0000e+00
      0.058    21.7022     9.4952    108.194  30.634902     32.944      8.762   258.3638     2.1520     1.4334     0.0218      0.018      0.056      0.082        183 6.0528e+02   997.9067 0.0000e+00
      0.058    21.7525     9.3951    107.054  30.663692     32.912      8.752   258.2881     2.1634     1.3324     0.0218      0.018      0.056      0.082        184 6.3118e+02   997.8792 0.0000e+00
      0.056    21.7794     9.3137    106.129  30.632569     32.781      8.746   259.6509     2.1024     1.1017     0.0218      0.017      0.056      0.081        185 6.2589e+02   997.8560 0.0000e+00
      0.058    21.7916     9.2552    105.458  30.614341     32.744      8.745   258.5152     2.1253     1.1594     0.0218      0.015      0.058      0.083        186 5.4639e+02   997.8446 0.0000e+00
      0.062    21.7979     9.2255    105.096  30.627101     32.726      8.741   264.4588     2.1214     1.0585     0.0218      0.010      0.059      0.085        187 5.3273e+02   997.8385 0.0000e+00
      0.058    21.8000     9.2020    104.798  30.616678     32.717      8.739   280.5481     2.1024     1.0585     0.0218      0.005      0.057      0.083        188 5.3121e+02   997.8358 0.0000e+00
      0.056    21.8007     9.1749    104.477  30.627306     32.713      8.737   259.9917     1.9383     1.3469     0.0218      0.002      0.056      0.082        189 5.1776e+02   997.8344 0.0000e+00
      0.059    21.8003     9.1440    104.123  30.673124     32.771      8.734   281.3431     1.9231     1.3613     0.0218      0.000      0.057      0.084        190 5.0808e+02   997.8339 0.0000e+00
      0.061    21.8001     9.1163    103.817  30.678162     32.771      8.726   280.5103     1.9421     1.3036     0.0218      0.001      0.059      0.086        191 4.9618e+02   997.8338 0.0000e+00
      0.061    21.8002     9.0903    103.531  30.621036     32.712      8.716   277.9360     1.9269     1.2027     0.0218      0.001      0.060      0.087        192 4.9393e+02   997.8339 0.0000e+00
      0.062    21.8006     9.0796    103.417  30.625712     32.712      8.710   280.7753     1.9193     1.3613     0.0218      0.002      0.060      0.088        193 5.0947e+02   997.8339 0.0000e+00
      0.063    21.8013     9.0760    103.384  30.613090     32.712      8.706   280.2074     1.9383     1.4334     0.0218      0.002      0.060      0.088        194 5.0120e+02   997.8339 0.0000e+00
      0.061    21.8022     9.0716    103.335  30.636742     32.711      8.700   267.4874     1.9383     1.4189     0.0218      0.001      0.057      0.083        195 4.6692e+02   997.8338 0.0000e+00
      0.051    21.7999     9.0762    103.387  30.714781     32.830      8.695   262.8310     1.9536     1.3757     0.0219     -0.000      0.048      0.070        196 5.2411e+02   997.8336 0.0000e+00
      0.037    21.7881     9.0770    103.391  30.634477     32.710      8.694   261.9981     1.9383     1.3036     0.0218     -0.006      0.030      0.044        197 6.2020e+02   997.8334 0.0000e+00
      0.002    21.7738     9.0835    103.452  30.618174     32.712      8.690   260.8624     2.0299     1.0873     0.0218     -0.021      0.000      0.001        198 6.0476e+02   997.8337 0.0000e+00
     -0.037    21.7673     9.0721    103.312  30.616566     32.720      8.693   282.6682     2.0795     1.1882     0.0218     -0.041     -0.030     -0.043        199 5.5860e+02   997.8363 0.0000e+00
     -0.054    21.7666     9.0636    103.215  30.577230     32.671      8.683   283.0467     2.0528     1.0585     0.0218     -0.059     -0.050     -0.072        200 5.6569e+02   997.8394 0.0000e+00
     -0.064    21.7706     9.0560    103.126  30.607880     32.735      8.677   283.3496     2.0604     1.0585     0.0218     -0.072     -0.059     -0.084        201 5.4684e+02   997.8408 0.0000e+00
     -0.060    21.7760     9.0573    103.140  30.578426     32.676      8.665   282.3653     1.9421     1.3180     0.0218     -0.075     -0.056     -0.081        202 5.0419e+02   997.8410 0.0000e+00
     -0.048    21.7801     9.0616    103.189  30.613885     32.732      8.644   282.3653     1.9040     1.3757     0.0218     -0.067     -0.046     -0.066        203 4.6132e+02   997.8401 0.0000e+00
     -0.032    21.7834     9.0772    103.367  30.623003     32.729      8.634   282.3653     1.9269     1.3324     0.0218     -0.048     -0.032     -0.045        204 3.6849e+02   997.8390 0.0000e+00
     -0.014    21.7847     9.0883    103.494  30.626331     32.726      8.629   282.4789     1.9460     1.2459     0.0218     -0.022     -0.020     -0.028        205 3.4872e+02   997.8381 0.0000e+00
     -0.011    21.7844     9.0941    103.560  30.668993     32.783      8.620   263.5881     1.7934     1.4334     0.0218      0.005     -0.020     -0.029        206 4.1777e+02   997.8374 0.0000e+00
     -0.036    21.7816     9.0997    103.625  30.629161     32.723      8.629   283.3496     1.8048     1.3180     0.0218      0.017     -0.042     -0.061        207 5.0807e+02   997.8370 0.0000e+00
     -0.081    21.7752     9.1004    103.633  30.616650     32.723      8.627   282.6303     1.8048     1.3613     0.0218      0.007     -0.079     -0.114        208 5.4773e+02   997.8368 0.0000e+00
     -0.123    21.7706     9.0955    103.576  30.625311     32.725      8.628   281.4189     1.8163     1.3469     0.0218     -0.017     -0.116     -0.168        209 5.1878e+02   997.8373 0.0000e+00
     -0.148    21.7697     9.0881    103.493  30.618383     32.729      8.626   281.4189     1.7400     1.2171     0.0218     -0.046     -0.146     -0.212        210 6.0028e+02   997.8386 0.0000e+00
     -0.180    21.7690     9.0920    103.540  30.625273     32.732      8.618   263.7017     1.7476     1.3180     0.0218     -0.076     -0.171     -0.248        211 6.6717e+02   997.8394 0.0000e+00
     -0.195    21.7684     9.0948    103.573  30.675989     32.793      8.611   282.4031     1.7285     1.3324     0.0218     -0.099     -0.181     -0.263        212 6.4392e+02   997.8396 0.0000e+00
     -0.179    21.7684     9.0979    103.606  30.673771     32.793      8.602   282.3653     1.7476     1.4045     0.0218     -0.102     -0.172     -0.249        213 6.2650e+02   997.8398 0.0000e+00
     -0.154    21.7686     9.0913    103.530  30.628033     32.734      8.601   282.1003     1.6751     1.0008     0.0218     -0.084     -0.152     -0.219        214 6.1331e+02   997.8401 0.0000e+00
     -0.131    21.7689     9.0947    103.568  30.614406     32.734      8.592   281.4946     1.6713     1.0873     0.0218     -0.050     -0.132     -0.192        215 5.8485e+02   997.8402 0.0000e+00
     -0.121    21.7690     9.0923    103.539  30.631478     32.734      8.580   281.3431     1.6827     1.0008     0.0218     -0.013     -0.121     -0.176        216 5.6329e+02   997.8402 0.0000e+00
     -0.119    21.7691     9.0846    103.452  30.666040     32.793      8.573   281.4189     1.6789     1.1882     0.0218      0.015     -0.115     -0.168        217 5.4659e+02   997.8402 0.0000e+00
     -0.113    21.7694     9.0772    103.372  30.630647     32.733      8.573   281.2674     1.6675     1.1161     0.0218      0.034     -0.108     -0.157        218 5.1645e+02   997.8402 0.0000e+00
     -0.099    21.7695     9.0693    103.286  30.616272     32.733      8.576   280.5481     1.7972     1.3324     0.0218      0.047     -0.096     -0.139        219 5.0575e+02   997.8402 0.0000e+00
     -0.081    21.7696     9.0615    103.206  30.624678     32.733      8.571   281.4946     1.7972     1.3036     0.0218      0.052     -0.080     -0.115        220 5.0378e+02   997.8402 0.0000e+00
     -0.064    21.7706     9.0602    103.192  30.620185     32.733      8.566   281.1539     1.7896     1.2748     0.0218      0.049     -0.064     -0.091        221 4.8773e+02   997.8403 0.0000e+00
     -0.048    21.7712     9.0449    103.014  30.621862     32.733      8.558   281.4189     1.8048     1.2748     0.0218      0.047     -0.050     -0.071        222 4.7063e+02   997.8403 0.0000e+00
     -0.039    21.7707     9.0276    102.814  30.622591     32.732      8.554   281.3810     1.7896     1.3324     0.0218      0.048     -0.041     -0.059        223 4.7025e+02   997.8402 0.0000e+00
     -0.039    21.7702     9.0248    102.781  30.619278     32.732      8.551   281.0024     1.8048     1.4189     0.0218      0.048     -0.040     -0.058        224 4.5893e+02   997.8400 0.0000e+00
     -0.044    21.7694     9.0317    102.860  30.625985     32.732      8.548   281.2296     1.8239     1.3324     0.0218      0.044     -0.045     -0.064        225 4.5213e+02   997.8401 0.0000e+00
     -0.053    21.7686     9.0477    103.043  30.614245     32.733      8.548   281.0024     1.8201     1.4334     0.0218      0.034     -0.050     -0.073        226 4.3784e+02   997.8401 0.0000e+00
     -0.056    21.7691     9.0695    103.291  30.633888     32.733      8.545   281.1160     1.8315     1.0585     0.0218      0.020     -0.053     -0.077        227 4.4419e+02   997.8403 0.0000e+00
     -0.053    21.7708     9.0920    103.559  30.660792     32.793      8.539   281.2674     1.8659     1.1161     0.0218      0.008     -0.051     -0.074        228 4.0615e+02   997.8405 0.0000e+00
     -0.048    21.7736     9.1140    103.820  30.580765     32.674      8.537   281.4567     1.8697     1.1161     0.0218      0.000     -0.047     -0.068        229 3.0170e+02   997.8404 0.0000e+00
     -0.042    21.7770     9.1284    103.986  30.555723     32.673      8.534   281.3431     1.8620     1.1161     0.0218     -0.003     -0.042     -0.062        230 2.9715e+02   997.8401 0.0000e+00
     -0.040    21.7778     9.1468    104.192  30.632703     32.730      8.534   281.1917     1.8926     1.4189     0.0218     -0.001     -0.040     -0.058        231 3.0186e+02   997.8395 0.0000e+00
     -0.041    21.7760     9.1460    104.179  30.603469     32.728      8.529   281.1917     1.8620     1.3324     0.0218      0.002     -0.041     -0.059        232 2.9424e+02   997.8387 0.0000e+00
     -0.044    21.7747     9.1448    104.161  30.592103     32.668      8.526   281.1917     1.8620     1.3036     0.0218      0.005     -0.042     -0.061        233 3.4221e+02   997.8385 0.0000e+00
     -0.044    21.7743     9.1384    104.084  30.646848     32.788      8.525   281.1539     1.8468     1.3036     0.0218      0.007     -0.042     -0.061        234 3.5123e+02   997.8389 0.0000e+00
     -0.040    21.7742     9.1317    104.003  30.594592     32.670      8.520   281.1539     1.8315     1.1594     0.0218      0.007     -0.038     -0.056        235 3.4702e+02   997.8392 0.0000e+00
     -0.034    21.7741     9.1269    103.945  30.597883     32.730      8.518   281.0781     1.8163     1.1450     0.0218      0.006     -0.032     -0.047        236 3.5874e+02   997.8393 0.0000e+00
     -0.025    21.7750     9.1265    103.939  30.583501     32.670      8.516   281.1539     1.8086     1.1017     0.0218      0.007     -0.025     -0.037        237 3.4149e+02   997.8394 0.0000e+00
     -0.018    21.7800     9.1380    104.071  30.612490     32.730      8.514   281.4946     1.8048     1.1450     0.0218      0.010     -0.019     -0.027        238 3.4444e+02   997.8394 0.0000e+00
     -0.013    21.7852     9.1201    103.873  30.680311     32.789      8.512   281.3053     1.7857     1.0296     0.0218      0.015     -0.015     -0.022        239 3.6159e+02   997.8392 0.0000e+00
     -0.014    21.7863     9.1139    103.808  30.617603     32.726      8.507   281.4567     1.9879     1.3324     0.0218      0.017     -0.017     -0.024        240 4.4391e+02   997.8381 0.0000e+00
     -0.023    21.7850     9.0922    103.562  30.631275     32.722      8.503   265.7081     2.0108     1.3757     0.0218      0.016     -0.025     -0.036        241 6.0201e+02   997.8369 0.0000e+00
