Data/DataAlreadyUploadedToEDI/CollatedDataForEDI/CTDData/CTD_2019 (not collated)/061019_fcr50_b.cnv
* Sea-Bird SBE19plus  Data File:
* FileName = C:\DATA\061019_fcr_0006.hex
* Software version 2.8.0.119
* Temperature SN = 7809
* Conductivity SN = 7809
* System UpLoad Time = Jun 10 2019 13:29:47
* <ApplicationData>
* <Seaterm232>
# nquan = 18
# nvalues = 1025                        
# units = specified
# name 0 = depFM: Depth [fresh water, m]
# name 1 = tv290C: Temperature [ITS-90, deg C]
# name 2 = sbeox0Mg/L: Oxygen, SBE 43 [mg/l]
# name 3 = sbeox0PS: Oxygen, SBE 43 [% saturation]
# name 4 = c0uS/cm: Conductivity [uS/cm]
# name 5 = specc: Specific Conductance [uS/cm]
# name 6 = ph: pH
# name 7 = orp: Oxidation Reduction Potential [mV]
# name 8 = flECO-AFL: Fluorescence, WET Labs ECO-AFL/FL [mg/m^3]
# name 9 = turbWETntu0: Turbidity, WET Labs ECO [NTU]
# name 10 = sal00: Salinity, Practical [PSU]
# name 11 = dz/dtM: Descent Rate [m/s]
# name 12 = prdM: Pressure, Strain Gauge [db]
# name 13 = prdE: Pressure, Strain Gauge [psi]
# name 14 = scan: Scan Count
# name 15 = par/sat/log: PAR/Logarithmic, Satlantic
# name 16 = density00: Density [density, kg/m^3]
# name 17 = flag:  0.000e+00
# span 0 =     -0.603,      9.622       
# span 1 =     9.8755,    22.0327       
# span 2 =     4.3013,    12.4809       
# span 3 =     38.247,    130.704       
# span 4 =  -0.475401,  32.203489       
# span 5 =     -0.616,     35.068       
# span 6 =      7.415,     10.317       
# span 7 = -1240.7455,   305.7611       
# span 8 =    -0.1483,     3.1667       
# span 9 =    -0.4412,   366.6142       
# span 10 =     0.0000,     0.0225      
# span 11 =     -0.115,      0.197      
# span 12 =     -0.591,      9.436      
# span 13 =     -0.857,     13.685      
# span 14 =          1,       1025      
# span 15 = 1.2291e-01, 8.0599e+02      
# span 16 =   997.7802,   999.7722      
# span 17 = 0.0000e+00, 0.0000e+00      
# interval = seconds: 0.25
# start_time = Jun 10 2019 13:12:02 [Instrument's time stamp, header]
# bad_flag = -9.990e-29
*END*
[from data line 322]
     -0.139    21.9338     5.5482     63.380  31.005416     33.004      8.438   260.5595     1.6522     1.2171     0.0220      0.000     -0.136     -0.197        323 6.3358e+02   997.8027 0.0000e+00
     -0.139    21.9333     5.5423     63.313  31.025981     33.064      8.438   260.8245     1.5759     1.1161     0.0220      0.000     -0.136     -0.197        324 6.3393e+02   997.8029 0.0000e+00
     -0.139    21.9328     5.5303     63.175  31.048588     33.065      8.438   261.1274     1.5645     1.1017     0.0220     -0.000     -0.136     -0.197        325 6.3516e+02   997.8030 0.0000e+00
     -0.138    21.9324     5.5233     63.095  31.036535     33.065      8.437   261.0517     1.5836     1.2027     0.0220     -0.000     -0.135     -0.196        326 6.3539e+02   997.8032 0.0000e+00
     -0.138    21.9322     5.5208     63.067  31.040981     33.065      8.435   258.2881     1.5797     1.1450     0.0220      0.000     -0.135     -0.196        327 6.3523e+02   997.8033 0.0000e+00
     -0.138    21.9324     5.5277     63.146  30.983802     33.006      8.434   259.8402     1.5874     1.1738     0.0220      0.000     -0.136     -0.197        328 6.3650e+02   997.8033 0.0000e+00
     -0.138    21.9327     5.5288     63.159  30.989186     33.006      8.433   259.8402     1.5683     1.0873     0.0220      0.000     -0.136     -0.197        329 6.3685e+02   997.8034 0.0000e+00
     -0.138    21.9324     5.5312     63.186  31.034280     33.065      8.433   259.9538     1.5836     1.1882     0.0220      0.000     -0.136     -0.197        330 6.3655e+02   997.8033 0.0000e+00
     -0.139    21.9320     5.5277     63.147  31.046190     33.065      8.431   259.9917     1.5988     1.0873     0.0220      0.000     -0.136     -0.197        331 6.3673e+02   997.8033 0.0000e+00
     -0.139    21.9318     5.5284     63.155  31.033617     33.066      8.430   260.9759     1.5721     1.1161     0.0220 -7.049e-07     -0.136     -0.197        332 6.3822e+02   997.8033 0.0000e+00
     -0.138    21.9315     5.5244     63.110  31.049927     33.066      8.430   257.5688     1.5836     1.1738     0.0220     -0.000     -0.136     -0.197        333 6.3834e+02   997.8034 0.0000e+00
     -0.138    21.9318     5.5109     62.956  31.025895     33.066      8.429   258.2881     1.5607     1.0873     0.0220     -0.000     -0.136     -0.197        334 6.3920e+02   997.8035 0.0000e+00
     -0.139    21.9322     5.4965     62.792  31.004272     33.007      8.428   258.5909     1.5836     1.0440     0.0220     -0.000     -0.137     -0.198        335 6.4006e+02   997.8035 0.0000e+00
     -0.139    21.9321     5.4755     62.552  31.017582     33.066      8.430   258.4017     1.6675     1.1882     0.0220     -0.000     -0.137     -0.198        336 6.4003e+02   997.8034 0.0000e+00
     -0.138    21.9320     5.4618     62.396  30.950077     32.947      8.429   260.2188     1.6560     1.0873     0.0220     -0.000     -0.136     -0.197        337 6.4084e+02   997.8034 0.0000e+00
     -0.138    21.9322     5.4491     62.250  30.969774     33.006      8.427   260.4081     1.6293     1.0585     0.0220     -0.000     -0.136     -0.197        338 6.4066e+02   997.8034 0.0000e+00
     -0.139    21.9324     5.4360     62.100  30.993069     33.006      8.431   257.6066     1.6370     1.1450     0.0220     -0.000     -0.136     -0.197        339 6.4143e+02   997.8034 0.0000e+00
     -0.138    21.9325     5.4255     61.980  30.980340     33.006      8.432   257.7202     1.5836     1.4622     0.0220      0.000     -0.136     -0.197        340 6.4151e+02   997.8033 0.0000e+00
     -0.139    21.9331     5.4125     61.831  30.926362     32.947      8.430   257.7581     1.5874     1.2748     0.0220      0.000     -0.136     -0.197        341 6.4130e+02   997.8033 0.0000e+00
     -0.138    21.9335     5.4040     61.733  30.941738     32.946      8.429   257.9474     1.5683     1.3901     0.0220      0.000     -0.136     -0.197        342 6.4111e+02   997.8033 0.0000e+00
     -0.139    21.9339     5.3886     61.558  31.020458     33.065      8.429   259.1588     1.5302     1.3613     0.0220      0.000     -0.136     -0.197        343 6.4115e+02   997.8032 0.0000e+00
     -0.139    21.9341     5.3821     61.483  31.006155     33.005      8.430   258.9317     1.5721     1.3613     0.0220      0.000     -0.136     -0.197        344 6.4212e+02   997.8031 0.0000e+00
     -0.139    21.9340     5.3907     61.583  31.018791     33.065      8.428   259.2724     1.5111     1.0873     0.0220     -0.000     -0.136     -0.197        345 6.4211e+02   997.8030 0.0000e+00
     -0.139    21.9339     5.4136     61.848  30.975107     32.975      8.426   258.0231     1.5454     1.1306     0.0220     -0.000     -0.136     -0.197        346 6.4292e+02   997.8029 0.0000e+00
     -0.138    21.9341     5.4412     62.164  30.971640     33.005      8.425   257.9095     1.5035     1.1306     0.0220      0.000     -0.136     -0.197        347 6.4331e+02   997.8030 0.0000e+00
     -0.139    21.9342     5.4750     62.551  30.993479     33.005      8.425   257.4931     1.5035     1.0585     0.0220     -0.000     -0.136     -0.197        348 6.4250e+02   997.8030 0.0000e+00
     -0.138    21.9337     5.5115     62.972  30.977555     33.005      8.422   257.9474     1.6065     1.0440     0.0220 -7.041e-07     -0.136     -0.197        349 6.4305e+02   997.8029 0.0000e+00
     -0.139    21.9335     5.5453     63.360  30.991457     33.005      8.424   257.7959     1.5683     1.1306     0.0220     -0.000     -0.136     -0.197        350 6.4410e+02   997.8029 0.0000e+00
     -0.139    21.9331     5.5631     63.565  30.976178     33.005      8.423   258.3638     1.5683     1.0873     0.0220     -0.000     -0.136     -0.198        351 6.4517e+02   997.8030 0.0000e+00
     -0.139    21.9325     5.5643     63.580  30.996570     33.005      8.422   259.6131     1.5530     1.0440     0.0220     -0.000     -0.136     -0.198        352 6.4554e+02   997.8031 0.0000e+00
     -0.139    21.9326     5.5519     63.439  31.025333     33.065      8.424   258.8181     1.5187     1.1882     0.0220     -0.000     -0.136     -0.198        353 6.4481e+02   997.8032 0.0000e+00
     -0.139    21.9325     5.5355     63.251  30.940383     32.946      8.423   258.8559     1.5187     1.1738     0.0220     -0.000     -0.136     -0.197        354 6.4550e+02   997.8033 0.0000e+00
     -0.139    21.9336     5.5193     63.066  30.924529     32.947      8.424   257.9474     1.5187     1.1017     0.0220     -0.000     -0.136     -0.197        355 6.4573e+02   997.8033 0.0000e+00
     -0.139    21.9362     5.5043     62.894  30.985809     33.006      8.424   258.1367     1.5073     1.0008     0.0220      0.000     -0.136     -0.197        356 6.4612e+02   997.8033 0.0000e+00
     -0.139    21.9374     5.4862     62.687  30.982627     33.005      8.424   258.1367     1.5950     1.2315     0.0220     -0.000     -0.136     -0.197        357 6.4706e+02   997.8030 0.0000e+00
     -0.138    21.9386     5.4730     62.536  30.987743     33.003      8.422   261.2788     1.5836     1.2315     0.0220      0.000     -0.136     -0.197        358 6.4649e+02   997.8024 0.0000e+00
     -0.138    21.9409     5.4700     62.501  30.979443     33.003      8.421   259.9917     1.5721     1.1738     0.0220      0.000     -0.136     -0.197        359 6.4758e+02   997.8022 0.0000e+00
     -0.139    21.9429     5.4707     62.508  30.933703     32.942      8.424   259.6509     1.5836     1.1306     0.0220      0.000     -0.136     -0.197        360 6.4867e+02   997.8019 0.0000e+00
     -0.139    21.9443     5.4759     62.566  30.985410     33.000      8.420   259.6509     1.5607     1.1594     0.0220      0.000     -0.136     -0.197        361 6.4957e+02   997.8014 0.0000e+00
     -0.139    21.9450     5.4826     62.643  30.974345     32.999      8.422   259.9917     1.5683     1.3757     0.0220      0.000     -0.136     -0.197        362 6.4911e+02   997.8009 0.0000e+00
     -0.139    21.9452     5.4905     62.732  30.947472     32.938      8.422   258.6288     1.5759     1.4334     0.0220     -0.000     -0.136     -0.197        363 6.4850e+02   997.8006 0.0000e+00
     -0.138    21.9452     5.5046     62.892  30.959599     32.997      8.421   261.7709     1.5607     1.4334     0.0220      0.000     -0.136     -0.197        364 6.4916e+02   997.8005 0.0000e+00
     -0.139    21.9450     5.5152     63.012  30.900000     32.878      8.422   261.6952     1.5950     1.3901     0.0219     -0.000     -0.136     -0.197        365 6.4964e+02   997.8004 0.0000e+00
     -0.138    21.9447     5.5261     63.137  30.962389     32.997      8.419   261.3924     1.5530     1.2459     0.0220     -0.000     -0.136     -0.197        366 6.5042e+02   997.8004 0.0000e+00
     -0.139    21.9445     5.5373     63.263  30.941210     32.938      8.421   261.5817     1.5912     1.3324     0.0220     -0.000     -0.136     -0.197        367 6.5009e+02   997.8005 0.0000e+00
     -0.138    21.9440     5.5479     63.384  30.926355     32.938      8.421   260.0674     1.5759     1.3180     0.0220      0.000     -0.136     -0.197        368 6.5018e+02   997.8005 0.0000e+00
     -0.139    21.9435     5.5579     63.498  30.980876     32.998      8.422   260.0674     1.5569     1.4478     0.0220      0.000     -0.136     -0.197        369 6.5090e+02   997.8006 0.0000e+00
     -0.139    21.9428     5.5659     63.590  30.932616     32.938      8.421   260.2188     1.5607     1.4045     0.0220      0.000     -0.136     -0.197        370 6.5114e+02   997.8007 0.0000e+00
     -0.138    21.9423     5.5845     63.802  30.956788     32.969      8.422   262.7552     1.5492     1.3324     0.0220      0.000     -0.136     -0.197        371 6.5138e+02   997.8008 0.0000e+00
     -0.138    21.9419     5.5984     63.959  30.921167     32.939      8.421   262.8310     1.5759     1.4334     0.0220      0.000     -0.136     -0.197        372 6.5253e+02   997.8009 0.0000e+00
     -0.139    21.9411     5.6178     64.180  30.888067     32.880      8.423   262.7174     1.5759     1.3757     0.0219      0.000     -0.136     -0.198        373 6.5299e+02   997.8010 0.0000e+00
     -0.139    21.9405     5.6354     64.382  30.968355     32.999      8.423   262.1117     1.5607     1.2459     0.0220     -0.000     -0.136     -0.198        374 6.5320e+02   997.8012 0.0000e+00
     -0.139    21.9400     5.6429     64.468  30.939756     32.940      8.421   261.6574     1.5836     1.1161     0.0220     -0.000     -0.136     -0.197        375 6.5331e+02   997.8013 0.0000e+00
     -0.138    21.9394     5.6463     64.506  30.923657     32.941      8.421   261.8467     1.5912     1.0873     0.0220     -0.000     -0.136     -0.197        376 6.5329e+02   997.8014 0.0000e+00
     -0.139    21.9387     5.6445     64.486  30.988389     33.001      8.420   261.8467     1.5950     1.1882     0.0220     -0.000     -0.136     -0.197        377 6.5426e+02   997.8016 0.0000e+00
     -0.139    21.9383     5.6410     64.446  30.918451     32.942      8.420   262.2252     1.5607     1.2892     0.0220     -0.000     -0.136     -0.197        378 6.5553e+02   997.8017 0.0000e+00
     -0.139    21.9382     5.6473     64.518  30.892187     32.883      8.419   262.7174     1.5797     1.3036     0.0219     -0.000     -0.136     -0.197        379 6.5559e+02   997.8019 0.0000e+00
     -0.139    21.9381     5.6508     64.559  30.961821     33.002      8.418   262.7552     1.5721     1.4045     0.0220      0.000     -0.136     -0.197        380 6.5480e+02   997.8020 0.0000e+00
     -0.139    21.9378     5.6517     64.569  30.891046     32.883      8.417   262.7552     1.5759     1.3901     0.0219      0.000     -0.136     -0.197        381 6.5518e+02   997.8020 0.0000e+00
     -0.139    21.9372     5.6496     64.546  30.921012     32.943      8.416   262.8688     1.5721     1.3324     0.0220      0.000     -0.136     -0.197        382 6.5646e+02   997.8020 0.0000e+00
     -0.139    21.9368     5.6460     64.505  30.983782     33.002      8.417   260.6731     1.6370     1.3757     0.0220     -0.000     -0.136     -0.197        383 6.5664e+02   997.8021 0.0000e+00
     -0.138    21.9365     5.6435     64.476  30.931436     32.943      8.416   261.2409     1.6446     1.3613     0.0220      0.000     -0.136     -0.197        384 6.5631e+02   997.8022 0.0000e+00
     -0.139    21.9364     5.6402     64.438  30.926904     32.944      8.416   261.5438     1.6560     1.3757     0.0220      0.000     -0.136     -0.197        385 6.5657e+02   997.8023 0.0000e+00
     -0.138    21.9367     5.6347     64.374  30.930170     32.944      8.416   262.8310     1.6408     1.4334     0.0220      0.000     -0.136     -0.197        386 6.5752e+02   997.8024 0.0000e+00
     -0.139    21.9369     5.6260     64.274  30.927371     32.944      8.414   262.8310     1.6217     1.2171     0.0220      0.000     -0.136     -0.197        387 6.5663e+02   997.8024 0.0000e+00
     -0.139    21.9367     5.6153     64.150  30.930386     32.944      8.415   262.7552     1.6255     1.1161     0.0220      0.000     -0.136     -0.197        388 6.5735e+02   997.8024 0.0000e+00
     -0.139    21.9368     5.6008     63.984  30.896791     32.914      8.414   259.2345     1.6255     1.2748     0.0219      0.000     -0.136     -0.197        389 6.5964e+02   997.8023 0.0000e+00
     -0.139    21.9374     5.5846     63.798  30.880300     32.884      8.414   260.6731     1.6332     1.1882     0.0219      0.000     -0.136     -0.197        390 6.5817e+02   997.8023 0.0000e+00
     -0.139    21.9379     5.5666     63.593  30.921283     32.944      8.413   260.6352     1.5721     1.1017     0.0220     -0.000     -0.136     -0.197        391 6.5798e+02   997.8023 0.0000e+00
     -0.138    21.9381     5.5499     63.401  30.934669     32.943      8.413   260.9002     1.5759     1.0585     0.0220     -0.000     -0.136     -0.197        392 6.5912e+02   997.8022 0.0000e+00
     -0.139    21.9380     5.5356     63.238  30.922894     32.943      8.409   260.8624     1.5645     1.2748     0.0220     -0.000     -0.136     -0.197        393 6.5884e+02   997.8021 0.0000e+00
     -0.138    21.9378     5.5200     63.059  30.935937     32.943      8.407   262.1117     1.5721     1.1017     0.0220      0.000     -0.136     -0.197        394 6.5907e+02   997.8020 0.0000e+00
     -0.138    21.9375     5.4998     62.827  30.948064     32.972      8.409   259.3481     1.5988     1.4045     0.0220      0.000     -0.136     -0.197        395 6.6035e+02   997.8021 0.0000e+00
     -0.138    21.9369     5.4801     62.602  30.878175     32.883      8.405   259.7645     1.5797     1.3324     0.0219      0.000     -0.136     -0.197        396 6.6192e+02   997.8021 0.0000e+00
     -0.139    21.9362     5.4737     62.528  30.874779     32.884      8.405   259.6509     1.5607     1.3324     0.0219      0.000     -0.136     -0.197        397 6.6254e+02   997.8021 0.0000e+00
     -0.138    21.9356     5.4586     62.355  30.922664     32.943      8.402   259.7267     1.5607     1.3757     0.0220      0.000     -0.136     -0.197        398 6.6049e+02   997.8023 0.0000e+00
     -0.139    21.9348     5.4498     62.255  30.937089     32.944      8.403   259.6509     1.5645     1.4622     0.0220      0.000     -0.136     -0.197        399 6.6191e+02   997.8024 0.0000e+00
     -0.139    21.9341     5.4382     62.123  30.916081     32.944      8.401   260.7867     1.5683     1.2315     0.0220     -0.000     -0.136     -0.197        400 6.6409e+02   997.8026 0.0000e+00
     -0.139    21.9338     5.4302     62.031  30.889556     32.885      8.401   260.9002     1.5836     1.4189     0.0219     -0.000     -0.136     -0.197        401 6.6381e+02   997.8027 0.0000e+00
     -0.139    21.9334     5.4227     61.945  30.940473     32.975      8.398   260.4838     1.5797     1.3036     0.0220     -0.000     -0.136     -0.197        402 6.6363e+02   997.8029 0.0000e+00
