Data/DataAlreadyUploadedToEDI/CollatedDataForEDI/CTDData/CTD_2019 (not collated)/061019_fcr10.cnv
* Sea-Bird SBE19plus  Data File:
* FileName = C:\DATA\061019_fcr_0002.hex
* Software version 2.8.0.119
* Temperature SN = 7809
* Conductivity SN = 7809
* System UpLoad Time = Jun 10 2019 13:28:20
* <ApplicationData>
* <Seaterm232>
# nquan = 18
# nvalues = 398                         
# units = specified
# name 0 = depFM: Depth [fresh water, m]
# name 1 = tv290C: Temperature [ITS-90, deg C]
# name 2 = sbeox0Mg/L: Oxygen, SBE 43 [mg/l]
# name 3 = sbeox0PS: Oxygen, SBE 43 [% saturation]
# name 4 = c0uS/cm: Conductivity [uS/cm]
# name 5 = specc: Specific Conductance [uS/cm]
# name 6 = ph: pH
# name 7 = orp: Oxidation Reduction Potential [mV]
# name 8 = flECO-AFL: Fluorescence, WET Labs ECO-AFL/FL [mg/m^3]
# name 9 = turbWETntu0: Turbidity, WET Labs ECO [NTU]
# name 10 = sal00: Salinity, Practical [PSU]
# name 11 = dz/dtM: Descent Rate [m/s]
# name 12 = prdM: Pressure, Strain Gauge [db]
# name 13 = prdE: Pressure, Strain Gauge [psi]
# name 14 = scan: Scan Count
# name 15 = par/sat/log: PAR/Logarithmic, Satlantic
# name 16 = density00: Density [density, kg/m^3]
# name 17 = flag:  0.000e+00
# span 0 =     -0.595,      2.678       
# span 1 =    18.8116,    21.6992       
# span 2 =    -1.0177,    10.0700       
# span 3 =    -10.939,    114.299       
# span 4 =   0.150132,  60.447383       
# span 5 =      0.536,     69.363       
# span 6 =      7.659,     10.704       
# span 7 =     8.6952,   371.3677       
# span 8 =    -0.1522,     3.1400       
# span 9 =    -0.3114,     7.9655       
# span 10 =     0.0102,     0.0366      
# span 11 =     -0.178,      0.319      
# span 12 =     -0.584,      2.625      
# span 13 =     -0.846,      3.808      
# span 14 =          1,        398      
# span 15 = 2.0473e+01, 4.5860e+02      
# span 16 =   997.8553,   998.4820      
# span 17 = 0.0000e+00, 0.0000e+00      
# interval = seconds: 0.25
# start_time = Jun 10 2019 12:06:24 [Instrument's time stamp, header]
# bad_flag = -9.990e-29
*END*
[from data line 322]
      0.976    21.0733     8.3138     93.166  30.895915     33.458      8.609   245.9845     2.7814     1.6497     0.0219      0.120      0.960      1.391        323 7.7228e+01   997.9862 0.0000e+00
      0.999    21.0511     8.2278     92.192  30.827835     33.453      8.612   246.1738     2.7967     1.5776     0.0219      0.109      0.985      1.428        324 7.5109e+01   997.9938 0.0000e+00
      1.039    21.0245     8.1641     91.452  30.566266     33.167      8.605   246.5902     2.7928     1.6641     0.0218      0.106      1.017      1.476        325 7.2950e+01   997.9991 0.0000e+00
      1.073    21.0008     8.1089     90.802  30.214152     32.789      8.603   246.8173     2.7814     1.5631     0.0216      0.107      1.050      1.523        326 7.1266e+01   998.0040 0.0000e+00
      1.100    20.9826     8.0708     90.358  30.081004     32.687      8.601   247.0066     2.7852     1.5776     0.0216      0.110      1.079      1.565        327 6.9957e+01   998.0098 0.0000e+00
      1.129    20.9680     8.0537     90.162  30.169088     32.764      8.601   247.0066     2.4877     2.0967     0.0216      0.112      1.107      1.607        328 6.8246e+01   998.0151 0.0000e+00
      1.160    20.9576     8.0612     90.218  30.430428     33.111      8.599   247.3095     2.4800     2.1255     0.0217      0.114      1.136      1.648        329 6.6730e+01   998.0193 0.0000e+00
      1.187    20.9500     8.0875     90.463  30.526050     33.183      8.602   247.8395     2.5067     2.0534     0.0218      0.117      1.162      1.685        330 6.5394e+01   998.0226 0.0000e+00
      1.208    20.9450     8.1209     90.793  30.494483     33.190      8.599   247.6502     2.4762     2.0534     0.0218      0.117      1.182      1.715        331 6.4300e+01   998.0250 0.0000e+00
      1.223    20.9435     8.1668     91.249  30.410465     33.074      8.599   248.0666     2.4228     1.6929     0.0217      0.111      1.197      1.737        332 6.3884e+01   998.0267 0.0000e+00
      1.232    20.9430     8.2351     91.904  30.393603     33.078      8.594   247.9531     2.4266     1.7939     0.0217      0.098      1.211      1.757        333 6.2649e+01   998.0278 0.0000e+00
      1.254    20.9373     8.3455     93.010  30.456217     33.139      8.596   248.1423     2.4457     1.8083     0.0217      0.089      1.231      1.785        334 6.1323e+01   998.0282 0.0000e+00
      1.279    20.9230     8.4842     94.452  30.391795     33.079      8.594   248.5588     2.4228     1.7939     0.0217      0.083      1.256      1.821        335 6.0231e+01   998.0284 0.0000e+00
      1.307    20.9051     8.6343     96.041  30.296021     32.962      8.591   248.9373     2.2397     1.6497     0.0217      0.080      1.282      1.858        336 5.9098e+01   998.0298 0.0000e+00
      1.332    20.8956     8.7629     97.399  30.071771     32.759      8.589   249.0888     2.2511     1.8371     0.0216      0.080      1.307      1.895        337 5.8096e+01   998.0329 0.0000e+00
      1.358    20.8923     8.8658     98.439  30.196863     32.833      8.589   249.4673     2.2321     1.7506     0.0216      0.083      1.334      1.935        338 5.6843e+01   998.0369 0.0000e+00
      1.392    20.8767     8.9241     98.987  30.169977     32.961      8.584   249.9216     2.2435     1.7939     0.0217      0.091      1.365      1.980        339 5.5761e+01   998.0391 0.0000e+00
      1.427    20.8494     8.9436     99.156  29.897860     32.446      8.583   250.7166     2.1672     1.9381     0.0214      0.102      1.399      2.030        340 5.4214e+01   998.0398 0.0000e+00
      1.462    20.8246     8.9478     99.167  30.654027     33.492      8.582   251.0195     2.1748     2.1111     0.0219      0.112      1.432      2.077        341 5.3305e+01   998.0436 0.0000e+00
      1.490    20.7915     8.9321     98.949  31.184267     33.969      8.581   250.7166     2.1863     2.1255     0.0221      0.117      1.462      2.121        342 5.2436e+01   998.0498 0.0000e+00
      1.521    20.7325     8.9084     98.610  31.430346     34.292      8.581   251.0573     2.2054     2.1688     0.0222      0.121      1.494      2.167        343 5.1154e+01   998.0554 0.0000e+00
      1.560    20.6643     8.8871     98.266  31.918048     34.865      8.579   251.2088     1.9383     2.1832     0.0224      0.125      1.530      2.220        344 4.9661e+01   998.0629 0.0000e+00
      1.601    20.6075     8.8670     97.951  31.999480     34.971      8.578   251.5116     1.9193     2.1832     0.0224      0.131      1.570      2.276        345 4.8229e+01   998.0757 0.0000e+00
      1.641    20.5647     8.8604     97.812  32.040100     35.085      8.575   251.8523     1.9460     2.3562     0.0225      0.136      1.607      2.330        346 4.7129e+01   998.0904 0.0000e+00
      1.671    20.5262     8.8584     97.744  32.104552     35.189      8.573   251.8902     1.9383     2.3707     0.0225      0.138      1.638      2.376        347 4.6201e+01   998.1027 0.0000e+00
      1.699    20.4733     8.8564     97.690  32.304466     35.437      8.571   252.0416     1.9269     2.1688     0.0226      0.137      1.668      2.418        348 4.5267e+01   998.1120 0.0000e+00
      1.731    20.4231     8.8433     97.529  32.591305     35.804      8.569   252.7609     1.6827     2.5004     0.0227      0.136      1.698      2.462        349 4.4087e+01   998.1204 0.0000e+00
      1.764    20.3976     8.8210     97.263  32.577215     35.815      8.565   253.0259     1.6942     2.4428     0.0227      0.136      1.729      2.507        350 4.3142e+01   998.1318 0.0000e+00
      1.792    20.3805     8.7941     96.979  32.529428     35.794      8.567   253.1395     1.7056     2.6302     0.0227      0.132      1.759      2.551        351 4.2288e+01   998.1425 0.0000e+00
      1.823    20.3575     8.7704     96.733  32.561908     35.875      8.563   253.3666     1.6980     2.5581     0.0227      0.127      1.791      2.597        352 4.1261e+01   998.1481 0.0000e+00
      1.862    20.3179     8.7569     96.592  32.596065     35.889      8.561   253.7452     1.5569     2.2697     0.0227      0.124      1.827      2.650        353 4.0039e+01   998.1518 0.0000e+00
      1.905    20.2632     8.7370     96.382  32.753594     36.122      8.560   253.8966     1.5607     2.2697     0.0228      0.127      1.866      2.706        354 3.8713e+01   998.1569 0.0000e+00
      1.942    20.2147     8.7317     96.340  32.899208     36.277      8.554   253.7831     1.5492     2.2409     0.0228      0.132      1.900      2.756        355 3.7975e+01   998.1654 0.0000e+00
      1.967    20.1812     8.7336     96.338  32.977831     36.445      8.557   253.7452     1.5683     2.2841     0.0229      0.134      1.926      2.794        356 3.7546e+01   998.1770 0.0000e+00
      1.985    20.1565     8.7509     96.446  33.011327     36.483      8.556   254.1616     1.3814     2.8465     0.0229      0.131      1.944      2.820        357 3.7172e+01   998.1872 0.0000e+00
      1.997    20.1411     8.7609     96.466  33.094580     36.634      8.554   254.1238     1.3852     2.8465     0.0229      0.123      1.958      2.839        358 3.7004e+01   998.1943 0.0000e+00
      2.005    20.1306     8.7647     96.435  33.111279     36.654      8.554   254.1616     1.3890     2.9474     0.0229      0.110      1.968      2.853        359 3.6746e+01   998.1995 0.0000e+00
      2.016    20.1224     8.7531     96.251  33.109077     36.667      8.553   254.3509     1.3852     2.8898     0.0229      0.093      1.978      2.868        360 3.6516e+01   998.2027 0.0000e+00
      2.029    20.1274     8.7309     95.956  33.156589     36.736      8.551   254.8431     1.3928     2.9474     0.0230      0.076      1.991      2.886        361 3.6136e+01   998.2050 0.0000e+00
      2.044    20.1361     8.6923     95.496  33.111418     36.683      8.550   254.8809     1.3738     2.8465     0.0229      0.061      2.007      2.910        362 3.5606e+01   998.2068 0.0000e+00
      2.066    20.1399     8.6487     94.932  33.046774     36.615      8.548   254.9566     1.3699     2.8465     0.0229      0.055      2.023      2.934        363 3.5379e+01   998.2058 0.0000e+00
      2.076    20.1458     8.5942     94.176  33.059256     36.609      8.546   254.8052     1.3699     2.9330     0.0229      0.052      2.037      2.955        364 3.5295e+01   998.2040 0.0000e+00
      2.090    20.1536     8.5184     93.210  33.036622     36.605      8.544   255.1459     1.3814     3.1061     0.0229      0.053      2.055      2.981        365 3.4669e+01   998.2033 0.0000e+00
      2.121    20.1407     8.4263     91.990  33.015680     36.539      8.544   255.4109     1.3738     3.0916     0.0229      0.059      2.084      3.022        366 3.3758e+01   998.2022 0.0000e+00
      2.161    20.0986     8.2687     90.078  33.144577     36.718      8.538   255.5245     1.3852     2.9763     0.0230      0.072      2.120      3.074        367 3.2877e+01   998.2007 0.0000e+00
      2.201    20.0513     8.0005     86.983  33.202140     36.759      8.537   255.7516     1.3928     3.1349     0.0230      0.086      2.157      3.129        368 3.2029e+01   998.2037 0.0000e+00
      2.236    20.0135     7.5921     82.306  33.181089     36.794      8.533   256.0166     1.4043     3.0340     0.0230      0.101      2.192      3.180        369 3.1268e+01   998.2126 0.0000e+00
      2.269    19.9839     6.9981     75.706  33.200423     36.833      8.531   256.2816     1.3165     3.5819     0.0230      0.113      2.224      3.225        370 3.0688e+01   998.2226 0.0000e+00
      2.296    19.9574     6.1727     66.650  33.089212     36.771      8.533   256.3195     1.3547     3.5387     0.0230      0.122      2.252      3.266        371 3.0154e+01   998.2305 0.0000e+00
      2.325    19.9386     5.0043     53.940  33.082466     36.732      8.529   256.4331     1.3432     3.5242     0.0229      0.130      2.281      3.309        372 2.9428e+01   998.2366 0.0000e+00
      2.358    19.8912     3.7197     40.075  33.001421     36.754      8.527   256.3574     1.3203     3.5531     0.0229      0.132      2.312      3.354        373 2.8786e+01   998.2423 0.0000e+00
      2.390    19.8121     2.4214     26.080  32.834527     36.459      8.523   256.5845     1.2097     4.0001     0.0228      0.129      2.346      3.402        374 2.8056e+01   998.2463 0.0000e+00
      2.428    19.7335     1.2048     12.960  33.260550     37.086      8.524   256.5088     1.2212     4.0433     0.0230      0.127      2.383      3.456        375 2.6966e+01   998.2563 0.0000e+00
      2.472    19.6222     0.1559      1.676  33.863887     37.748      8.523   257.0009     1.2021     3.9424     0.0233      0.128      2.422      3.513        376 2.6058e+01   998.2729 0.0000e+00
      2.508    19.5160    -0.5222     -5.615  34.098598     38.153      8.520   256.5466     1.1906     3.9712     0.0234      0.132      2.459      3.566        377 2.5359e+01   998.2892 0.0000e+00
      2.541    19.4124    -0.8991     -9.666  34.983437     39.096      8.520   256.7359     1.1411     4.4615     0.0238      0.136      2.491      3.613        378 2.4639e+01   998.3122 0.0000e+00
      2.572    19.2744    -1.0177    -10.939  36.200169     40.789      8.517   256.8116     1.1449     4.6057     0.0245      0.139      2.518      3.652        379 2.4134e+01   998.3344 0.0000e+00
      2.589    19.1647    -0.9252     -9.938  37.355492     41.887      8.518   257.0766     1.1601     4.4759     0.0249      0.136      2.538      3.682        380 2.3874e+01   998.3556 0.0000e+00
      2.606    19.0703    -0.6863     -7.372  39.798960     45.050      8.515   257.4552     1.1487     4.4904     0.0262      0.127      2.555      3.707        381 2.3479e+01   998.3841 0.0000e+00
      2.624    18.9853    -0.3824     -4.112  46.408985     52.211      8.515   257.6445     1.1525     4.8797     0.0292      0.115      2.570      3.728        382 2.3062e+01   998.4085 0.0000e+00
      2.632    18.9616    -0.0627     -0.675  51.779410     59.362      8.515   258.0231     1.1411     4.9806     0.0323      0.099      2.580      3.742        383 2.2955e+01   998.4291 0.0000e+00
      2.636    18.9446     0.2518      2.715  52.566424     59.129      8.510   257.9474     1.1639     5.0239     0.0322      0.080      2.585      3.750        384 2.2877e+01   998.4461 0.0000e+00
      2.641    18.8861     0.5688      6.138  56.402712     64.564      8.512   258.4395     1.1411     5.0095     0.0345      0.063      2.591      3.757        385 2.2655e+01   998.4522 0.0000e+00
      2.648    18.8554     0.9091      9.819  58.988864     66.970      8.512   258.2881     1.2593     4.4759     0.0356      0.049      2.596      3.765        386 2.2454e+01   998.4566 0.0000e+00
      2.653    18.8585 -9.990e-29 -9.990e-29  56.051822     64.072      8.508   258.4017     1.2631     4.4904     0.0343      0.038      2.601      3.773        387 2.2266e+01   998.4669 0.0000e+00
      2.656    18.8550 -9.990e-29 -9.990e-29  54.807189     62.076      8.507   258.2502     1.2593     4.4904     0.0334      0.030      2.605      3.778        388 2.2027e+01   998.4724 0.0000e+00
      2.660    18.8404 -9.990e-29 -9.990e-29  57.363706     65.733      8.503   258.2881     1.2822     4.4183     0.0350      0.024      2.609      3.783        389 2.1782e+01   998.4728 0.0000e+00
      2.663    18.8116 -9.990e-29 -9.990e-29  60.197653     68.323      8.499   258.3259     1.2593     4.4038     0.0362      0.019      2.612      3.788        390 2.1497e+01   998.4746 0.0000e+00
      2.666    18.8182 -9.990e-29 -9.990e-29  60.447383     69.363      8.498   258.4395     1.2479     3.7838     0.0366      0.017      2.614      3.792        391 2.1313e+01   998.4776 0.0000e+00
      2.669    18.8686 -9.990e-29 -9.990e-29  57.349732     65.106      8.495   258.4017     1.2708     3.6829     0.0347      0.016      2.617      3.796        392 2.1129e+01   998.4820 0.0000e+00
      2.670    18.9339 -9.990e-29 -9.990e-29  55.122867     63.085      8.496   258.4395     1.2402     3.8126     0.0339      0.014      2.619      3.798        393 2.1123e+01   998.4798 0.0000e+00
      2.672    18.9889 -9.990e-29 -9.990e-29  53.280884     60.653      8.495   258.1745     1.2669     3.7838     0.0328      0.012      2.620      3.800        394 2.1132e+01   998.4693 0.0000e+00
      2.672    19.0451 -9.990e-29 -9.990e-29  51.158964     58.180      8.494   257.8717     1.2822     3.6829     0.0318      0.010      2.621      3.801        395 2.0989e+01   998.4558 0.0000e+00
      2.674    19.0840 -9.990e-29 -9.990e-29  49.429505     56.293      8.493   258.1367     1.2669     3.7982     0.0310      0.008      2.622      3.803        396 2.0649e+01   998.4445 0.0000e+00
      2.676 -9.990e-29 -9.990e-29 -9.990e-29  49.116353     55.467      8.491   257.3416     1.2479     3.7838     0.0306      0.007      2.624      3.807        397 2.0473e+01   998.4333 0.0000e+00
      2.678 -9.990e-29 -9.990e-29 -9.990e-29  50.273482     57.371      8.489   257.4552     1.2517     3.7550     0.0314      0.007      2.625      3.808        398 2.0618e+01   998.4260 0.0000e+00
