Data/DataAlreadyUploadedToEDI/CollatedDataForEDI/CTDData/CTD_2019 (not collated)/061019_fcr10.cnv
* Sea-Bird SBE19plus  Data File:
* FileName = C:\DATA\061019_fcr_0002.hex
* Software version 2.8.0.119
* Temperature SN = 7809
* Conductivity SN = 7809
* System UpLoad Time = Jun 10 2019 13:28:20
* <ApplicationData>
* <Seaterm232>
# nquan = 18
# nvalues = 398                         
# units = specified
# name 0 = depFM: Depth [fresh water, m]
# name 1 = tv290C: Temperature [ITS-90, deg C]
# name 2 = sbeox0Mg/L: Oxygen, SBE 43 [mg/l]
# name 3 = sbeox0PS: Oxygen, SBE 43 [% saturation]
# name 4 = c0uS/cm: Conductivity [uS/cm]
# name 5 = specc: Specific Conductance [uS/cm]
# name 6 = ph: pH
# name 7 = orp: Oxidation Reduction Potential [mV]
# name 8 = flECO-AFL: Fluorescence, WET Labs ECO-AFL/FL [mg/m^3]
# name 9 = turbWETntu0: Turbidity, WET Labs ECO [NTU]
# name 10 = sal00: Salinity, Practical [PSU]
# name 11 = dz/dtM: Descent Rate [m/s]
# name 12 = prdM: Pressure, Strain Gauge [db]
# name 13 = prdE: Pressure, Strain Gauge [psi]
# name 14 = scan: Scan Count
# name 15 = par/sat/log: PAR/Logarithmic, Satlantic
# name 16 = density00: Density [density, kg/m^3]
# name 17 = flag:  0.000e+00
# span 0 =     -0.595,      2.678       
# span 1 =    18.8116,    21.6992       
# span 2 =    -1.0177,    10.0700       
# span 3 =    -10.939,    114.299       
# span 4 =   0.150132,  60.447383       
# span 5 =      0.536,     69.363       
# span 6 =      7.659,     10.704       
# span 7 =     8.6952,   371.3677       
# span 8 =    -0.1522,     3.1400       
# span 9 =    -0.3114,     7.9655       
# span 10 =     0.0102,     0.0366      
# span 11 =     -0.178,      0.319      
# span 12 =     -0.584,      2.625      
# span 13 =     -0.846,      3.808      
# span 14 =          1,        398      
# span 15 = 2.0473e+01, 4.5860e+02      
# span 16 =   997.8553,   998.4820      
# span 17 = 0.0000e+00, 0.0000e+00      
# interval = seconds: 0.25
# start_time = Jun 10 2019 12:06:24 [Instrument's time stamp, header]
# bad_flag = -9.990e-29
*END*
[from data line 161]
      0.188    21.3804     5.6575     63.941  30.558786     32.947      9.343   238.2237     2.4343     2.0534     0.0218     -0.007      0.187      0.270        162 1.7228e+02   997.9277 0.0000e+00
      0.196    21.3810     5.6517     63.873  30.522449     32.887      9.339   238.2237     2.4152     2.1111     0.0218      0.000      0.192      0.278        163 1.8025e+02   997.9280 0.0000e+00
      0.202    21.3815     5.6514     63.868  30.551777     32.948      9.332   238.2995     2.6441     2.0534     0.0218      0.007      0.198      0.287        164 1.8101e+02   997.9281 0.0000e+00
      0.208    21.3817     5.6461     63.808  30.522287     32.887      9.318   238.4887     2.5945     2.0102     0.0218      0.012      0.203      0.294        165 1.7698e+02   997.9279 0.0000e+00
      0.211    21.3816     5.6441     63.784  30.499896     32.887      9.296   238.3373     2.6174     2.0823     0.0218      0.015      0.206      0.299        166 1.7996e+02   997.9279 0.0000e+00
      0.212    21.3819     5.6367     63.700  30.520390     32.886      9.280   238.4130     2.5907     2.0823     0.0218      0.016      0.208      0.302        167 1.7724e+02   997.9278 0.0000e+00
      0.214    21.3830     5.6277     63.600  30.496783     32.887      9.283   238.4130     2.6670     2.0246     0.0218      0.016      0.210      0.305        168 1.6543e+02   997.9279 0.0000e+00
      0.217    21.3835     5.6269     63.592  30.470024     32.826      9.278   238.5645     2.6822     2.1976     0.0217      0.016      0.211      0.307        169 1.7778e+02   997.9278 0.0000e+00
      0.215    21.3828     5.6178     63.491  30.494439     32.886      9.274   238.6402     2.6708     2.0534     0.0218      0.013      0.210      0.304        170 1.7617e+02   997.9275 0.0000e+00
      0.210    21.3815     5.6225     63.585  30.466398     32.825      9.269   238.6023     2.6670     1.9669     0.0217      0.008      0.206      0.299        171 1.7914e+02   997.9274 0.0000e+00
      0.206    21.3798     5.7870     65.537  30.504921     32.886      9.262   238.8673     2.8882     2.0534     0.0218      0.002      0.202      0.294        172 1.7902e+02   997.9276 0.0000e+00
      0.203    21.3778     6.2765     71.154  30.565001     32.947      9.258   239.1323     2.8920     2.0390     0.0218     -0.002      0.200      0.289        173 1.7611e+02   997.9278 0.0000e+00
      0.202    21.3764     7.0610     80.094  30.510132     32.888      9.255   239.4730     2.8958     2.0823     0.0218     -0.006      0.200      0.289        174 1.7283e+02   997.9282 0.0000e+00
      0.205    21.3757     7.8424     88.983  30.513953     32.889      9.241   239.3595     2.8997     1.9525     0.0218     -0.007      0.201      0.291        175 1.7914e+02   997.9287 0.0000e+00
      0.208    21.3754     8.5793     97.361  30.500996     32.890      9.232   239.5109     3.1400     2.1399     0.0218     -0.006      0.204      0.296        176 1.7507e+02   997.9290 0.0000e+00
      0.211    21.3753     9.2019    104.437  30.467006     32.831      9.222   239.4730     3.0904     1.9957     0.0217     -0.004      0.206      0.300        177 1.7037e+02   997.9291 0.0000e+00
      0.212    21.3759     9.6688    109.742  30.497001     32.891      9.216   239.4730     3.0866     2.0534     0.0218     -0.000      0.209      0.303        178 1.7774e+02   997.9292 0.0000e+00
      0.216    21.3769     9.9580    113.026  30.522919     32.891      9.208   239.4730     3.0828     2.1111     0.0218      0.004      0.212      0.308        179 1.5920e+02   997.9293 0.0000e+00
      0.221    21.3790    10.0700    114.299  30.494004     32.891      9.202   239.6245     3.0828     2.0102     0.0218      0.008      0.216      0.313        180 1.7273e+02   997.9291 0.0000e+00
      0.222    21.4134    10.0089    113.607  30.473734     32.830      9.195   239.8516     2.8043     2.0390     0.0217      0.010      0.217      0.315        181 1.7416e+02   997.9289 0.0000e+00
      0.221    21.4828     9.8767    112.104  30.607397     33.009      9.188   239.9273     2.7967     2.0823     0.0218      0.010      0.217      0.314        182 1.6637e+02   997.9285 0.0000e+00
      0.220    21.5373     9.7333    110.474  30.742425     33.106      9.182   239.9273     2.8081     2.1544     0.0219      0.009      0.217      0.314        183 1.7221e+02   997.9210 0.0000e+00
      0.221    21.5663     9.5956    108.896  30.661193     32.994      9.181   239.9273     2.7661     2.0102     0.0218      0.007      0.217      0.315        184 1.7532e+02   997.9056 0.0000e+00
      0.222    21.5820     9.4807    107.581  30.649212     32.897      9.179   240.1166     2.8005     2.0967     0.0218      0.005      0.217      0.315        185 1.7047e+02   997.8935 0.0000e+00
      0.221    21.5902     9.3804    106.445  30.757313     33.055      9.178   239.9273     2.7852     2.0534     0.0219      0.003      0.216      0.314        186 1.7763e+02   997.8870 0.0000e+00
      0.220    21.5957     9.2993    105.536  30.763660     32.985      9.177   240.1166     2.8119     2.0967     0.0219      0.001      0.215      0.312        187 1.8183e+02   997.8835 0.0000e+00
      0.218    21.5981     9.2272    104.731  30.789438     33.069      9.171   240.1166     2.7967     2.0534     0.0219     -0.001      0.213      0.309        188 1.8055e+02   997.8817 0.0000e+00
      0.213    21.5994     9.1759    104.167  30.754855     32.975      9.156   240.2680     2.4686     2.0534     0.0219     -0.003      0.209      0.304        189 1.7790e+02   997.8804 0.0000e+00
      0.209    21.6004     9.1339    103.718  30.717816     32.973      9.145   240.4573     2.4953     2.1111     0.0219     -0.005      0.207      0.301        190 1.8406e+02   997.8799 0.0000e+00
      0.213    21.6004     9.1320    103.716  30.746651     32.972      9.135   240.6845     2.4877     1.9813     0.0219     -0.006      0.210      0.304        191 1.8059e+02   997.8796 0.0000e+00
      0.220    21.5999     9.1300    103.708  30.778223     33.032      9.127   240.7602     2.4953     2.0390     0.0219     -0.004      0.215      0.311        192 1.7425e+02   997.8794 0.0000e+00
      0.223    21.5981     9.1310    103.729  30.737778     32.972      9.120   240.7602     2.4190     2.0967     0.0219     -0.001      0.220      0.318        193 1.8240e+02   997.8794 0.0000e+00
      0.227    21.5916     9.1324    103.751  30.678478     32.912      9.114   240.9873     2.4190     2.0967     0.0218      0.003      0.225      0.326        194 1.7680e+02   997.8796 0.0000e+00
      0.238    21.5860     9.1296    103.722  30.674264     32.913      9.109   240.9495     2.4533     2.1976     0.0218      0.009      0.230      0.335        195 1.7716e+02   997.8800 0.0000e+00
      0.242    21.5872     9.1199    103.618  30.683773     32.918      9.087   240.9116     2.4266     2.0967     0.0218      0.014      0.228      0.331        196 1.9170e+02   997.8815 0.0000e+00
      0.218    21.5928     9.1025    103.432  30.725899     32.982      9.080   241.1009     2.4114     2.0823     0.0219      0.012      0.206      0.300        197 2.1250e+02   997.8826 0.0000e+00
      0.174    21.5989     9.0974    103.379  30.740345     32.981      9.088   240.8359     2.3122     2.1111     0.0219     -0.004      0.166      0.242        198 2.2446e+02   997.8822 0.0000e+00
      0.119    21.6084     9.0881    103.272  30.784298     33.037      9.091   241.1387     2.3313     2.0823     0.0219     -0.033      0.115      0.167        199 2.6672e+02   997.8807 0.0000e+00
      0.060    21.6216     9.0909    103.301  30.730449     32.973      9.090   241.2523     2.3122     2.1111     0.0219     -0.071      0.062      0.089        200 3.1162e+02   997.8790 0.0000e+00
      0.011    21.6319     9.0950    103.345  30.570347     32.787      9.087   241.0630     2.3122     2.0534     0.0218     -0.108      0.013      0.019        201 3.4098e+02   997.8766 0.0000e+00
     -0.030    21.6390     9.1031    103.433  30.628024     32.837      9.079   241.4795     2.2550     1.9813     0.0218     -0.142     -0.028     -0.041        202 3.5282e+02   997.8735 0.0000e+00
     -0.067    21.6439     9.1127    103.540  30.658666     32.890      9.071   241.4037     2.2817     2.0534     0.0218     -0.168     -0.063     -0.091        203 3.5293e+02   997.8711 0.0000e+00
     -0.094    21.6466     9.1190    103.611  30.591460     32.765      9.066   241.4795     2.2588     2.0823     0.0218     -0.178     -0.088     -0.128        204 3.5499e+02   997.8693 0.0000e+00
     -0.109    21.6480     9.1249    103.679  30.652403     32.881      9.044   243.0695     2.2817     2.0246     0.0218     -0.168     -0.105     -0.153        205 3.4858e+02   997.8682 0.0000e+00
     -0.120    21.6517     9.1270    103.702  30.642072     32.819      9.019   253.9724     2.2054     1.7794     0.0218     -0.147     -0.116     -0.169        206 3.4910e+02   997.8675 0.0000e+00
     -0.126    21.6571     9.1236    103.659  30.604315     32.818      9.006   265.3674     2.2397     1.7939     0.0218     -0.119     -0.125     -0.182        207 3.4813e+02   997.8672 0.0000e+00
     -0.138    21.6596     9.1205    103.618  30.640139     32.816      8.993   265.1402     2.2244     1.8804     0.0218     -0.093     -0.135     -0.197        208 3.6191e+02   997.8664 0.0000e+00
     -0.151    21.6594     9.1224    103.634  30.656741     32.872      8.986   265.4052     2.2855     1.9236     0.0218     -0.073     -0.142     -0.207        209 3.7013e+02   997.8652 0.0000e+00
     -0.146    21.6580     9.1157    103.554  30.642905     32.810      8.984   264.6481     2.2244     1.8660     0.0218     -0.053     -0.142     -0.205        210 3.7209e+02   997.8645 0.0000e+00
     -0.137    21.6561     9.0989    103.359  30.657356     32.870      8.972   264.6481     2.2244     1.7939     0.0218     -0.035     -0.138     -0.200        211 3.7561e+02   997.8647 0.0000e+00
     -0.141    21.6544     9.0885    103.239  30.698009     32.871      8.955   265.0267     2.2702     1.7939     0.0218     -0.023     -0.140     -0.203        212 3.7103e+02   997.8649 0.0000e+00
     -0.150    21.6536     9.0825    103.170  30.710818     32.932      8.946   264.7238     2.2473     1.8083     0.0219     -0.017     -0.145     -0.211        213 3.7285e+02   997.8653 0.0000e+00
     -0.154    21.6534     9.0852    103.201  30.641415     32.814      8.944   264.3074     2.0490     1.8804     0.0218     -0.013     -0.150     -0.218        214 3.7391e+02   997.8657 0.0000e+00
     -0.156    21.6535     9.0763    103.101  30.606623     32.814      8.942   263.4745     2.0490     1.7362     0.0218     -0.011     -0.153     -0.222        215 3.7261e+02   997.8658 0.0000e+00
     -0.158    21.6529     9.0701    103.033  30.635612     32.815      8.945   263.2474     2.0604     1.8371     0.0218     -0.008     -0.154     -0.223        216 3.7014e+02   997.8659 0.0000e+00
     -0.158    21.6508     9.0596    102.916  30.664593     32.874      8.941   263.3231     2.0528     1.8371     0.0218     -0.008     -0.154     -0.223        217 3.6607e+02   997.8659 0.0000e+00
     -0.156    21.6477     9.0475    102.779  30.629809     32.815      8.927   263.0202     2.1939     1.7650     0.0218     -0.010     -0.154     -0.223        218 3.6173e+02   997.8659 0.0000e+00
     -0.158    21.6452     9.0459    102.763  30.619647     32.816      8.917   262.5281     2.1596     1.8660     0.0218     -0.010     -0.153     -0.221        219 3.5436e+02   997.8665 0.0000e+00
     -0.152    21.6434     9.0435    102.736  30.617990     32.818      8.911   262.3388     2.1825     1.7650     0.0218     -0.005     -0.148     -0.215        220 3.5198e+02   997.8672 0.0000e+00
     -0.143    21.6414     9.0488    102.798  30.631873     32.820      8.896   262.1874     2.1939     1.8515     0.0218      0.002     -0.143     -0.208        221 3.5530e+02   997.8677 0.0000e+00
     -0.144    21.6404     9.0578    102.903  30.661621     32.881      8.861   262.0738     2.1787     1.8804     0.0218      0.006     -0.143     -0.208        222 3.5647e+02   997.8681 0.0000e+00
     -0.151    21.6401     9.0763    103.117  30.640222     32.823      8.818   261.2031     2.1672     1.7650     0.0218      0.006     -0.147     -0.213        223 3.5515e+02   997.8685 0.0000e+00
     -0.153    21.6401     9.1011    103.402  30.717758     32.943      8.794   261.6195     2.1710     1.8227     0.0219      0.005     -0.149     -0.216        224 3.5558e+02   997.8688 0.0000e+00
     -0.152    21.6408     9.1126    103.535  30.683635     32.884      8.788   261.4302     2.1901     1.8371     0.0218      0.004     -0.148     -0.215        225 3.5691e+02   997.8689 0.0000e+00
     -0.149    21.6419     9.1219    103.640  30.623435     32.824      8.804   262.1495     2.1748     1.7939     0.0218      0.002     -0.146     -0.212        226 3.5600e+02   997.8689 0.0000e+00
     -0.146    21.6425     9.1154    103.572  30.674171     32.883      8.812   260.9759     2.1176     1.5920     0.0218      0.002     -0.144     -0.208        227 3.5299e+02   997.8688 0.0000e+00
     -0.145    21.6430     9.1132    103.562  30.679747     32.883      8.822   260.7109     2.1443     1.5631     0.0218      0.000     -0.142     -0.206        228 3.5264e+02   997.8686 0.0000e+00
     -0.144    21.6439     9.1108    103.542  30.675748     32.882      8.833   261.0138     2.0909     1.5199     0.0218      0.000     -0.142     -0.206        229 3.5342e+02   997.8684 0.0000e+00
     -0.145    21.6446     9.1006    103.426  30.679148     32.882      8.839   260.5974     2.1024     1.5776     0.0218      0.003     -0.142     -0.206        230 3.5410e+02   997.8683 0.0000e+00
     -0.144    21.6455     9.0942    103.353  30.675514     32.881      8.840   260.4081     2.0680     1.5055     0.0218      0.005     -0.142     -0.205        231 3.5423e+02   997.8681 0.0000e+00
     -0.143    21.6462     9.0857    103.257  30.680270     32.881      8.842   259.6509     2.0604     1.5487     0.0218      0.005     -0.141     -0.204        232 3.5986e+02   997.8679 0.0000e+00
     -0.141    21.6482     9.0771    103.160  30.673231     32.880      8.850   260.4081     2.0528     1.5920     0.0218      0.004     -0.139     -0.201        233 3.6263e+02   997.8677 0.0000e+00
     -0.140    21.6505     9.0707    103.086  30.684275     32.880      8.851   260.1431     2.0146     1.6497     0.0218      0.004     -0.138     -0.200        234 3.5598e+02   997.8676 0.0000e+00
     -0.141    21.6512     9.0742    103.126  30.666525     32.878      8.848   260.1809     1.9994     1.5199     0.0218      0.003     -0.139     -0.201        235 3.5470e+02   997.8671 0.0000e+00
     -0.143    21.6513     9.0803    103.197  30.636066     32.817      8.836   260.2945     2.0146     1.6497     0.0218      0.002     -0.140     -0.202        236 3.6096e+02   997.8666 0.0000e+00
     -0.144    21.6540     9.0905    103.315  30.662926     32.876      8.828   260.2188     1.9956     1.5776     0.0218      0.001     -0.135     -0.195        237 3.5980e+02   997.8664 0.0000e+00
     -0.122    21.6610     9.1013    103.441  30.692350     32.876      8.827   259.9917     1.9879     1.6208     0.0218      0.006     -0.121     -0.175        238 3.5752e+02   997.8665 0.0000e+00
     -0.104    21.6650     9.1046    103.481  30.717954     32.934      8.802   259.7645     1.9956     1.6497     0.0219      0.014     -0.107     -0.154        239 3.5121e+02   997.8660 0.0000e+00
     -0.101    21.6650     9.1102    103.545  30.690314     32.869      8.775   258.8559     2.0032     1.6352     0.0218      0.021     -0.100     -0.144        240 3.5856e+02   997.8645 0.0000e+00
     -0.099    21.6648     9.1191    103.646  30.667491     32.866      8.755   258.7802     1.9879     1.5920     0.0218      0.025     -0.098     -0.142        241 3.3874e+02   997.8635 0.0000e+00
