Data/DataAlreadyUploadedToEDI/CollatedDataForEDI/CTDData/CTD_2019 (not collated)/061019_fcr30.cnv
* Sea-Bird SBE19plus  Data File:
* FileName = C:\DATA\061019_fcr_0004.hex
* Software version 2.8.0.119
* Temperature SN = 7809
* Conductivity SN = 7809
* System UpLoad Time = Jun 10 2019 13:28:56
* <ApplicationData>
* <Seaterm232>
# nquan = 18
# nvalues = 529                         
# units = specified
# name 0 = depFM: Depth [fresh water, m]
# name 1 = tv290C: Temperature [ITS-90, deg C]
# name 2 = sbeox0Mg/L: Oxygen, SBE 43 [mg/l]
# name 3 = sbeox0PS: Oxygen, SBE 43 [% saturation]
# name 4 = c0uS/cm: Conductivity [uS/cm]
# name 5 = specc: Specific Conductance [uS/cm]
# name 6 = ph: pH
# name 7 = orp: Oxidation Reduction Potential [mV]
# name 8 = flECO-AFL: Fluorescence, WET Labs ECO-AFL/FL [mg/m^3]
# name 9 = turbWETntu0: Turbidity, WET Labs ECO [NTU]
# name 10 = sal00: Salinity, Practical [PSU]
# name 11 = dz/dtM: Descent Rate [m/s]
# name 12 = prdM: Pressure, Strain Gauge [db]
# name 13 = prdE: Pressure, Strain Gauge [psi]
# name 14 = scan: Scan Count
# name 15 = par/sat/log: PAR/Logarithmic, Satlantic
# name 16 = density00: Density [density, kg/m^3]
# name 17 = flag:  0.000e+00
# span 0 =     -0.591,      5.378       
# span 1 =     9.8437,    21.8022       
# span 2 =     1.6020,    12.7321       
# span 3 =     14.345,    131.868       
# span 4 =   0.902047,  31.412692       
# span 5 =      0.994,     37.881       
# span 6 =      7.007,     10.103       
# span 7 =  -859.0687,   294.8203       
# span 8 =    -0.1598,     3.7694       
# span 9 =    -0.6287,    15.8676       
# span 10 =     0.0102,     0.0222      
# span 11 =     -0.102,      0.257      
# span 12 =     -0.580,      5.273      
# span 13 =     -0.841,      7.648      
# span 14 =          1,        529      
# span 15 = 6.3179e+00, 1.1650e+03      
# span 16 =   997.8334,   999.7551      
# span 17 = 0.0000e+00, 0.0000e+00      
# interval = seconds: 0.25
# start_time = Jun 10 2019 12:19:39 [Instrument's time stamp, header]
# bad_flag = -9.990e-29
*END*
     -0.591    20.7348     8.7538     97.693   0.902047      0.994      7.011  -772.5649    -0.1293     0.0491     0.0102 2.1053e-16     -0.580     -0.841          1 1.1650e+03   998.0562 0.0000e+00
     -0.590    20.7350     8.7505     97.657   1.157254      1.238      7.014  -775.7828    -0.0911    -0.0230     0.0103      0.000     -0.579     -0.840          2 1.1599e+03   998.0561 0.0000e+00
     -0.590    20.7351     8.7539     97.695   1.631219      1.817      7.016  -795.8471    -0.1293    -0.0374     0.0103      0.000     -0.579     -0.840          3 1.1513e+03   998.0561 0.0000e+00
     -0.591    20.7353     8.7542     97.698   1.673032      1.817      7.010  -793.8407    -0.1102    -0.2393     0.0103      0.000     -0.579     -0.840          4 1.1290e+03   998.0561 0.0000e+00
     -0.590    20.7356     8.7557     97.715   1.489798      1.634      7.009  -798.3078    -0.1254    -0.1816     0.0103      0.000     -0.579     -0.840          5 1.0879e+03   998.0560 0.0000e+00
     -0.590    20.7358     8.7601     97.765   1.622582      1.756      7.010  -808.4536    -0.1102    -0.0807     0.0103      0.000     -0.579     -0.840          6 1.0542e+03   998.0560 0.0000e+00
     -0.591    20.7359     8.7592     97.755   1.892374      2.091      7.012  -811.4443    -0.1254    -0.3403     0.0104      0.000     -0.579     -0.840          7 9.9375e+02   998.0560 0.0000e+00
     -0.590    20.7362     8.7502     97.729   1.804888      1.969      7.010  -813.3750    -0.1026    -0.3691     0.0104      0.000     -0.579     -0.840          8 9.2840e+02   998.0559 0.0000e+00
     -0.590    20.7363     8.7100     97.713   1.613121      1.756      7.007  -809.6650    -0.1254    -0.4412     0.0103      0.000     -0.579     -0.840          9 9.0329e+02   998.0559 0.0000e+00
     -0.590    20.7367     8.6700     97.659   1.598517      1.756      7.008  -812.9207    -0.1178    -0.5277     0.0103      0.000     -0.579     -0.839         10 8.9607e+02   998.0558 0.0000e+00
     -0.590    20.7364     8.6462     97.674   1.615976      1.756      7.023  -843.4337    -0.1445    -0.5566     0.0103      0.000     -0.579     -0.839         11 8.6968e+02   998.0558 0.0000e+00
     -0.590    20.7371     8.6255     97.655   1.532226      1.695      7.018  -837.9444    -0.1331    -0.6287     0.0103      0.000     -0.579     -0.839         12 8.3314e+02   998.0557 0.0000e+00
     -0.589    20.7363     8.6092     97.656   1.584408      1.695      7.018  -836.9979    -0.1407    -0.4845     0.0103      0.000     -0.578     -0.838         13 8.2862e+02   998.0558 0.0000e+00
     -0.589    20.7380     8.6051     97.746   1.491870      1.695      7.013  -834.3858    -0.1407    -0.5421     0.0103      0.001     -0.578     -0.838         14 8.5468e+02   998.0556 0.0000e+00
     -0.590    20.7353     8.6172     97.974   1.588221      1.634      7.017  -846.4622    -0.1407    -0.4845     0.0103      0.001     -0.578     -0.838         15 8.6200e+02   998.0558 0.0000e+00
     -0.589    20.7396     8.6523     98.420   1.346168      1.634      7.019  -840.8215    -0.1140    -0.4556     0.0103      0.000     -0.578     -0.838         16 8.5622e+02   998.0553 0.0000e+00
     -0.590    20.7324     8.7051     99.042   1.733935      1.634      7.018  -859.0687    -0.1254    -0.4989     0.0103      0.000     -0.577     -0.837         17 8.7892e+02   998.0560 0.0000e+00
     -0.587    20.7849     8.7692     99.775   1.046484      1.573      7.171   136.1606    -0.1483    -0.5133     0.0103      0.001     -0.567     -0.823         18 9.1209e+02   998.0550 0.0000e+00
     -0.558    20.9946     8.8471    100.638   1.965020      1.451      7.318   186.7757    -0.1483    -0.4412     0.0103      0.009     -0.540     -0.783         19 9.4861e+02   998.0569 0.0000e+00
     -0.508    21.2087     8.9219    101.468  11.095589     12.566      7.371   269.4181    -0.1598    -0.4556     0.0136      0.028     -0.494     -0.717         20 1.0095e+03   998.0482 0.0000e+00
     -0.447    21.3529     8.9892    102.225  22.712881     24.331      7.785   279.0339    -0.1102    -0.4556     0.0182      0.058     -0.437     -0.635         21 1.0521e+03   998.0069 0.0000e+00
     -0.384    21.4702     9.0373    102.757  29.901790     32.890      8.371   276.3081    -0.1331    -0.5566     0.0217      0.095     -0.377     -0.547         22 1.0897e+03   997.9630 0.0000e+00
     -0.321    21.5659     9.0782    103.206  30.756596     32.845      8.909   277.9360    -0.1522    -0.5133     0.0217      0.135     -0.320     -0.463         23 1.1108e+03   997.9318 0.0000e+00
     -0.276    21.6399     9.1095    103.552  30.327732     32.825      9.264   274.2638    -0.1331    -0.5566     0.0218      0.169     -0.267     -0.386         24 1.1135e+03   997.9061 0.0000e+00
     -0.217    21.6863     9.1464    103.964  30.672462     32.815      9.536   270.0995     1.7438    15.8099     0.0218      0.198     -0.207     -0.300         25 1.1104e+03   997.8852 0.0000e+00
     -0.139    21.7118     9.1293    103.760  30.505301     32.764      9.757   249.9595     1.7323    15.7955     0.0218      0.223     -0.135     -0.196         26 1.0898e+03   997.8689 0.0000e+00
     -0.057    21.7227     9.0354    102.700  30.594983     32.731      9.942   247.9152     1.7285    15.7522     0.0218      0.240     -0.058     -0.085         27 8.9862e+02   997.8590 0.0000e+00
      0.020    21.7247     8.8830    100.984  30.501583     32.654     10.044   246.3630     1.7552    15.8676     0.0218      0.253      0.011      0.015         28 6.5293e+02   997.8535 0.0000e+00
      0.069    21.7133     8.6858     98.756  30.562274     32.706     10.088   245.6816     1.7323    15.8099     0.0218      0.257      0.062      0.090         29 6.1471e+02   997.8514 0.0000e+00
      0.102    21.7020     8.4816     96.445  30.460198     32.585     10.103   244.9245     2.2473     1.3324     0.0217      0.253      0.099      0.144         30 5.4345e+02   997.8511 0.0000e+00
      0.135    21.6975     8.2810     94.164  30.450858     32.593     10.095   244.8109     2.2206     1.4334     0.0217      0.241      0.129      0.188         31 4.6568e+02   997.8538 0.0000e+00
      0.159    21.6909     8.1072     92.185  30.514649     32.661     10.086   244.7352     2.2283     1.4334     0.0218      0.222      0.154      0.224         32 4.3110e+02   997.8564 0.0000e+00
      0.180    21.6821     7.9842     90.779  30.558572     32.724     10.076   244.4702     2.2321     1.3324     0.0218      0.193      0.174      0.253         33 3.7081e+02   997.8575 0.0000e+00
      0.194    21.6776     7.9090     89.925  30.514704     32.669     10.061   244.5838     2.4953     1.3324     0.0218      0.156      0.185      0.269         34 3.4396e+02   997.8591 0.0000e+00
      0.191    21.6738     7.8773     89.568  30.450740     32.615     10.052   245.0002     2.4762     1.3324     0.0217      0.117      0.184      0.267         35 3.4526e+02   997.8610 0.0000e+00
      0.177    21.6694     7.8615     89.392  30.460420     32.618     10.048   244.6595     2.4762     1.2748     0.0217      0.080      0.177      0.257         36 3.2971e+02   997.8619 0.0000e+00
      0.176    21.6728     7.8494     89.255  30.502659     32.680     10.039   245.1138     2.4648     1.3324     0.0218      0.052      0.175      0.255         37 3.0473e+02   997.8628 0.0000e+00
      0.184    21.6810     7.8271     89.001  30.516680     32.684     10.022   245.2273     2.4266     1.4189     0.0218      0.033      0.179      0.261         38 3.0634e+02   997.8637 0.0000e+00
      0.190    21.6887     7.7831     88.498  30.502226     32.681     10.005   245.1516     2.4266     1.3757     0.0218      0.018      0.184      0.268         39 2.8395e+02   997.8630 0.0000e+00
      0.191    21.6934     7.7082     87.644  30.520647     32.676      9.993   245.3030     2.4266     1.3036     0.0218      0.008      0.185      0.269         40 2.6595e+02   997.8612 0.0000e+00
      0.185    21.6939     7.6200     86.636  30.553004     32.730      9.985   245.3788     2.4266     1.2748     0.0218      0.001      0.183      0.265         41 2.6860e+02   997.8595 0.0000e+00
      0.185    21.6920     7.5348     85.662  30.580459     32.726      9.976   245.4166     2.4800     1.3901     0.0218     -0.001      0.182      0.263         42 2.5796e+02   997.8584 0.0000e+00
      0.186    21.6887     7.4567     84.768  30.604982     32.786      9.974   245.7952     2.4800     1.3324     0.0218      0.002      0.183      0.265         43 2.4421e+02   997.8583 0.0000e+00
      0.189    21.6889     7.3994     84.114  30.522483     32.668      9.962   245.9845     2.4571     1.3324     0.0218      0.005      0.185      0.268         44 2.4058e+02   997.8588 0.0000e+00
      0.189    21.6910     7.3678     83.752  30.505370     32.670      9.945   245.7952     2.4800     1.2892     0.0218      0.004      0.186      0.269         45 2.4034e+02   997.8595 0.0000e+00
      0.190    21.6924     7.3851     83.948  30.507776     32.670      9.928   245.8709     2.5373     1.2748     0.0218      0.001      0.186      0.269         46 2.4274e+02   997.8594 0.0000e+00
      0.188    21.6935     7.4441     84.618  30.519491     32.669      9.917   245.9466     2.5411     1.4045     0.0218      0.000      0.186      0.270         47 2.4547e+02   997.8590 0.0000e+00
      0.191    21.6932     7.5377     85.682  30.550043     32.727      9.911   245.9466     2.5334     1.4334     0.0218      0.001      0.187      0.272         48 2.5301e+02   997.8587 0.0000e+00
      0.193    21.6917     7.6473     86.926  30.529005     32.667      9.900   246.3630     2.5334     1.2603     0.0218      0.004      0.188      0.273         49 2.5078e+02   997.8584 0.0000e+00
      0.192    21.6894     7.7526     88.121  30.545671     32.727      9.885   246.6280     2.5411     1.3180     0.0218      0.004      0.188      0.273         50 2.5237e+02   997.8585 0.0000e+00
      0.189    21.6865     7.8442     89.161  30.529303     32.668      9.871   246.6659     2.5334     1.3324     0.0218      0.002      0.185      0.269         51 2.6816e+02   997.8588 0.0000e+00
      0.186    21.6833     7.9158     89.976  30.549376     32.729      9.864   246.7416     2.5373     1.3180     0.0218     -0.000      0.184      0.266         52 2.7024e+02   997.8593 0.0000e+00
      0.187    21.6802     7.9668     90.554  30.520691     32.672      9.851   246.8173     2.5716     1.3901     0.0218     -0.001      0.184      0.266         53 2.5281e+02   997.8600 0.0000e+00
      0.189    21.6784     7.9797     90.699  30.505751     32.674      9.842   247.0066     2.5220     1.4045     0.0218     -0.001      0.187      0.270         54 2.6157e+02   997.8607 0.0000e+00
      0.195    21.6771     7.9874     90.784  30.508719     32.676      9.833   247.1202     2.5182     1.3901     0.0218      0.000      0.191      0.276         55 2.6284e+02   997.8614 0.0000e+00
      0.199    21.6763     7.9761     90.653  30.457747     32.618      9.818   247.4230     2.5678     1.3469     0.0217      0.002      0.195      0.282         56 2.5312e+02   997.8618 0.0000e+00
      0.202    21.6760     7.9757     90.646  30.509933     32.678      9.804   247.3473     2.5449     1.3036     0.0218      0.004      0.198      0.286         57 2.6511e+02   997.8621 0.0000e+00
      0.204    21.6753     7.9772     90.657  30.503027     32.679      9.786   247.4609     2.5678     1.3036     0.0218      0.008      0.200      0.290         58 2.5340e+02   997.8623 0.0000e+00
      0.207    21.6746     7.9739     90.616  30.466342     32.619      9.772   247.7638     2.7280     1.3613     0.0217      0.011      0.203      0.294         59 2.5093e+02   997.8624 0.0000e+00
      0.210    21.6738     7.9665     90.530  30.496335     32.680      9.756   247.7259     2.7242     1.3901     0.0218      0.012      0.204      0.296         60 2.5217e+02   997.8626 0.0000e+00
      0.209    21.6735     7.9533     90.378  30.465703     32.620      9.742   247.7259     2.7318     1.2748     0.0217      0.012      0.204      0.296         61 2.5340e+02   997.8627 0.0000e+00
      0.206    21.6733     7.9660     90.522  30.445212     32.621      9.730   247.9531     2.7165     1.3324     0.0217      0.009      0.203      0.294         62 2.7112e+02   997.8629 0.0000e+00
      0.205    21.6728     7.9359     90.180  30.462582     32.621      9.722   248.0666     2.7051     1.2748     0.0217      0.005      0.201      0.291         63 2.6448e+02   997.8629 0.0000e+00
      0.203    21.6719     7.9001     89.774  30.503337     32.681      9.709   248.3695     2.7242     1.2748     0.0218      0.002      0.199      0.289         64 2.5432e+02   997.8630 0.0000e+00
      0.203    21.6705     7.8506     89.212  30.512998     32.681      9.703   248.3695     2.7432     1.3324     0.0218     -0.000      0.199      0.289         65 2.7196e+02   997.8631 0.0000e+00
      0.202    21.6691     7.8056     88.699  30.509811     32.682      9.696   248.2938     2.7585     1.4045     0.0218     -0.002      0.198      0.288         66 2.7201e+02   997.8633 0.0000e+00
      0.202    21.6672     7.7565     88.142  30.507304     32.683      9.689   248.4452     2.5678     1.3469     0.0218     -0.004      0.198      0.288         67 2.6196e+02   997.8637 0.0000e+00
      0.202    21.6643     7.7026     87.530  30.456866     32.624      9.682   248.4452     2.5907     1.4189     0.0217     -0.004      0.198      0.288         68 2.7555e+02   997.8639 0.0000e+00
      0.202    21.6624     7.6573     87.016  30.454075     32.625      9.671   248.7859     2.6097     1.4910     0.0217     -0.003      0.197      0.287         69 2.7295e+02   997.8643 0.0000e+00
      0.200    21.6612     7.6207     86.602  30.510780     32.687      9.657   249.0509     2.6135     1.3324     0.0218     -0.003      0.197      0.286         70 2.6692e+02   997.8650 0.0000e+00
      0.201    21.6601     7.6012     86.382  30.504804     32.689      9.648   248.7859     2.5678     1.2459     0.0218     -0.002      0.198      0.287         71 2.7155e+02   997.8654 0.0000e+00
      0.205    21.6596     7.5885     86.237  30.461512     32.630      9.645   248.6723     2.6097     1.3757     0.0217     -0.000      0.200      0.291         72 2.7226e+02   997.8657 0.0000e+00
      0.206    21.6598     7.5745     86.076  30.505405     32.690      9.638   249.3159     2.5792     1.3901     0.0218      0.001      0.202      0.293         73 2.6969e+02   997.8660 0.0000e+00
      0.208    21.6601     7.5558     85.863  30.509432     32.691      9.630   248.9752     2.6402     1.2892     0.0218      0.003      0.205      0.297         74 2.6801e+02   997.8661 0.0000e+00
      0.214    21.6599     7.5281     85.549  30.456499     32.631      9.627   249.4673     2.6097     1.3324     0.0217      0.005      0.209      0.304         75 2.6212e+02   997.8660 0.0000e+00
      0.219    21.6595     7.4995     85.223  30.452775     32.630      9.623   249.4673     2.6097     1.3469     0.0217      0.008      0.214      0.311         76 2.5777e+02   997.8660 0.0000e+00
      0.223    21.6596     7.4705     84.891  30.454816     32.631      9.616   249.4295     2.5983     1.4334     0.0217      0.011      0.218      0.317         77 2.5780e+02   997.8661 0.0000e+00
      0.225    21.6601     7.4412     84.554  30.453960     32.631      9.612   249.2023     2.6059     1.3613     0.0217      0.014      0.221      0.320         78 2.5408e+02   997.8662 0.0000e+00
      0.226    21.6610     7.4013     84.098  30.453839     32.631      9.601   249.3159     2.6097     1.3757     0.0217      0.014      0.222      0.322         79 2.5585e+02   997.8661 0.0000e+00
      0.228    21.6620     7.3645     83.680  30.454966     32.630      9.585   249.6566     2.6517     1.3036     0.0217      0.013      0.223      0.324         80 2.5890e+02   997.8660 0.0000e+00
