Data/DataAlreadyUploadedToEDI/CollatedDataForEDI/CTDData/CTD_2019 (not collated)/061019_fcr50_b.cnv
* Sea-Bird SBE19plus  Data File:
* FileName = C:\DATA\061019_fcr_0006.hex
* Software version 2.8.0.119
* Temperature SN = 7809
* Conductivity SN = 7809
* System UpLoad Time = Jun 10 2019 13:29:47
* <ApplicationData>
* <Seaterm232>
# nquan = 18
# nvalues = 1025                        
# units = specified
# name 0 = depFM: Depth [fresh water, m]
# name 1 = tv290C: Temperature [ITS-90, deg C]
# name 2 = sbeox0Mg/L: Oxygen, SBE 43 [mg/l]
# name 3 = sbeox0PS: Oxygen, SBE 43 [% saturation]
# name 4 = c0uS/cm: Conductivity [uS/cm]
# name 5 = specc: Specific Conductance [uS/cm]
# name 6 = ph: pH
# name 7 = orp: Oxidation Reduction Potential [mV]
# name 8 = flECO-AFL: Fluorescence, WET Labs ECO-AFL/FL [mg/m^3]
# name 9 = turbWETntu0: Turbidity, WET Labs ECO [NTU]
# name 10 = sal00: Salinity, Practical [PSU]
# name 11 = dz/dtM: Descent Rate [m/s]
# name 12 = prdM: Pressure, Strain Gauge [db]
# name 13 = prdE: Pressure, Strain Gauge [psi]
# name 14 = scan: Scan Count
# name 15 = par/sat/log: PAR/Logarithmic, Satlantic
# name 16 = density00: Density [density, kg/m^3]
# name 17 = flag:  0.000e+00
# span 0 =     -0.603,      9.622       
# span 1 =     9.8755,    22.0327       
# span 2 =     4.3013,    12.4809       
# span 3 =     38.247,    130.704       
# span 4 =  -0.475401,  32.203489       
# span 5 =     -0.616,     35.068       
# span 6 =      7.415,     10.317       
# span 7 = -1240.7455,   305.7611       
# span 8 =    -0.1483,     3.1667       
# span 9 =    -0.4412,   366.6142       
# span 10 =     0.0000,     0.0225      
# span 11 =     -0.115,      0.197      
# span 12 =     -0.591,      9.436      
# span 13 =     -0.857,     13.685      
# span 14 =          1,       1025      
# span 15 = 1.2291e-01, 8.0599e+02      
# span 16 =   997.7802,   999.7722      
# span 17 = 0.0000e+00, 0.0000e+00      
# interval = seconds: 0.25
# start_time = Jun 10 2019 13:12:02 [Instrument's time stamp, header]
# bad_flag = -9.990e-29
*END*
[from data line 724]
      2.212    20.3407     8.0623     88.138  29.733956     32.677      8.723   273.4310     2.0680     1.9236     0.0214      0.081      2.170      3.147        725 1.1802e+02   998.1395 0.0000e+00
      2.228    20.2491     8.1183     88.633  29.591616     32.615      8.718   273.7717     2.0642     2.0102     0.0214      0.077      2.185      3.170        726 1.1603e+02   998.1487 0.0000e+00
      2.244    20.1606     8.2431     89.762  29.466841     32.471      8.716   273.9610     1.9879     2.3707     0.0213      0.074      2.200      3.191        727 1.1384e+02   998.1607 0.0000e+00
      2.258    20.0779     8.3771     90.903  29.385642     32.476      8.715   274.4153     2.0070     2.2986     0.0212      0.067      2.213      3.209        728 1.1266e+02   998.1800 0.0000e+00
      2.267    20.0074     8.5579     92.568  29.248332     32.386      8.711   274.3396     2.0032     2.1688     0.0212      0.061      2.224      3.227        729 1.1154e+02   998.1984 0.0000e+00
      2.281    19.9560     8.7650     94.512  28.986022     32.134      8.711   274.2638     1.9956     2.2553     0.0211      0.058      2.239      3.248        730 1.0921e+02   998.2156 0.0000e+00
      2.302    19.8986     9.0037     96.807  28.971511     32.188      8.707   274.1124     1.9383     2.0390     0.0211      0.058      2.258      3.275        731 1.0731e+02   998.2303 0.0000e+00
      2.323    19.8450     9.2710     99.490  28.881306     32.126      8.703   275.7024     1.9498     2.0823     0.0210      0.059      2.281      3.307        732 1.0507e+02   998.2409 0.0000e+00
      2.351    19.7863     9.5379    102.150  28.683570     31.924      8.701   275.6646     1.9269     1.9669     0.0209      0.064      2.308      3.347        733 1.0208e+02   998.2528 0.0000e+00
      2.385    19.7355     9.7525    104.227  28.595514     31.895      8.698   275.8160     1.9383     2.0102     0.0209      0.073      2.340      3.393        734 9.9067e+01   998.2639 0.0000e+00
      2.421    19.6921     9.9632    106.205  28.516935     31.816      8.697   276.1188     1.7819     1.7939     0.0208      0.085      2.372      3.441        735 9.6199e+01   998.2761 0.0000e+00
      2.452    19.6231    10.2321    108.754  28.425903     31.787      8.691   275.2481     1.8201     1.8371     0.0208      0.098      2.402      3.484        736 9.4413e+01   998.2865 0.0000e+00
      2.474    19.4946    10.5378    111.694  28.382969     31.726      8.689   275.2860     1.7934     1.8227     0.0208      0.107      2.428      3.521        737 9.2698e+01   998.2954 0.0000e+00
      2.500    19.3216    10.8484    114.744  28.333403     31.773      8.686   277.4060     1.8010     1.8227     0.0208      0.112      2.454      3.559        738 8.9956e+01   998.3096 0.0000e+00
      2.532    19.1618    11.1678    117.914  28.161764     31.615      8.685   277.8603     2.2435     1.5631     0.0207      0.115      2.482      3.600        739 8.7812e+01   998.3356 0.0000e+00
      2.560    19.0057    11.4962    121.223  28.004160     31.613      8.683   278.0496     2.2435     1.6208     0.0206      0.116      2.511      3.641        740 8.5777e+01   998.3703 0.0000e+00
      2.588    18.8669    11.8178    124.519  27.907522     31.569      8.682   278.2389     2.2283     1.5776     0.0205      0.114      2.537      3.680        741 8.3904e+01   998.4021 0.0000e+00
      2.613    18.7679    12.0597    126.976  27.808130     31.617      8.681   277.1788     2.2473     1.4910     0.0205      0.110      2.563      3.718        742 8.2264e+01   998.4328 0.0000e+00
      2.642    18.6721    12.2989    129.216  27.683575     31.529      8.678   277.4438     2.2397     1.6064     0.0204      0.108      2.593      3.762        743 7.9804e+01   998.4600 0.0000e+00
      2.680    18.5652    12.4455    130.500  27.647868     31.597      8.677   277.7846     2.3160     1.1594     0.0204      0.111      2.628      3.812        744 7.7416e+01   998.4793 0.0000e+00
      2.718    18.4408    12.4781    130.704  27.615631     31.605      8.672   278.5039     2.3160     1.2315     0.0204      0.117      2.661      3.859        745 7.6039e+01   998.4979 0.0000e+00
      2.739    18.2969    12.4809    130.515  27.546001     31.616      8.670   278.8824     2.2778     1.0873     0.0203      0.118      2.682      3.891        746 7.5614e+01   998.5185 0.0000e+00
      2.749    18.1637    12.4480    129.922  27.497587     31.644      8.666   279.0717     2.2893     1.0008     0.0203      0.113      2.696      3.910        747 7.5195e+01   998.5422 0.0000e+00
      2.760    18.0585    12.3990    129.269  27.409331     31.652      8.665   279.4503     2.2969     1.1450     0.0203      0.106      2.707      3.926        748 7.4735e+01   998.5695 0.0000e+00
      2.772    17.9746    12.3535    128.681  27.359668     31.686      8.660   279.4503     2.3122     1.0873     0.0202      0.095      2.718      3.942        749 7.4473e+01   998.5946 0.0000e+00
      2.782    17.9092    12.3061    128.120  27.292845     31.697      8.661   279.7153     2.3046     1.1017     0.0202      0.082      2.731      3.961        750 7.3769e+01   998.6141 0.0000e+00
      2.801    17.8741    12.2697    127.576  27.255558     31.696      8.659   279.5639     2.3122     1.0873     0.0202      0.070      2.750      3.988        751 7.2348e+01   998.6297 0.0000e+00
      2.830    17.8342    12.2592    127.079  27.317239     31.840      8.656   278.1631     2.3389     1.1738     0.0202      0.062      2.774      4.022        752 7.1116e+01   998.6419 0.0000e+00
      2.852    17.7338    12.2585    126.634  27.245729     31.770      8.653   279.2231     2.3084     1.1306     0.0202      0.061      2.797      4.057        753 7.0082e+01   998.6484 0.0000e+00
      2.875    17.6388    12.2020    125.636  27.137215     31.666      8.652   279.5260     2.2893     1.1450     0.0201      0.067      2.820      4.090        754 6.8756e+01   998.6559 0.0000e+00
      2.899    17.5858    12.1679    124.934  27.126466     31.743      8.650   280.0939     2.2778     0.9864     0.0201      0.076      2.842      4.122        755 6.7558e+01   998.6743 0.0000e+00
      2.920    17.5052    12.1221    124.151  27.140652     31.814      8.646   280.1696     2.4915     1.1450     0.0201      0.082      2.862      4.150        756 6.6599e+01   998.6916 0.0000e+00
      2.935    17.4153    12.0901    123.510  27.060350     31.787      8.644   280.0939     2.5105     1.1161     0.0201      0.086      2.877      4.172        757 6.5806e+01   998.7012 0.0000e+00
      2.946    17.3598    12.0524    122.775  26.959835     31.683      8.643   280.0939     2.4762     1.0585     0.0200      0.084      2.889      4.190        758 6.5049e+01   998.7157 0.0000e+00
      2.958    17.3193    11.9839    121.810  26.999177     31.851      8.640   278.7310     2.4800     1.1161     0.0200      0.078      2.903      4.209        759 6.4152e+01   998.7319 0.0000e+00
      2.975    17.2925    11.9120    120.715  27.041039     31.890      8.637   279.2989     2.4838     1.0585     0.0200      0.070      2.919      4.233        760 6.3080e+01   998.7419 0.0000e+00
      2.996    17.2280    11.8516    119.589  27.055869     31.988      8.636   279.5260     2.4838     1.1882     0.0201      0.066      2.938      4.261        761 6.2057e+01   998.7492 0.0000e+00
      3.018    17.0852    11.7607    118.200  26.951118     31.843      8.633   279.6774     2.5258     1.1306     0.0200      0.065      2.959      4.292        762 6.1121e+01   998.7540 0.0000e+00
      3.040    16.9180    11.6691    116.810  26.756717     31.691      8.630   279.8667     2.5334     1.1738     0.0199      0.066      2.980      4.323        763 6.0248e+01   998.7655 0.0000e+00
      3.059    16.7627    11.5951    115.712  26.616540     31.603      8.629   279.7531     2.4915     1.0440     0.0198      0.069      3.001      4.353        764 5.9306e+01   998.7905 0.0000e+00
      3.081    16.6272    11.4904    114.419  26.562816     31.694      8.628   280.5481     2.6059     1.1450     0.0198      0.074      3.026      4.388        765 5.8072e+01   998.8196 0.0000e+00
      3.116    16.5095    11.4357    113.507  26.468185     31.680      8.624   281.1160     2.6402     1.1882     0.0197      0.082      3.056      4.432        766 5.6796e+01   998.8465 0.0000e+00
      3.151    16.3860    11.3989    112.728  26.349296     31.647      8.622   281.0781     2.6174     1.0585     0.0197      0.092      3.088      4.479        767 5.5786e+01   998.8697 0.0000e+00
      3.180    16.2553    11.3570    111.914  26.296132     31.671      8.623   281.6839     2.6174     1.0440     0.0196      0.100      3.118      4.522        768 5.4948e+01   998.8898 0.0000e+00
      3.208    16.1481    11.2943    110.903  26.238186     31.696      8.620   281.5703     2.6822     0.8998     0.0196      0.106      3.147      4.563        769 5.4083e+01   998.9105 0.0000e+00
      3.238    16.0056    11.2274    109.968  26.125252     31.664      8.620   281.3053     2.6975     0.9287     0.0195      0.111      3.175      4.605        770 5.3168e+01   998.9324 0.0000e+00
      3.267    15.8075    11.1647    109.082  25.992420     31.575      8.619   281.4189     2.6670     0.9719     0.0195      0.115      3.204      4.647        771 5.2219e+01   998.9501 0.0000e+00
      3.297    15.6174    11.1005    108.189  25.811139     31.480      8.617   283.4253     2.6670     0.8854     0.0194      0.118      3.233      4.689        772 5.1459e+01   998.9735 0.0000e+00
      3.327    15.4326    11.0468    107.445  25.669653     31.430      8.618   283.6146     3.0408     0.8854     0.0193      0.118      3.263      4.733        773 5.0585e+01   999.0055 0.0000e+00
      3.360    15.2892    10.9808    106.628  25.576170     31.506      8.616   283.9553     3.0484     0.9864     0.0192      0.117      3.295      4.779        774 4.9430e+01   999.0359 0.0000e+00
      3.394    15.1845    10.9259    106.071  25.483253     31.480      8.613   284.1824     3.0522     0.9143     0.0192      0.118      3.327      4.825        775 4.8758e+01   999.0650 0.0000e+00
      3.423    15.0372    10.8367    105.198  25.489156     31.661      8.614   283.3496     3.0294     0.9719     0.0192      0.120      3.358      4.871        776 4.7957e+01   999.0874 0.0000e+00
      3.459    14.8681    10.7766    104.534  25.361538     31.532      8.610   283.6903     2.8539     0.9143     0.0191      0.123      3.392      4.920        777 4.6853e+01   999.1037 0.0000e+00
      3.497    14.7018    10.7113    103.840  25.227445     31.511      8.609   283.5389     2.8882     0.8854     0.0190      0.126      3.425      4.968        778 4.6262e+01   999.1261 0.0000e+00
      3.520    14.5427    10.6467    103.205  25.063703     31.435      8.608   284.4853     2.8691     0.8998     0.0189      0.127      3.450      5.004        779 4.5754e+01   999.1517 0.0000e+00
      3.538    14.4232    10.5788    102.547  24.943376     31.389      8.605   284.7503     2.8615     0.8854     0.0188      0.123      3.473      5.036        780 4.5183e+01   999.1764 0.0000e+00
      3.565    14.3104    10.5205    101.910  24.962587     31.589      8.607   285.3182     2.4686     0.6259     0.0189      0.119      3.499      5.075        781 4.4413e+01   999.1999 0.0000e+00
      3.601    14.1990    10.4701    101.395  24.891756     31.541      8.606   285.3939     2.5029     0.6691     0.0188      0.116      3.531      5.121        782 4.3512e+01   999.2173 0.0000e+00
      3.635    14.1035    10.4282    101.008  24.853857     31.632      8.601   285.6967     2.5029     0.6259     0.0188      0.115      3.560      5.164        783 4.3133e+01   999.2335 0.0000e+00
      3.653    14.0321    10.3976    100.749  24.772842     31.580      8.600   285.6967     2.4915     0.6980     0.0187      0.111      3.580      5.193        784 4.3010e+01   999.2494 0.0000e+00
      3.665    14.0191    10.3726    100.579  24.755667     31.656      8.599   285.2424     2.4877     0.6259     0.0187      0.104      3.593      5.212        785 4.2868e+01   999.2629 0.0000e+00
      3.676    14.0151    10.3585    100.494  24.845644     31.824      8.598   283.7660     2.2817     0.6403     0.0188      0.095      3.602      5.224        786 4.2939e+01   999.2730 0.0000e+00
      3.677    13.9820    10.3548    100.468  24.868218     31.868      8.592   285.2424     2.3389     0.6980     0.0188      0.084      3.606      5.229        787 4.3077e+01   999.2749 0.0000e+00
      3.678    13.9544    10.3541    100.438  24.816438     31.799      8.591   284.9774     2.3465     0.6547     0.0187      0.070      3.608      5.233        788 4.2960e+01   999.2754 0.0000e+00
      3.684    13.9520    10.3395    100.377  24.821232     31.828      8.593   285.1289     2.2702     0.6547     0.0187      0.053      3.612      5.240        789 4.2841e+01   999.2799 0.0000e+00
      3.689    13.9489    10.3280    100.391  24.803024     31.849      8.589   285.3182     2.1901     0.6547     0.0187      0.036      3.616      5.245        790 4.2962e+01   999.2838 0.0000e+00
      3.690    13.9203    10.3209    100.438  24.720633     31.709      8.587   285.3182     2.1825     0.6691     0.0187      0.024      3.619      5.249        791 4.2877e+01   999.2842 0.0000e+00
      3.694    13.9066    10.3222    100.551  24.746060     31.781      8.587   285.3939     2.1977     0.5970     0.0187      0.017      3.623      5.254        792 4.2673e+01   999.2846 0.0000e+00
      3.700    13.9148    10.3311    100.782  24.801002     31.843      8.584   283.4253     2.1748     0.7124     0.0187      0.015      3.628      5.261        793 4.2563e+01   999.2887 0.0000e+00
      3.703    13.9331    10.3360    100.986  24.800355     31.889      8.585   283.5767     2.3007     0.6114     0.0187      0.014      3.631      5.266        794 4.2496e+01   999.2905 0.0000e+00
      3.704    13.9635    10.3653    101.377  24.776486     31.810      8.584   284.8260     2.3084     0.6691     0.0187      0.015      3.633      5.270        795 4.2327e+01   999.2893 0.0000e+00
      3.709    13.9890    10.4213    101.867  24.801088     31.868      8.580   284.8260     2.3160     0.6691     0.0187      0.015      3.638      5.276        796 4.2010e+01   999.2869 0.0000e+00
      3.717    13.9907    10.4809    102.380  24.828970     31.841      8.582   285.0532     2.3236     0.6114     0.0187      0.015      3.643      5.283        797 4.1841e+01   999.2827 0.0000e+00
      3.718    13.9846    10.5421    102.841  24.801013     31.822      8.580   285.1289     2.3618     0.5105     0.0187      0.015      3.646      5.288        798 4.1627e+01   999.2792 0.0000e+00
      3.719    14.0178    10.6169    103.182  24.776634     31.747      8.579   285.3182     2.3618     0.6114     0.0187      0.015      3.649      5.293        799 4.1297e+01   999.2790 0.0000e+00
      3.727    14.0769    10.7021    103.513  24.829689     31.863      8.578   284.6367     2.3618     0.7412     0.0188      0.015      3.654      5.300        800 4.1041e+01   999.2798 0.0000e+00
      3.733    14.1274    10.7719    103.723  24.883078     31.868      8.575   285.0532     2.3961     0.7412     0.0188      0.016      3.659      5.307        801 4.0863e+01   999.2752 0.0000e+00
      3.733    14.1758    10.8333    103.728  24.917512     31.894      8.575   285.4696     2.3808     0.6835     0.0188      0.016      3.662      5.311        802 4.0749e+01   999.2670 0.0000e+00
      3.736    14.2382    10.8808    103.616  24.934912     31.850      8.575   285.3182     2.3732     0.7268     0.0188      0.016      3.665      5.316        803 4.0614e+01   999.2600 0.0000e+00
      3.742    14.3116    10.8639    103.027  24.979880     31.885      8.575   285.4317     2.3580     0.7412     0.0188      0.016      3.673      5.326        804 4.0281e+01   999.2533 0.0000e+00
