Data/DataAlreadyUploadedToEDI/CollatedDataForEDI/CTDData/CTD_2019 (not collated)/061019_fcr50_b.cnv
* Sea-Bird SBE19plus  Data File:
* FileName = C:\DATA\061019_fcr_0006.hex
* Software version 2.8.0.119
* Temperature SN = 7809
* Conductivity SN = 7809
* System UpLoad Time = Jun 10 2019 13:29:47
* <ApplicationData>
* <Seaterm232>
# nquan = 18
# nvalues = 1025                        
# units = specified
# name 0 = depFM: Depth [fresh water, m]
# name 1 = tv290C: Temperature [ITS-90, deg C]
# name 2 = sbeox0Mg/L: Oxygen, SBE 43 [mg/l]
# name 3 = sbeox0PS: Oxygen, SBE 43 [% saturation]
# name 4 = c0uS/cm: Conductivity [uS/cm]
# name 5 = specc: Specific Conductance [uS/cm]
# name 6 = ph: pH
# name 7 = orp: Oxidation Reduction Potential [mV]
# name 8 = flECO-AFL: Fluorescence, WET Labs ECO-AFL/FL [mg/m^3]
# name 9 = turbWETntu0: Turbidity, WET Labs ECO [NTU]
# name 10 = sal00: Salinity, Practical [PSU]
# name 11 = dz/dtM: Descent Rate [m/s]
# name 12 = prdM: Pressure, Strain Gauge [db]
# name 13 = prdE: Pressure, Strain Gauge [psi]
# name 14 = scan: Scan Count
# name 15 = par/sat/log: PAR/Logarithmic, Satlantic
# name 16 = density00: Density [density, kg/m^3]
# name 17 = flag:  0.000e+00
# span 0 =     -0.603,      9.622       
# span 1 =     9.8755,    22.0327       
# span 2 =     4.3013,    12.4809       
# span 3 =     38.247,    130.704       
# span 4 =  -0.475401,  32.203489       
# span 5 =     -0.616,     35.068       
# span 6 =      7.415,     10.317       
# span 7 = -1240.7455,   305.7611       
# span 8 =    -0.1483,     3.1667       
# span 9 =    -0.4412,   366.6142       
# span 10 =     0.0000,     0.0225      
# span 11 =     -0.115,      0.197      
# span 12 =     -0.591,      9.436      
# span 13 =     -0.857,     13.685      
# span 14 =          1,       1025      
# span 15 = 1.2291e-01, 8.0599e+02      
# span 16 =   997.7802,   999.7722      
# span 17 = 0.0000e+00, 0.0000e+00      
# interval = seconds: 0.25
# start_time = Jun 10 2019 13:12:02 [Instrument's time stamp, header]
# bad_flag = -9.990e-29
*END*
     -0.602    21.1638     8.5793     96.553   0.645315      0.683      7.439 -1240.7455    -0.1216     0.0491     0.0104      0.000     -0.591     -0.857          1 7.1193e+02   997.9634 0.0000e+00
     -0.602    21.1640     8.5787     96.547   0.517080      0.592      7.437 -1240.7455    -0.1178     0.0635     0.0104      0.000     -0.591     -0.857          2 6.8045e+02   997.9634 0.0000e+00
     -0.602    21.1643     8.5737     96.492   0.159480      0.139      7.437 -1240.7455    -0.1483    -0.0519     0.0105      0.000     -0.591     -0.857          3 6.4775e+02   997.9636 0.0000e+00
     -0.603    21.1646     8.5715     96.467   0.173308      0.200      7.448 -1240.7455    -0.1331    -0.1816     0.0105     -0.000     -0.591     -0.857          4 6.5002e+02   997.9632 0.0000e+00
     -0.603    21.1645     8.5724     96.477   0.322380      0.351      7.447 -1240.7455    -0.1407    -0.1672     0.0105     -0.000     -0.591     -0.857          5 6.7731e+02   997.9636 0.0000e+00
     -0.602    21.1647     8.5720     96.473   0.181034      0.200      7.448 -1240.7455    -0.1331    -0.3114     0.0105     -0.000     -0.591     -0.857          6 6.9891e+02   997.9627 0.0000e+00
     -0.603    21.1649     8.5749     96.506   0.408374      0.411      7.452 -1240.7455    -0.1445    -0.2393     0.0104     -0.000     -0.591     -0.857          7 6.4530e+02   997.9640 0.0000e+00
     -0.602    21.1647     8.5772     96.531   0.246531      0.351      7.459 -1240.7455    -0.1407    -0.2537     0.0105     -0.000     -0.591     -0.857          8 5.6993e+02   997.9619 0.0000e+00
     -0.602    21.1649     8.5771     96.530  -0.475401     -0.616      7.456 -1240.7455    -0.1254     0.0202     0.0000     -0.000     -0.591     -0.857          9 5.4324e+02   997.9567 0.0000e+00
     -0.603    21.1652     8.5806     96.563   0.360212      0.411      7.451 -1240.7455    -0.1483     0.0347     0.0104     -0.000     -0.591     -0.857         10 5.3070e+02   997.9620 0.0000e+00
     -0.602    21.1657     8.5758     96.514   1.011098      1.166      7.442 -1240.7455    -0.1178     0.0202     0.0104      0.000     -0.591     -0.857         11 5.2836e+02   997.9639 0.0000e+00
     -0.602    21.1660     8.5781     96.541   0.341569      0.290      7.444 -1240.7455    -0.1026    -0.1384     0.0105      0.000     -0.591     -0.857         12 5.1292e+02   997.9626 0.0000e+00
     -0.602    21.1663     8.5771     96.531   0.394712      0.471      7.446 -1240.7455    -0.1178     0.4672     0.0104      0.000     -0.591     -0.857         13 5.1253e+02   997.9632 0.0000e+00
     -0.602    21.1665     8.5774     96.530   0.442060      0.471      7.445 -1240.7455    -0.1216     0.5538     0.0104      0.000     -0.591     -0.857         14 5.4876e+02   997.9627 0.0000e+00
     -0.603    21.1665     8.5768     96.529   0.400971      0.411      7.445 -1240.7455    -0.1331     0.5682     0.0104      0.000     -0.591     -0.857         15 5.6350e+02   997.9629 0.0000e+00
     -0.602    21.1667     8.5739     96.498   0.623338      0.713      7.443 -1240.7455    -0.1407     0.3951     0.0104      0.000     -0.590     -0.856         16 5.8992e+02   997.9629 0.0000e+00
     -0.602    21.1667     8.5765     96.528   0.579475      0.592      7.445 -1240.7455    -0.1102     1.6641     0.0104      0.000     -0.590     -0.856         17 6.0909e+02   997.9626 0.0000e+00
     -0.602    21.1664     8.5765     96.529   0.721797      0.803      7.455 -1240.7455    -0.1178     1.5487     0.0104      0.000     -0.590     -0.856         18 5.7765e+02   997.9631 0.0000e+00
     -0.602    21.1661     8.5762     96.526   0.357476      0.411      7.474 -1240.7455    -0.1331     1.6929     0.0104      0.000     -0.590     -0.856         19 5.6565e+02   997.9623 0.0000e+00
     -0.602    21.1660     8.5799     96.568   0.352481      0.290      7.487 -1240.7455    -0.1293     1.6208     0.0105      0.000     -0.590     -0.856         20 5.6900e+02   997.9637 0.0000e+00
     -0.602    21.1661     8.5749     96.512   0.520939      0.713      7.484 -1240.7455    -0.0987    -0.0519     0.0104      0.000     -0.590     -0.856         21 5.0683e+02   997.9615 0.0000e+00
     -0.602    21.1664     8.5782     96.550   0.118255     -0.042      7.474 -1240.7455    -0.1331     0.0347     0.0000      0.000     -0.590     -0.856         22 4.0243e+02   997.9568 0.0000e+00
     -0.602    21.1669     8.5805     96.577   0.232400      0.411      7.454 -1240.7455    -0.1254    -0.1528     0.0104      0.000     -0.590     -0.856         23 3.2309e+02   997.9612 0.0000e+00
     -0.601    21.1673     8.5802     96.574   0.704284      0.592      7.431 -1240.7455    -0.1216    -0.0374     0.0104      0.000     -0.590     -0.855         24 2.9120e+02   997.9644 0.0000e+00
     -0.601    21.1678     8.5769     96.537   0.448037      0.713      7.416 -1240.7455    -0.1369     0.6547     0.0104      0.000     -0.590     -0.855         25 2.9290e+02   997.9610 0.0000e+00
     -0.602    21.1684     8.5775     96.544  -0.217812     -0.495      7.415 -1240.7455    -0.1102     0.7412     0.0000      0.000     -0.590     -0.856         26 2.9081e+02   997.9564 0.0000e+00
     -0.602    21.1687     8.5786     96.556   0.556743      0.803      7.426 -1240.7455    -0.1178     0.5249     0.0104      0.000     -0.590     -0.856         27 2.7649e+02   997.9611 0.0000e+00
     -0.601    21.1689     8.5753     96.519   0.756117      0.713      7.437 -1240.7455    -0.1254     0.6259     0.0104      0.000     -0.590     -0.856         28 2.7555e+02   997.9633 0.0000e+00
     -0.602    21.1694     8.5773     96.541   0.214430      0.290      7.441 -1240.7455    -0.1445     0.6691     0.0105      0.000     -0.590     -0.856         29 2.8969e+02   997.9617 0.0000e+00
     -0.602    21.1696     8.5752     96.519   0.372988      0.350      7.433 -1240.7455    -0.1026    -0.0951     0.0105      0.000     -0.590     -0.856         30 3.0350e+02   997.9626 0.0000e+00
     -0.601    21.1699     8.5712     96.489   0.440466      0.532      7.432 -1240.7455    -0.1331    -0.0519     0.0104      0.000     -0.589     -0.855         31 3.1531e+02   997.9620 0.0000e+00
     -0.601    21.1702     8.5466     96.536   0.544600      0.532      7.429 -1240.7455    -0.1216     0.0058     0.0104      0.000     -0.589     -0.855         32 3.2264e+02   997.9623 0.0000e+00
     -0.601    21.1709     8.5026     96.514   0.746290      0.864      7.434 -1240.7455    -0.1026    -0.0086     0.0104      0.000     -0.590     -0.855         33 3.2379e+02   997.9619 0.0000e+00
     -0.602    21.1708     8.4738     96.503   0.574034      0.592      7.437 -1240.7455    -0.1407    -0.0374     0.0104      0.000     -0.590     -0.855         34 3.2126e+02   997.9620 0.0000e+00
     -0.601    21.1713     8.4551     96.495   0.167330      0.200      7.436 -1240.7455    -0.1483    -0.0951     0.0105      0.000     -0.589     -0.855         35 3.2618e+02   997.9618 0.0000e+00
     -0.601    21.1708     8.4415     96.469   0.483296      0.471      7.435 -1240.7455    -0.1331     0.0635     0.0104      0.000     -0.589     -0.855         36 3.3900e+02   997.9619 0.0000e+00
     -0.601    21.1721     8.4375     96.491   0.447055      0.592      7.434 -1240.7455    -0.1254    -0.0374     0.0104      0.000     -0.589     -0.855         37 3.4814e+02   997.9618 0.0000e+00
     -0.601    21.1702     8.4365     96.511   0.330757      0.200      7.432 -1240.7455    -0.1254     0.0491     0.0105      0.000     -0.589     -0.855         38 3.5939e+02   997.9619 0.0000e+00
     -0.601    21.1732     8.4443     96.606   0.420955      0.652      7.434 -1240.7455    -0.1483    -0.0807     0.0104      0.000     -0.589     -0.855         39 3.7547e+02   997.9615 0.0000e+00
     -0.602    21.1686     8.4727     96.910   0.393970      0.200      7.435 -1240.7455    -0.1216    -0.0807     0.0105      0.000     -0.589     -0.855         40 3.8858e+02   997.9621 0.0000e+00
     -0.601    21.1854     8.5051     97.254   0.068523      0.350      7.437 -1240.7455    -0.1064    -0.0374     0.0105      0.000     -0.588     -0.853         41 4.0302e+02   997.9613 0.0000e+00
     -0.600    21.3534     8.5473     97.710   0.796385      0.471      7.420 -1240.7455    -0.1369    -0.3258     0.0104      0.000     -0.578     -0.837         42 4.2012e+02   997.9624 0.0000e+00
     -0.562    21.6010     8.5920     98.193  -0.008954      0.592      8.073 -1240.7455    -0.1178    -0.3403     0.0104      0.010     -0.549     -0.796         43 4.4163e+02   997.9586 0.0000e+00
     -0.519    21.7726     8.6319     98.628   4.502480      3.717      8.044  -563.7064    -0.1331    -0.2826     0.0110      0.029     -0.508     -0.737         44 4.5626e+02   997.9229 0.0000e+00
     -0.474    21.8816     8.6709     99.056  21.285772     23.746      8.296   272.4845    -0.1102    -0.1961     0.0182      0.055     -0.461     -0.669         45 4.6905e+02   997.8731 0.0000e+00
     -0.417    21.9517     8.7058     99.441  30.553408     32.433      8.736   266.3138    -0.1178    -0.4412     0.0217      0.086     -0.408     -0.593         46 4.9133e+02   997.8379 0.0000e+00
     -0.360    21.9882     8.7192     99.581  30.276658     32.416      9.185   265.9731    -0.1293     0.2077     0.0217      0.121     -0.356     -0.517         47 5.0425e+02   997.8136 0.0000e+00
     -0.314    22.0058     8.7263     99.651  30.575348     32.487      9.560   264.9510    -0.1102     0.2509     0.0218      0.152     -0.308     -0.446         48 5.1107e+02   997.7981 0.0000e+00
     -0.267    22.0084     8.7169     99.531  30.477923     32.462      9.831   266.0110    -0.1102     0.2365     0.0218      0.177     -0.259     -0.375         49 5.2579e+02   997.7899 0.0000e+00
     -0.208    21.9975     8.6955     99.271  30.575640     32.509     10.001   264.5724    -0.1331     0.4096     0.0218      0.195     -0.211     -0.305         50 5.3884e+02   997.7862 0.0000e+00
     -0.171    21.9832     8.6677     98.952  30.512985     32.448     10.126   264.2695     1.4539    59.0260     0.0218      0.197     -0.174     -0.251         51 5.4076e+02   997.7858 0.0000e+00
     -0.153    21.9692     8.6376     98.630  30.555896     32.515     10.206   263.5881     1.4272    59.1125     0.0218      0.189     -0.146     -0.211         52 5.4567e+02   997.7884 0.0000e+00
     -0.120    21.9546     8.6053     98.286  30.522242     32.465     10.271   264.3831     1.4767    59.0692     0.0218      0.176     -0.116     -0.167         53 5.5924e+02   997.7917 0.0000e+00
     -0.078    21.9431     8.5900     98.131  30.495621     32.475     10.317   264.9131     1.4310    59.0692     0.0218      0.163     -0.084     -0.121         54 5.6784e+02   997.7951 0.0000e+00
     -0.059    21.9346     8.5575     97.777  30.411276     32.366     10.311   260.9381     1.5149     1.2892     0.0217      0.148     -0.064     -0.093         55 5.6904e+02   997.7985 0.0000e+00
     -0.059    21.9273     8.4945     97.070  30.390207     32.374     10.308   262.0738     1.4882     1.3757     0.0217      0.128     -0.060     -0.086         56 5.7041e+02   997.8011 0.0000e+00
     -0.060    21.9201     8.4001     95.998  30.403343     32.380     10.307   263.0960     1.4958     1.4045     0.0217      0.103     -0.065     -0.094         57 5.6835e+02   997.8030 0.0000e+00
     -0.080    21.9145     8.2719     94.539  30.394931     32.385     10.308   260.9002     1.5035     1.4189     0.0217      0.072     -0.082     -0.119         58 5.6140e+02   997.8045 0.0000e+00
     -0.113    21.9076     8.1209     92.824  30.400679     32.390     10.311   261.0138     1.6141     1.3901     0.0217      0.039     -0.106     -0.154         59 5.5765e+02   997.8060 0.0000e+00
     -0.131    21.8993     7.9596     90.987  30.455445     32.453     10.307   261.8088     1.6255     1.4622     0.0218      0.007     -0.125     -0.182         60 5.5646e+02   997.8072 0.0000e+00
     -0.141    21.8990     7.7868     89.019  30.504533     32.518     10.297   257.8338     1.6408     1.3324     0.0218     -0.024     -0.135     -0.196         61 5.5767e+02   997.8088 0.0000e+00
     -0.141    21.9099     7.6012     86.911  30.517347     32.523     10.285   258.9317     1.6255     1.3036     0.0218     -0.046     -0.139     -0.201         62 5.5920e+02   997.8107 0.0000e+00
     -0.141    21.9232     7.4378     85.054  30.558004     32.583     10.274   259.2724     1.6522     1.1882     0.0218     -0.052     -0.139     -0.201         63 5.6157e+02   997.8107 0.0000e+00
     -0.141    21.9335     7.3021     83.509  30.572442     32.576     10.259   258.8938     1.6141     1.1450     0.0218     -0.047     -0.139     -0.201         64 5.6446e+02   997.8082 0.0000e+00
     -0.140    21.9427     7.2237     82.615  30.617882     32.626     10.249   260.3702     1.6141     1.0152     0.0218     -0.037     -0.138     -0.200         65 5.6394e+02   997.8053 0.0000e+00
     -0.141    21.9494     7.2209     82.580  30.619954     32.619     10.237   260.2567     1.6255     1.1738     0.0218     -0.023     -0.138     -0.200         66 5.5850e+02   997.8029 0.0000e+00
     -0.141    21.9530     7.2659     83.093  30.569857     32.553     10.221   259.0831     1.6217     1.1161     0.0218     -0.009     -0.138     -0.200         67 5.5233e+02   997.8008 0.0000e+00
     -0.141    21.9570     7.3431     83.980  30.561717     32.548     10.201   258.8938     1.5836     1.4910     0.0218     -0.002     -0.138     -0.200         68 5.4989e+02   997.7993 0.0000e+00
     -0.140    21.9622     7.4249     84.921  30.570829     32.546     10.185   259.4238     1.5530     1.4478     0.0218      0.000     -0.138     -0.200         69 5.5017e+02   997.7985 0.0000e+00
     -0.140    21.9661     7.5087     85.882  30.617767     32.602     10.166   259.3481     1.5607     1.3036     0.0218      0.001     -0.138     -0.200         70 5.5427e+02   997.7975 0.0000e+00
     -0.140    21.9712     7.5549     86.411  30.621806     32.599     10.154   259.3859     1.5797     1.3036     0.0218      0.000     -0.138     -0.200         71 5.5715e+02   997.7964 0.0000e+00
     -0.140    21.9790     7.5649     86.527  30.625053     32.596     10.141   259.9159     1.6332     1.1306     0.0218      0.000     -0.138     -0.200         72 5.5859e+02   997.7955 0.0000e+00
     -0.140    21.9854     7.5366     86.206  30.672977     32.652     10.131   259.7267     1.6293     1.0296     0.0218      0.000     -0.137     -0.199         73 5.6255e+02   997.7944 0.0000e+00
     -0.140    21.9898     7.4544     85.269  30.680668     32.646     10.121   259.6131     1.6560     1.0873     0.0218      0.001     -0.137     -0.199         74 5.6803e+02   997.7927 0.0000e+00
     -0.141    21.9915     7.3631     84.228  30.674731     32.642     10.108   259.4995     1.6255     1.1450     0.0218      0.000     -0.138     -0.200         75 5.7047e+02   997.7912 0.0000e+00
     -0.140    21.9898     7.2579     83.028  30.680363     32.639     10.098   258.5909     1.5759     1.2315     0.0218      0.000     -0.138     -0.200         76 5.7129e+02   997.7902 0.0000e+00
     -0.140    21.9889     7.1558     81.861  30.673657     32.638     10.087   258.8559     1.5530     1.1882     0.0218      0.000     -0.138     -0.200         77 5.7367e+02   997.7898 0.0000e+00
     -0.140    21.9914     7.0678     80.858  30.623824     32.580     10.073   259.3481     1.5607     1.0585     0.0218      0.000     -0.138     -0.200         78 5.7509e+02   997.7902 0.0000e+00
     -0.140    21.9946     6.9967     80.052  30.623875     32.580     10.066   259.8024     1.5607     1.1882     0.0218     -0.000     -0.138     -0.200         79 5.7357e+02   997.7904 0.0000e+00
     -0.140    21.9962     6.9387     79.398  30.673593     32.638     10.054   257.1145     1.6484     1.2171     0.0218      0.000     -0.137     -0.199         80 5.6800e+02   997.7899 0.0000e+00
