Data/DataAlreadyUploadedToEDI/CollatedDataForEDI/CTDData/CTD_2019 (not collated)/061719_FCR20.cnv
* Sea-Bird SBE19plus  Data File:
* FileName = C:\DATA\061719_FCR_0005.hex
* Software version 2.8.0.119 SB_Terminal.dll
* Temperature SN = 7809
* Conductivity SN = 7809
* System UpLoad Time = Jun 17 2019 17:01:39
* <ApplicationData>
* <Seaterm232>
# nquan = 16
# nvalues = 662                         
# units = specified
# name 0 = depFM: Depth [fresh water, m]
# name 1 = dz/dtM: Descent Rate [m/s]
# name 2 = sbeox0Mg/L: Oxygen, SBE 43 [mg/l]
# name 3 = sbeox0PS: Oxygen, SBE 43 [% saturation]
# name 4 = specc: Specific Conductance [uS/cm]
# name 5 = c0uS/cm: Conductivity [uS/cm]
# name 6 = flECO-AFL: Fluorescence, WET Labs ECO-AFL/FL [mg/m^3]
# name 7 = ph: pH
# name 8 = orp: Oxidation Reduction Potential [mV]
# name 9 = par/sat/log: PAR/Logarithmic, Satlantic
# name 10 = turbWETntu0: Turbidity, WET Labs ECO [NTU]
# name 11 = prdM: Pressure, Strain Gauge [db]
# name 12 = prdE: Pressure, Strain Gauge [psi]
# name 13 = tv290C: Temperature [ITS-90, deg C]
# name 14 = density00: Density [density, kg/m^3]
# name 15 = flag:  0.000e+00
# span 0 =     -0.571,      3.157       
# span 1 =     -0.010,      0.135       
# span 2 =     0.7222,    11.3835       
# span 3 =      7.326,    122.582       
# span 4 =      1.577,     90.130       
# span 5 =   1.606219,  73.829737       
# span 6 =    -1.0261,    85.6956       
# span 7 =      6.614,      9.190       
# span 8 = -1240.7455,   309.5849       
# span 9 = 6.5694e+01, 2.1192e+03       
# span 10 =   -10.5821,    34.8845      
# span 11 =     -0.560,      3.097      
# span 12 =     -0.812,      4.492      
# span 13 =    15.8650,    25.9943      
# span 14 =   996.7937,   999.0099      
# span 15 = 0.0000e+00, 0.0000e+00      
# interval = seconds: 0.25
# start_time = Jun 17 2019 11:13:43 [Instrument's time stamp, header]
# bad_flag = -9.990e-29
*END*
[from data line 633]
      3.099      0.020     2.6194     26.869     41.109  34.190189    28.7705      8.024   307.5218 7.0279e+01    17.3689      3.040      4.408    16.5835   998.8798 0.0000e+00
      3.104      0.019     2.6794     27.482     42.240  35.126753    22.4426      8.023   308.0295 7.0009e+01    16.9736      3.046      4.416    16.5713   998.8820 0.0000e+00
      3.108      0.017     2.7437     28.119     44.115  36.652020    22.9372      8.021   308.3377 6.9706e+01    16.9650      3.048      4.421    16.5712   998.8821 0.0000e+00
      3.112      0.014     2.7985     28.641     45.926  38.096985    34.6987      8.019   308.4947 6.9448e+01    17.2979      3.052      4.426    16.5759   998.8812 0.0000e+00
      3.116      0.012     2.8340     28.966     47.948  39.712134    56.3368      8.018   308.5516 6.9305e+01    17.9512      3.056      4.432    16.5801   998.8805 0.0000e+00
      3.118      0.010     2.8483     29.071     51.363  42.468414    68.1354      8.016   308.6815 6.9300e+01    18.3088      3.058      4.435    16.5906   998.8791 0.0000e+00
      3.120      0.010     2.8380     28.910     56.179  46.344116    69.2062      8.015   308.8614 6.9330e+01    18.3781      3.060      4.437    16.5538   998.8861 0.0000e+00
      3.122      0.010     2.7923     28.385     61.060  50.251195    69.3181      8.015   309.0058 6.9158e+01    18.5921      3.061      4.440    16.4691   998.9010 0.0000e+00
      3.124      0.010     2.7062     27.475     65.804  54.079624    69.5137      8.014   309.1365 6.8841e+01    20.6337      3.064      4.444    16.4072   998.9117 0.0000e+00
      3.127      0.010     2.5897     26.281     71.554  58.775159    69.8555      8.013   309.3228 6.8462e+01    24.3503      3.066      4.447    16.3571   998.9213 0.0000e+00
      3.130      0.010     2.4485     24.836     77.508  63.627549    70.0690      8.012   309.5378 6.7970e+01    26.3329      3.069      4.452    16.2566   998.9398 0.0000e+00
      3.133      0.009     2.2786     23.094     80.517  66.039797    70.4481      8.010   309.5849 6.7655e+01    26.4819      3.072      4.456    16.1286   998.9626 0.0000e+00
      3.135      0.009     2.0817     21.087     79.682  65.314795    74.4477      8.009   309.3754 6.7782e+01    26.3810      3.075      4.460    16.0708   998.9733 0.0000e+00
      3.137      0.010     1.8693     18.932     81.522  66.811398    81.7801      8.009   309.1559 6.8048e+01    26.1288      3.077      4.462    16.0736   998.9750 0.0000e+00
      3.138      0.011     1.6526     16.737     88.387  72.432273    85.6956      8.008   309.1682 6.8050e+01    25.9565      3.077      4.464    16.0518   998.9810 0.0000e+00
      3.141      0.012     1.4383     14.562     90.130  73.829737    84.9684      8.006   309.2668 6.7707e+01    25.9037      3.079      4.466    16.0004   998.9910 0.0000e+00
      3.145      0.012     1.2357     12.502     83.791  68.578818    72.8924      8.004   309.3163 6.7121e+01    25.7197      3.083      4.471    15.9712   998.9942 0.0000e+00
      3.150      0.012     1.0609     10.725     77.412  63.304789    50.6944      8.002   309.3353 6.6427e+01    25.4029      3.089      4.481    15.9724   998.9935 0.0000e+00
      3.154      0.011     0.9211      9.309     74.356  60.792504    38.5682      8.000   309.3241 6.5876e+01    25.2530      3.093      4.487    15.9767   998.9979 0.0000e+00
      3.156      0.008     0.8160      8.251     72.722  59.494890    37.1377      7.998   309.3539 6.5708e+01    25.3164      3.095      4.489    15.9617   999.0013 0.0000e+00
      3.157      0.005     0.7490      7.585     71.837  58.863456    33.2767      7.995   309.3512 6.5817e+01    25.9726      3.096      4.490    15.9142   999.0049 0.0000e+00
      3.157      0.003     0.7222      7.326     71.866  59.004257    26.3660      7.992   309.2904 6.5938e+01    27.1240      3.096      4.490    15.8720   999.0092 0.0000e+00
      3.157      0.001     0.7355      7.470     72.501  59.608868    22.6015      7.990   309.3933 6.5885e+01    27.7348      3.096      4.490    15.8650   999.0099 0.0000e+00
      3.157      0.000     0.7851      7.975     73.280  60.264023    22.2662      7.988   309.4769 6.5694e+01    27.7868      3.096      4.490    15.8860   999.0059 0.0000e+00
      3.157      0.000     0.8181      8.309     73.587  60.507416    22.2435      7.987   309.4411 6.5745e+01    27.7857      3.096      4.491    15.9573   998.9940 0.0000e+00
      3.157 -9.990e-29 -9.990e-29 -9.990e-29 -9.990e-29 -9.990e-29 -9.990e-29 -9.990e-29 -9.990e-29 6.6084e+01 -9.990e-29      3.096      4.491    16.0575   998.9779 0.0000e+00
      3.157 -9.990e-29 -9.990e-29 -9.990e-29 -9.990e-29 -9.990e-29 -9.990e-29 -9.990e-29 -9.990e-29 6.6212e+01 -9.990e-29      3.096      4.490    16.1275   998.9667 0.0000e+00
      3.157 -9.990e-29 -9.990e-29 -9.990e-29 -9.990e-29 -9.990e-29 -9.990e-29 -9.990e-29 -9.990e-29 6.6067e+01 -9.990e-29      3.096      4.490    16.1226   998.9679 0.0000e+00
      3.157 -9.990e-29 -9.990e-29 -9.990e-29 -9.990e-29 -9.990e-29 -9.990e-29 -9.990e-29 -9.990e-29 6.5983e+01 -9.990e-29      3.097      4.492    16.0937   998.9726 0.0000e+00
