Data/DataAlreadyUploadedToEDI/CollatedDataForEDI/CTDData/CTD_2019 (not collated)/061719_FCR20.cnv
* Sea-Bird SBE19plus  Data File:
* FileName = C:\DATA\061719_FCR_0005.hex
* Software version 2.8.0.119 SB_Terminal.dll
* Temperature SN = 7809
* Conductivity SN = 7809
* System UpLoad Time = Jun 17 2019 17:01:39
* <ApplicationData>
* <Seaterm232>
# nquan = 16
# nvalues = 662                         
# units = specified
# name 0 = depFM: Depth [fresh water, m]
# name 1 = dz/dtM: Descent Rate [m/s]
# name 2 = sbeox0Mg/L: Oxygen, SBE 43 [mg/l]
# name 3 = sbeox0PS: Oxygen, SBE 43 [% saturation]
# name 4 = specc: Specific Conductance [uS/cm]
# name 5 = c0uS/cm: Conductivity [uS/cm]
# name 6 = flECO-AFL: Fluorescence, WET Labs ECO-AFL/FL [mg/m^3]
# name 7 = ph: pH
# name 8 = orp: Oxidation Reduction Potential [mV]
# name 9 = par/sat/log: PAR/Logarithmic, Satlantic
# name 10 = turbWETntu0: Turbidity, WET Labs ECO [NTU]
# name 11 = prdM: Pressure, Strain Gauge [db]
# name 12 = prdE: Pressure, Strain Gauge [psi]
# name 13 = tv290C: Temperature [ITS-90, deg C]
# name 14 = density00: Density [density, kg/m^3]
# name 15 = flag:  0.000e+00
# span 0 =     -0.571,      3.157       
# span 1 =     -0.010,      0.135       
# span 2 =     0.7222,    11.3835       
# span 3 =      7.326,    122.582       
# span 4 =      1.577,     90.130       
# span 5 =   1.606219,  73.829737       
# span 6 =    -1.0261,    85.6956       
# span 7 =      6.614,      9.190       
# span 8 = -1240.7455,   309.5849       
# span 9 = 6.5694e+01, 2.1192e+03       
# span 10 =   -10.5821,    34.8845      
# span 11 =     -0.560,      3.097      
# span 12 =     -0.812,      4.492      
# span 13 =    15.8650,    25.9943      
# span 14 =   996.7937,   999.0099      
# span 15 = 0.0000e+00, 0.0000e+00      
# interval = seconds: 0.25
# start_time = Jun 17 2019 11:13:43 [Instrument's time stamp, header]
# bad_flag = -9.990e-29
*END*
[from data line 272]
      0.647      0.025     9.0728    104.670     32.980  31.298545     1.0588      8.277   259.9762 7.8393e+02     2.0603      0.635      0.921    22.4492   997.6886 0.0000e+00
      0.653      0.024     9.0770    104.727     32.970  31.292084     1.0871      8.278   260.2692 7.8650e+02     2.0595      0.640      0.928    22.4423   997.6902 0.0000e+00
      0.658      0.024     9.0808    104.781     32.963  31.289509     1.0940      8.278   260.5903 7.9556e+02     2.0159      0.645      0.935    22.4407   997.6906 0.0000e+00
      0.664      0.025     9.0802    104.783     32.937  31.267422     1.1250      8.278   260.8477 7.8221e+02     2.0244      0.651      0.944    22.4421   997.6904 0.0000e+00
      0.669      0.027     9.0812    104.797     32.881  31.215394     1.1668      8.276   261.0577 7.8821e+02     2.0639      0.656      0.952    22.4445   997.6898 0.0000e+00
      0.675      0.028     9.0895    104.884     32.835  31.168090     1.1831      8.275   261.2358 8.0482e+02     2.0665      0.662      0.960    22.4489   997.6887 0.0000e+00
      0.684      0.028     9.1010    104.996     32.812  31.139668     1.1744      8.274   261.3668 7.7977e+02     2.0240      0.669      0.972    22.4553   997.6873 0.0000e+00
      0.694      0.028     9.1076    105.048     32.806  31.125557     1.1649      8.273   261.3518 7.6278e+02     2.0086      0.681      0.987    22.4606   997.6862 0.0000e+00
      0.702      0.027     9.1037    104.983     32.811  31.124369     1.1986      8.273   261.3125 7.8033e+02     2.0450      0.689      1.000    22.4626   997.6857 0.0000e+00
      0.708      0.027     9.0915    104.831     32.816  31.125292     1.2615      8.273   261.4075 7.9156e+02     2.0708      0.694      1.007    22.4585   997.6867 0.0000e+00
      0.713      0.027     9.0782    104.669     32.831  31.136716     1.2916      8.273   261.5542 8.0117e+02     2.0579      0.698      1.013    22.4468   997.6894 0.0000e+00
      0.718      0.027     9.0658    104.519     32.833  31.135571     1.2949      8.272   261.7092 8.1712e+02     2.0194      0.703      1.020    22.4326   997.6927 0.0000e+00
      0.725      0.027     9.0526    104.356     32.811  31.111457     1.3186      8.271   261.9057 8.1884e+02     1.9989      0.710      1.030    22.4226   997.6951 0.0000e+00
      0.733      0.026     9.0382    104.179     32.801  31.098977     1.3699      8.270   262.1231 8.0051e+02     2.0398      0.719      1.043    22.4175   997.6963 0.0000e+00
      0.742      0.023     9.0257    104.027     32.818  31.111573     1.3954      8.268   262.2725 7.7776e+02     2.0551      0.729      1.056    22.4137   997.6972 0.0000e+00
      0.749      0.020     9.0176    103.930     32.845  31.136842     1.3920      8.268   262.4210 7.5894e+02     2.0211      0.736      1.067    22.4099   997.6981 0.0000e+00
      0.753      0.015     9.0142    103.898     32.858  31.150677     1.3816      8.268   262.6280 7.3720e+02     2.0212      0.740      1.072    22.4060   997.6990 0.0000e+00
      0.755      0.011     9.0171    103.941     32.856  31.151944     1.3641      8.268   262.7968 7.2422e+02     2.0553      0.741      1.074    22.3995   997.7005 0.0000e+00
      0.755      0.009     9.0262    104.053     32.853  31.152162     1.3537      8.267   262.9135 7.3394e+02     2.1064      0.741      1.075    22.3934   997.7019 0.0000e+00
      0.755      0.009     9.0383    104.198     32.852  31.153320     1.3434      8.265   263.0061 7.5181e+02     2.1149      0.741      1.074    22.3921   997.7023 0.0000e+00
      0.756      0.012     9.0497    104.327     32.867  31.165951     1.3343      8.265   263.0559 7.4488e+02     2.0928      0.741      1.075    22.3962   997.7013 0.0000e+00
      0.759      0.016     9.0577    104.407     32.884  31.177961     1.3392      8.265   262.9997 7.2103e+02     2.0687      0.743      1.078    22.4028   997.6998 0.0000e+00
      0.766      0.021     9.0606    104.431     32.880  31.171621     1.3432      8.264   263.0145 7.0790e+02     2.0193      0.750      1.088    22.4062   997.6991 0.0000e+00
      0.773      0.027     9.0573    104.390     32.929  31.216200     1.3469      8.264   263.2341 6.9672e+02     2.0195      0.759      1.101    22.4106   997.6981 0.0000e+00
      0.780      0.035     9.0499    104.292     33.060  31.336220     1.3837      8.262   263.4188 7.0162e+02     2.0059      0.764      1.110    22.4104   997.6981 0.0000e+00
      0.787      0.042     9.0418    104.158     33.158  31.417110     1.4413      8.258   263.5266 7.2002e+02     1.9207      0.770      1.117    22.3994   997.7007 0.0000e+00
      0.798      0.047     9.0344    104.021     33.193  31.432743     1.4720      8.256   263.7635 7.0612e+02     1.8744      0.780      1.130    22.3940   997.7020 0.0000e+00
      0.813      0.051     9.0315    103.949     33.238  31.461763     1.4774      8.254   264.0457 6.6390e+02     1.8394      0.796      1.154    22.3970   997.7013 0.0000e+00
      0.831      0.052     9.0405    104.025     33.303  31.514136     1.4799      8.251   264.1860 6.2090e+02     1.7934      0.815      1.182    22.3942   997.7021 0.0000e+00
      0.847      0.049     9.0655    104.285     33.359  31.558315     1.4677      8.248   264.2555 6.0504e+02     1.8417      0.830      1.204    22.3719   997.7074 0.0000e+00
      0.860      0.044     9.1036    104.699     33.361  31.551710     1.4338      8.245   264.2837 6.2851e+02     1.9651      0.844      1.224    22.3382   997.7152 0.0000e+00
      0.870      0.039     9.1461    105.172     33.310  31.497724     1.4092      8.244   264.2685 6.4279e+02     2.0392      0.856      1.241    22.3200   997.7195 0.0000e+00
      0.877      0.034     9.1846    105.610     33.289  31.476675     1.4033      8.244   264.3297 6.3574e+02     2.0501      0.861      1.248    22.3097   997.7219 0.0000e+00
      0.881      0.031     9.2161    105.971     33.301  31.487590     1.3974      8.244   264.4214 6.2334e+02     1.9979      0.863      1.252    22.2950   997.7253 0.0000e+00
      0.887      0.031     9.2397    106.233     33.320  31.502777     1.3984      8.244   264.5167 5.9914e+02     1.8997      0.868      1.259    22.2814   997.7285 0.0000e+00
      0.897      0.031     9.2575    106.420     33.358  31.533380     1.4069      8.243   264.6218 5.9639e+02     1.8462      0.878      1.274    22.2719   997.7306 0.0000e+00
      0.907      0.032     9.2718    106.566     33.372  31.540310     1.4139      8.242   264.6606 6.1518e+02     1.8096      0.890      1.291    22.2716   997.7308 0.0000e+00
      0.917      0.033     9.2796    106.645     33.358  31.523110     1.4216      8.242   264.7270 6.3151e+02     1.7522      0.900      1.305    22.2742   997.7303 0.0000e+00
      0.925      0.032     9.2804    106.644     33.353  31.515783     1.4223      8.242   264.9082 6.3830e+02     1.7420      0.907      1.316    22.2692   997.7314 0.0000e+00
      0.931      0.031     9.2769    106.594     33.356  31.515169     1.4228      8.240   265.1315 6.0278e+02     1.7840      0.913      1.324    22.2586   997.7339 0.0000e+00
      0.939      0.029     9.2725    106.535     33.360  31.515681     1.4271      8.237   265.2757 5.5106e+02     1.8016      0.920      1.334    22.2487   997.7363 0.0000e+00
      0.946      0.028     9.2668    106.466     33.368  31.521967     1.4225      8.236   265.3612 5.5212e+02     1.7912      0.929      1.346    22.2439   997.7374 0.0000e+00
      0.953      0.027     9.2570    106.351     33.375  31.527715     1.4103      8.235   265.4764 5.8011e+02     1.7893      0.935      1.356    22.2409   997.7380 0.0000e+00
      0.961      0.026     9.2457    106.217     33.370  31.521730     1.4011      8.235   265.5499 5.6194e+02     1.8122      0.941      1.366    22.2343   997.7396 0.0000e+00
      0.968      0.026     9.2388    106.132     33.362  31.513047     1.4068      8.236   265.5619 5.1215e+02     1.8709      0.951      1.379    22.2292   997.7408 0.0000e+00
      0.973      0.027     9.2370    106.107     33.335  31.486190     1.4269      8.237   265.6223 4.7450e+02     1.9093      0.955      1.385    22.2284   997.7410 0.0000e+00
      0.978      0.028     9.2380    106.112     33.300  31.450820     1.4539      8.237   265.7637 4.5099e+02     1.8831      0.959      1.390    22.2281   997.7411 0.0000e+00
      0.984      0.029     9.2420    106.148     33.320  31.466129     1.4722      8.237   265.8937 4.3710e+02     1.8163      0.965      1.399    22.2256   997.7417 0.0000e+00
      0.993      0.031     9.2469    106.199     33.338  31.480919     1.4754      8.237   265.9902 4.3196e+02     1.7893      0.973      1.411    22.2223   997.7425 0.0000e+00
      1.003      0.034     9.2510    106.246     33.294  31.439269     1.4666      8.237   266.1566 4.3586e+02     1.8188      0.984      1.428    22.2215   997.7428 0.0000e+00
      1.012      0.036     9.2529    106.266     33.260  31.406741     1.4006      8.236   266.2701 4.5094e+02     1.8135      0.992      1.440    22.2185   997.7434 0.0000e+00
      1.020      0.038     9.2538    106.260     33.263  31.404916     1.2923      8.236   266.3306 4.6650e+02     1.7908      0.999      1.450    22.2113   997.7451 0.0000e+00
      1.030      0.038     9.2566    106.267     33.285  31.417181     1.2324      8.235   266.5437 4.7110e+02     1.8056      1.009      1.465    22.2084   997.7459 0.0000e+00
      1.041      0.037     9.2573    106.257     33.302  31.428112     1.2228      8.234   266.7816 4.7767e+02     1.8291      1.022      1.481    22.2106   997.7453 0.0000e+00
      1.051      0.037     9.2536    106.208     33.286  31.410164     1.2284      8.234   266.9697 4.8750e+02     1.8446      1.032      1.496    22.2120   997.7451 0.0000e+00
      1.061      0.036     9.2514    106.179     33.267  31.390539     1.2305      8.233   267.0979 4.9247e+02     1.8629      1.040      1.509    22.2028   997.7473 0.0000e+00
      1.070      0.034     9.2543    106.210     33.258  31.381204     1.2222      8.231   267.1269 4.9681e+02     1.8536      1.049      1.522    22.1864   997.7510 0.0000e+00
      1.077      0.032     9.2624    106.302     33.236  31.360746     1.2235      8.229   267.2349 5.0803e+02     1.8297      1.056      1.532    22.1781   997.7530 0.0000e+00
      1.085      0.032     9.2753    106.447     33.208  31.333549     1.2380      8.227   267.3708 5.2607e+02     1.8366      1.064      1.543    22.1765   997.7533 0.0000e+00
      1.092      0.033     9.2871    106.575     33.182  31.306196     1.2418      8.225   267.3935 5.2911e+02     1.8389      1.071      1.554    22.1743   997.7539 0.0000e+00
      1.100      0.033     9.2953    106.654     33.164  31.283842     1.2338      8.224   267.3366 5.1594e+02     1.8246      1.078      1.564    22.1729   997.7543 0.0000e+00
      1.109      0.034     9.3032    106.722     33.139  31.253626     1.2280      8.223   267.1140 5.0400e+02     1.8276      1.087      1.576    22.1735   997.7541 0.0000e+00
      1.119      0.034     9.3083    106.752     33.086  31.194662     1.2407      8.223   266.8524 4.9590e+02     1.8748      1.098      1.591    22.1731   997.7543 0.0000e+00
      1.129      0.034     9.3092    106.734     33.040  31.142009     1.2752      8.222   266.6691 4.8891e+02     1.9044      1.108      1.607    22.1699   997.7550 0.0000e+00
      1.137      0.033     9.3067    106.683     33.030  31.124635     1.2893      8.221   266.4458 4.7974e+02     1.8573      1.115      1.618    22.1619   997.7569 0.0000e+00
      1.145      0.031     9.3012    106.606     33.021  31.111491     1.2895      8.220   266.3043 4.7644e+02     1.8299      1.123      1.629    22.1503   997.7596 0.0000e+00
      1.153      0.029     9.2969    106.548     33.022  31.109993     1.3120      8.219   266.2484 4.8559e+02     1.8346      1.131      1.641    22.1358   997.7629 0.0000e+00
      1.160      0.027     9.2959    106.532     33.019  31.106518     1.3369      8.219   266.2004 4.8964e+02     1.8161      1.138      1.651    22.1209   997.7664 0.0000e+00
      1.166      0.026     9.2945    106.508     32.983  31.069483     1.3389      8.218   266.3264 4.8121e+02     1.8031      1.143      1.658    22.1102   997.7688 0.0000e+00
      1.172      0.026     9.2891    106.432     32.959  31.042928     1.3369      8.216   266.4807 4.7667e+02     1.8084      1.149      1.666    22.1032   997.7704 0.0000e+00
      1.178      0.026     9.2801    106.312     32.961  31.039257     1.3381      8.215   266.4314 4.7224e+02     1.8144      1.156      1.676    22.0996   997.7712 0.0000e+00
      1.185      0.026     9.2710    106.189     32.953  31.025090     1.3357      8.215   266.3326 4.6333e+02     1.8104      1.162      1.686    22.0987   997.7715 0.0000e+00
      1.192      0.026     9.2613    106.058     32.932  30.998533     1.3422      8.215   266.2323 4.6231e+02     1.8257      1.169      1.696    22.0955   997.7723 0.0000e+00
      1.199      0.025     9.2457    105.860     32.910  30.971977     1.3480      8.215   266.1658 4.6451e+02     1.8357      1.175      1.705    22.0884   997.7740 0.0000e+00
      1.206      0.024     9.2206    105.558     32.900  30.957811     1.3452      8.215   266.3027 4.6100e+02     1.8002      1.183      1.716    22.0797   997.7759 0.0000e+00
      1.212      0.023     9.1849    105.135     32.901  30.954153     1.3857      8.213   266.5966 4.5362e+02     1.8549      1.189      1.725    22.0705   997.7780 0.0000e+00
      1.217      0.022     9.1418    104.628     32.877  30.927743     1.4740      8.212   266.8805 4.4591e+02     2.0054      1.193      1.731    22.0596   997.7805 0.0000e+00
      1.222      0.024     9.0974    104.104     32.845  30.892304     1.5201      8.212   267.2399 4.4429e+02     2.0477      1.199      1.739    22.0497   997.7828 0.0000e+00
      1.227      0.029     9.0515    103.554     32.869  30.906391     1.5184      8.211   267.8448 4.5226e+02     2.0061      1.203      1.746    22.0430   997.7843 0.0000e+00
      1.232      0.035     9.0021    102.947     32.953  30.971143     1.5223      8.210   268.5150 4.6121e+02     2.0262      1.206      1.751    22.0367   997.7858 0.0000e+00
      1.240      0.040     8.9528    102.331     33.045  31.040648     1.5328      8.210   269.0621 4.5975e+02     2.0946      1.213      1.760    22.0298   997.7874 0.0000e+00
      1.254      0.042     8.9083    101.774     33.139  31.112189     1.5408      8.209   269.4696 4.5530e+02     2.1115      1.229      1.780    22.0231   997.7889 0.0000e+00
      1.271      0.042     8.8730    101.331     33.249  31.201566     1.5416      8.209   269.7427 4.5860e+02     2.0660      1.248      1.810    22.0130   997.7913 0.0000e+00
      1.286      0.040     8.8523    101.064     33.360  31.296352     1.5515      8.209   269.9557 4.6308e+02     2.0365      1.263      1.833    21.9909   997.7964 0.0000e+00
      1.294      0.037     8.8563    101.083     33.448  31.369846     1.5825      8.209   270.1517 4.6586e+02     2.0500      1.271      1.843    21.9607   997.8033 0.0000e+00
      1.299      0.032     8.8987    101.541     33.482  31.392146     1.6038      8.209   270.3907 4.6675e+02     2.0655      1.274      1.848    21.9343   997.8093 0.0000e+00
      1.304      0.028     8.9821    102.468     33.473  31.375597     1.6013      8.209   270.6096 4.6489e+02     2.0593      1.278      1.854    21.9149   997.8138 0.0000e+00
      1.310      0.026     9.0946    103.736     33.463  31.360112     1.5866      8.210   270.6475 4.6017e+02     2.0736      1.284      1.862    21.9011   997.8169 0.0000e+00
      1.319      0.026     9.2245    105.207     33.504  31.395277     1.5826      8.212   270.6767 4.4638e+02     2.1078      1.293      1.875    21.8879   997.8200 0.0000e+00
