Data/DataAlreadyUploadedToEDI/CollatedDataForEDI/CTDData/CTD_2019 (not collated)/061719_FCR20.cnv
* Sea-Bird SBE19plus  Data File:
* FileName = C:\DATA\061719_FCR_0005.hex
* Software version 2.8.0.119 SB_Terminal.dll
* Temperature SN = 7809
* Conductivity SN = 7809
* System UpLoad Time = Jun 17 2019 17:01:39
* <ApplicationData>
* <Seaterm232>
# nquan = 16
# nvalues = 662                         
# units = specified
# name 0 = depFM: Depth [fresh water, m]
# name 1 = dz/dtM: Descent Rate [m/s]
# name 2 = sbeox0Mg/L: Oxygen, SBE 43 [mg/l]
# name 3 = sbeox0PS: Oxygen, SBE 43 [% saturation]
# name 4 = specc: Specific Conductance [uS/cm]
# name 5 = c0uS/cm: Conductivity [uS/cm]
# name 6 = flECO-AFL: Fluorescence, WET Labs ECO-AFL/FL [mg/m^3]
# name 7 = ph: pH
# name 8 = orp: Oxidation Reduction Potential [mV]
# name 9 = par/sat/log: PAR/Logarithmic, Satlantic
# name 10 = turbWETntu0: Turbidity, WET Labs ECO [NTU]
# name 11 = prdM: Pressure, Strain Gauge [db]
# name 12 = prdE: Pressure, Strain Gauge [psi]
# name 13 = tv290C: Temperature [ITS-90, deg C]
# name 14 = density00: Density [density, kg/m^3]
# name 15 = flag:  0.000e+00
# span 0 =     -0.571,      3.157       
# span 1 =     -0.010,      0.135       
# span 2 =     0.7222,    11.3835       
# span 3 =      7.326,    122.582       
# span 4 =      1.577,     90.130       
# span 5 =   1.606219,  73.829737       
# span 6 =    -1.0261,    85.6956       
# span 7 =      6.614,      9.190       
# span 8 = -1240.7455,   309.5849       
# span 9 = 6.5694e+01, 2.1192e+03       
# span 10 =   -10.5821,    34.8845      
# span 11 =     -0.560,      3.097      
# span 12 =     -0.812,      4.492      
# span 13 =    15.8650,    25.9943      
# span 14 =   996.7937,   999.0099      
# span 15 = 0.0000e+00, 0.0000e+00      
# interval = seconds: 0.25
# start_time = Jun 17 2019 11:13:43 [Instrument's time stamp, header]
# bad_flag = -9.990e-29
*END*
[from data line 452]
      1.884      0.031     9.6154    108.541     34.705  32.151606     1.8734      8.214   260.8902 2.2127e+02     2.5065      1.848      2.680    21.4232   997.9268 0.0000e+00
      1.894      0.032     9.6227    108.556     34.721  32.144656     1.8509      8.213   261.4423 2.1582e+02     2.4873      1.857      2.693    21.4291   997.9255 0.0000e+00
      1.904      0.032     9.6402    108.734     34.733  32.149321     1.8401      8.213   262.1042 2.1030e+02     2.4802      1.867      2.708    21.4044   997.9310 0.0000e+00
      1.913      0.031     9.6737    109.114     34.727  32.144549     1.8379      8.212   262.6117 2.0674e+02     2.4862      1.877      2.722    21.3557   997.9418 0.0000e+00
      1.921      0.029     9.7237    109.648     34.744  32.150426     1.8502      8.211   262.8463 2.0646e+02     2.5595      1.884      2.733    21.3157   997.9505 0.0000e+00
      1.927      0.027     9.7779    110.215     34.767  32.156903     1.8848      8.211   263.0488 2.0833e+02     2.6456      1.890      2.742    21.2746   997.9597 0.0000e+00
      1.932      0.026     9.8195    110.679     34.771  32.159375     1.9009      8.211   263.2527 2.0960e+02     2.6746      1.894      2.747    21.2695   997.9608 0.0000e+00
      1.938      0.024     9.8533    111.074     34.788  32.180309     1.9056      8.211   263.5917 2.0986e+02     2.6810      1.900      2.755    21.2878   997.9568 0.0000e+00
      1.945      0.024     9.8877    111.440     34.838  32.219650     1.9158      8.211   264.2212 2.1092e+02     2.7558      1.908      2.767    21.2677   997.9612 0.0000e+00
      1.952      0.024     9.9146    111.686     34.896  32.254277     1.9115      8.210   264.8414 2.1205e+02     2.8574      1.915      2.777    21.2296   997.9696 0.0000e+00
      1.958      0.024     9.9249    111.736     34.948  32.281667     1.8973      8.209   265.2398 2.1249e+02     2.8613      1.920      2.785    21.2347   997.9685 0.0000e+00
      1.963      0.024     9.9231    111.639     34.991  32.296957     1.8917      8.210   265.5967 2.1311e+02     2.8353      1.926      2.794    21.2558   997.9639 0.0000e+00
      1.969      0.023     9.9197    111.508     35.040  32.312187     1.9130      8.211   266.0592 2.1345e+02     2.8378      1.930      2.801    21.2436   997.9667 0.0000e+00
      1.975      0.023     9.9179    111.406     35.098  32.338856     1.9460      8.211   266.6159 2.1358e+02     2.8263      1.936      2.809    21.2092   997.9742 0.0000e+00
      1.982      0.023     9.9164    111.326     35.149  32.365532     1.9618      8.211   266.9936 2.1354e+02     2.8276      1.944      2.819    21.1812   997.9804 0.0000e+00
      1.987      0.024     9.9129    111.225     35.187  32.380860     1.9661      8.209   267.0130 2.1295e+02     2.8534      1.948      2.826    21.1510   997.9871 0.0000e+00
      1.992      0.027     9.9059    111.086     35.226  32.397235     1.9971      8.207   266.8494 2.1310e+02     2.9094      1.953      2.833    21.0979   997.9986 0.0000e+00
      1.998      0.029     9.8969    110.930     35.289  32.436575     2.0595      8.204   266.6499 2.1258e+02     3.0128      1.959      2.842    21.0601   998.0069 0.0000e+00
      2.006      0.031     9.8847    110.743     35.349  32.475736     2.0875      8.202   266.6665 2.1024e+02     3.0868      1.966      2.852    21.0373   998.0119 0.0000e+00
      2.016      0.033     9.8666    110.499     35.379  32.489940     2.0759      8.199   267.0498 2.0826e+02     3.0839      1.976      2.867    21.0056   998.0189 0.0000e+00
      2.025      0.035     9.8446    110.220     35.382  32.481375     2.0668      8.196   267.4125 2.0647e+02     3.0759      1.986      2.881    20.9776   998.0250 0.0000e+00
      2.035      0.036     9.8223    109.940     35.412  32.499092     2.0818      8.193   267.5241 2.0459e+02     3.1546      1.996      2.895    20.9548   998.0299 0.0000e+00
      2.044      0.036     9.7994    109.655     35.508  32.577218     2.1173      8.190   267.6249 2.0356e+02     3.2808      2.005      2.908    20.9286   998.0357 0.0000e+00
      2.052      0.036     9.7738    109.331     35.546  32.600998     2.1322      8.188   267.9432 2.0249e+02     3.3245      2.012      2.918    20.9093   998.0398 0.0000e+00
      2.062      0.035     9.7514    109.045     35.416  32.469295     2.1242      8.188   268.4469 2.0040e+02     3.2891      2.022      2.932    20.8965   998.0426 0.0000e+00
      2.072      0.035     9.7325    108.810     35.259  32.317445     2.0981      8.188   268.8977 1.9832e+02     3.2788      2.032      2.947    20.8815   998.0460 0.0000e+00
      2.081      0.034     9.7040    108.473     35.164  32.224562     2.0509      8.187   269.3501 1.9743e+02     3.3316      2.041      2.960    20.8702   998.0485 0.0000e+00
      2.089      0.033     9.6700    108.060     35.048  32.107758     2.0210      8.186   269.8727 1.9668e+02     3.4031      2.048      2.971    20.8528   998.0523 0.0000e+00
      2.097      0.032     9.6418    107.691     34.932  31.983967     2.0147      8.186   270.3113 1.9525e+02     3.4211      2.057      2.982    20.8309   998.0570 0.0000e+00
      2.104      0.031     9.6224    107.406     34.832  31.870050     1.9999      8.187   270.6103 1.9419e+02     3.3860      2.064      2.993    20.8236   998.0585 0.0000e+00
      2.111      0.030     9.6150    107.255     34.652  31.682238     1.9810      8.188   270.8201 1.9350e+02     3.3730      2.070      3.003    20.8182   998.0597 0.0000e+00
      2.119      0.030     9.6193    107.235     34.396  31.426472     1.9779      8.188   271.0414 1.9231e+02     3.3944      2.078      3.016    20.8028   998.0629 0.0000e+00
      2.128      0.030     9.6294    107.262     34.236  31.252402     1.9793      8.189   271.2215 1.9123e+02     3.4153      2.087      3.027    20.7778   998.0683 0.0000e+00
      2.135      0.029     9.6440    107.316     34.178  31.163962     1.9891      8.189   271.3635 1.9073e+02     3.3968      2.094      3.037    20.7415   998.0761 0.0000e+00
      2.143      0.029     9.6659    107.450     34.098  31.055117     2.0100      8.189   271.5532 1.8995e+02     3.3671      2.101      3.047    20.7085   998.0832 0.0000e+00
      2.150      0.028     9.6934    107.660     34.018  30.951598     2.0234      8.189   271.7080 1.8833e+02     3.3836      2.109      3.058    20.6805   998.0890 0.0000e+00
      2.157      0.027     9.7237    107.902     34.024  30.927572     2.0301      8.188   271.7725 1.8641e+02     3.4001      2.115      3.067    20.6433   998.0970 0.0000e+00
      2.163      0.027     9.7539    108.139     34.159  31.018405     2.0216      8.188   271.8165 1.8537e+02     3.3694      2.121      3.076    20.5849   998.1094 0.0000e+00
      2.170      0.027     9.7823    108.353     34.353  31.161431     1.9898      8.189   271.8962 1.8468e+02     3.4063      2.128      3.086    20.5288   998.1213 0.0000e+00
      2.177      0.026     9.8159    108.624     34.498  31.260814     1.9568      8.190   271.9622 1.8319e+02     3.5512      2.135      3.097    20.4894   998.1297 0.0000e+00
      2.185      0.025     9.8627    109.060     34.535  31.268156     1.9528      8.191   272.0972 1.8137e+02     3.6133      2.143      3.108    20.4448   998.1391 0.0000e+00
      2.192      0.024     9.9159    109.604     34.460  31.186708     1.9674      8.191   272.4102 1.7989e+02     3.5668      2.150      3.118    20.3979   998.1491 0.0000e+00
      2.197      0.023     9.9662    110.125     34.378  31.100945     1.9689      8.191   272.6499 1.7858e+02     3.4814      2.155      3.126    20.3531   998.1586 0.0000e+00
      2.202      0.021    10.0052    110.511     34.344  31.056117     1.9705      8.191   272.6729 1.7710e+02     3.4000      2.159      3.132    20.2998   998.1698 0.0000e+00
      2.207      0.020    10.0215    110.659     34.321  31.025414     1.9871      8.191   272.6874 1.7557e+02     3.3694      2.164      3.139    20.2572   998.1787 0.0000e+00
      2.212      0.018    10.0178    110.617     34.275  30.983521     1.9878      8.191   272.8252 1.7421e+02     3.3405      2.169      3.146    20.2441   998.1815 0.0000e+00
      2.217      0.018    10.0020    110.446     34.215  30.930321     1.9518      8.192   273.0483 1.7299e+02     3.3125      2.174      3.153    20.2339   998.1836 0.0000e+00
      2.222      0.019     9.9814    110.206     34.175  30.889834     1.9073      8.193   273.3195 1.7219e+02     3.2930      2.179      3.160    20.2065   998.1893 0.0000e+00
      2.226      0.020     9.9738    110.086     34.170  30.874715     1.8930      8.194   273.6097 1.7163e+02     3.3012      2.183      3.166    20.1865   998.1935 0.0000e+00
      2.230      0.023     9.9891    110.186     34.193  30.874417     1.9004      8.195   273.8900 1.7022e+02     3.3457      2.186      3.170    20.1943   998.1919 0.0000e+00
      2.235      0.025    10.0248    110.498     34.235  30.886204     1.9004      8.195   274.0410 1.6809e+02     3.4052      2.191      3.177    20.1995   998.1909 0.0000e+00
      2.242      0.027    10.0775    111.016     34.261  30.890284     1.8937      8.194   273.9726 1.6612e+02     3.4962      2.199      3.189    20.1911   998.1925 0.0000e+00
      2.251      0.029    10.1455    111.696     34.251  30.860262     1.8894      8.193   274.0096 1.6427e+02     3.5622      2.208      3.203    20.1804   998.1948 0.0000e+00
      2.260      0.029    10.2183    112.399     34.263  30.840462     1.8914      8.194   274.3156 1.6237e+02     3.5801      2.217      3.215    20.1462   998.2020 0.0000e+00
      2.267      0.029    10.2763    112.954     34.292  30.841210     1.9006      8.196   274.5760 1.6060e+02     3.5158      2.224      3.225    20.0963   998.2125 0.0000e+00
      2.274      0.029    10.3121    113.307     34.267  30.805820     1.9051      8.196   274.6620 1.5923e+02     3.3753      2.230      3.235    20.0754   998.2168 0.0000e+00
      2.281      0.030    10.3340    113.499     34.198  30.729815     1.9026      8.196   274.7540 1.5801e+02     3.3230      2.237      3.244    20.0560   998.2208 0.0000e+00
      2.287      0.032    10.3510    113.578     34.183  30.683682     1.8959      8.196   275.0001 1.5637e+02     3.3417      2.242      3.252    19.9962   998.2332 0.0000e+00
      2.295      0.035    10.3596    113.517     34.245  30.692175     1.8930      8.197   275.2282 1.5423e+02     3.4056      2.249      3.262    19.9524   998.2423 0.0000e+00
      2.305      0.037    10.3551    113.311     34.312  30.705521     1.8945      8.197   275.3607 1.5147e+02     3.5386      2.259      3.277    19.9478   998.2433 0.0000e+00
      2.317      0.038    10.3481    113.105     34.370  30.718076     1.8877      8.196   275.5699 1.4870e+02     3.6054      2.272      3.296    19.9351   998.2459 0.0000e+00
      2.328      0.038    10.3532    113.055     34.406  30.717019     1.8891      8.196   275.6920 1.4658e+02     3.5906      2.284      3.312    19.8867   998.2558 0.0000e+00
      2.338      0.037    10.3768    113.225     34.409  30.692689     1.9031      8.196   275.7185 1.4457e+02     3.5890      2.293      3.326    19.8056   998.2725 0.0000e+00
      2.347      0.034    10.4170    113.587     34.418  30.677684     1.9089      8.195   275.9772 1.4221e+02     3.5535      2.302      3.338    19.7324   998.2875 0.0000e+00
      2.354      0.030    10.4648    114.024     34.429  30.662480     1.9070      8.194   276.4109 1.3959e+02     3.4235      2.309      3.349    19.6800   998.2982 0.0000e+00
      2.361      0.026    10.5103    114.425     34.431  30.635730     1.8977      8.193   276.6601 1.3706e+02     3.2959      2.316      3.359    19.6308   998.3082 0.0000e+00
      2.368      0.023    10.5450    114.715     34.430  30.608031     1.8920      8.192   276.6671 1.3505e+02     3.2559      2.323      3.369    19.5927   998.3159 0.0000e+00
      2.374      0.020    10.5680    114.897     34.423  30.581361     1.8993      8.192   276.7546 1.3344e+02     3.2340      2.328      3.377    19.5629   998.3219 0.0000e+00
      2.378      0.018    10.5844    115.021     34.425  30.567051     1.8991      8.192   277.0289 1.3185e+02     3.1622      2.332      3.383    19.5287   998.3289 0.0000e+00
      2.382      0.018    10.5994    115.142     34.432  30.561903     1.8973      8.192   277.3166 1.3043e+02     3.1088      2.336      3.389    19.4818   998.3383 0.0000e+00
      2.386      0.019    10.6174    115.304     34.396  30.519101     1.8951      8.193   277.5661 1.2930e+02     3.0802      2.339      3.393    19.4404   998.3467 0.0000e+00
      2.390      0.021    10.6389    115.484     34.313  30.430249     1.8900      8.193   277.8942 1.2811e+02     2.9806      2.343      3.398    19.4149   998.3517 0.0000e+00
      2.395      0.024    10.6654    115.695     34.278  30.375934     1.8960      8.192   278.1866 1.2652e+02     2.8213      2.348      3.405    19.3904   998.3567 0.0000e+00
      2.402      0.026    10.7034    116.017     34.301  30.369979     1.8984      8.191   278.3478 1.2487e+02     2.6951      2.355      3.415    19.3722   998.3604 0.0000e+00
      2.410      0.028    10.7541    116.464     34.321  30.358217     1.8929      8.191   278.5530 1.2359e+02     2.6338      2.364      3.428    19.3640   998.3620 0.0000e+00
      2.418      0.029    10.8120    116.980     34.361  30.360592     1.8821      8.191   278.7757 1.2258e+02     2.6051      2.371      3.439    19.3414   998.3665 0.0000e+00
      2.426      0.029    10.8745    117.542     34.442  30.398657     1.8624      8.191   279.0607 1.2182e+02     2.5775      2.379      3.451    19.3048   998.3738 0.0000e+00
      2.434      0.028    10.9413    118.157     34.521  30.437678     1.8455      8.192   279.4180 1.2146e+02     2.5301      2.388      3.463    19.2672   998.3814 0.0000e+00
      2.440      0.028    11.0148    118.860     34.566  30.451630     1.8341      8.193   279.6539 1.2123e+02     2.4572      2.393      3.470    19.2223   998.3902 0.0000e+00
      2.445      0.027    11.1005    119.700     34.581  30.440409     1.8463      8.194   279.7616 1.2076e+02     2.3852      2.397      3.476    19.1750   998.3996 0.0000e+00
      2.452      0.027    11.1931    120.615     34.595  30.428886     1.8798      8.194   279.8599 1.2006e+02     2.3475      2.404      3.486    19.1257   998.4095 0.0000e+00
      2.460      0.028    11.2736    121.425     34.625  30.439178     1.8926      8.194   280.0689 1.1939e+02     2.3285      2.413      3.500    19.0772   998.4190 0.0000e+00
      2.468      0.029    11.3306    122.014     34.632  30.437922     1.8886      8.194   280.3092 1.1890e+02     2.2860      2.421      3.511    19.0423   998.4259 0.0000e+00
      2.475      0.029    11.3670    122.398     34.607  30.413697     1.8921      8.194   280.4426 1.1864e+02     2.2607      2.427      3.520    19.0097   998.4323 0.0000e+00
      2.482      0.029    11.3835    122.582     34.589  30.400084     1.9260      8.193   280.4765 1.1846e+02     2.2846      2.434      3.530    18.9690   998.4404 0.0000e+00
      2.490      0.029    11.3831    122.581     34.589  30.400240     1.9866      8.193   280.4608 1.1821e+02     2.3123      2.442      3.541    18.9442   998.4453 0.0000e+00
      2.497      0.029    11.3702    122.413     34.616  30.415585     2.0175      8.193   280.5118 1.1792e+02     2.3008      2.449      3.552    18.9387   998.4464 0.0000e+00
      2.504      0.029    11.3467    122.087     34.688  30.458698     2.0131      8.193   280.6626 1.1765e+02     2.2769      2.456      3.562    18.9349   998.4471 0.0000e+00
      2.512      0.028    11.3179    121.683     34.812  30.540768     2.0118      8.192   280.9066 1.1730e+02     2.3184      2.463      3.573    18.9385   998.4465 0.0000e+00
      2.519      0.027    11.2941    121.346     34.959  30.646391     2.0202      8.192   281.1392 1.1668e+02     2.4084      2.470      3.583    18.9476   998.4447 0.0000e+00
