Data/DataAlreadyUploadedToEDI/CollatedDataForEDI/CTDData/CTD_2019 (not collated)/061719_FCR20.cnv
* Sea-Bird SBE19plus  Data File:
* FileName = C:\DATA\061719_FCR_0005.hex
* Software version 2.8.0.119 SB_Terminal.dll
* Temperature SN = 7809
* Conductivity SN = 7809
* System UpLoad Time = Jun 17 2019 17:01:39
* <ApplicationData>
* <Seaterm232>
# nquan = 16
# nvalues = 662                         
# units = specified
# name 0 = depFM: Depth [fresh water, m]
# name 1 = dz/dtM: Descent Rate [m/s]
# name 2 = sbeox0Mg/L: Oxygen, SBE 43 [mg/l]
# name 3 = sbeox0PS: Oxygen, SBE 43 [% saturation]
# name 4 = specc: Specific Conductance [uS/cm]
# name 5 = c0uS/cm: Conductivity [uS/cm]
# name 6 = flECO-AFL: Fluorescence, WET Labs ECO-AFL/FL [mg/m^3]
# name 7 = ph: pH
# name 8 = orp: Oxidation Reduction Potential [mV]
# name 9 = par/sat/log: PAR/Logarithmic, Satlantic
# name 10 = turbWETntu0: Turbidity, WET Labs ECO [NTU]
# name 11 = prdM: Pressure, Strain Gauge [db]
# name 12 = prdE: Pressure, Strain Gauge [psi]
# name 13 = tv290C: Temperature [ITS-90, deg C]
# name 14 = density00: Density [density, kg/m^3]
# name 15 = flag:  0.000e+00
# span 0 =     -0.571,      3.157       
# span 1 =     -0.010,      0.135       
# span 2 =     0.7222,    11.3835       
# span 3 =      7.326,    122.582       
# span 4 =      1.577,     90.130       
# span 5 =   1.606219,  73.829737       
# span 6 =    -1.0261,    85.6956       
# span 7 =      6.614,      9.190       
# span 8 = -1240.7455,   309.5849       
# span 9 = 6.5694e+01, 2.1192e+03       
# span 10 =   -10.5821,    34.8845      
# span 11 =     -0.560,      3.097      
# span 12 =     -0.812,      4.492      
# span 13 =    15.8650,    25.9943      
# span 14 =   996.7937,   999.0099      
# span 15 = 0.0000e+00, 0.0000e+00      
# interval = seconds: 0.25
# start_time = Jun 17 2019 11:13:43 [Instrument's time stamp, header]
# bad_flag = -9.990e-29
*END*
[from data line 181]
     -0.018      0.001     7.2617     84.910     33.394  32.164476     0.7218      8.475   284.6947 6.5020e+02     1.8137     -0.018     -0.026    23.4776   997.4427 0.0000e+00
     -0.017      0.002     8.0026     93.509     33.386  32.132491     0.7429      8.474   284.6680 6.9160e+02     1.8203     -0.017     -0.024    23.4285   997.4545 0.0000e+00
     -0.016      0.002     8.7047    101.665     33.401  32.130247     0.7598      8.472   284.6685 7.1609e+02     1.8386     -0.015     -0.022    23.3070   997.4837 0.0000e+00
     -0.016      0.002     9.3099    108.705     33.419  32.137317     0.7702      8.468   284.6999 7.5891e+02     1.8374     -0.015     -0.022    23.1996   997.5094 0.0000e+00
     -0.015      0.001     9.7782    114.175     33.436  32.154506     0.7823      8.465   284.7895 8.5084e+02     1.8384     -0.015     -0.022    23.1470   997.5220 0.0000e+00
     -0.015      0.001    10.0742    117.650     33.423  32.147694     0.8019      8.463   284.8914 9.9004e+02     1.8515     -0.015     -0.021    23.1148   997.5296 0.0000e+00
     -0.015      0.001    10.1937    119.044     33.393  32.118429     0.7993      8.461   284.8991 1.1332e+03     1.8643     -0.015     -0.021    23.0885   997.5360 0.0000e+00
     -0.015      0.001    10.1683    118.719     33.401  32.117968     0.7594      8.458   284.9687 1.2424e+03     1.8622     -0.015     -0.021    23.0709   997.5401 0.0000e+00
     -0.015      0.001    10.0553    117.369     33.436  32.142103     0.7351      8.455   285.0442 1.3236e+03     1.8257     -0.015     -0.021    23.0733   997.5395 0.0000e+00
     -0.015      0.001     9.9121    115.689     33.453  32.156392     0.7483      8.452   284.7797 1.4019e+03     1.8166     -0.015     -0.021    23.0906   997.5354 0.0000e+00
     -0.014      0.001     9.7711    114.057     33.457  32.163808     0.7717      8.449   281.0832 1.4923e+03     1.8178     -0.014     -0.020    23.0918   997.5352 0.0000e+00
     -0.014      0.002     9.6481    112.639     33.456  32.168315     0.7840      8.445   273.8191 1.5887e+03     1.7746     -0.013     -0.020    23.0730   997.5396 0.0000e+00
     -0.014      0.003     9.5521    111.521     33.433  32.147442     0.7926      8.443   273.0091 1.6703e+03     1.7526     -0.014     -0.020    23.0547   997.5439 0.0000e+00
     -0.014      0.007     9.4832    110.698     33.392  32.101812     0.8062      8.443   279.8935 1.7397e+03     1.7809     -0.014     -0.020    23.0513   997.5448 0.0000e+00
     -0.013      0.013     9.4304    110.038     33.363  32.060807     0.8191      8.440   283.5796 1.8349e+03     1.7891     -0.013     -0.019    23.0611   997.5425 0.0000e+00
     -0.011      0.021     9.3819    109.400     33.358  32.032380     0.8353      8.433   278.8603 1.9464e+03     1.7216     -0.011     -0.017    23.0723   997.5398 0.0000e+00
     -0.006      0.031     9.3346    108.756     33.368  32.011907     0.8463      8.425   269.3794 2.0397e+03     1.6201     -0.007     -0.011    23.0755   997.5391 0.0000e+00
      0.003      0.040     9.2896    108.148     33.388  32.003605     0.8479      8.420   267.8927 2.0381e+03     1.5776      0.001      0.001    23.0657   997.5414 0.0000e+00
      0.018      0.047     9.2485    107.603     33.402  31.995415     0.8550      8.418   275.6833 1.9535e+03     1.6005      0.017      0.026    23.0468   997.5460 0.0000e+00
      0.034      0.053     9.2147    107.149     33.402  31.976313     0.8375      8.415   280.2026 1.8129e+03     1.6025      0.035      0.050    23.0120   997.5543 0.0000e+00
      0.048      0.055     9.1917    106.830     33.407  31.962990     0.7744      8.412   280.5482 1.5487e+03     1.5685      0.047      0.069    22.9587   997.5669 0.0000e+00
      0.063      0.053     9.1794    106.650     33.417  31.961213     0.7254      8.410   280.2066 1.4125e+03     1.5830      0.061      0.089    22.9164   997.5770 0.0000e+00
      0.078      0.050     9.1768    106.594     33.420  31.954809     0.7212      8.407   275.1256 1.4276e+03     1.6141      0.076      0.111    22.8902   997.5832 0.0000e+00
      0.091      0.050     9.1862    106.682     33.421  31.949013     0.7317      8.403   265.7475 1.3797e+03     1.6496      0.091      0.132    22.8578   997.5909 0.0000e+00
      0.100      0.050     9.2073    106.907     33.433  31.954573     0.7312      8.398   259.9120 1.4742e+03     1.7500      0.100      0.145    22.8309   997.5974 0.0000e+00
      0.108      0.050     9.2321    107.177     33.444  31.958574     0.7234      8.394   258.4287 1.7063e+03     1.8127      0.102      0.148    22.8143   997.6013 0.0000e+00
      0.123      0.045     9.2520    107.392     33.423  31.933921     0.7242      8.393   257.7931 1.6891e+03     1.8179      0.116      0.170    22.8002   997.6046 0.0000e+00
      0.142      0.038     9.2622    107.502     33.402  31.910316     0.7329      8.392   257.4762 1.4643e+03     1.8449      0.142      0.206    22.7914   997.6068 0.0000e+00
      0.156      0.030     9.2609    107.486     33.420  31.926998     0.7420      8.391   257.1785 1.3683e+03     1.8778      0.157      0.227    22.7830   997.6088 0.0000e+00
      0.161      0.020     9.2513    107.383     33.435  31.945249     0.7385      8.389   256.6890 1.3769e+03     1.8868      0.161      0.233    22.7720   997.6115 0.0000e+00
      0.160      0.012     9.2363    107.225     33.425  31.940614     0.7258      8.387   256.2033 1.4032e+03     1.8565      0.158      0.229    22.7644   997.6132 0.0000e+00
      0.156      0.007     9.2172    107.019     33.414  31.934417     0.7440      8.385   256.0381 1.4515e+03     1.8387      0.152      0.221    22.7604   997.6141 0.0000e+00
      0.153      0.005     9.1948    106.767     33.410  31.933792     0.7853      8.383   255.9817 1.4395e+03     1.8685      0.147      0.214    22.7591   997.6145 0.0000e+00
      0.155      0.006     9.1692    106.470     33.409  31.933063     0.7916      8.381   255.7795 1.3680e+03     1.8555      0.149      0.217    22.7642   997.6132 0.0000e+00
      0.163      0.006     9.1447    106.184     33.402  31.925599     0.7766      8.380   255.4855 1.2876e+03     1.7805      0.160      0.232    22.7742   997.6109 0.0000e+00
      0.170      0.006     9.1285    105.997     33.383  31.907005     0.7776      8.378   255.2665 1.2389e+03     1.7475      0.168      0.245    22.7824   997.6090 0.0000e+00
      0.171      0.006     9.1250    105.958     33.373  31.898616     0.7784      8.376   255.1120 1.2880e+03     1.7845      0.169      0.245    22.7858   997.6082 0.0000e+00
      0.167      0.010     9.1323    106.040     33.362  31.887627     0.7600      8.371   254.9080 1.3633e+03     1.8343      0.165      0.238    22.7849   997.6084 0.0000e+00
      0.162      0.016     9.1453    106.174     33.316  31.837590     0.7371      8.362   254.6918 1.3725e+03     1.8584      0.158      0.229    22.7838   997.6087 0.0000e+00
      0.162      0.021     9.1575    106.280     33.290  31.801276     0.7265      8.355   254.5629 1.3970e+03     1.8463      0.154      0.224    22.7843   997.6085 0.0000e+00
      0.172      0.026     9.1663    106.346     33.332  31.829287     0.7275      8.353   254.5541 1.4146e+03     1.8193      0.164      0.238    22.7863   997.6080 0.0000e+00
      0.191      0.030     9.1740    106.417     33.370  31.858974     0.7317      8.353   254.5851 1.3138e+03     1.8267      0.187      0.272    22.7865   997.6082 0.0000e+00
      0.206      0.031     9.1819    106.504     33.355  31.842915     0.7345      8.353   254.6806 1.2237e+03     1.8372      0.207      0.301    22.7799   997.6098 0.0000e+00
      0.211      0.027     9.1878    106.571     33.337  31.825495     0.7349      8.351   254.8485 1.2104e+03     1.8157      0.210      0.305    22.7595   997.6146 0.0000e+00
      0.210      0.019     9.1876    106.566     33.351  31.838725     0.7459      8.349   254.8930 1.3035e+03     1.8292      0.203      0.295    22.7359   997.6201 0.0000e+00
      0.211      0.010     9.1833    106.521     33.388  31.875956     0.7803      8.349   254.8755 1.4504e+03     1.8682      0.205      0.298    22.7283   997.6219 0.0000e+00
      0.216      0.005     9.1824    106.522     33.404  31.894912     0.8035      8.349   254.9801 1.4539e+03     1.8620      0.214      0.310    22.7287   997.6218 0.0000e+00
      0.219      0.006     9.1899    106.620     33.382  31.877557     0.8006      8.349   255.0391 1.3913e+03     1.8200      0.216      0.314    22.7280   997.6219 0.0000e+00
      0.217      0.009     9.2044    106.791     33.359  31.856494     0.8148      8.347   254.9015 1.3447e+03     1.7525      0.212      0.308    22.7263   997.6224 0.0000e+00
      0.215      0.015     9.2200    106.967     33.334  31.830612     0.8547      8.344   254.7788 1.3107e+03     1.6695      0.208      0.303    22.7275   997.6221 0.0000e+00
      0.218      0.028     9.2338    107.114     33.259  31.754986     0.8748      8.339   254.7603 1.2755e+03     1.6351      0.212      0.307    22.7359   997.6202 0.0000e+00
      0.225      0.047     9.2468    107.234     33.149  31.640121     0.8592      8.333   254.7635 1.2406e+03     1.6324      0.220      0.320    22.7432   997.6184 0.0000e+00
      0.234      0.066     9.2582    107.303     33.112  31.584014     0.8300      8.326   254.8183 1.2286e+03     1.6699      0.228      0.329    22.7435   997.6184 0.0000e+00
      0.253      0.079     9.2613    107.259     33.139  31.584226     0.8075      8.322   254.8198 1.1696e+03     1.7604      0.241      0.348    22.7396   997.6194 0.0000e+00
      0.288      0.084     9.2513    107.076     33.157  31.579195     0.7955      8.322   254.7813 1.1415e+03     1.8093      0.281      0.408    22.7355   997.6205 0.0000e+00
      0.324      0.082     9.2288    106.772     33.180  31.586602     0.7898      8.324   254.8700 1.2418e+03     1.8345      0.325      0.472    22.7250   997.6231 0.0000e+00
      0.347      0.076     9.2001    106.415     33.214  31.610307     0.7908      8.324   255.0315 1.5262e+03     1.8691      0.343      0.497    22.6919   997.6309 0.0000e+00
      0.358      0.066     9.1734    106.095     33.219  31.611971     0.7895      8.323   255.0995 1.6787e+03     1.9319      0.353      0.511    22.6442   997.6422 0.0000e+00
      0.366      0.055     9.1521    105.841     33.216  31.606712     0.7828      8.322   255.1759 1.3551e+03     2.0041      0.359      0.520    22.6094   997.6503 0.0000e+00
      0.374      0.047     9.1338    105.616     33.224  31.610183     0.7791      8.321   255.4390 1.0927e+03     2.0206      0.364      0.529    22.5924   997.6542 0.0000e+00
      0.388      0.043     9.1173    105.411     33.209  31.590476     0.7891      8.319   255.7000 1.1768e+03     2.0338      0.379      0.550    22.5782   997.6577 0.0000e+00
      0.403      0.042     9.1056    105.262     33.180  31.558799     0.8336      8.318   255.7496 1.2531e+03     1.9999      0.397      0.576    22.5738   997.6588 0.0000e+00
      0.415      0.040     9.0970    105.149     33.170  31.544453     0.8919      8.316   255.7810 1.2284e+03     1.9057      0.408      0.591    22.5744   997.6587 0.0000e+00
      0.424      0.037     9.0857    105.005     33.173  31.543933     0.9136      8.314   255.9931 1.1601e+03     1.8775      0.415      0.602    22.5656   997.6607 0.0000e+00
      0.432      0.033     9.0693    104.805     33.186  31.552508     0.9132      8.313   256.2489 1.0171e+03     1.8893      0.425      0.616    22.5577   997.6626 0.0000e+00
      0.438      0.033     9.0490    104.565     33.221  31.584668     0.9134      8.313   256.4646 8.9571e+02     1.8512      0.430      0.623    22.5514   997.6641 0.0000e+00
      0.443      0.036     9.0290    104.343     33.251  31.615485     0.9165      8.312   256.6230 8.9961e+02     1.7771      0.433      0.628    22.5444   997.6657 0.0000e+00
      0.451      0.040     9.0166    104.218     33.237  31.607838     0.9245      8.311   256.7875 9.6304e+02     1.7471      0.440      0.639    22.5384   997.6671 0.0000e+00
      0.463      0.044     9.0154    104.215     33.178  31.555666     0.9234      8.309   256.9901 9.8661e+02     1.7839      0.452      0.655    22.5323   997.6686 0.0000e+00
      0.478      0.045     9.0239    104.309     33.113  31.492334     0.9027      8.306   257.0951 9.3330e+02     1.8618      0.469      0.680    22.5275   997.6698 0.0000e+00
      0.494      0.044     9.0399    104.474     33.103  31.476665     0.8658      8.303   257.1956 8.7032e+02     1.9682      0.487      0.706    22.5326   997.6687 0.0000e+00
      0.506      0.039     9.0568    104.648     33.128  31.493125     0.8416      8.300   257.3451 8.4612e+02     2.0539      0.498      0.722    22.5456   997.6658 0.0000e+00
      0.515      0.031     9.0684    104.769     33.141  31.500963     0.8435      8.297   257.4402 8.5780e+02     2.0777      0.505      0.733    22.5530   997.6640 0.0000e+00
      0.521      0.024     9.0737    104.826     33.151  31.507969     0.8708      8.296   257.4847 8.8360e+02     1.9947      0.512      0.743    22.5507   997.6645 0.0000e+00
      0.524      0.019     9.0728    104.817     33.157  31.514380     0.9030      8.296   257.5392 8.8120e+02     1.8693      0.515      0.747    22.5383   997.6674 0.0000e+00
      0.526      0.017     9.0663    104.748     33.155  31.515014     0.9042      8.295   257.6688 8.4709e+02     1.8397      0.515      0.747    22.5246   997.6707 0.0000e+00
      0.528      0.018     9.0553    104.632     33.151  31.515638     0.9018      8.294   257.8475 7.9371e+02     1.8658      0.517      0.750    22.5184   997.6721 0.0000e+00
      0.532      0.021     9.0426    104.494     33.155  31.521931     0.9173      8.293   257.9787 6.8794e+02     1.8578      0.520      0.755    22.5173   997.6724 0.0000e+00
      0.539      0.025     9.0317    104.374     33.159  31.527659     0.9355      8.292   257.9651 5.5753e+02     1.8087      0.526      0.764    22.5175   997.6724 0.0000e+00
      0.548      0.029     9.0266    104.320     33.150  31.521443     0.9572      8.292   257.9408 4.7472e+02     1.7641      0.537      0.779    22.5208   997.6716 0.0000e+00
      0.557      0.031     9.0299    104.360     33.138  31.510224     0.9640      8.291   258.1145 4.3465e+02     1.7770      0.547      0.793    22.5280   997.6700 0.0000e+00
      0.564      0.033     9.0422    104.497     33.083  31.455468     0.9569      8.288   258.3454 4.2295e+02     1.8340      0.553      0.802    22.5329   997.6689 0.0000e+00
      0.571      0.034     9.0600    104.688     32.995  31.367044     0.9754      8.286   258.4953 4.3825e+02     1.8954      0.559      0.811    22.5345   997.6686 0.0000e+00
      0.580      0.034     9.0780    104.864     32.966  31.329478     1.0228      8.285   258.7219 4.7089e+02     1.9626      0.569      0.825    22.5383   997.6677 0.0000e+00
      0.589      0.035     9.0905    104.968     32.969  31.318520     1.0532      8.283   259.0200 5.0217e+02     1.9906      0.578      0.838    22.5389   997.6676 0.0000e+00
      0.598      0.035     9.0938    104.970     32.960  31.297993     1.0477      8.281   259.1748 5.1897e+02     2.0046      0.586      0.850    22.5360   997.6683 0.0000e+00
      0.608      0.035     9.0918    104.920     32.941  31.271641     1.0254      8.280   259.3028 5.5739e+02     2.0663      0.597      0.865    22.5328   997.6691 0.0000e+00
      0.617      0.034     9.0892    104.870     32.929  31.253708     0.9916      8.279   259.5351 6.3098e+02     2.0813      0.606      0.878    22.5148   997.6732 0.0000e+00
      0.626      0.032     9.0857    104.816     32.952  31.271525     0.9683      8.277   259.6601 7.0023e+02     2.0219      0.614      0.890    22.4899   997.6791 0.0000e+00
      0.634      0.029     9.0802    104.748     32.981  31.296692     0.9699      8.277   259.6963 7.5295e+02     1.9713      0.622      0.902    22.4722   997.6832 0.0000e+00
