Data/DataAlreadyUploadedToEDI/CollatedDataForEDI/CTDData/CTD_2019 (not collated)/062419_fcr30.cnv
* Sea-Bird SBE19plus  Data File:
* FileName = C:\DATA\062419_fcr50_0005.hex
* Software version 2.8.0.119 SB_Terminal.dll
* Temperature SN = 7809
* Conductivity SN = 7809
* System UpLoad Time = Jun 24 2019 17:08:33
* <ApplicationData>
* <Seaterm232>
# nquan = 16
# nvalues = 439                         
# units = specified
# name 0 = depFM: Depth [fresh water, m]
# name 1 = dz/dtM: Descent Rate [m/s]
# name 2 = sbeox0Mg/L: Oxygen, SBE 43 [mg/l]
# name 3 = sbeox0PS: Oxygen, SBE 43 [% saturation]
# name 4 = specc: Specific Conductance [uS/cm]
# name 5 = c0uS/cm: Conductivity [uS/cm]
# name 6 = flECO-AFL: Fluorescence, WET Labs ECO-AFL/FL [mg/m^3]
# name 7 = ph: pH
# name 8 = orp: Oxidation Reduction Potential [mV]
# name 9 = par/sat/log: PAR/Logarithmic, Satlantic
# name 10 = turbWETntu0: Turbidity, WET Labs ECO [NTU]
# name 11 = prdM: Pressure, Strain Gauge [db]
# name 12 = prdE: Pressure, Strain Gauge [psi]
# name 13 = tv290C: Temperature [ITS-90, deg C]
# name 14 = density00: Density [density, kg/m^3]
# name 15 = flag:  0.000e+00
# span 0 =     -0.608,      5.202       
# span 1 =     -0.102,      0.177       
# span 2 =     0.4211,    11.6699       
# span 3 =      3.883,    130.384       
# span 4 =      1.099,     39.625       
# span 5 =   1.078170,  34.333522       
# span 6 =    -2.2573,     4.3710       
# span 7 =      6.965,      9.970       
# span 8 = -1240.7455,   279.1446       
# span 9 = 8.2972e+00, 2.1216e+03       
# span 10 =    -0.5579,    20.8559      
# span 11 =     -0.597,      5.102      
# span 12 =     -0.865,      7.400      
# span 13 =    10.6130,    24.8162      
# span 14 =   997.1096,   999.6846      
# span 15 = 0.0000e+00, 0.0000e+00      
# interval = seconds: 0.25
# start_time = Jun 24 2019 11:41:50 [Instrument's time stamp, header]
# bad_flag = -9.990e-29
*END*
[from data line 272]
      1.158      0.081     9.9808    116.538     34.572  33.246128     1.8690      8.374   216.5887 6.4627e+01     1.9792      1.133      1.645    23.2804   997.4957 0.0000e+00
      1.185      0.084    10.0618    117.388     34.597  33.240248     1.8756      8.374   216.3598 6.5295e+01     2.0457      1.162      1.685    23.2519   997.5026 0.0000e+00
      1.211      0.084    10.1314    118.127     34.624  33.244358     1.8926      8.375   216.3761 6.5899e+01     2.0421      1.190      1.725    23.1916   997.5171 0.0000e+00
      1.236      0.078    10.1931    118.812     34.623  33.232318     1.8843      8.376   216.5281 6.6282e+01     1.9688      1.213      1.760    23.1249   997.5332 0.0000e+00
      1.256      0.067    10.2491    119.467     34.611  33.221583     1.8448      8.376   216.6500 6.6447e+01     1.8801      1.233      1.788    23.0745   997.5452 0.0000e+00
      1.271      0.054    10.3017    120.087     34.630  33.241481     1.8222      8.376   216.7305 6.6560e+01     1.8544      1.247      1.809    23.0322   997.5554 0.0000e+00
      1.281      0.044    10.3504    120.647     34.675  33.282524     1.8274      8.377   216.7270 6.6674e+01     1.8217      1.257      1.824    22.9939   997.5645 0.0000e+00
      1.288      0.038    10.3889    121.092     34.667  33.273590     1.8302      8.377   216.7798 6.6817e+01     1.7801      1.265      1.834    22.9785   997.5682 0.0000e+00
      1.293      0.038    10.4182    121.434     34.587  33.196930     1.8383      8.376   216.9389 6.7045e+01     1.7773      1.267      1.838    22.9881   997.5660 0.0000e+00
      1.298      0.044    10.4431    121.701     34.511  33.117180     1.8728      8.374   217.0154 6.7410e+01     1.7873      1.271      1.844    22.9928   997.5648 0.0000e+00
      1.308      0.054    10.4614    121.845     34.484  33.070872     1.8928      8.373   217.0169 6.7995e+01     1.8033      1.282      1.858    22.9862   997.5665 0.0000e+00
      1.324      0.065    10.4693    121.845     34.524  33.081220     1.8903      8.373   217.0431 6.8711e+01     1.8063      1.296      1.880    22.9825   997.5674 0.0000e+00
      1.344      0.073    10.4676    121.745     34.585  33.115322     1.9368      8.373   217.0739 6.9319e+01     1.8565      1.316      1.908    22.9879   997.5661 0.0000e+00
      1.369      0.080    10.4637    121.647     34.588  33.102396     2.0213      8.372   217.2173 6.9786e+01     1.9511      1.343      1.946    22.9843   997.5671 0.0000e+00
      1.395      0.088    10.4715    121.703     34.546  33.051836     2.0631      8.369   217.5721 7.0069e+01     2.0005      1.370      1.988    22.9496   997.5754 0.0000e+00
      1.415      0.100    10.5010    122.004     34.517  33.011679     2.0694      8.364   217.7506 7.0112e+01     2.0279      1.390      2.016    22.9014   997.5870 0.0000e+00
      1.430      0.110    10.5487    122.476     34.527  32.997617     2.0889      8.362   217.5680 7.0342e+01     2.0528      1.400      2.032    22.8652   997.5956 0.0000e+00
      1.454      0.113    10.5999    122.950     34.576  33.008703     2.1164      8.363   217.4296 7.0951e+01     2.0720      1.417      2.056    22.8442   997.6005 0.0000e+00
      1.494      0.108    10.6386    123.302     34.617  33.018747     2.1236      8.365   217.3676 7.1411e+01     2.0632      1.461      2.118    22.8332   997.6034 0.0000e+00
      1.543      0.099    10.6531    123.442     34.597  32.992085     2.1247      8.367   217.4206 7.1370e+01     2.0448      1.521      2.205    22.8220   997.6062 0.0000e+00
      1.576      0.089    10.6434    123.320     34.546  32.940172     2.1726      8.368   217.7259 7.1040e+01     2.0469      1.557      2.258    22.7892   997.6141 0.0000e+00
      1.584      0.076    10.6183    122.948     34.528  32.898759     2.2525      8.368   217.9622 7.1012e+01     2.0219      1.554      2.255    22.7248   997.6292 0.0000e+00
      1.584      0.060    10.5799    122.357     34.545  32.872094     2.2927      8.369   218.0403 7.1552e+01     2.0044      1.548      2.245    22.6703   997.6419 0.0000e+00
      1.594      0.048    10.5277    121.627     34.584  32.871546     2.3040      8.372   218.1548 7.2218e+01     2.0327      1.560      2.261    22.6703   997.6419 0.0000e+00
      1.612      0.044    10.4687    120.885     34.625  32.892073     2.3450      8.373   218.3130 7.2546e+01     2.0692      1.581      2.292    22.6867   997.6382 0.0000e+00
      1.629      0.050    10.4127    120.210     34.607  32.866425     2.4067      8.372   218.5768 7.2618e+01     2.0529      1.601      2.321    22.6493   997.6470 0.0000e+00
      1.639      0.061    10.3695    119.628     34.579  32.815270     2.4339      8.369   219.0215 7.2771e+01     1.9992      1.610      2.335    22.5681   997.6660 0.0000e+00
      1.646      0.074    10.3424    119.127     34.603  32.781213     2.4314      8.367   219.4730 7.3111e+01     2.0100      1.612      2.338    22.5063   997.6804 0.0000e+00
      1.658      0.088    10.3266    118.695     34.607  32.708412     2.4380      8.365   219.8206 7.3486e+01     2.0192      1.622      2.353    22.4860   997.6851 0.0000e+00
      1.683      0.099    10.3225    118.412     34.603  32.632995     2.4872      8.365   220.2123 7.3721e+01     2.0447      1.645      2.387    22.4894   997.6844 0.0000e+00
      1.720      0.106    10.3389    118.424     34.589  32.567314     2.5663      8.367   220.7683 7.3857e+01     2.1546      1.684      2.442    22.4665   997.6899 0.0000e+00
      1.763      0.108    10.3854    118.847     34.470  32.421870     2.6057      8.368   221.2087 7.4013e+01     2.2340      1.733      2.514    22.3718   997.7120 0.0000e+00
      1.797      0.107    10.4651    119.665     34.271  32.207047     2.6087      8.369   221.3209 7.4169e+01     2.2840      1.768      2.566    22.2466   997.7409 0.0000e+00
      1.815      0.106    10.5726    120.744     34.098  32.000563     2.6456      8.370   221.3508 7.4256e+01     2.3653      1.782      2.584    22.1391   997.7655 0.0000e+00
      1.828      0.108    10.6946    121.923     33.981  31.828990     2.7138      8.368   221.3978 7.4267e+01     2.4631      1.790      2.597    22.0588   997.7839 0.0000e+00
      1.848      0.116    10.8205    123.097     33.875  31.655471     2.7397      8.368   221.5448 7.4231e+01     2.5159      1.809      2.623    22.0194   997.7929 0.0000e+00
      1.879      0.131    10.9448    124.219     33.785  31.488896     2.7337      8.371   221.8375 7.4106e+01     2.5121      1.838      2.665    21.9944   997.7987 0.0000e+00
      1.919      0.147    11.0568    125.188     33.713  31.337800     2.7796      8.374   221.9261 7.3816e+01     2.5489      1.879      2.726    21.9295   997.8135 0.0000e+00
      1.966      0.157    11.1535    125.990     33.678  31.224506     2.8691      8.375   221.5836 7.3428e+01     2.6324      1.929      2.797    21.8322   997.8356 0.0000e+00
      2.014      0.155    11.2443    126.744     33.729  31.197719     2.9142      8.377   221.0523 7.3026e+01     2.6384      1.976      2.866    21.7236   997.8602 0.0000e+00
      2.059      0.142    11.3370    127.571     33.801  31.204184     2.9094      8.379   220.6640 7.2596e+01     2.5876      2.021      2.931    21.5977   997.8885 0.0000e+00
      2.099      0.123    11.4308    128.502     33.806  31.175683     2.8377      8.382   220.5884 7.2181e+01     2.5095      2.064      2.993    21.4704   997.9170 0.0000e+00
      2.127      0.106    11.5159    129.398     33.748  31.106883     2.7052      8.383   220.9122 7.1809e+01     2.3822      2.092      3.034    21.3501   997.9436 0.0000e+00
      2.142      0.097    11.5833    130.057     33.668  31.006877     2.6350      8.381   221.5682 7.1469e+01     2.2940      2.103      3.049    21.2367   997.9686 0.0000e+00
      2.153      0.099    11.6298    130.382     33.559  30.854855     2.6219      8.376   222.4112 7.1126e+01     2.2624      2.109      3.059    21.1385   997.9900 0.0000e+00
      2.169      0.114    11.6584    130.384     33.513  30.728198     2.5719      8.372   223.6198 7.0616e+01     2.3276      2.122      3.077    21.0911   998.0005 0.0000e+00
      2.198      0.135    11.6699    130.059     33.661  30.744456     2.4984      8.369   225.5978 6.9838e+01     2.4599      2.150      3.119    21.0906   998.0007 0.0000e+00
      2.240      0.153    11.6575    129.384     33.875  30.797436     2.4533      8.368   227.7433 6.8756e+01     2.5192      2.193      3.181    21.0566   998.0083 0.0000e+00
      2.293      0.158    11.6200    128.503     34.011  30.797487     2.4336      8.369   228.9973 6.7338e+01     2.5197      2.246      3.257    20.9814   998.0248 0.0000e+00
      2.350      0.150    11.5746    127.740     34.101  30.808359     2.4260      8.370   229.6604 6.5964e+01     2.4989      2.308      3.347    20.8607   998.0511 0.0000e+00
      2.399      0.133    11.5448    127.288     34.131  30.801889     2.4309      8.373   230.4269 6.5181e+01     2.3330      2.362      3.427    20.6791   998.0904 0.0000e+00
      2.425      0.113    11.5345    127.064     34.142  30.782680     2.4403      8.373   231.1237 6.4871e+01     2.0206      2.385      3.460    20.4456   998.1400 0.0000e+00
      2.435      0.098    11.5349    126.954     34.229  30.829877     2.4438      8.370   231.7184 6.4606e+01     1.8357      2.388      3.463    20.2304   998.1852 0.0000e+00
      2.444      0.095    11.5458    126.870     34.401  30.928327     2.4476      8.366   232.8857 6.4219e+01     1.8346      2.394      3.472    20.1461   998.2028 0.0000e+00
      2.460      0.106    11.5639    126.599     34.648  31.021129     2.5029      8.363   234.4821 6.3558e+01     1.8433      2.407      3.492    20.1260   998.2071 0.0000e+00
      2.489      0.128    11.5685    125.948     34.913  31.063393     2.6096      8.360   235.7901 6.2600e+01     1.8099      2.436      3.533    20.0712   998.2186 0.0000e+00
      2.530      0.150    11.5297    124.813     35.131  31.058342     2.6806      8.359   237.0857 6.1537e+01     1.7909      2.480      3.597    20.0329   998.2267 0.0000e+00
      2.579      0.160    11.4164    123.028     35.343  31.086692     2.7022      8.360   238.2746 6.0510e+01     1.8111      2.529      3.667    19.9976   998.2342 0.0000e+00
      2.632      0.159    11.2168    120.515     35.682  31.279047     2.7665      8.360   238.8936 5.9439e+01     1.7260      2.578      3.740    19.8036   998.2744 0.0000e+00
      2.683      0.154    10.9467    117.384     35.990  31.480253     2.8941      8.357   239.4932 5.8529e+01     1.5153      2.637      3.824    19.4798   998.3402 0.0000e+00
      2.720      0.151    10.6288    113.738     36.013  31.425289     2.9715      8.353   240.6201 5.8150e+01     1.3936      2.676      3.881    19.1778   998.4007 0.0000e+00
      2.740      0.155    10.2943    109.770     36.029  31.312434     2.9905      8.350   241.8501 5.7827e+01     1.3696      2.686      3.895    18.9430   998.4469 0.0000e+00
      2.761      0.160     9.9604    105.656     36.181  31.257806     3.1247      8.349   242.5775 5.7028e+01     1.3551      2.700      3.916    18.8061   998.4735 0.0000e+00
      2.803      0.164     9.6071    101.344     36.277  31.145275     3.3721      8.348   242.8766 5.5853e+01     1.3491      2.740      3.975    18.7316   998.4883 0.0000e+00
      2.864      0.164     9.2212     96.859     36.317  31.030336     3.5186      8.347   243.1432 5.4604e+01     1.3628      2.808      4.072    18.6550   998.5033 0.0000e+00
      2.926      0.159     8.8128     92.346     36.317  30.946652     3.5347      8.346   243.6500 5.3678e+01     1.3898      2.878      4.174    18.4881   998.5355 0.0000e+00
      2.971      0.144     8.3911     87.833     36.300  30.894830     3.4543      8.345   244.4441 5.3146e+01     1.3810      2.920      4.236    18.1977   998.5905 0.0000e+00
      3.000      0.122     7.9862     83.544     36.568  31.101731     3.3096      8.343   245.3452 5.2753e+01     1.3547      2.944      4.270    17.8934   998.6470 0.0000e+00
      3.019      0.102     7.6536     79.975     37.063  31.481079     3.2333      8.341   246.0276 5.2468e+01     1.3338      2.963      4.298    17.6798   998.6861 0.0000e+00
      3.031      0.091     7.4185     77.327     36.944  31.293280     3.2334      8.339   246.3268 5.2300e+01     1.3253      2.972      4.311    17.5803   998.7041 0.0000e+00
      3.044      0.089     7.2706     75.503     36.440  30.734628     3.2324      8.339   246.6403 5.1988e+01     1.3498      2.980      4.322    17.5422   998.7110 0.0000e+00
      3.069      0.089     7.1811     74.284     36.551  30.691186     3.1870      8.338   247.2372 5.1414e+01     1.5325      3.006      4.359    17.5308   998.7131 0.0000e+00
      3.103      0.089     7.0905     73.172     36.891  30.894818     3.1265      8.336   247.7791 5.0786e+01     1.8623      3.043      4.413    17.4948   998.7201 0.0000e+00
      3.136      0.089     6.9691     71.897     36.621  30.658416     3.0991      8.333   248.2020 5.0390e+01     2.0274      3.079      4.466    17.3697   998.7425 0.0000e+00
      3.158      0.087     6.8519     70.702     35.967  30.117217     3.0994      8.330   248.5654 5.0276e+01     2.0217      3.102      4.500    17.1735   998.7769 0.0000e+00
      3.169      0.084     6.7612     69.664     35.658  29.808305     3.1207      8.326   248.8169 5.0123e+01     2.1530      3.107      4.508    16.9538   998.8154 0.0000e+00
      3.182      0.083     6.6866     68.657     35.535  29.588399     3.1491      8.324   249.0919 4.9795e+01     2.4027      3.116      4.520    16.8208   998.8386 0.0000e+00
      3.202      0.085     6.6356     67.819     35.219  29.171378     3.1650      8.323   249.4819 4.9382e+01     2.5172      3.139      4.552    16.8451   998.8344 0.0000e+00
      3.229      0.092     6.6346     67.479     34.998  28.826807     3.1741      8.323   250.0043 4.8912e+01     2.5212      3.166      4.592    16.9034   998.8242 0.0000e+00
      3.257      0.102     6.6951     67.796     34.891  28.594552     3.2247      8.323   250.5899 4.8459e+01     2.5172      3.194      4.633    16.8326   998.8364 0.0000e+00
      3.284      0.108     6.8000     68.578     34.807  28.393393     3.3084      8.324   251.2276 4.7981e+01     2.5018      3.220      4.669    16.6405   998.8694 0.0000e+00
      3.311      0.110     6.9235     69.531     34.858  28.297910     3.3454      8.325   251.8642 4.7331e+01     2.4988      3.246      4.708    16.4156   998.9071 0.0000e+00
      3.341      0.108     7.0461     70.499     34.968  28.264731     3.3509      8.325   252.3507 4.6496e+01     2.4809      3.276      4.751    16.1641   998.9488 0.0000e+00
      3.371      0.103     7.1542     71.379     35.060  28.245871     3.3924      8.327   252.8086 4.5702e+01     2.4168      3.307      4.795    15.9626   998.9819 0.0000e+00
      3.398      0.098     7.2422     72.086     35.096  28.196666     3.4482      8.328   253.4425 4.5117e+01     2.3138      3.335      4.837    15.7960   999.0088 0.0000e+00
      3.422      0.094     7.3024     72.501     35.016  28.050405     3.4705      8.327   254.1631 4.4649e+01     2.2188      3.357      4.869    15.5750   999.0440 0.0000e+00
      3.442      0.093     7.3233     72.483     34.841  27.809730     3.4886      8.327   254.8109 4.4229e+01     2.1851      3.375      4.896    15.3899   999.0731 0.0000e+00
      3.462      0.096     7.3025     72.012     34.690  27.570641     3.6843      8.326   255.3380 4.3807e+01     2.1688      3.394      4.922    15.2734   999.0912 0.0000e+00
      3.483      0.103     7.2440     71.161     34.685  27.443526     4.0508      8.326   255.7184 4.3209e+01     2.1200      3.413      4.950    15.1704   999.1070 0.0000e+00
