Data/DataAlreadyUploadedToEDI/CollatedDataForEDI/CTDData/CTD_2019 (not collated)/062419_fcr20.cnv
* Sea-Bird SBE19plus  Data File:
* FileName = C:\DATA\062419_fcr50_0004.hex
* Software version 2.8.0.119 SB_Terminal.dll
* Temperature SN = 7809
* Conductivity SN = 7809
* System UpLoad Time = Jun 24 2019 17:08:16
* <ApplicationData>
* <Seaterm232>
# nquan = 16
# nvalues = 449                         
# units = specified
# name 0 = depFM: Depth [fresh water, m]
# name 1 = dz/dtM: Descent Rate [m/s]
# name 2 = sbeox0Mg/L: Oxygen, SBE 43 [mg/l]
# name 3 = sbeox0PS: Oxygen, SBE 43 [% saturation]
# name 4 = specc: Specific Conductance [uS/cm]
# name 5 = c0uS/cm: Conductivity [uS/cm]
# name 6 = flECO-AFL: Fluorescence, WET Labs ECO-AFL/FL [mg/m^3]
# name 7 = ph: pH
# name 8 = orp: Oxidation Reduction Potential [mV]
# name 9 = par/sat/log: PAR/Logarithmic, Satlantic
# name 10 = turbWETntu0: Turbidity, WET Labs ECO [NTU]
# name 11 = prdM: Pressure, Strain Gauge [db]
# name 12 = prdE: Pressure, Strain Gauge [psi]
# name 13 = tv290C: Temperature [ITS-90, deg C]
# name 14 = density00: Density [density, kg/m^3]
# name 15 = flag:  0.000e+00
# span 0 =     -0.609,      3.204       
# span 1 =     -0.096,      0.231       
# span 2 =    -1.4214,    12.7905       
# span 3 =    -14.600,    139.556       
# span 4 =      1.223,    185.572       
# span 5 =   1.207647, 153.981117       
# span 6 =    -0.8434,     3.1256       
# span 7 =      7.108,     10.164       
# span 8 = -1240.7455,   265.9904       
# span 9 = 3.9464e+01, 2.1509e+03       
# span 10 =    -2.2578,     4.8606      
# span 11 =     -0.597,      3.143      
# span 12 =     -0.867,      4.558      
# span 13 =    16.4640,    24.8588      
# span 14 =   997.1003,   998.9506      
# span 15 = 0.0000e+00, 0.0000e+00      
# interval = seconds: 0.25
# start_time = Jun 24 2019 11:24:56 [Instrument's time stamp, header]
# bad_flag = -9.990e-29
*END*
[from data line 181]
      0.048     -0.000     7.3672     87.440     34.683  33.959899     1.3842      9.253   213.4672 6.9215e+01     1.8023      0.047      0.068    24.4383   997.2069 0.0000e+00
      0.048     -0.001     8.2895     98.290     34.755  33.991533     1.3814      9.251   213.5210 6.8317e+01     1.8021      0.047      0.068    24.3659   997.2249 0.0000e+00
      0.049     -0.002     9.1804    108.801     34.793  34.009899     1.4046      9.244   213.7386 6.8132e+01     1.8446      0.048      0.070    24.1867   997.2696 0.0000e+00
      0.049     -0.004     9.9311    117.681     34.780  33.991544     1.4477      9.221   213.9476 6.8084e+01     1.9551      0.048      0.069    24.0280   997.3090 0.0000e+00
      0.048     -0.006    10.4944    124.354     34.748  33.959984     1.4694      9.195   213.8968 6.6514e+01     2.0238      0.047      0.068    23.9375   997.3313 0.0000e+00
      0.046     -0.006    10.8549    128.610     34.738  33.945639     1.4589      9.182   213.8120 6.4125e+01     2.0199      0.046      0.066    23.8870   997.3437 0.0000e+00
      0.041     -0.005    11.0035    130.346     34.745  33.945017     1.4326      9.182   213.9552 6.2584e+01     1.9743      0.041      0.059    23.8622   997.3498 0.0000e+00
      0.038     -0.004    10.9745    129.983     34.759  33.952452     1.4033      9.186   213.9934 6.1480e+01     1.8978      0.035      0.051    23.8570   997.3511 0.0000e+00
      0.039     -0.002    10.8395    128.379     34.780  33.972057     1.3918      9.188   213.6720 5.9982e+01     1.8479      0.037      0.054    23.8632   997.3496 0.0000e+00
      0.042      0.000    10.6661    126.344     34.795  33.991672     1.3964      9.185   213.2525 5.8432e+01     1.8303      0.043      0.062    23.8544   997.3517 0.0000e+00
      0.042      0.001    10.4977    124.386     34.791  33.999227     1.3989      9.180   212.9657 5.7512e+01     1.8165      0.042      0.061    23.8400   997.3552 0.0000e+00
      0.042      0.001    10.3545    122.723     34.782  33.999964     1.3963      9.177   212.7847 6.1560e+01     1.8122      0.040      0.058    23.8315   997.3573 0.0000e+00
      0.042     -0.000    10.2405    121.381     34.780  34.000598     1.3988      9.176   212.6994 7.5093e+01     1.8102      0.041      0.060    23.8288   997.3580 0.0000e+00
      0.042     -0.001    10.1530    120.333     34.790  34.006898     1.4119      9.175   212.7079 8.8569e+01     1.7922      0.043      0.062    23.8366   997.3561 0.0000e+00
      0.042      0.001    10.0881    119.545     34.801  34.012659     1.4159      9.172   212.8018 8.9858e+01     1.7594      0.042      0.061    23.8572   997.3510 0.0000e+00
      0.041      0.004    10.0418    118.982     34.800  34.006786     1.4035      9.166   212.9743 8.1978e+01     1.7406      0.041      0.059    23.8752   997.3466 0.0000e+00
      0.040      0.008    10.0117    118.616     34.795  33.999342     1.3925      9.158   213.1588 7.1531e+01     1.7612      0.039      0.055    23.8770   997.3462 0.0000e+00
      0.041      0.011     9.9942    118.399     34.785  33.986121     1.3873      9.148   213.3981 6.1965e+01     1.7792      0.038      0.056    23.8705   997.3477 0.0000e+00
      0.046      0.011     9.9845    118.275     34.775  33.973857     1.3835      9.139   213.7161 5.4863e+01     1.7625      0.044      0.064    23.8607   997.3502 0.0000e+00
      0.054      0.008     9.9780    118.199     34.779  33.977980     1.3810      9.131   214.0795 5.2209e+01     1.7551      0.053      0.078    23.8535   997.3520 0.0000e+00
      0.061      0.004     9.9722    118.146     34.768  33.972505     1.3830      9.125   214.4355 5.0980e+01     1.7560      0.062      0.090    23.8504   997.3527 0.0000e+00
      0.061     -0.001     9.9686    118.119     34.762  33.971129     1.3906      9.118   215.5253 4.6324e+01     1.7734      0.063      0.092    23.8468   997.3536 0.0000e+00
      0.055     -0.006     9.9676    118.115     34.814  34.024818     1.3955      9.111   225.9660 4.1554e+01     1.8016      0.054      0.079    23.8405   997.3552 0.0000e+00
      0.047     -0.015     9.9666    118.146     34.891  34.113936     1.3893      9.101   244.3093 3.9464e+01     1.8021      0.043      0.062    23.8398   997.3553 0.0000e+00
      0.045     -0.024     9.9663    118.263     34.899  34.160169     1.3849      9.087   252.9303 4.1419e+01     1.8113      0.042      0.061    23.8487   997.3531 0.0000e+00
      0.046     -0.030     9.9728    118.495     34.829  34.139625     1.3946      9.073   251.8193 4.7748e+01     1.8149      0.049      0.070    23.8602   997.3503 0.0000e+00
      0.040     -0.032     9.9856    118.744     34.777  34.119473     1.4027      9.060   250.2355 6.1138e+01     1.8135      0.045      0.065    23.8572   997.3510 0.0000e+00
      0.023     -0.035     9.9885    118.817     34.817  34.170408     1.3972      9.047   249.2680 7.6988e+01     1.7945      0.023      0.035    23.8611   997.3500 0.0000e+00
      0.006     -0.045     9.9695    118.661     34.874  34.247781     1.3969      9.034   248.7251 8.4403e+01     1.7808      0.000      0.000    23.9268   997.3338 0.0000e+00
     -0.002     -0.061     9.9328    118.375     34.871  34.293433     1.4072      9.021   248.2317 9.0557e+01     1.8446     -0.005     -0.007    24.0182   997.3112 0.0000e+00
     -0.006     -0.079     9.8861    118.024     34.854  34.341666     1.4090      9.007   247.8627 1.0196e+02     1.8783     -0.002     -0.002    24.0618   997.3004 0.0000e+00
     -0.018     -0.091     9.8305    117.574     34.830  34.386798     1.3930      8.993   247.7056 1.1409e+02     1.8268     -0.010     -0.015    24.0581   997.3013 0.0000e+00
     -0.050     -0.096     9.7640    116.964     34.779  34.394972     1.3177      8.980   247.7948 1.2574e+02     1.8121     -0.043     -0.062    24.0795   997.2959 0.0000e+00
     -0.097     -0.091     9.6918    116.224     34.720  34.377121     1.2008      8.965   247.9941 1.3536e+02     1.8973     -0.097     -0.140    24.1572   997.2764 0.0000e+00
     -0.138     -0.076     9.6244    115.469     34.687  34.361420     1.1415      8.951   247.9636 1.4115e+02     2.0051     -0.144     -0.208    24.2574   997.2513 0.0000e+00
     -0.159     -0.053     9.5677    114.784     34.659  34.332085     1.1381      8.939   247.5124 1.3882e+02     2.0344     -0.166     -0.241    24.3619   997.2250 0.0000e+00
     -0.158     -0.025     9.5205    114.180     34.615  34.276286     1.1520      8.929   246.7544 1.2887e+02     1.9562     -0.159     -0.231    24.4529   997.2023 0.0000e+00
     -0.144     -0.000     9.4822    113.665     34.615  34.257921     1.1795      8.918   245.9400 1.2319e+02     1.8464     -0.138     -0.200    24.5115   997.1877 0.0000e+00
     -0.134      0.011     9.4541    113.274     34.676  34.300408     1.2005      8.906   245.2371 1.2223e+02     1.7882     -0.130     -0.188    24.5355   997.1817 0.0000e+00
     -0.128      0.008     9.4365    113.052     34.726  34.345710     1.2069      8.895   244.7953 1.2003e+02     1.7765     -0.125     -0.182    24.5269   997.1839 0.0000e+00
     -0.126     -0.004     9.4336    113.063     34.726  34.361404     1.1785      8.887   244.3841 1.1938e+02     1.7705     -0.120     -0.175    24.5067   997.1889 0.0000e+00
     -0.129     -0.016     9.4471    113.289     34.706  34.363261     1.1178      8.878   243.7063 1.1888e+02     1.7491     -0.124     -0.180    24.4811   997.1953 0.0000e+00
     -0.139     -0.021     9.4666    113.572     34.696  34.368193     1.0885      8.864   243.1398 1.2363e+02     1.7475     -0.135     -0.196    24.4421   997.2052 0.0000e+00
     -0.152     -0.019     9.4811    113.763     34.679  34.357599     1.1014      8.846   242.8679 2.0913e+02     1.7839     -0.150     -0.218    24.4347   997.2069 0.0000e+00
     -0.162     -0.012     9.4874    113.821     34.625  34.298637     1.1087      8.829   242.6557 6.1047e+02     1.8609     -0.162     -0.234    24.4661   997.1989 0.0000e+00
     -0.164     -0.002     9.4893    113.765     34.578  34.226469     1.0990      8.816   242.4672 1.2539e+03     1.9574     -0.164     -0.238    24.5036   997.1895 0.0000e+00
     -0.160      0.011     9.4909    113.642     34.581  34.183091     1.0881      8.806   242.3098 1.6637e+03     2.0007     -0.158     -0.229    24.5287   997.1832 0.0000e+00
     -0.152      0.021     9.4949    113.521     34.609  34.154874     1.0903      8.799   242.2150 1.7600e+03     2.0232     -0.148     -0.216    24.5342   997.1819 0.0000e+00
     -0.143      0.027     9.5054    113.463     34.654  34.139074     1.1169      8.790   242.1818 1.7096e+03     2.0001     -0.141     -0.204    24.5340   997.1819 0.0000e+00
     -0.133      0.028     9.5249    113.506     34.697  34.118905     1.1495      8.782   242.0813 1.3046e+03     1.8853     -0.132     -0.190    24.4995   997.1907 0.0000e+00
     -0.124      0.024     9.5557    113.714     34.732  34.101319     1.1553      8.775   241.8598 6.5687e+02     1.8153     -0.122     -0.177    24.4194   997.2108 0.0000e+00
     -0.118      0.020     9.6000    114.135     34.783  34.116753     1.1428      8.769   241.5687 5.7072e+02     1.8090     -0.115     -0.167    24.3400   997.2307 0.0000e+00
     -0.115      0.017     9.6565    114.750     34.800  34.115075     1.1467      8.763   241.4014 1.1340e+03     1.7761     -0.112     -0.163    24.2551   997.2519 0.0000e+00
     -0.114      0.014     9.7213    115.499     34.772  34.081003     1.2020      8.756   241.4714 1.6149e+03     1.7456     -0.112     -0.163    24.1540   997.2771 0.0000e+00
     -0.112      0.011     9.7886    116.295     34.778  34.085566     1.2835      8.749   241.5535 1.7526e+03     1.7690     -0.112     -0.161    24.0770   997.2962 0.0000e+00
     -0.108      0.009     9.8512    117.042     34.799  34.106786     1.3166      8.743   241.6202 1.7688e+03     1.7955     -0.106     -0.154    24.0281   997.3083 0.0000e+00
     -0.104      0.008     9.9043    117.667     34.777  34.083710     1.3153      8.736   241.6757 1.8005e+03     1.8035     -0.101     -0.145    24.0040   997.3143 0.0000e+00
     -0.102      0.008     9.9441    118.126     34.757  34.060412     1.3118      8.729   241.6223 1.8262e+03     1.8332     -0.099     -0.143    23.9989   997.3155 0.0000e+00
     -0.103      0.008     9.9689    118.418     34.777  34.078943     1.2910      8.720   241.5763 1.8257e+03     1.8268     -0.100     -0.146    23.9967   997.3161 0.0000e+00
     -0.103      0.008     9.9783    118.546     34.811  34.117369     1.2727      8.710   241.4642 1.8090e+03     1.7923     -0.102     -0.148    24.0021   997.3148 0.0000e+00
     -0.101      0.008     9.9695    118.482     34.825  34.144239     1.2723      8.701   241.3854 1.7891e+03     1.8091     -0.099     -0.144    24.0009   997.3150 0.0000e+00
     -0.096      0.008     9.9451    118.265     34.808  34.149994     1.2856      8.694   241.5695 1.7776e+03     1.8336     -0.094     -0.136    23.9884   997.3181 0.0000e+00
     -0.092      0.010     9.9161    118.001     34.755  34.123512     1.3129      8.685   241.8830 1.7704e+03     1.8268     -0.089     -0.129    23.9878   997.3184 0.0000e+00
     -0.090      0.015     9.8924    117.765     34.694  34.077956     1.3329      8.673   241.7350 1.7495e+03     1.8250     -0.086     -0.125    23.9952   997.3165 0.0000e+00
     -0.090      0.022     9.8723    117.532     34.656  34.043444     1.3287      8.660   236.9408 1.6845e+03     1.8441     -0.089     -0.129    24.0088   997.3131 0.0000e+00
     -0.088      0.032     9.8472    117.222     34.640  34.023557     1.3309      8.650   227.6258 1.4847e+03     1.8939     -0.089     -0.130    24.0472   997.3036 0.0000e+00
     -0.079      0.044     9.8180    116.842     34.655  34.027893     1.3688      8.643   221.7723 1.1335e+03     1.9675     -0.078     -0.114    24.0937   997.2921 0.0000e+00
     -0.064      0.058     9.7898    116.431     34.684  34.032392     1.4049      8.638   220.1120 8.0108e+02     2.0133     -0.064     -0.092    24.1151   997.2869 0.0000e+00
     -0.046      0.072     9.7618    115.993     34.699  34.014452     1.4114      8.633   218.9950 7.0506e+02     2.0219     -0.046     -0.066    24.1096   997.2884 0.0000e+00
     -0.025      0.082     9.7388    115.610     34.723  34.001318     1.4221      8.626   218.1610 6.8091e+02     2.0719     -0.025     -0.037    24.1069   997.2891 0.0000e+00
     -0.000      0.090     9.7311    115.417     34.755  34.000468     1.4469      8.620   217.5145 4.5223e+02     2.1911     -0.000     -0.002    24.0989   997.2913 0.0000e+00
      0.025      0.096     9.7451    115.504     34.784  34.004138     1.4603      8.615   216.9422 2.5499e+02     2.2831      0.026      0.037    24.0594   997.3012 0.0000e+00
      0.049      0.102     9.7833    115.904     34.779  33.982187     1.4631      8.609   216.3178 2.1582e+02     2.2998      0.049      0.071    24.0075   997.3140 0.0000e+00
      0.074      0.112     9.8389    116.519     34.735  33.925418     1.4630      8.601   215.6436 1.9099e+02     2.2625      0.072      0.104    23.9545   997.3272 0.0000e+00
      0.101      0.124     9.8975    117.162     34.714  33.888911     1.4768      8.594   215.2428 1.6673e+02     2.1915      0.097      0.141    23.9037   997.3399 0.0000e+00
      0.132      0.138     9.9472    117.695     34.700  33.858078     1.5080      8.588   215.1719 1.4847e+02     2.0966      0.128      0.186    23.8672   997.3489 0.0000e+00
      0.168      0.149     9.9832    118.067     34.665  33.806445     1.5198      8.583   215.1302 1.2808e+02     2.0328      0.162      0.234    23.8473   997.3540 0.0000e+00
      0.211      0.156    10.0057    118.287     34.645  33.772306     1.5154      8.577   215.0823 1.0318e+02     2.0436      0.203      0.294    23.8296   997.3585 0.0000e+00
      0.261      0.156    10.0159    118.369     34.648  33.762610     1.5591      8.572   215.1103 8.1048e+01     2.0641      0.259      0.375    23.8059   997.3646 0.0000e+00
      0.307      0.148    10.0119    118.294     34.646  33.752645     1.6494      8.568   215.2964 6.7415e+01     2.0502      0.303      0.439    23.7794   997.3712 0.0000e+00
      0.347      0.137     9.9931    118.054     34.613  33.715271     1.6967      8.563   215.6112 6.2240e+01     2.0400      0.341      0.494    23.7541   997.3776 0.0000e+00
      0.380      0.131     9.9653    117.706     34.530  33.628033     1.6976      8.555   215.9047 6.0554e+01     2.0394      0.378      0.549    23.7333   997.3828 0.0000e+00
      0.401      0.131     9.9348    117.309     34.434  33.522864     1.7125      8.546   216.3507 5.9191e+01     2.0750      0.396      0.574    23.7155   997.3872 0.0000e+00
      0.418      0.135     9.9022    116.870     34.386  33.459075     1.7379      8.536   217.2178 5.8986e+01     2.1750      0.403      0.584    23.7035   997.3901 0.0000e+00
      0.452      0.144     9.8622    116.340     34.373  33.427904     1.7539      8.528   218.3872 5.9352e+01     2.2336      0.433      0.629    23.6969   997.3919 0.0000e+00
      0.503      0.154     9.8073    115.637     34.362  33.399802     1.7746      8.520   219.4771 5.9437e+01     2.2263      0.494      0.717    23.6904   997.3937 0.0000e+00
      0.553      0.164     9.7346    114.723     34.354  33.373119     1.8583      8.513   220.4142 5.9524e+01     2.1513      0.547      0.793    23.6749   997.3977 0.0000e+00
      0.596      0.172     9.6508    113.677     34.359  33.359107     1.9859      8.506   221.2858 6.0053e+01     2.0479      0.584      0.847    23.6465   997.4048 0.0000e+00
      0.636      0.174     9.5660    112.609     34.379  33.357269     2.0519      8.498   221.9282 6.1070e+01     2.0577      0.624      0.905    23.6195   997.4116 0.0000e+00
      0.676      0.168     9.4774    111.494     34.397  33.350863     2.0661      8.492   222.4175 6.2260e+01     2.1061      0.663      0.961    23.5947   997.4177 0.0000e+00
