Data/DataAlreadyUploadedToEDI/CollatedDataForEDI/CTDData/CTD_2019 (not collated)/062419_fcr10.cnv
* Sea-Bird SBE19plus  Data File:
* FileName = C:\DATA\062419_fcr50_0003.hex
* Software version 2.8.0.119 SB_Terminal.dll
* Temperature SN = 7809
* Conductivity SN = 7809
* System UpLoad Time = Jun 24 2019 17:07:59
* <ApplicationData>
* <Seaterm232>
# nquan = 16
# nvalues = 435                         
# units = specified
# name 0 = depFM: Depth [fresh water, m]
# name 1 = dz/dtM: Descent Rate [m/s]
# name 2 = sbeox0Mg/L: Oxygen, SBE 43 [mg/l]
# name 3 = sbeox0PS: Oxygen, SBE 43 [% saturation]
# name 4 = specc: Specific Conductance [uS/cm]
# name 5 = c0uS/cm: Conductivity [uS/cm]
# name 6 = flECO-AFL: Fluorescence, WET Labs ECO-AFL/FL [mg/m^3]
# name 7 = ph: pH
# name 8 = orp: Oxidation Reduction Potential [mV]
# name 9 = par/sat/log: PAR/Logarithmic, Satlantic
# name 10 = turbWETntu0: Turbidity, WET Labs ECO [NTU]
# name 11 = prdM: Pressure, Strain Gauge [db]
# name 12 = prdE: Pressure, Strain Gauge [psi]
# name 13 = tv290C: Temperature [ITS-90, deg C]
# name 14 = density00: Density [density, kg/m^3]
# name 15 = flag:  0.000e+00
# span 0 =     -0.609,      2.275       
# span 1 =     -0.315,      0.261       
# span 2 =     0.7077,    10.6925       
# span 3 =      7.842,    120.167       
# span 4 =      0.430,    108.528       
# span 5 =   0.451742,  98.529699       
# span 6 =    -2.3475,     3.2577       
# span 7 =      7.173,     10.296       
# span 8 = -1240.7455,   489.4488       
# span 9 = 9.9245e+01, 2.2113e+03       
# span 10 =    -5.9692,     8.9476      
# span 11 =     -0.598,      2.231      
# span 12 =     -0.867,      3.236      
# span 13 =    20.2773,    27.5170      
# span 14 =   996.3784,   998.1975      
# span 15 = 0.0000e+00, 0.0000e+00      
# interval = seconds: 0.25
# start_time = Jun 24 2019 11:04:36 [Instrument's time stamp, header]
# bad_flag = -9.990e-29
*END*
[from data line 181]
      0.141     -0.000     8.4492    100.920     34.817  34.324196     1.5065      8.847   222.6479 1.2372e+03     1.9962      0.140      0.203    24.6968   997.1422 0.0000e+00
      0.156      0.003     8.8472    105.598     34.813  34.293028     1.5029      8.833   222.6474 9.2969e+02     2.0134      0.161      0.234    24.5978   997.1673 0.0000e+00
      0.154     -0.000     9.2059    109.825     34.799  34.260836     1.4946      8.819   222.4068 9.0497e+02     1.9946      0.155      0.225    24.4479   997.2050 0.0000e+00
      0.140     -0.012     9.4954    113.230     34.807  34.252271     1.4754      8.809   222.0620 9.1282e+02     1.8671      0.135      0.195    24.3375   997.2325 0.0000e+00
      0.129     -0.032     9.7078    115.725     34.821  34.252908     1.4619      8.803   221.9191 9.1281e+02     1.7829      0.121      0.176    24.2773   997.2475 0.0000e+00
      0.127     -0.054     9.8367    117.260     34.837  34.268514     1.4524      8.796   222.3141 9.9772e+02     1.8287      0.124      0.181    24.2443   997.2558 0.0000e+00
      0.124     -0.076     9.8813    117.841     34.868  34.314033     1.4380      8.787   227.0097 1.1461e+03     2.0272      0.127      0.186    24.2214   997.2615 0.0000e+00
      0.107     -0.099     9.8569    117.635     34.886  34.359040     1.4182      8.778   231.8025 1.3692e+03     2.3149      0.111      0.162    24.1962   997.2677 0.0000e+00
      0.073     -0.120     9.7971    117.017     34.863  34.368475     1.3951      8.769   228.5537 1.6008e+03     2.4569      0.078      0.113    24.1724   997.2734 0.0000e+00
      0.028     -0.137     9.7314    116.328     34.828  34.364698     1.3841      8.761   228.6827 1.7387e+03     2.4652      0.030      0.044    24.1694   997.2739 0.0000e+00
     -0.021     -0.142     9.6716    115.704     34.810  34.376886     1.3799      8.751   236.9765 1.7866e+03     2.4484     -0.024     -0.035    24.1948   997.2674 0.0000e+00
     -0.064     -0.136     9.6192    115.161     34.795  34.388952     1.3627      8.741   242.0196 1.7916e+03     2.3198     -0.068     -0.099    24.2387   997.2562 0.0000e+00
     -0.096     -0.121     9.5754    114.701     34.769  34.383701     1.3405      8.731   242.5947 1.7762e+03     2.1220     -0.096     -0.139    24.2848   997.2447 0.0000e+00
     -0.121     -0.100     9.5398    114.302     34.753  34.376882     1.3282      8.719   242.3822 1.7382e+03     2.0234     -0.119     -0.174    24.3281   997.2338 0.0000e+00
     -0.142     -0.079     9.5088    113.929     34.746  34.369982     1.3264      8.707   242.0311 1.7115e+03     2.0125     -0.140     -0.204    24.3733   997.2223 0.0000e+00
     -0.160     -0.060     9.4816    113.610     34.738  34.363740     1.3360      8.694   241.7908 1.7191e+03     2.0228     -0.159     -0.230    24.4117   997.2127 0.0000e+00
     -0.173     -0.044     9.4609    113.387     34.731  34.364883     1.3412      8.679   241.7139 1.7246e+03     2.0165     -0.173     -0.250    24.4473   997.2037 0.0000e+00
     -0.182     -0.031     9.4459    113.235     34.741  34.383816     1.3282      8.664   241.7033 1.7057e+03     2.0021     -0.179     -0.260    24.4607   997.2002 0.0000e+00
     -0.187     -0.022     9.4306    113.062     34.756  34.402273     1.3261      8.654   241.6620 1.6755e+03     2.0128     -0.185     -0.268    24.4482   997.2034 0.0000e+00
     -0.187     -0.019     9.4130    112.839     34.755  34.397657     1.3589      8.649   241.5590 1.6503e+03     1.9821     -0.184     -0.267    24.4512   997.2026 0.0000e+00
     -0.187     -0.020     9.3980    112.641     34.755  34.391464     1.4045      8.648   241.4913 1.6459e+03     1.8935     -0.182     -0.264    24.4686   997.1982 0.0000e+00
     -0.189     -0.025     9.3911    112.548     34.758  34.390849     1.4350      8.648   241.5323 1.6563e+03     1.8257     -0.184     -0.266    24.4840   997.1944 0.0000e+00
     -0.196     -0.029     9.3931    112.560     34.761  34.390217     1.4497      8.646   241.4508 1.6600e+03     1.8173     -0.190     -0.275    24.4903   997.1928 0.0000e+00
     -0.210     -0.029     9.3989    112.612     34.761  34.383814     1.4354      8.641   241.1084 1.6593e+03     1.8911     -0.205     -0.298    24.4810   997.1951 0.0000e+00
     -0.225     -0.025     9.4072    112.690     34.761  34.376890     1.4008      8.631   240.5763 1.6640e+03     1.9966     -0.224     -0.325    24.4689   997.1980 0.0000e+00
     -0.235     -0.015     9.4185    112.801     34.762  34.369958     1.3958      8.621   240.0937 1.6770e+03     2.0438     -0.234     -0.341    24.4659   997.1986 0.0000e+00
     -0.237     -0.003     9.4300    112.915     34.763  34.363452     1.4092      8.611   239.8335 1.7002e+03     2.0683     -0.235     -0.339    24.4623   997.1996 0.0000e+00
     -0.232      0.011     9.4410    113.032     34.766  34.361676     1.4067      8.604   239.5807 1.7252e+03     2.0647     -0.229     -0.331    24.4520   997.2022 0.0000e+00
     -0.223      0.022     9.4492    113.127     34.754  34.348474     1.4003      8.598   239.1879 1.7316e+03     2.0324     -0.219     -0.319    24.4417   997.2048 0.0000e+00
     -0.214      0.028     9.4507    113.148     34.736  34.330749     1.3924      8.592   238.8703 1.7217e+03     2.0388     -0.209     -0.303    24.4314   997.2076 0.0000e+00
     -0.205      0.029     9.4498    113.140     34.742  34.337766     1.3895      8.587   238.7513 1.7205e+03     2.0434     -0.201     -0.291    24.4183   997.2108 0.0000e+00
     -0.198      0.026     9.4508    113.150     34.775  34.369856     1.3913      8.585   238.6955 1.7249e+03     2.0224     -0.195     -0.282    24.4093   997.2131 0.0000e+00
     -0.191      0.020     9.4501    113.141     34.807  34.401417     1.3711      8.584   238.6264 1.7264e+03     2.0141     -0.188     -0.272    24.4097   997.2131 0.0000e+00
     -0.185      0.014     9.4456    113.087     34.808  34.402051     1.3437      8.583   238.5179 1.7289e+03     2.0409     -0.180     -0.262    24.4124   997.2123 0.0000e+00
     -0.182      0.009     9.4393    113.012     34.782  34.377517     1.3287      8.582   238.3314 1.7287e+03     2.0851     -0.178     -0.258    24.4132   997.2121 0.0000e+00
     -0.182      0.005     9.4351    112.966     34.762  34.358641     1.3206      8.581   238.2639 1.7261e+03     2.0897     -0.177     -0.257    24.4128   997.2123 0.0000e+00
     -0.184      0.001     9.4345    112.969     34.764  34.364221     1.3320      8.577   238.3037 1.7268e+03     1.9972     -0.180     -0.261    24.4114   997.2126 0.0000e+00
     -0.185     -0.001     9.4347    112.987     34.776  34.381531     1.3626      8.573   238.2097 1.7290e+03     1.8525     -0.183     -0.265    24.4112   997.2127 0.0000e+00
     -0.184     -0.001     9.4325    112.981     34.765  34.377537     1.3866      8.571   238.0737 1.7235e+03     1.8153     -0.181     -0.262    24.4116   997.2125 0.0000e+00
     -0.184      0.000     9.4306    112.980     34.760  34.379407     1.3967      8.568   238.0365 1.7094e+03     1.8425     -0.179     -0.260    24.4134   997.2121 0.0000e+00
     -0.185      0.002     9.4326    113.019     34.779  34.404149     1.3992      8.563   238.1900 1.6998e+03     1.8536     -0.181     -0.263    24.4187   997.2108 0.0000e+00
     -0.186      0.003     9.4353    113.069     34.792  34.422836     1.3901      8.559   238.3810 1.7043e+03     1.9165     -0.183     -0.265    24.4255   997.2090 0.0000e+00
     -0.184      0.003     9.4365    113.109     34.776  34.414966     1.3731      8.556   238.0220 1.7122e+03     1.9809     -0.181     -0.262    24.4354   997.2066 0.0000e+00
     -0.179      0.003     9.4328    113.079     34.728  34.372470     1.3677      8.549   237.2056 1.7121e+03     2.0091     -0.175     -0.253    24.4484   997.2033 0.0000e+00
     -0.178      0.007     9.4230    112.949     34.713  34.353290     1.3329      8.537   236.5977 1.7198e+03     1.9620     -0.172     -0.250    24.4539   997.2020 0.0000e+00
     -0.181      0.012     9.4131    112.799     34.744  34.373445     1.2564      8.524   236.1791 1.7477e+03     1.8376     -0.177     -0.257    24.4595   997.2006 0.0000e+00
     -0.182      0.018     9.4037    112.641     34.748  34.362295     1.2139      8.517   235.6710 1.7793e+03     1.7831     -0.182     -0.263    24.4768   997.1962 0.0000e+00
     -0.176      0.026     9.3917    112.441     34.750  34.345375     1.2094      8.514   233.2080 1.7943e+03     1.7944     -0.175     -0.255    24.4873   997.1935 0.0000e+00
     -0.165      0.033     9.3795    112.239     34.783  34.359242     1.2274      8.514   230.9203 1.7925e+03     1.8429     -0.161     -0.235    24.4788   997.1958 0.0000e+00
     -0.153      0.038     9.3726    112.115     34.777  34.339527     1.2590      8.516   232.8755 1.7811e+03     1.9438     -0.150     -0.217    24.4611   997.2003 0.0000e+00
     -0.140      0.039     9.3746    112.105     34.746  34.297384     1.2705      8.518   235.2535 1.7545e+03     1.9986     -0.137     -0.199    24.4409   997.2054 0.0000e+00
     -0.128      0.036     9.3828    112.163     34.756  34.293933     1.2705      8.518   235.6665 1.7197e+03     2.0141     -0.124     -0.180    24.4126   997.2126 0.0000e+00
     -0.118      0.030     9.3914    112.228     34.773  34.297774     1.2597      8.515   235.7189 1.6991e+03     2.0646     -0.115     -0.166    24.3811   997.2205 0.0000e+00
     -0.113      0.024     9.3991    112.293     34.764  34.280350     1.2357      8.512   235.5425 1.7079e+03     2.1185     -0.110     -0.159    24.3632   997.2250 0.0000e+00
     -0.109      0.019     9.4081    112.383     34.763  34.273645     1.2224      8.510   235.2546 1.7459e+03     2.1093     -0.108     -0.157    24.3520   997.2278 0.0000e+00
     -0.106      0.015     9.4192    112.503     34.773  34.280153     1.2200      8.510   235.0776 1.7893e+03     2.0503     -0.104     -0.151    24.3298   997.2334 0.0000e+00
     -0.102      0.012     9.4300    112.633     34.789  34.295569     1.2157      8.508   235.0366 1.8108e+03     2.0280     -0.100     -0.145    24.3073   997.2391 0.0000e+00
     -0.100      0.011     9.4386    112.760     34.819  34.333106     1.2397      8.504   234.9306 1.8058e+03     2.0031     -0.098     -0.143    24.2978   997.2414 0.0000e+00
     -0.097      0.010     9.4456    112.890     34.824  34.353239     1.3029      8.500   234.8294 1.7832e+03     1.9132     -0.095     -0.140    24.2906   997.2432 0.0000e+00
     -0.094      0.009     9.4519    113.013     34.804  34.348622     1.3380      8.497   234.7593 1.7519e+03     1.8258     -0.092     -0.134    24.2826   997.2453 0.0000e+00
     -0.092      0.008     9.4548    113.081     34.785  34.340762     1.3260      8.495   234.6845 1.7205e+03     1.7993     -0.090     -0.131    24.2804   997.2458 0.0000e+00
     -0.090      0.009     9.4521    113.061     34.761  34.321695     1.3047      8.494   234.7005 1.6930e+03     1.8880     -0.087     -0.127    24.2913   997.2431 0.0000e+00
     -0.090      0.012     9.4463    112.980     34.751  34.308485     1.2882      8.492   234.6940 1.6744e+03     2.0127     -0.086     -0.125    24.3184   997.2363 0.0000e+00
     -0.090      0.017     9.4393    112.867     34.760  34.307967     1.2743      8.489   234.6054 1.6646e+03     2.0294     -0.091     -0.131    24.3441   997.2298 0.0000e+00
     -0.086      0.022     9.4335    112.772     34.776  34.315411     1.2666      8.484   234.6620 1.6625e+03     1.9917     -0.086     -0.126    24.3586   997.2263 0.0000e+00
     -0.077      0.026     9.4288    112.706     34.799  34.335007     1.2988      8.481   234.8625 1.6709e+03     1.9822     -0.075     -0.109    24.3677   997.2240 0.0000e+00
     -0.067      0.030     9.4221    112.635     34.816  34.354508     1.3602      8.479   235.0502 1.6813e+03     2.0133     -0.066     -0.095    24.3609   997.2257 0.0000e+00
     -0.057      0.031     9.4149    112.569     34.816  34.360807     1.3941      8.478   235.1249 1.6837e+03     2.0393     -0.056     -0.083    24.3419   997.2306 0.0000e+00
     -0.048      0.029     9.4101    112.534     34.795  34.347706     1.3956      8.477   235.0768 1.6768e+03     2.0020     -0.047     -0.069    24.3278   997.2341 0.0000e+00
     -0.042      0.026     9.4084    112.534     34.763  34.323048     1.4050      8.477   235.1564 1.6689e+03     1.9235     -0.040     -0.058    24.3231   997.2353 0.0000e+00
     -0.037      0.024     9.4088    112.554     34.752  34.316541     1.4377      8.476   235.3139 1.6685e+03     1.8440     -0.036     -0.052    24.3288   997.2340 0.0000e+00
     -0.033      0.023     9.4088    112.559     34.766  34.332496     1.4617      8.474   235.3467 1.6705e+03     1.7945     -0.033     -0.047    24.3403   997.2311 0.0000e+00
     -0.028      0.023     9.4053    112.514     34.760  34.325575     1.4615      8.473   235.2945 1.6705e+03     1.7836     -0.028     -0.041    24.3512   997.2284 0.0000e+00
     -0.022      0.027     9.3989    112.427     34.735  34.296312     1.4535      8.473   235.1125 1.6704e+03     1.7782     -0.022     -0.032    24.3613   997.2259 0.0000e+00
     -0.016      0.035     9.3929    112.336     34.740  34.296003     1.4428      8.471   234.8666 1.6682e+03     1.8277     -0.015     -0.021    24.3697   997.2238 0.0000e+00
     -0.008      0.047     9.3908    112.296     34.772  34.321823     1.4265      8.467   234.5593 1.6060e+03     1.9556     -0.009     -0.013    24.3719   997.2234 0.0000e+00
      0.002      0.062     9.3951    112.341     34.807  34.354632     1.4130      8.458   234.2364 1.5333e+03     2.0461      0.001      0.001    24.3696   997.2239 0.0000e+00
      0.017      0.078     9.4056    112.464     34.829  34.375371     1.4091      8.447   232.2528 1.5513e+03     2.0701      0.015      0.021    24.3652   997.2250 0.0000e+00
      0.040      0.090     9.4199    112.634     34.836  34.382173     1.4222      8.439   228.1283 1.8803e+03     2.0491      0.035      0.051    24.3545   997.2279 0.0000e+00
      0.072      0.101     9.4314    112.780     34.824  34.373407     1.4504      8.437   225.4078 1.9955e+03     2.0220      0.069      0.100    24.3444   997.2305 0.0000e+00
      0.107      0.114     9.4339    112.829     34.777  34.332849     1.4649      8.436   224.8268 1.2989e+03     2.0371      0.108      0.156    24.3446   997.2307 0.0000e+00
      0.136      0.128     9.4314    112.790     34.719  34.272594     1.4677      8.435   224.6307 7.7184e+02     2.0351      0.138      0.199    24.3432   997.2312 0.0000e+00
      0.157      0.138     9.4300    112.680     34.693  34.216054     1.5270      8.434   224.4999 8.8723e+02     2.0627      0.150      0.218    24.3396   997.2321 0.0000e+00
      0.188      0.137     9.4265    112.484     34.749  34.220364     1.6361      8.436   224.3638 1.0277e+03     2.1742      0.173      0.252    24.3443   997.2310 0.0000e+00
      0.238      0.127     9.4165    112.257     34.827  34.261169     1.7028      8.440   224.1901 9.7583e+02     2.2372      0.232      0.337    24.3577   997.2279 0.0000e+00
      0.291      0.109     9.4022    112.085     34.832  34.265107     1.7172      8.442   223.9479 9.8844e+02     2.2347      0.294      0.427    24.3681   997.2256 0.0000e+00
      0.325      0.086     9.3882    111.984     34.812  34.267983     1.6801      8.442   223.8443 1.0461e+03     2.1433      0.328      0.476    24.3238   997.2367 0.0000e+00
      0.336      0.064     9.3775    111.933     34.815  34.295982     1.6101      8.439   224.2281 9.4355e+02     1.9188      0.333      0.484    24.2220   997.2622 0.0000e+00
      0.333      0.053     9.3727    111.920     34.790  34.286356     1.5736      8.432   224.8031 8.8516e+02     1.7814      0.327      0.475    24.1584   997.2780 0.0000e+00
      0.326      0.059     9.3762    111.940     34.725  34.215080     1.5685      8.426   225.0311 9.4059e+02     1.7934      0.318      0.461    24.1697   997.2752 0.0000e+00
