Data/DataAlreadyUploadedToEDI/CollatedDataForEDI/CTDData/CTD_2019 (not collated)/062419_fcr20.cnv
* Sea-Bird SBE19plus  Data File:
* FileName = C:\DATA\062419_fcr50_0004.hex
* Software version 2.8.0.119 SB_Terminal.dll
* Temperature SN = 7809
* Conductivity SN = 7809
* System UpLoad Time = Jun 24 2019 17:08:16
* <ApplicationData>
* <Seaterm232>
# nquan = 16
# nvalues = 449                         
# units = specified
# name 0 = depFM: Depth [fresh water, m]
# name 1 = dz/dtM: Descent Rate [m/s]
# name 2 = sbeox0Mg/L: Oxygen, SBE 43 [mg/l]
# name 3 = sbeox0PS: Oxygen, SBE 43 [% saturation]
# name 4 = specc: Specific Conductance [uS/cm]
# name 5 = c0uS/cm: Conductivity [uS/cm]
# name 6 = flECO-AFL: Fluorescence, WET Labs ECO-AFL/FL [mg/m^3]
# name 7 = ph: pH
# name 8 = orp: Oxidation Reduction Potential [mV]
# name 9 = par/sat/log: PAR/Logarithmic, Satlantic
# name 10 = turbWETntu0: Turbidity, WET Labs ECO [NTU]
# name 11 = prdM: Pressure, Strain Gauge [db]
# name 12 = prdE: Pressure, Strain Gauge [psi]
# name 13 = tv290C: Temperature [ITS-90, deg C]
# name 14 = density00: Density [density, kg/m^3]
# name 15 = flag:  0.000e+00
# span 0 =     -0.609,      3.204       
# span 1 =     -0.096,      0.231       
# span 2 =    -1.4214,    12.7905       
# span 3 =    -14.600,    139.556       
# span 4 =      1.223,    185.572       
# span 5 =   1.207647, 153.981117       
# span 6 =    -0.8434,     3.1256       
# span 7 =      7.108,     10.164       
# span 8 = -1240.7455,   265.9904       
# span 9 = 3.9464e+01, 2.1509e+03       
# span 10 =    -2.2578,     4.8606      
# span 11 =     -0.597,      3.143      
# span 12 =     -0.867,      4.558      
# span 13 =    16.4640,    24.8588      
# span 14 =   997.1003,   998.9506      
# span 15 = 0.0000e+00, 0.0000e+00      
# interval = seconds: 0.25
# start_time = Jun 24 2019 11:24:56 [Instrument's time stamp, header]
# bad_flag = -9.990e-29
*END*
[from data line 362]
      2.215      0.042     9.8342    111.030     34.568  32.030982     2.8621      8.298   244.7860 6.2606e+01     2.9151      2.174      3.154    21.4574   997.9206 0.0000e+00
      2.222      0.042    10.0219    113.069     34.589  32.026104     2.8608      8.300   244.8439 6.2299e+01     2.9153      2.178      3.160    21.4209   997.9287 0.0000e+00
      2.231      0.042    10.1976    114.969     34.556  31.970430     2.9226      8.301   245.0301 6.2058e+01     2.8862      2.187      3.172    21.3962   997.9342 0.0000e+00
      2.242      0.045    10.3610    116.699     34.479  31.865472     3.0542      8.300   245.2300 6.1882e+01     2.8573      2.198      3.188    21.3680   997.9404 0.0000e+00
      2.253      0.050    10.5084    118.204     34.429  31.772349     3.1256      8.298   245.5407 6.1662e+01     2.8613      2.209      3.204    21.3240   997.9502 0.0000e+00
      2.267      0.053    10.6337    119.438     34.442  31.732829     3.1176      8.295   245.9471 6.1356e+01     2.8683      2.221      3.222    21.2887   997.9580 0.0000e+00
      2.284      0.053    10.7435    120.520     34.460  31.704864     3.0358      8.293   246.1005 6.1069e+01     2.8440      2.239      3.248    21.2581   997.9648 0.0000e+00
      2.300      0.049    10.8487    121.602     34.473  31.687994     2.8911      8.293   246.1909 6.0887e+01     2.8294      2.257      3.273    21.2127   997.9748 0.0000e+00
      2.315      0.044    10.9570    122.773     34.520  31.719187     2.8066      8.293   246.4379 6.0763e+01     2.8560      2.271      3.293    21.1406   997.9906 0.0000e+00
      2.325      0.039    11.0743    124.091     34.569  31.764706     2.7947      8.293   246.6770 6.0648e+01     2.8710      2.282      3.310    21.0569   998.0089 0.0000e+00
      2.331      0.035    11.1995    125.520     34.524  31.730702     2.7737      8.293   246.8449 6.0597e+01     2.8467      2.287      3.318    20.9871   998.0241 0.0000e+00
      2.335      0.035    11.3202    126.848     34.417  31.625356     2.7432      8.293   246.9199 6.0622e+01     2.8238      2.289      3.320    20.9471   998.0326 0.0000e+00
      2.341      0.037    11.4156    127.798     34.391  31.569731     2.7378      8.293   246.7226 6.0624e+01     2.8564      2.293      3.325    20.9306   998.0362 0.0000e+00
      2.351      0.040    11.4692    128.269     34.425  31.565764     2.7521      8.292   246.1799 6.0559e+01     2.9137      2.304      3.341    20.9341   998.0356 0.0000e+00
      2.365      0.042    11.4890    128.427     34.388  31.513879     2.7596      8.291   245.7785 6.0460e+01     2.8605      2.320      3.364    20.9556   998.0310 0.0000e+00
      2.380      0.042    11.5065    128.559     34.338  31.450029     2.7504      8.290   245.8269 6.0375e+01     2.7380      2.335      3.386    20.9611   998.0299 0.0000e+00
      2.393      0.041    11.5402    128.820     34.348  31.428314     2.7368      8.290   245.9057 6.0351e+01     2.6784      2.347      3.404    20.8939   998.0444 0.0000e+00
      2.403      0.041    11.5864    129.193     34.265  31.314738     2.7343      8.290   245.9567 6.0349e+01     2.6639      2.357      3.419    20.8223   998.0599 0.0000e+00
      2.408      0.045    11.6474    129.655     34.085  31.092036     2.7278      8.288   246.1848 6.0209e+01     2.6613      2.362      3.426    20.8186   998.0607 0.0000e+00
      2.413      0.052    11.7280    130.160     34.051  30.956522     2.7019      8.284   246.4277 5.9946e+01     2.6467      2.364      3.429    20.8041   998.0637 0.0000e+00
      2.423      0.060    11.8158    130.622     34.187  30.945228     2.6821      8.283   246.5699 5.9672e+01     2.6509      2.372      3.440    20.7433   998.0769 0.0000e+00
      2.443      0.066    11.9058    131.162     34.331  30.955302     2.6783      8.283   246.6144 5.9205e+01     2.6793      2.392      3.470    20.6951   998.0873 0.0000e+00
      2.470      0.071    12.0183    132.112     34.411  30.951243     2.6734      8.285   246.7068 5.8611e+01     2.6631      2.424      3.516    20.6363   998.0997 0.0000e+00
      2.495      0.072    12.1639    133.552     34.467  30.959510     2.6311      8.286   246.9990 5.8180e+01     2.5859      2.452      3.555    20.4722   998.1347 0.0000e+00
      2.512      0.070    12.3276    135.195     34.547  30.991746     2.5493      8.286   247.3945 5.7823e+01     2.4985      2.465      3.575    20.2419   998.1833 0.0000e+00
      2.524      0.066    12.4896    136.766     34.640  31.023678     2.4993      8.286   247.8743 5.7463e+01     2.4918      2.476      3.591    20.0514   998.2229 0.0000e+00
      2.537      0.062    12.6308    138.101     34.705  31.028245     2.4953      8.285   248.4981 5.7142e+01     2.5374      2.487      3.607    19.9470   998.2445 0.0000e+00
      2.552      0.059    12.7335    139.067     34.770  31.046895     2.4568      8.283   249.0865 5.6763e+01     2.5253      2.500      3.626    19.9096   998.2523 0.0000e+00
      2.570      0.059    12.7880    139.556     34.884  31.122213     2.3713      8.282   249.6537 5.6335e+01     2.4763      2.520      3.655    19.8608   998.2623 0.0000e+00
      2.587      0.060    12.7905    139.469     34.978  31.177398     2.3206      8.281   250.2812 5.6033e+01     2.4700      2.539      3.683    19.7757   998.2799 0.0000e+00
      2.602      0.060    12.7442    138.815     35.053  31.206444     2.3126      8.280   250.9941 5.5863e+01     2.4819      2.552      3.702    19.6896   998.2975 0.0000e+00
      2.615      0.060    12.6724    137.851     35.191  31.282992     2.2830      8.279   251.9070 5.5653e+01     2.3899      2.563      3.718    19.6311   998.3094 0.0000e+00
      2.629      0.059    12.5999    136.824     35.326  31.341388     2.2230      8.279   252.7145 5.5418e+01     2.1782      2.577      3.738    19.6079   998.3141 0.0000e+00
      2.644      0.057    12.5233    135.769     35.391  31.341323     2.1852      8.278   253.4443 5.5199e+01     2.0202      2.592      3.760    19.5684   998.3222 0.0000e+00
      2.662      0.056    12.4327    134.680     35.499  31.409047     2.1813      8.276   254.3641 5.4950e+01     1.9867      2.611      3.787    19.5079   998.3344 0.0000e+00
      2.677      0.056    12.3293    133.487     35.725  31.589075     2.1834      8.273   255.1453 5.4752e+01     2.0027      2.627      3.811    19.4565   998.3450 0.0000e+00
      2.689      0.055    12.2158    132.054     35.960  31.741199     2.1845      8.271   255.7486 5.4606e+01     2.0168      2.637      3.825    19.3573   998.3649 0.0000e+00
      2.700      0.053    12.0907    130.376     36.116  31.788765     2.1865      8.270   256.4096 5.4380e+01     2.0262      2.646      3.838    19.2499   998.3863 0.0000e+00
      2.715      0.053    11.9406    128.483     36.341  31.910241     2.1904      8.269   257.0286 5.4072e+01     2.0506      2.663      3.861    19.2264   998.3910 0.0000e+00
      2.731      0.057    11.7401    126.120     36.805  32.257975     2.2491      8.267   257.5542 5.3779e+01     2.0487      2.681      3.888    19.2333   998.3899 0.0000e+00
      2.742      0.063    11.4599    122.826     37.328  32.629765     2.3675      8.265   258.2050 5.3439e+01     2.0371      2.689      3.901    19.1565   998.4052 0.0000e+00
      2.754      0.068    11.0911    118.486     37.648  32.788188     2.4338      8.262   259.0472 5.3009e+01     2.0406      2.698      3.912    18.9902   998.4379 0.0000e+00
      2.774      0.071    10.6408    113.326     37.839  32.840615     2.4355      8.261   259.8209 5.2504e+01     2.0261      2.719      3.942    18.8824   998.4591 0.0000e+00
      2.799      0.072    10.0810    107.136     38.273  33.136580     2.4312      8.261   260.4186 5.1870e+01     2.0253      2.746      3.982    18.8397   998.4677 0.0000e+00
      2.822      0.074     9.3658     99.339     39.163  33.828059     2.4771      8.260   260.8536 5.1327e+01     2.0964      2.770      4.018    18.7285   998.4895 0.0000e+00
      2.838      0.074     8.4934     89.838     40.484  34.854737     2.5654      8.257   261.2944 5.1097e+01     2.2308      2.785      4.040    18.5362   998.5264 0.0000e+00
      2.853      0.074     7.4986     79.067     43.488  37.299294     2.6063      8.253   261.9626 5.0934e+01     2.3062      2.796      4.055    18.3640   998.5593 0.0000e+00
      2.869      0.075     6.4374     67.666     50.043  42.755001     2.6077      8.248   262.5670 5.0575e+01     2.2875      2.812      4.078    18.2848   998.5742 0.0000e+00
      2.888      0.081     5.3479     56.026     61.865  52.631573     2.5816      8.242   262.7512 5.0078e+01     2.2656      2.833      4.108    18.2133   998.5882 0.0000e+00
      2.908      0.090     4.2174     44.028     78.819  66.775775     2.5337      8.233   262.8127 4.9578e+01     2.2707      2.852      4.136    18.0499   998.6190 0.0000e+00
      2.931      0.099     3.0474     31.710     94.855  80.059199     2.5146      8.219   263.7410 4.9084e+01     2.2846      2.873      4.166    17.8837   998.6504 0.0000e+00
      2.958      0.102     1.9133     19.850    103.390  86.964762     2.4981      8.205   265.2847 4.8499e+01     2.3024      2.900      4.205    17.7485   998.6773 0.0000e+00
      2.991      0.100     0.9175      9.498    106.792  89.586987     2.3771      8.191   265.9904 4.7739e+01     2.3549      2.933      4.254    17.5644   998.7143 0.0000e+00
      3.024      0.097     0.0902      0.937    118.009  98.847043     2.1784      8.174   265.7346 4.6981e+01     2.4608      2.969      4.305    17.3808   998.7543 0.0000e+00
      3.049      0.092    -0.5676     -5.852    143.118 119.766886     2.0819      8.150   263.7412 4.6486e+01     2.5343      2.995      4.342    17.2107   998.7909 0.0000e+00
      3.065      0.086    -1.0371    -10.684    167.189 139.722957     2.0763      8.125   258.9232 4.6114e+01     2.5548      3.006      4.360    17.0428   998.8233 0.0000e+00
      3.079      0.077    -1.3221    -13.600    177.256 147.864571     1.9891      8.102   252.5661 4.5562e+01     2.7422      3.016      4.375    16.9189   998.8439 0.0000e+00
      3.100      0.068    -1.4214    -14.600    179.165 149.189401     1.8342      8.082   246.3308 4.4840e+01     3.0960      3.038      4.406    16.8695   998.8547 0.0000e+00
      3.124      0.060    -1.3599    -13.955    177.669 147.762485     1.7643      8.064   241.1792 4.4225e+01     3.2928      3.066      4.446    16.8564   998.8692 0.0000e+00
      3.142      0.052    -1.2062    -12.371    170.349 141.585927     1.7684      8.048   237.4279 4.3895e+01     3.3188      3.085      4.475    16.7979   998.8905 0.0000e+00
      3.152      0.043    -1.0109    -10.366    161.977 134.615817     1.7970      8.033   234.4425 4.3708e+01     3.2139      3.091      4.483    16.7030   998.9083 0.0000e+00
      3.157      0.032    -0.8010     -8.216    157.782 131.178144     1.8497      8.018   231.4976 4.3548e+01     2.9756      3.095      4.490    16.6203   998.9222 0.0000e+00
      3.162      0.022    -0.5972     -6.128    155.971 129.744096     1.8768      8.000   228.4079 4.3477e+01     2.8623      3.102      4.499    16.5713   998.9315 0.0000e+00
      3.166      0.017    -0.4147     -4.258    155.084 129.074155     1.8819      7.977   225.3924 4.3485e+01     2.8922      3.106      4.504    16.5451   998.9320 0.0000e+00
      3.170      0.014    -0.2601     -2.672    153.789 128.051800     1.8594      7.947   222.6555 4.3517e+01     3.0101      3.108      4.508    16.5424   998.9284 0.0000e+00
      3.173      0.012    -0.1339     -1.375    149.953 124.906235     1.8040      7.916   220.0093 4.3522e+01     3.2057      3.111      4.512    16.5639   998.9241 0.0000e+00
      3.175      0.012    -0.0315     -0.324    146.582 122.152608     1.7669      7.886   217.4023 4.3526e+01     3.2591      3.114      4.516    16.5894   998.9191 0.0000e+00
      3.178      0.011     0.0541      0.557    149.056 124.274253     1.7484      7.857   215.1394 4.3597e+01     3.2290      3.116      4.519    16.6122   998.9150 0.0000e+00
      3.181      0.011     0.1252      1.288    156.527 130.539949     1.6848      7.830   213.2121 4.3732e+01     3.4316      3.120      4.524    16.6297   998.9123 0.0000e+00
      3.184      0.011     0.1842      1.895    163.118 135.998493     1.5791      7.803   211.2216 4.3895e+01     3.7754      3.123      4.529    16.6430   998.9082 0.0000e+00
      3.187      0.010     0.2372      2.437    167.316 139.383191     1.5197      7.777   208.9689 4.4047e+01     3.9443      3.126      4.532    16.6628   998.9025 0.0000e+00
      3.190      0.010     0.2861      2.938    172.841 143.842812     1.5040      7.752   206.6247 4.4167e+01     3.9990      3.129      4.538    16.6838   998.9000 0.0000e+00
      3.192      0.009     0.3298      3.383    179.641 149.337159     1.4669      7.726   204.5593 4.4181e+01     4.1429      3.131      4.541    16.7042   998.9004 0.0000e+00
      3.194      0.008     0.3672      3.763    184.298 153.036967     1.4090      7.700   203.1834 4.4067e+01     4.3401      3.132      4.542    16.6953   998.9045 0.0000e+00
      3.195      0.008     0.3953      4.049    185.572 153.981117     1.3852      7.675   201.6042 4.4000e+01     4.4492      3.133      4.544    16.6475   998.9131 0.0000e+00
      3.198      0.007     0.4101      4.199    184.792 153.283703     1.3967      7.651   197.6829 4.4018e+01     4.4791      3.135      4.548    16.6111   998.9215 0.0000e+00
      3.200      0.006     0.4117      4.215    183.503 152.201658     1.4001      7.628   191.3054 4.3987e+01     4.5372      3.138      4.552    16.5664   998.9322 0.0000e+00
      3.202      0.005     0.4017      4.113    181.559 150.601699     1.4010      7.607   184.8077 4.3855e+01     4.6607      3.140      4.554    16.5058   998.9442 0.0000e+00
      3.202      0.004     0.3815      3.907    179.208 148.684125     1.4068      7.586   179.6057 4.3666e+01     4.7602      3.141      4.556    16.4784   998.9491 0.0000e+00
      3.202      0.002     0.3552      3.638    177.744 147.526955     1.4089      7.566   175.1281 4.3528e+01     4.7560      3.140      4.555    16.4681   998.9502 0.0000e+00
      3.203      0.001     0.3277      3.358    177.196 147.141825     1.4101      7.547   170.5053 4.3443e+01     4.7083      3.141      4.555    16.4640   998.9506 0.0000e+00
      3.203      0.001     0.3035      3.111    176.839 146.899648     1.4299      7.529   165.6987 4.3282e+01     4.7739      3.141      4.556    16.4701   998.9488 0.0000e+00
      3.203      0.001     0.2926      3.000    176.657 146.768770     1.4480      7.520   163.3016 4.3033e+01     4.8606      3.141      4.556    16.4761   998.9466 0.0000e+00
      3.203 -9.990e-29 -9.990e-29 -9.990e-29 -9.990e-29 -9.990e-29 -9.990e-29 -9.990e-29 -9.990e-29 4.2822e+01 -9.990e-29      3.141      4.556    16.4941   998.9432 0.0000e+00
      3.204 -9.990e-29 -9.990e-29 -9.990e-29 -9.990e-29 -9.990e-29 -9.990e-29 -9.990e-29 -9.990e-29 4.2743e+01 -9.990e-29      3.142      4.557    16.5178   998.9392 0.0000e+00
      3.204 -9.990e-29 -9.990e-29 -9.990e-29 -9.990e-29 -9.990e-29 -9.990e-29 -9.990e-29 -9.990e-29 4.2733e+01 -9.990e-29      3.142      4.557    16.5342   998.9362 0.0000e+00
      3.204 -9.990e-29 -9.990e-29 -9.990e-29 -9.990e-29 -9.990e-29 -9.990e-29 -9.990e-29 -9.990e-29 4.2722e+01 -9.990e-29      3.143      4.558    16.5410   998.9350 0.0000e+00
