Data/DataAlreadyUploadedToEDI/CollatedDataForEDI/CTDData/CTD_2019 (not collated)/062419_fcr30.cnv
* Sea-Bird SBE19plus  Data File:
* FileName = C:\DATA\062419_fcr50_0005.hex
* Software version 2.8.0.119 SB_Terminal.dll
* Temperature SN = 7809
* Conductivity SN = 7809
* System UpLoad Time = Jun 24 2019 17:08:33
* <ApplicationData>
* <Seaterm232>
# nquan = 16
# nvalues = 439                         
# units = specified
# name 0 = depFM: Depth [fresh water, m]
# name 1 = dz/dtM: Descent Rate [m/s]
# name 2 = sbeox0Mg/L: Oxygen, SBE 43 [mg/l]
# name 3 = sbeox0PS: Oxygen, SBE 43 [% saturation]
# name 4 = specc: Specific Conductance [uS/cm]
# name 5 = c0uS/cm: Conductivity [uS/cm]
# name 6 = flECO-AFL: Fluorescence, WET Labs ECO-AFL/FL [mg/m^3]
# name 7 = ph: pH
# name 8 = orp: Oxidation Reduction Potential [mV]
# name 9 = par/sat/log: PAR/Logarithmic, Satlantic
# name 10 = turbWETntu0: Turbidity, WET Labs ECO [NTU]
# name 11 = prdM: Pressure, Strain Gauge [db]
# name 12 = prdE: Pressure, Strain Gauge [psi]
# name 13 = tv290C: Temperature [ITS-90, deg C]
# name 14 = density00: Density [density, kg/m^3]
# name 15 = flag:  0.000e+00
# span 0 =     -0.608,      5.202       
# span 1 =     -0.102,      0.177       
# span 2 =     0.4211,    11.6699       
# span 3 =      3.883,    130.384       
# span 4 =      1.099,     39.625       
# span 5 =   1.078170,  34.333522       
# span 6 =    -2.2573,     4.3710       
# span 7 =      6.965,      9.970       
# span 8 = -1240.7455,   279.1446       
# span 9 = 8.2972e+00, 2.1216e+03       
# span 10 =    -0.5579,    20.8559      
# span 11 =     -0.597,      5.102      
# span 12 =     -0.865,      7.400      
# span 13 =    10.6130,    24.8162      
# span 14 =   997.1096,   999.6846      
# span 15 = 0.0000e+00, 0.0000e+00      
# interval = seconds: 0.25
# start_time = Jun 24 2019 11:41:50 [Instrument's time stamp, header]
# bad_flag = -9.990e-29
*END*
[from data line 362]
      3.541      0.109     7.0071     68.408     34.896  27.411969     4.2624      8.327   256.1205 4.1387e+01     1.9991      3.471      5.035    14.9177   999.1454 0.0000e+00
      3.578      0.106     6.8425     66.691     34.961  27.410749     4.2629      8.326   256.3568 4.0533e+01     1.9745      3.509      5.090    14.7375   999.1723 0.0000e+00
      3.612      0.102     6.6685     64.936     34.985  27.399859     4.2934      8.325   256.9320 3.9945e+01     1.8875      3.547      5.145    14.5528   999.1996 0.0000e+00
      3.634      0.100     6.5011     63.246     34.952  27.343706     4.3439      8.323   257.7415 3.9632e+01     1.7018      3.569      5.177    14.3819   999.2243 0.0000e+00
      3.648      0.104     6.3572     61.733     35.138  27.429676     4.3710      8.321   258.3141 3.9229e+01     1.5641      3.576      5.187    14.2538   999.2428 0.0000e+00
      3.663      0.114     6.2399     60.400     35.919  27.931674     4.3616      8.320   258.5203 3.8402e+01     1.5002      3.587      5.203    14.1848   999.2526 0.0000e+00
      3.691      0.128     6.1385     59.150     36.880  28.527776     4.3253      8.319   258.7726 3.7210e+01     1.4863      3.614      5.242    14.1559   999.2568 0.0000e+00
      3.731      0.144     6.0368     57.881     37.530  28.863188     4.2791      8.317   259.3001 3.5905e+01     1.5277      3.656      5.302    14.1287   999.2608 0.0000e+00
      3.780      0.158     5.9136     56.460     38.069  29.131712     4.2544      8.316   259.9079 3.4660e+01     1.5417      3.707      5.377    14.0535   999.2714 0.0000e+00
      3.829      0.167     5.7285     54.516     38.602  29.426636     4.2512      8.314   260.7865 3.3519e+01     1.5252      3.758      5.451    13.9050   999.2926 0.0000e+00
      3.873      0.171     5.4330     51.550     39.017  29.637102     4.2052      8.310   262.5236 3.2517e+01     1.5244      3.799      5.510    13.6866   999.3231 0.0000e+00
      3.912      0.173     5.0074     47.363     39.345  29.772758     4.1063      8.306   264.4784 3.1583e+01     1.5315      3.835      5.563    13.4364   999.3566 0.0000e+00
      3.952      0.176     4.4639     42.085     39.533  29.797651     4.0348      8.303   265.4924 3.0594e+01     1.5457      3.874      5.619    13.2374   999.3830 0.0000e+00
      3.995      0.177     3.8314     36.002     39.543  29.684128     4.0006      8.299   265.9223 2.9518e+01     1.5977      3.917      5.681    13.1130   999.3995 0.0000e+00
      4.043      0.177     3.1483     29.488     39.591  29.605634     3.8651      8.297   266.5789 2.8316e+01     1.8987      3.963      5.747    12.9840   999.4162 0.0000e+00
      4.096      0.173     2.4548     22.935     39.625  29.546454     3.6192      8.294   267.3221 2.7097e+01     2.3991      4.016      5.825    12.8314   999.4357 0.0000e+00
      4.146      0.164     1.8061     16.845     39.438  29.349202     3.4812      8.293   267.7670 2.6116e+01     2.6663      4.071      5.903    12.6890   999.4537 0.0000e+00
      4.188      0.151     1.2669     11.797     39.130  29.060723     3.4626      8.292   268.1730 2.5391e+01     2.7038      4.110      5.962    12.5306   999.4731 0.0000e+00
      4.221      0.139     0.8664      8.051     38.864  28.786825     3.4380      8.290   268.7888 2.4780e+01     2.9185      4.141      6.006    12.3698   999.4925 0.0000e+00
      4.249      0.134     0.6011      5.573     38.598  28.512022     3.4175      8.286   269.3621 2.4237e+01     3.3300      4.168      6.045    12.2639   999.5052 0.0000e+00
      4.274      0.138     0.4596      4.250     38.378  28.275994     3.4230      8.284   269.5987 2.3706e+01     3.5494      4.191      6.079    12.2081   999.5117 0.0000e+00
      4.303      0.148     0.4211      3.883     38.414  28.217119     3.4267      8.282   269.5846 2.3028e+01     3.5716      4.216      6.115    12.1430   999.5193 0.0000e+00
      4.341      0.156     0.4713      4.333     38.576  28.244217     3.4016      8.280   269.7073 2.2056e+01     3.5986      4.251      6.165    12.0303   999.5324 0.0000e+00
      4.391      0.156     0.6058      5.558     38.649  28.222837     3.1968      8.279   270.0501 2.0841e+01     3.8098      4.302      6.241    11.9242   999.5446 0.0000e+00
      4.447      0.151     0.8053      7.378     38.703  28.212331     2.8324      8.278   270.5458 1.9657e+01     4.2247      4.364      6.330    11.8468   999.5535 0.0000e+00
      4.495      0.145     1.0456      9.573     38.604  28.117139     2.6364      8.276   271.0544 1.8869e+01     4.4532      4.417      6.406    11.7329   999.5664 0.0000e+00
      4.523      0.142     1.3175     12.058     38.145  27.769777     2.6052      8.273   271.3818 1.8541e+01     4.4418      4.443      6.444    11.5925   999.5820 0.0000e+00
      4.538      0.143     1.6102     14.714     37.666  27.375100     2.4461      8.270   271.4925 1.8197e+01     4.4475      4.447      6.450    11.4986   999.5922 0.0000e+00
      4.559      0.146     1.9060     17.370     37.566  27.215336     2.1609      8.268   271.4469 1.7402e+01     4.4898      4.462      6.471    11.4321   999.5994 0.0000e+00
      4.601      0.148     2.1883     19.890     37.714  27.233801     2.0086      8.268   271.6053 1.6162e+01     4.4944      4.505      6.534    11.4032   999.6028 0.0000e+00
      4.659      0.144     2.4467     22.202     37.859  27.281027     1.9926      8.267   272.1163 1.4828e+01     4.4699      4.569      6.626    11.4196   999.6010 0.0000e+00
      4.717      0.133     2.6929     24.422     37.974  27.342177     1.8894      8.266   272.7215 1.3889e+01     4.4561      4.635      6.721    11.3618   999.6073 0.0000e+00
      4.755      0.115     2.9488     26.746     38.052  27.402125     1.6966      8.266   273.2437 1.3527e+01     4.4586      4.674      6.778    11.2200   999.6224 0.0000e+00
      4.769      0.096     3.2199     29.222     37.896  27.307945     1.5955      8.264   273.4401 1.3487e+01     4.4668      4.680      6.788    11.0846   999.6365 0.0000e+00
      4.771      0.082     3.5009     31.788     37.397  26.964812     1.5854      8.260   273.3754 1.3417e+01     4.4906      4.675      6.782    11.0077   999.6443 0.0000e+00
      4.777      0.077     3.7808     34.316     37.016  26.679379     1.5400      8.257   273.4944 1.3166e+01     4.5491      4.680      6.788    10.9893   999.6462 0.0000e+00
      4.796      0.078     4.0372     36.603     37.021  26.648355     1.4536      8.255   273.9321 1.2680e+01     4.6175      4.697      6.813    10.9958   999.6458 0.0000e+00
      4.831      0.085     4.2427     38.433     36.980  26.589662     1.4001      8.252   274.4508 1.2045e+01     4.6616      4.735      6.868    11.0249   999.6430 0.0000e+00
      4.867      0.095     4.3885     39.733     36.581  26.286913     1.3959      8.249   274.6038 1.1628e+01     4.6894      4.781      6.934    11.0664   999.6387 0.0000e+00
      4.889      0.103     4.4895     40.618     36.082  25.906191     1.3854      8.247   274.4063 1.1521e+01     4.6260      4.800      6.963    11.0523   999.6400 0.0000e+00
      4.900      0.103     4.5644     41.246     35.890  25.729441     1.3514      8.247   274.2996 1.1346e+01     4.5165      4.801      6.962    10.9793   999.6475 0.0000e+00
      4.922      0.099     4.6244     41.734     35.955  25.735840     1.3312      8.247   274.4321 1.0883e+01     4.4807      4.819      6.990    10.9373   999.6518 0.0000e+00
      4.959      0.099     4.6881     42.273     35.982  25.729751     1.3317      8.245   274.7180 1.0378e+01     4.4547      4.866      7.057    10.9347   999.6521 0.0000e+00
      4.994      0.106     4.7828     43.109     35.896  25.655797     1.3308      8.244   275.0029 1.0093e+01     4.4323      4.905      7.114    10.9066   999.6550 0.0000e+00
      5.015      0.114     4.9237     44.356     35.845  25.602937     1.3029      8.244   275.2096 9.9273e+00     4.3743      4.919      7.135    10.8439   999.6612 0.0000e+00
      5.034      0.116     5.1092     45.990     35.873  25.598145     1.2553      8.244   275.2382 9.6567e+00     4.2771      4.931      7.151    10.7778   999.6678 0.0000e+00
      5.063      0.112     5.3221     47.872     35.903  25.597827     1.2317      8.243   275.0906 9.2580e+00     4.2403      4.961      7.195    10.7419   999.6715 0.0000e+00
      5.101      0.105     5.5399     49.809     35.923  25.599057     1.2261      8.241   274.9739 8.8490e+00     4.2246      5.003      7.257    10.7379   999.6721 0.0000e+00
      5.139      0.094     5.7480     51.670     35.952  25.613012     1.2048      8.240   274.9455 8.5162e+00     4.0539      5.043      7.314    10.7172   999.6742 0.0000e+00
      5.167      0.079     5.9415     53.405     35.993  25.639667     1.1651      8.239   274.9200 8.3342e+00     3.7500      5.073      7.357    10.6746   999.6785 0.0000e+00
      5.181      0.059     6.1111     54.934     36.029  25.667580     1.1443      8.238   274.9228 8.2972e+00     3.5978      5.085      7.375    10.6403   999.6819 0.0000e+00
      5.186      0.038     6.2402     56.107     36.062  25.696742     1.1620      8.236   274.9789 8.3087e+00     3.6225      5.086      7.377    10.6238   999.6835 0.0000e+00
      5.187      0.022     6.3280     56.913     36.107  25.738507     1.2753      8.234   275.0824 8.3226e+00     3.7537      5.087      7.378    10.6174   999.6842 0.0000e+00
      5.190      0.012     6.3809     57.409     36.166  25.791921     1.4728      8.232   275.3144 8.3342e+00     3.9385      5.089      7.381    10.6130   999.6846 0.0000e+00
      5.193      0.008     6.4001     57.603     36.210  25.835056     1.5826      8.230   275.6322 8.3479e+00     4.0221      5.092      7.385    10.6154   999.6843 0.0000e+00
      5.195      0.007     6.3922     57.557     36.253  25.879407     1.5887      8.228   275.8279 8.3618e+00     4.0121      5.095      7.390    10.6252   999.6835 0.0000e+00
      5.197      0.006     6.3637     57.329     36.327  25.947522     1.5977      8.227   275.9598 8.3709e+00     3.9479      5.097      7.392    10.6387   999.6822 0.0000e+00
      5.198      0.005     6.3149     56.930     36.402  26.024237     1.6231      8.225   276.2812 8.3813e+00     3.8350      5.097      7.393    10.6542   999.6807 0.0000e+00
      5.198      0.003     6.2505     56.401     36.481  26.109136     1.6354      8.224   276.6157 8.3976e+00     3.7613      5.098      7.394    10.6706   999.6792 0.0000e+00
      5.199      0.002     6.1792     55.811     36.585  26.212756     1.6418      8.221   276.8215 8.4153e+00     3.7784      5.098      7.394    10.6896   999.6773 0.0000e+00
      5.200      0.002     6.1037     55.181     36.701  26.325491     1.6657      8.219   277.0478 8.4348e+00     3.8119      5.100      7.396    10.7071   999.6757 0.0000e+00
      5.200      0.002     6.0233     54.508     36.840  26.457155     1.6897      8.218   277.2008 8.4647e+00     3.8061      5.100      7.397    10.7376   999.6727 0.0000e+00
      5.200      0.001     5.9372     53.781     36.994  26.599310     1.6903      8.215   277.2951 8.4954e+00     3.7731      5.099      7.396    10.7842   999.6682 0.0000e+00
      5.200      0.001     5.8456     53.005     37.106  26.711999     1.6814      8.213   277.4997 8.5200e+00     3.7408      5.100      7.397    10.8213   999.6646 0.0000e+00
      5.201      0.000     5.7494     52.186     37.188  26.804614     1.6778      8.212   277.6962 8.5424e+00     3.7435      5.100      7.397    10.8604   999.6607 0.0000e+00
      5.201 2.2169e-08     5.6455     51.295     37.268  26.894378     1.6117      8.211   277.7773 8.5777e+00     3.7075      5.101      7.398    10.9065   999.6562 0.0000e+00
      5.201 2.4386e-07     5.5300     50.294     37.333  26.972585     1.4805      8.209   277.8784 8.6240e+00     3.6002      5.100      7.397    10.9468   999.6522 0.0000e+00
      5.201 6.1641e-07     5.4024     49.172     37.408  27.052346     1.4094      8.206   278.0578 8.6572e+00     3.5280      5.100      7.398    10.9911   999.6478 0.0000e+00
      5.201      0.000     5.2641     47.947     37.440  27.097449     1.4022      8.203   278.2261 8.6754e+00     3.5233      5.100      7.397    11.0361   999.6432 0.0000e+00
      5.201      0.000     5.1149     46.628     37.368  27.073827     1.3761      8.201   278.5369 8.6872e+00     3.5432      5.100      7.397    11.0799   999.6388 0.0000e+00
      5.201      0.001     4.9598     45.252     37.258  27.020552     1.3279      8.199   278.9758 8.7054e+00     3.5382      5.101      7.398    11.1248   999.6342 0.0000e+00
      5.202      0.001     4.8168     43.958     37.253  27.024335     1.2964      8.199   279.1446 8.7303e+00     3.5296      5.101      7.399    11.1605   999.6306 0.0000e+00
      5.202      0.001     4.7512     43.357     37.300  27.056132     1.2895      8.199   279.1159 8.7458e+00     3.5371      5.101      7.399    11.1798   999.6286 0.0000e+00
      5.202 -9.990e-29 -9.990e-29 -9.990e-29 -9.990e-29 -9.990e-29 -9.990e-29 -9.990e-29 -9.990e-29 8.7559e+00 -9.990e-29      5.101      7.399    11.2200   999.6244 0.0000e+00
      5.202 -9.990e-29 -9.990e-29 -9.990e-29 -9.990e-29 -9.990e-29 -9.990e-29 -9.990e-29 -9.990e-29 8.7833e+00 -9.990e-29      5.101      7.399    11.2736   999.6188 0.0000e+00
      5.202 -9.990e-29 -9.990e-29 -9.990e-29 -9.990e-29 -9.990e-29 -9.990e-29 -9.990e-29 -9.990e-29 8.8274e+00 -9.990e-29      5.101      7.399    11.2744   999.6186 0.0000e+00
      5.202 -9.990e-29 -9.990e-29 -9.990e-29 -9.990e-29 -9.990e-29 -9.990e-29 -9.990e-29 -9.990e-29 8.8503e+00 -9.990e-29      5.102      7.400    11.2573   999.6205 0.0000e+00
