Data/DataAlreadyUploadedToEDI/CollatedDataForEDI/CTDData/CTD_2019 (not collated)/062419_fcr10.cnv
* Sea-Bird SBE19plus  Data File:
* FileName = C:\DATA\062419_fcr50_0003.hex
* Software version 2.8.0.119 SB_Terminal.dll
* Temperature SN = 7809
* Conductivity SN = 7809
* System UpLoad Time = Jun 24 2019 17:07:59
* <ApplicationData>
* <Seaterm232>
# nquan = 16
# nvalues = 435                         
# units = specified
# name 0 = depFM: Depth [fresh water, m]
# name 1 = dz/dtM: Descent Rate [m/s]
# name 2 = sbeox0Mg/L: Oxygen, SBE 43 [mg/l]
# name 3 = sbeox0PS: Oxygen, SBE 43 [% saturation]
# name 4 = specc: Specific Conductance [uS/cm]
# name 5 = c0uS/cm: Conductivity [uS/cm]
# name 6 = flECO-AFL: Fluorescence, WET Labs ECO-AFL/FL [mg/m^3]
# name 7 = ph: pH
# name 8 = orp: Oxidation Reduction Potential [mV]
# name 9 = par/sat/log: PAR/Logarithmic, Satlantic
# name 10 = turbWETntu0: Turbidity, WET Labs ECO [NTU]
# name 11 = prdM: Pressure, Strain Gauge [db]
# name 12 = prdE: Pressure, Strain Gauge [psi]
# name 13 = tv290C: Temperature [ITS-90, deg C]
# name 14 = density00: Density [density, kg/m^3]
# name 15 = flag:  0.000e+00
# span 0 =     -0.609,      2.275       
# span 1 =     -0.315,      0.261       
# span 2 =     0.7077,    10.6925       
# span 3 =      7.842,    120.167       
# span 4 =      0.430,    108.528       
# span 5 =   0.451742,  98.529699       
# span 6 =    -2.3475,     3.2577       
# span 7 =      7.173,     10.296       
# span 8 = -1240.7455,   489.4488       
# span 9 = 9.9245e+01, 2.2113e+03       
# span 10 =    -5.9692,     8.9476      
# span 11 =     -0.598,      2.231      
# span 12 =     -0.867,      3.236      
# span 13 =    20.2773,    27.5170      
# span 14 =   996.3784,   998.1975      
# span 15 = 0.0000e+00, 0.0000e+00      
# interval = seconds: 0.25
# start_time = Jun 24 2019 11:04:36 [Instrument's time stamp, header]
# bad_flag = -9.990e-29
*END*
     -0.608 -8.630e-20     7.5439     95.547      0.493   0.518544    -0.8271      7.183 -1240.7455 2.0779e+03    -2.0238     -0.596     -0.865    27.5026   996.3824 0.0000e+00
     -0.608 -7.845e-21     7.5433     95.542      0.492   0.517506    -0.7945      7.173 -1240.7455 2.0831e+03    -2.1078     -0.596     -0.865    27.5054   996.3816 0.0000e+00
     -0.608 -7.130e-22     7.5421     95.530      0.480   0.504835    -0.8274      7.188 -1240.7455 2.0878e+03    -2.0056     -0.596     -0.865    27.5067   996.3812 0.0000e+00
     -0.608 -6.485e-23     7.5409     95.516      0.468   0.492051    -1.2331      7.204 -1240.7455 2.0878e+03    -0.6892     -0.596     -0.865    27.5079   996.3809 0.0000e+00
     -0.608 -5.895e-24     7.5393     95.496      0.466   0.489653    -1.9641      7.210 -1240.7455 2.0759e+03     1.7818     -0.596     -0.865    27.5105   996.3802 0.0000e+00
     -0.608 -5.360e-25     7.5358     95.454      0.453   0.475839    -2.3475      7.216 -1240.7455 2.0474e+03     3.1595     -0.597     -0.866    27.5125   996.3796 0.0000e+00
     -0.608 -4.870e-26     7.5342     95.435      0.430   0.451743    -2.3311      7.222 -1240.7455 1.9870e+03     3.3183     -0.596     -0.865    27.5138   996.3793 0.0000e+00
     -0.608 -4.424e-27     7.5356     95.452      0.430   0.451742    -1.8092      7.223 -1240.7455 1.5730e+03     3.2763     -0.596     -0.864    27.5139   996.3792 0.0000e+00
     -0.608 -3.639e-28     7.5375     95.473      0.452   0.475819    -0.8322      7.218 -1240.7455 1.0079e+03     3.1429     -0.596     -0.865    27.5141   996.3792 0.0000e+00
     -0.608 3.8906e-28     7.5371     95.463      0.466   0.489424    -0.2899      7.212 -1240.7455 8.5646e+02     3.0815     -0.596     -0.864    27.5153   996.3789 0.0000e+00
     -0.608 4.6788e-27     7.5366     95.452      0.466   0.489529    -0.2454      7.207 -1240.7455 6.8476e+02     3.0261     -0.596     -0.865    27.5170   996.3784 0.0000e+00
     -0.608 5.1503e-26     7.5391     95.478      0.454   0.477085    -0.3208      7.204 -1240.7455 4.2986e+02     2.1459     -0.596     -0.865    27.5168   996.3785 0.0000e+00
     -0.608 5.6654e-25     7.5414     95.502      0.443   0.465680    -0.4635      7.200 -1240.7455 3.8050e+02     0.4680     -0.596     -0.865    27.5144   996.3791 0.0000e+00
     -0.608 6.2320e-24     7.5424     95.511      0.455   0.478353    -0.5403      7.196 -1240.7455 2.9001e+02    -0.4820     -0.596     -0.865    27.5115   996.3799 0.0000e+00
     -0.608 6.8551e-23     7.5432     95.518      0.479   0.503590    -0.5473      7.197 -1240.7455 1.9181e+02    -0.4925     -0.597     -0.866    27.5086   996.3807 0.0000e+00
     -0.608 7.5407e-22     7.5441     95.526      0.493   0.517395    -0.5650      7.203 -1240.7455 1.6711e+02     0.1771     -0.596     -0.865    27.5055   996.3816 0.0000e+00
     -0.608 8.2947e-21     7.5454     95.538      0.494   0.518545    -0.5986      7.208 -1240.7455 1.5676e+02     1.3554     -0.596     -0.865    27.5029   996.3823 0.0000e+00
     -0.608 9.1242e-20     7.5476     95.562      0.493   0.517497    -0.6154      7.208 -1240.7455 1.6296e+02     2.0214     -0.597     -0.866    27.5007   996.3829 0.0000e+00
     -0.608 1.0037e-18     7.5505     95.596      0.481   0.504732    -0.6128      7.208 -1240.7455 1.8400e+02     2.0032     -0.596     -0.865    27.4985   996.3835 0.0000e+00
     -0.608 1.1040e-17     7.5501     95.587      0.468   0.490919    -0.5925      7.208 -1240.7455 2.8906e+02     1.0366     -0.596     -0.865    27.4962   996.3842 0.0000e+00
     -0.608 1.2144e-16     7.5461     95.533      0.455   0.477201    -0.3794      7.208 -1240.7455 6.7079e+02    -0.8828     -0.597     -0.866    27.4939   996.3848 0.0000e+00
     -0.608 1.3359e-15     7.5439     95.502      0.444   0.465576     0.0136      7.205 -1240.7455 1.0356e+03    -2.2288     -0.596     -0.865    27.4918   996.3855 0.0000e+00
     -0.608 1.4695e-14     7.5442     95.503      0.455   0.477077     0.2236      7.203 -1240.7455 9.7492e+02    -2.5881     -0.597     -0.866    27.4898   996.3860 0.0000e+00
     -0.608 1.6164e-13     7.5458     95.520      0.467   0.489548     0.2169      7.203 -1240.7455 9.5838e+02    -2.7355     -0.596     -0.865    27.4876   996.3866 0.0000e+00
     -0.608 1.7780e-12     7.5483     95.548      0.467   0.489642     0.0883      7.203 -1240.7455 1.2104e+03    -3.5846     -0.596     -0.865    27.4856   996.3871 0.0000e+00
     -0.608 1.9559e-11     7.5507     95.576      0.456   0.478217    -0.1259      7.198 -1240.7455 1.2218e+03    -5.1206     -0.597     -0.866    27.4837   996.3877 0.0000e+00
     -0.608 2.1514e-10     7.5512     95.580      0.456   0.478132    -0.2408      7.194 -1240.7455 9.1067e+02    -5.9692     -0.596     -0.865    27.4819   996.3882 0.0000e+00
     -0.608 2.3666e-09     7.5499     95.561      0.466   0.488606    -0.2605      7.194 -1240.7451 6.3404e+02    -5.8827     -0.596     -0.865    27.4801   996.3887 0.0000e+00
     -0.608 2.6032e-08     7.5510     95.574      0.456   0.478141    -0.2948      7.199 -1240.7414 8.0984e+02    -3.9433     -0.597     -0.866    27.4780   996.3893 0.0000e+00
     -0.608 2.8636e-07     7.5530     95.596      0.456   0.478313    -0.3338      7.202 -1240.7009 1.3810e+03    -0.3809     -0.596     -0.865    27.4763   996.3897 0.0000e+00
     -0.609      0.000     7.5522     95.583      0.468   0.490697    -0.3507      7.199 -1240.2547 1.6954e+03     1.5669     -0.597     -0.866    27.4752   996.3900 0.0000e+00
     -0.609      0.000     7.5521     95.580      0.478   0.501153    -0.3603      7.196 -1235.3466 1.7094e+03     1.7134     -0.597     -0.866    27.4742   996.3903 0.0000e+00
     -0.609      0.000     7.5530     95.588      0.698   0.731451    -0.3979      7.188 -1181.3580 1.7278e+03     1.1949     -0.597     -0.866    27.4727   996.3908 0.0000e+00
     -0.609      0.004     7.5541     95.579      3.248   3.401926    -0.4596      7.220  -587.4831 1.7613e+03     0.1800     -0.597     -0.866    27.4718   996.3910 0.0000e+00
     -0.609      0.021     7.5682     95.593     12.893  13.461477    -0.4811      7.511   306.5609 1.7758e+03    -0.3981     -0.597     -0.866    27.4694   996.3917 0.0000e+00
     -0.609      0.057     7.6148     95.655     26.115  27.130136    -0.3892      8.146   489.4488 1.4652e+03    -0.2896     -0.597     -0.866    27.4695   996.3915 0.0000e+00
     -0.608      0.105     7.6871     95.716     32.894  33.907327     0.5477      8.845   302.9233 8.4898e+02     2.0493     -0.596     -0.864    27.4665   996.3927 0.0000e+00
     -0.594      0.153     7.7593     95.751     33.920  34.640847     2.2542      9.370   276.4445 4.7441e+02     6.3827     -0.598     -0.867    27.4672   996.3920 0.0000e+00
     -0.540      0.194     7.8221     95.811     34.153  34.602337     3.1817      9.714   263.0790 5.5454e+02     8.7476     -0.549     -0.797    27.4481   996.3997 0.0000e+00
     -0.449      0.225     7.8769     95.940     34.281  34.520207     3.2577      9.943   247.8382 1.1329e+03     8.9476     -0.434     -0.630    27.1363   996.4923 0.0000e+00
     -0.363      0.247     7.9254     96.165     34.438  34.536013     3.2159     10.106   232.1554 1.8788e+03     8.8341     -0.344     -0.499    26.5410   996.6567 0.0000e+00
     -0.303      0.261     7.9751     96.545     34.655  34.666301     2.6684     10.211   228.8466 2.2113e+03     7.3749     -0.293     -0.426    26.0255   996.7949 0.0000e+00
     -0.255      0.261     8.0365     97.154     34.867  34.826060     1.6486     10.265   237.5148 2.2074e+03     4.6756     -0.250     -0.364    25.6200   996.9024 0.0000e+00
     -0.202      0.250     8.1077     97.962     35.006  34.944385     1.0819     10.289   241.9751 2.0614e+03     3.2006     -0.206     -0.299    25.3049   996.9846 0.0000e+00
     -0.132      0.240     8.1747     98.816     35.062  35.017987     1.0259     10.296   235.7982 1.7664e+03     3.0441     -0.136     -0.198    25.1078   997.0359 0.0000e+00
     -0.049      0.230     8.2313     99.595     35.089  35.081330     1.0499     10.290   224.5203 1.3007e+03     2.7171     -0.040     -0.058    24.9965   997.0650 0.0000e+00
      0.019      0.215     8.2794    100.257     35.117  35.139111     1.1129     10.276   218.1552 7.8292e+02     2.1313      0.030      0.044    24.9245   997.0839 0.0000e+00
      0.064      0.190     8.3164    100.759     35.103  35.145457     1.1534     10.263   216.9147 4.9098e+02     1.7949      0.064      0.092    24.8798   997.0954 0.0000e+00
      0.102      0.158     8.3321    100.987     34.975  35.031147     1.1587     10.253   216.1461 5.8557e+02     1.7629      0.099      0.143    24.9226   997.0846 0.0000e+00
      0.139      0.132     8.2769    100.318     34.780  34.835965     1.1690     10.242   215.4005 7.2240e+02     1.8434      0.138      0.200    24.9908   997.0673 0.0000e+00
      0.169      0.120     8.1510     98.706     34.666  34.689538     1.1913     10.226   214.6112 4.6503e+02     1.9812      0.172      0.250    25.0294   997.0576 0.0000e+00
      0.187      0.116     8.0668     97.499     34.642  34.593457     1.2111     10.207   213.8307 2.0478e+02     2.0531      0.183      0.266    25.0561   997.0509 0.0000e+00
      0.204      0.116     8.0687     97.275     34.643  34.499199     1.2263     10.192   213.2769 1.8817e+02     2.0567      0.190      0.276    25.0801   997.0447 0.0000e+00
      0.239      0.121     8.1142     97.581     34.675  34.438257     1.2539     10.180   212.9915 1.9690e+02     2.0247      0.231      0.336    25.0934   997.0414 0.0000e+00
      0.280      0.130     8.2053     98.479     34.739  34.427660     1.2930     10.165   212.7887 1.8669e+02     1.9937      0.282      0.409    25.0504   997.0527 0.0000e+00
      0.314      0.139     8.3579    100.159     34.803  34.434425     1.3172     10.149   212.8039 1.8878e+02     2.0097      0.309      0.447    24.9358   997.0821 0.0000e+00
      0.346      0.143     8.5300    102.109     34.868  34.456498     1.3303     10.133   213.0898 2.3748e+02     2.0214      0.333      0.483    24.7839   997.1209 0.0000e+00
      0.386      0.142     8.6760    103.776     34.946  34.504079     1.3383     10.114   213.4913 2.7628e+02     2.0372      0.379      0.550    24.6419   997.1571 0.0000e+00
      0.426      0.140     8.7850    105.028     35.027  34.565419     1.3372     10.090   213.9590 2.8465e+02     2.0689      0.423      0.612    24.5358   997.1841 0.0000e+00
      0.460      0.137     8.8376    105.617     35.104  34.626947     1.3337     10.063   214.3565 2.8005e+02     2.0777      0.450      0.653    24.4578   997.2038 0.0000e+00
      0.494      0.131     8.8224    105.395     35.104  34.613324     1.3306     10.039   214.5984 2.2610e+02     2.0778      0.483      0.701    24.3970   997.2192 0.0000e+00
      0.529      0.123     8.7524    104.520     35.031  34.527621     1.3334     10.020   214.8179 1.7227e+02     2.0702      0.520      0.755    24.3552   997.2299 0.0000e+00
      0.562      0.114     8.6433    103.180     34.996  34.479221     1.3769     10.005   215.1182 1.6784e+02     2.0520      0.554      0.804    24.3342   997.2353 0.0000e+00
      0.589      0.107     8.5094    101.544     35.004  34.472358     1.4579      9.990   215.3902 1.7437e+02     2.0541      0.579      0.840    24.3154   997.2402 0.0000e+00
      0.612      0.099     8.3636     99.756     34.994  34.444623     1.5056      9.976   215.6110 1.7425e+02     2.0622      0.600      0.868    24.2941   997.2456 0.0000e+00
      0.635      0.092     8.2034     97.774     34.974  34.397709     1.5206      9.963   215.8954 1.6773e+02     2.0515      0.623      0.903    24.2740   997.2506 0.0000e+00
      0.659      0.087     8.0269     95.578     34.962  34.349340     1.5874      9.953   216.1615 1.6642e+02     2.0889      0.647      0.938    24.2551   997.2554 0.0000e+00
      0.680      0.086     7.8638     93.543     34.953  34.304010     1.6981      9.940   216.2472 1.7074e+02     2.1861      0.668      0.968    24.2376   997.2599 0.0000e+00
      0.699      0.085     7.7586     92.230     34.968  34.293824     1.7578      9.925   216.0708 1.7187e+02     2.2769      0.685      0.994    24.2132   997.2661 0.0000e+00
      0.719      0.083     7.7354     91.922     34.977  34.289614     1.7715      9.909   215.6646 1.7030e+02     2.3352      0.703      1.020    24.1755   997.2755 0.0000e+00
      0.744      0.081     7.7841     92.471     34.952  34.253087     1.8285      9.897   215.2927 1.7368e+02     2.3332      0.729      1.058    24.1191   997.2896 0.0000e+00
      0.768      0.080     7.8787     93.555     34.947  34.232942     1.9270      9.887   215.1878 1.7971e+02     2.2860      0.756      1.097    24.0561   997.3053 0.0000e+00
      0.785      0.081     7.9907     94.845     34.967  34.236424     1.9742      9.878   215.2576 1.6661e+02     2.2564      0.772      1.120    24.0208   997.3141 0.0000e+00
      0.800      0.083     8.0915     96.009     34.976  34.231696     1.9830      9.869   215.4483 1.4933e+02     2.2696      0.784      1.136    24.0129   997.3162 0.0000e+00
      0.819      0.086     8.1607     96.812     34.991  34.239215     2.0423      9.860   215.6862 1.5051e+02     2.2818      0.803      1.164    23.9959   997.3204 0.0000e+00
      0.843      0.089     8.1872     97.122     35.018  34.263870     2.1368      9.849   215.8105 1.5666e+02     2.2724      0.826      1.198    23.9714   997.3265 0.0000e+00
      0.869      0.092     8.1708     96.926     35.030  34.275927     2.1884      9.839   215.9187 1.5628e+02     2.2878      0.851      1.234    23.9480   997.3324 0.0000e+00
      0.896      0.093     8.1249     96.374     35.015  34.258070     2.1899      9.828   216.0488 1.5290e+02     2.3036      0.879      1.275    23.9271   997.3377 0.0000e+00
      0.922      0.091     8.0696     95.697     35.003  34.238355     2.1980      9.816   216.1784 1.5134e+02     2.2336      0.906      1.313    23.9171   997.3403 0.0000e+00
      0.944      0.088     8.0191     95.068     35.005  34.227930     2.2258      9.805   216.2818 1.4926e+02     2.0966      0.928      1.345    23.9168   997.3405 0.0000e+00
      0.964      0.085     7.9773     94.529     34.989  34.195476     2.2397      9.794   216.3521 1.4553e+02     2.0240      0.946      1.372    23.9194   997.3400 0.0000e+00
      0.983      0.084     7.9404     94.035     34.979  34.163246     2.2452      9.784   216.5987 1.4838e+02     2.0447      0.964      1.398    23.9160   997.3408 0.0000e+00
      1.003      0.085     7.9019     93.521     35.060  34.218998     2.2492      9.774   217.0261 1.5986e+02     2.0512      0.983      1.425    23.9033   997.3440 0.0000e+00
      1.023      0.086     7.8609     93.005     35.220  34.361815     2.2091      9.759   217.3898 1.6881e+02     2.0045      1.002      1.454    23.8858   997.3484 0.0000e+00
      1.047      0.083     7.8266     92.592     35.292  34.430321     2.1249      9.743   217.5547 1.6756e+02     1.9722      1.025      1.488    23.8629   997.3541 0.0000e+00
      1.074      0.074     7.8086     92.362     35.217  34.349182     2.0728      9.731   217.5567 1.6381e+02     1.9883      1.054      1.528    23.8307   997.3622 0.0000e+00
      1.100      0.061     7.8127     92.370     35.087  34.205803     2.0731      9.723   217.6727 1.6821e+02     2.0355      1.083      1.570    23.7870   997.3729 0.0000e+00
      1.115      0.045     7.8408     92.652     34.992  34.092940     2.1201      9.715   217.9243 1.7457e+02     2.0836      1.098      1.593    23.7682   997.3777 0.0000e+00
      1.120      0.027     7.8870     93.154     35.044  34.126909     2.1976      9.710   218.0182 1.8070e+02     2.0780      1.100      1.596    23.7787   997.3752 0.0000e+00
      1.118      0.006     7.9335     93.688     35.293  34.362631     2.2304      9.712   217.7746 1.9697e+02     2.0336      1.096      1.591    23.7678   997.3777 0.0000e+00
