Data/DataAlreadyUploadedToEDI/CollatedDataForEDI/CTDData/CTD_2019 (not collated)/062419_fcr30.cnv
* Sea-Bird SBE19plus  Data File:
* FileName = C:\DATA\062419_fcr50_0005.hex
* Software version 2.8.0.119 SB_Terminal.dll
* Temperature SN = 7809
* Conductivity SN = 7809
* System UpLoad Time = Jun 24 2019 17:08:33
* <ApplicationData>
* <Seaterm232>
# nquan = 16
# nvalues = 439                         
# units = specified
# name 0 = depFM: Depth [fresh water, m]
# name 1 = dz/dtM: Descent Rate [m/s]
# name 2 = sbeox0Mg/L: Oxygen, SBE 43 [mg/l]
# name 3 = sbeox0PS: Oxygen, SBE 43 [% saturation]
# name 4 = specc: Specific Conductance [uS/cm]
# name 5 = c0uS/cm: Conductivity [uS/cm]
# name 6 = flECO-AFL: Fluorescence, WET Labs ECO-AFL/FL [mg/m^3]
# name 7 = ph: pH
# name 8 = orp: Oxidation Reduction Potential [mV]
# name 9 = par/sat/log: PAR/Logarithmic, Satlantic
# name 10 = turbWETntu0: Turbidity, WET Labs ECO [NTU]
# name 11 = prdM: Pressure, Strain Gauge [db]
# name 12 = prdE: Pressure, Strain Gauge [psi]
# name 13 = tv290C: Temperature [ITS-90, deg C]
# name 14 = density00: Density [density, kg/m^3]
# name 15 = flag:  0.000e+00
# span 0 =     -0.608,      5.202       
# span 1 =     -0.102,      0.177       
# span 2 =     0.4211,    11.6699       
# span 3 =      3.883,    130.384       
# span 4 =      1.099,     39.625       
# span 5 =   1.078170,  34.333522       
# span 6 =    -2.2573,     4.3710       
# span 7 =      6.965,      9.970       
# span 8 = -1240.7455,   279.1446       
# span 9 = 8.2972e+00, 2.1216e+03       
# span 10 =    -0.5579,    20.8559      
# span 11 =     -0.597,      5.102      
# span 12 =     -0.865,      7.400      
# span 13 =    10.6130,    24.8162      
# span 14 =   997.1096,   999.6846      
# span 15 = 0.0000e+00, 0.0000e+00      
# interval = seconds: 0.25
# start_time = Jun 24 2019 11:41:50 [Instrument's time stamp, header]
# bad_flag = -9.990e-29
*END*
     -0.608 1.8116e-21     8.0661     95.941      1.204   1.181728    -0.1284      6.970 -1240.7455 1.1076e+02    -0.5305     -0.596     -0.864    24.0589   997.2895 0.0000e+00
     -0.608 1.9928e-20     8.0658     95.938      1.172   1.150343    -0.1229      6.973 -1240.7455 1.1369e+02    -0.5272     -0.596     -0.864    24.0597   997.2893 0.0000e+00
     -0.608 2.1920e-19     8.0648     95.928      1.115   1.094615    -0.1213      6.974 -1240.7455 1.1926e+02    -0.5511     -0.597     -0.865    24.0616   997.2888 0.0000e+00
     -0.608 2.4113e-18     8.0647     95.927      1.099   1.078170    -0.1172      6.973 -1240.7455 1.2733e+02    -0.5579     -0.596     -0.864    24.0637   997.2883 0.0000e+00
     -0.608 2.6524e-17     8.0654     95.936      1.099   1.078223    -0.1169      6.973 -1240.7455 1.2959e+02    -0.5444     -0.596     -0.864    24.0646   997.2881 0.0000e+00
     -0.608 2.9176e-16     8.0662     95.946      1.116   1.095258    -0.1256      6.975 -1240.7455 1.2534e+02    -0.5513     -0.597     -0.865    24.0650   997.2880 0.0000e+00
     -0.608 3.2094e-15     8.0657     95.941      1.180   1.157422    -0.1447      6.977 -1240.7455 1.2969e+02    -0.5428     -0.596     -0.864    24.0653   997.2879 0.0000e+00
     -0.608 3.5303e-14     8.0651     95.936      1.284   1.259593    -0.1824      6.978 -1240.7455 1.4064e+02    -0.5080     -0.597     -0.865    24.0654   997.2879 0.0000e+00
     -0.608 3.8833e-13     8.0653     95.942      1.342   1.316826    -0.2266      6.975 -1240.7455 1.4310e+02    -0.4905     -0.596     -0.864    24.0655   997.2879 0.0000e+00
     -0.608 4.2717e-12     8.0651     95.942      1.303   1.279173    -0.2453      6.970 -1240.7455 1.3930e+02    -0.4955     -0.596     -0.865    24.0659   997.2878 0.0000e+00
     -0.608 4.6988e-11     8.0643     95.935      1.271   1.247869    -0.2354      6.965 -1240.7455 1.3573e+02    -0.4694     -0.596     -0.864    24.0666   997.2876 0.0000e+00
     -0.608 5.1687e-10     8.0640     95.935      1.408   1.381859    -0.1848      6.965 -1240.7455 1.3215e+02    -0.1748     -0.596     -0.864    24.0681   997.2873 0.0000e+00
     -0.608 5.6856e-09     8.0648     95.946      1.663   1.632008    -0.1107      6.965 -1240.7453 1.2986e+02     0.3461     -0.596     -0.864    24.0700   997.2867 0.0000e+00
     -0.607 6.2542e-08     8.0649     95.949      1.835   1.801286    -0.0670      6.966 -1240.7428 1.2485e+02     0.6180     -0.596     -0.864    24.0718   997.2863 0.0000e+00
     -0.607 6.8796e-07     8.0645     95.947      1.879   1.844537    -0.0475      6.970 -1240.7160 1.1542e+02     0.6216     -0.596     -0.864    24.0733   997.2859 0.0000e+00
     -0.607      0.000     8.0640     95.942      1.808   1.774775    -0.0564      6.981 -1240.4209 1.1113e+02     0.3575     -0.596     -0.864    24.0749   997.2855 0.0000e+00
     -0.607      0.000     8.0634     95.937      1.686   1.654793    -0.0961      7.147 -1237.1752 1.1782e+02    -0.1504     -0.596     -0.864    24.0760   997.2853 0.0000e+00
     -0.607      0.001     8.0629     95.933      1.692   1.661089    -0.1203      7.471 -1201.4718 1.4379e+02    -0.4066     -0.596     -0.864    24.0771   997.2851 0.0000e+00
     -0.607      0.005     8.0605     95.918      2.722   2.674604    -0.1678      7.683  -808.7349 2.3665e+02    -0.4132     -0.595     -0.863    24.0777   997.2849 0.0000e+00
     -0.607      0.016     8.0517     95.903      5.827   5.734665    -0.6949      7.845  -117.4186 4.0135e+02    -0.3612     -0.596     -0.864    24.0793   997.2845 0.0000e+00
     -0.607      0.034     8.0305     95.893     12.644  12.487432    -1.6651      8.133   212.3448 4.6232e+02    -0.2047     -0.596     -0.864    24.0786   997.2847 0.0000e+00
     -0.604      0.056     8.0013     95.884     23.043  22.828459    -2.2051      8.473   213.1492 3.4787e+02    -0.0938     -0.595     -0.863    24.0809   997.2840 0.0000e+00
     -0.589      0.080     7.9771     95.881     31.234  31.014336    -2.2573      8.808   227.6872 2.2791e+02    -0.0691     -0.584     -0.846    24.0797   997.2845 0.0000e+00
     -0.561      0.100     7.9630     95.891     33.939  33.758402    -2.2176      9.111   245.9860 1.7604e+02    -0.0699     -0.554     -0.803    24.0979   997.2806 0.0000e+00
     -0.523      0.114     7.9550     95.895     34.199  34.053361    -1.7423      9.352   250.6188 1.5978e+02    -0.1361     -0.513     -0.744    24.2481   997.2448 0.0000e+00
     -0.483      0.121     7.9511     95.895     34.264  34.136461    -0.8721      9.537   248.1681 1.5692e+02    -0.2142     -0.472     -0.685    24.4834   997.1901 0.0000e+00
     -0.447      0.121     7.9503     95.894     34.316  34.192008    -0.4003      9.681   246.3818 1.5572e+02    -0.1951     -0.434     -0.631    24.6470   997.1520 0.0000e+00
     -0.420      0.120     7.9495     95.876     34.345  34.217264    -0.3382      9.789   244.5079 1.5682e+02     0.2913     -0.410     -0.595    24.7387   997.1289 0.0000e+00
     -0.398      0.117     7.9493     95.867     34.382  34.251428    -0.0685      9.861   242.3751 1.5956e+02     5.6338     -0.392     -0.569    24.7926   997.1152 0.0000e+00
     -0.374      0.115     7.9532     95.912     34.419  34.287754     0.4239      9.902   240.2961 1.6883e+02    15.4398     -0.369     -0.535    24.8147   997.1098 0.0000e+00
     -0.343      0.115     7.9625     96.019     34.409  34.275688     0.6997      9.926   238.1276 1.7710e+02    20.7672     -0.339     -0.492    24.8162   997.1096 0.0000e+00
     -0.306      0.116     7.9772     96.184     34.370  34.232467     0.7436      9.943   236.1172 1.7677e+02    20.8559     -0.299     -0.433    24.8071   997.1120 0.0000e+00
     -0.272      0.116     7.9968     96.408     34.352  34.209420     0.8426      9.958   235.0898 1.7277e+02    16.1517     -0.263     -0.381    24.8024   997.1134 0.0000e+00
     -0.245      0.113     8.0191     96.668     34.333  34.187406     1.0031      9.965   235.1702 1.6941e+02     7.3779     -0.239     -0.347    24.8046   997.1130 0.0000e+00
     -0.220      0.106     8.0433     96.956     34.304  34.156696     1.0802      9.966   236.0564 1.6766e+02     2.5690     -0.217     -0.316    24.8030   997.1135 0.0000e+00
     -0.194      0.097     8.0684     97.257     34.303  34.155424     1.0802      9.968   237.1154 1.6661e+02     2.1195     -0.191     -0.277    24.7937   997.1159 0.0000e+00
     -0.167      0.087     8.0912     97.529     34.321  34.172021     1.0906      9.970   236.8753 1.6189e+02     2.0083     -0.163     -0.236    24.7850   997.1183 0.0000e+00
     -0.142      0.078     8.1097     97.747     34.318  34.166981     1.1013      9.965   235.3034 1.5219e+02     1.8796     -0.137     -0.199    24.7810   997.1194 0.0000e+00
     -0.123      0.069     8.1240     97.912     34.312  34.157941     1.0970      9.955   234.1996 1.4192e+02     1.8087     -0.117     -0.171    24.7792   997.1200 0.0000e+00
     -0.111      0.060     8.1341     98.012     34.288  34.126182     1.0906      9.943   234.3698 1.3282e+02     1.8064     -0.109     -0.157    24.7795   997.1199 0.0000e+00
     -0.102      0.050     8.1375     97.983     34.224  34.036827     1.0937      9.935   235.5545 1.2243e+02     1.8197     -0.103     -0.149    24.7783   997.1202 0.0000e+00
     -0.090      0.040     8.1380     97.858     34.203  33.966013     1.0999      9.931   237.3395 1.1238e+02     1.8049     -0.090     -0.131    24.7740   997.1214 0.0000e+00
     -0.076      0.031     8.1414     97.744     34.264  33.968009     1.0957      9.926   239.0878 1.0739e+02     1.7919     -0.073     -0.105    24.7715   997.1221 0.0000e+00
     -0.066      0.024     8.1374     97.572     34.342  33.997419     1.0865      9.918   240.0866 1.0687e+02     1.7944     -0.062     -0.089    24.7684   997.1230 0.0000e+00
     -0.062      0.020     8.1108     97.183     34.375  34.004207     1.0756      9.905   240.1240 1.0729e+02     1.7693     -0.058     -0.084    24.7356   997.1313 0.0000e+00
     -0.064      0.017     8.0594     96.541     34.367  33.986587     1.0677      9.890   239.1958 1.0443e+02     1.7504     -0.062     -0.089    24.6527   997.1522 0.0000e+00
     -0.067      0.016     7.9965     95.784     34.357  33.974756     1.0691      9.877   229.2082 9.7683e+01     1.7620     -0.068     -0.098    24.5544   997.1771 0.0000e+00
     -0.063      0.017     7.9367     95.072     34.368  33.988083     1.0663      9.867   218.9119 9.2492e+01     1.7786     -0.067     -0.096    24.4803   997.1958 0.0000e+00
     -0.053      0.018     7.8803     94.407     34.397  34.020798     1.0608      9.857   217.2635 9.2258e+01     1.7871     -0.052     -0.075    24.4453   997.2046 0.0000e+00
     -0.042      0.020     7.8195     93.692     34.424  34.052994     1.0713      9.843   208.3312 9.3824e+01     1.7996     -0.039     -0.057    24.4368   997.2068 0.0000e+00
     -0.036      0.021     7.7535     92.910     34.428  34.060046     1.0902      9.829   207.7918 9.3834e+01     1.8312     -0.034     -0.049    24.4360   997.2070 0.0000e+00
     -0.034      0.021     7.6904     92.153     34.411  34.042609     1.0896      9.816   215.3019 9.4837e+01     1.8414     -0.032     -0.047    24.4394   997.2062 0.0000e+00
     -0.034      0.019     7.6363     91.498     34.404  34.032555     1.0717      9.801   205.8694 9.8632e+01     1.8250     -0.034     -0.050    24.4457   997.2046 0.0000e+00
     -0.030      0.019     7.5925     90.964     34.441  34.065404     1.0817      9.786   195.7007 1.0176e+02     1.8294     -0.031     -0.045    24.4552   997.2022 0.0000e+00
     -0.022      0.021     7.5602     90.570     34.501  34.122464     1.1244      9.774   194.3957 1.0241e+02     1.8293     -0.021     -0.030    24.4618   997.2005 0.0000e+00
     -0.014      0.024     7.5412     90.331     34.535  34.151276     1.1456      9.761   193.9617 1.0202e+02     1.8240     -0.012     -0.018    24.4603   997.2010 0.0000e+00
     -0.009      0.024     7.5362     90.252     34.552  34.159906     1.1385      9.751   193.8093 9.8472e+01     1.8300     -0.009     -0.013    24.4540   997.2026 0.0000e+00
     -0.003      0.021     7.5454     90.333     34.567  34.163336     1.1337      9.742   193.7577 9.3493e+01     1.8361     -0.004     -0.006    24.4488   997.2040 0.0000e+00
      0.005      0.016     7.5680     90.570     34.546  34.129256     1.1400      9.734   193.7674 9.2828e+01     1.8329      0.005      0.007    24.4456   997.2048 0.0000e+00
      0.012      0.012     7.6024     90.938     34.500  34.065152     1.1450      9.725   194.0131 9.4927e+01     1.7914      0.014      0.020    24.4401   997.2062 0.0000e+00
      0.012      0.008     7.6471     91.415     34.481  34.022887     1.1421      9.713   194.3196 9.7173e+01     1.7599      0.014      0.021    24.4288   997.2090 0.0000e+00
      0.008      0.006     7.6965     91.944     34.481  33.998974     1.1397      9.701   194.5468 9.8023e+01     1.7803      0.007      0.011    24.4106   997.2135 0.0000e+00
      0.006      0.003     7.7410     92.427     34.468  33.966383     1.1427      9.690   194.6956 9.6495e+01     1.8084      0.005      0.007    24.3917   997.2183 0.0000e+00
      0.009      0.001     7.7799     92.862     34.460  33.946118     1.1518      9.678   194.7418 9.3415e+01     1.8381      0.009      0.012    24.3678   997.2243 0.0000e+00
      0.013      0.001     7.8179     93.300     34.464  33.944328     1.1623      9.667   194.8483 9.2585e+01     1.8441      0.014      0.020    24.3305   997.2337 0.0000e+00
      0.015      0.001     7.8542     93.722     34.469  33.944733     1.1573      9.658   195.1226 9.4306e+01     1.8160      0.016      0.023    24.2910   997.2436 0.0000e+00
      0.014      0.000     7.8840     94.068     34.480  33.951012     1.1272      9.648   195.4776 9.3175e+01     1.8254      0.014      0.021    24.2621   997.2507 0.0000e+00
      0.011     -0.001     7.9039     94.295     34.490  33.956782     1.1013      9.638   195.6988 9.2517e+01     1.8597      0.010      0.015    24.2459   997.2547 0.0000e+00
      0.010     -0.001     7.9157     94.422     34.489  33.951017     1.0952      9.629   195.7317 9.5437e+01     1.8707      0.008      0.012    24.2382   997.2566 0.0000e+00
      0.010      0.000     7.9247     94.513     34.489  33.944765     1.0882      9.621   195.7897 9.8153e+01     1.8602      0.009      0.013    24.2334   997.2578 0.0000e+00
      0.011      0.001     7.9317     94.581     34.496  33.944652     1.0946      9.611   196.0557 9.7947e+01     1.8307      0.011      0.015    24.2279   997.2592 0.0000e+00
      0.012      0.003     7.9345     94.597     34.507  33.949636     1.1207      9.600   196.4527 9.3909e+01     1.8089      0.012      0.017    24.2219   997.2607 0.0000e+00
      0.013      0.004     7.9315     94.549     34.504  33.941555     1.1359      9.589   196.8043 9.1684e+01     1.8258      0.013      0.018    24.2144   997.2626 0.0000e+00
      0.013      0.004     7.9254     94.466     34.476  33.910401     1.1391      9.579   197.1234 9.2353e+01     1.8380      0.013      0.018    24.2050   997.2649 0.0000e+00
      0.014      0.003     7.9210     94.405     34.459  33.890266     1.1411      9.570   197.3855 9.0946e+01     1.8250      0.013      0.019    24.1956   997.2673 0.0000e+00
      0.016      0.001     7.9190     94.374     34.461  33.888487     1.1433      9.561   197.5637 8.8210e+01     1.8322      0.016      0.023    24.1862   997.2696 0.0000e+00
      0.017     -0.002     7.9137     94.306     34.463  33.888893     1.1493      9.554   197.8147 8.5310e+01     1.8603      0.018      0.026    24.1787   997.2715 0.0000e+00
      0.017     -0.004     7.8993     94.130     34.471  33.895172     1.1527      9.546   198.1839 8.5743e+01     1.9033      0.018      0.026    24.1737   997.2727 0.0000e+00
      0.015     -0.005     7.8737     93.820     34.478  33.900942     1.1672      9.538   198.5000 8.9258e+01     1.9253      0.016      0.022    24.1683   997.2740 0.0000e+00
      0.010     -0.005     7.8380     93.395     34.473  33.895183     1.1942      9.529   198.7980 9.0886e+01     1.8972      0.010      0.014    24.1631   997.2753 0.0000e+00
      0.007     -0.004     7.7969     92.911     34.464  33.889006     1.2019      9.521   199.0338 9.2010e+01     1.8572      0.006      0.009    24.1610   997.2758 0.0000e+00
      0.007     -0.002     7.7559     92.434     34.460  33.889734     1.1996      9.513   199.2000 9.4047e+01     1.8349      0.007      0.010    24.1593   997.2762 0.0000e+00
      0.008      0.000     7.7212     92.036     34.468  33.903987     1.2094      9.505   199.5160 9.6311e+01     1.8252      0.008      0.013    24.1563   997.2771 0.0000e+00
      0.010      0.002     7.6982     91.781     34.491  33.934412     1.2161      9.498   199.7572 9.6865e+01     1.8056      0.010      0.015    24.1552   997.2773 0.0000e+00
      0.011      0.002     7.6903     91.706     34.488  33.940294     1.2112      9.491   199.8795 9.4114e+01     1.7943      0.011      0.015    24.1586   997.2764 0.0000e+00
      0.011      0.001     7.6965     91.797     34.453  33.911656     1.2107      9.483   200.1347 9.2439e+01     1.8194      0.011      0.016    24.1662   997.2745 0.0000e+00
      0.011      0.000     7.7113     91.984     34.443  33.905481     1.2099      9.474   200.4344 9.3692e+01     1.8469      0.011      0.016    24.1751   997.2724 0.0000e+00
      0.011 -1.198e-08     7.7269     92.177     34.464  33.929096     1.2018      9.466   200.6637 9.3914e+01     1.8327      0.011      0.015    24.1869   997.2694 0.0000e+00
      0.010 -1.318e-07     7.7334     92.260     34.476  33.943339     1.2000      9.459   200.8412 9.3436e+01     1.8116      0.009      0.014    24.1997   997.2662 0.0000e+00
      0.010     -0.000     7.7206     92.112     34.482  33.950760     1.2049      9.452   201.1180 9.4117e+01     1.8210      0.009      0.014    24.2095   997.2639 0.0000e+00
