Data/DataAlreadyUploadedToEDI/CollatedDataForEDI/CTDData/CTD_2019 (not collated)/062419_fcr20.cnv
* Sea-Bird SBE19plus  Data File:
* FileName = C:\DATA\062419_fcr50_0004.hex
* Software version 2.8.0.119 SB_Terminal.dll
* Temperature SN = 7809
* Conductivity SN = 7809
* System UpLoad Time = Jun 24 2019 17:08:16
* <ApplicationData>
* <Seaterm232>
# nquan = 16
# nvalues = 449                         
# units = specified
# name 0 = depFM: Depth [fresh water, m]
# name 1 = dz/dtM: Descent Rate [m/s]
# name 2 = sbeox0Mg/L: Oxygen, SBE 43 [mg/l]
# name 3 = sbeox0PS: Oxygen, SBE 43 [% saturation]
# name 4 = specc: Specific Conductance [uS/cm]
# name 5 = c0uS/cm: Conductivity [uS/cm]
# name 6 = flECO-AFL: Fluorescence, WET Labs ECO-AFL/FL [mg/m^3]
# name 7 = ph: pH
# name 8 = orp: Oxidation Reduction Potential [mV]
# name 9 = par/sat/log: PAR/Logarithmic, Satlantic
# name 10 = turbWETntu0: Turbidity, WET Labs ECO [NTU]
# name 11 = prdM: Pressure, Strain Gauge [db]
# name 12 = prdE: Pressure, Strain Gauge [psi]
# name 13 = tv290C: Temperature [ITS-90, deg C]
# name 14 = density00: Density [density, kg/m^3]
# name 15 = flag:  0.000e+00
# span 0 =     -0.609,      3.204       
# span 1 =     -0.096,      0.231       
# span 2 =    -1.4214,    12.7905       
# span 3 =    -14.600,    139.556       
# span 4 =      1.223,    185.572       
# span 5 =   1.207647, 153.981117       
# span 6 =    -0.8434,     3.1256       
# span 7 =      7.108,     10.164       
# span 8 = -1240.7455,   265.9904       
# span 9 = 3.9464e+01, 2.1509e+03       
# span 10 =    -2.2578,     4.8606      
# span 11 =     -0.597,      3.143      
# span 12 =     -0.867,      4.558      
# span 13 =    16.4640,    24.8588      
# span 14 =   997.1003,   998.9506      
# span 15 = 0.0000e+00, 0.0000e+00      
# interval = seconds: 0.25
# start_time = Jun 24 2019 11:24:56 [Instrument's time stamp, header]
# bad_flag = -9.990e-29
*END*
[from data line 91]
      0.011      0.006     7.5702     91.178     35.116  34.932947     1.2672      9.749   198.4097 7.4271e+01     1.8615      0.012      0.018    24.7576   997.1263 0.0000e+00
      0.011      0.007     7.4851     90.132     35.086  34.894754     1.2709      9.741   198.5702 7.2799e+01     1.9937      0.010      0.015    24.7584   997.1261 0.0000e+00
      0.011      0.008     7.4247     89.389     35.066  34.868203     1.2676      9.734   198.6626 7.2209e+01     2.0416      0.010      0.014    24.7555   997.1268 0.0000e+00
      0.013      0.009     7.4026     89.112     35.068  34.865780     1.2701      9.729   198.7517 7.2862e+01     2.0143      0.013      0.019    24.7472   997.1290 0.0000e+00
      0.018      0.010     7.4218     89.336     35.070  34.865445     1.2926      9.721   198.9594 7.3327e+01     1.9592      0.018      0.026    24.7346   997.1322 0.0000e+00
      0.022      0.010     7.4724     89.940     35.071  34.864157     1.3233      9.711   199.1958 7.2241e+01     1.8670      0.022      0.032    24.7221   997.1354 0.0000e+00
      0.024      0.009     7.5420     90.774     35.059  34.850205     1.3373      9.702   199.4582 7.0583e+01     1.8175      0.024      0.035    24.7119   997.1379 0.0000e+00
      0.026      0.007     7.6189     91.694     35.035  34.823674     1.3324      9.693   199.7230 7.0248e+01     1.8195      0.026      0.038    24.7055   997.1395 0.0000e+00
      0.028      0.004     7.6910     92.555     35.012  34.797237     1.3155      9.687   199.9885 7.1253e+01     1.8578      0.028      0.040    24.7016   997.1405 0.0000e+00
      0.028      0.001     7.7511     93.269     35.002  34.784419     1.2983      9.682   200.2592 7.2111e+01     1.9537      0.028      0.040    24.6992   997.1412 0.0000e+00
      0.028     -0.001     7.7987     93.830     35.018  34.795615     1.2883      9.676   200.5017 7.2575e+01     2.0287      0.028      0.040    24.6966   997.1418 0.0000e+00
      0.027     -0.002     7.8318     94.210     35.035  34.805676     1.2823      9.668   200.6833 7.2938e+01     2.0433      0.027      0.039    24.6931   997.1427 0.0000e+00
      0.026     -0.002     7.8474     94.372     35.018  34.779116     1.2768      9.661   200.8196 7.3364e+01     2.0323      0.025      0.037    24.6895   997.1436 0.0000e+00
      0.025     -0.001     7.8505     94.385     34.977  34.728335     1.2748      9.655   201.0311 7.4179e+01     1.9929      0.025      0.036    24.6841   997.1449 0.0000e+00
      0.025     -0.001     7.8493     94.353     34.955  34.699402     1.2753      9.650   201.2618 7.4424e+01     1.9609      0.024      0.034    24.6781   997.1465 0.0000e+00
      0.026     -0.001     7.8494     94.342     34.944  34.683143     1.2658      9.648   201.3723 7.3342e+01     1.9724      0.025      0.036    24.6698   997.1486 0.0000e+00
      0.026      0.000     7.8549     94.391     34.927  34.658682     1.2635      9.646   201.4201 7.2421e+01     2.0010      0.026      0.038    24.6522   997.1530 0.0000e+00
      0.026 -1.864e-08     7.8640     94.482     34.933  34.657498     1.2734      9.642   201.5823 7.2756e+01     1.9456      0.025      0.037    24.6352   997.1573 0.0000e+00
      0.025 -2.050e-07     7.8694     94.529     34.951  34.668817     1.2731      9.637   201.8705 7.4036e+01     1.8280      0.025      0.036    24.6283   997.1590 0.0000e+00
      0.025 -2.047e-07     7.8653     94.459     34.959  34.668583     1.2770      9.630   202.0659 7.4674e+01     1.7918      0.024      0.035    24.6225   997.1605 0.0000e+00
      0.025 -1.525e-08     7.8481     94.225     34.956  34.654660     1.2859      9.623   202.2229 7.3112e+01     1.8032      0.024      0.035    24.6115   997.1632 0.0000e+00
      0.026 3.5561e-08     7.8131     93.768     34.944  34.627396     1.2669      9.615   202.5649 7.1108e+01     1.8018      0.025      0.037    24.6000   997.1661 0.0000e+00
      0.026 4.0965e-07     7.7586     93.069     34.927  34.592772     1.2297      9.606   202.9310 7.1996e+01     1.8073      0.025      0.037    24.5912   997.1684 0.0000e+00
      0.025      0.000     7.6892     92.190     34.906  34.553332     1.2090      9.599   203.1220 7.4421e+01     1.8364      0.025      0.036    24.5806   997.1711 0.0000e+00
      0.025      0.000     7.6125     91.230     34.901  34.531310     1.2078      9.593   203.2395 7.4468e+01     1.8591      0.025      0.036    24.5647   997.1752 0.0000e+00
      0.025      0.001     7.5372     90.297     34.899  34.516879     1.2242      9.588   203.4057 7.2653e+01     1.8527      0.025      0.036    24.5432   997.1805 0.0000e+00
      0.025      0.001     7.4710     89.482     34.897  34.505757     1.2514      9.584   203.5824 7.1324e+01     1.8243      0.025      0.036    24.5164   997.1872 0.0000e+00
      0.026      0.001     7.4148     88.798     34.920  34.523745     1.2672      9.579   203.7413 7.0229e+01     1.7774      0.025      0.037    24.4873   997.1945 0.0000e+00
      0.026      0.001     7.3652     88.202     34.941  34.543974     1.2681      9.573   203.9507 6.9076e+01     1.7774      0.026      0.038    24.4624   997.2007 0.0000e+00
      0.027      0.001     7.3217     87.684     34.956  34.559949     1.2362      9.566   204.1350 6.9158e+01     1.8239      0.027      0.039    24.4444   997.2053 0.0000e+00
      0.027      0.001     7.2845     87.241     34.986  34.589955     1.1772      9.560   204.2490 6.9779e+01     1.8490      0.027      0.039    24.4320   997.2084 0.0000e+00
      0.026      0.001     7.2489     86.812     34.986  34.589445     1.1524      9.553   204.4683 7.0489e+01     1.8514      0.026      0.038    24.4253   997.2101 0.0000e+00
      0.026      0.001     7.2104     86.346     34.951  34.553791     1.1616      9.544   204.7217 7.1627e+01     1.8529      0.026      0.038    24.4252   997.2102 0.0000e+00
      0.027      0.001     7.1675     85.826     34.940  34.539652     1.1935      9.536   204.9032 7.2147e+01     1.8342      0.027      0.039    24.4282   997.2094 0.0000e+00
      0.028      0.001     7.1216     85.270     34.950  34.545422     1.2427      9.530   205.0290 7.1193e+01     1.7897      0.028      0.040    24.4296   997.2091 0.0000e+00
      0.028      0.001     7.0758     84.716     34.967  34.560081     1.2628      9.524   205.2100 6.9058e+01     1.7730      0.028      0.040    24.4284   997.2095 0.0000e+00
      0.028      0.000     7.0295     84.158     34.999  34.589957     1.2623      9.517   205.5430 6.7397e+01     1.7962      0.028      0.040    24.4251   997.2102 0.0000e+00
      0.029      0.000     6.9802     83.569     34.998  34.589321     1.2629      9.511   205.6996 6.7097e+01     1.8073      0.029      0.041    24.4206   997.2113 0.0000e+00
      0.029      0.000     6.9280     82.946     34.959  34.552391     1.2439      9.507   205.4690 6.8112e+01     1.8095      0.028      0.041    24.4158   997.2125 0.0000e+00
      0.028      0.004     6.8748     82.310     34.931  34.524234     1.2146      9.498   205.2505 7.0158e+01     1.8230      0.028      0.040    24.4119   997.2135 0.0000e+00
      0.027      0.008     6.8267     81.730     34.911  34.502745     1.2045      9.482   205.3806 7.1302e+01     1.8391      0.026      0.038    24.4093   997.2142 0.0000e+00
      0.027      0.011     6.7887     81.270     34.893  34.482969     1.2076      9.465   205.5796 6.9665e+01     1.8400      0.024      0.035    24.4098   997.2141 0.0000e+00
      0.032      0.011     6.7588     80.908     34.887  34.475510     1.2259      9.455   205.7630 6.5919e+01     1.8007      0.029      0.042    24.4138   997.2130 0.0000e+00
      0.042      0.010     6.7322     80.582     34.891  34.476017     1.2524      9.453   206.0500 6.2493e+01     1.7581      0.043      0.063    24.4139   997.2131 0.0000e+00
      0.049      0.008     6.7050     80.247     34.909  34.489106     1.2598      9.453   206.2096 6.1250e+01     1.7837      0.051      0.075    24.4081   997.2146 0.0000e+00
      0.047      0.005     6.6736     79.866     34.929  34.506830     1.2623      9.452   206.3159 6.1391e+01     1.8157      0.048      0.070    24.4064   997.2150 0.0000e+00
      0.042      0.002     6.6366     79.421     34.923  34.499918     1.2740      9.448   206.5612 6.1473e+01     1.7845      0.039      0.057    24.4063   997.2150 0.0000e+00
      0.039     -0.001     6.5955     78.927     34.893  34.468986     1.2801      9.441   206.7661 6.0537e+01     1.7674      0.036      0.052    24.3991   997.2167 0.0000e+00
      0.040     -0.001     6.5510     78.392     34.875  34.450165     1.2765      9.434   206.9875 5.8783e+01     1.7716      0.040      0.057    24.3917   997.2185 0.0000e+00
      0.044      0.000     6.5034     77.819     34.890  34.462745     1.2726      9.428   207.2582 5.8125e+01     1.7706      0.044      0.063    24.3889   997.2194 0.0000e+00
      0.045      0.001     6.4528     77.211     34.923  34.494155     1.2851      9.421   207.4577 5.8766e+01     1.7876      0.046      0.067    24.3877   997.2196 0.0000e+00
      0.045      0.000     6.4007     76.586     34.942  34.512612     1.3156      9.415   207.6796 5.9321e+01     1.8134      0.045      0.065    24.3868   997.2198 0.0000e+00
      0.043     -0.001     6.3512     75.996     34.924  34.495512     1.3378      9.407   207.7904 5.9298e+01     1.8205      0.043      0.062    24.3846   997.2204 0.0000e+00
      0.042     -0.001     6.3062     75.461     34.904  34.477798     1.3449      9.400   207.8507 5.9242e+01     1.8075      0.041      0.060    24.3813   997.2212 0.0000e+00
      0.042      0.000     6.2640     74.957     34.914  34.488837     1.3500      9.394   208.0647 5.9156e+01     1.8200      0.041      0.059    24.3791   997.2217 0.0000e+00
      0.042      0.001     6.2236     74.476     34.926  34.502051     1.3561      9.387   208.2259 5.8431e+01     1.8404      0.041      0.060    24.3793   997.2217 0.0000e+00
      0.043      0.002     6.1849     74.016     34.934  34.510638     1.3572      9.379   208.3372 5.7447e+01     1.8243      0.042      0.061    24.3811   997.2212 0.0000e+00
      0.044      0.002     6.1465     73.558     34.952  34.529193     1.3458      9.369   208.5502 5.7715e+01     1.7896      0.043      0.062    24.3833   997.2207 0.0000e+00
      0.044      0.002     6.1102     73.126     34.958  34.536013     1.3322      9.360   208.8226 5.8940e+01     1.7822      0.044      0.063    24.3853   997.2202 0.0000e+00
      0.045      0.001     6.0768     72.728     34.950  34.529628     1.3225      9.354   209.0496 5.9219e+01     1.8658      0.044      0.064    24.3870   997.2198 0.0000e+00
      0.045      0.000     6.0449     72.348     34.935  34.515460     1.3068      9.350   209.1448 5.8941e+01     1.9803      0.045      0.065    24.3890   997.2193 0.0000e+00
      0.045 2.0658e-08     6.0158     72.002     34.910  34.491644     1.2895      9.345   209.1983 5.9208e+01     2.0202      0.045      0.065    24.3906   997.2189 0.0000e+00
      0.044 2.2724e-07     5.9885     71.677     34.912  34.495531     1.2782      9.340   209.3525 6.0145e+01     2.0195      0.043      0.062    24.3919   997.2186 0.0000e+00
      0.044 2.6446e-07     5.9611     71.354     34.914  34.498992     1.2735      9.335   209.5458 6.0863e+01     2.0379      0.042      0.061    24.3927   997.2184 0.0000e+00
      0.044 4.7077e-07     5.9346     71.039     34.883  34.470030     1.2757      9.330   209.7292 5.9853e+01     2.0784      0.043      0.062    24.3931   997.2183 0.0000e+00
      0.044      0.000     5.9093     70.741     34.873  34.462681     1.2790      9.326   209.8498 5.7987e+01     2.1162      0.044      0.063    24.3945   997.2179 0.0000e+00
      0.045      0.000     5.8856     70.461     34.882  34.473603     1.2785      9.323   209.8857 5.7361e+01     2.1356      0.045      0.065    24.3970   997.2172 0.0000e+00
      0.045      0.001     5.8626     70.189     34.882  34.475163     1.2792      9.320   209.9903 5.8049e+01     2.0832      0.044      0.064    24.3999   997.2166 0.0000e+00
      0.044      0.002     5.8389     69.908     34.887  34.481547     1.2788      9.316   210.1679 5.8730e+01     1.9414      0.043      0.062    24.4030   997.2158 0.0000e+00
      0.044      0.003     5.8150     69.623     34.891  34.487325     1.2735      9.314   210.3126 5.8443e+01     1.8298      0.043      0.062    24.4057   997.2151 0.0000e+00
      0.045      0.003     5.7925     69.356     34.884  34.481555     1.2759      9.311   210.4491 5.7979e+01     1.8158      0.044      0.065    24.4082   997.2145 0.0000e+00
      0.048      0.003     5.7718     69.110     34.877  34.475265     1.3075      9.307   210.6143 5.8274e+01     1.8373      0.047      0.068    24.4109   997.2138 0.0000e+00
      0.050      0.003     5.7534     68.891     34.876  34.474745     1.3613      9.302   210.7617 5.8718e+01     1.8602      0.049      0.071    24.4135   997.2132 0.0000e+00
      0.050      0.002     5.7373     68.700     34.876  34.475265     1.3975      9.296   210.9404 5.9020e+01     1.8627      0.050      0.072    24.4155   997.2127 0.0000e+00
      0.050      0.000     5.7213     68.511     34.881  34.481555     1.4077      9.291   211.0538 5.9502e+01     1.8357      0.049      0.071    24.4169   997.2123 0.0000e+00
      0.049     -0.001     5.7070     68.341     34.885  34.487325     1.4058      9.287   211.1005 5.9736e+01     1.8279      0.048      0.070    24.4179   997.2121 0.0000e+00
      0.048     -0.001     5.6951     68.200     34.879  34.481560     1.4007      9.284   211.2464 5.8807e+01     1.8349      0.047      0.069    24.4186   997.2119 0.0000e+00
      0.048     -0.001     5.6843     68.073     34.872  34.475317     1.3972      9.282   211.4417 5.8137e+01     1.8541      0.047      0.068    24.4197   997.2116 0.0000e+00
      0.049     -0.001     5.6745     67.958     34.871  34.475317     1.3989      9.280   211.6550 5.9433e+01     1.8641      0.048      0.069    24.4212   997.2112 0.0000e+00
      0.049     -0.001     5.6649     67.844     34.876  34.481558     1.3953      9.278   211.8458 6.1776e+01     1.8247      0.048      0.069    24.4229   997.2108 0.0000e+00
      0.048     -0.001     5.6542     67.718     34.880  34.487323     1.3534      9.274   212.0288 6.4206e+01     1.8038      0.047      0.069    24.4243   997.2105 0.0000e+00
      0.047     -0.001     5.6437     67.594     34.874  34.481547     1.2910      9.270   212.2325 6.6542e+01     1.8080      0.046      0.067    24.4259   997.2100 0.0000e+00
      0.047     -0.001     5.6353     67.494     34.867  34.475186     1.2657      9.266   212.3295 6.8234e+01     1.8099      0.045      0.066    24.4274   997.2097 0.0000e+00
      0.047     -0.000     5.6280     67.408     34.865  34.473881     1.2730      9.263   212.4273 6.8738e+01     1.8263      0.046      0.067    24.4284   997.2094 0.0000e+00
      0.047      0.000     5.6205     67.320     34.856  34.465771     1.3008      9.260   212.6404 6.7845e+01     1.8098      0.046      0.067    24.4298   997.2091 0.0000e+00
      0.048      0.001     5.6133     67.233     34.766  34.377135     1.3493      9.258   212.7551 6.6146e+01     1.7746      0.047      0.068    24.4313   997.2087 0.0000e+00
      0.048      0.001     5.6158     67.237     34.565  34.163770     1.3837      9.256   212.8680 6.5517e+01     1.7608      0.047      0.068    24.4329   997.2082 0.0000e+00
      0.048      0.001     5.6913     68.037     34.435  33.980320     1.3958      9.256   213.0595 6.6196e+01     1.7748      0.047      0.069    24.4339   997.2080 0.0000e+00
      0.048      0.001     5.9725     71.202     34.490  33.935978     1.4003      9.256   213.1773 6.7398e+01     1.8117      0.047      0.069    24.4356   997.2076 0.0000e+00
