Data/DataAlreadyUploadedToEDI/CollatedDataForEDI/CTDData/CTD_2019 (not collated)/062419_fcr20.cnv
* Sea-Bird SBE19plus  Data File:
* FileName = C:\DATA\062419_fcr50_0004.hex
* Software version 2.8.0.119 SB_Terminal.dll
* Temperature SN = 7809
* Conductivity SN = 7809
* System UpLoad Time = Jun 24 2019 17:08:16
* <ApplicationData>
* <Seaterm232>
# nquan = 16
# nvalues = 449                         
# units = specified
# name 0 = depFM: Depth [fresh water, m]
# name 1 = dz/dtM: Descent Rate [m/s]
# name 2 = sbeox0Mg/L: Oxygen, SBE 43 [mg/l]
# name 3 = sbeox0PS: Oxygen, SBE 43 [% saturation]
# name 4 = specc: Specific Conductance [uS/cm]
# name 5 = c0uS/cm: Conductivity [uS/cm]
# name 6 = flECO-AFL: Fluorescence, WET Labs ECO-AFL/FL [mg/m^3]
# name 7 = ph: pH
# name 8 = orp: Oxidation Reduction Potential [mV]
# name 9 = par/sat/log: PAR/Logarithmic, Satlantic
# name 10 = turbWETntu0: Turbidity, WET Labs ECO [NTU]
# name 11 = prdM: Pressure, Strain Gauge [db]
# name 12 = prdE: Pressure, Strain Gauge [psi]
# name 13 = tv290C: Temperature [ITS-90, deg C]
# name 14 = density00: Density [density, kg/m^3]
# name 15 = flag:  0.000e+00
# span 0 =     -0.609,      3.204       
# span 1 =     -0.096,      0.231       
# span 2 =    -1.4214,    12.7905       
# span 3 =    -14.600,    139.556       
# span 4 =      1.223,    185.572       
# span 5 =   1.207647, 153.981117       
# span 6 =    -0.8434,     3.1256       
# span 7 =      7.108,     10.164       
# span 8 = -1240.7455,   265.9904       
# span 9 = 3.9464e+01, 2.1509e+03       
# span 10 =    -2.2578,     4.8606      
# span 11 =     -0.597,      3.143      
# span 12 =     -0.867,      4.558      
# span 13 =    16.4640,    24.8588      
# span 14 =   997.1003,   998.9506      
# span 15 = 0.0000e+00, 0.0000e+00      
# interval = seconds: 0.25
# start_time = Jun 24 2019 11:24:56 [Instrument's time stamp, header]
# bad_flag = -9.990e-29
*END*
     -0.608 9.4905e-19     8.0712     96.554      1.286   1.269925    -0.1126      7.134 -1240.7455 1.3536e+02    -0.5086     -0.597     -0.865    24.3696   997.2123 0.0000e+00
     -0.608 8.6275e-20     8.0701     96.543      1.348   1.331663    -0.1202      7.138 -1240.7455 1.3229e+02    -0.5288     -0.597     -0.865    24.3698   997.2122 0.0000e+00
     -0.608 7.8435e-21     8.0687     96.529      1.323   1.306696    -0.1148      7.136 -1240.7455 1.3500e+02    -0.5263     -0.596     -0.865    24.3701   997.2122 0.0000e+00
     -0.608 7.1304e-22     8.0696     96.541      1.301   1.284852    -0.1168      7.128 -1240.7455 1.4022e+02    -0.5104     -0.596     -0.865    24.3704   997.2120 0.0000e+00
     -0.608 6.4747e-23     8.0708     96.556      1.273   1.257631    -0.1263      7.124 -1240.7455 1.3670e+02    -0.5008     -0.597     -0.865    24.3713   997.2119 0.0000e+00
     -0.608 5.0889e-24     8.0703     96.551      1.246   1.231007    -0.1261      7.133 -1240.7455 1.2347e+02    -0.5079     -0.596     -0.864    24.3732   997.2114 0.0000e+00
     -0.609 -8.309e-24     8.0693     96.538      1.231   1.216392    -0.1231      7.140 -1240.7455 1.1340e+02    -0.4981     -0.597     -0.865    24.3749   997.2109 0.0000e+00
     -0.609 -9.725e-23     8.0683     96.527      1.223   1.207647    -0.1158      7.141 -1240.7455 1.1805e+02    -0.4806     -0.597     -0.866    24.3757   997.2107 0.0000e+00
     -0.608 -1.070e-21     8.0687     96.534      1.268   1.251991    -0.1079      7.142 -1240.7455 1.5855e+02    -0.4615     -0.597     -0.865    24.3761   997.2106 0.0000e+00
     -0.608 -1.177e-20     8.0693     96.544      1.326   1.309022    -0.1147      7.142 -1240.7455 4.7441e+02    -0.4631     -0.596     -0.865    24.3760   997.2107 0.0000e+00
     -0.608 -1.295e-19     8.0688     96.539      1.344   1.326962    -0.1197      7.142 -1240.7455 8.7949e+02    -0.4994     -0.597     -0.865    24.3762   997.2106 0.0000e+00
     -0.608 -1.424e-18     8.0673     96.522      1.359   1.342180    -0.1154      7.139 -1240.7455 7.4171e+02    -0.5407     -0.596     -0.865    24.3763   997.2106 0.0000e+00
     -0.608 -1.567e-17     8.0653     96.499      1.383   1.366303    -0.1237      7.137 -1240.7455 3.4386e+02    -0.5686     -0.597     -0.865    24.3774   997.2104 0.0000e+00
     -0.608 -1.724e-16     8.0647     96.492      1.382   1.365186    -0.1333      7.136 -1240.7455 1.9909e+02    -0.5417     -0.597     -0.866    24.3792   997.2099 0.0000e+00
     -0.608 -1.896e-15     8.0655     96.502      1.345   1.328667    -0.1448      7.135 -1240.7455 1.9252e+02    -0.5109     -0.596     -0.865    24.3802   997.2097 0.0000e+00
     -0.608 -2.086e-14     8.0669     96.520      1.321   1.304922    -0.3242      7.132 -1240.7455 1.9572e+02    -0.5894     -0.597     -0.866    24.3804   997.2096 0.0000e+00
     -0.608 -2.294e-13     8.0686     96.541      1.348   1.331533    -0.6630      7.131 -1240.7455 2.0520e+02    -0.7053     -0.596     -0.865    24.3805   997.2095 0.0000e+00
     -0.608 -2.524e-12     8.0707     96.569      1.414   1.396980    -0.8434      7.132 -1240.7455 2.4797e+02    -0.7312     -0.597     -0.866    24.3806   997.2095 0.0000e+00
     -0.608 -2.776e-11     8.0715     96.581      1.480   1.462624    -0.8324      7.136 -1240.7455 5.7660e+02    -0.6407     -0.596     -0.865    24.3809   997.2095 0.0000e+00
     -0.608 -3.054e-10     8.0708     96.575      1.510   1.491615    -0.5993      7.139 -1240.7455 1.1504e+03     0.2583     -0.596     -0.865    24.3812   997.2094 0.0000e+00
     -0.608 -3.359e-09     8.0695     96.560      1.512   1.494063    -0.1662      7.139 -1240.7455 1.3472e+03     1.8793     -0.596     -0.865    24.3818   997.2092 0.0000e+00
     -0.608 -3.695e-08     8.0673     96.534      1.511   1.492221     0.0779      7.140 -1240.7455 1.1334e+03     2.7370     -0.596     -0.865    24.3833   997.2088 0.0000e+00
     -0.608 -4.064e-07     8.0658     96.518      1.488   1.469345     0.1068      7.142 -1240.7455 1.0021e+03     2.7957     -0.596     -0.865    24.3852   997.2084 0.0000e+00
     -0.608     -0.000     8.0650     96.511      1.489   1.470910     0.1140      7.146 -1240.7455 1.1129e+03     2.6874     -0.596     -0.864    24.3865   997.2081 0.0000e+00
     -0.608     -0.000     8.0643     96.506      1.657   1.637867     0.1400      7.151 -1240.7455 1.3907e+03     1.3953     -0.596     -0.864    24.3869   997.2080 0.0000e+00
     -0.608     -0.001     8.0643     96.508      1.927   1.903956     0.1950      7.151 -1240.7455 1.6484e+03    -0.9637     -0.596     -0.864    24.3875   997.2079 0.0000e+00
     -0.608     -0.001     8.0648     96.515      2.052   2.026947     0.2334      7.147 -1240.7455 1.4887e+03    -2.2064     -0.596     -0.865    24.3883   997.2076 0.0000e+00
     -0.609     -0.000     8.0660     96.531      2.072   2.047773     0.2395      7.142 -1240.7455 8.6596e+02    -2.2578     -0.597     -0.866    24.3893   997.2074 0.0000e+00
     -0.609 -1.847e-08     8.0675     96.550      2.182   2.155763     0.1567      7.129 -1240.7455 4.1265e+02    -1.8473     -0.597     -0.866    24.3909   997.2070 0.0000e+00
     -0.609 -2.032e-07     8.0680     96.556      2.283   2.255469    -0.0044      7.108 -1240.7455 7.8156e+02    -1.0119     -0.597     -0.866    24.3922   997.2067 0.0000e+00
     -0.608 -2.032e-07     8.0683     96.561      2.203   2.176129    -0.0881      7.118 -1240.7455 1.6505e+03    -0.5151     -0.596     -0.865    24.3931   997.2065 0.0000e+00
     -0.608 -1.847e-08     8.0678     96.556      2.045   2.020198    -0.1008      7.177 -1240.7455 1.6202e+03    -0.4606     -0.596     -0.865    24.3937   997.2063 0.0000e+00
     -0.609 -1.636e-09     8.0666     96.541      1.978   1.954207    -0.1150      7.217 -1240.7455 6.9025e+02    -0.4843     -0.597     -0.866    24.3940   997.2062 0.0000e+00
     -0.609 3.2702e-10     8.0663     96.539      1.973   1.948501    -0.1118      7.208 -1240.7455 1.6300e+02    -0.5066     -0.597     -0.866    24.3946   997.2061 0.0000e+00
     -0.609 5.2630e-09     8.0667     96.545      1.911   1.887846    -0.0973      7.185 -1240.7455 1.1610e+02    -0.5005     -0.597     -0.866    24.3951   997.2060 0.0000e+00
     -0.608 5.8045e-08     8.0664     96.543      1.813   1.791097    -0.0962      7.170 -1240.7453 1.2477e+02    -0.5086     -0.596     -0.865    24.3955   997.2058 0.0000e+00
     -0.608 6.3851e-07     8.0660     96.539      1.750   1.729164    -0.1062      7.162 -1240.7428 1.8655e+02    -0.5066     -0.596     -0.865    24.3958   997.2058 0.0000e+00
     -0.608      0.000     8.0665     96.548      1.730   1.709280    -0.1149      7.166 -1240.7162 6.8045e+02    -0.4768     -0.597     -0.867    24.3962   997.2057 0.0000e+00
     -0.608      0.000     8.0674     96.562      1.761   1.740765    -0.1225      7.312 -1240.4233 1.5362e+03    -0.4759     -0.596     -0.866    24.3968   997.2055 0.0000e+00
     -0.609      0.001     8.0671     96.562      1.814   1.793040    -0.1291      7.616 -1237.2018 1.5533e+03    -0.4960     -0.597     -0.865    24.3975   997.2053 0.0000e+00
     -0.609      0.004     8.0656     96.547      2.048   2.024522    -0.1253      7.835 -1201.7651 7.0199e+02    -0.4898     -0.597     -0.866    24.3990   997.2049 0.0000e+00
     -0.608      0.013     8.0638     96.537      4.912   4.856402    -0.1025      7.996  -811.9616 1.9630e+02    -0.3354     -0.596     -0.865    24.4000   997.2048 0.0000e+00
     -0.608      0.031     8.0579     96.533     12.968  12.836385    -0.0795      8.306  -111.0968 1.3767e+02    -0.0054     -0.597     -0.866    24.4024   997.2041 0.0000e+00
     -0.605      0.063     8.0437     96.529     23.652  23.453902    -0.0716      8.749   245.0752 1.3016e+02     0.2228     -0.594     -0.861    24.4027   997.2041 0.0000e+00
     -0.595      0.105     8.0244     96.516     31.463  31.262731    -0.0512      9.189   252.7822 1.8238e+02     0.2932     -0.588     -0.854    24.4058   997.2033 0.0000e+00
     -0.571      0.151     8.0088     96.502     34.207  34.047271     0.0982      9.530   245.7113 7.1163e+02     0.8466     -0.570     -0.827    24.4038   997.2040 0.0000e+00
     -0.524      0.192     8.0059     96.548     34.411  34.279851     0.3571      9.768   242.0074 1.6586e+03     1.8992     -0.522     -0.757    24.4206   997.2021 0.0000e+00
     -0.454      0.220     8.0200     96.708     34.400  34.265266     0.4948      9.933   239.0590 2.1509e+03     2.4676     -0.449     -0.652    24.5273   997.1793 0.0000e+00
     -0.375      0.231     8.0495     96.994     34.414  34.251715     0.5145     10.043   236.8214 1.9833e+03     2.5079     -0.365     -0.529    24.6740   997.1454 0.0000e+00
     -0.301      0.225     8.0914     97.405     34.441  34.242884     0.6740     10.113   235.6875 1.3921e+03     2.4193     -0.289     -0.420    24.7775   997.1197 0.0000e+00
     -0.243      0.203     8.1404     97.906     34.454  34.221907     0.9754     10.148   235.4160 8.9901e+02     2.2153     -0.231     -0.336    24.8231   997.1082 0.0000e+00
     -0.202      0.170     8.1882     98.411     34.447  34.188424     1.1405     10.162   235.3450 7.5301e+02     2.0740     -0.196     -0.285    24.8095   997.1120 0.0000e+00
     -0.168      0.133     8.2299     98.864     34.432  34.155333     1.1531     10.164   235.2599 4.6820e+02     2.0545     -0.166     -0.241    24.7622   997.1240 0.0000e+00
     -0.137      0.100     8.2641     99.246     34.426  34.139100     1.1798     10.160   235.0754 1.8975e+02     2.0772     -0.131     -0.189    24.7057   997.1385 0.0000e+00
     -0.114      0.073     8.2880     99.516     34.412  34.119069     1.2375     10.153   234.4051 1.3661e+02     2.0866     -0.107     -0.157    24.6540   997.1517 0.0000e+00
     -0.102      0.050     8.3014     99.663     34.401  34.103514     1.2706     10.145   233.3500 1.2885e+02     2.0698     -0.098     -0.143    24.6148   997.1618 0.0000e+00
     -0.095      0.030     8.3054     99.702     34.442  34.141423     1.2685     10.133   232.4707 1.2649e+02     2.0380     -0.093     -0.135    24.5888   997.1684 0.0000e+00
     -0.092      0.013     8.3020     99.662     34.562  34.260087     1.2470     10.115   232.2057 1.2606e+02     1.9635     -0.088     -0.129    24.5752   997.1717 0.0000e+00
     -0.092      0.001     8.2882     99.523     34.882  34.586302     1.2185     10.095   232.3821 1.2633e+02     1.8571     -0.090     -0.131    24.5682   997.1735 0.0000e+00
     -0.095     -0.006     8.2571     99.220     35.439  35.166233     1.2099     10.076   232.5387 1.2728e+02     1.8007     -0.093     -0.135    24.5609   997.1754 0.0000e+00
     -0.098     -0.010     8.2178     98.851     35.987  35.750403     1.2114     10.061   232.3779 1.2874e+02     1.8065     -0.096     -0.139    24.5552   997.1768 0.0000e+00
     -0.103     -0.011     8.1760     98.450     36.326  36.127770     1.2029     10.047   231.9867 1.2991e+02     1.8286     -0.100     -0.146    24.5519   997.1776 0.0000e+00
     -0.107     -0.010     8.1209     97.866     36.468  36.301641     1.1929     10.030   231.7672 1.3074e+02     1.8390     -0.104     -0.152    24.5597   997.1757 0.0000e+00
     -0.109     -0.009     8.0489     97.053     36.474  36.329416     1.1950     10.014   231.7030 1.3135e+02     1.8326     -0.107     -0.155    24.6012   997.1655 0.0000e+00
     -0.111     -0.007     7.9682     96.114     36.404  36.273214     1.2015     10.000   231.5545 1.3165e+02     1.8179     -0.109     -0.158    24.6667   997.1491 0.0000e+00
     -0.112     -0.004     7.8866     95.152     36.314  36.193372     1.2029      9.988   231.4337 1.3175e+02     1.7929     -0.110     -0.159    24.7263   997.1340 0.0000e+00
     -0.112     -0.002     7.8062     94.201     36.239  36.125720     1.1859      9.976   231.1888 1.3191e+02     1.8249     -0.110     -0.159    24.7709   997.1228 0.0000e+00
     -0.113      0.000     7.7275     93.264     36.197  36.089952     1.1600      9.963   230.7456 1.3210e+02     1.8774     -0.111     -0.161    24.8004   997.1153 0.0000e+00
     -0.113      0.002     7.6501     92.343     36.181  36.078267     1.1503      9.949   230.4625 1.3208e+02     1.8374     -0.110     -0.160    24.8168   997.1110 0.0000e+00
     -0.112      0.002     7.5771     91.469     36.147  36.047916     1.1463      9.934   230.4326 1.3208e+02     1.7996     -0.109     -0.159    24.8281   997.1082 0.0000e+00
     -0.111      0.003     7.5153     90.723     36.075  35.976860     1.1384      9.920   230.3849 1.3193e+02     1.8146     -0.108     -0.157    24.8388   997.1055 0.0000e+00
     -0.109      0.005     7.4703     90.177     36.017  35.917306     1.1326      9.908   230.2289 1.3125e+02     1.8212     -0.107     -0.155    24.8472   997.1033 0.0000e+00
     -0.109      0.009     7.4430     89.839     36.002  35.899091     1.1366      9.900   230.2674 1.2985e+02     1.8146     -0.107     -0.155    24.8540   997.1016 0.0000e+00
     -0.109      0.013     7.4315     89.689     35.992  35.883555     1.1435      9.894   230.4206 1.2781e+02     1.7996     -0.107     -0.155    24.8588   997.1003 0.0000e+00
     -0.106      0.014     7.4286     89.643     35.969  35.856397     1.1295      9.890   230.1883 1.2616e+02     1.8365     -0.107     -0.155    24.8588   997.1003 0.0000e+00
     -0.099      0.014     7.4225     89.560     35.941  35.824593     1.0970      9.886   229.1797 1.2412e+02     1.9328     -0.099     -0.144    24.8565   997.1009 0.0000e+00
     -0.089      0.014     7.4062     89.357     35.871  35.752890     1.0801      9.881   221.8396 1.2090e+02     2.0133     -0.087     -0.126    24.8521   997.1020 0.0000e+00
     -0.084      0.014     7.3792     89.026     35.745  35.624140     1.0821      9.878   208.4640 1.2081e+02     2.0573     -0.080     -0.116    24.8445   997.1041 0.0000e+00
     -0.085      0.017     7.3430     88.578     35.599  35.473788     1.0858      9.876   200.6455 1.2486e+02     2.0708     -0.082     -0.119    24.8370   997.1059 0.0000e+00
     -0.088      0.024     7.2993     88.031     35.464  35.331305     1.0809      9.870   199.1491 1.2599e+02     2.0450     -0.087     -0.128    24.8311   997.1074 0.0000e+00
     -0.087      0.034     7.2529     87.448     35.378  35.234220     1.0665      9.852   198.3728 1.2259e+02     2.0084     -0.088     -0.128    24.8281   997.1082 0.0000e+00
     -0.077      0.045     7.2133     86.948     35.341  35.188468     1.0685      9.828   197.9705 1.1824e+02     2.0209     -0.079     -0.114    24.8265   997.1085 0.0000e+00
     -0.059      0.054     7.2034     86.813     35.319  35.158917     1.0790      9.809   197.8989 1.1114e+02     2.0664     -0.061     -0.088    24.8209   997.1100 0.0000e+00
     -0.036      0.056     7.2499     87.361     35.296  35.130789     1.1233      9.800   197.9369 9.9466e+01     2.0667     -0.035     -0.050    24.8076   997.1134 0.0000e+00
     -0.013      0.051     7.3526     88.590     35.271  35.102230     1.2233      9.796   198.0856 8.6446e+01     1.9907     -0.009     -0.012    24.7905   997.1179 0.0000e+00
      0.001      0.041     7.4821     90.146     35.238  35.067485     1.2824      9.792   198.2351 7.8814e+01     1.9342      0.005      0.007    24.7765   997.1215 0.0000e+00
      0.006      0.029     7.6038     91.614     35.197  35.028021     1.2832      9.788   198.2815 7.8696e+01     1.9734      0.008      0.011    24.7667   997.1240 0.0000e+00
      0.005      0.018     7.6943     92.710     35.173  35.005874     1.2842      9.782   198.3024 8.0747e+01     1.9726      0.005      0.006    24.7595   997.1258 0.0000e+00
      0.005      0.009     7.7370     93.226     35.157  34.990117     1.2858      9.774   198.3149 8.1138e+01     1.8594      0.004      0.006    24.7538   997.1273 0.0000e+00
      0.007      0.005     7.7234     93.056     35.134  34.964433     1.2763      9.766   198.3478 7.9257e+01     1.7844      0.007      0.010    24.7505   997.1281 0.0000e+00
