Data/DataAlreadyUploadedToEDI/CollatedDataForEDI/CTDData/CTD_2019 (not collated)/062419_fcr10.cnv
* Sea-Bird SBE19plus  Data File:
* FileName = C:\DATA\062419_fcr50_0003.hex
* Software version 2.8.0.119 SB_Terminal.dll
* Temperature SN = 7809
* Conductivity SN = 7809
* System UpLoad Time = Jun 24 2019 17:07:59
* <ApplicationData>
* <Seaterm232>
# nquan = 16
# nvalues = 435                         
# units = specified
# name 0 = depFM: Depth [fresh water, m]
# name 1 = dz/dtM: Descent Rate [m/s]
# name 2 = sbeox0Mg/L: Oxygen, SBE 43 [mg/l]
# name 3 = sbeox0PS: Oxygen, SBE 43 [% saturation]
# name 4 = specc: Specific Conductance [uS/cm]
# name 5 = c0uS/cm: Conductivity [uS/cm]
# name 6 = flECO-AFL: Fluorescence, WET Labs ECO-AFL/FL [mg/m^3]
# name 7 = ph: pH
# name 8 = orp: Oxidation Reduction Potential [mV]
# name 9 = par/sat/log: PAR/Logarithmic, Satlantic
# name 10 = turbWETntu0: Turbidity, WET Labs ECO [NTU]
# name 11 = prdM: Pressure, Strain Gauge [db]
# name 12 = prdE: Pressure, Strain Gauge [psi]
# name 13 = tv290C: Temperature [ITS-90, deg C]
# name 14 = density00: Density [density, kg/m^3]
# name 15 = flag:  0.000e+00
# span 0 =     -0.609,      2.275       
# span 1 =     -0.315,      0.261       
# span 2 =     0.7077,    10.6925       
# span 3 =      7.842,    120.167       
# span 4 =      0.430,    108.528       
# span 5 =   0.451742,  98.529699       
# span 6 =    -2.3475,     3.2577       
# span 7 =      7.173,     10.296       
# span 8 = -1240.7455,   489.4488       
# span 9 = 9.9245e+01, 2.2113e+03       
# span 10 =    -5.9692,     8.9476      
# span 11 =     -0.598,      2.231      
# span 12 =     -0.867,      3.236      
# span 13 =    20.2773,    27.5170      
# span 14 =   996.3784,   998.1975      
# span 15 = 0.0000e+00, 0.0000e+00      
# interval = seconds: 0.25
# start_time = Jun 24 2019 11:04:36 [Instrument's time stamp, header]
# bad_flag = -9.990e-29
*END*
[from data line 272]
      0.348      0.111     9.3851    111.800     34.637  34.046768     1.5781      8.423   225.2038 9.9402e+02     1.9879      0.329      0.478    24.2542   997.2541 0.0000e+00
      0.397      0.151     9.3832    111.622     34.584  33.942645     1.5762      8.420   225.1697 1.2669e+03     2.0364      0.385      0.559    24.2823   997.2475 0.0000e+00
      0.455      0.191     9.3809    111.418     34.524  33.825221     1.5852      8.418   225.0241 1.3275e+03     2.0288      0.454      0.660    24.2775   997.2490 0.0000e+00
      0.503      0.220     9.3805    111.193     34.476  33.705807     1.6957      8.419   224.9056 9.5333e+02     2.1251      0.495      0.719    24.2181   997.2639 0.0000e+00
      0.552      0.228     9.3854    111.000     34.494  33.641062     1.8896      8.422   224.7705 6.8563e+02     2.2499      0.529      0.767    24.1413   997.2831 0.0000e+00
      0.622      0.214     9.3949    110.902     34.603  33.676892     1.9872      8.425   224.6806 6.1431e+02     2.2599      0.604      0.876    24.0708   997.3009 0.0000e+00
      0.705      0.188     9.4056    110.931     34.721  33.758146     1.9922      8.427   224.7647 6.0367e+02     2.2456      0.702      1.018    23.9908   997.3211 0.0000e+00
      0.765      0.155     9.4148    111.058     34.756  33.798426     2.0012      8.428   224.9279 6.4768e+02     2.2414      0.764      1.107    23.8860   997.3471 0.0000e+00
      0.792      0.120     9.4223    111.215     34.716  33.783141     2.0445      8.429   224.9334 6.0702e+02     2.1764      0.784      1.135    23.7513   997.3802 0.0000e+00
      0.797      0.085     9.4323    111.391     34.676  33.763763     2.1081      8.429   224.8308 5.4148e+02     2.0827      0.783      1.136    23.6348   997.4086 0.0000e+00
      0.797      0.060     9.4495    111.616     34.659  33.754552     2.1378      8.430   224.8927 5.4601e+02     2.0264      0.778      1.129    23.5855   997.4206 0.0000e+00
      0.804      0.051     9.4731    111.869     34.649  33.735252     2.1339      8.430   224.9926 5.7536e+02     2.0190      0.785      1.139    23.6110   997.4145 0.0000e+00
      0.820      0.054     9.4970    112.103     34.650  33.720773     2.1223      8.430   225.0920 5.7357e+02     2.0262      0.803      1.164    23.6538   997.4041 0.0000e+00
      0.841      0.060     9.5138    112.247     34.653  33.706399     2.1178      8.430   225.3205 5.2559e+02     2.0159      0.825      1.196    23.6841   997.3967 0.0000e+00
      0.862      0.063     9.5198    112.261     34.654  33.688356     2.1228      8.431   225.5184 4.4734e+02     1.9928      0.846      1.227    23.7004   997.3929 0.0000e+00
      0.879      0.060     9.5187    112.195     34.677  33.692985     2.1228      8.431   225.6778 4.1623e+02     1.9760      0.864      1.253    23.6797   997.3981 0.0000e+00
      0.894      0.055     9.5126    112.089     34.695  33.698871     2.1083      8.431   225.8710 4.4976e+02     1.9767      0.879      1.274    23.6518   997.4050 0.0000e+00
      0.906      0.048     9.5001    111.925     34.697  33.696044     2.0869      8.432   226.0480 5.0851e+02     2.0004      0.889      1.290    23.6316   997.4098 0.0000e+00
      0.915      0.043     9.4826    111.732     34.720  33.722261     2.0724      8.433   226.1832 5.2712e+02     2.0007      0.897      1.301    23.5995   997.4177 0.0000e+00
      0.923      0.040     9.4644    111.575     34.741  33.762010     2.0624      8.433   226.3009 4.7327e+02     1.9801      0.905      1.313    23.5718   997.4245 0.0000e+00
      0.933      0.039     9.4499    111.494     34.745  33.795882     2.0537      8.432   226.4379 4.3987e+02     2.0146      0.915      1.327    23.5580   997.4279 0.0000e+00
      0.943      0.041     9.4446    111.512     34.736  33.814539     2.0536      8.430   226.5494 4.4089e+02     2.0571      0.925      1.341    23.5474   997.4305 0.0000e+00
      0.953      0.044     9.4509    111.624     34.706  33.797239     2.0617      8.430   226.5313 4.1030e+02     2.0342      0.934      1.355    23.5497   997.4299 0.0000e+00
      0.964      0.046     9.4659    111.804     34.684  33.777114     2.0645      8.430   226.4773 3.7497e+02     2.0012      0.945      1.370    23.5782   997.4231 0.0000e+00
      0.976      0.048     9.4854    112.020     34.673  33.761594     2.0357      8.429   226.4987 3.7098e+02     2.0187      0.958      1.388    23.6303   997.4105 0.0000e+00
      0.991      0.051     9.5054    112.225     34.658  33.736513     1.9820      8.428   226.5311 3.5414e+02     2.0483      0.972      1.409    23.6768   997.3993 0.0000e+00
      1.005      0.053     9.5236    112.390     34.666  33.727699     1.9521      8.428   226.6110 3.1343e+02     2.0314      0.985      1.429    23.6913   997.3958 0.0000e+00
      1.017      0.056     9.5391    112.525     34.673  33.718470     1.9427      8.427   226.9487 2.7606e+02     2.0114      0.998      1.447    23.6869   997.3969 0.0000e+00
      1.031      0.058     9.5499    112.618     34.653  33.688355     1.9387      8.426   227.4307 2.5296e+02     2.0030      1.010      1.464    23.6827   997.3980 0.0000e+00
      1.046      0.058     9.5536    112.640     34.653  33.680881     1.9899      8.424   227.7928 2.4580e+02     1.9953      1.025      1.486    23.6694   997.4013 0.0000e+00
      1.062      0.057     9.5517    112.609     34.667  33.691561     2.0845      8.424   228.1428 2.5768e+02     2.0163      1.042      1.511    23.6402   997.4085 0.0000e+00
      1.078      0.056     9.5464    112.545     34.666  33.690557     2.1375      8.423   228.3938 2.6349e+02     2.0276      1.059      1.536    23.6151   997.4147 0.0000e+00
      1.093      0.053     9.5374    112.432     34.646  33.668739     2.1459      8.421   228.5041 2.4972e+02     2.0331      1.073      1.556    23.6011   997.4181 0.0000e+00
      1.105      0.050     9.5256    112.258     34.606  33.618151     2.1508      8.421   228.6171 2.4576e+02     2.0507      1.083      1.571    23.5898   997.4209 0.0000e+00
      1.116      0.047     9.5118    112.035     34.594  33.586582     2.1624      8.421   228.6408 2.4852e+02     2.0439      1.095      1.587    23.5850   997.4222 0.0000e+00
      1.128      0.045     9.4969    111.796     34.634  33.604327     2.1744      8.421   228.7042 2.4369e+02     2.0161      1.106      1.604    23.5888   997.4212 0.0000e+00
      1.139      0.043     9.4815    111.580     34.684  33.642287     2.1826      8.420   228.9530 2.2946e+02     2.0091      1.117      1.620    23.5889   997.4213 0.0000e+00
      1.150      0.043     9.4634    111.379     34.703  33.664758     2.2092      8.419   229.1541 2.1122e+02     2.0254      1.128      1.636    23.5728   997.4253 0.0000e+00
      1.160      0.042     9.4395    111.147     34.708  33.685637     2.2615      8.418   229.1573 1.9981e+02     2.0164      1.138      1.650    23.5395   997.4333 0.0000e+00
      1.171      0.041     9.4144    110.908     34.708  33.704372     2.3040      8.417   229.1633 2.0108e+02     1.9982      1.148      1.665    23.5030   997.4422 0.0000e+00
      1.181      0.040     9.3981    110.760     34.690  33.700920     2.3242      8.416   229.3123 2.0520e+02     2.0356      1.159      1.680    23.4830   997.4471 0.0000e+00
      1.192      0.039     9.3950    110.738     34.691  33.707382     2.3409      8.415   229.5826 2.0544e+02     2.1409      1.169      1.695    23.4905   997.4454 0.0000e+00
      1.202      0.038     9.3978    110.750     34.710  33.719056     2.3582      8.415   229.7642 1.9947e+02     2.2546      1.179      1.709    23.5202   997.4382 0.0000e+00
      1.211      0.037     9.3946    110.663     34.723  33.715127     2.3690      8.415   229.7872 1.8873e+02     2.2956      1.188      1.724    23.5520   997.4305 0.0000e+00
      1.220      0.036     9.3825    110.469     34.749  33.723317     2.3757      8.416   229.9468 1.8268e+02     2.2764      1.196      1.735    23.5736   997.4254 0.0000e+00
      1.229      0.035     9.3686    110.259     34.797  33.754589     2.3699      8.416   230.1455 1.7830e+02     2.2527      1.205      1.747    23.5839   997.4230 0.0000e+00
      1.239      0.033     9.3568    110.050     34.844  33.775894     2.3337      8.415   230.2106 1.7214e+02     2.2387      1.215      1.762    23.5726   997.4257 0.0000e+00
      1.247      0.032     9.3453    109.810     34.895  33.790485     2.3023      8.413   230.3903 1.6855e+02     2.2380      1.223      1.774    23.5415   997.4332 0.0000e+00
      1.254      0.030     9.3292    109.521     34.944  33.804025     2.3025      8.411   230.6832 1.7053e+02     2.2443      1.230      1.784    23.5155   997.4396 0.0000e+00
      1.262      0.029     9.3087    109.219     34.975  33.812636     2.3109      8.411   230.8267 1.7427e+02     2.2488      1.237      1.795    23.5004   997.4433 0.0000e+00
      1.269      0.029     9.2901    108.983     35.000  33.831101     2.3251      8.411   230.9204 1.7422e+02     2.2272      1.244      1.805    23.4709   997.4504 0.0000e+00
      1.275      0.029     9.2771    108.863     34.995  33.836889     2.3438      8.411   231.1287 1.7060e+02     2.2122      1.250      1.813    23.4087   997.4655 0.0000e+00
      1.281      0.030     9.2683    108.818     34.956  33.819168     2.3550      8.410   231.3657 1.6709e+02     2.2642      1.256      1.822    23.3540   997.4787 0.0000e+00
      1.289      0.031     9.2588    108.734     34.934  33.807267     2.3660      8.409   231.5490 1.6707e+02     2.2991      1.264      1.834    23.3287   997.4849 0.0000e+00
      1.298      0.033     9.2510    108.621     34.954  33.819933     2.4326      8.408   231.6249 1.6979e+02     2.2405      1.273      1.846    23.3128   997.4887 0.0000e+00
      1.307      0.034     9.2530    108.590     34.999  33.845373     2.5533      8.407   231.6807 1.7341e+02     2.1782      1.281      1.859    23.3338   997.4837 0.0000e+00
      1.316      0.036     9.2630    108.625     34.979  33.797508     2.6204      8.405   231.8796 1.7500e+02     2.1690      1.291      1.873    23.3777   997.4732 0.0000e+00
      1.325      0.037     9.2819    108.687     34.853  33.621952     2.6195      8.403   232.1364 1.7496e+02     2.1942      1.300      1.885    23.3907   997.4701 0.0000e+00
      1.334      0.038     9.3048    108.705     34.748  33.436165     2.5428      8.403   232.2906 1.8100e+02     2.2210      1.308      1.897    23.3779   997.4732 0.0000e+00
      1.344      0.040     9.3221    108.638     34.730  33.328013     2.4043      8.402   232.3681 1.8850e+02     2.2314      1.318      1.911    23.3462   997.4808 0.0000e+00
      1.355      0.042     9.3411    108.620     34.816  33.329564     2.3228      8.402   232.3851 1.8684e+02     2.2543      1.328      1.927    23.3188   997.4875 0.0000e+00
      1.366      0.043     9.3667    108.718     35.018  33.454801     2.3035      8.401   232.4097 1.8414e+02     2.2679      1.339      1.943    23.2505   997.5039 0.0000e+00
      1.377      0.043     9.3937    108.903     35.188  33.572897     2.3182      8.399   232.5800 1.8434e+02     2.2976      1.350      1.958    23.1049   997.5386 0.0000e+00
      1.390      0.042     9.4250    109.249     35.238  33.615061     2.3619      8.398   232.7227 1.8308e+02     2.3838      1.363      1.977    22.9687   997.5710 0.0000e+00
      1.402      0.040     9.4682    109.801     35.253  33.647283     2.3810      8.396   232.6722 1.8637e+02     2.4578      1.376      1.996    22.8551   997.5978 0.0000e+00
      1.412      0.038     9.5231    110.441     35.316  33.708664     2.3665      8.396   232.4853 1.9256e+02     2.4721      1.385      2.009    22.7519   997.6222 0.0000e+00
      1.420      0.035     9.5837    111.061     35.426  33.786046     2.3341      8.396   232.3561 1.9122e+02     2.4253      1.392      2.019    22.6783   997.6395 0.0000e+00
      1.428      0.033     9.6338    111.524     35.504  33.821304     2.2923      8.396   232.4007 1.8798e+02     2.3510      1.400      2.030    22.6765   997.6400 0.0000e+00
      1.436      0.032     9.6593    111.723     35.534  33.817585     2.2698      8.396   232.4229 1.8744e+02     2.2946      1.408      2.042    22.7292   997.6277 0.0000e+00
      1.444      0.032     9.6633    111.698     35.545  33.804490     2.2608      8.395   232.5386 1.8366e+02     2.2676      1.416      2.053    22.7397   997.6252 0.0000e+00
      1.452      0.031     9.6505    111.500     35.480  33.726403     2.2528      8.394   232.8530 1.8102e+02     2.2546      1.424      2.065    22.6850   997.6382 0.0000e+00
      1.460      0.030     9.6227    111.163     35.390  33.634976     2.2508      8.393   233.1273 1.8590e+02     2.2355      1.432      2.078    22.6186   997.6537 0.0000e+00
      1.469      0.029     9.5859    110.741     35.406  33.651001     2.2456      8.392   233.2731 1.9270e+02     2.2327      1.440      2.089    22.5762   997.6636 0.0000e+00
      1.476      0.027     9.5477    110.299     35.489  33.729778     2.2423      8.391   233.3253 2.0118e+02     2.2542      1.447      2.099    22.5440   997.6712 0.0000e+00
      1.482      0.026     9.5153    109.901     35.598  33.825898     2.2460      8.389   233.4150 2.1113e+02     2.2650      1.454      2.108    22.5159   997.6777 0.0000e+00
      1.488      0.025     9.4941    109.586     35.794  33.988143     2.2468      8.387   233.5833 2.2223e+02     2.2005      1.459      2.116    22.5107   997.6788 0.0000e+00
      1.494      0.025     9.4812    109.331     36.022  34.168298     2.2431      8.386   233.7251 2.3258e+02     2.0962      1.464      2.124    22.5186   997.6771 0.0000e+00
      1.500      0.026     9.4668    109.070     36.186  34.290530     2.2444      8.386   233.9247 2.3478e+02     2.0527      1.471      2.133    22.5178   997.6773 0.0000e+00
      1.506      0.029     9.4422    108.722     36.311  34.387100     2.2543      8.385   234.4485 2.3868e+02     2.0348      1.477      2.141    22.5154   997.6778 0.0000e+00
      1.513      0.033     9.4014    108.215     36.389  34.447364     2.2837      8.383   235.1537 2.4488e+02     2.0765      1.484      2.152    22.4809   997.6860 0.0000e+00
      1.522      0.035     9.3462    107.558     36.398  34.447965     2.3311      8.382   235.5691 2.4662e+02     2.1974      1.491      2.163    22.4168   997.7010 0.0000e+00
      1.532      0.037     9.2867    106.866     36.411  34.457826     2.3678      8.380   235.5986 2.4714e+02     2.2512      1.500      2.176    22.3689   997.7121 0.0000e+00
      1.544      0.037     9.2306    106.218     36.460  34.503115     2.3897      8.378   235.5101 2.4726e+02     2.2356      1.514      2.196    22.3407   997.7187 0.0000e+00
      1.555      0.036     9.1757    105.583     36.512  34.551293     2.4660      8.377   235.6175 2.4642e+02     2.2380      1.526      2.212    22.3234   997.7228 0.0000e+00
      1.563      0.035     9.1211    104.934     36.568  34.596068     2.6050      8.376   236.0366 2.4428e+02     2.2465      1.532      2.223    22.3129   997.7252 0.0000e+00
      1.570      0.033     9.0769    104.377     36.658  34.663678     2.6834      8.375   236.5337 2.3965e+02     2.2405      1.539      2.233    22.3111   997.7256 0.0000e+00
      1.578      0.031     9.0495    104.001     36.823  34.797543     2.6864      8.373   236.8962 2.4170e+02     2.2306      1.547      2.244    22.3114   997.7256 0.0000e+00
      1.585      0.029     9.0327    103.746     37.004  34.945246     2.6496      8.371   237.4085 2.4656e+02     2.2256      1.554      2.254    22.3126   997.7255 0.0000e+00
      1.592      0.029     9.0194    103.536     37.141  35.053231     2.5860      8.369   238.2530 2.4237e+02     2.2451      1.562      2.265    22.3053   997.7272 0.0000e+00
