Data/DataAlreadyUploadedToEDI/CollatedDataForEDI/CTDData/CTD_2019 (not collated)/062419_fcr30.cnv
* Sea-Bird SBE19plus  Data File:
* FileName = C:\DATA\062419_fcr50_0005.hex
* Software version 2.8.0.119 SB_Terminal.dll
* Temperature SN = 7809
* Conductivity SN = 7809
* System UpLoad Time = Jun 24 2019 17:08:33
* <ApplicationData>
* <Seaterm232>
# nquan = 16
# nvalues = 439                         
# units = specified
# name 0 = depFM: Depth [fresh water, m]
# name 1 = dz/dtM: Descent Rate [m/s]
# name 2 = sbeox0Mg/L: Oxygen, SBE 43 [mg/l]
# name 3 = sbeox0PS: Oxygen, SBE 43 [% saturation]
# name 4 = specc: Specific Conductance [uS/cm]
# name 5 = c0uS/cm: Conductivity [uS/cm]
# name 6 = flECO-AFL: Fluorescence, WET Labs ECO-AFL/FL [mg/m^3]
# name 7 = ph: pH
# name 8 = orp: Oxidation Reduction Potential [mV]
# name 9 = par/sat/log: PAR/Logarithmic, Satlantic
# name 10 = turbWETntu0: Turbidity, WET Labs ECO [NTU]
# name 11 = prdM: Pressure, Strain Gauge [db]
# name 12 = prdE: Pressure, Strain Gauge [psi]
# name 13 = tv290C: Temperature [ITS-90, deg C]
# name 14 = density00: Density [density, kg/m^3]
# name 15 = flag:  0.000e+00
# span 0 =     -0.608,      5.202       
# span 1 =     -0.102,      0.177       
# span 2 =     0.4211,    11.6699       
# span 3 =      3.883,    130.384       
# span 4 =      1.099,     39.625       
# span 5 =   1.078170,  34.333522       
# span 6 =    -2.2573,     4.3710       
# span 7 =      6.965,      9.970       
# span 8 = -1240.7455,   279.1446       
# span 9 = 8.2972e+00, 2.1216e+03       
# span 10 =    -0.5579,    20.8559      
# span 11 =     -0.597,      5.102      
# span 12 =     -0.865,      7.400      
# span 13 =    10.6130,    24.8162      
# span 14 =   997.1096,   999.6846      
# span 15 = 0.0000e+00, 0.0000e+00      
# interval = seconds: 0.25
# start_time = Jun 24 2019 11:41:50 [Instrument's time stamp, header]
# bad_flag = -9.990e-29
*END*
[from data line 181]
     -0.022      0.001     7.5116     89.630     34.485  33.959528     1.0741      8.821   250.7598 1.1256e+02     1.7986     -0.021     -0.031    24.3694   997.2237 0.0000e+00
     -0.021      0.001     8.2522     98.445     34.523  33.987987     1.0759      8.816   250.6348 1.1203e+02     1.8042     -0.021     -0.030    24.3417   997.2307 0.0000e+00
     -0.020      0.001     8.9433    106.687     34.572  34.034741     1.0831      8.812   250.2818 1.1140e+02     1.8385     -0.019     -0.028    24.2885   997.2439 0.0000e+00
     -0.019      0.000     9.5229    113.620     34.612  34.080566     1.0831      8.808   250.2777 1.1082e+02     1.8527     -0.019     -0.028    24.2508   997.2533 0.0000e+00
     -0.019     -0.000     9.9399    118.642     34.615  34.097816     1.0850      8.804   250.5851 1.1095e+02     1.8452     -0.019     -0.028    24.2297   997.2586 0.0000e+00
     -0.020      0.000    10.1745    121.525     34.608  34.116405     1.0889      8.802   250.8156 1.1177e+02     1.8455     -0.020     -0.029    24.2159   997.2621 0.0000e+00
     -0.021     -0.001    10.2429    122.441     34.576  34.114970     1.0782      8.799   250.9141 1.1233e+02     1.8239     -0.020     -0.031    24.2142   997.2625 0.0000e+00
     -0.021     -0.001    10.1879    121.858     34.518  34.080503     1.0677      8.796   250.1404 1.1210e+02     1.7806     -0.021     -0.030    24.2226   997.2604 0.0000e+00
     -0.021      0.000    10.0726    120.507     34.509  34.080489     1.0755      8.793   241.9773 1.1149e+02     1.7806     -0.020     -0.029    24.2403   997.2560 0.0000e+00
     -0.021      0.001     9.9470    118.985     34.550  34.114821     1.0854      8.789   227.8436 1.1077e+02     1.7916     -0.020     -0.030    24.2804   997.2461 0.0000e+00
     -0.021      0.001     9.8240    117.473     34.563  34.114808     1.0924      8.789   228.9591 1.1030e+02     1.7821     -0.020     -0.029    24.3333   997.2328 0.0000e+00
     -0.021      0.000     9.7100    116.084     34.537  34.080315     1.0984      8.789   245.2251 1.1075e+02     1.7644     -0.020     -0.030    24.3686   997.2239 0.0000e+00
     -0.020     -0.002     9.6170    114.964     34.537  34.078535     1.0984      8.785   253.7277 1.1084e+02     1.7416     -0.020     -0.029    24.3822   997.2206 0.0000e+00
     -0.019     -0.006     9.5462    114.117     34.552  34.093287     1.0918      8.780   252.7788 1.0888e+02     1.7675     -0.018     -0.025    24.3682   997.2240 0.0000e+00
     -0.019     -0.008     9.4965    113.519     34.528  34.068294     1.0800      8.775   250.3574 1.0734e+02     1.8160     -0.016     -0.024    24.3404   997.2310 0.0000e+00
     -0.023     -0.010     9.4649    113.121     34.496  34.030204     1.0602      8.767   247.9396 1.0920e+02     1.8032     -0.020     -0.030    24.3295   997.2337 0.0000e+00
     -0.030     -0.014     9.4428    112.830     34.489  34.013516     1.0343      8.756   244.7980 1.1516e+02     1.7767     -0.030     -0.043    24.3305   997.2335 0.0000e+00
     -0.035     -0.025     9.4256    112.617     34.535  34.056896     1.0183      8.742   243.0019 1.5684e+02     1.7911     -0.037     -0.053    24.3291   997.2338 0.0000e+00
     -0.035     -0.046     9.4132    112.503     34.642  34.173913     1.0219      8.729   246.2702 4.9058e+02     1.8141     -0.034     -0.048    24.3318   997.2331 0.0000e+00
     -0.036     -0.073     9.4057    112.528     34.717  34.286020     1.0169      8.716   250.4145 1.1763e+03     1.7586     -0.031     -0.046    24.3214   997.2358 0.0000e+00
     -0.049     -0.094     9.4096    112.782     34.696  34.333522     0.9934      8.700   251.5538 1.7165e+03     1.6448     -0.039     -0.058    24.2993   997.2412 0.0000e+00
     -0.084     -0.102     9.4283    113.220     34.595  34.304110     0.9795      8.683   251.1841 1.9043e+03     1.5858     -0.071     -0.103    24.2980   997.2414 0.0000e+00
     -0.142     -0.094     9.4492    113.588     34.499  34.247843     0.9703      8.668   250.6756 1.9449e+03     1.5689     -0.142     -0.206    24.3046   997.2395 0.0000e+00
     -0.192     -0.074     9.4570    113.685     34.475  34.224440     0.9604      8.656   250.4824 1.7674e+03     1.6369     -0.204     -0.295    24.3504   997.2278 0.0000e+00
     -0.208     -0.044     9.4459    113.493     34.481  34.211533     0.9558      8.647   250.5694 1.6154e+03     1.7863     -0.214     -0.311    24.4701   997.1977 0.0000e+00
     -0.194     -0.012     9.4179    113.087     34.512  34.218684     0.9496      8.640   250.7813 1.8627e+03     1.8665     -0.194     -0.281    24.5951   997.1663 0.0000e+00
     -0.171      0.016     9.3819    112.606     34.557  34.247412     0.9460      8.633   250.8927 2.1013e+03     1.8531     -0.164     -0.239    24.6521   997.1519 0.0000e+00
     -0.155      0.031     9.3501    112.208     34.557  34.241527     0.9636      8.628   250.8838 2.1216e+03     1.8214     -0.146     -0.213    24.6390   997.1554 0.0000e+00
     -0.150      0.031     9.3287    111.945     34.528  34.210987     0.9972      8.623   251.0183 2.1180e+03     1.8435     -0.145     -0.210    24.6059   997.1638 0.0000e+00
     -0.151      0.024     9.3166    111.789     34.516  34.195472     1.0142      8.617   251.3143 2.1103e+03     1.8915     -0.148     -0.216    24.5664   997.1737 0.0000e+00
     -0.150      0.018     9.3137    111.745     34.503  34.180871     1.0141      8.612   251.5368 2.0811e+03     1.8774     -0.149     -0.216    24.5376   997.1810 0.0000e+00
     -0.145      0.017     9.3228    111.827     34.493  34.161376     1.0127      8.606   251.7301 1.9659e+03     1.8039     -0.143     -0.208    24.5395   997.1806 0.0000e+00
     -0.138      0.020     9.3401    111.974     34.502  34.150134     1.0156      8.599   251.9310 1.7251e+03     1.7562     -0.136     -0.197    24.5377   997.1810 0.0000e+00
     -0.132      0.025     9.3557    112.094     34.482  34.108376     1.0224      8.590   251.4705 1.4644e+03     1.7593     -0.129     -0.187    24.5286   997.1834 0.0000e+00
     -0.125      0.030     9.3706    112.213     34.430  34.037232     1.0258      8.580   243.5809 1.2629e+03     1.7753     -0.123     -0.178    24.5298   997.1831 0.0000e+00
     -0.118      0.038     9.3905    112.373     34.406  33.988023     1.0225      8.567   228.4669 9.6890e+02     1.7864     -0.116     -0.168    24.5218   997.1851 0.0000e+00
     -0.112      0.048     9.4124    112.513     34.416  33.957602     1.0335      8.555   219.3835 5.6645e+02     1.7947     -0.111     -0.161    24.4849   997.1944 0.0000e+00
     -0.102      0.060     9.4289    112.558     34.432  33.923207     1.0721      8.545   217.3841 3.1988e+02     1.8097     -0.105     -0.151    24.4486   997.2036 0.0000e+00
     -0.084      0.074     9.4379    112.525     34.445  33.889410     1.0993      8.536   216.1661 2.4778e+02     1.8052     -0.085     -0.122    24.4255   997.2094 0.0000e+00
     -0.060      0.090     9.4416    112.449     34.462  33.866211     1.0941      8.530   215.2398 1.7337e+02     1.8056     -0.058     -0.085    24.3961   997.2169 0.0000e+00
     -0.035      0.109     9.4397    112.328     34.460  33.833044     1.0948      8.524   214.5308 1.1327e+02     1.8151     -0.034     -0.050    24.3343   997.2325 0.0000e+00
     -0.007      0.129     9.4347    112.193     34.458  33.805664     1.1257      8.519   213.9600 9.4522e+01     1.8210     -0.008     -0.013    24.2508   997.2534 0.0000e+00
      0.026      0.146     9.4316    112.093     34.463  33.788971     1.1557      8.514   213.3288 8.1062e+01     1.8445      0.024      0.035    24.1852   997.2699 0.0000e+00
      0.064      0.159     9.4341    112.065     34.450  33.758109     1.1625      8.509   212.7493 6.8827e+01     1.8365      0.059      0.086    24.1274   997.2844 0.0000e+00
      0.112      0.169     9.4447    112.140     34.459  33.749796     1.1830      8.503   212.5455 5.7264e+01     1.8557      0.107      0.155    24.0793   997.2965 0.0000e+00
      0.166      0.175     9.4585    112.256     34.477  33.751906     1.2300      8.494   212.5855 5.0106e+01     1.9783      0.166      0.240    24.0467   997.3049 0.0000e+00
      0.215      0.175     9.4672    112.319     34.457  33.720129     1.2619      8.485   212.6305 4.6919e+01     2.0736      0.214      0.309    24.0161   997.3126 0.0000e+00
      0.256      0.166     9.4702    112.317     34.432  33.682875     1.2740      8.477   212.5734 4.4638e+01     2.0576      0.251      0.365    23.9903   997.3192 0.0000e+00
      0.296      0.149     9.4673    112.252     34.442  33.682239     1.3156      8.472   212.4116 4.3288e+01     1.9482      0.287      0.416    23.9654   997.3254 0.0000e+00
      0.338      0.127     9.4589    112.140     34.476  33.712422     1.3922      8.467   212.2224 4.3148e+01     1.8327      0.335      0.484    23.9415   997.3315 0.0000e+00
      0.374      0.105     9.4503    112.037     34.496  33.730498     1.4377      8.462   212.2650 4.3374e+01     1.8084      0.373      0.540    23.9248   997.3358 0.0000e+00
      0.396      0.088     9.4406    111.920     34.476  33.710398     1.4495      8.456   212.4965 4.3313e+01     1.8178      0.390      0.566    23.9051   997.3408 0.0000e+00
      0.410      0.079     9.4301    111.788     34.427  33.659791     1.4740      8.451   212.5264 4.3659e+01     1.8807      0.405      0.588    23.8866   997.3453 0.0000e+00
      0.417      0.077     9.4266    111.717     34.402  33.626306     1.4994      8.447   212.3688 4.4483e+01     1.9795      0.412      0.597    23.8840   997.3460 0.0000e+00
      0.423      0.079     9.4301    111.705     34.417  33.622837     1.5056      8.443   212.2248 4.5866e+01     2.0294      0.407      0.591    23.8862   997.3454 0.0000e+00
      0.446      0.083     9.4339    111.702     34.428  33.617819     1.5059      8.440   212.2488 4.7698e+01     2.0580      0.426      0.619    23.8831   997.3463 0.0000e+00
      0.487      0.088     9.4359    111.706     34.446  33.629072     1.5104      8.436   212.4869 4.9088e+01     2.0301      0.482      0.700    23.8835   997.3465 0.0000e+00
      0.521      0.096     9.4433    111.787     34.451  33.631965     1.5173      8.430   212.6940 4.9974e+01     1.9538      0.521      0.755    23.8734   997.3491 0.0000e+00
      0.536      0.104     9.4616    111.990     34.411  33.589335     1.5194      8.425   212.6024 5.0342e+01     1.8903      0.525      0.761    23.8386   997.3576 0.0000e+00
      0.548      0.109     9.4876    112.263     34.391  33.557861     1.5191      8.423   212.3264 5.0620e+01     1.8518      0.532      0.773    23.8109   997.3644 0.0000e+00
      0.572      0.108     9.5157    112.542     34.420  33.568714     1.5230      8.423   212.2817 5.1263e+01     1.8482      0.555      0.805    23.8063   997.3658 0.0000e+00
      0.609      0.104     9.5444    112.833     34.462  33.593613     1.5398      8.422   212.4917 5.1954e+01     1.9132      0.593      0.860    23.8066   997.3658 0.0000e+00
      0.652      0.097     9.5740    113.153     34.484  33.605033     1.5665      8.420   212.6291 5.2287e+01     2.0143      0.642      0.933    23.8040   997.3667 0.0000e+00
      0.686      0.083     9.5998    113.445     34.462  33.579858     1.5762      8.419   212.7384 5.2277e+01     2.0547      0.681      0.988    23.7874   997.3708 0.0000e+00
      0.702      0.066     9.6159    113.633     34.425  33.543058     1.5793      8.417   213.0379 5.2009e+01     2.0402      0.693      1.005    23.7558   997.3786 0.0000e+00
      0.705      0.052     9.6180    113.657     34.423  33.540864     1.6132      8.412   213.3250 5.1477e+01     1.9705      0.694      1.006    23.7302   997.3849 0.0000e+00
      0.702      0.046     9.6093    113.548     34.438  33.553329     1.6653      8.409   213.3710 5.1476e+01     1.8683      0.688      0.997    23.7174   997.3879 0.0000e+00
      0.705      0.047     9.6012    113.437     34.457  33.566851     1.6898      8.407   213.3359 5.2450e+01     1.8202      0.687      0.995    23.7125   997.3891 0.0000e+00
      0.721      0.053     9.5956    113.356     34.473  33.577425     1.6927      8.405   213.3312 5.3830e+01     1.8148      0.704      1.019    23.7127   997.3892 0.0000e+00
      0.746      0.060     9.5896    113.272     34.453  33.554242     1.6823      8.404   213.3139 5.5078e+01     1.8687      0.732      1.061    23.7139   997.3890 0.0000e+00
      0.771      0.066     9.5847    113.205     34.442  33.540395     1.6589      8.404   213.2987 5.5959e+01     1.9811      0.760      1.102    23.7110   997.3899 0.0000e+00
      0.788      0.068     9.5802    113.147     34.440  33.536913     1.6448      8.404   213.4056 5.6421e+01     2.0257      0.776      1.125    23.7028   997.3920 0.0000e+00
      0.799      0.067     9.5755    113.085     34.417  33.512140     1.6416      8.400   213.6604 5.6525e+01     2.0157      0.782      1.134    23.6943   997.3941 0.0000e+00
      0.810      0.067     9.5733    113.044     34.404  33.494718     1.6720      8.396   213.9699 5.6471e+01     2.0242      0.793      1.151    23.6894   997.3953 0.0000e+00
      0.826      0.071     9.5729    113.019     34.368  33.453188     1.7261      8.393   214.2221 5.6512e+01     2.0297      0.808      1.173    23.6849   997.3965 0.0000e+00
      0.847      0.078     9.5672    112.924     34.313  33.390763     1.7494      8.390   214.3864 5.6672e+01     2.0162      0.830      1.204    23.6832   997.3971 0.0000e+00
      0.870      0.084     9.5516    112.700     34.309  33.374548     1.7540      8.386   214.5802 5.6882e+01     1.9913      0.852      1.238    23.6819   997.3974 0.0000e+00
      0.893      0.086     9.5274    112.373     34.333  33.384048     1.7646      8.383   214.7585 5.7154e+01     1.9914      0.875      1.269    23.6723   997.3998 0.0000e+00
      0.918      0.084     9.4931    111.936     34.339  33.378680     1.7997      8.382   214.8219 5.7588e+01     2.0169      0.901      1.307    23.6640   997.4020 0.0000e+00
      0.942      0.080     9.4486    111.385     34.342  33.373090     1.8575      8.380   215.0026 5.8173e+01     2.0378      0.927      1.344    23.6535   997.4045 0.0000e+00
      0.962      0.077     9.4015    110.804     34.357  33.379908     1.8827      8.377   215.3947 5.8677e+01     2.0475      0.945      1.369    23.6312   997.4101 0.0000e+00
      0.977      0.076     9.3547    110.205     34.392  33.397643     1.8790      8.375   215.6912 5.9146e+01     2.0366      0.959      1.391    23.6096   997.4154 0.0000e+00
      0.992      0.076     9.3079    109.580     34.417  33.397117     1.8731      8.375   215.9197 5.9796e+01     1.9388      0.972      1.410    23.5953   997.4190 0.0000e+00
      1.009      0.077     9.2740    109.091     34.424  33.373503     1.8553      8.375   216.2651 6.0567e+01     1.8152      0.987      1.431    23.5837   997.4218 0.0000e+00
      1.032      0.077     9.2777    109.025     34.454  33.365941     1.8372      8.377   216.5981 6.1352e+01     1.7872      1.012      1.468    23.5744   997.4242 0.0000e+00
      1.057      0.076     9.3314    109.530     34.500  33.369096     1.8281      8.378   217.0204 6.2126e+01     1.7646      1.038      1.505    23.5569   997.4286 0.0000e+00
      1.078      0.073     9.4214    110.486     34.513  33.348113     1.8320      8.378   217.6713 6.2742e+01     1.7389      1.057      1.533    23.5129   997.4393 0.0000e+00
      1.096      0.070     9.5304    111.701     34.487  33.302585     1.8579      8.378   218.1008 6.3104e+01     1.7706      1.077      1.562    23.4711   997.4495 0.0000e+00
      1.111      0.069     9.6503    113.032     34.471  33.262829     1.8814      8.377   217.9118 6.3343e+01     1.8209      1.091      1.582    23.4239   997.4610 0.0000e+00
      1.122      0.071     9.7729    114.353     34.493  33.248154     1.8812      8.375   217.3647 6.3593e+01     1.8555      1.099      1.594    23.3476   997.4793 0.0000e+00
