Data/DataAlreadyUploadedToEDI/CollatedDataForEDI/CTDData/CTD_2019 (not collated)/062419_fcr10.cnv
* Sea-Bird SBE19plus  Data File:
* FileName = C:\DATA\062419_fcr50_0003.hex
* Software version 2.8.0.119 SB_Terminal.dll
* Temperature SN = 7809
* Conductivity SN = 7809
* System UpLoad Time = Jun 24 2019 17:07:59
* <ApplicationData>
* <Seaterm232>
# nquan = 16
# nvalues = 435                         
# units = specified
# name 0 = depFM: Depth [fresh water, m]
# name 1 = dz/dtM: Descent Rate [m/s]
# name 2 = sbeox0Mg/L: Oxygen, SBE 43 [mg/l]
# name 3 = sbeox0PS: Oxygen, SBE 43 [% saturation]
# name 4 = specc: Specific Conductance [uS/cm]
# name 5 = c0uS/cm: Conductivity [uS/cm]
# name 6 = flECO-AFL: Fluorescence, WET Labs ECO-AFL/FL [mg/m^3]
# name 7 = ph: pH
# name 8 = orp: Oxidation Reduction Potential [mV]
# name 9 = par/sat/log: PAR/Logarithmic, Satlantic
# name 10 = turbWETntu0: Turbidity, WET Labs ECO [NTU]
# name 11 = prdM: Pressure, Strain Gauge [db]
# name 12 = prdE: Pressure, Strain Gauge [psi]
# name 13 = tv290C: Temperature [ITS-90, deg C]
# name 14 = density00: Density [density, kg/m^3]
# name 15 = flag:  0.000e+00
# span 0 =     -0.609,      2.275       
# span 1 =     -0.315,      0.261       
# span 2 =     0.7077,    10.6925       
# span 3 =      7.842,    120.167       
# span 4 =      0.430,    108.528       
# span 5 =   0.451742,  98.529699       
# span 6 =    -2.3475,     3.2577       
# span 7 =      7.173,     10.296       
# span 8 = -1240.7455,   489.4488       
# span 9 = 9.9245e+01, 2.2113e+03       
# span 10 =    -5.9692,     8.9476      
# span 11 =     -0.598,      2.231      
# span 12 =     -0.867,      3.236      
# span 13 =    20.2773,    27.5170      
# span 14 =   996.3784,   998.1975      
# span 15 = 0.0000e+00, 0.0000e+00      
# interval = seconds: 0.25
# start_time = Jun 24 2019 11:04:36 [Instrument's time stamp, header]
# bad_flag = -9.990e-29
*END*
[from data line 91]
      1.115     -0.058     7.9390     93.810     35.499  34.585982     2.2171      9.729   217.2973 2.0800e+02     2.0035      1.095      1.588    23.7121   997.3913 0.0000e+00
      1.110     -0.100     7.8792     93.209     35.246  34.382821     2.1721      9.730   217.3714 1.9323e+02     2.0063      1.094      1.587    23.6759   997.4001 0.0000e+00
      1.089     -0.144     7.7896     92.216     34.999  34.169379     2.1370      9.725   217.3376 1.9467e+02     2.0068      1.079      1.564    23.6735   997.4007 0.0000e+00
      1.041     -0.184     7.6908     91.019     34.874  34.036212     2.1214      9.715   217.1463 2.0385e+02     2.0095      1.029      1.492    23.6763   997.3999 0.0000e+00
      0.972     -0.208     7.5995     89.886     34.837  33.978508     2.0264      9.703   216.8649 2.1591e+02     2.0069      0.955      1.384    23.6848   997.3975 0.0000e+00
      0.894     -0.205     7.5211     88.953     34.840  33.979362     1.8557      9.691   216.7748 2.3721e+02     2.0079      0.875      1.269    23.7824   997.3732 0.0000e+00
      0.823     -0.174     7.4540     88.204     34.955  34.110004     1.7659      9.678   216.8318 2.6586e+02     1.9889      0.800      1.160    23.8389   997.3589 0.0000e+00
      0.770     -0.121     7.3970     87.597     35.239  34.415749     1.7559      9.662   216.7790 2.9280e+02     1.9732      0.745      1.080    23.7956   997.3692 0.0000e+00
      0.746     -0.064     7.3460     87.069     35.489  34.693277     1.7689      9.644   216.6523 3.4021e+02     2.0150      0.720      1.045    23.7475   997.3810 0.0000e+00
      0.754     -0.014     7.3005     86.597     35.504  34.736601     1.8016      9.628   216.6763 3.7629e+02     2.0679      0.731      1.061    23.7465   997.3812 0.0000e+00
      0.782      0.021     7.2696     86.275     35.367  34.622294     1.8225      9.615   216.8983 3.7295e+02     2.0883      0.770      1.117    23.7811   997.3729 0.0000e+00
      0.807      0.039     7.2637     86.228     35.249  34.517080     1.8305      9.603   217.0987 3.8051e+02     2.0648      0.798      1.158    23.8231   997.3630 0.0000e+00
      0.816      0.039     7.2852     86.496     35.205  34.479941     1.8293      9.592   217.1211 3.7546e+02     2.0132      0.803      1.164    23.8745   997.3504 0.0000e+00
      0.818      0.028     7.3239     86.972     35.210  34.490590     1.8343      9.582   217.1696 3.5301e+02     1.9896      0.801      1.161    23.9200   997.3393 0.0000e+00
      0.820      0.016     7.3678     87.512     35.230  34.518910     1.8651      9.572   217.4263 3.8151e+02     2.0081      0.803      1.166    23.9489   997.3321 0.0000e+00
      0.822      0.009     7.4088     88.013     35.275  34.568502     1.8895      9.562   217.6441 4.4016e+02     2.0405      0.806      1.170    23.9573   997.3300 0.0000e+00
      0.823      0.008     7.4393     88.385     35.350  34.645947     1.8857      9.552   217.6513 4.4910e+02     2.0541      0.807      1.170    23.9618   997.3289 0.0000e+00
      0.824      0.007     7.4541     88.567     35.396  34.693712     1.8804      9.544   217.5998 4.1371e+02     2.0418      0.807      1.171    23.9729   997.3262 0.0000e+00
      0.827      0.004     7.4505     88.530     35.401  34.701763     1.8860      9.538   217.5373 4.1068e+02     2.0219      0.811      1.176    23.9860   997.3229 0.0000e+00
      0.831      0.001     7.4277     88.266     35.440  34.743297     1.8928      9.533   217.4983 4.7206e+02     2.0108      0.816      1.183    23.9948   997.3208 0.0000e+00
      0.831     -0.003     7.3861     87.780     35.509  34.815100     1.8925      9.527   217.5584 5.3676e+02     2.0054      0.816      1.184    23.9994   997.3197 0.0000e+00
      0.828     -0.008     7.3302     87.124     35.499  34.808329     1.8568      9.522   217.5757 5.5741e+02     1.9899      0.812      1.178    24.0032   997.3188 0.0000e+00
      0.825     -0.008     7.2687     86.401     35.346  34.661429     1.7909      9.517   217.6214 5.5052e+02     1.9865      0.809      1.173    24.0067   997.3179 0.0000e+00
      0.821     -0.002     7.2076     85.684     35.176  34.498675     1.7632      9.509   217.7669 5.3570e+02     2.0295      0.807      1.170    24.0114   997.3167 0.0000e+00
      0.815      0.009     7.1455     84.960     35.161  34.490614     1.7736      9.497   217.8715 5.2392e+02     2.0849      0.798      1.159    24.0170   997.3154 0.0000e+00
      0.811      0.017     7.0812     84.223     35.352  34.690903     1.7866      9.487   217.8543 5.6112e+02     2.0987      0.789      1.145    24.0208   997.3144 0.0000e+00
      0.820      0.010     7.0185     83.572     35.575  34.952911     1.8068      9.487   217.5585 6.2137e+02     2.0648      0.799      1.158    24.0241   997.3135 0.0000e+00
      0.841     -0.022     6.9700     83.296     35.540  35.056452     1.8184      9.488   217.1341 5.9177e+02     2.0353      0.825      1.197    24.0324   997.3116 0.0000e+00
      0.861     -0.082     6.9737     83.853     35.240  34.991014     1.8143      9.483   216.9395 5.0288e+02     2.0375      0.852      1.236    24.0371   997.3105 0.0000e+00
      0.857     -0.159     7.0674     85.467     34.892  34.860207     1.7922      9.470   217.0120 4.6698e+02     2.0263      0.857      1.243    24.0545   997.3063 0.0000e+00
      0.807     -0.236     7.2431     87.886     34.648  34.744547     1.7598      9.456   217.2367 5.0158e+02     1.9978      0.812      1.177    24.0680   997.3029 0.0000e+00
      0.707     -0.294     7.4588     90.622     34.525  34.671695     1.7517      9.441   217.5907 7.2690e+02     1.9871      0.702      1.019    24.2403   997.2595 0.0000e+00
      0.581     -0.315     7.6871     93.348     34.485  34.614098     1.7640      9.421   217.8516 9.6786e+02     1.9955      0.566      0.821    24.6633   997.1527 0.0000e+00
      0.463     -0.294     7.9141     95.894     34.508  34.555846     1.7699      9.401   217.9818 9.2705e+02     2.0016      0.442      0.641    25.0095   997.0640 0.0000e+00
      0.377     -0.234     8.1104     97.996     34.597  34.538440     1.7620      9.385   218.2182 8.8469e+02     1.9956      0.353      0.512    25.1644   997.0235 0.0000e+00
      0.333     -0.155     8.2544     99.501     34.742  34.593869     1.7548      9.368   218.4730 8.9167e+02     1.9884      0.314      0.456    25.2392   997.0041 0.0000e+00
      0.324     -0.078     8.3558    100.561     34.865  34.654716     1.7615      9.349   218.7394 8.5613e+02     2.0126      0.312      0.453    25.2201   997.0090 0.0000e+00
      0.335     -0.021     8.4341    101.404     34.950  34.702859     1.7731      9.332   219.0302 8.3708e+02     2.0587      0.327      0.473    25.0744   997.0465 0.0000e+00
      0.351      0.005     8.4977    102.103     35.068  34.795102     1.7911      9.320   219.0638 7.7392e+02     2.0881      0.346      0.501    24.8962   997.0923 0.0000e+00
      0.364      0.001     8.5378    102.552     35.167  34.881453     1.8144      9.317   218.8882 7.6158e+02     2.0723      0.361      0.523    24.7654   997.1258 0.0000e+00
      0.369     -0.022     8.5334    102.534     35.131  34.858376     1.8201      9.317   218.7995 7.8930e+02     2.0321      0.366      0.529    24.6797   997.1476 0.0000e+00
      0.364     -0.046     8.4828    102.005     35.012  34.769968     1.8168      9.308   218.9367 7.7281e+02     2.0273      0.363      0.524    24.6344   997.1590 0.0000e+00
      0.342     -0.058     8.4138    101.213     34.929  34.701096     1.8004      9.292   219.2567 1.0334e+03     2.0140      0.345      0.500    24.6033   997.1668 0.0000e+00
      0.304     -0.053     8.3458    100.361     34.901  34.660346     1.7699      9.274   219.5710 1.3047e+03     1.9702      0.297      0.431    24.5715   997.1747 0.0000e+00
      0.268     -0.032     8.2754     99.446     34.924  34.658034     1.7608      9.258   219.8982 1.0711e+03     1.9896      0.252      0.366    24.5903   997.1698 0.0000e+00
      0.258      0.001     8.1950     98.409     34.967  34.673101     1.7678      9.245   220.1154 1.0248e+03     2.0515      0.244      0.354    24.6628   997.1513 0.0000e+00
      0.273      0.037     8.1041     97.260     35.033  34.715550     1.8369      9.234   220.1319 1.4028e+03     2.0636      0.261      0.378    24.6841   997.1460 0.0000e+00
      0.304      0.067     8.0077     96.063     35.124  34.790444     1.9724      9.222   220.1834 1.4959e+03     2.0379      0.296      0.429    24.6544   997.1537 0.0000e+00
      0.340      0.080     7.9117     94.881     35.164  34.817015     2.0538      9.211   220.2222 1.2967e+03     2.0019      0.336      0.486    24.6134   997.1642 0.0000e+00
      0.371      0.077     7.8173     93.726     35.139  34.782933     2.0668      9.204   220.2572 1.1397e+03     1.9897      0.368      0.533    24.5703   997.1753 0.0000e+00
      0.390      0.067     7.7239     92.591     35.120  34.759148     2.0251      9.199   220.4351 1.0346e+03     2.0212      0.388      0.563    24.5373   997.1837 0.0000e+00
      0.395      0.055     7.6429     91.613     35.148  34.783298     1.9399      9.193   220.4798 1.3801e+03     2.0543      0.390      0.565    24.5174   997.1887 0.0000e+00
      0.395      0.044     7.5879     90.949     35.188  34.821057     1.8945      9.188   220.2818 1.8568e+03     2.0619      0.384      0.556    24.5023   997.1925 0.0000e+00
      0.403      0.035     7.5571     90.574     35.204  34.834885     1.8850      9.182   220.1054 1.6372e+03     2.0478      0.391      0.567    24.4849   997.1968 0.0000e+00
      0.420      0.030     7.5406     90.369     35.196  34.823546     1.8942      9.176   220.0683 1.1986e+03     2.0805      0.413      0.600    24.4784   997.1986 0.0000e+00
      0.435      0.030     7.5306     90.244     35.185  34.810893     1.9274      9.171   220.1768 1.0418e+03     2.1623      0.431      0.626    24.4767   997.1991 0.0000e+00
      0.440      0.030     7.5234     90.154     35.185  34.808827     1.9479      9.165   220.3849 1.1553e+03     2.2180      0.433      0.628    24.4733   997.2000 0.0000e+00
      0.440      0.028     7.5176     90.079     35.177  34.798560     1.9512      9.156   220.6065 1.2526e+03     2.2630      0.430      0.624    24.4707   997.2006 0.0000e+00
      0.442      0.025     7.5080     89.962     35.194  34.813681     1.9416      9.144   220.7046 1.0117e+03     2.3130      0.431      0.625    24.4647   997.2021 0.0000e+00
      0.449      0.021     7.4875     89.718     35.244  34.864724     1.9182      9.132   220.7104 7.2791e+02     2.2972      0.439      0.636    24.4614   997.2030 0.0000e+00
      0.461      0.014     7.4536     89.321     35.284  34.907990     1.8937      9.123   220.6764 7.1399e+02     2.2032      0.454      0.658    24.4614   997.2031 0.0000e+00
      0.472      0.003     7.4001     88.718     35.316  34.956013     1.8798      9.116   220.6387 8.7649e+02     2.1269      0.466      0.675    24.4568   997.2043 0.0000e+00
      0.475     -0.012     7.3226     87.866     35.327  35.001114     1.8798      9.109   220.5972 8.8587e+02     2.0630      0.469      0.680    24.4528   997.2052 0.0000e+00
      0.468     -0.030     7.2326     86.871     35.298  35.009091     1.9118      9.104   220.5196 7.6312e+02     2.0205      0.465      0.673    24.4575   997.2041 0.0000e+00
      0.452     -0.046     7.1421     85.841     35.252  34.989050     1.9709      9.100   220.6471 7.7507e+02     2.0386      0.444      0.643    24.4552   997.2046 0.0000e+00
      0.432     -0.054     7.0568     84.837     35.202  34.949245     2.0053      9.095   220.9333 8.4568e+02     2.0533      0.422      0.613    24.4713   997.2005 0.0000e+00
      0.413     -0.054     6.9854     83.977     35.162  34.908618     2.0067      9.088   221.1417 9.5671e+02     2.0343      0.406      0.589    24.5333   997.1849 0.0000e+00
      0.395     -0.044     6.9370     83.384     35.136  34.878631     1.9874      9.079   221.2736 1.0146e+03     2.0054      0.385      0.559    24.5931   997.1697 0.0000e+00
      0.384     -0.028     6.9150     83.102     35.106  34.840531     1.9543      9.069   221.3240 8.5120e+02     1.9992      0.372      0.540    24.6298   997.1603 0.0000e+00
      0.380     -0.012     6.9177     83.115     35.104  34.828745     1.9358      9.057   221.3206 6.8264e+02     2.0249      0.371      0.539    24.6406   997.1576 0.0000e+00
      0.382      0.001     6.9382     83.345     35.146  34.863040     1.9288      9.047   221.4046 6.6212e+02     2.0532      0.373      0.541    24.6335   997.1593 0.0000e+00
      0.387      0.009     6.9620     83.617     35.164  34.874393     1.9129      9.040   221.5647 7.2665e+02     2.0470      0.377      0.546    24.6286   997.1606 0.0000e+00
      0.396      0.010     6.9771     83.779     35.137  34.839078     1.8905      9.035   221.7081 7.8131e+02     2.0155      0.389      0.565    24.6166   997.1637 0.0000e+00
      0.403      0.007     6.9752     83.736     35.124  34.816826     1.8749      9.029   221.7624 7.9176e+02     1.9994      0.400      0.581    24.5990   997.1682 0.0000e+00
      0.403      0.001     6.9522     83.441     35.175  34.859199     1.8721      9.019   221.7043 1.0281e+03     2.0162      0.398      0.577    24.5920   997.1699 0.0000e+00
      0.397     -0.013     6.9112     82.940     35.291  34.970596     1.8562      9.009   221.6940 1.2411e+03     2.0543      0.389      0.565    24.5840   997.1719 0.0000e+00
      0.393     -0.038     6.8577     82.353     35.381  35.084763     1.8216      9.003   221.8095 9.9724e+02     2.0673      0.383      0.556    24.5705   997.1753 0.0000e+00
      0.391     -0.071     6.8018     81.866     35.307  35.097213     1.8086      8.997   221.9834 1.0514e+03     2.0424      0.384      0.557    24.5571   997.1786 0.0000e+00
      0.383     -0.107     6.7682     81.737     35.075  34.994322     1.8129      8.986   222.0745 1.3697e+03     2.0157      0.384      0.556    24.5453   997.1817 0.0000e+00
      0.355     -0.134     6.7911     82.243     34.831  34.856389     1.8038      8.971   221.9650 1.1906e+03     2.0069      0.358      0.520    24.5303   997.1854 0.0000e+00
      0.301     -0.145     6.8884     83.497     34.702  34.762444     1.7251      8.953   221.8643 1.1807e+03     2.0013      0.301      0.437    24.5379   997.1832 0.0000e+00
      0.233     -0.140     7.0500     85.370     34.724  34.747034     1.5901      8.936   221.9746 1.4844e+03     1.9812      0.227      0.329    24.6668   997.1504 0.0000e+00
      0.173     -0.121     7.2427     87.525     34.851  34.796932     1.5239      8.925   222.0947 1.4385e+03     1.9925      0.155      0.225    24.8968   997.0915 0.0000e+00
      0.148     -0.095     7.4246     89.536     34.991  34.857917     1.5225      8.917   222.1125 1.3602e+03     2.0396      0.129      0.189    25.0727   997.0463 0.0000e+00
      0.153     -0.067     7.5641     91.087     35.038  34.849605     1.5212      8.911   222.2753 1.3029e+03     1.9945      0.151      0.219    25.1219   997.0336 0.0000e+00
      0.163     -0.041     7.6462     92.025     34.905  34.696354     1.5171      8.903   222.6006 1.1072e+03     1.8398      0.167      0.243    25.0477   997.0528 0.0000e+00
      0.157     -0.020     7.6779     92.358     34.692  34.464667     1.5151      8.892   222.7758 1.0321e+03     1.7752      0.161      0.233    24.9165   997.0864 0.0000e+00
      0.137     -0.009     7.7084     92.579     34.618  34.333040     1.5234      8.879   222.7592 1.2760e+03     1.8034      0.133      0.194    24.7934   997.1176 0.0000e+00
      0.119     -0.005     7.8252     93.764     34.682  34.310621     1.5310      8.866   222.6580 1.7830e+03     1.8531      0.107      0.156    24.6995   997.1415 0.0000e+00
