Data/DataAlreadyUploadedToEDI/CollatedDataForEDI/CTDData/CTD_2019 (not collated)/070119_fcr50.cnv
* Sea-Bird SBE19plus  Data File:
* FileName = C:\DATA\070119_fcr50.hex
* Software version 2.8.0.119 SB_Terminal.dll
* Temperature SN = 7809
* Conductivity SN = 7809
* System UpLoad Time = Jul 01 2019 10:03:49
* <ApplicationData>
* <Seaterm232>
# nquan = 16
# nvalues = 1207                        
# units = specified
# name 0 = depFM: Depth [fresh water, m]
# name 1 = dz/dtM: Descent Rate [m/s]
# name 2 = sbeox0Mg/L: Oxygen, SBE 43 [mg/l]
# name 3 = sbeox0PS: Oxygen, SBE 43 [% saturation]
# name 4 = specc: Specific Conductance [uS/cm]
# name 5 = c0uS/cm: Conductivity [uS/cm]
# name 6 = flECO-AFL: Fluorescence, WET Labs ECO-AFL/FL [mg/m^3]
# name 7 = ph: pH
# name 8 = orp: Oxidation Reduction Potential [mV]
# name 9 = par/sat/log: PAR/Logarithmic, Satlantic
# name 10 = turbWETntu0: Turbidity, WET Labs ECO [NTU]
# name 11 = prdM: Pressure, Strain Gauge [db]
# name 12 = prdE: Pressure, Strain Gauge [psi]
# name 13 = tv290C: Temperature [ITS-90, deg C]
# name 14 = density00: Density [density, kg/m^3]
# name 15 = flag:  0.000e+00
# span 0 =     -0.588,      9.230       
# span 1 =     -1.129,      4.243       
# span 2 =     0.0555,    13.3755       
# span 3 =      0.491,    154.796       
# span 4 =      3.409,    114.636       
# span 5 =   3.477695,  80.132468       
# span 6 =    -1.3563,     7.0524       
# span 7 =      6.857,      9.085       
# span 8 =    67.4764,   828.3692       
# span 9 = 1.2345e-01, 1.4484e+03       
# span 10 =    -0.5470,   144.5496      
# span 11 =     -0.577,      9.052      
# span 12 =     -0.837,     13.129      
# span 13 =     9.9358,    26.5281      
# span 14 =   996.6618,   999.7924      
# span 15 = 0.0000e+00, 0.0000e+00      
# interval = seconds: 0.25
# start_time = Jul 01 2019 09:47:11 [Instrument's time stamp, header]
# bad_flag = -9.990e-29
*END*
[from data line 543]
      2.091      0.040    13.1643    151.435     35.334  33.425424     3.7056      8.344   203.4132 8.6326e+01     3.3483      2.051      2.974    22.5772   997.6660 0.0000e+00
      2.103      0.040    13.1271    150.879     35.311  33.372812     3.7040      8.349   202.6922 8.5330e+01     3.3368      2.063      2.992    22.5135   997.6809 0.0000e+00
      2.114      0.039    13.1158    150.614     35.232  33.265273     3.7143      8.352   201.0878 8.4178e+01     3.3252      2.073      3.007    22.4369   997.6988 0.0000e+00
      2.123      0.036    13.1140    150.424     35.144  33.140525     3.7168      8.356   200.5338 8.3033e+01     3.3394      2.082      3.020    22.3508   997.7186 0.0000e+00
      2.131      0.032    13.1049    150.163     35.110  33.070220     3.7174      8.361   200.8993 8.1887e+01     3.3445      2.089      3.030    22.2841   997.7340 0.0000e+00
      2.139      0.031    13.0865    149.840     35.117  33.049784     3.7309      8.365   201.7201 8.0794e+01     3.3208      2.099      3.044    22.2529   997.7412 0.0000e+00
      2.146      0.031    13.0610    149.466     35.107  33.020317     3.7581      8.368   202.8867 7.9851e+01     3.3152      2.106      3.054    22.2115   997.7507 0.0000e+00
      2.151      0.032    13.0332    149.075     35.070  32.967762     3.7775      8.371   203.2171 7.8664e+01     3.3093      2.108      3.059    22.1413   997.7667 0.0000e+00
      2.159      0.035    13.0129    148.766     35.041  32.922005     3.7835      8.374   202.7893 7.7066e+01     3.2827      2.115      3.068    22.0838   997.7798 0.0000e+00
      2.169      0.038    13.0098    148.642     34.985  32.847819     3.8136      8.375   202.7052 7.5361e+01     3.2889      2.126      3.084    22.0480   997.7880 0.0000e+00
      2.181      0.043    13.0268    148.722     34.863  32.705368     3.8642      8.375   203.1465 7.3696e+01     3.3181      2.139      3.103    22.0230   997.7938 0.0000e+00
      2.193      0.046    13.0618    148.957     34.720  32.532268     3.8919      8.376   203.8229 7.2102e+01     3.3407      2.150      3.119    21.9982   997.7995 0.0000e+00
      2.204      0.048    13.1118    149.297     34.643  32.404798     3.8978      8.377   204.5168 7.0498e+01     3.3659      2.161      3.135    21.9721   997.8054 0.0000e+00
      2.217      0.048    13.1717    149.736     34.668  32.369798     3.9268      8.377   205.0843 6.8860e+01     3.3608      2.175      3.154    21.9447   997.8117 0.0000e+00
      2.231      0.047    13.2368    150.286     34.709  32.362836     3.9819      8.377   205.6081 6.7360e+01     3.3117      2.188      3.173    21.9055   997.8205 0.0000e+00
      2.243      0.047    13.2949    150.799     34.701  32.320560     4.0094      8.376   206.1175 6.6005e+01     3.2962      2.200      3.191    21.8543   997.8321 0.0000e+00
      2.254      0.046    13.3259    151.019     34.648  32.239348     4.0081      8.375   206.4247 6.4703e+01     3.3053      2.211      3.207    21.7673   997.8518 0.0000e+00
      2.265      0.045    13.3323    150.947     34.512  32.078920     4.0092      8.375   206.7411 6.3440e+01     3.2251      2.221      3.222    21.6680   997.8741 0.0000e+00
      2.276      0.043    13.3396    150.819     34.377  31.903801     4.0134      8.375   207.2763 6.2172e+01     3.1133      2.233      3.237    21.6110   997.8868 0.0000e+00
      2.288      0.043    13.3593    150.769     34.372  31.835307     4.0155      8.375   206.8730 6.0967e+01     3.0668      2.244      3.255    21.5639   997.8973 0.0000e+00
      2.300      0.043    13.3755    150.684     34.425  31.821800     4.0183      8.374   205.4780 5.9992e+01     3.0572      2.255      3.271    21.5176   997.9077 0.0000e+00
      2.310      0.044    13.3680    150.414     34.453  31.803863     4.0381      8.372   204.8647 5.9188e+01     3.0297      2.265      3.284    21.4802   997.9159 0.0000e+00
      2.320      0.045    13.3433    150.041     34.482  31.808739     4.0736      8.370   205.0495 5.8394e+01     2.9306      2.274      3.298    21.4079   997.9319 0.0000e+00
      2.331      0.046    13.3205    149.721     34.507  31.817271     4.0821      8.368   205.8200 5.7576e+01     2.8421      2.285      3.314    21.3056   997.9546 0.0000e+00
      2.343      0.047    13.2913    149.326     34.485  31.780092     4.0717      8.367   207.0394 5.6729e+01     2.8450      2.297      3.332    21.2018   997.9773 0.0000e+00
      2.356      0.048    13.2372    148.629     34.395  31.676480     4.0772      8.365   206.7146 5.5942e+01     2.8672      2.311      3.352    21.1365   997.9916 0.0000e+00
      2.370      0.049    13.1723    147.744     34.261  31.516338     4.0968      8.363   205.0771 5.5400e+01     2.8809      2.324      3.371    21.1180   997.9958 0.0000e+00
      2.382      0.049    13.1277    146.991     34.164  31.366756     4.1187      8.359   204.4477 5.4951e+01     2.8792      2.337      3.388    21.0979   998.0002 0.0000e+00
      2.394      0.049    13.1162    146.575     34.196  31.327321     4.1253      8.353   205.0414 5.4291e+01     2.8468      2.348      3.405    21.0738   998.0055 0.0000e+00
      2.405      0.048    13.1272    146.461     34.289  31.356708     4.1334      8.348   206.0613 5.3411e+01     2.8493      2.358      3.420    21.0516   998.0104 0.0000e+00
      2.418      0.047    13.1382    146.420     34.315  31.341257     4.1644      8.345   206.9704 5.2511e+01     2.8775      2.371      3.438    21.0041   998.0207 0.0000e+00
      2.431      0.047    13.1454    146.331     34.278  31.267362     4.1970      8.344   207.5164 5.1737e+01     2.8921      2.384      3.458    20.9068   998.0416 0.0000e+00
      2.444      0.046    13.1624    146.293     34.221  31.161220     4.2070      8.342   207.8441 5.1067e+01     2.8955      2.396      3.477    20.7921   998.0664 0.0000e+00
      2.455      0.045    13.1888    146.328     34.191  31.073125     4.1980      8.339   208.0930 5.0427e+01     2.8532      2.407      3.491    20.7067   998.0848 0.0000e+00
      2.465      0.044    13.2089    146.307     34.204  31.027070     4.1748      8.336   208.3753 4.9723e+01     2.8057      2.416      3.505    20.6630   998.0942 0.0000e+00
      2.475      0.044    13.2147    146.146     34.217  30.985021     4.1528      8.331   208.7623 4.8988e+01     2.8137      2.428      3.521    20.6156   998.1043 0.0000e+00
      2.486      0.045    13.2092    145.870     34.230  30.945367     4.1480      8.326   209.2441 4.8304e+01     2.8516      2.438      3.536    20.5270   998.1231 0.0000e+00
      2.497      0.047    13.1996    145.570     34.262  30.928286     4.1435      8.323   209.8982 4.7591e+01     2.8703      2.449      3.552    20.4323   998.1432 0.0000e+00
      2.510      0.050    13.1936    145.335     34.280  30.905346     4.0976      8.319   210.7347 4.6788e+01     2.8427      2.461      3.569    20.3481   998.1610 0.0000e+00
      2.523      0.052    13.1961    145.182     34.275  30.858311     4.0173      8.314   211.6146 4.5944e+01     2.8131      2.474      3.589    20.2729   998.1767 0.0000e+00
      2.537      0.054    13.2057    145.083     34.268  30.803728     3.9708      8.310   212.5354 4.5141e+01     2.8410      2.488      3.609    20.1961   998.1928 0.0000e+00
      2.551      0.056    13.2131    144.976     34.262  30.752960     3.9602      8.305   213.4361 4.4391e+01     2.8519      2.502      3.629    20.1247   998.2078 0.0000e+00
      2.565      0.056    13.2160    144.837     34.235  30.688596     3.9326      8.301   214.2453 4.3645e+01     2.7812      2.516      3.649    20.0755   998.2181 0.0000e+00
      2.580      0.056    13.2165    144.647     34.185  30.596547     3.8790      8.299   215.0068 4.2963e+01     2.7072      2.530      3.670    20.0162   998.2304 0.0000e+00
      2.595      0.055    13.2122    144.350     34.175  30.528303     3.8415      8.295   215.0713 4.2414e+01     2.6774      2.545      3.692    19.9354   998.2471 0.0000e+00
      2.610      0.055    13.1970    143.903     34.216  30.497927     3.8349      8.290   214.5091 4.1974e+01     2.6506      2.560      3.714    19.8699   998.2606 0.0000e+00
      2.623      0.055    13.1660    143.304     34.269  30.483000     3.8335      8.286   214.5759 4.1623e+01     2.6119      2.574      3.733    19.8190   998.2710 0.0000e+00
      2.635      0.055    13.1207    142.619     34.311  30.474640     3.8510      8.281   215.1046 4.1256e+01     2.5701      2.584      3.747    19.7556   998.2840 0.0000e+00
      2.649      0.055    13.0697    141.941     34.257  30.396799     3.8907      8.277   215.9115 4.0808e+01     2.5393      2.596      3.765    19.6658   998.3023 0.0000e+00
      2.665      0.055    13.0257    141.332     34.115  30.239784     3.9055      8.274   217.0180 4.0367e+01     2.5345      2.613      3.790    19.5593   998.3239 0.0000e+00
      2.680      0.056    12.9886    140.722     34.012  30.099028     3.9081      8.270   216.8681 3.9938e+01     2.5125      2.628      3.811    19.4631   998.3433 0.0000e+00
      2.694      0.056    12.9536    140.085     34.002  30.027383     4.0093      8.266   215.5618 3.9527e+01     2.4367      2.642      3.832    19.3925   998.3576 0.0000e+00
      2.707      0.056    12.9161    139.438     34.047  30.007969     4.1928      8.263   214.9905 3.9142e+01     2.3387      2.655      3.851    19.3625   998.3636 0.0000e+00
      2.720      0.056    12.8678    138.726     34.080  29.991115     4.2976      8.260   215.2090 3.8691e+01     2.2781      2.668      3.869    19.3293   998.3702 0.0000e+00
      2.735      0.056    12.8090    137.951     34.072  29.950450     4.3321      8.256   215.7078 3.8185e+01     2.2609      2.683      3.892    19.2486   998.3863 0.0000e+00
      2.750      0.056    12.7460    137.150     34.046  29.896959     4.5397      8.253   216.4617 3.7701e+01     2.1965      2.698      3.913    19.1466   998.4065 0.0000e+00
      2.764      0.056    12.6862    136.342     34.041  29.851940     4.9095      8.251   217.2687 3.7127e+01     2.0570      2.711      3.930    19.0572   998.4242 0.0000e+00
      2.778      0.056    12.6254    135.472     34.028  29.786798     5.1095      8.248   217.8937 3.6426e+01     1.9830      2.725      3.952    18.9910   998.4372 0.0000e+00
      2.793      0.056    12.5523    134.453     33.973  29.680331     5.1634      8.244   218.0827 3.5763e+01     2.0227      2.740      3.974    18.9420   998.4469 0.0000e+00
      2.807      0.057    12.4712    133.336     33.928  29.579808     5.4396      8.240   218.1769 3.5131e+01     2.0122      2.752      3.993    18.9093   998.4533 0.0000e+00
      2.821      0.057    12.3927    132.259     33.932  29.523067     5.9092      8.238   218.1720 3.4441e+01     1.8897      2.766      4.012    18.8527   998.4644 0.0000e+00
      2.836      0.056    12.3172    131.289     33.956  29.501810     6.1677      8.236   218.0230 3.3738e+01     1.7869      2.781      4.034    18.7614   998.4821 0.0000e+00
      2.851      0.056    12.2433    130.418     33.921  29.449648     6.2252      8.233   218.1830 3.3058e+01     1.7845      2.796      4.056    18.6804   998.4977 0.0000e+00
      2.865      0.056    12.1755    129.614     33.815  29.336516     6.4383      8.229   218.9885 3.2377e+01     1.8285      2.811      4.076    18.5889   998.5153 0.0000e+00
      2.879      0.056    12.1224    128.879     33.722  29.212573     6.8111      8.226   220.0189 3.1687e+01     1.8271      2.823      4.095    18.4846   998.5352 0.0000e+00
      2.893      0.056    12.0896    128.257     33.665  29.093116     7.0225      8.224   220.2300 3.1020e+01     1.8011      2.837      4.115    18.4234   998.5469 0.0000e+00
      2.906      0.057    12.0704    127.739     33.616  28.970736     7.0524      8.221   219.9919 3.0384e+01     1.8082      2.850      4.134    18.4042   998.5506 0.0000e+00
      2.921      0.059    12.0508    127.248     33.590  28.874862     7.0427      8.216   219.9790 2.9715e+01     1.8145      2.864      4.154    18.3889   998.5536 0.0000e+00
      2.936      0.061    12.0216    126.726     33.593  28.822107     6.8527      8.211   220.0743 2.8970e+01     1.7465      2.879      4.176    18.3276   998.5652 0.0000e+00
      2.952      0.061    11.9847    126.153     33.596  28.776961     6.5060      8.205   219.9393 2.8237e+01     1.6085      2.895      4.199    18.2097   998.5873 0.0000e+00
      2.968      0.061    11.9514    125.580     33.584  28.709647     6.3188      8.201   219.3794 2.7518e+01     1.5223      2.911      4.222    18.0814   998.6113 0.0000e+00
      2.986      0.060    11.9249    125.052     33.582  28.642641     6.2978      8.199   218.8977 2.6766e+01     1.5237      2.928      4.247    17.9644   998.6331 0.0000e+00
      3.002      0.059    11.8973    124.529     33.605  28.601195     6.1653      8.197   218.6753 2.6116e+01     1.5275      2.946      4.273    17.8885   998.6471 0.0000e+00
      3.016      0.057    11.8662    124.009     33.651  28.589139     5.9049      8.196   218.4969 2.5596e+01     1.5023      2.959      4.292    17.8343   998.6571 0.0000e+00
      3.028      0.054    11.8309    123.518     33.729  28.623699     5.7509      8.194   218.6329 2.5065e+01     1.5147      2.969      4.306    17.7424   998.6738 0.0000e+00
      3.041      0.052    11.7856    123.008     33.758  28.638330     5.7245      8.192   219.0296 2.4503e+01     1.5452      2.982      4.325    17.6372   998.6930 0.0000e+00
      3.055      0.050    11.7317    122.420     33.617  28.512233     5.6549      8.191   218.8197 2.3977e+01     1.4784      2.997      4.347    17.5469   998.7094 0.0000e+00
      3.068      0.050    11.6880    121.835     33.412  28.304581     5.5252      8.188   217.9882 2.3529e+01     1.3618      3.010      4.366    17.4662   998.7239 0.0000e+00
      3.080      0.050    11.6670    121.362     33.319  28.157923     5.4475      8.186   217.4931 2.3157e+01     1.3155      3.020      4.381    17.4121   998.7336 0.0000e+00
      3.093      0.050    11.6607    120.992     33.312  28.071308     5.4184      8.185   217.5656 2.2856e+01     1.3121      3.033      4.399    17.4087   998.7343 0.0000e+00
      3.106      0.050    11.6548    120.645     33.339  28.018594     5.2688      8.183   217.7465 2.2635e+01     1.2548      3.046      4.418    17.4222   998.7320 0.0000e+00
      3.119      0.051    11.6398    120.271     33.420  28.028034     5.0082      8.180   217.8733 2.2421e+01     1.1478      3.059      4.436    17.3750   998.7402 0.0000e+00
      3.132      0.052    11.6166    119.924     33.490  28.058479     4.8689      8.177   218.9266 2.2131e+01     1.0667      3.073      4.455    17.2556   998.7615 0.0000e+00
      3.145      0.053    11.5966    119.695     33.434  28.005990     4.8502      8.175   220.7596 2.1776e+01     1.0277      3.084      4.473    17.1276   998.7841 0.0000e+00
      3.159      0.054    11.5950    119.626     33.250  27.837523     4.8598      8.174   221.5384 2.1419e+01     1.0370      3.098      4.493    17.0089   998.8048 0.0000e+00
      3.172      0.054    11.6149    119.651     33.108  27.671147     4.9070      8.173   221.5454 2.1100e+01     1.0809      3.111      4.512    16.9113   998.8219 0.0000e+00
      3.186      0.054    11.6457    119.687     33.088  27.580440     4.9353      8.172   221.4460 2.0776e+01     1.0997      3.124      4.530    16.8715   998.8288 0.0000e+00
      3.201      0.053    11.6822    119.758     33.089  27.502041     4.9330      8.170   221.0257 2.0440e+01     1.1002      3.139      4.553    16.8828   998.8269 0.0000e+00
      3.215      0.052    11.7177    119.833     33.083  27.421035     4.9309      8.169   221.0229 2.0165e+01     1.1187      3.154      4.575    16.8815   998.8271 0.0000e+00
