Data/DataAlreadyUploadedToEDI/CollatedDataForEDI/CTDData/CTD_2019 (not collated)/070119_fcr30.cnv
* Sea-Bird SBE19plus  Data File:
* FileName = C:\DATA\070119_fcr_0008.hex
* Software version 2.8.0.119 SB_Terminal.dll
* Temperature SN = 7809
* Conductivity SN = 7809
* System UpLoad Time = Jul 01 2019 16:59:14
* <ApplicationData>
* <Seaterm232>
# nquan = 16
# nvalues = 454                         
# units = specified
# name 0 = depFM: Depth [fresh water, m]
# name 1 = dz/dtM: Descent Rate [m/s]
# name 2 = sbeox0Mg/L: Oxygen, SBE 43 [mg/l]
# name 3 = sbeox0PS: Oxygen, SBE 43 [% saturation]
# name 4 = specc: Specific Conductance [uS/cm]
# name 5 = c0uS/cm: Conductivity [uS/cm]
# name 6 = flECO-AFL: Fluorescence, WET Labs ECO-AFL/FL [mg/m^3]
# name 7 = ph: pH
# name 8 = orp: Oxidation Reduction Potential [mV]
# name 9 = par/sat/log: PAR/Logarithmic, Satlantic
# name 10 = turbWETntu0: Turbidity, WET Labs ECO [NTU]
# name 11 = prdM: Pressure, Strain Gauge [db]
# name 12 = prdE: Pressure, Strain Gauge [psi]
# name 13 = tv290C: Temperature [ITS-90, deg C]
# name 14 = density00: Density [density, kg/m^3]
# name 15 = flag:  0.000e+00
# span 0 =     -0.570,      5.414       
# span 1 =     -0.270,      0.307       
# span 2 =     0.3677,    14.0472       
# span 3 =      3.462,    160.700       
# span 4 =      1.055,     41.069       
# span 5 =   1.047477,  37.853509       
# span 6 =    -1.9050,     6.2599       
# span 7 =      7.037,      9.539       
# span 8 =   159.3637,  1240.2295       
# span 9 = 2.4550e+00, 2.9161e+03       
# span 10 =    -0.6093,    93.0587      
# span 11 =     -0.560,      5.310      
# span 12 =     -0.811,      7.701      
# span 13 =    10.9475,    26.9237      
# span 14 =   996.5542,   999.6534      
# span 15 = 0.0000e+00, 0.0000e+00      
# interval = seconds: 0.25
# start_time = Jul 01 2019 11:42:55 [Instrument's time stamp, header]
# bad_flag = -9.990e-29
*END*
[from data line 91]
      0.207     -0.004     7.1273     88.919     35.871  37.069283     1.5466      8.870   159.7994 1.2259e+03     1.8473      0.203      0.294    26.7141   996.6125 0.0000e+00
      0.203     -0.002     7.1037     88.606     35.829  37.017799     1.5164      8.865   159.5842 1.5434e+03     1.9430      0.199      0.288    26.6946   996.6179 0.0000e+00
      0.200      0.003     7.0839     88.339     35.745  36.922090     1.5002      8.859   159.3637 1.5656e+03     1.9848      0.196      0.284    26.6835   996.6208 0.0000e+00
      0.199      0.011     7.0639     88.064     35.700  36.864150     1.5162      8.849   159.3705 1.3572e+03     1.9921      0.194      0.282    26.6742   996.6234 0.0000e+00
      0.202      0.019     7.0425     87.773     35.673  36.825024     1.5442      8.837   159.6667 1.2108e+03     2.0318      0.197      0.285    26.6633   996.6264 0.0000e+00
      0.211      0.023     7.0202     87.480     35.623  36.766354     1.5697      8.827   159.9339 1.2536e+03     2.0388      0.205      0.297    26.6519   996.6295 0.0000e+00
      0.223      0.022     6.9923     87.128     35.585  36.726020     1.5735      8.821   159.9337 1.2843e+03     1.9791      0.219      0.318    26.6411   996.6324 0.0000e+00
      0.234      0.019     6.9568     86.684     35.578  36.718190     1.5641      8.821   159.9212 1.2464e+03     1.9323      0.232      0.337    26.6251   996.6368 0.0000e+00
      0.239      0.014     6.9201     86.223     35.596  36.735152     1.5690      8.822   160.0421 1.1624e+03     1.9314      0.238      0.345    26.6052   996.6422 0.0000e+00
      0.237      0.009     6.8915     85.860     35.605  36.740692     1.5805      8.816   160.1903 9.6338e+02     1.9679      0.234      0.339    26.5956   996.6448 0.0000e+00
      0.232      0.004     6.8743     85.638     35.590  36.721688     1.5812      8.806   160.3369 8.3884e+02     1.9809      0.224      0.324    26.5955   996.6448 0.0000e+00
      0.232      0.001     6.8658     85.524     35.569  36.695778     1.5784      8.796   160.4377 1.0269e+03     1.9572      0.224      0.325    26.5959   996.6446 0.0000e+00
      0.237      0.002     6.8594     85.439     35.557  36.681303     1.5894      8.786   160.4626 1.5088e+03     1.9112      0.234      0.340    26.5938   996.6452 0.0000e+00
      0.240      0.006     6.8501     85.319     35.552  36.673620     1.6193      8.777   160.4666 1.8332e+03     1.8496      0.238      0.345    26.5890   996.6466 0.0000e+00
      0.237      0.010     6.8371     85.152     35.547  36.666352     1.6457      8.770   160.4851 1.6987e+03     1.8353      0.232      0.337    26.5821   996.6484 0.0000e+00
      0.236      0.013     6.8205     84.940     35.540  36.656900     1.6485      8.760   160.6010 1.4715e+03     1.8376      0.229      0.333    26.5770   996.6498 0.0000e+00
      0.241      0.015     6.7972     84.643     35.510  36.622804     1.6354      8.744   160.8355 1.4117e+03     1.8107      0.236      0.343    26.5744   996.6505 0.0000e+00
      0.248      0.017     6.7639     84.222     35.463  36.571444     1.6251      8.728   160.9969 1.5109e+03     1.8387      0.243      0.354    26.5716   996.6513 0.0000e+00
      0.255      0.017     6.7196     83.665     35.438  36.543694     1.6281      8.720   161.0042 1.4630e+03     1.9468      0.249      0.362    26.5683   996.6522 0.0000e+00
      0.262      0.014     6.6652     82.985     35.438  36.541164     1.6372      8.723   161.0960 1.0920e+03     2.0368      0.259      0.375    26.5646   996.6533 0.0000e+00
      0.267      0.008     6.6044     82.224     35.439  36.540840     1.6399      8.729   161.3317 9.0075e+02     2.0410      0.265      0.384    26.5609   996.6543 0.0000e+00
      0.267      0.003     6.5381     81.393     35.441  36.539778     1.6171      8.731   161.4449 9.7745e+02     1.9329      0.262      0.381    26.5565   996.6555 0.0000e+00
      0.263      0.000     6.4693     80.532     35.432  36.528316     1.5785      8.729   161.4330 1.0511e+03     1.8104      0.257      0.374    26.5528   996.6564 0.0000e+00
      0.260     -0.001     6.4051     79.727     35.435  36.529198     1.5722      8.726   161.5322 1.1021e+03     1.8056      0.254      0.369    26.5509   996.6569 0.0000e+00
      0.260      0.003     6.3461     78.988     35.458  36.550431     1.5926      8.722   161.7840 1.1526e+03     1.8415      0.255      0.370    26.5484   996.6576 0.0000e+00
      0.260      0.011     6.2921     78.310     35.442  36.531157     1.6080      8.715   161.9822 1.1456e+03     1.8850      0.256      0.371    26.5444   996.6587 0.0000e+00
      0.262      0.021     6.2475     77.749     35.402  36.486572     1.6201      8.704   162.0347 1.1296e+03     1.9713      0.255      0.370    26.5406   996.6597 0.0000e+00
      0.268      0.029     6.2149     77.337     35.374  36.455645     1.6264      8.686   162.0747 1.1491e+03     2.0321      0.261      0.379    26.5374   996.6606 0.0000e+00
      0.278      0.034     6.1905     77.030     35.333  36.411110     1.6322      8.669   162.1212 1.0282e+03     2.0629      0.270      0.393    26.5338   996.6617 0.0000e+00
      0.293      0.035     6.1685     76.757     35.315  36.392399     1.6641      8.659   162.3392 8.3153e+02     2.0487      0.287      0.415    26.5298   996.6627 0.0000e+00
      0.308      0.035     6.1438     76.449     35.341  36.419820     1.7176      8.654   162.8185 7.3263e+02     1.9921      0.305      0.442    26.5266   996.6637 0.0000e+00
      0.316      0.034     6.1166     76.108     35.348  36.425310     1.7506      8.644   163.1838 6.5508e+02     1.9677      0.313      0.454    26.5218   996.6651 0.0000e+00
      0.318      0.031     6.0943     75.825     35.322  36.395295     1.7589      8.633   163.2291 6.2293e+02     1.9827      0.311      0.451    26.5172   996.6662 0.0000e+00
      0.321      0.026     6.0783     75.621     35.304  36.374265     1.7486      8.626   163.1940 7.0338e+02     2.0099      0.312      0.451    26.5194   996.6656 0.0000e+00
      0.331      0.021     6.0635     75.435     35.292  36.361447     1.7214      8.622   163.3620 7.8588e+02     2.0345      0.324      0.469    26.5208   996.6654 0.0000e+00
      0.342      0.023     6.0450     75.204     35.298  36.367252     1.7077      8.615   163.9692 7.6294e+02     2.0508      0.339      0.492    26.5183   996.6661 0.0000e+00
      0.346      0.033     6.0258     74.961     35.314  36.380981     1.7041      8.603   164.8569 6.5054e+02     2.0438      0.341      0.495    26.5137   996.6673 0.0000e+00
      0.345      0.048     6.0256     74.951     35.275  36.337023     1.6958      8.589   165.4916 5.8330e+02     2.0157      0.338      0.489    26.5085   996.6688 0.0000e+00
      0.347      0.060     6.0712     75.519     35.219  36.280052     1.6939      8.582   165.8776 6.4620e+02     2.0383      0.335      0.486    26.5084   996.6688 0.0000e+00
      0.365      0.065     6.1772     76.844     35.200  36.263382     1.6983      8.586   166.1696 7.4795e+02     2.1199      0.346      0.502    26.5091   996.6687 0.0000e+00
      0.404      0.067     6.3354     78.806     35.202  36.262425     1.7057      8.592   166.3549 8.3316e+02     2.1827      0.397      0.576    26.5052   996.6699 0.0000e+00
      0.440      0.063     6.5202     81.088     35.215  36.268468     1.7134      8.593   166.6554 8.5658e+02     2.2087      0.444      0.643    26.4946   996.6730 0.0000e+00
      0.453      0.052     6.6999     83.308     35.226  36.272968     1.7137      8.592   166.9633 7.3053e+02     2.1067      0.448      0.650    26.4965   996.6725 0.0000e+00
      0.450      0.034     6.8476     85.134     35.212  36.253354     1.7100      8.588   167.0668 6.1472e+02     1.8664      0.439      0.637    26.5103   996.6687 0.0000e+00
      0.450      0.015     6.9493     86.389     35.185  36.221714     1.7027      8.583   167.2180 6.1347e+02     1.7281      0.441      0.639    26.5033   996.6706 0.0000e+00
      0.453      0.003     7.0021     87.037     35.175  36.207763     1.6951      8.578   167.5008 6.9235e+02     1.7459      0.446      0.647    26.4868   996.6751 0.0000e+00
      0.453      0.000     7.0101     87.127     35.183  36.211603     1.7127      8.572   167.7329 9.2891e+02     1.8194      0.446      0.645    26.4781   996.6774 0.0000e+00
      0.451      0.001     6.9825     86.768     35.183  36.204675     1.7511      8.567   167.8732 1.1381e+03     1.9288      0.441      0.640    26.4713   996.6792 0.0000e+00
      0.450      0.002     6.9325     86.130     35.174  36.187459     1.7698      8.561   167.9919 1.0353e+03     1.9869      0.440      0.639    26.4656   996.6808 0.0000e+00
      0.451      0.002     6.8746     85.395     35.187  36.193844     1.7643      8.555   168.1355 8.0183e+02     1.9654      0.443      0.642    26.4618   996.6818 0.0000e+00
      0.453      0.001     6.8173     84.669     35.217  36.218389     1.7627      8.550   168.2333 7.5084e+02     1.9631      0.444      0.644    26.4567   996.6833 0.0000e+00
      0.456     -0.002     6.7646     84.002     35.235  36.230335     1.7681      8.545   168.3138 8.6701e+02     1.9926      0.448      0.649    26.4453   996.6863 0.0000e+00
      0.458     -0.006     6.7163     83.391     35.222  36.211342     1.7691      8.542   168.5073 9.2711e+02     1.9938      0.452      0.656    26.4333   996.6895 0.0000e+00
      0.455     -0.010     6.6687     82.784     35.198  36.179147     1.7671      8.540   168.6807 8.4254e+02     1.9769      0.448      0.650    26.4233   996.6923 0.0000e+00
      0.449     -0.011     6.6197     82.159     35.185  36.158411     1.7608      8.536   168.6890 7.6414e+02     1.9849      0.439      0.637    26.4133   996.6949 0.0000e+00
      0.443     -0.008     6.5703     81.535     35.183  36.151019     1.7624      8.527   168.6932 9.1601e+02     2.0250      0.433      0.629    26.4060   996.6968 0.0000e+00
      0.438     -0.003     6.5228     80.940     35.187  36.153236     1.7773      8.514   168.7312 1.0779e+03     2.0362      0.429      0.622    26.3993   996.6986 0.0000e+00
      0.437      0.000     6.4787     80.389     35.221  36.185215     1.7768      8.502   168.5464 1.1095e+03     1.9897      0.426      0.618    26.3881   996.7016 0.0000e+00
      0.442     -0.005     6.4382     79.875     35.322  36.283793     1.7648      8.497   168.0936 1.1827e+03     1.9534      0.430      0.624    26.3745   996.7053 0.0000e+00
      0.452     -0.025     6.4062     79.447     35.444  36.393062     1.8218      8.494   167.5586 1.0740e+03     1.9574      0.445      0.646    26.3683   996.7071 0.0000e+00
      0.457     -0.058     6.3947     79.257     35.500  36.427348     1.9379      8.490   167.1544 9.2844e+02     2.0058      0.455      0.660    26.3661   996.7077 0.0000e+00
      0.446     -0.097     6.4138     79.455     35.473  36.380947     1.9977      8.484   166.9917 9.2248e+02     2.0473      0.445      0.645    26.3632   996.7084 0.0000e+00
      0.411     -0.133     6.4641     80.060     35.380  36.276306     1.9988      8.474   166.9682 1.0272e+03     2.0000      0.413      0.598    26.3606   996.7089 0.0000e+00
      0.356     -0.155     6.5406     81.002     35.286  36.177675     1.9512      8.459   166.9570 1.3413e+03     1.8933      0.353      0.512    26.3378   996.7148 0.0000e+00
      0.292     -0.155     6.6364     82.192     35.249  36.140462     1.8647      8.438   166.8556 1.4150e+03     1.8054      0.282      0.410    26.2956   996.7259 0.0000e+00
      0.236     -0.135     6.7462     83.569     35.244  36.143713     1.8202      8.422   166.6879 1.1415e+03     1.7899      0.225      0.327    26.2670   996.7333 0.0000e+00
      0.200     -0.103     6.8601     85.016     35.237  36.153524     1.8122      8.414   166.5647 9.2008e+02     1.8042      0.185      0.270    26.2588   996.7352 0.0000e+00
      0.188     -0.071     6.9581     86.280     35.256  36.195644     1.7764      8.408   166.4850 7.4448e+02     1.8470      0.176      0.256    26.2559   996.7361 0.0000e+00
      0.193     -0.052     7.0227     87.124     35.312  36.272199     1.7258      8.399   166.4127 6.2043e+02     1.9470      0.191      0.277    26.2551   996.7363 0.0000e+00
      0.200     -0.056     7.0462     87.427     35.352  36.317524     1.7114      8.388   166.3786 5.7590e+02     2.0291      0.199      0.288    26.2649   996.7337 0.0000e+00
      0.197     -0.085     7.0364     87.285     35.343  36.299376     1.7057      8.378   167.1047 5.5051e+02     2.0862      0.199      0.287    26.2904   996.7269 0.0000e+00
      0.178     -0.130     7.0187     87.039     35.299  36.243181     1.6659      8.368   174.5038 5.8208e+02     2.0808      0.185      0.268    26.3262   996.7172 0.0000e+00
      0.136     -0.182     7.0203     87.040     35.274  36.209288     1.6123      8.355   192.9462 8.7482e+02     1.9968      0.141      0.204    26.3605   996.7078 0.0000e+00
      0.072     -0.227     7.0503     87.400     35.277  36.206926     1.5861      8.340   210.0092 1.3700e+03     1.9881      0.075      0.109    26.3691   996.7052 0.0000e+00
     -0.003     -0.259     7.0961     87.962     35.288  36.214609     1.6091      8.318   214.9279 1.5825e+03     2.0738     -0.000     -0.000    26.3473   996.7106 0.0000e+00
     -0.083     -0.270     7.1391     88.490     35.313  36.238718     1.8821      8.294   215.3346 1.4969e+03     2.4432     -0.084     -0.121    26.3274   996.7157 0.0000e+00
     -0.161     -0.255     7.1653     88.811     35.382  36.308008     2.3807      8.272   217.5076 1.2903e+03     3.0785     -0.160     -0.232    26.3175   996.7180 0.0000e+00
     -0.235     -0.216     7.1741     88.919     35.552  36.481147     2.6523      8.256   220.0363 9.1316e+02     3.4305     -0.232     -0.336    26.3105   996.7195 0.0000e+00
     -0.298     -0.162     7.1789     88.993     35.741  36.681865     2.6695      8.247   221.8173 5.6327e+02     3.6187     -0.301     -0.436    26.3064   996.7203 0.0000e+00
     -0.337     -0.102     7.2009     89.317     35.740  36.703783     2.5710      8.240   223.0384 4.4712e+02     5.0913     -0.344     -0.497    26.3041   996.7208 0.0000e+00
     -0.345     -0.046     7.2658     90.210     35.559  36.555778     1.4530      8.234   223.8734 5.2993e+02    21.0724     -0.347     -0.504    26.3018   996.7214 0.0000e+00
     -0.333     -0.001     7.3860     91.790     35.386  36.415742    -0.6005      8.228   224.0843 7.3155e+02    50.3858     -0.327     -0.475    26.2991   996.7223 0.0000e+00
     -0.315      0.027     7.5438     93.816     35.290  36.343577    -1.7188      8.222   224.2117 9.4000e+02    66.3687     -0.308     -0.447    26.3005   996.7221 0.0000e+00
     -0.298      0.036     7.7078     95.906     35.245  36.317991    -1.7421      8.219   224.5525 1.0792e+03    67.8288     -0.292     -0.424    26.3300   996.7142 0.0000e+00
     -0.284      0.029     7.8479     97.694     35.207  36.296827    -0.9253      8.221   224.7631 1.0942e+03    67.9088     -0.277     -0.401    26.3978   996.6959 0.0000e+00
     -0.277      0.015     7.9370     98.835     35.237  36.341596     0.5699      8.225   224.8659 9.7790e+02    67.7950     -0.268     -0.389    26.4572   996.6798 0.0000e+00
     -0.277      0.005     7.9576     99.119     35.421  36.541946     1.3808      8.227   225.0210 9.7695e+02    67.7959     -0.266     -0.387    26.4878   996.6716 0.0000e+00
     -0.284      0.002     7.9295     98.833     35.600  36.751650     1.4574      8.224   224.8323 1.2465e+03    68.3780     -0.277     -0.403    26.5158   996.6640 0.0000e+00
     -0.294      0.007     7.9276     98.928     35.646  36.846050     1.4792      8.213   223.7025 1.4965e+03    74.8345     -0.291     -0.423    26.5451   996.6560 0.0000e+00
