Data/DataAlreadyUploadedToEDI/CollatedDataForEDI/CTDData/CTD_2019 (not collated)/070119_fcr30.cnv
* Sea-Bird SBE19plus  Data File:
* FileName = C:\DATA\070119_fcr_0008.hex
* Software version 2.8.0.119 SB_Terminal.dll
* Temperature SN = 7809
* Conductivity SN = 7809
* System UpLoad Time = Jul 01 2019 16:59:14
* <ApplicationData>
* <Seaterm232>
# nquan = 16
# nvalues = 454                         
# units = specified
# name 0 = depFM: Depth [fresh water, m]
# name 1 = dz/dtM: Descent Rate [m/s]
# name 2 = sbeox0Mg/L: Oxygen, SBE 43 [mg/l]
# name 3 = sbeox0PS: Oxygen, SBE 43 [% saturation]
# name 4 = specc: Specific Conductance [uS/cm]
# name 5 = c0uS/cm: Conductivity [uS/cm]
# name 6 = flECO-AFL: Fluorescence, WET Labs ECO-AFL/FL [mg/m^3]
# name 7 = ph: pH
# name 8 = orp: Oxidation Reduction Potential [mV]
# name 9 = par/sat/log: PAR/Logarithmic, Satlantic
# name 10 = turbWETntu0: Turbidity, WET Labs ECO [NTU]
# name 11 = prdM: Pressure, Strain Gauge [db]
# name 12 = prdE: Pressure, Strain Gauge [psi]
# name 13 = tv290C: Temperature [ITS-90, deg C]
# name 14 = density00: Density [density, kg/m^3]
# name 15 = flag:  0.000e+00
# span 0 =     -0.570,      5.414       
# span 1 =     -0.270,      0.307       
# span 2 =     0.3677,    14.0472       
# span 3 =      3.462,    160.700       
# span 4 =      1.055,     41.069       
# span 5 =   1.047477,  37.853509       
# span 6 =    -1.9050,     6.2599       
# span 7 =      7.037,      9.539       
# span 8 =   159.3637,  1240.2295       
# span 9 = 2.4550e+00, 2.9161e+03       
# span 10 =    -0.6093,    93.0587      
# span 11 =     -0.560,      5.310      
# span 12 =     -0.811,      7.701      
# span 13 =    10.9475,    26.9237      
# span 14 =   996.5542,   999.6534      
# span 15 = 0.0000e+00, 0.0000e+00      
# interval = seconds: 0.25
# start_time = Jul 01 2019 11:42:55 [Instrument's time stamp, header]
# bad_flag = -9.990e-29
*END*
[from data line 181]
     -0.290      0.040     8.1782    102.274     35.554  36.835792     1.5202      8.179   220.4559 1.5079e+03    93.0587     -0.287     -0.418    26.5677   996.6499 0.0000e+00
     -0.272      0.059     8.3851    104.899     35.533  36.828442     1.5134      8.163   209.9900 1.3159e+03    91.5319     -0.270     -0.392    26.5945   996.6429 0.0000e+00
     -0.247      0.076     8.6034    107.634     35.536  36.832868     1.4664      8.147   199.5090 9.4744e+02    68.8034     -0.243     -0.352    26.6772   996.6205 0.0000e+00
     -0.222      0.088     8.8021    110.104     35.534  36.825831     1.3770      8.136   202.3983 5.8759e+02    27.1071     -0.215     -0.312    26.7598   996.5982 0.0000e+00
     -0.200      0.094     8.9625    112.086     35.524  36.806828     1.3255      8.130   207.1531 4.6569e+02     4.3475     -0.197     -0.285    26.8059   996.5856 0.0000e+00
     -0.179      0.096     9.0725    113.429     35.523  36.793511     1.3294      8.129   210.6242 4.9411e+02     2.2465     -0.177     -0.257    26.8230   996.5810 0.0000e+00
     -0.153      0.094     9.1255    114.055     35.533  36.791746     1.3814      8.129   205.9075 4.6356e+02     2.0645     -0.151     -0.219    26.8209   996.5817 0.0000e+00
     -0.125      0.090     9.1301    114.085     35.536  36.785457     1.4674      8.128   189.6159 4.0068e+02     2.0810     -0.121     -0.176    26.8118   996.5843 0.0000e+00
     -0.100      0.085     9.1059    113.771     35.536  36.780927     1.5117      8.126   180.0436 4.2643e+02     2.0857     -0.097     -0.140    26.8007   996.5874 0.0000e+00
     -0.078      0.075     9.0719    113.343     35.555  36.800445     1.5181      8.128   178.3594 5.5508e+02     2.0559     -0.076     -0.110    26.7837   996.5922 0.0000e+00
     -0.060      0.063     9.0394    112.937     35.585  36.831026     1.5191      8.130   175.9641 7.7023e+02     2.0155     -0.057     -0.083    26.7618   996.5983 0.0000e+00
     -0.045      0.052     9.0117    112.589     35.588  36.833325     1.5316      8.134   173.8826 9.4701e+02     1.9901     -0.041     -0.061    26.7486   996.6019 0.0000e+00
     -0.035      0.044     8.9864    112.270     35.584  36.828237     1.5657      8.139   173.8407 9.3805e+02     1.9785     -0.033     -0.049    26.7444   996.6030 0.0000e+00
     -0.030      0.042     8.9643    111.985     35.591  36.832972     1.5840      8.141   183.8899 8.0640e+02     1.9735     -0.030     -0.043    26.7444   996.6031 0.0000e+00
     -0.024      0.044     8.9485    111.775     35.591  36.827098     1.5797      8.135   203.4973 6.6306e+02     1.9625     -0.024     -0.035    26.7443   996.6033 0.0000e+00
     -0.016      0.047     8.9398    111.655     35.588  36.820687     1.5666      8.120   214.9143 5.8511e+02     1.9450     -0.016     -0.025    26.7429   996.6036 0.0000e+00
     -0.002      0.049     8.9351    111.595     35.587  36.818917     1.5462      8.104   216.9642 6.0273e+02     1.9581     -0.004     -0.006    26.7423   996.6038 0.0000e+00
      0.018      0.049     8.9301    111.538     35.572  36.805694     1.5323      8.095   217.9569 7.6255e+02     1.9888      0.019      0.028    26.7391   996.6048 0.0000e+00
      0.037      0.045     8.9249    111.483     35.552  36.787759     1.5284      8.093   218.2275 1.0558e+03     1.9886      0.040      0.059    26.7309   996.6071 0.0000e+00
      0.049      0.040     8.9232    111.475     35.552  36.792489     1.5602      8.097   218.1703 1.2880e+03     1.9240      0.050      0.073    26.7226   996.6094 0.0000e+00
      0.054      0.033     8.9256    111.522     35.552  36.799416     1.6226      8.101   218.4702 1.3775e+03     1.8296      0.054      0.078    26.7232   996.6093 0.0000e+00
      0.056      0.025     8.9254    111.539     35.554  36.808051     1.6582      8.105   219.0151 1.3818e+03     1.7986      0.053      0.077    26.7285   996.6079 0.0000e+00
      0.060      0.019     8.9164    111.445     35.572  36.833428     1.6617      8.109   219.5954 1.3747e+03     1.8108      0.057      0.083    26.7310   996.6071 0.0000e+00
      0.069      0.016     8.9024    111.285     35.585  36.852372     1.6387      8.111   220.2389 1.4652e+03     1.8125      0.068      0.099    26.7380   996.6053 0.0000e+00
      0.075      0.014     8.8932    111.174     35.578  36.846693     1.6055      8.111   220.6008 1.5573e+03     1.7875      0.075      0.109    26.7481   996.6026 0.0000e+00
      0.077      0.012     8.8928    111.172     35.560  36.828239     1.5898      8.111   220.4429 1.4948e+03     1.7375      0.076      0.110    26.7563   996.6004 0.0000e+00
      0.077      0.010     8.9000    111.272     35.548  36.819659     1.5794      8.111   218.4164 1.4276e+03     1.7324      0.075      0.109    26.7676   996.5973 0.0000e+00
      0.078      0.010     8.9121    111.439     35.530  36.806444     1.5575      8.111   216.4889 1.4635e+03     1.8234      0.076      0.110    26.7775   996.5946 0.0000e+00
      0.079      0.012     8.9245    111.603     35.516  36.795405     1.5237      8.110   218.3038 1.5711e+03     1.9213      0.077      0.112    26.7763   996.5949 0.0000e+00
      0.083      0.015     8.9337    111.717     35.533  36.813140     1.5005      8.109   220.4849 1.7738e+03     1.9655      0.080      0.116    26.7741   996.5955 0.0000e+00
      0.088      0.018     8.9374    111.757     35.552  36.830460     1.5021      8.107   220.8346 1.8338e+03     1.9978      0.086      0.125    26.7821   996.5934 0.0000e+00
      0.094      0.019     8.9349    111.724     35.537  36.814390     1.5171      8.104   220.8973 1.5716e+03     2.0164      0.093      0.134    26.7916   996.5908 0.0000e+00
      0.100      0.018     8.9282    111.646     35.530  36.809253     1.5262      8.100   220.8992 1.2680e+03     1.9931      0.098      0.143    26.7976   996.5892 0.0000e+00
      0.106      0.016     8.9178    111.525     35.550  36.831832     1.5255      8.097   220.9432 1.1511e+03     1.9460      0.105      0.152    26.7965   996.5895 0.0000e+00
      0.111      0.013     8.9042    111.359     35.550  36.833507     1.5258      8.095   220.9125 1.2487e+03     1.9383      0.110      0.158    26.7890   996.5915 0.0000e+00
      0.113      0.008     8.8901    111.181     35.546  36.829506     1.5216      8.095   220.7860 1.4375e+03     1.9653      0.111      0.161    26.7882   996.5918 0.0000e+00
      0.114      0.004     8.8776    111.016     35.566  36.846921     1.5609      8.095   220.7918 1.5050e+03     1.9448      0.112      0.162    26.7939   996.5903 0.0000e+00
      0.114      0.001     8.8680    110.886     35.576  36.853651     1.6541      8.095   220.9820 1.4551e+03     1.8544      0.112      0.162    26.7978   996.5892 0.0000e+00
      0.113     -0.001     8.8639    110.826     35.573  36.847399     1.7036      8.095   221.2786 1.3691e+03     1.7896      0.111      0.161    26.8006   996.5884 0.0000e+00
      0.112     -0.001     8.8650    110.831     35.563  36.834801     1.7082      8.094   221.6246 1.2628e+03     1.7849      0.110      0.159    26.8002   996.5884 0.0000e+00
      0.112     -0.001     8.8680    110.857     35.561  36.828264     1.7272      8.091   221.8952 1.2078e+03     1.8298      0.109      0.158    26.7946   996.5900 0.0000e+00
      0.112     -0.001     8.8712    110.890     35.567  36.831827     1.7518      8.088   222.1417 1.2353e+03     1.9394      0.110      0.159    26.7890   996.5916 0.0000e+00
      0.112     -0.002     8.8773    110.961     35.552  36.814402     1.7625      8.085   222.3687 1.2988e+03     1.9957      0.110      0.159    26.7852   996.5927 0.0000e+00
      0.111     -0.002     8.8881    111.091     35.548  36.807997     1.7615      8.082   222.4882 1.3358e+03     1.9526      0.109      0.158    26.7807   996.5939 0.0000e+00
      0.111     -0.003     8.9014    111.249     35.560  36.817863     1.7567      8.081   222.5546 1.3174e+03     1.9434      0.109      0.158    26.7751   996.5954 0.0000e+00
      0.110     -0.003     8.9145    111.407     35.552  36.806738     1.7566      8.080   222.4833 1.3481e+03     1.9831      0.108      0.156    26.7710   996.5965 0.0000e+00
      0.109     -0.002     8.9271    111.557     35.548  36.800431     1.7611      8.080   222.3143 1.4053e+03     2.0061      0.107      0.155    26.7689   996.5971 0.0000e+00
      0.108     -0.001     8.9396    111.705     35.555  36.805067     1.7673      8.081   222.2318 1.3518e+03     1.9926      0.106      0.153    26.7665   996.5977 0.0000e+00
      0.107     -0.001     8.9520    111.854     35.551  36.799312     1.8141      8.080   222.2610 1.2834e+03     1.9186      0.104      0.151    26.7625   996.5987 0.0000e+00
      0.108     -0.002     8.9638    112.004     35.546  36.794317     1.9025      8.076   222.4086 1.3428e+03     1.8320      0.105      0.152    26.7588   996.5998 0.0000e+00
      0.110     -0.004     8.9732    112.131     35.556  36.808155     1.9513      8.073   222.7262 1.4395e+03     1.7975      0.109      0.157    26.7557   996.6007 0.0000e+00
      0.111     -0.007     8.9776    112.193     35.584  36.839682     1.9535      8.071   223.0892 1.4663e+03     1.7959      0.111      0.160    26.7513   996.6019 0.0000e+00
      0.108     -0.010     8.9760    112.171     35.602  36.858150     1.9285      8.066   223.2704 1.4514e+03     1.8457      0.108      0.156    26.7475   996.6029 0.0000e+00
      0.103     -0.013     8.9686    112.070     35.589  36.841040     1.8747      8.059   223.3683 1.4160e+03     1.9735      0.101      0.147    26.7486   996.6026 0.0000e+00
      0.097     -0.015     8.9568    111.912     35.575  36.823220     1.8406      8.052   223.4987 1.3416e+03     2.0639      0.093      0.136    26.7546   996.6009 0.0000e+00
      0.092     -0.016     8.9430    111.732     35.588  36.833096     1.8374      8.047   223.4702 1.2681e+03     2.0532      0.089      0.130    26.7600   996.5994 0.0000e+00
      0.090     -0.014     8.9300    111.565     35.590  36.833503     1.8358      8.041   223.2814 1.2908e+03     2.0076      0.088      0.128    26.7587   996.5998 0.0000e+00
      0.087     -0.011     8.9218    111.459     35.585  36.828139     1.8033      8.035   223.2810 1.4232e+03     1.9714      0.086      0.124    26.7536   996.6011 0.0000e+00
      0.083     -0.007     8.9193    111.426     35.589  36.831707     1.7396      8.031   223.4654 1.6352e+03     1.9767      0.081      0.117    26.7471   996.6029 0.0000e+00
      0.081     -0.003     8.9210    111.447     35.572  36.813172     1.7067      8.029   223.6187 1.7966e+03     2.0052      0.077      0.112    26.7423   996.6041 0.0000e+00
      0.081     -0.001     8.9269    111.523     35.553  36.794444     1.7187      8.027   223.8441 1.7126e+03     2.0207      0.078      0.114    26.7412   996.6044 0.0000e+00
      0.082     -0.001     8.9349    111.629     35.552  36.795691     1.7544      8.027   224.0394 1.5370e+03     2.0342      0.080      0.116    26.7400   996.6049 0.0000e+00
      0.084     -0.001     8.9427    111.736     35.580  36.828256     1.7994      8.026   224.0009 1.4636e+03     2.0368      0.083      0.120    26.7390   996.6051 0.0000e+00
      0.085     -0.002     8.9492    111.825     35.618  36.870828     1.8210      8.021   223.8945 1.4075e+03     2.0198      0.085      0.123    26.7380   996.6053 0.0000e+00
      0.083     -0.003     8.9481    111.817     35.612  36.866116     1.8247      8.006   223.7000 1.3477e+03     2.0245      0.082      0.120    26.7382   996.6054 0.0000e+00
      0.078     -0.005     8.9371    111.688     35.579  36.834760     1.8093      7.989   222.1655 1.2526e+03     2.0279      0.076      0.111    26.7422   996.6043 0.0000e+00
      0.076     -0.005     8.9249    111.545     35.551  36.809078     1.7740      7.981   220.8276 1.1891e+03     1.9949      0.074      0.107    26.7483   996.6026 0.0000e+00
      0.076     -0.004     8.9199    111.487     35.549  36.809494     1.7625      7.982   222.1511 1.2323e+03     1.9871      0.076      0.110    26.7517   996.6017 0.0000e+00
      0.076      0.001     8.9216    111.515     35.576  36.839791     1.7739      7.987   223.4538 1.2716e+03     2.0320      0.075      0.110    26.7539   996.6010 0.0000e+00
      0.075      0.007     8.9231    111.544     35.591  36.858036     1.7646      7.989   223.3289 1.2644e+03     2.0460      0.073      0.107    26.7583   996.5997 0.0000e+00
      0.075      0.013     8.9201    111.514     35.570  36.839677     1.7284      7.989   223.1359 1.2502e+03     1.9932      0.073      0.106    26.7643   996.5982 0.0000e+00
      0.078      0.018     8.9162    111.469     35.539  36.808235     1.7000      7.987   222.4114 1.1573e+03     1.9830      0.076      0.110    26.7664   996.5976 0.0000e+00
      0.086      0.021     8.9152    111.457     35.526  36.795239     1.6990      7.986   213.7942 1.0642e+03     2.0208      0.083      0.121    26.7669   996.5975 0.0000e+00
      0.097      0.017     8.9150    111.456     35.539  36.809494     1.7239      7.985   197.3287 1.3315e+03     1.9588      0.096      0.139    26.7740   996.5956 0.0000e+00
      0.105     -0.002     8.9129    111.433     35.581  36.853649     1.7581      7.986   187.0612 1.6113e+03     1.8231      0.106      0.153    26.7792   996.5942 0.0000e+00
      0.109     -0.038     8.9098    111.408     35.607  36.884807     1.7669      7.989   184.4647 1.3660e+03     1.7566      0.107      0.154    26.7799   996.5941 0.0000e+00
      0.108     -0.088     8.9081    111.404     35.585  36.868862     1.7519      7.989   182.9705 1.1174e+03     1.7441      0.109      0.159    26.7804   996.5939 0.0000e+00
      0.093     -0.139     8.9077    111.417     35.562  36.851287     1.7409      7.987   181.6429 1.3066e+03     1.7382      0.104      0.152    26.7805   996.5939 0.0000e+00
      0.043     -0.185     8.9055    111.405     35.568  36.862752     1.6958      7.984   180.5445 1.5869e+03     1.7509      0.054      0.079    26.7809   996.5935 0.0000e+00
     -0.035     -0.218     8.8956    111.304     35.577  36.880544     1.6139      7.983   180.6172 1.7053e+03     1.7997     -0.037     -0.052    26.7868   996.5916 0.0000e+00
     -0.114     -0.226     8.8756    111.092     35.560  36.876007     1.5740      7.983   189.5771 1.6523e+03     1.9015     -0.118     -0.171    26.7987   996.5879 0.0000e+00
     -0.182     -0.201     8.8461    110.764     35.541  36.871389     1.5600      7.979   198.2788 1.5314e+03     2.6875     -0.180     -0.261    26.8071   996.5853 0.0000e+00
     -0.241     -0.142     8.8088    110.329     35.546  36.888197     1.4270      7.972   190.0666 1.5179e+03    11.4665     -0.240     -0.348    26.8122   996.5837 0.0000e+00
     -0.285     -0.065     8.7665    109.824     35.537  36.888828     1.1881      7.967   180.6258 1.6003e+03    27.5595     -0.292     -0.423    26.8229   996.5806 0.0000e+00
     -0.295      0.010     8.7205    109.269     35.521  36.879037     1.0564      7.962   179.2893 1.6830e+03    36.2555     -0.305     -0.443    26.8446   996.5745 0.0000e+00
     -0.265      0.070     8.6739    108.700     35.533  36.896762     1.0481      7.955   178.7256 1.7197e+03    36.2523     -0.269     -0.390    26.8675   996.5684 0.0000e+00
     -0.211      0.113     8.6328    108.195     35.544  36.912728     1.1483      7.948   178.3702 1.7166e+03    27.5853     -0.206     -0.300    26.8831   996.5645 0.0000e+00
     -0.156      0.137     8.6021    107.817     35.512  36.881669     1.3406      7.943   178.2619 1.7168e+03    11.5917     -0.147     -0.213    26.8959   996.5612 0.0000e+00
     -0.117      0.143     8.5820    107.565     35.471  36.838602     1.4486      7.942   178.2768 1.7317e+03     2.8702     -0.108     -0.156    26.9061   996.5586 0.0000e+00
     -0.092      0.138     8.5731    107.440     35.473  36.836315     1.4648      7.943   178.1196 1.7477e+03     2.0985     -0.090     -0.130    26.9140   996.5566 0.0000e+00
