Data/DataAlreadyUploadedToEDI/CollatedDataForEDI/CTDData/CTD_2019 (not collated)/070119_fcr50.cnv
* Sea-Bird SBE19plus  Data File:
* FileName = C:\DATA\070119_fcr50.hex
* Software version 2.8.0.119 SB_Terminal.dll
* Temperature SN = 7809
* Conductivity SN = 7809
* System UpLoad Time = Jul 01 2019 10:03:49
* <ApplicationData>
* <Seaterm232>
# nquan = 16
# nvalues = 1207                        
# units = specified
# name 0 = depFM: Depth [fresh water, m]
# name 1 = dz/dtM: Descent Rate [m/s]
# name 2 = sbeox0Mg/L: Oxygen, SBE 43 [mg/l]
# name 3 = sbeox0PS: Oxygen, SBE 43 [% saturation]
# name 4 = specc: Specific Conductance [uS/cm]
# name 5 = c0uS/cm: Conductivity [uS/cm]
# name 6 = flECO-AFL: Fluorescence, WET Labs ECO-AFL/FL [mg/m^3]
# name 7 = ph: pH
# name 8 = orp: Oxidation Reduction Potential [mV]
# name 9 = par/sat/log: PAR/Logarithmic, Satlantic
# name 10 = turbWETntu0: Turbidity, WET Labs ECO [NTU]
# name 11 = prdM: Pressure, Strain Gauge [db]
# name 12 = prdE: Pressure, Strain Gauge [psi]
# name 13 = tv290C: Temperature [ITS-90, deg C]
# name 14 = density00: Density [density, kg/m^3]
# name 15 = flag:  0.000e+00
# span 0 =     -0.588,      9.230       
# span 1 =     -1.129,      4.243       
# span 2 =     0.0555,    13.3755       
# span 3 =      0.491,    154.796       
# span 4 =      3.409,    114.636       
# span 5 =   3.477695,  80.132468       
# span 6 =    -1.3563,     7.0524       
# span 7 =      6.857,      9.085       
# span 8 =    67.4764,   828.3692       
# span 9 = 1.2345e-01, 1.4484e+03       
# span 10 =    -0.5470,   144.5496      
# span 11 =     -0.577,      9.052      
# span 12 =     -0.837,     13.129      
# span 13 =     9.9358,    26.5281      
# span 14 =   996.6618,   999.7924      
# span 15 = 0.0000e+00, 0.0000e+00      
# interval = seconds: 0.25
# start_time = Jul 01 2019 09:47:11 [Instrument's time stamp, header]
# bad_flag = -9.990e-29
*END*
[from data line 1085]
      8.030      0.069     1.0171      9.072     51.186  36.124131     0.4926      7.360   228.9627 1.2886e-01    15.9189      7.875     11.421    10.2826   999.7340 0.0000e+00
      8.048      0.069     1.0158      9.060     51.851  36.593537     0.5116      7.359   229.1065 1.2546e-01    18.0942      7.893     11.448    10.2840   999.7337 0.0000e+00
      8.065      0.068     1.0083      8.995     52.356  36.952169     0.5220      7.358   228.8785 1.2392e-01    19.2429      7.909     11.472    10.2859   999.7336 0.0000e+00
      8.083      0.067     0.9852      8.790     52.825  37.286539     0.5142      7.355   228.5282 1.2583e-01    19.2874      7.927     11.496    10.2857   999.7338 0.0000e+00
      8.100      0.065     0.9450      8.431     53.248  37.589490     0.5045      7.352   227.7971 1.2930e-01    19.3205      7.944     11.522    10.2840   999.7343 0.0000e+00
      8.117      0.063     0.8909      7.948     53.393  37.695158     0.4990      7.349   226.7500 1.2915e-01    19.8069      7.960     11.545    10.2835   999.7347 0.0000e+00
      8.132      0.062     0.8299      7.405     53.271  37.611991     0.4999      7.348   226.3644 1.2567e-01    20.6782      7.975     11.567    10.2858   999.7347 0.0000e+00
      8.147      0.062     0.7662      6.837     53.340  37.663056     0.4982      7.345   226.5756 1.2375e-01    21.1059      7.990     11.589    10.2899   999.7345 0.0000e+00
      8.162      0.063     0.6983      6.231     53.896  38.058654     0.4957      7.342   226.5504 1.2358e-01    21.0784      8.003     11.608    10.2942   999.7344 0.0000e+00
      8.177      0.064     0.6293      5.616     54.460  38.459411     0.5224      7.339   226.2317 1.2360e-01    21.0986      8.017     11.628    10.2973   999.7342 0.0000e+00
      8.193      0.067     0.5608      5.006     54.619  38.572823     0.5607      7.336   225.8197 1.2361e-01    21.1541      8.034     11.653    10.2997   999.7340 0.0000e+00
      8.211      0.071     0.4947      4.416     54.574  38.541180     0.5679      7.332   225.4405 1.2361e-01    21.1592      8.052     11.679    10.3022   999.7338 0.0000e+00
      8.229      0.075     0.4388      3.917     54.548  38.521188     0.5579      7.328   225.2610 1.2364e-01    21.1274      8.070     11.705    10.3051   999.7339 0.0000e+00
      8.249      0.076     0.3947      3.523     54.552  38.521539     0.5527      7.324   225.1119 1.2366e-01    21.0648      8.089     11.733    10.3076   999.7340 0.0000e+00
      8.270      0.073     0.3597      3.210     54.498  38.481946     0.5572      7.322   224.7566 1.2361e-01    20.9921      8.110     11.763    10.3089   999.7340 0.0000e+00
      8.292      0.066     0.3320      2.963     54.417  38.423354     0.5680      7.319   224.6648 1.2360e-01    20.9692      8.132     11.795    10.3093   999.7341 0.0000e+00
      8.312      0.056     0.3117      2.782     54.363  38.384437     0.5702      7.316   224.8620 1.2367e-01    20.9852      8.153     11.826    10.3076   999.7343 0.0000e+00
      8.326      0.046     0.3007      2.684     54.285  38.328803     0.5581      7.314   224.5598 1.2372e-01    21.0545      8.168     11.848    10.3048   999.7346 0.0000e+00
      8.333      0.036     0.2946      2.630     54.185  38.258539     0.5438      7.312   223.6788 1.2368e-01    21.2491      8.173     11.855    10.3030   999.7348 0.0000e+00
      8.335      0.028     0.2891      2.580     54.148  38.233160     0.5446      7.310   222.2977 1.2362e-01    21.4048      8.172     11.853    10.3023   999.7348 0.0000e+00
      8.339      0.024     0.2841      2.535     54.117  38.212400     0.5599      7.307   220.6806 1.2361e-01    21.3976      8.175     11.859    10.3019   999.7349 0.0000e+00
      8.346      0.024     0.2800      2.498     54.004  38.134494     0.5725      7.305   219.9573 1.2357e-01    21.4236      8.184     11.872    10.3012   999.7350 0.0000e+00
      8.353      0.030     0.2795      2.493     53.797  37.989480     0.5668      7.304   220.2638 1.2354e-01    21.5224      8.192     11.882    10.3012   999.7349 0.0000e+00
      8.358      0.038     0.2837      2.532     53.428  37.728647     0.5512      7.301   220.4281 1.2360e-01    21.5764      8.195     11.886    10.3016   999.7349 0.0000e+00
      8.365      0.048     0.2900      2.588     52.958  37.392983     0.5488      7.299   219.7928 1.2364e-01    21.6177      8.201     11.895    10.3029   999.7349 0.0000e+00
      8.379      0.059     0.2988      2.666     52.560  37.104895     0.5549      7.298   218.6058 1.2360e-01    21.6940      8.217     11.917    10.3052   999.7347 0.0000e+00
      8.397      0.069     0.3107      2.771     52.300  36.911442     0.5734      7.296   217.3472 1.2360e-01    22.1051      8.235     11.943    10.3062   999.7346 0.0000e+00
      8.416      0.076     0.3226      2.876     52.112  36.767815     0.6077      7.295   216.2764 1.2362e-01    22.8204      8.251     11.967    10.3062   999.7345 0.0000e+00
      8.440      0.078     0.3336      2.974     51.943  36.637818     0.6227      7.293   215.4666 1.2364e-01    23.1983      8.274     12.000    10.3030   999.7347 0.0000e+00
      8.465      0.076     0.3453      3.078     51.825  36.545680     0.6240      7.291   214.8698 1.2367e-01    23.2327      8.304     12.043    10.2955   999.7354 0.0000e+00
      8.486      0.071     0.3572      3.184     51.742  36.478955     0.6326      7.290   214.3949 1.2367e-01    23.4335      8.326     12.076    10.2863   999.7363 0.0000e+00
      8.501      0.065     0.3686      3.284     51.643  36.402326     0.6317      7.289   213.7688 1.2365e-01    23.8230      8.337     12.092    10.2751   999.7373 0.0000e+00
      8.513      0.058     0.3798      3.383     51.623  36.380854     0.6211      7.287   212.2043 1.2357e-01    24.0428      8.347     12.108    10.2641   999.7383 0.0000e+00
      8.526      0.051     0.3919      3.491     51.763  36.473221     0.6177      7.286   210.3636 1.2351e-01    24.0918      8.362     12.127    10.2562   999.7391 0.0000e+00
      8.540      0.043     0.4045      3.603     51.988  36.630477     0.6257      7.285   209.7526 1.2350e-01    24.3821      8.375     12.147    10.2486   999.7398 0.0000e+00
      8.553      0.034     0.4180      3.724     52.253  36.822292     0.6304      7.284   209.6346 1.2353e-01    24.8989      8.388     12.166    10.2412   999.7405 0.0000e+00
      8.564      0.025     0.4333      3.861     52.422  36.951643     0.6223      7.283   209.5391 1.2360e-01    25.1623      8.400     12.183    10.2341   999.7412 0.0000e+00
      8.571      0.018     0.4490      4.002     52.274  36.861467     0.6149      7.281   208.8567 1.2371e-01    25.1748      8.408     12.195    10.2265   999.7420 0.0000e+00
      8.569      0.016     0.4644      4.140     51.917  36.620662     0.6276      7.280   207.2344 1.2373e-01    25.2134      8.406     12.191    10.2254   999.7422 0.0000e+00
      8.563      0.019     0.4772      4.255     51.584  36.388701     0.6634      7.278   206.4435 1.2366e-01    25.3010      8.394     12.174    10.2308   999.7418 0.0000e+00
      8.563      0.024     0.4862      4.334     51.255  36.151520     0.6917      7.278   206.5218 1.2363e-01    25.3489      8.392     12.172    10.2403   999.7410 0.0000e+00
      8.573      0.032     0.4930      4.394     51.019  35.974507     0.6919      7.278   206.8903 1.2365e-01    25.3016      8.406     12.192    10.2564   999.7395 0.0000e+00
      8.589      0.040     0.4971      4.429     51.017  35.962227     0.6830      7.277   207.3716 1.2364e-01    25.3846      8.424     12.218    10.2695   999.7382 0.0000e+00
      8.604      0.045     0.4978      4.435     51.086  36.003037     0.6711      7.276   207.0063 1.2355e-01    25.6972      8.438     12.239    10.2713   999.7380 0.0000e+00
      8.617      0.045     0.5005      4.459     51.122  36.023627     0.6610      7.274   206.0873 1.2345e-01    25.9349      8.451     12.258    10.2653   999.7385 0.0000e+00
      8.628      0.044     0.5079      4.524     50.852  35.830329     0.6732      7.274   205.7247 1.2345e-01    25.9968      8.462     12.274    10.2538   999.7395 0.0000e+00
      8.636      0.046     0.5193      4.625     50.127  35.316159     0.6888      7.274   205.9774 1.2349e-01    25.9549      8.470     12.285    10.2412   999.7407 0.0000e+00
      8.643      0.051     0.5389      4.799     49.530  34.884568     0.6939      7.274   206.3029 1.2354e-01    25.8540      8.475     12.293    10.2347   999.7413 0.0000e+00
      8.652      0.057     0.5663      5.041     49.438  34.801078     0.6995      7.274   206.3904 1.2359e-01    25.7928      8.481     12.302    10.2293   999.7419 0.0000e+00
      8.669      0.064     0.5977      5.318     49.575  34.877909     0.6968      7.274   206.3477 1.2360e-01    25.7719      8.498     12.326    10.2272   999.7421 0.0000e+00
      8.693      0.069     0.6295      5.598     49.484  34.797989     0.6876      7.274   206.4756 1.2361e-01    25.7001      8.525     12.366    10.2279   999.7418 0.0000e+00
      8.717      0.073     0.6614      5.879     49.124  34.532906     0.6666      7.274   206.8179 1.2367e-01    25.5145      8.551     12.402    10.2162   999.7428 0.0000e+00
      8.735      0.074     0.6969      6.194     48.862  34.338502     0.6329      7.273   207.2167 1.2374e-01    25.3292      8.568     12.425    10.1946   999.7448 0.0000e+00
      8.750      0.072     0.7381      6.559     48.804  34.288048     0.6184      7.273   207.5117 1.2372e-01    25.2626      8.581     12.444    10.1727   999.7470 0.0000e+00
      8.767      0.068     0.7847      6.971     48.841  34.303680     0.6212      7.274   207.3729 1.2365e-01    25.2336      8.596     12.468    10.1564   999.7485 0.0000e+00
      8.785      0.067     0.8324      7.394     48.901  34.337087     0.6059      7.275   207.0873 1.2362e-01    24.9458      8.614     12.495    10.1459   999.7493 0.0000e+00
      8.803      0.067     0.8810      7.825     48.962  34.374617     0.5723      7.276   207.4145 1.2362e-01    24.4046      8.633     12.521    10.1362   999.7502 0.0000e+00
      8.820      0.067     0.9293      8.253     49.058  34.440113     0.5614      7.276   208.2313 1.2363e-01    24.0978      8.650     12.545    10.1259   999.7512 0.0000e+00
      8.836      0.066     0.9738      8.648     49.225  34.557774     0.5786      7.275   209.1342 1.2364e-01    24.0868      8.665     12.568    10.1145   999.7523 0.0000e+00
      8.852      0.064     1.0113      8.981     49.814  34.972149     0.5986      7.275   209.8137 1.2364e-01    24.2713      8.681     12.591    10.1049   999.7533 0.0000e+00
      8.869      0.063     1.0375      9.213     51.314  36.022880     0.6111      7.275   209.1332 1.2364e-01    24.5923      8.698     12.616    10.1000   999.7538 0.0000e+00
      8.886      0.062     1.0540      9.358     53.509  37.550743     0.6166      7.275   207.7027 1.2367e-01    24.7558      8.715     12.640    10.0978   999.7541 0.0000e+00
      8.901      0.062     1.0620      9.425     55.656  39.036330     0.6226      7.275   207.7470 1.2367e-01    24.6758      8.729     12.660    10.0979   999.7542 0.0000e+00
      8.916      0.061     1.0604      9.406     57.176  40.082811     0.6234      7.274   208.4645 1.2363e-01    23.7556      8.743     12.681    10.1014   999.7540 0.0000e+00
      8.931      0.061     1.0470      9.285     59.412  41.633393     0.6176      7.272   209.1511 1.2359e-01    22.0861      8.758     12.703    10.1025   999.7546 0.0000e+00
      8.947      0.061     1.0158      9.005     64.272  45.022275     0.6133      7.270   208.8214 1.2357e-01    21.1711      8.773     12.725    10.0891   999.7566 0.0000e+00
      8.963      0.060     0.9613      8.520     69.964  48.990354     0.6148      7.267   206.6282 1.2357e-01    21.1146      8.790     12.749    10.0665   999.7597 0.0000e+00
      8.979      0.058     0.8841      7.833     73.588  51.507179     0.6174      7.266   205.5204 1.2357e-01    21.1401      8.806     12.772    10.0490   999.7617 0.0000e+00
      8.994      0.054     0.7878      6.978     74.976  52.460471     0.6188      7.264   206.5257 1.2353e-01    21.2496      8.821     12.793    10.0362   999.7632 0.0000e+00
      9.009      0.048     0.6750      5.977     73.617  51.496309     0.6236      7.259   207.9424 1.2356e-01    21.4564      8.836     12.815    10.0241   999.7664 0.0000e+00
      9.022      0.039     0.5518      4.885     68.872  48.170178     0.6233      7.254   207.8504 1.2364e-01    21.5421      8.848     12.833    10.0095   999.7703 0.0000e+00
      9.032      0.030     0.4291      3.799     65.362  45.716353     0.6238      7.250   206.2740 1.2366e-01    21.5325      8.857     12.846     9.9937   999.7728 0.0000e+00
      9.039      0.021     0.3177      2.813     66.515  46.533358     0.6214      7.248   205.3160 1.2359e-01    21.6350      8.866     12.858     9.9814   999.7744 0.0000e+00
      9.040      0.014     0.2242      1.986     67.801  47.443352     0.6027      7.245   205.4733 1.2353e-01    21.7980      8.867     12.861     9.9725   999.7752 0.0000e+00
      9.039      0.009     0.1514      1.341     65.895  46.113757     0.5802      7.241   205.9392 1.2356e-01    21.8322      8.863     12.855     9.9657   999.7732 0.0000e+00
      9.039      0.004     0.0985      0.872     63.210  44.238076     0.5665      7.237   206.3893 1.2360e-01    21.7872      8.863     12.854     9.9657   999.7711 0.0000e+00
      9.042      0.002     0.0660      0.585     62.324  43.625209     0.5664      7.234   206.8711 1.2360e-01    21.8437      8.868     12.861     9.9776   999.7718 0.0000e+00
      9.044      0.002     0.0555      0.491     62.716  43.910717     0.5695      7.231   207.0323 1.2360e-01    21.9905      8.871     12.867     9.9872   999.7718 0.0000e+00
      9.043      0.002     0.0635      0.563     62.929  44.070775     0.5693      7.228   206.9613 1.2363e-01    22.0885      8.869     12.863     9.9880   999.7704 0.0000e+00
      9.042      0.002     0.0828      0.734     64.773  45.370036     0.5639      7.225   207.3041 1.2364e-01    22.0771      8.866     12.857     9.9888   999.7690 0.0000e+00
      9.042      0.006     0.1073      0.950     70.973  49.712934     0.5482      7.221   207.8215 1.2362e-01    21.8206      8.867     12.860     9.9947   999.7684 0.0000e+00
      9.042      0.016     0.1354      1.200     77.328  54.151908     0.5358      7.216   207.7965 1.2361e-01    21.3789      8.869     12.864    10.0054   999.7680 0.0000e+00
      9.042      0.030     0.1671      1.480     80.501  56.355840     0.5438      7.211   207.5180 1.2357e-01    21.1605      8.865     12.858    10.0147   999.7670 0.0000e+00
      9.047      0.043     0.2003      1.774     84.871  59.398280     0.5578      7.205   207.3804 1.2352e-01    21.1465      8.866     12.860    10.0213   999.7662 0.0000e+00
      9.064      0.053     0.2301      2.037     90.278  63.168535     0.5578      7.198   207.0784 1.2360e-01    20.8820      8.887     12.888    10.0238   999.7691 0.0000e+00
      9.088      0.060     0.2527      2.237     94.576  66.163125     0.5523      7.190   206.7058 1.2371e-01    20.3552      8.914     12.928    10.0141   999.7734 0.0000e+00
      9.109      0.065     0.2677      2.371     98.882  69.163125     0.5523      7.181   206.6614 1.2371e-01    20.0207      8.934     12.958     9.9988   999.7742 0.0000e+00
      9.125      0.066     0.2721      2.409    102.841  71.913991     0.5587      7.171   206.3693 1.2367e-01    19.9503      8.950     12.981     9.9911   999.7772 0.0000e+00
      9.138      0.063     0.2645      2.341    106.299  74.309178     0.5607      7.158   205.0671 1.2364e-01    19.8648      8.961     12.997     9.9834   999.7803 0.0000e+00
      9.151      0.057     0.2473      2.188    109.282  76.375218     0.5752      7.146   203.3923 1.2359e-01    19.7075      8.973     13.015     9.9759   999.7819 0.0000e+00
