Data/DataAlreadyUploadedToEDI/CollatedDataForEDI/CTDData/CTD_2019 (not collated)/070119_fcr30.cnv
* Sea-Bird SBE19plus  Data File:
* FileName = C:\DATA\070119_fcr_0008.hex
* Software version 2.8.0.119 SB_Terminal.dll
* Temperature SN = 7809
* Conductivity SN = 7809
* System UpLoad Time = Jul 01 2019 16:59:14
* <ApplicationData>
* <Seaterm232>
# nquan = 16
# nvalues = 454                         
# units = specified
# name 0 = depFM: Depth [fresh water, m]
# name 1 = dz/dtM: Descent Rate [m/s]
# name 2 = sbeox0Mg/L: Oxygen, SBE 43 [mg/l]
# name 3 = sbeox0PS: Oxygen, SBE 43 [% saturation]
# name 4 = specc: Specific Conductance [uS/cm]
# name 5 = c0uS/cm: Conductivity [uS/cm]
# name 6 = flECO-AFL: Fluorescence, WET Labs ECO-AFL/FL [mg/m^3]
# name 7 = ph: pH
# name 8 = orp: Oxidation Reduction Potential [mV]
# name 9 = par/sat/log: PAR/Logarithmic, Satlantic
# name 10 = turbWETntu0: Turbidity, WET Labs ECO [NTU]
# name 11 = prdM: Pressure, Strain Gauge [db]
# name 12 = prdE: Pressure, Strain Gauge [psi]
# name 13 = tv290C: Temperature [ITS-90, deg C]
# name 14 = density00: Density [density, kg/m^3]
# name 15 = flag:  0.000e+00
# span 0 =     -0.570,      5.414       
# span 1 =     -0.270,      0.307       
# span 2 =     0.3677,    14.0472       
# span 3 =      3.462,    160.700       
# span 4 =      1.055,     41.069       
# span 5 =   1.047477,  37.853509       
# span 6 =    -1.9050,     6.2599       
# span 7 =      7.037,      9.539       
# span 8 =   159.3637,  1240.2295       
# span 9 = 2.4550e+00, 2.9161e+03       
# span 10 =    -0.6093,    93.0587      
# span 11 =     -0.560,      5.310      
# span 12 =     -0.811,      7.701      
# span 13 =    10.9475,    26.9237      
# span 14 =   996.5542,   999.6534      
# span 15 = 0.0000e+00, 0.0000e+00      
# interval = seconds: 0.25
# start_time = Jul 01 2019 11:42:55 [Instrument's time stamp, header]
# bad_flag = -9.990e-29
*END*
[from data line 272]
     -0.040      0.122     8.5756    107.405     35.522  36.862052     1.4629      7.949   177.8101 1.7190e+03     2.0619     -0.042     -0.062    26.9221   996.5544 0.0000e+00
     -0.002      0.121     8.5738    107.344     35.543  36.870121     1.4623      7.953   177.6833 1.6881e+03     2.0708     -0.002     -0.003    26.9237   996.5542 0.0000e+00
      0.035      0.124     8.5641    107.197     35.569  36.888065     1.4691      7.954   177.4963 1.8856e+03     2.0733      0.037      0.054    26.9177   996.5560 0.0000e+00
      0.065      0.128     8.5470    106.974     35.574  36.888575     1.5108      7.954   177.2693 2.5989e+03     1.9618      0.064      0.095    26.9028   996.5603 0.0000e+00
      0.092      0.132     8.5270    106.728     35.560  36.876285     1.5935      7.953   177.0037 2.9161e+03     1.8034      0.088      0.129    26.8807   996.5664 0.0000e+00
      0.122      0.135     8.5091    106.518     35.545  36.866418     1.6445      7.952   176.7798 2.2843e+03     1.7642      0.119      0.173    26.8570   996.5730 0.0000e+00
      0.156      0.140     8.5001    106.397     35.516  36.832753     1.6510      7.952   176.7995 1.8466e+03     1.8160      0.151      0.219    26.8441   996.5767 0.0000e+00
      0.195      0.144     8.5040    106.390     35.491  36.786601     1.6470      7.952   177.0697 1.6491e+03     1.8404      0.189      0.274    26.8403   996.5779 0.0000e+00
      0.239      0.143     8.5219    106.529     35.489  36.752675     1.6557      7.952   177.2069 1.2256e+03     1.8616      0.237      0.342    26.8407   996.5781 0.0000e+00
      0.281      0.133     8.5509    106.806     35.507  36.739870     1.6874      7.954   177.1681 9.4134e+02     1.9417      0.279      0.405    26.8558   996.5741 0.0000e+00
      0.317      0.115     8.5810    107.114     35.550  36.758667     1.7090      7.959   177.2034 9.4659e+02     2.0224      0.311      0.452    26.8601   996.5730 0.0000e+00
      0.348      0.093     8.6025    107.340     35.595  36.789487     1.7178      7.963   177.3745 1.1793e+03     2.0507      0.343      0.498    26.8235   996.5832 0.0000e+00
      0.370      0.073     8.6144    107.475     35.605  36.795141     1.7596      7.967   177.6889 1.3170e+03     2.0220      0.369      0.536    26.7737   996.5969 0.0000e+00
      0.378      0.059     8.6263    107.623     35.574  36.763547     1.8326      7.970   178.0804 1.3039e+03     1.9710      0.373      0.542    26.7277   996.6096 0.0000e+00
      0.380      0.052     8.6479    107.884     35.540  36.724849     1.8808      7.973   178.4070 1.2538e+03     1.9574      0.370      0.537    26.6890   996.6201 0.0000e+00
      0.386      0.051     8.6762    108.208     35.534  36.708071     1.8993      7.972   178.6262 1.0107e+03     1.9555      0.375      0.545    26.6664   996.6262 0.0000e+00
      0.401      0.054     8.7016    108.479     35.530  36.687612     1.9179      7.968   178.8380 7.7360e+02     1.9483      0.391      0.568    26.6616   996.6276 0.0000e+00
      0.421      0.061     8.7233    108.702     35.528  36.667872     1.9410      7.964   179.0758 6.9347e+02     1.9689      0.413      0.599    26.6680   996.6260 0.0000e+00
      0.442      0.067     8.7441    108.922     35.534  36.659781     1.9537      7.960   179.3503 7.8298e+02     2.0077      0.434      0.630    26.6657   996.6266 0.0000e+00
      0.460      0.069     8.7608    109.109     35.535  36.653233     1.9586      7.956   179.4902 9.5870e+02     2.0247      0.453      0.657    26.6477   996.6316 0.0000e+00
      0.476      0.062     8.7687    109.197     35.537  36.652164     1.9745      7.956   179.3899 9.4629e+02     2.0099      0.466      0.676    26.6236   996.6382 0.0000e+00
      0.493      0.049     8.7666    109.161     35.536  36.646855     1.9989      7.961   179.3426 8.3883e+02     1.9937      0.481      0.698    26.5956   996.6458 0.0000e+00
      0.511      0.038     8.7566    109.023     35.546  36.652506     2.0103      7.965   179.5200 7.7223e+02     1.9919      0.503      0.729    26.5745   996.6517 0.0000e+00
      0.522      0.034     8.7436    108.848     35.554  36.657008     2.0002      7.964   179.8136 7.2897e+02     1.9881      0.518      0.752    26.5660   996.6541 0.0000e+00
      0.520      0.040     8.7328    108.698     35.542  36.637809     1.9799      7.963   179.9678 7.6996e+02     1.9797      0.514      0.746    26.5624   996.6551 0.0000e+00
      0.512      0.051     8.7262    108.582     35.528  36.610781     1.9559      7.963   179.9213 8.7643e+02     1.9892      0.497      0.719    26.5589   996.6559 0.0000e+00
      0.518      0.065     8.7206    108.461     35.519  36.584084     1.9439      7.966   179.9398 9.8965e+02     2.0051      0.498      0.721    26.5496   996.6584 0.0000e+00
      0.547      0.082     8.7104    108.284     35.522  36.568869     1.9474      7.967   180.1917 1.1246e+03     2.0073      0.531      0.772    26.5439   996.6601 0.0000e+00
      0.586      0.100     8.6950    108.053     35.522  36.553738     1.9816      7.967   180.5585 1.0961e+03     2.0164      0.578      0.839    26.5401   996.6614 0.0000e+00
      0.620      0.114     8.6783    107.811     35.509  36.528056     2.0455      7.965   180.8470 8.4635e+02     2.0499      0.612      0.887    26.5221   996.6664 0.0000e+00
      0.646      0.123     8.6638    107.599     35.505  36.512210     2.0785      7.964   181.0122 6.7960e+02     2.0521      0.632      0.917    26.4921   996.6746 0.0000e+00
      0.671      0.128     8.6560    107.472     35.493  36.489077     2.0764      7.964   181.0938 6.5079e+02     2.0093      0.656      0.953    26.4638   996.6823 0.0000e+00
      0.701      0.135     8.6585    107.465     35.458  36.438755     2.0808      7.964   181.1449 6.4693e+02     1.9912      0.687      0.996    26.4449   996.6876 0.0000e+00
      0.735      0.144     8.6680    107.534     35.449  36.411518     2.1492      7.965   181.1994 6.5290e+02     1.9970      0.717      1.040    26.4286   996.6921 0.0000e+00
      0.775      0.153     8.6753    107.576     35.467  36.413608     2.2699      7.965   181.2374 6.4621e+02     2.0138      0.756      1.097    26.4112   996.6969 0.0000e+00
      0.823      0.159     8.6767    107.561     35.466  36.400530     2.3265      7.964   181.3458 6.1640e+02     2.0309      0.808      1.172    26.3984   996.7006 0.0000e+00
      0.869      0.162     8.6777    107.539     35.521  36.443785     2.3228      7.964   181.3915 5.7793e+02     2.0404      0.856      1.241    26.3811   996.7055 0.0000e+00
      0.909      0.162     8.6823    107.519     35.658  36.555760     2.3733      7.966   181.1879 5.3984e+02     2.0621      0.893      1.295    26.3516   996.7136 0.0000e+00
      0.946      0.158     8.6884    107.446     35.765  36.611873     2.4682      7.970   181.0357 5.1357e+02     2.0637      0.926      1.344    26.3240   996.7212 0.0000e+00
      0.985      0.152     8.6890    107.297     35.824  36.614386     2.5168      7.975   180.7554 4.8956e+02     2.0602      0.964      1.398    26.3085   996.7254 0.0000e+00
      1.026      0.147     8.6835    107.124     35.897  36.649529     2.5186      7.982   180.2069 4.5752e+02     2.0522      1.007      1.460    26.3008   996.7277 0.0000e+00
      1.066      0.143     8.6919    107.117     36.005  36.719364     2.5331      7.990   179.9110 4.6159e+02     1.9998      1.049      1.522    26.2719   996.7358 0.0000e+00
      1.101      0.140     8.7474    107.612     36.113  36.760500     2.5787      7.996   179.8445 4.8497e+02     1.9845      1.081      1.568    26.1796   996.7607 0.0000e+00
      1.132      0.136     8.8632    108.815     36.198  36.765961     2.6112      8.002   179.5760 4.6605e+02     2.0313      1.110      1.608    26.0788   996.7877 0.0000e+00
      1.166      0.136     9.0261    110.627     36.283  36.785257     2.6226      8.010   179.3306 4.2489e+02     2.0736      1.143      1.658    26.0412   996.7979 0.0000e+00
      1.199      0.140     9.2281    112.888     36.375  36.803293     2.6728      8.019   179.5448 4.0668e+02     2.0697      1.177      1.707    26.0092   996.8066 0.0000e+00
      1.232      0.147     9.4725    115.574     36.468  36.793514     2.7591      8.026   179.8435 4.0410e+02     2.0176      1.207      1.750    25.8978   996.8363 0.0000e+00
      1.268      0.155     9.7534    118.655     36.520  36.730332     2.8072      8.028   180.1025 3.8969e+02     2.0007      1.242      1.800    25.7609   996.8727 0.0000e+00
      1.313      0.162    10.0525    121.941     36.516  36.610445     2.8209      8.029   180.6984 3.5811e+02     2.0287      1.287      1.866    25.6902   996.8914 0.0000e+00
      1.359      0.167    10.3591    125.282     36.511  36.486300     2.9251      8.032   181.4546 3.3557e+02     2.1921      1.334      1.936    25.6059   996.9138 0.0000e+00
      1.403      0.172    10.6683    128.617     36.520  36.371625     3.1220      8.040   182.0190 3.3159e+02     2.5341      1.376      1.996    25.4419   996.9569 0.0000e+00
      1.446      0.173    10.9568    131.681     36.577  36.302741     3.2329      8.051   182.1020 3.2219e+02     2.7565      1.418      2.057    25.2774   996.9998 0.0000e+00
      1.491      0.168    11.1845    134.043     36.674  36.287964     3.2438      8.062   181.5119 3.0167e+02     2.8162      1.462      2.120    25.1298   997.0381 0.0000e+00
      1.536      0.160    11.3293    135.499     36.724  36.256259     3.2443      8.074   180.8214 2.8425e+02     2.8624      1.507      2.185    24.9609   997.0817 0.0000e+00
      1.581      0.152    11.4156    136.303     36.707  36.173165     3.2654      8.087   180.5490 2.7359e+02     2.9224      1.553      2.253    24.7938   997.1245 0.0000e+00
      1.619      0.146    11.4974    137.007     36.657  36.044838     3.3169      8.099   180.4557 2.6544e+02     3.0168      1.591      2.307    24.6153   997.1699 0.0000e+00
      1.649      0.143    11.6113    138.011     36.622  35.910500     3.3466      8.109   180.2962 2.5789e+02     3.0542      1.618      2.346    24.4487   997.2120 0.0000e+00
      1.678      0.143    11.7541    139.322     36.638  35.818149     3.3476      8.119   180.1682 2.4976e+02     3.0464      1.643      2.383    24.3480   997.2373 0.0000e+00
      1.712      0.148    11.9252    140.991     36.673  35.753179     3.3713      8.129   180.1987 2.4036e+02     3.1179      1.676      2.431    24.2748   997.2558 0.0000e+00
      1.752      0.157    12.1451    143.268     36.640  35.632571     3.4080      8.140   180.3213 2.2909e+02     3.2307      1.717      2.490    24.1745   997.2808 0.0000e+00
      1.796      0.165    12.4142    146.129     36.525  35.438750     3.4271      8.153   180.5318 2.1633e+02     3.2967      1.760      2.554    24.0277   997.3174 0.0000e+00
      1.842      0.168    12.7012    149.183     36.483  35.313652     3.4377      8.166   180.7657 2.0424e+02     3.3260      1.807      2.620    23.8691   997.3567 0.0000e+00
      1.890      0.167    12.9690    152.034     36.442  35.198867     3.4939      8.176   180.9977 1.9380e+02     3.4212      1.854      2.687    23.7341   997.3899 0.0000e+00
      1.935      0.163    13.2052    154.540     36.175  34.875862     3.5943      8.186   181.3580 1.8392e+02     3.5957      1.901      2.757    23.6174   997.4185 0.0000e+00
      1.975      0.157    13.4260    156.746     35.898  34.518035     3.6457      8.197   181.7662 1.7530e+02     3.6979      1.939      2.813    23.5115   997.4443 0.0000e+00
      2.009      0.150    13.6276    158.557     35.871  34.362957     3.6476      8.207   182.1483 1.6790e+02     3.7071      1.969      2.854    23.3875   997.4744 0.0000e+00
      2.045      0.145    13.7752    159.745     35.838  34.206494     3.6519      8.217   182.6218 1.6024e+02     3.6744      2.003      2.905    23.2741   997.5017 0.0000e+00
      2.083      0.142    13.8683    160.368     35.557  33.831890     3.6633      8.226   183.1893 1.5240e+02     3.5972      2.043      2.964    23.2145   997.5160 0.0000e+00
      2.120      0.141    13.9412    160.665     35.221  33.387505     3.6718      8.235   183.6754 1.4537e+02     3.5279      2.080      3.017    23.1040   997.5425 0.0000e+00
      2.155      0.138    14.0036    160.700     35.067  33.085348     3.6686      8.244   184.0259 1.3923e+02     3.4916      2.112      3.065    22.8836   997.5949 0.0000e+00
      2.190      0.131    14.0418    160.457     35.110  32.970651     3.6767      8.252   184.4153 1.3316e+02     3.4206      2.147      3.113    22.6973   997.6388 0.0000e+00
      2.226      0.122    14.0472    159.987     35.152  32.888966     3.7083      8.259   184.9422 1.2722e+02     3.3247      2.184      3.167    22.5847   997.6650 0.0000e+00
      2.259      0.113    14.0314    159.417     35.079  32.732145     3.7308      8.264   185.5778 1.2251e+02     3.2829      2.219      3.217    22.4127   997.7049 0.0000e+00
      2.285      0.106    14.0196    158.928     34.953  32.534016     3.7308      8.268   186.3358 1.1892e+02     3.2754      2.243      3.253    22.1683   997.7612 0.0000e+00
      2.306      0.101    14.0240    158.577     34.766  32.270176     3.7262      8.271   187.0527 1.1543e+02     3.2667      2.261      3.279    21.9249   997.8165 0.0000e+00
      2.327      0.100    14.0363    158.224     34.543  31.953424     3.7367      8.272   187.7058 1.1191e+02     3.2103      2.281      3.309    21.7573   997.8545 0.0000e+00
      2.351      0.103    14.0419    157.706     34.395  31.686597     3.7619      8.272   188.5542 1.0840e+02     3.1181      2.304      3.342    21.6488   997.8788 0.0000e+00
      2.377      0.109    14.0325    156.961     34.369  31.518673     3.7704      8.272   189.3094 1.0454e+02     3.0701      2.330      3.379    21.5389   997.9034 0.0000e+00
      2.407      0.117    14.0064    156.009     34.381  31.382401     3.7617      8.270   189.8678 1.0036e+02     3.0552      2.360      3.423    21.4171   997.9305 0.0000e+00
      2.440      0.123    13.9672    154.929     34.389  31.244411     3.7872      8.267   190.9169 9.6385e+01     3.0032      2.394      3.472    21.2552   997.9661 0.0000e+00
      2.473      0.126    13.9150    153.738     34.404  31.119176     3.8533      8.266   192.4445 9.2674e+01     2.9335      2.426      3.518    21.0641   998.0079 0.0000e+00
      2.506      0.126    13.8430    152.396     34.350  30.946768     3.9017      8.266   193.7109 8.9072e+01     2.9013      2.457      3.563    20.8526   998.0538 0.0000e+00
      2.540      0.126    13.7550    150.946     34.249  30.746062     3.9132      8.265   194.6999 8.5613e+01     2.8760      2.492      3.614    20.6291   998.1018 0.0000e+00
      2.573      0.126    13.6580    149.412     34.202  30.595964     3.8881      8.263   195.6263 8.2415e+01     2.7913      2.525      3.661    20.4227   998.1457 0.0000e+00
      2.603      0.131    13.5539    147.766     34.186  30.464350     3.8494      8.259   196.1361 7.9602e+01     2.6642      2.554      3.704    20.2143   998.1895 0.0000e+00
      2.632      0.138    13.4469    146.023     34.365  30.487102     3.8441      8.257   196.4753 7.6886e+01     2.6170      2.580      3.741    20.0298   998.2279 0.0000e+00
      2.664      0.148    13.3426    144.243     34.902  30.807418     3.8757      8.256   197.0605 7.3741e+01     2.6139      2.609      3.785    19.8837   998.2580 0.0000e+00
      2.704      0.158    13.2393    142.454     35.420  31.100861     4.1801      8.255   197.3605 7.0165e+01     2.3966      2.650      3.843    19.7273   998.2900 0.0000e+00
      2.749      0.164    13.1238    140.548     35.625  31.115941     4.7497      8.255   197.4352 6.6565e+01     1.9893      2.696      3.910    19.5618   998.3238 0.0000e+00
