Data/DataAlreadyUploadedToEDI/CollatedDataForEDI/CTDData/CTD_2019 (not collated)/070119_fcr50.cnv
* Sea-Bird SBE19plus  Data File:
* FileName = C:\DATA\070119_fcr50.hex
* Software version 2.8.0.119 SB_Terminal.dll
* Temperature SN = 7809
* Conductivity SN = 7809
* System UpLoad Time = Jul 01 2019 10:03:49
* <ApplicationData>
* <Seaterm232>
# nquan = 16
# nvalues = 1207                        
# units = specified
# name 0 = depFM: Depth [fresh water, m]
# name 1 = dz/dtM: Descent Rate [m/s]
# name 2 = sbeox0Mg/L: Oxygen, SBE 43 [mg/l]
# name 3 = sbeox0PS: Oxygen, SBE 43 [% saturation]
# name 4 = specc: Specific Conductance [uS/cm]
# name 5 = c0uS/cm: Conductivity [uS/cm]
# name 6 = flECO-AFL: Fluorescence, WET Labs ECO-AFL/FL [mg/m^3]
# name 7 = ph: pH
# name 8 = orp: Oxidation Reduction Potential [mV]
# name 9 = par/sat/log: PAR/Logarithmic, Satlantic
# name 10 = turbWETntu0: Turbidity, WET Labs ECO [NTU]
# name 11 = prdM: Pressure, Strain Gauge [db]
# name 12 = prdE: Pressure, Strain Gauge [psi]
# name 13 = tv290C: Temperature [ITS-90, deg C]
# name 14 = density00: Density [density, kg/m^3]
# name 15 = flag:  0.000e+00
# span 0 =     -0.588,      9.230       
# span 1 =     -1.129,      4.243       
# span 2 =     0.0555,    13.3755       
# span 3 =      0.491,    154.796       
# span 4 =      3.409,    114.636       
# span 5 =   3.477695,  80.132468       
# span 6 =    -1.3563,     7.0524       
# span 7 =      6.857,      9.085       
# span 8 =    67.4764,   828.3692       
# span 9 = 1.2345e-01, 1.4484e+03       
# span 10 =    -0.5470,   144.5496      
# span 11 =     -0.577,      9.052      
# span 12 =     -0.837,     13.129      
# span 13 =     9.9358,    26.5281      
# span 14 =   996.6618,   999.7924      
# span 15 = 0.0000e+00, 0.0000e+00      
# interval = seconds: 0.25
# start_time = Jul 01 2019 09:47:11 [Instrument's time stamp, header]
# bad_flag = -9.990e-29
*END*
[from data line 995]
      7.342      0.060     4.6921     41.846     38.312  27.034061     0.5672      7.555   229.5710 2.0664e-01     4.0254      7.201     10.444    10.2868   999.7260 0.0000e+00
      7.357      0.063     4.6791     41.729     38.459  27.137822     0.5637      7.554   229.7989 2.1092e-01     4.0154      7.216     10.465    10.2843   999.7263 0.0000e+00
      7.373      0.065     4.6634     41.588     38.579  27.221883     0.5571      7.553   230.0982 2.1768e-01     4.0788      7.230     10.487    10.2823   999.7266 0.0000e+00
      7.391      0.066     4.6511     41.477     38.677  27.289096     0.5562      7.551   230.1785 2.1207e-01     4.1693      7.247     10.511    10.2812   999.7268 0.0000e+00
      7.409      0.068     4.6406     41.381     38.808  27.379473     0.5615      7.548   230.0818 2.0113e-01     4.1931      7.266     10.539    10.2794   999.7272 0.0000e+00
      7.426      0.069     4.6253     41.243     38.966  27.489820     0.5614      7.547   229.8749 1.8771e-01     4.2016      7.283     10.563    10.2785   999.7274 0.0000e+00
      7.443      0.069     4.6077     41.086     39.133  27.608150     0.5548      7.546   229.7419 1.7720e-01     4.2400      7.298     10.585    10.2790   999.7274 0.0000e+00
      7.460      0.069     4.5886     40.917     39.306  27.731599     0.5596      7.546   229.6784 1.7087e-01     4.2311      7.317     10.611    10.2763   999.7278 0.0000e+00
      7.479      0.068     4.5659     40.717     39.547  27.903828     0.5845      7.545   229.5375 1.7535e-01     4.1923      7.336     10.639    10.2721   999.7283 0.0000e+00
      7.497      0.067     4.5409     40.494     40.461  28.548503     0.6046      7.543   229.5870 1.9518e-01     4.1971      7.353     10.665    10.2706   999.7285 0.0000e+00
      7.513      0.064     4.5105     40.224     42.347  29.879186     0.6028      7.541   229.9328 1.9548e-01     4.2233      7.368     10.686    10.2712   999.7286 0.0000e+00
      7.529      0.059     4.4739     39.901     44.089  31.112149     0.5723      7.539   230.5352 1.7965e-01     4.1816      7.384     10.709    10.2745   999.7285 0.0000e+00
      7.545      0.055     4.4374     39.584     44.936  31.717031     0.5298      7.537   231.1049 1.7615e-01     4.0863      7.400     10.733    10.2780   999.7281 0.0000e+00
      7.559      0.052     4.3992     39.252     45.400  32.052681     0.5148      7.536   230.8850 1.6097e-01     4.0537      7.413     10.753    10.2763   999.7285 0.0000e+00
      7.571      0.047     4.3556     38.871     45.849  32.378199     0.5204      7.536   230.3719 1.4612e-01     4.0507      7.424     10.768    10.2742   999.7297 0.0000e+00
      7.582      0.040     4.3101     38.471     45.984  32.479780     0.5198      7.535   230.6653 1.4671e-01     4.0166      7.434     10.782    10.2794   999.7300 0.0000e+00
      7.593      0.033     4.2570     38.000     46.037  32.519362     0.5155      7.533   231.1627 1.4712e-01     4.0014      7.446     10.800    10.2889   999.7294 0.0000e+00
      7.603      0.028     4.1836     37.345     46.694  32.983689     0.5121      7.530   231.5685 1.5705e-01     3.9984      7.458     10.818    10.2982   999.7287 0.0000e+00
      7.608      0.024     4.0775     36.398     47.548  33.587998     0.5045      7.528   232.2153 1.7140e-01     3.9794      7.463     10.824    10.3072   999.7281 0.0000e+00
      7.610      0.019     3.9232     35.023     47.930  33.860369     0.5025      7.526   232.0142 1.7783e-01     3.9691      7.461     10.822    10.3154   999.7274 0.0000e+00
      7.613      0.016     3.7190     33.201     48.025  33.928690     0.5040      7.524   230.9433 1.7238e-01     3.9719      7.465     10.826    10.3185   999.7269 0.0000e+00
      7.618      0.016     3.4771     31.041     48.264  34.096735     0.5058      7.524   230.5387 1.5504e-01     3.9804      7.472     10.837    10.3156   999.7275 0.0000e+00
      7.622      0.021     3.2081     28.639     48.650  34.368963     0.5069      7.523   230.7362 1.4573e-01     4.0067      7.475     10.842    10.3165   999.7279 0.0000e+00
      7.624      0.026     2.9249     26.113     48.821  34.491057     0.5006      7.521   231.0946 1.6007e-01     4.0606      7.477     10.844    10.3220   999.7276 0.0000e+00
      7.629      0.029     2.6452     23.616     48.823  34.494017     0.4983      7.519   231.6884 1.7312e-01     4.1406      7.479     10.847    10.3226   999.7274 0.0000e+00
      7.639      0.030     2.3816     21.263     48.785  34.468223     0.5050      7.516   231.5494 1.6850e-01     4.1874      7.490     10.863    10.3197   999.7278 0.0000e+00
      7.653      0.030     2.1430     19.133     48.556  34.306127     0.5121      7.513   230.7036 1.6757e-01     4.2009      7.508     10.890    10.3194   999.7282 0.0000e+00
      7.663      0.029     1.9377     17.299     48.296  34.120817     0.5152      7.509   230.4105 1.6167e-01     4.2044      7.517     10.903    10.3218   999.7280 0.0000e+00
      7.667      0.029     1.7653     15.759     48.495  34.258622     0.5254      7.507   230.8447 1.5399e-01     4.1969      7.519     10.905    10.3236   999.7278 0.0000e+00
      7.670      0.030     1.6234     14.492     49.126  34.702925     0.5481      7.504   231.5661 1.6086e-01     4.2421      7.522     10.910    10.3243   999.7279 0.0000e+00
      7.674      0.034     1.5158     13.531     49.347  34.859641     0.5643      7.501   232.1636 1.7466e-01     4.2919      7.525     10.914    10.3249   999.7277 0.0000e+00
      7.683      0.040     1.4368     12.826     48.842  34.503295     0.5658      7.498   232.3897 1.8545e-01     4.2741      7.533     10.924    10.3224   999.7278 0.0000e+00
      7.698      0.048     1.3810     12.328     48.328  34.139026     0.5312      7.495   232.2349 1.7700e-01     4.2234      7.548     10.947    10.3183   999.7283 0.0000e+00
      7.713      0.055     1.3534     12.080     48.599  34.326864     0.4661      7.491   232.0993 1.6109e-01     4.1708      7.564     10.971    10.3168   999.7289 0.0000e+00
      7.728      0.060     1.3504     12.052     49.462  34.933817     0.4373      7.487   232.3849 1.6114e-01     4.1632      7.578     10.991    10.3185   999.7289 0.0000e+00
      7.744      0.062     1.3596     12.136     50.191  35.448089     0.4435      7.483   233.0209 1.7319e-01     4.2296      7.594     11.014    10.3204   999.7285 0.0000e+00
      7.762      0.061     1.3709     12.237     50.754  35.848096     0.4465      7.478   234.0243 1.7223e-01     4.3839      7.613     11.041    10.3188   999.7284 0.0000e+00
      7.778      0.059     1.3829     12.345     51.269  36.215823     0.4466      7.473   234.9660 1.5132e-01     4.5861      7.629     11.064    10.3135   999.7292 0.0000e+00
      7.792      0.057     1.3999     12.498     51.528  36.403211     0.4461      7.468   235.2872 1.3844e-01     4.6757      7.642     11.084    10.3098   999.7299 0.0000e+00
      7.806      0.054     1.4194     12.673     51.519  36.399999     0.4488      7.463   235.2402 1.3903e-01     4.6805      7.654     11.103    10.3103   999.7301 0.0000e+00
      7.819      0.051     1.4317     12.783     51.380  36.303948     0.4527      7.458   235.0872 1.3803e-01     4.8084      7.668     11.120    10.3127   999.7302 0.0000e+00
      7.832      0.049     1.4271     12.742     51.225  36.193973     0.4501      7.453   234.9856 1.4073e-01     5.0094      7.682     11.141    10.3169   999.7301 0.0000e+00
      7.845      0.049     1.3975     12.477     51.254  36.212833     0.4515      7.449   235.6457 1.4817e-01     5.1110      7.694     11.159    10.3218   999.7297 0.0000e+00
      7.856      0.049     1.3390     11.954     51.439  36.341568     0.4527      7.446   236.6154 1.4805e-01     5.1515      7.704     11.173    10.3251   999.7295 0.0000e+00
      7.867      0.048     1.2603     11.251     51.549  36.417528     0.4558      7.443   236.4721 1.3786e-01     5.4344      7.715     11.188    10.3266   999.7294 0.0000e+00
      7.881      0.048     1.1692     10.437     51.572  36.433046     0.4807      7.440   235.5481 1.2776e-01     5.9423      7.729     11.209    10.3267   999.7293 0.0000e+00
      7.895      0.049     1.0694      9.547     51.619  36.465714     0.5020      7.436   234.4767 1.2501e-01     6.2138      7.744     11.230    10.3249   999.7296 0.0000e+00
      7.906      0.049     0.9724      8.680     51.661  36.495140     0.5050      7.433   233.4990 1.2951e-01     6.3241      7.754     11.245    10.3219   999.7300 0.0000e+00
      7.916      0.047     0.8855      7.904     51.629  36.471461     0.5000      7.429   233.6216 1.3775e-01     7.0787      7.761     11.257    10.3204   999.7302 0.0000e+00
      7.931      0.044     0.8133      7.259     51.577  36.433309     0.4939      7.426   234.4102 1.3869e-01     8.7836      7.776     11.279    10.3199   999.7303 0.0000e+00
      7.946      0.041     0.7600      6.784     51.551  36.414702     0.4999      7.422   234.3442 1.3153e-01    10.3224      7.795     11.304    10.3195   999.7305 0.0000e+00
      7.956      0.040     0.7210      6.436     51.581  36.436897     0.5041      7.418   233.4255 1.2743e-01    10.8383      7.805     11.318    10.3191   999.7306 0.0000e+00
      7.961      0.033     0.6910      6.168     51.597  36.447770     0.4925      7.414   232.4215 1.2731e-01    10.8593      7.807     11.323    10.3181   999.7306 0.0000e+00
      7.966      0.014     0.6694      5.975     51.287  36.228791     0.4885      7.410   232.2717 1.2844e-01    11.3959      7.810     11.326    10.3169   999.7308 0.0000e+00
      7.977     -0.022     0.6535      5.834     50.166  35.439563     0.4992      7.406   232.7329 1.2941e-01    12.4760      7.821     11.344    10.3170   999.7308 0.0000e+00
      7.989     -0.072     0.6423      5.736     48.222  34.077561     0.5102      7.404   232.4922 1.3459e-01    13.0704      7.840     11.372    10.3182   999.7308 0.0000e+00
      7.981     -0.126     0.6371      5.692     46.255  32.708616     0.5084      7.406   231.5121 1.4457e-01    12.9468      7.841     11.372    10.3182   999.7309 0.0000e+00
      7.937     -0.172     0.6357      5.684     44.800  31.707866     0.4860      7.407   230.0891 1.4924e-01    11.1773      7.797     11.310    10.3159   999.7308 0.0000e+00
      7.859     -0.197     0.6384      5.713     43.925  31.116102     0.4648      7.406   228.4502 1.6554e-01     7.9960      7.710     11.183    10.3170   999.7299 0.0000e+00
      7.771     -0.190     0.6517      5.835     43.932  31.138082     0.4598      7.404   227.7859 2.0329e-01     6.2718      7.615     11.045    10.3279   999.7277 0.0000e+00
      7.697     -0.152     0.6911      6.186     44.575  31.592878     0.4519      7.402   228.3377 2.2335e-01     6.0932      7.538     10.933    10.3510   999.7244 0.0000e+00
      7.655     -0.095     0.7812      6.989     44.969  31.855608     0.4387      7.400   228.6687 2.1636e-01     5.7710      7.491     10.864    10.3854   999.7205 0.0000e+00
      7.655     -0.038     0.9427      8.429     44.618  31.585976     0.4390      7.400   228.2611 2.0396e-01     5.2272      7.494     10.870    10.4213   999.7168 0.0000e+00
      7.686      0.007     1.1802     10.549     43.631  30.871092     0.4473      7.400   227.5389 1.9203e-01     4.9591      7.537     10.932    10.4449   999.7148 0.0000e+00
      7.718      0.031     1.4827     13.249     42.595  30.128906     0.4432      7.399   226.6481 1.9160e-01     4.9540      7.578     10.992    10.4427   999.7156 0.0000e+00
      7.732      0.034     1.8293     16.344     41.844  29.592476     0.4331      7.399   225.6642 1.9922e-01     4.9035      7.588     11.005    10.4176   999.7181 0.0000e+00
      7.728      0.023     2.1873     19.540     41.398  29.271113     0.4284      7.401   225.0202 1.9927e-01     4.7740      7.578     10.991    10.3897   999.7207 0.0000e+00
      7.722      0.010     2.5133     22.447     41.434  29.289073     0.4298      7.402   224.9704 1.9224e-01     4.6994      7.572     10.981    10.3709   999.7220 0.0000e+00
      7.718      0.006     2.7793     24.818     41.912  29.619258     0.4420      7.401   225.0623 1.9215e-01     4.6899      7.567     10.976    10.3617   999.7223 0.0000e+00
      7.717      0.011     2.9838     26.638     42.589  30.090698     0.4452      7.400   225.0989 2.0535e-01     4.6914      7.565     10.973    10.3582   999.7224 0.0000e+00
      7.721      0.021     3.1417     28.043     43.965  31.055073     0.4171      7.400   225.4142 2.1111e-01     4.9797      7.570     10.980    10.3524   999.7228 0.0000e+00
      7.731      0.032     3.2718     29.200     46.051  32.522206     0.3878      7.400   225.9482 2.0521e-01     5.5207      7.581     10.996    10.3407   999.7240 0.0000e+00
      7.742      0.041     3.3895     30.249     47.691  33.678063     0.3864      7.399   226.4794 2.0336e-01     5.7931      7.592     11.011    10.3313   999.7251 0.0000e+00
      7.754      0.048     3.5025     31.259     48.576  34.305253     0.3918      7.398   227.0189 2.0336e-01     5.8157      7.603     11.027    10.3250   999.7258 0.0000e+00
      7.768      0.052     3.6044     32.170     49.056  34.647365     0.4011      7.397   227.3947 1.9786e-01     5.8269      7.617     11.047    10.3155   999.7272 0.0000e+00
      7.783      0.055     3.6801     32.848     49.403  34.894992     0.4207      7.394   227.5807 1.9206e-01     5.8299      7.633     11.070    10.3063   999.7292 0.0000e+00
      7.798      0.058     3.7032     33.055     49.660  35.077860     0.4376      7.391   227.5472 1.9002e-01     5.8524      7.648     11.092    10.3045   999.7299 0.0000e+00
      7.811      0.060     3.6407     32.498     49.665  35.081241     0.4493      7.388   227.8506 1.8129e-01     5.8693      7.660     11.110    10.3082   999.7298 0.0000e+00
      7.826      0.062     3.4802     31.063     49.552  34.999348     0.4666      7.385   228.7544 1.7290e-01     5.8375      7.672     11.128    10.3119   999.7297 0.0000e+00
      7.843      0.064     3.2334     28.858     49.435  34.912816     0.4910      7.383   229.0968 1.6707e-01     5.7955      7.691     11.155    10.3143   999.7296 0.0000e+00
      7.861      0.066     2.9212     26.070     49.276  34.796623     0.5020      7.381   228.8065 1.6034e-01     5.8203      7.710     11.183    10.3157   999.7298 0.0000e+00
      7.878      0.067     2.5722     22.954     49.107  34.673443     0.5039      7.378   228.3417 1.6318e-01     5.9078      7.726     11.205    10.3159   999.7298 0.0000e+00
      7.895      0.067     2.2196     19.804     49.051  34.629371     0.5047      7.376   227.6931 1.6534e-01     6.3949      7.742     11.229    10.3137   999.7300 0.0000e+00
      7.913      0.066     1.8872     16.836     49.169  34.708038     0.4949      7.375   228.1906 1.5933e-01     7.2849      7.760     11.255    10.3096   999.7305 0.0000e+00
      7.930      0.065     1.5977     14.251     49.485  34.926433     0.4891      7.373   230.0555 1.5213e-01     7.7877      7.777     11.279    10.3058   999.7308 0.0000e+00
      7.946      0.065     1.3723     12.240     50.112  35.365868     0.4951      7.371   231.2273 1.4676e-01     7.9840      7.792     11.301    10.3019   999.7312 0.0000e+00
      7.962      0.066     1.2122     10.811     50.594  35.705167     0.4982      7.369   230.9159 1.4430e-01     9.7241      7.807     11.323    10.2974   999.7316 0.0000e+00
      7.978      0.066     1.1072      9.876     50.536  35.664868     0.5000      7.367   229.9039 1.4254e-01    12.8675      7.823     11.347    10.2921   999.7323 0.0000e+00
      7.995      0.067     1.0490      9.356     50.410  35.576836     0.5001      7.365   229.0578 1.3706e-01    14.5287      7.841     11.373    10.2869   999.7329 0.0000e+00
