Data/DataAlreadyUploadedToEDI/CollatedDataForEDI/CTDData/CTD_2019 (not collated)/070119_fcr30.cnv
* Sea-Bird SBE19plus  Data File:
* FileName = C:\DATA\070119_fcr_0008.hex
* Software version 2.8.0.119 SB_Terminal.dll
* Temperature SN = 7809
* Conductivity SN = 7809
* System UpLoad Time = Jul 01 2019 16:59:14
* <ApplicationData>
* <Seaterm232>
# nquan = 16
# nvalues = 454                         
# units = specified
# name 0 = depFM: Depth [fresh water, m]
# name 1 = dz/dtM: Descent Rate [m/s]
# name 2 = sbeox0Mg/L: Oxygen, SBE 43 [mg/l]
# name 3 = sbeox0PS: Oxygen, SBE 43 [% saturation]
# name 4 = specc: Specific Conductance [uS/cm]
# name 5 = c0uS/cm: Conductivity [uS/cm]
# name 6 = flECO-AFL: Fluorescence, WET Labs ECO-AFL/FL [mg/m^3]
# name 7 = ph: pH
# name 8 = orp: Oxidation Reduction Potential [mV]
# name 9 = par/sat/log: PAR/Logarithmic, Satlantic
# name 10 = turbWETntu0: Turbidity, WET Labs ECO [NTU]
# name 11 = prdM: Pressure, Strain Gauge [db]
# name 12 = prdE: Pressure, Strain Gauge [psi]
# name 13 = tv290C: Temperature [ITS-90, deg C]
# name 14 = density00: Density [density, kg/m^3]
# name 15 = flag:  0.000e+00
# span 0 =     -0.570,      5.414       
# span 1 =     -0.270,      0.307       
# span 2 =     0.3677,    14.0472       
# span 3 =      3.462,    160.700       
# span 4 =      1.055,     41.069       
# span 5 =   1.047477,  37.853509       
# span 6 =    -1.9050,     6.2599       
# span 7 =      7.037,      9.539       
# span 8 =   159.3637,  1240.2295       
# span 9 = 2.4550e+00, 2.9161e+03       
# span 10 =    -0.6093,    93.0587      
# span 11 =     -0.560,      5.310      
# span 12 =     -0.811,      7.701      
# span 13 =    10.9475,    26.9237      
# span 14 =   996.5542,   999.6534      
# span 15 = 0.0000e+00, 0.0000e+00      
# interval = seconds: 0.25
# start_time = Jul 01 2019 11:42:55 [Instrument's time stamp, header]
# bad_flag = -9.990e-29
*END*
[from data line 362]
      2.847      0.159    12.7532    135.528     35.547  30.778145     5.1206      8.253   198.9517 6.0072e+01     1.7292      2.793      4.051    19.1338   998.4098 0.0000e+00
      2.889      0.153    12.4410    131.853     35.219  30.399906     5.4146      8.250   199.4663 5.7974e+01     1.6751      2.838      4.117    18.9000   998.4560 0.0000e+00
      2.920      0.147    12.0275    127.063     34.774  29.906156     5.9525      8.246   199.4554 5.6529e+01     1.5579      2.865      4.155    18.6642   998.5017 0.0000e+00
      2.948      0.141    11.5301    121.339     34.607  29.630557     6.2396      8.242   199.1639 5.4831e+01     1.5237      2.888      4.188    18.4303   998.5464 0.0000e+00
      2.982      0.135    10.9823    115.164     34.941  29.795956     6.2599      8.240   199.0380 5.2785e+01     1.5563      2.923      4.240    18.2689   998.5770 0.0000e+00
      3.021      0.131    10.4438    109.234     35.583  30.256069     6.2315      8.239   199.0526 5.0797e+01     1.5588      2.963      4.297    18.1698   998.5956 0.0000e+00
      3.061      0.129     9.9918    104.275     36.107  30.625004     5.7926      8.237   198.9964 4.9170e+01     1.4888      3.004      4.357    18.0124   998.6248 0.0000e+00
      3.093      0.126     9.6755    100.690     36.164  30.576293     4.9758      8.235   199.0466 4.7977e+01     1.3649      3.037      4.404    17.7976   998.6643 0.0000e+00
      3.119      0.121     9.5024     98.564     35.972  30.301543     4.5321      8.232   199.4015 4.6850e+01     1.3067      3.056      4.433    17.6112   998.6984 0.0000e+00
      3.148      0.118     9.4484     97.722     35.692  29.967966     4.4851      8.228   200.1031 4.5607e+01     1.3091      3.085      4.475    17.5025   998.7183 0.0000e+00
      3.178      0.119     9.4479     97.478     35.263  29.525212     4.4077      8.226   200.8190 4.4479e+01     1.3611      3.118      4.523    17.4231   998.7330 0.0000e+00
      3.207      0.124     9.4203     96.919     34.912  29.135986     4.2811      8.224   201.0029 4.3433e+01     1.4768      3.145      4.561    17.2800   998.7584 0.0000e+00
      3.236      0.129     9.3213     95.559     34.670  28.815019     4.2192      8.224   200.7774 4.2304e+01     1.5615      3.171      4.599    17.1014   998.7899 0.0000e+00
      3.270      0.134     9.1486     93.419     34.447  28.499518     4.2231      8.223   200.5881 4.1089e+01     1.5986      3.205      4.648    16.9638   998.8140 0.0000e+00
      3.308      0.135     8.9262     90.789     34.443  28.366673     4.3457      8.222   200.6073 3.9863e+01     1.6629      3.244      4.705    16.8682   998.8305 0.0000e+00
      3.348      0.136     8.7030     88.186     34.727  28.477611     4.5833      8.221   200.9228 3.8778e+01     1.7499      3.284      4.764    16.7410   998.8524 0.0000e+00
      3.384      0.137     8.5278     86.115     34.978  28.571740     4.7121      8.220   201.2190 3.7938e+01     1.7648      3.321      4.817    16.5565   998.8838 0.0000e+00
      3.415      0.137     8.4255     84.813     35.004  28.489476     4.7236      8.218   201.3498 3.7220e+01     1.7444      3.350      4.859    16.3611   998.9166 0.0000e+00
      3.445      0.138     8.4095     84.363     35.153  28.498009     4.7661      8.216   201.6443 3.6381e+01     1.8313      3.376      4.897    16.1734   998.9477 0.0000e+00
      3.479      0.139     8.4625     84.574     35.763  28.865117     4.8443      8.215   202.1128 3.5366e+01     1.9958      3.409      4.945    15.9925   998.9775 0.0000e+00
      3.517      0.143     8.5345     84.961     36.638  29.438271     4.8889      8.212   202.5400 3.4313e+01     2.0618      3.448      5.001    15.8313   999.0038 0.0000e+00
      3.557      0.148     8.5742     85.034     37.464  29.971047     4.8973      8.208   202.9375 3.3313e+01     2.0394      3.488      5.059    15.6962   999.0255 0.0000e+00
      3.596      0.153     8.5403     84.392     38.188  30.420892     4.9018      8.204   203.4775 3.2385e+01     2.0863      3.527      5.117    15.5418   999.0500 0.0000e+00
      3.632      0.158     8.4037     82.742     38.848  30.816105     4.9008      8.199   203.9920 3.1490e+01     2.2032      3.562      5.166    15.3568   999.0793 0.0000e+00
      3.670      0.162     8.1450     79.899     39.418  31.132427     4.8939      8.194   204.4270 3.0469e+01     2.2726      3.597      5.217    15.1714   999.1083 0.0000e+00
      3.712      0.165     7.7500     75.733     39.843  31.326364     4.8870      8.190   205.2100 2.9242e+01     2.2699      3.640      5.279    14.9954   999.1355 0.0000e+00
      3.758      0.169     7.2103     70.187     40.100  31.384010     4.8782      8.186   206.2312 2.7955e+01     2.2688      3.687      5.347    14.8298   999.1607 0.0000e+00
      3.804      0.170     6.5186     63.215     40.281  31.385041     4.7353      8.182   207.0511 2.6749e+01     2.4553      3.731      5.412    14.6617   999.1860 0.0000e+00
      3.848      0.167     5.7042     55.122     40.471  31.402125     4.4518      8.177   207.6386 2.5615e+01     2.8215      3.774      5.473    14.4910   999.2112 0.0000e+00
      3.892      0.162     4.8395     46.624     40.613  31.400042     4.2855      8.173   208.0001 2.4517e+01     3.0258      3.817      5.536    14.3112   999.2374 0.0000e+00
      3.934      0.155     3.9793     38.238     40.768  31.423188     4.2591      8.169   208.4113 2.3537e+01     3.0905      3.860      5.598    14.1270   999.2637 0.0000e+00
      3.972      0.150     3.1614     30.304     40.978  31.491501     4.1152      8.165   208.9108 2.2674e+01     3.5713      3.896      5.650    13.9514   999.2884 0.0000e+00
      4.006      0.145     2.4243     23.179     41.069  31.464400     3.8288      8.159   209.2208 2.1789e+01     4.4147      3.929      5.698    13.7831   999.3117 0.0000e+00
      4.041      0.140     1.7874     17.046     41.042  31.349233     3.6655      8.154   209.4924 2.0875e+01     4.8651      3.963      5.747    13.6446   999.3306 0.0000e+00
      4.077      0.136     1.2703     12.089     40.918  31.177714     3.6418      8.150   209.7847 1.9972e+01     4.9202      3.997      5.798    13.5370   999.3451 0.0000e+00
      4.113      0.135     0.8978      8.529     40.650  30.913473     3.5069      8.146   210.0878 1.9108e+01     5.0813      4.034      5.851    13.4240   999.3604 0.0000e+00
      4.148      0.134     0.6498      6.162     40.443  30.692528     3.2576      8.142   210.3173 1.8343e+01     5.4038      4.069      5.902    13.3028   999.3765 0.0000e+00
      4.180      0.134     0.4873      4.611     40.344  30.536831     3.1246      8.139   210.4095 1.7630e+01     5.6076      4.098      5.945    13.1813   999.3924 0.0000e+00
      4.212      0.134     0.3975      3.751     40.231  30.363431     3.1028      8.135   210.5136 1.6828e+01     5.6124      4.129      5.989    13.0828   999.4052 0.0000e+00
      4.247      0.134     0.3677      3.462     40.101  30.182238     2.9255      8.131   210.5438 1.6001e+01     5.7895      4.166      6.042    13.0232   999.4127 0.0000e+00
      4.281      0.134     0.3872      3.637     39.958  29.995769     2.6100      8.127   210.5163 1.5228e+01     6.2413      4.199      6.091    12.9546   999.4215 0.0000e+00
      4.316      0.133     0.4527      4.243     39.911  29.885476     2.4533      8.124   210.6978 1.4416e+01     6.5517      4.232      6.138    12.8443   999.4354 0.0000e+00
      4.352      0.131     0.5482      5.128     39.880  29.800424     2.4440      8.122   211.1037 1.3574e+01     6.5612      4.267      6.188    12.7286   999.4499 0.0000e+00
      4.387      0.131     0.6577      6.144     39.676  29.601872     2.4278      8.118   211.4662 1.2807e+01     6.4539      4.303      6.241    12.6284   999.4623 0.0000e+00
      4.418      0.134     0.7772      7.248     39.553  29.451789     2.3621      8.114   211.5534 1.2169e+01     6.2701      4.335      6.287    12.5309   999.4742 0.0000e+00
      4.446      0.138     0.9004      8.376     39.663  29.445146     2.2563      8.111   211.4696 1.1571e+01     6.0106      4.358      6.319    12.4315   999.4863 0.0000e+00
      4.479      0.140     1.0252      9.510     39.814  29.457998     2.1968      8.107   211.3990 1.0854e+01     5.8406      4.388      6.364    12.3473   999.4964 0.0000e+00
      4.520      0.143     1.1537     10.680     39.862  29.416699     2.1813      8.104   211.4747 1.0076e+01     5.7870      4.432      6.429    12.3076   999.5012 0.0000e+00
      4.563      0.146     1.2826     11.855     39.809  29.326438     2.1206      8.101   211.7825 9.4217e+00     5.6905      4.478      6.494    12.2486   999.5084 0.0000e+00
      4.601      0.147     1.4087     13.004     39.689  29.191481     2.0172      8.098   212.1095 8.8831e+00     5.5256      4.513      6.545    12.1228   999.5232 0.0000e+00
      4.636      0.147     1.5312     14.114     39.485  28.990478     1.9636      8.095   212.3303 8.3463e+00     5.4000      4.544      6.591    11.9771   999.5402 0.0000e+00
      4.671      0.143     1.6478     15.165     39.384  28.863052     1.9581      8.093   212.5598 7.8272e+00     5.3512      4.581      6.643    11.8800   999.5513 0.0000e+00
      4.707      0.139     1.7563     16.143     39.436  28.856292     1.9418      8.091   212.8184 7.3331e+00     5.4599      4.616      6.694    11.8338   999.5566 0.0000e+00
      4.745      0.135     1.8542     17.030     39.371  28.781796     1.9142      8.086   213.0488 6.8554e+00     5.6986      4.653      6.749    11.7751   999.5634 0.0000e+00
      4.782      0.130     1.9438     17.844     39.230  28.660255     1.8926      8.083   213.2807 6.4805e+00     5.8442      4.691      6.805    11.7093   999.5707 0.0000e+00
      4.813      0.125     2.0306     18.629     39.165  28.592279     1.8804      8.081   213.5576 6.1915e+00     5.8771      4.720      6.846    11.6380   999.5786 0.0000e+00
      4.841      0.122     2.1149     19.389     39.027  28.467487     1.7926      8.078   213.7296 5.9104e+00     6.0633      4.747      6.886    11.5721   999.5860 0.0000e+00
      4.870      0.123     2.1957     20.112     38.741  28.230002     1.6290      8.074   213.8106 5.6585e+00     6.4560      4.777      6.929    11.5454   999.5890 0.0000e+00
      4.898      0.129     2.2757     20.820     38.488  28.005000     1.5408      8.070   214.0213 5.4262e+00     6.6936      4.803      6.967    11.5290   999.5908 0.0000e+00
      4.928      0.138     2.3532     21.495     38.333  27.840758     1.5238      8.066   214.2126 5.1417e+00     6.7077      4.829      7.005    11.5006   999.5940 0.0000e+00
      4.964      0.146     2.4267     22.133     38.214  27.703413     1.4576      8.064   214.1444 4.7937e+00     6.5607      4.865      7.056    11.4696   999.5975 0.0000e+00
      5.008      0.149     2.5013     22.784     38.149  27.613252     1.3392      8.063   213.9707 4.4488e+00     6.2599      4.911      7.122    11.4371   999.6010 0.0000e+00
      5.053      0.144     2.5798     23.475     38.145  27.575393     1.2715      8.062   213.8340 4.1541e+00     6.0855      4.955      7.187    11.3861   999.6066 0.0000e+00
      5.096      0.133     2.6627     24.212     38.249  27.626301     1.2717      8.061   213.6956 3.9086e+00     6.0907      4.999      7.250    11.3104   999.6148 0.0000e+00
      5.132      0.117     2.7533     25.031     38.389  27.721172     1.2716      8.059   213.5878 3.7456e+00     6.0933      5.039      7.308    11.2405   999.6222 0.0000e+00
      5.157      0.098     2.8594     26.006     38.351  27.707318     1.2184      8.059   213.4767 3.6645e+00     6.0190      5.062      7.340    11.1856   999.6281 0.0000e+00
      5.173      0.081     2.9853     27.163     38.161  27.585706     1.1314      8.058   213.2986 3.6035e+00     5.8803      5.073      7.358    11.1384   999.6329 0.0000e+00
      5.186      0.069     3.1233     28.417     37.985  27.456276     1.0954      8.056   213.1555 3.5388e+00     5.7924      5.086      7.376    11.1037   999.6366 0.0000e+00
      5.200      0.061     3.2573     29.618     37.950  27.411315     1.1039      8.052   213.1239 3.4593e+00     5.8082      5.100      7.396    11.0907   999.6382 0.0000e+00
      5.215      0.060     3.3730     30.652     37.993  27.422739     1.0865      8.050   213.1736 3.3563e+00     5.7770      5.113      7.415    11.1179   999.6354 0.0000e+00
      5.232      0.065     3.4655     31.482     37.983  27.404049     1.0419      8.049   213.2397 3.2588e+00     5.6445      5.131      7.442    11.1524   999.6318 0.0000e+00
      5.249      0.072     3.5345     32.100     37.957  27.375663     1.0241      8.049   213.4076 3.1839e+00     5.5833      5.150      7.469    11.1470   999.6323 0.0000e+00
      5.263      0.080     3.5846     32.543     38.003  27.396740     1.0357      8.048   213.7418 3.0950e+00     5.6268      5.160      7.483    11.1113   999.6361 0.0000e+00
      5.282      0.087     3.6210     32.855     38.128  27.468542     1.0338      8.045   214.0108 2.9754e+00     5.5801      5.176      7.509    11.0809   999.6393 0.0000e+00
      5.309      0.088     3.6443     33.044     38.177  27.482441     1.0193      8.042   214.1638 2.8343e+00     5.4120      5.205      7.549    11.0713   999.6404 0.0000e+00
      5.339      0.083     3.6580     33.148     38.142  27.437873     1.0248      8.041   214.3020 2.6850e+00     5.3308      5.236      7.594    11.0618   999.6415 0.0000e+00
      5.367      0.073     3.6683     33.231     38.156  27.437227     1.0396      8.039   214.3910 2.5774e+00     5.3520      5.268      7.640    11.0443   999.6434 0.0000e+00
      5.387      0.060     3.6793     33.331     38.209  27.474621     1.0595      8.036   214.3791 2.5282e+00     5.3414      5.288      7.668    11.0218   999.6460 0.0000e+00
      5.395      0.044     3.6909     33.440     38.252  27.509321     1.0922      8.034   214.2437 2.5083e+00     5.3006      5.291      7.674    10.9893   999.6492 0.0000e+00
      5.398      0.029     3.6977     33.508     38.285  27.539545     1.1052      8.032   214.0445 2.5053e+00     5.2856      5.293      7.678    10.9596   999.6522 0.0000e+00
      5.401      0.018     3.6968     33.508     38.338  27.586277     1.1043      8.030   213.8640 2.4991e+00     5.3233      5.296      7.681    10.9475   999.6534 0.0000e+00
      5.405      0.012     3.6900     33.457     38.472  27.693682     1.1165      8.028   213.7828 2.4854e+00     5.3631      5.300      7.687    10.9490   999.6533 0.0000e+00
      5.408      0.009     3.6806     33.383     38.636  27.823035     1.1400      8.027   213.8371 2.4802e+00     5.3409      5.303      7.692    10.9541   999.6528 0.0000e+00
      5.410      0.008     3.6683     33.284     38.700  27.881342     1.1530      8.025   213.8324 2.4793e+00     5.3171      5.305      7.695    10.9623   999.6521 0.0000e+00
      5.412      0.006     3.6505     33.138     38.693  27.891109     1.1530      8.022   213.7250 2.4800e+00     5.3378      5.307      7.697    10.9742   999.6508 0.0000e+00
      5.413      0.004     3.6293     32.969     38.729  27.941144     1.1572      8.020   213.7435 2.4776e+00     5.3611      5.308      7.698    10.9881   999.6495 0.0000e+00
      5.413      0.003     3.6060     32.792     38.819  28.042194     1.1607      8.017   213.8839 2.4693e+00     5.3691      5.308      7.699    11.0042   999.6480 0.0000e+00
      5.413      0.003     3.5936     32.700     38.867  28.097778     1.1602      8.016   213.9595 2.4615e+00     5.3698      5.308      7.699    11.0166   999.6467 0.0000e+00
      5.414 -9.990e-29 -9.990e-29 -9.990e-29 -9.990e-29 -9.990e-29 -9.990e-29 -9.990e-29 -9.990e-29 2.4570e+00 -9.990e-29      5.309      7.700    11.0367   999.6447 0.0000e+00
