Data/DataAlreadyUploadedToEDI/CollatedDataForEDI/CTDData/CTD_2019 (not collated)/070119_fcr50.cnv
* Sea-Bird SBE19plus  Data File:
* FileName = C:\DATA\070119_fcr50.hex
* Software version 2.8.0.119 SB_Terminal.dll
* Temperature SN = 7809
* Conductivity SN = 7809
* System UpLoad Time = Jul 01 2019 10:03:49
* <ApplicationData>
* <Seaterm232>
# nquan = 16
# nvalues = 1207                        
# units = specified
# name 0 = depFM: Depth [fresh water, m]
# name 1 = dz/dtM: Descent Rate [m/s]
# name 2 = sbeox0Mg/L: Oxygen, SBE 43 [mg/l]
# name 3 = sbeox0PS: Oxygen, SBE 43 [% saturation]
# name 4 = specc: Specific Conductance [uS/cm]
# name 5 = c0uS/cm: Conductivity [uS/cm]
# name 6 = flECO-AFL: Fluorescence, WET Labs ECO-AFL/FL [mg/m^3]
# name 7 = ph: pH
# name 8 = orp: Oxidation Reduction Potential [mV]
# name 9 = par/sat/log: PAR/Logarithmic, Satlantic
# name 10 = turbWETntu0: Turbidity, WET Labs ECO [NTU]
# name 11 = prdM: Pressure, Strain Gauge [db]
# name 12 = prdE: Pressure, Strain Gauge [psi]
# name 13 = tv290C: Temperature [ITS-90, deg C]
# name 14 = density00: Density [density, kg/m^3]
# name 15 = flag:  0.000e+00
# span 0 =     -0.588,      9.230       
# span 1 =     -1.129,      4.243       
# span 2 =     0.0555,    13.3755       
# span 3 =      0.491,    154.796       
# span 4 =      3.409,    114.636       
# span 5 =   3.477695,  80.132468       
# span 6 =    -1.3563,     7.0524       
# span 7 =      6.857,      9.085       
# span 8 =    67.4764,   828.3692       
# span 9 = 1.2345e-01, 1.4484e+03       
# span 10 =    -0.5470,   144.5496      
# span 11 =     -0.577,      9.052      
# span 12 =     -0.837,     13.129      
# span 13 =     9.9358,    26.5281      
# span 14 =   996.6618,   999.7924      
# span 15 = 0.0000e+00, 0.0000e+00      
# interval = seconds: 0.25
# start_time = Jul 01 2019 09:47:11 [Instrument's time stamp, header]
# bad_flag = -9.990e-29
*END*
[from data line 633]
      3.240      0.052    11.7423    119.576     33.097  27.298744     4.6307      8.166   223.5547 1.9794e+01     1.1071      3.177      4.608    16.6737   998.8627 0.0000e+00
      3.253      0.052    11.7193    119.133     33.072  27.224121     4.5165      8.165   224.1543 1.9601e+01     1.0705      3.189      4.625    16.5500   998.8837 0.0000e+00
      3.266      0.051    11.6713    118.472     33.047  27.157814     4.5010      8.163   224.0158 1.9398e+01     1.0454      3.203      4.645    16.4349   998.9031 0.0000e+00
      3.280      0.051    11.6065    117.661     32.987  27.067979     4.4946      8.161   223.8593 1.9207e+01     1.0650      3.216      4.665    16.3299   998.9207 0.0000e+00
      3.294      0.052    11.5315    116.740     32.911  26.962649     4.5002      8.159   223.8968 1.9036e+01     1.0785      3.230      4.686    16.2326   998.9368 0.0000e+00
      3.307      0.052    11.4504    115.740     32.893  26.899329     4.5077      8.158   224.0391 1.8886e+01     1.0449      3.243      4.705    16.1481   998.9507 0.0000e+00
      3.319      0.052    11.3682    114.720     32.923  26.873318     4.5080      8.156   224.1168 1.8737e+01     1.0194      3.254      4.721    16.0815   998.9618 0.0000e+00
      3.331      0.051    11.2856    113.703     32.941  26.838422     4.4941      8.154   223.9763 1.8564e+01     1.0324      3.266      4.736    16.0260   998.9708 0.0000e+00
      3.345      0.050    11.2026    112.703     32.943  26.794557     4.4704      8.154   223.7158 1.8408e+01     1.0709      3.280      4.758    15.9621   998.9812 0.0000e+00
      3.359      0.047    11.1208    111.746     32.978  26.786999     4.4553      8.152   223.4630 1.8308e+01     1.0907      3.295      4.779    15.8876   998.9934 0.0000e+00
      3.373      0.044    11.0423    110.859     33.041  26.810439     4.4414      8.149   223.2430 1.8242e+01     1.0759      3.307      4.797    15.8083   999.0061 0.0000e+00
      3.384      0.039    10.9682    110.056     33.078  26.824159     4.4073      8.146   223.2920 1.8220e+01     1.0888      3.320      4.815    15.7306   999.0186 0.0000e+00
      3.393      0.034    10.8962    109.327     33.082  26.825983     4.3551      8.144   223.5400 1.8263e+01     1.1154      3.329      4.828    15.6600   999.0298 0.0000e+00
      3.399      0.028    10.8243    108.632     33.081  26.832491     4.3215      8.144   224.0045 1.8335e+01     1.1025      3.334      4.835    15.6044   999.0386 0.0000e+00
      3.405      0.023    10.7538    107.952     33.080  26.839412     4.3224      8.143   224.5195 1.8434e+01     1.0642      3.340      4.844    15.5629   999.0453 0.0000e+00
      3.411      0.021    10.6896    107.326     33.082  26.846229     4.3305      8.142   224.5190 1.8568e+01     1.0454      3.345      4.853    15.5327   999.0500 0.0000e+00
      3.415      0.021    10.6297    106.751     33.080  26.851475     4.3677      8.141   224.3420 1.8701e+01     1.0724      3.348      4.856    15.5343   999.0498 0.0000e+00
      3.418      0.023    10.5682    106.172     33.051  26.839408     4.4515      8.139   224.1008 1.8826e+01     1.0951      3.352      4.861    15.5537   999.0467 0.0000e+00
      3.422      0.027    10.5066    105.590     33.023  26.827227     4.5026      8.137   223.7540 1.8896e+01     1.0911      3.355      4.866    15.5650   999.0450 0.0000e+00
      3.430      0.032    10.4542    105.055     33.030  26.831102     4.5001      8.136   224.8809 1.8848e+01     1.0888      3.362      4.876    15.5700   999.0442 0.0000e+00
      3.440      0.038    10.4211    104.639     33.050  26.822812     4.5339      8.135   227.1431 1.8754e+01     1.0340      3.373      4.894    15.5793   999.0428 0.0000e+00
      3.451      0.043    10.4092    104.374     33.063  26.790405     4.6161      8.134   228.1333 1.8661e+01     0.9209      3.385      4.910    15.5988   999.0398 0.0000e+00
      3.462      0.046    10.4101    104.213     33.083  26.756434     4.6619      8.132   228.0778 1.8534e+01     0.8677      3.395      4.924    15.6224   999.0360 0.0000e+00
      3.475      0.046    10.4149    104.094     33.111  26.729228     4.6633      8.130   227.5903 1.8359e+01     0.8828      3.407      4.942    15.6271   999.0354 0.0000e+00
      3.490      0.044    10.4178    103.988     33.144  26.715173     4.6413      8.128   226.6269 1.8171e+01     0.9401      3.424      4.965    15.5858   999.0420 0.0000e+00
      3.502      0.042    10.4154    103.863     33.179  26.713331     4.6043      8.126   226.1514 1.8009e+01     1.0364      3.435      4.983    15.5130   999.0535 0.0000e+00
      3.512      0.042    10.4021    103.626     33.209  26.706927     4.5964      8.124   226.6604 1.7888e+01     1.0959      3.445      4.997    15.4337   999.0659 0.0000e+00
      3.518      0.043    10.3719    103.169     33.260  26.701157     4.6160      8.123   227.4460 1.7786e+01     1.1021      3.451      5.005    15.3539   999.0784 0.0000e+00
      3.526      0.045    10.3209    102.456     33.345  26.706943     4.6765      8.120   227.6487 1.7596e+01     1.0785      3.455      5.012    15.2908   999.0882 0.0000e+00
      3.538      0.049    10.2482    101.520     33.434  26.713358     4.7731      8.117   227.4758 1.7293e+01     1.0730      3.468      5.030    15.2531   999.0940 0.0000e+00
      3.553      0.054    10.1553    100.415     33.509  26.715209     4.8301      8.114   227.2492 1.6970e+01     1.1015      3.484      5.053    15.2173   999.0995 0.0000e+00
      3.570      0.057    10.0458     99.186     33.584  26.729256     4.8451      8.110   226.8872 1.6649e+01     1.0950      3.501      5.078    15.1467   999.1105 0.0000e+00
      3.586      0.058     9.9226     97.841     33.669  26.756256     4.8673      8.107   226.4552 1.6349e+01     1.0606      3.518      5.102    15.0431   999.1263 0.0000e+00
      3.601      0.056     9.7812     96.307     33.765  26.787848     4.9168      8.105   226.1548 1.6089e+01     1.0462      3.532      5.122    14.9406   999.1418 0.0000e+00
      3.616      0.053     9.6187     94.560     33.834  26.793954     4.9584      8.103   226.0088 1.5848e+01     1.0848      3.546      5.143    14.8528   999.1551 0.0000e+00
      3.629      0.051     9.4427     92.693     33.857  26.766589     4.9631      8.101   225.7221 1.5628e+01     1.1334      3.560      5.163    14.7882   999.1648 0.0000e+00
      3.640      0.050     9.2608     90.786     33.919  26.774135     4.9551      8.099   225.0985 1.5422e+01     1.1093      3.570      5.177    14.7352   999.1726 0.0000e+00
      3.651      0.049     9.0706     88.836     34.017  26.821705     4.9750      8.097   224.3190 1.5189e+01     1.0881      3.579      5.191    14.6666   999.1829 0.0000e+00
      3.664      0.048     8.8668     86.810     34.047  26.834168     5.0301      8.094   223.7830 1.4948e+01     1.1070      3.593      5.211    14.5909   999.1940 0.0000e+00
      3.678      0.047     8.6561     84.747     34.001  26.797928     5.0671      8.091   223.6080 1.4747e+01     1.1081      3.607      5.232    14.5237   999.2038 0.0000e+00
      3.691      0.044     8.4467     82.680     33.967  26.764189     5.0753      8.090   224.6119 1.4568e+01     1.1016      3.619      5.249    14.4586   999.2134 0.0000e+00
      3.702      0.040     8.2406     80.612     33.965  26.743439     5.0853      8.088   226.1985 1.4423e+01     1.0946      3.630      5.266    14.4063   999.2209 0.0000e+00
      3.712      0.035     8.0450     78.636     33.989  26.737344     5.0846      8.086   226.3583 1.4348e+01     1.0883      3.641      5.281    14.3975   999.2223 0.0000e+00
      3.722      0.030     7.8652     76.827     34.037  26.753909     5.0765      8.084   225.9408 1.4353e+01     1.0916      3.651      5.295    14.4098   999.2205 0.0000e+00
      3.727      0.026     7.7082     75.258     34.053  26.753378     5.0819      8.082   225.5393 1.4380e+01     1.1009      3.656      5.303    14.4028   999.2215 0.0000e+00
      3.731      0.023     7.5803     73.997     34.031  26.730914     5.0980      8.079   224.7734 1.4333e+01     1.1029      3.658      5.306    14.3683   999.2266 0.0000e+00
      3.736      0.023     7.4777     72.998     34.036  26.736069     5.1153      8.076   225.3703 1.4229e+01     1.0836      3.662      5.312    14.3253   999.2327 0.0000e+00
      3.741      0.024     7.3977     72.232     34.050  26.752259     5.1263      8.072   227.3348 1.4116e+01     1.0632      3.670      5.322    14.2954   999.2369 0.0000e+00
      3.746      0.027     7.3409     71.695     34.020  26.736338     5.1439      8.071   228.5648 1.3973e+01     1.0534      3.673      5.327    14.2725   999.2403 0.0000e+00
      3.753      0.032     7.3035     71.339     34.011  26.733917     5.1977      8.070   229.0582 1.3809e+01     1.0957      3.678      5.335    14.2671   999.2410 0.0000e+00
      3.764      0.038     7.2801     71.107     34.080  26.786430     5.2737      8.067   229.4278 1.3674e+01     1.2146      3.692      5.354    14.2698   999.2407 0.0000e+00
      3.774      0.044     7.2698     70.981     34.193  26.863716     5.3096      8.064   229.5068 1.3591e+01     1.3106      3.703      5.371    14.2782   999.2395 0.0000e+00
      3.783      0.050     7.2703     70.921     34.284  26.907044     5.3109      8.061   229.3249 1.3495e+01     1.3392      3.708      5.378    14.2958   999.2371 0.0000e+00
      3.796      0.055     7.2761     70.881     34.367  26.929605     5.3063      8.058   229.2069 1.3326e+01     1.3312      3.719      5.394    14.2997   999.2366 0.0000e+00
      3.814      0.056     7.2839     70.858     34.444  26.946117     5.2890      8.055   229.3713 1.3151e+01     1.3118      3.741      5.426    14.3000   999.2366 0.0000e+00
      3.832      0.056     7.2907     70.837     34.456  26.916302     5.2755      8.052   229.5917 1.3004e+01     1.3020      3.760      5.453    14.2909   999.2381 0.0000e+00
      3.848      0.053     7.2913     70.762     34.463  26.886299     5.2642      8.050   229.7210 1.2855e+01     1.3108      3.774      5.473    14.2460   999.2446 0.0000e+00
      3.862      0.048     7.2768     70.551     34.522  26.900531     5.2472      8.049   229.7296 1.2714e+01     1.3198      3.789      5.495    14.1745   999.2547 0.0000e+00
      3.873      0.043     7.2354     70.081     34.639  26.961454     5.1832      8.048   229.6094 1.2602e+01     1.3116      3.800      5.511    14.1088   999.2641 0.0000e+00
      3.880      0.041     7.1594     69.261     34.805  27.051877     5.0713      8.046   229.4729 1.2517e+01     1.3103      3.805      5.518    14.0558   999.2715 0.0000e+00
      3.886      0.042     7.0500     68.101     34.936  27.105571     5.0121      8.043   229.8002 1.2430e+01     1.3038      3.810      5.525    14.0006   999.2792 0.0000e+00
      3.895      0.043     6.9115     66.659     34.996  27.103061     5.0131      8.041   230.5549 1.2303e+01     1.2997      3.819      5.537    13.9557   999.2855 0.0000e+00
      3.909      0.045     6.7508     65.016     35.032  27.084909     5.0326      8.040   231.1128 1.2158e+01     1.3913      3.833      5.559    13.9205   999.2905 0.0000e+00
      3.923      0.046     6.5722     63.221     35.070  27.076371     5.0564      8.038   231.5551 1.2055e+01     1.5267      3.848      5.582    13.8642   999.2983 0.0000e+00
      3.937      0.046     6.3776     61.298     35.086  27.063236     5.0671      8.035   231.5148 1.1996e+01     1.5593      3.862      5.600    13.7904   999.3085 0.0000e+00
      3.949      0.045     6.1731     59.307     35.090  27.052953     5.0836      8.033   230.8832 1.1958e+01     1.5567      3.875      5.619    13.7180   999.3185 0.0000e+00
      3.957      0.044     5.9621     57.274     35.128  27.078908     5.1258      8.032   230.7158 1.1943e+01     1.5609      3.882      5.630    13.6508   999.3275 0.0000e+00
      3.966      0.044     5.7459     55.204     35.180  27.123287     5.1783      8.029   232.0733 1.1934e+01     1.5448      3.888      5.638    13.5942   999.3351 0.0000e+00
      3.976      0.045     5.5307     53.142     35.204  27.145424     5.2071      8.026   234.5616 1.1914e+01     1.5591      3.898      5.653    13.5557   999.3404 0.0000e+00
      3.989      0.047     5.3301     51.203     35.228  27.156236     5.2055      8.023   236.0221 1.1899e+01     1.5698      3.912      5.673    13.5401   999.3426 0.0000e+00
      4.003      0.050     5.1548     49.484     35.302  27.190555     5.2108      8.021   235.7937 1.1869e+01     1.5098      3.926      5.693    13.5369   999.3431 0.0000e+00
      4.017      0.051     5.0097     48.032     35.422  27.243115     5.2367      8.019   235.0701 1.1797e+01     1.4233      3.940      5.715    13.5444   999.3421 0.0000e+00
      4.031      0.051     4.8972     46.879     35.541  27.284131     5.2507      8.017   234.8442 1.1713e+01     1.3758      3.953      5.734    13.5581   999.3404 0.0000e+00
      4.043      0.051     4.8137     46.010     35.631  27.305753     5.2488      8.014   235.2997 1.1628e+01     1.3303      3.964      5.750    13.5476   999.3418 0.0000e+00
      4.055      0.051     4.7573     45.420     35.690  27.314156     5.2051      8.012   235.9316 1.1537e+01     1.2989      3.977      5.768    13.5159   999.3461 0.0000e+00
      4.067      0.051     4.7261     45.081     35.740  27.322246     5.1215      8.010   236.4615 1.1437e+01     1.3235      3.988      5.785    13.4607   999.3535 0.0000e+00
      4.080      0.052     4.7066     44.856     35.799  27.340089     5.0872      8.008   236.9745 1.1318e+01     1.3322      4.001      5.802    13.3761   999.3648 0.0000e+00
      4.095      0.052     4.6826     44.591     35.832  27.339526     5.0946      8.007   237.3162 1.1185e+01     1.3056      4.016      5.824    13.3054   999.3742 0.0000e+00
      4.109      0.052     4.6422     44.170     35.835  27.315411     5.0811      8.004   237.3236 1.1049e+01     1.2962      4.031      5.846    13.2601   999.3802 0.0000e+00
      4.123      0.051     4.5799     43.540     35.854  27.302264     5.0013      8.002   237.1492 1.0902e+01     1.3830      4.043      5.864    13.2198   999.3854 0.0000e+00
      4.135      0.049     4.4909     42.657     35.899  27.307425     4.8677      8.001   236.7566 1.0733e+01     1.5370      4.055      5.881    13.1821   999.3903 0.0000e+00
      4.147      0.047     4.3764     41.533     35.944  27.314340     4.7915      7.998   236.2772 1.0559e+01     1.5850      4.068      5.898    13.1473   999.3948 0.0000e+00
      4.159      0.046     4.2500     40.303     35.986  27.322399     4.7824      7.996   236.2572 1.0396e+01     1.5686      4.079      5.916    13.1109   999.3995 0.0000e+00
      4.170      0.045     4.1230     39.076     36.035  27.341382     4.7660      7.995   236.5140 1.0232e+01     1.6020      4.089      5.931    13.0711   999.4047 0.0000e+00
      4.181      0.044     4.0025     37.918     36.069  27.353504     4.7415      7.993   236.6281 1.0052e+01     1.6276      4.099      5.946    13.0310   999.4099 0.0000e+00
      4.193      0.043     3.8952     36.886     36.072  27.342066     4.7281      7.990   236.6916 9.8664e+00     1.5833      4.113      5.964    12.9915   999.4149 0.0000e+00
      4.204      0.042     3.8047     36.011     36.078  27.329966     4.7081      7.988   236.7648 9.7052e+00     1.5258      4.124      5.981    12.9560   999.4195 0.0000e+00
      4.214      0.042     3.7292     35.272     36.113  27.334069     4.5859      7.985   237.5131 9.5557e+00     1.5223      4.133      5.994    12.9312   999.4227 0.0000e+00
      4.225      0.042     3.6667     34.654     36.138  27.328202     4.3779      7.982   238.9421 9.4006e+00     1.5406      4.143      6.009    12.9148   999.4248 0.0000e+00
      4.235      0.042     3.6183     34.172     36.161  27.322437     4.2739      7.980   239.6744 9.2476e+00     1.5504      4.153      6.023    12.8988   999.4269 0.0000e+00
