Data/DataAlreadyUploadedToEDI/CollatedDataForEDI/CTDData/CTD_2019 (not collated)/070319_bvr50.cnv
* Sea-Bird SBE19plus  Data File:
* FileName = C:\DATA\070319_bvr50_0002.hex
* Software version 2.8.0.119 SB_Terminal.dll
* Temperature SN = 7809
* Conductivity SN = 7809
* System UpLoad Time = Jul 03 2019 10:54:15
* <ApplicationData>
* <Seaterm232>
# nquan = 16
# nvalues = 920                         
# units = specified
# name 0 = depFM: Depth [fresh water, m]
# name 1 = dz/dtM: Descent Rate [m/s]
# name 2 = sbeox0Mg/L: Oxygen, SBE 43 [mg/l]
# name 3 = sbeox0PS: Oxygen, SBE 43 [% saturation]
# name 4 = specc: Specific Conductance [uS/cm]
# name 5 = c0uS/cm: Conductivity [uS/cm]
# name 6 = flECO-AFL: Fluorescence, WET Labs ECO-AFL/FL [mg/m^3]
# name 7 = ph: pH
# name 8 = orp: Oxidation Reduction Potential [mV]
# name 9 = par/sat/log: PAR/Logarithmic, Satlantic
# name 10 = turbWETntu0: Turbidity, WET Labs ECO [NTU]
# name 11 = prdM: Pressure, Strain Gauge [db]
# name 12 = prdE: Pressure, Strain Gauge [psi]
# name 13 = tv290C: Temperature [ITS-90, deg C]
# name 14 = density00: Density [density, kg/m^3]
# name 15 = flag:  0.000e+00
# span 0 =     -0.681,     10.511       
# span 1 =     -0.135,      0.151       
# span 2 =    -0.2312,     8.1846       
# span 3 =     -2.095,    100.500       
# span 4 =      0.980,    123.458       
# span 5 =   1.009230,  82.582995       
# span 6 =    -0.1672,     8.6472       
# span 7 =      6.641,      9.369       
# span 8 =   115.4246,   763.0092       
# span 9 = 1.2348e-01, 1.9945e+03       
# span 10 =    -4.3604,   579.6680      
# span 11 =     -0.668,     10.309      
# span 12 =     -0.970,     14.951      
# span 13 =     8.4322,    26.6435      
# span 14 =   996.6270,   999.9179      
# span 15 = 0.0000e+00, 0.0000e+00      
# interval = seconds: 0.25
# start_time = Jul 03 2019 10:42:52 [Instrument's time stamp, header]
# bad_flag = -9.990e-29
*END*
[from data line 814]
      8.894      0.058     0.0993      0.857     88.869  60.208768     1.7243      6.836   157.2680 1.2693e-01     4.1154      8.722     12.652     8.8840   999.8665 0.0000e+00
      8.906      0.059     0.0994      0.858     89.280  60.476832     1.8231      6.834   156.7359 1.2558e-01     4.2129      8.733     12.666     8.8779   999.8671 0.0000e+00
      8.921      0.060     0.1002      0.864     89.302  60.475261     1.8800      6.833   156.2892 1.2678e-01     4.2459      8.747     12.686     8.8724   999.8675 0.0000e+00
      8.938      0.060     0.1014      0.874     89.179  60.380414     1.8834      6.830   155.8242 1.2572e-01     4.2190      8.766     12.715     8.8724   999.8675 0.0000e+00
      8.956      0.061     0.1022      0.880     89.228  60.410399     1.8208      6.827   155.3301 1.2440e-01     4.1501      8.784     12.741     8.8757   999.8676 0.0000e+00
      8.971      0.064     0.1008      0.869     89.583  60.647153     1.7036      6.825   154.8753 1.2383e-01     4.0361      8.799     12.760     8.8690   999.8684 0.0000e+00
      8.986      0.068     0.0979      0.844     90.054  60.955131     1.6452      6.823   154.4546 1.2349e-01     3.9543      8.812     12.781     8.8555   999.8694 0.0000e+00
      9.001      0.071     0.0954      0.822     90.269  61.083649     1.6445      6.820   154.0287 1.2350e-01     3.9479      8.826     12.801     8.8494   999.8698 0.0000e+00
      9.019      0.074     0.0943      0.813     90.256  61.057109     1.6601      6.818   153.5124 1.2351e-01     4.0573      8.843     12.826     8.8498   999.8698 0.0000e+00
      9.041      0.075     0.0956      0.824     90.314  61.079083     1.6949      6.817   152.9442 1.2355e-01     4.1954      8.865     12.858     8.8495   999.8701 0.0000e+00
      9.064      0.075     0.0971      0.836     90.456  61.158663     1.7098      6.813   152.4924 1.2360e-01     4.2081      8.890     12.893     8.8434   999.8709 0.0000e+00
      9.085      0.070     0.0961      0.828     90.527  61.193102     1.7019      6.810   152.0940 1.2366e-01     4.1782      8.911     12.924     8.8320   999.8719 0.0000e+00
      9.104      0.065     0.0956      0.823     90.516  61.177705     1.6679      6.808   151.4827 1.2368e-01     4.0953      8.929     12.950     8.8217   999.8727 0.0000e+00
      9.119      0.063     0.0976      0.840     90.593  61.226693     1.6114      6.807   150.7802 1.2361e-01     3.8946      8.944     12.972     8.8131   999.8734 0.0000e+00
      9.129      0.064     0.0986      0.848     90.859  61.404087     1.5905      6.805   150.3104 1.2354e-01     3.7834      8.954     12.986     8.8034   999.8742 0.0000e+00
      9.139      0.069     0.0971      0.835     91.167  61.606625     1.5978      6.803   149.9331 1.2352e-01     3.7990      8.960     12.995     8.7951   999.8748 0.0000e+00
      9.154      0.074     0.0946      0.814     91.422  61.768935     1.6223      6.801   149.4880 1.2355e-01     3.8540      8.973     13.014     8.7906   999.8752 0.0000e+00
      9.179      0.079     0.0934      0.804     91.644  61.904809     1.6690      6.800   149.0582 1.2363e-01     3.9246      9.001     13.055     8.7902   999.8753 0.0000e+00
      9.208      0.079     0.0946      0.814     91.774  61.978351     1.6946      6.797   148.5223 1.2370e-01     3.9646      9.032     13.099     8.7896   999.8757 0.0000e+00
      9.234      0.074     0.0953      0.819     91.762  61.958999     1.6985      6.794   147.8269 1.2369e-01     4.0092      9.056     13.135     8.7865   999.8762 0.0000e+00
      9.254      0.065     0.0939      0.807     91.721  61.925040     1.6900      6.792   147.1892 1.2361e-01     4.0062      9.077     13.165     8.7814   999.8767 0.0000e+00
      9.268      0.055     0.0929      0.799     91.761  61.949078     1.6607      6.792   146.7483 1.2356e-01     3.8955      9.091     13.186     8.7726   999.8775 0.0000e+00
      9.274      0.049     0.0933      0.803     91.832  61.995417     1.6472      6.792   146.4538 1.2356e-01     3.7845      9.096     13.193     8.7641   999.8782 0.0000e+00
      9.278      0.047     0.0928      0.798     91.992  62.103984     1.6576      6.791   146.2084 1.2360e-01     3.7459      9.096     13.193     8.7577   999.8786 0.0000e+00
      9.286      0.050     0.0904      0.777     92.297  62.308422     1.6566      6.789   145.9330 1.2360e-01     3.7557      9.103     13.202     8.7544   999.8788 0.0000e+00
      9.303      0.055     0.0887      0.762     92.586  62.497010     1.6868      6.787   145.5333 1.2354e-01     3.8371      9.121     13.229     8.7535   999.8790 0.0000e+00
      9.323      0.060     0.0897      0.771     92.760  62.604597     1.7709      6.787   145.1615 1.2354e-01     3.9769      9.145     13.263     8.7524   999.8792 0.0000e+00
      9.341      0.064     0.0913      0.785     92.847  62.655874     1.8239      6.785   144.8794 1.2358e-01     4.0366      9.161     13.287     8.7532   999.8793 0.0000e+00
      9.356      0.065     0.0923      0.794     92.874  62.672088     1.8245      6.784   144.3584 1.2362e-01     4.0354      9.174     13.307     8.7536   999.8795 0.0000e+00
      9.372      0.064     0.0926      0.797     92.875  62.673524     1.7950      6.783   143.6809 1.2364e-01     4.0931      9.191     13.331     8.7495   999.8800 0.0000e+00
      9.387      0.064     0.0918      0.789     92.872  62.673234     1.7458      6.782   143.1413 1.2362e-01     4.1774      9.207     13.354     8.7427   999.8806 0.0000e+00
      9.402      0.065     0.0926      0.797     92.864  62.668581     1.7146      6.780   142.6521 1.2362e-01     4.2350      9.219     13.371     8.7380   999.8810 0.0000e+00
      9.418      0.067     0.0949      0.817     92.986  62.744391     1.7046      6.777   142.1532 1.2364e-01     4.2655      9.234     13.394     8.7378   999.8811 0.0000e+00
      9.437      0.071     0.0948      0.815     93.320  62.954246     1.6853      6.775   141.7557 1.2360e-01     4.3170      9.256     13.424     8.7391   999.8811 0.0000e+00
      9.455      0.074     0.0922      0.792     93.671  63.172048     1.6543      6.774   141.2882 1.2359e-01     4.3984      9.272     13.448     8.7394   999.8812 0.0000e+00
      9.474      0.078     0.0909      0.781     93.953  63.343913     1.6428      6.773   140.6303 1.2362e-01     4.4309      9.289     13.473     8.7414   999.8811 0.0000e+00
      9.495      0.081     0.0915      0.786     94.221  63.506806     1.6493      6.771   140.0815 1.2361e-01     4.4472      9.311     13.505     8.7392   999.8813 0.0000e+00
      9.517      0.083     0.0916      0.786     94.502  63.679672     1.6816      6.769   139.6438 1.2359e-01     4.4972      9.333     13.537     8.7289   999.8824 0.0000e+00
      9.538      0.085     0.0903      0.776     94.867  63.908552     1.7391      6.768   139.2090 1.2356e-01     4.5107      9.353     13.566     8.7177   999.8834 0.0000e+00
      9.560      0.086     0.0887      0.761     95.388  64.240212     1.7634      6.767   138.7825 1.2351e-01     4.4792      9.375     13.597     8.7081   999.8842 0.0000e+00
      9.582      0.085     0.0883      0.758     96.007  64.638732     1.7578      6.766   138.2721 1.2352e-01     4.4769      9.396     13.629     8.6986   999.8851 0.0000e+00
      9.605      0.082     0.0890      0.764     96.536  64.976782     1.7492      6.764   137.7700 1.2359e-01     4.4503      9.418     13.660     8.6904   999.8859 0.0000e+00
      9.628      0.079     0.0901      0.774     97.009  65.276453     1.7293      6.763   137.3580 1.2364e-01     4.3546      9.442     13.694     8.6817   999.8867 0.0000e+00
      9.648      0.075     0.0920      0.789     97.600  65.655827     1.7169      6.762   136.9907 1.2362e-01     4.3035      9.464     13.725     8.6706   999.8878 0.0000e+00
      9.665      0.070     0.0940      0.806     98.140  66.004014     1.7206      6.761   136.5991 1.2359e-01     4.2907      9.478     13.747     8.6607   999.8888 0.0000e+00
      9.680      0.064     0.0941      0.807     98.424  66.180849     1.7130      6.759   136.1510 1.2360e-01     4.2653      9.491     13.766     8.6526   999.8896 0.0000e+00
      9.697      0.058     0.0935      0.802     98.578  66.268265     1.6946      6.758   135.6164 1.2361e-01     4.2258      9.509     13.793     8.6427   999.8905 0.0000e+00
      9.713      0.053     0.0946      0.811     98.740  66.361685     1.6882      6.757   134.9529 1.2360e-01     4.1733      9.527     13.818     8.6321   999.8916 0.0000e+00
      9.726      0.051     0.0951      0.815     98.940  66.483970     1.6967      6.755   134.3233 1.2361e-01     4.1888      9.539     13.835     8.6251   999.8924 0.0000e+00
      9.737      0.051     0.0914      0.784     99.321  66.729670     1.7111      6.753   133.9411 1.2365e-01     4.2483      9.549     13.849     8.6192   999.8929 0.0000e+00
      9.746      0.055     0.0868      0.744     99.987  67.171025     1.7494      6.751   133.7729 1.2368e-01     4.3687      9.557     13.861     8.6099   999.8936 0.0000e+00
      9.756      0.063     0.0844      0.724    100.760  67.688210     1.8044      6.748   133.5802 1.2364e-01     4.5622      9.564     13.872     8.6014   999.8943 0.0000e+00
      9.771      0.073     0.0823      0.705    101.550  68.214981     1.8213      6.746   133.2463 1.2364e-01     4.6554      9.580     13.894     8.5958   999.8948 0.0000e+00
      9.794      0.084     0.0821      0.704    102.490  68.835663     1.8232      6.743   132.9195 1.2367e-01     4.6756      9.604     13.929     8.5902   999.8954 0.0000e+00
      9.820      0.091     0.0840      0.720    103.458  69.470953     1.8540      6.740   132.6398 1.2364e-01     4.7738      9.630     13.966     8.5870   999.8961 0.0000e+00
      9.847      0.093     0.0850      0.728    104.056  69.856298     1.8898      6.737   132.2733 1.2357e-01     4.9256      9.656     14.005     8.5872   999.8965 0.0000e+00
      9.876      0.089     0.0877      0.750    104.388  70.061558     1.9007      6.735   131.8434 1.2353e-01     5.0027      9.686     14.047     8.5862   999.8969 0.0000e+00
      9.902      0.082     0.0933      0.798    104.955  70.426782     1.8910      6.733   131.4862 1.2357e-01     4.9856      9.713     14.088     8.5802   999.8978 0.0000e+00
      9.920      0.076     0.0944      0.808    105.679  70.902339     1.8756      6.731   131.2232 1.2361e-01     5.0128      9.730     14.114     8.5723   999.8989 0.0000e+00
      9.931      0.073     0.0911      0.780    106.469  71.424270     1.8541      6.728   130.9012 1.2363e-01     5.1023      9.739     14.125     8.5656   999.8995 0.0000e+00
      9.944      0.072     0.0913      0.781    107.585  72.159319     1.8385      6.725   130.5182 1.2367e-01     5.1504      9.750     14.141     8.5561   999.9002 0.0000e+00
      9.962      0.073     0.0914      0.782    108.655  72.858781     1.8348      6.722   130.1205 1.2367e-01     5.1686      9.767     14.166     8.5476   999.9012 0.0000e+00
      9.983      0.076     0.0879      0.752    109.293  73.268231     1.8439      6.719   129.7059 1.2362e-01     5.0935      9.789     14.198     8.5438   999.9018 0.0000e+00
     10.008      0.081     0.0849      0.726    110.024  73.739662     1.8699      6.716   129.3765 1.2360e-01     4.9300      9.816     14.237     8.5416   999.9023 0.0000e+00
     10.031      0.089     0.0832      0.711    111.452  74.679680     1.8899      6.711   129.0633 1.2360e-01     4.8635      9.839     14.271     8.5352   999.9034 0.0000e+00
     10.048      0.098     0.0828      0.708    113.322  75.921386     1.8941      6.707   128.6723 1.2355e-01     4.8790      9.853     14.290     8.5248   999.9046 0.0000e+00
     10.066      0.104     0.0863      0.738    114.831  76.923906     1.8947      6.703   128.3483 1.2358e-01     4.9545      9.867     14.311     8.5173   999.9052 0.0000e+00
     10.095      0.108     0.0891      0.763    115.826  77.579068     1.8968      6.698   128.2438 1.2363e-01     5.0872      9.897     14.354     8.5088   999.9062 0.0000e+00
     10.132      0.108     0.0880      0.753    116.560  78.054983     1.9019      6.694   128.1836 1.2362e-01     5.1722      9.936     14.411     8.4994   999.9076 0.0000e+00
     10.169      0.103     0.0880      0.752    117.033  78.352995     1.8965      6.691   127.8776 1.2360e-01     5.1963      9.975     14.468     8.4954   999.9089 0.0000e+00
     10.200      0.093     0.0898      0.767    117.394  78.574442     1.8407      6.688   127.2973 1.2363e-01     5.0180     10.007     14.513     8.4930   999.9098 0.0000e+00
     10.220      0.082     0.0906      0.774    117.696  78.760621     1.7554      6.686   126.6740 1.2364e-01     4.6543     10.026     14.541     8.4883   999.9104 0.0000e+00
     10.231      0.074     0.0897      0.766    117.983  78.950245     1.7150      6.683   126.0196 1.2364e-01     4.4694     10.036     14.555     8.4815   999.9112 0.0000e+00
     10.240      0.072     0.0886      0.756    118.550  79.340556     1.7071      6.680   125.4083 1.2367e-01     4.4866     10.040     14.562     8.4728   999.9120 0.0000e+00
     10.252      0.076     0.0881      0.752    119.308  79.854105     1.7036      6.676   125.0473 1.2365e-01     4.5018     10.050     14.577     8.4642   999.9127 0.0000e+00
     10.274      0.081     0.0877      0.750    119.924  80.261500     1.7767      6.673   124.6672 1.2362e-01     4.6536     10.073     14.610     8.4548   999.9136 0.0000e+00
     10.304      0.086     0.0848      0.725    120.318  80.513210     1.9228      6.671   124.0810 1.2358e-01     4.9783     10.105     14.656     8.4532   999.9139 0.0000e+00
     10.334      0.088     0.0805      0.688    120.672  80.734655     2.0057      6.668   123.3801 1.2353e-01     5.1511     10.136     14.702     8.4626   999.9136 0.0000e+00
     10.358      0.085     0.0798      0.682    121.225  81.094144     2.0154      6.665   122.7320 1.2355e-01     5.1686     10.159     14.736     8.4657   999.9139 0.0000e+00
     10.376      0.078     0.0817      0.698    121.912  81.551758     2.0576      6.663   122.2680 1.2360e-01     5.3213     10.175     14.758     8.4622   999.9144 0.0000e+00
     10.392      0.069     0.0813      0.694    122.589  82.005336     2.1437      6.661   121.8985 1.2360e-01     5.6216     10.190     14.780     8.4573   999.9149 0.0000e+00
     10.408      0.061     0.0797      0.680    123.245  82.443163     2.1981      6.658   121.5349 1.2359e-01     5.8176     10.208     14.805     8.4490   999.9156 0.0000e+00
     10.423      0.055     0.0818      0.698    123.458  82.582995     2.2041      6.656   121.2273 1.2369e-01     5.8558     10.223     14.827     8.4442   999.9163 0.0000e+00
     10.437      0.048     0.0856      0.730    123.037  82.296396     2.1804      6.654   120.9318 1.2370e-01     5.8542     10.235     14.844     8.4448   999.9166 0.0000e+00
     10.450      0.040     0.0867      0.740    122.655  82.031657     2.1464      6.653   120.6300 1.2360e-01     5.8305     10.249     14.865     8.4456   999.9168 0.0000e+00
     10.461      0.031     0.0854      0.730    122.606  81.990460     2.1398      6.651   120.4169 1.2359e-01     5.7990     10.260     14.881     8.4449   999.9172 0.0000e+00
     10.467      0.024     0.0838      0.715    122.610  81.989129     2.1443      6.649   120.2482 1.2359e-01     5.7681     10.265     14.888     8.4442   999.9175 0.0000e+00
     10.469      0.018     0.0841      0.717    122.457  81.888324     2.1145      6.648   120.0528 1.2354e-01     5.5873     10.265     14.889     8.4424   999.9173 0.0000e+00
     10.470      0.013     0.0867      0.740    122.112  81.662291     2.0563      6.647   119.7748 1.2353e-01     5.2849     10.267     14.892     8.4380   999.9174 0.0000e+00
