Data/DataAlreadyUploadedToEDI/CollatedDataForEDI/CTDData/CTD_2019 (not collated)/070319_fcr50.cnv
* Sea-Bird SBE19plus  Data File:
* FileName = C:\DATA\070319_fcr50_0001.hex
* Software version 2.8.0.119 SB_Terminal.dll
* Temperature SN = 7809
* Conductivity SN = 7809
* System UpLoad Time = Jul 03 2019 09:49:42
* <ApplicationData>
* <Seaterm232>
# nquan = 16
# nvalues = 1037                        
# units = specified
# name 0 = depFM: Depth [fresh water, m]
# name 1 = dz/dtM: Descent Rate [m/s]
# name 2 = sbeox0Mg/L: Oxygen, SBE 43 [mg/l]
# name 3 = sbeox0PS: Oxygen, SBE 43 [% saturation]
# name 4 = specc: Specific Conductance [uS/cm]
# name 5 = c0uS/cm: Conductivity [uS/cm]
# name 6 = flECO-AFL: Fluorescence, WET Labs ECO-AFL/FL [mg/m^3]
# name 7 = ph: pH
# name 8 = orp: Oxidation Reduction Potential [mV]
# name 9 = par/sat/log: PAR/Logarithmic, Satlantic
# name 10 = turbWETntu0: Turbidity, WET Labs ECO [NTU]
# name 11 = prdM: Pressure, Strain Gauge [db]
# name 12 = prdE: Pressure, Strain Gauge [psi]
# name 13 = tv290C: Temperature [ITS-90, deg C]
# name 14 = density00: Density [density, kg/m^3]
# name 15 = flag:  0.000e+00
# span 0 =     -0.599,      9.692       
# span 1 =     -0.261,      0.247       
# span 2 =     0.0912,    13.6817       
# span 3 =      0.810,    151.343       
# span 4 =     11.793,    126.696       
# span 5 =  11.981478,  88.828267       
# span 6 =    -1.9001,     6.5669       
# span 7 =      6.830,      9.452       
# span 8 = -1240.7455,   304.7711       
# span 9 = 1.2345e-01, 1.5205e+03       
# span 10 =    -4.4595,   406.4054      
# span 11 =     -0.588,      9.505      
# span 12 =     -0.853,     13.786      
# span 13 =     9.9672,    26.2710      
# span 14 =   996.7287,   999.7937      
# span 15 = 0.0000e+00, 0.0000e+00      
# interval = seconds: 0.25
# start_time = Jul 03 2019 09:33:58 [Instrument's time stamp, header]
# bad_flag = -9.990e-29
*END*
[from data line 362]
      1.501      0.056     6.5091     80.299     35.336  36.077167     2.6062      7.843   237.9390 1.5064e+02   304.3512      1.475      2.140    26.0401   996.7996 0.0000e+00
      1.513      0.051     6.5281     80.534     35.315  36.056039     2.6193      7.838   237.9823 1.4842e+02   304.7059      1.483      2.151    26.0400   996.7996 0.0000e+00
      1.524      0.046     6.5423     80.709     35.328  36.069271     2.6242      7.837   238.0682 1.4662e+02   305.2190      1.494      2.168    26.0415   996.7992 0.0000e+00
      1.535      0.042     6.5640     80.977     35.368  36.110209     2.6219      7.839   238.0311 1.4504e+02   305.4105      1.507      2.186    26.0422   996.7991 0.0000e+00
      1.543      0.042     6.5946     81.354     35.364  36.106729     2.6174      7.841   237.7913 1.4448e+02   305.0549      1.513      2.195    26.0417   996.7993 0.0000e+00
      1.551      0.043     6.6246     81.725     35.349  36.090662     2.6302      7.841   237.4914 1.4405e+02   301.4432      1.519      2.202    26.0428   996.7989 0.0000e+00
      1.562      0.044     6.6480     82.014     35.364  36.106353     2.6641      7.841   237.3315 1.4098e+02   294.8421      1.531      2.220    26.0440   996.7987 0.0000e+00
      1.577      0.043     6.6630     82.198     35.364  36.106035     2.6805      7.845   237.3204 1.3779e+02   291.2443      1.546      2.243    26.0439   996.7988 0.0000e+00
      1.592      0.039     6.6657     82.231     35.346  36.086821     2.6820      7.852   237.6154 1.3600e+02   290.8788      1.560      2.263    26.0432   996.7990 0.0000e+00
      1.604      0.033     6.6557     82.107     35.324  36.064441     2.6811      7.859   238.1447 1.3452e+02   290.6850      1.576      2.285    26.0436   996.7991 0.0000e+00
      1.612      0.028     6.6381     81.888     35.287  36.025853     2.6431      7.866   238.3001 1.3405e+02   289.2618      1.583      2.296    26.0438   996.7990 0.0000e+00
      1.614      0.023     6.6157     81.613     35.262  36.001079     2.5872      7.871   238.1181 1.3425e+02   286.6485      1.582      2.295    26.0431   996.7992 0.0000e+00
      1.615      0.023     6.5917     81.317     35.279  36.018780     2.5683      7.876   237.9224 1.3448e+02   285.2072      1.583      2.296    26.0424   996.7994 0.0000e+00
      1.618      0.029     6.5686     81.031     35.309  36.049462     2.5715      7.879   237.7408 1.3422e+02   285.1410      1.585      2.299    26.0417   996.7996 0.0000e+00
      1.623      0.040     6.5424     80.708     35.314  36.054700     2.5822      7.878   238.2454 1.3312e+02   285.7829      1.590      2.306    26.0415   996.7996 0.0000e+00
      1.633      0.054     6.5100     80.308     35.279  36.018647     2.6029      7.874   239.3772 1.3209e+02   286.9380      1.598      2.318    26.0416   996.7996 0.0000e+00
      1.650      0.067     6.4757     79.886     35.256  35.994370     2.6221      7.869   239.8962 1.2969e+02   287.6378      1.615      2.343    26.0417   996.7997 0.0000e+00
      1.673      0.077     6.4477     79.540     35.277  36.015046     2.6316      7.865   239.6158 1.2535e+02   288.3778      1.640      2.379    26.0417   996.7998 0.0000e+00
      1.698      0.083     6.4282     79.298     35.277  36.014761     2.6148      7.861   239.1704 1.2161e+02   295.7199      1.665      2.415    26.0418   996.7999 0.0000e+00
      1.722      0.085     6.4141     79.122     35.254  35.990913     2.5833      7.857   239.3295 1.1786e+02   309.1952      1.690      2.451    26.0419   996.8000 0.0000e+00
      1.744      0.082     6.4059     79.020     35.244  35.980582     2.5627      7.852   240.0760 1.1434e+02   316.5464      1.711      2.482    26.0420   996.8000 0.0000e+00
      1.763      0.076     6.4054     79.013     35.218  35.953321     2.5569      7.847   240.4540 1.1233e+02   317.1250      1.729      2.508    26.0415   996.8003 0.0000e+00
      1.782      0.068     6.4111     79.082     35.182  35.915183     2.5646      7.844   240.3715 1.0987e+02   316.1265      1.747      2.534    26.0402   996.8008 0.0000e+00
      1.801      0.060     6.4248     79.250     35.167  35.900278     2.5695      7.841   240.2836 1.0705e+02   314.1737      1.766      2.562    26.0393   996.8010 0.0000e+00
      1.816      0.051     6.4525     79.591     35.167  35.900038     2.5645      7.840   240.2513 1.0521e+02   313.0787      1.782      2.584    26.0390   996.8011 0.0000e+00
      1.826      0.044     6.5010     80.188     35.179  35.912285     2.5650      7.844   240.0664 1.0384e+02   312.6855      1.792      2.598    26.0374   996.8016 0.0000e+00
      1.835      0.038     6.5755     81.107     35.188  35.921410     2.5841      7.852   239.8558 1.0230e+02   309.2886      1.800      2.610    26.0360   996.8020 0.0000e+00
      1.842      0.036     6.6705     82.279     35.151  35.883433     2.6133      7.860   239.8550 1.0090e+02   303.0752      1.807      2.621    26.0361   996.8020 0.0000e+00
      1.848      0.037     6.7712     83.521     35.103  35.833926     2.6236      7.866   239.8854 9.9775e+01   299.6956      1.812      2.629    26.0356   996.8021 0.0000e+00
      1.855      0.042     6.8679     84.713     35.100  35.830577     2.6135      7.870   239.9645 9.8217e+01   299.3961      1.818      2.636    26.0346   996.8024 0.0000e+00
      1.866      0.049     6.9586     85.830     35.112  35.842937     2.6117      7.873   240.0370 9.6152e+01   299.6508      1.829      2.653    26.0347   996.8025 0.0000e+00
      1.880      0.057     7.0427     86.868     35.126  35.856432     2.6366      7.873   239.8155 9.4227e+01   302.7425      1.844      2.675    26.0349   996.8025 0.0000e+00
      1.896      0.063     7.1162     87.774     35.136  35.866806     2.6716      7.874   239.4380 9.2224e+01   308.3961      1.859      2.696    26.0343   996.8027 0.0000e+00
      1.915      0.065     7.1704     88.441     35.112  35.841426     2.6885      7.875   239.2587 8.9763e+01   311.4763      1.876      2.722    26.0344   996.8028 0.0000e+00
      1.936      0.065     7.2020     88.830     35.075  35.803449     2.6846      7.876   239.2817 8.7559e+01   311.9975      1.899      2.755    26.0344   996.8028 0.0000e+00
      1.955      0.064     7.2223     89.079     35.061  35.788449     2.6761      7.876   239.2859 8.6101e+01   315.4196      1.920      2.785    26.0338   996.8030 0.0000e+00
      1.968      0.061     7.2397     89.292     35.060  35.786991     2.6815      7.875   239.3099 8.5073e+01   321.6866      1.931      2.801    26.0334   996.8033 0.0000e+00
      1.979      0.056     7.2538     89.463     35.060  35.785817     2.6978      7.875   239.3999 8.3852e+01   325.0440      1.939      2.813    26.0329   996.8035 0.0000e+00
      1.993      0.053     7.2705     89.665     35.050  35.774247     2.6998      7.875   239.4276 8.2324e+01   325.2408      1.954      2.834    26.0319   996.8038 0.0000e+00
      2.009      0.053     7.2969     89.980     35.055  35.774041     2.6710      7.874   239.4723 8.1016e+01   324.6228      1.972      2.860    26.0312   996.8040 0.0000e+00
      2.022      0.057     7.3307     90.374     35.073  35.783316     2.6360      7.873   239.4243 7.9978e+01   323.4390      1.984      2.877    26.0299   996.8044 0.0000e+00
      2.032      0.063     7.3677     90.800     35.063  35.759446     2.6240      7.873   239.2775 7.8798e+01   322.7245      1.991      2.888    26.0294   996.8046 0.0000e+00
      2.045      0.071     7.4115     91.313     35.054  35.739282     2.6210      7.873   239.3322 7.7199e+01   321.9815      2.002      2.905    26.0271   996.8052 0.0000e+00
      2.065      0.079     7.4740     92.050     35.059  35.729906     2.6339      7.872   239.3967 7.5316e+01   314.3240      2.024      2.936    26.0229   996.8065 0.0000e+00
      2.090      0.085     7.5645     93.113     35.060  35.709534     2.6588      7.871   239.2835 7.3549e+01   300.3042      2.051      2.974    26.0083   996.8104 0.0000e+00
      2.115      0.088     7.6823     94.471     35.070  35.683337     2.6609      7.875   239.1677 7.1820e+01   292.7021      2.075      3.008    25.9857   996.8165 0.0000e+00
      2.142      0.087     7.8247     95.958     35.094  35.603522     2.6593      7.888   239.0297 6.9979e+01   292.0156      2.099      3.045    25.9700   996.8209 0.0000e+00
      2.167      0.086     7.9905     97.415     35.158  35.442508     2.6660      7.905   238.7333 6.8636e+01   291.1847      2.127      3.087    25.9585   996.8240 0.0000e+00
      2.186      0.086     8.1705     98.831     35.275  35.259423     2.6813      7.925   238.1658 6.7967e+01   282.4917      2.147      3.115    25.9211   996.8341 0.0000e+00
      2.199      0.088     8.3527    100.257     35.416  35.103038     2.7148      7.945   237.5021 6.7184e+01   266.6438      2.154      3.125    25.8934   996.8414 0.0000e+00
      2.215      0.090     8.5251    101.602     35.467  34.884067     2.7324      7.960   236.6446 6.5788e+01   258.1211      2.168      3.144    25.8021   996.8656 0.0000e+00
      2.243      0.092     8.6712    102.650     35.417  34.578933     2.7293      7.971   235.2834 6.3808e+01   258.3277      2.198      3.188    25.4399   996.9606 0.0000e+00
      2.276      0.093     8.7830    103.309     35.348  34.269312     2.7206      7.978   234.2940 6.1862e+01   269.0757      2.235      3.241    24.9560   997.0858 0.0000e+00
      2.305      0.092     8.8679    103.714     35.220  33.932601     2.6973      7.983   233.9745 6.0569e+01   288.9388      2.264      3.284    24.5407   997.1914 0.0000e+00
      2.326      0.085     8.9371    104.023     35.078  33.617238     2.6812      7.987   233.2273 5.9573e+01   299.7918      2.282      3.309    24.1649   997.2855 0.0000e+00
      2.345      0.073     8.9889    104.198     35.050  33.438826     2.6820      7.992   232.3144 5.8543e+01   300.8673      2.300      3.335    23.8080   997.3735 0.0000e+00
      2.363      0.062     9.0115    104.091     35.107  33.361805     2.6985      7.998   232.2284 5.7773e+01   301.7467      2.319      3.364    23.4532   997.4597 0.0000e+00
      2.376      0.054     9.0122    103.790     35.178  33.320419     2.7243      8.005   232.4466 5.7342e+01   303.1170      2.332      3.382    23.1448   997.5338 0.0000e+00
      2.385      0.050     9.0404    103.871     35.268  33.319064     2.7338      8.012   232.8019 5.6936e+01   303.8025      2.340      3.392    22.9011   997.5915 0.0000e+00
      2.395      0.049     9.1617    105.088     35.361  33.345294     2.7523      8.017   233.3402 5.6405e+01   303.9395      2.349      3.406    22.6870   997.6417 0.0000e+00
      2.406      0.050     9.4137    107.867     35.442  33.383625     2.8882      8.021   233.2765 5.5829e+01   305.0676      2.359      3.421    22.4980   997.6858 0.0000e+00
      2.420      0.054     9.7947    112.183     35.479  33.401691     3.1113      8.025   232.8059 5.5129e+01   307.1186      2.371      3.439    22.3426   997.7218 0.0000e+00
      2.435      0.058    10.2743    117.653     35.389  33.309858     3.2208      8.027   232.5546 5.4332e+01   308.2233      2.388      3.463    22.2191   997.7503 0.0000e+00
      2.452      0.060    10.8156    123.744     35.196  33.098282     3.2240      8.030   232.6484 5.3584e+01   308.2317      2.404      3.487    22.1345   997.7697 0.0000e+00
      2.468      0.060    11.3571    129.684     35.032  32.874282     3.2533      8.036   233.0792 5.2822e+01   307.3836      2.420      3.510    22.0813   997.7819 0.0000e+00
      2.485      0.060    11.8336    134.795     34.937  32.695627     3.3156      8.041   233.6332 5.2202e+01   305.8024      2.438      3.536    22.0573   997.7875 0.0000e+00
      2.499      0.061    12.2343    139.010     34.851  32.524580     3.3533      8.045   234.1838 5.1715e+01   304.9429      2.452      3.557    22.0713   997.7844 0.0000e+00
      2.511      0.063    12.5663    142.410     34.742  32.329082     3.3539      8.045   234.7473 5.1008e+01   304.8230      2.461      3.571    22.0434   997.7906 0.0000e+00
      2.526      0.066    12.8340    145.045     34.611  32.108614     3.3480      8.041   235.1978 5.0138e+01   304.4514      2.475      3.591    21.9202   997.8186 0.0000e+00
      2.543      0.071    13.0440    146.989     34.486  31.889472     3.3427      8.037   235.5858 4.9215e+01   301.1385      2.494      3.617    21.7844   997.8493 0.0000e+00
      2.563      0.076    13.1973    148.238     34.416  31.709979     3.3422      8.034   236.1698 4.8230e+01   295.1467      2.512      3.644    21.6608   997.8770 0.0000e+00
      2.585      0.079    13.3053    148.935     34.416  31.588130     3.3429      8.030   237.0095 4.7189e+01   291.9120      2.534      3.675    21.5228   997.9078 0.0000e+00
      2.608      0.080    13.4123    149.613     34.446  31.494812     3.3499      8.026   237.9952 4.6146e+01   292.0152      2.558      3.710    21.3822   997.9390 0.0000e+00
      2.629      0.078    13.5391    150.533     34.476  31.406459     3.3928      8.023   238.8823 4.5196e+01   296.6241      2.579      3.740    21.2359   997.9712 0.0000e+00
      2.649      0.075    13.6392    151.208     34.520  31.344646     3.4456      8.022   239.4751 4.4261e+01   305.1651      2.597      3.766    21.0692   998.0076 0.0000e+00
      2.668      0.072    13.6817    151.343     34.576  31.318413     3.4683      8.021   240.0004 4.3385e+01   309.8796      2.616      3.796    20.8847   998.0476 0.0000e+00
      2.685      0.070    13.6692    150.966     34.594  31.279533     3.4763      8.019   240.5881 4.2670e+01   310.5641      2.634      3.820    20.7078   998.0857 0.0000e+00
      2.700      0.070    13.6161    150.147     34.557  31.191759     3.4905      8.019   241.0741 4.1957e+01   313.4078      2.646      3.838    20.5377   998.1219 0.0000e+00
      2.717      0.070    13.5469    149.103     34.579  31.145464     3.5095      8.019   241.2310 4.1129e+01   318.6343      2.663      3.862    20.3836   998.1545 0.0000e+00
      2.735      0.071    13.4703    148.016     34.664  31.163880     3.5147      8.020   241.1085 4.0291e+01   321.5512      2.682      3.890    20.2691   998.1786 0.0000e+00
      2.755      0.071    13.3860    146.938     34.700  31.160525     3.5196      8.021   241.0552 3.9471e+01   322.1964      2.702      3.917    20.2031   998.1925 0.0000e+00
      2.774      0.070    13.2910    145.746     34.678  31.104858     3.5506      8.024   241.1028 3.8666e+01   326.0744      2.721      3.945    20.1392   998.2059 0.0000e+00
      2.792      0.069    13.1976    144.476     34.625  30.998417     3.5859      8.026   241.1683 3.7927e+01   333.1118      2.738      3.972    20.0254   998.2295 0.0000e+00
      2.810      0.066    13.1208    143.313     34.590  30.888769     3.6088      8.027   241.2438 3.7277e+01   336.9232      2.756      3.997    19.9294   998.2495 0.0000e+00
      2.826      0.063    13.0539    142.264     34.570  30.794300     3.6365      8.026   241.3282 3.6689e+01   336.6980      2.773      4.020    19.8964   998.2562 0.0000e+00
      2.840      0.059    12.9964    141.367     34.516  30.681013     3.8519      8.026   241.4141 3.6071e+01   330.1262      2.786      4.039    19.8606   998.2636 0.0000e+00
      2.855      0.055    12.9551    140.676     34.417  30.534210     4.2533      8.026   241.5073 3.5466e+01   317.9944      2.800      4.061    19.7706   998.2821 0.0000e+00
      2.870      0.050    12.9166    139.982     34.287  30.351776     4.4761      8.025   241.5958 3.4998e+01   311.3691      2.816      4.085    19.6437   998.3079 0.0000e+00
      2.883      0.045    12.8690    139.108     34.202  30.188391     4.4998      8.025   241.7093 3.4586e+01   310.7478      2.828      4.101    19.5275   998.3315 0.0000e+00
