Data/DataAlreadyUploadedToEDI/CollatedDataForEDI/CTDData/CTD_2019 (not collated)/070319_fcr50.cnv
* Sea-Bird SBE19plus  Data File:
* FileName = C:\DATA\070319_fcr50_0001.hex
* Software version 2.8.0.119 SB_Terminal.dll
* Temperature SN = 7809
* Conductivity SN = 7809
* System UpLoad Time = Jul 03 2019 09:49:42
* <ApplicationData>
* <Seaterm232>
# nquan = 16
# nvalues = 1037                        
# units = specified
# name 0 = depFM: Depth [fresh water, m]
# name 1 = dz/dtM: Descent Rate [m/s]
# name 2 = sbeox0Mg/L: Oxygen, SBE 43 [mg/l]
# name 3 = sbeox0PS: Oxygen, SBE 43 [% saturation]
# name 4 = specc: Specific Conductance [uS/cm]
# name 5 = c0uS/cm: Conductivity [uS/cm]
# name 6 = flECO-AFL: Fluorescence, WET Labs ECO-AFL/FL [mg/m^3]
# name 7 = ph: pH
# name 8 = orp: Oxidation Reduction Potential [mV]
# name 9 = par/sat/log: PAR/Logarithmic, Satlantic
# name 10 = turbWETntu0: Turbidity, WET Labs ECO [NTU]
# name 11 = prdM: Pressure, Strain Gauge [db]
# name 12 = prdE: Pressure, Strain Gauge [psi]
# name 13 = tv290C: Temperature [ITS-90, deg C]
# name 14 = density00: Density [density, kg/m^3]
# name 15 = flag:  0.000e+00
# span 0 =     -0.599,      9.692       
# span 1 =     -0.261,      0.247       
# span 2 =     0.0912,    13.6817       
# span 3 =      0.810,    151.343       
# span 4 =     11.793,    126.696       
# span 5 =  11.981478,  88.828267       
# span 6 =    -1.9001,     6.5669       
# span 7 =      6.830,      9.452       
# span 8 = -1240.7455,   304.7711       
# span 9 = 1.2345e-01, 1.5205e+03       
# span 10 =    -4.4595,   406.4054      
# span 11 =     -0.588,      9.505      
# span 12 =     -0.853,     13.786      
# span 13 =     9.9672,    26.2710      
# span 14 =   996.7287,   999.7937      
# span 15 = 0.0000e+00, 0.0000e+00      
# interval = seconds: 0.25
# start_time = Jul 03 2019 09:33:58 [Instrument's time stamp, header]
# bad_flag = -9.990e-29
*END*
[from data line 633]
      5.501      0.053     5.1505     46.596     37.115  26.645023     2.1935      7.741   283.9490 2.1107e+00   315.5107      5.397      7.828    10.9230   999.6561 0.0000e+00
      5.511      0.052     5.1121     46.247     37.040  26.591042     2.1887      7.742   285.0167 2.0902e+00   313.0393      5.405      7.839    10.9042   999.6579 0.0000e+00
      5.520      0.053     5.0791     45.942     36.914  26.495825     2.1806      7.742   285.6669 2.0609e+00   311.6658      5.411      7.848    10.8978   999.6586 0.0000e+00
      5.532      0.056     5.0570     45.727     36.859  26.445411     2.1814      7.742   285.7017 2.0265e+00   311.5861      5.422      7.863    10.8941   999.6590 0.0000e+00
      5.548      0.059     5.0461     45.609     36.939  26.489020     2.1640      7.741   285.4376 1.9919e+00   312.1412      5.439      7.889    10.8914   999.6593 0.0000e+00
      5.566      0.060     5.0431     45.563     37.083  26.578975     2.1086      7.740   285.3130 1.9617e+00   313.1342      5.459      7.919    10.8938   999.6593 0.0000e+00
      5.584      0.060     5.0466     45.578     37.190  26.644834     2.0754      7.737   285.6579 1.9289e+00   313.6297      5.477      7.943    10.8894   999.6598 0.0000e+00
      5.601      0.056     5.0532     45.622     37.214  26.650878     2.0663      7.735   286.4249 1.8853e+00   313.7413      5.493      7.967    10.8726   999.6614 0.0000e+00
      5.616      0.050     5.0632     45.696     37.143  26.588590     2.0061      7.735   286.9284 1.8608e+00   314.5823      5.511      7.992    10.8509   999.6637 0.0000e+00
      5.626      0.045     5.0784     45.819     37.069  26.526137     1.9031      7.735   286.9275 1.8603e+00   316.0306      5.519      8.004    10.8326   999.6657 0.0000e+00
      5.633      0.040     5.0989     45.994     37.086  26.530189     1.8439      7.734   286.8442 1.8493e+00   316.7667      5.524      8.011    10.8204   999.6668 0.0000e+00
      5.642      0.038     5.1250     46.219     37.156  26.574130     1.8282      7.733   286.8678 1.8196e+00   316.6987      5.533      8.025    10.8055   999.6683 0.0000e+00
      5.651      0.039     5.1544     46.477     37.218  26.613315     1.8352      7.732   287.0403 1.7967e+00   315.6019      5.543      8.039    10.7881   999.6701 0.0000e+00
      5.660      0.044     5.1821     46.723     37.236  26.623305     1.8668      7.730   287.0383 1.7900e+00   313.5990      5.550      8.049    10.7757   999.6713 0.0000e+00
      5.670      0.052     5.2056     46.938     37.245  26.631479     1.8810      7.729   286.8427 1.7716e+00   312.5390      5.559      8.063    10.7656   999.6725 0.0000e+00
      5.683      0.062     5.2254     47.123     37.263  26.648699     1.8768      7.728   286.9990 1.7343e+00   313.1083      5.572      8.080    10.7568   999.6734 0.0000e+00
      5.699      0.072     5.2418     47.275     37.248  26.641181     1.8769      7.725   287.4649 1.6930e+00   320.5811      5.587      8.103    10.7497   999.6741 0.0000e+00
      5.721      0.081     5.2571     47.410     37.199  26.604026     1.8302      7.722   287.7438 1.6559e+00   334.9869      5.608      8.134    10.7448   999.6747 0.0000e+00
      5.746      0.086     5.2689     47.504     37.177  26.580127     1.7275      7.719   287.7898 1.6200e+00   343.9089      5.635      8.172    10.7471   999.6746 0.0000e+00
      5.772      0.088     5.2741     47.531     37.232  26.605980     1.6583      7.715   287.8486 1.5839e+00   345.4119      5.662      8.212    10.7568   999.6738 0.0000e+00
      5.797      0.086     5.2759     47.525     37.333  26.662830     1.6351      7.713   287.6811 1.5558e+00   346.0487      5.686      8.246    10.7628   999.6733 0.0000e+00
      5.818      0.081     5.2762     47.506     37.400  26.696476     1.5864      7.712   287.3134 1.5270e+00   352.0335      5.706      8.276    10.7593   999.6738 0.0000e+00
      5.837      0.075     5.2725     47.454     37.417  26.695566     1.5113      7.710   287.2744 1.4895e+00   363.0114      5.724      8.303    10.7486   999.6749 0.0000e+00
      5.854      0.070     5.2650     47.374     37.457  26.715248     1.4733      7.708   287.3809 1.4546e+00   368.9296      5.741      8.327    10.7279   999.6770 0.0000e+00
      5.870      0.066     5.2566     47.295     37.500  26.744110     1.4560      7.707   287.3973 1.4315e+00   368.8606      5.755      8.347    10.7061   999.6792 0.0000e+00
      5.887      0.063     5.2469     47.212     37.561  26.790759     1.3880      7.706   287.4725 1.4132e+00   362.7663      5.773      8.372    10.6875   999.6812 0.0000e+00
      5.903      0.061     5.2375     47.132     37.886  27.025504     1.2846      7.705   287.6875 1.3949e+00   351.5789      5.792      8.399    10.6693   999.6830 0.0000e+00
      5.917      0.061     5.2319     47.078     38.451  27.425258     1.2285      7.705   288.0182 1.3904e+00   345.4479      5.804      8.418    10.6555   999.6843 0.0000e+00
      5.931      0.060     5.2269     47.020     38.834  27.690515     1.2210      7.704   288.3735 1.3934e+00   344.4141      5.814      8.433    10.6528   999.6848 0.0000e+00
      5.946      0.058     5.2191     46.936     38.854  27.694846     1.2293      7.702   288.7138 1.3678e+00   339.3086      5.830      8.456    10.6613   999.6840 0.0000e+00
      5.963      0.055     5.2117     46.861     38.737  27.604515     1.2601      7.700   288.9489 1.3233e+00   330.0577      5.849      8.483    10.6678   999.6835 0.0000e+00
      5.979      0.050     5.2037     46.787     38.752  27.613469     1.2899      7.699   289.0656 1.2931e+00   324.9794      5.865      8.506    10.6628   999.6844 0.0000e+00
      5.992      0.044     5.1908     46.674     38.837  27.676223     1.2949      7.699   289.1791 1.2724e+00   324.1172      5.877      8.524    10.6498   999.6858 0.0000e+00
      6.002      0.037     5.1692     46.486     38.903  27.728798     1.3117      7.698   289.2024 1.2577e+00   319.3382      5.888      8.540    10.6346   999.6873 0.0000e+00
      6.008      0.032     5.1318     46.163     38.997  27.805027     1.3547      7.696   289.1745 1.2515e+00   310.6199      5.893      8.547    10.6250   999.6881 0.0000e+00
      6.013      0.029     5.0744     45.660     39.116  27.899986     1.3810      7.694   289.2728 1.2433e+00   305.8795      5.896      8.551    10.6257   999.6882 0.0000e+00
      6.019      0.029     5.0010     45.006     39.411  28.115586     1.3866      7.694   289.3574 1.2319e+00   305.4777      5.902      8.560    10.6284   999.6880 0.0000e+00
      6.026      0.030     4.9195     44.269     39.966  28.508386     1.3879      7.693   289.5098 1.2261e+00   305.5656      5.910      8.571    10.6331   999.6876 0.0000e+00
      6.035      0.032     4.8355     43.501     40.449  28.842334     1.3620      7.692   289.8246 1.2233e+00   307.2037      5.919      8.584    10.6476   999.6863 0.0000e+00
      6.045      0.032     4.7531     42.744     40.572  28.917365     1.3156      7.690   290.0663 1.2134e+00   310.2746      5.928      8.598    10.6625   999.6848 0.0000e+00
      6.055      0.031     4.6778     42.053     40.575  28.907975     1.2870      7.689   289.6788 1.1973e+00   311.8892      5.939      8.613    10.6703   999.6842 0.0000e+00
      6.064      0.031     4.6144     41.474     40.691  28.982583     1.2675      7.688   288.8391 1.1875e+00   311.4546      5.949      8.627    10.6672   999.6849 0.0000e+00
      6.069      0.031     4.5644     41.019     40.804  29.058024     1.2444      7.686   288.6894 1.1871e+00   305.2160      5.952      8.632    10.6511   999.6867 0.0000e+00
      6.073      0.030     4.5236     40.649     40.809  29.058714     1.2164      7.683   289.2448 1.1805e+00   293.7451      5.955      8.637    10.6334   999.6883 0.0000e+00
      6.081      0.030     4.4814     40.268     40.627  28.927465     1.1976      7.682   289.7904 1.1642e+00   287.4969      5.962      8.649    10.6192   999.6897 0.0000e+00
      6.091      0.031     4.4271     39.784     40.270  28.676669     1.1989      7.682   290.0376 1.1584e+00   286.8898      5.974      8.665    10.6090   999.6908 0.0000e+00
      6.101      0.034     4.3572     39.169     39.917  28.437483     1.1968      7.680   289.8251 1.1641e+00   285.7486      5.985      8.680    10.6037   999.6914 0.0000e+00
      6.107      0.038     4.2754     38.452     39.727  28.319697     1.1809      7.677   289.3716 1.1646e+00   283.6618      5.989      8.686    10.6008   999.6917 0.0000e+00
      6.115      0.040     4.1900     37.701     39.811  28.394632     1.1630      7.674   289.2001 1.1548e+00   282.5348      5.995      8.695    10.5969   999.6921 0.0000e+00
      6.125      0.043     4.1078     36.968     40.064  28.582142     1.1540      7.672   289.3009 1.1326e+00   282.7074      6.006      8.711    10.5986   999.6918 0.0000e+00
      6.139      0.048     4.0330     36.293     40.210  28.683385     1.1581      7.669   289.4720 1.1021e+00   285.9450      6.021      8.732    10.6163   999.6900 0.0000e+00
      6.153      0.053     3.9703     35.722     40.197  28.666997     1.1608      7.664   289.8061 1.0852e+00   291.8903      6.035      8.753    10.6415   999.6876 0.0000e+00
      6.166      0.057     3.9270     35.325     40.166  28.637792     1.1528      7.660   290.1571 1.0819e+00   295.1424      6.046      8.769    10.6626   999.6856 0.0000e+00
      6.180      0.059     3.9117     35.177     40.104  28.584067     1.1475      7.657   290.3603 1.0661e+00   295.8369      6.060      8.789    10.6727   999.6848 0.0000e+00
      6.197      0.059     3.9248     35.278     39.955  28.461551     1.1321      7.654   290.6284 1.0446e+00   300.2219      6.077      8.814    10.6666   999.6856 0.0000e+00
      6.215      0.060     3.9575     35.553     39.752  28.298539     1.1043      7.652   290.8179 1.0366e+00   308.2110      6.095      8.840    10.6542   999.6869 0.0000e+00
      6.230      0.060     3.9998     35.918     39.454  28.072412     1.0887      7.651   290.7594 1.0350e+00   312.6000      6.112      8.864    10.6474   999.6877 0.0000e+00
      6.243      0.060     4.0444     36.308     39.114  27.821252     1.0914      7.649   290.6939 1.0287e+00   313.0118      6.122      8.880    10.6387   999.6884 0.0000e+00
      6.257      0.057     4.0847     36.660     38.919  27.672794     1.0938      7.646   290.7148 1.0107e+00   313.1246      6.134      8.897    10.6151   999.6907 0.0000e+00
      6.274      0.054     4.1168     36.937     38.845  27.609810     1.0313      7.644   290.9250 9.7574e-01   314.0954      6.153      8.925    10.5873   999.6935 0.0000e+00
      6.291      0.051     4.1384     37.121     38.797  27.567282     0.9162      7.642   291.6012 9.4534e-01   315.8679      6.171      8.951    10.5715   999.6949 0.0000e+00
      6.303      0.049     4.1502     37.221     38.765  27.539261     0.8550      7.639   292.4373 9.3608e-01   316.7927      6.182      8.966    10.5622   999.6957 0.0000e+00
      6.312      0.047     4.1600     37.304     38.750  27.524789     0.8464      7.637   292.7751 9.2923e-01   316.6583      6.189      8.977    10.5499   999.6969 0.0000e+00
      6.322      0.047     4.1752     37.438     38.745  27.519193     0.8560      7.636   292.7610 9.2547e-01   314.5375      6.199      8.991    10.5350   999.6983 0.0000e+00
      6.333      0.048     4.1963     37.628     38.678  27.471593     0.8921      7.636   292.6100 9.2790e-01   310.6176      6.211      9.008    10.5230   999.6995 0.0000e+00
      6.345      0.050     4.2233     37.872     38.566  27.393386     0.9193      7.634   292.4117 9.2166e-01   308.4252      6.222      9.024    10.5176   999.7001 0.0000e+00
      6.360      0.052     4.2586     38.186     38.486  27.334952     0.9167      7.633   292.6008 9.0952e-01   308.1192      6.236      9.045    10.5132   999.7005 0.0000e+00
      6.376      0.053     4.3018     38.566     38.406  27.272642     0.8773      7.632   293.0038 9.0117e-01   307.2132      6.254      9.071    10.5081   999.7010 0.0000e+00
      6.390      0.053     4.3493     38.983     38.330  27.211010     0.8151      7.631   293.1546 8.8753e-01   305.5642      6.268      9.091    10.5098   999.7011 0.0000e+00
      6.402      0.051     4.3984     39.414     38.271  27.160773     0.7894      7.631   293.2195 8.5788e-01   304.6666      6.278      9.105    10.5150   999.7005 0.0000e+00
      6.415      0.047     4.4475     39.845     38.209  27.109334     0.7916      7.630   293.2714 8.3738e-01   304.3240      6.291      9.124    10.5128   999.7007 0.0000e+00
      6.429      0.044     4.4938     40.253     38.198  27.096626     0.7809      7.630   293.1799 8.3229e-01   301.1590      6.305      9.145    10.5037   999.7017 0.0000e+00
      6.439      0.043     4.5375     40.639     38.257  27.133996     0.7737      7.629   293.0600 8.1965e-01   295.4034      6.315      9.160    10.4935   999.7026 0.0000e+00
      6.448      0.045     4.5804     41.019     38.327  27.180504     0.7823      7.628   293.0268 8.1210e-01   292.2487      6.322      9.170    10.4819   999.7038 0.0000e+00
      6.457      0.050     4.6229     41.396     38.380  27.214827     0.7888      7.627   293.0358 8.1917e-01   291.4616      6.331      9.183    10.4713   999.7048 0.0000e+00
      6.468      0.056     4.6644     41.764     38.408  27.231758     0.8011      7.625   292.9969 8.1532e-01   285.5267      6.342      9.198    10.4652   999.7054 0.0000e+00
      6.482      0.063     4.7016     42.094     38.358  27.194875     0.8267      7.625   292.9005 7.9607e-01   274.6624      6.355      9.217    10.4607   999.7059 0.0000e+00
      6.501      0.068     4.7351     42.391     38.208  27.086107     0.8469      7.624   292.8171 7.8839e-01   268.7421      6.374      9.244    10.4555   999.7065 0.0000e+00
      6.524      0.072     4.7678     42.680     38.085  26.995221     0.8625      7.623   292.7629 7.8266e-01   268.2489      6.398      9.280    10.4511   999.7071 0.0000e+00
      6.546      0.074     4.7972     42.938     37.985  26.920757     0.8686      7.623   292.6753 7.5646e-01   268.5675      6.421      9.312    10.4486   999.7074 0.0000e+00
      6.563      0.072     4.8214     43.151     37.847  26.820207     0.8336      7.622   292.8763 7.3054e-01   272.2995      6.437      9.336    10.4463   999.7077 0.0000e+00
      6.579      0.067     4.8385     43.301     37.814  26.794594     0.7696      7.621   293.3861 7.1577e-01   279.1257      6.451      9.358    10.4435   999.7079 0.0000e+00
      6.598      0.061     4.8473     43.376     37.917  26.864845     0.7355      7.619   293.5916 7.0173e-01   282.8701      6.471      9.385    10.4385   999.7084 0.0000e+00
      6.615      0.056     4.8507     43.405     37.980  26.908271     0.7342      7.617   293.5539 6.8537e-01   283.4241      6.490      9.412    10.4329   999.7091 0.0000e+00
      6.628      0.051     4.8505     43.404     37.843  26.812098     0.7279      7.617   293.7043 6.7099e-01   285.3654      6.501      9.428    10.4301   999.7093 0.0000e+00
      6.638      0.047     4.8524     43.423     37.618  26.653693     0.7197      7.616   293.8621 6.6530e-01   288.8098      6.509      9.442    10.4266   999.7097 0.0000e+00
      6.648      0.043     4.8628     43.516     37.513  26.579117     0.7213      7.615   294.1701 6.6618e-01   290.7242      6.519      9.456    10.4216   999.7103 0.0000e+00
      6.659      0.042     4.8805     43.675     37.553  26.608283     0.7223      7.615   294.9332 6.6371e-01   291.2090      6.530      9.471    10.4210   999.7104 0.0000e+00
      6.670      0.042     4.9006     43.859     37.663  26.689121     0.7489      7.614   295.5178 6.5155e-01   294.8024      6.540      9.486    10.4236   999.7102 0.0000e+00
      6.680      0.042     4.9187     44.029     37.715  26.731754     0.8081      7.613   295.6461 6.3749e-01   301.3987      6.550      9.500    10.4248   999.7100 0.0000e+00
