Data/DataAlreadyUploadedToEDI/CollatedDataForEDI/CTDData/CTD_2019 (not collated)/070319_bvr50.cnv
* Sea-Bird SBE19plus  Data File:
* FileName = C:\DATA\070319_bvr50_0002.hex
* Software version 2.8.0.119 SB_Terminal.dll
* Temperature SN = 7809
* Conductivity SN = 7809
* System UpLoad Time = Jul 03 2019 10:54:15
* <ApplicationData>
* <Seaterm232>
# nquan = 16
# nvalues = 920                         
# units = specified
# name 0 = depFM: Depth [fresh water, m]
# name 1 = dz/dtM: Descent Rate [m/s]
# name 2 = sbeox0Mg/L: Oxygen, SBE 43 [mg/l]
# name 3 = sbeox0PS: Oxygen, SBE 43 [% saturation]
# name 4 = specc: Specific Conductance [uS/cm]
# name 5 = c0uS/cm: Conductivity [uS/cm]
# name 6 = flECO-AFL: Fluorescence, WET Labs ECO-AFL/FL [mg/m^3]
# name 7 = ph: pH
# name 8 = orp: Oxidation Reduction Potential [mV]
# name 9 = par/sat/log: PAR/Logarithmic, Satlantic
# name 10 = turbWETntu0: Turbidity, WET Labs ECO [NTU]
# name 11 = prdM: Pressure, Strain Gauge [db]
# name 12 = prdE: Pressure, Strain Gauge [psi]
# name 13 = tv290C: Temperature [ITS-90, deg C]
# name 14 = density00: Density [density, kg/m^3]
# name 15 = flag:  0.000e+00
# span 0 =     -0.681,     10.511       
# span 1 =     -0.135,      0.151       
# span 2 =    -0.2312,     8.1846       
# span 3 =     -2.095,    100.500       
# span 4 =      0.980,    123.458       
# span 5 =   1.009230,  82.582995       
# span 6 =    -0.1672,     8.6472       
# span 7 =      6.641,      9.369       
# span 8 =   115.4246,   763.0092       
# span 9 = 1.2348e-01, 1.9945e+03       
# span 10 =    -4.3604,   579.6680      
# span 11 =     -0.668,     10.309      
# span 12 =     -0.970,     14.951      
# span 13 =     8.4322,    26.6435      
# span 14 =   996.6270,   999.9179      
# span 15 = 0.0000e+00, 0.0000e+00      
# interval = seconds: 0.25
# start_time = Jul 03 2019 10:42:52 [Instrument's time stamp, header]
# bad_flag = -9.990e-29
*END*
[from data line 452]
      3.014      0.068     7.1714     88.948     25.970  26.669699     0.7463      7.611   318.9619 6.9750e+01     0.8586      2.955      4.286    26.3411   996.7228 0.0000e+00
      3.030      0.067     7.1783     89.035     25.959  26.658363     0.7326      7.609   319.0456 6.9492e+01     0.8103      2.972      4.311    26.3409   996.7230 0.0000e+00
      3.045      0.064     7.1873     89.145     25.959  26.659035     0.7160      7.607   319.0126 6.9244e+01     0.7339      2.986      4.333    26.3406   996.7231 0.0000e+00
      3.060      0.060     7.1946     89.235     25.978  26.677824     0.7102      7.607   318.9076 6.8896e+01     0.6890      3.000      4.351    26.3402   996.7233 0.0000e+00
      3.077      0.057     7.2017     89.321     25.995  26.695222     0.7058      7.608   318.8943 6.8489e+01     0.6613      3.017      4.377    26.3408   996.7232 0.0000e+00
      3.093      0.055     7.2076     89.392     25.980  26.679062     0.7068      7.608   318.9383 6.8254e+01     0.6283      3.035      4.401    26.3423   996.7228 0.0000e+00
      3.106      0.053     7.2097     89.418     25.974  26.672767     0.7222      7.608   318.9227 6.8063e+01     0.6173      3.046      4.417    26.3420   996.7230 0.0000e+00
      3.118      0.053     7.2110     89.433     25.984  26.682544     0.7360      7.609   318.8781 6.7740e+01     0.6266      3.057      4.434    26.3407   996.7234 0.0000e+00
      3.129      0.053     7.2152     89.484     25.973  26.670386     0.7346      7.609   318.9148 6.7404e+01     0.6421      3.069      4.451    26.3395   996.7238 0.0000e+00
      3.142      0.054     7.2217     89.564     25.956  26.652651     0.7318      7.609   319.1078 6.7069e+01     0.7072      3.081      4.467    26.3386   996.7241 0.0000e+00
      3.157      0.056     7.2295     89.660     25.962  26.658436     0.7369      7.608   319.3198 6.6723e+01     0.8241      3.096      4.490    26.3380   996.7244 0.0000e+00
      3.172      0.058     7.2377     89.761     25.980  26.676882     0.7440      7.607   319.4121 6.6424e+01     0.9077      3.110      4.511    26.3374   996.7246 0.0000e+00
      3.187      0.059     7.2443     89.841     25.989  26.685357     0.7480      7.607   319.4497 6.6155e+01     0.9319      3.125      4.532    26.3369   996.7247 0.0000e+00
      3.205      0.061     7.2494     89.903     26.000  26.697468     0.7416      7.605   319.5168 6.5961e+01     0.8866      3.143      4.559    26.3363   996.7249 0.0000e+00
      3.220      0.064     7.2540     89.958     26.000  26.696438     0.7367      7.602   319.6207 6.5805e+01     0.8518      3.160      4.583    26.3359   996.7251 0.0000e+00
      3.232      0.069     7.2555     89.976     25.977  26.672897     0.7403      7.599   319.6732 6.5581e+01     0.9053      3.168      4.596    26.3355   996.7252 0.0000e+00
      3.246      0.072     7.2516     89.926     25.972  26.666607     0.7422      7.597   319.6356 6.5371e+01     0.9433      3.179      4.612    26.3346   996.7257 0.0000e+00
      3.268      0.073     7.2436     89.825     25.989  26.683822     0.7680      7.597   319.5961 6.5127e+01     0.9176      3.203      4.646    26.3341   996.7259 0.0000e+00
      3.294      0.072     7.2331     89.695     25.996  26.690714     0.8190      7.598   319.6262 6.4804e+01     0.8891      3.233      4.689    26.3339   996.7260 0.0000e+00
      3.317      0.070     7.2251     89.596     25.991  26.686501     0.8554      7.598   319.7413 6.4697e+01     0.8942      3.255      4.721    26.3327   996.7264 0.0000e+00
      3.333      0.066     7.2252     89.599     26.001  26.696324     0.8703      7.598   319.8696 6.4787e+01     0.9137      3.270      4.742    26.3308   996.7270 0.0000e+00
      3.344      0.061     7.2348     89.719     25.988  26.682598     0.8598      7.598   319.9727 6.4814e+01     0.8948      3.281      4.758    26.3297   996.7273 0.0000e+00
      3.355      0.057     7.2493     89.899     25.953  26.647419     0.8059      7.598   320.0419 6.4840e+01     0.8627      3.289      4.772    26.3300   996.7273 0.0000e+00
      3.370      0.053     7.2638     90.080     25.957  26.651622     0.7313      7.598   320.0179 6.4780e+01     0.8863      3.303      4.790    26.3308   996.7272 0.0000e+00
      3.386      0.051     7.2787     90.264     25.974  26.669982     0.6940      7.598   319.9402 6.4722e+01     0.9173      3.321      4.817    26.3311   996.7272 0.0000e+00
      3.402      0.048     7.2908     90.414     25.983  26.679086     0.6940      7.599   319.8766 6.4966e+01     0.9108      3.337      4.840    26.3315   996.7271 0.0000e+00
      3.414      0.046     7.2996     90.523     26.002  26.698253     0.7222      7.601   319.8520 6.5312e+01     0.9048      3.350      4.858    26.3318   996.7271 0.0000e+00
      3.423      0.044     7.3081     90.629     26.015  26.711411     0.7749      7.602   319.9006 6.5562e+01     0.9109      3.358      4.871    26.3324   996.7270 0.0000e+00
      3.430      0.044     7.3178     90.748     26.015  26.711297     0.8022      7.604   319.9472 6.5916e+01     0.9193      3.363      4.878    26.3324   996.7270 0.0000e+00
      3.438      0.047     7.3291     90.874     26.005  26.696866     0.8012      7.604   319.9862 6.6369e+01     0.9075      3.370      4.888    26.3322   996.7271 0.0000e+00
      3.451      0.053     7.3409     90.971     25.988  26.663798     0.7886      7.602   320.1134 6.6675e+01     0.8667      3.383      4.907    26.3320   996.7272 0.0000e+00
      3.466      0.059     7.3503     91.008     25.978  26.628658     0.7631      7.599   320.1944 6.7057e+01     0.8522      3.398      4.928    26.3330   996.7269 0.0000e+00
      3.484      0.066     7.3531     90.970     25.962  26.589155     0.7432      7.599   320.1912 6.7692e+01     0.8636      3.416      4.954    26.3328   996.7271 0.0000e+00
      3.503      0.071     7.3492     90.833     25.906  26.503343     0.7386      7.599   320.2469 6.8360e+01     0.8729      3.436      4.983    26.3307   996.7277 0.0000e+00
      3.522      0.074     7.3517     90.631     25.830  26.352348     0.7250      7.599   320.3521 6.9212e+01     0.8992      3.454      5.010    26.3036   996.7351 0.0000e+00
      3.540      0.074     7.3815     90.449     25.808  26.159071     0.7000      7.600   320.4311 7.0124e+01     0.9198      3.472      5.035    26.2389   996.7526 0.0000e+00
      3.560      0.073     7.4444     90.297     25.878  25.942497     0.6967      7.603   320.4277 7.0899e+01     0.9249      3.491      5.063    26.1993   996.7633 0.0000e+00
      3.580      0.070     7.5171     90.059     26.048  25.763368     0.7115      7.605   320.3969 7.2068e+01     0.9279      3.511      5.093    26.1726   996.7705 0.0000e+00
      3.599      0.062     7.5563     89.525     26.309  25.705554     0.7230      7.604   320.4019 7.3503e+01     0.8589      3.531      5.121    26.0767   996.7962 0.0000e+00
      3.616      0.052     7.5364     88.616     26.574  25.750506     0.7231      7.604   320.4021 7.4644e+01     0.7126      3.548      5.145    25.7675   996.8781 0.0000e+00
      3.631      0.042     7.4743     87.519     26.745  25.799069     0.7206      7.606   320.3995 7.6308e+01     0.6342      3.563      5.167    25.1697   997.0340 0.0000e+00
      3.640      0.035     7.3985     86.429     26.799  25.785053     0.7273      7.610   320.4572 7.8804e+01     0.6652      3.573      5.182    24.4238   997.2237 0.0000e+00
      3.643      0.033     7.3220     85.380     26.772  25.707834     0.7356      7.615   320.6691 8.1390e+01     0.7267      3.574      5.183    23.7698   997.3857 0.0000e+00
      3.643      0.035     7.2552     84.440     26.743  25.626605     0.7430      7.619   320.9822 8.5465e+01     0.7867      3.571      5.177    23.3779   997.4810 0.0000e+00
      3.649      0.040     7.2126     83.769     26.739  25.564102     0.7471      7.623   321.2317 9.0075e+01     0.8347      3.575      5.185    23.1969   997.5244 0.0000e+00
      3.664      0.049     7.1983     83.416     26.695  25.459542     0.7426      7.627   321.3636 9.4137e+01     0.8478      3.593      5.212    23.0971   997.5483 0.0000e+00
      3.682      0.059     7.2113     83.302     26.636  25.313856     0.7400      7.629   321.5437 1.0055e+02     0.8466      3.613      5.240    23.0105   997.5689 0.0000e+00
      3.699      0.069     7.2423     83.298     26.641  25.198111     0.7585      7.629   321.9467 1.0304e+02     0.8530      3.628      5.260    22.9135   997.5918 0.0000e+00
      3.717      0.077     7.2682     83.236     26.705  25.138338     0.7840      7.629   322.7094 9.8596e+01     0.8591      3.645      5.285    22.7912   997.6207 0.0000e+00
      3.737      0.082     7.2765     83.021     26.773  25.098463     0.7971      7.628   323.7959 9.5991e+01     0.8879      3.665      5.317    22.6982   997.6426 0.0000e+00
      3.757      0.086     7.2711     82.669     26.807  25.033031     0.8132      7.625   324.5006 9.3908e+01     0.9398      3.684      5.343    22.5482   997.6775 0.0000e+00
      3.781      0.086     7.2502     82.162     26.848  24.981434     0.9084      7.623   324.6041 9.0776e+01     0.9623      3.706      5.375    22.2780   997.7400 0.0000e+00
      3.808      0.080     7.2077     81.466     26.927  24.981973     1.0733      7.624   324.5312 8.9723e+01     0.9306      3.734      5.416    22.0461   997.7932 0.0000e+00
      3.834      0.069     7.1514     80.688     26.973  24.976017     1.1594      7.626   324.4805 8.8433e+01     0.8841      3.761      5.454    21.8694   997.8333 0.0000e+00
      3.855      0.059     7.0958     79.993     26.995  24.972789     1.1692      7.628   324.7654 8.7718e+01     0.8908      3.785      5.489    21.6836   997.8752 0.0000e+00
      3.865      0.051     7.0523     79.498     27.034  25.006352     1.2615      7.630   325.3074 8.8318e+01     0.9137      3.795      5.504    21.5069   997.9145 0.0000e+00
      3.866      0.047     7.0282     79.255     27.017  25.001201     1.4343      7.631   325.6995 8.9677e+01     0.8982      3.790      5.498    21.3655   997.9459 0.0000e+00
      3.869      0.049     7.0281     79.248     26.921  24.910527     1.5330      7.631   325.8929 9.2309e+01     0.9008      3.790      5.495    21.2767   997.9654 0.0000e+00
      3.881      0.054     7.0538     79.418     26.844  24.798122     1.5534      7.631   326.0116 9.3982e+01     0.9121      3.802      5.515    21.2363   997.9743 0.0000e+00
      3.901      0.062     7.0998     79.693     26.851  24.720478     1.6544      7.632   326.1025 9.3775e+01     0.9044      3.825      5.548    21.2350   997.9748 0.0000e+00
      3.925      0.069     7.1502     79.964     26.905  24.669413     1.8534      7.632   326.2172 9.3819e+01     0.9059      3.849      5.582    21.2713   997.9669 0.0000e+00
      3.946      0.071     7.1858     80.090     26.958  24.624616     1.9649      7.633   326.4515 9.5539e+01     0.8965      3.870      5.614    21.2907   997.9627 0.0000e+00
      3.963      0.069     7.2013     80.036     26.971  24.559324     1.9714      7.633   326.6993 9.7215e+01     0.8892      3.887      5.637    21.2193   997.9785 0.0000e+00
      3.978      0.065     7.2027     79.852     26.997  24.514212     1.9667      7.633   326.8902 9.9204e+01     0.9165      3.902      5.660    21.0378   998.0180 0.0000e+00
      3.993      0.061     7.1952     79.584     27.076  24.523125     1.8990      7.633   327.1249 1.0279e+02     0.8985      3.918      5.682    20.8327   998.0624 0.0000e+00
      4.008      0.057     7.1765     79.259     27.141  24.540132     1.7772      7.633   327.2994 1.0418e+02     0.8358      3.929      5.698    20.6555   998.1004 0.0000e+00
      4.023      0.056     7.1468     78.901     27.141  24.529477     1.7081      7.635   327.4509 1.0210e+02     0.8467      3.946      5.723    20.5168   998.1300 0.0000e+00
      4.038      0.056     7.1213     78.604     27.067  24.457726     1.6966      7.636   327.7531 1.0072e+02     0.8983      3.961      5.744    20.4015   998.1543 0.0000e+00
      4.050      0.057     7.1144     78.444     27.002  24.370384     1.6471      7.636   327.9413 1.0035e+02     0.9031      3.971      5.759    20.2636   998.1834 0.0000e+00
      4.063      0.059     7.1225     78.364     26.987  24.298048     1.5421      7.636   327.9193 9.9591e+01     0.9037      3.985      5.779    20.1770   998.2015 0.0000e+00
      4.077      0.061     7.1320     78.228     26.990  24.217380     1.4768      7.637   328.0041 9.9058e+01     0.9065      3.997      5.797    20.1811   998.2007 0.0000e+00
      4.094      0.063     7.1360     77.978     27.035  24.156129     1.4647      7.637   328.1912 1.0016e+02     0.8712      4.014      5.821    20.1974   998.1974 0.0000e+00
      4.114      0.064     7.1310     77.646     27.112  24.128238     1.4558      7.637   328.2893 1.0067e+02     0.8708      4.037      5.854    20.1421   998.2089 0.0000e+00
      4.131      0.063     7.1119     77.244     27.196  24.133753     1.4383      7.638   328.3308 9.7665e+01     0.9017      4.052      5.878    20.0265   998.2329 0.0000e+00
      4.147      0.061     7.0802     76.801     27.192  24.095855     1.4178      7.638   328.4338 9.7000e+01     0.8838      4.066      5.897    19.8754   998.2640 0.0000e+00
      4.162      0.061     7.0458     76.374     27.091  23.987144     1.4075      7.638   328.5026 9.7920e+01     0.8834      4.083      5.922    19.6662   998.3068 0.0000e+00
      4.175      0.063     7.0247     76.040     27.032  23.897693     1.4088      7.638   328.4741 9.7067e+01     0.9628      4.095      5.940    19.4705   998.3464 0.0000e+00
      4.188      0.067     7.0253     75.850     27.044  23.838894     1.4161      7.637   328.5192 9.8720e+01     1.0238      4.106      5.955    19.3422   998.3721 0.0000e+00
      4.204      0.071     7.0403     75.764     27.080  23.783583     1.4186      7.635   328.6182 1.0025e+02     1.0314      4.121      5.978    19.2878   998.3830 0.0000e+00
      4.225      0.074     7.0597     75.726     27.126  23.736281     1.4131      7.632   328.7244 9.8756e+01     1.0553      4.143      6.009    19.2843   998.3837 0.0000e+00
      4.249      0.074     7.0812     75.741     27.183  23.710888     1.4014      7.629   328.9425 9.7438e+01     1.0508      4.167      6.044    19.2247   998.3956 0.0000e+00
      4.272      0.072     7.1047     75.831     27.198  23.666756     1.3814      7.627   329.2770 9.6360e+01     0.9765      4.191      6.079    19.0824   998.4238 0.0000e+00
      4.291      0.069     7.1338     76.024     27.149  23.583212     1.3614      7.626   329.5851 9.4986e+01     0.9107      4.210      6.106    18.9066   998.4583 0.0000e+00
      4.305      0.067     7.1746     76.336     27.132  23.525334     1.3503      7.625   329.7423 9.7726e+01     0.9112      4.223      6.124    18.7412   998.4905 0.0000e+00
      4.315      0.067     7.2258     76.750     27.199  23.537800     1.3509      7.625   329.8871 1.0070e+02     0.9167      4.231      6.136    18.5946   998.5187 0.0000e+00
      4.330      0.068     7.2741     77.186     27.310  23.607005     1.3697      7.624   330.2174 9.6929e+01     0.8785      4.243      6.153    18.4897   998.5387 0.0000e+00
      4.350      0.070     7.3087     77.568     27.370  23.664287     1.3954      7.623   330.6392 9.3854e+01     0.8753      4.265      6.186    18.4330   998.5495 0.0000e+00
      4.374      0.073     7.3383     77.947     27.340  23.659510     1.4095      7.622   331.0285 9.3516e+01     0.9107      4.291      6.223    18.3566   998.5641 0.0000e+00
      4.395      0.075     7.3743     78.373     27.268  23.612710     1.4109      7.621   331.3975 9.2763e+01     0.9128      4.311      6.253    18.2530   998.5837 0.0000e+00
      4.413      0.076     7.4156     78.808     27.188  23.542480     1.4208      7.621   331.6593 9.3008e+01     0.9015      4.329      6.278    18.1888   998.5959 0.0000e+00
