Data/DataAlreadyUploadedToEDI/CollatedDataForEDI/CTDData/CTD_2019 (not collated)/070319_bvr50.cnv
* Sea-Bird SBE19plus  Data File:
* FileName = C:\DATA\070319_bvr50_0002.hex
* Software version 2.8.0.119 SB_Terminal.dll
* Temperature SN = 7809
* Conductivity SN = 7809
* System UpLoad Time = Jul 03 2019 10:54:15
* <ApplicationData>
* <Seaterm232>
# nquan = 16
# nvalues = 920                         
# units = specified
# name 0 = depFM: Depth [fresh water, m]
# name 1 = dz/dtM: Descent Rate [m/s]
# name 2 = sbeox0Mg/L: Oxygen, SBE 43 [mg/l]
# name 3 = sbeox0PS: Oxygen, SBE 43 [% saturation]
# name 4 = specc: Specific Conductance [uS/cm]
# name 5 = c0uS/cm: Conductivity [uS/cm]
# name 6 = flECO-AFL: Fluorescence, WET Labs ECO-AFL/FL [mg/m^3]
# name 7 = ph: pH
# name 8 = orp: Oxidation Reduction Potential [mV]
# name 9 = par/sat/log: PAR/Logarithmic, Satlantic
# name 10 = turbWETntu0: Turbidity, WET Labs ECO [NTU]
# name 11 = prdM: Pressure, Strain Gauge [db]
# name 12 = prdE: Pressure, Strain Gauge [psi]
# name 13 = tv290C: Temperature [ITS-90, deg C]
# name 14 = density00: Density [density, kg/m^3]
# name 15 = flag:  0.000e+00
# span 0 =     -0.681,     10.511       
# span 1 =     -0.135,      0.151       
# span 2 =    -0.2312,     8.1846       
# span 3 =     -2.095,    100.500       
# span 4 =      0.980,    123.458       
# span 5 =   1.009230,  82.582995       
# span 6 =    -0.1672,     8.6472       
# span 7 =      6.641,      9.369       
# span 8 =   115.4246,   763.0092       
# span 9 = 1.2348e-01, 1.9945e+03       
# span 10 =    -4.3604,   579.6680      
# span 11 =     -0.668,     10.309      
# span 12 =     -0.970,     14.951      
# span 13 =     8.4322,    26.6435      
# span 14 =   996.6270,   999.9179      
# span 15 = 0.0000e+00, 0.0000e+00      
# interval = seconds: 0.25
# start_time = Jul 03 2019 10:42:52 [Instrument's time stamp, header]
# bad_flag = -9.990e-29
*END*
[from data line 543]
      4.446      0.072     7.4993     79.461     27.019  23.318311     1.4486      7.620   331.5197 8.8143e+01     0.8934      4.359      6.322    18.2753   998.5798 0.0000e+00
      4.467      0.071     7.5323     79.601     26.986  23.219629     1.4516      7.619   331.3981 8.9699e+01     0.8887      4.383      6.356    18.3016   998.5749 0.0000e+00
      4.487      0.069     7.5549     79.601     27.059  23.202912     1.4520      7.619   331.5177 9.0925e+01     0.9133      4.402      6.384    18.3083   998.5737 0.0000e+00
      4.504      0.068     7.5632     79.455     27.121  23.179520     1.4354      7.620   331.5894 9.0592e+01     0.9293      4.417      6.406    18.2654   998.5818 0.0000e+00
      4.521      0.066     7.5571     79.182     27.065  23.063564     1.4154      7.621   331.5772 9.1617e+01     0.9191      4.434      6.432    18.1545   998.6027 0.0000e+00
      4.536      0.063     7.5506     78.884     27.013  22.942572     1.4015      7.621   331.6282 9.1809e+01     0.8871      4.448      6.452    18.0254   998.6267 0.0000e+00
      4.551      0.059     7.5505     78.620     27.092  22.921700     1.3718      7.621   331.6035 8.8874e+01     0.8705      4.461      6.470    17.8713   998.6551 0.0000e+00
      4.569      0.057     7.5445     78.347     27.194  22.937958     1.3163      7.621   331.6225 8.6542e+01     0.8823      4.481      6.499    17.7172   998.6834 0.0000e+00
      4.586      0.057     7.5308     78.094     27.175  22.885338     1.2753      7.622   331.8579 8.5977e+01     0.8986      4.499      6.526    17.6089   998.7030 0.0000e+00
      4.597      0.060     7.5273     77.974     27.099  22.792873     1.2664      7.622   332.2138 8.5870e+01     0.9035      4.509      6.540    17.4783   998.7265 0.0000e+00
      4.606      0.065     7.5482     78.042     27.056  22.707964     1.2694      7.622   332.4840 8.4785e+01     0.8755      4.514      6.547    17.2848   998.7610 0.0000e+00
      4.620      0.071     7.5925     78.273     27.039  22.619814     1.2595      7.622   332.6296 8.3475e+01     0.7902      4.528      6.567    17.1408   998.7865 0.0000e+00
      4.642      0.076     7.6506     78.615     27.059  22.551550     1.2335      7.622   332.7695 8.2973e+01     0.6916      4.552      6.602    17.0971   998.7942 0.0000e+00
      4.667      0.079     7.7081     78.969     27.110  22.516783     1.2156      7.622   332.7982 8.2542e+01     0.6335      4.576      6.638    17.0707   998.7989 0.0000e+00
      4.692      0.079     7.7556     79.267     27.183  22.516502     1.2170      7.622   332.8046 8.2822e+01     0.6447      4.602      6.675    16.9807   998.8147 0.0000e+00
      4.714      0.075     7.7907     79.508     27.268  22.548081     1.2154      7.622   332.9336 8.3888e+01     0.6965      4.626      6.708    16.8285   998.8410 0.0000e+00
      4.732      0.070     7.8132     79.693     27.249  22.517976     1.1877      7.622   333.0661 8.4079e+01     0.7019      4.641      6.732    16.6610   998.8697 0.0000e+00
      4.745      0.065     7.8348     79.866     27.133  22.406196     1.1595      7.623   333.2891 8.2040e+01     0.6776      4.653      6.749    16.5142   998.8946 0.0000e+00
      4.758      0.062     7.8666     80.064     27.100  22.338273     1.1513      7.625   333.6506 8.0369e+01     0.6649      4.664      6.765    16.3981   998.9142 0.0000e+00
      4.774      0.061     7.8999     80.225     27.160  22.330970     1.1147      7.625   333.9096 7.9179e+01     0.7121      4.681      6.789    16.3185   998.9275 0.0000e+00
      4.791      0.063     7.9254     80.315     27.209  22.317824     1.0375      7.624   333.9259 7.7114e+01     0.8216      4.699      6.816    16.3134   998.9285 0.0000e+00
      4.807      0.066     7.9434     80.363     27.248  22.306120     0.9899      7.624   333.8477 7.6675e+01     0.8747      4.714      6.837    16.3125   998.9287 0.0000e+00
      4.823      0.068     7.9539     80.385     27.293  22.316257     0.9819      7.623   333.8242 7.7424e+01     0.8637      4.729      6.858    16.2212   998.9438 0.0000e+00
      4.841      0.069     7.9629     80.426     27.308  22.313500     0.9401      7.623   333.8998 7.6712e+01     0.8851      4.748      6.886    16.1016   998.9635 0.0000e+00
      4.860      0.070     7.9830     80.555     27.287  22.272769     0.8569      7.623   334.0735 7.5772e+01     0.9038      4.767      6.913    16.0026   998.9797 0.0000e+00
      4.879      0.071     8.0176     80.770     27.256  22.204330     0.8088      7.622   334.1178 7.5920e+01     0.8599      4.784      6.939    15.9166   998.9938 0.0000e+00
      4.897      0.072     8.0586     81.001     27.223  22.120244     0.8003      7.621   334.0910 7.5180e+01     0.8459      4.802      6.965    15.8688   999.0016 0.0000e+00
      4.914      0.072     8.0946     81.177     27.246  22.080594     0.7799      7.621   334.1793 7.3620e+01     0.8661      4.819      6.989    15.8577   999.0034 0.0000e+00
      4.932      0.071     8.1157     81.253     27.329  22.105427     0.7537      7.622   334.2393 7.2716e+01     0.8750      4.836      7.015    15.8240   999.0089 0.0000e+00
      4.952      0.068     8.1205     81.231     27.354  22.103301     0.7430      7.623   334.2135 7.1982e+01     0.8878      4.856      7.043    15.7390   999.0226 0.0000e+00
      4.971      0.065     8.1185     81.161     27.313  22.054866     0.7380      7.622   334.1253 7.1968e+01     0.8892      4.875      7.071    15.6262   999.0405 0.0000e+00
      4.987      0.060     8.1170     81.062     27.312  22.027216     0.7364      7.621   334.2060 7.1858e+01     0.8925      4.892      7.096    15.5074   999.0593 0.0000e+00
      5.002      0.056     8.1116     80.907     27.345  22.022663     0.7496      7.621   334.5012 7.0581e+01     0.8618      4.905      7.114    15.4214   999.0728 0.0000e+00
      5.015      0.054     8.1028     80.741     27.347  21.999784     0.7764      7.621   334.6836 7.0606e+01     0.8137      4.917      7.131    15.3937   999.0773 0.0000e+00
      5.026      0.054     8.1061     80.679     27.311  21.940835     0.8002      7.621   334.7764 7.0866e+01     0.8022      4.929      7.150    15.3832   999.0789 0.0000e+00
      5.036      0.059     8.1281     80.737     27.299  21.880740     0.8031      7.620   335.0209 6.9463e+01     0.8207      4.938      7.162    15.3270   999.0876 0.0000e+00
      5.049      0.069     8.1553     80.805     27.332  21.843969     0.7944      7.619   335.4029 6.9238e+01     0.9071      4.948      7.177    15.2525   999.0991 0.0000e+00
      5.067      0.082     8.1755     80.803     27.373  21.813296     0.7894      7.616   335.7812 6.9601e+01     1.0275      4.968      7.206    15.2212   999.1041 0.0000e+00
      5.090      0.093     8.1846     80.686     27.392  21.763519     0.7873      7.613   336.0677 6.8138e+01     1.0956      4.989      7.237    15.1840   999.1098 0.0000e+00
      5.117      0.103     8.1826     80.440     27.384  21.686036     0.7948      7.611   336.1994 6.7329e+01     1.1411      5.015      7.274    15.0801   999.1257 0.0000e+00
      5.150      0.108     8.1705     80.093     27.413  21.637491     0.7933      7.611   336.2549 6.6991e+01     1.2820      5.051      7.325    14.9530   999.1451 0.0000e+00
      5.182      0.109     8.1460     79.646     27.474  21.620474     0.7692      7.610   336.3093 6.5612e+01     1.4887      5.085      7.375    14.8424   999.1619 0.0000e+00
      5.210      0.107     8.1104     79.116     27.531  21.607059     0.7546      7.608   336.3401 6.5143e+01     1.5757      5.109      7.412    14.7291   999.1787 0.0000e+00
      5.234      0.105     8.0714     78.576     27.590  21.602083     0.7469      7.607   336.5413 6.4713e+01     1.5482      5.132      7.444    14.5933   999.1987 0.0000e+00
      5.258      0.105     8.0349     78.081     27.593  21.560257     0.7368      7.606   336.9352 6.3299e+01     1.6137      5.157      7.479    14.4576   999.2185 0.0000e+00
      5.283      0.108     8.0084     77.692     27.547  21.481849     0.7370      7.604   337.2310 6.2144e+01     1.7783      5.182      7.515    14.3390   999.2357 0.0000e+00
      5.308      0.113     8.0010     77.482     27.520  21.415124     0.7402      7.604   337.4503 6.0953e+01     1.8333      5.203      7.546    14.2334   999.2508 0.0000e+00
      5.338      0.115     8.0144     77.460     27.547  21.387711     0.7407      7.604   337.6082 5.9698e+01     1.8206      5.230      7.586    14.1406   999.2641 0.0000e+00
      5.375      0.112     8.0415     77.575     27.629  21.404052     0.7518      7.604   337.5915 5.8606e+01     1.9526      5.271      7.645    14.0609   999.2755 0.0000e+00
      5.411      0.104     8.0728     77.749     27.705  21.422373     0.7783      7.606   337.6787 5.7847e+01     2.1839      5.310      7.700    13.9901   999.2854 0.0000e+00
      5.438      0.093     8.1018     77.935     27.740  21.418895     0.7933      7.608   337.9740 5.7746e+01     2.2909      5.336      7.739    13.9087   999.2968 0.0000e+00
      5.457      0.078     8.1232     78.086     27.771  21.425395     0.7857      7.609   338.2360 5.7184e+01     2.2631      5.354      7.764    13.8168   999.3095 0.0000e+00
      5.471      0.063     8.1357     78.183     27.797  21.437510     0.7818      7.610   338.4376 5.6425e+01     2.2415      5.366      7.783    13.7277   999.3217 0.0000e+00
      5.483      0.051     8.1412     78.231     27.800  21.438512     0.7804      7.612   338.5188 5.6724e+01     2.3244      5.377      7.799    13.6501   999.3322 0.0000e+00
      5.494      0.044     8.1397     78.228     27.794  21.437509     0.7609      7.612   338.4442 5.6779e+01     2.4783      5.388      7.814    13.5941   999.3399 0.0000e+00
      5.504      0.042     8.1358     78.217     27.768  21.425394     0.7360      7.613   338.3962 5.5978e+01     2.5294      5.399      7.830    13.5654   999.3437 0.0000e+00
      5.512      0.043     8.1364     78.232     27.756  21.418894     0.7217      7.614   338.3677 5.5865e+01     2.4834      5.407      7.842    13.5553   999.3451 0.0000e+00
      5.520      0.046     8.1454     78.275     27.778  21.422346     0.7184      7.614   338.2722 5.6181e+01     2.4789      5.412      7.849    13.5514   999.3457 0.0000e+00
      5.532      0.047     8.1587     78.311     27.791  21.403687     0.7311      7.613   338.1873 5.6029e+01     2.5077      5.423      7.866    13.5562   999.3451 0.0000e+00
      5.547      0.047     8.1655     78.281     27.805  21.383541     0.7451      7.612   338.2015 5.5245e+01     2.5045      5.440      7.890    13.5788   999.3422 0.0000e+00
      5.564      0.048     8.1615     78.181     27.812  21.369002     0.7399      7.612   338.4438 5.4363e+01     2.4734      5.456      7.913    13.5957   999.3399 0.0000e+00
      5.578      0.053     8.1488     78.023     27.808  21.354730     0.7289      7.611   338.7942 5.4075e+01     2.4918      5.473      7.938    13.5694   999.3435 0.0000e+00
      5.586      0.059     8.1341     77.829     27.808  21.337820     0.7250      7.610   338.9969 5.3376e+01     2.5633      5.480      7.949    13.5049   999.3522 0.0000e+00
      5.593      0.067     8.1222     77.621     27.788  21.291382     0.7194      7.608   339.0882 5.2454e+01     2.5840      5.481      7.950    13.4396   999.3609 0.0000e+00
      5.609      0.075     8.1101     77.376     27.771  21.237201     0.7128      7.606   339.0380 5.1939e+01     2.5783      5.495      7.970    13.4065   999.3653 0.0000e+00
      5.636      0.081     8.0927     77.076     27.766  21.190080     0.7058      7.604   338.9057 5.1030e+01     2.6582      5.526      8.015    13.3974   999.3666 0.0000e+00
      5.666      0.084     8.0712     76.750     27.786  21.165582     0.6950      7.604   338.9508 5.0177e+01     2.8294      5.559      8.062    13.3728   999.3700 0.0000e+00
      5.692      0.083     8.0502     76.459     27.864  21.194654     0.6952      7.604   339.1523 4.9812e+01     2.9438      5.583      8.098    13.3144   999.3777 0.0000e+00
      5.713      0.077     8.0294     76.205     27.927  21.224424     0.6997      7.603   339.2776 4.9374e+01     2.9275      5.604      8.128    13.2343   999.3882 0.0000e+00
      5.729      0.069     8.0085     75.980     27.917  21.208379     0.6803      7.602   339.3476 4.9114e+01     2.8290      5.619      8.151    13.1507   999.3991 0.0000e+00
      5.740      0.063     7.9921     75.800     27.905  21.190926     0.6513      7.602   339.4822 4.8997e+01     2.7028      5.628      8.163    13.0783   999.4084 0.0000e+00
      5.753      0.058     7.9810     75.655     27.939  21.203675     0.6436      7.601   339.5283 4.8433e+01     2.6463      5.640      8.180    13.0216   999.4157 0.0000e+00
      5.769      0.056     7.9756     75.561     28.000  21.235656     0.6401      7.600   339.5608 4.7823e+01     2.6374      5.658      8.207    12.9900   999.4198 0.0000e+00
      5.785      0.056     7.9719     75.485     28.051  21.260453     0.6350      7.598   339.7901 4.7619e+01     2.6274      5.674      8.229    12.9822   999.4208 0.0000e+00
      5.799      0.057     7.9643     75.381     28.051  21.249770     0.6685      7.598   339.9768 4.7337e+01     2.7551      5.687      8.247    12.9717   999.4222 0.0000e+00
      5.814      0.058     7.9608     75.331     28.036  21.233331     0.7231      7.598   340.0977 4.6823e+01     2.9701      5.702      8.270    12.9442   999.4258 0.0000e+00
      5.826      0.061     7.9638     75.339     28.069  21.251971     0.7410      7.597   340.4782 4.6407e+01     3.0637      5.715      8.288    12.9168   999.4293 0.0000e+00
      5.838      0.066     7.9675     75.319     28.137  21.284854     0.7375      7.594   340.9631 4.5913e+01     3.1002      5.722      8.300    12.8937   999.4322 0.0000e+00
      5.856      0.075     7.9681     75.245     28.211  21.313765     0.7422      7.592   341.2290 4.5056e+01     3.0178      5.740      8.326    12.8681   999.4356 0.0000e+00
      5.877      0.084     7.9617     75.114     28.287  21.347798     0.7453      7.589   341.2839 4.4330e+01     2.7886      5.766      8.362    12.8647   999.4361 0.0000e+00
      5.899      0.091     7.9474     74.921     28.355  21.379180     0.7403      7.587   341.2819 4.3781e+01     2.6548      5.783      8.388    12.8641   999.4363 0.0000e+00
      5.925      0.094     7.9272     74.675     28.375  21.376048     0.7254      7.587   341.2911 4.2734e+01     2.6134      5.806      8.422    12.8267   999.4411 0.0000e+00
      5.956      0.094     7.9027     74.387     28.397  21.373335     0.7121      7.588   341.3089 4.1874e+01     2.6159      5.843      8.475    12.7690   999.4484 0.0000e+00
      5.983      0.091     7.8758     74.070     28.475  21.409778     0.7092      7.588   341.4117 4.1423e+01     2.6518      5.871      8.516    12.7274   999.4538 0.0000e+00
      6.004      0.086     7.8492     73.736     28.549  21.436097     0.7077      7.587   341.5017 4.0541e+01     2.6548      5.888      8.539    12.6982   999.4574 0.0000e+00
      6.022      0.081     7.8227     73.399     28.592  21.437812     0.7025      7.587   341.4510 3.9833e+01     2.6847      5.905      8.565    12.6624   999.4619 0.0000e+00
      6.040      0.076     7.7896     73.020     28.614  21.430484     0.6990      7.585   341.4004 3.9579e+01     2.8168      5.924      8.592    12.6315   999.4658 0.0000e+00
      6.058      0.073     7.7455     72.570     28.604  21.410892     0.6998      7.584   341.4063 3.9108e+01     3.0067      5.940      8.616    12.5964   999.4702 0.0000e+00
      6.078      0.071     7.6947     72.085     28.582  21.391195     0.7035      7.584   341.3504 3.8395e+01     3.1126      5.960      8.644    12.5423   999.4768 0.0000e+00
