Data/DataAlreadyUploadedToEDI/CollatedDataForEDI/CTDData/CTD_2019 (not collated)/070319_bvr50.cnv
* Sea-Bird SBE19plus  Data File:
* FileName = C:\DATA\070319_bvr50_0002.hex
* Software version 2.8.0.119 SB_Terminal.dll
* Temperature SN = 7809
* Conductivity SN = 7809
* System UpLoad Time = Jul 03 2019 10:54:15
* <ApplicationData>
* <Seaterm232>
# nquan = 16
# nvalues = 920                         
# units = specified
# name 0 = depFM: Depth [fresh water, m]
# name 1 = dz/dtM: Descent Rate [m/s]
# name 2 = sbeox0Mg/L: Oxygen, SBE 43 [mg/l]
# name 3 = sbeox0PS: Oxygen, SBE 43 [% saturation]
# name 4 = specc: Specific Conductance [uS/cm]
# name 5 = c0uS/cm: Conductivity [uS/cm]
# name 6 = flECO-AFL: Fluorescence, WET Labs ECO-AFL/FL [mg/m^3]
# name 7 = ph: pH
# name 8 = orp: Oxidation Reduction Potential [mV]
# name 9 = par/sat/log: PAR/Logarithmic, Satlantic
# name 10 = turbWETntu0: Turbidity, WET Labs ECO [NTU]
# name 11 = prdM: Pressure, Strain Gauge [db]
# name 12 = prdE: Pressure, Strain Gauge [psi]
# name 13 = tv290C: Temperature [ITS-90, deg C]
# name 14 = density00: Density [density, kg/m^3]
# name 15 = flag:  0.000e+00
# span 0 =     -0.681,     10.511       
# span 1 =     -0.135,      0.151       
# span 2 =    -0.2312,     8.1846       
# span 3 =     -2.095,    100.500       
# span 4 =      0.980,    123.458       
# span 5 =   1.009230,  82.582995       
# span 6 =    -0.1672,     8.6472       
# span 7 =      6.641,      9.369       
# span 8 =   115.4246,   763.0092       
# span 9 = 1.2348e-01, 1.9945e+03       
# span 10 =    -4.3604,   579.6680      
# span 11 =     -0.668,     10.309      
# span 12 =     -0.970,     14.951      
# span 13 =     8.4322,    26.6435      
# span 14 =   996.6270,   999.9179      
# span 15 = 0.0000e+00, 0.0000e+00      
# interval = seconds: 0.25
# start_time = Jul 03 2019 10:42:52 [Instrument's time stamp, header]
# bad_flag = -9.990e-29
*END*
[from data line 904]
     10.476      0.009     0.0869      0.742    121.449  81.239190     2.0118      6.645   119.1105 1.2364e-01     5.1179     10.272     14.900     8.4322   999.9179 0.0000e+00
     10.478      0.009     0.0852      0.728    121.188  81.076380     2.0023      6.645   118.7070 1.2364e-01     5.2419     10.275     14.903     8.4329   999.9178 0.0000e+00
     10.480      0.010     0.0855      0.730    120.935  80.913846     2.0022      6.645   118.4632 1.2362e-01     5.4799     10.277     14.906     8.4351   999.9175 0.0000e+00
     10.482      0.010     0.0862      0.736    120.665  80.737159     2.0099      6.644   118.3128 1.2362e-01     5.6355     10.279     14.909     8.4379   999.9171 0.0000e+00
     10.485      0.011     0.0844      0.720    120.346  80.530435     2.0179      6.644   118.0931 1.2361e-01     5.6489     10.281     14.912     8.4435   999.9166 0.0000e+00
     10.488      0.012     0.0813      0.694    120.110  80.386403     1.9951      6.643   117.7856 1.2359e-01     5.5758     10.285     14.917     8.4502   999.9162 0.0000e+00
     10.492      0.012     0.0805      0.688    119.997  80.331592     1.9337      6.642   117.4349 1.2357e-01     5.4731     10.289     14.923     8.4517   999.9160 0.0000e+00
     10.495      0.012     0.0812      0.694    119.942  80.313027     1.8908      6.641   117.1220 1.2352e-01     5.4230     10.292     14.927     8.4527   999.9159 0.0000e+00
     10.497      0.012     0.0817      0.698    119.987  80.352795     1.8844      6.641   116.7559 1.2352e-01     5.4283     10.295     14.931     8.4550   999.9156 0.0000e+00
     10.500      0.011     0.0813      0.695    120.102  80.430760     1.8904      6.641   116.1922 1.2355e-01     5.3736     10.297     14.935     8.4598   999.9151 0.0000e+00
     10.504      0.010     0.0810      0.692    120.113  80.428720     1.8949      6.641   115.6410 1.2350e-01     5.2541     10.301     14.940     8.4709   999.9144 0.0000e+00
     10.506      0.010     0.0810      0.692    120.069  80.391723     1.8945      6.641   115.4246 1.2348e-01     5.1954     10.304     14.944     8.4797   999.9137 0.0000e+00
     10.508 -9.990e-29 -9.990e-29 -9.990e-29 -9.990e-29 -9.990e-29 -9.990e-29 -9.990e-29 -9.990e-29 1.2357e-01 -9.990e-29     10.305     14.947     8.4824   999.9136 0.0000e+00
     10.510 -9.990e-29 -9.990e-29 -9.990e-29 -9.990e-29 -9.990e-29 -9.990e-29 -9.990e-29 -9.990e-29 1.2366e-01 -9.990e-29     10.307     14.949     8.4847   999.9136 0.0000e+00
     10.511 -9.990e-29 -9.990e-29 -9.990e-29 -9.990e-29 -9.990e-29 -9.990e-29 -9.990e-29 -9.990e-29 1.2366e-01 -9.990e-29     10.308     14.950     8.4788   999.9139 0.0000e+00
     10.511 -9.990e-29 -9.990e-29 -9.990e-29 -9.990e-29 -9.990e-29 -9.990e-29 -9.990e-29 -9.990e-29 1.2364e-01 -9.990e-29     10.309     14.951     8.4711   999.9144 0.0000e+00
