Data/DataAlreadyUploadedToEDI/CollatedDataForEDI/CTDData/CTD_2019 (not collated)/070319_fcr50.cnv
* Sea-Bird SBE19plus  Data File:
* FileName = C:\DATA\070319_fcr50_0001.hex
* Software version 2.8.0.119 SB_Terminal.dll
* Temperature SN = 7809
* Conductivity SN = 7809
* System UpLoad Time = Jul 03 2019 09:49:42
* <ApplicationData>
* <Seaterm232>
# nquan = 16
# nvalues = 1037                        
# units = specified
# name 0 = depFM: Depth [fresh water, m]
# name 1 = dz/dtM: Descent Rate [m/s]
# name 2 = sbeox0Mg/L: Oxygen, SBE 43 [mg/l]
# name 3 = sbeox0PS: Oxygen, SBE 43 [% saturation]
# name 4 = specc: Specific Conductance [uS/cm]
# name 5 = c0uS/cm: Conductivity [uS/cm]
# name 6 = flECO-AFL: Fluorescence, WET Labs ECO-AFL/FL [mg/m^3]
# name 7 = ph: pH
# name 8 = orp: Oxidation Reduction Potential [mV]
# name 9 = par/sat/log: PAR/Logarithmic, Satlantic
# name 10 = turbWETntu0: Turbidity, WET Labs ECO [NTU]
# name 11 = prdM: Pressure, Strain Gauge [db]
# name 12 = prdE: Pressure, Strain Gauge [psi]
# name 13 = tv290C: Temperature [ITS-90, deg C]
# name 14 = density00: Density [density, kg/m^3]
# name 15 = flag:  0.000e+00
# span 0 =     -0.599,      9.692       
# span 1 =     -0.261,      0.247       
# span 2 =     0.0912,    13.6817       
# span 3 =      0.810,    151.343       
# span 4 =     11.793,    126.696       
# span 5 =  11.981478,  88.828267       
# span 6 =    -1.9001,     6.5669       
# span 7 =      6.830,      9.452       
# span 8 = -1240.7455,   304.7711       
# span 9 = 1.2345e-01, 1.5205e+03       
# span 10 =    -4.4595,   406.4054      
# span 11 =     -0.588,      9.505      
# span 12 =     -0.853,     13.786      
# span 13 =     9.9672,    26.2710      
# span 14 =   996.7287,   999.7937      
# span 15 = 0.0000e+00, 0.0000e+00      
# interval = seconds: 0.25
# start_time = Jul 03 2019 09:33:58 [Instrument's time stamp, header]
# bad_flag = -9.990e-29
*END*
[from data line 724]
      6.703      0.044     4.9535     44.357     37.466  26.566684     0.8468      7.611   295.6077 6.1519e-01   305.5430      6.573      9.534    10.4237   999.7102 0.0000e+00
      6.713      0.045     4.9735     44.533     37.296  26.444451     0.8657      7.611   295.2636 6.1095e-01   307.5027      6.583      9.548    10.4276   999.7099 0.0000e+00
      6.723      0.045     4.9943     44.708     37.165  26.343715     0.8962      7.610   295.2492 6.0641e-01   311.0897      6.592      9.560    10.4361   999.7092 0.0000e+00
      6.735      0.045     5.0163     44.892     37.117  26.300330     0.9112      7.610   295.6064 5.9228e-01   313.0929      6.603      9.579    10.4483   999.7080 0.0000e+00
      6.749      0.044     5.0378     45.073     37.128  26.300539     0.9096      7.609   295.7967 5.8675e-01   313.3714      6.620      9.603    10.4566   999.7072 0.0000e+00
      6.761      0.043     5.0563     45.231     37.200  26.346238     0.9111      7.608   295.9151 5.8910e-01   314.5226      6.632      9.618    10.4518   999.7077 0.0000e+00
      6.770      0.042     5.0717     45.364     37.384  26.472213     0.9116      7.607   296.0915 5.8830e-01   316.6554      6.639      9.629    10.4394   999.7089 0.0000e+00
      6.780      0.039     5.0826     45.456     37.594  26.618258     0.9157      7.606   296.1229 5.7860e-01   317.8244      6.649      9.643    10.4268   999.7100 0.0000e+00
      6.790      0.038     5.0884     45.504     37.737  26.716298     0.9260      7.606   296.1225 5.5376e-01   317.9079      6.660      9.659    10.4150   999.7113 0.0000e+00
      6.800      0.039     5.0965     45.571     37.906  26.832833     0.9234      7.606   295.8284 5.3983e-01   317.7300      6.669      9.674    10.4079   999.7120 0.0000e+00
      6.809      0.042     5.1091     45.681     38.163  27.012159     0.8834      7.604   295.2339 5.4592e-01   315.7067      6.677      9.684    10.4042   999.7124 0.0000e+00
      6.818      0.046     5.1217     45.791     38.391  27.171502     0.8244      7.604   295.1295 5.4485e-01   311.9607      6.685      9.696    10.3998   999.7130 0.0000e+00
      6.829      0.049     5.1344     45.903     38.484  27.236754     0.7909      7.602   295.3412 5.3276e-01   309.8956      6.696      9.712    10.3956   999.7134 0.0000e+00
      6.844      0.051     5.1461     46.007     38.476  27.230107     0.7827      7.600   295.4699 5.2281e-01   309.5816      6.711      9.733    10.3915   999.7139 0.0000e+00
      6.861      0.051     5.1517     46.056     38.461  27.218019     0.8109      7.599   295.6531 5.1654e-01   308.1968      6.728      9.759    10.3878   999.7145 0.0000e+00
      6.876      0.050     5.1476     46.016     38.463  27.217498     0.8720      7.598   295.7491 5.1515e-01   305.7368      6.745      9.782    10.3851   999.7149 0.0000e+00
      6.888      0.049     5.1314     45.869     38.473  27.223795     0.9063      7.597   295.3398 5.1667e-01   304.4503      6.756      9.798    10.3848   999.7150 0.0000e+00
      6.897      0.047     5.1016     45.602     38.483  27.230707     0.9044      7.595   294.6622 5.0406e-01   304.4393      6.763      9.809    10.3838   999.7151 0.0000e+00
      6.906      0.044     5.0564     45.199     38.492  27.237628     0.8754      7.593   294.4392 4.8856e-01   305.4076      6.771      9.821    10.3815   999.7154 0.0000e+00
      6.918      0.041     4.9981     44.679     38.502  27.244030     0.8241      7.591   294.6237 4.9011e-01   307.2113      6.783      9.839    10.3795   999.7156 0.0000e+00
      6.932      0.039     4.9334     44.099     38.504  27.244663     0.7961      7.590   294.9136 4.9208e-01   308.1898      6.799      9.862    10.3771   999.7158 0.0000e+00
      6.944      0.038     4.8665     43.500     38.505  27.245286     0.7884      7.589   295.1052 4.9585e-01   308.2266      6.811      9.879    10.3763   999.7160 0.0000e+00
      6.951      0.036     4.7998     42.903     38.514  27.251562     0.7573      7.587   295.1328 4.9161e-01   307.3612      6.817      9.888    10.3783   999.7159 0.0000e+00
      6.957      0.034     4.7376     42.346     38.523  27.257100     0.7231      7.586   295.1613 4.6585e-01   305.7227      6.822      9.894    10.3784   999.7159 0.0000e+00
      6.964      0.034     4.6851     41.878     38.511  27.248803     0.7217      7.586   295.1919 4.4071e-01   304.8675      6.828      9.903    10.3764   999.7161 0.0000e+00
      6.973      0.035     4.6466     41.534     38.463  27.214686     0.7321      7.585   295.1584 4.2508e-01   304.8207      6.837      9.917    10.3764   999.7161 0.0000e+00
      6.983      0.036     4.6206     41.302     38.388  27.161828     0.7359      7.584   295.1870 4.1852e-01   304.7961      6.849      9.932    10.3758   999.7162 0.0000e+00
      6.994      0.037     4.6060     41.170     38.326  27.117258     0.7328      7.582   295.3656 4.1785e-01   304.7337      6.859      9.948    10.3749   999.7164 0.0000e+00
      7.004      0.037     4.6023     41.134     38.242  27.056467     0.7283      7.581   295.5976 4.1070e-01   304.6561      6.868      9.962    10.3754   999.7164 0.0000e+00
      7.013      0.035     4.6028     41.136     38.163  26.997816     0.7340      7.580   295.7547 3.9094e-01   304.6117      6.878      9.975    10.3755   999.7164 0.0000e+00
      7.022      0.033     4.6024     41.128     38.142  26.979121     0.7410      7.580   295.8019 3.8099e-01   304.7222      6.886      9.987    10.3759   999.7164 0.0000e+00
      7.030      0.031     4.6000     41.102     38.116  26.957309     0.7360      7.580   295.8247 3.8542e-01   306.4175      6.895     10.000    10.3754   999.7165 0.0000e+00
      7.038      0.029     4.5981     41.081     38.074  26.924409     0.7251      7.578   295.8574 3.8724e-01   309.5748      6.903     10.012    10.3727   999.7167 0.0000e+00
      7.043      0.027     4.5986     41.083     38.040  26.898563     0.7297      7.577   295.9395 3.8952e-01   311.3383      6.907     10.019    10.3693   999.7170 0.0000e+00
      7.049      0.026     4.6011     41.104     38.041  26.898575     0.7405      7.577   296.2150 3.8639e-01   311.5498      6.913     10.026    10.3647   999.7175 0.0000e+00
      7.057      0.026     4.6039     41.133     38.075  26.924550     0.7343      7.577   296.5220 3.7649e-01   311.7053      6.921     10.038    10.3590   999.7180 0.0000e+00
      7.064      0.026     4.6069     41.165     38.117  26.958859     0.7241      7.575   296.2955 3.6950e-01   311.9741      6.928     10.048    10.3553   999.7184 0.0000e+00
      7.070      0.027     4.6132     41.225     38.165  26.996180     0.7210      7.574   295.7138 3.6729e-01   312.1453      6.934     10.055    10.3529   999.7186 0.0000e+00
      7.077      0.029     4.6231     41.316     38.161  26.995130     0.7234      7.573   295.5110 3.7156e-01   312.2674      6.940     10.066    10.3500   999.7189 0.0000e+00
      7.085      0.030     4.6336     41.413     38.089  26.946159     0.7357      7.572   295.5646 3.7768e-01   313.1549      6.948     10.077    10.3536   999.7187 0.0000e+00
      7.092      0.031     4.6430     41.496     38.042  26.911634     0.7564      7.571   295.7594 3.7283e-01   314.7496      6.955     10.087    10.3625   999.7178 0.0000e+00
      7.100      0.031     4.6509     41.563     38.023  26.894922     0.7827      7.570   296.2316 3.6518e-01   315.6544      6.961     10.098    10.3655   999.7177 0.0000e+00
      7.110      0.030     4.6588     41.628     37.994  26.870972     0.8022      7.569   296.5411 3.6150e-01   315.7377      6.972     10.113    10.3671   999.7176 0.0000e+00
      7.118      0.028     4.6670     41.698     38.005  26.875835     0.7934      7.568   296.3181 3.5480e-01   315.3958      6.981     10.126    10.3713   999.7172 0.0000e+00
      7.124      0.026     4.6755     41.771     38.027  26.890285     0.7631      7.566   295.7736 3.5142e-01   314.7649      6.987     10.133    10.3708   999.7173 0.0000e+00
      7.129      0.026     4.6832     41.837     37.980  26.855345     0.7387      7.565   295.4631 3.4676e-01   314.4024      6.991     10.140    10.3649   999.7178 0.0000e+00
      7.135      0.028     4.6873     41.872     37.863  26.770597     0.7323      7.565   295.4894 3.3596e-01   314.3546      6.997     10.148    10.3587   999.7184 0.0000e+00
      7.140      0.033     4.6889     41.883     37.753  26.690376     0.7294      7.564   295.6615 3.2227e-01   314.4494      7.002     10.156    10.3551   999.7188 0.0000e+00
      7.146      0.039     4.6913     41.903     37.693  26.646723     0.7214      7.564   295.9094 3.1963e-01   315.2547      7.006     10.160    10.3542   999.7189 0.0000e+00
      7.157      0.046     4.6943     41.926     37.662  26.623458     0.7222      7.564   296.3358 3.2656e-01   316.6844      7.016     10.176    10.3525   999.7191 0.0000e+00
      7.174      0.053     4.6967     41.945     37.632  26.599403     0.7302      7.562   296.8596 3.2450e-01   317.4470      7.034     10.203    10.3486   999.7194 0.0000e+00
      7.190      0.059     4.6997     41.967     37.562  26.546216     0.7314      7.560   296.9935 3.1670e-01   317.4618      7.052     10.228    10.3461   999.7197 0.0000e+00
      7.205      0.064     4.7020     41.983     37.485  26.487915     0.7281      7.558   296.9220 3.0400e-01   317.1574      7.066     10.248    10.3450   999.7199 0.0000e+00
      7.221      0.066     4.7051     42.005     37.458  26.465478     0.7250      7.557   296.8559 2.9095e-01   316.5857      7.080     10.268    10.3427   999.7201 0.0000e+00
      7.238      0.066     4.7132     42.073     37.463  26.465258     0.7191      7.556   296.7114 2.7485e-01   316.2192      7.099     10.295    10.3385   999.7206 0.0000e+00
      7.257      0.066     4.7240     42.166     37.495  26.485248     0.7181      7.555   296.8951 2.6272e-01   316.0683      7.118     10.324    10.3336   999.7211 0.0000e+00
      7.275      0.067     4.7346     42.258     37.543  26.516849     0.7395      7.554   297.8726 2.6656e-01   314.8919      7.135     10.349    10.3291   999.7216 0.0000e+00
      7.291      0.069     4.7468     42.363     37.565  26.530128     0.7785      7.552   299.1514 2.6424e-01   312.7451      7.149     10.370    10.3244   999.7220 0.0000e+00
      7.306      0.069     4.7573     42.454     37.553  26.518906     0.7984      7.551   299.5371 2.5169e-01   311.6102      7.164     10.390    10.3196   999.7226 0.0000e+00
      7.323      0.068     4.7634     42.506     37.541  26.508053     0.7893      7.550   299.1802 2.4337e-01   311.3297      7.182     10.416    10.3159   999.7230 0.0000e+00
      7.343      0.065     4.7684     42.548     37.569  26.525793     0.7641      7.549   298.9663 2.4052e-01   308.9928      7.201     10.444    10.3131   999.7233 0.0000e+00
      7.363      0.062     4.7723     42.579     37.596  26.543059     0.7359      7.548   298.7573 2.3821e-01   304.7549      7.222     10.475    10.3096   999.7239 0.0000e+00
      7.380      0.059     4.7737     42.589     37.576  26.526475     0.7268      7.548   298.4606 2.2893e-01   302.4639      7.240     10.500    10.3061   999.7243 0.0000e+00
      7.391      0.055     4.7737     42.588     37.562  26.515606     0.7323      7.547   298.7341 2.2021e-01   302.4635      7.249     10.513    10.3033   999.7245 0.0000e+00
      7.401      0.049     4.7748     42.596     37.596  26.538535     0.7242      7.546   299.3968 2.1834e-01   305.0780      7.256     10.525    10.3008   999.7248 0.0000e+00
      7.414      0.043     4.7759     42.605     37.613  26.549927     0.6981      7.545   299.5907 2.1244e-01   309.9223      7.270     10.544    10.2975   999.7253 0.0000e+00
      7.428      0.038     4.7749     42.596     37.580  26.526461     0.6852      7.544   299.5293 2.0571e-01   312.5654      7.287     10.569    10.2946   999.7256 0.0000e+00
      7.439      0.034     4.7708     42.560     37.555  26.508582     0.6901      7.543   299.6017 2.0108e-01   312.8179      7.297     10.584    10.2926   999.7258 0.0000e+00
      7.444      0.029     4.7651     42.509     37.578  26.524079     0.6878      7.542   299.5190 1.9854e-01   312.8761      7.301     10.589    10.2920   999.7259 0.0000e+00
      7.448      0.024     4.7600     42.460     37.579  26.523505     0.6914      7.542   299.3045 2.0434e-01   313.3348      7.304     10.594    10.2918   999.7259 0.0000e+00
      7.453      0.019     4.7516     42.383     37.551  26.501637     0.7173      7.541   299.1589 2.0767e-01   314.2680      7.309     10.601    10.2911   999.7260 0.0000e+00
      7.458      0.017     4.7405     42.282     37.569  26.513452     0.7316      7.540   299.1344 2.0325e-01   314.8517      7.315     10.610    10.2914   999.7259 0.0000e+00
      7.463      0.017     4.7304     42.191     37.606  26.539472     0.7251      7.540   299.1807 2.0647e-01   314.8212      7.318     10.615    10.2905   999.7261 0.0000e+00
      7.467      0.018     4.7210     42.106     37.641  26.562467     0.7172      7.539   299.1167 2.0846e-01   314.0299      7.322     10.620    10.2882   999.7263 0.0000e+00
      7.470      0.022     4.7117     42.022     37.697  26.601162     0.7057      7.539   298.9625 1.9891e-01   312.6899      7.326     10.625    10.2855   999.7266 0.0000e+00
      7.474      0.028     4.7033     41.946     37.733  26.626658     0.6985      7.539   298.8651 1.9191e-01   311.9915      7.329     10.630    10.2835   999.7268 0.0000e+00
      7.480      0.034     4.6964     41.890     37.714  26.616960     0.6993      7.539   298.8853 1.8836e-01   312.2388      7.335     10.638    10.2836   999.7268 0.0000e+00
      7.490      0.039     4.6872     41.823     37.689  26.610791     0.6901      7.539   299.0352 1.8424e-01   315.8110      7.344     10.651    10.2822   999.7269 0.0000e+00
      7.504      0.043     4.6765     41.752     37.669  26.615527     0.6735      7.537   299.3011 1.8346e-01   322.3775      7.358     10.672    10.2806   999.7272 0.0000e+00
      7.518      0.045     4.6712     41.728     37.637  26.610799     0.6718      7.535   299.5196 1.9391e-01   325.9913      7.373     10.695    10.2790   999.7274 0.0000e+00
      7.531      0.046     4.6701     41.730     37.633  26.617094     0.6864      7.534   299.5252 2.0603e-01   326.5356      7.385     10.711    10.2808   999.7273 0.0000e+00
      7.541      0.045     4.6683     41.716     37.647  26.628207     0.6944      7.533   299.2822 1.9574e-01   328.5980      7.394     10.725    10.2974   999.7259 0.0000e+00
      7.551      0.044     4.6648     41.681     37.635  26.618275     0.6905      7.533   298.9902 1.6733e-01   332.2805      7.404     10.740    10.3246   999.7234 0.0000e+00
      7.561      0.044     4.6613     41.640     37.654  26.623888     0.7001      7.532   298.9204 1.5152e-01   334.2896      7.414     10.755    10.3547   999.7206 0.0000e+00
      7.572      0.045     4.6590     41.603     37.775  26.696068     0.7152      7.531   299.2987 1.5454e-01   334.4722      7.425     10.769    10.3670   999.7195 0.0000e+00
      7.584      0.046     4.6579     41.573     37.934  26.793097     0.7080      7.530   299.9510 1.6214e-01   333.9645      7.437     10.787    10.3625   999.7200 0.0000e+00
      7.597      0.049     4.6578     41.554     38.029  26.845379     0.6913      7.529   300.3545 1.6364e-01   332.8700      7.450     10.806    10.3644   999.7199 0.0000e+00
      7.609      0.052     4.6592     41.552     38.099  26.884084     0.6866      7.528   300.4777 1.5752e-01   332.2503      7.462     10.822    10.3546   999.7209 0.0000e+00
      7.621      0.056     4.6648     41.592     38.195  26.943836     0.6864      7.526   300.4942 1.5163e-01   332.2388      7.473     10.838    10.3333   999.7229 0.0000e+00
