Data/DataAlreadyUploadedToEDI/CollatedDataForEDI/CTDData/CTD_2019 (not collated)/070319_fcr50.cnv
* Sea-Bird SBE19plus  Data File:
* FileName = C:\DATA\070319_fcr50_0001.hex
* Software version 2.8.0.119 SB_Terminal.dll
* Temperature SN = 7809
* Conductivity SN = 7809
* System UpLoad Time = Jul 03 2019 09:49:42
* <ApplicationData>
* <Seaterm232>
# nquan = 16
# nvalues = 1037                        
# units = specified
# name 0 = depFM: Depth [fresh water, m]
# name 1 = dz/dtM: Descent Rate [m/s]
# name 2 = sbeox0Mg/L: Oxygen, SBE 43 [mg/l]
# name 3 = sbeox0PS: Oxygen, SBE 43 [% saturation]
# name 4 = specc: Specific Conductance [uS/cm]
# name 5 = c0uS/cm: Conductivity [uS/cm]
# name 6 = flECO-AFL: Fluorescence, WET Labs ECO-AFL/FL [mg/m^3]
# name 7 = ph: pH
# name 8 = orp: Oxidation Reduction Potential [mV]
# name 9 = par/sat/log: PAR/Logarithmic, Satlantic
# name 10 = turbWETntu0: Turbidity, WET Labs ECO [NTU]
# name 11 = prdM: Pressure, Strain Gauge [db]
# name 12 = prdE: Pressure, Strain Gauge [psi]
# name 13 = tv290C: Temperature [ITS-90, deg C]
# name 14 = density00: Density [density, kg/m^3]
# name 15 = flag:  0.000e+00
# span 0 =     -0.599,      9.692       
# span 1 =     -0.261,      0.247       
# span 2 =     0.0912,    13.6817       
# span 3 =      0.810,    151.343       
# span 4 =     11.793,    126.696       
# span 5 =  11.981478,  88.828267       
# span 6 =    -1.9001,     6.5669       
# span 7 =      6.830,      9.452       
# span 8 = -1240.7455,   304.7711       
# span 9 = 1.2345e-01, 1.5205e+03       
# span 10 =    -4.4595,   406.4054      
# span 11 =     -0.588,      9.505      
# span 12 =     -0.853,     13.786      
# span 13 =     9.9672,    26.2710      
# span 14 =   996.7287,   999.7937      
# span 15 = 0.0000e+00, 0.0000e+00      
# interval = seconds: 0.25
# start_time = Jul 03 2019 09:33:58 [Instrument's time stamp, header]
# bad_flag = -9.990e-29
*END*
[from data line 814]
      7.652      0.058     4.6758     41.674     38.317  27.017231     0.6862      7.524   300.5993 1.3488e-01   330.6430      7.504     10.884    10.2916   999.7270 0.0000e+00
      7.670      0.058     4.6726     41.639     38.300  27.000196     0.7107      7.524   300.5245 1.3700e-01   328.0537      7.521     10.909    10.2781   999.7284 0.0000e+00
      7.686      0.056     4.6630     41.549     38.278  26.981189     0.7240      7.523   300.6818 1.3872e-01   326.5930      7.538     10.933    10.2681   999.7294 0.0000e+00
      7.700      0.051     4.6455     41.391     38.275  26.977747     0.7261      7.520   301.0389 1.3776e-01   326.1236      7.551     10.952    10.2593   999.7303 0.0000e+00
      7.712      0.045     4.6180     41.147     38.247  26.958581     0.7272      7.518   301.2289 1.4514e-01   322.5416      7.563     10.970    10.2515   999.7311 0.0000e+00
      7.723      0.038     4.5798     40.810     38.217  26.939789     0.7204      7.517   301.3444 1.5702e-01   315.9255      7.575     10.987    10.2446   999.7318 0.0000e+00
      7.732      0.033     4.5353     40.415     38.217  26.940873     0.7127      7.516   301.4025 1.5660e-01   312.2953      7.584     11.000    10.2401   999.7322 0.0000e+00
      7.737      0.030     4.4896     40.007     38.261  26.971687     0.7127      7.515   300.9853 1.4826e-01   311.8483      7.589     11.006    10.2381   999.7324 0.0000e+00
      7.742      0.029     4.4464     39.621     38.386  27.058576     0.7193      7.515   300.3437 1.4351e-01   310.7826      7.592     11.011    10.2392   999.7323 0.0000e+00
      7.749      0.028     4.4083     39.279     38.542  27.166647     0.7242      7.514   300.1834 1.3829e-01   308.9793      7.598     11.019    10.2435   999.7319 0.0000e+00
      7.758      0.029     4.3772     38.999     38.683  27.263241     0.7193      7.513   300.2516 1.3672e-01   308.0035      7.607     11.034    10.2463   999.7317 0.0000e+00
      7.768      0.030     4.3564     38.811     38.883  27.401697     0.7127      7.513   300.3076 1.3735e-01   307.8981      7.619     11.051    10.2452   999.7319 0.0000e+00
      7.775      0.032     4.3434     38.693     39.037  27.508329     0.7218      7.513   300.6034 1.3585e-01   307.7051      7.625     11.059    10.2433   999.7321 0.0000e+00
      7.780      0.033     4.3354     38.623     38.987  27.473931     0.7427      7.512   300.9879 1.3583e-01   307.3093      7.628     11.063    10.2411   999.7324 0.0000e+00
      7.788      0.034     4.3318     38.598     38.915  27.429925     0.7488      7.511   300.6557 1.3303e-01   307.1108      7.636     11.075    10.2368   999.7329 0.0000e+00
      7.798      0.037     4.3278     38.570     38.982  27.483827     0.7352      7.511   299.6840 1.3091e-01   307.3358      7.647     11.092    10.2332   999.7333 0.0000e+00
      7.808      0.040     4.3232     38.532     39.169  27.618101     0.7163      7.511   299.2196 1.3188e-01   309.8006      7.656     11.104    10.2291   999.7338 0.0000e+00
      7.818      0.042     4.3152     38.460     39.497  27.847927     0.7031      7.509   299.3428 1.3138e-01   314.2673      7.665     11.117    10.2292   999.7338 0.0000e+00
      7.830      0.043     4.2981     38.303     39.958  28.168870     0.6961      7.507   299.7105 1.3076e-01   316.6403      7.679     11.137    10.2407   999.7327 0.0000e+00
      7.843      0.044     4.2741     38.085     40.456  28.516529     0.6929      7.505   300.1385 1.2974e-01   316.8311      7.692     11.157    10.2519   999.7318 0.0000e+00
      7.853      0.047     4.2481     37.849     41.065  28.942429     0.6904      7.504   300.3010 1.2856e-01   316.8034      7.702     11.170    10.2553   999.7316 0.0000e+00
      7.863      0.049     4.2211     37.604     42.059  29.638250     0.6824      7.502   300.2134 1.2645e-01   315.9121      7.710     11.182    10.2518   999.7321 0.0000e+00
      7.875      0.051     4.1919     37.341     43.495  30.647813     0.6752      7.499   300.0256 1.2678e-01   314.2811      7.721     11.199    10.2456   999.7329 0.0000e+00
      7.889      0.053     4.1598     37.055     45.250  31.884519     0.6815      7.496   299.9232 1.2996e-01   313.4358      7.736     11.220    10.2417   999.7335 0.0000e+00
      7.905      0.055     4.1240     36.741     47.066  33.168594     0.6975      7.493   300.0068 1.2866e-01   313.4917      7.752     11.244    10.2377   999.7341 0.0000e+00
      7.920      0.057     4.0864     36.412     48.311  34.052156     0.7043      7.490   300.0906 1.2510e-01   314.8262      7.768     11.266    10.2312   999.7352 0.0000e+00
      7.935      0.057     4.0395     36.000     48.767  34.380648     0.6940      7.487   300.1622 1.2375e-01   317.2485      7.782     11.288    10.2269   999.7361 0.0000e+00
      7.949      0.057     3.9694     35.381     49.161  34.665165     0.6860      7.484   300.2704 1.2367e-01   318.5272      7.796     11.307    10.2274   999.7367 0.0000e+00
      7.962      0.058     3.8738     34.535     50.010  35.270796     0.6856      7.480   300.2808 1.2367e-01   318.5546      7.808     11.324    10.2322   999.7371 0.0000e+00
      7.976      0.060     3.7511     33.445     50.933  35.927483     0.6804      7.475   300.2878 1.2367e-01   317.6790      7.820     11.343    10.2405   999.7369 0.0000e+00
      7.992      0.062     3.5901     32.012     51.488  36.321413     0.6836      7.470   300.4407 1.2367e-01   316.0342      7.836     11.366    10.2478   999.7363 0.0000e+00
      8.010      0.064     3.3788     30.128     51.622  36.415806     0.6979      7.464   300.6670 1.2365e-01   315.1196      7.855     11.392    10.2540   999.7358 0.0000e+00
      8.027      0.066     3.1056     27.690     51.559  36.370569     0.7057      7.456   300.7868 1.2367e-01   314.9120      7.872     11.417    10.2620   999.7356 0.0000e+00
      8.043      0.067     2.7781     24.769     51.618  36.409197     0.7260      7.450   300.8566 1.2362e-01   313.5238      7.888     11.440    10.2685   999.7355 0.0000e+00
      8.061      0.067     2.4289     21.654     51.487  36.311578     0.7619      7.443   301.0812 1.2352e-01   310.9857      7.905     11.465    10.2703   999.7355 0.0000e+00
      8.078      0.068     2.0777     18.519     50.899  35.888460     0.7761      7.436   301.3517 1.2358e-01   309.5559      7.922     11.489    10.2694   999.7357 0.0000e+00
      8.094      0.069     1.7307     15.423     50.251  35.419074     0.7762      7.430   301.7172 1.2366e-01   309.3781      7.938     11.512    10.2686   999.7358 0.0000e+00
      8.110      0.071     1.4016     12.486     49.880  35.142803     0.7722      7.425   302.5747 1.2366e-01   309.2295      7.953     11.534    10.2663   999.7361 0.0000e+00
      8.129      0.071     1.0986      9.783     49.640  34.959982     0.7347      7.420   303.6325 1.2371e-01   307.3665      7.971     11.561    10.2614   999.7366 0.0000e+00
      8.150      0.070     0.8292      7.381     49.335  34.731862     0.6703      7.415   304.3550 1.2373e-01   303.8940      7.992     11.592    10.2537   999.7372 0.0000e+00
      8.170      0.069     0.6097      5.426     48.994  34.479115     0.6264      7.411   304.7711 1.2369e-01   301.9817      8.014     11.623    10.2409   999.7383 0.0000e+00
      8.187      0.068     0.4464      3.972     48.325  33.998509     0.6204      7.408   304.7052 1.2364e-01   301.7464      8.029     11.646    10.2250   999.7397 0.0000e+00
      8.201      0.066     0.3348      2.978     47.528  33.427047     0.6413      7.405   304.1611 1.2360e-01   301.1137      8.041     11.663    10.2110   999.7409 0.0000e+00
      8.216      0.066     0.2762      2.456     47.249  33.218111     0.6713      7.401   303.6990 1.2360e-01   299.9682      8.057     11.685    10.1975   999.7421 0.0000e+00
      8.233      0.067     0.2734      2.431     47.400  33.312773     0.6880      7.398   303.4193 1.2363e-01   299.3677      8.073     11.709    10.1838   999.7434 0.0000e+00
      8.251      0.069     0.3244      2.883     47.577  33.429217     0.6866      7.396   303.1021 1.2362e-01   299.4897      8.091     11.735    10.1743   999.7440 0.0000e+00
      8.268      0.070     0.4204      3.736     47.662  33.483654     0.6724      7.394   302.9609 1.2355e-01   301.6072      8.109     11.761    10.1648   999.7446 0.0000e+00
      8.287      0.069     0.5477      4.868     47.725  33.526707     0.6548      7.392   302.8309 1.2351e-01   305.5683      8.126     11.786    10.1500   999.7460 0.0000e+00
      8.307      0.066     0.6901      6.133     47.783  33.568964     0.6384      7.391   302.3910 1.2353e-01   307.7291      8.146     11.816    10.1362   999.7474 0.0000e+00
      8.325      0.063     0.8345      7.416     47.842  33.613795     0.6215      7.391   302.4601 1.2360e-01   307.9723      8.165     11.842    10.1273   999.7484 0.0000e+00
      8.340      0.060     0.9752      8.667     47.944  33.687962     0.6145      7.389   303.0636 1.2365e-01   308.9017      8.179     11.863    10.1219   999.7490 0.0000e+00
      8.352      0.057     1.1048      9.818     48.059  33.767595     0.6233      7.385   303.1500 1.2362e-01   310.6425      8.190     11.879    10.1215   999.7491 0.0000e+00
      8.365      0.052     1.2108     10.759     48.134  33.815028     0.6329      7.384   302.8164 1.2357e-01   311.6502      8.202     11.895    10.1235   999.7489 0.0000e+00
      8.380      0.048     1.2864     11.430     48.145  33.817198     0.6272      7.383   302.2138 1.2356e-01   311.9094      8.218     11.919    10.1273   999.7487 0.0000e+00
      8.395      0.046     1.3345     11.857     48.116  33.793835     0.6410      7.381   301.4562 1.2364e-01   313.5148      8.233     11.942    10.1325   999.7484 0.0000e+00
      8.405      0.044     1.3610     12.091     48.107  33.786404     0.6953      7.381   301.3996 1.2370e-01   316.4444      8.243     11.955    10.1308   999.7486 0.0000e+00
      8.413      0.043     1.3666     12.140     48.114  33.790812     0.7279      7.380   301.9591 1.2364e-01   318.0325      8.250     11.965    10.1242   999.7492 0.0000e+00
      8.422      0.042     1.3528     12.017     48.104  33.783669     0.7242      7.378   302.2849 1.2361e-01   318.1982      8.258     11.977    10.1173   999.7499 0.0000e+00
      8.432      0.042     1.3286     11.802     48.076  33.763502     0.7201      7.375   302.1559 1.2365e-01   318.4148      8.269     11.993    10.1133   999.7503 0.0000e+00
      8.444      0.042     1.3019     11.566     48.041  33.737376     0.7210      7.373   301.7757 1.2367e-01   320.6848      8.281     12.011    10.1143   999.7502 0.0000e+00
      8.457      0.042     1.2734     11.312     48.021  33.721647     0.7267      7.372   301.4734 1.2362e-01   324.8992      8.294     12.029    10.1138   999.7503 0.0000e+00
      8.470      0.041     1.2460     11.068     47.994  33.700255     0.7370      7.370   301.2546 1.2354e-01   327.2266      8.308     12.049    10.1125   999.7505 0.0000e+00
      8.480      0.038     1.2260     10.889     47.952  33.669117     0.7410      7.368   301.0230 1.2355e-01   327.4572      8.316     12.063    10.1123   999.7506 0.0000e+00
      8.487      0.034     1.2136     10.779     47.941  33.662487     0.7236      7.366   300.9955 1.2360e-01   327.3921      8.322     12.071    10.1105   999.7508 0.0000e+00
      8.495      0.033     1.2057     10.710     47.966  33.683559     0.6912      7.365   301.0084 1.2363e-01   327.1936      8.331     12.083    10.1094   999.7509 0.0000e+00
      8.503      0.035     1.2008     10.668     48.034  33.733501     0.6784      7.364   300.6626 1.2363e-01   327.0560      8.339     12.095    10.1072   999.7511 0.0000e+00
      8.509      0.039     1.2015     10.673     48.252  33.885539     0.6903      7.362   300.1699 1.2359e-01   326.8420      8.344     12.102    10.1026   999.7515 0.0000e+00
      8.517      0.043     1.2087     10.736     48.691  34.189037     0.7052      7.360   299.8690 1.2356e-01   324.3443      8.351     12.112    10.1037   999.7514 0.0000e+00
      8.531      0.045     1.2180     10.817     49.209  34.547027     0.7198      7.358   299.6916 1.2357e-01   319.6663      8.365     12.132    10.1105   999.7510 0.0000e+00
      8.546      0.048     1.2250     10.878     49.649  34.850156     0.7195      7.358   299.5748 1.2359e-01   317.0464      8.383     12.158    10.1135   999.7508 0.0000e+00
      8.561      0.051     1.2303     10.924     49.956  35.061492     0.7100      7.357   299.4885 1.2363e-01   316.5585      8.397     12.179    10.1118   999.7511 0.0000e+00
      8.572      0.053     1.2337     10.953     50.156  35.198174     0.7098      7.355   299.5941 1.2370e-01   313.8980      8.406     12.192    10.1063   999.7518 0.0000e+00
      8.583      0.054     1.2301     10.920     50.301  35.296818     0.6994      7.353   299.8191 1.2370e-01   309.0323      8.416     12.206    10.0997   999.7526 0.0000e+00
      8.596      0.053     1.2128     10.766     50.404  35.365595     0.6796      7.352   299.7146 1.2365e-01   306.3611      8.429     12.224    10.0944   999.7533 0.0000e+00
      8.613      0.050     1.1749     10.430     50.450  35.395033     0.6697      7.350   299.4494 1.2366e-01   306.1476      8.446     12.250    10.0896   999.7539 0.0000e+00
      8.630      0.047     1.1144      9.892     50.460  35.398867     0.6576      7.349   299.4514 1.2369e-01   306.5812      8.465     12.277    10.0859   999.7544 0.0000e+00
      8.643      0.044     1.0347      9.184     50.482  35.411946     0.6375      7.347   299.5667 1.2365e-01   307.4093      8.478     12.296    10.0830   999.7548 0.0000e+00
      8.650      0.039     0.9406      8.348     50.505  35.426218     0.6269      7.345   299.6395 1.2361e-01   307.8694      8.483     12.303    10.0798   999.7551 0.0000e+00
      8.656      0.035     0.8355      7.414     50.533  35.444485     0.6240      7.345   299.8153 1.2362e-01   307.9161      8.486     12.309    10.0765   999.7554 0.0000e+00
      8.664      0.033     0.7258      6.441     50.623  35.505870     0.6199      7.344   299.9714 1.2363e-01   307.8427      8.495     12.322    10.0738   999.7557 0.0000e+00
      8.673      0.034     0.6236      5.534     50.756  35.597174     0.6199      7.341   299.9782 1.2357e-01   307.0481      8.506     12.337    10.0717   999.7559 0.0000e+00
      8.680      0.038     0.5415      4.804     50.847  35.659816     0.6244      7.339   299.9832 1.2354e-01   305.6163      8.513     12.346    10.0696   999.7562 0.0000e+00
      8.689      0.042     0.4821      4.277     50.896  35.692023     0.6225      7.338   300.0318 1.2356e-01   304.8523      8.519     12.356    10.0677   999.7564 0.0000e+00
      8.699      0.044     0.4404      3.907     50.957  35.732690     0.6140      7.337   300.0491 1.2360e-01   304.8228      8.530     12.372    10.0660   999.7567 0.0000e+00
      8.713      0.045     0.4139      3.672     51.014  35.770686     0.5999      7.335   299.9356 1.2361e-01   305.1627      8.545     12.393    10.0646   999.7569 0.0000e+00
      8.727      0.045     0.4009      3.557     51.014  35.770595     0.5817      7.333   299.8636 1.2354e-01   305.8477      8.560     12.415    10.0631   999.7571 0.0000e+00
      8.740      0.041     0.3962      3.516     50.958  35.731589     0.5682      7.331   300.0390 1.2349e-01   306.3213      8.572     12.433    10.0609   999.7574 0.0000e+00
      8.751      0.036     0.3950      3.505     50.879  35.679904     0.5659      7.330   300.2486 1.2348e-01   306.5965      8.583     12.449    10.0587   999.7576 0.0000e+00
      8.760      0.032     0.3954      3.510     50.829  35.653456     0.5803      7.329   300.4201 1.2347e-01   308.5515      8.592     12.462    10.0571   999.7578 0.0000e+00
