Data/DataAlreadyUploadedToEDI/CollatedDataForEDI/CTDData/CTD_2019 (not collated)/070819_fcr10.cnv
* Sea-Bird SBE19plus  Data File:
* FileName = C:\DATA\070819_fcr50_0002.hex
* Software version 2.8.0.119
* Temperature SN = 7809
* Conductivity SN = 7809
* System UpLoad Time = Jul 08 2019 15:01:15
* <ApplicationData>
* <Seaterm232>
# nquan = 18
# nvalues = 397                         
# units = specified
# name 0 = depFM: Depth [fresh water, m]
# name 1 = tv290C: Temperature [ITS-90, deg C]
# name 2 = sbeox0Mg/L: Oxygen, SBE 43 [mg/l]
# name 3 = sbeox0PS: Oxygen, SBE 43 [% saturation]
# name 4 = c0uS/cm: Conductivity [uS/cm]
# name 5 = specc: Specific Conductance [uS/cm]
# name 6 = ph: pH
# name 7 = orp: Oxidation Reduction Potential [mV]
# name 8 = flECO-AFL: Fluorescence, WET Labs ECO-AFL/FL [mg/m^3]
# name 9 = turbWETntu0: Turbidity, WET Labs ECO [NTU]
# name 10 = sal00: Salinity, Practical [PSU]
# name 11 = dz/dtM: Descent Rate [m/s]
# name 12 = prdM: Pressure, Strain Gauge [db]
# name 13 = prdE: Pressure, Strain Gauge [psi]
# name 14 = scan: Scan Count
# name 15 = par/sat/log: PAR/Logarithmic, Satlantic
# name 16 = density00: Density [density, kg/m^3]
# name 17 = flag:  0.000e+00
# span 0 =     -0.616,      2.415       
# span 1 =    20.5865,    30.3181       
# span 2 =    -0.4987,     9.3420       
# span 3 =     -5.612,    114.494       
# span 4 =   0.680570, 272.760661       
# span 5 =      0.598,    296.207       
# span 6 =      4.660,      8.790       
# span 7 = -1240.7455,   939.9458       
# span 8 =    -0.3658,     4.2844       
# span 9 =    -5.2141,    10.5467       
# span 10 =     0.0135,     0.1425      
# span 11 =     -0.118,      0.222      
# span 12 =     -0.604,      2.367      
# span 13 =     -0.876,      3.434      
# span 14 =          1,        397      
# span 15 = 6.6402e+01, 2.5518e+03      
# span 16 =   995.5599,   998.1823      
# span 17 = 0.0000e+00, 0.0000e+00      
# interval = seconds: 0.25
# start_time = Jul 08 2019 11:14:27 [Instrument's time stamp, header]
# bad_flag = -9.990e-29
*END*
[from data line 322]
      1.199    25.9236     8.0730     99.066  37.508976     36.832      5.914   246.5145     3.4146     2.6302     0.0246      0.003      1.177      1.707        323 3.4224e+02   996.8292 0.0000e+00
      1.207    25.9444     8.0480     98.739  37.524014     36.834      5.916   246.1738     3.3956     2.7023     0.0246      0.005      1.188      1.722        324 3.4034e+02   996.8299 0.0000e+00
      1.227    25.9475     8.0210     98.328  37.515591     36.833      5.918   246.9309     3.3956     2.6014     0.0246      0.011      1.208      1.752        325 3.2429e+02   996.8297 0.0000e+00
      1.263    25.8690     7.9934     97.827  37.578726     36.874      5.914   247.1580     3.4299     2.6446     0.0247      0.025      1.236      1.793        326 3.1458e+02   996.8244 0.0000e+00
      1.290    25.7654     7.9860     97.462  37.623253     36.924      5.911   247.4230     3.3078     2.5725     0.0247      0.043      1.263      1.832        327 3.0062e+02   996.8237 0.0000e+00
      1.311    25.7140     7.9871     97.191  37.638001     36.983      5.908   248.3316     3.2811     2.5437     0.0247      0.060      1.289      1.869        328 2.6986e+02   996.8445 0.0000e+00
      1.345    25.7130     7.9895     97.004  37.619679     37.059      5.907   248.4452     3.2659     2.5870     0.0247      0.078      1.317      1.910        329 2.4920e+02   996.8721 0.0000e+00
      1.373    25.7282     7.9810     96.724  37.586827     37.041      5.902   248.7102     3.2849     2.5581     0.0247      0.093      1.343      1.947        330 2.3568e+02   996.8857 0.0000e+00
      1.388    25.7372     7.9788     96.542  37.619640     37.097      5.906   249.3538     3.4108     2.8465     0.0247      0.100      1.361      1.974        331 2.2424e+02   996.8860 0.0000e+00
      1.404    25.7458     7.9861     96.479  37.638121     37.085      5.906   249.4673     3.3956     2.8898     0.0247      0.101      1.379      2.000        332 2.1139e+02   996.8822 0.0000e+00
      1.426    25.7514     7.9896     96.375  37.623095     37.080      5.909   249.9216     3.4261     2.8177     0.0247      0.097      1.400      2.030        333 1.9752e+02   996.8799 0.0000e+00
      1.451    25.7391     7.9708     96.016  37.638335     37.072      5.907   250.0352     3.3918     2.8032     0.0247      0.091      1.423      2.063        334 1.8727e+02   996.8777 0.0000e+00
      1.475    25.6956     7.9391     95.511  37.619152     37.069      5.907   250.1488     3.4185     2.8177     0.0247      0.088      1.446      2.098        335 1.8140e+02   996.8763 0.0000e+00
      1.499    25.6028     7.8907     94.822  37.587695     37.022      5.907   250.3759     3.6512     3.0628     0.0247      0.087      1.469      2.131        336 1.7916e+02   996.8796 0.0000e+00
      1.520    25.4512     7.8114     93.774  37.677491     37.165      5.906   250.9816     3.6588     3.0195     0.0247      0.085      1.490      2.161        337 1.7866e+02   996.8913 0.0000e+00
      1.538    25.2925     7.6828     92.130  37.744517     37.286      5.904   251.0952     3.6550     2.9907     0.0247      0.085      1.508      2.187        338 1.7943e+02   996.9157 0.0000e+00
      1.554    25.1700     7.5333     90.223  37.622877     37.289      5.903   252.0416     3.6588     3.0772     0.0247      0.085      1.524      2.212        339 1.7980e+02   996.9554 0.0000e+00
      1.573    25.0708     7.3835     88.295  37.473309     37.241      5.905   252.4202     4.0250     3.4377     0.0246      0.084      1.543      2.238        340 1.7898e+02   996.9967 0.0000e+00
      1.593    24.9829     7.2427     86.447  37.812185     37.665      5.907   252.7609     4.0174     3.2791     0.0248      0.081      1.563      2.267        341 1.7280e+02   997.0286 0.0000e+00
      1.617    24.8979     7.1103     84.663  38.683056     38.632      5.908   253.0259     4.0136     3.2647     0.0252      0.079      1.585      2.299        342 1.6465e+02   997.0545 0.0000e+00
      1.640    24.8163     6.9917     83.031  39.353305     39.371      5.909   253.2531     3.9983     3.2358     0.0254      0.078      1.609      2.334        343 1.5828e+02   997.0773 0.0000e+00
      1.666    24.7412     6.9080     81.797  39.586252     39.662      5.908   253.7452     3.9411     3.4954     0.0255      0.080      1.633      2.369        344 1.5273e+02   997.0992 0.0000e+00
      1.691    24.6720     6.8596     80.986  39.638022     39.783      5.908   253.7452     3.9640     3.5963     0.0256      0.084      1.657      2.403        345 1.4907e+02   997.1203 0.0000e+00
      1.713    24.6115     6.8741     80.939  39.703869     39.899      5.908   254.0102     3.9525     3.4666     0.0256      0.088      1.680      2.437        346 1.4608e+02   997.1395 0.0000e+00
      1.737    24.5562     6.9513     81.743  39.889658     40.151      5.907   254.2752     3.9563     3.4954     0.0257      0.091      1.703      2.470        347 1.4299e+02   997.1571 0.0000e+00
      1.760    24.4976     7.1112     83.651  39.881080     40.201      5.909   254.5024     3.8877     3.5963     0.0257      0.093      1.726      2.505        348 1.3987e+02   997.1726 0.0000e+00
      1.785    24.4293     7.4038     87.036  39.803499     40.132      5.911   255.1838     3.9106     3.5387     0.0256      0.094      1.751      2.540        349 1.3461e+02   997.1866 0.0000e+00
      1.812    24.3486     7.8100     91.562  39.660204     40.095      5.911   256.3952     3.9029     3.6252     0.0256      0.095      1.777      2.578        350 1.2939e+02   997.2015 0.0000e+00
      1.840    24.2457     8.2918     96.887  38.903525     39.331      5.908   257.0388     3.9258     3.5387     0.0253      0.096      1.803      2.615        351 1.2658e+02   997.2185 0.0000e+00
      1.862    24.1180     8.7680    102.045  38.107398     38.604      5.907   256.4709     4.2653     4.1587     0.0250      0.097      1.826      2.649        352 1.2357e+02   997.2386 0.0000e+00
      1.885    23.9750     9.1368    106.072  37.450150     38.031      5.905   257.7202     4.2539     4.1443     0.0247      0.097      1.850      2.684        353 1.1939e+02   997.2642 0.0000e+00
      1.914    23.8206     9.3420    108.226  36.757861     37.392      5.903   258.2124     4.2844     4.2741     0.0244      0.099      1.876      2.721        354 1.1549e+02   997.2959 0.0000e+00
      1.940    23.6625     9.3387    108.173  36.449975     37.215      5.901   257.9474     4.2692     4.1875     0.0243      0.100      1.901      2.758        355 1.1334e+02   997.3312 0.0000e+00
      1.962    23.5218     9.1643    106.076  35.877481     36.762      5.902   258.7802     4.2539     4.1875     0.0241      0.099      1.924      2.791        356 1.1229e+02   997.3692 0.0000e+00
      1.985    23.4536     8.7889    101.453  35.425647     36.336      5.903   258.4395     3.8915     4.7067     0.0238      0.098      1.947      2.825        357 1.1126e+02   997.4077 0.0000e+00
      2.011    23.4692     8.2619     95.070  36.004803     37.133      5.905   258.5531     3.8953     4.6778     0.0241      0.097      1.971      2.858        358 1.1208e+02   997.4422 0.0000e+00
      2.032    23.4300     7.6010     87.194  36.579223     37.733      5.907   258.8559     3.9182     4.7788     0.0244      0.096      1.991      2.888        359 1.1420e+02   997.4589 0.0000e+00
      2.048    23.2940     6.9115     79.032  36.785215     37.950      5.910   258.7045     3.8686     4.7067     0.0245      0.093      2.008      2.913        360 1.1540e+02   997.4553 0.0000e+00
      2.065    23.1081     6.1927     70.598  36.933847     38.122      5.915   258.5909     3.5482     5.4276     0.0245      0.088      2.024      2.936        361 1.1641e+02   997.4649 0.0000e+00
      2.079    22.9119     5.5080     62.592  37.283335     38.582      5.917   258.7802     3.5405     5.3123     0.0247      0.082      2.040      2.958        362 1.1635e+02   997.4978 0.0000e+00
      2.097    22.7679     4.6881     53.094  37.535772     39.043      5.920   258.4774     3.5329     5.3267     0.0248      0.077      2.056      2.982        363 1.1555e+02   997.5424 0.0000e+00
      2.115    22.6699     3.9060     44.133  37.745950     39.330      5.922   259.1967     3.5482     5.3555     0.0249      0.073      2.072      3.005        364 1.1552e+02   997.5891 0.0000e+00
      2.126    22.6523     2.9882     33.709  38.355517     40.198      5.923   258.8559     3.8610     5.5142     0.0252      0.068      2.085      3.024        365 1.1514e+02   997.6232 0.0000e+00
      2.138    22.6161     2.1507     24.234  38.348010     40.204      5.926   259.1588     3.8495     5.5430     0.0252      0.063      2.098      3.044        366 1.1333e+02   997.6462 0.0000e+00
      2.157    22.4741     1.2959     14.600  38.555541     40.415      5.928   259.1588     3.8343     5.5718     0.0253      0.061      2.117      3.071        367 1.0958e+02   997.6505 0.0000e+00
      2.184    22.3082     0.6295      7.096  39.668106     41.679      5.928   259.1588     3.8457     5.4997     0.0258      0.063      2.141      3.106        368 1.0531e+02   997.6594 0.0000e+00
      2.210    22.1424     0.0681      0.768  42.209725     44.335      5.923   258.8181     3.6969     5.5718     0.0268      0.068      2.167      3.144        369 1.0127e+02   997.6934 0.0000e+00
      2.237    21.9739    -0.2727     -3.073  55.227542     57.927      5.915   259.1588     3.7198     5.5430     0.0326      0.075      2.193      3.181        370 9.7467e+01   997.7364 0.0000e+00
      2.262    21.8134    -0.4654     -5.240  79.089055     84.203      5.911   259.2345     3.7275     5.6439     0.0441      0.081      2.217      3.216        371 9.4651e+01   997.7830 0.0000e+00
      2.283    21.6447    -0.4987     -5.612 102.519752    108.916      5.907   259.7267     3.6893     5.5574     0.0551      0.087      2.238      3.246        372 9.2129e+01   997.8301 0.0000e+00
      2.300    21.4717    -0.4351     -4.895 124.270864    132.881      5.909   259.0831     3.6588     5.3123     0.0659      0.091      2.255      3.271        373 8.9044e+01   997.8746 0.0000e+00
      2.316    21.3485    -0.3189     -3.588 137.292098    147.553      5.908   259.1588     3.6473     5.3700     0.0726      0.091      2.269      3.291        374 8.6503e+01   997.9175 0.0000e+00
      2.325    21.2667    -0.1857     -2.091 139.381701    149.651      5.900   258.9317     3.6397     5.2979     0.0736      0.085      2.277      3.303        375 8.4908e+01   997.9570 0.0000e+00
      2.327    21.2104    -0.0700     -0.789 140.578775    151.892      5.894   259.2724     3.6626     5.3123     0.0746      0.073      2.282      3.309        376 8.3574e+01   997.9849 0.0000e+00
      2.329    21.2009     0.0281      0.317 139.734297    150.916      5.884   259.4995     3.5863     5.5142     0.0741      0.059      2.284      3.312        377 8.3217e+01   998.0026 0.0000e+00
      2.330    21.2354     0.1126      1.269 135.220667    146.427      5.877   260.1431     3.6054     5.6007     0.0720      0.045      2.285      3.315        378 8.3739e+01   998.0134 0.0000e+00
      2.332    21.2490     0.2021      2.274 130.828905    141.383      5.872   260.1431     3.6016     5.6872     0.0697      0.032      2.288      3.319        379 8.4920e+01   998.0138 0.0000e+00
      2.337    21.2070     0.2908      3.265 132.126801    142.766      5.867   259.8781     3.6092     5.5718     0.0704      0.022      2.291      3.324        380 8.6404e+01   998.0067 0.0000e+00
      2.341    21.1681     0.3949      4.424 137.655353    148.930      5.862   259.8402     3.5825     5.6872     0.0732      0.016      2.296      3.330        381 8.7503e+01   998.0058 0.0000e+00
      2.345    21.1471     0.4910      5.493 139.225482    150.723      5.860   260.1431     3.6550     5.6007     0.0740      0.012      2.300      3.335        382 8.8508e+01   998.0158 0.0000e+00
      2.347    21.1266     0.5733      6.403 139.643256    150.992      5.856   260.2188     3.6664     5.6007     0.0741      0.012      2.303      3.340        383 8.9145e+01   998.0244 0.0000e+00
      2.352    21.1300     0.6464      7.206 136.718559    148.695      5.853   259.9538     3.6626     5.5863     0.0731      0.013      2.306      3.345        384 8.8606e+01   998.0279 0.0000e+00
      2.356    21.1891     0.6897      7.678 132.382363    142.642      5.848   259.9159     3.6512     5.5718     0.0703      0.014      2.310      3.351        385 8.8166e+01   998.0308 0.0000e+00
      2.359    21.2358 -9.990e-29 -9.990e-29 127.857537    139.690      5.846   259.8781     2.9378     6.7543     0.0689      0.015      2.314      3.356        386 8.7674e+01   998.0283 0.0000e+00
      2.363    21.2228 -9.990e-29 -9.990e-29 128.921193    137.804      5.841   259.8402     2.9454     6.7398     0.0681      0.015      2.318      3.362        387 8.6498e+01   998.0158 0.0000e+00
      2.368    21.1967 -9.990e-29 -9.990e-29 138.087380    151.160      5.839   259.9159     2.9531     6.6245     0.0742      0.015      2.323      3.369        388 8.4973e+01   998.0090 0.0000e+00
      2.375    21.1263 -9.990e-29 -9.990e-29 140.004216    149.911      5.834   259.9917     2.9340     6.6822     0.0736      0.016      2.329      3.378        389 8.2642e+01   998.0126 0.0000e+00
      2.381    21.0107 -9.990e-29 -9.990e-29 145.417376    158.339      5.833   258.9695     2.3274     8.7009     0.0775      0.017      2.335      3.388        390 8.0012e+01   998.0204 0.0000e+00
      2.389    20.9076 -9.990e-29 -9.990e-29 163.802916    176.304      5.833   258.3638     2.3007     8.7009     0.0859      0.020      2.342      3.398        391 7.6857e+01   998.0430 0.0000e+00
      2.396    20.8158 -9.990e-29 -9.990e-29 193.884535    211.438      5.832   257.4552     2.2931     8.7298     0.1023      0.021      2.349      3.407        392 7.3768e+01   998.0800 0.0000e+00
      2.401    20.7372 -9.990e-29 -9.990e-29 230.738001    250.565      5.827   255.3352     2.2969     8.7442     0.1208      0.023      2.355      3.415        393 7.1157e+01   998.1171 0.0000e+00
      2.407    20.6461 -9.990e-29 -9.990e-29 254.382890    279.081      5.819   254.4645     2.5334     9.2056     0.1343      0.024      2.360      3.423        394 6.8370e+01   998.1464 0.0000e+00
      2.411    20.5865 -9.990e-29 -9.990e-29 272.760661    296.207      5.811   254.5402     2.5678     9.2633     0.1425      0.024      2.364      3.429        395 6.6472e+01   998.1708 0.0000e+00
      2.414 -9.990e-29 -9.990e-29 -9.990e-29 252.190715    281.062      5.802   253.8966     2.5830     9.1335     0.1353      0.023      2.366      3.433        396 6.6402e+01   998.1823 0.0000e+00
      2.415 -9.990e-29 -9.990e-29 -9.990e-29 218.855159    233.075      5.796   254.0102     2.5601     9.1912     0.1124      0.021      2.367      3.434        397 6.6787e+01   998.1818 0.0000e+00
