Data/DataAlreadyUploadedToEDI/CollatedDataForEDI/CTDData/CTD_2019 (not collated)/070819_fcr50_b.cnv
* Sea-Bird SBE19plus  Data File:
* FileName = C:\DATA\070819_fcr50_0006.hex
* Software version 2.8.0.119
* Temperature SN = 7809
* Conductivity SN = 7809
* System UpLoad Time = Jul 08 2019 15:02:47
* <ApplicationData>
* <Seaterm232>
# nquan = 18
# nvalues = 805                         
# units = specified
# name 0 = depFM: Depth [fresh water, m]
# name 1 = tv290C: Temperature [ITS-90, deg C]
# name 2 = sbeox0Mg/L: Oxygen, SBE 43 [mg/l]
# name 3 = sbeox0PS: Oxygen, SBE 43 [% saturation]
# name 4 = c0uS/cm: Conductivity [uS/cm]
# name 5 = specc: Specific Conductance [uS/cm]
# name 6 = ph: pH
# name 7 = orp: Oxidation Reduction Potential [mV]
# name 8 = flECO-AFL: Fluorescence, WET Labs ECO-AFL/FL [mg/m^3]
# name 9 = turbWETntu0: Turbidity, WET Labs ECO [NTU]
# name 10 = sal00: Salinity, Practical [PSU]
# name 11 = dz/dtM: Descent Rate [m/s]
# name 12 = prdM: Pressure, Strain Gauge [db]
# name 13 = prdE: Pressure, Strain Gauge [psi]
# name 14 = scan: Scan Count
# name 15 = par/sat/log: PAR/Logarithmic, Satlantic
# name 16 = density00: Density [density, kg/m^3]
# name 17 = flag:  0.000e+00
# span 0 =     -0.619,      9.595       
# span 1 =    10.1169,    34.3288       
# span 2 =     0.0694,    14.6989       
# span 3 =      0.618,    166.934       
# span 4 =  -0.367624, 201.637754       
# span 5 =     -0.526,    280.779       
# span 6 =     -2.050,      7.249       
# span 7 = -1240.7455,  1240.2295       
# span 8 =    -0.1407,    10.0599       
# span 9 =    -3.6857,    41.1454       
# span 10 =     0.0000,     0.1319      
# span 11 =     -0.107,      0.230      
# span 12 =     -0.607,      9.409      
# span 13 =     -0.880,     13.647      
# span 14 =          1,        805      
# span 15 = 1.2265e-01, 2.6240e+03      
# span 16 =   994.2583,   999.8119      
# span 17 = 0.0000e+00, 0.0000e+00      
# interval = seconds: 0.25
# start_time = Jul 08 2019 14:49:07 [Instrument's time stamp, header]
# bad_flag = -9.990e-29
*END*
[from data line 563]
      4.166    13.3236     2.3186     21.874  29.092112     37.790      6.528   292.1703     6.8861     1.5487     0.0211      0.098      4.084      5.923        564 2.0325e+01   999.3521 0.0000e+00
      4.189    13.2484     2.3971     22.586  29.135546     37.953      6.522   292.4732     6.8556     1.5343     0.0211      0.101      4.106      5.955        565 2.0051e+01   999.3641 0.0000e+00
      4.204    13.1596     2.5050     23.577  28.972574     37.800      6.519   291.4132     5.7760     1.6785     0.0210      0.101      4.123      5.981        566 1.9695e+01   999.3729 0.0000e+00
      4.223    13.0853     2.6143     24.599  28.732092     37.545      6.516   291.7160     5.7912     1.7939     0.0209      0.098      4.138      6.002        567 1.9359e+01   999.3827 0.0000e+00
      4.234    13.0084     2.7283     25.674  28.546120     37.415      6.513   291.9432     5.7912     1.6785     0.0208      0.091      4.148      6.017        568 1.9362e+01   999.3942 0.0000e+00
      4.234    12.9532     2.8319     26.658  28.374568     37.229      6.506   292.5110     5.7760     1.6352     0.0207      0.077      4.153      6.024        569 1.9360e+01   999.4037 0.0000e+00
      4.239    12.9228     2.9362     27.670  28.471632     37.454      6.502   296.1453     4.0326     1.6208     0.0207      0.063      4.161      6.034        570 1.9133e+01   999.4135 0.0000e+00
      4.254    12.8894     3.0346     28.636  28.484602     37.545      6.499   296.0318     4.0288     1.6641     0.0207      0.053      4.178      6.059        571 1.8547e+01   999.4206 0.0000e+00
      4.287    12.8561     3.1158     29.434  28.269580     37.242      6.501   296.4860     4.0250     1.7650     0.0206      0.050      4.205      6.099        572 1.7850e+01   999.4244 0.0000e+00
      4.321    12.7985     3.1809     30.059  28.502248     37.609      6.496   297.0918     3.9945     1.6929     0.0207      0.055      4.236      6.144        573 1.7357e+01   999.4289 0.0000e+00
      4.351    12.7301     3.2280     30.497  28.906039     38.192      6.493   295.9560     3.9983     1.6785     0.0210      0.066      4.265      6.186        574 1.6763e+01   999.4335 0.0000e+00
      4.378    12.6720     3.2602     30.810  28.981674     38.326      6.487   296.0696     3.6626     1.9092     0.0210      0.078      4.287      6.217        575 1.6589e+01   999.4408 0.0000e+00
      4.385    12.6255     3.2795     30.984  29.000631     38.433      6.482   298.2653     3.6435     1.9092     0.0210      0.087      4.295      6.230        576 1.6781e+01   999.4493 0.0000e+00
      4.377    12.6122     3.2630     30.804  28.912099     38.379      6.477   299.5903     3.6473     1.9813     0.0210      0.086      4.294      6.228        577 1.6771e+01   999.4564 0.0000e+00
      4.376    12.6151     3.2626     30.735  28.854879     38.318      6.476   299.5903     3.6779     1.8948     0.0209      0.076      4.291      6.224        578 1.6822e+01   999.4620 0.0000e+00
      4.374    12.6313     3.2540     30.572  29.012607     38.589      6.471   299.7418     3.0980     1.9525     0.0210      0.058      4.289      6.221        579 1.6953e+01   999.4637 0.0000e+00
      4.371    12.6802     3.2435     30.376  29.041684     38.587      6.472   299.5525     3.0904     1.9236     0.0210      0.035      4.289      6.221        580 1.6841e+01   999.4634 0.0000e+00
      4.378    12.7389     3.2360     30.215  29.026065     38.571      6.468   299.8553     3.1133     2.0102     0.0210      0.018      4.294      6.228        581 1.6639e+01   999.4614 0.0000e+00
      4.387    12.7882     3.2270     30.059  29.091287     38.594      6.465   299.5146     3.1056     1.8660     0.0211      0.007      4.300      6.238        582 1.6559e+01   999.4555 0.0000e+00
      4.391    12.8016     3.2309     30.036  29.108622     38.571      6.464   298.3032     3.0370     1.8804     0.0211      0.004      4.305      6.244        583 1.6485e+01   999.4482 0.0000e+00
      4.392    12.7961     3.2516     30.167  29.034095     38.410      6.462   299.3253     3.0446     1.9381     0.0210      0.006      4.308      6.249        584 1.6497e+01   999.4421 0.0000e+00
      4.397    12.8026     3.2868     30.442  29.035893     38.394      6.459   299.6661     3.0713     2.0534     0.0210      0.012      4.315      6.258        585 1.6252e+01   999.4405 0.0000e+00
      4.410    12.7943     3.3148     30.658  29.076752     38.478      6.457   301.2939     3.0408     1.8804     0.0211      0.017      4.327      6.275        586 1.5926e+01   999.4412 0.0000e+00
      4.427    12.7541     3.3687     31.128  29.042496     38.392      6.454   301.6725     2.8043     1.8515     0.0210      0.024      4.345      6.301        587 1.5606e+01   999.4405 0.0000e+00
      4.453    12.6665     3.4225     31.600  29.078525     38.480      6.452   302.5054     2.7814     1.9525     0.0211      0.035      4.370      6.338        588 1.4946e+01   999.4417 0.0000e+00
      4.490    12.5434     3.4882     32.177  28.587554     37.887      6.448   298.1518     2.7890     1.8948     0.0208      0.048      4.399      6.381        589 1.4380e+01   999.4466 0.0000e+00
      4.514    12.4039     3.5478     32.681  27.876077     36.942      6.446   299.1361     2.8119     1.9813     0.0204      0.063      4.423      6.416        590 1.4180e+01   999.4572 0.0000e+00
      4.526    12.2703     3.6157     33.260  27.742199     36.986      6.442   300.0068     3.1896     2.1255     0.0203      0.074      4.442      6.443        591 1.3912e+01   999.4722 0.0000e+00
      4.549    12.1668     3.6529     33.569  27.687768     36.977      6.438   300.0068     3.1591     2.2265     0.0203      0.084      4.466      6.477        592 1.3301e+01   999.4891 0.0000e+00
      4.586    12.0770     3.6902     33.884  27.647640     37.109      6.438   302.8082     3.1705     2.2120     0.0203      0.094      4.500      6.526        593 1.2626e+01   999.5051 0.0000e+00
      4.630    11.9896     3.7136     34.064  27.555205     37.063      6.428   303.3004     3.1629     2.2120     0.0202      0.104      4.540      6.585        594 1.1955e+01   999.5174 0.0000e+00
      4.673    11.9134     3.7391     34.264  27.506616     37.075      6.423   303.5275     3.1705     2.1976     0.0202      0.114      4.578      6.641        595 1.1435e+01   999.5280 0.0000e+00
      4.703    11.8546     3.7622     34.448  27.648898     37.391      6.421   298.1518     2.2206     2.5004     0.0203      0.120      4.608      6.684        596 1.1218e+01   999.5382 0.0000e+00
      4.720    11.8124     3.7872     34.646  27.733643     37.543      6.418   299.0982     2.2473     2.5293     0.0203      0.122      4.631      6.717        597 1.0971e+01   999.5470 0.0000e+00
      4.745    11.7775     3.8040     34.779  27.756654     37.680      6.416   299.1361     2.2664     2.5437     0.0203      0.124      4.656      6.753        598 1.0485e+01   999.5538 0.0000e+00
      4.780    11.7352     3.8271     34.965  27.679529     37.570      6.413   301.5968     2.2664     2.5870     0.0203      0.127      4.685      6.796        599 1.0040e+01   999.5587 0.0000e+00
      4.807    11.6755     3.8475     35.126  27.711149     37.683      6.411   301.2561     1.5836     3.2935     0.0203      0.123      4.710      6.832        600 9.8342e+00   999.5627 0.0000e+00
      4.820    11.6151     3.8814     35.416  27.776564     37.800      6.410   301.8618     1.5836     3.1926     0.0203      0.113      4.728      6.858        601 9.6899e+00   999.5675 0.0000e+00
      4.839    11.5726     3.9078     35.639  27.983237     38.130      6.407   299.5903     1.5645     3.1493     0.0204      0.101      4.749      6.888        602 9.3493e+00   999.5743 0.0000e+00
      4.870    11.5361     3.9493     36.003  28.164926     38.497      6.409   299.5525     1.5836     3.1637     0.0206      0.095      4.775      6.926        603 8.9834e+00   999.5811 0.0000e+00
      4.900    11.4906     3.9985     36.456  27.846711     38.046      6.406   299.8932     1.5988     2.5149     0.0204      0.096      4.803      6.966        604 8.7378e+00   999.5857 0.0000e+00
      4.924    11.4481     4.0526     36.968  27.668312     37.854      6.401   299.8175     1.5950     2.5149     0.0203      0.097      4.826      7.000        605 8.4924e+00   999.5897 0.0000e+00
      4.940    11.4119     4.1081     37.453  27.764871     38.055      6.400   299.7418     1.5530     2.5870     0.0203      0.095      4.844      7.026        606 8.3702e+00   999.5948 0.0000e+00
      4.954    11.3760     4.1851     38.107  27.608070     37.870      6.396   302.0511     1.5797     2.6158     0.0202      0.089      4.861      7.050        607 8.1436e+00   999.5993 0.0000e+00
      4.976    11.3480     4.2661     38.790  27.804217     38.137      6.397   302.0132     1.7323     2.4428     0.0203      0.087      4.880      7.077        608 7.8676e+00   999.6034 0.0000e+00
      4.996    11.3179     4.3262     39.297  28.142871     38.751      6.396   300.9153     1.7056     2.1976     0.0206      0.086      4.897      7.102        609 7.7688e+00   999.6075 0.0000e+00
      5.008    11.2861     4.3891     39.828  27.867967     38.281      6.393   300.8396     1.6789     2.4139     0.0204      0.081      4.911      7.124        610 7.6319e+00   999.6104 0.0000e+00
      5.022    11.2617     4.4245     40.116  27.642746     38.082      6.391   300.8396     1.6942     2.4139     0.0203      0.073      4.924      7.142        611 7.5249e+00   999.6136 0.0000e+00
      5.033    11.2414     4.4659     40.463  27.504851     37.885      6.391   301.0668     1.5378     2.5293     0.0202      0.066      4.934      7.157        612 7.4386e+00   999.6169 0.0000e+00
      5.039    11.2229     4.4978     40.719  27.417509     37.795      6.388   300.9911     1.5149     2.6014     0.0201      0.060      4.942      7.168        613 7.4135e+00   999.6194 0.0000e+00
      5.045    11.2294     4.5328     41.005  27.484848     37.932      6.388   301.9375     1.5263     2.5437     0.0202      0.053      4.956      7.188        614 7.2534e+00   999.6216 0.0000e+00
      5.078    11.2482     4.5617     41.240  27.509925     37.950      6.385   302.8461     1.5187     2.5437     0.0202      0.053      4.988      7.235        615 6.7070e+00   999.6237 0.0000e+00
      5.139    11.2256     4.5480     41.104  27.297439     37.715      6.375   307.3889     1.5607     2.8177     0.0201      0.065      5.037      7.305        616 6.2030e+00   999.6232 0.0000e+00
      5.189    11.1700     4.4924     40.584  27.304945     37.575      6.375   306.1396     1.5263     2.7456     0.0200      0.084      5.083      7.372        617 5.9654e+00   999.6215 0.0000e+00
      5.218    11.1123     4.4082     39.798  27.470961     38.026      6.372   306.1775     1.5263     2.7311     0.0202      0.104      5.119      7.424        618 5.7917e+00   999.6240 0.0000e+00
      5.252    11.0656     4.3027     38.825  26.824252     37.002      6.370   306.4046     1.4806     2.7311     0.0197      0.122      5.155      7.477        619 5.5061e+00   999.6297 0.0000e+00
      5.303    11.0238     4.1808     37.706  26.717546     36.986      6.366   304.8525     1.5187     2.7600     0.0197      0.142      5.200      7.542        620 5.1678e+00   999.6359 0.0000e+00
      5.353    10.9877     4.0652     36.642  27.840761     38.580      6.364   305.0418     1.4691     2.7456     0.0204      0.161      5.247      7.611        621 4.8973e+00   999.6414 0.0000e+00
      5.396    10.9561     3.9697     35.758  28.803450     40.021      6.363   311.2882     1.4691     2.8465     0.0210      0.171      5.290      7.672        622 4.6552e+00   999.6463 0.0000e+00
      5.432    10.9218     3.8893     35.012  28.926198     40.177      6.359   309.8118     1.4272     2.7600     0.0210      0.170      5.326      7.724        623 4.4463e+00   999.6502 0.0000e+00
      5.463    10.8886     3.8408     34.557  28.606355     39.785      6.356   309.5847     1.4539     2.7888     0.0208      0.162      5.356      7.768        624 4.3045e+00   999.6534 0.0000e+00
      5.487    10.8627     3.7999     34.176  28.520137     39.668      6.355   309.8497     1.0800     2.9907     0.0208      0.155      5.381      7.805        625 4.2076e+00   999.6570 0.0000e+00
      5.511    10.8489     3.7488     33.703  28.707638     40.015      6.355   307.7675     1.0800     2.9763     0.0209      0.149      5.407      7.842        626 4.0507e+00   999.6605 0.0000e+00
      5.544    10.8301     3.7058     33.308  28.728520     40.046      6.353   308.3354     1.0953     2.9763     0.0209      0.139      5.437      7.885        627 3.8612e+00   999.6632 0.0000e+00
      5.575    10.8034     3.6792     33.058  28.553409     39.826      6.350   308.5625     1.0686     2.9619     0.0208      0.127      5.467      7.930        628 3.7519e+00   999.6646 0.0000e+00
      5.606    10.7798     3.6730     32.988  28.421956     39.653      6.347   314.5818     0.9541     3.3368     0.0207      0.119      5.500      7.977        629 3.6236e+00   999.6666 0.0000e+00
      5.646    10.7583     3.6880     33.110  29.010622     40.462      6.342   314.6575     0.9732     3.2791     0.0211      0.118      5.538      8.032        630 3.4291e+00   999.6697 0.0000e+00
      5.689    10.7335     3.7142     33.340  29.716828     41.620      6.337   314.8468     0.9808     3.2214     0.0215      0.123      5.578      8.090        631 3.2484e+00   999.6726 0.0000e+00
      5.728    10.7057     3.7524     33.676  29.172479     40.747      6.335   312.9161     0.9541     3.0916     0.0212      0.131      5.616      8.145        632 3.0988e+00   999.6746 0.0000e+00
      5.762    10.6791     3.8123     34.205  28.562308     39.955      6.331   312.8025     0.8893     3.9712     0.0208      0.138      5.648      8.192        633 3.0152e+00   999.6769 0.0000e+00
      5.787    10.6574     3.8674     34.691  28.491314     39.908      6.329   312.4240     0.9084     4.0001     0.0208      0.140      5.673      8.228        634 2.9442e+00   999.6797 0.0000e+00
      5.806    10.6396     3.9223     35.174  28.372106     39.742      6.325   314.3925     0.9084     3.8559     0.0207      0.136      5.693      8.257        635 2.8944e+00   999.6824 0.0000e+00
      5.824    10.6238     3.9529     35.444  28.295933     39.688      6.322   315.3011     0.9160     3.8271     0.0207      0.127      5.713      8.286        636 2.8583e+00   999.6845 0.0000e+00
      5.848    10.6119     3.9691     35.587  28.319504     39.708      6.325   315.7932     0.8969     3.8126     0.0207      0.117      5.739      8.323        637 2.7116e+00   999.6863 0.0000e+00
      5.886    10.5975     3.9805     35.687  28.342782     39.804      6.322   316.3990     0.7825     5.2546     0.0207      0.109      5.773      8.373        638 2.5771e+00   999.6881 0.0000e+00
      5.927    10.5782     3.9780     35.666  28.089230     39.425      6.317   316.7397     0.7977     5.3411     0.0205      0.107      5.808      8.423        639 2.5149e+00   999.6893 0.0000e+00
      5.953    10.5627     3.9745     35.639  27.983329     39.284      6.316   315.3390     0.7863     5.1969     0.0205      0.107      5.834      8.461        640 2.4819e+00   999.6908 0.0000e+00
      5.965    10.5548     3.9640     35.546  28.119093     39.541      6.312   315.2632     0.7901     5.2546     0.0206      0.106      5.851      8.486        641 2.4496e+00   999.6928 0.0000e+00
      5.980    10.5464     3.9369     35.304  28.157268     39.559      6.310   315.3011     0.8397     5.2546     0.0206      0.104      5.868      8.512        642 2.3725e+00   999.6943 0.0000e+00
      6.008    10.5368     3.8963     34.931  28.232064     39.724      6.311   316.8154     0.8549     5.2979     0.0206      0.103      5.893      8.547        643 2.2755e+00   999.6952 0.0000e+00
