Data/DataAlreadyUploadedToEDI/CollatedDataForEDI/CTDData/CTD_2019 (not collated)/070819_fcr10.cnv
* Sea-Bird SBE19plus  Data File:
* FileName = C:\DATA\070819_fcr50_0002.hex
* Software version 2.8.0.119
* Temperature SN = 7809
* Conductivity SN = 7809
* System UpLoad Time = Jul 08 2019 15:01:15
* <ApplicationData>
* <Seaterm232>
# nquan = 18
# nvalues = 397                         
# units = specified
# name 0 = depFM: Depth [fresh water, m]
# name 1 = tv290C: Temperature [ITS-90, deg C]
# name 2 = sbeox0Mg/L: Oxygen, SBE 43 [mg/l]
# name 3 = sbeox0PS: Oxygen, SBE 43 [% saturation]
# name 4 = c0uS/cm: Conductivity [uS/cm]
# name 5 = specc: Specific Conductance [uS/cm]
# name 6 = ph: pH
# name 7 = orp: Oxidation Reduction Potential [mV]
# name 8 = flECO-AFL: Fluorescence, WET Labs ECO-AFL/FL [mg/m^3]
# name 9 = turbWETntu0: Turbidity, WET Labs ECO [NTU]
# name 10 = sal00: Salinity, Practical [PSU]
# name 11 = dz/dtM: Descent Rate [m/s]
# name 12 = prdM: Pressure, Strain Gauge [db]
# name 13 = prdE: Pressure, Strain Gauge [psi]
# name 14 = scan: Scan Count
# name 15 = par/sat/log: PAR/Logarithmic, Satlantic
# name 16 = density00: Density [density, kg/m^3]
# name 17 = flag:  0.000e+00
# span 0 =     -0.616,      2.415       
# span 1 =    20.5865,    30.3181       
# span 2 =    -0.4987,     9.3420       
# span 3 =     -5.612,    114.494       
# span 4 =   0.680570, 272.760661       
# span 5 =      0.598,    296.207       
# span 6 =      4.660,      8.790       
# span 7 = -1240.7455,   939.9458       
# span 8 =    -0.3658,     4.2844       
# span 9 =    -5.2141,    10.5467       
# span 10 =     0.0135,     0.1425      
# span 11 =     -0.118,      0.222      
# span 12 =     -0.604,      2.367      
# span 13 =     -0.876,      3.434      
# span 14 =          1,        397      
# span 15 = 6.6402e+01, 2.5518e+03      
# span 16 =   995.5599,   998.1823      
# span 17 = 0.0000e+00, 0.0000e+00      
# interval = seconds: 0.25
# start_time = Jul 08 2019 11:14:27 [Instrument's time stamp, header]
# bad_flag = -9.990e-29
*END*
[from data line 161]
     -0.061    27.2512     4.6953     59.196  37.996401     36.359      5.835   223.0808     2.0108     2.3995     0.0248      0.002     -0.060     -0.087        162 1.7977e+03   996.4669 0.0000e+00
     -0.060    27.2567     4.6836     59.046  38.016483     36.382      5.838   223.1187     2.0184     2.3274     0.0248      0.002     -0.059     -0.086        163 1.7380e+03   996.4655 0.0000e+00
     -0.060    27.2615     4.6718     58.895  37.996654     36.352      5.838   223.0051     1.9307     2.5293     0.0248      0.002     -0.058     -0.085        164 1.6771e+03   996.4640 0.0000e+00
     -0.059    27.2645     4.6586     58.728  37.991438     36.348      5.840   222.9673     1.9612     2.5004     0.0248      0.003     -0.057     -0.083        165 1.6078e+03   996.4624 0.0000e+00
     -0.059    27.2669     4.6493     58.611  37.993336     36.345      5.841   222.8537     1.9612     2.4716     0.0248      0.003     -0.057     -0.083        166 1.5667e+03   996.4611 0.0000e+00
     -0.058    27.2688     4.6402     58.501  37.994290     36.342      5.843   222.5130     1.9383     2.5149     0.0248      0.003     -0.056     -0.082        167 1.5177e+03   996.4602 0.0000e+00
     -0.056    27.2689     4.6298     58.377  37.960611     36.314      5.844   222.5130     2.0184     2.5870     0.0248      0.003     -0.055     -0.079        168 1.5584e+03   996.4596 0.0000e+00
     -0.054    27.2639     4.6272     58.352  37.946337     36.286      5.845   222.4751     2.0108     2.5293     0.0248      0.003     -0.051     -0.074        169 1.4973e+03   996.4591 0.0000e+00
     -0.047    27.2554     4.6250     58.331  37.923144     36.286      5.845   222.0965     2.0261     2.6590     0.0248      0.005     -0.046     -0.066        170 1.4840e+03   996.4590 0.0000e+00
     -0.039    27.2505     4.6455     58.566  37.811658     36.156      5.843   222.2858     2.0146     2.6446     0.0247      0.009     -0.040     -0.057        171 1.8915e+03   996.4604 0.0000e+00
     -0.036    27.2486     4.9320     62.047  37.788719     36.162      5.842   222.5508     2.0604     2.5149     0.0247      0.012     -0.036     -0.052        172 2.1224e+03   996.4628 0.0000e+00
     -0.035    27.2463     5.7078     71.664  37.803513     36.165      5.839   222.2858     2.0642     2.6302     0.0247      0.014     -0.034     -0.050        173 2.2156e+03   996.4641 0.0000e+00
     -0.034    27.2448     6.5672     82.359  37.852523     36.220      5.833   222.1723     2.0566     2.5581     0.0247      0.014     -0.034     -0.049        174 2.3441e+03   996.4647 0.0000e+00
     -0.034    27.2437     7.3847     92.552  37.875911     36.248      5.830   222.3994     2.0909     2.7167     0.0247      0.014     -0.034     -0.049        175 2.3885e+03   996.4654 0.0000e+00
     -0.034    27.2451     8.0823    101.249  37.804046     36.169      5.829   222.6265     2.1481     2.6446     0.0247      0.012     -0.034     -0.049        176 2.4337e+03   996.4657 0.0000e+00
     -0.034    27.2485     8.6092    107.804  37.793778     36.170      5.833   222.5887     2.1481     2.5870     0.0247      0.008     -0.034     -0.049        177 2.4588e+03   996.4660 0.0000e+00
     -0.034    27.2565     8.9876    112.512  37.888688     36.249      5.836   222.6265     2.1253     2.6014     0.0247      0.005     -0.033     -0.048        178 2.4836e+03   996.4657 0.0000e+00
     -0.034    27.2625     9.1460    114.494  37.893384     36.273      5.842   222.6644     2.1329     2.5870     0.0247      0.002     -0.033     -0.048        179 2.5059e+03   996.4648 0.0000e+00
     -0.034    27.2711     9.1288    114.285  37.965750     36.295      5.841   222.9673     2.1405     2.6446     0.0248      0.001     -0.033     -0.048        180 2.5279e+03   996.4626 0.0000e+00
     -0.033    27.2431     8.9873    112.514  37.828262     36.236      5.847   223.0051     2.1405     2.5725     0.0247      0.001     -0.033     -0.047        181 2.5365e+03   996.4608 0.0000e+00
     -0.033    27.1318     8.8285    110.517  37.264313     35.591      5.849   223.0808     2.1329     2.6302     0.0245      0.001     -0.033     -0.047        182 2.5448e+03   996.4583 0.0000e+00
     -0.034    27.0179     8.6809    108.664  37.126514     35.553      5.853   223.3080     2.1291     2.6735     0.0245      0.001     -0.033     -0.047        183 2.5449e+03   996.4661 0.0000e+00
     -0.033    26.9542     8.5562    107.099  37.229241     35.686      5.853   223.1944     2.1176     2.6879     0.0245      0.000     -0.033     -0.047        184 2.5475e+03   996.4969 0.0000e+00
     -0.033    26.9181     8.4341    105.569  37.195787     35.763      5.854   223.6866     2.0833     2.5004     0.0245      0.000     -0.033     -0.047        185 2.5515e+03   996.5283 0.0000e+00
     -0.033    26.8930     8.3139    104.069  37.168196     35.754      5.858   223.6108     2.0833     2.4860     0.0245      0.000     -0.033     -0.047        186 2.5504e+03   996.5458 0.0000e+00
     -0.033    26.8690     8.1997    102.645  37.145072     35.778      5.860   223.1944     2.0604     2.2986     0.0245      0.000     -0.033     -0.047        187 2.5518e+03   996.5557 0.0000e+00
     -0.033    26.8548     8.1102    101.532  37.106046     35.742      5.863   223.6487     2.0566     2.4283     0.0244      0.000     -0.033     -0.048        188 2.5492e+03   996.5626 0.0000e+00
     -0.034    26.8534     8.0590    100.889  37.098236     35.758      5.863   223.4594     2.0184     2.5293     0.0244     -0.000     -0.033     -0.048        189 2.5321e+03   996.5692 0.0000e+00
     -0.034    26.8571     8.0208    100.404  37.154800     35.822      5.864   223.8758     2.0032     2.4139     0.0245     -0.000     -0.033     -0.048        190 2.5003e+03   996.5731 0.0000e+00
     -0.034    26.8570     7.9932    100.056  37.213471     35.877      5.867   224.0651     2.0108     2.5437     0.0245     -0.000     -0.033     -0.048        191 2.4475e+03   996.5735 0.0000e+00
     -0.033    26.8529     7.9807     99.900  37.203036     35.874      5.870   224.4437     2.0261     2.4860     0.0245     -0.000     -0.033     -0.047        192 2.3770e+03   996.5725 0.0000e+00
     -0.033    26.8497     7.9766     99.847  37.167786     35.820      5.871   224.4437     1.9574     2.6158     0.0245     -0.000     -0.033     -0.047        193 2.2813e+03   996.5725 0.0000e+00
     -0.034    26.8474     7.9858     99.961  37.138797     35.823      5.874   224.4437     1.9612     2.6735     0.0245     -0.000     -0.033     -0.048        194 2.1541e+03   996.5736 0.0000e+00
     -0.034    26.8467     7.9963    100.092  37.120571     35.771      5.876   224.5194     1.9383     2.6302     0.0244     -0.000     -0.033     -0.048        195 2.0096e+03   996.5745 0.0000e+00
     -0.034    26.8487     8.0041    100.193  37.190469     35.881      5.877   224.5951     1.9612     2.6302     0.0245     -0.000     -0.033     -0.048        196 1.8745e+03   996.5751 0.0000e+00
     -0.034    26.8525     8.0118    100.294  37.170355     35.828      5.881   224.8223     1.9460     2.5581     0.0245      0.000     -0.033     -0.048        197 1.7714e+03   996.5753 0.0000e+00
     -0.034    26.8559     8.0217    100.422  37.145604     35.826      5.881   225.0494     1.9383     2.6590     0.0245     -0.000     -0.033     -0.048        198 1.6830e+03   996.5747 0.0000e+00
     -0.033    26.8552     8.0271    100.494  37.161998     35.824      5.880   225.3901     1.9460     2.7167     0.0245     -0.000     -0.033     -0.048        199 1.6115e+03   996.5737 0.0000e+00
     -0.034    26.8518     8.0365    100.615  37.149952     35.821      5.884   225.2766     1.9269     2.5149     0.0245     -0.000     -0.033     -0.048        200 1.5374e+03   996.5727 0.0000e+00
     -0.033    26.8503     8.0327    100.570  37.160595     35.822      5.884   225.2008     2.0108     2.4572     0.0245     -0.000     -0.033     -0.047        201 1.4298e+03   996.5729 0.0000e+00
     -0.033    26.8499     8.0264    100.496  37.148753     35.824      5.885   225.4658     2.0184     2.4572     0.0245      0.000     -0.032     -0.047        202 1.3102e+03   996.5739 0.0000e+00
     -0.033    26.8493     8.0177    100.390  37.164690     35.825      5.888   225.2766     2.0108     2.3851     0.0245      0.001     -0.031     -0.046        203 1.2044e+03   996.5743 0.0000e+00
     -0.031    26.8486     8.0170    100.385  37.200033     35.879      5.888   225.6551     2.0108     2.4860     0.0245      0.001     -0.030     -0.044        204 1.1087e+03   996.5744 0.0000e+00
     -0.031    26.8483     8.0250    100.493  37.164041     35.826      5.890   225.8066     2.0261     2.4860     0.0245      0.002     -0.030     -0.044        205 1.0226e+03   996.5746 0.0000e+00
     -0.031    26.8502     8.0401    100.694  37.150210     35.826      5.891   225.8444     2.0184     2.5870     0.0245      0.002     -0.031     -0.044        206 9.6237e+02   996.5748 0.0000e+00
     -0.032    26.8531     8.0473    100.795  37.157974     35.826      5.893   225.9580     2.0146     2.5725     0.0245      0.001     -0.031     -0.045        207 9.2100e+02   996.5749 0.0000e+00
     -0.033    26.8553     8.0525    100.864  37.154380     35.825      5.895   226.1094     2.0108     2.6014     0.0245      0.001     -0.032     -0.046        208 8.9175e+02   996.5743 0.0000e+00
     -0.034    26.8572     8.0507    100.841  37.154682     35.823      5.895   226.2230     2.0223     2.7311     0.0245      0.000     -0.033     -0.048        209 8.6713e+02   996.5735 0.0000e+00
     -0.035    26.8593     8.0346    100.635  37.157596     35.821      5.895   226.2987     2.0642     2.4572     0.0245     -0.001     -0.034     -0.050        210 8.4248e+02   996.5729 0.0000e+00
     -0.036    26.8612     8.0160    100.399  37.210023     35.874      5.897   226.3744     2.0680     2.6014     0.0245     -0.002     -0.035     -0.050        211 8.1764e+02   996.5724 0.0000e+00
     -0.035    26.8633     8.0082    100.301  37.207978     35.873      5.897   226.6394     2.0566     2.3707     0.0245     -0.003     -0.035     -0.050        212 7.9220e+02   996.5718 0.0000e+00
     -0.035    26.8651     8.0074    100.296  37.160140     35.817      5.898   226.5258     2.0680     2.4860     0.0245     -0.003     -0.034     -0.049        213 7.7461e+02   996.5713 0.0000e+00
     -0.034    26.8674     8.0166    100.415  37.151014     35.816      5.896   226.8666     2.1939     2.6590     0.0245     -0.002     -0.034     -0.049        214 7.6389e+02   996.5707 0.0000e+00
     -0.034    26.8719     8.0293    100.579  37.160062     35.815      5.897   226.7151     2.2054     2.6302     0.0245     -0.001     -0.034     -0.049        215 7.5719e+02   996.5702 0.0000e+00
     -0.034    26.8780     8.0398    100.713  37.148879     35.813      5.898   227.0558     2.1939     2.5870     0.0245     -0.000     -0.034     -0.049        216 7.5609e+02   996.5696 0.0000e+00
     -0.034    26.8837     8.0359    100.667  37.164930     35.810      5.898   226.8666     2.1977     2.7456     0.0245      0.000     -0.034     -0.049        217 7.5830e+02   996.5684 0.0000e+00
     -0.034    26.8862     8.0231    100.511  37.199355     35.860      5.898   227.3208     2.2588     2.4139     0.0245      0.001     -0.033     -0.048        218 7.5927e+02   996.5667 0.0000e+00
     -0.034    26.8856     8.0159    100.431  37.165306     35.802      5.901   227.2830     2.2550     2.4716     0.0245      0.001     -0.033     -0.048        219 7.6009e+02   996.5651 0.0000e+00
     -0.034    26.8834     8.0169    100.458  37.148031     35.800      5.903   227.3587     2.2702     2.4572     0.0245      0.001     -0.033     -0.048        220 7.6215e+02   996.5645 0.0000e+00
     -0.033    26.8817     8.0213    100.529  37.161581     35.800      5.904   227.6237     2.2550     2.4428     0.0245      0.000     -0.033     -0.048        221 7.6156e+02   996.5646 0.0000e+00
     -0.033    26.8823     8.0308    100.666  37.148444     35.802      5.903   227.8508     2.2626     2.4716     0.0245      0.000     -0.034     -0.048        222 7.5770e+02   996.5652 0.0000e+00
     -0.035    26.8844     8.0372    100.761  37.164382     35.803      5.902   228.2673     2.2626     2.5149     0.0245      0.000     -0.034     -0.049        223 7.5415e+02   996.5657 0.0000e+00
     -0.035    26.8870     8.0410    100.828  37.141747     35.803      5.903   228.1916     2.2550     2.4572     0.0245     -0.000     -0.034     -0.049        224 7.5199e+02   996.5656 0.0000e+00
     -0.034    26.8890     8.0402    100.834  37.117340     35.748      5.906   228.2294     2.2626     2.5437     0.0244     -0.000     -0.033     -0.048        225 7.5366e+02   996.5649 0.0000e+00
     -0.033    26.8904     8.0400    100.842  37.135483     35.800      5.906   228.0023     2.2435     2.3851     0.0245     -0.000     -0.033     -0.047        226 7.5584e+02   996.5643 0.0000e+00
     -0.033    26.8917     8.0376    100.823  37.119169     35.744      5.907   228.3430     2.2321     2.5581     0.0244      0.000     -0.032     -0.046        227 7.5841e+02   996.5637 0.0000e+00
     -0.032    26.8949     8.0244    100.672  37.137645     35.797      5.903   228.5701     2.2664     2.5149     0.0245      0.001     -0.032     -0.046        228 7.6467e+02   996.5633 0.0000e+00
     -0.033    26.9005     8.0144    100.561  37.171760     35.796      5.905   228.4187     2.2321     2.4428     0.0245      0.001     -0.032     -0.047        229 7.7508e+02   996.5629 0.0000e+00
     -0.033    26.9080     8.0031    100.426  37.195252     35.848      5.904   228.6459     2.2473     2.5725     0.0245      0.001     -0.033     -0.047        230 7.9157e+02   996.5621 0.0000e+00
     -0.034    26.9174     7.9893    100.256  37.167678     35.790      5.905   228.9109     2.3198     2.4716     0.0245      0.001     -0.033     -0.048        231 8.1337e+02   996.5605 0.0000e+00
     -0.034    26.9270     7.9788    100.123  37.146801     35.785      5.905   229.0623     2.3122     2.5004     0.0245      0.000     -0.033     -0.048        232 8.3690e+02   996.5585 0.0000e+00
     -0.034    26.9357     7.9588     99.871  37.161958     35.779      5.906   229.0623     2.3198     2.3995     0.0245     -0.000     -0.033     -0.048        233 8.7811e+02   996.5559 0.0000e+00
     -0.033    26.9455     7.9483     99.739  37.208083     35.826      5.907   229.3273     2.3046     2.4428     0.0245     -0.000     -0.032     -0.047        234 9.2944e+02   996.5532 0.0000e+00
     -0.033    26.9544     7.9434     99.684  37.267207     35.874      5.904   229.2137     2.3313     2.5149     0.0245     -0.000     -0.032     -0.047        235 9.8549e+02   996.5509 0.0000e+00
     -0.033    26.9605     7.9590     99.885  37.206915     35.813      5.902   229.2894     2.3465     2.4428     0.0245     -0.000     -0.032     -0.047        236 1.0332e+03   996.5482 0.0000e+00
     -0.033    26.9667     7.9752    100.093  37.164570     35.753      5.902   229.1380     2.3274     2.5437     0.0245      0.000     -0.033     -0.047        237 1.1150e+03   996.5457 0.0000e+00
     -0.034    26.9751     7.9918    100.299  37.201359     35.803      5.905   229.3651     2.3007     2.4139     0.0245      0.000     -0.033     -0.047        238 1.1868e+03   996.5440 0.0000e+00
     -0.034    26.9827     8.0127    100.560  37.220398     35.798      5.902   229.6680     2.4762     2.4716     0.0245      0.000     -0.032     -0.046        239 1.3167e+03   996.5424 0.0000e+00
     -0.029    26.9869     8.0182    100.633  37.259414     35.846      5.905   229.2137     2.4304     2.4716     0.0245      0.001     -0.027     -0.040        240 1.3711e+03   996.5401 0.0000e+00
     -0.020    26.9880     8.0162    100.609  37.212071     35.787      5.903   229.3273     2.4533     2.5149     0.0245      0.004     -0.022     -0.031        241 1.1879e+03   996.5380 0.0000e+00
