Data/DataAlreadyUploadedToEDI/CollatedDataForEDI/CTDData/CTD_2019 (not collated)/070819_fcr45.cnv
* Sea-Bird SBE19plus  Data File:
* FileName = C:\DATA\070819_fcr50_0005.hex
* Software version 2.8.0.119
* Temperature SN = 7809
* Conductivity SN = 7809
* System UpLoad Time = Jul 08 2019 15:02:22
* <ApplicationData>
* <Seaterm232>
# nquan = 18
# nvalues = 1033                        
# units = specified
# name 0 = depFM: Depth [fresh water, m]
# name 1 = tv290C: Temperature [ITS-90, deg C]
# name 2 = sbeox0Mg/L: Oxygen, SBE 43 [mg/l]
# name 3 = sbeox0PS: Oxygen, SBE 43 [% saturation]
# name 4 = c0uS/cm: Conductivity [uS/cm]
# name 5 = specc: Specific Conductance [uS/cm]
# name 6 = ph: pH
# name 7 = orp: Oxidation Reduction Potential [mV]
# name 8 = flECO-AFL: Fluorescence, WET Labs ECO-AFL/FL [mg/m^3]
# name 9 = turbWETntu0: Turbidity, WET Labs ECO [NTU]
# name 10 = sal00: Salinity, Practical [PSU]
# name 11 = dz/dtM: Descent Rate [m/s]
# name 12 = prdM: Pressure, Strain Gauge [db]
# name 13 = prdE: Pressure, Strain Gauge [psi]
# name 14 = scan: Scan Count
# name 15 = par/sat/log: PAR/Logarithmic, Satlantic
# name 16 = density00: Density [density, kg/m^3]
# name 17 = flag:  0.000e+00
# span 0 =     -0.601,      6.636       
# span 1 =    10.3904,    27.4726       
# span 2 =     1.7246,    13.6307       
# span 3 =     16.207,    154.984       
# span 4 =   2.388751,  37.532476       
# span 5 =      2.486,     40.179       
# span 6 =      6.512,      7.953       
# span 7 =   192.2272,   528.0967       
# span 8 =    -0.1598,   243.4848       
# span 9 =   -10.9821,   124.8378       
# span 10 =     0.0107,     0.0246      
# span 11 =     -0.147,      0.261      
# span 12 =     -0.589,      6.507      
# span 13 =     -0.854,      9.437      
# span 14 =          1,       1033      
# span 15 = 6.2228e-01, 2.3646e+03      
# span 16 =   996.4019,   999.7136      
# span 17 = 0.0000e+00, 0.0000e+00      
# interval = seconds: 0.25
# start_time = Jul 08 2019 11:30:55 [Instrument's time stamp, header]
# bad_flag = -9.990e-29
*END*
[from data line 965]
      6.243    10.4730     3.3517     30.034  27.875836     39.286      7.263   327.4154     0.7100     4.4471     0.0204      0.060      6.122      8.878        966 1.1386e+00   999.7025 0.0000e+00
      6.256    10.4700     3.3457     29.980  27.894803     39.297      7.262   327.4533     0.6985     4.4038     0.0204      0.062      6.134      8.897        967 1.1312e+00   999.7034 0.0000e+00
      6.267    10.4699     3.3420     29.946  27.879517     39.304      7.262   327.2640     0.7062     4.3606     0.0204      0.062      6.144      8.911        968 1.0956e+00   999.7041 0.0000e+00
      6.272    10.4710     3.3454     29.977  27.894861     39.307      7.260   327.4911     0.7291     4.4038     0.0204      0.060      6.150      8.921        969 1.0948e+00   999.7044 0.0000e+00
      6.277    10.4726     3.3511     30.035  27.875709     39.308      7.258   327.4533     0.8397     4.7499     0.0204      0.054      6.156      8.929        970 1.0919e+00   999.7044 0.0000e+00
      6.284    10.4768     3.3530     30.056  27.873729     39.267      7.257   327.5669     0.8244     4.8509     0.0204      0.046      6.162      8.937        971 1.0531e+00   999.7043 0.0000e+00
      6.290    10.4815     3.3627     30.135  27.867703     39.305      7.256   327.1883     0.8435     4.8941     0.0204      0.038      6.168      8.945        972 1.0686e+00   999.7042 0.0000e+00
      6.294    10.4814     3.3678     30.171  27.853584     39.221      7.257   327.1504     0.8168     4.8653     0.0204      0.031      6.172      8.951        973 1.0610e+00   999.7038 0.0000e+00
      6.297    10.4803     3.3699     30.182  27.950543     39.413      7.254   327.4154     0.9236     4.8797     0.0205      0.025      6.176      8.957        974 1.0460e+00   999.7034 0.0000e+00
      6.303    10.4813     3.3741     30.214  27.895154     39.295      7.252   327.0368     0.8893     4.8653     0.0204      0.022      6.181      8.964        975 1.0398e+00   999.7035 0.0000e+00
      6.305    10.4817     3.3727     30.197  27.833644     39.218      7.252   327.2640     0.8969     4.8364     0.0204      0.019      6.186      8.972        976 1.0215e+00   999.7036 0.0000e+00
      6.316    10.4812     3.3792     30.252  27.908598     39.334      7.249   327.5669     0.8702     4.8076     0.0204      0.020      6.197      8.987        977 1.0172e+00   999.7035 0.0000e+00
      6.334    10.4796     3.3684     30.153  27.890746     39.295      7.250   327.4154     0.7634     4.9662     0.0204      0.024      6.212      9.009        978 9.8001e-01   999.7036 0.0000e+00
      6.351    10.4814     3.3632     30.107  27.885484     39.295      7.247   327.4911     0.7825     4.9085     0.0204      0.030      6.228      9.033        979 9.5668e-01   999.7037 0.0000e+00
      6.366    10.4911     3.3506     29.993  27.885523     39.297      7.247   327.5669     0.7748     4.8653     0.0204      0.037      6.243      9.055        980 9.5514e-01   999.7039 0.0000e+00
      6.381    10.4960     3.3327     29.831  27.890699     39.295      7.246   327.5669     0.7634     4.8509     0.0204      0.045      6.257      9.075        981 9.2572e-01   999.7037 0.0000e+00
      6.393    10.4855     3.3156     29.670  27.967912     39.402      7.246   327.6426     0.7672     4.8941     0.0205      0.051      6.270      9.093        982 9.1763e-01   999.7030 0.0000e+00
      6.405    10.4712     3.3037     29.554  28.026417     39.475      7.247   327.6426     0.7825     4.8509     0.0205      0.055      6.281      9.109        983 9.2075e-01   999.7027 0.0000e+00
      6.417    10.4605     3.2903     29.428  28.025253     39.487      7.246   327.3397     0.8015     4.8509     0.0205      0.056      6.294      9.128        984 8.9427e-01   999.7037 0.0000e+00
      6.432    10.4523     3.2762     29.301  28.028609     39.503      7.244   327.3397     0.7672     4.8941     0.0205      0.055      6.307      9.147        985 8.8964e-01   999.7051 0.0000e+00
      6.444    10.4462     3.2727     29.271  28.081493     39.594      7.242   327.2261     0.7901     5.0095     0.0205      0.053      6.318      9.164        986 8.7780e-01   999.7062 0.0000e+00
      6.454    10.4416     3.2715     29.262  28.137187     39.682      7.238   327.4154     0.8359     5.0527     0.0206      0.050      6.328      9.177        987 8.6281e-01   999.7070 0.0000e+00
      6.460    10.4390     3.2654     29.206  28.137044     39.688      7.239   327.6804     0.8397     5.1248     0.0206      0.047      6.335      9.187        988 8.7286e-01   999.7076 0.0000e+00
      6.465    10.4382     3.2621     29.172  28.140920     39.693      7.239   327.5669     0.8473     5.0239     0.0206      0.043      6.340      9.195        989 8.4133e-01   999.7081 0.0000e+00
      6.469    10.4384     3.2701     29.241  28.191611     39.775      7.236   327.6804     0.8359     5.0095     0.0206      0.038      6.347      9.206        990 8.2290e-01   999.7084 0.0000e+00
      6.484    10.4345     3.2670     29.212  28.133208     39.697      7.236   327.8319     0.7138     5.1104     0.0206      0.036      6.362      9.228        991 8.0120e-01   999.7085 0.0000e+00
      6.512    10.4229     3.2671     29.216  28.095108     39.618      7.231   327.2640     0.7024     5.1681     0.0205      0.039      6.383      9.258        992 7.8377e-01   999.7086 0.0000e+00
      6.530    10.4097     3.2599     29.157  28.179780     39.780      7.231   327.7561     0.7100     5.1537     0.0206      0.043      6.401      9.284        993 7.8142e-01   999.7091 0.0000e+00
      6.539    10.4009     3.2477     29.051  28.264827     39.872      7.227   327.9454     0.7100     5.0960     0.0206      0.048      6.414      9.303        994 7.5988e-01   999.7103 0.0000e+00
      6.554    10.3991     3.2358     28.947  28.285509     39.966      7.226   327.7561     0.7100     5.6728     0.0207      0.053      6.429      9.325        995 7.4523e-01   999.7116 0.0000e+00
      6.575    10.4021     3.2266     28.864  28.213294     39.818      7.225   327.8319     0.7214     5.4853     0.0206      0.060      6.445      9.348        996 7.2506e-01   999.7125 0.0000e+00
      6.586    10.4040     3.2095     28.710  28.176958     39.820      7.224   327.1504     0.7405     5.6007     0.0206      0.064      6.455      9.363        997 7.1421e-01   999.7127 0.0000e+00
      6.588    10.4015     3.1985     28.614  28.212234     39.817      7.217   327.5669     0.7252     5.4565     0.0206      0.061      6.460      9.370        998 7.1762e-01   999.7124 0.0000e+00
      6.589    10.3958     3.1933     28.572  28.287888     39.972      7.218   327.0368     0.7100     6.2352     0.0207      0.052      6.462      9.372        999 7.1440e-01   999.7123 0.0000e+00
      6.589    10.3916     3.1936     28.581  28.379045     40.054      7.218   326.9233     0.7291     6.2207     0.0207      0.040      6.462      9.372       1000 7.1123e-01   999.7125 0.0000e+00
      6.590    10.3904     3.1941     28.593  28.424655     40.179      7.217   327.1504     0.7291     6.3217     0.0207      0.031      6.462      9.373       1001 7.0627e-01   999.7131 0.0000e+00
      6.591    10.3936     3.1965     28.617  28.379249     40.065      7.218   327.2640     0.7100     6.1919     0.0207      0.022      6.463      9.374       1002 7.0904e-01   999.7135 0.0000e+00
      6.591    10.4008     3.2005     28.652  28.346681     40.066      7.216   326.9990     0.7024     5.7449     0.0207      0.013      6.464      9.375       1003 7.2975e-01   999.7136 0.0000e+00
      6.592    10.4071     3.2106     28.740  28.257819     39.905      7.214   326.7340     0.7138     5.7016     0.0206      0.006      6.464      9.376       1004 7.2064e-01   999.7133 0.0000e+00
      6.592    10.4098     3.2195     28.820  28.252846     39.897      7.211   326.6204     0.7176     5.7881     0.0206      0.003      6.465      9.376       1005 7.0819e-01   999.7126 0.0000e+00
      6.593    10.4094     3.2222     28.843  28.293620     39.969      7.212   326.6583     0.7252     5.7305     0.0207      0.002      6.465      9.377       1006 7.1109e-01   999.7120 0.0000e+00
      6.594    10.4083     3.2315     28.923  28.266320     39.887      7.210   326.6961     0.6985     5.7593     0.0206      0.002      6.466      9.378       1007 7.1980e-01   999.7117 0.0000e+00
      6.594    10.4109     3.2393     28.997  28.286819     39.966      7.210   326.4690     0.7786     5.4853     0.0207      0.002      6.467      9.379       1008 7.2470e-01   999.7118 0.0000e+00
      6.595    10.4181     3.2464     29.068  28.268109     39.888      7.209   326.8097     0.7634     5.5574     0.0206      0.002      6.468      9.380       1009 7.0103e-01   999.7119 0.0000e+00
      6.597    10.4285     3.2477     29.093  28.289604     39.965      7.208   326.5068     0.7596     5.5718     0.0207      0.003      6.469      9.382       1010 7.2920e-01   999.7117 0.0000e+00
      6.598    10.4382     3.2402     29.029  28.260068     39.877      7.208   326.4311     0.7825     5.5430     0.0206      0.003      6.470      9.385       1011 7.2693e-01   999.7110 0.0000e+00
      6.600    10.4427     3.2366     28.994  28.245616     39.866      7.206   326.2797     0.7786     5.5142     0.0206      0.004      6.473      9.388       1012 6.7952e-01   999.7100 0.0000e+00
      6.604    10.4417     3.2345     28.970  28.248337     39.854      7.205   326.3176     0.7825     5.5718     0.0206      0.005      6.477      9.393       1013 7.0107e-01   999.7091 0.0000e+00
      6.608    10.4376     3.2278     28.911  28.256677     39.850      7.203   326.4311     0.7825     5.4997     0.0206      0.007      6.481      9.399       1014 6.7408e-01   999.7087 0.0000e+00
      6.613    10.4377     3.2211     28.856  28.294484     39.929      7.201   326.6583     0.7672     5.5430     0.0207      0.009      6.485      9.406       1015 6.5512e-01   999.7089 0.0000e+00
      6.618    10.4362     3.2118     28.779  28.319784     39.935      7.201   326.5447     0.6947     5.3123     0.0207      0.012      6.490      9.413       1016 6.7687e-01   999.7092 0.0000e+00
      6.623    10.4327     3.2124     28.789  28.343688     40.013      7.201   326.2797     0.6566     5.2979     0.0207      0.014      6.494      9.419       1017 6.4786e-01   999.7093 0.0000e+00
      6.626    10.4365     3.2211     28.868  28.323985     39.935      7.197   326.3554     0.6642     5.2979     0.0207      0.015      6.498      9.423       1018 6.4435e-01   999.7095 0.0000e+00
      6.628    10.4496     3.2329     28.973  28.344307     40.019      7.199   325.9011     0.6871     5.3700     0.0207      0.016      6.499      9.426       1019 6.5513e-01   999.7098 0.0000e+00
      6.627    10.4667     3.2439     29.069  28.318398     39.935      7.196   325.7876     0.7024     5.9179     0.0207      0.015      6.499      9.426       1020 6.6153e-01   999.7094 0.0000e+00
      6.627    10.4732     3.2552     29.163  28.237729     39.843      7.198   325.8633     0.7291     6.0333     0.0206      0.012      6.499      9.425       1021 6.7224e-01   999.7081 0.0000e+00
      6.626    10.4689 -9.990e-29 -9.990e-29  28.207701     39.743      7.196   326.0526     0.7214     6.0189     0.0206      0.009      6.498      9.424       1022 6.5854e-01   999.7065 0.0000e+00
      6.626    10.4630 -9.990e-29 -9.990e-29  28.237267     39.816      7.193   326.1283     0.7481     5.9756     0.0206      0.006      6.498      9.424       1023 6.6048e-01   999.7059 0.0000e+00
      6.627    10.4631 -9.990e-29 -9.990e-29  28.200933     39.741      7.195   325.9011     0.7405     5.1248     0.0206      0.003      6.499      9.425       1024 6.4728e-01   999.7064 0.0000e+00
      6.628    10.4709 -9.990e-29 -9.990e-29  28.193672     39.749      7.194   325.5983     0.7252     4.9518     0.0206      0.001      6.500      9.427       1025 6.2368e-01   999.7069 0.0000e+00
      6.629    10.4805 -9.990e-29 -9.990e-29  28.246304     39.827      7.192   325.9011     0.7176     5.1104     0.0206      0.001      6.501      9.428       1026 6.4381e-01   999.7069 0.0000e+00
      6.629    10.4870 -9.990e-29 -9.990e-29  28.253928     39.818      7.188   325.4090     0.7138     5.0672     0.0206      0.001      6.501      9.429       1027 6.3706e-01   999.7062 0.0000e+00
      6.630    10.4882 -9.990e-29 -9.990e-29  28.243430     39.807      7.188   325.7497     0.7062     5.0527     0.0206      0.002      6.502      9.430       1028 6.2418e-01   999.7052 0.0000e+00
      6.632    10.4881 -9.990e-29 -9.990e-29  28.318613     39.879      7.189   325.7497     0.7825     4.9085     0.0207      0.003      6.504      9.433       1029 6.2722e-01   999.7047 0.0000e+00
      6.634    10.4817 -9.990e-29 -9.990e-29  28.397352     40.034      7.189   325.5604     0.7748     4.7788     0.0207      0.004      6.506      9.436       1030 6.3134e-01   999.7046 0.0000e+00
      6.636    10.4745 -9.990e-29 -9.990e-29  28.323182     39.878      7.187   325.6740     0.7786     4.8653     0.0207      0.005      6.507      9.437       1031 6.2838e-01   999.7046 0.0000e+00
      6.635 -9.990e-29 -9.990e-29 -9.990e-29  28.292421     39.884      7.186   325.5226     0.7939     4.8364     0.0207      0.005      6.507      9.437       1032 6.2228e-01   999.7052 0.0000e+00
      6.636 -9.990e-29 -9.990e-29 -9.990e-29  28.317140     39.894      7.186   325.3711     0.7519     5.0816     0.0207      0.005      6.507      9.437       1033 6.3032e-01   999.7059 0.0000e+00
