Data/DataAlreadyUploadedToEDI/CollatedDataForEDI/CTDData/CTD_2019 (not collated)/070819_fcr45.cnv
* Sea-Bird SBE19plus  Data File:
* FileName = C:\DATA\070819_fcr50_0005.hex
* Software version 2.8.0.119
* Temperature SN = 7809
* Conductivity SN = 7809
* System UpLoad Time = Jul 08 2019 15:02:22
* <ApplicationData>
* <Seaterm232>
# nquan = 18
# nvalues = 1033                        
# units = specified
# name 0 = depFM: Depth [fresh water, m]
# name 1 = tv290C: Temperature [ITS-90, deg C]
# name 2 = sbeox0Mg/L: Oxygen, SBE 43 [mg/l]
# name 3 = sbeox0PS: Oxygen, SBE 43 [% saturation]
# name 4 = c0uS/cm: Conductivity [uS/cm]
# name 5 = specc: Specific Conductance [uS/cm]
# name 6 = ph: pH
# name 7 = orp: Oxidation Reduction Potential [mV]
# name 8 = flECO-AFL: Fluorescence, WET Labs ECO-AFL/FL [mg/m^3]
# name 9 = turbWETntu0: Turbidity, WET Labs ECO [NTU]
# name 10 = sal00: Salinity, Practical [PSU]
# name 11 = dz/dtM: Descent Rate [m/s]
# name 12 = prdM: Pressure, Strain Gauge [db]
# name 13 = prdE: Pressure, Strain Gauge [psi]
# name 14 = scan: Scan Count
# name 15 = par/sat/log: PAR/Logarithmic, Satlantic
# name 16 = density00: Density [density, kg/m^3]
# name 17 = flag:  0.000e+00
# span 0 =     -0.601,      6.636       
# span 1 =    10.3904,    27.4726       
# span 2 =     1.7246,    13.6307       
# span 3 =     16.207,    154.984       
# span 4 =   2.388751,  37.532476       
# span 5 =      2.486,     40.179       
# span 6 =      6.512,      7.953       
# span 7 =   192.2272,   528.0967       
# span 8 =    -0.1598,   243.4848       
# span 9 =   -10.9821,   124.8378       
# span 10 =     0.0107,     0.0246      
# span 11 =     -0.147,      0.261      
# span 12 =     -0.589,      6.507      
# span 13 =     -0.854,      9.437      
# span 14 =          1,       1033      
# span 15 = 6.2228e-01, 2.3646e+03      
# span 16 =   996.4019,   999.7136      
# span 17 = 0.0000e+00, 0.0000e+00      
# interval = seconds: 0.25
# start_time = Jul 08 2019 11:30:55 [Instrument's time stamp, header]
# bad_flag = -9.990e-29
*END*
[from data line 161]
     -0.111    26.4006     5.1754     64.176  35.487069     34.495      7.117   270.2131     2.4152     2.3995     0.0238      0.000     -0.109     -0.158        162 5.6194e+02   996.6899 0.0000e+00
     -0.111    26.3921     5.1587     63.962  35.472617     34.502      7.117   270.4781     2.4190     2.4139     0.0238      0.000     -0.109     -0.159        163 5.4713e+02   996.6931 0.0000e+00
     -0.112    26.3836     5.1512     63.862  35.429047     34.454      7.121   269.9481     2.2473     2.1399     0.0238      0.000     -0.110     -0.160        164 5.3836e+02   996.6957 0.0000e+00
     -0.113    26.3753     5.1365     63.671  35.422766     34.460      7.124   270.2888     2.2321     2.1976     0.0238     -0.000     -0.110     -0.160        165 5.3600e+02   996.6979 0.0000e+00
     -0.112    26.3686     5.1251     63.522  35.480439     34.520      7.126   270.3645     2.2359     2.2409     0.0238     -0.000     -0.109     -0.159        166 5.3857e+02   996.7002 0.0000e+00
     -0.110    26.3625     5.1128     63.365  35.475809     34.526      7.127   270.1753     2.2168     2.2553     0.0238      0.000     -0.108     -0.157        167 5.4255e+02   996.7024 0.0000e+00
     -0.111    26.3549     5.1048     63.260  35.428531     34.476      7.130   270.5917     2.1977     2.5004     0.0238      0.000     -0.108     -0.157        168 5.4549e+02   996.7042 0.0000e+00
     -0.111    26.3469     5.0891     63.060  35.420746     34.480      7.131   270.5917     2.1901     2.4139     0.0238      0.000     -0.109     -0.158        169 5.4557e+02   996.7058 0.0000e+00
     -0.112    26.3389     5.0839     62.992  35.426235     34.485      7.132   270.5160     2.1672     2.5149     0.0238      0.000     -0.110     -0.159        170 5.4171e+02   996.7079 0.0000e+00
     -0.112    26.3324     5.1077     63.422  35.421704     34.490      7.133   270.6295     2.1825     2.5004     0.0238      0.000     -0.110     -0.159        171 5.3742e+02   996.7100 0.0000e+00
     -0.111    26.3268     5.3826     67.277  35.426387     34.496      7.134   270.8188     2.1825     2.4860     0.0238      0.000     -0.109     -0.158        172 5.3305e+02   996.7122 0.0000e+00
     -0.110    26.3210     6.0040     75.442  35.420411     34.500      7.137   270.7053     2.1748     2.4139     0.0238      0.001     -0.108     -0.157        173 5.2918e+02   996.7140 0.0000e+00
     -0.110    26.3141     6.7683     85.291  35.369879     34.450      7.138   270.7810     2.1748     2.3562     0.0238      0.000     -0.108     -0.156        174 5.2754e+02   996.7155 0.0000e+00
     -0.110    26.3070     7.5046     94.711  35.370744     34.453      7.138   270.6674     2.1939     2.3707     0.0238      0.000     -0.108     -0.156        175 5.2434e+02   996.7170 0.0000e+00
     -0.110    26.3005     8.1376    102.794  35.419338     34.512      7.142   270.4403     2.2550     2.4860     0.0238      0.001     -0.109     -0.157        176 5.1950e+02   996.7189 0.0000e+00
     -0.112    26.2968     8.6255    109.033  35.427939     34.517      7.144   270.6295     2.2244     2.4428     0.0238      0.000     -0.109     -0.158        177 5.1381e+02   996.7209 0.0000e+00
     -0.111    26.2908     8.9672    113.402  35.360042     34.467      7.144   271.2731     2.2168     2.3562     0.0238      0.000     -0.109     -0.158        178 5.0288e+02   996.7225 0.0000e+00
     -0.112    26.2881     9.1194    115.351  35.444572     34.524      7.142   271.3867     2.2130     2.3995     0.0238     -0.000     -0.110     -0.159        179 4.9261e+02   996.7236 0.0000e+00
     -0.113    26.2808     9.1071    115.201  35.322747     34.473      7.139   271.4624     2.1939     2.2841     0.0238     -0.001     -0.110     -0.160        180 4.9024e+02   996.7250 0.0000e+00
     -0.112    26.4116     8.9856    113.660  35.511653     34.531      7.137   267.9417     2.2283     2.1976     0.0238     -0.002     -0.110     -0.159        181 4.9325e+02   996.7259 0.0000e+00
     -0.111    26.7593     8.8387    111.804  36.720806     35.868      7.138   270.8567     2.2283     2.2265     0.0243     -0.001     -0.109     -0.158        182 4.9449e+02   996.7282 0.0000e+00
     -0.110    27.0620     8.7134    110.226  37.403684     36.356      7.140   270.5160     2.2321     2.2409     0.0246     -0.000     -0.109     -0.158        183 4.9038e+02   996.6932 0.0000e+00
     -0.111    27.2196     8.6159    109.001  37.388119     36.126      7.137   270.9324     2.2168     2.1399     0.0246      0.000     -0.110     -0.159        184 4.8492e+02   996.5989 0.0000e+00
     -0.113    27.3067     8.5410    108.062  37.392004     35.894      7.135   271.0838     2.2817     2.2697     0.0245     -0.000     -0.111     -0.160        185 4.8059e+02   996.5159 0.0000e+00
     -0.114    27.3573     8.4796    107.288  37.369071     35.784      7.131   271.3488     2.3007     2.2409     0.0245     -0.001     -0.111     -0.161        186 4.7811e+02   996.4723 0.0000e+00
     -0.113    27.3972     8.4330    106.701  37.386934     35.726      7.131   271.1974     2.3313     2.1688     0.0245     -0.000     -0.111     -0.160        187 4.7791e+02   996.4482 0.0000e+00
     -0.112    27.4212     8.4067    106.373  37.458631     35.771      7.134   271.1217     2.2740     2.1399     0.0246     -0.000     -0.110     -0.159        188 4.7723e+02   996.4340 0.0000e+00
     -0.110    27.4333     8.3837    106.090  37.516901     35.797      7.137   271.5003     2.3618     2.4572     0.0246     -0.000     -0.109     -0.158        189 4.7363e+02   996.4230 0.0000e+00
     -0.111    27.4357     8.3682    105.903  37.462578     35.727      7.139   271.1974     2.3618     2.3562     0.0246      0.000     -0.109     -0.158        190 4.6951e+02   996.4163 0.0000e+00
     -0.112    27.4339     8.3594    105.799  37.378044     35.640      7.141   271.4245     2.3656     2.5149     0.0245      0.000     -0.110     -0.160        191 4.6600e+02   996.4128 0.0000e+00
     -0.114    27.4349     8.3496    105.681  37.385008     35.638      7.139   271.1595     2.3656     2.3130     0.0245      0.000     -0.111     -0.161        192 4.6292e+02   996.4122 0.0000e+00
     -0.113    27.4386     8.3374    105.531  37.453909     35.719      7.144   271.0838     2.4114     2.3562     0.0246      0.000     -0.110     -0.160        193 4.6006e+02   996.4128 0.0000e+00
     -0.111    27.4431     8.3112    105.202  37.470113     35.718      7.146   271.2353     2.4266     2.4716     0.0246      0.000     -0.109     -0.159        194 4.5700e+02   996.4125 0.0000e+00
     -0.111    27.4472     8.2659    104.628  37.453750     35.716      7.150   271.2731     2.3885     2.3851     0.0246      0.000     -0.109     -0.158        195 4.5447e+02   996.4114 0.0000e+00
     -0.112    27.4489     8.2126    103.949  37.474272     35.713      7.153   271.1595     2.4114     2.3562     0.0246     -0.000     -0.110     -0.159        196 4.5230e+02   996.4101 0.0000e+00
     -0.113    27.4502     8.1773    103.501  37.444571     35.710      7.154   271.1974     2.3198     2.4572     0.0246     -0.000     -0.111     -0.160        197 4.4916e+02   996.4089 0.0000e+00
     -0.113    27.4524     8.1405    103.036  37.401802     35.629      7.157   271.6138     2.3465     2.4139     0.0245     -0.000     -0.111     -0.160        198 4.4694e+02   996.4085 0.0000e+00
     -0.112    27.4570     8.1077    102.621  37.497861     35.761      7.158   271.7653     2.3808     2.4428     0.0246      0.000     -0.110     -0.159        199 4.4593e+02   996.4082 0.0000e+00
     -0.111    27.4619     8.0799    102.269  37.532476     35.760      7.162   271.9167     2.3580     2.3707     0.0246      0.000     -0.110     -0.159        200 4.4390e+02   996.4076 0.0000e+00
     -0.111    27.4655     8.0686    102.124  37.447628     35.703      7.163   272.2953     2.4419     2.3707     0.0246      0.000     -0.110     -0.159        201 4.4135e+02   996.4063 0.0000e+00
     -0.113    27.4689     8.0565    101.967  37.396000     35.620      7.167   272.2195     2.4228     2.4139     0.0245     -0.001     -0.111     -0.160        202 4.3940e+02   996.4049 0.0000e+00
     -0.114    27.4711     8.0550    101.942  37.448545     35.697      7.165   271.9167     2.4228     2.3274     0.0246     -0.001     -0.111     -0.161        203 4.3848e+02   996.4039 0.0000e+00
     -0.113    27.4726     8.0572    101.965  37.471142     35.695      7.167   272.0681     2.4266     2.4860     0.0246     -0.001     -0.110     -0.160        204 4.3707e+02   996.4029 0.0000e+00
     -0.111    27.4722     8.0500    101.871  37.456786     35.694      7.166   271.7653     2.4152     2.5725     0.0246      0.000     -0.109     -0.158        205 4.3505e+02   996.4023 0.0000e+00
     -0.109    27.4698     8.0456    101.810  37.466410     35.693      7.169   272.4088     2.3389     2.4572     0.0246      0.001     -0.108     -0.156        206 4.3284e+02   996.4019 0.0000e+00
     -0.109    27.4691     8.0324    101.640  37.459164     35.693      7.166   272.5603     2.3503     2.4283     0.0246      0.001     -0.108     -0.156        207 4.3170e+02   996.4020 0.0000e+00
     -0.112    27.4699     8.0265    101.565  37.465805     35.695      7.168   272.9010     2.3313     2.4572     0.0246      0.001     -0.110     -0.159        208 4.3043e+02   996.4027 0.0000e+00
     -0.115    27.4700     8.0330    101.646  37.458146     35.695      7.163   272.5603     2.3694     2.4860     0.0246      0.000     -0.112     -0.162        209 4.2803e+02   996.4027 0.0000e+00
     -0.115    27.4695     8.0350    101.670  37.468695     35.694      7.161   272.4088     2.4266     2.4139     0.0246     -0.000     -0.112     -0.162        210 4.2823e+02   996.4026 0.0000e+00
     -0.111    27.4684     8.0304    101.608  37.452677     35.695      7.161   272.4088     2.4190     2.3995     0.0246     -0.000     -0.110     -0.160        211 4.2831e+02   996.4027 0.0000e+00
     -0.110    27.4665     8.0231    101.512  37.418810     35.641      7.163   272.6738     2.4228     2.3418     0.0245     -0.000     -0.108     -0.157        212 4.2579e+02   996.4027 0.0000e+00
     -0.109    27.4634     7.9868    101.054  37.451571     35.695      7.162   272.9010     2.4152     2.4860     0.0246     -0.000     -0.108     -0.157        213 4.2331e+02   996.4031 0.0000e+00
     -0.110    27.4606     7.9412    100.475  37.471177     35.697      7.162   273.0146     2.4228     2.5149     0.0246     -0.000     -0.109     -0.158        214 4.2189e+02   996.4037 0.0000e+00
     -0.112    27.4587     7.9052    100.017  37.453683     35.699      7.161   273.0146     2.4114     2.4572     0.0246      0.000     -0.110     -0.159        215 4.2165e+02   996.4045 0.0000e+00
     -0.113    27.4562     7.8777     99.662  37.473344     35.701      7.164   272.7117     2.4114     2.4139     0.0246      0.001     -0.110     -0.160        216 4.2129e+02   996.4053 0.0000e+00
     -0.113    27.4547     7.8669     99.518  37.446709     35.702      7.169   272.5981     2.4114     2.5004     0.0246      0.001     -0.110     -0.159        217 4.2145e+02   996.4058 0.0000e+00
     -0.111    27.4545     7.8705     99.559  37.397923     35.624      7.166   272.7117     2.4266     2.4860     0.0245      0.000     -0.109     -0.158        218 4.2077e+02   996.4065 0.0000e+00
     -0.111    27.4540     7.8736     99.592  37.445153     35.705      7.167   272.3710     2.4266     2.4716     0.0246     -0.001     -0.109     -0.158        219 4.1879e+02   996.4069 0.0000e+00
     -0.111    27.4529     7.8615     99.430  37.387935     35.625      7.167   272.3331     2.4419     2.4283     0.0245     -0.001     -0.109     -0.158        220 4.1769e+02   996.4069 0.0000e+00
     -0.111    27.4504     7.8579     99.381  37.380223     35.625      7.171   272.7874     2.4266     2.3995     0.0245     -0.000     -0.109     -0.158        221 4.1697e+02   996.4071 0.0000e+00
     -0.111    27.4489     7.8652     99.479  37.454750     35.706      7.169   272.7874     2.4838     2.4139     0.0246      0.000     -0.109     -0.159        222 4.1692e+02   996.4075 0.0000e+00
     -0.112    27.4491     7.8816     99.690  37.413731     35.655      7.169   272.2574     2.5029     2.4283     0.0245      0.001     -0.110     -0.159        223 4.1701e+02   996.4081 0.0000e+00
     -0.112    27.4485     7.8959     99.872  37.460907     35.709      7.175   272.9388     2.4838     2.5149     0.0246      0.000     -0.110     -0.160        224 4.1658e+02   996.4085 0.0000e+00
     -0.112    27.4466     7.9149    100.112  37.455310     35.709      7.176   272.5603     2.4724     2.3562     0.0246     -0.000     -0.110     -0.160        225 4.1573e+02   996.4084 0.0000e+00
     -0.113    27.4428     7.9283    100.283  37.391061     35.629      7.178   272.7496     2.4762     2.3851     0.0245     -0.001     -0.110     -0.159        226 4.1474e+02   996.4086 0.0000e+00
     -0.111    27.4387     7.9301    100.307  37.451960     35.710      7.176   272.9767     2.4991     2.5149     0.0246     -0.001     -0.109     -0.158        227 4.1384e+02   996.4091 0.0000e+00
     -0.110    27.4362     7.9303    100.309  37.409159     35.660      7.176   272.8253     2.4953     2.4283     0.0245      0.000     -0.108     -0.156        228 4.1269e+02   996.4102 0.0000e+00
     -0.109    27.4332     7.9329    100.340  37.385055     35.636      7.177   272.7874     2.4495     2.3995     0.0245      0.001     -0.108     -0.156        229 4.1201e+02   996.4114 0.0000e+00
     -0.110    27.4279     7.9212    100.193  37.452323     35.717      7.174   272.1817     2.4800     2.3995     0.0246      0.001     -0.109     -0.157        230 4.1233e+02   996.4121 0.0000e+00
     -0.112    27.4258     7.9043     99.979  37.473626     35.719      7.164   272.8253     2.4037     2.4572     0.0246      0.001     -0.110     -0.159        231 4.1239e+02   996.4130 0.0000e+00
     -0.113    27.4285     7.8882     99.778  37.447452     35.723      7.163   272.9388     2.4190     2.3418     0.0246      0.000     -0.110     -0.160        232 4.1222e+02   996.4144 0.0000e+00
     -0.113    27.4311     7.8815     99.692  37.395990     35.645      7.161   272.5224     2.4343     2.4139     0.0245     -0.000     -0.110     -0.160        233 4.1123e+02   996.4149 0.0000e+00
     -0.113    27.4316     7.8793     99.663  37.448764     35.723      7.167   272.9010     2.4114     2.5293     0.0246     -0.001     -0.109     -0.159        234 4.0966e+02   996.4142 0.0000e+00
     -0.111    27.4311     7.8690     99.535  37.470683     35.721      7.167   273.0146     2.4800     2.3562     0.0246     -0.001     -0.108     -0.158        235 4.0946e+02   996.4134 0.0000e+00
     -0.110    27.4319     7.8560     99.372  37.457618     35.720      7.172   272.6738     2.4648     2.4860     0.0246     -0.001     -0.108     -0.157        236 4.0924e+02   996.4133 0.0000e+00
     -0.110    27.4331     7.8405     99.176  37.465022     35.721      7.175   272.6360     2.4762     2.4428     0.0246      0.000     -0.108     -0.158        237 4.0948e+02   996.4135 0.0000e+00
     -0.112    27.4326     7.8379     99.144  37.461467     35.720      7.180   272.4845     2.4953     2.4139     0.0246      0.001     -0.109     -0.158        238 4.0982e+02   996.4132 0.0000e+00
     -0.111    27.4316     7.8564     99.379  37.462040     35.719      7.181   272.9767     2.4991     2.3707     0.0246      0.001     -0.109     -0.158        239 4.0921e+02   996.4129 0.0000e+00
     -0.111    27.4316     7.8763     99.633  37.464308     35.720      7.184   272.9010     2.4724     2.3418     0.0246      0.001     -0.109     -0.158        240 4.0828e+02   996.4131 0.0000e+00
     -0.111    27.4323     7.8942     99.859  37.458645     35.721      7.186   273.0146     2.4915     2.4572     0.0246      0.000     -0.109     -0.158        241 4.0743e+02   996.4133 0.0000e+00
