Data/DataAlreadyUploadedToEDI/CollatedDataForEDI/CTDData/CTD_2019 (not collated)/070819_fcr45.cnv
* Sea-Bird SBE19plus  Data File:
* FileName = C:\DATA\070819_fcr50_0005.hex
* Software version 2.8.0.119
* Temperature SN = 7809
* Conductivity SN = 7809
* System UpLoad Time = Jul 08 2019 15:02:22
* <ApplicationData>
* <Seaterm232>
# nquan = 18
# nvalues = 1033                        
# units = specified
# name 0 = depFM: Depth [fresh water, m]
# name 1 = tv290C: Temperature [ITS-90, deg C]
# name 2 = sbeox0Mg/L: Oxygen, SBE 43 [mg/l]
# name 3 = sbeox0PS: Oxygen, SBE 43 [% saturation]
# name 4 = c0uS/cm: Conductivity [uS/cm]
# name 5 = specc: Specific Conductance [uS/cm]
# name 6 = ph: pH
# name 7 = orp: Oxidation Reduction Potential [mV]
# name 8 = flECO-AFL: Fluorescence, WET Labs ECO-AFL/FL [mg/m^3]
# name 9 = turbWETntu0: Turbidity, WET Labs ECO [NTU]
# name 10 = sal00: Salinity, Practical [PSU]
# name 11 = dz/dtM: Descent Rate [m/s]
# name 12 = prdM: Pressure, Strain Gauge [db]
# name 13 = prdE: Pressure, Strain Gauge [psi]
# name 14 = scan: Scan Count
# name 15 = par/sat/log: PAR/Logarithmic, Satlantic
# name 16 = density00: Density [density, kg/m^3]
# name 17 = flag:  0.000e+00
# span 0 =     -0.601,      6.636       
# span 1 =    10.3904,    27.4726       
# span 2 =     1.7246,    13.6307       
# span 3 =     16.207,    154.984       
# span 4 =   2.388751,  37.532476       
# span 5 =      2.486,     40.179       
# span 6 =      6.512,      7.953       
# span 7 =   192.2272,   528.0967       
# span 8 =    -0.1598,   243.4848       
# span 9 =   -10.9821,   124.8378       
# span 10 =     0.0107,     0.0246      
# span 11 =     -0.147,      0.261      
# span 12 =     -0.589,      6.507      
# span 13 =     -0.854,      9.437      
# span 14 =          1,       1033      
# span 15 = 6.2228e-01, 2.3646e+03      
# span 16 =   996.4019,   999.7136      
# span 17 = 0.0000e+00, 0.0000e+00      
# interval = seconds: 0.25
# start_time = Jul 08 2019 11:30:55 [Instrument's time stamp, header]
# bad_flag = -9.990e-29
*END*
     -0.600    21.2833     7.8463     88.584   2.824583      3.061      6.535   528.0967    -0.1254    -0.6575     0.0108 2.1053e-16     -0.588     -0.853          1 3.0414e+02   997.9404 0.0000e+00
     -0.600    21.2949     7.8479     88.614   2.875803      3.091      6.540   494.7445    -0.1293    -0.5854     0.0108     -0.000     -0.588     -0.854          2 3.1395e+02   997.9390 0.0000e+00
     -0.600    21.3123     7.8531     88.689   3.010783      3.271      6.540   476.3837    -0.1560    -0.6431     0.0108     -0.000     -0.589     -0.854          3 3.3619e+02   997.9375 0.0000e+00
     -0.600    21.3221     7.8606     88.789   2.922871      3.150      6.546   462.9444    -0.1407     0.4096     0.0108     -0.000     -0.589     -0.854          4 3.4682e+02   997.9349 0.0000e+00
     -0.600    21.3247     7.8709     88.949   2.866867      3.088      6.538   458.8179    -0.1483     0.3086     0.0108     -0.000     -0.589     -0.854          5 3.5577e+02   997.9311 0.0000e+00
     -0.600    21.3242     7.8831     89.154   2.962136      3.208      6.537   462.4901    -0.1560     0.3807     0.0108     -0.000     -0.589     -0.854          6 3.5818e+02   997.9290 0.0000e+00
     -0.601    21.3226     7.8727     89.302   2.538042      2.756      6.534   457.1522    -0.1331     0.3375     0.0107     -0.000     -0.589     -0.854          7 3.5267e+02   997.9283 0.0000e+00
     -0.600    21.3208     7.7566     89.499   2.388751      2.516      6.529   468.2444    -0.1331     0.2942     0.0107     -0.000     -0.589     -0.854          8 3.2707e+02   997.9284 0.0000e+00
     -0.600    21.3215     7.6011     89.671   2.408302      2.696      6.526   468.8501    -0.1331    -0.3691     0.0107     -0.000     -0.589     -0.854          9 3.2850e+02   997.9288 0.0000e+00
     -0.600    21.3233     7.4706     89.789   2.424958      2.486      6.524   468.7744    -0.1483    -0.3979     0.0107     -0.000     -0.589     -0.854         10 3.2021e+02   997.9292 0.0000e+00
     -0.600    21.3287     7.3582     89.944   2.782215      3.148      6.524   466.5408    -0.1598    -0.3547     0.0108     -0.000     -0.589     -0.854         11 3.6343e+02   997.9291 0.0000e+00
     -0.600    21.3333     7.2974     90.211   3.176690      3.268      6.524   463.8530    -0.0911    -0.3114     0.0109     -0.000     -0.589     -0.854         12 3.9686e+02   997.9288 0.0000e+00
     -0.600    21.3459     7.2892     90.678   3.265385      3.719      6.526   467.9415    -0.1407    -1.6957     0.0110      0.000     -0.589     -0.854         13 4.7063e+02   997.9276 0.0000e+00
     -0.600    21.3490     7.3105     91.323   3.855274      3.899      6.526   464.3830    -0.1407    -1.7101     0.0110     -0.000     -0.589     -0.854         14 5.2896e+02   997.9267 0.0000e+00
     -0.600    21.3851     7.3413     91.931   5.578867      6.275      6.534   453.1015    -0.1178    -1.7390     0.0117      0.000     -0.589     -0.854         15 7.6989e+02   997.9244 0.0000e+00
     -0.601    21.4055     7.3699     92.408   7.718706      8.048      6.543   432.2800    -0.1293    -1.7246     0.0123     -0.000     -0.588     -0.853         16 1.3840e+03   997.9242 0.0000e+00
     -0.601    21.5943     7.3938     92.798   7.021471      8.043      6.548   408.9599   243.4658   -10.9821     0.0123     -0.000     -0.578     -0.839         17 1.5989e+03   997.9161 0.0000e+00
     -0.566    22.4521     7.4038     92.999   6.061898      5.874      6.512   192.2272   243.4848   -10.9532     0.0116      0.009     -0.542     -0.787         18 1.6803e+03   997.9113 0.0000e+00
     -0.490    23.6157     7.4041     93.067  19.777240     21.158      6.857   265.4052   243.4848   -10.9532     0.0171      0.035     -0.480     -0.696         19 1.9128e+03   997.8743 0.0000e+00
     -0.416    24.6255     7.3989     92.957  35.579938     38.146      7.143   268.9638   243.4658   -10.8955     0.0243      0.074     -0.404     -0.586         20 1.9776e+03   997.6841 0.0000e+00
     -0.331    25.5288     7.3918     92.795  37.245538     37.917      7.337   232.3937     1.8659    11.1811     0.0245      0.123     -0.318     -0.461         21 1.9170e+03   997.4095 0.0000e+00
     -0.220    26.1540     7.3769     92.584  36.870215     37.379      7.447   221.5287     1.8620    11.2100     0.0245      0.184     -0.232     -0.337         22 1.9906e+03   997.1591 0.0000e+00
     -0.166    26.5034     7.3650     92.433  37.291174     36.756      7.497   222.7023     1.8620    11.1956     0.0245      0.234     -0.174     -0.252         23 2.1909e+03   996.9274 0.0000e+00
     -0.144    26.7344     7.3620     92.420  37.017576     36.256      7.503   262.1117     1.8887    11.2388     0.0245      0.261     -0.146     -0.212         24 2.2891e+03   996.7622 0.0000e+00
     -0.135    26.8700     7.4688     93.816  37.091840     35.957      7.483   266.0867     1.6408     2.4139     0.0244      0.260     -0.136     -0.196         25 2.3631e+03   996.6683 0.0000e+00
     -0.134    26.9442     7.5801     95.287  36.902204     35.688      7.454   266.3895     1.5836     2.4860     0.0244      0.229     -0.133     -0.192         26 2.3646e+03   996.6053 0.0000e+00
     -0.137    26.9962     7.5945     95.517  36.808931     35.460      7.429   265.9731     1.6141     2.3274     0.0243      0.178     -0.135     -0.196         27 2.2911e+03   996.5683 0.0000e+00
     -0.142    27.0442     7.5595     95.108  36.555878     35.196      7.405   230.1980     1.6408     2.4572     0.0242      0.123     -0.138     -0.201         28 2.2295e+03   996.5479 0.0000e+00
     -0.144    27.0787     7.5042     94.427  36.446581     35.025      7.381   265.2917     1.6217     2.4139     0.0242      0.068     -0.139     -0.202         29 2.1875e+03   996.5335 0.0000e+00
     -0.140    27.0548     7.4235     93.441  36.411500     34.995      7.353   266.7302     1.6599     2.5870     0.0242      0.025     -0.137     -0.199         30 2.1668e+03   996.5204 0.0000e+00
     -0.137    27.0112     7.3092     92.037  36.332805     34.862      7.329   267.3738     1.6980     2.5870     0.0241      0.007     -0.135     -0.196         31 2.1913e+03   996.5109 0.0000e+00
     -0.137    26.9964     7.1796     90.436  36.396335     34.960      7.306   267.7524     1.6751     2.4428     0.0242      0.000     -0.134     -0.194         32 2.2379e+03   996.5174 0.0000e+00
     -0.134    26.9959     7.0880     89.304  36.628789     35.205      7.289   261.9981     1.6675     2.5437     0.0243     -0.000     -0.131     -0.190         33 2.2881e+03   996.5296 0.0000e+00
     -0.130    27.0101     7.0364     88.662  36.784395     35.375      7.275   267.7145     1.7018     2.4139     0.0243      0.003     -0.127     -0.184         34 2.3175e+03   996.5337 0.0000e+00
     -0.125    27.0440     7.0443     88.765  36.854654     35.430      7.257   267.2981     1.6904     2.4572     0.0243      0.007     -0.123     -0.179         35 2.3208e+03   996.5338 0.0000e+00
     -0.123    27.0847     7.0896     89.320  36.837700     35.419      7.242   267.4874     1.6675     2.3562     0.0243      0.010     -0.122     -0.177         36 2.3043e+03   996.5299 0.0000e+00
     -0.125    27.1149     7.1305     89.848  36.864756     35.397      7.232   267.3738     1.6866     2.5004     0.0243      0.010     -0.122     -0.177         37 2.0484e+03   996.5207 0.0000e+00
     -0.126    27.1320     7.1575     90.223  36.969142     35.502      7.218   266.4652     1.7743     2.6735     0.0244      0.008     -0.122     -0.177         38 1.4392e+03   996.5095 0.0000e+00
     -0.123    27.1417     7.1673     90.368  36.915220     35.402      7.211   245.8709     1.7400     2.5293     0.0244      0.007     -0.121     -0.175         39 1.0348e+03   996.5010 0.0000e+00
     -0.120    27.1590     7.1522     90.196  36.842942     35.336      7.204   264.3074     1.7323     2.5437     0.0243      0.007     -0.118     -0.170         40 1.0024e+03   996.4964 0.0000e+00
     -0.116    27.1804     7.1219     89.820  36.851637     35.331      7.191   256.8495     1.7323     2.6446     0.0243      0.007     -0.113     -0.164         41 1.8414e+03   996.4937 0.0000e+00
     -0.109    27.1992     7.0413     88.792  36.904392     35.372      7.175   262.9067     1.8124     2.3418     0.0244      0.008     -0.108     -0.158         42 1.8516e+03   996.4888 0.0000e+00
     -0.107    27.2128     6.9556     87.698  36.925456     35.384      7.160   246.2873     1.8277     2.5149     0.0244      0.009     -0.106     -0.154         43 1.1009e+03   996.4830 0.0000e+00
     -0.108    27.2190     6.8541     86.412  36.914319     35.345      7.153   263.3610     1.8239     2.3851     0.0244      0.010     -0.107     -0.155         44 1.9308e+03   996.4778 0.0000e+00
     -0.112    27.2193     6.7560     85.178  36.977513     35.415      7.144   262.9067     1.7896     2.4283     0.0244      0.010     -0.109     -0.159         45 2.3086e+03   996.4740 0.0000e+00
     -0.113    27.2116     6.6687     84.079  36.994979     35.412      7.140   263.6260     1.8811     2.6302     0.0244      0.008     -0.109     -0.159         46 2.2181e+03   996.4724 0.0000e+00
     -0.108    27.2184     6.5993     83.206  36.892578     35.330      7.136   263.2474     1.8697     2.5581     0.0244      0.006     -0.106     -0.155         47 2.3274e+03   996.4723 0.0000e+00
     -0.104    27.2390     6.5591     82.704  36.630792     35.069      7.134   263.5124     1.8811     2.6158     0.0243      0.005     -0.103     -0.150         48 2.2274e+03   996.4743 0.0000e+00
     -0.104    27.2534     6.5621     82.735  36.520631     34.958      7.128   264.0802     1.8659     2.5581     0.0242      0.004     -0.103     -0.149         49 2.2101e+03   996.4724 0.0000e+00
     -0.108    27.2645     6.5969     83.154  36.674053     35.104      7.119   264.1938     1.8582     2.5725     0.0243      0.002     -0.106     -0.153         50 2.1270e+03   996.4667 0.0000e+00
     -0.112    27.2682     6.6514     83.791  36.736200     35.148      7.117   264.1560     1.8811     2.4139     0.0243      0.000     -0.109     -0.158         51 2.0838e+03   996.4627 0.0000e+00
     -0.114    27.2613     6.7183     84.609  36.739627     35.140      7.112   263.7017     1.8887     2.4716     0.0243     -0.000     -0.111     -0.160         52 2.0516e+03   996.4596 0.0000e+00
     -0.113    27.2524     6.7893     85.524  36.788321     35.191      7.109   264.9888     1.8582     2.4139     0.0243     -0.001     -0.111     -0.160         53 2.0682e+03   996.4586 0.0000e+00
     -0.112    27.2488     6.8481     86.287  36.764505     35.169      7.108   264.3831     1.8773     2.3707     0.0243     -0.003     -0.110     -0.158         54 2.0855e+03   996.4605 0.0000e+00
     -0.109    27.2506     6.8912     86.839  36.739633     35.148      7.103   264.4588     1.9002     2.4860     0.0243     -0.003     -0.108     -0.155         55 2.1244e+03   996.4630 0.0000e+00
     -0.108    27.2517     6.9040     87.008  36.789640     35.204      7.100   237.2394     1.9269     2.4139     0.0243     -0.003     -0.107     -0.154         56 2.1693e+03   996.4641 0.0000e+00
     -0.108    27.2535     6.8920     86.871  36.791177     35.203      7.099   235.4223     1.9574     2.5437     0.0243     -0.001     -0.107     -0.155         57 2.2307e+03   996.4635 0.0000e+00
     -0.112    27.2554     6.8642     86.526  36.737721     35.149      7.097   261.7709     1.9383     2.4428     0.0243      0.001     -0.110     -0.159         58 2.2677e+03   996.4632 0.0000e+00
     -0.115    27.2524     6.8329     86.119  36.796896     35.201      7.095   264.0424     1.9612     2.4572     0.0243      0.000     -0.111     -0.161         59 2.2615e+03   996.4627 0.0000e+00
     -0.113    27.2372     6.8019     85.715  36.865709     35.280      7.092   264.3074     1.9956     2.2986     0.0243     -0.000     -0.110     -0.160         60 2.2414e+03   996.4622 0.0000e+00
     -0.110    27.2058     6.7824     85.471  36.800258     35.202      7.093   260.9381     2.0070     2.5004     0.0243     -0.000     -0.109     -0.158         61 2.2133e+03   996.4631 0.0000e+00
     -0.111    27.1895     6.7772     85.413  36.789445     35.211      7.093   253.8588     2.0032     2.4139     0.0243     -0.001     -0.109     -0.159         62 2.1917e+03   996.4672 0.0000e+00
     -0.115    27.2021     6.7841     85.500  36.731000     35.180      7.090   236.2173     1.9612     2.4572     0.0243     -0.002     -0.111     -0.162         63 2.1563e+03   996.4759 0.0000e+00
     -0.115    27.2164     6.8101     85.823  36.695198     35.138      7.093   234.7030     1.9879     2.3707     0.0243     -0.003     -0.112     -0.163         64 2.0739e+03   996.4804 0.0000e+00
     -0.114    27.2219     6.8044     85.754  36.804372     35.262      7.098   233.5673     1.9650     2.3851     0.0243     -0.002     -0.111     -0.162         65 1.9789e+03   996.4769 0.0000e+00
     -0.112    27.2275     6.8046     85.767  36.802574     35.226      7.099   246.4388     2.0108     2.4572     0.0243     -0.000     -0.111     -0.160         66 1.9099e+03   996.4730 0.0000e+00
     -0.113    27.2359     6.7951     85.651  36.786333     35.222      7.096   239.4730     1.9154     2.1111     0.0243     -0.000     -0.111     -0.160         67 1.8735e+03   996.4715 0.0000e+00
     -0.113    27.2393     6.7854     85.510  36.854213     35.272      7.096   251.2845     1.9307     2.2120     0.0243     -0.001     -0.110     -0.160         68 1.8317e+03   996.4699 0.0000e+00
     -0.111    27.2320     6.7668     85.231  36.836634     35.266      7.094   258.4017     1.9193     2.2265     0.0243     -0.000     -0.110     -0.159         69 1.7974e+03   996.4676 0.0000e+00
     -0.111    27.2236     6.7406     84.850  36.808207     35.211      7.090   260.4838     1.9536     2.1976     0.0243      0.001     -0.110     -0.159         70 1.7869e+03   996.4666 0.0000e+00
     -0.113    27.2246     6.7077     84.380  36.800685     35.242      7.084   258.8181     1.8048     2.2986     0.0243      0.001     -0.111     -0.160         71 1.7549e+03   996.4686 0.0000e+00
     -0.113    27.2295     6.6668     83.842  36.757095     35.168      7.081   246.6280     1.7972     2.1111     0.0243      0.001     -0.111     -0.160         72 1.6911e+03   996.4710 0.0000e+00
     -0.112    27.2293     6.6285     83.362  36.773555     35.220      7.083   241.7445     1.7972     2.1255     0.0243      0.000     -0.110     -0.159         73 1.6142e+03   996.4707 0.0000e+00
     -0.111    27.2260     6.5856     82.821  36.809835     35.217      7.086   262.3009     1.8239     2.2120     0.0243      0.000     -0.110     -0.159         74 1.5388e+03   996.4694 0.0000e+00
     -0.112    27.2283     6.5487     82.356  36.771211     35.217      7.084   260.8245     1.8201     2.1976     0.0243      0.000     -0.110     -0.160         75 1.4721e+03   996.4694 0.0000e+00
     -0.113    27.2351     6.5149     81.926  36.703083     35.113      7.085   263.9667     1.6103     2.3562     0.0243     -0.000     -0.110     -0.160         76 1.4037e+03   996.4703 0.0000e+00
     -0.113    27.2373     6.4819     81.506  36.746447     35.191      7.087   263.0581     1.6179     2.4139     0.0243     -0.001     -0.110     -0.160         77 1.3301e+03   996.4697 0.0000e+00
     -0.112    27.2242     6.4417     80.988  36.746878     35.160      7.084   259.0452     1.6217     2.3274     0.0243     -0.000     -0.110     -0.160         78 1.2809e+03   996.4678 0.0000e+00
     -0.112    27.1964     6.4136     80.619  36.732178     35.158      7.085   256.8116     1.6370     2.4139     0.0243      0.000     -0.110     -0.160         79 1.2579e+03   996.4672 0.0000e+00
     -0.113    27.1615     6.3778     80.157  36.735106     35.167      7.088   264.2695     1.6255     2.5004     0.0243     -0.000     -0.110     -0.160         80 1.2440e+03   996.4708 0.0000e+00
