Data/DataAlreadyUploadedToEDI/CollatedDataForEDI/CTDData/CTD_2019 (not collated)/070819_fcr10.cnv
* Sea-Bird SBE19plus  Data File:
* FileName = C:\DATA\070819_fcr50_0002.hex
* Software version 2.8.0.119
* Temperature SN = 7809
* Conductivity SN = 7809
* System UpLoad Time = Jul 08 2019 15:01:15
* <ApplicationData>
* <Seaterm232>
# nquan = 18
# nvalues = 397                         
# units = specified
# name 0 = depFM: Depth [fresh water, m]
# name 1 = tv290C: Temperature [ITS-90, deg C]
# name 2 = sbeox0Mg/L: Oxygen, SBE 43 [mg/l]
# name 3 = sbeox0PS: Oxygen, SBE 43 [% saturation]
# name 4 = c0uS/cm: Conductivity [uS/cm]
# name 5 = specc: Specific Conductance [uS/cm]
# name 6 = ph: pH
# name 7 = orp: Oxidation Reduction Potential [mV]
# name 8 = flECO-AFL: Fluorescence, WET Labs ECO-AFL/FL [mg/m^3]
# name 9 = turbWETntu0: Turbidity, WET Labs ECO [NTU]
# name 10 = sal00: Salinity, Practical [PSU]
# name 11 = dz/dtM: Descent Rate [m/s]
# name 12 = prdM: Pressure, Strain Gauge [db]
# name 13 = prdE: Pressure, Strain Gauge [psi]
# name 14 = scan: Scan Count
# name 15 = par/sat/log: PAR/Logarithmic, Satlantic
# name 16 = density00: Density [density, kg/m^3]
# name 17 = flag:  0.000e+00
# span 0 =     -0.616,      2.415       
# span 1 =    20.5865,    30.3181       
# span 2 =    -0.4987,     9.3420       
# span 3 =     -5.612,    114.494       
# span 4 =   0.680570, 272.760661       
# span 5 =      0.598,    296.207       
# span 6 =      4.660,      8.790       
# span 7 = -1240.7455,   939.9458       
# span 8 =    -0.3658,     4.2844       
# span 9 =    -5.2141,    10.5467       
# span 10 =     0.0135,     0.1425      
# span 11 =     -0.118,      0.222      
# span 12 =     -0.604,      2.367      
# span 13 =     -0.876,      3.434      
# span 14 =          1,        397      
# span 15 = 6.6402e+01, 2.5518e+03      
# span 16 =   995.5599,   998.1823      
# span 17 = 0.0000e+00, 0.0000e+00      
# interval = seconds: 0.25
# start_time = Jul 08 2019 11:14:27 [Instrument's time stamp, header]
# bad_flag = -9.990e-29
*END*
[from data line 242]
     -0.015    26.9869     7.9907    100.281  37.249493     35.837      5.908   229.8573     2.4266     2.5004     0.0245      0.010     -0.016     -0.023        243 1.2956e+03   996.5366 0.0000e+00
     -0.017    26.9873     7.9739    100.068  37.234689     35.784      5.906   229.7059     2.4266     2.4860     0.0245      0.011     -0.017     -0.024        244 1.2685e+03   996.5368 0.0000e+00
     -0.019    26.9903     7.9746    100.088  37.238465     35.838      5.904   229.8573     2.4419     2.4716     0.0245      0.010     -0.018     -0.025        245 1.2809e+03   996.5368 0.0000e+00
     -0.017    26.9942     7.9707    100.057  37.185523     35.731      5.907   229.8951     2.4419     2.4139     0.0245      0.009     -0.016     -0.023        246 1.2557e+03   996.5368 0.0000e+00
     -0.013    26.9960     7.9652    100.001  37.241302     35.836      5.908   230.0087     2.4075     2.3851     0.0245      0.008     -0.013     -0.019        247 1.1798e+03   996.5360 0.0000e+00
     -0.010    26.9949     7.9662    100.015  37.287588     35.833      5.907   230.0844     2.4915     2.3995     0.0245      0.006     -0.011     -0.016        248 1.1515e+03   996.5350 0.0000e+00
     -0.010    26.9945     7.9731    100.090  37.246461     35.832      5.910   230.1223     2.4800     2.5149     0.0245      0.004     -0.009     -0.013        249 1.1325e+03   996.5345 0.0000e+00
     -0.007    26.9964     7.9721    100.055  37.233213     35.779      5.907   230.1223     2.5105     2.5149     0.0245      0.005     -0.007     -0.009        250 1.0456e+03   996.5348 0.0000e+00
     -0.003    26.9967     7.9818    100.159  37.244804     35.833      5.907   229.9330     2.5067     2.5004     0.0245      0.007     -0.006     -0.009        251 9.7632e+02   996.5349 0.0000e+00
     -0.009    26.9950     7.9903    100.250  37.232036     35.778      5.907   230.4251     2.6174     2.4283     0.0245      0.007     -0.018     -0.027        252 9.5058e+02   996.5343 0.0000e+00
     -0.045    26.9921     7.9758    100.060  37.249103     35.831      5.905   230.2359     2.6212     2.4283     0.0245     -0.004     -0.051     -0.074        253 8.5974e+02   996.5341 0.0000e+00
     -0.102    26.9915     7.9599     99.859  37.223565     35.779      5.891   230.3494     2.6212     2.5149     0.0245     -0.028     -0.097     -0.141        254 7.9948e+02   996.5343 0.0000e+00
     -0.149    26.9975     7.9684     99.966  37.204546     35.781      5.886   230.3873     2.6212     2.6735     0.0245     -0.058     -0.142     -0.206        255 7.9572e+02   996.5349 0.0000e+00
     -0.184    27.0076     7.9777    100.089  37.272772     35.835      5.888   230.3494     2.5105     2.5870     0.0245     -0.088     -0.174     -0.253        256 7.8761e+02   996.5349 0.0000e+00
     -0.201    27.0150     7.9809    100.138  37.257200     35.831      5.893   230.8416     2.4838     2.5149     0.0245     -0.110     -0.189     -0.275        257 8.0401e+02   996.5332 0.0000e+00
     -0.194    27.0154     7.9785    100.122  37.223922     35.770      5.897   230.6144     2.4953     2.4139     0.0245     -0.118     -0.188     -0.272        258 8.0111e+02   996.5304 0.0000e+00
     -0.178    27.0087     7.9730    100.069  37.254912     35.819      5.895   230.9930     2.5029     2.5149     0.0245     -0.108     -0.183     -0.264        259 8.1510e+02   996.5285 0.0000e+00
     -0.187    26.9972     7.9752    100.111  37.218630     35.765      5.889   231.1066     2.1977     2.5149     0.0245     -0.088     -0.188     -0.273        260 8.3606e+02   996.5283 0.0000e+00
     -0.209    26.9865     7.9772    100.128  37.209802     35.769      5.894   231.5609     2.2130     2.4283     0.0245     -0.064     -0.206     -0.299        261 8.7488e+02   996.5300 0.0000e+00
     -0.233    26.9785     7.9755    100.092  37.206632     35.777      5.898   231.4094     2.1787     2.5437     0.0245     -0.045     -0.231     -0.335        262 9.0982e+02   996.5331 0.0000e+00
     -0.265    26.9737     7.9779    100.111  37.222580     35.785      5.896   231.4851     2.1977     2.4139     0.0245     -0.041     -0.262     -0.380        263 8.8886e+02   996.5359 0.0000e+00
     -0.303    26.9727     7.9876    100.226  37.249228     35.844      5.895   231.0687     2.1367     2.5149     0.0245     -0.051     -0.294     -0.427        264 8.6398e+02   996.5379 0.0000e+00
     -0.331    26.9734     7.9933    100.291  37.173472     35.740      5.900   231.2580     2.0986     2.4572     0.0245     -0.070     -0.318     -0.461        265 8.5460e+02   996.5391 0.0000e+00
     -0.338    26.9765     7.9871    100.203  37.257589     35.848      5.900   231.2201     2.1214     2.4572     0.0245     -0.086     -0.328     -0.475        266 8.4262e+02   996.5394 0.0000e+00
     -0.334    26.9817     7.9724    100.007  37.322359     35.901      5.902   231.5230     2.1100     2.4283     0.0245     -0.091     -0.327     -0.473        267 8.5056e+02   996.5392 0.0000e+00
     -0.327    26.9890     7.9640     99.889  37.270679     35.845      5.897   231.8259     2.1405     2.4572     0.0245     -0.079     -0.318     -0.461        268 8.6506e+02   996.5384 0.0000e+00
     -0.311    26.9987     7.9549     99.762  37.262632     35.842      5.894   231.8637     2.2130     2.4860     0.0245     -0.056     -0.302     -0.439        269 8.7127e+02   996.5370 0.0000e+00
     -0.288    27.0055     7.9511     99.702  37.273101     35.837      5.888   232.5073     2.1939     2.3707     0.0245     -0.027     -0.281     -0.409        270 8.7862e+02   996.5351 0.0000e+00
     -0.263    27.0020     7.9491     99.664  37.257648     35.830      5.888   232.3937     2.1977     2.5149     0.0245      0.007     -0.260     -0.377        271 8.9015e+02   996.5326 0.0000e+00
     -0.244    26.9933     7.9619     99.813  37.222589     35.771      5.886   231.9773     2.2130     2.4716     0.0245      0.037     -0.242     -0.351        272 9.2224e+02   996.5308 0.0000e+00
     -0.233    26.9870     7.9820    100.061  37.257458     35.828      5.887   232.3180     2.1748     2.5725     0.0245      0.056     -0.229     -0.332        273 9.5070e+02   996.5318 0.0000e+00
     -0.223    26.9835     8.0028    100.284  37.214256     35.780      5.890   232.3180     2.2168     2.4860     0.0245      0.064     -0.217     -0.314        274 1.0251e+03   996.5342 0.0000e+00
     -0.206    26.9799     8.0167    100.362  37.217087     35.784      5.893   232.0530     2.1748     2.4283     0.0245      0.067     -0.202     -0.292        275 1.0825e+03   996.5360 0.0000e+00
     -0.189    26.9739     8.0180    100.290  37.253937     35.841      5.896   232.2044     2.1825     2.4139     0.0245      0.067     -0.182     -0.265        276 1.2163e+03   996.5371 0.0000e+00
     -0.165    26.9675     8.0205    100.257  37.227668     35.789      5.894   231.9394     2.4304     2.4860     0.0245      0.066     -0.156     -0.226        277 1.2836e+03   996.5382 0.0000e+00
     -0.122    26.9608     8.0077    100.051  37.249780     35.847      5.892   232.0530     2.4495     2.5581     0.0245      0.071     -0.117     -0.169        278 1.4284e+03   996.5401 0.0000e+00
     -0.070    26.9533     7.9860     99.750  37.226422     35.798      5.888   232.0530     2.4343     2.4860     0.0245      0.085     -0.067     -0.098        279 1.3446e+03   996.5420 0.0000e+00
     -0.013    26.9468     7.9751     99.591  37.197470     35.803      5.889   230.6523     2.4457     2.5149     0.0245      0.108     -0.013     -0.019        280 1.1490e+03   996.5441 0.0000e+00
      0.043    26.9399     7.9721     99.531  37.167275     35.754      5.889   228.8351     2.6708     2.6302     0.0245      0.136      0.041      0.060        281 1.4415e+03   996.5464 0.0000e+00
      0.097    26.9338     7.9946     99.791  37.145465     35.758      5.893   228.6080     2.6975     2.6302     0.0245      0.162      0.094      0.137        282 1.2114e+03   996.5484 0.0000e+00
      0.146    26.9311     8.0317    100.219  37.165345     35.763      5.893   228.0780     2.7051     2.6590     0.0245      0.183      0.147      0.214        283 7.0585e+02   996.5505 0.0000e+00
      0.208    26.9087     8.0701    100.653  37.201807     35.821      5.892   228.3430     2.6898     2.6590     0.0245      0.201      0.206      0.299        284 7.4420e+02   996.5524 0.0000e+00
      0.278    26.8568     8.1058    101.033  37.159363     35.769      5.890   229.4030     2.8501     2.5725     0.0245      0.216      0.267      0.387        285 9.1606e+02   996.5535 0.0000e+00
      0.329    26.8073     8.1264    101.198  37.099631     35.730      5.894   229.5166     2.8272     2.6302     0.0244      0.222      0.318      0.461        286 8.6226e+02   996.5599 0.0000e+00
      0.366    26.7721     8.1364    101.244  37.039073     35.713      5.893   230.1601     2.8615     2.7744     0.0244      0.219      0.359      0.521        287 7.9994e+02   996.5742 0.0000e+00
      0.404    26.7463     8.1318    101.150  36.997667     35.693      5.895   231.0687     2.8691     2.6014     0.0244      0.211      0.399      0.578        288 6.8738e+02   996.5879 0.0000e+00
      0.449    26.7297     8.1141    100.902  37.032644     35.771      5.897   231.5987     2.8424     2.6302     0.0244      0.203      0.442      0.640        289 5.5870e+02   996.5978 0.0000e+00
      0.496    26.7166     8.0874    100.504  36.995564     35.735      5.898   231.7501     3.0484     2.6302     0.0244      0.195      0.487      0.705        290 6.8986e+02   996.6050 0.0000e+00
      0.542    26.7050     8.0596    100.031  36.984556     35.747      5.902   232.0909     3.0522     2.5581     0.0244      0.187      0.531      0.769        291 7.6348e+02   996.6097 0.0000e+00
      0.584    26.6923     8.0363     99.616  36.987083     35.755      5.901   232.5830     3.0484     2.6158     0.0244      0.177      0.571      0.828        292 5.6362e+02   996.6135 0.0000e+00
      0.620    26.6731     8.0104     99.185  36.992426     35.764      5.903   233.0752     3.0484     2.4860     0.0244      0.169      0.608      0.882        293 5.1232e+02   996.6169 0.0000e+00
      0.656    26.6482     7.9926     98.883  37.155724     35.934      5.905   233.6430     3.2086     2.5149     0.0245      0.165      0.647      0.939        294 5.6945e+02   996.6205 0.0000e+00
      0.707    26.6117     7.9800     98.682  37.376576     36.164      5.905   234.5894     3.2277     2.6014     0.0246      0.167      0.691      1.003        295 5.2548e+02   996.6260 0.0000e+00
      0.753    26.5616     7.9681     98.487  37.636293     36.425      5.898   235.0816     3.2201     2.6158     0.0247      0.168      0.730      1.059        296 5.3588e+02   996.6331 0.0000e+00
      0.773    26.5197     7.9628     98.304  37.929054     36.748      5.894   235.0437     3.2468     2.5149     0.0248      0.161      0.755      1.094        297 5.2647e+02   996.6431 0.0000e+00
      0.783    26.4982     7.9671     98.218  37.990252     36.838      5.895   235.8009     3.4146     2.6158     0.0248      0.148      0.771      1.119        298 5.0654e+02   996.6568 0.0000e+00
      0.804    26.4835     7.9986     98.459  37.945428     36.814      5.898   235.7630     3.4223     2.5870     0.0248      0.134      0.796      1.154        299 5.0382e+02   996.6683 0.0000e+00
      0.846    26.4457     8.0300     98.729  37.925585     36.829      5.898   236.9744     3.4070     2.6302     0.0248      0.126      0.836      1.212        300 4.7418e+02   996.6742 0.0000e+00
      0.906    26.3775     8.0454     98.852  37.926051     36.813      5.894   238.3752     3.3994     2.6302     0.0248      0.127      0.887      1.287        301 4.1897e+02   996.6785 0.0000e+00
      0.961    26.3066     8.0534     98.925  37.855951     36.812      5.893   239.0187     3.3879     2.7023     0.0248      0.133      0.936      1.358        302 4.0271e+02   996.6889 0.0000e+00
      0.996    26.2464     8.0862     99.305  37.657210     36.617      5.893   239.3216     3.4185     2.6302     0.0247      0.138      0.973      1.411        303 3.9240e+02   996.7074 0.0000e+00
      1.021    26.2000     8.1206     99.705  37.610325     36.667      5.892   239.7002     3.4185     2.6014     0.0247      0.144      1.000      1.450        304 3.4683e+02   996.7265 0.0000e+00
      1.043    26.1758     8.1470    100.045  37.647606     36.711      5.895   240.7980     3.4070     2.6014     0.0247      0.150      1.023      1.484        305 3.1899e+02   996.7428 0.0000e+00
      1.067    26.1466     8.1551    100.250  37.610844     36.744      5.895   241.4037     3.6779     2.9042     0.0247      0.150      1.047      1.519        306 3.0478e+02   996.7553 0.0000e+00
      1.094    26.0832     8.1510    100.294  37.596828     36.707      5.893   241.4416     3.6588     2.8898     0.0247      0.141      1.072      1.555        307 3.0342e+02   996.7620 0.0000e+00
      1.118    26.0030     8.1505    100.323  37.487251     36.671      5.896   241.7823     3.6512     2.7888     0.0246      0.125      1.097      1.591        308 3.1608e+02   996.7698 0.0000e+00
      1.142    25.9227     8.1516    100.340  37.421234     36.582      5.893   242.6152     3.6626     2.9474     0.0246      0.108      1.122      1.627        309 3.2253e+02   996.7868 0.0000e+00
      1.174    25.8572     8.1475    100.293  37.590108     36.885      5.891   243.2209     3.6550     2.8465     0.0247      0.100      1.147      1.663        310 3.3897e+02   996.8083 0.0000e+00
      1.190    25.8211     8.1390    100.194  37.543853     36.835      5.892   243.4480     3.6588     2.7744     0.0246      0.097      1.162      1.685        311 3.4817e+02   996.8297 0.0000e+00
      1.190    25.8056     8.1381    100.177  37.449200     36.827      5.894   243.3345     3.6626     2.8465     0.0246      0.090      1.166      1.691        312 3.5959e+02   996.8471 0.0000e+00
      1.188    25.7940     8.1291    100.068  37.470846     36.854      5.897   243.7509     3.6817     2.8898     0.0246      0.078      1.165      1.690        313 3.6973e+02   996.8567 0.0000e+00
      1.187    25.7807     8.1089     99.856  37.516936     36.918      5.899   244.3188     3.6092     2.8177     0.0246      0.062      1.165      1.690        314 3.6927e+02   996.8607 0.0000e+00
      1.188    25.7922     8.0977     99.730  37.510397     36.928      5.904   244.2430     3.4032     2.6158     0.0247      0.045      1.166      1.691        315 3.8708e+02   996.8638 0.0000e+00
      1.190    25.8470     8.1090     99.721  37.478989     36.882      5.906   244.8109     3.4146     2.6014     0.0246      0.029      1.168      1.693        316 4.0401e+02   996.8673 0.0000e+00
      1.194    25.8992     8.1145     99.599  37.556025     36.985      5.903   244.8866     3.4185     2.6735     0.0247      0.016      1.171      1.698        317 3.7236e+02   996.8644 0.0000e+00
      1.198    25.9185     8.1179     99.549  37.533064     36.888      5.908   245.3030     3.4185     2.6014     0.0246      0.007      1.173      1.702        318 3.5061e+02   996.8499 0.0000e+00
      1.197    25.9208     8.1173     99.539  37.507542     36.851      5.907   245.3788     3.4528     2.6158     0.0246      0.004      1.173      1.702        319 3.4354e+02   996.8360 0.0000e+00
      1.195    25.9230     8.1159     99.552  37.528491     36.837      5.909   245.8709     3.4604     2.6735     0.0246      0.005      1.172      1.699        320 3.2857e+02   996.8310 0.0000e+00
      1.193    25.9253     8.1099     99.492  37.506982     36.836      5.909   245.7952     3.4681     2.7311     0.0246      0.004      1.171      1.698        321 3.3250e+02   996.8303 0.0000e+00
