Data/DataAlreadyUploadedToEDI/CollatedDataForEDI/CTDData/CTD_2019 (not collated)/070819_fcr45.cnv
* Sea-Bird SBE19plus  Data File:
* FileName = C:\DATA\070819_fcr50_0005.hex
* Software version 2.8.0.119
* Temperature SN = 7809
* Conductivity SN = 7809
* System UpLoad Time = Jul 08 2019 15:02:22
* <ApplicationData>
* <Seaterm232>
# nquan = 18
# nvalues = 1033                        
# units = specified
# name 0 = depFM: Depth [fresh water, m]
# name 1 = tv290C: Temperature [ITS-90, deg C]
# name 2 = sbeox0Mg/L: Oxygen, SBE 43 [mg/l]
# name 3 = sbeox0PS: Oxygen, SBE 43 [% saturation]
# name 4 = c0uS/cm: Conductivity [uS/cm]
# name 5 = specc: Specific Conductance [uS/cm]
# name 6 = ph: pH
# name 7 = orp: Oxidation Reduction Potential [mV]
# name 8 = flECO-AFL: Fluorescence, WET Labs ECO-AFL/FL [mg/m^3]
# name 9 = turbWETntu0: Turbidity, WET Labs ECO [NTU]
# name 10 = sal00: Salinity, Practical [PSU]
# name 11 = dz/dtM: Descent Rate [m/s]
# name 12 = prdM: Pressure, Strain Gauge [db]
# name 13 = prdE: Pressure, Strain Gauge [psi]
# name 14 = scan: Scan Count
# name 15 = par/sat/log: PAR/Logarithmic, Satlantic
# name 16 = density00: Density [density, kg/m^3]
# name 17 = flag:  0.000e+00
# span 0 =     -0.601,      6.636       
# span 1 =    10.3904,    27.4726       
# span 2 =     1.7246,    13.6307       
# span 3 =     16.207,    154.984       
# span 4 =   2.388751,  37.532476       
# span 5 =      2.486,     40.179       
# span 6 =      6.512,      7.953       
# span 7 =   192.2272,   528.0967       
# span 8 =    -0.1598,   243.4848       
# span 9 =   -10.9821,   124.8378       
# span 10 =     0.0107,     0.0246      
# span 11 =     -0.147,      0.261      
# span 12 =     -0.589,      6.507      
# span 13 =     -0.854,      9.437      
# span 14 =          1,       1033      
# span 15 = 6.2228e-01, 2.3646e+03      
# span 16 =   996.4019,   999.7136      
# span 17 = 0.0000e+00, 0.0000e+00      
# interval = seconds: 0.25
# start_time = Jul 08 2019 11:30:55 [Instrument's time stamp, header]
# bad_flag = -9.990e-29
*END*
[from data line 644]
      2.869    19.1632    12.0179    128.095  30.881414     34.800      7.787   264.9131     3.6397     1.8083     0.0219      0.026      2.811      4.078        645 6.6933e+01   998.3665 0.0000e+00
      2.879    19.0705    11.9327    126.880  30.822428     34.795      7.781   265.2538     5.2610     1.4622     0.0219      0.033      2.823      4.094        646 6.6730e+01   998.3814 0.0000e+00
      2.887    19.0079    11.8485    125.732  30.860340     34.951      7.776   265.0267     5.2381     1.4766     0.0219      0.037      2.831      4.105        647 6.6462e+01   998.4042 0.0000e+00
      2.892    18.9501    11.7555    124.619  30.834276     34.960      7.771   265.2538     5.2267     1.5343     0.0219      0.040      2.837      4.114        648 6.6674e+01   998.4224 0.0000e+00
      2.898    18.8930    11.6740    123.611  30.825276     35.041      7.769   265.1024     5.2686     1.3901     0.0219      0.039      2.842      4.122        649 6.6031e+01   998.4347 0.0000e+00
      2.904    18.8292    11.6006    122.652  30.753062     34.961      7.766   265.2917     5.1351     1.5343     0.0219      0.037      2.848      4.130        650 6.5764e+01   998.4461 0.0000e+00
      2.910    18.7528    11.5445    121.905  30.657530     34.942      7.767   266.1624     5.1465     1.5055     0.0218      0.034      2.854      4.139        651 6.5316e+01   998.4572 0.0000e+00
      2.917    18.6701    11.4931    121.228  30.529417     34.802      7.766   266.4652     5.1122     1.4910     0.0218      0.029      2.861      4.148        652 6.4987e+01   998.4696 0.0000e+00
      2.922    18.5890    11.4467    120.631  30.497753     34.863      7.766   267.3738     5.1122     1.5776     0.0218      0.025      2.866      4.157        653 6.4933e+01   998.4844 0.0000e+00
      2.928    18.5177    11.4106    120.137  30.459957     34.865      7.763   268.5095     5.0970     1.4622     0.0217      0.024      2.873      4.167        654 6.4272e+01   998.5003 0.0000e+00
      2.940    18.4339    11.3765    119.671  30.398731     34.866      7.763   269.0774     6.4970     1.7218     0.0217      0.025      2.885      4.183        655 6.3690e+01   998.5159 0.0000e+00
      2.957    18.3172    11.3323    119.094  30.248092     34.763      7.764   269.3045     6.4855     1.7650     0.0216      0.029      2.900      4.206        656 6.2643e+01   998.5296 0.0000e+00
      2.975    18.2198    11.3030    118.662  29.995686     34.508      7.761   269.8724     6.5046     1.8371     0.0215      0.035      2.917      4.230        657 6.1761e+01   998.5456 0.0000e+00
      2.991    18.1684    11.2728    118.271  29.972238     34.602      7.758   270.1374     6.5046     1.8083     0.0215      0.042      2.930      4.250        658 6.1647e+01   998.5677 0.0000e+00
      2.997    18.1116    11.2262    117.699  30.040310     34.745      7.759   270.0995     5.3716     1.5487     0.0215      0.046      2.938      4.262        659 6.1286e+01   998.5861 0.0000e+00
      3.001    18.0405    11.1933    117.237  29.970260     34.720      7.757   270.6674     5.3411     1.4045     0.0215      0.047      2.944      4.271        660 6.0880e+01   998.5956 0.0000e+00
      3.011    17.9779    11.1716    116.881  29.881686     34.637      7.756   270.7431     5.3411     1.4622     0.0214      0.047      2.953      4.284        661 6.0174e+01   998.6062 0.0000e+00
      3.023    17.9249    11.1328    116.374  29.913560     34.760      7.756   271.0838     5.3564     1.4622     0.0215      0.046      2.964      4.299        662 5.9490e+01   998.6195 0.0000e+00
      3.033    17.8808    11.1079    116.064  29.871371     34.745      7.754   271.4245     4.5781     1.4622     0.0214      0.043      2.975      4.314        663 5.9212e+01   998.6311 0.0000e+00
      3.044    17.8355    11.1056    115.985  29.874964     34.788      7.750   271.9167     4.5629     1.5199     0.0214      0.039      2.986      4.330        664 5.8543e+01   998.6410 0.0000e+00
      3.057    17.7920    11.0993    115.828  29.849858     34.823      7.745   272.4088     4.5324     1.5199     0.0214      0.038      2.996      4.346        665 5.8212e+01   998.6491 0.0000e+00
      3.066    17.7455    11.0994    115.723  29.695257     34.633      7.741   272.7117     4.5553     1.5776     0.0213      0.038      3.006      4.359        666 5.8123e+01   998.6574 0.0000e+00
      3.072    17.6964    11.0956    115.622  29.652628     34.668      7.740   273.2796     4.6125     1.5487     0.0213      0.040      3.015      4.373        667 5.7802e+01   998.6654 0.0000e+00
      3.085    17.6642    11.0821    115.436  29.606675     34.607      7.740   273.8474     4.5629     1.5199     0.0213      0.041      3.028      4.391        668 5.6954e+01   998.6739 0.0000e+00
      3.104    17.6311    11.0427    114.940  29.545087     34.615      7.740   274.0367     4.5972     1.4910     0.0213      0.043      3.042      4.411        669 5.6302e+01   998.6829 0.0000e+00
      3.115    17.5828    10.9978    114.390  29.462666     34.509      7.734   273.9610     4.5896     1.5199     0.0212      0.044      3.053      4.428        670 5.6042e+01   998.6887 0.0000e+00
      3.121    17.5295    10.9285    113.600  29.442638     34.536      7.736   274.6803     4.7803     1.5055     0.0212      0.044      3.061      4.440        671 5.5899e+01   998.6948 0.0000e+00
      3.128    17.4881    10.8548    112.775  29.392277     34.510      7.729   274.9074     4.7765     1.4334     0.0212      0.043      3.068      4.449        672 5.5471e+01   998.7035 0.0000e+00
      3.133    17.4663    10.7782    111.917  29.406858     34.553      7.733   275.4753     4.7689     1.5776     0.0212      0.041      3.075      4.459        673 5.5068e+01   998.7132 0.0000e+00
      3.143    17.4438    10.7133    111.209  29.513387     34.752      7.728   275.4753     4.7727     1.5776     0.0213      0.039      3.086      4.476        674 5.4112e+01   998.7207 0.0000e+00
      3.166    17.4059    10.6282    110.332  29.467094     34.670      7.728   275.9674     4.7689     1.4910     0.0212      0.040      3.101      4.498        675 5.3088e+01   998.7246 0.0000e+00
      3.175    17.3627    10.5688    109.682  29.434854     34.689      7.724   276.1188     4.9291     1.5343     0.0212      0.040      3.113      4.514        676 5.2777e+01   998.7288 0.0000e+00
      3.181    17.3367    10.5248    109.116  29.464645     34.720      7.723   275.8917     4.9444     1.5631     0.0212      0.039      3.121      4.526        677 5.2078e+01   998.7356 0.0000e+00
      3.191    17.3166    10.4897    108.615  29.489285     34.822      7.721   275.8160     4.9482     1.4622     0.0213      0.040      3.127      4.535        678 5.1958e+01   998.7433 0.0000e+00
      3.192    17.2820    10.4586    108.174  29.463455     34.777      7.720   276.3081     4.9405     1.5199     0.0212      0.039      3.130      4.540        679 5.1896e+01   998.7478 0.0000e+00
      3.193    17.2463    10.4311    107.753  29.437551     34.793      7.719   276.0810     5.0741     1.5776     0.0212      0.036      3.132      4.542        680 5.1798e+01   998.7514 0.0000e+00
      3.193    17.2178    10.4105    107.393  29.403032     34.756      7.718   276.2324     5.0550     1.4766     0.0212      0.030      3.133      4.543        681 5.1819e+01   998.7576 0.0000e+00
      3.196    17.1921    10.3967    107.093  29.387927     34.785      7.718   276.3081     5.0702     1.5199     0.0212      0.022      3.135      4.547        682 5.1399e+01   998.7639 0.0000e+00
      3.201    17.1659    10.3733    106.666  29.397112     34.809      7.714   276.8760     5.0550     1.5343     0.0212      0.015      3.140      4.555        683 5.1026e+01   998.7690 0.0000e+00
      3.211    17.1515    10.3376    106.219  29.391613     34.830      7.715   277.1031     5.1923     1.3036     0.0212      0.014      3.150      4.569        684 5.0390e+01   998.7735 0.0000e+00
      3.226    17.1529    10.3027    105.789  29.394782     34.851      7.712   277.5953     5.2076     1.3469     0.0212      0.017      3.163      4.588        685 4.9688e+01   998.7782 0.0000e+00
      3.239    17.1383    10.2675    105.332  29.452428     34.930      7.711   277.8224     5.1847     1.2315     0.0212      0.022      3.175      4.605        686 4.9169e+01   998.7808 0.0000e+00
      3.248    17.0909    10.2327    104.858  29.379129     34.862      7.710   278.6553     5.1885     1.3180     0.0212      0.029      3.184      4.619        687 4.8851e+01   998.7806 0.0000e+00
      3.255    17.0311    10.1827    104.197  29.219381     34.642      7.706   279.2231     5.4288     1.5920     0.0211      0.034      3.192      4.629        688 4.8792e+01   998.7831 0.0000e+00
      3.260    16.9776    10.1315    103.557  29.236494     34.747      7.705   279.4124     5.4212     1.5776     0.0211      0.037      3.197      4.636        689 4.8539e+01   998.7914 0.0000e+00
      3.264    16.9164    10.0777    102.888  29.150478     34.665      7.705   280.0939     5.4136     1.4910     0.0211      0.036      3.202      4.643        690 4.8432e+01   998.8018 0.0000e+00
      3.270    16.8523    10.0305    102.261  29.030205     34.575      7.701   280.7753     5.4403     1.6497     0.0210      0.034      3.212      4.658        691 4.7614e+01   998.8111 0.0000e+00
      3.294    16.7794     9.9861    101.625  29.030700     34.626      7.699   280.9646     5.5891     1.4334     0.0210      0.034      3.228      4.681        692 4.6671e+01   998.8218 0.0000e+00
      3.307    16.7010     9.9488    101.082  28.912889     34.546      7.695   281.3053     5.6005     1.4910     0.0210      0.036      3.241      4.700        693 4.6533e+01   998.8329 0.0000e+00
      3.311    16.6612     9.8884    100.379  28.791731     34.437      7.690   281.5324     5.5929     1.4622     0.0209      0.036      3.248      4.710        694 4.6254e+01   998.8455 0.0000e+00
      3.317    16.6305     9.8160     99.566  28.826019     34.573      7.687   281.6460     5.6119     1.5631     0.0209      0.037      3.254      4.719        695 4.5928e+01   998.8589 0.0000e+00
      3.326    16.5873     9.7619     98.918  28.781374     34.535      7.690   281.6460     5.5814     1.5631     0.0209      0.038      3.262      4.731        696 4.5468e+01   998.8657 0.0000e+00
      3.335    16.5331     9.6977     98.141  28.728814     34.495      7.689   281.7217     5.5280     1.4910     0.0209      0.039      3.270      4.743        697 4.5313e+01   998.8710 0.0000e+00
      3.342    16.4674     9.6159     97.192  28.713698     34.531      7.687   281.6460     5.5280     1.4622     0.0209      0.038      3.278      4.755        698 4.5030e+01   998.8783 0.0000e+00
      3.352    16.4126     9.5210     96.168  28.681707     34.508      7.683   281.7217     5.5547     1.5487     0.0208      0.035      3.288      4.770        699 4.4434e+01   998.8874 0.0000e+00
      3.366    16.3584     9.4156     95.051  28.709400     34.632      7.684   282.2896     5.5700     1.4910     0.0209      0.033      3.302      4.790        700 4.3813e+01   998.8986 0.0000e+00
      3.384    16.2905     9.2923     93.753  28.620010     34.541      7.680   281.9110     5.8485     1.7650     0.0208      0.037      3.318      4.813        701 4.2851e+01   998.9078 0.0000e+00
      3.400    16.2060     9.1890     92.636  28.615232     34.587      7.679   282.2896     5.8256     1.7362     0.0208      0.043      3.331      4.831        702 4.2723e+01   998.9170 0.0000e+00
      3.403    16.1307     9.0880     91.522  28.596876     34.644      7.672   282.5546     5.8485     1.7362     0.0208      0.045      3.337      4.840        703 4.2854e+01   998.9283 0.0000e+00
      3.405    16.0874     8.9659     90.192  28.524387     34.579      7.672   282.9332     5.8561     1.8227     0.0207      0.044      3.341      4.847        704 4.2272e+01   998.9422 0.0000e+00
      3.416    16.0506     8.8626     89.039  28.527731     34.712      7.672   283.0467     5.7264     1.7073     0.0208      0.042      3.350      4.860        705 4.1706e+01   998.9547 0.0000e+00
      3.429    16.0029     8.7471     87.800  28.474247     34.611      7.672   283.5389     5.7264     1.7650     0.0207      0.042      3.363      4.878        706 4.0963e+01   998.9618 0.0000e+00
      3.445    15.9421     8.6156     86.439  28.502095     34.744      7.673   283.6524     5.7226     1.7794     0.0208      0.041      3.374      4.894        707 4.0804e+01   998.9679 0.0000e+00
      3.445    15.8852     8.4303     84.521  28.522714     34.751      7.670   284.1067     5.7111     1.6064     0.0207      0.037      3.379      4.901        708 4.1094e+01   998.9757 0.0000e+00
      3.446    15.8518     8.2205     82.354  28.537478     34.870      7.670   284.1824     5.5624     1.6929     0.0208      0.032      3.383      4.907        709 4.0592e+01   998.9856 0.0000e+00
      3.459    15.8264     7.9346     79.432  28.572617     34.920      7.669   284.0310     5.5318     1.7650     0.0208      0.031      3.392      4.920        710 3.9999e+01   998.9948 0.0000e+00
      3.470    15.7991     7.6105     76.101  28.597501     35.016      7.669   284.3339     5.5204     1.7650     0.0208      0.033      3.403      4.935        711 3.9632e+01   999.0003 0.0000e+00
      3.481    15.7610     7.2436     72.317  28.684266     35.107      7.669   284.4096     5.5433     1.7506     0.0208      0.034      3.415      4.953        712 3.9026e+01   999.0044 0.0000e+00
      3.497    15.7127     6.8778     68.553  28.997881     35.540      7.669   284.7503     5.4899     1.7650     0.0210      0.036      3.428      4.971        713 3.8600e+01   999.0090 0.0000e+00
      3.506    15.6600     6.4928     64.613  29.244074     35.882      7.667   284.7503     5.4899     1.8371     0.0211      0.036      3.436      4.984        714 3.8505e+01   999.0152 0.0000e+00
      3.509    15.6010     6.1655     61.297  29.414756     36.096      7.665   285.2424     5.4822     1.5920     0.0212      0.037      3.441      4.992        715 3.8366e+01   999.0231 0.0000e+00
      3.514    15.5593     5.8641     58.220  29.644609     36.485      7.663   285.5453     5.4899     1.7650     0.0213      0.038      3.446      4.998        716 3.8290e+01   999.0316 0.0000e+00
      3.519    15.5358     5.5824     55.377  29.639422     36.471      7.661   286.2646     5.4708     1.6785     0.0213      0.037      3.452      5.007        717 3.8015e+01   999.0408 0.0000e+00
      3.527    15.5040     5.3162     52.708  29.658234     36.577      7.661   286.1889     5.4975     1.9813     0.0213      0.033      3.460      5.018        718 3.7520e+01   999.0475 0.0000e+00
      3.538    15.4675     5.0581     50.103  29.739717     36.666      7.659   286.6810     5.4784     1.9236     0.0214      0.030      3.471      5.033        719 3.7072e+01   999.0513 0.0000e+00
      3.552    15.4335     4.7630     47.109  29.863910     36.868      7.657   286.6053     5.4708     1.9669     0.0215      0.030      3.483      5.051        720 3.6630e+01   999.0564 0.0000e+00
      3.565    15.3795     4.4967     44.361  29.918450     36.970      7.654   287.2110     5.4784     1.9092     0.0215      0.031      3.496      5.070        721 3.6126e+01   999.0622 0.0000e+00
      3.578    15.3076     4.2598     41.929  30.056992     37.139      7.656   287.7789     5.4975     1.9381     0.0215      0.036      3.508      5.089        722 3.5673e+01   999.0676 0.0000e+00
      3.590    15.2290     4.0446     39.744  30.372913     37.637      7.654   287.7410     5.4708     2.0102     0.0217      0.041      3.521      5.107        723 3.5242e+01   999.0763 0.0000e+00
