Data/DataAlreadyUploadedToEDI/CollatedDataForEDI/CTDData/CTD_2019 (not collated)/070819_fcr50_b.cnv
* Sea-Bird SBE19plus  Data File:
* FileName = C:\DATA\070819_fcr50_0006.hex
* Software version 2.8.0.119
* Temperature SN = 7809
* Conductivity SN = 7809
* System UpLoad Time = Jul 08 2019 15:02:47
* <ApplicationData>
* <Seaterm232>
# nquan = 18
# nvalues = 805                         
# units = specified
# name 0 = depFM: Depth [fresh water, m]
# name 1 = tv290C: Temperature [ITS-90, deg C]
# name 2 = sbeox0Mg/L: Oxygen, SBE 43 [mg/l]
# name 3 = sbeox0PS: Oxygen, SBE 43 [% saturation]
# name 4 = c0uS/cm: Conductivity [uS/cm]
# name 5 = specc: Specific Conductance [uS/cm]
# name 6 = ph: pH
# name 7 = orp: Oxidation Reduction Potential [mV]
# name 8 = flECO-AFL: Fluorescence, WET Labs ECO-AFL/FL [mg/m^3]
# name 9 = turbWETntu0: Turbidity, WET Labs ECO [NTU]
# name 10 = sal00: Salinity, Practical [PSU]
# name 11 = dz/dtM: Descent Rate [m/s]
# name 12 = prdM: Pressure, Strain Gauge [db]
# name 13 = prdE: Pressure, Strain Gauge [psi]
# name 14 = scan: Scan Count
# name 15 = par/sat/log: PAR/Logarithmic, Satlantic
# name 16 = density00: Density [density, kg/m^3]
# name 17 = flag:  0.000e+00
# span 0 =     -0.619,      9.595       
# span 1 =    10.1169,    34.3288       
# span 2 =     0.0694,    14.6989       
# span 3 =      0.618,    166.934       
# span 4 =  -0.367624, 201.637754       
# span 5 =     -0.526,    280.779       
# span 6 =     -2.050,      7.249       
# span 7 = -1240.7455,  1240.2295       
# span 8 =    -0.1407,    10.0599       
# span 9 =    -3.6857,    41.1454       
# span 10 =     0.0000,     0.1319      
# span 11 =     -0.107,      0.230      
# span 12 =     -0.607,      9.409      
# span 13 =     -0.880,     13.647      
# span 14 =          1,        805      
# span 15 = 1.2265e-01, 2.6240e+03      
# span 16 =   994.2583,   999.8119      
# span 17 = 0.0000e+00, 0.0000e+00      
# interval = seconds: 0.25
# start_time = Jul 08 2019 14:49:07 [Instrument's time stamp, header]
# bad_flag = -9.990e-29
*END*
[from data line 403]
      1.115    28.9424     6.3872     82.944  39.230353     36.353      6.307   258.7045     3.0713     2.2553     0.0252      0.023      1.093      1.585        404 5.5627e+02   995.9888 0.0000e+00
      1.115    28.9510     6.3632     82.678  39.241881     36.380      6.312   259.8402     3.0408     2.1976     0.0252      0.013      1.093      1.586        405 5.4413e+02   995.9885 0.0000e+00
      1.115    28.9531     6.4230     83.546  39.227607     36.350      6.313   260.4459     3.0332     2.1688     0.0252      0.003      1.094      1.587        406 5.1027e+02   995.9872 0.0000e+00
      1.117    28.9499     6.6008     85.815  39.218477     36.345      6.316   260.4838     2.9798     2.1399     0.0252      0.002      1.096      1.589        407 5.8900e+02   995.9848 0.0000e+00
      1.121    28.9401     6.8487     88.872  39.223600     36.344      6.319   260.7109     2.9912     2.3130     0.0252      0.003      1.099      1.594        408 5.8917e+02   995.9842 0.0000e+00
      1.123    28.9376     7.0916     91.968  39.221230     36.345      6.318   260.4838     2.9874     2.2265     0.0252      0.004      1.104      1.601        409 5.5579e+02   995.9851 0.0000e+00
      1.136    28.9370     7.2846     94.370  39.191791     36.327      6.319   257.7959     2.9836     2.2986     0.0252      0.008      1.113      1.614        410 5.8746e+02   995.9880 0.0000e+00
      1.146    28.9334     7.4389     96.162  39.171325     36.302      6.312   258.4395     2.9759     2.1976     0.0252      0.014      1.121      1.626        411 5.1768e+02   995.9887 0.0000e+00
      1.147    28.9360     7.5373     97.484  39.157787     36.303      6.315   258.7802     2.9988     2.1544     0.0252      0.017      1.125      1.631        412 5.1473e+02   995.9890 0.0000e+00
      1.147    28.9348     7.6296     98.561  39.119727     36.253      6.317   260.2945     2.9912     2.2697     0.0251      0.019      1.129      1.637        413 5.7853e+02   995.9900 0.0000e+00
      1.157    28.9242     7.7527     99.836  39.100140     36.252      6.318   260.0674     2.9912     2.1399     0.0251      0.022      1.144      1.659        414 5.4835e+02   995.9892 0.0000e+00
      1.199    28.9557     7.8167    100.564  39.152523     36.277      6.318   256.2059     3.0027     2.1688     0.0251      0.033      1.172      1.700        415 5.0466e+02   995.9898 0.0000e+00
      1.229    29.0149     7.8717    101.077  39.202728     36.364      6.307   256.8116     2.9759     2.1399     0.0252      0.046      1.197      1.736        416 4.8661e+02   995.9931 0.0000e+00
      1.233    28.9851     7.8730    100.835  39.067300     36.187      6.312   256.9631     2.9683     2.1544     0.0251      0.055      1.209      1.754        417 5.1342e+02   995.9838 0.0000e+00
      1.241    28.8838     7.8164     99.922  38.995029     36.094      6.318   258.4017     3.0179     2.1832     0.0251      0.059      1.218      1.767        418 4.8313e+02   995.9665 0.0000e+00
      1.253    28.8463     7.7009     98.344  39.055547     36.165      6.319   258.4017     2.9912     2.1544     0.0251      0.062      1.228      1.782        419 4.7539e+02   995.9754 0.0000e+00
      1.261    28.7790     7.5565     96.436  39.051276     36.236      6.319   258.2124     2.9607     2.1399     0.0251      0.064      1.242      1.802        420 4.9895e+02   996.0050 0.0000e+00
      1.288    28.6708     7.4107     94.541  38.941105     36.157      6.325   255.9031     2.9759     2.1111     0.0251      0.065      1.266      1.836        421 4.5600e+02   996.0160 0.0000e+00
      1.325    28.6872     7.2813     92.796  39.014858     36.249      6.319   256.0924     2.9607     2.1544     0.0251      0.067      1.292      1.873        422 4.5190e+02   996.0358 0.0000e+00
      1.335    28.6199     7.1692     91.279  38.959530     36.332      6.320   255.6759     3.0408     2.1976     0.0251      0.063      1.309      1.898        423 4.4731e+02   996.0672 0.0000e+00
      1.346    28.4532     7.0800     90.101  38.743261     36.026      6.327   255.5624     3.0255     2.1111     0.0250      0.064      1.319      1.913        424 4.2841e+02   996.0625 0.0000e+00
      1.355    28.3841     7.0246     89.318  38.898730     36.306      6.327   256.5466     3.0332     2.2265     0.0251      0.067      1.326      1.924        425 4.4358e+02   996.0822 0.0000e+00
      1.356    28.2837     7.0118     89.107  38.795725     36.271      6.336   256.4709     3.0370     2.1544     0.0250      0.064      1.330      1.929        426 4.2700e+02   996.1304 0.0000e+00
      1.359    28.1352     7.0356     89.330  38.634412     36.177      6.340   255.1838     3.0027     2.1976     0.0250      0.056      1.333      1.933        427 4.4916e+02   996.1502 0.0000e+00
      1.362    28.0316     7.0704     89.702  38.743884     36.356      6.343   255.6002     3.0027     2.1832     0.0250      0.046      1.338      1.941        428 4.6083e+02   996.1790 0.0000e+00
      1.375    27.9700     7.1884     90.823  38.689182     36.403      6.348   255.9409     2.9759     2.1399     0.0250      0.034      1.348      1.956        429 4.0497e+02   996.2216 0.0000e+00
      1.388    27.9356     7.3656     92.489  38.702556     36.477      6.353   255.8652     2.9874     2.1688     0.0250      0.027      1.361      1.975        430 4.2741e+02   996.2512 0.0000e+00
      1.401    27.9119     7.5163     94.021  38.756934     36.595      6.354   257.0009     2.9836     2.1688     0.0251      0.029      1.375      1.995        431 4.0675e+02   996.2688 0.0000e+00
      1.419    27.8560     7.7501     96.329  38.651182     36.490      6.358   256.8874     2.9988     2.2409     0.0250      0.034      1.392      2.020        432 3.8203e+02   996.2786 0.0000e+00
      1.439    27.8034     7.9854     98.682  38.685996     36.556      6.362   256.8495     2.9912     2.1111     0.0250      0.042      1.412      2.047        433 4.0485e+02   996.2854 0.0000e+00
      1.460    27.7715     8.1968    100.858  38.683989     36.596      6.365   256.5466     2.9683     2.1688     0.0250      0.052      1.431      2.075        434 3.8792e+02   996.3013 0.0000e+00
      1.478    27.7293     8.4214    103.100  38.653704     36.581      6.373   256.0545     2.9721     2.2409     0.0250      0.061      1.449      2.101        435 3.7743e+02   996.3162 0.0000e+00
      1.493    27.6921     8.6283    105.163  38.664435     36.652      6.382   255.9788     3.1285     2.4860     0.0250      0.066      1.465      2.125        436 3.7367e+02   996.3254 0.0000e+00
      1.513    27.6493     8.7427    106.231  38.581744     36.554      6.392   257.6445     3.1018     2.3707     0.0250      0.069      1.480      2.147        437 3.6086e+02   996.3373 0.0000e+00
      1.521    27.5983     8.7895    106.446  38.608447     36.654      6.399   256.2816     3.1362     2.5004     0.0250      0.069      1.492      2.164        438 3.6200e+02   996.3478 0.0000e+00
      1.530    27.3630     8.7564    105.825  38.423765     36.477      6.416   255.6002     3.1247     2.2986     0.0249      0.065      1.506      2.184        439 3.5358e+02   996.3599 0.0000e+00
      1.559    27.0370     8.7096    104.924  38.367043     36.454      6.432   254.6159     3.2926     2.3130     0.0249      0.065      1.528      2.215        440 3.3586e+02   996.3743 0.0000e+00
      1.582    26.7988     8.6393    103.731  38.501262     36.776      6.441   255.1081     3.2964     2.4572     0.0250      0.066      1.549      2.247        441 3.4173e+02   996.4402 0.0000e+00
      1.597    26.4637     8.5635    102.643  38.138298     36.644      6.455   252.5338     3.2773     2.5149     0.0248      0.066      1.569      2.275        442 3.2454e+02   996.5305 0.0000e+00
      1.622    26.1374     8.5067    101.787  38.077972     36.715      6.467   251.3981     3.2926     2.4283     0.0248      0.070      1.589      2.304        443 3.2304e+02   996.5959 0.0000e+00
      1.639    25.8999     8.4929    101.576  38.161568     37.130      6.474   250.9438     3.8343     2.4716     0.0249      0.073      1.605      2.328        444 3.2750e+02   996.6871 0.0000e+00
      1.648    25.6218     8.5210    101.924  37.678792     36.788      6.492   250.6788     3.8152     2.5581     0.0247      0.073      1.618      2.348        445 3.1367e+02   996.7747 0.0000e+00
      1.664    25.3845     8.6229    103.151  37.552756     36.905      6.502   249.7323     3.8343     2.5437     0.0247      0.074      1.638      2.376        446 3.0627e+02   996.8379 0.0000e+00
      1.699    25.2069     8.8008    105.323  37.370197     36.914      6.517   249.2781     3.8457     2.5725     0.0246      0.076      1.670      2.422        447 2.9233e+02   996.9113 0.0000e+00
      1.746    25.0377     9.0359    108.108  37.313401     36.982      6.535   249.3159     3.8457     3.3512     0.0246      0.082      1.705      2.473        448 2.8567e+02   996.9735 0.0000e+00
      1.767    24.9145     9.3353    111.721  37.386472     37.300      6.551   248.5966     3.8419     3.2214     0.0247      0.089      1.727      2.504        449 2.8107e+02   997.0197 0.0000e+00
      1.768    24.7469     9.5793    114.666  36.923736     36.821      6.571   246.9309     3.8457     3.2070     0.0244      0.090      1.733      2.513        450 2.8126e+02   997.0631 0.0000e+00
      1.768    24.5700     9.6721    115.762  36.852109     36.960      6.587   246.9309     3.8305     3.2070     0.0244      0.084      1.734      2.515        451 2.7859e+02   997.0946 0.0000e+00
      1.770    24.4698     9.6782    115.849  36.823703     36.975      6.603   246.9309     3.8381     3.1926     0.0244      0.076      1.735      2.517        452 2.7993e+02   997.1373 0.0000e+00
      1.772    24.3837     9.6605    115.652  36.633183     36.969      6.616   246.8930     3.7198     3.2791     0.0243      0.063      1.737      2.519        453 2.8417e+02   997.1821 0.0000e+00
      1.772    24.3558     9.6581    115.633  36.585495     36.954      6.629   246.4388     3.7084     3.1637     0.0243      0.046      1.738      2.521        454 2.8123e+02   997.2073 0.0000e+00
      1.773    24.3614     9.7173    116.277  36.557125     37.023      6.640   246.4388     3.7198     3.1349     0.0243      0.025      1.738      2.521        455 2.7901e+02   997.2289 0.0000e+00
      1.773    24.3693     9.8419    117.684  36.520353     36.985      6.645   246.4009     3.7122     3.2358     0.0243      0.009      1.739      2.522        456 2.7802e+02   997.2359 0.0000e+00
      1.774    24.3858    10.1532    121.376  36.423833     36.895      6.653   246.4009     3.6473     3.2214     0.0243      0.004      1.739      2.523        457 2.8091e+02   997.2345 0.0000e+00
      1.774    24.3780    10.6110    126.769  36.440167     36.892      6.659   246.4388     3.6321     3.1061     0.0243      0.003      1.739      2.523        458 2.7774e+02   997.2325 0.0000e+00
      1.773    24.3886    10.9445    130.588  36.440751     36.904      6.667   246.8552     3.6473     3.1926     0.0243      0.003      1.739      2.523        459 2.8209e+02   997.2284 0.0000e+00
      1.774    24.4009    11.2305    133.718  36.393468     36.830      6.676   246.8173     3.6626     3.1493     0.0242      0.002      1.740      2.523        460 2.8019e+02   997.2303 0.0000e+00
      1.774    24.3954    11.6504    138.363  36.410104     36.875      6.679   246.9309     3.6473     3.0772     0.0243      0.001      1.740      2.523        461 2.7535e+02   997.2277 0.0000e+00
      1.774    24.4003    12.1713    144.166  36.390409     36.810      6.685   246.5145     3.6550     3.0772     0.0242      0.001      1.740      2.523        462 2.7917e+02   997.2246 0.0000e+00
      1.774    24.4083    12.7014    150.042  36.417976     36.872      6.691   246.2873     3.6435     3.0195     0.0243      0.001      1.741      2.525        463 2.7790e+02   997.2259 0.0000e+00
      1.777    24.4113    13.2339    155.775  36.464702     36.895      6.696   246.6659     3.6435     2.9763     0.0243      0.001      1.745      2.531        464 2.7579e+02   997.2248 0.0000e+00
      1.787    24.3824    13.6247    159.820  36.361892     36.805      6.701   247.4230     3.5978     2.9042     0.0242      0.004      1.758      2.550        465 2.6743e+02   997.2227 0.0000e+00
      1.817    24.3461    13.9338    162.815  36.397746     36.802      6.706   247.4988     3.6206     2.9763     0.0242      0.014      1.782      2.584        466 2.6218e+02   997.2221 0.0000e+00
      1.845    24.3294    14.1380    164.597  36.479354     36.965      6.704   247.1202     3.5978     3.0340     0.0243      0.029      1.809      2.624        467 2.5615e+02   997.2295 0.0000e+00
      1.873    24.2979    14.2355    165.205  36.289978     36.739      6.709   246.5145     3.5978     3.0484     0.0242      0.046      1.839      2.666        468 2.4909e+02   997.2388 0.0000e+00
      1.908    24.2273    14.2360    164.715  36.307458     36.806      6.712   246.5523     3.5787     3.5531     0.0242      0.066      1.869      2.710        469 2.3625e+02   997.2431 0.0000e+00
      1.935    24.1168    14.2521    164.424  36.339075     36.859      6.724   245.3409     3.5978     3.4810     0.0242      0.085      1.897      2.751        470 2.2885e+02   997.2511 0.0000e+00
      1.960    23.9776    14.2604    164.093  36.221014     36.769      6.735   245.9845     3.6016     3.4810     0.0242      0.099      1.923      2.789        471 2.2764e+02   997.2688 0.0000e+00
      1.987    23.8392    14.3248    164.465  36.128443     36.797      6.742   246.4009     3.5634     3.4089     0.0242      0.109      1.948      2.826        472 2.1878e+02   997.2963 0.0000e+00
      2.012    23.6905    14.4216    165.159  35.861653     36.586      6.749   246.6659     3.5863     3.4089     0.0240      0.112      1.974      2.863        473 2.1510e+02   997.3307 0.0000e+00
      2.040    23.5067    14.5398    166.062  35.723348     36.578      6.758   246.6659     3.5825     3.5387     0.0240      0.110      2.001      2.902        474 2.0546e+02   997.3648 0.0000e+00
      2.070    23.3176    14.6626    166.934  35.678323     36.628      6.760   246.9309     3.6130     3.4089     0.0240      0.109      2.027      2.939        475 1.9953e+02   997.4013 0.0000e+00
      2.087    23.1169    14.6989    166.854  35.354728     36.455      6.768   246.6659     3.6054     3.4521     0.0238      0.105      2.047      2.969        476 1.9618e+02   997.4460 0.0000e+00
      2.106    22.9223    14.6719    166.158  34.911190     36.103      6.780   246.6659     3.5978     3.4666     0.0237      0.099      2.067      2.999        477 1.9039e+02   997.4915 0.0000e+00
      2.133    22.7550    14.6022    165.053  34.719121     36.082      6.788   247.3095     3.3918     3.6684     0.0236      0.097      2.092      3.034        478 1.8284e+02   997.5395 0.0000e+00
      2.161    22.5974    14.5596    164.335  34.615978     36.111      6.795   247.6880     3.3994     3.6540     0.0235      0.096      2.116      3.070        479 1.7612e+02   997.5858 0.0000e+00
      2.179    22.4454    14.4013    162.335  34.358105     35.975      6.804   247.7259     3.4108     3.6540     0.0234      0.094      2.136      3.099        480 1.7199e+02   997.6252 0.0000e+00
      2.193    22.3110    14.2009    159.880  34.032647     35.742      6.817   248.3316     3.4261     3.6540     0.0233      0.090      2.153      3.124        481 1.6735e+02   997.6620 0.0000e+00
      2.215    22.1918    14.0192    157.626  33.835827     35.650      6.827   248.8616     3.4757     3.5098     0.0232      0.086      2.175      3.155        482 1.6146e+02   997.6974 0.0000e+00
