Data/DataAlreadyUploadedToEDI/CollatedDataForEDI/CTDData/CTD_2019 (not collated)/070819_fcr50_b.cnv
* Sea-Bird SBE19plus  Data File:
* FileName = C:\DATA\070819_fcr50_0006.hex
* Software version 2.8.0.119
* Temperature SN = 7809
* Conductivity SN = 7809
* System UpLoad Time = Jul 08 2019 15:02:47
* <ApplicationData>
* <Seaterm232>
# nquan = 18
# nvalues = 805                         
# units = specified
# name 0 = depFM: Depth [fresh water, m]
# name 1 = tv290C: Temperature [ITS-90, deg C]
# name 2 = sbeox0Mg/L: Oxygen, SBE 43 [mg/l]
# name 3 = sbeox0PS: Oxygen, SBE 43 [% saturation]
# name 4 = c0uS/cm: Conductivity [uS/cm]
# name 5 = specc: Specific Conductance [uS/cm]
# name 6 = ph: pH
# name 7 = orp: Oxidation Reduction Potential [mV]
# name 8 = flECO-AFL: Fluorescence, WET Labs ECO-AFL/FL [mg/m^3]
# name 9 = turbWETntu0: Turbidity, WET Labs ECO [NTU]
# name 10 = sal00: Salinity, Practical [PSU]
# name 11 = dz/dtM: Descent Rate [m/s]
# name 12 = prdM: Pressure, Strain Gauge [db]
# name 13 = prdE: Pressure, Strain Gauge [psi]
# name 14 = scan: Scan Count
# name 15 = par/sat/log: PAR/Logarithmic, Satlantic
# name 16 = density00: Density [density, kg/m^3]
# name 17 = flag:  0.000e+00
# span 0 =     -0.619,      9.595       
# span 1 =    10.1169,    34.3288       
# span 2 =     0.0694,    14.6989       
# span 3 =      0.618,    166.934       
# span 4 =  -0.367624, 201.637754       
# span 5 =     -0.526,    280.779       
# span 6 =     -2.050,      7.249       
# span 7 = -1240.7455,  1240.2295       
# span 8 =    -0.1407,    10.0599       
# span 9 =    -3.6857,    41.1454       
# span 10 =     0.0000,     0.1319      
# span 11 =     -0.107,      0.230      
# span 12 =     -0.607,      9.409      
# span 13 =     -0.880,     13.647      
# span 14 =          1,        805      
# span 15 = 1.2265e-01, 2.6240e+03      
# span 16 =   994.2583,   999.8119      
# span 17 = 0.0000e+00, 0.0000e+00      
# interval = seconds: 0.25
# start_time = Jul 08 2019 14:49:07 [Instrument's time stamp, header]
# bad_flag = -9.990e-29
*END*
[from data line 81]
     -0.144    30.0274     6.4893     85.914  45.478442     41.318      6.429   269.5317     1.7018     2.3274     0.0274      0.000     -0.141     -0.205         82 2.4439e+03   995.6604 0.0000e+00
     -0.144    30.0304     6.4667     85.618  45.371485     41.217      6.423   269.7967     1.6866     2.1399     0.0274     -0.000     -0.141     -0.205         83 2.4453e+03   995.6608 0.0000e+00
     -0.144    30.0342     6.4448     85.328  45.365876     41.217      6.420   272.9767     1.6980     1.9525     0.0274      0.000     -0.141     -0.204         84 2.4475e+03   995.6606 0.0000e+00
     -0.144    30.0367     6.4249     85.064  45.366834     41.215      6.417   272.4845     1.7094     1.9381     0.0274      0.000     -0.141     -0.204         85 2.4477e+03   995.6597 0.0000e+00
     -0.144    30.0378     6.4006     84.747  45.310999     41.161      6.412   269.3424     1.7247     1.9957     0.0274      0.000     -0.141     -0.205         86 2.4511e+03   995.6586 0.0000e+00
     -0.144    30.0382     6.3657     84.300  45.287125     41.134      6.412   268.1688     1.7323     1.8948     0.0274      0.000     -0.141     -0.205         87 2.4495e+03   995.6578 0.0000e+00
     -0.144    30.0373     6.3156     83.665  45.218661     41.082      6.408   268.0553     1.6980     2.1399     0.0273      0.000     -0.141     -0.205         88 2.4414e+03   995.6575 0.0000e+00
     -0.143    30.0361     6.2562     82.918  45.129379     40.981      6.403   267.7145     1.6827     2.1832     0.0273      0.000     -0.141     -0.204         89 2.4383e+03   995.6573 0.0000e+00
     -0.143    30.0354     6.1871     82.035  45.101768     40.981      6.394   267.7903     1.7018     2.2409     0.0273      0.000     -0.141     -0.204         90 2.4467e+03   995.6576 0.0000e+00
     -0.144    30.0346     6.1116     81.054  45.104788     40.957      6.382   272.0681     1.7094     2.0967     0.0273      0.000     -0.141     -0.204         91 2.4444e+03   995.6580 0.0000e+00
     -0.143    30.0350     6.0431     80.159  45.095972     40.983      6.366   269.6453     1.7171     1.9525     0.0273      0.000     -0.140     -0.204         92 2.4490e+03   995.6582 0.0000e+00
     -0.143    30.0365     5.9571     79.026  44.964507     40.831      6.349   269.1153     1.6942     1.9669     0.0272      0.000     -0.140     -0.204         93 2.4532e+03   995.6584 0.0000e+00
     -0.143    30.0369     5.8794     78.005  44.882991     40.780      6.334   265.6702     1.6980     1.9525     0.0272      0.000     -0.140     -0.204         94 2.4504e+03   995.6583 0.0000e+00
     -0.143    30.0367     5.8082     77.068  44.812013     40.703      6.319   273.9610     1.6904     1.9092     0.0272      0.000     -0.140     -0.204         95 2.4488e+03   995.6578 0.0000e+00
     -0.143    30.0397     5.7405     76.178  44.697081     40.601      6.305   272.4088     1.7133     1.8804     0.0271      0.000     -0.141     -0.204         96 2.4491e+03   995.6576 0.0000e+00
     -0.143    30.0499     5.6764     75.337  44.640621     40.550      6.298   272.4088     1.7705     2.1544     0.0271      0.000     -0.141     -0.204         97 2.4493e+03   995.6576 0.0000e+00
     -0.144    30.0707     5.6053     74.403  44.645108     40.548      6.294   268.9260     1.7972     2.2409     0.0271     -0.000     -0.141     -0.204         98 2.4445e+03   995.6568 0.0000e+00
     -0.143    30.0978     5.5486     73.661  44.632203     40.541      6.285   269.0774     1.7400     2.2265     0.0271     -0.000     -0.141     -0.204         99 2.4467e+03   995.6537 0.0000e+00
     -0.143    30.1209     5.4965     72.977  44.627027     40.500      6.271   274.5288     1.7743     2.1976     0.0271     -0.000     -0.141     -0.204        100 2.4455e+03   995.6473 0.0000e+00
     -0.143    30.1359     5.4401     72.237  44.621890     40.505      6.257   274.7560     1.7743     2.2409     0.0271     -0.000     -0.141     -0.204        101 2.4493e+03   995.6391 0.0000e+00
     -0.144    30.1451     5.3916     71.601  44.608935     40.438      6.251   274.9453     1.7667     2.1976     0.0271     -0.000     -0.141     -0.204        102 2.4498e+03   995.6321 0.0000e+00
     -0.143    30.1515     5.3367     70.880  44.672782     40.528      6.244   273.6203     1.7705     2.1976     0.0271     -0.000     -0.141     -0.204        103 2.4437e+03   995.6276 0.0000e+00
     -0.143    30.1581     5.3008     70.412  44.720300     40.521      6.241   273.6581     1.7781     2.1976     0.0271     -0.000     -0.141     -0.204        104 2.4440e+03   995.6248 0.0000e+00
     -0.144    30.1645     5.2615     69.899  44.757315     40.593      6.240   270.5917     1.8124     2.1832     0.0272     -0.000     -0.141     -0.204        105 2.4494e+03   995.6229 0.0000e+00
     -0.142    30.1709     5.2335     69.535  44.715651     40.512      6.241   272.9767     1.8315     2.3130     0.0271      0.000     -0.140     -0.203        106 2.4503e+03   995.6209 0.0000e+00
     -0.142    30.1781     5.2105     69.237  44.683209     40.507      6.243   272.4845     1.8315     2.1399     0.0271      0.000     -0.139     -0.202        107 2.4462e+03   995.6190 0.0000e+00
     -0.142    30.1855     5.1897     68.971  44.708746     40.502      6.241   272.1438     1.8163     2.2120     0.0271      0.001     -0.139     -0.202        108 2.4423e+03   995.6170 0.0000e+00
     -0.142    30.1931     5.1765     68.803  44.743159     40.548      6.241   273.2038     1.8315     2.2409     0.0272      0.001     -0.139     -0.202        109 2.4469e+03   995.6148 0.0000e+00
     -0.142    30.1999     5.1688     68.710  44.818257     40.593      6.234   266.3138     1.8048     2.1976     0.0272      0.001     -0.139     -0.202        110 2.4517e+03   995.6126 0.0000e+00
     -0.142    30.2066     5.1630     68.641  44.793160     40.587      6.234   268.0174     1.8239     2.1688     0.0272      0.001     -0.139     -0.202        111 2.4470e+03   995.6103 0.0000e+00
     -0.142    30.2133     5.1650     68.676  44.774387     40.532      6.231   267.2224     1.8048     2.2697     0.0272      0.001     -0.139     -0.202        112 2.4455e+03   995.6082 0.0000e+00
     -0.141    30.2199     5.1685     68.731  44.782323     40.577      6.229   270.3645     1.6904     2.2120     0.0272      0.001     -0.139     -0.201        113 2.4484e+03   995.6062 0.0000e+00
     -0.141    30.2272     5.1682     68.737  44.783278     40.522      6.223   270.1374     1.7285     2.2986     0.0272      0.000     -0.139     -0.201        114 2.4522e+03   995.6042 0.0000e+00
     -0.141    30.2344     5.1738     68.819  44.832485     40.618      6.225   262.5659     1.6942     2.1688     0.0272      0.000     -0.139     -0.201        115 2.4486e+03   995.6021 0.0000e+00
     -0.141    30.2413     5.1840     68.964  44.839666     40.562      6.223   263.2474     1.7056     2.1544     0.0272      0.000     -0.139     -0.201        116 2.4468e+03   995.5999 0.0000e+00
     -0.141    30.2481     5.1914     69.070  44.863278     40.633      6.219   263.2474     1.6942     2.1255     0.0272      0.000     -0.139     -0.201        117 2.4489e+03   995.5978 0.0000e+00
     -0.141    30.2554     5.2001     69.195  44.832744     40.552      6.219   266.3895     1.6332     2.1255     0.0272      0.000     -0.139     -0.201        118 2.4487e+03   995.5956 0.0000e+00
     -0.141    30.2628     5.2034     69.247  44.877660     40.623      6.217   266.1624     1.6408     2.1832     0.0272      0.001     -0.138     -0.201        119 2.4493e+03   995.5936 0.0000e+00
     -0.141    30.2700     5.2084     69.323  44.925961     40.643      6.219   263.4745     1.6408     2.1255     0.0272      0.000     -0.138     -0.201        120 2.4482e+03   995.5914 0.0000e+00
     -0.141    30.2769     5.2122     69.383  44.891216     40.612      6.217   262.8310     1.6408     2.2697     0.0272      0.000     -0.138     -0.200        121 2.4518e+03   995.5892 0.0000e+00
     -0.140    30.2840     5.2151     69.430  44.891249     40.607      6.217   263.0202     1.6332     2.1832     0.0272      0.000     -0.138     -0.200        122 2.4526e+03   995.5869 0.0000e+00
     -0.141    30.2917     5.2131     69.413  44.896269     40.602      6.213   262.9067     1.6332     2.1976     0.0272      0.000     -0.138     -0.200        123 2.4517e+03   995.5848 0.0000e+00
     -0.140    30.2993     5.2122     69.410  44.944257     40.647      6.212   262.6795     1.6446     2.2120     0.0272      0.000     -0.138     -0.200        124 2.4470e+03   995.5827 0.0000e+00
     -0.141    30.3069     5.2128     69.427  44.979756     40.666      6.204   266.3895     1.6599     2.1688     0.0272      0.000     -0.138     -0.200        125 2.4478e+03   995.5803 0.0000e+00
     -0.140    30.3138     5.2106     69.407  44.941026     40.636      6.202   265.1781     1.6751     2.1976     0.0272      0.000     -0.138     -0.200        126 2.4516e+03   995.5780 0.0000e+00
     -0.141    30.3207     5.2119     69.432  44.903512     40.579      6.198   263.4367     1.6141     2.1399     0.0272      0.000     -0.138     -0.200        127 2.4485e+03   995.5757 0.0000e+00
     -0.141    30.3283     5.2039     69.335  44.937496     40.625      6.196   261.9981     1.6255     2.2409     0.0272      0.000     -0.138     -0.200        128 2.4500e+03   995.5736 0.0000e+00
     -0.140    30.3360     5.1922     69.188  44.958022     40.620      6.194   262.5659     1.6599     2.2265     0.0272      0.000     -0.137     -0.199        129 2.4517e+03   995.5715 0.0000e+00
     -0.140    30.3435     5.1973     69.264  44.966905     40.640      6.193   266.8438     1.6293     2.2697     0.0272      0.000     -0.137     -0.199        130 2.4553e+03   995.5692 0.0000e+00
     -0.140    30.3505     5.1898     69.173  44.956083     40.609      6.190   266.8060     1.6560     2.1688     0.0272      0.000     -0.137     -0.199        131 2.4501e+03   995.5669 0.0000e+00
     -0.141    30.3581     5.1851     69.119  45.001130     40.654      6.188   266.7302     1.6179     2.1688     0.0272      0.000     -0.137     -0.199        132 2.4499e+03   995.5645 0.0000e+00
     -0.140    30.3659     5.1847     69.121  44.999779     40.648      6.187   262.9824     1.6332     2.2841     0.0272      0.000     -0.137     -0.199        133 2.4478e+03   995.5623 0.0000e+00
     -0.140    30.3735     5.1791     69.055  44.987407     40.618      6.183   269.9860     1.6484     2.1976     0.0272      0.000     -0.137     -0.199        134 2.4453e+03   995.5601 0.0000e+00
     -0.140    30.3809     5.1766     69.030  45.046169     40.688      6.182   269.6074     1.6484     2.1688     0.0273      0.000     -0.137     -0.199        135 2.4507e+03   995.5578 0.0000e+00
     -0.140    30.3883     5.1749     69.015  45.015586     40.632      6.178   269.5317     1.6408     2.2986     0.0272      0.000     -0.137     -0.199        136 2.4484e+03   995.5554 0.0000e+00
     -0.140    30.3956     5.1654     68.897  44.995816     40.626      6.173   266.9952     1.6255     2.1544     0.0272     -0.000     -0.137     -0.199        137 2.4498e+03   995.5531 0.0000e+00
     -0.139    30.4033     5.1609     68.846  45.011473     40.621      6.170   266.9195     1.6179     2.2697     0.0272      0.000     -0.137     -0.199        138 2.4478e+03   995.5509 0.0000e+00
     -0.140    30.4107     5.1561     68.790  45.025742     40.641      6.165   268.2445     1.6942     2.2120     0.0272      0.000     -0.137     -0.199        139 2.4482e+03   995.5486 0.0000e+00
     -0.139    30.4179     5.1493     68.708  45.007700     40.610      6.159   269.3803     1.7247     2.2697     0.0272      0.000     -0.137     -0.199        140 2.4467e+03   995.5463 0.0000e+00
     -0.140    30.4250     5.1436     68.640  45.004274     40.604      6.154   269.3803     1.7247     2.2697     0.0272      0.000     -0.137     -0.199        141 2.4464e+03   995.5441 0.0000e+00
     -0.140    30.4322     5.1391     68.588  45.059647     40.649      6.148   269.2288     1.6904     2.0967     0.0272      0.000     -0.137     -0.199        142 2.4474e+03   995.5419 0.0000e+00
     -0.140    30.4391     5.1314     68.494  45.057372     40.644      6.143   269.0395     1.7171     1.9381     0.0272     -0.000     -0.137     -0.199        143 2.4438e+03   995.5397 0.0000e+00
     -0.140    30.4459     5.1214     68.369  45.036749     40.614      6.137   263.9667     1.6980     1.9092     0.0272      0.000     -0.137     -0.199        144 2.4480e+03   995.5375 0.0000e+00
     -0.140    30.4531     5.1147     68.287  44.996369     40.584      6.129   265.6702     1.7209     1.9525     0.0272      0.000     -0.137     -0.199        145 2.4460e+03   995.5354 0.0000e+00
     -0.140    30.4599     5.1046     68.159  45.018679     40.579      6.124   265.4431     1.7171     1.9236     0.0272     -0.000     -0.137     -0.199        146 2.4474e+03   995.5334 0.0000e+00
     -0.140    30.4671     5.0982     68.081  45.038626     40.624      6.117   268.1688     1.6370     2.1688     0.0272     -0.000     -0.137     -0.199        147 2.4511e+03   995.5311 0.0000e+00
     -0.140    30.4747     5.0888     67.963  45.030835     40.568      6.110   267.8660     1.6675     2.1688     0.0272     -0.000     -0.137     -0.199        148 2.4520e+03   995.5290 0.0000e+00
     -0.140    30.4815     5.0795     67.847  45.117311     40.689      6.106   260.0674     1.6217     2.1976     0.0273     -0.000     -0.137     -0.199        149 2.4521e+03   995.5269 0.0000e+00
     -0.139    30.4883     5.0686     67.708  45.079238     40.608      6.098   262.7174     1.6484     2.2120     0.0272      0.000     -0.137     -0.198        150 2.4516e+03   995.5245 0.0000e+00
     -0.139    30.4953     5.0596     67.596  45.048565     40.603      6.093   262.9824     1.6942     2.1688     0.0272      0.000     -0.137     -0.198        151 2.4502e+03   995.5225 0.0000e+00
     -0.139    30.5025     5.0505     67.481  45.066538     40.598      6.088   266.5410     1.6904     2.1255     0.0272      0.000     -0.137     -0.198        152 2.4497e+03   995.5203 0.0000e+00
     -0.139    30.5096     5.0422     67.377  45.056866     40.593      6.084   266.2002     1.6980     2.1688     0.0272      0.000     -0.137     -0.198        153 2.4538e+03   995.5182 0.0000e+00
     -0.139    30.5165     5.0324     67.253  45.090244     40.613      6.082   259.4238     1.6904     2.1399     0.0273      0.000     -0.137     -0.198        154 2.4508e+03   995.5160 0.0000e+00
     -0.139    30.5228     5.0199     67.093  45.054642     40.582      6.078   259.6509     1.7018     1.9236     0.0272      0.000     -0.137     -0.198        155 2.4514e+03   995.5138 0.0000e+00
     -0.139    30.5291     5.0090     66.955  45.012228     40.527      6.079   259.4995     1.7476     1.9092     0.0272      0.000     -0.137     -0.198        156 2.4498e+03   995.5117 0.0000e+00
     -0.140    30.5355     4.9994     66.834  45.054082     40.573      6.077   262.1117     1.7094     2.0102     0.0272      0.000     -0.137     -0.199        157 2.4456e+03   995.5098 0.0000e+00
     -0.140    30.5423     4.9847     66.644  45.061844     40.568      6.074   261.9224     1.6980     1.8371     0.0272     -0.000     -0.137     -0.199        158 2.4467e+03   995.5078 0.0000e+00
     -0.140    30.5490     4.9753     66.524  45.091505     40.588      6.075   259.3859     1.6827     2.2553     0.0272     -0.001     -0.137     -0.199        159 2.4506e+03   995.5059 0.0000e+00
     -0.140    30.5551     4.9592     66.316  45.106106     40.609      6.073   258.3259     1.7171     2.1832     0.0273     -0.001     -0.137     -0.199        160 2.4496e+03   995.5038 0.0000e+00
