Data/DataAlreadyUploadedToEDI/CollatedDataForEDI/CTDData/CTD_2019 (not collated)/070819_fcr10.cnv
* Sea-Bird SBE19plus  Data File:
* FileName = C:\DATA\070819_fcr50_0002.hex
* Software version 2.8.0.119
* Temperature SN = 7809
* Conductivity SN = 7809
* System UpLoad Time = Jul 08 2019 15:01:15
* <ApplicationData>
* <Seaterm232>
# nquan = 18
# nvalues = 397                         
# units = specified
# name 0 = depFM: Depth [fresh water, m]
# name 1 = tv290C: Temperature [ITS-90, deg C]
# name 2 = sbeox0Mg/L: Oxygen, SBE 43 [mg/l]
# name 3 = sbeox0PS: Oxygen, SBE 43 [% saturation]
# name 4 = c0uS/cm: Conductivity [uS/cm]
# name 5 = specc: Specific Conductance [uS/cm]
# name 6 = ph: pH
# name 7 = orp: Oxidation Reduction Potential [mV]
# name 8 = flECO-AFL: Fluorescence, WET Labs ECO-AFL/FL [mg/m^3]
# name 9 = turbWETntu0: Turbidity, WET Labs ECO [NTU]
# name 10 = sal00: Salinity, Practical [PSU]
# name 11 = dz/dtM: Descent Rate [m/s]
# name 12 = prdM: Pressure, Strain Gauge [db]
# name 13 = prdE: Pressure, Strain Gauge [psi]
# name 14 = scan: Scan Count
# name 15 = par/sat/log: PAR/Logarithmic, Satlantic
# name 16 = density00: Density [density, kg/m^3]
# name 17 = flag:  0.000e+00
# span 0 =     -0.616,      2.415       
# span 1 =    20.5865,    30.3181       
# span 2 =    -0.4987,     9.3420       
# span 3 =     -5.612,    114.494       
# span 4 =   0.680570, 272.760661       
# span 5 =      0.598,    296.207       
# span 6 =      4.660,      8.790       
# span 7 = -1240.7455,   939.9458       
# span 8 =    -0.3658,     4.2844       
# span 9 =    -5.2141,    10.5467       
# span 10 =     0.0135,     0.1425      
# span 11 =     -0.118,      0.222      
# span 12 =     -0.604,      2.367      
# span 13 =     -0.876,      3.434      
# span 14 =          1,        397      
# span 15 = 6.6402e+01, 2.5518e+03      
# span 16 =   995.5599,   998.1823      
# span 17 = 0.0000e+00, 0.0000e+00      
# interval = seconds: 0.25
# start_time = Jul 08 2019 11:14:27 [Instrument's time stamp, header]
# bad_flag = -9.990e-29
*END*
     -0.614    30.0339     6.8329     90.759   0.733119      0.673      5.907 -1240.7455    -0.0873    -0.5277     0.0135 2.1053e-16     -0.602     -0.874          1 4.0419e+02   995.6323 0.0000e+00
     -0.615    30.0227     6.8347     90.817   0.755966      0.674      5.864 -1240.7455    -0.1140    -0.5566     0.0135     -0.000     -0.603     -0.874          2 3.9744e+02   995.6391 0.0000e+00
     -0.615    30.0205     6.8345     90.847   0.777853      0.725      5.819 -1240.7455    -0.1293    -0.6287     0.0135     -0.000     -0.603     -0.874          3 3.9638e+02   995.6462 0.0000e+00
     -0.614    30.0292     6.8400     90.951   0.765044      0.674      5.786 -1240.7455    -0.1254     0.0058     0.0135     -0.000     -0.603     -0.874          4 3.8684e+02   995.6496 0.0000e+00
     -0.615    30.0455     6.8467     91.062   0.771905      0.725      5.775 -1240.7455    -0.1254    -0.1240     0.0135     -0.000     -0.603     -0.874          5 3.8845e+02   995.6502 0.0000e+00
     -0.615    30.0659     6.8662     91.198   0.680570      0.598      5.721 -1240.7455    -0.1102    -0.0230     0.0135     -0.000     -0.603     -0.874          6 3.7018e+02   995.6477 0.0000e+00
     -0.615    30.0931     6.9494     91.283   0.730803      0.674      6.017 -1240.7455    -0.1254    -0.0951     0.0135     -0.000     -0.603     -0.875          7 4.0154e+02   995.6426 0.0000e+00
     -0.615    30.1287     7.0375     91.371   0.798137      0.724      6.063 -1240.7455    -0.1636    -0.1816     0.0135     -0.000     -0.603     -0.875          8 3.6876e+02   995.6365 0.0000e+00
     -0.616    30.1703     7.0980     91.407   0.744681      0.673      6.009 -1240.7455    -0.1026     0.3375     0.0135     -0.001     -0.603     -0.875          9 4.2175e+02   995.6284 0.0000e+00
     -0.615    30.2026     7.1352     91.358   0.738162      0.673      5.962 -1240.7455    -0.1102     0.4384     0.0136     -0.000     -0.603     -0.875         10 3.1383e+02   995.6175 0.0000e+00
     -0.616    30.2305     7.1674     91.371   0.747084      0.672      4.660 -1240.7455    -0.0987     0.3519     0.0136     -0.001     -0.604     -0.876         11 5.7188e+02   995.6049 0.0000e+00
     -0.616    30.2470     7.1890     91.366   0.792741      0.722      6.717  -877.2402    -0.1064     0.3951     0.0136     -0.001     -0.604     -0.876         12 1.5572e+03   995.5951 0.0000e+00
     -0.616    30.2760     7.2062     91.386   0.799668      0.722      8.219  -930.0511    -0.3620    -0.5854     0.0136     -0.001     -0.604     -0.876         13 1.8726e+03   995.5866 0.0000e+00
     -0.616    30.2825     7.2284     91.554   0.738462      0.671      8.678  -989.1084    -0.3543    -0.4700     0.0136     -0.001     -0.604     -0.876         14 1.7404e+03   995.5817 0.0000e+00
     -0.616    30.3181     7.2552     91.805   0.809749      0.721      8.790 -1038.2849    -0.3391    -0.5421     0.0136     -0.000     -0.604     -0.876         15 1.9640e+03   995.5728 0.0000e+00
     -0.615    30.1987     7.2944     92.214   0.710955      0.671      8.750 -1077.7322    -0.3658    -0.5421     0.0136     -0.000     -0.600     -0.871         16 1.7792e+03   995.5709 0.0000e+00
     -0.610    29.5924     7.3320     92.615   0.861409      0.721      8.059 -1240.7455    -0.1903     5.7881     0.0136      0.001     -0.578     -0.839         17 9.1841e+02   995.5599 0.0000e+00
     -0.539    28.9093     7.3728     93.059  15.921576     13.723      6.941   939.9458    -0.1979     5.7449     0.0169      0.021     -0.523     -0.758         18 1.2267e+03   995.5995 0.0000e+00
     -0.449    28.4518     7.4024     93.397  36.292038     34.417      6.801   274.5667    -0.1674     5.7881     0.0246      0.059     -0.453     -0.657         19 2.2035e+03   995.7873 0.0000e+00
     -0.401    28.1174     7.4267     93.691  38.645165     35.128      6.795   244.4702    -0.1598     5.8602     0.0247      0.099     -0.403     -0.585         20 2.3267e+03   995.9902 0.0000e+00
     -0.382    27.8757     7.4391     93.838  37.281421     35.304      6.838   277.2546     1.8315    -5.1420     0.0246      0.130     -0.380     -0.551         21 2.4385e+03   996.1226 0.0000e+00
     -0.380    27.6987     7.4411     93.861  38.019079     35.521      6.895   239.7759     1.8124    -5.2141     0.0247      0.146     -0.367     -0.532         22 2.2439e+03   996.2189 0.0000e+00
     -0.359    27.5796     7.4411     93.863  37.579158     35.687      6.924   229.7059     1.8086    -5.1565     0.0247      0.152     -0.345     -0.500         23 1.7695e+03   996.2874 0.0000e+00
     -0.314    27.5061     7.4304     93.731  38.184660     36.122      6.966   237.6937     1.7934    -5.1276     0.0248      0.153     -0.310     -0.450         24 1.9833e+03   996.3378 0.0000e+00
     -0.279    27.4530     7.4297     93.722  42.304289     40.083      6.987   234.1352     1.1945    10.4890     0.0264      0.144     -0.270     -0.393         25 2.1938e+03   996.3726 0.0000e+00
     -0.235    27.4008     7.4176     93.562  48.281693     46.256      6.976   227.1694     1.2021    10.5467     0.0289      0.126     -0.228     -0.332         26 2.2619e+03   996.3952 0.0000e+00
     -0.185    27.3552     7.4059     93.405  48.562813     46.170      6.960   217.7808     1.2059    10.5322     0.0289      0.119     -0.184     -0.267         27 2.3355e+03   996.4103 0.0000e+00
     -0.143    27.3134     7.3903     93.194  46.816401     44.724      6.924   216.6451     1.2250    10.5322     0.0283      0.130     -0.148     -0.215         28 2.2633e+03   996.4246 0.0000e+00
     -0.125    27.2911     7.2857     91.841  46.066854     43.935      6.872   216.5315     1.1983    10.5034     0.0279      0.142     -0.128     -0.186         29 2.2342e+03   996.4372 0.0000e+00
     -0.123    27.2832     7.1582     90.191  46.323103     44.265      6.829   217.8187     2.0719     2.3851     0.0280      0.141     -0.122     -0.178         30 2.1732e+03   996.4488 0.0000e+00
     -0.125    27.2774     7.1540     90.101  46.794012     44.790      6.788   213.1622     2.0642     2.3995     0.0283      0.125     -0.122     -0.177         31 2.1360e+03   996.4552 0.0000e+00
     -0.124    27.2764     7.1953     90.585  46.311001     44.236      6.750   211.9887     2.0680     2.3851     0.0280      0.098     -0.122     -0.176         32 2.0823e+03   996.4572 0.0000e+00
     -0.123    27.2780     7.2145     90.790  46.034741     44.054      6.706   211.4208     2.0566     2.4139     0.0279      0.072     -0.120     -0.174         33 2.0140e+03   996.4588 0.0000e+00
     -0.119    27.2791     7.1902     90.448  45.981513     43.948      6.651   232.2423     2.2664     2.6158     0.0279      0.045     -0.117     -0.171         34 1.9562e+03   996.4590 0.0000e+00
     -0.118    27.2792     7.1092     89.402  46.169705     44.160      6.598   210.4365     2.2397     2.6879     0.0280      0.023     -0.115     -0.168         35 1.9611e+03   996.4586 0.0000e+00
     -0.117    27.2754     7.0058     88.084  46.156320     44.159      6.556   233.3780     2.2740     2.5293     0.0280      0.009     -0.115     -0.168         36 2.0138e+03   996.4584 0.0000e+00
     -0.120    27.2701     6.9641     87.540  45.108741     43.144      6.518   243.7509     2.2473     2.6446     0.0276      0.004     -0.117     -0.170         37 2.0488e+03   996.4581 0.0000e+00
     -0.121    27.2610     6.9638     87.517  43.233915     41.357      6.480   244.3945     2.0490     2.5293     0.0268      0.003     -0.119     -0.172         38 2.0716e+03   996.4585 0.0000e+00
     -0.123    27.2405     6.9412     87.221  41.789660     39.918      6.453   244.0916     2.0604     2.4428     0.0262      0.002     -0.122     -0.177         39 2.1248e+03   996.4595 0.0000e+00
     -0.131    27.2146     6.9513     87.338  41.510892     39.738      6.426   243.9780     2.0604     2.3707     0.0262     -0.002     -0.127     -0.185         40 2.2050e+03   996.4619 0.0000e+00
     -0.135    27.1911     6.9874     87.780  41.209433     39.433      6.393   243.5995     2.0528     2.4139     0.0260     -0.006     -0.130     -0.189         41 2.2669e+03   996.4675 0.0000e+00
     -0.132    27.1686     7.0373     88.399  40.742050     38.998      6.360   244.1673     1.9917     2.5004     0.0258     -0.009     -0.129     -0.188         42 2.3074e+03   996.4746 0.0000e+00
     -0.129    27.1462     7.0688     88.787  40.551227     38.855      6.321   243.9023     2.0032     2.4860     0.0258     -0.009     -0.128     -0.186         43 2.3389e+03   996.4810 0.0000e+00
     -0.132    27.1242     7.0646     88.727  40.379863     38.684      6.280   244.0159     2.0184     2.4860     0.0257     -0.008     -0.130     -0.189         44 2.3567e+03   996.4872 0.0000e+00
     -0.137    27.1072     7.0135     88.083  40.095760     38.460      6.237   240.9116     2.0223     2.4860     0.0256     -0.008     -0.133     -0.193         45 2.3594e+03   996.4933 0.0000e+00
     -0.137    27.0957     6.9395     87.156  39.600656     37.967      6.212   215.5094     2.0566     2.3851     0.0254     -0.007     -0.133     -0.194         46 2.3440e+03   996.4992 0.0000e+00
     -0.135    27.0831     6.8434     85.956  39.099117     37.524      6.199   214.7522     2.0833     2.5293     0.0252     -0.005     -0.132     -0.192         47 2.3333e+03   996.5037 0.0000e+00
     -0.131    27.0711     6.7335     84.584  38.674866     37.103      6.192   214.1465     2.0680     2.4716     0.0250     -0.001     -0.129     -0.188         48 2.3249e+03   996.5068 0.0000e+00
     -0.129    27.0632     6.6185     83.146  38.468910     36.925      6.184   216.3422     2.0909     2.5004     0.0250      0.001     -0.127     -0.185         49 2.3051e+03   996.5103 0.0000e+00
     -0.129    27.0563     6.4985     81.641  38.466304     36.933      6.169   244.3945     2.0642     2.4572     0.0250      0.001     -0.126     -0.183         50 2.2852e+03   996.5136 0.0000e+00
     -0.128    27.0495     6.3878     80.250  38.529928     36.993      6.150   235.3087     2.0719     2.4572     0.0250      0.002     -0.125     -0.181         51 2.2897e+03   996.5158 0.0000e+00
     -0.124    27.0446     6.2757     78.839  38.686108     37.158      6.134   243.9023     2.0604     2.4716     0.0251      0.005     -0.122     -0.177         52 2.2708e+03   996.5178 0.0000e+00
     -0.121    27.0399     6.1744     77.561  38.894334     37.351      6.113   242.7666     2.0757     2.5149     0.0251      0.008     -0.120     -0.174         53 2.2679e+03   996.5197 0.0000e+00
     -0.122    27.0354     6.1227     76.908  38.922828     37.408      6.088   244.6973     2.0680     2.5149     0.0252      0.008     -0.120     -0.174         54 2.2237e+03   996.5210 0.0000e+00
     -0.123    27.0336     6.1364     77.077  38.650651     37.116      6.072   216.6451     2.1291     2.3995     0.0250      0.006     -0.120     -0.174         55 2.2497e+03   996.5222 0.0000e+00
     -0.123    27.0356     6.2011     77.889  38.403203     36.905      6.071   215.7744     2.1253     2.4860     0.0250      0.005     -0.120     -0.174         56 2.0704e+03   996.5234 0.0000e+00
     -0.121    27.0407     6.3043     79.195  38.223103     36.718      6.068   218.2351     2.1138     2.4860     0.0249      0.004     -0.119     -0.173         57 1.2616e+03   996.5239 0.0000e+00
     -0.120    27.0460     6.4439     80.955  38.163493     36.663      6.060   219.3330     2.1176     2.4572     0.0249      0.004     -0.117     -0.171         58 7.1464e+02   996.5233 0.0000e+00
     -0.119    27.0499     6.6025     82.931  38.181018     36.687      6.053   213.6544     2.1481     2.1976     0.0249      0.003     -0.117     -0.170         59 6.6376e+02   996.5219 0.0000e+00
     -0.120    27.0518     6.7694     85.011  38.112382     36.602      6.039   218.3108     2.1367     2.1976     0.0248      0.002     -0.118     -0.171         60 7.9806e+02   996.5204 0.0000e+00
     -0.120    27.0512     6.9100     86.764  38.100723     36.600      6.027   213.1622     2.1443     2.1544     0.0248      0.001     -0.118     -0.171         61 1.1446e+03   996.5194 0.0000e+00
     -0.121    27.0488     7.0160     88.093  38.106615     36.598      6.027   212.9729     2.1405     2.2409     0.0248      0.001     -0.118     -0.171         62 1.5651e+03   996.5189 0.0000e+00
     -0.121    27.0458     7.0787     88.888  38.045775     36.545      6.022   212.4429     2.1291     2.3707     0.0248      0.001     -0.118     -0.171         63 1.5432e+03   996.5189 0.0000e+00
     -0.119    27.0434     7.0917     89.058  38.057891     36.547      6.018   212.6322     2.0909     2.3707     0.0248      0.001     -0.117     -0.169         64 9.9582e+02   996.5196 0.0000e+00
     -0.117    27.0413     7.0466     88.488  38.121175     36.629      6.011   244.2430     2.1329     2.5293     0.0248      0.001     -0.115     -0.167         65 6.6728e+02   996.5205 0.0000e+00
     -0.116    27.0401     6.9524     87.311  38.055931     36.551      6.001   244.4702     2.1481     2.4860     0.0248      0.001     -0.114     -0.164         66 1.2942e+03   996.5212 0.0000e+00
     -0.115    27.0471     6.8334     85.804  37.990903     36.498      5.990   216.9858     2.0490     2.6014     0.0248      0.002     -0.107     -0.154         67 1.4860e+03   996.5217 0.0000e+00
     -0.093    27.0512     6.7110     84.261  37.935372     36.446      5.991   224.1408     2.0909     2.5725     0.0248      0.009     -0.089     -0.129         68 1.1080e+03   996.5222 0.0000e+00
     -0.064    27.0407     6.6131     83.043  38.243586     36.709      5.969   212.9351     2.0604     2.5437     0.0249      0.021     -0.068     -0.099         69 1.3719e+03   996.5204 0.0000e+00
     -0.055    27.0295     6.5664     82.450  38.555715     37.081      5.955   212.7079     2.0528     2.6302     0.0250      0.032     -0.056     -0.082         70 1.7079e+03   996.5194 0.0000e+00
     -0.053    27.0221     6.5568     82.314  38.258219     36.714      5.944   212.3294     2.1825     2.1976     0.0249      0.039     -0.053     -0.078         71 1.3572e+03   996.5223 0.0000e+00
     -0.055    27.0202     6.5549     82.302  37.961804     36.506      5.930   212.1022     2.1977     2.2697     0.0248      0.041     -0.054     -0.078         72 6.9219e+02   996.5253 0.0000e+00
     -0.057    27.0259     6.5637     82.475  37.828042     36.324      5.932   211.6858     2.1748     2.1832     0.0247      0.039     -0.054     -0.079         73 1.3947e+03   996.5272 0.0000e+00
     -0.056    27.0287     6.5887     82.815  37.713413     36.271      5.932   216.9858     2.1901     2.3274     0.0247      0.033     -0.054     -0.078         74 1.6282e+03   996.5277 0.0000e+00
     -0.054    27.0282     6.6436     83.505  37.719187     36.214      5.936   217.4780     2.1977     2.2986     0.0247      0.024     -0.053     -0.077         75 1.3155e+03   996.5262 0.0000e+00
     -0.052    27.0305     6.6967     84.182  37.643038     36.212      5.936   212.5944     2.2397     2.5149     0.0247      0.012     -0.055     -0.080         76 1.2951e+03   996.5254 0.0000e+00
     -0.060    27.0233     6.7304     84.622  38.015632     36.454      5.932   212.5187     2.2435     2.5437     0.0248      0.001     -0.070     -0.102         77 9.4604e+02   996.5256 0.0000e+00
     -0.104    27.0192     6.7414     84.787  38.648425     37.230      5.927   212.7458     2.2397     2.4572     0.0251     -0.014     -0.102     -0.148         78 1.3044e+03   996.5250 0.0000e+00
     -0.150    27.0254     6.7208     84.550  38.159558     36.618      5.913   231.0309     2.2550     2.3130     0.0248     -0.035     -0.131     -0.190         79 1.3947e+03   996.5266 0.0000e+00
     -0.143    27.0222     6.6722     84.012  37.616369     36.165      5.894   229.4030     2.1291     2.2553     0.0246     -0.048     -0.138     -0.200         80 1.1302e+03   996.5275 0.0000e+00
