Data/DataAlreadyUploadedToEDI/CollatedDataForEDI/CTDData/CTD_2019 (not collated)/070819_fcr50_b.cnv
* Sea-Bird SBE19plus  Data File:
* FileName = C:\DATA\070819_fcr50_0006.hex
* Software version 2.8.0.119
* Temperature SN = 7809
* Conductivity SN = 7809
* System UpLoad Time = Jul 08 2019 15:02:47
* <ApplicationData>
* <Seaterm232>
# nquan = 18
# nvalues = 805                         
# units = specified
# name 0 = depFM: Depth [fresh water, m]
# name 1 = tv290C: Temperature [ITS-90, deg C]
# name 2 = sbeox0Mg/L: Oxygen, SBE 43 [mg/l]
# name 3 = sbeox0PS: Oxygen, SBE 43 [% saturation]
# name 4 = c0uS/cm: Conductivity [uS/cm]
# name 5 = specc: Specific Conductance [uS/cm]
# name 6 = ph: pH
# name 7 = orp: Oxidation Reduction Potential [mV]
# name 8 = flECO-AFL: Fluorescence, WET Labs ECO-AFL/FL [mg/m^3]
# name 9 = turbWETntu0: Turbidity, WET Labs ECO [NTU]
# name 10 = sal00: Salinity, Practical [PSU]
# name 11 = dz/dtM: Descent Rate [m/s]
# name 12 = prdM: Pressure, Strain Gauge [db]
# name 13 = prdE: Pressure, Strain Gauge [psi]
# name 14 = scan: Scan Count
# name 15 = par/sat/log: PAR/Logarithmic, Satlantic
# name 16 = density00: Density [density, kg/m^3]
# name 17 = flag:  0.000e+00
# span 0 =     -0.619,      9.595       
# span 1 =    10.1169,    34.3288       
# span 2 =     0.0694,    14.6989       
# span 3 =      0.618,    166.934       
# span 4 =  -0.367624, 201.637754       
# span 5 =     -0.526,    280.779       
# span 6 =     -2.050,      7.249       
# span 7 = -1240.7455,  1240.2295       
# span 8 =    -0.1407,    10.0599       
# span 9 =    -3.6857,    41.1454       
# span 10 =     0.0000,     0.1319      
# span 11 =     -0.107,      0.230      
# span 12 =     -0.607,      9.409      
# span 13 =     -0.880,     13.647      
# span 14 =          1,        805      
# span 15 = 1.2265e-01, 2.6240e+03      
# span 16 =   994.2583,   999.8119      
# span 17 = 0.0000e+00, 0.0000e+00      
# interval = seconds: 0.25
# start_time = Jul 08 2019 14:49:07 [Instrument's time stamp, header]
# bad_flag = -9.990e-29
*END*
[from data line 724]
      7.927    10.2533     2.5321     22.557  32.080617     45.523      6.169   314.9982     0.5383     9.3931     0.0230      0.123      7.774     11.276        725 1.2481e-01   999.7340 0.0000e+00
      7.976    10.2507     2.4964     22.238  32.036806     45.408      6.168   313.0297     0.6070     9.8113     0.0229      0.137      7.818     11.338        726 1.2265e-01   999.7344 0.0000e+00
      8.011    10.2469     2.4650     21.960  32.242896     45.726      6.164   313.1054     0.6108     9.8401     0.0231      0.146      7.853     11.389        727 1.2399e-01   999.7348 0.0000e+00
      8.035    10.2458     2.4463     21.796  32.505627     46.126      6.162   313.8625     0.6146     9.8545     0.0233      0.147      7.883     11.433        728 1.2305e-01   999.7353 0.0000e+00
      8.070    10.2462     2.4198     21.562  32.420956     45.972      6.162   313.6732     0.5955     9.7392     0.0232      0.145      7.919     11.485        729 1.2354e-01   999.7358 0.0000e+00
      8.121    10.2434     2.4070     21.449  32.407528     45.974      6.159   313.6354     0.6489    10.8206     0.0232      0.147      7.962     11.548        730 1.2328e-01   999.7361 0.0000e+00
      8.165    10.2391     2.3940     21.332  32.581602     46.210      6.156   313.7490     0.6451    10.8495     0.0233      0.152      8.003     11.607        731 1.2355e-01   999.7363 0.0000e+00
      8.195    10.2362     2.3894     21.289  32.648776     46.333      6.152   313.4840     0.6261    10.7630     0.0233      0.152      8.036     11.655        732 1.2341e-01   999.7368 0.0000e+00
      8.223    10.2340     2.3774     21.179  32.649863     46.299      6.151   313.2947     0.6184    10.7774     0.0233      0.146      8.068     11.701        733 1.2333e-01   999.7373 0.0000e+00
      8.264    10.2324     2.3722     21.132  32.758035     46.501      6.150   313.2190     0.5269    11.8589     0.0234      0.144      8.103     11.753        734 1.2323e-01   999.7378 0.0000e+00
      8.302    10.2307     2.3798     21.198  32.840097     46.583      6.147   313.1432     0.5498    11.8589     0.0234      0.146      8.135     11.798        735 1.2331e-01   999.7382 0.0000e+00
      8.318    10.2298     2.3757     21.161  32.814414     46.586      6.146   313.1054     0.5574    11.8877     0.0234      0.142      8.151     11.822        736 1.2329e-01   999.7385 0.0000e+00
      8.314    10.2317     2.3839     21.233  32.789996     46.508      6.144   313.4461     0.5536    11.8877     0.0234      0.125      8.152     11.824        737 1.2330e-01   999.7386 0.0000e+00
      8.308    10.2360     2.3793     21.191  32.811222     46.589      6.144   313.8625     0.5459    12.0607     0.0234      0.099      8.149     11.819        738 1.2340e-01   999.7387 0.0000e+00
      8.309    10.2411     2.3856     21.246  32.788000     46.507      6.143   313.4461     0.5498    11.9886     0.0234      0.075      8.151     11.821        739 1.2344e-01   999.7385 0.0000e+00
      8.317    10.2433     2.3811     21.206  32.759634     46.502      6.144   313.4461     0.5688    12.1040     0.0234      0.055      8.161     11.836        740 1.2353e-01   999.7380 0.0000e+00
      8.341    10.2411     2.3769     21.167  32.787259     46.495      6.142   313.0675     0.5536    12.1040     0.0234      0.041      8.181     11.866        741 1.2349e-01   999.7377 0.0000e+00
      8.370    10.2367     2.3697     21.101  32.812881     46.571      6.142   313.1432     0.5459    12.0896     0.0234      0.035      8.206     11.902        742 1.2323e-01   999.7377 0.0000e+00
      8.394    10.2316     2.3500     20.925  32.846270     46.574      6.140   313.0675     0.5994    12.1040     0.0234      0.038      8.230     11.937        743 1.2342e-01   999.7380 0.0000e+00
      8.413    10.2282     2.3287     20.734  32.923491     46.738      6.141   313.5597     0.6184    12.0319     0.0235      0.051      8.253     11.970        744 1.2350e-01   999.7386 0.0000e+00
      8.441    10.2265     2.3124     20.586  32.835305     46.587      6.138   313.9004     0.6222    12.1328     0.0234      0.069      8.283     12.013        745 1.2339e-01   999.7391 0.0000e+00
      8.484    10.2245     2.2946     20.424  32.837497     46.591      6.139   313.7868     0.6032    12.0607     0.0234      0.088      8.320     12.066        746 1.2329e-01   999.7396 0.0000e+00
      8.525    10.2222     2.2637     20.145  33.098551     46.989      6.134   313.9761     0.5994    11.9310     0.0236      0.105      8.355     12.118        747 1.2309e-01   999.7401 0.0000e+00
      8.550    10.2200     2.2381     19.913  33.191938     47.111      6.134   314.3547     0.6108    11.8877     0.0237      0.115      8.383     12.158        748 1.2319e-01   999.7404 0.0000e+00
      8.568    10.2186     2.1892     19.474  33.225004     47.154      6.132   313.7490     0.6222    11.8156     0.0237      0.117      8.406     12.192        749 1.2332e-01   999.7408 0.0000e+00
      8.596    10.2180     2.1277     18.926  33.235187     47.196      6.130   313.8247     0.6375    11.9165     0.0237      0.117      8.435     12.234        750 1.2344e-01   999.7411 0.0000e+00
      8.640    10.2155     2.0202     17.969  33.268160     47.198      6.129   314.0140     0.6757    11.8589     0.0237      0.121      8.473     12.289        751 1.2346e-01   999.7415 0.0000e+00
      8.685    10.2121     1.8727     16.657  33.391392     47.437      6.126   314.3547     0.6718    11.8733     0.0238      0.127      8.513     12.346        752 1.2334e-01   999.7418 0.0000e+00
      8.716    10.2115     1.7016     15.134  33.378143     47.361      6.126   314.4682     0.6757    11.8300     0.0238      0.129      8.544     12.392        753 1.2331e-01   999.7421 0.0000e+00
      8.737    10.2086     1.5047     13.384  33.343912     47.366      6.124   314.5818     0.6909    11.8877     0.0238      0.126      8.569     12.428        754 1.2335e-01   999.7424 0.0000e+00
      8.761    10.2023     1.2948     11.518  33.433992     47.446      6.123   312.9540     0.6375    12.9548     0.0238      0.124      8.595     12.465        755 1.2324e-01   999.7427 0.0000e+00
      8.793    10.1959     1.0968      9.757  33.443829     47.529      6.120   313.3325     0.6261    12.9403     0.0238      0.125      8.626     12.510        756 1.2330e-01   999.7432 0.0000e+00
      8.833    10.1870     0.9433      8.391  33.716882     47.815      6.118   313.5597     0.6108    12.9980     0.0240      0.127      8.664     12.564        757 1.2341e-01   999.7440 0.0000e+00
      8.875    10.1772     0.8276      7.361  34.131303     48.577      6.118   313.7490     0.6108    12.9980     0.0243      0.128      8.700     12.618        758 1.2334e-01   999.7450 0.0000e+00
      8.905    10.1699     0.7568      6.730  33.994846     48.233      6.114   313.7868     0.6375    13.7479     0.0241      0.126      8.728     12.660        759 1.2331e-01   999.7459 0.0000e+00
      8.920    10.1654     0.7308      6.498  33.916332     48.246      6.115   313.9382     0.6184    13.6181     0.0241      0.122      8.747     12.687        760 1.2328e-01   999.7469 0.0000e+00
      8.934    10.1640     0.7326      6.514  34.051221     48.376      6.114   313.7111     0.6337    13.7190     0.0242      0.117      8.765     12.712        761 1.2331e-01   999.7476 0.0000e+00
      8.959    10.1641     0.7428      6.604  34.123307     48.540      6.112   312.8025     0.6184    13.6325     0.0243      0.113      8.789     12.747        762 1.2336e-01   999.7482 0.0000e+00
      8.994    10.1640     0.7457      6.629  34.211846     48.622      6.112   312.6132     0.5879    13.8776     0.0243      0.109      8.821     12.793        763 1.2335e-01   999.7485 0.0000e+00
      9.031    10.1657     0.7223      6.420  34.474424     49.018      6.111   312.3861     0.6108    13.8776     0.0245      0.106      8.855     12.843        764 1.2337e-01   999.7488 0.0000e+00
      9.062    10.1685     0.6803      6.047  34.596621     49.217      6.108   312.6890     0.6222    13.8921     0.0246      0.104      8.886     12.889        765 1.2340e-01   999.7491 0.0000e+00
      9.092    10.1694     0.6141      5.458  34.385737     48.857      6.107   312.8782     0.6032    13.8488     0.0244      0.106      8.916     12.932        766 1.2323e-01   999.7490 0.0000e+00
      9.123    10.1666     0.5477      4.869  34.322003     48.814      6.105   315.1497     0.5955    13.7479     0.0244      0.112      8.946     12.975        767 1.2325e-01   999.7488 0.0000e+00
      9.152    10.1594     0.4736      4.210  34.883369     49.527      6.104   313.5597     0.6642    14.2670     0.0247      0.119      8.974     13.016        768 1.2335e-01   999.7492 0.0000e+00
      9.178    10.1523     0.3920      3.483  36.680190     52.152      6.104   313.5218     0.6909    14.4400     0.0258      0.122      9.000     13.054        769 1.2327e-01   999.7504 0.0000e+00
      9.204    10.1478     0.3277      2.912  37.034916     52.837      6.101   312.9540     0.7062    14.3246     0.0261      0.120      9.025     13.091        770 1.2332e-01   999.7513 0.0000e+00
      9.228    10.1446     0.2729      2.425  36.338564     51.419      6.100   311.0232     0.6757    14.3391     0.0255      0.114      9.051     13.127        771 1.2337e-01   999.7518 0.0000e+00
      9.256    10.1428     0.2380      2.115  37.813561     53.967      6.100   310.8718     0.6757    14.6563     0.0266      0.110      9.077     13.165        772 1.2336e-01   999.7530 0.0000e+00
      9.284    10.1395     0.2006      1.783  36.918246     52.622      6.097   317.9133     0.6680    14.5554     0.0260      0.107      9.103     13.202        773 1.2340e-01   999.7530 0.0000e+00
      9.306    10.1361     0.1730      1.538  38.134386     53.697      6.096   315.6797     0.6680    14.6707     0.0265      0.105      9.124     13.233        774 1.2352e-01   999.7538 0.0000e+00
      9.321    10.1341     0.1537      1.366  38.285859     55.570      6.096   315.4904     0.6909    14.4256     0.0273      0.099      9.140     13.256        775 1.2357e-01   999.7543 0.0000e+00
      9.334    10.1323     0.1430      1.271  40.493830     55.814      6.094   311.6289     0.5459    15.0745     0.0274      0.093      9.155     13.278        776 1.2341e-01   999.7558 0.0000e+00
      9.352    10.1329     0.1324      1.177  39.091635     58.440      6.095   311.0989     0.5612    15.0745     0.0286      0.086      9.175     13.306        777 1.2340e-01   999.7553 0.0000e+00
      9.381    10.1292     0.1281      1.139  47.293365     62.698      6.091   320.3361     0.5345    14.9591     0.0305      0.083      9.202     13.346        778 1.2349e-01   999.7597 0.0000e+00
      9.417    10.1207     0.1165      1.036  76.539458    113.593      6.092   318.8218     0.5688    15.0745     0.0534      0.085      9.234     13.392        779 1.2330e-01   999.7745 0.0000e+00
      9.450    10.1170     0.1026      0.912  81.712398    113.526      6.084   313.4461     0.6032    15.4494     0.0534      0.089      9.262     13.434        780 1.2325e-01   999.7777 0.0000e+00
      9.468    10.1169     0.1008      0.897  76.966636    111.243      6.077   317.1182     0.6184    15.4782     0.0523      0.092      9.282     13.462        781 1.2333e-01   999.7762 0.0000e+00
      9.476    10.1190     0.0904      0.804  75.258948    106.315      6.063   317.1182     0.6222    15.4350     0.0501      0.093      9.294     13.479        782 1.2334e-01   999.7757 0.0000e+00
      9.488    10.1242     0.0777      0.691  74.513294    105.995      6.046   316.7397     0.6261    15.3629     0.0499      0.091      9.307     13.498        783 1.2329e-01   999.7753 0.0000e+00
      9.507    10.1258     0.0709      0.630  88.647807    125.995      6.032   314.0897     0.5612    15.7522     0.0591      0.088      9.324     13.522        784 1.2320e-01   999.7825 0.0000e+00
      9.526    10.1237     0.0694      0.618 101.221426    144.714      6.016   313.0675     0.5612    15.6801     0.0677      0.081      9.340     13.546        785 1.2327e-01   999.7886 0.0000e+00
      9.539    10.1205     0.0727      0.648 104.331265    148.217      6.002   314.7711     0.5612    15.7666     0.0693      0.071      9.352     13.565        786 1.2338e-01   999.7901 0.0000e+00
      9.547    10.1200     0.0806      0.720 105.288471    149.981      5.991   308.2975     0.5688    15.7378     0.0701      0.061      9.362     13.577        787 1.2342e-01   999.7908 0.0000e+00
      9.553    10.1277     0.0983      0.880 106.304349    151.391      5.981   310.2661     0.5574    15.6657     0.0708      0.053      9.368     13.587        788 1.2333e-01   999.7917 0.0000e+00
      9.558    10.1398     0.1113      0.997 106.338109    151.235      5.976   313.2190     0.6032    16.4155     0.0707      0.048      9.372     13.593        789 1.2323e-01   999.7918 0.0000e+00
      9.560    10.1499     0.1243      1.115 106.287278    151.519      5.969   307.3132     0.5994    16.3723     0.0708      0.043      9.375     13.597        790 1.2326e-01   999.7911 0.0000e+00
      9.562    10.1516     0.1356      1.217 104.761797    148.837      5.965   309.2439     0.6070    16.3146     0.0696      0.035      9.377     13.600        791 1.2328e-01   999.7891 0.0000e+00
      9.562    10.1499     0.1488      1.336  98.929754    141.260      5.961   304.3604     0.5994    16.3290     0.0661      0.025      9.377     13.600        792 1.2329e-01   999.7852 0.0000e+00
      9.563    10.1492     0.1525      1.369  96.241662    135.755      5.959   304.7768     0.6261    16.6174     0.0636      0.017      9.378     13.601        793 1.2330e-01   999.7837 0.0000e+00
      9.565    10.1583 -9.990e-29 -9.990e-29  94.967150    136.679      5.958   304.7768     0.6413    16.6030     0.0640      0.011      9.380     13.605        794 1.2334e-01   999.7831 0.0000e+00
      9.568    10.1940 -9.990e-29 -9.990e-29  95.997688    134.289      5.952   304.2089     0.6146    16.5597     0.0629      0.009      9.383     13.610        795 1.2332e-01   999.7838 0.0000e+00
      9.573    10.2485 -9.990e-29 -9.990e-29 116.728948    167.299      5.953   303.6411     0.5955    16.5165     0.0782      0.008      9.388     13.617        796 1.2328e-01   999.7938 0.0000e+00
      9.579    10.3093 -9.990e-29 -9.990e-29 145.631028    205.869      5.947   308.0325     0.6261    16.8914     0.0962      0.009      9.393     13.624        797 1.2341e-01   999.8056 0.0000e+00
      9.584    10.3722 -9.990e-29 -9.990e-29 165.727963    236.516      5.944   304.2089     0.6375    16.8481     0.1107      0.011      9.398     13.631        798 1.2334e-01   999.8112 0.0000e+00
      9.588    10.4294 -9.990e-29 -9.990e-29 178.024731    250.834      5.945   309.1682     0.6108    16.8769     0.1175      0.014      9.402     13.636        799 1.2331e-01   999.8119 0.0000e+00
      9.591    10.4779 -9.990e-29 -9.990e-29 186.463412    264.904      5.941   311.4775     0.6032    16.8481     0.1242      0.016      9.405     13.640        800 1.2330e-01   999.8103 0.0000e+00
      9.592    10.5118 -9.990e-29 -9.990e-29 198.387909    278.212      5.941   309.5847     0.5536    15.4782     0.1306      0.016      9.407     13.643        801 1.2324e-01   999.8111 0.0000e+00
      9.594    10.5295 -9.990e-29 -9.990e-29 191.609560    273.673      5.939   310.2661     0.5536    15.3917     0.1285      0.015      9.408     13.645        802 1.2341e-01   999.8029 0.0000e+00
      9.594    10.5360 -9.990e-29 -9.990e-29 176.660184    243.817      5.937   306.0261     0.5688    15.5071     0.1143      0.013      9.408     13.646        803 1.2339e-01   999.7918 0.0000e+00
      9.595 -9.990e-29 -9.990e-29 -9.990e-29 189.257048    270.230      5.936   309.8497     0.5536    15.3629     0.1269      0.010      9.409     13.647        804 1.2332e-01   999.7966 0.0000e+00
