Data/DataAlreadyUploadedToEDI/CollatedDataForEDI/CTDData/CTD_2019 (not collated)/071019_bvr50_a.cnv
* Sea-Bird SBE19plus  Data File:
* FileName = C:\DATA\071019_bvr50_a.hex
* Software version 2.8.0.119 SB_Terminal.dll
* Temperature SN = 7809
* Conductivity SN = 7809
* System UpLoad Time = Jul 10 2019 11:49:19
* <ApplicationData>
* <Seaterm232>
# nquan = 16
# nvalues = 739                         
# units = specified
# name 0 = depFM: Depth [fresh water, m]
# name 1 = dz/dtM: Descent Rate [m/s]
# name 2 = sbeox0Mg/L: Oxygen, SBE 43 [mg/l]
# name 3 = sbeox0PS: Oxygen, SBE 43 [% saturation]
# name 4 = specc: Specific Conductance [uS/cm]
# name 5 = c0uS/cm: Conductivity [uS/cm]
# name 6 = flECO-AFL: Fluorescence, WET Labs ECO-AFL/FL [mg/m^3]
# name 7 = ph: pH
# name 8 = orp: Oxidation Reduction Potential [mV]
# name 9 = par/sat/log: PAR/Logarithmic, Satlantic
# name 10 = turbWETntu0: Turbidity, WET Labs ECO [NTU]
# name 11 = prdM: Pressure, Strain Gauge [db]
# name 12 = prdE: Pressure, Strain Gauge [psi]
# name 13 = tv290C: Temperature [ITS-90, deg C]
# name 14 = density00: Density [density, kg/m^3]
# name 15 = flag:  0.000e+00
# span 0 =     -0.650,     10.562       
# span 1 =     -0.033,      0.217       
# span 2 =    -0.6385,     8.1037       
# span 3 =     -5.782,    102.396       
# span 4 =      8.179,    193.479       
# span 5 =   8.784330, 129.576834       
# span 6 =    -0.1249,    12.7531       
# span 7 =      5.737,      9.001       
# span 8 = -1130.0082,   542.7740       
# span 9 = 1.2341e-01, 1.0084e+03       
# span 10 =    -0.5732,    21.5093      
# span 11 =     -0.637,     10.359      
# span 12 =     -0.924,     15.024      
# span 13 =     8.4654,    28.6967      
# span 14 =   996.0433,   999.9467      
# span 15 = 0.0000e+00, 0.0000e+00      
# interval = seconds: 0.25
# start_time = Jul 10 2019 11:33:38 [Instrument's time stamp, header]
# bad_flag = -9.990e-29
*END*
[from data line 724]
     10.498      0.055     0.1011      0.863    146.343  97.964669     1.0938      5.811   156.3284 1.2359e-01     3.0830     10.297     14.934     8.4694   999.9190 0.0000e+00
     10.512      0.045     0.0993      0.848    144.332  96.624529     1.0863      5.813   155.6651 1.2356e-01     3.0765     10.312     14.957     8.4713   999.9221 0.0000e+00
     10.521      0.037     0.0969      0.827    144.494  96.750803     1.0839      5.814   155.0751 1.2349e-01     3.0635     10.318     14.966     8.4681   999.9238 0.0000e+00
     10.526      0.030     0.0938      0.801    154.628 103.565464     1.0826      5.815   154.5285 1.2349e-01     3.0575     10.322     14.971     8.4654   999.9241 0.0000e+00
     10.531      0.025     0.0911      0.779    177.507 118.898247     1.0873      5.816   154.0475 1.2350e-01     3.0686     10.327     14.978     8.4703   999.9251 0.0000e+00
     10.537      0.022     0.0899      0.769    193.479 129.576834     1.0888      5.818   153.6465 1.2349e-01     3.0997     10.332     14.986     8.4693   999.9230 0.0000e+00
     10.543      0.020     0.0881      0.754    183.759 123.040524     1.0833      5.821   153.3802 1.2354e-01     3.1054     10.339     14.995     8.4742   999.9224 0.0000e+00
     10.549      0.018     0.0866      0.740    164.798 110.326109     1.0813      5.823   153.1498 1.2359e-01     3.0723     10.345     15.005     8.4894   999.9232 0.0000e+00
     10.554      0.015     0.0880      0.751    153.303 102.625649     1.0819      5.823   152.7542 1.2356e-01     3.0272     10.351     15.012     8.4935   999.9345 0.0000e+00
     10.557      0.012     0.0919      0.784    148.715  99.560120     1.0819      5.824   152.2963 1.2353e-01     2.9539     10.354     15.016     8.4845   999.9467 0.0000e+00
     10.559      0.011     0.0944      0.806    147.858  98.990620     1.0819      5.825   152.0876 1.2355e-01     2.9072     10.355     15.019     8.4750   999.9381 0.0000e+00
     10.561 -9.990e-29 -9.990e-29 -9.990e-29 -9.990e-29 -9.990e-29 -9.990e-29 -9.990e-29 -9.990e-29 1.2357e-01 -9.990e-29     10.357     15.021     8.4695   999.9294 0.0000e+00
     10.561 -9.990e-29 -9.990e-29 -9.990e-29 -9.990e-29 -9.990e-29 -9.990e-29 -9.990e-29 -9.990e-29 1.2362e-01 -9.990e-29     10.357     15.022     8.4680   999.9265 0.0000e+00
     10.562 -9.990e-29 -9.990e-29 -9.990e-29 -9.990e-29 -9.990e-29 -9.990e-29 -9.990e-29 -9.990e-29 1.2370e-01 -9.990e-29     10.358     15.022     8.4716   999.9243 0.0000e+00
     10.562 -9.990e-29 -9.990e-29 -9.990e-29 -9.990e-29 -9.990e-29 -9.990e-29 -9.990e-29 -9.990e-29 1.2375e-01 -9.990e-29     10.359     15.024     8.4748   999.9249 0.0000e+00
