Data/DataAlreadyUploadedToEDI/CollatedDataForEDI/CTDData/CTD_2019 (not collated)/071019_bvr50_a.cnv
* Sea-Bird SBE19plus  Data File:
* FileName = C:\DATA\071019_bvr50_a.hex
* Software version 2.8.0.119 SB_Terminal.dll
* Temperature SN = 7809
* Conductivity SN = 7809
* System UpLoad Time = Jul 10 2019 11:49:19
* <ApplicationData>
* <Seaterm232>
# nquan = 16
# nvalues = 739                         
# units = specified
# name 0 = depFM: Depth [fresh water, m]
# name 1 = dz/dtM: Descent Rate [m/s]
# name 2 = sbeox0Mg/L: Oxygen, SBE 43 [mg/l]
# name 3 = sbeox0PS: Oxygen, SBE 43 [% saturation]
# name 4 = specc: Specific Conductance [uS/cm]
# name 5 = c0uS/cm: Conductivity [uS/cm]
# name 6 = flECO-AFL: Fluorescence, WET Labs ECO-AFL/FL [mg/m^3]
# name 7 = ph: pH
# name 8 = orp: Oxidation Reduction Potential [mV]
# name 9 = par/sat/log: PAR/Logarithmic, Satlantic
# name 10 = turbWETntu0: Turbidity, WET Labs ECO [NTU]
# name 11 = prdM: Pressure, Strain Gauge [db]
# name 12 = prdE: Pressure, Strain Gauge [psi]
# name 13 = tv290C: Temperature [ITS-90, deg C]
# name 14 = density00: Density [density, kg/m^3]
# name 15 = flag:  0.000e+00
# span 0 =     -0.650,     10.562       
# span 1 =     -0.033,      0.217       
# span 2 =    -0.6385,     8.1037       
# span 3 =     -5.782,    102.396       
# span 4 =      8.179,    193.479       
# span 5 =   8.784330, 129.576834       
# span 6 =    -0.1249,    12.7531       
# span 7 =      5.737,      9.001       
# span 8 = -1130.0082,   542.7740       
# span 9 = 1.2341e-01, 1.0084e+03       
# span 10 =    -0.5732,    21.5093      
# span 11 =     -0.637,     10.359      
# span 12 =     -0.924,     15.024      
# span 13 =     8.4654,    28.6967      
# span 14 =   996.0433,   999.9467      
# span 15 = 0.0000e+00, 0.0000e+00      
# interval = seconds: 0.25
# start_time = Jul 10 2019 11:33:38 [Instrument's time stamp, header]
# bad_flag = -9.990e-29
*END*
[from data line 452]
      4.044      0.078     5.8594     65.284     27.505  25.114919     2.4948      5.915   296.4546 4.8446e+01     1.2401      3.965      5.751    21.1479   997.9945 0.0000e+00
      4.066      0.078     5.8296     64.807     27.501  25.048893     2.8848      5.916   296.5288 4.7945e+01     1.1495      3.987      5.783    21.0187   998.0227 0.0000e+00
      4.087      0.077     5.8028     64.376     27.525  25.013174     3.0882      5.917   296.6478 4.7460e+01     1.0680      4.009      5.815    20.8922   998.0503 0.0000e+00
      4.106      0.075     5.7787     63.987     27.569  25.000158     3.1334      5.917   296.7746 4.7062e+01     1.0404      4.027      5.841    20.7694   998.0767 0.0000e+00
      4.124      0.074     5.7625     63.697     27.573  24.954885     3.4916      5.917   296.8573 4.6741e+01     1.0451      4.044      5.865    20.6477   998.1028 0.0000e+00
      4.141      0.074     5.7570     63.539     27.571  24.909769     4.1421      5.916   296.9595 4.6441e+01     1.0918      4.062      5.891    20.5319   998.1275 0.0000e+00
      4.158      0.076     5.7586     63.469     27.601  24.898650     4.4871      5.914   297.0631 4.6150e+01     1.1147      4.077      5.914    20.4288   998.1493 0.0000e+00
      4.176      0.080     5.7645     63.447     27.626  24.883840     4.4989      5.913   297.1641 4.5850e+01     1.0921      4.094      5.938    20.3338   998.1693 0.0000e+00
      4.198      0.081     5.7731     63.453     27.640  24.857517     4.4062      5.912   297.3197 4.5555e+01     1.0803      4.116      5.969    20.2444   998.1882 0.0000e+00
      4.222      0.080     5.7821     63.480     27.649  24.834075     4.2421      5.910   297.5677 4.5250e+01     1.0704      4.140      6.005    20.1664   998.2045 0.0000e+00
      4.246      0.074     5.7875     63.508     27.686  24.854103     4.1528      5.907   297.7539 4.4915e+01     1.0704      4.164      6.040    20.0994   998.2185 0.0000e+00
      4.268      0.060     5.7844     63.486     27.742  24.909350     4.1423      5.908   297.8499 4.4562e+01     1.0474      4.185      6.072    20.0349   998.2319 0.0000e+00
      4.285      0.041     5.7746     63.414     27.749  24.931135     4.1318      5.910   297.9546 4.4199e+01     1.0215      4.204      6.097    19.9594   998.2477 0.0000e+00
      4.295      0.024     5.7646     63.359     27.718  24.927221     4.0432      5.910   297.9879 4.3869e+01     1.0535      4.216      6.115    19.8903   998.2620 0.0000e+00
      4.295      0.011     5.7594     63.361     27.687  24.925497     3.8852      5.908   297.9945 4.3624e+01     1.0738      4.218      6.118    19.8684   998.2665 0.0000e+00
      4.285      0.003     5.7603     63.395     27.658  24.910324     3.7913      5.905   298.1205 4.3402e+01     1.0697      4.203      6.095    19.8859   998.2628 0.0000e+00
      4.275      0.002     5.7646     63.419     27.626  24.870650     3.7667      5.904   298.3931 4.2954e+01     1.0693      4.187      6.072    19.9115   998.2575 0.0000e+00
      4.277      0.007     5.7698     63.427     27.601  24.826405     3.7088      5.903   298.6231 4.2343e+01     1.0683      4.193      6.081    19.9562   998.2483 0.0000e+00
      4.286      0.016     5.7759     63.440     27.619  24.819394     3.6024      5.903   298.7498 4.1967e+01     1.0913      4.206      6.100    20.0208   998.2350 0.0000e+00
      4.292      0.021     5.7835     63.472     27.677  24.849280     3.5384      5.903   298.8927 4.1787e+01     1.1168      4.208      6.103    20.0456   998.2300 0.0000e+00
      4.300      0.017     5.7900     63.514     27.715  24.870548     3.5248      5.906   299.0604 4.1552e+01     1.1149      4.214      6.112    20.0128   998.2366 0.0000e+00
      4.313      0.008     5.7908     63.530     27.728  24.886211     3.4378      5.909   299.2293 4.1429e+01     1.1342      4.233      6.139    19.9691   998.2458 0.0000e+00
      4.318     -0.002     5.7858     63.520     27.735  24.911800     3.2751      5.911   299.2990 4.1636e+01     1.1534      4.240      6.151    19.9277   998.2544 0.0000e+00
      4.311     -0.007     5.7804     63.516     27.725  24.926223     3.1790      5.913   299.3011 4.2143e+01     1.1175      4.229      6.134    19.8799   998.2641 0.0000e+00
      4.296     -0.010     5.7775     63.522     27.715  24.933762     3.1514      5.915   299.2561 4.2711e+01     1.0613      4.210      6.107    19.8504   998.2701 0.0000e+00
      4.286     -0.009     5.7776     63.534     27.716  24.939539     3.0717      5.916   299.1846 4.3041e+01     1.0303      4.199      6.089    19.8591   998.2682 0.0000e+00
      4.287     -0.003     5.7790     63.546     27.709  24.932640     2.9433      5.917   299.2111 4.3209e+01     1.0712      4.202      6.094    19.9010   998.2597 0.0000e+00
      4.293      0.005     5.7813     63.562     27.693  24.913779     2.8827      5.918   299.3181 4.3385e+01     1.1295      4.211      6.107    19.9548   998.2486 0.0000e+00
      4.299      0.012     5.7859     63.591     27.690  24.901793     2.8842      5.918   299.4460 4.3525e+01     1.1121      4.216      6.115    19.9874   998.2419 0.0000e+00
      4.303      0.015     5.7905     63.616     27.717  24.914574     2.8835      5.918   299.5530 4.3585e+01     1.0252      4.221      6.122    19.9896   998.2416 0.0000e+00
      4.307      0.013     5.7905     63.610     27.750  24.941437     2.9530      5.918   299.6649 4.3585e+01     0.9305      4.224      6.126    19.9828   998.2430 0.0000e+00
      4.310      0.010     5.7837     63.555     27.775  24.972838     3.0906      5.919   299.7661 4.3590e+01     0.8847      4.226      6.130    19.9831   998.2429 0.0000e+00
      4.312      0.010     5.7758     63.497     27.766  24.977078     3.1611      5.920   299.7442 4.3612e+01     0.8651      4.229      6.134    19.9633   998.2470 0.0000e+00
      4.312      0.014     5.7728     63.479     27.706  24.929282     3.1637      5.920   299.7444 4.3633e+01     0.8579      4.230      6.136    19.9320   998.2535 0.0000e+00
      4.312      0.021     5.7751     63.488     27.614  24.839007     3.1572      5.920   299.9406 4.3641e+01     0.8629      4.227      6.131    19.9275   998.2544 0.0000e+00
      4.315      0.031     5.7850     63.523     27.506  24.710219     3.1508      5.919   300.2240 4.3606e+01     0.8599      4.229      6.133    19.9465   998.2505 0.0000e+00
      4.325      0.046     5.8038     63.578     27.430  24.577363     3.1568      5.915   300.5040 4.3504e+01     0.8545      4.242      6.152    19.9787   998.2439 0.0000e+00
      4.340      0.062     5.8230     63.584     27.444  24.501276     3.1514      5.908   300.6581 4.3319e+01     0.8300      4.256      6.172    19.9915   998.2414 0.0000e+00
      4.356      0.076     5.8327     63.472     27.535  24.487922     3.0242      5.903   300.7971 4.2985e+01     0.8590      4.268      6.190    19.9851   998.2426 0.0000e+00
      4.379      0.085     5.8321     63.264     27.623  24.479210     2.7973      5.901   301.0657 4.2430e+01     0.9756      4.291      6.224    19.9404   998.2519 0.0000e+00
      4.409      0.087     5.8251     63.034     27.677  24.459260     2.6802      5.902   301.2382 4.1799e+01     1.0603      4.326      6.273    19.8106   998.2786 0.0000e+00
      4.438      0.084     5.8169     62.853     27.697  24.436928     2.6828      5.903   301.3339 4.1314e+01     1.0967      4.356      6.317    19.6360   998.3143 0.0000e+00
      4.460      0.079     5.8159     62.801     27.675  24.399445     2.6903      5.903   301.4492 4.1009e+01     1.0220      4.375      6.346    19.4575   998.3504 0.0000e+00
      4.476      0.071     5.8301     62.927     27.674  24.386645     2.6846      5.904   301.5134 4.0767e+01     0.8774      4.391      6.369    19.2915   998.3836 0.0000e+00
      4.488      0.061     5.8582     63.186     27.721  24.409022     2.6834      5.904   301.5935 4.0449e+01     0.8562      4.401      6.383    19.1637   998.4090 0.0000e+00
      4.501      0.051     5.8940     63.521     27.755  24.416238     2.6929      5.905   301.7303 4.0002e+01     0.8963      4.412      6.398    19.0930   998.4230 0.0000e+00
      4.518      0.046     5.9377     63.948     27.770  24.410433     2.7222      5.906   301.8768 3.9546e+01     0.9041      4.433      6.429    19.0740   998.4268 0.0000e+00
      4.531      0.044     5.9850     64.425     27.776  24.402245     2.7677      5.909   302.0742 3.9221e+01     0.8850      4.446      6.449    19.0637   998.4289 0.0000e+00
      4.538      0.045     6.0249     64.837     27.761  24.380658     2.8013      5.911   302.3092 3.8963e+01     0.8616      4.449      6.452    19.0250   998.4365 0.0000e+00
      4.544      0.046     6.0539     65.135     27.721  24.339715     2.8165      5.912   302.4821 3.8644e+01     0.8510      4.454      6.459    18.9755   998.4462 0.0000e+00
      4.554      0.048     6.0741     65.316     27.678  24.287806     2.8218      5.913   302.5291 3.8259e+01     0.8222      4.465      6.474    18.9462   998.4520 0.0000e+00
      4.569      0.052     6.0882     65.404     27.677  24.260486     2.8391      5.914   302.5339 3.7849e+01     0.8087      4.481      6.499    18.9174   998.4577 0.0000e+00
      4.586      0.057     6.0969     65.414     27.721  24.263102     2.8696      5.914   302.6269 3.7416e+01     0.8189      4.499      6.524    18.9036   998.4605 0.0000e+00
      4.602      0.059     6.1001     65.357     27.756  24.255956     2.8867      5.915   302.7928 3.7031e+01     0.8147      4.513      6.546    18.9063   998.4600 0.0000e+00
      4.618      0.059     6.0985     65.249     27.778  24.237462     2.8994      5.915   303.0773 3.6707e+01     0.8236      4.529      6.569    18.8777   998.4656 0.0000e+00
      4.633      0.058     6.0924     65.087     27.816  24.229752     3.0395      5.916   303.3994 3.6388e+01     0.8273      4.544      6.591    18.8282   998.4753 0.0000e+00
      4.647      0.058     6.0818     64.878     27.858  24.226111     3.3066      5.918   303.5904 3.6120e+01     0.8278      4.557      6.610    18.7629   998.4880 0.0000e+00
      4.661      0.057     6.0658     64.638     27.854  24.193393     3.4587      5.918   303.6654 3.5914e+01     0.8616      4.572      6.631    18.6874   998.5026 0.0000e+00
      4.675      0.054     6.0470     64.381     27.834  24.151289     3.4566      5.918   303.7025 3.5692e+01     0.8757      4.584      6.649    18.6266   998.5143 0.0000e+00
      4.690      0.049     6.0254     64.093     27.874  24.161053     3.2979      5.918   303.7810 3.5447e+01     0.8022      4.598      6.669    18.5507   998.5289 0.0000e+00
      4.705      0.044     5.9995     63.768     27.925  24.184542     3.0229      5.920   303.8409 3.5292e+01     0.6935      4.616      6.695    18.4666   998.5450 0.0000e+00
      4.717      0.040     5.9721     63.433     27.943  24.181532     2.8794      5.923   303.9109 3.5270e+01     0.6425      4.629      6.713    18.4198   998.5540 0.0000e+00
      4.723      0.036     5.9457     63.116     27.969  24.188057     2.8726      5.923   304.0253 3.5240e+01     0.6442      4.631      6.717    18.3851   998.5605 0.0000e+00
      4.728      0.031     5.9225     62.861     27.987  24.199986     2.9155      5.925   304.1057 3.5121e+01     0.6813      4.635      6.723    18.3308   998.5708 0.0000e+00
      4.737      0.030     5.9029     62.680     27.972  24.198893     2.9981      5.926   304.3664 3.5004e+01     0.7643      4.645      6.737    18.2962   998.5774 0.0000e+00
      4.746      0.036     5.8884     62.575     27.920  24.174857     3.0479      5.923   304.8549 3.4927e+01     0.8604      4.654      6.750    18.2683   998.5826 0.0000e+00
      4.752      0.051     5.8848     62.542     27.830  24.099700     3.0585      5.919   305.3654 3.4889e+01     0.8935      4.662      6.761    18.2255   998.5908 0.0000e+00
      4.758      0.071     5.8965     62.539     27.691  23.924523     3.1080      5.917   305.9786 3.4834e+01     0.8033      4.664      6.764    18.2201   998.5918 0.0000e+00
      4.772      0.091     5.9163     62.470     27.577  23.706013     3.1965      5.915   306.5051 3.4514e+01     0.6546      4.671      6.775    18.2415   998.5877 0.0000e+00
      4.802      0.108     5.9292     62.250     27.649  23.614293     3.2346      5.914   306.6546 3.3866e+01     0.6028      4.703      6.822    18.2965   998.5776 0.0000e+00
      4.844      0.119     5.9242     61.875     27.844  23.639975     3.2314      5.915   306.6673 3.3138e+01     0.6357      4.751      6.890    18.3365   998.5703 0.0000e+00
      4.887      0.125     5.8998     61.389     28.034  23.699186     3.2448      5.917   306.8306 3.2545e+01     0.6599      4.796      6.956    18.2418   998.5883 0.0000e+00
      4.922      0.124     5.8705     60.918     28.268  23.822617     3.4051      5.918   307.1670 3.2164e+01     0.7319      4.830      7.005    18.0012   998.6331 0.0000e+00
      4.947      0.118     5.8617     60.643     28.489  23.927044     3.7040      5.918   307.4643 3.1830e+01     0.8500      4.853      7.038    17.6880   998.6906 0.0000e+00
      4.969      0.110     5.8891     60.671     28.496  23.819900     3.8770      5.917   307.7582 3.1390e+01     0.9075      4.872      7.066    17.4162   998.7396 0.0000e+00
      4.994      0.104     5.9430     60.930     28.396  23.605379     3.9449      5.916   308.1397 3.0915e+01     0.9032      4.898      7.102    17.2430   998.7704 0.0000e+00
      5.022      0.099     5.9995     61.234     28.404  23.489852     4.4199      5.916   308.3772 3.0447e+01     0.8633      4.926      7.144    17.1408   998.7886 0.0000e+00
      5.051      0.094     6.0360     61.385     28.382  23.374422     5.2768      5.918   308.4786 2.9962e+01     0.8188      4.953      7.184    17.0189   998.8101 0.0000e+00
      5.078      0.088     6.0349     61.203     28.213  23.161088     5.7479      5.919   308.5911 2.9512e+01     0.8248      4.982      7.226    16.8021   998.8477 0.0000e+00
      5.100      0.081     5.9962     60.670     28.018  22.940178     5.7902      5.920   308.7911 2.9162e+01     0.8694      5.004      7.257    16.5505   998.8906 0.0000e+00
      5.116      0.075     5.9377     59.954     27.909  22.796581     5.7185      5.922   309.0906 2.8814e+01     0.9321      5.017      7.277    16.3298   998.9276 0.0000e+00
      5.131      0.073     5.8817     59.270     27.847  22.693421     5.5751      5.922   309.2867 2.8403e+01     0.9935      5.031      7.297    16.1600   998.9556 0.0000e+00
      5.146      0.076     5.8482     58.807     27.777  22.580832     5.4953      5.923   309.3554 2.7982e+01     1.0217      5.046      7.318    16.0356   998.9760 0.0000e+00
      5.164      0.082     5.8553     58.734     27.773  22.513529     5.5002      5.923   309.4047 2.7534e+01     1.0434      5.062      7.342    15.9302   998.9930 0.0000e+00
      5.186      0.091     5.9206     59.241     27.853  22.513889     5.5996      5.922   309.4530 2.7020e+01     1.0272      5.084      7.375    15.8350   999.0085 0.0000e+00
      5.212      0.101     6.0541     60.439     27.935  22.521674     5.7602      5.921   309.5947 2.6504e+01     0.9566      5.111      7.413    15.7450   999.0230 0.0000e+00
      5.240      0.108     6.2550     62.289     27.962  22.480729     5.8385      5.921   309.7418 2.6016e+01     0.9106      5.138      7.452    15.6519   999.0378 0.0000e+00
      5.270      0.112     6.5041     64.579     27.957  22.399335     5.8694      5.920   309.8545 2.5518e+01     0.8969      5.167      7.494    15.5305   999.0571 0.0000e+00
      5.302      0.115     6.7666     66.977     27.932  22.298600     6.1074      5.920   310.0119 2.5063e+01     0.9872      5.200      7.541    15.4036   999.0771 0.0000e+00
      5.332      0.117     7.0149     69.222     27.925  22.214095     6.5312      5.921   310.1819 2.4694e+01     1.1834      5.231      7.587    15.3106   999.0917 0.0000e+00
