Data/DataAlreadyUploadedToEDI/CollatedDataForEDI/CTDData/CTD_2019 (not collated)/071019_bvr50_a.cnv
* Sea-Bird SBE19plus  Data File:
* FileName = C:\DATA\071019_bvr50_a.hex
* Software version 2.8.0.119 SB_Terminal.dll
* Temperature SN = 7809
* Conductivity SN = 7809
* System UpLoad Time = Jul 10 2019 11:49:19
* <ApplicationData>
* <Seaterm232>
# nquan = 16
# nvalues = 739                         
# units = specified
# name 0 = depFM: Depth [fresh water, m]
# name 1 = dz/dtM: Descent Rate [m/s]
# name 2 = sbeox0Mg/L: Oxygen, SBE 43 [mg/l]
# name 3 = sbeox0PS: Oxygen, SBE 43 [% saturation]
# name 4 = specc: Specific Conductance [uS/cm]
# name 5 = c0uS/cm: Conductivity [uS/cm]
# name 6 = flECO-AFL: Fluorescence, WET Labs ECO-AFL/FL [mg/m^3]
# name 7 = ph: pH
# name 8 = orp: Oxidation Reduction Potential [mV]
# name 9 = par/sat/log: PAR/Logarithmic, Satlantic
# name 10 = turbWETntu0: Turbidity, WET Labs ECO [NTU]
# name 11 = prdM: Pressure, Strain Gauge [db]
# name 12 = prdE: Pressure, Strain Gauge [psi]
# name 13 = tv290C: Temperature [ITS-90, deg C]
# name 14 = density00: Density [density, kg/m^3]
# name 15 = flag:  0.000e+00
# span 0 =     -0.650,     10.562       
# span 1 =     -0.033,      0.217       
# span 2 =    -0.6385,     8.1037       
# span 3 =     -5.782,    102.396       
# span 4 =      8.179,    193.479       
# span 5 =   8.784330, 129.576834       
# span 6 =    -0.1249,    12.7531       
# span 7 =      5.737,      9.001       
# span 8 = -1130.0082,   542.7740       
# span 9 = 1.2341e-01, 1.0084e+03       
# span 10 =    -0.5732,    21.5093      
# span 11 =     -0.637,     10.359      
# span 12 =     -0.924,     15.024      
# span 13 =     8.4654,    28.6967      
# span 14 =   996.0433,   999.9467      
# span 15 = 0.0000e+00, 0.0000e+00      
# interval = seconds: 0.25
# start_time = Jul 10 2019 11:33:38 [Instrument's time stamp, header]
# bad_flag = -9.990e-29
*END*
[from data line 633]
      8.312      0.119     0.1546      1.342     94.922  64.787830     1.2619      5.737   223.7711 6.2437e-01     2.6751      8.149     11.819     9.2322   999.8406 0.0000e+00
      8.348      0.123     0.1556      1.350     94.489  64.441917     1.3409      5.737   222.7326 5.7887e-01     2.7884      8.187     11.873     9.2114   999.8422 0.0000e+00
      8.383      0.127     0.1546      1.340     93.856  63.963396     1.3901      5.737   221.5397 5.3806e-01     2.8651      8.222     11.927     9.1856   999.8440 0.0000e+00
      8.414      0.131     0.1542      1.336     93.267  63.514951     1.4062      5.737   220.1883 5.0225e-01     2.8481      8.252     11.969     9.1539   999.8464 0.0000e+00
      8.444      0.134     0.1563      1.353     92.991  63.278339     1.3885      5.737   218.8683 4.6013e-01     2.8781      8.279     12.008     9.1229   999.8490 0.0000e+00
      8.476      0.135     0.1566      1.354     93.134  63.327108     1.3491      5.738   217.3678 3.9745e-01     2.9986      8.309     12.052     9.0974   999.8508 0.0000e+00
      8.513      0.133     0.1537      1.329     93.409  63.468967     1.3371      5.738   215.5540 3.3742e-01     3.0927      8.346     12.105     9.0732   999.8527 0.0000e+00
      8.553      0.130     0.1498      1.294     93.650  63.595174     1.3383      5.739   213.9740 2.8947e-01     3.1316      8.389     12.168     9.0477   999.8545 0.0000e+00
      8.590      0.126     0.1456      1.258     93.954  63.772504     1.3206      5.740   212.8905 2.5611e-01     3.1410      8.428     12.224     9.0219   999.8565 0.0000e+00
      8.620      0.121     0.1427      1.232     94.452  64.087559     1.2964      5.741   211.9179 2.3200e-01     3.1074      8.456     12.264     8.9956   999.8587 0.0000e+00
      8.643      0.116     0.1392      1.202     94.968  64.417055     1.2803      5.742   210.8184 1.9988e-01     3.0535      8.475     12.292     8.9700   999.8608 0.0000e+00
      8.667      0.112     0.1345      1.161     95.239  64.578279     1.2732      5.743   209.6633 1.7357e-01     3.0464      8.497     12.325     8.9493   999.8624 0.0000e+00
      8.697      0.112     0.1327      1.146     95.363  64.638499     1.3146      5.744   208.5338 1.5688e-01     3.0868      8.528     12.369     8.9348   999.8638 0.0000e+00
      8.728      0.118     0.1336      1.153     95.487  64.700191     1.3990      5.745   207.4870 1.3843e-01     3.1162      8.561     12.417     8.9237   999.8650 0.0000e+00
      8.757      0.125     0.1326      1.144     95.593  64.752099     1.4527      5.746   206.4707 1.2803e-01     3.1069      8.588     12.456     8.9135   999.8661 0.0000e+00
      8.786      0.130     0.1308      1.129     95.718  64.821137     1.4610      5.746   205.5383 1.2539e-01     3.0727      8.614     12.494     8.9012   999.8672 0.0000e+00
      8.821      0.130     0.1307      1.127     95.951  64.962837     1.4127      5.747   204.6452 1.2364e-01     3.0300      8.649     12.544     8.8885   999.8683 0.0000e+00
      8.860      0.129     0.1308      1.127     96.416  65.257633     1.3277      5.748   203.6742 1.2350e-01     3.0163      8.690     12.604     8.8765   999.8694 0.0000e+00
      8.898      0.125     0.1312      1.130     97.029  65.652145     1.2840      5.750   202.8322 1.2357e-01     3.0713      8.729     12.661     8.8654   999.8705 0.0000e+00
      8.930      0.120     0.1311      1.129     97.449  65.918853     1.2829      5.751   202.1227 1.2364e-01     3.1385      8.759     12.703     8.8586   999.8711 0.0000e+00
      8.956      0.112     0.1291      1.113     97.596  66.003250     1.2874      5.751   201.2895 1.2361e-01     3.1407      8.783     12.737     8.8514   999.8718 0.0000e+00
      8.982      0.106     0.1281      1.103     97.667  66.036895     1.2787      5.752   200.3297 1.2358e-01     3.0972      8.807     12.774     8.8397   999.8730 0.0000e+00
      9.007      0.105     0.1281      1.103     97.645  66.007787     1.2633      5.753   199.4659 1.2362e-01     3.0713      8.834     12.812     8.8282   999.8742 0.0000e+00
      9.031      0.109     0.1269      1.093     97.515  65.905558     1.2581      5.754   198.6750 1.2364e-01     3.0571      8.858     12.847     8.8197   999.8751 0.0000e+00
      9.056      0.116     0.1243      1.070     97.502  65.881492     1.2591      5.755   197.7361 1.2360e-01     3.0565      8.879     12.878     8.8124   999.8757 0.0000e+00
      9.084      0.121     0.1227      1.056     97.662  65.971071     1.2840      5.756   196.6315 1.2357e-01     3.0633      8.905     12.916     8.8045   999.8765 0.0000e+00
      9.120      0.123     0.1233      1.061     98.068  66.225811     1.3251      5.756   195.5584 1.2353e-01     3.0417      8.942     12.969     8.7972   999.8772 0.0000e+00
      9.160      0.124     0.1213      1.043     98.940  66.800166     1.3401      5.757   194.7418 1.2352e-01     3.0256      8.985     13.032     8.7909   999.8776 0.0000e+00
      9.196      0.125     0.1163      1.000    100.104  67.575644     1.3356      5.758   193.9846 1.2355e-01     3.0321      9.023     13.086     8.7833   999.8784 0.0000e+00
      9.221      0.127     0.1142      0.981    100.995  68.164133     1.3054      5.760   193.0282 1.2353e-01     3.0541      9.045     13.118     8.7733   999.8794 0.0000e+00
      9.244      0.131     0.1157      0.995    101.446  68.448216     1.2433      5.760   192.0405 1.2351e-01     3.0946      9.061     13.142     8.7624   999.8802 0.0000e+00
      9.274      0.135     0.1181      1.015    101.798  68.658173     1.2093      5.759   191.1621 1.2353e-01     3.1296      9.091     13.186     8.7544   999.8813 0.0000e+00
      9.314      0.136     0.1192      1.024    102.048  68.795397     1.2151      5.759   190.3237 1.2356e-01     3.1169      9.133     13.247     8.7514   999.8823 0.0000e+00
      9.357      0.131     0.1191      1.024    102.057  68.772247     1.1921      5.760   189.4750 1.2363e-01     3.0718      9.175     13.307     8.7463   999.8831 0.0000e+00
      9.401      0.119     0.1186      1.019    102.067  68.759697     1.1302      5.762   188.7300 1.2368e-01     3.0763      9.220     13.373     8.7354   999.8842 0.0000e+00
      9.437      0.102     0.1195      1.026    102.382  68.961516     1.0904      5.763   188.1129 1.2364e-01     3.1050      9.262     13.434     8.7218   999.8856 0.0000e+00
      9.455      0.085     0.1222      1.049    102.906  69.305086     1.0840      5.764   187.4342 1.2355e-01     3.0917      9.278     13.457     8.7048   999.8870 0.0000e+00
      9.461      0.069     0.1215      1.043    103.185  69.480553     1.0882      5.766   186.7182 1.2354e-01     2.9811      9.276     13.455     8.6885   999.8881 0.0000e+00
      9.469      0.055     0.1159      0.995    103.033  69.366453     1.0890      5.767   186.0817 1.2364e-01     2.7832      9.283     13.464     8.6794   999.8887 0.0000e+00
      9.484      0.046     0.1128      0.968    102.689  69.133493     1.0842      5.770   185.3312 1.2364e-01     2.6648      9.300     13.488     8.6764   999.8891 0.0000e+00
      9.502      0.043     0.1139      0.977    102.594  69.079826     1.0826      5.772   184.4404 1.2355e-01     2.6316      9.320     13.516     8.6732   999.8897 0.0000e+00
      9.515      0.046     0.1135      0.975    103.264  69.544090     1.0791      5.773   183.5708 1.2351e-01     2.6443      9.334     13.537     8.6657   999.8904 0.0000e+00
      9.522      0.051     0.1102      0.946    104.759  70.550635     1.0758      5.774   182.8181 1.2354e-01     2.7521      9.338     13.543     8.6584   999.8908 0.0000e+00
      9.527      0.061     0.1078      0.926    106.321  71.585522     1.0853      5.775   182.3092 1.2355e-01     2.8532      9.340     13.547     8.6575   999.8907 0.0000e+00
      9.537      0.075     0.1078      0.926    107.181  72.137776     1.0989      5.776   181.9779 1.2357e-01     2.8845      9.349     13.560     8.6640   999.8902 0.0000e+00
      9.557      0.090     0.1080      0.927    107.320  72.204601     1.1106      5.775   181.6523 1.2356e-01     2.9340      9.367     13.585     8.6731   999.8898 0.0000e+00
      9.590      0.105     0.1075      0.922    107.257  72.139131     1.1317      5.775   181.3830 1.2351e-01     3.0246      9.402     13.637     8.6745   999.8906 0.0000e+00
      9.627      0.115     0.1062      0.910    107.334  72.172800     1.1537      5.775   181.2172 1.2351e-01     3.0963      9.443     13.696     8.6639   999.8922 0.0000e+00
      9.660      0.118     0.1052      0.901    107.539  72.293729     1.1612      5.776   180.7666 1.2358e-01     3.1120      9.474     13.742     8.6501   999.8936 0.0000e+00
      9.690      0.114     0.1059      0.908    107.813  72.456676     1.1615      5.776   179.8926 1.2366e-01     3.0837      9.502     13.782     8.6376   999.8946 0.0000e+00
      9.720      0.108     0.1070      0.917    108.083  72.616837     1.1480      5.776   178.9953 1.2361e-01     3.0819      9.534     13.828     8.6254   999.8955 0.0000e+00
      9.745      0.103     0.1080      0.926    108.328  72.767665     1.1116      5.777   178.2637 1.2347e-01     3.0904      9.558     13.863     8.6182   999.8961 0.0000e+00
      9.765      0.101     0.1086      0.931    108.698  73.008529     1.0854      5.777   177.6711 1.2341e-01     3.0546      9.575     13.887     8.6129   999.8967 0.0000e+00
      9.788      0.103     0.1072      0.918    109.336  73.430620     1.0820      5.778   177.1644 1.2345e-01     3.0106      9.596     13.919     8.6003   999.8978 0.0000e+00
      9.814      0.108     0.1057      0.905    110.096  73.928481     1.1049      5.779   176.6120 1.2350e-01     3.0490      9.624     13.958     8.5892   999.8988 0.0000e+00
      9.843      0.114     0.1049      0.898    110.713  74.322297     1.1461      5.780   175.9822 1.2355e-01     3.1907      9.652     13.999     8.5840   999.8994 0.0000e+00
      9.875      0.119     0.1042      0.892    111.206  74.630968     1.1642      5.780   175.4000 1.2353e-01     3.2823      9.684     14.045     8.5801   999.8999 0.0000e+00
      9.909      0.121     0.1044      0.894    111.767  74.989598     1.1588      5.781   174.8209 1.2352e-01     3.2719      9.718     14.095     8.5794   999.9004 0.0000e+00
      9.941      0.120     0.1049      0.898    112.421  75.415040     1.1504      5.781   174.1426 1.2355e-01     3.2621      9.750     14.142     8.5745   999.9012 0.0000e+00
      9.971      0.118     0.1052      0.900    113.061  75.831928     1.1488      5.781   173.5661 1.2358e-01     3.2948      9.778     14.182     8.5633   999.9023 0.0000e+00
     10.000      0.113     0.1053      0.901    113.649  76.214238     1.1564      5.782   173.1850 1.2359e-01     3.3068      9.807     14.223     8.5525   999.9033 0.0000e+00
     10.029      0.109     0.1060      0.907    114.245  76.603135     1.1561      5.784   172.8050 1.2359e-01     3.2753      9.836     14.267     8.5444   999.9042 0.0000e+00
     10.056      0.107     0.1072      0.917    114.811  76.972383     1.1368      5.786   172.3267 1.2359e-01     3.2750      9.863     14.305     8.5392   999.9049 0.0000e+00
     10.081      0.105     0.1062      0.909    115.327  77.307879     1.1134      5.786   171.7898 1.2357e-01     3.3027      9.885     14.337     8.5340   999.9057 0.0000e+00
     10.107      0.102     0.1017      0.870    115.980  77.733839     1.0987      5.786   171.3029 1.2357e-01     3.3152      9.911     14.375     8.5284   999.9064 0.0000e+00
     10.135      0.098     0.0973      0.833    116.567  78.115519     1.0887      5.786   170.9139 1.2357e-01     3.2948      9.940     14.417     8.5239   999.9070 0.0000e+00
     10.161      0.090     0.0963      0.824    116.665  78.170013     1.0799      5.787   170.4419 1.2357e-01     3.2199      9.966     14.454     8.5194   999.9077 0.0000e+00
     10.186      0.077     0.0991      0.848    116.531  78.074694     1.0786      5.789   169.8120 1.2359e-01     3.1313      9.989     14.488     8.5148   999.9081 0.0000e+00
     10.209      0.062     0.1053      0.901    116.389  77.980714     1.0904      5.790   169.0625 1.2359e-01     3.1085     10.014     14.524     8.5099   999.9089 0.0000e+00
     10.224      0.045     0.1087      0.929    116.009  77.733374     1.1011      5.791   168.2632 1.2359e-01     3.1080     10.031     14.548     8.5044   999.9097 0.0000e+00
     10.229      0.030     0.1062      0.908    115.744  77.564734     1.0960      5.792   167.6330 1.2357e-01     2.9936     10.032     14.550     8.4991   999.9100 0.0000e+00
     10.230      0.019     0.1024      0.876    115.968  77.722644     1.0887      5.794   167.2065 1.2357e-01     2.8403     10.033     14.550     8.4964   999.9101 0.0000e+00
     10.230      0.012     0.1002      0.857    115.976  77.734515     1.0908      5.794   166.8069 1.2363e-01     2.7944     10.034     14.553     8.4972   999.9101 0.0000e+00
     10.230      0.009     0.0994      0.850    115.451  77.390227     1.0953      5.795   166.2430 1.2364e-01     2.7991     10.030     14.547     8.5008   999.9097 0.0000e+00
     10.233      0.009     0.0954      0.815    115.324  77.312555     1.1002      5.797   165.5514 1.2356e-01     2.7658     10.033     14.552     8.5057   999.9091 0.0000e+00
     10.238      0.011     0.0888      0.759    115.590  77.495053     1.1062      5.799   164.8974 1.2353e-01     2.6877     10.043     14.565     8.5083   999.9092 0.0000e+00
     10.241      0.012     0.0858      0.734    115.407  77.370655     1.1082      5.800   164.2718 1.2358e-01     2.6412     10.044     14.569     8.5110   999.9091 0.0000e+00
     10.242      0.015     0.0865      0.739    115.158  77.207760     1.0975      5.801   163.6665 1.2360e-01     2.6287     10.042     14.566     8.5143   999.9084 0.0000e+00
     10.245      0.023     0.0892      0.763    115.383  77.370018     1.0810      5.802   163.1709 1.2359e-01     2.6017     10.047     14.571     8.5183   999.9082 0.0000e+00
     10.249      0.036     0.0922      0.789    115.928  77.742431     1.0733      5.802   162.6683 1.2359e-01     2.7087     10.052     14.579     8.5215   999.9083 0.0000e+00
     10.254      0.052     0.0928      0.794    116.539  78.148714     1.0741      5.802   161.9770 1.2358e-01     2.9398     10.052     14.580     8.5175   999.9084 0.0000e+00
     10.267      0.068     0.0917      0.784    117.120  78.529614     1.0824      5.802   161.2657 1.2354e-01     3.0361     10.062     14.594     8.5183   999.9083 0.0000e+00
     10.293      0.081     0.0920      0.786    118.460  79.421952     1.0949      5.802   160.6932 1.2353e-01     3.0204     10.093     14.638     8.5268   999.9080 0.0000e+00
     10.324      0.091     0.0940      0.803    121.282  81.304635     1.1127      5.803   160.2169 1.2356e-01     3.0128     10.127     14.688     8.5304   999.9081 0.0000e+00
     10.351      0.097     0.0957      0.818    125.800  84.307952     1.1332      5.805   159.8959 1.2361e-01     3.0103     10.152     14.724     8.5284   999.9087 0.0000e+00
     10.374      0.096     0.0971      0.830    130.694  87.549705     1.1431      5.805   159.5648 1.2361e-01     3.0220     10.174     14.755     8.5223   999.9092 0.0000e+00
     10.397      0.091     0.1002      0.856    133.011  89.067124     1.1461      5.805   158.9663 1.2360e-01     3.0234     10.196     14.788     8.5205   999.9098 0.0000e+00
     10.420      0.086     0.1033      0.883    134.991  90.373802     1.1344      5.805   158.3380 1.2360e-01     3.0278     10.219     14.821     8.5202   999.9110 0.0000e+00
     10.443      0.080     0.1029      0.879    139.832  93.609722     1.1140      5.808   157.9042 1.2360e-01     3.0413     10.243     14.856     8.5090   999.9134 0.0000e+00
     10.463      0.073     0.1024      0.875    143.958  96.366780     1.1079      5.810   157.5077 1.2360e-01     3.0562     10.261     14.883     8.4918   999.9173 0.0000e+00
