Data/DataAlreadyUploadedToEDI/CollatedDataForEDI/CTDData/CTD_2019 (not collated)/071019_bvr50_e.cnv
* Sea-Bird SBE19plus  Data File:
* FileName = C:\DATA\071019_bvr_0004.hex
* Software version 2.8.0.119
* Temperature SN = 7809
* Conductivity SN = 7809
* System UpLoad Time = Jul 12 2019 13:02:14
* <ApplicationData>
* <Seaterm232>
# nquan = 18
# nvalues = 779                         
# units = specified
# name 0 = depFM: Depth [fresh water, m]
# name 1 = tv290C: Temperature [ITS-90, deg C]
# name 2 = sbeox0Mg/L: Oxygen, SBE 43 [mg/l]
# name 3 = sbeox0PS: Oxygen, SBE 43 [% saturation]
# name 4 = c0uS/cm: Conductivity [uS/cm]
# name 5 = specc: Specific Conductance [uS/cm]
# name 6 = ph: pH
# name 7 = orp: Oxidation Reduction Potential [mV]
# name 8 = flECO-AFL: Fluorescence, WET Labs ECO-AFL/FL [mg/m^3]
# name 9 = turbWETntu0: Turbidity, WET Labs ECO [NTU]
# name 10 = sal00: Salinity, Practical [PSU]
# name 11 = dz/dtM: Descent Rate [m/s]
# name 12 = prdM: Pressure, Strain Gauge [db]
# name 13 = prdE: Pressure, Strain Gauge [psi]
# name 14 = scan: Scan Count
# name 15 = par/sat/log: PAR/Logarithmic, Satlantic
# name 16 = density00: Density [density, kg/m^3]
# name 17 = flag:  0.000e+00
# span 0 =     -0.671,     10.568       
# span 1 =     8.4172,    27.6221       
# span 2 =    -0.4368,     8.4881       
# span 3 =     -4.034,    107.431       
# span 4 =   0.436036, 162.819065       
# span 5 =      0.456,    243.386       
# span 6 =      5.880,      7.671       
# span 7 =   -85.5315,   333.0183       
# span 8 =    -0.1560,    31.7430       
# span 9 =    -0.5566,    23.3082       
# span 10 =     0.0110,     0.1130      
# span 11 =     -0.211,      0.282      
# span 12 =     -0.658,     10.363      
# span 13 =     -0.954,     15.030      
# span 14 =          1,        779      
# span 15 = 1.2345e-01, 1.2394e-01      
# span 16 =   996.3574,   999.9618      
# span 17 = 0.0000e+00, 0.0000e+00      
# interval = seconds: 0.25
# start_time = Jul 10 2019 23:39:08 [Instrument's time stamp, header]
# bad_flag = -9.990e-29
*END*
[from data line 242]
     -0.054    27.6193     7.5620     95.959  27.950776     26.573      6.167   293.6089     0.7748     0.8422     0.0210      0.150     -0.049     -0.072        243 1.2378e-01   996.3580 0.0000e+00
     -0.003    27.6204     7.5641     95.988  27.911154     26.494      6.171   293.5710     0.6757     0.9575     0.0209      0.158     -0.002     -0.003        244 1.2369e-01   996.3588 0.0000e+00
      0.050    27.6180     7.5722     96.090  27.998187     26.626      6.170   294.1010     0.7100     0.8710     0.0210      0.164      0.046      0.068        245 1.2365e-01   996.3588 0.0000e+00
      0.095    27.6140     7.5834     96.231  27.990575     26.573      6.174   294.2525     0.6795     0.8998     0.0210      0.170      0.091      0.133        246 1.2367e-01   996.3587 0.0000e+00
      0.135    27.6109     7.5953     96.381  28.009493     26.627      6.178   294.6689     0.6947     0.9719     0.0210      0.174      0.131      0.190        247 1.2366e-01   996.3596 0.0000e+00
      0.170    27.6098     7.5960     96.388  28.033889     26.629      6.177   294.7825     0.7176     0.8422     0.0210      0.175      0.166      0.242        248 1.2372e-01   996.3608 0.0000e+00
      0.204    27.6111     7.5948     96.373  28.019459     26.631      6.182   294.7446     0.7329     1.0296     0.0210      0.172      0.201      0.292        249 1.2382e-01   996.3619 0.0000e+00
      0.240    27.6139     7.5957     96.384  27.968207     26.578      6.173   295.4260     0.7214     0.9575     0.0210      0.166      0.236      0.343        250 1.2369e-01   996.3623 0.0000e+00
      0.279    27.6155     7.6005     96.444  27.890320     26.498      6.166   295.6153     0.6757     0.8422     0.0209      0.160      0.274      0.398        251 1.2364e-01   996.3621 0.0000e+00
      0.321    27.6145     7.5983     96.418  27.968281     26.576      6.163   296.3346     0.7252     0.8854     0.0210      0.153      0.313      0.454        252 1.2370e-01   996.3615 0.0000e+00
      0.357    27.6146     7.5788     96.172  28.019294     26.628      6.166   296.5618     0.7405     0.8566     0.0210      0.148      0.349      0.507        253 1.2371e-01   996.3612 0.0000e+00
      0.393    27.6156     7.5615     95.954  27.974943     26.576      6.167   296.8646     0.7367     1.0296     0.0210      0.146      0.384      0.556        254 1.2380e-01   996.3617 0.0000e+00
      0.423    27.6154     7.5388     95.670  27.964232     26.576      6.165   297.2432     0.7024     0.9143     0.0210      0.144      0.414      0.601        255 1.2365e-01   996.3618 0.0000e+00
      0.450    27.6147     7.5287     95.544  27.973381     26.575      6.165   297.3946     0.7138     0.8133     0.0210      0.141      0.443      0.641        256 1.2377e-01   996.3616 0.0000e+00
      0.480    27.6140     7.5241     95.486  28.022801     26.628      6.163   297.4325     0.7825     0.9287     0.0210      0.137      0.468      0.679        257 1.2392e-01   996.3618 0.0000e+00
      0.501    27.6134     7.5269     95.523  27.961973     26.576      6.161   297.6218     0.7558     0.8998     0.0210      0.129      0.487      0.705        258 1.2369e-01   996.3621 0.0000e+00
      0.506    27.6134     7.5411     95.702  27.900972     26.496      6.162   297.2432     0.7901     0.8566     0.0209      0.115      0.496      0.718        259 1.2360e-01   996.3623 0.0000e+00
      0.508    27.6131     7.5506     95.818  27.950607     26.576      6.164   297.4703     0.7710     0.8710     0.0210      0.096      0.502      0.727        260 1.2367e-01   996.3625 0.0000e+00
      0.519    27.6130     7.5462     95.761  27.929824     26.523      6.170   296.9025     0.7100     0.8422     0.0210      0.079      0.517      0.749        261 1.2365e-01   996.3625 0.0000e+00
      0.556    27.6140     7.5522     95.836  27.956458     26.576      6.165   297.3189     0.7252     0.9287     0.0210      0.071      0.545      0.791        262 1.2358e-01   996.3628 0.0000e+00
      0.591    27.6148     7.5523     95.837  27.976706     26.577      6.162   297.2810     0.7329     0.9287     0.0210      0.070      0.579      0.839        263 1.2360e-01   996.3630 0.0000e+00
      0.624    27.6156     7.5555     95.876  27.963870     26.576      6.156   297.3568     0.7062     0.8710     0.0210      0.075      0.609      0.883        264 1.2365e-01   996.3629 0.0000e+00
      0.648    27.6173     7.5579     95.906  27.972433     26.576      6.154   297.8111     0.7176     0.7701     0.0210      0.082      0.633      0.918        265 1.2376e-01   996.3627 0.0000e+00
      0.665    27.6188     7.5635     95.978  27.966051     26.575      6.157   297.3946     0.7329     0.9431     0.0210      0.091      0.653      0.947        266 1.2378e-01   996.3626 0.0000e+00
      0.684    27.6198     7.5630     95.970  27.971812     26.574      6.157   297.1296     0.7176     0.9864     0.0210      0.099      0.672      0.975        267 1.2360e-01   996.3621 0.0000e+00
      0.708    27.6204     7.5679     96.029  27.965260     26.574      6.157   297.3189     0.6947     0.8998     0.0210      0.103      0.693      1.005        268 1.2366e-01   996.3618 0.0000e+00
      0.726    27.6191     7.5742     96.104  27.974203     26.573      6.159   297.3189     0.7062     0.9143     0.0210      0.099      0.714      1.036        269 1.2370e-01   996.3616 0.0000e+00
      0.752    27.6173     7.5747     96.105  28.019927     26.626      6.157   296.9403     0.6947     0.8998     0.0210      0.091      0.739      1.072        270 1.2352e-01   996.3616 0.0000e+00
      0.784    27.6163     7.5754     96.110  27.967602     26.573      6.159   297.1296     0.7405     0.9287     0.0210      0.088      0.770      1.117        271 1.2378e-01   996.3621 0.0000e+00
      0.820    27.6157     7.5683     96.016  27.980080     26.574      6.159   297.3946     0.7138     0.9719     0.0210      0.092      0.804      1.166        272 1.2379e-01   996.3628 0.0000e+00
      0.854    27.6150     7.5680     96.008  28.004400     26.628      6.158   297.3946     0.6985     0.8422     0.0210      0.100      0.838      1.215        273 1.2362e-01   996.3632 0.0000e+00
      0.887    27.6140     7.5757     96.105  27.996579     26.575      6.155   297.7732     0.7252     0.8710     0.0210      0.110      0.869      1.261        274 1.2364e-01   996.3635 0.0000e+00
      0.917    27.6139     7.5784     96.140  28.049057     26.682      6.154   297.4703     0.6757     0.8854     0.0210      0.117      0.898      1.304        275 1.2368e-01   996.3638 0.0000e+00
      0.945    27.6140     7.5763     96.114  27.998336     26.576      6.158   297.3189     0.7291     0.9431     0.0210      0.122      0.926      1.344        276 1.2371e-01   996.3642 0.0000e+00
      0.972    27.6134     7.5719     96.059  28.000457     26.629      6.156   297.4703     0.7252     0.9431     0.0210      0.124      0.955      1.385        277 1.2366e-01   996.3644 0.0000e+00
      1.004    27.6121     7.5732     96.071  28.046419     26.629      6.156   297.7353     0.7596     0.8710     0.0210      0.123      0.986      1.429        278 1.2361e-01   996.3645 0.0000e+00
      1.039    27.6091     7.5821     96.177  28.118869     26.735      6.156   297.8111     0.7977     0.9864     0.0210      0.122      1.018      1.476        279 1.2361e-01   996.3648 0.0000e+00
      1.071    27.6056     7.5840     96.197  28.206514     26.789      6.156   298.4168     0.7786     0.9287     0.0211      0.121      1.047      1.518        280 1.2375e-01   996.3654 0.0000e+00
      1.092    27.6035     7.5749     96.079  28.233566     26.844      6.156   298.1896     0.7825     0.8566     0.0211      0.118      1.070      1.552        281 1.2357e-01   996.3663 0.0000e+00
      1.111    27.6013     7.5588     95.874  28.203692     26.792      6.154   298.2653     0.7748     1.0008     0.0211      0.114      1.088      1.579        282 1.2359e-01   996.3674 0.0000e+00
      1.127    27.5989     7.5404     95.639  28.065962     26.687      6.152   298.1896     0.7748     1.0008     0.0210      0.108      1.104      1.602        283 1.2382e-01   996.3680 0.0000e+00
      1.141    27.5981     7.5092     95.242  28.108751     26.689      6.156   298.1139     0.7901     1.1738     0.0210      0.099      1.122      1.627        284 1.2379e-01   996.3687 0.0000e+00
      1.166    27.5987     7.4889     94.982  28.268932     26.902      6.155   298.3789     0.7939     1.1882     0.0211      0.092      1.145      1.660        285 1.2385e-01   996.3696 0.0000e+00
      1.194    27.5996     7.4746     94.798  28.281329     26.849      6.155   298.2653     0.7100     1.2171     0.0211      0.086      1.170      1.696        286 1.2374e-01   996.3699 0.0000e+00
      1.217    27.5994     7.4681     94.715  28.271056     26.902      6.154   298.3789     0.7252     1.0873     0.0211      0.082      1.193      1.730        287 1.2352e-01   996.3698 0.0000e+00
      1.238    27.5967     7.4825     94.896  28.163228     26.742      6.155   297.9625     0.7100     1.0008     0.0210      0.082      1.216      1.765        288 1.2363e-01   996.3696 0.0000e+00
      1.269    27.5931     7.4952     95.057  28.000809     26.636      6.152   298.3032     0.7291     1.1161     0.0210      0.086      1.245      1.806        289 1.2374e-01   996.3698 0.0000e+00
      1.302    27.5908     7.5075     95.214  27.910368     26.505      6.147   298.3789     0.7214     0.9431     0.0209      0.094      1.276      1.851        290 1.2375e-01   996.3706 0.0000e+00
      1.334    27.5891     7.5109     95.257  27.949943     26.587      6.143   298.6818     0.7214     0.8710     0.0210      0.102      1.306      1.894        291 1.2365e-01   996.3717 0.0000e+00
      1.359    27.5884     7.5229     95.408  27.981181     26.588      6.142   298.7953     0.7481     0.8133     0.0210      0.108      1.331      1.931        292 1.2356e-01   996.3725 0.0000e+00
      1.379    27.5879     7.5248     95.431  27.960358     26.589      6.140   298.5682     0.7252     0.8998     0.0210      0.108      1.352      1.962        293 1.2361e-01   996.3731 0.0000e+00
      1.398    27.5868     7.5177     95.338  27.975857     26.589      6.140   298.8711     0.8740     0.9143     0.0210      0.105      1.374      1.993        294 1.2367e-01   996.3734 0.0000e+00
      1.425    27.5856     7.5005     95.118  27.961893     26.589      6.140   298.7575     0.8282     0.8422     0.0210      0.104      1.400      2.030        295 1.2365e-01   996.3737 0.0000e+00
      1.460    27.5844     7.4969     95.072  27.977737     26.590      6.135   298.8711     0.8397     0.9431     0.0210      0.104      1.431      2.075        296 1.2367e-01   996.3741 0.0000e+00
      1.491    27.5833     7.5021     95.136  27.956142     26.590      6.137   299.0225     0.8321     0.8710     0.0210      0.104      1.462      2.122        297 1.2380e-01   996.3746 0.0000e+00
      1.525    27.5828     7.5005     95.114  27.899904     26.511      6.136   299.0982     0.8397     0.8854     0.0209      0.105      1.495      2.168        298 1.2385e-01   996.3751 0.0000e+00
      1.558    27.5827     7.5046     95.164  27.958860     26.592      6.135   299.4011     0.7214     0.8854     0.0210      0.110      1.525      2.212        299 1.2380e-01   996.3756 0.0000e+00
      1.581    27.5829     7.5030     95.143  27.971638     26.592      6.136   298.7575     0.6795     0.7845     0.0210      0.114      1.551      2.249        300 1.2367e-01   996.3758 0.0000e+00
      1.606    27.5830     7.5060     95.179  27.972867     26.592      6.140   299.0225     0.7176     0.9287     0.0210      0.117      1.576      2.285        301 1.2370e-01   996.3759 0.0000e+00
      1.633    27.5825     7.5094     95.222  27.957330     26.592      6.138   299.2496     0.7367     0.8710     0.0210      0.117      1.600      2.322        302 1.2364e-01   996.3760 0.0000e+00
      1.656    27.5815     7.5107     95.237  27.902109     26.512      6.140   299.2118     0.7252     1.1594     0.0209      0.113      1.625      2.357        303 1.2352e-01   996.3760 0.0000e+00
      1.683    27.5798     7.5118     95.251  27.952725     26.592      6.141   299.4011     0.6985     1.1161     0.0210      0.108      1.649      2.392        304 1.2372e-01   996.3763 0.0000e+00
      1.705    27.5787     7.5027     95.136  27.894339     26.513      6.143   299.1361     0.7138     1.2171     0.0209      0.103      1.671      2.424        305 1.2386e-01   996.3766 0.0000e+00
      1.724    27.5783     7.4959     95.051  27.885905     26.514      6.147   299.2496     0.7214     1.0873     0.0209      0.097      1.692      2.454        306 1.2379e-01   996.3772 0.0000e+00
      1.748    27.5778     7.4887     94.959  27.963222     26.594      6.149   299.3253     0.7825     1.1882     0.0210      0.094      1.715      2.488        307 1.2374e-01   996.3776 0.0000e+00
      1.775    27.5768     7.4810     94.861  27.975851     26.594      6.151   299.6282     0.7977     1.1450     0.0210      0.094      1.741      2.525        308 1.2367e-01   996.3779 0.0000e+00
      1.803    27.5757     7.4676     94.688  27.959054     26.594      6.152   299.3253     0.7672     1.1450     0.0210      0.094      1.767      2.563        309 1.2378e-01   996.3782 0.0000e+00
      1.827    27.5750     7.4584     94.569  27.895259     26.515      6.153   299.5146     0.7710     1.1017     0.0209      0.095      1.792      2.599        310 1.2381e-01   996.3785 0.0000e+00
      1.852    27.5743     7.4435     94.374  27.877513     26.516      6.153   299.3632     0.7901     0.9143     0.0209      0.096      1.816      2.634        311 1.2364e-01   996.3789 0.0000e+00
      1.877    27.5737     7.4320     94.224  27.892275     26.516      6.155   299.4389     0.7710     0.8133     0.0209      0.097      1.841      2.670        312 1.2370e-01   996.3792 0.0000e+00
      1.904    27.5733     7.4259     94.140  27.965754     26.596      6.156   299.4011     0.7825     0.8998     0.0210      0.099      1.867      2.708        313 1.2373e-01   996.3795 0.0000e+00
      1.931    27.5731     7.4309     94.196  27.963802     26.596      6.153   299.5903     0.7825     0.9143     0.0210      0.101      1.891      2.742        314 1.2372e-01   996.3798 0.0000e+00
      1.948    27.5734     7.4452     94.370  27.894705     26.517      6.147   299.6661     0.7634     1.1594     0.0209      0.099      1.906      2.765        315 1.2378e-01   996.3800 0.0000e+00
      1.953    27.5737     7.4601     94.550  27.962877     26.597      6.140   299.3253     0.7825     1.1017     0.0210      0.092      1.915      2.778        316 1.2371e-01   996.3801 0.0000e+00
      1.961    27.5736     7.4722     94.694  27.967828     26.597      6.145   299.7039     0.8092     1.1450     0.0210      0.082      1.924      2.791        317 1.2373e-01   996.3801 0.0000e+00
      1.974    27.5727     7.4732     94.695  27.888544     26.517      6.153   300.0068     0.7596     1.1017     0.0209      0.072      1.937      2.809        318 1.2370e-01   996.3800 0.0000e+00
      1.991    27.5712     7.4669     94.590  27.883814     26.517      6.156   300.1203     0.7825     1.1017     0.0209      0.064      1.953      2.832        319 1.2357e-01   996.3801 0.0000e+00
      2.009    27.5695     7.4603     94.474  27.973715     26.597      6.156   300.0825     0.7748     1.1161     0.0210      0.058      1.971      2.860        320 1.2370e-01   996.3805 0.0000e+00
      2.032    27.5667     7.4487     94.298  27.954395     26.598      6.160   300.5368     0.7977     1.1161     0.0210      0.056      1.992      2.890        321 1.2367e-01   996.3810 0.0000e+00
