Data/DataAlreadyUploadedToEDI/CollatedDataForEDI/CTDData/CTD_2019 (not collated)/071019_bvr50_e.cnv
* Sea-Bird SBE19plus  Data File:
* FileName = C:\DATA\071019_bvr_0004.hex
* Software version 2.8.0.119
* Temperature SN = 7809
* Conductivity SN = 7809
* System UpLoad Time = Jul 12 2019 13:02:14
* <ApplicationData>
* <Seaterm232>
# nquan = 18
# nvalues = 779                         
# units = specified
# name 0 = depFM: Depth [fresh water, m]
# name 1 = tv290C: Temperature [ITS-90, deg C]
# name 2 = sbeox0Mg/L: Oxygen, SBE 43 [mg/l]
# name 3 = sbeox0PS: Oxygen, SBE 43 [% saturation]
# name 4 = c0uS/cm: Conductivity [uS/cm]
# name 5 = specc: Specific Conductance [uS/cm]
# name 6 = ph: pH
# name 7 = orp: Oxidation Reduction Potential [mV]
# name 8 = flECO-AFL: Fluorescence, WET Labs ECO-AFL/FL [mg/m^3]
# name 9 = turbWETntu0: Turbidity, WET Labs ECO [NTU]
# name 10 = sal00: Salinity, Practical [PSU]
# name 11 = dz/dtM: Descent Rate [m/s]
# name 12 = prdM: Pressure, Strain Gauge [db]
# name 13 = prdE: Pressure, Strain Gauge [psi]
# name 14 = scan: Scan Count
# name 15 = par/sat/log: PAR/Logarithmic, Satlantic
# name 16 = density00: Density [density, kg/m^3]
# name 17 = flag:  0.000e+00
# span 0 =     -0.671,     10.568       
# span 1 =     8.4172,    27.6221       
# span 2 =    -0.4368,     8.4881       
# span 3 =     -4.034,    107.431       
# span 4 =   0.436036, 162.819065       
# span 5 =      0.456,    243.386       
# span 6 =      5.880,      7.671       
# span 7 =   -85.5315,   333.0183       
# span 8 =    -0.1560,    31.7430       
# span 9 =    -0.5566,    23.3082       
# span 10 =     0.0110,     0.1130      
# span 11 =     -0.211,      0.282      
# span 12 =     -0.658,     10.363      
# span 13 =     -0.954,     15.030      
# span 14 =          1,        779      
# span 15 = 1.2345e-01, 1.2394e-01      
# span 16 =   996.3574,   999.9618      
# span 17 = 0.0000e+00, 0.0000e+00      
# interval = seconds: 0.25
# start_time = Jul 10 2019 23:39:08 [Instrument's time stamp, header]
# bad_flag = -9.990e-29
*END*
[from data line 403]
      3.899    21.7561     6.2201     68.906  25.498027     27.152      6.150   313.5218     1.5263     1.4045     0.0196      0.083      3.823      5.545        404 1.2368e-01   997.8095 0.0000e+00
      3.914    21.6433     6.2127     68.674  25.465532     27.160      6.154   313.4082     1.5035     1.3757     0.0196      0.080      3.842      5.572        405 1.2371e-01   997.8360 0.0000e+00
      3.941    21.5009     6.2058     68.409  25.397487     27.161      6.154   314.0140     1.5035     1.3180     0.0196      0.080      3.867      5.610        406 1.2379e-01   997.8594 0.0000e+00
      3.977    21.3408     6.1878     67.980  25.286561     27.106      6.154   314.5061     1.5111     1.3324     0.0195      0.083      3.899      5.656        407 1.2377e-01   997.8848 0.0000e+00
      4.010    21.1896     6.1690     67.491  25.188963     27.070      6.150   314.8468     1.5263     1.4045     0.0194      0.087      3.930      5.700        408 1.2385e-01   997.9166 0.0000e+00
      4.034    21.0664     6.1277     66.785  25.163576     27.163      6.152   314.8847     1.4958     1.3324     0.0194      0.092      3.955      5.736        409 1.2364e-01   997.9521 0.0000e+00
      4.054    20.9524     6.0891     66.144  25.140498     27.192      6.152   315.1875     1.5187     1.4045     0.0194      0.098      3.977      5.768        410 1.2366e-01   997.9854 0.0000e+00
      4.079    20.8154     6.0578     65.645  25.099261     27.265      6.153   315.1118     1.5149     1.3613     0.0194      0.102      4.002      5.804        411 1.2376e-01   998.0124 0.0000e+00
      4.111    20.6503     6.0276     65.275  24.948376     27.119      6.152   315.5661     1.5035     1.4045     0.0193      0.107      4.031      5.846        412 1.2369e-01   998.0373 0.0000e+00
      4.140    20.4851     6.0019     64.976  24.854425     27.140      6.152   315.7175     1.5035     1.3613     0.0193      0.109      4.057      5.884        413 1.2367e-01   998.0669 0.0000e+00
      4.158    20.3590     5.9958     64.914  24.801577     27.146      6.151   315.7932     1.5111     1.3469     0.0192      0.105      4.078      5.915        414 1.2370e-01   998.1022 0.0000e+00
      4.177    20.2474     6.0226     65.084  24.747639     27.215      6.153   315.9447     1.5111     1.2748     0.0192      0.099      4.099      5.945        415 1.2368e-01   998.1374 0.0000e+00
      4.205    20.1101     6.0643     65.290  24.714280     27.229      6.153   316.1340     1.5759     1.0873     0.0191      0.097      4.126      5.985        416 1.2363e-01   998.1641 0.0000e+00
      4.240    19.9374     6.1029     65.457  24.635813     27.233      6.153   316.5125     1.5874     1.0585     0.0191      0.100      4.160      6.034        417 1.2366e-01   998.1876 0.0000e+00
      4.283    19.7304     6.1375     65.599  24.519538     27.162      6.152   317.4968     1.5797     1.1161     0.0190      0.106      4.198      6.089        418 1.2364e-01   998.2163 0.0000e+00
      4.320    19.5391     6.1539     65.559  24.444385     27.203      6.151   317.4590     1.5645     1.1594     0.0190      0.113      4.233      6.139        419 1.2372e-01   998.2521 0.0000e+00
      4.346    19.3722     6.1712     65.545  24.403607     27.269      6.149   317.4211     1.6942     1.2171     0.0190      0.117      4.259      6.178        420 1.2366e-01   998.2947 0.0000e+00
      4.366    19.2573     6.1861     65.532  24.363031     27.354      6.151   317.8754     1.6942     1.1017     0.0189      0.120      4.279      6.206        421 1.2366e-01   998.3335 0.0000e+00
      4.379    19.2170     6.1913     65.510  24.287624     27.362      6.153   317.7618     1.7171     1.0873     0.0189      0.118      4.293      6.226        422 1.2372e-01   998.3670 0.0000e+00
      4.388    19.2074     6.2067     65.669  24.290185     27.436      6.151   318.2161     1.6980     1.0585     0.0189      0.110      4.303      6.241        423 1.2373e-01   998.3899 0.0000e+00
      4.397    19.2045     6.2301     65.848  24.330265     27.520      6.155   318.2540     1.6904     1.0585     0.0189      0.095      4.316      6.259        424 1.2381e-01   998.3980 0.0000e+00
      4.418    19.1150     6.2636     66.030  24.296996     27.466      6.156   318.5947     1.8353     0.8566     0.0189      0.080      4.334      6.285        425 1.2376e-01   998.4000 0.0000e+00
      4.441    18.9305     6.2816     66.018  24.272358     27.464      6.156   317.9890     1.8010     0.8566     0.0189      0.069      4.354      6.315        426 1.2352e-01   998.4006 0.0000e+00
      4.459    18.7439     6.2966     65.957  24.183233     27.395      6.159   318.7083     1.8124     0.8854     0.0188      0.063      4.374      6.344        427 1.2356e-01   998.4184 0.0000e+00
      4.481    18.5719     6.2950     65.734  24.082154     27.415      6.158   318.4054     1.8315     0.9143     0.0187      0.064      4.397      6.377        428 1.2375e-01   998.4546 0.0000e+00
      4.511    18.4113     6.2813     65.435  23.983566     27.405      6.157   318.8975     2.0108     0.9575     0.0187      0.070      4.424      6.416        429 1.2364e-01   998.4909 0.0000e+00
      4.541    18.2625     6.2626     65.129  23.920967     27.449      6.155   319.2004     2.0070     0.9287     0.0186      0.080      4.451      6.456        430 1.2354e-01   998.5241 0.0000e+00
      4.565    18.1371     6.2528     64.907  23.923182     27.551      6.154   319.3897     1.9956     0.8710     0.0186      0.089      4.474      6.490        431 1.2362e-01   998.5548 0.0000e+00
      4.582    18.0791     6.2566     64.805  23.921628     27.645      6.154   319.3140     2.0108     0.8422     0.0186      0.094      4.491      6.514        432 1.2385e-01   998.5829 0.0000e+00
      4.592    18.0738     6.2718     64.815  23.922949     27.726      6.151   319.6547     2.1329     1.1161     0.0186      0.091      4.504      6.532        433 1.2381e-01   998.6064 0.0000e+00
      4.604    18.0226     6.3218     65.204  23.921577     27.764      6.156   320.0333     2.1405     1.0440     0.0186      0.085      4.517      6.552        434 1.2372e-01   998.6172 0.0000e+00
      4.624    17.8984     6.4001     65.891  23.923354     27.765      6.158   320.3361     2.1138     1.1161     0.0186      0.081      4.536      6.579        435 1.2357e-01   998.6184 0.0000e+00
      4.647    17.7482     6.5157     66.927  23.891130     27.766      6.162   320.4118     2.1176     1.1738     0.0186      0.076      4.560      6.614        436 1.2365e-01   998.6279 0.0000e+00
      4.679    17.5894     6.6651     68.260  23.872850     27.815      6.158   320.2604     2.0833     0.9287     0.0186      0.074      4.588      6.655        437 1.2381e-01   998.6510 0.0000e+00
      4.710    17.4381     6.8109     69.543  23.798057     27.847      6.159   320.6768     2.0909     0.8998     0.0185      0.077      4.615      6.694        438 1.2366e-01   998.6787 0.0000e+00
      4.729    17.3238     6.9209     70.558  23.628858     27.722      6.156   320.7525     2.0413     0.9431     0.0184      0.082      4.635      6.723        439 1.2376e-01   998.7075 0.0000e+00
      4.741    17.2399     6.9976     71.304  23.609603     27.821      6.153   321.2068     2.0528     0.8998     0.0184      0.086      4.652      6.747        440 1.2371e-01   998.7347 0.0000e+00
      4.763    17.1518     7.0535     71.687  23.614751     27.896      6.158   321.1690     2.1253     0.8998     0.0184      0.089      4.673      6.777        441 1.2357e-01   998.7551 0.0000e+00
      4.792    17.0470     7.0818     71.732  23.444793     27.753      6.156   321.8883     2.1672     0.8710     0.0183      0.092      4.700      6.815        442 1.2378e-01   998.7700 0.0000e+00
      4.821    16.9388     7.0719     71.394  23.288053     27.612      6.155   322.5318     2.1253     0.9575     0.0182      0.093      4.726      6.854        443 1.2380e-01   998.7856 0.0000e+00
      4.844    16.8446     7.0526     70.992  23.217520     27.615      6.156   322.3047     2.1329     0.8854     0.0182      0.092      4.748      6.887        444 1.2367e-01   998.8040 0.0000e+00
      4.860    16.7572     7.0265     70.539  23.147598     27.587      6.156   322.1533     2.1253     0.8277     0.0181      0.089      4.769      6.917        445 1.2378e-01   998.8229 0.0000e+00
      4.886    16.6468     7.0115     70.199  23.078947     27.582      6.160   322.3047     2.0528     0.9287     0.0181      0.089      4.794      6.953        446 1.2377e-01   998.8392 0.0000e+00
      4.921    16.5074     7.0038     69.933  23.154907     27.706      6.158   322.8726     2.0871     0.9431     0.0181      0.095      4.824      6.997        447 1.2372e-01   998.8544 0.0000e+00
      4.951    16.3644     7.0200     69.913  23.201176     27.880      6.157   323.0618     2.0604     0.8854     0.0181      0.101      4.851      7.036        448 1.2365e-01   998.8733 0.0000e+00
      4.968    16.2950     7.0357     69.905  23.110250     27.806      6.156   323.2890     2.0909     0.9719     0.0180      0.101      4.871      7.064        449 1.2356e-01   998.8970 0.0000e+00
      4.979    16.2629     7.0586     69.985  23.090412     27.936      6.155   323.3268     2.0833     0.9864     0.0180      0.096      4.887      7.089        450 1.2372e-01   998.9210 0.0000e+00
      5.006    16.1465     7.0957     70.203  22.929747     27.748      6.155   323.5918     2.0680     0.9575     0.0179      0.093      4.912      7.125        451 1.2378e-01   998.9327 0.0000e+00
      5.043    15.9840     7.1306     70.388  22.806755     27.629      6.157   324.1218     2.0909     0.7701     0.0179      0.096      4.946      7.174        452 1.2356e-01   998.9381 0.0000e+00
      5.082    15.8307     7.1666     70.582  22.917722     27.847      6.153   324.0083     2.0642     0.8566     0.0179      0.102      4.982      7.225        453 1.2369e-01   998.9575 0.0000e+00
      5.114    15.6917     7.1982     70.754  22.910145     27.956      6.154   324.1597     2.1176     1.1738     0.0179      0.106      5.013      7.270        454 1.2378e-01   998.9842 0.0000e+00
      5.139    15.5663     7.2297     70.953  22.757002     27.858      6.152   324.0083     2.1176     1.1450     0.0178      0.108      5.040      7.308        455 1.2365e-01   999.0090 0.0000e+00
      5.163    15.4403     7.2539     71.077  22.664128     27.849      6.153   324.0083     2.1176     1.0296     0.0178      0.111      5.065      7.346        456 1.2374e-01   999.0313 0.0000e+00
      5.193    15.3147     7.2850     71.252  22.611158     27.866      6.154   323.9326     2.1253     1.0873     0.0177      0.117      5.094      7.389        457 1.2378e-01   999.0512 0.0000e+00
      5.229    15.1934     7.2951     71.214  22.526810     27.850      6.154   324.5761     1.9956     1.1594     0.0177      0.122      5.127      7.435        458 1.2382e-01   999.0711 0.0000e+00
      5.259    15.0845     7.3022     71.160  22.443370     27.833      6.156   324.7276     2.0299     1.2171     0.0176      0.121      5.157      7.478        459 1.2383e-01   999.0907 0.0000e+00
      5.285    14.9869     7.2977     71.005  22.389273     27.847      6.154   324.7276     2.0261     1.1161     0.0176      0.117      5.184      7.518        460 1.2364e-01   999.1095 0.0000e+00
      5.313    14.8882     7.2801     70.701  22.386867     27.923      6.155   324.6140     1.9956     1.1161     0.0176      0.114      5.212      7.560        461 1.2369e-01   999.1263 0.0000e+00
      5.347    14.7831     7.2715     70.448  22.387170     27.991      6.158   324.6518     2.4838     1.4189     0.0175      0.115      5.244      7.606        462 1.2379e-01   999.1411 0.0000e+00
      5.383    14.6782     7.2546     70.106  22.329699     27.990      6.156   324.9926     2.4953     1.3613     0.0175      0.119      5.276      7.651        463 1.2363e-01   999.1561 0.0000e+00
      5.407    14.5880     7.2416     69.836  22.280731     27.994      6.155   324.9926     2.4953     1.2892     0.0175      0.120      5.301      7.688        464 1.2356e-01   999.1718 0.0000e+00
      5.426    14.5157     7.2434     69.751  22.329682     28.139      6.155   325.0683     2.5334     1.3180     0.0175      0.116      5.323      7.720        465 1.2348e-01   999.1874 0.0000e+00
      5.451    14.4427     7.2580     69.808  22.328041     28.203      6.155   325.0683     2.5029     1.3036     0.0175      0.111      5.347      7.756        466 1.2349e-01   999.2009 0.0000e+00
      5.482    14.3591     7.3234     70.349  22.282802     28.183      6.154   325.0683     3.2201     2.1111     0.0174      0.110      5.376      7.797        467 1.2366e-01   999.2115 0.0000e+00
      5.511    14.2715     7.3822     70.807  22.267548     28.236      6.156   325.4090     3.2354     2.0823     0.0174      0.109      5.403      7.836        468 1.2380e-01   999.2221 0.0000e+00
      5.535    14.1925     7.4458     71.371  22.228590     28.225      6.159   325.3333     3.2086     2.0246     0.0174      0.106      5.426      7.869        469 1.2377e-01   999.2342 0.0000e+00
      5.550    14.1201     7.5071     72.022  22.212851     28.288      6.155   325.2576     3.2201     2.0102     0.0174      0.100      5.445      7.896        470 1.2375e-01   999.2468 0.0000e+00
      5.570    14.0344     7.5630     72.659  22.227931     28.345      6.155   325.6361     3.0942     2.0390     0.0174      0.095      5.466      7.927        471 1.2369e-01   999.2581 0.0000e+00
      5.601    13.9255     7.6301     73.332  22.209848     28.397      6.156   325.7118     3.1133     2.0823     0.0174      0.096      5.495      7.970        472 1.2365e-01   999.2684 0.0000e+00
      5.640    13.8111     7.7163     74.015  22.116920     28.316      6.155   326.2797     3.1018     2.0534     0.0173      0.099      5.527      8.016        473 1.2370e-01   999.2806 0.0000e+00
      5.666    13.7178     7.7861     74.558  22.077074     28.360      6.154   326.3933     3.0980     2.0534     0.0173      0.101      5.552      8.052        474 1.2361e-01   999.2958 0.0000e+00
      5.679    13.6507     7.8423     75.011  22.081782     28.444      6.152   326.2418     2.7967     2.2409     0.0173      0.099      5.569      8.077        475 1.2363e-01   999.3116 0.0000e+00
      5.693    13.5967     7.8872     75.382  22.022250     28.441      6.152   325.9768     2.8348     2.2986     0.0172      0.095      5.585      8.100        476 1.2370e-01   999.3243 0.0000e+00
      5.713    13.5392     7.9123     75.639  21.973501     28.418      6.153   326.4311     2.8043     2.2120     0.0172      0.093      5.604      8.128        477 1.2363e-01   999.3335 0.0000e+00
      5.739    13.4718     7.9139     75.717  21.964785     28.457      6.154   326.4311     2.7738     2.2697     0.0172      0.092      5.627      8.161        478 1.2366e-01   999.3409 0.0000e+00
      5.762    13.4448     7.9294     75.721  21.973886     28.499      6.155   326.6961     2.5601     2.6014     0.0172      0.089      5.648      8.191        479 1.2383e-01   999.3486 0.0000e+00
      5.776    13.4813     7.9386     75.695  21.932579     28.514      6.156   326.2797     2.5373     2.5437     0.0171      0.081      5.663      8.214        480 1.2375e-01   999.3576 0.0000e+00
      5.789    13.5464     7.9434     75.626  21.927365     28.499      6.155   326.3554     2.5678     2.5870     0.0171      0.075      5.675      8.231        481 1.2358e-01   999.3613 0.0000e+00
      5.797    13.5575     7.9571     75.649  21.950767     28.542      6.155   326.2040     2.5716     2.4572     0.0172      0.070      5.682      8.241        482 1.2370e-01   999.3565 0.0000e+00
