Data/DataAlreadyUploadedToEDI/CollatedDataForEDI/CTDData/CTD_2019 (not collated)/071019_bvr50_e.cnv
* Sea-Bird SBE19plus  Data File:
* FileName = C:\DATA\071019_bvr_0004.hex
* Software version 2.8.0.119
* Temperature SN = 7809
* Conductivity SN = 7809
* System UpLoad Time = Jul 12 2019 13:02:14
* <ApplicationData>
* <Seaterm232>
# nquan = 18
# nvalues = 779                         
# units = specified
# name 0 = depFM: Depth [fresh water, m]
# name 1 = tv290C: Temperature [ITS-90, deg C]
# name 2 = sbeox0Mg/L: Oxygen, SBE 43 [mg/l]
# name 3 = sbeox0PS: Oxygen, SBE 43 [% saturation]
# name 4 = c0uS/cm: Conductivity [uS/cm]
# name 5 = specc: Specific Conductance [uS/cm]
# name 6 = ph: pH
# name 7 = orp: Oxidation Reduction Potential [mV]
# name 8 = flECO-AFL: Fluorescence, WET Labs ECO-AFL/FL [mg/m^3]
# name 9 = turbWETntu0: Turbidity, WET Labs ECO [NTU]
# name 10 = sal00: Salinity, Practical [PSU]
# name 11 = dz/dtM: Descent Rate [m/s]
# name 12 = prdM: Pressure, Strain Gauge [db]
# name 13 = prdE: Pressure, Strain Gauge [psi]
# name 14 = scan: Scan Count
# name 15 = par/sat/log: PAR/Logarithmic, Satlantic
# name 16 = density00: Density [density, kg/m^3]
# name 17 = flag:  0.000e+00
# span 0 =     -0.671,     10.568       
# span 1 =     8.4172,    27.6221       
# span 2 =    -0.4368,     8.4881       
# span 3 =     -4.034,    107.431       
# span 4 =   0.436036, 162.819065       
# span 5 =      0.456,    243.386       
# span 6 =      5.880,      7.671       
# span 7 =   -85.5315,   333.0183       
# span 8 =    -0.1560,    31.7430       
# span 9 =    -0.5566,    23.3082       
# span 10 =     0.0110,     0.1130      
# span 11 =     -0.211,      0.282      
# span 12 =     -0.658,     10.363      
# span 13 =     -0.954,     15.030      
# span 14 =          1,        779      
# span 15 = 1.2345e-01, 1.2394e-01      
# span 16 =   996.3574,   999.9618      
# span 17 = 0.0000e+00, 0.0000e+00      
# interval = seconds: 0.25
# start_time = Jul 10 2019 23:39:08 [Instrument's time stamp, header]
# bad_flag = -9.990e-29
*END*
[from data line 563]
      6.979    10.5773     0.1718      1.536  32.489708     45.521      6.055   220.1658     3.6817     5.5430     0.0232      0.058      6.845      9.928        564 1.2373e-01   999.6920 0.0000e+00
      6.995    10.5882     0.1695      1.515  32.572230     45.787      6.052   218.0837     3.6550     5.5863     0.0233      0.059      6.860      9.950        565 1.2375e-01   999.6972 0.0000e+00
      7.012    10.5911     0.1710      1.527  32.439302     45.547      6.050   216.3801     3.6550     5.6295     0.0232      0.060      6.875      9.971        566 1.2366e-01   999.6998 0.0000e+00
      7.023    10.5612     0.1693      1.511  32.447736     45.608      6.045   214.8280     3.6473     5.6007     0.0232      0.059      6.888      9.990        567 1.2370e-01   999.6988 0.0000e+00
      7.036    10.5200     0.1675      1.494  32.739517     45.960      6.043   212.7458     3.4757     5.4565     0.0233      0.058      6.902     10.010        568 1.2373e-01   999.6987 0.0000e+00
      7.054    10.4967     0.1678      1.495  32.905834     46.309      6.041   209.8308     3.4681     5.2834     0.0235      0.058      6.919     10.034        569 1.2367e-01   999.7018 0.0000e+00
      7.075    10.4738     0.1651      1.469  33.040788     46.447      6.036   208.2787     3.4833     5.4565     0.0235      0.059      6.937     10.062        570 1.2360e-01   999.7059 0.0000e+00
      7.093    10.4505     0.1736      1.543  33.341987     47.022      6.031   207.2944     3.4833     5.3267     0.0238      0.061      6.955     10.087        571 1.2357e-01   999.7083 0.0000e+00
      7.109    10.4151     0.1722      1.529  33.775522     47.530      6.031   204.7201     3.5329     4.8076     0.0240      0.063      6.970     10.110        572 1.2360e-01   999.7108 0.0000e+00
      7.122    10.3803     0.1646      1.460  34.871840     49.212      6.028   202.1458     3.5329     4.7355     0.0247      0.064      6.984     10.130        573 1.2376e-01   999.7136 0.0000e+00
      7.135    10.3669     0.1660      1.474  35.326153     49.933      6.024   200.0258     3.5443     4.6201     0.0250      0.064      6.998     10.150        574 1.2387e-01   999.7172 0.0000e+00
      7.149    10.3598     0.1595      1.417  35.906797     50.575      6.023   197.8679     3.5329     4.6490     0.0253      0.064      7.014     10.172        575 1.2377e-01   999.7208 0.0000e+00
      7.170    10.3370     0.1578      1.401  36.816407     52.289      6.021   195.6722     3.9602     3.7982     0.0260      0.064      7.035     10.202        576 1.2373e-01   999.7226 0.0000e+00
      7.200    10.2994     0.1498      1.330  38.550694     54.120      6.015   193.2115     3.9602     3.8126     0.0268      0.066      7.061     10.241        577 1.2376e-01   999.7243 0.0000e+00
      7.231    10.2755     0.1465      1.300  39.705746     56.757      6.011   191.3186     3.9602     3.7982     0.0279      0.072      7.091     10.284        578 1.2378e-01   999.7271 0.0000e+00
      7.261    10.2339     0.1399      1.240  39.291323     55.006      6.007   189.6150     3.9525     3.7694     0.0272      0.080      7.118     10.324        579 1.2357e-01   999.7305 0.0000e+00
      7.282    10.1696     0.1456      1.290  41.556359     59.390      6.001   188.1007     3.9983     3.5387     0.0291      0.088      7.140     10.356        580 1.2355e-01   999.7339 0.0000e+00
      7.299    10.1209     0.1430      1.267  42.993298     60.734      5.995   186.9650     4.0174     3.5675     0.0296      0.094      7.158     10.382        581 1.2383e-01   999.7386 0.0000e+00
      7.317    10.0795     0.1409      1.248  43.075973     61.399      5.989   185.0722     4.0021     3.5819     0.0299      0.095      7.174     10.405        582 1.2367e-01   999.7446 0.0000e+00
      7.332    10.0616     0.1380      1.222  43.706543     62.123      5.987   183.0279     4.0174     3.5675     0.0302      0.093      7.186     10.422        583 1.2355e-01   999.7494 0.0000e+00
      7.334    10.0843     0.1368      1.210  43.305491     61.834      5.983   181.6271     4.5057     3.7405     0.0301      0.082      7.190     10.428        584 1.2367e-01   999.7528 0.0000e+00
      7.330    10.0912     0.1283      1.135  42.152125     60.040      5.977   179.8857     4.4904     3.7838     0.0293      0.066      7.191     10.430        585 1.2369e-01   999.7539 0.0000e+00
      7.337    10.0813     0.1290      1.140  42.384881     60.311      5.976   176.7057     4.5133     3.8415     0.0294      0.050      7.198     10.440        586 1.2363e-01   999.7521 0.0000e+00
      7.354    10.0769     0.1256      1.109  43.845912     62.613      5.972   174.0557     4.4980     3.8703     0.0304      0.040      7.212     10.460        587 1.2368e-01   999.7522 0.0000e+00
      7.372    10.0421     0.1271      1.122  44.691843     63.545      5.969   172.2764     4.4828     3.7694     0.0308      0.037      7.229     10.485        588 1.2377e-01   999.7535 0.0000e+00
      7.388    10.0029     0.1327      1.171  45.245523     64.668      5.969   170.5728     4.5896     3.2791     0.0313      0.037      7.244     10.508        589 1.2375e-01   999.7543 0.0000e+00
      7.403    10.0024     0.1302      1.150  44.846807     63.853      5.963   169.7400     4.6010     3.3224     0.0309      0.040      7.257     10.526        590 1.2374e-01   999.7574 0.0000e+00
      7.410     9.9972     0.1299      1.147  44.535787     63.692      5.961   168.5285     4.5972     3.3512     0.0309      0.044      7.265     10.537        591 1.2370e-01   999.7607 0.0000e+00
      7.412     9.9696     0.1300      1.147  44.535613     63.567      5.958   166.8628     4.5896     3.2791     0.0308      0.047      7.268     10.542        592 1.2375e-01   999.7607 0.0000e+00
      7.413     9.9505     0.1317      1.162  44.402314     63.458      5.955   165.5757     4.8337     2.8465     0.0307      0.046      7.270     10.544        593 1.2385e-01   999.7611 0.0000e+00
      7.413     9.9460     0.1263      1.113  44.553442     63.669      5.954   163.7964     4.8452     2.8177     0.0308      0.038      7.272     10.547        594 1.2385e-01   999.7636 0.0000e+00
      7.419     9.9370     0.1262      1.112  44.495788     63.703      5.955   161.6385     4.8032     2.8321     0.0308      0.029      7.282     10.561        595 1.2369e-01   999.7653 0.0000e+00
      7.444     9.8966     0.1269      1.117  44.770554     63.952      5.953   159.8971     4.8757     2.9330     0.0309      0.027      7.302     10.590        596 1.2363e-01   999.7660 0.0000e+00
      7.472     9.8486     0.1276      1.122  45.960784     65.845      5.953   158.8749     4.4332     2.7600     0.0318      0.031      7.326     10.625        597 1.2383e-01   999.7674 0.0000e+00
      7.494     9.8268     0.1261      1.108  46.987594     67.284      5.951   157.5499     4.4484     2.5870     0.0324      0.041      7.349     10.658        598 1.2393e-01   999.7716 0.0000e+00
      7.515     9.8362     0.1280      1.123  47.080387     67.619      5.945   155.8464     4.4675     2.7600     0.0325      0.053      7.369     10.688        599 1.2375e-01   999.7760 0.0000e+00
      7.536     9.8556     0.1306      1.145  46.972058     67.339      5.943   154.9756     4.4484     2.6590     0.0324      0.066      7.389     10.718        600 1.2354e-01   999.7779 0.0000e+00
      7.556     9.8545     0.1274      1.116  47.774768     68.606      5.941   153.9914     4.5476     2.8465     0.0330      0.077      7.407     10.743        601 1.2368e-01   999.7776 0.0000e+00
      7.568     9.8354     0.1293      1.131  48.631538     69.766      5.940   152.8556     4.5553     2.8177     0.0335      0.082      7.419     10.761        602 1.2373e-01   999.7764 0.0000e+00
      7.573     9.8054     0.1249      1.092  48.693180     69.852      5.937   151.8335     4.5858     2.9474     0.0335      0.078      7.426     10.771        603 1.2367e-01   999.7765 0.0000e+00
      7.578     9.7779     0.1254      1.096  48.706268     69.888      5.936   150.0542     4.5705     2.9042     0.0335      0.067      7.433     10.780        604 1.2377e-01   999.7783 0.0000e+00
      7.586     9.7547     0.1258      1.099  49.060075     70.472      5.935   147.5556     4.6544     2.5293     0.0338      0.056      7.443     10.795        605 1.2358e-01   999.7811 0.0000e+00
      7.604     9.7259     0.1238      1.081  49.646652     71.371      5.934   144.6785     4.6621     2.6302     0.0342      0.049      7.460     10.820        606 1.2359e-01   999.7838 0.0000e+00
      7.631     9.6878     0.1218      1.064  50.111457     72.101      5.933   140.9306     4.6735     2.6302     0.0345      0.048      7.485     10.856        607 1.2384e-01   999.7861 0.0000e+00
      7.663     9.6321     0.1191      1.041  50.794797     73.088      5.929   139.1892     4.6773     2.6158     0.0349      0.053      7.514     10.898        608 1.2385e-01   999.7891 0.0000e+00
      7.692     9.5740     0.1167      1.020  51.939903     74.898      5.928   137.7127     4.6544     2.6158     0.0357      0.063      7.542     10.939        609 1.2362e-01   999.7931 0.0000e+00
      7.717     9.5279     0.1208      1.055  52.779218     76.191      5.924   136.2742     4.4637     2.9619     0.0362      0.076      7.568     10.975        610 1.2365e-01   999.7983 0.0000e+00
      7.742     9.4881     0.1239      1.083  53.339057     77.127      5.920   135.0249     4.4408     2.8465     0.0366      0.089      7.591     11.009        611 1.2385e-01   999.8035 0.0000e+00
      7.762     9.4576     0.1193      1.041  53.971976     78.161      5.916   133.7377     4.4256     2.9474     0.0371      0.097      7.611     11.038        612 1.2361e-01   999.8078 0.0000e+00
      7.778     9.4385     0.1258      1.098  54.334827     78.778      5.913   131.5799     4.4484     2.9330     0.0373      0.099      7.626     11.061        613 1.2361e-01   999.8113 0.0000e+00
      7.790     9.4222     0.1285      1.122  54.607907     79.214      5.912   129.1949     4.0632     2.7744     0.0375      0.094      7.638     11.078        614 1.2370e-01   999.8140 0.0000e+00
      7.797     9.4055     0.1189      1.037  54.818652     79.621      5.910   126.9234     4.0632     2.8898     0.0377      0.082      7.645     11.089        615 1.2366e-01   999.8157 0.0000e+00
      7.801     9.4011     0.1195      1.043  54.784479     79.539      5.908   125.1063     4.0822     2.8032     0.0376      0.069      7.651     11.097        616 1.2367e-01   999.8170 0.0000e+00
      7.808     9.4036     0.1182      1.032  54.858087     79.738      5.907   123.0998     4.0975     2.8609     0.0377      0.056      7.657     11.106        617 1.2362e-01   999.8184 0.0000e+00
      7.816     9.4108     0.1135      0.991  55.083015     80.036      5.908   121.8127     3.5405     2.6014     0.0379      0.045      7.665     11.117        618 1.2361e-01   999.8190 0.0000e+00
      7.823     9.4165     0.1147      1.002  55.068164     80.065      5.909   119.5413     3.5443     2.6590     0.0379      0.037      7.673     11.129        619 1.2363e-01   999.8188 0.0000e+00
      7.835     9.4016     0.1070      0.934  55.173200     80.097      5.910   117.8755     3.5367     2.7456     0.0379      0.032      7.683     11.144        620 1.2381e-01   999.8183 0.0000e+00
      7.846     9.3924     0.1060      0.925  55.545568     80.763      5.911   116.2098     3.5329     2.5725     0.0382      0.031      7.693     11.158        621 1.2371e-01   999.8181 0.0000e+00
      7.853     9.3859     0.1151      1.005  55.583659     80.728      5.913   114.6198     3.7198     2.6735     0.0382      0.032      7.701     11.169        622 1.2367e-01   999.8193 0.0000e+00
      7.860     9.3691     0.1086      0.949  55.570758     80.823      5.910   113.3705     3.7008     2.6590     0.0382      0.033      7.708     11.180        623 1.2368e-01   999.8201 0.0000e+00
      7.868     9.3558     0.1110      0.970  55.561631     80.761      5.912   112.1969     3.7198     2.6302     0.0382      0.034      7.716     11.191        624 1.2375e-01   999.8207 0.0000e+00
      7.876     9.3498     0.1116      0.975  55.654354     80.962      5.910   111.2505     3.7236     2.6446     0.0383      0.034      7.724     11.202        625 1.2383e-01   999.8222 0.0000e+00
      7.884     9.3601     0.1084      0.946  55.870677     81.319      5.909   110.0391     3.5100     2.6014     0.0384      0.033      7.732     11.214        626 1.2365e-01   999.8233 0.0000e+00
      7.894     9.3735     0.1118      0.973  55.529747     80.845      5.914   109.2819     3.5253     2.6302     0.0382      0.033      7.740     11.225        627 1.2364e-01   999.8237 0.0000e+00
      7.900     9.3772     0.1181      1.027  55.277709     80.374      5.911   108.1841     3.5253     2.6014     0.0380      0.031      7.745     11.233        628 1.2369e-01   999.8227 0.0000e+00
      7.901     9.3790     0.1200      1.043  55.442726     80.706      5.911   107.4269     3.5405     2.7023     0.0381      0.029      7.747     11.237        629 1.2364e-01   999.8217 0.0000e+00
      7.900     9.3736     0.1162      1.009  55.710008     80.945      5.910   106.3669     3.3803     2.6590     0.0383      0.026      7.748     11.237        630 1.2352e-01   999.8216 0.0000e+00
      7.902     9.3672     0.1217      1.056  55.627349     81.019      5.910   105.1555     3.3765     2.6879     0.0383      0.022      7.751     11.241        631 1.2367e-01   999.8214 0.0000e+00
      7.909     9.3708     0.1177      1.021  55.397275     80.423      5.912   104.2848     3.3422     2.6014     0.0380      0.018      7.758     11.253        632 1.2381e-01   999.8217 0.0000e+00
      7.924     9.4032     0.1147      0.995  54.602141     79.666      5.912   102.7326     3.3383     2.5870     0.0377      0.019      7.773     11.273        633 1.2368e-01   999.8219 0.0000e+00
      7.945     9.4263     0.1131      0.981  53.976883     78.193      5.911   101.6726     3.3498     2.7167     0.0370      0.023      7.793     11.302        634 1.2368e-01   999.8214 0.0000e+00
      7.968     9.3928     0.1052      0.914  55.018566     80.235      5.909   100.8776     3.4795     2.6735     0.0380      0.032      7.814     11.333        635 1.2368e-01   999.8194 0.0000e+00
      7.989     9.3358     0.1052      0.914  55.975435     81.063      5.910    99.8933     3.4871     2.5870     0.0383      0.044      7.836     11.365        636 1.2366e-01   999.8182 0.0000e+00
      8.014     9.2668     0.1061      0.922  57.235669     83.350      5.910    98.4169     3.4795     2.7023     0.0393      0.058      7.861     11.401        637 1.2356e-01   999.8217 0.0000e+00
      8.044     9.2105     0.1020      0.886  59.769207     86.856      5.907    97.5083     3.4719     2.5437     0.0409      0.073      7.893     11.448        638 1.2352e-01   999.8276 0.0000e+00
      8.089     9.1740     0.1084      0.941  62.850777     91.856      5.905    97.2055     3.1095     2.9186     0.0431      0.090      7.937     11.513        639 1.2365e-01   999.8350 0.0000e+00
      8.152     9.1341     0.1085      0.940  65.062002     95.026      5.896    96.4483     3.1247     2.9619     0.0445      0.112      7.991     11.590        640 1.2367e-01   999.8409 0.0000e+00
      8.204     9.0998     0.1123      0.973  65.593498     96.071      5.891    96.1076     3.1056     3.0051     0.0450      0.133      8.036     11.656        641 1.2377e-01   999.8442 0.0000e+00
      8.228     9.0877     0.1117      0.967  65.572572     95.936      5.887    95.4640     3.1056     2.8898     0.0449      0.146      8.061     11.691        642 1.2384e-01   999.8475 0.0000e+00
      8.229     9.0961     0.1127      0.976  65.473894     96.117      5.883    94.4040     2.1214     2.8177     0.0450      0.147      8.068     11.701        643 1.2375e-01   999.8501 0.0000e+00
