Data/DataAlreadyUploadedToEDI/CollatedDataForEDI/CTDData/CTD_2019 (not collated)/071019_bvr50_a.cnv
* Sea-Bird SBE19plus  Data File:
* FileName = C:\DATA\071019_bvr50_a.hex
* Software version 2.8.0.119 SB_Terminal.dll
* Temperature SN = 7809
* Conductivity SN = 7809
* System UpLoad Time = Jul 10 2019 11:49:19
* <ApplicationData>
* <Seaterm232>
# nquan = 16
# nvalues = 739                         
# units = specified
# name 0 = depFM: Depth [fresh water, m]
# name 1 = dz/dtM: Descent Rate [m/s]
# name 2 = sbeox0Mg/L: Oxygen, SBE 43 [mg/l]
# name 3 = sbeox0PS: Oxygen, SBE 43 [% saturation]
# name 4 = specc: Specific Conductance [uS/cm]
# name 5 = c0uS/cm: Conductivity [uS/cm]
# name 6 = flECO-AFL: Fluorescence, WET Labs ECO-AFL/FL [mg/m^3]
# name 7 = ph: pH
# name 8 = orp: Oxidation Reduction Potential [mV]
# name 9 = par/sat/log: PAR/Logarithmic, Satlantic
# name 10 = turbWETntu0: Turbidity, WET Labs ECO [NTU]
# name 11 = prdM: Pressure, Strain Gauge [db]
# name 12 = prdE: Pressure, Strain Gauge [psi]
# name 13 = tv290C: Temperature [ITS-90, deg C]
# name 14 = density00: Density [density, kg/m^3]
# name 15 = flag:  0.000e+00
# span 0 =     -0.650,     10.562       
# span 1 =     -0.033,      0.217       
# span 2 =    -0.6385,     8.1037       
# span 3 =     -5.782,    102.396       
# span 4 =      8.179,    193.479       
# span 5 =   8.784330, 129.576834       
# span 6 =    -0.1249,    12.7531       
# span 7 =      5.737,      9.001       
# span 8 = -1130.0082,   542.7740       
# span 9 = 1.2341e-01, 1.0084e+03       
# span 10 =    -0.5732,    21.5093      
# span 11 =     -0.637,     10.359      
# span 12 =     -0.924,     15.024      
# span 13 =     8.4654,    28.6967      
# span 14 =   996.0433,   999.9467      
# span 15 = 0.0000e+00, 0.0000e+00      
# interval = seconds: 0.25
# start_time = Jul 10 2019 11:33:38 [Instrument's time stamp, header]
# bad_flag = -9.990e-29
*END*
     -0.649 1.0021e-17     7.3055     94.486      8.411   9.034674    -0.1217      8.983  -954.7727 6.8872e+02    -0.5732     -0.636     -0.923    28.6967   996.0433 0.0000e+00
     -0.649 1.0976e-16     7.3062     94.495      8.375   8.995284    -0.1218      9.001 -1018.8845 6.6862e+02    -0.5506     -0.637     -0.923    28.6964   996.0434 0.0000e+00
     -0.649 1.2073e-15     7.3050     94.478      8.338   8.955932    -0.1151      9.000 -1038.9567 6.5707e+02    -0.5065     -0.637     -0.923    28.6960   996.0435 0.0000e+00
     -0.649 1.3280e-14     7.3046     94.472      8.323   8.939171    -0.1187      8.959 -1051.9717 6.5845e+02    -0.4990     -0.637     -0.923    28.6952   996.0437 0.0000e+00
     -0.649 1.4608e-13     7.3058     94.487      8.305   8.919403    -0.1220      8.886 -1071.1075 6.5185e+02    -0.4928     -0.636     -0.923    28.6946   996.0439 0.0000e+00
     -0.649 1.6069e-12     7.3063     94.492      8.234   8.843690    -0.1115      8.800 -1096.6992 6.2058e+02    -0.4648     -0.637     -0.923    28.6941   996.0440 0.0000e+00
     -0.649 1.7676e-11     7.3060     94.486      8.179   8.784330    -0.1043      8.724 -1118.1652 5.7543e+02    -0.4869     -0.636     -0.923    28.6939   996.0441 0.0000e+00
     -0.649 1.9443e-10     7.3062     94.488      8.345   8.962292    -0.1128      8.661 -1130.0082 5.3523e+02    -0.5305     -0.636     -0.922    28.6936   996.0442 0.0000e+00
     -0.650 2.1388e-09     7.3070     94.497      8.763   9.410794    -0.1193      8.609 -1128.7282 4.9378e+02    -0.5340     -0.637     -0.923    28.6934   996.0442 0.0000e+00
     -0.650 2.3527e-08     7.3072     94.499      9.275   9.960331    -0.1138      8.577 -1109.4866 4.3918e+02    -0.5283     -0.637     -0.924    28.6925   996.0445 0.0000e+00
     -0.649 2.5879e-07     7.3072     94.497      9.811  10.535771    -0.1068      8.568 -1095.5945 3.9518e+02    -0.5273     -0.636     -0.923    28.6913   996.0448 0.0000e+00
     -0.649      0.000     7.3082     94.506     10.462  11.233946    -0.1128      8.558 -1109.1779 3.8639e+02    -0.5213     -0.636     -0.923    28.6903   996.0451 0.0000e+00
     -0.649      0.000     7.3098     94.524     11.175  11.999442    -0.1243      8.510 -1128.0574 3.9450e+02    -0.4893     -0.636     -0.923    28.6899   996.0453 0.0000e+00
     -0.649      0.000     7.3111     94.536     11.939  12.818153    -0.1249      8.234 -1108.9391 4.0475e+02    -0.4685     -0.636     -0.923    28.6890   996.0457 0.0000e+00
     -0.649      0.004     7.3153     94.542     16.394  17.582880    -0.1205      7.626  -559.7607 4.2195e+02    -0.4993     -0.636     -0.923    28.6890   996.0459 0.0000e+00
     -0.649      0.017     7.3319     94.554     27.193  29.082094    -0.1154      7.075   329.6087 4.4929e+02    -0.5341     -0.637     -0.924    28.6853   996.0470 0.0000e+00
     -0.649      0.043     7.3633     94.574     37.260  39.697195    -0.1144      6.898   542.7740 4.8634e+02    -0.5288     -0.635     -0.922    28.6854   996.0474 0.0000e+00
     -0.647      0.083     7.3968     94.600     39.507  41.928409    -0.1172      6.952   366.6815 5.5299e+02    -0.4681     -0.637     -0.924    28.6812   996.0484 0.0000e+00
     -0.634      0.129     7.4227     94.620     36.319  38.416319    -0.1053      7.041   333.3165 6.4549e+02     0.0368     -0.633     -0.918    28.6866   996.0472 0.0000e+00
     -0.595      0.172     7.4425     94.642     33.001  34.813656     0.0037      7.091   320.3007 7.0833e+02     5.5098     -0.595     -0.863    28.5872   996.0804 0.0000e+00
     -0.529      0.203     7.4620     94.722     31.248  32.899410     0.1943      7.100   314.1042 7.3892e+02    15.5310     -0.524     -0.761    28.2920   996.1698 0.0000e+00
     -0.449      0.217     7.4855     94.902     30.400  31.962469     0.3001      7.086   309.9324 7.6485e+02    21.0176     -0.438     -0.635    28.0246   996.2467 0.0000e+00
     -0.374      0.211     7.5128     95.167     30.695  32.242409     0.3214      7.057   306.9427 7.8168e+02    21.5093     -0.360     -0.522    27.8561   996.2931 0.0000e+00
     -0.319      0.185     7.5411     95.467     32.267  33.872479     0.3309      7.016   304.0266 7.8569e+02    21.0832     -0.307     -0.444    27.7196   996.3307 0.0000e+00
     -0.282      0.148     7.5682     95.772     33.640  35.298438     0.3801      6.985   299.7116 7.8339e+02    15.9317     -0.273     -0.396    27.6230   996.3578 0.0000e+00
     -0.256      0.111     7.5919     96.046     33.923  35.585104     0.4824      6.971   296.1542 7.8005e+02     6.4804     -0.249     -0.362    27.5560   996.3763 0.0000e+00
     -0.237      0.085     7.6099     96.264     33.723  35.371105     0.5450      6.952   294.4840 7.7620e+02     1.3232     -0.230     -0.333    27.5103   996.3891 0.0000e+00
     -0.226      0.070     7.6247     96.453     33.485  35.122784     0.5562      6.911   293.4560 7.7674e+02     0.8987     -0.220     -0.320    27.4771   996.3991 0.0000e+00
     -0.216      0.062     7.6378     96.630     33.480  35.121367     0.5742      6.864   290.9522 7.8310e+02     0.8899     -0.215     -0.313    27.4553   996.4058 0.0000e+00
     -0.201      0.056     7.6477     96.775     33.755  35.417416     0.6061      6.832   286.5807 7.9020e+02     0.8884     -0.201     -0.291    27.4397   996.4102 0.0000e+00
     -0.179      0.050     7.6542     96.876     33.612  35.275064     0.6211      6.813   283.5337 7.9564e+02     0.8810     -0.174     -0.253    27.4359   996.4113 0.0000e+00
     -0.160      0.042     7.6584     96.938     32.669  34.288749     0.6258      6.796   281.5580 7.9891e+02     0.8663     -0.151     -0.220    27.4370   996.4109 0.0000e+00
     -0.150      0.033     7.6590     96.944     31.331  32.884774     0.6370      6.774   279.0403 8.0060e+02     0.8413     -0.145     -0.210    27.4414   996.4097 0.0000e+00
     -0.148      0.022     7.6559     96.898     30.256  31.753653     0.6437      6.744   276.3233 8.0124e+02     0.8080     -0.145     -0.211    27.4568   996.4057 0.0000e+00
     -0.149      0.011     7.6510     96.828     29.801  31.273563     0.6375      6.704   274.0881 8.0070e+02     0.7915     -0.146     -0.212    27.4701   996.4019 0.0000e+00
     -0.149      0.003     7.6413     96.696     29.739  31.204738     0.6226      6.661   273.4381 8.0075e+02     0.8058     -0.147     -0.213    27.4747   996.4003 0.0000e+00
     -0.147     -0.001     7.6077     96.262     29.774  31.238767     0.6369      6.624   273.2831 8.0142e+02     0.8507     -0.144     -0.210    27.4740   996.4000 0.0000e+00
     -0.146     -0.003     7.5210     95.157     29.899  31.367730     0.6720      6.594   272.9886 7.9938e+02     0.8756     -0.142     -0.206    27.4686   996.4011 0.0000e+00
     -0.148     -0.003     7.3731     93.282     30.143  31.621819     0.6743      6.565   272.8020 7.9555e+02     0.8444     -0.145     -0.209    27.4636   996.4024 0.0000e+00
     -0.152     -0.002     7.1781     90.813     30.409  31.899612     0.6653      6.534   272.2313 7.9297e+02     0.8009     -0.149     -0.218    27.4583   996.4039 0.0000e+00
     -0.153     -0.002     6.9600     88.052     30.624  32.124801     0.6755      6.506   271.2515 7.9158e+02     0.8085     -0.151     -0.220    27.4522   996.4055 0.0000e+00
     -0.153     -0.002     6.7466     85.351     30.744  32.250466     0.6842      6.482   270.3333 7.9349e+02     0.8370     -0.151     -0.219    27.4485   996.4066 0.0000e+00
     -0.151     -0.002     6.5532     82.906     30.708  32.213322     0.6841      6.460   269.5610 7.9857e+02     0.8185     -0.149     -0.216    27.4461   996.4075 0.0000e+00
     -0.150     -0.001     6.3875     80.810     30.619  32.119898     0.6831      6.439   268.6251 8.0122e+02     0.7823     -0.146     -0.211    27.4444   996.4080 0.0000e+00
     -0.151     -0.001     6.2660     79.275     30.634  32.136220     0.6797      6.419   268.1377 8.0203e+02     0.7925     -0.146     -0.212    27.4429   996.4085 0.0000e+00
     -0.154     -0.001     6.2073     78.532     30.775  32.283760     0.6792      6.403   268.2274 8.0487e+02     0.8429     -0.152     -0.220    27.4426   996.4086 0.0000e+00
     -0.156     -0.000     6.2022     78.467     30.868  32.380794     0.6848      6.387   267.9898 8.0686e+02     0.8671     -0.154     -0.224    27.4441   996.4081 0.0000e+00
     -0.155      0.001     6.2179     78.664     30.725  32.230652     0.6866      6.371   267.1577 8.0730e+02     0.8560     -0.151     -0.219    27.4452   996.4078 0.0000e+00
     -0.153      0.003     6.2322     78.844     30.558  32.054853     0.6834      6.354   266.5982 8.0885e+02     0.8396     -0.150     -0.217    27.4454   996.4078 0.0000e+00
     -0.150      0.005     6.2363     78.895     30.657  32.158961     0.6812      6.337   266.5590 8.1102e+02     0.8336     -0.147     -0.214    27.4453   996.4078 0.0000e+00
     -0.148      0.005     6.2198     78.688     30.957  32.474091     0.6858      6.322   266.0815 8.1297e+02     0.8478     -0.145     -0.210    27.4446   996.4081 0.0000e+00
     -0.148      0.004     6.1764     78.145     31.223  32.755611     0.6870      6.311   265.1274 8.1503e+02     0.8480     -0.145     -0.211    27.4436   996.4083 0.0000e+00
     -0.148      0.003     6.1052     77.248     31.296  32.834062     0.6775      6.298   264.5728 8.1673e+02     0.8360     -0.146     -0.212    27.4425   996.4085 0.0000e+00
     -0.146      0.001     6.0104     76.052     31.190  32.724595     0.6755      6.284   264.5386 8.1763e+02     0.8661     -0.144     -0.209    27.4418   996.4088 0.0000e+00
     -0.144      0.000     5.9081     74.761     30.985  32.510868     0.6811      6.271   264.6269 8.1944e+02     0.9179     -0.140     -0.203    27.4434   996.4085 0.0000e+00
     -0.144     -0.001     5.8199     73.649     30.763  32.280591     0.6838      6.258   264.7806 8.2226e+02     0.9050     -0.140     -0.204    27.4473   996.4075 0.0000e+00
     -0.147     -0.003     5.7663     72.974     30.588  32.097924     0.6908      6.245   265.0207 8.2479e+02     0.8406     -0.145     -0.210    27.4508   996.4065 0.0000e+00
     -0.149     -0.004     5.7647     72.954     30.449  31.952163     0.6959      6.234   265.0351 8.2746e+02     0.8280     -0.147     -0.213    27.4532   996.4058 0.0000e+00
     -0.149     -0.004     5.8190     73.640     30.352  31.850808     0.6936      6.224   264.7818 8.2954e+02     0.8831     -0.145     -0.211    27.4566   996.4047 0.0000e+00
     -0.150     -0.003     5.9105     74.799     30.327  31.824307     0.6900      6.215   264.4531 8.3049e+02     0.9166     -0.147     -0.213    27.4603   996.4036 0.0000e+00
     -0.152     -0.001     6.0142     76.112     30.325  31.822114     0.6781      6.207   264.0717 8.3043e+02     0.9056     -0.150     -0.217    27.4622   996.4031 0.0000e+00
     -0.153      0.003     6.1132     77.366     30.266  31.760835     0.6966      6.197   264.1288 8.2757e+02     0.8814     -0.150     -0.218    27.4623   996.4030 0.0000e+00
     -0.153      0.008     6.1971     78.427     30.225  31.717943     0.7585      6.174   264.1970 8.2453e+02     0.8535     -0.150     -0.217    27.4618   996.4031 0.0000e+00
     -0.152      0.013     6.2592     79.215     30.252  31.747710     0.7929      6.134   263.5199 8.2447e+02     0.8631     -0.149     -0.216    27.4617   996.4031 0.0000e+00
     -0.147      0.018     6.2936     79.655     30.183  31.676551     0.7924      6.099   262.7386 8.2360e+02     0.8995     -0.145     -0.212    27.4624   996.4030 0.0000e+00
     -0.139      0.021     6.2984     79.717     29.946  31.428671     0.7865      6.081   262.2362 8.2220e+02     0.8997     -0.137     -0.199    27.4621   996.4031 0.0000e+00
     -0.130      0.021     6.2804     79.489     29.692  31.161921     0.7648      6.073   262.0917 8.2283e+02     0.8666     -0.127     -0.184    27.4622   996.4030 0.0000e+00
     -0.123      0.020     6.2496     79.098     29.528  30.989496     0.7384      6.068   262.1100 8.2390e+02     0.8593     -0.120     -0.173    27.4647   996.4024 0.0000e+00
     -0.119      0.017     6.2105     78.601     29.412  30.866803     0.7283      6.065   261.9418 8.2431e+02     0.8766     -0.117     -0.170    27.4679   996.4016 0.0000e+00
     -0.117      0.012     6.1635     78.005     29.308  30.757164     0.7292      6.063   261.6926 8.2417e+02     0.8793     -0.114     -0.166    27.4698   996.4010 0.0000e+00
     -0.115      0.008     6.1148     77.388     29.235  30.679118     0.7572      6.062   261.5916 8.2387e+02     0.8597     -0.112     -0.162    27.4689   996.4011 0.0000e+00
     -0.113      0.006     6.0768     76.905     29.180  30.621136     0.8068      6.060   261.8395 8.2430e+02     0.8352     -0.111     -0.160    27.4672   996.4015 0.0000e+00
     -0.113      0.004     6.0591     76.680     29.126  30.563732     0.8348      6.057   262.1943 8.2531e+02     0.8454     -0.111     -0.161    27.4665   996.4017 0.0000e+00
     -0.112      0.003     6.0646     76.748     29.059  30.492668     0.8447      6.054   262.3544 8.2559e+02     0.8850     -0.111     -0.160    27.4651   996.4021 0.0000e+00
     -0.111      0.003     6.0909     77.078     28.968  30.396437     0.8478      6.052   262.4845 8.2487e+02     0.8886     -0.108     -0.157    27.4638   996.4024 0.0000e+00
     -0.110      0.003     6.1320     77.595     28.927  30.351985     0.8472      6.051   262.6488 8.2347e+02     0.8561     -0.107     -0.156    27.4632   996.4025 0.0000e+00
     -0.110      0.002     6.1795     78.196     28.972  30.399363     0.8458      6.049   262.6200 8.2228e+02     0.8516     -0.108     -0.157    27.4624   996.4027 0.0000e+00
     -0.109      0.001     6.2247     78.766     28.971  30.398218     0.8398      6.047   262.6526 8.2218e+02     0.8680     -0.107     -0.156    27.4606   996.4033 0.0000e+00
     -0.109      0.001     6.2590     79.200     28.915  30.338137     0.8429      6.042   262.8704 8.2230e+02     0.8897     -0.106     -0.154    27.4586   996.4038 0.0000e+00
     -0.109      0.001     6.2784     79.446     28.946  30.370907     0.8486      6.031   262.9300 8.2256e+02     0.8857     -0.106     -0.154    27.4572   996.4041 0.0000e+00
     -0.109      0.001     6.2810     79.481     29.046  30.477174     0.8397      6.014   262.6857 8.2289e+02     0.8520     -0.108     -0.156    27.4563   996.4044 0.0000e+00
     -0.108      0.000     6.2651     79.283     29.109  30.544324     0.8387      5.999   262.2397 8.2182e+02     0.8746     -0.107     -0.155    27.4555   996.4046 0.0000e+00
     -0.107 -1.832e-08     6.2365     78.920     29.113  30.548290     0.8370      5.990   261.7524 8.2010e+02     0.8970     -0.105     -0.152    27.4547   996.4048 0.0000e+00
     -0.107 -2.015e-07     6.2041     78.510     29.091  30.525126     0.8017      5.987   261.1827 8.1938e+02     0.8615     -0.104     -0.151    27.4553   996.4047 0.0000e+00
     -0.109      0.000     6.1707     78.089     29.083  30.518064     0.7673      5.987   260.7721 8.2031e+02     0.8385     -0.107     -0.155    27.4577   996.4041 0.0000e+00
     -0.110      0.000     6.1324     77.608     29.150  30.589805     0.7684      5.988   260.8313 8.2172e+02     0.8474     -0.109     -0.157    27.4594   996.4036 0.0000e+00
     -0.109     -0.001     6.0862     77.027     29.248  30.694555     0.7808      5.991   261.0386 8.2153e+02     0.8717     -0.107     -0.154    27.4593   996.4036 0.0000e+00
     -0.109     -0.001     6.0330     76.360     29.257  30.705887     0.7783      5.994   261.0421 8.1758e+02     0.8702     -0.106     -0.153    27.4589   996.4037 0.0000e+00
     -0.109      0.000     5.9768     75.656     29.214  30.663380     0.7732      5.995   261.0452 8.1192e+02     0.8621     -0.107     -0.155    27.4599   996.4034 0.0000e+00
     -0.109 -8.829e-07     5.9213     74.956     29.175  30.624785     0.7711      5.995   261.3334 8.1211e+02     0.8712     -0.107     -0.155    27.4622   996.4028 0.0000e+00
