Data/DataAlreadyUploadedToEDI/CollatedDataForEDI/CTDData/CTD_2019 (not collated)/071019_bvr50_e.cnv
* Sea-Bird SBE19plus  Data File:
* FileName = C:\DATA\071019_bvr_0004.hex
* Software version 2.8.0.119
* Temperature SN = 7809
* Conductivity SN = 7809
* System UpLoad Time = Jul 12 2019 13:02:14
* <ApplicationData>
* <Seaterm232>
# nquan = 18
# nvalues = 779                         
# units = specified
# name 0 = depFM: Depth [fresh water, m]
# name 1 = tv290C: Temperature [ITS-90, deg C]
# name 2 = sbeox0Mg/L: Oxygen, SBE 43 [mg/l]
# name 3 = sbeox0PS: Oxygen, SBE 43 [% saturation]
# name 4 = c0uS/cm: Conductivity [uS/cm]
# name 5 = specc: Specific Conductance [uS/cm]
# name 6 = ph: pH
# name 7 = orp: Oxidation Reduction Potential [mV]
# name 8 = flECO-AFL: Fluorescence, WET Labs ECO-AFL/FL [mg/m^3]
# name 9 = turbWETntu0: Turbidity, WET Labs ECO [NTU]
# name 10 = sal00: Salinity, Practical [PSU]
# name 11 = dz/dtM: Descent Rate [m/s]
# name 12 = prdM: Pressure, Strain Gauge [db]
# name 13 = prdE: Pressure, Strain Gauge [psi]
# name 14 = scan: Scan Count
# name 15 = par/sat/log: PAR/Logarithmic, Satlantic
# name 16 = density00: Density [density, kg/m^3]
# name 17 = flag:  0.000e+00
# span 0 =     -0.671,     10.568       
# span 1 =     8.4172,    27.6221       
# span 2 =    -0.4368,     8.4881       
# span 3 =     -4.034,    107.431       
# span 4 =   0.436036, 162.819065       
# span 5 =      0.456,    243.386       
# span 6 =      5.880,      7.671       
# span 7 =   -85.5315,   333.0183       
# span 8 =    -0.1560,    31.7430       
# span 9 =    -0.5566,    23.3082       
# span 10 =     0.0110,     0.1130      
# span 11 =     -0.211,      0.282      
# span 12 =     -0.658,     10.363      
# span 13 =     -0.954,     15.030      
# span 14 =          1,        779      
# span 15 = 1.2345e-01, 1.2394e-01      
# span 16 =   996.3574,   999.9618      
# span 17 = 0.0000e+00, 0.0000e+00      
# interval = seconds: 0.25
# start_time = Jul 10 2019 23:39:08 [Instrument's time stamp, header]
# bad_flag = -9.990e-29
*END*
[from data line 644]
      8.227     9.1574     0.1108      0.959  64.346940     94.444      5.881    91.2997     2.1367     2.9042     0.0442      0.115      8.068     11.701        645 1.2383e-01   999.8496 0.0000e+00
      8.229     9.1667     0.1148      0.993  64.065829     93.757      5.881    90.5426     2.1481     2.8753     0.0439      0.087      8.070     11.704        646 1.2365e-01   999.8474 0.0000e+00
      8.231     9.1667     0.1121      0.968  64.463548     94.434      5.882    89.2555     1.9689     2.6879     0.0442      0.055      8.074     11.710        647 1.2366e-01   999.8451 0.0000e+00
      8.239     9.1707     0.1148      0.991  64.564207     94.455      5.884    87.8547     1.9193     2.7023     0.0442      0.028      8.085     11.727        648 1.2371e-01   999.8444 0.0000e+00
      8.265     9.1408     0.1106      0.954  64.563763     94.453      5.883    86.3404     1.9536     2.7023     0.0442      0.019      8.109     11.760        649 1.2357e-01   999.8445 0.0000e+00
      8.300     9.0908     0.1110      0.958  65.057651     95.219      5.882    85.6212     1.9460     2.6014     0.0446      0.028      8.140     11.805        650 1.2363e-01   999.8447 0.0000e+00
      8.333     9.0673     0.1121      0.967  65.463149     95.832      5.884    84.7883     1.9917     2.5725     0.0449      0.047      8.170     11.849        651 1.2373e-01   999.8474 0.0000e+00
      8.359     9.0451     0.1121      0.966  65.305631     95.859      5.880    84.3719     2.0032     2.6590     0.0448      0.067      8.198     11.889        652 1.2370e-01   999.8512 0.0000e+00
      8.385     9.0136     0.1086      0.937  65.609854     96.122      5.884    83.3497     2.0184     2.6158     0.0450      0.084      8.224     11.928        653 1.2361e-01   999.8534 0.0000e+00
      8.415     9.0001     0.1047      0.903  66.865352     98.365      5.884    82.7819     2.0261     2.6302     0.0460      0.099      8.253     11.970        654 1.2376e-01   999.8558 0.0000e+00
      8.448     8.9917     0.1082      0.933  66.859572     98.209      5.883    82.2519     1.9536     2.6590     0.0459      0.111      8.284     12.015        655 1.2370e-01   999.8584 0.0000e+00
      8.480     8.9647     0.1061      0.915  66.329366     97.550      5.883    81.1540     1.9536     2.6302     0.0456      0.117      8.314     12.058        656 1.2366e-01   999.8592 0.0000e+00
      8.506     8.9338     0.1048      0.903  66.189588     97.364      5.885    80.5104     1.9383     2.6446     0.0455      0.117      8.339     12.094        657 1.2360e-01   999.8599 0.0000e+00
      8.525     8.9120     0.1049      0.904  66.024417     97.157      5.880    80.1319     1.9536     2.6158     0.0454      0.113      8.359     12.123        658 1.2345e-01   999.8620 0.0000e+00
      8.540     8.8940     0.1010      0.870  65.941348     97.204      5.883    79.5261     1.9421     2.7311     0.0454      0.107      8.377     12.149        659 1.2379e-01   999.8643 0.0000e+00
      8.561     8.8781     0.0988      0.851  65.877480     97.060      5.883    78.9961     1.2593     3.1349     0.0453      0.102      8.399     12.181        660 1.2379e-01   999.8660 0.0000e+00
      8.592     8.8633     0.0970      0.835  65.985204     97.400      5.882    78.8068     1.2746     3.0484     0.0454      0.098      8.426     12.220        661 1.2364e-01   999.8676 0.0000e+00
      8.621     8.8518     0.0956      0.823  65.985381     97.322      5.882    78.0118     1.2784     3.1349     0.0454      0.095      8.452     12.259        662 1.2368e-01   999.8688 0.0000e+00
      8.643     8.8454     0.0934      0.804  66.055352     97.571      5.886    77.5576     1.2708     3.1349     0.0455      0.092      8.473     12.290        663 1.2361e-01   999.8701 0.0000e+00
      8.658     8.8445     0.0995      0.857  66.165255     97.687      5.883    77.3304     1.2784     3.1061     0.0456      0.089      8.491     12.316        664 1.2363e-01   999.8711 0.0000e+00
      8.678     8.8465     0.1036      0.892  66.175093     97.788      5.885    76.0811     1.2822     3.1493     0.0456      0.088      8.511     12.344        665 1.2376e-01   999.8716 0.0000e+00
      8.700     8.8426     0.1038      0.893  66.221194     97.791      5.887    75.3240     1.2822     3.1782     0.0456      0.089      8.532     12.375        666 1.2366e-01   999.8718 0.0000e+00
      8.724     8.8301     0.1018      0.877  66.375004     98.074      5.887    74.2640     1.2708     3.0340     0.0457      0.089      8.555     12.408        667 1.2365e-01   999.8719 0.0000e+00
      8.746     8.8177     0.1036      0.892  66.577278     98.332      5.888    73.3554     1.3203     3.1061     0.0458      0.087      8.576     12.439        668 1.2389e-01   999.8723 0.0000e+00
      8.766     8.8088     0.1093      0.941  66.741155     98.659      5.889    72.9390     1.3356     3.0916     0.0460      0.083      8.593     12.464        669 1.2371e-01   999.8735 0.0000e+00
      8.777     8.8024     0.1052      0.905  66.824040     98.778      5.890    72.2197     1.3432     3.1061     0.0460      0.079      8.606     12.483        670 1.2365e-01   999.8745 0.0000e+00
      8.785     8.7984     0.1045      0.900  66.859989     98.887      5.892    72.0683     1.3470     3.1061     0.0461      0.075      8.615     12.495        671 1.2375e-01   999.8752 0.0000e+00
      8.792     8.7954     0.1068      0.919  66.874510     98.905      5.893    71.3868     1.0953     3.1061     0.0461      0.069      8.623     12.506        672 1.2365e-01   999.8757 0.0000e+00
      8.803     8.7932     0.1009      0.868  66.865335     98.917      5.894    70.3268     1.1105     3.0340     0.0461      0.061      8.633     12.520        673 1.2364e-01   999.8760 0.0000e+00
      8.813     8.7903     0.1003      0.863  66.871411     98.926      5.898    69.4940     1.0762     3.0340     0.0461      0.052      8.643     12.534        674 1.2363e-01   999.8763 0.0000e+00
      8.822     8.7880     0.1042      0.897  66.926313     99.015      5.895    68.8504     1.0953     3.1782     0.0461      0.045      8.652     12.548        675 1.2370e-01   999.8765 0.0000e+00
      8.831     8.7874     0.1046      0.900  66.915735     99.023      5.898    68.3204     1.1601     2.9186     0.0461      0.039      8.662     12.564        676 1.2375e-01   999.8768 0.0000e+00
      8.846     8.7860     0.1006      0.866  66.884576     98.948      5.898    67.6390     1.1563     2.8465     0.0461      0.038      8.676     12.584        677 1.2366e-01   999.8770 0.0000e+00
      8.864     8.7847     0.0956      0.823  66.965094     99.114      5.901    66.8061     1.1449     2.7744     0.0462      0.041      8.691     12.607        678 1.2380e-01   999.8772 0.0000e+00
      8.878     8.7826     0.0985      0.849  66.993620     99.119      5.900    66.0490     1.1334     2.8177     0.0462      0.045      8.705     12.627        679 1.2378e-01   999.8774 0.0000e+00
      8.889     8.7791     0.0986      0.850  67.027161     99.206      5.901    65.5947     1.1601     3.1349     0.0462      0.048      8.716     12.643        680 1.2371e-01   999.8775 0.0000e+00
      8.899     8.7750     0.1007      0.868  67.101439     99.294      5.905    65.0647     1.1449     3.0340     0.0462      0.050      8.725     12.655        681 1.2384e-01   999.8777 0.0000e+00
      8.904     8.7746     0.0998      0.860  67.138633     99.388      5.903    64.4590     1.1525     3.1782     0.0463      0.048      8.729     12.661        682 1.2372e-01   999.8781 0.0000e+00
      8.902     8.7812     0.0946      0.815  67.069922     99.275      5.903    63.5504     1.1334     3.0916     0.0462      0.044      8.729     12.661        683 1.2373e-01   999.8783 0.0000e+00
      8.899     8.7847     0.0939      0.810  67.038547     99.236      5.906    62.9447     1.1601     3.0195     0.0462      0.035      8.728     12.660        684 1.2365e-01   999.8783 0.0000e+00
      8.900     8.7867     0.0922      0.796  66.969910     99.132      5.906    62.3389     1.0228     2.6302     0.0462      0.025      8.729     12.660        685 1.2366e-01   999.8778 0.0000e+00
      8.904     8.7932     0.0890      0.769  66.947569     99.040      5.908    61.2032     1.0304     2.7600     0.0461      0.016      8.730     12.662        686 1.2377e-01   999.8775 0.0000e+00
      8.904     8.8014     0.0905      0.782  67.006986     99.201      5.907    60.5218     1.0342     2.6879     0.0462      0.009      8.730     12.662        687 1.2363e-01   999.8775 0.0000e+00
      8.898     8.8115     0.0936      0.809  66.836603     98.849      5.912    59.5754     1.0686     2.6879     0.0461      0.003      8.727     12.658        688 1.2373e-01   999.8768 0.0000e+00
      8.898     8.8182     0.0917      0.793  66.803433     98.826      5.912    58.4396     1.0037     2.6735     0.0460     -0.001      8.727     12.658        689 1.2376e-01   999.8762 0.0000e+00
      8.903     8.8260     0.0954      0.825  66.929533     98.961      5.911    57.6068     1.0381     2.5581     0.0461     -0.001      8.729     12.660        690 1.2376e-01   999.8756 0.0000e+00
      8.901     8.8428     0.0912      0.789  66.857748     98.859      5.913    56.6225     1.0266     2.6302     0.0461     -0.000      8.729     12.660        691 1.2383e-01   999.8751 0.0000e+00
      8.898     8.8426     0.0928      0.802  66.744358     98.631      5.914    55.4868     1.0190     2.6735     0.0460     -0.001      8.728     12.659        692 1.2360e-01   999.8744 0.0000e+00
      8.901     8.8384     0.0965      0.834  66.803511     98.704      5.913    54.8054     1.6141     2.9042     0.0460     -0.001      8.728     12.659        693 1.2365e-01   999.8732 0.0000e+00
      8.901     8.8737     0.0965      0.833  66.813804     98.702      5.914    54.7675     1.5836     3.0051     0.0460     -0.001      8.728     12.659        694 1.2388e-01   999.8733 0.0000e+00
      8.898     8.9126     0.1005      0.867  66.612824     98.434      5.917    54.4646     1.5645     2.9330     0.0459     -0.001      8.727     12.657        695 1.2362e-01   999.8735 0.0000e+00
      8.897     8.9279     0.0958      0.826  66.578733     98.241      5.917    53.9725     1.5607     2.9474     0.0458     -0.000      8.726     12.656        696 1.2362e-01   999.8708 0.0000e+00
      8.899     8.9296     0.1011      0.871  66.648442     98.294      5.921    53.4803     1.6522     2.7744     0.0459     -0.001      8.727     12.658        697 1.2388e-01   999.8679 0.0000e+00
      8.901     8.9382     0.0985      0.849  66.674446     98.210      5.922    53.0639     1.6484     2.6735     0.0458     -0.001      8.728     12.659        698 1.2375e-01   999.8668 0.0000e+00
      8.901     8.9631     0.1008      0.868  66.576035     98.161      5.921    52.7232     1.6522     2.7456     0.0458      0.000      8.728     12.659        699 1.2374e-01   999.8666 0.0000e+00
      8.899     8.9725     0.0997      0.858  66.296024     97.608      5.923    52.8368     1.6408     2.6879     0.0456      0.000      8.728     12.659        700 1.2377e-01   999.8659 0.0000e+00
      8.900     8.9704     0.0986      0.848  66.280903     97.609      5.926    52.2311     1.9460     3.0628     0.0456     -0.000      8.729     12.660        701 1.2367e-01   999.8640 0.0000e+00
      8.903     8.9642     0.0997      0.857  66.416755     97.713      5.926    51.9282     1.9689     3.1061     0.0456      0.001      8.731     12.664        702 1.2378e-01   999.8634 0.0000e+00
      8.906     8.9378     0.0957      0.822  66.483109     97.879      5.929    51.3603     1.9383     3.0340     0.0457      0.003      8.738     12.674        703 1.2372e-01   999.8636 0.0000e+00
      8.923     8.8884     0.0970      0.833  66.762250     98.228      5.928    51.0575     1.9650     3.1349     0.0459      0.008      8.755     12.699        704 1.2369e-01   999.8643 0.0000e+00
      8.956     8.8548     0.0990      0.850  67.078514     98.879      5.929    50.9818     2.0451     3.1205     0.0461      0.020      8.782     12.738        705 1.2385e-01   999.8666 0.0000e+00
      8.987     8.8461     0.1014      0.870  66.950288     98.737      5.928    50.4518     2.0680     3.1493     0.0460      0.037      8.810     12.777        706 1.2382e-01   999.8703 0.0000e+00
      9.006     8.8327     0.0987      0.847  66.921862     98.839      5.926    50.3003     2.0833     3.0340     0.0461      0.053      8.834     12.812        707 1.2367e-01   999.8729 0.0000e+00
      9.032     8.8200     0.0968      0.830  67.024877     99.022      5.928    49.6946     2.0680     3.1061     0.0462      0.070      8.861     12.851        708 1.2359e-01   999.8737 0.0000e+00
      9.071     8.7999     0.0968      0.831  67.089230     99.110      5.929    49.1646     2.0757     3.1061     0.0462      0.087      8.895     12.901        709 1.2374e-01   999.8749 0.0000e+00
      9.109     8.7706     0.1029      0.882  67.376048     99.637      5.926    48.8618     1.6332     3.1782     0.0464      0.104      8.928     12.950        710 1.2367e-01   999.8762 0.0000e+00
      9.132     8.7465     0.1005      0.862  67.528709     99.865      5.928    48.9753     1.6675     3.1349     0.0465      0.114      8.954     12.987        711 1.2358e-01   999.8778 0.0000e+00
      9.152     8.7283     0.0978      0.838  67.611621    100.116      5.927    48.3696     1.6408     3.0772     0.0466      0.115      8.975     13.018        712 1.2381e-01   999.8801 0.0000e+00
      9.173     8.7130     0.0963      0.826  68.014938    100.728      5.926    48.3696     1.6751     3.1782     0.0469      0.111      8.996     13.048        713 1.2394e-01   999.8821 0.0000e+00
      9.197     8.6983     0.0946      0.810  68.689027    101.859      5.929    47.8775     1.6675     3.0772     0.0474      0.107      9.020     13.082        714 1.2386e-01   999.8839 0.0000e+00
      9.223     8.6839     0.0982      0.841  69.088013    102.445      5.925    47.9153     1.6484     3.1349     0.0476      0.105      9.045     13.118        715 1.2367e-01   999.8853 0.0000e+00
      9.250     8.6698     0.0974      0.834  69.477535    103.070      5.928    47.3475     1.6332     3.0628     0.0479      0.101      9.070     13.156        716 1.2366e-01   999.8867 0.0000e+00
      9.276     8.6585     0.0917      0.785  69.807239    103.655      5.928    47.3853     1.6408     3.1349     0.0482      0.096      9.095     13.192        717 1.2380e-01   999.8881 0.0000e+00
      9.298     8.6527     0.0926      0.792  70.696299    104.861      5.929    47.1582     1.3547     3.1205     0.0487      0.094      9.120     13.229        718 1.2371e-01   999.8896 0.0000e+00
      9.327     8.6471     0.0956      0.818  72.319432    107.557      5.930    46.4768     1.3509     3.1926     0.0499      0.097      9.149     13.270        719 1.2363e-01   999.8914 0.0000e+00
      9.364     8.6337     0.0932      0.797  72.923211    108.282      5.927    46.2875     1.3242     3.1637     0.0503      0.103      9.181     13.315        720 1.2361e-01   999.8924 0.0000e+00
      9.393     8.6172     0.0944      0.808  72.854351    108.298      5.926    45.7575     1.3318     3.1926     0.0503      0.107      9.209     13.357        721 1.2359e-01   999.8929 0.0000e+00
      9.416     8.6026     0.0958      0.820  72.850472    108.260      5.927    45.2275     1.2936     3.1205     0.0502      0.109      9.234     13.392        722 1.2369e-01   999.8940 0.0000e+00
      9.438     8.5907     0.0942      0.806  72.690533    108.146      5.926    44.8868     1.2898     3.1637     0.0502      0.109      9.257     13.426        723 1.2377e-01   999.8951 0.0000e+00
