Data/DataAlreadyUploadedToEDI/CollatedDataForEDI/CTDData/CTD_2019 (not collated)/071119_bvr50_b.cnv
* Sea-Bird SBE19plus  Data File:
* FileName = C:\DATA\071019_bvr_0006.hex
* Software version 2.8.0.119
* Temperature SN = 7809
* Conductivity SN = 7809
* System UpLoad Time = Jul 12 2019 13:03:17
* <ApplicationData>
* <Seaterm232>
# nquan = 18
# nvalues = 1163                        
# units = specified
# name 0 = depFM: Depth [fresh water, m]
# name 1 = tv290C: Temperature [ITS-90, deg C]
# name 2 = sbeox0Mg/L: Oxygen, SBE 43 [mg/l]
# name 3 = sbeox0PS: Oxygen, SBE 43 [% saturation]
# name 4 = c0uS/cm: Conductivity [uS/cm]
# name 5 = specc: Specific Conductance [uS/cm]
# name 6 = ph: pH
# name 7 = orp: Oxidation Reduction Potential [mV]
# name 8 = flECO-AFL: Fluorescence, WET Labs ECO-AFL/FL [mg/m^3]
# name 9 = turbWETntu0: Turbidity, WET Labs ECO [NTU]
# name 10 = sal00: Salinity, Practical [PSU]
# name 11 = dz/dtM: Descent Rate [m/s]
# name 12 = prdM: Pressure, Strain Gauge [db]
# name 13 = prdE: Pressure, Strain Gauge [psi]
# name 14 = scan: Scan Count
# name 15 = par/sat/log: PAR/Logarithmic, Satlantic
# name 16 = density00: Density [density, kg/m^3]
# name 17 = flag:  0.000e+00
# span 0 =     -0.692,     10.552       
# span 1 =     8.3795,    27.3572       
# span 2 =    -0.0638,     8.3811       
# span 3 =     -0.589,    103.247       
# span 4 =   0.068829, 137.103092       
# span 5 =      0.522,    205.805       
# span 6 =      5.961,      7.613       
# span 7 =     4.6445,   455.2594       
# span 8 =    -0.1522,    32.9370       
# span 9 =    -0.3691,    30.4892       
# span 10 =     0.0107,     0.0952      
# span 11 =     -0.005,      0.116      
# span 12 =     -0.678,     10.348      
# span 13 =     -0.983,     15.008      
# span 14 =          1,       1163      
# span 15 = 1.2153e-01, 1.0173e+01      
# span 16 =   996.4385,   999.9513      
# span 17 = 0.0000e+00, 0.0000e+00      
# interval = seconds: 0.25
# start_time = Jul 11 2019 06:14:34 [Instrument's time stamp, header]
# bad_flag = -9.990e-29
*END*
[from data line 965]
      8.561     8.9776     0.0919      0.793  68.959864    101.348      5.981    62.7554     1.3890     3.2214     0.0473      0.046      8.393     12.174        966 1.2376e-01   999.8605 0.0000e+00
      8.575     8.9603     0.0913      0.788  68.869366    101.294      5.981    62.4147     1.4043     3.1637     0.0473      0.049      8.406     12.191        967 1.2375e-01   999.8611 0.0000e+00
      8.578     8.9621     0.0931      0.804  68.866007    101.318      5.979    62.1118     1.3966     3.1926     0.0473      0.047      8.411     12.198        968 1.2368e-01   999.8628 0.0000e+00
      8.576     8.9767     0.0909      0.784  68.875010    101.411      5.979    61.2789     1.3966     3.0628     0.0473      0.039      8.411     12.200        969 1.2374e-01   999.8641 0.0000e+00
      8.579     8.9751     0.0863      0.745  68.887858    101.407      5.980    60.3325     1.3318     3.1493     0.0473      0.032      8.416     12.207        970 1.2359e-01   999.8640 0.0000e+00
      8.592     8.9588     0.0907      0.782  68.760967    101.194      5.981    59.8782     1.3165     3.1926     0.0472      0.030      8.428     12.224        971 1.2359e-01   999.8629 0.0000e+00
      8.613     8.9432     0.0907      0.782  68.498615    100.790      5.982    59.5375     1.3127     3.0484     0.0470      0.033      8.444     12.247        972 1.2381e-01   999.8629 0.0000e+00
      8.627     8.9310     0.0942      0.813  68.353537    100.632      5.982    59.1589     1.3203     3.1349     0.0469      0.035      8.458     12.267        973 1.2369e-01   999.8641 0.0000e+00
      8.634     8.9215     0.0882      0.761  68.407228    100.761      5.981    59.0075     1.4767     3.2503     0.0470      0.035      8.468     12.282        974 1.2375e-01   999.8653 0.0000e+00
      8.645     8.9138     0.0949      0.819  68.372446    100.756      5.984    58.3261     1.4653     3.1637     0.0470      0.038      8.478     12.297        975 1.2373e-01   999.8663 0.0000e+00
      8.657     8.9077     0.0875      0.755  68.248423    100.578      5.984    58.3261     1.4653     3.0340     0.0469      0.044      8.488     12.312        976 1.2367e-01   999.8670 0.0000e+00
      8.665     8.9029     0.0849      0.732  68.235071    100.601      5.984    57.5311     1.4615     3.1061     0.0469      0.047      8.498     12.325        977 1.2363e-01   999.8675 0.0000e+00
      8.674     8.8982     0.0915      0.789  68.240656    100.619      5.986    57.5689     1.6332     3.3224     0.0469      0.046      8.508     12.339        978 1.2371e-01   999.8681 0.0000e+00
      8.685     8.8940     0.0837      0.722  68.211795    100.592      5.986    57.1146     1.6332     3.3656     0.0469      0.043      8.518     12.354        979 1.2384e-01   999.8685 0.0000e+00
      8.698     8.8897     0.0811      0.699  68.181943    100.565      5.990    57.1525     1.6637     3.3656     0.0469      0.040      8.530     12.372        980 1.2380e-01   999.8689 0.0000e+00
      8.712     8.8846     0.0865      0.745  68.129398    100.495      5.988    56.7361     1.6522     3.3512     0.0468      0.041      8.543     12.391        981 1.2386e-01   999.8694 0.0000e+00
      8.723     8.8799     0.0898      0.774  68.099095    100.466      5.991    56.5089     1.3318     3.0772     0.0468      0.043      8.555     12.408        982 1.2379e-01   999.8696 0.0000e+00
      8.735     8.8762     0.0833      0.718  68.041564    100.399      5.989    56.3575     1.3203     3.1926     0.0468      0.044      8.567     12.426        983 1.2377e-01   999.8700 0.0000e+00
      8.750     8.8740     0.0883      0.761  67.993223    100.330      5.991    55.8275     1.3509     3.0772     0.0468      0.046      8.581     12.446        984 1.2374e-01   999.8704 0.0000e+00
      8.765     8.8706     0.0958      0.826  68.040529    100.424      5.992    55.5625     1.3509     3.0772     0.0468      0.049      8.595     12.467        985 1.2375e-01   999.8708 0.0000e+00
      8.779     8.8646     0.0916      0.789  68.042061    100.430      5.991    55.1461     1.3165     3.0340     0.0468      0.051      8.609     12.487        986 1.2385e-01   999.8710 0.0000e+00
      8.793     8.8570     0.0935      0.805  67.991320    100.358      5.993    54.6918     1.4195     2.7888     0.0468      0.053      8.622     12.505        987 1.2371e-01   999.8713 0.0000e+00
      8.804     8.8504     0.0893      0.769  67.984950    100.375      5.995    53.9725     1.3852     2.8898     0.0468      0.053      8.634     12.522        988 1.2366e-01   999.8718 0.0000e+00
      8.816     8.8452     0.0827      0.712  67.990629    100.398      5.997    53.7075     1.3852     2.8898     0.0468      0.052      8.646     12.541        989 1.2369e-01   999.8724 0.0000e+00
      8.833     8.8389     0.0859      0.740  67.984257    100.418      5.997    53.3289     1.3852     2.7888     0.0468      0.054      8.661     12.563        990 1.2370e-01   999.8730 0.0000e+00
      8.849     8.8322     0.0846      0.729  67.933522    100.351      5.998    52.8368     1.4691     3.1349     0.0468      0.054      8.676     12.583        991 1.2376e-01   999.8734 0.0000e+00
      8.858     8.8270     0.0861      0.741  67.935046    100.369      5.997    52.4203     1.4615     3.2070     0.0468      0.053      8.686     12.598        992 1.2378e-01   999.8739 0.0000e+00
      8.865     8.8226     0.0821      0.707  67.982366    100.472      5.999    52.2689     1.4615     3.1061     0.0468      0.051      8.695     12.611        993 1.2371e-01   999.8745 0.0000e+00
      8.876     8.8190     0.0831      0.716  67.934004    100.404      5.998    51.7768     1.4691     3.1926     0.0468      0.049      8.705     12.626        994 1.2368e-01   999.8749 0.0000e+00
      8.889     8.8158     0.0859      0.739  67.876508    100.335      6.001    51.1711     1.4119     3.0051     0.0467      0.047      8.719     12.644        995 1.2371e-01   999.8752 0.0000e+00
      8.905     8.8106     0.0886      0.763  67.875828    100.346      6.002    50.7168     1.4615     3.1349     0.0467      0.047      8.735     12.667        996 1.2371e-01   999.8755 0.0000e+00
      8.926     8.8037     0.0889      0.765  67.786443    100.231      6.000    49.8461     1.4500     3.1349     0.0467      0.049      8.751     12.692        997 1.2354e-01   999.8758 0.0000e+00
      8.939     8.7984     0.0840      0.723  67.720612    100.122      6.004    48.8618     1.4653     3.1205     0.0466      0.051      8.764     12.711        998 1.2358e-01   999.8762 0.0000e+00
      8.945     8.7966     0.0868      0.747  67.749985    100.225      6.003    48.5210     1.3852     3.7550     0.0467      0.051      8.773     12.724        999 1.2383e-01   999.8768 0.0000e+00
      8.954     8.7980     0.0861      0.741  67.749895    100.200      6.002    48.2939     1.3852     3.7117     0.0467      0.051      8.783     12.739       1000 1.2365e-01   999.8772 0.0000e+00
      8.971     8.8003     0.0835      0.718  67.750410    100.247      6.003    47.6125     1.3814     3.7838     0.0467      0.053      8.797     12.759       1001 1.2355e-01   999.8774 0.0000e+00
      8.985     8.8002     0.0829      0.713  67.630619    100.035      6.005    47.8775     1.3966     3.8415     0.0466      0.052      8.810     12.779       1002 1.2366e-01   999.8773 0.0000e+00
      8.996     8.7975     0.0867      0.745  67.572473     99.946      6.005    47.6125     1.4043     3.1349     0.0466      0.051      8.822     12.796       1003 1.2369e-01   999.8772 0.0000e+00
      9.008     8.7921     0.0823      0.708  67.614998    100.029      6.007    47.2339     1.3966     3.1926     0.0466      0.048      8.834     12.813       1004 1.2366e-01   999.8773 0.0000e+00
      9.023     8.7834     0.0847      0.728  67.577697     99.954      6.006    46.9310     1.4081     3.1637     0.0466      0.048      8.847     12.832       1005 1.2366e-01   999.8775 0.0000e+00
      9.034     8.7753     0.0896      0.770  67.618895    100.053      6.008    46.3632     1.3966     3.0340     0.0466      0.049      8.857     12.848       1006 1.2372e-01   999.8780 0.0000e+00
      9.040     8.7701     0.0885      0.760  67.623098    100.079      6.007    46.1360     1.2784     3.0484     0.0466      0.049      8.866     12.860       1007 1.2376e-01   999.8786 0.0000e+00
      9.050     8.7653     0.0824      0.708  67.631840    100.103      6.009    45.6060     1.2669     3.1349     0.0466      0.047      8.876     12.874       1008 1.2383e-01   999.8793 0.0000e+00
      9.065     8.7598     0.0841      0.723  67.756433    100.325      6.010    45.3032     1.2898     3.0628     0.0467      0.045      8.890     12.893       1009 1.2370e-01   999.8798 0.0000e+00
      9.080     8.7546     0.0861      0.740  67.824232    100.422      6.013    45.0003     1.2822     3.0628     0.0468      0.045      8.903     12.912       1010 1.2355e-01   999.8802 0.0000e+00
      9.090     8.7503     0.0902      0.775  67.784926    100.397      6.012    44.8110     1.2593     3.0772     0.0467      0.045      8.913     12.927       1011 1.2361e-01   999.8807 0.0000e+00
      9.096     8.7460     0.0819      0.704  67.716307    100.289      6.010    45.1139     1.2593     3.1061     0.0467      0.044      8.920     12.938       1012 1.2375e-01   999.8810 0.0000e+00
      9.103     8.7414     0.0842      0.724  67.612811    100.177      6.013    44.7732     1.2631     3.1205     0.0466      0.042      8.929     12.951       1013 1.2377e-01   999.8813 0.0000e+00
      9.118     8.7364     0.0835      0.718  67.468502     99.941      6.016    44.3189     1.2898     3.1782     0.0465      0.042      8.942     12.969       1014 1.2384e-01   999.8816 0.0000e+00
      9.134     8.7308     0.0811      0.697  67.569402    100.120      6.016    43.8646     1.2669     3.1349     0.0466      0.044      8.957     12.990       1015 1.2368e-01   999.8821 0.0000e+00
      9.148     8.7259     0.0840      0.722  67.813748    100.508      6.017    43.7889     1.2479     3.3800     0.0468      0.045      8.970     13.009       1016 1.2371e-01   999.8826 0.0000e+00
      9.157     8.7223     0.0851      0.732  67.936153    100.691      6.017    43.1832     1.2479     3.3079     0.0469      0.045      8.980     13.024       1017 1.2382e-01   999.8832 0.0000e+00
      9.165     8.7195     0.0807      0.694  68.040400    100.871      6.021    43.2967     1.2822     3.3079     0.0469      0.044      8.990     13.038       1018 1.2372e-01   999.8836 0.0000e+00
      9.179     8.7167     0.0847      0.728  68.129254    101.006      6.021    42.8425     1.2593     3.2214     0.0470      0.046      9.002     13.055       1019 1.2388e-01   999.8840 0.0000e+00
      9.192     8.7133     0.0832      0.715  68.181770    101.098      6.018    42.4639     1.2746     3.3512     0.0470      0.048      9.015     13.075       1020 1.2374e-01   999.8843 0.0000e+00
      9.206     8.7107     0.0821      0.706  68.242192    101.189      6.021    42.2746     1.2593     3.3656     0.0471      0.048      9.032     13.099       1021 1.2358e-01   999.8846 0.0000e+00
      9.232     8.7098     0.0841      0.722  68.321207    101.324      6.020    41.7067     1.2669     3.3224     0.0471      0.051      9.052     13.130       1022 1.2364e-01   999.8851 0.0000e+00
      9.255     8.7099     0.0815      0.700  68.291220    101.290      6.022    41.6310     1.2784     3.2647     0.0471      0.056      9.072     13.158       1023 1.2381e-01   999.8853 0.0000e+00
      9.266     8.7102     0.0864      0.742  68.190465    101.127      6.020    41.2903     1.5035     3.2503     0.0470      0.060      9.085     13.177       1024 1.2379e-01   999.8853 0.0000e+00
      9.273     8.7106     0.0804      0.691  68.209133    101.168      6.020    40.8360     1.5035     3.2358     0.0471      0.063      9.095     13.192       1025 1.2369e-01   999.8853 0.0000e+00
      9.288     8.7114     0.0819      0.703  68.178939    101.126      6.022    40.4953     1.4996     3.3656     0.0470      0.063      9.108     13.211       1026 1.2366e-01   999.8854 0.0000e+00
      9.305     8.7129     0.0800      0.687  68.198358    101.124      6.022    40.0789     1.5263     3.3800     0.0470      0.063      9.123     13.232       1027 1.2350e-01   999.8854 0.0000e+00
      9.317     8.7142     0.0902      0.774  68.333382    101.372      6.023    39.9653     1.1258     3.1493     0.0472      0.061      9.136     13.250       1028 1.2363e-01   999.8855 0.0000e+00
      9.328     8.7163     0.0884      0.759  68.456147    101.491      6.022    39.2082     1.1754     3.1205     0.0472      0.057      9.146     13.265       1029 1.2375e-01   999.8855 0.0000e+00
      9.334     8.7161     0.0855      0.734  68.490821    101.612      6.024    39.5110     1.1639     3.1637     0.0473      0.050      9.152     13.274       1030 1.2364e-01   999.8855 0.0000e+00
      9.335     8.7104     0.0804      0.690  68.498011    101.522      6.024    39.0567     1.1411     3.1349     0.0472      0.043      9.156     13.280       1031 1.2359e-01   999.8853 0.0000e+00
      9.343     8.7055     0.0838      0.720  68.625299    101.812      6.024    38.9053     1.1334     2.8898     0.0474      0.040      9.166     13.293       1032 1.2369e-01   999.8854 0.0000e+00
      9.362     8.7000     0.0859      0.737  68.688614    101.831      6.027    38.5646     1.1678     2.8753     0.0474      0.039      9.180     13.315       1033 1.2374e-01   999.8860 0.0000e+00
      9.378     8.6909     0.0822      0.706  68.805103    102.094      6.026    38.4510     1.1334     2.9042     0.0475      0.039      9.195     13.337       1034 1.2362e-01   999.8865 0.0000e+00
      9.389     8.6840     0.0903      0.776  68.955272    102.277      6.028    38.6403     1.1601     2.8465     0.0476      0.039      9.207     13.353       1035 1.2353e-01   999.8870 0.0000e+00
      9.396     8.6807     0.0831      0.714  69.006359    102.430      6.029    38.0724     1.1411     2.7456     0.0476      0.040      9.216     13.367       1036 1.2353e-01   999.8877 0.0000e+00
      9.407     8.6760     0.0882      0.757  69.038370    102.450      6.031    37.9589     1.1334     3.0628     0.0476      0.042      9.228     13.385       1037 1.2354e-01   999.8883 0.0000e+00
      9.430     8.6702     0.0816      0.700  69.241965    102.792      6.028    37.5046     1.1678     3.1637     0.0478      0.048      9.248     13.414       1038 1.2369e-01   999.8887 0.0000e+00
      9.456     8.6709     0.0826      0.708  69.465414    103.139      6.029    37.2017     1.1639     3.0916     0.0479      0.056      9.269     13.445       1039 1.2368e-01   999.8893 0.0000e+00
      9.471     8.6747     0.0802      0.688  69.502404    103.198      6.030    37.2774     1.1601     3.1349     0.0480      0.060      9.284     13.467       1040 1.2372e-01   999.8898 0.0000e+00
      9.475     8.6741     0.0838      0.719  69.492780    103.197      6.030    37.3153     1.0762     3.1205     0.0480      0.059      9.292     13.477       1041 1.2376e-01   999.8897 0.0000e+00
      9.480     8.6742     0.0819      0.703  69.418023    103.059      6.030    36.8989     1.0724     3.2070     0.0479      0.056      9.298     13.485       1042 1.2367e-01   999.8895 0.0000e+00
      9.488     8.6842     0.0769      0.659  69.536068    103.229      6.033    36.1039     1.0609     3.0484     0.0480      0.054      9.306     13.497       1043 1.2371e-01   999.8896 0.0000e+00
      9.501     8.6958     0.0816      0.700  69.583352    103.352      6.028    35.9524     1.0953     3.1637     0.0480      0.051      9.319     13.516       1044 1.2364e-01   999.8897 0.0000e+00
      9.519     8.6910     0.0858      0.736  69.715393    103.406      6.031    35.5360     1.0190     3.2503     0.0481      0.048      9.334     13.537       1045 1.2365e-01   999.8892 0.0000e+00
