Data/DataAlreadyUploadedToEDI/CollatedDataForEDI/CTDData/CTD_2019 (not collated)/071119_bvr50_b.cnv
* Sea-Bird SBE19plus  Data File:
* FileName = C:\DATA\071019_bvr_0006.hex
* Software version 2.8.0.119
* Temperature SN = 7809
* Conductivity SN = 7809
* System UpLoad Time = Jul 12 2019 13:03:17
* <ApplicationData>
* <Seaterm232>
# nquan = 18
# nvalues = 1163                        
# units = specified
# name 0 = depFM: Depth [fresh water, m]
# name 1 = tv290C: Temperature [ITS-90, deg C]
# name 2 = sbeox0Mg/L: Oxygen, SBE 43 [mg/l]
# name 3 = sbeox0PS: Oxygen, SBE 43 [% saturation]
# name 4 = c0uS/cm: Conductivity [uS/cm]
# name 5 = specc: Specific Conductance [uS/cm]
# name 6 = ph: pH
# name 7 = orp: Oxidation Reduction Potential [mV]
# name 8 = flECO-AFL: Fluorescence, WET Labs ECO-AFL/FL [mg/m^3]
# name 9 = turbWETntu0: Turbidity, WET Labs ECO [NTU]
# name 10 = sal00: Salinity, Practical [PSU]
# name 11 = dz/dtM: Descent Rate [m/s]
# name 12 = prdM: Pressure, Strain Gauge [db]
# name 13 = prdE: Pressure, Strain Gauge [psi]
# name 14 = scan: Scan Count
# name 15 = par/sat/log: PAR/Logarithmic, Satlantic
# name 16 = density00: Density [density, kg/m^3]
# name 17 = flag:  0.000e+00
# span 0 =     -0.692,     10.552       
# span 1 =     8.3795,    27.3572       
# span 2 =    -0.0638,     8.3811       
# span 3 =     -0.589,    103.247       
# span 4 =   0.068829, 137.103092       
# span 5 =      0.522,    205.805       
# span 6 =      5.961,      7.613       
# span 7 =     4.6445,   455.2594       
# span 8 =    -0.1522,    32.9370       
# span 9 =    -0.3691,    30.4892       
# span 10 =     0.0107,     0.0952      
# span 11 =     -0.005,      0.116      
# span 12 =     -0.678,     10.348      
# span 13 =     -0.983,     15.008      
# span 14 =          1,       1163      
# span 15 = 1.2153e-01, 1.0173e+01      
# span 16 =   996.4385,   999.9513      
# span 17 = 0.0000e+00, 0.0000e+00      
# interval = seconds: 0.25
# start_time = Jul 11 2019 06:14:34 [Instrument's time stamp, header]
# bad_flag = -9.990e-29
*END*
     -0.691    22.0245     8.3724     95.807   0.491682      0.522      6.503   341.6119    -0.0492    -0.2249     0.0108      0.000     -0.677     -0.982          1 8.7152e+00   997.7714 0.0000e+00
     -0.691    22.0245     8.3704     95.784   0.489668      0.522      6.500   336.8419    -0.0682    -0.3403     0.0108     -0.000     -0.678     -0.983          2 8.5544e+00   997.7714 0.0000e+00
     -0.691    22.0246     8.3737     95.821   0.492954      0.522      6.484   342.0662    -0.0606    -0.1961     0.0108     -0.000     -0.678     -0.983          3 8.5612e+00   997.7714 0.0000e+00
     -0.690    22.0248     8.3742     95.827   0.487593      0.522      6.465   370.4213    -0.1102    -0.2537     0.0108     -0.000     -0.678     -0.983          4 8.5290e+00   997.7714 0.0000e+00
     -0.691    22.0247     8.3717     95.799   0.496340      0.522      6.474   387.9870    -0.1483    -0.3114     0.0108     -0.000     -0.678     -0.983          5 8.3091e+00   997.7714 0.0000e+00
     -0.691    22.0247     8.3706     95.786   0.541234      0.581      6.486   396.3156    -0.1331    -0.3547     0.0108     -0.000     -0.677     -0.982          6 8.1873e+00   997.7713 0.0000e+00
     -0.691    22.0247     8.3706     95.786   0.609216      0.640      6.495   399.1549    -0.1331    -0.2105     0.0108 -2.647e-13     -0.677     -0.982          7 8.1117e+00   997.7714 0.0000e+00
     -0.691    22.0245     8.3742     95.827   0.648392      0.700      6.488   405.1364    -0.1522    -0.2826     0.0107     -0.000     -0.677     -0.982          8 7.9705e+00   997.7713 0.0000e+00
     -0.690    22.0244     8.3767     95.855   0.610807      0.640      6.487   414.1464    -0.0835    -0.3403     0.0108      0.000     -0.677     -0.982          9 8.0793e+00   997.7714 0.0000e+00
     -0.691    22.0245     8.3811     95.906   0.626408      0.670      6.488   419.0300    -0.0759    -0.2249     0.0107      0.000     -0.677     -0.982         10 8.2670e+00   997.7714 0.0000e+00
     -0.691    22.0246     8.3759     95.846   0.599396      0.640      6.490   421.5286    -0.0453    -0.1961     0.0108 4.3559e-12     -0.678     -0.983         11 8.3686e+00   997.7714 0.0000e+00
     -0.691    22.0245     8.3726     95.809   0.555677      0.581      6.493   422.6264    -0.0606    -0.2970     0.0108     -0.000     -0.678     -0.983         12 8.7153e+00   997.7714 0.0000e+00
     -0.691    22.0245     8.3744     95.829   0.592068      0.640      6.495   421.3771    -0.0606    -0.1240     0.0108     -0.000     -0.678     -0.983         13 8.8110e+00   997.7714 0.0000e+00
     -0.690    22.0244     8.3739     95.824   0.613272      0.640      6.490   423.9893    -0.0797    -0.2682     0.0108     -0.000     -0.678     -0.983         14 8.2519e+00   997.7714 0.0000e+00
     -0.691    22.0245     8.3725     95.808   0.588453      0.640      6.491   425.9957    -0.0530    -0.2537     0.0108     -0.000     -0.678     -0.983         15 7.5560e+00   997.7714 0.0000e+00
     -0.691    22.0244     8.3725     95.808   0.563790      0.581      6.497   424.8221    -0.0377    -0.2105     0.0108     -0.000     -0.678     -0.983         16 7.1161e+00   997.7714 0.0000e+00
     -0.691    22.0244     8.3773     95.862   0.584801      0.640      6.496   423.0807    -0.0568    -0.2393     0.0108     -0.000     -0.678     -0.983         17 6.8898e+00   997.7714 0.0000e+00
     -0.692    22.0243     8.3714     95.795   0.562306      0.581      6.492   423.8000    -0.0644    -0.2105     0.0108     -0.000     -0.678     -0.983         18 6.9085e+00   997.7714 0.0000e+00
     -0.691    22.0244     8.3755     95.842   0.591785      0.640      6.481   431.2957    -0.0644    -0.2682     0.0108     -0.000     -0.678     -0.983         19 7.0620e+00   997.7714 0.0000e+00
     -0.691    22.0245     8.3739     95.823   0.548116      0.581      6.477   443.7886    -0.0606    -0.3114     0.0108     -0.000     -0.678     -0.983         20 7.0508e+00   997.7714 0.0000e+00
     -0.691    22.0243     8.3806     95.900   0.498325      0.522      6.486   450.1486    -0.0492    -0.2393     0.0108     -0.000     -0.678     -0.983         21 6.9931e+00   997.7714 0.0000e+00
     -0.691    22.0243     8.3707     95.787   0.594585      0.640      6.494   451.1708    -0.0568    -0.3403     0.0108     -0.000     -0.678     -0.983         22 7.1458e+00   997.7714 0.0000e+00
     -0.691    22.0244     8.3745     95.831   0.605813      0.640      6.487   450.9436    -0.0606    -0.2682     0.0108      0.000     -0.678     -0.983         23 7.0673e+00   997.7715 0.0000e+00
     -0.691    22.0246     8.3789     95.882   0.602679      0.640      6.486   455.2594    -0.0720    -0.3547     0.0108      0.000     -0.678     -0.983         24 6.6950e+00   997.7714 0.0000e+00
     -0.692    22.0247     8.3717     95.799   0.598484      0.640      6.498   445.8708    -0.1178    -0.3691     0.0108      0.000     -0.678     -0.983         25 6.4722e+00   997.7714 0.0000e+00
     -0.691    22.0245     8.3686     95.764   0.611033      0.640      6.498   455.1836    -0.1331    -0.1672     0.0108      0.000     -0.678     -0.983         26 6.1581e+00   997.7714 0.0000e+00
     -0.691    22.0245     8.3696     95.775   0.646225      0.700      6.494   446.1358    -0.1178    -0.2970     0.0107     -0.000     -0.678     -0.983         27 5.9726e+00   997.7713 0.0000e+00
     -0.691    22.0245     8.3759     95.847   0.673015      0.700      6.486   444.8486    -0.1216    -0.3114     0.0107     -0.000     -0.678     -0.983         28 5.6972e+00   997.7714 0.0000e+00
     -0.691    22.0247     8.3760     95.849   0.725604      0.789      6.486   447.0822    -0.1216    -0.3114     0.0107     -0.000     -0.678     -0.983         29 5.2707e+00   997.7714 0.0000e+00
     -0.691    22.0245     8.3724     95.807   0.669526      0.700      6.489   446.9308    -0.1026    -0.2249     0.0107      0.000     -0.678     -0.983         30 5.0740e+00   997.7714 0.0000e+00
     -0.691    22.0246     8.3671     95.789   0.654057      0.700      6.492   444.4322    -0.1254    -0.2105     0.0107      0.000     -0.678     -0.983         31 4.8587e+00   997.7713 0.0000e+00
     -0.691    22.0245     8.2604     95.778   0.744856      0.789      6.489   442.1608    -0.1254    -0.2537     0.0107      0.000     -0.678     -0.983         32 4.5695e+00   997.7714 0.0000e+00
     -0.691    22.0252     8.0877     95.769   0.793187      0.848      6.488   441.5550    -0.1140    -0.2682     0.0107      0.000     -0.678     -0.983         33 4.2750e+00   997.7714 0.0000e+00
     -0.691    22.0244     7.9683     95.750   0.860150      0.907      6.489   440.1165    -0.1407     0.0347     0.0107      0.000     -0.678     -0.983         34 4.2076e+00   997.7713 0.0000e+00
     -0.691    22.0255     7.8802     95.691   0.839014      0.907      6.490   437.6179    -0.1407    -0.0807     0.0107      0.000     -0.678     -0.983         35 4.4591e+00   997.7712 0.0000e+00
     -0.691    22.0236     7.8290     95.745   0.878655      0.907      6.489   434.8164    -0.1102    -0.1095     0.0107      0.000     -0.678     -0.983         36 4.7623e+00   997.7714 0.0000e+00
     -0.691    22.0269     7.7817     95.696   0.810819      0.907      6.488   433.0372    -0.1026     0.0058     0.0107      0.000     -0.678     -0.983         37 4.8570e+00   997.7711 0.0000e+00
     -0.690    22.0217     7.7468     95.699   0.864271      0.848      6.491   432.0907    -0.1254     0.0058     0.0107      0.000     -0.678     -0.983         38 4.9738e+00   997.7716 0.0000e+00
     -0.691    22.0304     7.7218     95.714   0.693807      0.848      6.494   428.6079    -0.1522    -0.0519     0.0107      0.000     -0.678     -0.983         39 5.1523e+00   997.7708 0.0000e+00
     -0.691    22.0163     7.6970     95.724   0.963794      0.848      6.498   423.8757    -0.1178     0.0202     0.0107      0.000     -0.678     -0.983         40 5.5456e+00   997.7720 0.0000e+00
     -0.691    22.0632     7.6793     95.762   0.528276      0.848      6.503   416.1907    -0.1483    -0.0374     0.0107      0.000     -0.677     -0.981         41 5.8864e+00   997.7701 0.0000e+00
     -0.689    22.7245     7.6703     95.857   1.294964      0.907      6.500   409.3007    -0.1331     0.0347     0.0107      0.001     -0.668     -0.968         42 6.2190e+00   997.7733 0.0000e+00
     -0.661    23.8078     7.6690     96.002   0.068829      0.848      6.471   347.8583    -0.1445    -0.0951     0.0108      0.008     -0.646     -0.936         43 6.7391e+00   997.7628 0.0000e+00
     -0.626    24.6171     7.6765     96.212   2.231673      1.069      6.488   323.6676    -0.1178    -0.0519     0.0110      0.023     -0.616     -0.895         44 7.0247e+00   997.6103 0.0000e+00
     -0.601    25.1712     7.6823     96.419  10.113782     11.753      6.567   331.4661    -0.0873    -0.0086     0.0144      0.040     -0.590     -0.855         45 7.7157e+00   997.3530 0.0000e+00
     -0.577    25.5682     7.7134     96.725  16.033695     14.743      6.721   333.3212    -0.1331    -0.0519     0.0157      0.058     -0.565     -0.818         46 8.4369e+00   997.1536 0.0000e+00
     -0.549    25.8681     7.7468     96.979  24.968376     26.141      6.973   300.7261    -0.1331    -0.3403     0.0202      0.075     -0.536     -0.777         47 8.7719e+00   997.0148 0.0000e+00
     -0.514    26.1179     7.7724     97.205  27.479185     26.411      7.242   299.3253    -0.1483    -0.1528     0.0204      0.093     -0.504     -0.731         48 9.0923e+00   996.9126 0.0000e+00
     -0.480    26.3065     7.7907     97.397  26.411822     26.417      7.418   302.2782    -0.1102    -0.2249     0.0205      0.107     -0.473     -0.686         49 9.2953e+00   996.8335 0.0000e+00
     -0.453    26.4889     7.8034     97.544  27.333278     26.453      7.524   302.6568    -0.1178    -0.1961     0.0205      0.115     -0.444     -0.644         50 9.4764e+00   996.7676 0.0000e+00
     -0.425    26.6392     7.8088     97.638  27.013627     26.492      7.540   305.9125     0.1568    30.4315     0.0206      0.116     -0.419     -0.609         51 9.5301e+00   996.7171 0.0000e+00
     -0.407    26.7611     7.8156     97.760  27.401957     26.506      7.515   313.7111     0.1721    30.4027     0.0207      0.113     -0.399     -0.579         52 9.5882e+00   996.6681 0.0000e+00
     -0.390    26.8505     7.8182     97.816  27.235011     26.429      7.538   323.8568     0.1683    30.4892     0.0207      0.109     -0.380     -0.551         53 9.6576e+00   996.6274 0.0000e+00
     -0.366    26.9251     7.8235     97.907  27.339815     26.368      7.582   322.1533     0.2103    30.4604     0.0207      0.104     -0.357     -0.519         54 9.6386e+00   996.5943 0.0000e+00
     -0.339    26.9921     7.8251     97.970  27.034520     26.105      7.581   316.6261     0.7367     1.3757     0.0206      0.099     -0.332     -0.482         55 9.6933e+00   996.5699 0.0000e+00
     -0.312    26.9514     7.8217     97.990  26.815159     25.775      7.613   315.7175     0.6871     1.2315     0.0205      0.094     -0.306     -0.444         56 9.7112e+00   996.5496 0.0000e+00
     -0.285    26.8553     7.8203     98.008  26.872269     25.871      7.609   305.7989     0.6871     1.3036     0.0205      0.093     -0.284     -0.411         57 9.6607e+00   996.5312 0.0000e+00
     -0.272    26.8021     7.8215     98.031  26.844949     25.814      7.541   305.1932     0.7214     1.3036     0.0205      0.091     -0.269     -0.391         58 9.7097e+00   996.5425 0.0000e+00
     -0.267    26.7794     7.8214     98.059  26.760306     25.808      7.497   300.7261     0.7672     1.1594     0.0205      0.085     -0.261     -0.380         59 9.7833e+00   996.5689 0.0000e+00
     -0.260    26.7747     7.9719     99.981  26.829531     25.889      7.494   302.2782     0.7748     1.1161     0.0205      0.078     -0.255     -0.370         60 9.7690e+00   996.5835 0.0000e+00
     -0.254    26.7885     8.1041    101.668  26.818061     25.899      7.501   303.2246     0.7672     1.1161     0.0205      0.068     -0.248     -0.360         61 9.7430e+00   996.5897 0.0000e+00
     -0.245    26.8092     8.0400    100.891  26.715350     25.794      7.518   301.9375     0.7863     1.1306     0.0205      0.056     -0.237     -0.345         62 9.7821e+00   996.5910 0.0000e+00
     -0.227    26.8235     7.8637     98.702  26.661156     25.733      7.547   303.6789     0.7024     0.8422     0.0204      0.047     -0.222     -0.322         63 9.8119e+00   996.5874 0.0000e+00
     -0.207    26.8372     7.6142     95.592  26.678160     25.750      7.558   303.7925     0.7329     0.8710     0.0204      0.043     -0.205     -0.296         64 9.7910e+00   996.5818 0.0000e+00
     -0.191    26.8617     7.3176     91.890  26.605321     25.662      7.542   305.3446     0.7024     0.8710     0.0204      0.044     -0.190     -0.275         65 9.7970e+00   996.5779 0.0000e+00
     -0.183    26.8966     7.0538     88.597  26.603698     25.655      7.497   308.6004     0.7024     0.8566     0.0204      0.047     -0.182     -0.264         66 9.7841e+00   996.5742 0.0000e+00
     -0.184    26.9165     6.7749     85.094  26.769035     25.805      7.475   306.7832     0.6909     0.8998     0.0205      0.048     -0.180     -0.261         67 9.7935e+00   996.5675 0.0000e+00
     -0.183    26.9224     6.5546     82.335  27.021575     26.029      7.473   312.2347     0.7672     0.8422     0.0206      0.044     -0.179     -0.259         68 9.8233e+00   996.5580 0.0000e+00
     -0.179    26.9381     6.4126     80.565  27.178012     26.180      7.472   310.4932     0.7596     0.8710     0.0206      0.039     -0.176     -0.256         69 9.7963e+00   996.5527 0.0000e+00
     -0.177    26.9583     6.3349     79.593  27.255614     26.232      7.461   310.1904     0.7672     0.9719     0.0207      0.031     -0.175     -0.254         70 9.7824e+00   996.5510 0.0000e+00
     -0.180    26.9741     6.2872     78.987  27.369307     26.358      7.442   309.6982     0.7710     0.9431     0.0207      0.020     -0.175     -0.254         71 9.8137e+00   996.5467 0.0000e+00
     -0.178    26.9884     6.2517     78.555  27.362346     26.321      7.428   308.6382     0.7634     0.8710     0.0207      0.011     -0.174     -0.254         72 9.8470e+00   996.5412 0.0000e+00
     -0.177    27.0019     6.2439     78.471  27.353132     26.313      7.418   308.9789     0.7825     0.8277     0.0207      0.006     -0.174     -0.253         73 9.8688e+00   996.5368 0.0000e+00
     -0.178    27.0140     6.2350     78.363  27.351146     26.305      7.419   306.5939     0.7710     0.8133     0.0207      0.003     -0.175     -0.253         74 9.8810e+00   996.5329 0.0000e+00
     -0.179    27.0283     6.2127     78.078  27.305569     26.245      7.414   304.5496     0.7748     0.9719     0.0207      0.003     -0.175     -0.253         75 9.8454e+00   996.5291 0.0000e+00
     -0.177    27.0394     6.1831     77.699  27.350606     26.292      7.404   304.3604     0.7176     0.8710     0.0207      0.002     -0.172     -0.249         76 9.8614e+00   996.5259 0.0000e+00
     -0.169    27.0409     6.1423     77.174  27.443199     26.366      7.387   303.4896     0.7329     0.9287     0.0207      0.003     -0.165     -0.239         77 9.9563e+00   996.5220 0.0000e+00
     -0.157    27.0448     6.0872     76.472  27.486543     26.413      7.377   306.8589     0.6871     0.7989     0.0208      0.007     -0.156     -0.227         78 9.9647e+00   996.5190 0.0000e+00
     -0.152    27.0548     6.0366     75.834  27.504009     26.413      7.353   308.5247     0.6985     0.8422     0.0208      0.012     -0.150     -0.218         79 9.9890e+00   996.5186 0.0000e+00
     -0.151    27.0571     6.0122     75.528  27.480702     26.411      7.324   308.1082     0.7214     0.8998     0.0208      0.015     -0.148     -0.215         80 1.0036e+01   996.5175 0.0000e+00
