Data/DataAlreadyUploadedToEDI/CollatedDataForEDI/CTDData/CTD_2019 (not collated)/071119_bvr50_a.cnv
* Sea-Bird SBE19plus  Data File:
* FileName = C:\DATA\071019_bvr_0005.hex
* Software version 2.8.0.119
* Temperature SN = 7809
* Conductivity SN = 7809
* System UpLoad Time = Jul 12 2019 13:02:43
* <ApplicationData>
* <Seaterm232>
# nquan = 18
# nvalues = 892                         
# units = specified
# name 0 = depFM: Depth [fresh water, m]
# name 1 = tv290C: Temperature [ITS-90, deg C]
# name 2 = sbeox0Mg/L: Oxygen, SBE 43 [mg/l]
# name 3 = sbeox0PS: Oxygen, SBE 43 [% saturation]
# name 4 = c0uS/cm: Conductivity [uS/cm]
# name 5 = specc: Specific Conductance [uS/cm]
# name 6 = ph: pH
# name 7 = orp: Oxidation Reduction Potential [mV]
# name 8 = flECO-AFL: Fluorescence, WET Labs ECO-AFL/FL [mg/m^3]
# name 9 = turbWETntu0: Turbidity, WET Labs ECO [NTU]
# name 10 = sal00: Salinity, Practical [PSU]
# name 11 = dz/dtM: Descent Rate [m/s]
# name 12 = prdM: Pressure, Strain Gauge [db]
# name 13 = prdE: Pressure, Strain Gauge [psi]
# name 14 = scan: Scan Count
# name 15 = par/sat/log: PAR/Logarithmic, Satlantic
# name 16 = density00: Density [density, kg/m^3]
# name 17 = flag:  0.000e+00
# span 0 =     -0.691,     10.567       
# span 1 =     8.4280,    27.4095       
# span 2 =    -0.7902,     8.2418       
# span 3 =     -7.274,    104.126       
# span 4 =  -0.174677, 152.092570       
# span 5 =     -0.040,    228.353       
# span 6 =      5.847,      7.337       
# span 7 =    44.3189,   550.5461       
# span 8 =    -0.1407,    21.3593       
# span 9 =    -0.5566,    23.8705       
# span 10 =     0.0000,     0.1058      
# span 11 =     -0.012,      0.145      
# span 12 =     -0.677,     10.360      
# span 13 =     -0.982,     15.026      
# span 14 =          1,        892      
# span 15 = 1.2346e-01, 1.2402e-01      
# span 16 =   996.4231,   999.9572      
# span 17 = 0.0000e+00, 0.0000e+00      
# interval = seconds: 0.25
# start_time = Jul 11 2019 04:47:08 [Instrument's time stamp, header]
# bad_flag = -9.990e-29
*END*
[from data line 242]
      0.974    27.4041     7.5023     94.844  27.834104     26.551      6.079   331.0497     0.6871     0.8710     0.0209      0.061      0.958      1.389        243 1.2381e-01   996.4238 0.0000e+00
      0.998    27.4047     7.4991     94.803  27.856273     26.576      6.077   330.7847     0.6566     0.8133     0.0209      0.063      0.978      1.420        244 1.2382e-01   996.4233 0.0000e+00
      1.021    27.4050     7.4893     94.678  27.823432     26.549      6.073   331.3147     0.6757     0.8710     0.0209      0.068      0.999      1.450        245 1.2356e-01   996.4233 0.0000e+00
      1.038    27.4044     7.4831     94.599  27.786110     26.496      6.071   330.8983     0.7024     0.9287     0.0209      0.071      1.017      1.476        246 1.2373e-01   996.4231 0.0000e+00
      1.054    27.4034     7.4652     94.373  27.813853     26.549      6.068   331.2011     0.6833     0.9719     0.0209      0.073      1.032      1.498        247 1.2370e-01   996.4231 0.0000e+00
      1.067    27.4035     7.4568     94.265  27.788905     26.496      6.070   330.7469     0.5994     0.7412     0.0209      0.071      1.047      1.519        248 1.2364e-01   996.4233 0.0000e+00
      1.084    27.4040     7.4485     94.160  27.817159     26.550      6.074   330.8226     0.5917     0.8710     0.0209      0.071      1.064      1.542        249 1.2371e-01   996.4236 0.0000e+00
      1.104    27.4041     7.4438     94.099  27.837936     26.550      6.073   331.1254     0.6070     0.8998     0.0209      0.071      1.080      1.567        250 1.2374e-01   996.4238 0.0000e+00
      1.116    27.4036     7.4387     94.036  27.822292     26.549      6.069   330.7090     0.6222     0.8710     0.0209      0.068      1.094      1.587        251 1.2380e-01   996.4237 0.0000e+00
      1.128    27.4035     7.4429     94.089  27.836628     26.549      6.069   330.9361     0.7138     0.9143     0.0209      0.063      1.107      1.606        252 1.2364e-01   996.4237 0.0000e+00
      1.145    27.4036     7.4504     94.186  27.820094     26.550      6.066   330.8226     0.7024     0.7845     0.0209      0.060      1.122      1.626        253 1.2367e-01   996.4239 0.0000e+00
      1.158    27.4034     7.4584     94.285  27.783624     26.496      6.070   330.8983     0.7291     0.8854     0.0209      0.059      1.136      1.646        254 1.2361e-01   996.4240 0.0000e+00
      1.171    27.4029     7.4714     94.447  27.763528     26.496      6.070   331.0497     0.7405     0.8566     0.0209      0.058      1.148      1.665        255 1.2370e-01   996.4240 0.0000e+00
      1.183    27.4026     7.4803     94.560  27.785861     26.496      6.072   330.8604     0.6795     0.8133     0.0209      0.056      1.161      1.684        256 1.2399e-01   996.4241 0.0000e+00
      1.198    27.4023     7.4846     94.619  27.844698     26.577      6.074   331.1633     0.7138     1.1161     0.0209      0.055      1.175      1.704        257 1.2373e-01   996.4244 0.0000e+00
      1.213    27.4015     7.4881     94.667  27.838415     26.550      6.081   331.2769     0.6795     1.1017     0.0209      0.053      1.191      1.727        258 1.2355e-01   996.4245 0.0000e+00
      1.232    27.4010     7.4831     94.606  27.823301     26.550      6.086   331.5040     0.7176     1.0873     0.0209      0.056      1.207      1.752        259 1.2365e-01   996.4248 0.0000e+00
      1.251    27.4007     7.4837     94.615  27.833884     26.551      6.077   331.2011     0.7291     1.1882     0.0209      0.058      1.222      1.773        260 1.2371e-01   996.4250 0.0000e+00
      1.256    27.4010     7.4836     94.611  27.825244     26.551      6.056   331.4661     0.7138     0.9575     0.0209      0.057      1.230      1.784        261 1.2369e-01   996.4251 0.0000e+00
      1.257    27.4015     7.4831     94.601  27.834055     26.551      6.052   331.0497     0.6947     0.9431     0.0209      0.054      1.233      1.788        262 1.2368e-01   996.4252 0.0000e+00
      1.258    27.4018     7.4831     94.597  27.882163     26.604      6.059   331.3526     0.7214     0.8998     0.0209      0.048      1.234      1.790        263 1.2374e-01   996.4252 0.0000e+00
      1.261    27.4011     7.4939     94.730  27.854239     26.577      6.064   331.4661     0.7329     0.8998     0.0209      0.039      1.236      1.793        264 1.2370e-01   996.4250 0.0000e+00
      1.263    27.3995     7.5063     94.884  27.779942     26.497      6.069   331.1633     0.6757     0.8566     0.0209      0.030      1.239      1.798        265 1.2375e-01   996.4249 0.0000e+00
      1.267    27.3999     7.5045     94.861  27.826517     26.551      6.073   330.9740     0.6680     0.8710     0.0209      0.022      1.246      1.808        266 1.2372e-01   996.4251 0.0000e+00
      1.284    27.4028     7.4938     94.727  27.825899     26.552      6.080   330.9361     0.6375     0.8854     0.0209      0.018      1.261      1.829        267 1.2362e-01   996.4257 0.0000e+00
      1.306    27.4051     7.4905     94.687  27.780712     26.498      6.086   331.0119     0.6718     0.8710     0.0209      0.021      1.280      1.856        268 1.2369e-01   996.4257 0.0000e+00
      1.325    27.4061     7.4830     94.594  27.823509     26.550      6.092   331.0497     0.6871     0.8998     0.0209      0.031      1.298      1.882        269 1.2363e-01   996.4249 0.0000e+00
      1.339    27.4067     7.4791     94.545  27.861503     26.575      6.090   331.1254     0.6985     0.8998     0.0209      0.042      1.313      1.903        270 1.2362e-01   996.4243 0.0000e+00
      1.351    27.4055     7.4727     94.468  27.822291     26.548      6.091   331.2011     0.6757     0.8710     0.0209      0.050      1.325      1.922        271 1.2371e-01   996.4241 0.0000e+00
      1.365    27.4033     7.4628     94.348  27.783442     26.495      6.094   330.9740     0.6642     0.8710     0.0209      0.057      1.338      1.941        272 1.2371e-01   996.4240 0.0000e+00
      1.379    27.4009     7.4592     94.304  27.820986     26.549      6.097   331.3904     0.7252     1.1594     0.0209      0.061      1.352      1.960        273 1.2379e-01   996.4244 0.0000e+00
      1.391    27.3987     7.4581     94.293  27.834811     26.550      6.094   331.0497     0.6947     1.1738     0.0209      0.061      1.364      1.978        274 1.2367e-01   996.4251 0.0000e+00
      1.402    27.3975     7.4638     94.365  27.825483     26.551      6.095   331.3147     0.7100     0.9719     0.0209      0.056      1.376      1.996        275 1.2368e-01   996.4258 0.0000e+00
      1.418    27.3970     7.4678     94.417  27.832596     26.552      6.095   331.3147     0.7138     1.1738     0.0209      0.053      1.390      2.017        276 1.2383e-01   996.4265 0.0000e+00
      1.433    27.3977     7.4735     94.489  27.855580     26.579      6.098   331.3904     0.7329     0.9143     0.0209      0.052      1.405      2.038        277 1.2379e-01   996.4269 0.0000e+00
      1.446    27.3987     7.4829     94.610  27.826502     26.553      6.098   331.7311     0.7519     0.9143     0.0209      0.052      1.418      2.056        278 1.2381e-01   996.4271 0.0000e+00
      1.456    27.3996     7.4921     94.725  27.779918     26.499      6.097   331.0119     0.6833     0.9719     0.0209      0.052      1.428      2.071        279 1.2389e-01   996.4270 0.0000e+00
      1.466    27.4000     7.5007     94.832  27.824687     26.552      6.095   331.5419     0.6795     0.8710     0.0209      0.051      1.440      2.088        280 1.2367e-01   996.4267 0.0000e+00
      1.481    27.4019     7.4980     94.796  27.830030     26.552      6.092   331.5797     0.7329     0.8998     0.0209      0.050      1.456      2.112        281 1.2361e-01   996.4265 0.0000e+00
      1.508    27.4051     7.4906     94.702  27.832511     26.551      6.088   331.7311     0.7138     0.9287     0.0209      0.054      1.480      2.146        282 1.2376e-01   996.4265 0.0000e+00
      1.536    27.4066     7.4848     94.628  27.851223     26.577      6.081   331.3147     0.7100     0.9287     0.0209      0.060      1.505      2.182        283 1.2373e-01   996.4261 0.0000e+00
      1.559    27.4075     7.4864     94.647  27.836367     26.549      6.084   331.3526     0.7024     0.8710     0.0209      0.067      1.528      2.216        284 1.2371e-01   996.4253 0.0000e+00
      1.581    27.4083     7.4845     94.621  27.821377     26.548      6.080   331.4661     0.7100     0.8998     0.0209      0.074      1.550      2.247        285 1.2365e-01   996.4250 0.0000e+00
      1.601    27.4089     7.4773     94.531  27.781011     26.494      6.081   331.4661     0.6795     1.1306     0.0209      0.081      1.570      2.277        286 1.2374e-01   996.4248 0.0000e+00
      1.622    27.4091     7.4749     94.500  27.827356     26.547      6.081   331.7311     0.6566     1.1161     0.0209      0.086      1.589      2.305        287 1.2374e-01   996.4247 0.0000e+00
      1.638    27.4095     7.4750     94.503  27.882188     26.600      6.081   331.5040     0.6528     1.1306     0.0209      0.088      1.607      2.330        288 1.2375e-01   996.4246 0.0000e+00
      1.655    27.4093     7.4716     94.460  27.831261     26.547      6.081   331.7311     0.6833     1.1882     0.0209      0.085      1.624      2.355        289 1.2384e-01   996.4246 0.0000e+00
      1.675    27.4082     7.4621     94.339  27.831489     26.547      6.085   331.5797     0.7100     0.9287     0.0209      0.080      1.642      2.380        290 1.2372e-01   996.4246 0.0000e+00
      1.691    27.4076     7.4482     94.164  27.822661     26.547      6.081   331.6933     0.7176     0.9287     0.0209      0.075      1.658      2.404        291 1.2369e-01   996.4247 0.0000e+00
      1.703    27.4070     7.4453     94.127  27.842249     26.547      6.080   331.3147     0.7024     0.9287     0.0209      0.071      1.674      2.427        292 1.2374e-01   996.4251 0.0000e+00
      1.726    27.4061     7.4522     94.210  27.866357     26.601      6.079   331.4661     0.7024     0.8854     0.0209      0.069      1.694      2.456        293 1.2376e-01   996.4254 0.0000e+00
      1.751    27.4055     7.4577     94.277  27.792660     26.495      6.070   331.9961     0.6947     1.1161     0.0209      0.070      1.716      2.489        294 1.2379e-01   996.4256 0.0000e+00
      1.773    27.4048     7.4627     94.339  27.815478     26.548      6.066   331.4661     0.6909     1.1882     0.0209      0.073      1.740      2.524        295 1.2377e-01   996.4259 0.0000e+00
      1.802    27.4048     7.4607     94.315  27.837961     26.549      6.057   332.0340     0.6985     1.0873     0.0209      0.078      1.764      2.560        296 1.2369e-01   996.4264 0.0000e+00
      1.823    27.4052     7.4631     94.347  27.823923     26.549      6.035   331.8826     0.6642     1.0585     0.0209      0.083      1.782      2.586        297 1.2359e-01   996.4266 0.0000e+00
      1.827    27.4056     7.4686     94.419  27.832947     26.549      6.016   331.8447     0.6680     0.9143     0.0209      0.082      1.789      2.596        298 1.2370e-01   996.4266 0.0000e+00
      1.825    27.4058     7.4793     94.550  27.826731     26.549      6.016   331.7690     0.6833     0.9431     0.0209      0.076      1.790      2.597        299 1.2372e-01   996.4265 0.0000e+00
      1.826    27.4054     7.4808     94.569  27.831661     26.549      6.032   331.8826     0.6871     0.8998     0.0209      0.065      1.791      2.598        300 1.2363e-01   996.4264 0.0000e+00
      1.828    27.4056     7.4816     94.579  27.826813     26.548      6.046   331.6933     0.6604     0.8133     0.0209      0.050      1.793      2.599        301 1.2364e-01   996.4263 0.0000e+00
      1.829    27.4052     7.4857     94.630  27.832765     26.549      6.060   331.6933     0.6757     0.9287     0.0209      0.034      1.793      2.601        302 1.2365e-01   996.4264 0.0000e+00
      1.829    27.4032     7.4887     94.671  27.853875     26.575      6.073   331.8826     0.6833     0.9431     0.0209      0.021      1.796      2.604        303 1.2373e-01   996.4264 0.0000e+00
      1.836    27.4016     7.4936     94.737  27.830162     26.549      6.081   331.9583     0.7024     0.9143     0.0209      0.010      1.801      2.612        304 1.2357e-01   996.4266 0.0000e+00
      1.844    27.4010     7.4974     94.787  27.773411     26.497      6.088   332.2233     0.6604     0.8710     0.0209      0.008      1.809      2.623        305 1.2364e-01   996.4271 0.0000e+00
      1.852    27.4016     7.4965     94.776  27.776393     26.497      6.095   331.9961     0.6871     0.9431     0.0209      0.012      1.817      2.635        306 1.2383e-01   996.4276 0.0000e+00
      1.862    27.4030     7.4881     94.670  27.826450     26.551      6.102   331.6554     0.6833     0.8133     0.0209      0.017      1.827      2.650        307 1.2377e-01   996.4278 0.0000e+00
      1.875    27.4037     7.4869     94.656  27.829601     26.550      6.111   331.8069     0.6680     0.8854     0.0209      0.023      1.840      2.669        308 1.2369e-01   996.4277 0.0000e+00
      1.893    27.4022     7.4813     94.586  27.831715     26.550      6.114   332.0340     0.6528     0.8998     0.0209      0.031      1.857      2.693        309 1.2370e-01   996.4273 0.0000e+00
      1.912    27.4012     7.4735     94.485  27.853442     26.576      6.111   332.5640     0.6833     0.8566     0.0209      0.041      1.872      2.715        310 1.2379e-01   996.4273 0.0000e+00
      1.921    27.4011     7.4702     94.439  27.832183     26.550      6.095   332.0719     0.7329     0.8422     0.0209      0.047      1.884      2.732        311 1.2373e-01   996.4278 0.0000e+00
      1.929    27.4012     7.4665     94.389  27.828549     26.551      6.093   332.3747     0.7252     0.8277     0.0209      0.049      1.896      2.749        312 1.2375e-01   996.4280 0.0000e+00
      1.950    27.4029     7.4632     94.345  27.828343     26.551      6.090   332.1854     0.7405     0.8710     0.0209      0.053      1.912      2.774        313 1.2377e-01   996.4281 0.0000e+00
      1.970    27.4053     7.4620     94.325  27.832440     26.551      6.091   332.6019     0.7138     0.8854     0.0209      0.057      1.931      2.800        314 1.2381e-01   996.4282 0.0000e+00
      1.986    27.4065     7.4523     94.194  27.823451     26.550      6.086   332.5262     0.7062     0.8566     0.0209      0.060      1.948      2.826        315 1.2383e-01   996.4278 0.0000e+00
      2.006    27.4066     7.4440     94.078  27.839529     26.549      6.091   332.4883     0.6680     0.8998     0.0209      0.062      1.968      2.855        316 1.2363e-01   996.4272 0.0000e+00
      2.030    27.4070     7.4424     94.048  27.901296     26.628      6.087   332.5262     0.7024     0.8277     0.0209      0.065      1.988      2.885        317 1.2360e-01   996.4270 0.0000e+00
      2.049    27.4076     7.4299     93.891  27.835449     26.548      6.081   332.6397     0.6909     0.8854     0.0209      0.069      2.006      2.910        318 1.2369e-01   996.4270 0.0000e+00
      2.060    27.4074     7.4330     93.911  27.832610     26.548      6.074   332.1097     0.6680     0.8710     0.0209      0.073      2.020      2.929        319 1.2369e-01   996.4270 0.0000e+00
      2.070    27.4060     7.4296     93.809  27.875208     26.601      6.072   332.4883     0.6757     0.9431     0.0209      0.072      2.030      2.944        320 1.2381e-01   996.4269 0.0000e+00
      2.080    27.4039     7.4415     93.867  27.841680     26.548      6.076   332.5262     0.6566     0.8422     0.0209      0.066      2.040      2.959        321 1.2381e-01   996.4270 0.0000e+00
