Data/DataAlreadyUploadedToEDI/CollatedDataForEDI/CTDData/CTD_2019 (not collated)/071119_bvr50_a.cnv
* Sea-Bird SBE19plus  Data File:
* FileName = C:\DATA\071019_bvr_0005.hex
* Software version 2.8.0.119
* Temperature SN = 7809
* Conductivity SN = 7809
* System UpLoad Time = Jul 12 2019 13:02:43
* <ApplicationData>
* <Seaterm232>
# nquan = 18
# nvalues = 892                         
# units = specified
# name 0 = depFM: Depth [fresh water, m]
# name 1 = tv290C: Temperature [ITS-90, deg C]
# name 2 = sbeox0Mg/L: Oxygen, SBE 43 [mg/l]
# name 3 = sbeox0PS: Oxygen, SBE 43 [% saturation]
# name 4 = c0uS/cm: Conductivity [uS/cm]
# name 5 = specc: Specific Conductance [uS/cm]
# name 6 = ph: pH
# name 7 = orp: Oxidation Reduction Potential [mV]
# name 8 = flECO-AFL: Fluorescence, WET Labs ECO-AFL/FL [mg/m^3]
# name 9 = turbWETntu0: Turbidity, WET Labs ECO [NTU]
# name 10 = sal00: Salinity, Practical [PSU]
# name 11 = dz/dtM: Descent Rate [m/s]
# name 12 = prdM: Pressure, Strain Gauge [db]
# name 13 = prdE: Pressure, Strain Gauge [psi]
# name 14 = scan: Scan Count
# name 15 = par/sat/log: PAR/Logarithmic, Satlantic
# name 16 = density00: Density [density, kg/m^3]
# name 17 = flag:  0.000e+00
# span 0 =     -0.691,     10.567       
# span 1 =     8.4280,    27.4095       
# span 2 =    -0.7902,     8.2418       
# span 3 =     -7.274,    104.126       
# span 4 =  -0.174677, 152.092570       
# span 5 =     -0.040,    228.353       
# span 6 =      5.847,      7.337       
# span 7 =    44.3189,   550.5461       
# span 8 =    -0.1407,    21.3593       
# span 9 =    -0.5566,    23.8705       
# span 10 =     0.0000,     0.1058      
# span 11 =     -0.012,      0.145      
# span 12 =     -0.677,     10.360      
# span 13 =     -0.982,     15.026      
# span 14 =          1,        892      
# span 15 = 1.2346e-01, 1.2402e-01      
# span 16 =   996.4231,   999.9572      
# span 17 = 0.0000e+00, 0.0000e+00      
# interval = seconds: 0.25
# start_time = Jul 11 2019 04:47:08 [Instrument's time stamp, header]
# bad_flag = -9.990e-29
*END*
     -0.690    22.1754     7.8148     96.120   0.274888      0.284      6.263   550.5461    -0.1407    -0.3403     0.0109 -4.211e-16     -0.677     -0.982          1 1.2368e-01   997.7369 0.0000e+00
     -0.691    22.1806     7.7810     96.119   0.256485      0.284      6.272   525.3331    -0.1407    -0.3114     0.0109     -0.000     -0.677     -0.982          2 1.2376e-01   997.7363 0.0000e+00
     -0.691    22.1719     7.7595     96.126   0.286511      0.284      6.270   531.7310    -0.1254    -0.1961     0.0109     -0.000     -0.677     -0.982          3 1.2369e-01   997.7372 0.0000e+00
     -0.690    22.1857     7.7440     96.148   0.237521      0.284      6.261   527.9074    -0.1178    -0.2537     0.0109     -0.000     -0.677     -0.982          4 1.2363e-01   997.7358 0.0000e+00
     -0.691    22.1631     7.7187     96.073   0.228709      0.195      6.259   522.6453    -0.1254    -0.1528     0.0109     -0.000     -0.677     -0.982          5 1.2375e-01   997.7382 0.0000e+00
     -0.691    22.3158     7.7024     96.077   0.119990      0.195      6.257   518.0267    -0.1216    -0.2105     0.0109     -0.000     -0.677     -0.982          6 1.2376e-01   997.7342 0.0000e+00
     -0.690    23.1533     7.6906     96.120   0.372821      0.284      6.255   512.9917    -0.1216    -0.2393     0.0109     -0.000     -0.673     -0.977          7 1.2381e-01   997.7407 0.0000e+00
     -0.679    24.2420     7.6849     96.227  -0.174677      0.018      6.252   448.8615    -0.1178    -0.3258     0.0111      0.003     -0.661     -0.959          8 1.2375e-01   997.7040 0.0000e+00
     -0.651    25.0076     7.6828     96.337   0.298460     -0.040      6.314   446.1358    -0.1369    -0.5566     0.0000      0.013     -0.640     -0.929          9 1.2362e-01   997.5018 0.0000e+00
     -0.632    25.5188     7.6943     96.604   6.618396      6.867      6.385   439.5865    -0.1140    -0.4556     0.0129      0.025     -0.618     -0.897         10 1.2366e-01   997.2437 0.0000e+00
     -0.608    25.8762     7.7234     96.835  13.471544     13.481      6.512   428.0779    -0.1178    -0.3403     0.0153      0.039     -0.593     -0.860         11 1.2372e-01   997.0541 0.0000e+00
     -0.575    26.1176     7.7573     97.114  20.299959     19.917      6.742   354.0291    -0.1178    -0.4700     0.0178      0.057     -0.561     -0.814         12 1.2377e-01   996.9227 0.0000e+00
     -0.534    26.2732     7.7846     97.355  26.660251     26.550      6.982   342.5205    -0.1369    -0.5421     0.0205      0.078     -0.525     -0.761         13 1.2372e-01   996.8315 0.0000e+00
     -0.498    26.3992     7.8108     97.611  27.291541     26.481      7.146   339.1133    -0.1216    -0.4268     0.0205      0.098     -0.489     -0.710         14 1.2366e-01   996.7672 0.0000e+00
     -0.465    26.5344     7.8255     97.768  27.036598     26.481      7.260   329.6111    -0.1293    -0.4989     0.0206      0.113     -0.456     -0.663         15 1.2362e-01   996.7260 0.0000e+00
     -0.433    26.6548     7.8425     97.989  27.362530     26.553      7.308   331.7311    -0.1254    -0.4124     0.0206      0.123     -0.425     -0.618         16 1.2379e-01   996.6922 0.0000e+00
     -0.405    26.7674     7.8603     98.247  27.270943     26.482      7.337   336.0847     0.0615    23.8705     0.0207      0.127     -0.398     -0.578         17 1.2384e-01   996.6558 0.0000e+00
     -0.382    26.8647     7.8805     98.437  27.417114     26.529      7.324   337.2205     0.0500    23.8705     0.0207      0.128     -0.372     -0.540         18 1.2361e-01   996.6232 0.0000e+00
     -0.351    26.9523     7.8924     98.545  27.358303     26.419      7.285   333.7754     0.0538    23.7408     0.0207      0.126     -0.346     -0.502         19 1.2365e-01   996.5927 0.0000e+00
     -0.326    27.0100     7.8965     98.676  27.166367     26.205      7.280   341.4983     0.0729    23.7696     0.0206      0.120     -0.323     -0.468         20 1.2372e-01   996.5662 0.0000e+00
     -0.311    26.9450     7.9681     99.736  26.915422     25.869      7.278   338.0155     0.6833     0.9719     0.0205      0.110     -0.306     -0.443         21 1.2360e-01   996.5421 0.0000e+00
     -0.296    26.8559     8.1121    101.696  26.989296     25.968      7.274   326.5447     0.6604     1.1161     0.0206      0.100     -0.290     -0.421         22 1.2367e-01   996.5264 0.0000e+00
     -0.279    26.8005     8.0998    101.671  26.955936     25.926      7.271   325.0683     0.6642     1.1017     0.0205      0.091     -0.273     -0.396         23 1.2381e-01   996.5443 0.0000e+00
     -0.260    26.7593     7.9126     99.413  26.868092     25.914      7.270   324.7654     0.6757     1.1594     0.0205      0.084     -0.254     -0.369         24 1.2365e-01   996.5688 0.0000e+00
     -0.239    26.7429     7.6597     96.301  26.832063     25.889      7.266   328.6269     0.6947     1.1017     0.0205      0.078     -0.232     -0.336         25 1.2364e-01   996.5840 0.0000e+00
     -0.209    26.7509     7.3809     92.846  26.882315     25.964      7.257   327.9076     0.7024     1.1017     0.0205      0.078     -0.204     -0.295         26 1.2371e-01   996.5955 0.0000e+00
     -0.173    26.7656     7.1549     90.037  26.864808     25.971      7.221   329.4219     0.7176     1.1594     0.0205      0.081     -0.176     -0.255         27 1.2379e-01   996.6000 0.0000e+00
     -0.156    26.7349     6.9045     86.914  26.735376     25.807      7.132   329.2704     0.7252     1.2027     0.0205      0.085     -0.159     -0.230         28 1.2366e-01   996.5978 0.0000e+00
     -0.158    26.7112     6.6841     84.155  26.717570     25.824      7.072   324.5761     0.7100     1.1450     0.0205      0.085     -0.154     -0.223         29 1.2363e-01   996.5938 0.0000e+00
     -0.155    26.7567     6.4998     81.839  26.738867     25.815      7.042   325.5604     0.6528     1.1161     0.0204      0.079     -0.151     -0.218         30 1.2395e-01   996.6022 0.0000e+00
     -0.146    26.8466     6.3864     80.418  27.064323     26.177      7.015   325.3333     0.6642     1.0585     0.0206      0.069     -0.144     -0.208         31 1.2382e-01   996.6089 0.0000e+00
     -0.138    26.9341     6.3035     79.390  27.349262     26.424      7.007   325.6740     0.6795     1.1882     0.0207      0.058     -0.137     -0.199         32 1.2359e-01   996.5966 0.0000e+00
     -0.136    27.0043     6.2399     78.593  27.361726     26.377      7.008   324.9168     0.6757     1.1594     0.0207      0.044     -0.134     -0.195         33 1.2370e-01   996.5719 0.0000e+00
     -0.136    27.0563     6.1826     77.863  27.404230     26.387      7.008   324.3490     0.6604     0.8998     0.0207      0.029     -0.133     -0.192         34 1.2365e-01   996.5480 0.0000e+00
     -0.132    27.0941     6.1258     77.134  27.503681     26.431      7.005   321.3961     0.6757     0.8854     0.0208      0.019     -0.129     -0.187         35 1.2367e-01   996.5288 0.0000e+00
     -0.126    27.1246     6.0837     76.597  27.474904     26.405      7.006   321.2447     0.6680     0.9143     0.0208      0.016     -0.124     -0.180         36 1.2369e-01   996.5145 0.0000e+00
     -0.122    27.1462     6.0458     76.123  27.440024     26.306      7.003   321.6233     0.6909     0.8854     0.0207      0.017     -0.120     -0.174         37 1.2363e-01   996.5041 0.0000e+00
     -0.118    27.1636     6.0421     76.083  27.517451     26.424      6.992   322.8726     0.6985     1.0873     0.0208      0.016     -0.115     -0.168         38 1.2381e-01   996.4957 0.0000e+00
     -0.113    27.1745     6.0718     76.463  27.437777     26.279      6.979   324.2354     0.7100     1.1161     0.0207      0.015     -0.110     -0.161         39 1.2370e-01   996.4898 0.0000e+00
     -0.107    27.1770     6.1443     77.379  27.391063     26.270      6.972   323.3647     0.7291     1.1450     0.0207      0.016     -0.105     -0.153         40 1.2368e-01   996.4849 0.0000e+00
     -0.103    27.1819     6.2379     78.563  27.368232     26.211      6.966   323.5161     0.7176     1.0585     0.0207      0.017     -0.103     -0.150         41 1.2380e-01   996.4819 0.0000e+00
     -0.105    27.1925     6.3382     79.828  27.318082     26.183      6.966   323.4026     0.7176     0.7989     0.0207      0.017     -0.104     -0.151         42 1.2368e-01   996.4812 0.0000e+00
     -0.110    27.1962     6.4312     80.998  27.364610     26.208      6.961   323.2133     0.6909     0.8854     0.0207      0.013     -0.107     -0.156         43 1.2366e-01   996.4799 0.0000e+00
     -0.113    27.1899     6.4938     81.784  27.399189     26.256      6.953   322.8726     0.6833     0.8998     0.0207      0.008     -0.112     -0.162         44 1.2367e-01   996.4769 0.0000e+00
     -0.120    27.1807     6.5298     82.235  27.423151     26.254      6.938   323.0997     0.7329     0.9864     0.0207      0.002     -0.117     -0.170         45 1.2364e-01   996.4759 0.0000e+00
     -0.125    27.1757     6.5410     82.378  27.482895     26.337      6.928   323.0240     0.6947     1.0729     0.0208     -0.004     -0.121     -0.175         46 1.2372e-01   996.4776 0.0000e+00
     -0.124    27.1777     6.5462     82.447  27.502566     26.342      6.913   323.4404     0.6985     1.0585     0.0208     -0.009     -0.121     -0.176         47 1.2382e-01   996.4801 0.0000e+00
     -0.122    27.1828     6.5418     82.393  27.487534     26.345      6.894   323.3268     0.7024     1.1161     0.0208     -0.011     -0.120     -0.173         48 1.2370e-01   996.4815 0.0000e+00
     -0.119    27.1869     6.5374     82.334  27.442362     26.290      6.877   323.2890     0.7176     1.1161     0.0208     -0.010     -0.117     -0.169         49 1.2379e-01   996.4810 0.0000e+00
     -0.116    27.1896     6.5294     82.227  27.410678     26.261      6.860   323.8190     0.7176     1.0296     0.0207     -0.006     -0.114     -0.165         50 1.2377e-01   996.4796 0.0000e+00
     -0.113    27.1925     6.5081     81.954  27.408478     26.259      6.844   323.5161     0.7100     1.0873     0.0207     -0.001     -0.112     -0.161         51 1.2361e-01   996.4785 0.0000e+00
     -0.112    27.1936     6.4915     81.743  27.415477     26.257      6.832   323.9326     0.6833     1.0585     0.0207      0.003     -0.110     -0.159         52 1.2368e-01   996.4777 0.0000e+00
     -0.111    27.1924     6.4804     81.602  27.401967     26.256      6.818   324.0840     0.7252     1.0873     0.0207      0.007     -0.109     -0.158         53 1.2367e-01   996.4769 0.0000e+00
     -0.111    27.1906     6.4714     81.480  27.425291     26.255      6.803   323.8568     0.7367     1.2027     0.0207      0.008     -0.109     -0.158         54 1.2368e-01   996.4766 0.0000e+00
     -0.111    27.1898     6.4612     81.337  27.475314     26.336      6.793   324.0840     0.6757     1.1450     0.0208      0.007     -0.109     -0.158         55 1.2369e-01   996.4770 0.0000e+00
     -0.111    27.1909     6.4625     81.340  27.428577     26.257      6.784   324.0461     0.6604     1.1450     0.0207      0.005     -0.110     -0.159         56 1.2382e-01   996.4775 0.0000e+00
     -0.113    27.1932     6.4502     81.172  27.394592     26.257      6.773   324.5761     0.6680     1.0008     0.0207      0.003     -0.111     -0.160         57 1.2371e-01   996.4777 0.0000e+00
     -0.113    27.1939     6.4201     80.782  27.428745     26.257      6.764   324.9926     0.6718     1.1594     0.0207      0.001     -0.111     -0.161         58 1.2350e-01   996.4774 0.0000e+00
     -0.112    27.1913     6.3793     80.263  27.474935     26.336      6.752   324.5761     0.6680     1.1882     0.0208     -0.000     -0.110     -0.160         59 1.2369e-01   996.4767 0.0000e+00
     -0.111    27.1872     6.3232     79.552  27.425972     26.255      6.741   325.7876     0.6528     1.1161     0.0207     -0.000     -0.109     -0.157         60 1.2377e-01   996.4766 0.0000e+00
     -0.108    27.1841     6.2602     78.759  27.400817     26.256      6.731   325.2954     0.6795     1.1450     0.0207      0.001     -0.106     -0.154         61 1.2371e-01   996.4773 0.0000e+00
     -0.107    27.1832     6.1996     78.003  27.446998     26.285      6.719   325.3711     0.6528     1.1594     0.0208      0.002     -0.104     -0.152         62 1.2365e-01   996.4784 0.0000e+00
     -0.105    27.1820     6.1464     77.339  27.398123     26.260      6.709   326.4311     0.7252     1.2459     0.0207      0.003     -0.103     -0.150         63 1.2377e-01   996.4793 0.0000e+00
     -0.104    27.1759     6.1047     76.810  27.372780     26.207      6.692   325.3333     0.7062     1.0873     0.0207      0.005     -0.102     -0.149         64 1.2386e-01   996.4795 0.0000e+00
     -0.105    27.1664     6.0724     76.398  27.389674     26.261      6.674   325.2576     0.7100     1.0729     0.0207      0.005     -0.102     -0.149         65 1.2375e-01   996.4798 0.0000e+00
     -0.105    27.1571     6.0496     76.104  27.436341     26.264      6.647   324.7276     0.7138     1.1450     0.0207      0.005     -0.102     -0.149         66 1.2368e-01   996.4815 0.0000e+00
     -0.105    27.1476     6.0244     75.774  27.462810     26.349      6.623   324.6897     0.6947     0.9719     0.0208      0.004     -0.102     -0.149         67 1.2365e-01   996.4842 0.0000e+00
     -0.106    27.1406     6.0064     75.525  27.386359     26.220      6.610   325.1818     0.6642     0.8998     0.0207      0.002     -0.103     -0.150         68 1.2363e-01   996.4867 0.0000e+00
     -0.106    27.1363     5.9868     75.254  27.413004     26.305      6.599   324.6140     0.6680     0.9719     0.0207      0.001     -0.103     -0.150         69 1.2366e-01   996.4893 0.0000e+00
     -0.105    27.1328     5.9631     74.940  27.370412     26.229      6.597   325.1440     0.6833     0.8710     0.0207      0.000     -0.103     -0.150         70 1.2373e-01   996.4914 0.0000e+00
     -0.106    27.1326     5.9403     74.643  27.350503     26.231      6.592   324.7276     0.6833     0.8710     0.0207     -0.000     -0.103     -0.151         71 1.2374e-01   996.4925 0.0000e+00
     -0.107    27.1368     5.8988     74.109  27.348918     26.233      6.590   324.8033     0.6680     0.8566     0.0207     -0.001     -0.104     -0.151         72 1.2378e-01   996.4935 0.0000e+00
     -0.107    27.1402     5.8868     73.945  27.313144     26.179      6.586   324.9926     0.6680     0.8422     0.0207     -0.001     -0.104     -0.151         73 1.2372e-01   996.4935 0.0000e+00
     -0.106    27.1382     5.8588     73.579  27.395025     26.284      6.586   325.2954     0.6718     0.8998     0.0207     -0.001     -0.103     -0.150         74 1.2381e-01   996.4923 0.0000e+00
     -0.104    27.1330     5.8269     73.165  27.395123     26.255      6.582   325.1440     0.6871     0.8422     0.0207     -0.000     -0.102     -0.149         75 1.2402e-01   996.4915 0.0000e+00
     -0.104    27.1278     5.7947     72.748  27.342640     26.230      6.584   325.2197     0.6757     1.0585     0.0207      0.000     -0.102     -0.149         76 1.2385e-01   996.4920 0.0000e+00
     -0.104    27.1190     5.7507     72.177  27.312233     26.179      6.582   325.3711     0.6757     0.9287     0.0207      0.001     -0.102     -0.148         77 1.2362e-01   996.4934 0.0000e+00
     -0.103    27.1027     5.7090     71.633  27.344104     26.235      6.578   325.3333     0.6451     0.9143     0.0207      0.001     -0.102     -0.148         78 1.2367e-01   996.4949 0.0000e+00
     -0.104    27.0840     5.6682     71.098  27.302982     26.186      6.572   325.5983     0.6757     0.8422     0.0207      0.001     -0.102     -0.148         79 1.2376e-01   996.4972 0.0000e+00
     -0.104    27.0716     5.6208     70.480  27.244929     26.140      6.561   325.3333     0.6909     1.1882     0.0207      0.001     -0.102     -0.148         80 1.2369e-01   996.5018 0.0000e+00
