Data/DataAlreadyUploadedToEDI/CollatedDataForEDI/CTDData/CTD_2019 (not collated)/071119_bvr50_c.cnv
* Sea-Bird SBE19plus  Data File:
* FileName = C:\DATA\071019_bvr_0007.hex
* Software version 2.8.0.119
* Temperature SN = 7809
* Conductivity SN = 7809
* System UpLoad Time = Jul 12 2019 13:03:42
* <ApplicationData>
* <Seaterm232>
# nquan = 18
# nvalues = 781                         
# units = specified
# name 0 = depFM: Depth [fresh water, m]
# name 1 = tv290C: Temperature [ITS-90, deg C]
# name 2 = sbeox0Mg/L: Oxygen, SBE 43 [mg/l]
# name 3 = sbeox0PS: Oxygen, SBE 43 [% saturation]
# name 4 = c0uS/cm: Conductivity [uS/cm]
# name 5 = specc: Specific Conductance [uS/cm]
# name 6 = ph: pH
# name 7 = orp: Oxidation Reduction Potential [mV]
# name 8 = flECO-AFL: Fluorescence, WET Labs ECO-AFL/FL [mg/m^3]
# name 9 = turbWETntu0: Turbidity, WET Labs ECO [NTU]
# name 10 = sal00: Salinity, Practical [PSU]
# name 11 = dz/dtM: Descent Rate [m/s]
# name 12 = prdM: Pressure, Strain Gauge [db]
# name 13 = prdE: Pressure, Strain Gauge [psi]
# name 14 = scan: Scan Count
# name 15 = par/sat/log: PAR/Logarithmic, Satlantic
# name 16 = density00: Density [density, kg/m^3]
# name 17 = flag:  0.000e+00
# span 0 =     -0.691,     10.514       
# span 1 =     8.3669,    27.3166       
# span 2 =    -0.8541,     8.3175       
# span 3 =     -7.923,    100.579       
# span 4 =  -0.023588, 107.272299       
# span 5 =      0.195,    160.428       
# span 6 =      6.001,      7.964       
# span 7 =    12.8217,   321.5475       
# span 8 =    -0.1560,    14.0502       
# span 9 =    -0.5854,    21.2029       
# span 10 =     0.0108,     0.0741      
# span 11 =     -0.016,      0.168      
# span 12 =     -0.677,     10.310      
# span 13 =     -0.982,     14.953      
# span 14 =          1,        781      
# span 15 = 1.2344e-01, 5.9289e+01      
# span 16 =   996.4473,   999.9347      
# span 17 = 0.0000e+00, 0.0000e+00      
# interval = seconds: 0.25
# start_time = Jul 11 2019 07:10:46 [Instrument's time stamp, header]
# bad_flag = -9.990e-29
*END*
[from data line 81]
     -0.144    26.6021     5.5737     69.350  28.070751     27.130      7.027   258.8559     0.7100     0.8710     0.0210      0.000     -0.142     -0.206         82 5.0206e+01   996.5996 0.0000e+00
     -0.139    26.5550     5.4908     68.291  28.082743     27.172      7.010   259.1588     0.7062     0.8422     0.0210      0.011     -0.138     -0.200         83 5.0612e+01   996.6215 0.0000e+00
     -0.140    26.5367     5.4118     67.296  28.026642     27.152      6.994   259.4995     0.6833     0.8566     0.0209      0.019     -0.136     -0.197         84 5.1240e+01   996.6388 0.0000e+00
     -0.136    26.5311     5.3475     66.492  28.081350     27.231      6.971   259.6131     0.6871     0.8710     0.0210      0.021     -0.134     -0.194         85 5.0561e+01   996.6515 0.0000e+00
     -0.133    26.5312     5.2917     65.787  28.133165     27.294      6.956   259.4617     0.7291     0.8998     0.0210      0.018     -0.132     -0.192         86 4.9479e+01   996.6566 0.0000e+00
     -0.138    26.5311     5.2431     65.165  28.139899     27.297      6.941   259.7267     0.7291     0.8854     0.0210      0.012     -0.136     -0.197         87 4.9738e+01   996.6581 0.0000e+00
     -0.145    26.5314     5.1904     64.494  28.072971     27.243      6.905   259.9159     0.6909     0.8998     0.0210      0.007     -0.142     -0.206         88 4.9923e+01   996.6581 0.0000e+00
     -0.152    26.5384     5.1480     63.960  27.979480     27.135      6.873   259.9917     0.7138     1.0008     0.0209      0.000     -0.147     -0.213         89 4.9998e+01   996.6580 0.0000e+00
     -0.151    26.5452     5.1032     63.395  27.960029     27.135      6.856   260.2188     0.7519     1.0296     0.0209     -0.005     -0.147     -0.213         90 5.0068e+01   996.6578 0.0000e+00
     -0.145    26.5389     5.0643     62.903  27.978689     27.131      6.850   260.4081     0.7329     1.0296     0.0209     -0.007     -0.144     -0.208         91 4.9882e+01   996.6560 0.0000e+00
     -0.145    26.5164     5.0221     62.371  27.956256     27.127      6.847   260.4459     0.7024     0.8422     0.0209     -0.006     -0.144     -0.208         92 4.9659e+01   996.6542 0.0000e+00
     -0.151    26.4941     4.9796     61.840  27.899082     27.049      6.843   260.9381     0.7672     0.9719     0.0209     -0.008     -0.147     -0.213         93 4.9617e+01   996.6558 0.0000e+00
     -0.153    26.4835     4.9500     61.468  27.960978     27.142      6.838   261.6195     0.7825     0.9575     0.0209     -0.008     -0.149     -0.216         94 4.9731e+01   996.6619 0.0000e+00
     -0.150    26.4793     4.9162     61.041  27.968097     27.154      6.826   261.5438     0.7825     1.0296     0.0209     -0.004     -0.147     -0.214         95 4.9801e+01   996.6680 0.0000e+00
     -0.147    26.4701     4.8882     60.682  27.890230     27.079      6.813   261.8088     0.7519     0.8854     0.0209     -0.001     -0.146     -0.211         96 4.9779e+01   996.6709 0.0000e+00
     -0.148    26.4545     4.8634     60.365  27.880158     27.081      6.795   262.4145     0.8511     0.8566     0.0209      0.001     -0.146     -0.211         97 4.9839e+01   996.6720 0.0000e+00
     -0.150    26.4420     4.8339     59.991  27.862146     27.058      6.786   262.6417     0.8359     0.8422     0.0209     -0.000     -0.147     -0.212         98 4.9909e+01   996.6745 0.0000e+00
     -0.150    26.4344     4.8089     59.675  27.883026     27.094      6.778   262.7552     0.8206     0.9431     0.0209     -0.002     -0.147     -0.213         99 4.9828e+01   996.6786 0.0000e+00
     -0.149    26.4276     4.7876     59.407  27.883801     27.100      6.772   263.0960     0.8664     0.8710     0.0209     -0.000     -0.147     -0.213        100 4.9881e+01   996.6821 0.0000e+00
     -0.150    26.4199     4.7726     59.216  27.831563     27.050      6.765   263.3988     0.8321     0.7989     0.0209      0.001     -0.148     -0.214        101 4.9968e+01   996.6841 0.0000e+00
     -0.151    26.4137     4.7518     58.948  27.829550     27.054      6.763   263.8152     0.8206     0.7701     0.0209     -0.000     -0.149     -0.215        102 5.0006e+01   996.6859 0.0000e+00
     -0.153    26.4106     4.7346     58.726  27.827068     27.058      6.759   263.9667     0.8397     0.9719     0.0209     -0.002     -0.149     -0.216        103 5.0040e+01   996.6880 0.0000e+00
     -0.151    26.4063     4.7154     58.481  27.834658     27.061      6.750   264.3831     0.8282     1.0152     0.0209     -0.002     -0.148     -0.215        104 5.0028e+01   996.6896 0.0000e+00
     -0.150    26.3987     4.6975     58.252  27.820105     27.062      6.744   264.4967     0.7672     0.8710     0.0209     -0.001     -0.148     -0.215        105 4.9952e+01   996.6905 0.0000e+00
     -0.151    26.3898     4.6883     58.129  27.785935     27.010      6.740   264.5345     0.7519     0.8422     0.0208     -0.001     -0.148     -0.215        106 4.9930e+01   996.6916 0.0000e+00
     -0.151    26.3816     4.6724     57.925  27.758698     27.014      6.729   264.8374     0.7710     0.8998     0.0208     -0.001     -0.149     -0.215        107 4.9988e+01   996.6937 0.0000e+00
     -0.152    26.3744     4.6631     57.801  27.735519     26.965      6.723   264.8374     0.7748     0.8422     0.0208     -0.001     -0.149     -0.215        108 5.0051e+01   996.6961 0.0000e+00
     -0.151    26.3693     4.6547     57.689  27.755542     27.023      6.719   265.4431     0.8206     0.9864     0.0208     -0.000     -0.148     -0.215        109 5.0080e+01   996.6983 0.0000e+00
     -0.150    26.3654     4.6426     57.533  27.793025     27.027      6.720   265.7081     0.8549     0.7845     0.0208      0.000     -0.147     -0.213        110 4.9986e+01   996.7003 0.0000e+00
     -0.147    26.3597     4.6398     57.495  27.807361     27.084      6.721   266.1245     0.8244     0.8422     0.0208      0.001     -0.145     -0.211        111 4.9995e+01   996.7017 0.0000e+00
     -0.147    26.3515     4.6382     57.470  27.737703     26.978      6.720   266.2381     0.8282     0.8710     0.0208      0.002     -0.144     -0.209        112 5.0138e+01   996.7026 0.0000e+00
     -0.147    26.3429     4.6316     57.381  27.701985     26.981      6.716   266.2381     0.8473     0.9431     0.0208      0.002     -0.144     -0.209        113 5.0175e+01   996.7041 0.0000e+00
     -0.147    26.3359     4.6250     57.294  27.733328     26.985      6.715   265.9731     0.9084     0.8998     0.0208      0.003     -0.145     -0.210        114 5.0142e+01   996.7064 0.0000e+00
     -0.147    26.3294     4.6198     57.221  27.698700     26.989      6.707   266.7681     0.8740     0.7845     0.0208      0.003     -0.145     -0.210        115 5.0074e+01   996.7087 0.0000e+00
     -0.147    26.3222     4.6123     57.121  27.685839     26.939      6.703   266.8817     0.9160     0.9287     0.0208      0.002     -0.144     -0.209        116 5.0054e+01   996.7106 0.0000e+00
     -0.146    26.3149     4.6127     57.121  27.749337     27.051      6.701   267.1467     0.8816     1.0008     0.0208      0.002     -0.143     -0.208        117 5.0042e+01   996.7124 0.0000e+00
     -0.145    26.3074     4.6149     57.144  27.738166     27.000      6.701   267.1088     0.8282     0.8277     0.0208      0.001     -0.143     -0.207        118 5.0066e+01   996.7143 0.0000e+00
     -0.145    26.2994     4.6152     57.142  27.699743     27.004      6.700   267.2224     0.8511     0.8710     0.0208      0.001     -0.142     -0.206        119 5.0322e+01   996.7162 0.0000e+00
     -0.145    26.2935     4.6224     57.224  27.678672     26.954      6.698   267.6010     0.8282     0.8277     0.0208      0.001     -0.141     -0.205        120 5.0492e+01   996.7183 0.0000e+00
     -0.142    26.2902     4.6224     57.216  27.705149     27.012      6.698   267.7903     0.8397     0.9287     0.0208      0.002     -0.139     -0.201        121 5.0453e+01   996.7205 0.0000e+00
     -0.137    26.2853     4.6205     57.185  27.726038     27.016      6.698   267.7524     0.8397     1.0440     0.0208      0.004     -0.135     -0.197        122 5.0360e+01   996.7220 0.0000e+00
     -0.136    26.2792     4.6177     57.141  27.711921     27.017      6.694   268.0553     0.8282     0.8710     0.0208      0.006     -0.134     -0.195        123 5.0342e+01   996.7230 0.0000e+00
     -0.137    26.2727     4.6232     57.204  27.722719     27.020      6.689   268.6988     0.8321     0.8854     0.0208      0.006     -0.135     -0.196        124 5.0428e+01   996.7243 0.0000e+00
     -0.138    26.2646     4.6194     57.151  27.653359     26.969      6.679   268.6610     0.8206     0.9287     0.0208      0.005     -0.136     -0.197        125 5.0460e+01   996.7259 0.0000e+00
     -0.139    26.2576     4.6188     57.138  27.620512     26.918      6.666   268.8503     0.8473     0.9143     0.0208      0.005     -0.136     -0.197        126 5.0429e+01   996.7276 0.0000e+00
     -0.139    26.2533     4.6174     57.113  27.645114     26.976      6.652   269.5317     0.8321     0.8566     0.0208      0.003     -0.136     -0.198        127 5.0409e+01   996.7298 0.0000e+00
     -0.140    26.2492     4.6180     57.116  27.622746     26.926      6.644   269.4560     0.8244     0.8710     0.0208      0.002     -0.137     -0.199        128 5.0473e+01   996.7317 0.0000e+00
     -0.140    26.2431     4.6199     57.135  27.648352     26.982      6.636   269.1531     0.8244     0.8277     0.0208     -0.000     -0.137     -0.199        129 5.0522e+01   996.7328 0.0000e+00
     -0.140    26.2359     4.6229     57.167  27.613250     26.930      6.636   269.3424     0.7825     0.8133     0.0208     -0.002     -0.137     -0.198        130 5.0487e+01   996.7339 0.0000e+00
     -0.139    26.2287     4.6282     57.226  27.607189     26.933      6.635   270.0238     0.7901     0.9431     0.0208     -0.002     -0.137     -0.198        131 5.0448e+01   996.7355 0.0000e+00
     -0.140    26.2210     4.6272     57.208  27.655896     26.991      6.632   269.9481     0.7786     0.8710     0.0208     -0.001     -0.137     -0.198        132 5.0467e+01   996.7374 0.0000e+00
     -0.138    26.2136     4.6284     57.217  27.611879     26.941      6.628   270.4024     0.7748     0.9287     0.0208     -0.000     -0.136     -0.197        133 5.0522e+01   996.7394 0.0000e+00
     -0.138    26.2077     4.6314     57.249  27.602727     26.945      6.630   270.1374     0.7748     0.8998     0.0208      0.000     -0.136     -0.197        134 5.0553e+01   996.7415 0.0000e+00
     -0.138    26.2021     4.6289     57.213  27.608046     26.949      6.631   270.3645     0.7672     0.8566     0.0208      0.001     -0.136     -0.197        135 5.0623e+01   996.7434 0.0000e+00
     -0.139    26.1960     4.6279     57.197  27.605263     26.952      6.632   270.4781     0.7634     0.8277     0.0208      0.001     -0.137     -0.198        136 5.0573e+01   996.7450 0.0000e+00
     -0.140    26.1897     4.6245     57.153  27.606193     26.955      6.628   271.0081     0.7519     0.9719     0.0208      0.000     -0.137     -0.198        137 5.0568e+01   996.7465 0.0000e+00
     -0.140    26.1848     4.6171     57.068  27.606890     26.958      6.632   270.9324     0.7672     0.8422     0.0208     -0.000     -0.137     -0.198        138 5.0616e+01   996.7481 0.0000e+00
     -0.140    26.1808     4.6159     57.076  27.604398     26.961      6.629   271.4624     0.8473     0.9719     0.0208     -0.000     -0.137     -0.198        139 5.0548e+01   996.7498 0.0000e+00
     -0.138    26.1757     4.6370     57.369  27.609296     26.964      6.627   271.2731     0.8473     0.8566     0.0208     -0.000     -0.136     -0.197        140 5.0630e+01   996.7512 0.0000e+00
     -0.138    26.1697     4.6868     57.993  27.600796     26.966      6.623   271.3488     0.8321     0.8422     0.0208     -0.000     -0.136     -0.197        141 5.0618e+01   996.7522 0.0000e+00
     -0.138    26.1639     4.7347     58.606  27.555736     26.914      6.626   271.8031     0.7977     0.8998     0.0207      0.000     -0.136     -0.197        142 5.0564e+01   996.7536 0.0000e+00
     -0.138    26.1586     4.7720     59.102  27.606132     26.972      6.627   271.7274     0.7748     0.9287     0.0208      0.001     -0.136     -0.197        143 5.0570e+01   996.7552 0.0000e+00
     -0.139    26.1535     4.7926     59.304  27.656567     27.029      6.622   271.8410     0.7672     0.9431     0.0208      0.001     -0.136     -0.197        144 5.0667e+01   996.7567 0.0000e+00
     -0.139    26.1488     4.8026     59.331  27.611459     26.978      6.618   272.0303     0.7634     0.9143     0.0208      0.001     -0.136     -0.197        145 5.0191e+01   996.7581 0.0000e+00
     -0.139    26.1450     4.7954     59.148  27.603026     26.980      6.621   271.7653     0.7939     0.8998     0.0208      0.000     -0.137     -0.198        146 4.9856e+01   996.7595 0.0000e+00
     -0.141    26.1436     4.7903     59.038  27.548577     26.928      6.628   271.8410     0.8359     0.9287     0.0207     -0.001     -0.137     -0.199        147 5.0908e+01   996.7607 0.0000e+00
     -0.140    26.1491     4.7871     58.986  27.560738     26.930      6.627   272.0681     0.8168     0.9143     0.0207     -0.001     -0.137     -0.199        148 5.2382e+01   996.7618 0.0000e+00
     -0.138    26.1712     4.8121     59.320  27.647137     27.040      6.608   272.1060     0.8321     0.8854     0.0208     -0.001     -0.135     -0.196        149 5.2379e+01   996.7622 0.0000e+00
     -0.136    26.2014     4.8692     60.076  27.678025     27.037      6.567   271.8410     0.7977     0.9719     0.0208      0.000     -0.133     -0.193        150 5.2019e+01   996.7607 0.0000e+00
     -0.134    26.2092     4.9458     61.029  27.700023     27.080      6.570   272.2574     0.7176     0.8133     0.0208      0.002     -0.130     -0.189        151 5.2020e+01   996.7548 0.0000e+00
     -0.129    26.2308     5.0243     61.924  27.678995     27.009      6.579   272.0681     0.7329     0.9143     0.0208      0.004     -0.124     -0.180        152 5.2197e+01   996.7468 0.0000e+00
     -0.116    26.2573     5.1062     62.882  27.644942     27.005      6.586   272.4467     0.6947     0.8998     0.0208      0.009     -0.111     -0.162        153 5.1370e+01   996.7446 0.0000e+00
     -0.095    26.2124     5.2179     64.238  27.564668     26.886      6.586   271.7653     0.7176     0.8998     0.0207      0.018     -0.091     -0.133        154 4.6107e+01   996.7390 0.0000e+00
     -0.068    26.1200     5.3451     65.803  27.541918     26.869      6.585   271.3488     0.6909     0.8566     0.0207      0.031     -0.069     -0.100        155 4.0960e+01   996.7320 0.0000e+00
     -0.049    26.0367     5.4666     67.305  27.554766     26.895      6.571   271.6517     0.7329     0.9287     0.0207      0.044     -0.050     -0.073        156 3.8752e+01   996.7441 0.0000e+00
     -0.039    25.9901     5.5677     68.593  27.548692     26.943      6.559   271.1595     0.7252     0.8710     0.0207      0.054     -0.037     -0.053        157 3.8291e+01   996.7689 0.0000e+00
     -0.023    25.9798     5.6652     69.915  27.549506     26.989      6.555   271.0081     0.7291     0.9575     0.0207      0.062     -0.023     -0.033        158 3.8616e+01   996.7912 0.0000e+00
     -0.008    26.0027     5.7532     71.207  27.613026     27.066      6.554   271.2731     0.7024     0.9431     0.0207      0.067     -0.005     -0.008        159 3.7549e+01   996.8036 0.0000e+00
      0.016    26.0505     5.7982     71.953  27.706632     27.182      6.560   270.7053     0.7786     0.8710     0.0208      0.070      0.019      0.027        160 3.4801e+01   996.8065 0.0000e+00
