Data/DataAlreadyUploadedToEDI/CollatedDataForEDI/CTDData/CTD_2019 (not collated)/071119_bvr50_a.cnv
* Sea-Bird SBE19plus  Data File:
* FileName = C:\DATA\071019_bvr_0005.hex
* Software version 2.8.0.119
* Temperature SN = 7809
* Conductivity SN = 7809
* System UpLoad Time = Jul 12 2019 13:02:43
* <ApplicationData>
* <Seaterm232>
# nquan = 18
# nvalues = 892                         
# units = specified
# name 0 = depFM: Depth [fresh water, m]
# name 1 = tv290C: Temperature [ITS-90, deg C]
# name 2 = sbeox0Mg/L: Oxygen, SBE 43 [mg/l]
# name 3 = sbeox0PS: Oxygen, SBE 43 [% saturation]
# name 4 = c0uS/cm: Conductivity [uS/cm]
# name 5 = specc: Specific Conductance [uS/cm]
# name 6 = ph: pH
# name 7 = orp: Oxidation Reduction Potential [mV]
# name 8 = flECO-AFL: Fluorescence, WET Labs ECO-AFL/FL [mg/m^3]
# name 9 = turbWETntu0: Turbidity, WET Labs ECO [NTU]
# name 10 = sal00: Salinity, Practical [PSU]
# name 11 = dz/dtM: Descent Rate [m/s]
# name 12 = prdM: Pressure, Strain Gauge [db]
# name 13 = prdE: Pressure, Strain Gauge [psi]
# name 14 = scan: Scan Count
# name 15 = par/sat/log: PAR/Logarithmic, Satlantic
# name 16 = density00: Density [density, kg/m^3]
# name 17 = flag:  0.000e+00
# span 0 =     -0.691,     10.567       
# span 1 =     8.4280,    27.4095       
# span 2 =    -0.7902,     8.2418       
# span 3 =     -7.274,    104.126       
# span 4 =  -0.174677, 152.092570       
# span 5 =     -0.040,    228.353       
# span 6 =      5.847,      7.337       
# span 7 =    44.3189,   550.5461       
# span 8 =    -0.1407,    21.3593       
# span 9 =    -0.5566,    23.8705       
# span 10 =     0.0000,     0.1058      
# span 11 =     -0.012,      0.145      
# span 12 =     -0.677,     10.360      
# span 13 =     -0.982,     15.026      
# span 14 =          1,        892      
# span 15 = 1.2346e-01, 1.2402e-01      
# span 16 =   996.4231,   999.9572      
# span 17 = 0.0000e+00, 0.0000e+00      
# interval = seconds: 0.25
# start_time = Jul 11 2019 04:47:08 [Instrument's time stamp, header]
# bad_flag = -9.990e-29
*END*
[from data line 483]
      4.366    18.9096     7.0708     75.604  24.156145     27.436      6.119   349.5619     1.8124     0.8422     0.0188      0.071      4.281      6.209        484 1.2383e-01   998.4308 0.0000e+00
      4.386    18.8412     7.0734     75.589  24.107710     27.384      6.114   349.7512     1.8392     0.9719     0.0188      0.076      4.300      6.237        485 1.2371e-01   998.4443 0.0000e+00
      4.404    18.7971     7.0729     75.539  24.130976     27.492      6.112   349.9783     1.8124     0.8854     0.0188      0.079      4.317      6.262        486 1.2360e-01   998.4584 0.0000e+00
      4.419    18.7686     7.0779     75.514  24.097599     27.471      6.109   349.9783     1.8163     0.8854     0.0187      0.080      4.332      6.283        487 1.2383e-01   998.4718 0.0000e+00
      4.430    18.7182     7.0761     75.418  24.030801     27.435      6.106   349.9783     1.7438     0.8277     0.0187      0.078      4.343      6.299        488 1.2390e-01   998.4803 0.0000e+00
      4.437    18.6659     7.0737     75.320  24.036418     27.452      6.106   349.8269     1.7400     0.7412     0.0187      0.070      4.352      6.311        489 1.2374e-01   998.4858 0.0000e+00
      4.445    18.6364     7.0808     75.278  24.031387     27.484      6.106   350.0162     1.7514     0.9287     0.0187      0.061      4.360      6.323        490 1.2371e-01   998.4956 0.0000e+00
      4.455    18.6160     7.0903     75.215  23.977845     27.454      6.109   350.0919     1.7705     0.9287     0.0187      0.053      4.368      6.335        491 1.2378e-01   998.5057 0.0000e+00
      4.462    18.6118     7.1001     75.158  23.984599     27.471      6.110   350.0162     1.5912     0.8998     0.0187      0.045      4.375      6.345        492 1.2375e-01   998.5115 0.0000e+00
      4.465    18.6100     7.0946     74.983  24.022992     27.550      6.110   350.1676     1.5607     0.8998     0.0187      0.038      4.380      6.352        493 1.2362e-01   998.5154 0.0000e+00
      4.471    18.5901     7.0901     74.869  23.989305     27.487      6.111   350.3191     1.5836     0.8422     0.0187      0.032      4.385      6.361        494 1.2379e-01   998.5161 0.0000e+00
      4.481    18.5641     7.0910     74.843  24.026524     27.553      6.113   350.1298     1.5836     0.8998     0.0187      0.029      4.394      6.373        495 1.2384e-01   998.5166 0.0000e+00
      4.490    18.5334     7.0894     74.858  23.976677     27.501      6.113   350.2055     1.6484     0.9143     0.0187      0.028      4.404      6.387        496 1.2369e-01   998.5204 0.0000e+00
      4.501    18.4839     7.0842     74.904  23.932878     27.454      6.118   350.2055     1.6217     0.9287     0.0186      0.029      4.414      6.402        497 1.2368e-01   998.5254 0.0000e+00
      4.511    18.4330     7.0944     75.093  23.903337     27.472      6.119   350.7733     1.6332     1.0008     0.0186      0.031      4.424      6.417        498 1.2371e-01   998.5312 0.0000e+00
      4.523    18.3857     7.1047     75.235  23.835751     27.376      6.126   350.2055     1.6408     0.8998     0.0186      0.033      4.438      6.437        499 1.2370e-01   998.5407 0.0000e+00
      4.542    18.3089     7.1195     75.348  23.898538     27.537      6.129   350.1298     1.7552     1.1450     0.0186      0.039      4.458      6.466        500 1.2376e-01   998.5505 0.0000e+00
      4.574    18.2035     7.1319     75.366  23.825215     27.437      6.119   350.1676     1.7743     1.0585     0.0186      0.049      4.483      6.502        501 1.2369e-01   998.5597 0.0000e+00
      4.597    18.0995     7.1401     75.327  23.749319     27.422      6.106   350.7733     1.7705     1.1450     0.0185      0.059      4.504      6.533        502 1.2357e-01   998.5742 0.0000e+00
      4.609    18.0235     7.1360     75.145  23.756085     27.489      6.099   351.1898     1.7400     1.1594     0.0185      0.066      4.518      6.552        503 1.2356e-01   998.5940 0.0000e+00
      4.615    17.9791     7.1252     74.900  23.698362     27.491      6.093   351.1141     1.5950     1.1017     0.0185      0.068      4.525      6.563        504 1.2372e-01   998.6134 0.0000e+00
      4.619    17.9567     7.1057     74.615  23.702720     27.540      6.089   351.0005     1.5759     1.1882     0.0185      0.066      4.529      6.569        505 1.2366e-01   998.6276 0.0000e+00
      4.621    17.9788     7.0778     74.250  23.750686     27.633      6.086   351.0005     1.5836     1.1450     0.0185      0.059      4.530      6.570        506 1.2365e-01   998.6358 0.0000e+00
      4.617    18.0421     7.0454     73.846  23.816383     27.712      6.079   350.9248     1.5683     1.1882     0.0185      0.047      4.528      6.567        507 1.2379e-01   998.6400 0.0000e+00
      4.614    18.0959     7.0000     73.347  23.828283     27.731      6.073   351.0383     1.5683     1.1161     0.0185      0.031      4.527      6.565        508 1.2363e-01   998.6359 0.0000e+00
      4.617    18.1164     6.9477     72.784  23.824719     27.656      6.081   350.9248     1.5721     0.9287     0.0185      0.016      4.530      6.569        509 1.2383e-01   998.6241 0.0000e+00
      4.624    18.0882     6.8884     72.110  23.791184     27.623      6.089   350.9626     1.5836     0.8854     0.0185      0.009      4.535      6.578        510 1.2393e-01   998.6142 0.0000e+00
      4.632    18.0160     6.8409     71.519  23.721918     27.479      6.098   350.8869     1.5645     0.8710     0.0185      0.007      4.543      6.590        511 1.2363e-01   998.6104 0.0000e+00
      4.641    17.9339     6.7880     70.841  23.733214     27.562      6.106   350.8112     1.5874     0.9431     0.0185      0.010      4.554      6.605        512 1.2372e-01   998.6157 0.0000e+00
      4.658    17.8445     6.7435     70.266  23.717902     27.544      6.114   351.8712     1.6866     0.8133     0.0185      0.017      4.569      6.626        513 1.2381e-01   998.6292 0.0000e+00
      4.679    17.7608     6.7033     69.744  23.681763     27.597      6.119   352.4769     1.6751     0.9143     0.0185      0.028      4.585      6.650        514 1.2366e-01   998.6444 0.0000e+00
      4.690    17.7071     6.6703     69.309  23.630134     27.556      6.107   352.3255     1.7018     0.7845     0.0184      0.038      4.597      6.667        515 1.2371e-01   998.6609 0.0000e+00
      4.694    17.6609     6.6362     68.876  23.604485     27.611      6.098   351.6819     1.6827     0.9719     0.0184      0.044      4.606      6.680        516 1.2366e-01   998.6762 0.0000e+00
      4.707    17.6188     6.6263     68.721  23.624860     27.645      6.099   351.3791     1.6446     0.9287     0.0184      0.047      4.617      6.697        517 1.2363e-01   998.6860 0.0000e+00
      4.724    17.6033     6.6241     68.666  23.604795     27.675      6.103   351.8333     1.6065     0.8277     0.0184      0.050      4.631      6.716        518 1.2363e-01   998.6945 0.0000e+00
      4.734    17.5925     6.6438     68.834  23.570238     27.638      6.103   351.6062     1.6217     0.8998     0.0184      0.050      4.642      6.733        519 1.2355e-01   998.7021 0.0000e+00
      4.742    17.5580     6.6642     69.051  23.549414     27.647      6.107   351.7198     1.6560     0.9143     0.0184      0.048      4.653      6.750        520 1.2379e-01   998.7049 0.0000e+00
      4.760    17.4936     6.6970     69.350  23.571484     27.654      6.111   351.4926     1.5797     0.9287     0.0184      0.047      4.672      6.776        521 1.2390e-01   998.7070 0.0000e+00
      4.791    17.4104     6.7303     69.633  23.602010     27.742      6.113   351.9848     1.5607     0.9287     0.0184      0.051      4.696      6.811        522 1.2373e-01   998.7134 0.0000e+00
      4.813    17.3331     6.7602     69.868  23.511437     27.652      6.114   351.8333     1.5683     0.8854     0.0183      0.059      4.719      6.845        523 1.2369e-01   998.7250 0.0000e+00
      4.832    17.2625     6.7840     70.053  23.447291     27.642      6.116   352.2498     1.5797     0.8422     0.0183      0.067      4.740      6.875        524 1.2360e-01   998.7400 0.0000e+00
      4.856    17.1991     6.8119     70.301  23.444934     27.692      6.114   352.2498     1.5378     0.8854     0.0183      0.074      4.761      6.905        525 1.2372e-01   998.7539 0.0000e+00
      4.877    17.1439     6.8480     70.656  23.395932     27.672      6.109   352.4012     1.5149     0.7989     0.0183      0.079      4.781      6.933        526 1.2395e-01   998.7663 0.0000e+00
      4.892    17.1086     6.8820     71.002  23.389832     27.714      6.105   352.4391     1.5111     0.8422     0.0183      0.083      4.796      6.956        527 1.2371e-01   998.7777 0.0000e+00
      4.903    17.0833     6.9204     71.412  23.334082     27.683      6.105   353.0448     1.5187     0.8710     0.0182      0.082      4.806      6.971        528 1.2366e-01   998.7874 0.0000e+00
      4.908    17.0627     6.9611     71.846  23.287635     27.642      6.097   353.0826     1.5073     0.8422     0.0182      0.074      4.812      6.979        529 1.2375e-01   998.7935 0.0000e+00
      4.909    17.0606     6.9947     72.183  23.388415     27.789      6.082   353.0826     1.5721     0.9719     0.0183      0.061      4.816      6.985        530 1.2365e-01   998.7981 0.0000e+00
      4.917    17.0372     7.0213     72.416  23.386368     27.806      6.079   352.8934     1.5607     0.8566     0.0182      0.051      4.824      6.998        531 1.2372e-01   998.8017 0.0000e+00
      4.935    16.9921     7.0464     72.560  23.290189     27.670      6.090   353.0069     1.5950     0.8710     0.0182      0.044      4.839      7.018        532 1.2381e-01   998.8021 0.0000e+00
      4.951    16.9434     7.0557     72.520  23.211951     27.622      6.095   353.3855     1.5759     0.9143     0.0182      0.040      4.855      7.041        533 1.2379e-01   998.8062 0.0000e+00
      4.965    16.9002     7.0584     72.381  23.157966     27.550      6.102   353.3855     1.5836     0.8854     0.0181      0.040      4.870      7.063        534 1.2376e-01   998.8141 0.0000e+00
      4.983    16.8742     7.0554     72.137  23.209306     27.684      6.110   353.8019     1.5607     0.8277     0.0182      0.043      4.883      7.083        535 1.2387e-01   998.8226 0.0000e+00
      4.991    16.8612     7.0416     71.823  23.236921     27.711      6.101   353.4612     1.5683     0.8854     0.0182      0.047      4.893      7.097        536 1.2368e-01   998.8302 0.0000e+00
      4.994    16.8584     7.0360     71.645  23.153230     27.663      6.092   353.7262     1.5950     0.8422     0.0181      0.049      4.898      7.104        537 1.2355e-01   998.8347 0.0000e+00
      5.000    16.8678     7.0537     71.713  23.165389     27.637      6.095   353.6126     1.6332     0.9287     0.0181      0.048      4.904      7.112        538 1.2387e-01   998.8369 0.0000e+00
      5.006    16.8763     7.0739     71.776  23.251410     27.806      6.101   353.7641     1.6446     0.7268     0.0182      0.044      4.910      7.121        539 1.2387e-01   998.8374 0.0000e+00
      5.012    16.8711     7.0948     71.841  23.253490     27.733      6.104   353.7262     1.6370     0.8133     0.0181      0.036      4.916      7.130        540 1.2379e-01   998.8359 0.0000e+00
      5.021    16.8413     7.1141     71.962  23.251645     27.793      6.107   353.7262     1.6141     0.9143     0.0182      0.031      4.926      7.144        541 1.2380e-01   998.8344 0.0000e+00
      5.036    16.7681     7.1294     72.070  23.105625     27.565      6.118   353.8398     1.5683     0.9719     0.0181      0.030      4.939      7.164        542 1.2352e-01   998.8354 0.0000e+00
      5.051    16.6776     7.1504     72.285  23.079823     27.582      6.124   353.5369     1.5874     0.8710     0.0181      0.031      4.953      7.184        543 1.2359e-01   998.8406 0.0000e+00
      5.064    16.5670     7.1711     72.508  23.076457     27.633      6.128   353.6884     1.5836     0.9287     0.0181      0.036      4.968      7.205        544 1.2379e-01   998.8532 0.0000e+00
      5.083    16.4291     7.2093     72.763  22.872913     27.424      6.130   353.8776     1.5607     0.9143     0.0180      0.043      4.984      7.228        545 1.2372e-01   998.8687 0.0000e+00
      5.098    16.3148     7.2511     73.048  22.800081     27.430      6.131   354.0291     1.6866     0.9287     0.0179      0.049      4.998      7.249        546 1.2380e-01   998.8874 0.0000e+00
      5.107    16.2345     7.3020     73.400  22.752515     27.455      6.132   353.9912     1.6522     0.8422     0.0179      0.053      5.011      7.268        547 1.2378e-01   998.9106 0.0000e+00
      5.124    16.1599     7.3511     73.682  22.754457     27.531      6.133   354.2941     1.6141     0.8566     0.0179      0.056      5.029      7.293        548 1.2372e-01   998.9298 0.0000e+00
      5.153    16.0660     7.3743     73.737  22.797698     27.651      6.134   354.6726     1.6217     0.8133     0.0179      0.061      5.053      7.329        549 1.2370e-01   998.9432 0.0000e+00
      5.182    15.9721     7.3853     73.724  22.669115     27.532      6.130   354.5212     1.6103     0.7845     0.0178      0.068      5.078      7.364        550 1.2369e-01   998.9556 0.0000e+00
      5.197    15.9211     7.3667     73.452  22.618354     27.526      6.125   354.5969     1.5950     0.7989     0.0178      0.072      5.094      7.389        551 1.2372e-01   998.9711 0.0000e+00
      5.206    15.8910     7.3410     73.121  22.683207     27.694      6.115   354.6348     1.6408     0.8566     0.0178      0.073      5.107      7.407        552 1.2369e-01   998.9864 0.0000e+00
      5.222    15.8954     7.3132     72.758  22.618045     27.624      6.117   354.7484     1.6332     0.8566     0.0178      0.073      5.121      7.427        553 1.2386e-01   998.9947 0.0000e+00
      5.237    15.8971     7.2883     72.352  22.610618     27.645      6.116   354.9376     1.6179     0.8710     0.0177      0.072      5.136      7.449        554 1.2383e-01   998.9997 0.0000e+00
      5.253    15.8199     7.2440     71.789  22.603614     27.643      6.117   355.0512     1.5683     1.0873     0.0177      0.071      5.152      7.472        555 1.2373e-01   998.9989 0.0000e+00
      5.271    15.7285     7.2122     71.352  22.567534     27.570      6.121   355.3541     1.5836     1.1882     0.0177      0.067      5.169      7.497        556 1.2378e-01   998.9987 0.0000e+00
      5.288    15.6263     7.1826     70.873  22.596295     27.695      6.120   355.6569     1.5721     1.0440     0.0177      0.062      5.185      7.521        557 1.2371e-01   999.0113 0.0000e+00
      5.304    15.4937     7.1478     70.365  22.567840     27.686      6.121   355.6569     1.5836     1.2027     0.0177      0.060      5.200      7.543        558 1.2382e-01   999.0260 0.0000e+00
      5.316    15.3809     7.1056     69.901  22.573359     27.790      6.122   355.5055     1.5569     1.2027     0.0177      0.061      5.214      7.563        559 1.2385e-01   999.0423 0.0000e+00
      5.332    15.3036     7.0391     69.361  22.559846     27.848      6.126   355.7326     1.5683     1.1161     0.0177      0.063      5.229      7.584        560 1.2375e-01   999.0632 0.0000e+00
      5.347    15.2469     6.9699     68.813  22.495850     27.856      6.125   355.8462     1.5683     1.0296     0.0176      0.062      5.243      7.604        561 1.2368e-01   999.0809 0.0000e+00
      5.359    15.2021     6.9071     68.278  22.504960     27.910      6.129   355.6948     1.5836     1.1306     0.0176      0.060      5.255      7.623        562 1.2367e-01   999.0929 0.0000e+00
