Data/DataAlreadyUploadedToEDI/CollatedDataForEDI/CTDData/CTD_2019 (not collated)/071119_bvr50_c.cnv
* Sea-Bird SBE19plus  Data File:
* FileName = C:\DATA\071019_bvr_0007.hex
* Software version 2.8.0.119
* Temperature SN = 7809
* Conductivity SN = 7809
* System UpLoad Time = Jul 12 2019 13:03:42
* <ApplicationData>
* <Seaterm232>
# nquan = 18
# nvalues = 781                         
# units = specified
# name 0 = depFM: Depth [fresh water, m]
# name 1 = tv290C: Temperature [ITS-90, deg C]
# name 2 = sbeox0Mg/L: Oxygen, SBE 43 [mg/l]
# name 3 = sbeox0PS: Oxygen, SBE 43 [% saturation]
# name 4 = c0uS/cm: Conductivity [uS/cm]
# name 5 = specc: Specific Conductance [uS/cm]
# name 6 = ph: pH
# name 7 = orp: Oxidation Reduction Potential [mV]
# name 8 = flECO-AFL: Fluorescence, WET Labs ECO-AFL/FL [mg/m^3]
# name 9 = turbWETntu0: Turbidity, WET Labs ECO [NTU]
# name 10 = sal00: Salinity, Practical [PSU]
# name 11 = dz/dtM: Descent Rate [m/s]
# name 12 = prdM: Pressure, Strain Gauge [db]
# name 13 = prdE: Pressure, Strain Gauge [psi]
# name 14 = scan: Scan Count
# name 15 = par/sat/log: PAR/Logarithmic, Satlantic
# name 16 = density00: Density [density, kg/m^3]
# name 17 = flag:  0.000e+00
# span 0 =     -0.691,     10.514       
# span 1 =     8.3669,    27.3166       
# span 2 =    -0.8541,     8.3175       
# span 3 =     -7.923,    100.579       
# span 4 =  -0.023588, 107.272299       
# span 5 =      0.195,    160.428       
# span 6 =      6.001,      7.964       
# span 7 =    12.8217,   321.5475       
# span 8 =    -0.1560,    14.0502       
# span 9 =    -0.5854,    21.2029       
# span 10 =     0.0108,     0.0741      
# span 11 =     -0.016,      0.168      
# span 12 =     -0.677,     10.310      
# span 13 =     -0.982,     14.953      
# span 14 =          1,        781      
# span 15 = 1.2344e-01, 5.9289e+01      
# span 16 =   996.4473,   999.9347      
# span 17 = 0.0000e+00, 0.0000e+00      
# interval = seconds: 0.25
# start_time = Jul 11 2019 07:10:46 [Instrument's time stamp, header]
# bad_flag = -9.990e-29
*END*
[from data line 483]
      4.959    16.5624     6.8610     68.802  23.158871     27.757      6.352   316.8154     1.6599     0.9575     0.0181      0.074      4.862      7.052        484 1.7484e+00   998.8676 0.0000e+00
      4.964    16.5407     6.9121     69.172  23.220172     27.876      6.345   316.4368     1.6408     0.9287     0.0181      0.074      4.872      7.066        485 1.7383e+00   998.8731 0.0000e+00
      4.983    16.4571     6.9580     69.481  23.211729     27.940      6.348   316.5504     1.6332     0.9719     0.0181      0.072      4.889      7.091        486 1.7238e+00   998.8878 0.0000e+00
      5.011    16.2202     6.9887     69.647  22.932471     27.581      6.351   316.3611     1.6293     0.8998     0.0180      0.072      4.911      7.124        487 1.7089e+00   998.8915 0.0000e+00
      5.031    16.0269     7.0120     69.750  22.856947     27.566      6.353   316.7775     1.7094     0.9431     0.0179      0.070      4.931      7.153        488 1.7033e+00   998.9056 0.0000e+00
      5.044    15.9406     7.0286     69.795  22.861519     27.732      6.358   316.7018     1.6980     0.9287     0.0179      0.067      4.947      7.176        489 1.6920e+00   998.9451 0.0000e+00
      5.061    15.8804     7.0392     69.777  22.808381     27.792      6.364   317.3075     1.6980     0.9719     0.0179      0.066      4.962      7.198        490 1.6726e+00   998.9769 0.0000e+00
      5.075    15.8100     7.0465     69.717  22.745440     27.783      6.364   317.2697     1.6942     0.8710     0.0178      0.067      4.974      7.216        491 1.6924e+00   998.9909 0.0000e+00
      5.083    15.7253     7.0513     69.623  22.673343     27.719      6.361   317.0804     1.8392     1.0008     0.0178      0.067      4.984      7.230        492 1.6693e+00   999.0006 0.0000e+00
      5.092    15.6202     7.0367     69.360  22.661205     27.769      6.365   317.2697     1.8239     0.8998     0.0178      0.064      4.994      7.244        493 1.6461e+00   999.0120 0.0000e+00
      5.103    15.5152     7.0119     69.022  22.612494     27.756      6.366   317.4211     1.8124     0.8133     0.0177      0.056      5.006      7.260        494 1.6524e+00   999.0256 0.0000e+00
      5.117    15.4183     6.9850     68.672  22.615529     27.830      6.373   317.6861     1.8163     0.8422     0.0177      0.050      5.021      7.282        495 1.6268e+00   999.0424 0.0000e+00
      5.140    15.3179     6.9492     68.239  22.568614     27.867      6.376   317.4968     1.4882     0.7845     0.0177      0.049      5.042      7.312        496 1.6074e+00   999.0590 0.0000e+00
      5.165    15.2239     6.9088     67.786  22.463608     27.761      6.375   317.5347     1.5187     0.9287     0.0176      0.054      5.065      7.346        497 1.5947e+00   999.0741 0.0000e+00
      5.187    15.1385     6.8762     67.434  22.479704     27.900      6.376   317.8754     1.5263     0.8422     0.0176      0.060      5.086      7.376        498 1.5914e+00   999.0899 0.0000e+00
      5.206    15.0580     6.8522     67.147  22.459769     27.895      6.377   318.3297     1.4920     0.8422     0.0176      0.067      5.106      7.406        499 1.5838e+00   999.1044 0.0000e+00
      5.228    14.9768     6.8496     67.030  22.488445     28.025      6.380   318.5190     1.4386     1.1017     0.0176      0.074      5.127      7.437        500 1.5625e+00   999.1176 0.0000e+00
      5.252    14.8884     6.8540     66.949  22.503272     28.081      6.378   318.9733     1.4539     1.1306     0.0176      0.081      5.150      7.469        501 1.5455e+00   999.1301 0.0000e+00
      5.274    14.7956     6.8783     67.054  22.441343     28.068      6.379   319.3140     1.4577     1.1450     0.0176      0.085      5.171      7.499        502 1.5104e+00   999.1424 0.0000e+00
      5.292    14.7159     6.9044     67.179  22.447082     28.130      6.380   319.3140     1.4539     1.0585     0.0176      0.086      5.188      7.525        503 1.5010e+00   999.1557 0.0000e+00
      5.306    14.6535     6.9395     67.423  22.466544     28.231      6.379   319.9197     1.4958     1.3469     0.0176      0.082      5.202      7.546        504 1.5219e+00   999.1696 0.0000e+00
      5.319    14.5965     6.9584     67.612  22.446767     28.252      6.382   319.9575     1.5073     1.4045     0.0175      0.078      5.216      7.566        505 1.5298e+00   999.1815 0.0000e+00
      5.332    14.5421     6.9903     67.910  22.442103     28.297      6.386   319.8061     1.5263     1.4622     0.0175      0.073      5.230      7.586        506 1.5121e+00   999.1907 0.0000e+00
      5.349    14.5044     7.0482     68.319  22.383523     28.267      6.385   319.6925     1.5416     1.3613     0.0175      0.069      5.247      7.610        507 1.4698e+00   999.1991 0.0000e+00
      5.371    14.4819     7.0960     68.597  22.341998     28.236      6.387   320.0711     1.5111     1.3036     0.0175      0.066      5.267      7.639        508 1.4424e+00   999.2071 0.0000e+00
      5.392    14.4460     7.1338     68.826  22.375338     28.333      6.383   320.2225     1.7743     1.5920     0.0175      0.065      5.287      7.669        509 1.4280e+00   999.2127 0.0000e+00
      5.412    14.3838     7.1597     68.966  22.342045     28.278      6.386   320.3740     1.7781     1.6064     0.0175      0.066      5.308      7.699        510 1.4154e+00   999.2161 0.0000e+00
      5.435    14.2994     7.1574     68.853  22.264981     28.233      6.382   320.2225     1.7552     1.6208     0.0174      0.070      5.330      7.731        511 1.4060e+00   999.2214 0.0000e+00
      5.459    14.2093     7.1100     68.371  22.234337     28.207      6.379   320.2604     1.7629     1.6208     0.0174      0.076      5.354      7.765        512 1.4088e+00   999.2304 0.0000e+00
      5.483    14.1203     7.0318     67.637  22.202512     28.268      6.383   319.9954     2.1253     1.5343     0.0174      0.082      5.377      7.799        513 1.3847e+00   999.2425 0.0000e+00
      5.506    14.0576     6.9228     66.599  22.097311     28.155      6.377   320.1090     2.1253     1.7073     0.0173      0.086      5.399      7.830        514 1.3271e+00   999.2554 0.0000e+00
      5.527    14.0592     6.8298     65.700  22.128370     28.290      6.374   320.3361     2.1329     1.6785     0.0173      0.088      5.418      7.858        515 1.3351e+00   999.2681 0.0000e+00
      5.541    14.0480     6.7527     64.915  22.223113     28.445      6.373   320.4875     2.1176     1.4910     0.0174      0.086      5.435      7.883        516 1.3275e+00   999.2769 0.0000e+00
      5.562    13.9492     6.6922     64.210  22.275565     28.513      6.375   321.1690     4.5553     2.0246     0.0174      0.085      5.455      7.912        517 1.2970e+00   999.2768 0.0000e+00
      5.587    13.8266     6.6464     63.630  22.211172     28.448      6.376   320.9418     4.5820     2.0967     0.0174      0.084      5.478      7.945        518 1.2932e+00   999.2785 0.0000e+00
      5.608    13.7369     6.6061     63.131  22.392102     28.701      6.370   321.2447     4.5553     2.0967     0.0174      0.083      5.499      7.975        519 1.2625e+00   999.2924 0.0000e+00
      5.626    13.6639     6.5398     62.416  22.938881     29.583      6.372   321.0933     4.5629     2.0967     0.0177      0.081      5.518      8.002        520 1.2390e+00   999.3096 0.0000e+00
      5.644    13.6055     6.4688     61.668  22.863433     29.507      6.373   321.5475     5.4861     2.5870     0.0177      0.079      5.533      8.024        521 1.2378e+00   999.3219 0.0000e+00
      5.655    13.5879     6.4081     61.013  22.574868     29.165      6.363   321.0933     5.4975     2.6735     0.0175      0.076      5.542      8.039        522 1.2353e+00   999.3317 0.0000e+00
      5.656    13.5993     6.3980     60.828  22.646479     29.355      6.357   321.2447     5.5128     2.6879     0.0176      0.070      5.547      8.045        523 1.2207e+00   999.3395 0.0000e+00
      5.659    13.6059     6.4524     61.255  22.685482     29.368      6.356   321.0933     5.5051     2.6735     0.0176      0.061      5.549      8.049        524 1.2480e+00   999.3420 0.0000e+00
      5.660    13.6037     6.5465     62.056  22.644796     29.359      6.356   321.0933     5.4784     2.6735     0.0176      0.048      5.554      8.055        525 1.2479e+00   999.3405 0.0000e+00
      5.669    13.5713     6.6497     62.958  22.845188     29.535      6.359   320.2604     6.4474     2.6590     0.0176      0.037      5.567      8.073        526 1.2233e+00   999.3397 0.0000e+00
      5.701    13.4872     6.7449     63.810  23.087638     29.970      6.366   319.4654     6.4359     2.7167     0.0178      0.035      5.593      8.111        527 1.1785e+00   999.3403 0.0000e+00
      5.738    13.3874     6.8562     64.822  22.846541     29.560      6.368   319.0111     6.4436     2.7456     0.0176      0.043      5.623      8.156        528 1.1352e+00   999.3446 0.0000e+00
      5.762    13.3070     6.9964     66.102  22.641775     29.445      6.363   318.5190     6.4397     2.6735     0.0175      0.054      5.648      8.191        529 1.1617e+00   999.3558 0.0000e+00
      5.776    13.2474     7.1241     67.269  22.454024     29.230      6.362   319.0868     9.7929     2.8177     0.0174      0.065      5.665      8.215        530 1.1486e+00   999.3690 0.0000e+00
      5.790    13.1965     7.2112     68.060  22.132542     28.892      6.362   319.0490     9.8196     2.9474     0.0172      0.076      5.680      8.238        531 1.1403e+00   999.3795 0.0000e+00
      5.810    13.1399     7.2352     68.266  22.094206     28.863      6.363   318.8975     9.8158     2.9186     0.0172      0.083      5.699      8.266        532 1.1192e+00   999.3873 0.0000e+00
      5.835    13.0755     7.2132     68.021  22.324063     29.231      6.361   312.6511     9.7738     2.9186     0.0173      0.087      5.722      8.299        533 1.1236e+00   999.3941 0.0000e+00
      5.860    13.0090     7.1311     67.212  22.349953     29.310      6.362   309.5847    13.2262     3.5098     0.0173      0.087      5.746      8.334        534 1.1121e+00   999.4015 0.0000e+00
      5.884    12.9433     6.9946     65.902  22.032389     28.920      6.360   308.5625    13.1919     3.5387     0.0172      0.083      5.767      8.365        535 1.0275e+00   999.4097 0.0000e+00
      5.899    12.8890     6.8005     64.085  21.801234     28.677      6.358   306.9346    13.2300     3.6540     0.0170      0.080      5.782      8.386        536 1.0312e+00   999.4182 0.0000e+00
      5.903    12.8542     6.5677     61.818  21.808439     28.727      6.356   303.6032    13.1842     3.6540     0.0170      0.077      5.790      8.398        537 1.0340e+00   999.4266 0.0000e+00
      5.912    12.8252     6.3269     59.400  21.904987     28.916      6.358   298.3032     9.4191     3.1782     0.0171      0.073      5.797      8.409        538 1.0049e+00   999.4335 0.0000e+00
      5.921    12.7959     6.0917     57.061  21.977240     29.016      6.355   295.7668     9.3924     3.1349     0.0171      0.066      5.807      8.423        539 1.0205e+00   999.4379 0.0000e+00
      5.931    12.7689     5.8223     54.439  22.073904     29.185      6.358   293.8360     9.4496     3.0916     0.0172      0.057      5.821      8.443        540 1.0162e+00   999.4416 0.0000e+00
      5.957    12.7495     5.4707     51.063  22.110457     29.245      6.358   290.9967     9.4496     3.1349     0.0172      0.052      5.843      8.475        541 9.8305e-01   999.4454 0.0000e+00
      5.989    12.7339     5.0034     46.618  22.139061     29.302      6.359   290.3153    10.0485     3.3079     0.0172      0.054      5.867      8.509        542 9.4829e-01   999.4489 0.0000e+00
      5.999    12.7120     4.4279     41.189  22.216003     29.430      6.353   288.7253    10.0218     3.3079     0.0172      0.056      5.880      8.528        543 9.2206e-01   999.4514 0.0000e+00
      5.999    12.6863     3.7373     34.722  22.222013     29.440      6.355   283.1224    10.0485     3.3368     0.0172      0.057      5.887      8.539        544 9.3013e-01   999.4534 0.0000e+00
      6.013    12.6742     3.0154     27.993  22.338890     29.607      6.360   280.5860    10.0371     3.4377     0.0173      0.060      5.898      8.555        545 9.2084e-01   999.4562 0.0000e+00
      6.031    12.6777     2.2695     21.055  22.366705     29.699      6.361   279.6017    10.0332     3.3512     0.0173      0.061      5.916      8.581        546 9.0500e-01   999.4594 0.0000e+00
      6.055    12.6261     1.5032     13.938  22.424324     29.711      6.361   278.1631    13.0774     3.7838     0.0173      0.063      5.940      8.616        547 8.8189e-01   999.4611 0.0000e+00
      6.086    12.5142     0.8093      7.502  22.889111     30.409      6.360   277.1788    13.0850     3.8415     0.0176      0.066      5.967      8.655        548 8.3091e-01   999.4610 0.0000e+00
      6.114    12.4125     0.2332      2.162  23.120985     30.711      6.361   276.9517    13.0774     3.7982     0.0177      0.069      5.994      8.693        549 8.1390e-01   999.4675 0.0000e+00
      6.134    12.3326    -0.2081     -1.931  23.083474     30.767      6.360   277.2546    13.0850     3.7838     0.0177      0.075      6.017      8.726        550 7.8887e-01   999.4811 0.0000e+00
      6.157    12.2558    -0.5605     -5.204  23.143132     30.925      6.358   277.5953    14.0273     3.6829     0.0177      0.085      6.039      8.758        551 7.6971e-01   999.4935 0.0000e+00
      6.182    12.1773    -0.7609     -7.061  23.224471     31.103      6.355   278.7310    14.0311     3.8126     0.0177      0.093      6.060      8.790        552 7.4344e-01   999.5032 0.0000e+00
      6.201    12.1061    -0.8541     -7.923  23.456138     31.467      6.355   279.5260    14.0502     3.8415     0.0179      0.095      6.080      8.818        553 7.3075e-01   999.5125 0.0000e+00
      6.216    12.0522    -0.8302     -7.697  23.684112     31.871      6.353   280.0939    14.0464     3.8847     0.0180      0.092      6.096      8.841        554 7.2049e-01   999.5218 0.0000e+00
      6.231    12.0168    -0.7426     -6.879  23.710818     31.932      6.351   280.3210    12.8447     4.6922     0.0180      0.086      6.111      8.862        555 6.6022e-01   999.5301 0.0000e+00
      6.247    11.9880    -0.6088     -5.635  23.719094     32.017      6.351   280.7753    12.8447     4.6922     0.0180      0.079      6.126      8.884        556 6.5477e-01   999.5364 0.0000e+00
      6.261    11.9644    -0.4673     -4.322  23.703449     32.009      6.350   280.9267    12.8371     4.7932     0.0180      0.073      6.139      8.903        557 6.7246e-01   999.5405 0.0000e+00
      6.271    11.9497    -0.3474     -3.210  23.700685     32.034      6.349   281.2296    12.8638     4.7355     0.0180      0.067      6.149      8.917        558 6.6010e-01   999.5439 0.0000e+00
      6.276    11.9663    -0.2242     -2.070  23.692926     32.055      6.348   281.2296    12.2496     4.9230     0.0180      0.059      6.154      8.926        559 6.5955e-01   999.5465 0.0000e+00
      6.278    12.0102    -0.1386     -1.278  23.624262     31.954      6.346   282.0624    12.2649     5.0383     0.0179      0.049      6.157      8.931        560 6.6638e-01   999.5483 0.0000e+00
      6.281    12.0225    -0.0686     -0.632  23.608437     31.941      6.342   282.8953    12.2572     5.0383     0.0179      0.041      6.161      8.936        561 6.5998e-01   999.5464 0.0000e+00
      6.289    12.0014    -0.0231     -0.213  23.623762     31.901      6.344   283.3874    12.2687     4.9951     0.0179      0.034      6.168      8.946        562 6.5463e-01   999.5414 0.0000e+00
