Data/DataAlreadyUploadedToEDI/CollatedDataForEDI/CTDData/CTD_2019 (not collated)/071119_bvr50_c.cnv
* Sea-Bird SBE19plus  Data File:
* FileName = C:\DATA\071019_bvr_0007.hex
* Software version 2.8.0.119
* Temperature SN = 7809
* Conductivity SN = 7809
* System UpLoad Time = Jul 12 2019 13:03:42
* <ApplicationData>
* <Seaterm232>
# nquan = 18
# nvalues = 781                         
# units = specified
# name 0 = depFM: Depth [fresh water, m]
# name 1 = tv290C: Temperature [ITS-90, deg C]
# name 2 = sbeox0Mg/L: Oxygen, SBE 43 [mg/l]
# name 3 = sbeox0PS: Oxygen, SBE 43 [% saturation]
# name 4 = c0uS/cm: Conductivity [uS/cm]
# name 5 = specc: Specific Conductance [uS/cm]
# name 6 = ph: pH
# name 7 = orp: Oxidation Reduction Potential [mV]
# name 8 = flECO-AFL: Fluorescence, WET Labs ECO-AFL/FL [mg/m^3]
# name 9 = turbWETntu0: Turbidity, WET Labs ECO [NTU]
# name 10 = sal00: Salinity, Practical [PSU]
# name 11 = dz/dtM: Descent Rate [m/s]
# name 12 = prdM: Pressure, Strain Gauge [db]
# name 13 = prdE: Pressure, Strain Gauge [psi]
# name 14 = scan: Scan Count
# name 15 = par/sat/log: PAR/Logarithmic, Satlantic
# name 16 = density00: Density [density, kg/m^3]
# name 17 = flag:  0.000e+00
# span 0 =     -0.691,     10.514       
# span 1 =     8.3669,    27.3166       
# span 2 =    -0.8541,     8.3175       
# span 3 =     -7.923,    100.579       
# span 4 =  -0.023588, 107.272299       
# span 5 =      0.195,    160.428       
# span 6 =      6.001,      7.964       
# span 7 =    12.8217,   321.5475       
# span 8 =    -0.1560,    14.0502       
# span 9 =    -0.5854,    21.2029       
# span 10 =     0.0108,     0.0741      
# span 11 =     -0.016,      0.168      
# span 12 =     -0.677,     10.310      
# span 13 =     -0.982,     14.953      
# span 14 =          1,        781      
# span 15 = 1.2344e-01, 5.9289e+01      
# span 16 =   996.4473,   999.9347      
# span 17 = 0.0000e+00, 0.0000e+00      
# interval = seconds: 0.25
# start_time = Jul 11 2019 07:10:46 [Instrument's time stamp, header]
# bad_flag = -9.990e-29
*END*
[from data line 242]
      1.352    27.3124     7.3443     92.695  27.773517     26.543      6.433   284.9017     0.8244     0.9287     0.0209      0.056      1.325      1.924        243 9.3402e+00   996.4507 0.0000e+00
      1.369    27.3137     7.3406     92.648  27.828413     26.597      6.426   285.2046     0.8969     0.9287     0.0209      0.061      1.340      1.944        244 9.2906e+00   996.4506 0.0000e+00
      1.378    27.3140     7.3289     92.496  27.828103     26.596      6.416   284.9774     0.9122     0.8998     0.0209      0.062      1.350      1.959        245 9.2921e+00   996.4503 0.0000e+00
      1.385    27.3141     7.3274     92.476  27.773902     26.542      6.410   284.8260     0.8893     0.7412     0.0209      0.061      1.359      1.971        246 9.2513e+00   996.4500 0.0000e+00
      1.395    27.3142     7.3296     92.502  27.777379     26.542      6.405   285.4317     0.8893     0.8422     0.0209      0.057      1.366      1.981        247 9.2019e+00   996.4499 0.0000e+00
      1.397    27.3141     7.3286     92.488  27.823777     26.595      6.386   284.9017     0.9045     0.8854     0.0209      0.049      1.371      1.989        248 9.1681e+00   996.4499 0.0000e+00
      1.403    27.3140     7.3316     92.524  27.834647     26.595      6.384   284.9774     0.9084     0.8710     0.0209      0.040      1.379      2.001        249 9.1193e+00   996.4499 0.0000e+00
      1.420    27.3138     7.3270     92.462  27.852716     26.622      6.398   285.2424     0.9045     0.8422     0.0209      0.037      1.394      2.022        250 9.0812e+00   996.4500 0.0000e+00
      1.442    27.3123     7.3266     92.456  27.830911     26.595      6.412   285.0532     0.8816     0.8422     0.0209      0.037      1.413      2.050        251 9.0390e+00   996.4502 0.0000e+00
      1.461    27.3113     7.3231     92.411  27.832161     26.595      6.419   285.0532     0.8969     0.9575     0.0209      0.042      1.433      2.079        252 8.9654e+00   996.4503 0.0000e+00
      1.483    27.3118     7.3218     92.391  27.821538     26.596      6.426   285.4696     0.8969     0.9719     0.0209      0.050      1.454      2.109        253 8.8996e+00   996.4508 0.0000e+00
      1.504    27.3113     7.3241     92.419  27.784888     26.543      6.426   285.5074     0.9122     1.0008     0.0209      0.059      1.475      2.139        254 8.8349e+00   996.4512 0.0000e+00
      1.525    27.3093     7.3334     92.539  27.818530     26.596      6.428   285.6589     0.8969     0.9287     0.0209      0.068      1.496      2.169        255 8.7725e+00   996.4511 0.0000e+00
      1.545    27.3082     7.3430     92.656  27.838916     26.596      6.424   285.5453     0.9274     0.8998     0.0209      0.076      1.516      2.198        256 8.7359e+00   996.4514 0.0000e+00
      1.565    27.3076     7.3525     92.774  27.818761     26.598      6.414   286.1132     0.8969     0.8710     0.0209      0.081      1.533      2.224        257 8.6806e+00   996.4520 0.0000e+00
      1.579    27.3066     7.3674     92.963  27.784369     26.545      6.402   285.9617     0.9084     0.8998     0.0209      0.080      1.548      2.245        258 8.6880e+00   996.4524 0.0000e+00
      1.590    27.3048     7.3738     93.043  27.822473     26.598      6.400   285.8103     0.8931     0.8133     0.0209      0.075      1.560      2.262        259 8.6710e+00   996.4526 0.0000e+00
      1.602    27.3031     7.3737     93.042  27.830585     26.599      6.403   286.2646     0.8893     0.8133     0.0209      0.070      1.570      2.277        260 8.5079e+00   996.4529 0.0000e+00
      1.611    27.3024     7.3681     92.972  27.833517     26.600      6.407   286.1132     0.9007     0.8998     0.0209      0.063      1.579      2.290        261 8.4831e+00   996.4535 0.0000e+00
      1.617    27.3019     7.3598     92.865  27.818824     26.601      6.407   286.1132     0.9045     0.9719     0.0209      0.055      1.587      2.301        262 8.4879e+00   996.4540 0.0000e+00
      1.626    27.3000     7.3456     92.683  27.789629     26.548      6.403   286.0374     0.8931     0.9719     0.0209      0.048      1.599      2.318        263 8.3653e+00   996.4542 0.0000e+00
      1.648    27.2993     7.3398     92.605  27.840231     26.628      6.404   286.1889     0.9045     0.8710     0.0209      0.045      1.617      2.344        264 8.2922e+00   996.4544 0.0000e+00
      1.670    27.3003     7.3257     92.422  27.844715     26.602      6.406   286.3403     1.0037     1.0440     0.0209      0.047      1.639      2.376        265 8.2430e+00   996.4550 0.0000e+00
      1.695    27.2984     7.3199     92.345  27.813670     26.603      6.406   286.5296     1.0419     1.1161     0.0209      0.053      1.659      2.406        266 8.1698e+00   996.4554 0.0000e+00
      1.712    27.2967     7.3199     92.347  27.790002     26.549      6.385   286.8324     1.0495     1.1161     0.0209      0.060      1.673      2.426        267 8.1657e+00   996.4552 0.0000e+00
      1.709    27.2971     7.3155     92.290  27.814926     26.603      6.366   286.6810     1.0075     1.0440     0.0209      0.061      1.676      2.430        268 8.2030e+00   996.4556 0.0000e+00
      1.705    27.2973     7.3095     92.214  27.841895     26.604      6.378   286.6810     0.8969     0.9864     0.0209      0.057      1.676      2.430        269 8.1811e+00   996.4561 0.0000e+00
      1.714    27.2978     7.3091     92.207  27.845305     26.630      6.395   286.7946     0.8778     0.8133     0.0209      0.052      1.682      2.440        270 8.1946e+00   996.4560 0.0000e+00
      1.726    27.2975     7.3104     92.221  27.840305     26.604      6.409   287.0596     0.9045     0.9287     0.0209      0.045      1.693      2.456        271 8.2274e+00   996.4560 0.0000e+00
      1.738    27.2965     7.3129     92.251  27.818496     26.603      6.424   286.9839     0.9236     0.8566     0.0209      0.037      1.707      2.477        272 8.2136e+00   996.4560 0.0000e+00
      1.761    27.2947     7.3171     92.304  27.783581     26.550      6.434   287.2489     0.8969     0.8854     0.0209      0.034      1.725      2.502        273 8.1783e+00   996.4561 0.0000e+00
      1.778    27.2916     7.3151     92.278  27.824514     26.604      6.430   287.2110     0.9084     0.9287     0.0209      0.037      1.742      2.526        274 8.1479e+00   996.4564 0.0000e+00
      1.788    27.2885     7.3163     92.293  27.826799     26.605      6.426   287.4003     0.8931     0.9431     0.0209      0.042      1.755      2.546        275 8.1115e+00   996.4570 0.0000e+00
      1.804    27.2870     7.3161     92.289  27.780738     26.553      6.424   287.1732     0.9122     0.8710     0.0209      0.052      1.770      2.568        276 8.0274e+00   996.4580 0.0000e+00
      1.824    27.2869     7.3166     92.297  27.822594     26.608      6.426   287.1732     0.9732     1.1594     0.0209      0.060      1.787      2.591        277 7.9656e+00   996.4590 0.0000e+00
      1.837    27.2869     7.3189     92.326  27.833954     26.609      6.413   287.4003     0.9160     1.1450     0.0209      0.062      1.799      2.608        278 7.9430e+00   996.4594 0.0000e+00
      1.841    27.2866     7.3191     92.327  27.825845     26.609      6.399   287.4382     0.9618     1.0585     0.0209      0.060      1.804      2.616        279 7.8884e+00   996.4594 0.0000e+00
      1.841    27.2857     7.3194     92.332  27.832686     26.609      6.392   287.3246     0.9389     1.1882     0.0209      0.053      1.805      2.618        280 7.8582e+00   996.4594 0.0000e+00
      1.839    27.2839     7.3244     92.394  27.825440     26.609      6.404   287.3624     0.9770     1.0296     0.0209      0.042      1.805      2.618        281 7.8453e+00   996.4595 0.0000e+00
      1.842    27.2827     7.3289     92.451  27.834863     26.609      6.414   287.5139     0.8969     0.8133     0.0209      0.033      1.808      2.622        282 7.8023e+00   996.4598 0.0000e+00
      1.850    27.2824     7.3345     92.521  27.850582     26.637      6.422   287.5896     0.8740     0.7268     0.0209      0.026      1.814      2.632        283 7.7583e+00   996.4603 0.0000e+00
      1.858    27.2822     7.3356     92.535  27.835501     26.611      6.424   287.5896     0.9045     0.8566     0.0209      0.020      1.823      2.645        284 7.7119e+00   996.4607 0.0000e+00
      1.871    27.2821     7.3332     92.505  27.824011     26.611      6.433   287.5517     0.9236     0.9287     0.0209      0.018      1.835      2.662        285 7.6835e+00   996.4608 0.0000e+00
      1.884    27.2819     7.3341     92.517  27.835259     26.611      6.433   287.8925     0.9465     0.8710     0.0209      0.021      1.849      2.681        286 7.6478e+00   996.4610 0.0000e+00
      1.900    27.2822     7.3400     92.592  27.821503     26.611      6.437   288.3467     0.9503     0.8710     0.0209      0.029      1.866      2.705        287 7.5955e+00   996.4610 0.0000e+00
      1.922    27.2823     7.3424     92.623  27.781887     26.558      6.434   287.9682     0.9541     0.8998     0.0209      0.040      1.884      2.732        288 7.5639e+00   996.4611 0.0000e+00
      1.939    27.2821     7.3391     92.582  27.825317     26.611      6.430   288.3089     0.9694     0.8710     0.0209      0.050      1.900      2.756        289 7.5535e+00   996.4612 0.0000e+00
      1.951    27.2820     7.3334     92.508  27.856319     26.638      6.423   288.6496     0.9122     1.1017     0.0209      0.056      1.911      2.772        290 7.5376e+00   996.4612 0.0000e+00
      1.955    27.2814     7.3275     92.427  27.832170     26.611      6.400   288.2332     0.8816     1.0873     0.0209      0.057      1.918      2.782        291 7.5492e+00   996.4613 0.0000e+00
      1.962    27.2812     7.3210     92.335  27.825749     26.611      6.390   288.1196     0.8893     1.0873     0.0209      0.055      1.926      2.794        292 7.5599e+00   996.4613 0.0000e+00
      1.977    27.2815     7.3140     92.243  27.834689     26.612      6.395   288.5360     0.9160     1.1306     0.0209      0.052      1.937      2.809        293 7.5004e+00   996.4615 0.0000e+00
      1.986    27.2817     7.2961     92.012  27.821044     26.612      6.391   288.7253     0.8893     0.8710     0.0209      0.048      1.946      2.822        294 7.5164e+00   996.4616 0.0000e+00
      1.990    27.2818     7.2845     91.861  27.783487     26.558      6.387   288.5739     0.9045     0.8998     0.0209      0.041      1.952      2.831        295 7.5190e+00   996.4616 0.0000e+00
      1.995    27.2820     7.2687     91.660  27.822185     26.611      6.387   288.3846     0.9160     0.8998     0.0209      0.035      1.960      2.843        296 7.4343e+00   996.4615 0.0000e+00
      2.013    27.2825     7.2519     91.451  27.861749     26.638      6.397   288.8010     0.9274     0.8710     0.0209      0.034      1.974      2.864        297 7.4069e+00   996.4616 0.0000e+00
      2.031    27.2830     7.2519     91.454  27.823116     26.611      6.407   288.5360     0.7748     0.7845     0.0209      0.038      1.991      2.888        298 7.3410e+00   996.4617 0.0000e+00
      2.046    27.2831     7.2602     91.558  27.781400     26.558      6.409   288.6496     0.7672     0.7989     0.0209      0.043      2.007      2.910        299 7.2778e+00   996.4616 0.0000e+00
      2.062    27.2820     7.2726     91.718  27.824800     26.611      6.419   288.7632     0.7672     0.8422     0.0209      0.047      2.022      2.933        300 7.2333e+00   996.4615 0.0000e+00
      2.078    27.2779     7.2877     91.911  27.828347     26.611      6.416   288.8767     0.8015     0.8566     0.0209      0.051      2.037      2.955        301 7.1223e+00   996.4615 0.0000e+00
      2.093    27.2726     7.2999     92.067  27.836227     26.611      6.416   289.4446     0.7634     0.9719     0.0209      0.056      2.049      2.973        302 7.0831e+00   996.4619 0.0000e+00
      2.098    27.2695     7.3169     92.284  27.844615     26.640      6.387   288.9525     0.8473     0.9287     0.0209      0.058      2.057      2.984        303 7.1138e+00   996.4630 0.0000e+00
      2.104    27.2665     7.3198     92.320  27.788290     26.563      6.385   289.4067     0.8244     0.8277     0.0209      0.055      2.064      2.993        304 7.0890e+00   996.4646 0.0000e+00
      2.113    27.2635     7.3310     92.461  27.817462     26.618      6.384   289.5582     0.8359     0.8422     0.0209      0.049      2.070      3.003        305 7.0814e+00   996.4655 0.0000e+00
      2.116    27.2627     7.3277     92.418  27.837935     26.619      6.378   289.4067     0.8397     0.8998     0.0209      0.042      2.074      3.009        306 7.0843e+00   996.4664 0.0000e+00
      2.117    27.2640     7.3287     92.423  27.822055     26.621      6.375   289.4825     0.9579     0.9287     0.0209      0.034      2.076      3.011        307 7.0677e+00   996.4672 0.0000e+00
      2.118    27.2653     7.3150     92.243  27.777981     26.568      6.376   289.4825     0.9618     0.9431     0.0209      0.026      2.078      3.015        308 7.0926e+00   996.4674 0.0000e+00
      2.123    27.2659     7.2992     92.035  27.774299     26.567      6.384   289.5960     0.9923     1.0008     0.0209      0.020      2.083      3.021        309 7.0614e+00   996.4670 0.0000e+00
      2.132    27.2677     7.2904     91.918  27.856258     26.646      6.394   289.8610     0.9465     0.8710     0.0209      0.017      2.088      3.030        310 7.0387e+00   996.4667 0.0000e+00
      2.134    27.2694     7.2901     91.907  27.824091     26.620      6.398   289.5203     0.9084     0.8998     0.0209      0.016      2.093      3.036        311 7.0514e+00   996.4665 0.0000e+00
      2.137    27.2707     7.2842     91.827  27.784710     26.565      6.402   289.7853     0.9084     0.8710     0.0209      0.015      2.097      3.042        312 7.0246e+00   996.4660 0.0000e+00
      2.145    27.2720     7.2857     91.840  27.816402     26.618      6.414   290.0125     0.8855     0.8422     0.0209      0.015      2.107      3.055        313 7.0095e+00   996.4657 0.0000e+00
      2.163    27.2718     7.2952     91.950  27.784649     26.564      6.426   290.0503     0.9007     0.8998     0.0209      0.021      2.122      3.079        314 6.9471e+00   996.4653 0.0000e+00
      2.186    27.2716     7.3054     92.052  27.824225     26.616      6.427   290.2396     0.9427     0.8422     0.0209      0.030      2.142      3.107        315 6.8797e+00   996.4651 0.0000e+00
      2.204    27.2705     7.3107     92.085  27.885636     26.670      6.431   290.3153     0.9579     0.8277     0.0209      0.039      2.162      3.135        316 6.8372e+00   996.4653 0.0000e+00
      2.223    27.2668     7.3143     92.107  27.856332     26.643      6.429   290.0882     0.9312     0.9287     0.0209      0.049      2.182      3.164        317 6.7576e+00   996.4654 0.0000e+00
      2.249    27.2621     7.3185     92.133  27.831073     26.617      6.420   290.0882     0.9389     0.8566     0.0209      0.060      2.204      3.197        318 6.6891e+00   996.4657 0.0000e+00
      2.270    27.2568     7.3273     92.214  27.828207     26.619      6.418   290.3153     0.9846     0.8422     0.0209      0.070      2.226      3.229        319 6.5836e+00   996.4670 0.0000e+00
      2.293    27.2522     7.3339     92.259  27.830278     26.621      6.412   290.6182     0.9618     0.8133     0.0209      0.079      2.247      3.259        320 6.5058e+00   996.4684 0.0000e+00
      2.313    27.2490     7.3315     92.184  27.828498     26.624      6.401   290.1639     0.9389     0.9431     0.0209      0.083      2.267      3.288        321 6.4826e+00   996.4699 0.0000e+00
