Data/DataAlreadyUploadedToEDI/CollatedDataForEDI/CTDData/CTD_2019 (not collated)/071119_bvr50_b.cnv
* Sea-Bird SBE19plus  Data File:
* FileName = C:\DATA\071019_bvr_0006.hex
* Software version 2.8.0.119
* Temperature SN = 7809
* Conductivity SN = 7809
* System UpLoad Time = Jul 12 2019 13:03:17
* <ApplicationData>
* <Seaterm232>
# nquan = 18
# nvalues = 1163                        
# units = specified
# name 0 = depFM: Depth [fresh water, m]
# name 1 = tv290C: Temperature [ITS-90, deg C]
# name 2 = sbeox0Mg/L: Oxygen, SBE 43 [mg/l]
# name 3 = sbeox0PS: Oxygen, SBE 43 [% saturation]
# name 4 = c0uS/cm: Conductivity [uS/cm]
# name 5 = specc: Specific Conductance [uS/cm]
# name 6 = ph: pH
# name 7 = orp: Oxidation Reduction Potential [mV]
# name 8 = flECO-AFL: Fluorescence, WET Labs ECO-AFL/FL [mg/m^3]
# name 9 = turbWETntu0: Turbidity, WET Labs ECO [NTU]
# name 10 = sal00: Salinity, Practical [PSU]
# name 11 = dz/dtM: Descent Rate [m/s]
# name 12 = prdM: Pressure, Strain Gauge [db]
# name 13 = prdE: Pressure, Strain Gauge [psi]
# name 14 = scan: Scan Count
# name 15 = par/sat/log: PAR/Logarithmic, Satlantic
# name 16 = density00: Density [density, kg/m^3]
# name 17 = flag:  0.000e+00
# span 0 =     -0.692,     10.552       
# span 1 =     8.3795,    27.3572       
# span 2 =    -0.0638,     8.3811       
# span 3 =     -0.589,    103.247       
# span 4 =   0.068829, 137.103092       
# span 5 =      0.522,    205.805       
# span 6 =      5.961,      7.613       
# span 7 =     4.6445,   455.2594       
# span 8 =    -0.1522,    32.9370       
# span 9 =    -0.3691,    30.4892       
# span 10 =     0.0107,     0.0952      
# span 11 =     -0.005,      0.116      
# span 12 =     -0.678,     10.348      
# span 13 =     -0.983,     15.008      
# span 14 =          1,       1163      
# span 15 = 1.2153e-01, 1.0173e+01      
# span 16 =   996.4385,   999.9513      
# span 17 = 0.0000e+00, 0.0000e+00      
# interval = seconds: 0.25
# start_time = Jul 11 2019 06:14:34 [Instrument's time stamp, header]
# bad_flag = -9.990e-29
*END*
[from data line 805]
      7.143    10.3275     0.1193      1.061  36.380403     51.554      6.085   206.4994     4.5362     4.2164     0.0257      0.044      7.007     10.165        806 1.2362e-01   999.7257 0.0000e+00
      7.158    10.3350     0.1170      1.040  36.466795     51.566      6.085   204.5308     4.0174     4.3173     0.0257      0.039      7.022     10.185        807 1.2374e-01   999.7265 0.0000e+00
      7.180    10.3131     0.1134      1.007  37.113190     52.508      6.085   202.8651     4.0021     4.2164     0.0261      0.037      7.040     10.211        808 1.2372e-01   999.7264 0.0000e+00
      7.198    10.2636     0.1190      1.056  38.332218     54.273      6.081   201.5779     4.0174     4.2741     0.0269      0.039      7.058     10.237        809 1.2373e-01   999.7265 0.0000e+00
      7.214    10.2151     0.1151      1.020  39.395424     55.731      6.080   200.3286     4.0059     4.2164     0.0275      0.044      7.073     10.259        810 1.2375e-01   999.7290 0.0000e+00
      7.225    10.1894     0.1159      1.026  40.206304     57.077      6.077   199.2308     4.0136     4.2452     0.0281      0.049      7.085     10.277        811 1.2367e-01   999.7341 0.0000e+00
      7.236    10.1936     0.1195      1.057  40.020377     56.800      6.072   198.0950     4.3874     4.2741     0.0279      0.056      7.096     10.293        812 1.2378e-01   999.7385 0.0000e+00
      7.249    10.2040     0.1204      1.065  39.923228     56.682      6.072   197.4893     4.3836     4.2741     0.0278      0.059      7.108     10.309        813 1.2391e-01   999.7409 0.0000e+00
      7.259    10.1996     0.1173      1.039  40.475429     57.549      6.067   196.1265     4.4256     4.2452     0.0282      0.057      7.118     10.324        814 1.2369e-01   999.7408 0.0000e+00
      7.269    10.1828     0.1185      1.049  40.815254     57.926      6.063   195.5208     4.3645     4.2164     0.0284      0.052      7.130     10.342        815 1.2358e-01   999.7401 0.0000e+00
      7.285    10.1484     0.1210      1.069  41.041694     58.332      6.060   194.2715     4.8490     4.2741     0.0286      0.049      7.144     10.362        816 1.2366e-01   999.7406 0.0000e+00
      7.301    10.1170     0.1217      1.074  41.468257     58.874      6.061   192.7950     4.8566     4.3173     0.0288      0.048      7.158     10.382        817 1.2356e-01   999.7425 0.0000e+00
      7.311    10.0972     0.1217      1.074  41.677634     59.370      6.053   191.1672     4.8452     4.1587     0.0290      0.048      7.170     10.400        818 1.2366e-01   999.7458 0.0000e+00
      7.324    10.0592     0.1192      1.051  42.411543     60.221      6.053   189.5015     4.8261     4.3029     0.0294      0.049      7.184     10.420        819 1.2377e-01   999.7490 0.0000e+00
      7.345    10.0054     0.1160      1.023  43.667642     62.400      6.051   188.8957     3.8762     3.7261     0.0303      0.052      7.201     10.445        820 1.2363e-01   999.7515 0.0000e+00
      7.361     9.9671     0.1205      1.063  44.353768     63.068      6.047   187.8357     3.9029     3.7550     0.0306      0.055      7.215     10.465        821 1.2349e-01   999.7554 0.0000e+00
      7.366     9.9520     0.1183      1.043  44.314795     63.523      6.042   186.2457     3.8915     3.6252     0.0308      0.055      7.223     10.476        822 1.2359e-01   999.7601 0.0000e+00
      7.368     9.9584     0.1173      1.034  44.249820     62.996      6.040   184.3150     3.9258     3.7550     0.0305      0.052      7.229     10.485        823 1.2368e-01   999.7635 0.0000e+00
      7.381     9.9785     0.1175      1.036  44.405005     63.819      6.037   182.7250     2.9683     2.8898     0.0309      0.048      7.241     10.503        824 1.2370e-01   999.7650 0.0000e+00
      7.403     9.9592     0.1104      0.973  44.507097     63.333      6.035   180.9457     2.9836     2.7888     0.0307      0.047      7.259     10.529        825 1.2362e-01   999.7646 0.0000e+00
      7.423     9.9005     0.1112      0.980  46.020290     66.005      6.036   179.7721     2.9569     2.8177     0.0319      0.050      7.277     10.555        826 1.2363e-01   999.7636 0.0000e+00
      7.436     9.8533     0.1117      0.984  47.087851     67.243      6.030   178.5986     2.9912     2.9042     0.0324      0.051      7.290     10.573        827 1.2363e-01   999.7660 0.0000e+00
      7.442     9.8256     0.1061      0.935  46.884766     67.237      6.028   176.8193     3.7694     3.1349     0.0324      0.050      7.298     10.585        828 1.2352e-01   999.7710 0.0000e+00
      7.450     9.8033     0.1088      0.961  47.073626     67.449      6.024   175.1914     3.7618     3.1637     0.0325      0.050      7.307     10.597        829 1.2370e-01   999.7753 0.0000e+00
      7.461     9.7927     0.1081      0.954  47.712752     68.544      6.021   173.3743     3.7542     3.1637     0.0329      0.051      7.317     10.612        830 1.2363e-01   999.7780 0.0000e+00
      7.471     9.7938     0.1050      0.926  47.838873     68.750      6.020   171.9735     3.7656     3.0484     0.0330      0.050      7.328     10.627        831 1.2368e-01   999.7801 0.0000e+00
      7.483     9.7869     0.1073      0.946  47.865554     68.691      6.019   169.8157     3.8457     2.9042     0.0330      0.046      7.338     10.643        832 1.2378e-01   999.7811 0.0000e+00
      7.494     9.7848     0.1091      0.962  48.480193     69.771      6.017   167.5442     3.8343     2.9474     0.0335      0.042      7.347     10.656        833 1.2378e-01   999.7813 0.0000e+00
      7.498     9.7946     0.1095      0.965  48.260091     69.304      6.015   166.1814     3.8152     3.0051     0.0332      0.038      7.353     10.666        834 1.2377e-01   999.7818 0.0000e+00
      7.505     9.7878     0.1087      0.958  48.080155     69.108      6.014   164.0614     3.8190     2.8465     0.0332      0.036      7.361     10.677        835 1.2366e-01   999.7819 0.0000e+00
      7.518     9.7632     0.1039      0.915  48.882049     70.211      6.012   162.4714     3.8457     2.9186     0.0337      0.037      7.373     10.693        836 1.2381e-01   999.7816 0.0000e+00
      7.532     9.7621     0.1153      1.013  49.397228     71.069      6.011   161.2978     3.6664     2.9330     0.0340      0.038      7.384     10.709        837 1.2370e-01   999.7825 0.0000e+00
      7.537     9.8028     0.1112      0.977  48.921729     70.317      6.008   160.0107     3.6664     2.9474     0.0337      0.037      7.392     10.720        838 1.2372e-01   999.7844 0.0000e+00
      7.543     9.8325     0.1167      1.025  48.495216     69.757      6.006   158.1178     3.6473     3.0484     0.0334      0.036      7.398     10.730        839 1.2370e-01   999.7843 0.0000e+00
      7.551     9.8247     0.1105      0.969  48.267382     69.353      6.006   155.7328     3.6550     2.7888     0.0333      0.034      7.405     10.740        840 1.2365e-01   999.7807 0.0000e+00
      7.559     9.8144     0.1157      1.014  47.989451     68.849      6.005   154.0671     3.2773     2.8465     0.0331      0.033      7.414     10.753        841 1.2386e-01   999.7781 0.0000e+00
      7.571     9.8031     0.1084      0.950  47.951486     68.870      6.003   152.4771     3.2621     2.8898     0.0331      0.035      7.425     10.769        842 1.2376e-01   999.7788 0.0000e+00
      7.584     9.7818     0.1105      0.968  48.196016     69.167      6.005   151.5306     3.3078     2.9474     0.0332      0.036      7.435     10.784        843 1.2374e-01   999.7798 0.0000e+00
      7.589     9.7659     0.1036      0.907  48.663706     69.955      6.001   150.8871     3.2964     2.9042     0.0335      0.034      7.442     10.793        844 1.2376e-01   999.7810 0.0000e+00
      7.591     9.7646     0.1034      0.905  48.822485     70.156      6.003   150.5842     3.0522     2.8898     0.0336      0.032      7.447     10.800        845 1.2361e-01   999.7829 0.0000e+00
      7.600     9.7343     0.1065      0.932  49.362513     70.955      5.997   149.4863     3.0408     2.7888     0.0340      0.033      7.457     10.815        846 1.2357e-01   999.7847 0.0000e+00
      7.622     9.6646     0.1077      0.942  50.927541     73.246      5.998   147.5556     3.0179     2.8609     0.0350      0.036      7.472     10.838        847 1.2359e-01   999.7857 0.0000e+00
      7.637     9.6192     0.1099      0.961  51.975731     74.877      5.997   146.7985     3.0332     2.8898     0.0357      0.039      7.486     10.858        848 1.2351e-01   999.7889 0.0000e+00
      7.643     9.6028     0.1036      0.906  51.824531     74.711      5.992   145.3599     3.0103     2.6590     0.0356      0.040      7.495     10.871        849 1.2365e-01   999.7947 0.0000e+00
      7.650     9.5768     0.1040      0.910  51.975821     75.049      5.990   143.8078     2.9759     2.6302     0.0357      0.040      7.503     10.883        850 1.2381e-01   999.7986 0.0000e+00
      7.662     9.5507     0.1052      0.920  52.528963     75.931      5.990   141.7635     2.9836     2.6590     0.0361      0.041      7.511     10.894        851 1.2382e-01   999.8004 0.0000e+00
      7.665     9.5448     0.1052      0.919  52.500493     75.908      5.985   140.1356     2.9645     2.5437     0.0361      0.042      7.516     10.902        852 1.2382e-01   999.8025 0.0000e+00
      7.666     9.5399     0.1063      0.929  52.278199     75.644      5.981   138.3184     2.8768     2.9763     0.0360      0.038      7.520     10.908        853 1.2367e-01   999.8045 0.0000e+00
      7.675     9.5223     0.1072      0.937  52.686982     76.220      5.985   137.2206     2.8768     2.8898     0.0362      0.033      7.529     10.919        854 1.2370e-01   999.8052 0.0000e+00
      7.689     9.5013     0.1031      0.901  53.534102     77.527      5.986   135.8577     2.8577     2.7600     0.0368      0.029      7.541     10.937        855 1.2369e-01   999.8062 0.0000e+00
      7.704     9.4832     0.1074      0.939  54.012065     78.214      5.984   135.2142     2.8462     2.8609     0.0371      0.030      7.555     10.956        856 1.2371e-01   999.8079 0.0000e+00
      7.716     9.4691     0.1061      0.928  54.287096     78.667      5.979   134.5706     2.8348     2.8177     0.0373      0.034      7.565     10.971        857 1.2386e-01   999.8098 0.0000e+00
      7.721     9.4616     0.1088      0.951  54.378315     78.870      5.981   134.2299     2.5411     2.8465     0.0374      0.036      7.570     10.979        858 1.2362e-01   999.8114 0.0000e+00
      7.722     9.4580     0.1046      0.915  54.195178     78.578      5.980   133.3213     2.5754     2.9186     0.0372      0.035      7.574     10.984        859 1.2354e-01   999.8125 0.0000e+00
      7.727     9.4522     0.0971      0.849  54.396368     78.920      5.977   132.2613     2.5563     2.8898     0.0374      0.035      7.579     10.992        860 1.2381e-01   999.8133 0.0000e+00
      7.735     9.4450     0.1007      0.880  54.691528     79.374      5.977   131.5420     2.5411     2.9186     0.0376      0.034      7.586     11.003        861 1.2375e-01   999.8137 0.0000e+00
      7.744     9.4351     0.1034      0.903  54.836385     79.550      5.977   130.9741     2.6555     2.9763     0.0377      0.030      7.595     11.016        862 1.2365e-01   999.8143 0.0000e+00
      7.756     9.4267     0.1069      0.934  55.105987     80.012      5.978   129.6870     2.6784     2.8898     0.0379      0.028      7.604     11.029        863 1.2368e-01   999.8151 0.0000e+00
      7.762     9.4244     0.0944      0.824  55.216251     80.158      5.978   129.2706     2.6708     2.8898     0.0379      0.027      7.611     11.039        864 1.2359e-01   999.8160 0.0000e+00
      7.765     9.4282     0.0961      0.839  55.114458     80.056      5.977   128.3998     2.6670     2.9042     0.0379      0.027      7.616     11.046        865 1.2365e-01   999.8166 0.0000e+00
      7.772     9.4428     0.0964      0.841  55.262337     80.222      5.979   127.6048     2.3122     2.6446     0.0380      0.028      7.623     11.056        866 1.2368e-01   999.8169 0.0000e+00
      7.783     9.4463     0.1040      0.908  55.744151     80.987      5.979   126.7341     2.2893     2.7311     0.0383      0.030      7.631     11.068        867 1.2362e-01   999.8170 0.0000e+00
      7.788     9.4314     0.1010      0.882  56.027710     81.316      5.976   125.4470     2.3198     2.5725     0.0385      0.030      7.640     11.080        868 1.2375e-01   999.8159 0.0000e+00
      7.799     9.4378     0.1035      0.903  56.066352     81.387      5.977   124.6141     2.3160     2.5725     0.0385      0.030      7.652     11.098        869 1.2381e-01   999.8156 0.0000e+00
      7.822     9.4491     0.0921      0.804  55.458750     80.574      5.976   123.0998     2.0833     2.9474     0.0381      0.033      7.670     11.124        870 1.2380e-01   999.8167 0.0000e+00
      7.842     9.4210     0.1014      0.886  55.508300     80.437      5.974   122.0777     2.0757     2.9763     0.0381      0.040      7.688     11.150        871 1.2383e-01   999.8163 0.0000e+00
      7.855     9.3898     0.1019      0.890  56.953987     82.799      5.975   121.3584     2.0795     2.8465     0.0391      0.047      7.701     11.170        872 1.2373e-01   999.8162 0.0000e+00
      7.861     9.3848     0.1003      0.876  56.922767     82.668      5.971   120.6770     2.0642     2.8609     0.0391      0.051      7.709     11.181        873 1.2371e-01   999.8185 0.0000e+00
      7.866     9.3766     0.0983      0.859  56.496426     82.053      5.970   119.6548     2.2054     2.9042     0.0388      0.051      7.716     11.191        874 1.2380e-01   999.8208 0.0000e+00
      7.878     9.3628     0.0841      0.734  57.573598     83.770      5.968   118.0648     2.1901     2.8898     0.0395      0.050      7.726     11.205        875 1.2374e-01   999.8218 0.0000e+00
      7.890     9.3604     0.1038      0.905  58.192918     84.644      5.966   116.7020     2.1939     2.8465     0.0399      0.049      7.736     11.220        876 1.2349e-01   999.8229 0.0000e+00
      7.897     9.3570     0.1023      0.892  58.425392     84.965      5.966   115.4527     2.2054     2.9474     0.0401      0.044      7.743     11.230        877 1.2356e-01   999.8241 0.0000e+00
      7.898     9.3515     0.1020      0.890  58.322666     84.968      5.964   114.1277     2.1024     2.8177     0.0401      0.037      7.744     11.232        878 1.2381e-01   999.8243 0.0000e+00
      7.894     9.3581     0.0950      0.828  57.341743     83.350      5.964   113.1055     2.1214     3.0051     0.0393      0.029      7.743     11.229        879 1.2371e-01   999.8240 0.0000e+00
      7.894     9.3711     0.1011      0.882  57.332078     83.445      5.967   112.2348     2.1138     2.8465     0.0394      0.022      7.743     11.229        880 1.2375e-01   999.8245 0.0000e+00
      7.897     9.3783     0.0951      0.829  57.830341     84.202      5.966   111.4019     2.1481     2.9186     0.0397      0.018      7.744     11.232        881 1.2367e-01   999.8242 0.0000e+00
      7.899     9.3805     0.1006      0.877  57.700669     83.885      5.961   110.5691     2.1520     2.8177     0.0396      0.013      7.746     11.235        882 1.2358e-01   999.8231 0.0000e+00
      7.899     9.3807     0.1007      0.878  57.463774     83.624      5.964   109.9255     2.1901     2.5437     0.0395      0.007      7.747     11.236        883 1.2364e-01   999.8223 0.0000e+00
      7.901     9.3756     0.0997      0.869  57.383471     83.374      5.967   108.9791     2.1710     2.7311     0.0394      0.003      7.749     11.239        884 1.2371e-01   999.8221 0.0000e+00
