Data/DataAlreadyUploadedToEDI/CollatedDataForEDI/CTDData/CTD_2019 (not collated)/071119_bvr50_a.cnv
* Sea-Bird SBE19plus  Data File:
* FileName = C:\DATA\071019_bvr_0005.hex
* Software version 2.8.0.119
* Temperature SN = 7809
* Conductivity SN = 7809
* System UpLoad Time = Jul 12 2019 13:02:43
* <ApplicationData>
* <Seaterm232>
# nquan = 18
# nvalues = 892                         
# units = specified
# name 0 = depFM: Depth [fresh water, m]
# name 1 = tv290C: Temperature [ITS-90, deg C]
# name 2 = sbeox0Mg/L: Oxygen, SBE 43 [mg/l]
# name 3 = sbeox0PS: Oxygen, SBE 43 [% saturation]
# name 4 = c0uS/cm: Conductivity [uS/cm]
# name 5 = specc: Specific Conductance [uS/cm]
# name 6 = ph: pH
# name 7 = orp: Oxidation Reduction Potential [mV]
# name 8 = flECO-AFL: Fluorescence, WET Labs ECO-AFL/FL [mg/m^3]
# name 9 = turbWETntu0: Turbidity, WET Labs ECO [NTU]
# name 10 = sal00: Salinity, Practical [PSU]
# name 11 = dz/dtM: Descent Rate [m/s]
# name 12 = prdM: Pressure, Strain Gauge [db]
# name 13 = prdE: Pressure, Strain Gauge [psi]
# name 14 = scan: Scan Count
# name 15 = par/sat/log: PAR/Logarithmic, Satlantic
# name 16 = density00: Density [density, kg/m^3]
# name 17 = flag:  0.000e+00
# span 0 =     -0.691,     10.567       
# span 1 =     8.4280,    27.4095       
# span 2 =    -0.7902,     8.2418       
# span 3 =     -7.274,    104.126       
# span 4 =  -0.174677, 152.092570       
# span 5 =     -0.040,    228.353       
# span 6 =      5.847,      7.337       
# span 7 =    44.3189,   550.5461       
# span 8 =    -0.1407,    21.3593       
# span 9 =    -0.5566,    23.8705       
# span 10 =     0.0000,     0.1058      
# span 11 =     -0.012,      0.145      
# span 12 =     -0.677,     10.360      
# span 13 =     -0.982,     15.026      
# span 14 =          1,        892      
# span 15 = 1.2346e-01, 1.2402e-01      
# span 16 =   996.4231,   999.9572      
# span 17 = 0.0000e+00, 0.0000e+00      
# interval = seconds: 0.25
# start_time = Jul 11 2019 04:47:08 [Instrument's time stamp, header]
# bad_flag = -9.990e-29
*END*
[from data line 161]
      0.025    25.7487     4.8825     59.867  26.350784     25.945      6.167   325.6361     0.7291     0.8998     0.0202      0.005      0.026      0.037        162 1.2382e-01   996.8605 0.0000e+00
      0.028    25.7419     4.8957     60.032  26.355596     25.952      6.162   326.0526     0.7291     1.0585     0.0202      0.002      0.029      0.042        163 1.2379e-01   996.8642 0.0000e+00
      0.037    25.7359     4.9041     60.135  26.396043     26.013      6.165   325.7118     0.7901     0.9719     0.0203      0.003      0.036      0.051        164 1.2372e-01   996.8673 0.0000e+00
      0.044    25.7288     4.9212     60.346  26.359692     25.962      6.164   325.5604     0.7634     0.9143     0.0202      0.006      0.043      0.061        165 1.2370e-01   996.8691 0.0000e+00
      0.049    25.7226     4.9068     60.171  26.341595     25.965      6.149   325.1818     0.7672     0.8566     0.0202      0.010      0.048      0.069        166 1.2367e-01   996.8707 0.0000e+00
      0.054    25.7160     4.8994     60.081  26.359327     25.968      6.104   325.0683     0.7825     0.9719     0.0202      0.014      0.052      0.074        167 1.2380e-01   996.8726 0.0000e+00
      0.054    25.7113     4.8916     59.984  26.396867     26.027      6.075   325.0683     0.7863     1.0873     0.0203      0.016      0.054      0.078        168 1.2367e-01   996.8743 0.0000e+00
      0.057    25.7115     4.8817     59.863  26.413357     26.030      6.080   324.2733     0.7748     1.1161     0.0203      0.018      0.058      0.084        169 1.2352e-01   996.8761 0.0000e+00
      0.067    25.7117     4.8676     59.692  26.398047     26.032      6.095   325.0683     0.7901     1.0729     0.0203      0.020      0.064      0.093        170 1.2371e-01   996.8773 0.0000e+00
      0.071    25.7097     4.8835     60.088  26.356684     25.977      6.096   325.2954     0.7825     1.1161     0.0202      0.019      0.068      0.100        171 1.2378e-01   996.8772 0.0000e+00
      0.072    25.7094     5.1754     64.299  26.346356     25.977      6.089   325.0683     0.7329     0.8710     0.0202      0.017      0.073      0.107        172 1.2358e-01   996.8772 0.0000e+00
      0.084    25.7110     5.7642     72.166  26.351662     25.978      6.098   324.9168     0.7024     0.8710     0.0202      0.018      0.084      0.122        173 1.2364e-01   996.8778 0.0000e+00
      0.103    25.7117     6.4531     81.121  26.350081     25.978      6.113   324.9926     0.7367     0.9143     0.0202      0.023      0.099      0.144        174 1.2369e-01   996.8780 0.0000e+00
      0.116    25.7134     7.0718     89.097  26.348322     25.977      6.120   324.7654     0.7214     0.8133     0.0202      0.030      0.113      0.165        175 1.2368e-01   996.8777 0.0000e+00
      0.129    25.7140     7.5700     95.498  26.353849     25.977      6.118   324.4247     0.7519     1.0008     0.0202      0.037      0.128      0.186        176 1.2376e-01   996.8775 0.0000e+00
      0.149    25.7153     7.9396    100.237  26.402442     26.031      6.120   324.4247     0.6146     1.0152     0.0203      0.044      0.145      0.211        177 1.2364e-01   996.8771 0.0000e+00
      0.167    25.7141     8.1635    103.111  26.347089     25.976      6.113   324.5004     0.6108     0.8998     0.0202      0.051      0.164      0.237        178 1.2377e-01   996.8771 0.0000e+00
      0.185    25.7166     8.2418    104.126  26.363495     25.975      6.109   324.6140     0.6184     0.8133     0.0202      0.059      0.180      0.261        179 1.2370e-01   996.8768 0.0000e+00
      0.201    25.7139     8.1719    103.257  26.322786     25.975      6.106   324.5004     0.6337     0.8854     0.0202      0.064      0.195      0.282        180 1.2361e-01   996.8771 0.0000e+00
      0.210    25.9146     8.0293    101.466  26.397752     25.975      6.103   324.1597     0.6833     0.9575     0.0202      0.064      0.205      0.298        181 1.2374e-01   996.8765 0.0000e+00
      0.218    26.4246     7.8859     99.661  27.158806     26.800      6.097   324.4247     0.6337     0.8710     0.0206      0.060      0.215      0.312        182 1.2368e-01   996.8775 0.0000e+00
      0.230    26.8608     7.7612     98.089  27.774902     27.279      6.092   324.8411     0.6833     0.8710     0.0208      0.058      0.228      0.330        183 1.2373e-01   996.8247 0.0000e+00
      0.249    27.0843     7.6706     96.947  27.852503     27.077      6.097   325.2954     0.6604     0.8422     0.0209      0.056      0.245      0.355        184 1.2371e-01   996.6884 0.0000e+00
      0.269    27.2131     7.6043     96.111  27.832226     26.828      6.102   325.7876     0.6871     0.8710     0.0209      0.055      0.264      0.383        185 1.2373e-01   996.5701 0.0000e+00
      0.290    27.2842     7.5501     95.424  27.829603     26.711      6.100   326.1661     0.6604     0.8710     0.0209      0.056      0.284      0.412        186 1.2380e-01   996.5087 0.0000e+00
      0.309    27.3284     7.5104     94.914  27.826049     26.647      6.084   326.6583     0.6604     1.0152     0.0209      0.060      0.303      0.438        187 1.2374e-01   996.4732 0.0000e+00
      0.327    27.3532     7.4845     94.577  27.777354     26.556      6.076   327.0747     0.6566     0.8854     0.0209      0.064      0.318      0.462        188 1.2376e-01   996.4535 0.0000e+00
      0.338    27.3675     7.4685     94.372  27.771687     26.534      6.072   327.1126     0.7176     1.0152     0.0209      0.068      0.330      0.480        189 1.2371e-01   996.4413 0.0000e+00
      0.346    27.3748     7.4670     94.354  27.833083     26.575      6.071   327.0368     0.7176     0.8133     0.0209      0.067      0.342      0.497        190 1.2353e-01   996.4344 0.0000e+00
      0.365    27.3807     7.4580     94.250  27.819424     26.568      6.089   327.6426     0.7024     0.8710     0.0209      0.066      0.361      0.523        191 1.2369e-01   996.4305 0.0000e+00
      0.393    27.3851     7.4625     94.317  27.788681     26.511      6.098   327.9454     0.6947     0.8710     0.0209      0.066      0.383      0.556        192 1.2389e-01   996.4286 0.0000e+00
      0.412    27.3875     7.4634     94.333  27.812095     26.561      6.097   328.2483     0.6680     0.8422     0.0209      0.066      0.401      0.582        193 1.2385e-01   996.4270 0.0000e+00
      0.420    27.3893     7.4598     94.289  27.790282     26.506      6.099   328.4754     0.6757     0.8566     0.0209      0.065      0.412      0.597        194 1.2359e-01   996.4259 0.0000e+00
      0.427    27.3902     7.4496     94.158  27.815825     26.558      6.104   328.6647     0.6604     0.9287     0.0209      0.062      0.418      0.607        195 1.2346e-01   996.4253 0.0000e+00
      0.432    27.3888     7.4437     94.080  27.839550     26.557      6.078   328.8540     0.6718     0.8422     0.0209      0.058      0.423      0.614        196 1.2368e-01   996.4247 0.0000e+00
      0.436    27.3845     7.4453     94.099  27.819999     26.556      6.063   329.2704     0.6680     0.8422     0.0209      0.052      0.426      0.618        197 1.2370e-01   996.4245 0.0000e+00
      0.435    27.3788     7.4422     94.058  27.780912     26.504      6.059   328.9676     0.6947     0.9431     0.0209      0.043      0.430      0.623        198 1.2362e-01   996.4250 0.0000e+00
      0.442    27.3763     7.4361     93.981  27.769709     26.506      6.070   328.8919     0.6947     0.9143     0.0209      0.032      0.441      0.640        199 1.2358e-01   996.4262 0.0000e+00
      0.473    27.3781     7.4408     94.037  27.833944     26.562      6.084   329.1569     0.6795     0.8998     0.0209      0.029      0.468      0.680        200 1.2372e-01   996.4279 0.0000e+00
      0.518    27.3835     7.4347     93.952  27.819461     26.563      6.087   329.4597     0.6833     0.8277     0.0209      0.040      0.504      0.732        201 1.2385e-01   996.4287 0.0000e+00
      0.551    27.3890     7.4455     94.083  27.787733     26.509      6.080   329.4219     0.6833     0.9864     0.0209      0.058      0.537      0.779        202 1.2375e-01   996.4284 0.0000e+00
      0.574    27.3917     7.4528     94.170  27.814185     26.560      6.077   329.8383     0.6757     0.8133     0.0209      0.075      0.559      0.811        203 1.2377e-01   996.4270 0.0000e+00
      0.587    27.3925     7.4602     94.261  27.786541     26.504      6.066   330.0276     0.7024     0.8998     0.0209      0.088      0.571      0.828        204 1.2382e-01   996.4256 0.0000e+00
      0.587    27.3915     7.4468     94.100  27.822134     26.556      6.050   330.2169     0.6757     0.9143     0.0209      0.092      0.576      0.834        205 1.2371e-01   996.4248 0.0000e+00
      0.588    27.3900     7.4554     94.218  27.829132     26.555      6.048   329.9140     0.7214     0.8710     0.0209      0.087      0.579      0.838        206 1.2369e-01   996.4246 0.0000e+00
      0.595    27.3890     7.4624     94.316  27.777832     26.502      6.055   330.2547     0.7252     0.8854     0.0209      0.074      0.584      0.846        207 1.2366e-01   996.4248 0.0000e+00
      0.602    27.3883     7.4651     94.354  27.826734     26.556      6.063   330.4819     0.7252     0.7845     0.0209      0.055      0.591      0.857        208 1.2364e-01   996.4253 0.0000e+00
      0.611    27.3877     7.4680     94.388  27.827518     26.557      6.074   330.3683     0.7062     0.9287     0.0209      0.037      0.599      0.870        209 1.2374e-01   996.4256 0.0000e+00
      0.621    27.3853     7.4626     94.320  27.836099     26.557      6.086   330.7469     0.7252     0.8710     0.0209      0.028      0.607      0.881        210 1.2369e-01   996.4258 0.0000e+00
      0.625    27.3812     7.4604     94.294  27.845677     26.584      6.088   330.2547     0.7100     0.9143     0.0209      0.024      0.612      0.888        211 1.2371e-01   996.4260 0.0000e+00
      0.626    27.3781     7.4625     94.320  27.785977     26.506      6.095   330.3304     0.7100     0.8998     0.0209      0.023      0.616      0.893        212 1.2383e-01   996.4268 0.0000e+00
      0.633    27.3746     7.4689     94.400  27.821531     26.561      6.100   330.4819     0.7100     0.8710     0.0209      0.025      0.622      0.902        213 1.2366e-01   996.4279 0.0000e+00
      0.643    27.3735     7.4773     94.501  27.890298     26.616      6.106   330.4440     0.7062     0.9143     0.0209      0.026      0.632      0.916        214 1.2358e-01   996.4288 0.0000e+00
      0.657    27.3780     7.4882     94.633  27.818885     26.564      6.110   330.4061     0.6795     0.8998     0.0209      0.027      0.645      0.935        215 1.2375e-01   996.4299 0.0000e+00
      0.671    27.3843     7.4981     94.751  27.791917     26.512      6.115   330.3304     0.6833     0.8854     0.0209      0.030      0.661      0.959        216 1.2379e-01   996.4302 0.0000e+00
      0.695    27.3894     7.4941     94.693  27.834994     26.589      6.118   330.1033     0.6680     0.9287     0.0209      0.037      0.681      0.988        217 1.2364e-01   996.4291 0.0000e+00
      0.718    27.3912     7.4852     94.579  27.794897     26.506      6.117   330.9361     0.6833     0.8710     0.0209      0.047      0.701      1.018        218 1.2365e-01   996.4274 0.0000e+00
      0.732    27.3903     7.4760     94.460  27.812194     26.557      6.108   330.7469     0.6528     1.0152     0.0209      0.056      0.717      1.040        219 1.2375e-01   996.4261 0.0000e+00
      0.744    27.3905     7.4641     94.313  27.843088     26.556      6.101   330.8226     0.6680     0.9575     0.0209      0.062      0.730      1.059        220 1.2372e-01   996.4256 0.0000e+00
      0.758    27.3913     7.4549     94.200  27.815692     26.556      6.100   330.8604     0.7062     0.8854     0.0209      0.065      0.741      1.076        221 1.2367e-01   996.4259 0.0000e+00
      0.767    27.3913     7.4556     94.216  27.787045     26.503      6.093   330.8226     0.6757     0.8422     0.0209      0.064      0.750      1.089        222 1.2372e-01   996.4259 0.0000e+00
      0.771    27.3900     7.4494     94.149  27.819497     26.556      6.077   330.8983     0.6985     0.9431     0.0209      0.059      0.755      1.095        223 1.2379e-01   996.4257 0.0000e+00
      0.771    27.3872     7.4524     94.195  27.834550     26.556      6.075   331.0497     0.6718     1.0296     0.0209      0.049      0.757      1.097        224 1.2375e-01   996.4257 0.0000e+00
      0.772    27.3839     7.4572     94.259  27.768313     26.503      6.078   330.5197     0.6947     0.9719     0.0209      0.037      0.758      1.100        225 1.2378e-01   996.4261 0.0000e+00
      0.776    27.3798     7.4586     94.279  27.783443     26.505      6.083   330.6333     0.6833     0.8854     0.0209      0.027      0.762      1.106        226 1.2375e-01   996.4269 0.0000e+00
      0.784    27.3759     7.4607     94.305  27.815721     26.560      6.089   331.1633     0.6566     0.8422     0.0209      0.022      0.767      1.113        227 1.2358e-01   996.4278 0.0000e+00
      0.787    27.3739     7.4600     94.294  27.787386     26.508      6.093   330.8226     0.6680     0.8566     0.0209      0.018      0.771      1.118        228 1.2359e-01   996.4290 0.0000e+00
      0.786    27.3734     7.4515     94.188  27.818706     26.564      6.096   330.7090     0.6947     1.0152     0.0209      0.013      0.772      1.120        229 1.2370e-01   996.4301 0.0000e+00
      0.788    27.3744     7.4457     94.119  27.835988     26.565      6.100   330.7090     0.6909     0.8422     0.0209      0.011      0.775      1.124        230 1.2377e-01   996.4307 0.0000e+00
      0.797    27.3767     7.4513     94.196  27.825123     26.565      6.106   330.7469     0.6642     0.9143     0.0209      0.013      0.783      1.135        231 1.2378e-01   996.4309 0.0000e+00
      0.810    27.3815     7.4508     94.193  27.832228     26.564      6.111   330.8226     0.6909     0.8710     0.0209      0.017      0.795      1.152        232 1.2380e-01   996.4306 0.0000e+00
      0.824    27.3877     7.4520     94.210  27.827147     26.563      6.113   330.5954     0.6718     0.9431     0.0209      0.022      0.808      1.172        233 1.2380e-01   996.4300 0.0000e+00
      0.839    27.3925     7.4494     94.178  27.831446     26.561      6.112   330.8226     0.6985     0.8566     0.0209      0.028      0.822      1.192        234 1.2372e-01   996.4287 0.0000e+00
      0.850    27.3948     7.4551     94.250  27.826876     26.558      6.110   330.9740     0.6757     0.7124     0.0209      0.034      0.835      1.212        235 1.2373e-01   996.4271 0.0000e+00
      0.867    27.3958     7.4630     94.349  27.832832     26.555      6.113   330.8226     0.6985     0.8854     0.0209      0.042      0.850      1.232        236 1.2386e-01   996.4259 0.0000e+00
      0.882    27.3959     7.4661     94.386  27.853653     26.581      6.109   330.9361     0.6680     0.9431     0.0209      0.049      0.864      1.253        237 1.2368e-01   996.4252 0.0000e+00
      0.894    27.3946     7.4633     94.351  27.830585     26.554      6.104   331.0497     0.6833     0.8710     0.0209      0.053      0.876      1.272        238 1.2365e-01   996.4250 0.0000e+00
      0.906    27.3951     7.4664     94.391  27.831918     26.553      6.100   330.1790     0.6757     0.9143     0.0209      0.055      0.891      1.293        239 1.2372e-01   996.4250 0.0000e+00
      0.927    27.3979     7.4721     94.463  27.822372     26.554      6.097   330.6711     0.6833     0.9143     0.0209      0.056      0.908      1.318        240 1.2371e-01   996.4255 0.0000e+00
      0.945    27.4014     7.4820     94.588  27.783221     26.501      6.094   331.1633     0.6489     0.8422     0.0209      0.058      0.926      1.342        241 1.2382e-01   996.4254 0.0000e+00
