Data/DataAlreadyUploadedToEDI/CollatedDataForEDI/CTDData/CTD_2019 (not collated)/071119_bvr50_c.cnv
* Sea-Bird SBE19plus  Data File:
* FileName = C:\DATA\071019_bvr_0007.hex
* Software version 2.8.0.119
* Temperature SN = 7809
* Conductivity SN = 7809
* System UpLoad Time = Jul 12 2019 13:03:42
* <ApplicationData>
* <Seaterm232>
# nquan = 18
# nvalues = 781                         
# units = specified
# name 0 = depFM: Depth [fresh water, m]
# name 1 = tv290C: Temperature [ITS-90, deg C]
# name 2 = sbeox0Mg/L: Oxygen, SBE 43 [mg/l]
# name 3 = sbeox0PS: Oxygen, SBE 43 [% saturation]
# name 4 = c0uS/cm: Conductivity [uS/cm]
# name 5 = specc: Specific Conductance [uS/cm]
# name 6 = ph: pH
# name 7 = orp: Oxidation Reduction Potential [mV]
# name 8 = flECO-AFL: Fluorescence, WET Labs ECO-AFL/FL [mg/m^3]
# name 9 = turbWETntu0: Turbidity, WET Labs ECO [NTU]
# name 10 = sal00: Salinity, Practical [PSU]
# name 11 = dz/dtM: Descent Rate [m/s]
# name 12 = prdM: Pressure, Strain Gauge [db]
# name 13 = prdE: Pressure, Strain Gauge [psi]
# name 14 = scan: Scan Count
# name 15 = par/sat/log: PAR/Logarithmic, Satlantic
# name 16 = density00: Density [density, kg/m^3]
# name 17 = flag:  0.000e+00
# span 0 =     -0.691,     10.514       
# span 1 =     8.3669,    27.3166       
# span 2 =    -0.8541,     8.3175       
# span 3 =     -7.923,    100.579       
# span 4 =  -0.023588, 107.272299       
# span 5 =      0.195,    160.428       
# span 6 =      6.001,      7.964       
# span 7 =    12.8217,   321.5475       
# span 8 =    -0.1560,    14.0502       
# span 9 =    -0.5854,    21.2029       
# span 10 =     0.0108,     0.0741      
# span 11 =     -0.016,      0.168      
# span 12 =     -0.677,     10.310      
# span 13 =     -0.982,     14.953      
# span 14 =          1,        781      
# span 15 = 1.2344e-01, 5.9289e+01      
# span 16 =   996.4473,   999.9347      
# span 17 = 0.0000e+00, 0.0000e+00      
# interval = seconds: 0.25
# start_time = Jul 11 2019 07:10:46 [Instrument's time stamp, header]
# bad_flag = -9.990e-29
*END*
[from data line 644]
      7.948     9.3019     0.1240      1.076  66.119008     96.402      6.038   103.9819     2.1977     2.9474     0.0452      0.082      7.795     11.305        645 1.2367e-01   999.8309 0.0000e+00
      7.976     9.2840     0.1217      1.055  67.179958     97.870      6.036   103.4519     2.1901     2.8898     0.0459      0.083      7.820     11.341        646 1.2382e-01   999.8327 0.0000e+00
      7.998     9.2661     0.1255      1.088  67.038989     97.709      6.034   102.7326     1.7705     2.9042     0.0458      0.083      7.843     11.375        647 1.2382e-01   999.8339 0.0000e+00
      8.020     9.2495     0.1162      1.006  67.481679     98.372      6.031   102.5812     1.7743     2.8898     0.0461      0.084      7.865     11.407        648 1.2378e-01   999.8357 0.0000e+00
      8.041     9.2314     0.1163      1.007  68.172500     99.525      6.029   101.3698     1.7667     2.8465     0.0466      0.085      7.886     11.438        649 1.2379e-01   999.8376 0.0000e+00
      8.063     9.2140     0.1186      1.026  68.197658     99.533      6.026   100.8019     1.7590     2.8753     0.0466      0.087      7.908     11.470        650 1.2371e-01   999.8390 0.0000e+00
      8.087     9.1970     0.1172      1.014  68.192439     99.585      6.023    99.5148     1.5225     2.9474     0.0466      0.089      7.933     11.505        651 1.2377e-01   999.8405 0.0000e+00
      8.117     9.1748     0.1208      1.045  68.268060     99.801      6.021    98.3033     1.5111     2.9186     0.0467      0.093      7.960     11.546        652 1.2373e-01   999.8421 0.0000e+00
      8.148     9.1519     0.1159      1.002  67.806745     99.112      6.019    97.0540     1.5263     2.8898     0.0464      0.095      7.989     11.587        653 1.2370e-01   999.8433 0.0000e+00
      8.176     9.1304     0.1148      0.993  67.401176     98.606      6.013    96.1455     1.5225     2.7888     0.0461      0.097      8.016     11.625        654 1.2370e-01   999.8450 0.0000e+00
      8.196     9.1073     0.1251      1.082  67.644884     98.998      6.012    95.0098     1.5187     2.8465     0.0463      0.100      8.037     11.656        655 1.2367e-01   999.8470 0.0000e+00
      8.214     9.0845     0.1191      1.030  67.562837     99.061      6.009    94.0633     1.5759     2.9907     0.0463      0.100      8.055     11.683        656 1.2380e-01   999.8487 0.0000e+00
      8.230     9.0641     0.1150      0.994  67.147130     98.307      6.008    93.4576     1.5530     2.9186     0.0460      0.097      8.072     11.708        657 1.2371e-01   999.8503 0.0000e+00
      8.251     9.0424     0.1111      0.961  66.618823     97.882      6.005    91.5269     1.5950     2.8898     0.0458      0.093      8.091     11.735        658 1.2368e-01   999.8519 0.0000e+00
      8.271     9.0210     0.1114      0.962  65.608461     96.133      6.007    90.4669     1.5950     2.9186     0.0450      0.087      8.110     11.763        659 1.2367e-01   999.8530 0.0000e+00
      8.288     9.0060     0.1099      0.950  65.555271     96.360      6.006    90.0126     1.5797     2.9042     0.0450      0.081      8.128     11.789        660 1.2376e-01   999.8548 0.0000e+00
      8.307     8.9941     0.1131      0.977  65.675923     96.503      6.006    88.9147     1.5683     2.7888     0.0451      0.076      8.148     11.817        661 1.2382e-01   999.8565 0.0000e+00
      8.331     8.9844     0.1171      1.012  65.577046     96.380      6.007    87.6654     1.5607     2.8898     0.0450      0.075      8.171     11.851        662 1.2372e-01   999.8578 0.0000e+00
      8.359     8.9792     0.1113      0.961  65.737695     96.743      6.005    86.9462     1.5759     2.8465     0.0452      0.078      8.197     11.888        663 1.2354e-01   999.8589 0.0000e+00
      8.386     8.9789     0.1123      0.969  66.989672     98.376      6.003    86.1512     1.5187     3.2214     0.0459      0.083      8.223     11.925        664 1.2355e-01   999.8604 0.0000e+00
      8.408     8.9804     0.1148      0.990  68.708571    101.354      6.002    85.1669     1.5187     3.1637     0.0473      0.087      8.245     11.957        665 1.2375e-01   999.8618 0.0000e+00
      8.426     8.9785     0.1089      0.939  68.970942    101.273      6.006    83.5011     1.5302     3.0340     0.0472      0.089      8.264     11.986        666 1.2374e-01   999.8620 0.0000e+00
      8.446     8.9729     0.1090      0.940  69.186165    101.967      6.004    82.4033     1.5302     3.1349     0.0476      0.090      8.284     12.015        667 1.2384e-01   999.8621 0.0000e+00
      8.469     8.9633     0.1058      0.913  69.331248    101.891      6.006    81.1161     1.4424     3.0916     0.0475      0.090      8.306     12.047        668 1.2368e-01   999.8624 0.0000e+00
      8.494     8.9500     0.1025      0.884  69.057546    101.743      6.006    80.0940     1.4653     3.1205     0.0475      0.090      8.329     12.081        669 1.2377e-01   999.8629 0.0000e+00
      8.517     8.9399     0.1058      0.912  68.665959    100.989      6.005    79.1097     1.4691     3.1493     0.0471      0.088      8.352     12.114        670 1.2401e-01   999.8635 0.0000e+00
      8.539     8.9327     0.1025      0.883  68.571867    101.029      6.005    78.5797     1.4767     3.1637     0.0471      0.087      8.376     12.148        671 1.2366e-01   999.8645 0.0000e+00
      8.566     8.9225     0.1117      0.962  68.670031    101.142      6.003    77.7468     1.5683     2.7888     0.0472      0.088      8.401     12.185        672 1.2363e-01   999.8654 0.0000e+00
      8.596     8.9083     0.1088      0.937  68.514122    100.957      6.005    76.6490     1.5797     2.9186     0.0471      0.092      8.429     12.226        673 1.2366e-01   999.8660 0.0000e+00
      8.625     8.8939     0.1075      0.926  68.380019    100.781      6.003    76.4218     1.5836     2.7600     0.0470      0.097      8.458     12.267        674 1.2367e-01   999.8668 0.0000e+00
      8.652     8.8801     0.1083      0.932  68.302635    100.700      6.003    75.7783     1.5759     2.9763     0.0469      0.101      8.485     12.306        675 1.2379e-01   999.8680 0.0000e+00
      8.679     8.8691     0.1110      0.955  68.283927    100.743      6.001    74.9454     1.3890     3.1637     0.0470      0.104      8.511     12.343        676 1.2363e-01   999.8692 0.0000e+00
      8.704     8.8658     0.1072      0.923  68.195536    100.618      6.002    74.5668     1.3928     3.1493     0.0469      0.105      8.537     12.381        677 1.2374e-01   999.8703 0.0000e+00
      8.734     8.8597     0.1081      0.930  68.086139    100.529      6.003    73.8475     1.3966     3.0051     0.0469      0.108      8.565     12.421        678 1.2390e-01   999.8712 0.0000e+00
      8.761     8.8468     0.1063      0.915  67.826430    100.124      6.002    73.4690     1.3890     3.0484     0.0467      0.109      8.590     12.458        679 1.2369e-01   999.8714 0.0000e+00
      8.782     8.8346     0.1052      0.905  67.628278     99.852      6.002    73.0147     1.3623     3.0772     0.0465      0.107      8.612     12.490        680 1.2365e-01   999.8718 0.0000e+00
      8.800     8.8224     0.1063      0.914  67.620373     99.892      6.003    72.5225     1.3394     3.1782     0.0466      0.102      8.631     12.518        681 1.2376e-01   999.8728 0.0000e+00
      8.820     8.8106     0.1040      0.894  67.569142     99.844      6.003    71.7275     1.3356     3.1926     0.0465      0.097      8.651     12.546        682 1.2386e-01   999.8738 0.0000e+00
      8.843     8.7996     0.1055      0.907  67.513955     99.798      6.005    70.8568     1.3509     3.1061     0.0465      0.093      8.673     12.578        683 1.2372e-01   999.8748 0.0000e+00
      8.868     8.7889     0.1061      0.912  67.510973     99.832      6.006    69.9861     1.3585     3.1637     0.0465      0.091      8.697     12.613        684 1.2365e-01   999.8758 0.0000e+00
      8.894     8.7803     0.1088      0.935  67.513502     99.865      6.006    69.2668     1.3470     3.3079     0.0465      0.089      8.721     12.647        685 1.2375e-01   999.8767 0.0000e+00
      8.914     8.7734     0.1075      0.924  67.510820     99.897      6.006    69.0397     1.3470     3.3512     0.0465      0.087      8.741     12.677        686 1.2374e-01   999.8776 0.0000e+00
      8.931     8.7676     0.1006      0.865  67.454958     99.840      6.009    69.1154     1.3509     3.4377     0.0465      0.086      8.758     12.703        687 1.2375e-01   999.8783 0.0000e+00
      8.946     8.7632     0.1041      0.895  67.404940     99.777      6.009    68.6232     1.3318     3.3512     0.0465      0.084      8.776     12.729        688 1.2380e-01   999.8788 0.0000e+00
      8.970     8.7577     0.1086      0.933  67.394984     99.795      6.010    67.3361     1.4310     2.8609     0.0465      0.084      8.799     12.762        689 1.2378e-01   999.8794 0.0000e+00
      9.001     8.7498     0.1056      0.908  67.348628     99.724      6.008    67.1847     1.4043     2.8177     0.0464      0.085      8.824     12.799        690 1.2356e-01   999.8798 0.0000e+00
      9.024     8.7417     0.1141      0.980  67.343909     99.741      6.012    66.3140     1.3738     2.8898     0.0464      0.085      8.848     12.833        691 1.2356e-01   999.8803 0.0000e+00
      9.042     8.7356     0.1051      0.903  67.400862     99.847      6.011    65.1404     1.4081     2.8465     0.0465      0.085      8.868     12.862        692 1.2370e-01   999.8810 0.0000e+00
      9.063     8.7362     0.1082      0.929  67.515209    100.037      6.012    64.3075     1.1639     3.1637     0.0466      0.085      8.888     12.891        693 1.2365e-01   999.8817 0.0000e+00
      9.085     8.7383     0.1076      0.924  67.617158    100.220      6.014    63.6261     1.1563     3.1061     0.0466      0.086      8.909     12.921        694 1.2366e-01   999.8823 0.0000e+00
      9.105     8.7331     0.1023      0.878  67.719220    100.344      6.015    63.1339     1.1334     3.0628     0.0467      0.088      8.929     12.951        695 1.2361e-01   999.8824 0.0000e+00
      9.127     8.7259     0.0968      0.831  67.922469    100.667      6.017    62.7932     1.1449     3.0916     0.0468      0.087      8.949     12.980        696 1.2360e-01   999.8824 0.0000e+00
      9.146     8.7227     0.1007      0.864  68.046908    100.851      6.016    62.3768     1.1182     3.1205     0.0469      0.084      8.968     13.008        697 1.2381e-01   999.8830 0.0000e+00
      9.163     8.7227     0.1080      0.927  68.128326    100.995      6.018    61.6954     1.1754     3.1061     0.0470      0.080      8.988     13.035        698 1.2386e-01   999.8837 0.0000e+00
      9.185     8.7190     0.1035      0.888  68.266390    101.214      6.019    60.5218     1.1449     3.1349     0.0471      0.079      9.010     13.069        699 1.2369e-01   999.8840 0.0000e+00
      9.217     8.7094     0.1011      0.868  68.409383    101.419      6.020    59.7268     1.1639     3.0628     0.0472      0.082      9.038     13.110        700 1.2362e-01   999.8842 0.0000e+00
      9.248     8.6995     0.1029      0.884  68.603401    101.722      6.017    59.4239     1.0953     3.1205     0.0473      0.087      9.067     13.152        701 1.2370e-01   999.8848 0.0000e+00
      9.273     8.6910     0.1007      0.864  68.767022    101.999      6.018    58.7046     1.0915     3.1061     0.0474      0.092      9.092     13.188        702 1.2370e-01   999.8857 0.0000e+00
      9.294     8.6853     0.1052      0.902  68.918167    102.237      6.018    58.5532     1.0609     3.1061     0.0475      0.095      9.114     13.218        703 1.2376e-01   999.8866 0.0000e+00
      9.313     8.6815     0.0977      0.839  69.068352    102.512      6.020    58.0232     1.0724     3.1205     0.0477      0.096      9.133     13.246        704 1.2390e-01   999.8874 0.0000e+00
      9.331     8.6767     0.0973      0.835  69.144120    102.613      6.021    57.9096     1.1525     3.0916     0.0477      0.096      9.150     13.272        705 1.2376e-01   999.8879 0.0000e+00
      9.349     8.6700     0.0971      0.833  69.180088    102.707      6.020    56.8496     1.1525     2.9907     0.0477      0.093      9.169     13.300        706 1.2376e-01   999.8882 0.0000e+00
      9.372     8.6649     0.0963      0.826  69.320438    102.888      6.019    55.9789     1.1563     3.1061     0.0478      0.088      9.191     13.331        707 1.2382e-01   999.8888 0.0000e+00
      9.396     8.6632     0.1029      0.882  69.533465    103.282      6.022    55.4868     1.1258     3.0340     0.0480      0.083      9.213     13.362        708 1.2378e-01   999.8895 0.0000e+00
      9.416     8.6595     0.0986      0.846  69.746151    103.547      6.022    55.3732     1.1487     3.1349     0.0481      0.081      9.233     13.392        709 1.2372e-01   999.8900 0.0000e+00
      9.434     8.6556     0.0930      0.797  69.916618    103.884      6.022    54.8432     1.0266     3.3512     0.0483      0.080      9.251     13.417        710 1.2381e-01   999.8903 0.0000e+00
      9.449     8.6572     0.1004      0.861  69.796286    103.647      6.024    54.9189     1.0419     3.4521     0.0482      0.078      9.268     13.442        711 1.2390e-01   999.8906 0.0000e+00
      9.468     8.6562     0.1062      0.911  69.777164    103.659      6.025    54.4646     1.0304     3.2791     0.0482      0.078      9.288     13.471        712 1.2370e-01   999.8909 0.0000e+00
      9.496     8.6495     0.1046      0.897  70.029473    104.027      6.025    53.4803     1.0342     3.3368     0.0483      0.079      9.313     13.508        713 1.2363e-01   999.8911 0.0000e+00
      9.528     8.6417     0.1024      0.878  70.343168    104.487      6.024    53.1396     1.0838     3.0484     0.0485      0.083      9.341     13.548        714 1.2362e-01   999.8915 0.0000e+00
      9.552     8.6344     0.1035      0.887  70.603888    104.925      6.026    52.7989     1.0876     3.1349     0.0487      0.086      9.365     13.583        715 1.2369e-01   999.8923 0.0000e+00
      9.568     8.6293     0.0939      0.804  70.625279    104.949      6.025    52.4961     1.0991     3.0772     0.0487      0.087      9.383     13.609        716 1.2372e-01   999.8929 0.0000e+00
      9.583     8.6253     0.0985      0.843  70.761847    105.180      6.025    51.4361     1.0800     3.0628     0.0488      0.087      9.401     13.634        717 1.2376e-01   999.8935 0.0000e+00
      9.607     8.6198     0.1013      0.868  70.908922    105.445      6.025    50.7546     1.0342     3.2214     0.0490      0.088      9.422     13.665        718 1.2362e-01   999.8940 0.0000e+00
      9.632     8.6128     0.0964      0.826  71.125044    105.707      6.026    50.6411     1.0190     3.1061     0.0491      0.089      9.446     13.700        719 1.2357e-01   999.8946 0.0000e+00
      9.656     8.6102     0.0908      0.778  71.442874    106.307      6.026    49.6946     1.0762     3.1061     0.0494      0.088      9.469     13.734        720 1.2363e-01   999.8953 0.0000e+00
      9.679     8.6157     0.0943      0.807  71.374320    106.121      6.026    49.4296     1.0113     3.0916     0.0493      0.086      9.490     13.765        721 1.2370e-01   999.8959 0.0000e+00
      9.699     8.6196     0.0916      0.784  71.180677    105.922      6.027    48.8618     1.0266     3.1493     0.0492      0.084      9.509     13.792        722 1.2389e-01   999.8961 0.0000e+00
      9.713     8.6166     0.0939      0.804  71.238553    105.903      6.029    48.1046     1.0304     3.1637     0.0492      0.083      9.526     13.817        723 1.2370e-01   999.8957 0.0000e+00
