Data/DataAlreadyUploadedToEDI/CollatedDataForEDI/CTDData/CTD_2019 (not collated)/071119_bvr50_b.cnv
* Sea-Bird SBE19plus  Data File:
* FileName = C:\DATA\071019_bvr_0006.hex
* Software version 2.8.0.119
* Temperature SN = 7809
* Conductivity SN = 7809
* System UpLoad Time = Jul 12 2019 13:03:17
* <ApplicationData>
* <Seaterm232>
# nquan = 18
# nvalues = 1163                        
# units = specified
# name 0 = depFM: Depth [fresh water, m]
# name 1 = tv290C: Temperature [ITS-90, deg C]
# name 2 = sbeox0Mg/L: Oxygen, SBE 43 [mg/l]
# name 3 = sbeox0PS: Oxygen, SBE 43 [% saturation]
# name 4 = c0uS/cm: Conductivity [uS/cm]
# name 5 = specc: Specific Conductance [uS/cm]
# name 6 = ph: pH
# name 7 = orp: Oxidation Reduction Potential [mV]
# name 8 = flECO-AFL: Fluorescence, WET Labs ECO-AFL/FL [mg/m^3]
# name 9 = turbWETntu0: Turbidity, WET Labs ECO [NTU]
# name 10 = sal00: Salinity, Practical [PSU]
# name 11 = dz/dtM: Descent Rate [m/s]
# name 12 = prdM: Pressure, Strain Gauge [db]
# name 13 = prdE: Pressure, Strain Gauge [psi]
# name 14 = scan: Scan Count
# name 15 = par/sat/log: PAR/Logarithmic, Satlantic
# name 16 = density00: Density [density, kg/m^3]
# name 17 = flag:  0.000e+00
# span 0 =     -0.692,     10.552       
# span 1 =     8.3795,    27.3572       
# span 2 =    -0.0638,     8.3811       
# span 3 =     -0.589,    103.247       
# span 4 =   0.068829, 137.103092       
# span 5 =      0.522,    205.805       
# span 6 =      5.961,      7.613       
# span 7 =     4.6445,   455.2594       
# span 8 =    -0.1522,    32.9370       
# span 9 =    -0.3691,    30.4892       
# span 10 =     0.0107,     0.0952      
# span 11 =     -0.005,      0.116      
# span 12 =     -0.678,     10.348      
# span 13 =     -0.983,     15.008      
# span 14 =          1,       1163      
# span 15 = 1.2153e-01, 1.0173e+01      
# span 16 =   996.4385,   999.9513      
# span 17 = 0.0000e+00, 0.0000e+00      
# interval = seconds: 0.25
# start_time = Jul 11 2019 06:14:34 [Instrument's time stamp, header]
# bad_flag = -9.990e-29
*END*
[from data line 885]
      7.914     9.3338     0.0961      0.838  58.435280     84.931      5.969   107.6919     2.1977     2.6158     0.0400      0.007      7.761     11.255        886 1.2343e-01   999.8231 0.0000e+00
      7.921     9.3175     0.0963      0.840  59.078487     86.030      5.969   106.8969     2.0680     2.6302     0.0405      0.012      7.766     11.263        887 1.2362e-01   999.8249 0.0000e+00
      7.922     9.3254     0.0957      0.834  58.631917     85.401      5.970   106.2912     2.0757     2.6014     0.0402      0.014      7.768     11.266        888 1.2357e-01   999.8267 0.0000e+00
      7.920     9.3352     0.0935      0.815  57.982321     84.385      5.971   105.4584     2.0680     2.5437     0.0398      0.014      7.768     11.267        889 1.2374e-01   999.8277 0.0000e+00
      7.924     9.3275     0.0934      0.814  58.284816     84.974      5.970   104.7391     2.0833     2.6014     0.0400      0.014      7.770     11.271        890 1.2373e-01   999.8272 0.0000e+00
      7.929     9.3151     0.0948      0.827  58.937831     85.722      5.969   103.6412     2.1176     2.6879     0.0404      0.015      7.775     11.277        891 1.2358e-01   999.8268 0.0000e+00
      7.933     9.3060     0.0930      0.811  59.750839     87.128      5.971   103.0733     2.1291     2.6735     0.0410      0.014      7.779     11.282        892 1.2379e-01   999.8279 0.0000e+00
      7.934     9.3083     0.0973      0.849  59.972966     87.321      5.973   102.3919     2.1596     2.7600     0.0411      0.013      7.781     11.285        893 1.2372e-01   999.8290 0.0000e+00
      7.935     9.3217     0.0941      0.822  59.403144     86.653      5.971   101.9755     2.1329     2.6446     0.0408      0.010      7.782     11.287        894 1.2365e-01   999.8293 0.0000e+00
      7.938     9.3286     0.0955      0.834  59.896243     87.096      5.974   101.1048     2.1634     2.7311     0.0410      0.009      7.786     11.294        895 1.2368e-01   999.8294 0.0000e+00
      7.949     9.3254     0.0935      0.817  63.127732     92.030      5.972   100.3476     2.1634     2.5725     0.0432      0.012      7.795     11.305        896 1.2377e-01   999.8301 0.0000e+00
      7.958     9.3228     0.0926      0.809  65.589383     95.637      5.974    99.2119     2.1748     2.6014     0.0449      0.016      7.803     11.317        897 1.2376e-01   999.8308 0.0000e+00
      7.963     9.3242     0.0904      0.791  65.349528     95.117      5.975    98.6819     2.2054     2.7311     0.0446      0.018      7.809     11.325        898 1.2379e-01   999.8310 0.0000e+00
      7.967     9.3252     0.0928      0.812  65.444235     95.327      5.973    97.8490     2.0642     2.8465     0.0447      0.020      7.813     11.331        899 1.2384e-01   999.8313 0.0000e+00
      7.970     9.3253     0.0940      0.822  65.857348     95.975      5.975    96.9026     2.0604     2.8465     0.0450      0.021      7.814     11.333        900 1.2376e-01   999.8314 0.0000e+00
      7.968     9.3304     0.0948      0.829  64.301238     93.732      5.978    96.2590     2.0719     2.9042     0.0440      0.020      7.814     11.333        901 1.2378e-01   999.8305 0.0000e+00
      7.967     9.3351     0.0951      0.832  62.958886     91.492      5.974    95.3505     2.0680     2.8898     0.0430      0.018      7.814     11.333        902 1.2388e-01   999.8298 0.0000e+00
      7.969     9.3449     0.0989      0.864  64.085351     93.474      5.977    94.2526     2.4228     2.6590     0.0439      0.013      7.815     11.334        903 1.2395e-01   999.8300 0.0000e+00
      7.970     9.3665     0.0922      0.804  63.670919     92.767      5.978    93.7983     2.4495     2.6014     0.0436      0.008      7.815     11.335        904 1.2377e-01   999.8294 0.0000e+00
      7.968     9.3897     0.1027      0.896  61.634818     89.610      5.979    92.9276     2.4228     2.6158     0.0421      0.004      7.815     11.335        905 1.2357e-01   999.8275 0.0000e+00
      7.971     9.4143     0.0956      0.833  62.168012     90.403      5.979    92.3219     2.4457     2.6158     0.0425      0.002      7.817     11.337        906 1.2361e-01   999.8261 0.0000e+00
      7.974     9.4319     0.0954      0.831  63.066653     91.851      5.978    91.6026     2.3999     2.6302     0.0432      0.002      7.819     11.340        907 1.2373e-01   999.8247 0.0000e+00
      7.973     9.4492     0.0973      0.848  61.881467     89.790      5.980    90.9212     2.3770     2.6014     0.0423      0.003      7.819     11.341        908 1.2375e-01   999.8221 0.0000e+00
      7.974     9.4672     0.0970      0.845  61.506413     89.300      5.981    90.6183     2.3618     2.6735     0.0420      0.004      7.821     11.343        909 1.2372e-01   999.8205 0.0000e+00
      7.978     9.4756     0.0951      0.828  62.672834     90.959      5.982    89.9747     2.3694     2.7023     0.0428      0.005      7.825     11.348        910 1.2373e-01   999.8197 0.0000e+00
      7.984     9.4726     0.0954      0.831  63.308245     91.884      5.984    89.5583     2.3732     2.5581     0.0432      0.006      7.830     11.356        911 1.2381e-01   999.8186 0.0000e+00
      7.991     9.4470     0.1004      0.874  63.326985     91.783      5.984    89.4069     1.8659     2.5293     0.0432      0.010      7.839     11.370        912 1.2367e-01   999.8179 0.0000e+00
      8.007     9.4056     0.0936      0.814  63.539759     92.193      5.985    88.8012     1.8735     2.6158     0.0434      0.016      7.853     11.391        913 1.2364e-01   999.8184 0.0000e+00
      8.027     9.3646     0.0952      0.828  64.913068     94.091      5.984    88.1576     1.8926     2.5725     0.0442      0.024      7.871     11.416        914 1.2374e-01   999.8213 0.0000e+00
      8.045     9.3353     0.0943      0.820  66.455382     96.763      5.985    87.4762     1.8887     2.6590     0.0454      0.034      7.887     11.439        915 1.2368e-01   999.8256 0.0000e+00
      8.055     9.3137     0.0943      0.819  66.279892     96.311      5.985    87.4762     2.0795     2.8609     0.0452      0.043      7.898     11.456        916 1.2370e-01   999.8288 0.0000e+00
      8.062     9.2951     0.0915      0.795  66.051515     96.230      5.984    87.0219     2.0566     2.8177     0.0451      0.048      7.908     11.469        917 1.2371e-01   999.8311 0.0000e+00
      8.073     9.2850     0.0916      0.796  66.531864     96.901      5.983    86.8704     2.0795     2.8465     0.0454      0.051      7.918     11.483        918 1.2365e-01   999.8331 0.0000e+00
      8.085     9.2737     0.0925      0.803  66.839649     97.485      5.981    86.3783     2.0413     2.9186     0.0457      0.052      7.928     11.498        919 1.2372e-01   999.8349 0.0000e+00
      8.095     9.2563     0.0917      0.796  67.122832     97.838      5.979    85.6212     2.1367     2.6590     0.0458      0.049      7.938     11.513        920 1.2376e-01   999.8359 0.0000e+00
      8.105     9.2396     0.0929      0.807  67.426055     98.402      5.979    85.4697     2.1481     2.6879     0.0461      0.045      7.948     11.527        921 1.2355e-01   999.8369 0.0000e+00
      8.113     9.2274     0.0944      0.820  67.708918     98.778      5.977    84.8640     2.1405     2.6302     0.0462      0.041      7.956     11.539        922 1.2373e-01   999.8384 0.0000e+00
      8.120     9.2185     0.0949      0.824  67.839365     99.113      5.977    84.8640     2.1253     2.7023     0.0464      0.038      7.964     11.550        923 1.2385e-01   999.8399 0.0000e+00
      8.129     9.2105     0.0890      0.773  68.035460     99.311      5.974    83.7661     1.9193     2.7167     0.0465      0.037      7.974     11.565        924 1.2370e-01   999.8410 0.0000e+00
      8.145     9.2007     0.0948      0.823  68.622513    100.318      5.977    83.5011     1.9650     2.6735     0.0469      0.038      7.987     11.584        925 1.2366e-01   999.8420 0.0000e+00
      8.160     9.1902     0.0939      0.815  69.097556    100.955      5.976    82.5547     1.9383     2.6446     0.0472      0.040      7.999     11.602        926 1.2366e-01   999.8430 0.0000e+00
      8.165     9.1831     0.1005      0.872  69.106549    101.065      5.975    82.5926     1.9536     2.6735     0.0473      0.040      8.006     11.612        927 1.2373e-01   999.8438 0.0000e+00
      8.168     9.1764     0.0995      0.863  69.056585    100.933      5.973    82.3654     1.6789     2.8465     0.0472      0.039      8.012     11.621        928 1.2371e-01   999.8446 0.0000e+00
      8.178     9.1675     0.0940      0.815  69.159746    101.199      5.976    81.6083     1.7094     2.9474     0.0473      0.038      8.021     11.634        929 1.2374e-01   999.8453 0.0000e+00
      8.194     9.1586     0.0946      0.821  69.156280    101.137      5.973    80.6997     1.6904     2.9186     0.0473      0.039      8.034     11.652        930 1.2366e-01   999.8459 0.0000e+00
      8.204     9.1512     0.0934      0.811  69.120274    101.164      5.972    80.0561     1.7094     2.9186     0.0473      0.040      8.044     11.667        931 1.2367e-01   999.8466 0.0000e+00
      8.211     9.1460     0.0855      0.742  69.204562    101.272      5.970    79.7911     1.7094     2.8753     0.0473      0.038      8.052     11.678        932 1.2373e-01   999.8474 0.0000e+00
      8.216     9.1423     0.0867      0.753  69.229496    101.376      5.972    79.3747     1.5874     2.9330     0.0474      0.036      8.059     11.688        933 1.2363e-01   999.8480 0.0000e+00
      8.226     9.1384     0.0893      0.776  69.267356    101.391      5.974    78.8447     1.5836     2.8465     0.0474      0.035      8.068     11.702        934 1.2369e-01   999.8484 0.0000e+00
      8.240     9.1325     0.0866      0.752  69.394926    101.648      5.972    77.6711     1.5683     2.8177     0.0475      0.037      8.080     11.718        935 1.2372e-01   999.8489 0.0000e+00
      8.251     9.1260     0.0919      0.798  69.516006    101.782      5.975    77.0276     1.5530     2.8898     0.0476      0.039      8.090     11.733        936 1.2379e-01   999.8493 0.0000e+00
      8.256     9.1216     0.0920      0.797  69.561944    101.923      5.971    76.6868     1.7018     2.8609     0.0476      0.037      8.096     11.742        937 1.2368e-01   999.8498 0.0000e+00
      8.258     9.1194     0.0885      0.767  69.426816    101.697      5.974    77.1411     1.7171     2.9330     0.0475      0.034      8.099     11.747        938 1.2360e-01   999.8502 0.0000e+00
      8.263     9.1177     0.0928      0.805  69.357647    101.628      5.973    77.9361     1.7056     2.9042     0.0475      0.031      8.104     11.755        939 1.2389e-01   999.8505 0.0000e+00
      8.272     9.1151     0.0941      0.816  69.291814    101.552      5.975    77.9740     1.7094     2.9474     0.0474      0.030      8.112     11.765        940 1.2376e-01   999.8507 0.0000e+00
      8.279     9.1140     0.0910      0.789  69.093169    101.229      5.974    77.3683     1.3738     2.6302     0.0473      0.029      8.119     11.775        941 1.2370e-01   999.8508 0.0000e+00
      8.285     9.1213     0.0941      0.816  69.011180    101.155      5.974    76.6111     1.4081     2.6590     0.0473      0.026      8.127     11.787        942 1.2374e-01   999.8510 0.0000e+00
      8.297     9.1463     0.0938      0.813  68.948591    101.035      5.974    75.6647     1.4043     2.6446     0.0472      0.026      8.139     11.804        943 1.2374e-01   999.8511 0.0000e+00
      8.316     9.1640     0.0871      0.754  68.844538    100.892      5.975    74.9076     1.3966     2.6302     0.0471      0.030      8.154     11.827        944 1.2377e-01   999.8506 0.0000e+00
      8.333     9.1449     0.0929      0.805  68.784460    100.694      5.974    74.1504     1.4157     3.1349     0.0471      0.037      8.169     11.849        945 1.2367e-01   999.8487 0.0000e+00
      8.343     9.1116     0.0923      0.800  68.815553    100.720      5.975    73.6961     1.4386     3.0340     0.0471      0.043      8.182     11.867        946 1.2378e-01   999.8474 0.0000e+00
      8.356     9.0922     0.0877      0.760  68.865199    100.822      5.975    72.8633     1.3890     3.1061     0.0471      0.047      8.193     11.883        947 1.2370e-01   999.8489 0.0000e+00
      8.363     9.0935     0.0921      0.798  68.871108    100.961      5.973    72.1440     1.3776     3.0628     0.0472      0.049      8.200     11.894        948 1.2364e-01   999.8516 0.0000e+00
      8.366     9.1040     0.0932      0.807  68.837908    100.937      5.973    71.6897     1.6255     3.2503     0.0471      0.048      8.205     11.900        949 1.2355e-01   999.8531 0.0000e+00
      8.369     9.1002     0.0866      0.750  68.876848    101.015      5.973    71.2733     1.6560     3.3945     0.0472      0.043      8.209     11.906        950 1.2358e-01   999.8530 0.0000e+00
      8.379     9.0811     0.0855      0.740  68.971068    101.105      5.975    70.8568     1.6370     3.3368     0.0472      0.037      8.217     11.918        951 1.2380e-01   999.8523 0.0000e+00
      8.390     9.0608     0.0862      0.746  68.928434    101.075      5.977    70.3268     1.6293     3.2791     0.0472      0.032      8.228     11.934        952 1.2373e-01   999.8526 0.0000e+00
      8.403     9.0453     0.0866      0.749  68.959592    101.134      5.977    69.6075     1.7400     3.0051     0.0472      0.031      8.242     11.954        953 1.2375e-01   999.8541 0.0000e+00
      8.420     9.0402     0.0883      0.764  69.110412    101.480      5.975    68.1311     1.7476     3.1061     0.0474      0.034      8.256     11.974        954 1.2387e-01   999.8558 0.0000e+00
      8.433     9.0428     0.0851      0.736  69.156335    101.527      5.976    67.4497     1.7743     3.0772     0.0474      0.038      8.269     11.994        955 1.2372e-01   999.8571 0.0000e+00
      8.444     9.0406     0.0878      0.759  69.228979    101.707      5.976    67.1090     1.7819     3.1493     0.0475      0.043      8.282     12.013        956 1.2360e-01   999.8576 0.0000e+00
      8.461     9.0350     0.0895      0.774  69.316853    101.780      5.976    66.6168     1.7667     3.0628     0.0475      0.049      8.295     12.031        957 1.2362e-01   999.8575 0.0000e+00
      8.471     9.0297     0.0876      0.757  69.284450    101.788      5.975    66.4275     1.6065     3.0628     0.0475      0.052      8.305     12.045        958 1.2364e-01   999.8577 0.0000e+00
      8.473     9.0257     0.0868      0.751  69.269307    101.722      5.977    65.9732     1.5607     3.0628     0.0475      0.050      8.310     12.053        959 1.2363e-01   999.8581 0.0000e+00
      8.478     9.0281     0.0842      0.728  69.216967    101.738      5.977    65.4054     1.5759     3.1637     0.0475      0.045      8.319     12.065        960 1.2364e-01   999.8586 0.0000e+00
      8.499     9.0259     0.0902      0.780  69.112119    101.504      5.980    64.6861     1.5607     3.0195     0.0474      0.043      8.335     12.089        961 1.2375e-01   999.8589 0.0000e+00
      8.521     9.0077     0.0878      0.759  69.281056    101.825      5.976    64.3454     1.5073     3.1205     0.0475      0.045      8.353     12.115        962 1.2385e-01   999.8589 0.0000e+00
      8.532     9.0001     0.0911      0.787  69.303570    101.829      5.980    64.1182     1.5187     3.1061     0.0475      0.046      8.364     12.131        963 1.2369e-01   999.8592 0.0000e+00
      8.533     9.0079     0.0872      0.753  69.202842    101.722      5.976    63.8532     1.5111     3.0195     0.0475      0.045      8.370     12.140        964 1.2356e-01   999.8605 0.0000e+00
