Data/DataAlreadyUploadedToEDI/CollatedDataForEDI/CTDData/CTD_2019 (not collated)/071519_fcr10.cnv
* Sea-Bird SBE19plus  Data File:
* FileName = C:\DATA\071519_fcr_0002.hex
* Software version 2.8.0.119 SB_Terminal.dll
* Temperature SN = 7809
* Conductivity SN = 7809
* System UpLoad Time = Jul 15 2019 16:37:54
* <ApplicationData>
* <Seaterm232>
# nquan = 16
# nvalues = 269                         
# units = specified
# name 0 = depFM: Depth [fresh water, m]
# name 1 = dz/dtM: Descent Rate [m/s]
# name 2 = sbeox0Mg/L: Oxygen, SBE 43 [mg/l]
# name 3 = sbeox0PS: Oxygen, SBE 43 [% saturation]
# name 4 = specc: Specific Conductance [uS/cm]
# name 5 = c0uS/cm: Conductivity [uS/cm]
# name 6 = flECO-AFL: Fluorescence, WET Labs ECO-AFL/FL [mg/m^3]
# name 7 = ph: pH
# name 8 = orp: Oxidation Reduction Potential [mV]
# name 9 = par/sat/log: PAR/Logarithmic, Satlantic
# name 10 = turbWETntu0: Turbidity, WET Labs ECO [NTU]
# name 11 = prdM: Pressure, Strain Gauge [db]
# name 12 = prdE: Pressure, Strain Gauge [psi]
# name 13 = tv290C: Temperature [ITS-90, deg C]
# name 14 = density00: Density [density, kg/m^3]
# name 15 = flag:  0.000e+00
# span 0 =     -0.539,      2.340       
# span 1 =     -0.163,      0.254       
# span 2 =    -1.1714,     9.4156       
# span 3 =    -13.484,    118.317       
# span 4 =      0.510,    158.778       
# span 5 =   0.506143, 150.378987       
# span 6 =    -0.1242,     9.2997       
# span 7 =      6.577,      8.167       
# span 8 =   -85.2136,   209.2007       
# span 9 = 5.7628e+01, 1.3584e+03       
# span 10 =    -0.5153,    12.8523      
# span 11 =     -0.530,      2.295      
# span 12 =     -0.768,      3.328      
# span 13 =    22.2863,    27.6012      
# span 14 =   996.3669,   997.7704      
# span 15 = 0.0000e+00, 0.0000e+00      
# interval = seconds: 0.25
# start_time = Jul 15 2019 10:42:54 [Instrument's time stamp, header]
# bad_flag = -9.990e-29
*END*
[from data line 91]
      0.425      0.064     6.8274     86.546     36.298  38.157106     4.9605      7.045   151.5933 8.5894e+02     2.2695      0.420      0.609    27.5372   996.3863 0.0000e+00
      0.429      0.070     6.8036     86.238     36.276  38.130893     4.9327      7.044   152.3248 8.1206e+02     2.1607      0.416      0.605    27.5414   996.3850 0.0000e+00
      0.443      0.074     6.7984     86.172     36.114  37.961044     4.9122      7.033   152.8764 7.4454e+02     2.0763      0.426      0.618    27.5556   996.3811 0.0000e+00
      0.474      0.074     6.8027     86.239     35.972  37.817325     4.9023      7.018   153.2725 7.2299e+02     2.0356      0.463      0.672    27.5598   996.3803 0.0000e+00
      0.509      0.072     6.8037     86.248     35.947  37.789679     4.9093      7.011   153.7585 7.3121e+02     2.0297      0.505      0.732    27.5551   996.3818 0.0000e+00
      0.534      0.066     6.7922     86.055     35.995  37.817213     4.9439      7.013   154.4510 7.0878e+02     2.0374      0.528      0.765    27.5485   996.3838 0.0000e+00
      0.544      0.055     6.7630     85.619     36.040  37.832819     4.9743      7.017   155.1065 6.9152e+02     2.0634      0.536      0.777    27.5446   996.3848 0.0000e+00
      0.546      0.042     6.7151     84.964     36.019  37.787885     4.9820      7.016   155.4894 6.9347e+02     2.0820      0.534      0.775    27.5605   996.3803 0.0000e+00
      0.549      0.032     6.6494     84.107     35.964  37.718218     5.0115      7.009   155.8101 6.8692e+02     2.0655      0.535      0.776    27.5707   996.3775 0.0000e+00
      0.558      0.028     6.5715     83.107     35.942  37.688692     5.0697      7.002   156.2311 6.8009e+02     2.0610      0.547      0.794    27.5309   996.3886 0.0000e+00
      0.569      0.028     6.4926     82.101     35.942  37.684772     5.1050      7.001   156.7078 6.7421e+02     2.0924      0.559      0.812    27.4743   996.4045 0.0000e+00
      0.577      0.029     6.4216     81.201     35.930  37.670814     5.1091      7.003   157.1858 6.7500e+02     2.1177      0.568      0.823    27.4429   996.4134 0.0000e+00
      0.583      0.029     6.3649     80.484     35.908  37.646879     5.1287      7.002   157.5372 6.7658e+02     2.1697      0.571      0.829    27.4308   996.4167 0.0000e+00
      0.588      0.028     6.3241     79.969     35.910  37.649279     5.1772      7.000   157.8596 6.6217e+02     2.2960      0.576      0.835    27.4215   996.4193 0.0000e+00
      0.595      0.028     6.2960     79.614     35.958  37.699827     5.2087      6.997   158.2440 6.4468e+02     2.3663      0.583      0.846    27.4156   996.4209 0.0000e+00
      0.603      0.032     6.2790     79.404     36.003  37.750256     5.2154      6.994   158.5712 6.3709e+02     2.3314      0.592      0.859    27.4145   996.4213 0.0000e+00
      0.610      0.037     6.2733     79.343     35.998  37.751213     5.2151      6.989   159.0626 6.3465e+02     2.2999      0.599      0.868    27.4152   996.4212 0.0000e+00
      0.618      0.041     6.2767     79.394     35.957  37.711408     5.2224      6.982   159.7118 6.2550e+02     2.3137      0.604      0.875    27.4164   996.4209 0.0000e+00
      0.630      0.044     6.2835     79.481     35.897  37.649843     5.2512      6.973   160.0529 6.0492e+02     2.3339      0.615      0.893    27.4149   996.4214 0.0000e+00
      0.645      0.044     6.2848     79.492     35.892  37.641573     5.2770      6.964   160.1757 5.8602e+02     2.3472      0.633      0.918    27.4181   996.4205 0.0000e+00
      0.660      0.045     6.2748     79.360     35.988  37.738368     5.2742      6.959   160.5074 5.7601e+02     2.3765      0.649      0.942    27.4280   996.4178 0.0000e+00
      0.671      0.047     6.2568     79.129     36.113  37.868047     5.2348      6.954   161.0525 5.6815e+02     2.3602      0.660      0.957    27.4361   996.4156 0.0000e+00
      0.678      0.050     6.2411     78.933     36.181  37.939993     5.1828      6.947   161.5181 5.5822e+02     2.3139      0.665      0.965    27.4361   996.4157 0.0000e+00
      0.685      0.054     6.2361     78.871     36.151  37.910041     5.1572      6.937   161.8354 5.4449e+02     2.3094      0.670      0.971    27.4306   996.4172 0.0000e+00
      0.699      0.055     6.2393     78.911     36.069  37.823277     5.1586      6.925   162.1356 5.2611e+02     2.3046      0.683      0.989    27.4249   996.4188 0.0000e+00
      0.720      0.055     6.2415     78.945     36.024  37.779592     5.2166      6.912   162.3947 5.0576e+02     2.2890      0.706      1.024    27.4220   996.4197 0.0000e+00
      0.742      0.054     6.2349     78.872     36.063  37.826180     5.3220      6.903   162.6452 4.9294e+02     2.2855      0.730      1.059    27.4258   996.4189 0.0000e+00
      0.757      0.054     6.2191     78.681     36.169  37.942255     5.3752      6.903   163.0132 4.9255e+02     2.2948      0.745      1.081    27.4273   996.4186 0.0000e+00
      0.765      0.055     6.1994     78.439     36.258  38.040481     5.3836      6.908   163.4885 4.9584e+02     2.3031      0.752      1.089    27.4237   996.4196 0.0000e+00
      0.771      0.058     6.1845     78.253     36.277  38.061696     5.4063      6.914   163.9176 4.9547e+02     2.2868      0.753      1.092    27.4289   996.4181 0.0000e+00
      0.781      0.063     6.1818     78.213     36.290  38.071815     5.4322      6.919   164.2438 4.8559e+02     2.2613      0.761      1.104    27.4397   996.4151 0.0000e+00
      0.801      0.072     6.1890     78.297     36.320  38.099341     5.4448      6.923   164.5938 4.6444e+02     2.2907      0.784      1.136    27.4445   996.4139 0.0000e+00
      0.827      0.081     6.1994     78.425     36.301  38.077126     5.4466      6.925   164.9658 4.4514e+02     2.3793      0.813      1.179    27.4505   996.4124 0.0000e+00
      0.852      0.086     6.2082     78.532     36.224  37.993639     5.4275      6.925   165.2999 4.3144e+02     2.4157      0.837      1.213    27.4558   996.4110 0.0000e+00
      0.874      0.085     6.2114     78.563     36.153  37.915092     5.3873      6.926   165.6223 4.1444e+02     2.3693      0.856      1.242    27.4474   996.4135 0.0000e+00
      0.897      0.080     6.2042     78.465     36.132  37.889127     5.3685      6.927   165.9388 3.9446e+02     2.3099      0.879      1.275    27.4397   996.4157 0.0000e+00
      0.920      0.072     6.1846     78.215     36.115  37.870117     5.3911      6.925   166.2006 3.7799e+02     2.2878      0.904      1.311    27.4409   996.4155 0.0000e+00
      0.937      0.063     6.1557     77.850     36.060  37.812189     5.5391      6.922   166.4655 3.6890e+02     2.3646      0.921      1.337    27.4381   996.4163 0.0000e+00
      0.949      0.053     6.1198     77.399     36.009  37.760007     5.7878      6.918   166.8180 3.5905e+02     2.4843      0.930      1.349    27.4291   996.4189 0.0000e+00
      0.961      0.044     6.0780     76.873     35.994  37.746996     5.9104      6.917   167.1066 3.4680e+02     2.5219      0.941      1.365    27.4237   996.4204 0.0000e+00
      0.972      0.037     6.0341     76.318     36.027  37.781825     5.9113      6.917   167.2876 3.3903e+02     2.4926      0.954      1.385    27.4230   996.4207 0.0000e+00
      0.979      0.035     5.9942     75.809     36.108  37.863746     5.9200      6.918   167.5447 3.3440e+02     2.4580      0.960      1.392    27.4224   996.4209 0.0000e+00
      0.984      0.037     5.9686     75.474     36.159  37.912302     5.9717      6.917   167.8922 3.3013e+02     2.4639      0.965      1.399    27.4258   996.4198 0.0000e+00
      0.991      0.039     5.9663     75.433     36.117  37.861102     6.0513      6.913   168.1334 3.2121e+02     2.4976      0.970      1.408    27.4296   996.4188 0.0000e+00
      1.001      0.039     5.9839     75.646     36.018  37.752486     6.0932      6.909   168.3096 3.1228e+02     2.5047      0.979      1.420    27.4298   996.4188 0.0000e+00
      1.016      0.037     6.0083     75.951     35.949  37.678107     6.0889      6.910   168.5601 3.1094e+02     2.4843      0.996      1.445    27.4259   996.4201 0.0000e+00
      1.031      0.034     6.0280     76.204     35.931  37.660025     6.0336      6.912   168.7536 3.0724e+02     2.4148      1.014      1.470    27.4178   996.4224 0.0000e+00
      1.040      0.029     6.0385     76.337     35.931  37.660801     5.9536      6.914   168.9283 2.9918e+02     2.3206      1.022      1.484    27.4071   996.4253 0.0000e+00
      1.043      0.024     6.0393     76.342     35.958  37.687492     5.9279      6.917   169.2956 2.9465e+02     2.2961      1.024      1.486    27.3978   996.4279 0.0000e+00
      1.043      0.020     6.0324     76.248     36.002  37.728851     5.9221      6.920   169.7528 2.8866e+02     2.3143      1.022      1.482    27.3965   996.4283 0.0000e+00
      1.045      0.020     6.0226     76.117     36.054  37.780002     5.7972      6.920   170.1539 2.7991e+02     2.3117      1.023      1.484    27.4015   996.4269 0.0000e+00
      1.050      0.026     6.0152     76.018     36.134  37.861619     5.5799      6.917   170.5324 2.6733e+02     2.2970      1.029      1.492    27.4031   996.4265 0.0000e+00
      1.057      0.037     6.0164     76.031     36.224  37.953965     5.4615      6.908   170.8879 2.4972e+02     2.3011      1.036      1.502    27.3982   996.4278 0.0000e+00
      1.067      0.051     6.0345     76.259     36.276  38.007886     5.4494      6.893   171.2676 2.3279e+02     2.3283      1.046      1.517    27.3923   996.4296 0.0000e+00
      1.080      0.066     6.0788     76.817     36.214  37.942286     5.4769      6.871   171.6826 2.1626e+02     2.3313      1.058      1.534    27.3865   996.4312 0.0000e+00
      1.097      0.076     6.1500     77.714     36.076  37.795560     5.5341      6.852   172.0337 2.0026e+02     2.3040      1.073      1.558    27.3828   996.4323 0.0000e+00
      1.122      0.077     6.2281     78.707     35.976  37.693774     5.5687      6.844   172.2434 1.8415e+02     2.2933      1.096      1.590    27.3808   996.4330 0.0000e+00
      1.155      0.070     6.2921     79.514     35.948  37.663730     5.5653      6.847   172.4110 1.6911e+02     2.3007      1.133      1.643    27.3814   996.4331 0.0000e+00
      1.183      0.060     6.3398     80.093     35.980  37.686202     5.5450      6.852   172.6838 1.5985e+02     2.2949      1.168      1.694    27.3818   996.4331 0.0000e+00
      1.194      0.047     6.3757     80.515     36.019  37.711560     5.5225      6.856   173.0464 1.5331e+02     2.2890      1.176      1.705    27.3732   996.4354 0.0000e+00
      1.192      0.035     6.4042     80.861     36.031  37.716412     5.5107      6.859   173.4394 1.4593e+02     2.2948      1.169      1.694    27.3807   996.4333 0.0000e+00
      1.190      0.028     6.4315     81.205     36.058  37.744859     5.5061      6.862   173.7359 1.3815e+02     2.2988      1.164      1.688    27.3905   996.4306 0.0000e+00
      1.193      0.029     6.4590     81.559     36.109  37.801610     5.5104      6.862   173.9642 1.3084e+02     2.3051      1.168      1.696    27.3641   996.4379 0.0000e+00
      1.202      0.037     6.4874     81.923     36.135  37.831305     5.5364      6.858   174.3071 1.2517e+02     2.3053      1.179      1.711    27.3366   996.4457 0.0000e+00
      1.215      0.046     6.5155     82.278     36.092  37.786526     5.5595      6.850   174.6983 1.2005e+02     2.3016      1.189      1.726    27.3295   996.4477 0.0000e+00
      1.231      0.050     6.5338     82.509     36.014  37.704519     5.5563      6.844   174.9952 1.1478e+02     2.3254      1.205      1.748    27.3301   996.4477 0.0000e+00
      1.251      0.049     6.5327     82.500     35.974  37.664948     5.5505      6.843   175.2295 1.1153e+02     2.3308      1.228      1.780    27.3366   996.4459 0.0000e+00
      1.266      0.046     6.5117     82.241     35.994  37.688922     5.5585      6.846   175.4657 1.1078e+02     2.3018      1.245      1.806    27.3425   996.4444 0.0000e+00
      1.275      0.043     6.4737     81.762     36.042  37.740497     5.5663      6.850   175.7006 1.1092e+02     2.3021      1.253      1.817    27.3410   996.4449 0.0000e+00
      1.280      0.042     6.4222     81.112     36.081  37.780735     5.5659      6.852   175.8326 1.1011e+02     2.3011      1.256      1.822    27.3386   996.4454 0.0000e+00
      1.285      0.043     6.3648     80.385     36.096  37.794584     5.5718      6.850   175.9431 1.0779e+02     2.2902      1.259      1.826    27.3429   996.4443 0.0000e+00
      1.295      0.047     6.3111     79.697     36.087  37.780994     5.6723      6.845   176.2615 1.0536e+02     2.3669      1.268      1.838    27.3482   996.4429 0.0000e+00
      1.310      0.050     6.2646     79.095     36.058  37.743360     5.8615      6.838   176.6712 1.0299e+02     2.4743      1.283      1.861    27.3498   996.4424 0.0000e+00
      1.329      0.051     6.2218     78.540     36.043  37.720385     5.9696      6.832   176.9397 1.0024e+02     2.5073      1.304      1.891    27.3494   996.4426 0.0000e+00
      1.348      0.050     6.1804     78.010     36.082  37.757096     5.9821      6.827   177.0977 9.7532e+01     2.5373      1.325      1.921    27.3487   996.4429 0.0000e+00
      1.360      0.047     6.1406     77.499     36.134  37.806379     6.0303      6.826   177.2920 9.5008e+01     2.5421      1.336      1.937    27.3431   996.4446 0.0000e+00
      1.367      0.043     6.1024     77.005     36.142  37.808451     6.1354      6.826   177.5679 9.2671e+01     2.5320      1.341      1.945    27.3288   996.4486 0.0000e+00
      1.372      0.039     6.0657     76.527     36.124  37.782136     6.2045      6.824   177.9382 9.0432e+01     2.5790      1.344      1.949    27.3176   996.4517 0.0000e+00
      1.381      0.038     6.0287     76.048     36.092  37.742095     6.2151      6.823   178.3275 8.8563e+01     2.5873      1.353      1.963    27.3143   996.4527 0.0000e+00
      1.394      0.038     5.9885     75.532     36.061  37.705158     6.2377      6.827   178.5750 8.7252e+01     2.5337      1.368      1.984    27.3093   996.4541 0.0000e+00
      1.407      0.039     5.9444     74.971     36.075  37.716376     6.2873      6.833   178.7800 8.6461e+01     2.4873      1.380      2.001    27.2994   996.4569 0.0000e+00
      1.417      0.042     5.8996     74.400     36.111  37.750776     6.3206      6.835   178.9994 8.6120e+01     2.5176      1.390      2.016    27.2881   996.4601 0.0000e+00
      1.425      0.044     5.8614     73.910     36.105  37.740235     6.3364      6.834   179.1630 8.5915e+01     2.6060      1.397      2.027    27.2780   996.4629 0.0000e+00
      1.434      0.045     5.8348     73.564     36.087  37.715865     6.3394      6.831   179.3811 8.5831e+01     2.6051      1.405      2.038    27.2720   996.4646 0.0000e+00
      1.445      0.046     5.8146     73.301     36.087  37.710018     6.2882      6.827   179.5716 8.5736e+01     2.5402      1.415      2.053    27.2683   996.4656 0.0000e+00
      1.461      0.048     5.7980     73.082     36.053  37.669532     6.2031      6.824   179.6593 8.5642e+01     2.5089      1.432      2.077    27.2655   996.4666 0.0000e+00
      1.476      0.049     5.8075     73.182     36.003  37.607187     6.1596      6.823   179.8398 8.5745e+01     2.4895      1.449      2.102    27.2590   996.4685 0.0000e+00
      1.487      0.050     5.9309     74.695     36.008  37.590938     6.1530      6.823   180.1185 8.5849e+01     2.5016      1.458      2.114    27.2493   996.4712 0.0000e+00
      1.498      0.053     6.2879     79.139     36.042  37.599984     6.1330      6.818   180.3630 8.6019e+01     2.5243      1.470      2.131    27.2424   996.4731 0.0000e+00
