Data/DataAlreadyUploadedToEDI/CollatedDataForEDI/CTDData/CTD_2019 (not collated)/071519_fcr45.cnv
* Sea-Bird SBE19plus  Data File:
* FileName = C:\DATA\071519_fcr_0006.hex
* Software version 2.8.0.119 SB_Terminal.dll
* Temperature SN = 7809
* Conductivity SN = 7809
* System UpLoad Time = Jul 15 2019 16:38:58
* <ApplicationData>
* <Seaterm232>
# nquan = 16
# nvalues = 632                         
# units = specified
# name 0 = depFM: Depth [fresh water, m]
# name 1 = dz/dtM: Descent Rate [m/s]
# name 2 = sbeox0Mg/L: Oxygen, SBE 43 [mg/l]
# name 3 = sbeox0PS: Oxygen, SBE 43 [% saturation]
# name 4 = specc: Specific Conductance [uS/cm]
# name 5 = c0uS/cm: Conductivity [uS/cm]
# name 6 = flECO-AFL: Fluorescence, WET Labs ECO-AFL/FL [mg/m^3]
# name 7 = ph: pH
# name 8 = orp: Oxidation Reduction Potential [mV]
# name 9 = par/sat/log: PAR/Logarithmic, Satlantic
# name 10 = turbWETntu0: Turbidity, WET Labs ECO [NTU]
# name 11 = prdM: Pressure, Strain Gauge [db]
# name 12 = prdE: Pressure, Strain Gauge [psi]
# name 13 = tv290C: Temperature [ITS-90, deg C]
# name 14 = density00: Density [density, kg/m^3]
# name 15 = flag:  0.000e+00
# span 0 =     -0.527,      7.383       
# span 1 =     -0.007,      0.182       
# span 2 =     0.9973,    15.0263       
# span 3 =      9.226,    176.288       
# span 4 =      2.428,     42.516       
# span 5 =   2.303089,  38.506473       
# span 6 =    -1.8043,     6.1992       
# span 7 =      6.787,      8.048       
# span 8 =    40.2738,   342.1570       
# span 9 = 1.2349e-01, 2.4355e+03       
# span 10 =    -0.9539,    10.0781      
# span 11 =     -0.517,      7.241      
# span 12 =     -0.750,     10.502      
# span 13 =    10.8196,    28.0663      
# span 14 =   996.2352,   999.6767      
# span 15 = 0.0000e+00, 0.0000e+00      
# interval = seconds: 0.25
# start_time = Jul 15 2019 11:23:45 [Instrument's time stamp, header]
# bad_flag = -9.990e-29
*END*
[from data line 181]
      1.334      0.061     7.5044     93.678     36.846  38.106731     5.0210      7.691   176.2433 7.6546e+01     2.2304      1.308      1.897    27.4075   996.4266 0.0000e+00
      1.349      0.061     8.4633    105.508     36.914  38.118884     5.0201      7.694   176.1838 7.6746e+01     2.2537      1.322      1.917    27.3037   996.4555 0.0000e+00
      1.366      0.061     9.3500    116.516     36.944  38.131068     5.0401      7.696   176.1981 7.7015e+01     2.2622      1.339      1.941    27.0427   996.5278 0.0000e+00
      1.383      0.061    10.0850    125.688     36.936  38.127067     5.0895      7.696   176.2438 7.7205e+01     2.2682      1.358      1.968    26.8139   996.5908 0.0000e+00
      1.399      0.061    10.6341    132.533     36.942  38.133992     5.1234      7.696   176.3926 7.7348e+01     2.2599      1.373      1.989    26.6879   996.6252 0.0000e+00
      1.413      0.061    10.9778    136.776     36.971  38.151319     5.1466      7.697   176.6206 7.7508e+01     2.2605      1.386      2.010    26.6056   996.6476 0.0000e+00
      1.428      0.060    11.1324    138.629     36.987  38.146119     5.2576      7.700   176.7634 7.7662e+01     2.3085      1.400      2.031    26.5866   996.6529 0.0000e+00
      1.443      0.058    11.1522    138.799     36.998  38.134562     5.4423      7.703   176.6565 7.7799e+01     2.3817      1.415      2.053    26.6119   996.6461 0.0000e+00
      1.459      0.057    11.1038    138.134     37.020  38.138499     5.5324      7.708   176.4468 7.7941e+01     2.4249      1.430      2.076    26.6128   996.6459 0.0000e+00
      1.475      0.055    11.0369    137.236     37.030  38.130220     5.5320      7.714   176.5513 7.8051e+01     2.4701      1.447      2.099    26.5964   996.6505 0.0000e+00
      1.488      0.055    10.9717    136.357     37.019  38.097900     5.4810      7.719   177.0586 7.8103e+01     2.5015      1.460      2.117    26.5612   996.6600 0.0000e+00
      1.500      0.056    10.9126    135.557     37.006  38.065076     5.3753      7.722   177.6774 7.8110e+01     2.4767      1.472      2.134    26.5249   996.6700 0.0000e+00
      1.512      0.057    10.8602    134.846     37.010  38.050699     5.3201      7.725   178.1819 7.8143e+01     2.4659      1.483      2.150    26.5092   996.6743 0.0000e+00
      1.527      0.059    10.8171    134.261     37.025  38.050994     5.3249      7.727   178.4258 7.8265e+01     2.4691      1.496      2.169    26.4783   996.6826 0.0000e+00
      1.544      0.061    10.7876    133.857     37.053  38.068617     5.3209      7.730   178.4754 7.8370e+01     2.4493      1.515      2.197    26.4499   996.6904 0.0000e+00
      1.562      0.061    10.7784    133.717     37.065  38.073329     5.3146      7.733   178.4377 7.8413e+01     2.4231      1.533      2.222    26.4243   996.6974 0.0000e+00
      1.579      0.060    10.7904    133.852     37.042  38.044480     5.3187      7.737   178.3146 7.8433e+01     2.4141      1.548      2.245    26.3969   996.7049 0.0000e+00
      1.594      0.058    10.8176    134.173     37.039  38.037185     5.3103      7.741   178.2771 7.8424e+01     2.4398      1.564      2.268    26.3772   996.7102 0.0000e+00
      1.607      0.055    10.8480    134.523     37.059  38.048598     5.2996      7.744   178.3292 7.8383e+01     2.4718      1.576      2.286    26.3612   996.7146 0.0000e+00
      1.620      0.051    10.8683    134.748     37.074  38.055503     5.3015      7.747   178.4275 7.8322e+01     2.4738      1.588      2.305    26.3517   996.7172 0.0000e+00
      1.634      0.049    10.8738    134.805     37.079  38.057188     5.3076      7.750   178.6051 7.8259e+01     2.4628      1.602      2.324    26.3470   996.7185 0.0000e+00
      1.646      0.048    10.8679    134.713     37.034  38.005483     5.3121      7.751   178.8416 7.8235e+01     2.4374      1.614      2.341    26.3440   996.7194 0.0000e+00
      1.657      0.049    10.8584    134.505     36.933  37.874675     5.3049      7.750   179.2225 7.8180e+01     2.4284      1.625      2.358    26.3282   996.7236 0.0000e+00
      1.667      0.051    10.8502    134.196     36.868  37.745070     5.3153      7.750   179.5969 7.8047e+01     2.4858      1.634      2.369    26.3139   996.7275 0.0000e+00
      1.679      0.054    10.8400    133.778     36.918  37.707863     5.3503      7.749   179.8412 7.7935e+01     2.5410      1.645      2.386    26.3132   996.7278 0.0000e+00
      1.694      0.059    10.8182    133.228     37.036  37.742049     5.3638      7.749   180.1971 7.7818e+01     2.5389      1.661      2.410    26.3144   996.7276 0.0000e+00
      1.710      0.063    10.7738    132.483     37.131  37.777420     5.3662      7.751   180.5450 7.7662e+01     2.5259      1.677      2.433    26.2900   996.7342 0.0000e+00
      1.728      0.066    10.6992    131.457     37.141  37.754581     5.4146      7.754   180.6924 7.7456e+01     2.5479      1.694      2.457    26.1970   996.7592 0.0000e+00
      1.747      0.068    10.5948    130.080     37.011  37.592812     5.4979      7.754   180.9467 7.7261e+01     2.5762      1.714      2.486    26.0610   996.7955 0.0000e+00
      1.765      0.068    10.4752    128.438     36.758  37.281369     5.5409      7.752   181.2960 7.7116e+01     2.6051      1.732      2.512    25.9342   996.8293 0.0000e+00
      1.782      0.068    10.3587    126.744     36.536  36.972169     5.5447      7.748   181.4736 7.6914e+01     2.6341      1.748      2.535    25.8479   996.8522 0.0000e+00
      1.798      0.067    10.2701    125.360     36.434  36.773970     5.5609      7.745   181.6322 7.6699e+01     2.6648      1.764      2.557    25.8153   996.8609 0.0000e+00
      1.815      0.066    10.2596    124.928     36.419  36.662060     5.5889      7.744   181.8363 7.6546e+01     2.7476      1.779      2.580    25.7975   996.8657 0.0000e+00
      1.833      0.065    10.3739    126.009     36.424  36.571011     5.6073      7.745   181.9624 7.6416e+01     2.8161      1.797      2.606    25.7221   996.8855 0.0000e+00
      1.850      0.063    10.6299    128.803     36.383  36.434636     5.6095      7.748   182.0385 7.6247e+01     2.8052      1.815      2.632    25.5923   996.9196 0.0000e+00
      1.866      0.061    11.0172    133.183     36.323  36.282449     5.6065      7.754   182.0691 7.6002e+01     2.7791      1.831      2.656    25.4603   996.9541 0.0000e+00
      1.881      0.058    11.4955    138.674     36.315  36.190637     5.6500      7.761   182.2460 7.5750e+01     2.7959      1.847      2.677    25.3287   996.9883 0.0000e+00
      1.895      0.056    11.9997    144.515     36.340  36.149539     5.7362      7.769   182.6286 7.5535e+01     2.8446      1.858      2.695    25.1948   997.0231 0.0000e+00
      1.908      0.055    12.4641    149.937     36.339  36.102789     5.7812      7.776   183.0808 7.5338e+01     2.8764      1.871      2.713    25.0626   997.0572 0.0000e+00
      1.921      0.054    12.8478    154.437     36.335  36.069623     5.7787      7.784   183.6702 7.5173e+01     2.8849      1.883      2.732    24.9331   997.0904 0.0000e+00
      1.935      0.053    13.1333    157.760     36.359  36.065842     5.7841      7.793   184.2478 7.4933e+01     2.9471      1.897      2.752    24.8156   997.1204 0.0000e+00
      1.950      0.052    13.3211    159.894     36.381  36.057035     5.8110      7.801   184.5588 7.4572e+01     3.0386      1.914      2.776    24.7210   997.1445 0.0000e+00
      1.965      0.050    13.4215    160.992     36.377  36.026561     5.8354      7.810   184.5898 7.4279e+01     3.0738      1.928      2.797    24.6594   997.1602 0.0000e+00
      1.977      0.047    13.4483    161.224     36.322  35.951228     5.8542      7.818   184.6232 7.4084e+01     3.1108      1.939      2.811    24.6287   997.1680 0.0000e+00
      1.988      0.044    13.4232    160.799     36.244  35.844323     5.9419      7.823   184.7909 7.3807e+01     3.1913      1.949      2.826    24.5952   997.1765 0.0000e+00
      1.999      0.043    13.3695    159.952     36.199  35.749468     6.0985      7.828   184.9829 7.3499e+01     3.2599      1.960      2.843    24.5468   997.1888 0.0000e+00
      2.009      0.044    13.3068    158.949     36.205  35.692852     6.1872      7.832   185.2232 7.3247e+01     3.2851      1.970      2.858    24.5089   997.1984 0.0000e+00
      2.018      0.047    13.2547    158.078     36.241  35.667444     6.1992      7.834   185.2879 7.3021e+01     3.2989      1.980      2.871    24.4871   997.2038 0.0000e+00
      2.028      0.052    13.2392    157.647     36.267  35.632582     6.1827      7.837   184.6461 7.2805e+01     3.2957      1.988      2.884    24.4557   997.2118 0.0000e+00
      2.041      0.058    13.2797    157.861     36.289  35.588595     6.1270      7.841   183.4007 7.2455e+01     3.2800      2.000      2.902    24.3798   997.2309 0.0000e+00
      2.058      0.065    13.3811    158.781     36.351  35.579787     6.0808      7.845   182.5339 7.1972e+01     3.2721      2.018      2.926    24.2834   997.2550 0.0000e+00
      2.077      0.071    13.5412    160.388     36.433  35.589452     6.0743      7.850   182.4254 7.1520e+01     3.2664      2.036      2.952    24.2033   997.2750 0.0000e+00
      2.097      0.073    13.7434    162.503     36.491  35.578421     6.0830      7.855   182.5186 7.1099e+01     3.2765      2.056      2.981    24.1235   997.2949 0.0000e+00
      2.119      0.070    13.9661    164.896     36.543  35.573246     6.0906      7.861   182.4556 7.0622e+01     3.2960      2.078      3.013    24.0309   997.3179 0.0000e+00
      2.140      0.063    14.1943    167.421     36.601  35.590271     6.0884      7.866   182.1797 7.0187e+01     3.3053      2.100      3.046    23.9337   997.3420 0.0000e+00
      2.157      0.053    14.4153    169.945     36.625  35.593811     6.0826      7.873   181.6785 6.9933e+01     3.2908      2.118      3.071    23.8364   997.3660 0.0000e+00
      2.168      0.044    14.6191    172.300     36.593  35.552545     6.0718      7.883   181.1270 6.9780e+01     3.2835      2.127      3.085    23.7391   997.3899 0.0000e+00
      2.173      0.038    14.7939    174.253     36.535  35.472122     5.9678      7.896   180.8467 6.9700e+01     3.4137      2.131      3.092    23.6595   997.4092 0.0000e+00
      2.178      0.036    14.9261    175.606     36.490  35.383022     5.7784      7.907   180.9572 6.9623e+01     3.6852      2.134      3.096    23.6018   997.4233 0.0000e+00
      2.184      0.038    15.0064    176.288     36.464  35.300273     5.6716      7.915   181.2586 6.9427e+01     3.8467      2.140      3.104    23.5796   997.4288 0.0000e+00
      2.195      0.041    15.0263    176.263     36.453  35.233145     5.6477      7.922   181.4795 6.9132e+01     3.8261      2.151      3.120    23.5813   997.4284 0.0000e+00
      2.209      0.044    14.9890    175.638     36.468  35.205985     5.5589      7.931   181.5629 6.8717e+01     3.8947      2.165      3.140    23.5521   997.4356 0.0000e+00
      2.224      0.044    14.9143    174.683     36.507  35.225697     5.4124      7.944   181.5780 6.8288e+01     4.0871      2.181      3.163    23.4838   997.4521 0.0000e+00
      2.237      0.044    14.8243    173.626     36.499  35.217578     5.3327      7.956   181.6625 6.8003e+01     4.1521      2.196      3.185    23.3987   997.4726 0.0000e+00
      2.247      0.044    14.7431    172.623     36.397  35.107825     5.3066      7.968   181.8960 6.7779e+01     4.1567      2.205      3.199    23.3131   997.4932 0.0000e+00
      2.253      0.046    14.6955    171.810     36.321  34.977624     5.2352      7.979   182.1642 6.7466e+01     4.2738      2.210      3.203    23.2507   997.5083 0.0000e+00
      2.261      0.049    14.6821    171.245     36.349  34.912599     5.1282      7.989   182.4104 6.7060e+01     4.4215      2.216      3.214    23.2308   997.5131 0.0000e+00
      2.274      0.054    14.6810    170.898     36.406  34.892689     5.0716      7.997   182.3776 6.6585e+01     4.4666      2.229      3.234    23.2407   997.5108 0.0000e+00
      2.291      0.059    14.6790    170.732     36.409  34.863706     5.0623      8.005   181.8536 6.6066e+01     4.4268      2.247      3.258    23.2522   997.5081 0.0000e+00
      2.311      0.061    14.6781    170.681     36.369  34.815992     5.0244      8.013   181.4096 6.5557e+01     4.4645      2.266      3.288    23.1692   997.5279 0.0000e+00
      2.330      0.061    14.6863    170.676     36.267  34.696581     4.9514      8.021   181.5699 6.5159e+01     4.5955      2.285      3.315    23.0048   997.5671 0.0000e+00
      2.346      0.059    14.7155    170.698     36.067  34.435355     4.8984      8.029   181.9834 6.4873e+01     4.6670      2.302      3.339    22.8886   997.5947 0.0000e+00
      2.360      0.055    14.7700    170.730     35.888  34.132600     4.8864      8.037   182.2796 6.4587e+01     4.6730      2.314      3.358    22.8607   997.6013 0.0000e+00
      2.371      0.053    14.8373    170.746     35.811  33.891756     4.8418      8.043   182.4848 6.4324e+01     4.6026      2.325      3.372    22.8674   997.5997 0.0000e+00
      2.382      0.051    14.8986    170.706     35.828  33.744344     4.7399      8.047   182.6573 6.4087e+01     4.4716      2.335      3.387    22.8511   997.6036 0.0000e+00
      2.395      0.051    14.9014    170.089     35.913  33.682773     4.6780      8.048   182.8162 6.3826e+01     4.4316      2.348      3.406    22.7708   997.6225 0.0000e+00
      2.410      0.052    14.7981    168.383     36.008  33.654813     4.6659      8.048   182.9437 6.3514e+01     4.4468      2.363      3.427    22.5657   997.6704 0.0000e+00
      2.424      0.054    14.6274    166.051     36.039  33.596515     4.6536      8.047   183.0802 6.3151e+01     4.4268      2.377      3.448    22.3077   997.7301 0.0000e+00
      2.437      0.054    14.4460    163.679     35.996  33.485485     4.6080      8.046   183.2624 6.2719e+01     4.3528      2.389      3.465    22.0775   997.7828 0.0000e+00
      2.451      0.053    14.2669    161.328     35.974  33.391142     4.5310      8.045   183.5109 6.2222e+01     4.2413      2.403      3.485    21.8784   997.8281 0.0000e+00
      2.466      0.051    14.0893    158.992     36.006  33.344192     4.4936      8.045   183.7622 6.1731e+01     4.1931      2.418      3.507    21.7093   997.8661 0.0000e+00
      2.480      0.048    13.9230    156.810     36.034  33.298487     4.4856      8.045   183.8922 6.1264e+01     4.1960      2.433      3.529    21.5967   997.8913 0.0000e+00
      2.493      0.046    13.7786    154.922     36.015  33.219217     4.4074      8.042   184.0505 6.0877e+01     4.1455      2.446      3.547    21.5144   997.9096 0.0000e+00
      2.503      0.046    13.6604    153.374     35.925  33.083747     4.2772      8.038   184.3845 6.0573e+01     4.0734      2.455      3.560    21.4048   997.9339 0.0000e+00
      2.511      0.047    13.5699    152.134     35.816  32.929691     4.2115      8.036   184.7478 6.0174e+01     4.0449      2.461      3.570    21.2968   997.9578 0.0000e+00
      2.521      0.049    13.4952    151.052     35.757  32.816081     4.1935      8.031   185.0873 5.9627e+01     4.0314      2.471      3.583    21.1959   997.9799 0.0000e+00
      2.534      0.053    13.4272    150.085     35.713  32.725404     4.1208      8.026   185.4779 5.9020e+01     3.9428      2.484      3.603    21.1052   997.9999 0.0000e+00
      2.550      0.055    13.3706    149.285     35.684  32.658240     4.0079      8.021   185.8574 5.8350e+01     3.7926      2.500      3.627    21.0430   998.0134 0.0000e+00
      2.567      0.056    13.3349    148.687     35.715  32.638568     3.9472      8.018   186.2343 5.7724e+01     3.7222      2.519      3.653    20.9727   998.0287 0.0000e+00
      2.583      0.056    13.3289    148.381     35.753  32.614409     3.9425      8.013   186.7653 5.7241e+01     3.7472      2.535      3.676    20.8739   998.0501 0.0000e+00
