Data/DataAlreadyUploadedToEDI/CollatedDataForEDI/CTDData/CTD_2019 (not collated)/071519_fcr10.cnv
* Sea-Bird SBE19plus  Data File:
* FileName = C:\DATA\071519_fcr_0002.hex
* Software version 2.8.0.119 SB_Terminal.dll
* Temperature SN = 7809
* Conductivity SN = 7809
* System UpLoad Time = Jul 15 2019 16:37:54
* <ApplicationData>
* <Seaterm232>
# nquan = 16
# nvalues = 269                         
# units = specified
# name 0 = depFM: Depth [fresh water, m]
# name 1 = dz/dtM: Descent Rate [m/s]
# name 2 = sbeox0Mg/L: Oxygen, SBE 43 [mg/l]
# name 3 = sbeox0PS: Oxygen, SBE 43 [% saturation]
# name 4 = specc: Specific Conductance [uS/cm]
# name 5 = c0uS/cm: Conductivity [uS/cm]
# name 6 = flECO-AFL: Fluorescence, WET Labs ECO-AFL/FL [mg/m^3]
# name 7 = ph: pH
# name 8 = orp: Oxidation Reduction Potential [mV]
# name 9 = par/sat/log: PAR/Logarithmic, Satlantic
# name 10 = turbWETntu0: Turbidity, WET Labs ECO [NTU]
# name 11 = prdM: Pressure, Strain Gauge [db]
# name 12 = prdE: Pressure, Strain Gauge [psi]
# name 13 = tv290C: Temperature [ITS-90, deg C]
# name 14 = density00: Density [density, kg/m^3]
# name 15 = flag:  0.000e+00
# span 0 =     -0.539,      2.340       
# span 1 =     -0.163,      0.254       
# span 2 =    -1.1714,     9.4156       
# span 3 =    -13.484,    118.317       
# span 4 =      0.510,    158.778       
# span 5 =   0.506143, 150.378987       
# span 6 =    -0.1242,     9.2997       
# span 7 =      6.577,      8.167       
# span 8 =   -85.2136,   209.2007       
# span 9 = 5.7628e+01, 1.3584e+03       
# span 10 =    -0.5153,    12.8523      
# span 11 =     -0.530,      2.295      
# span 12 =     -0.768,      3.328      
# span 13 =    22.2863,    27.6012      
# span 14 =   996.3669,   997.7704      
# span 15 = 0.0000e+00, 0.0000e+00      
# interval = seconds: 0.25
# start_time = Jul 15 2019 10:42:54 [Instrument's time stamp, header]
# bad_flag = -9.990e-29
*END*
[from data line 181]
      1.521      0.059     7.5825     95.356     36.065  37.591955     6.1043      6.797   180.9443 8.5962e+01     2.5191      1.489      2.160    27.2294   996.4768 0.0000e+00
      1.539      0.061     8.2411    103.617     36.109  37.628792     6.1033      6.791   181.1449 8.5339e+01     2.4776      1.507      2.186    27.1937   996.4868 0.0000e+00
      1.561      0.062     8.7708    110.258     36.140  37.654101     6.0694      6.788   181.3498 8.4563e+01     2.4905      1.533      2.223    27.1490   996.4993 0.0000e+00
      1.579      0.061     9.1443    114.935     36.137  37.644052     6.0066      6.786   181.6153 8.3898e+01     2.5110      1.551      2.250    27.1235   996.5064 0.0000e+00
      1.592      0.058     9.3591    117.620     36.132  37.634228     5.9680      6.788   181.8588 8.3073e+01     2.4958      1.561      2.264    27.1089   996.5105 0.0000e+00
      1.605      0.054     9.4156    118.317     36.164  37.662263     5.9672      6.791   181.9715 8.2201e+01     2.5040      1.574      2.283    27.0966   996.5140 0.0000e+00
      1.618      0.051     9.3410    117.359     36.235  37.729117     6.0050      6.794   182.1175 8.1374e+01     2.4791      1.587      2.301    27.0871   996.5166 0.0000e+00
      1.629      0.050     9.1944    115.483     36.322  37.807784     6.0696      6.798   182.5913 8.0385e+01     2.3907      1.596      2.316    27.0777   996.5193 0.0000e+00
      1.642      0.050     9.0345    113.426     36.442  37.915169     6.0984      6.802   183.0538 7.9604e+01     2.3208      1.611      2.337    27.0705   996.5213 0.0000e+00
      1.656      0.051     8.8873    111.501     36.562  38.011871     6.0927      6.802   183.2356 7.9040e+01     2.2892      1.624      2.356    27.0661   996.5226 0.0000e+00
      1.669      0.053     8.7438    109.593     36.613  38.024813     6.0619      6.799   183.4989 7.8366e+01     2.2706      1.636      2.374    27.0577   996.5250 0.0000e+00
      1.682      0.055     8.5839    107.458     36.707  38.071593     6.0038      6.796   183.9145 7.7871e+01     2.2921      1.650      2.393    27.0410   996.5297 0.0000e+00
      1.695      0.056     8.4124    105.153     36.888  38.196539     5.9709      6.795   184.3032 7.7545e+01     2.3535      1.661      2.409    27.0195   996.5357 0.0000e+00
      1.710      0.058     8.2732    103.208     37.033  38.265899     5.9683      6.791   184.5852 7.7155e+01     2.3571      1.676      2.431    26.9827   996.5459 0.0000e+00
      1.726      0.060     8.2022    102.078     37.137  38.275337     5.9720      6.786   184.7423 7.6826e+01     2.3031      1.694      2.457    26.9245   996.5619 0.0000e+00
      1.741      0.061     8.1892    101.645     37.278  38.310499     6.0066      6.779   184.9982 7.6473e+01     2.3555      1.707      2.476    26.8582   996.5802 0.0000e+00
      1.757      0.061     8.2117    101.622     37.458  38.373476     6.0657      6.772   185.3562 7.5996e+01     2.4999      1.722      2.497    26.7783   996.6022 0.0000e+00
      1.773      0.061     8.2661    101.960     37.618  38.401831     6.0971      6.765   185.6295 7.5527e+01     2.5414      1.740      2.523    26.6680   996.6324 0.0000e+00
      1.789      0.060     8.3589    102.770     37.747  38.399221     6.1006      6.759   185.8936 7.5000e+01     2.4965      1.755      2.546    26.5298   996.6699 0.0000e+00
      1.804      0.058     8.4868    104.047     37.869  38.405188     6.1252      6.752   186.1406 7.4396e+01     2.4815      1.769      2.566    26.3842   996.7093 0.0000e+00
      1.819      0.055     8.6223    105.474     37.965  38.410328     6.1778      6.748   186.3777 7.3852e+01     2.4908      1.784      2.588    26.2248   996.7523 0.0000e+00
      1.834      0.050     8.7312    106.664     38.009  38.397748     6.2081      6.745   186.6095 7.3279e+01     2.4776      1.798      2.608    26.0354   996.8029 0.0000e+00
      1.846      0.044     8.8021    107.519     37.995  38.379954     6.2134      6.741   186.8787 7.2790e+01     2.4857      1.813      2.628    25.8477   996.8528 0.0000e+00
      1.856      0.039     8.8484    108.179     37.965  38.385618     6.2422      6.739   187.3089 7.2459e+01     2.5238      1.822      2.642    25.6910   996.8942 0.0000e+00
      1.865      0.035     8.8824    108.698     37.943  38.402813     6.2868      6.739   187.7677 7.2114e+01     2.5451      1.829      2.653    25.5661   996.9270 0.0000e+00
      1.873      0.033     8.9054    109.012     37.926  38.397478     6.3200      6.741   188.2102 7.1836e+01     2.5794      1.839      2.666    25.4763   996.9505 0.0000e+00
      1.879      0.036     8.9176    109.095     37.938  38.384614     6.3405      6.744   188.7007 7.1632e+01     2.5772      1.842      2.671    25.4781   996.9500 0.0000e+00
      1.885      0.042     8.9191    108.983     37.977  38.374193     6.3340      6.742   189.2253 7.1503e+01     2.5188      1.848      2.679    25.5487   996.9315 0.0000e+00
      1.894      0.048     8.9071    108.695     37.991  38.334876     6.3024      6.736   189.7350 7.1462e+01     2.4953      1.858      2.693    25.6125   996.9149 0.0000e+00
      1.909      0.052     8.8766    108.239     37.978  38.290017     6.2797      6.732   190.3034 7.1245e+01     2.5235      1.869      2.710    25.6385   996.9082 0.0000e+00
      1.929      0.053     8.8325    107.687     37.970  38.276101     6.2675      6.732   190.8488 7.0973e+01     2.5324      1.892      2.745    25.5922   996.9204 0.0000e+00
      1.949      0.053     8.7874    107.090     38.005  38.293570     6.1890      6.733   191.1669 7.0988e+01     2.5045      1.915      2.777    25.5208   996.9392 0.0000e+00
      1.961      0.049     8.7468    106.450     38.079  38.310776     6.0508      6.734   191.3960 7.1328e+01     2.5137      1.923      2.791    25.4364   996.9612 0.0000e+00
      1.969      0.042     8.7102    105.798     38.143  38.293624     5.9758      6.733   191.7267 7.1764e+01     2.5456      1.930      2.800    25.3813   996.9756 0.0000e+00
      1.977      0.034     8.6746    105.157     38.208  38.276486     5.9659      6.729   192.3260 7.2129e+01     2.5293      1.940      2.813    25.4068   996.9691 0.0000e+00
      1.986      0.028     8.6354    104.544     38.279  38.293871     5.9664      6.724   193.0493 7.2614e+01     2.5131      1.948      2.825    25.3975   996.9715 0.0000e+00
      1.994      0.023     8.5975    104.059     38.309  38.313312     6.0239      6.722   193.5883 7.3131e+01     2.5463      1.956      2.837    25.3079   996.9948 0.0000e+00
      1.999      0.021     8.5734    103.819     38.296  38.321096     6.1325      6.724   193.9394 7.3440e+01     2.6034      1.962      2.846    25.1946   997.0241 0.0000e+00
      2.002      0.022     8.5699    103.799     38.354  38.388025     6.1884      6.729   194.1966 7.3444e+01     2.6467      1.964      2.848    25.0691   997.0564 0.0000e+00
      2.002      0.027     8.5859    103.856     38.509  38.487787     6.1959      6.731   194.5479 7.2994e+01     2.6437      1.964      2.848    24.9902   997.0767 0.0000e+00
      2.006      0.035     8.6052    103.851     38.629  38.511578     6.2320      6.728   195.1754 7.2224e+01     2.6322      1.965      2.850    24.9839   997.0784 0.0000e+00
      2.016      0.042     8.6051    103.685     38.669  38.485100     6.2955      6.718   196.1049 7.1268e+01     2.6388      1.973      2.863    25.0238   997.0682 0.0000e+00
      2.033      0.046     8.5759    103.227     38.712  38.484933     6.3309      6.705   197.0106 7.0151e+01     2.6252      1.992      2.890    25.0796   997.0539 0.0000e+00
      2.053      0.046     8.5177    102.386     38.795  38.509503     6.3389      6.695   197.5220 6.9185e+01     2.6314      2.014      2.923    24.9988   997.0748 0.0000e+00
      2.070      0.041     8.4355    101.281     38.863  38.528166     6.4005      6.695   197.8138 6.8575e+01     2.6809      2.032      2.948    24.8101   997.1232 0.0000e+00
      2.079      0.035     8.3460    100.136     38.884  38.520078     6.5126      6.700   198.1297 6.8208e+01     2.7321      2.041      2.959    24.7415   997.1406 0.0000e+00
      2.081      0.030     8.2654     99.037     38.895  38.475159     6.5763      6.706   198.5024 6.7965e+01     2.7589      2.042      2.961    24.7236   997.1452 0.0000e+00
      2.081      0.026     8.1961     97.990     38.942  38.429314     6.6159      6.711   198.8782 6.7601e+01     2.7431      2.040      2.958    24.6170   997.1722 0.0000e+00
      2.085      0.028     8.1384     97.061     39.027  38.409984     7.0268      6.716   199.2326 6.6945e+01     2.9669      2.042      2.961    24.5430   997.1909 0.0000e+00
      2.095      0.036     8.0944     96.284     39.226  38.495201     7.7898      6.721   199.7756 6.6373e+01     3.4994      2.054      2.979    24.5479   997.1896 0.0000e+00
      2.106      0.050     8.0639     95.633     40.412  39.522978     8.2103      6.721   200.3676 6.6147e+01     3.8392      2.067      2.997    24.4772   997.2075 0.0000e+00
      2.116      0.067     8.0395     94.984     44.131  42.964653     8.2623      6.719   200.7973 6.5970e+01     3.8966      2.074      3.008    24.3331   997.2436 0.0000e+00
      2.131      0.083     7.9948     94.019     59.305  57.379704     8.5232      6.714   201.1860 6.5387e+01     4.1275      2.085      3.024    24.2072   997.2753 0.0000e+00
      2.155      0.095     7.8667     92.053     89.038  85.680922     9.0155      6.708   201.6258 6.4113e+01     4.5991      2.109      3.059    24.0694   997.3092 0.0000e+00
      2.189      0.100     7.5316     87.725    111.518 106.862784     9.2812      6.702   202.1567 6.2391e+01     4.8786      2.145      3.112    23.9176   997.3475 0.0000e+00
      2.224      0.099     6.8222     79.186    118.756 113.392899     9.2997      6.697   202.6147 6.0686e+01     4.9183      2.183      3.166    23.7200   997.3963 0.0000e+00
      2.256      0.089     5.6789     65.781    128.369 122.287822     9.2649      6.693   202.9475 5.9346e+01     4.8832      2.215      3.213    23.4578   997.4625 0.0000e+00
      2.278      0.073     4.2191     48.811    139.960 133.136791     9.1903      6.688   203.2555 5.8496e+01     4.8149      2.238      3.245    23.1741   997.5456 0.0000e+00
      2.290      0.055     2.6575     30.709    143.589 136.382785     9.1424      6.682   203.6717 5.7986e+01     4.7804      2.247      3.259    22.9021   997.6197 0.0000e+00
      2.296      0.038     1.2236     14.124    145.754 138.266481     9.1366      6.677   204.1932 5.7708e+01     4.7610      2.252      3.266    22.7058   997.6630 0.0000e+00
      2.301      0.026     0.0711      0.821    152.530 144.617552     9.1209      6.670   204.6570 5.7628e+01     4.7110      2.257      3.274    22.6186   997.6880 0.0000e+00
      2.306      0.019    -0.7184     -8.278    158.274 150.005127     8.9779      6.662   205.1497 5.7725e+01     4.6023      2.262      3.281    22.5691   997.7062 0.0000e+00
      2.310      0.014    -1.1194    -12.893    158.778 150.378987     8.7334      6.654   205.5906 5.7948e+01     4.5276      2.265      3.286    22.4799   997.7260 0.0000e+00
      2.313      0.012    -1.1714    -13.484    153.332 145.117827     8.6009      6.647   205.8576 5.8174e+01     4.5287      2.268      3.291    22.4069   997.7426 0.0000e+00
      2.316      0.010    -0.9690    -11.151    139.676 132.144991     8.5821      6.642   206.0547 5.8359e+01     4.5178      2.271      3.293    22.4015   997.7479 0.0000e+00
      2.318      0.009    -0.6324     -7.277    120.734 114.261867     8.5837      6.637   206.3398 5.8595e+01     4.4934      2.273      3.296    22.3919   997.7526 0.0000e+00
      2.320      0.009    -0.2651     -3.050    103.551  98.135791     8.5941      6.632   206.8093 5.8964e+01     4.4964      2.275      3.300    22.3484   997.7623 0.0000e+00
      2.322      0.009     0.0807      0.939     91.495  86.920565     8.5947      6.627   207.1709 5.9397e+01     4.4890      2.277      3.302    22.3098   997.7702 0.0000e+00
      2.324      0.010     0.4187      4.856     83.639  79.681373     8.5831      6.622   207.1851 5.9815e+01     4.4700      2.278      3.305    22.2863   997.7704 0.0000e+00
      2.327      0.010     0.7842      9.106     78.594  75.057368     8.4975      6.617   207.1529 6.0289e+01     4.5940      2.282      3.310    22.2994   997.7595 0.0000e+00
      2.330      0.009     1.1912     13.849     76.760  73.435393     8.3488      6.615   207.2970 6.0864e+01     4.8402      2.285      3.314    22.3714   997.7367 0.0000e+00
      2.332      0.008     1.6342     19.018     76.264  73.044980     8.2678      6.613   207.3798 6.1420e+01     4.9564      2.287      3.317    22.4961   997.7039 0.0000e+00
      2.335      0.007     2.0909     24.343     74.851  71.735831     8.2633      6.611   207.3796 6.1853e+01     4.9177      2.289      3.321    22.6457   997.6670 0.0000e+00
      2.337      0.006     2.5188     29.326     73.236  70.196287     8.3462      6.609   207.4663 6.2067e+01     4.8641      2.291      3.323    22.7618   997.6377 0.0000e+00
      2.337      0.004     2.8835     33.568     71.855  68.863542     8.4990      6.609   207.6533 6.1973e+01     4.8653      2.292      3.324    22.8364   997.6199 0.0000e+00
      2.338      0.003     3.1664     36.867     70.167  67.256118     8.5758      6.609   207.9197 6.1714e+01     4.9320      2.293      3.326    22.8942   997.6066 0.0000e+00
      2.338      0.002     3.3559     39.098     68.032  65.255223     8.5727      6.609   208.1922 6.1478e+01     4.9820      2.293      3.326    22.9236   997.5987 0.0000e+00
      2.339      0.001     3.4637     40.385     66.327  63.676942     8.5052      6.608   208.5388 6.1345e+01     5.1752      2.293      3.326    22.9233   997.5984 0.0000e+00
      2.339      0.001     3.5257     41.135     65.888  63.300918     8.3757      6.606   208.9270 6.1440e+01     5.5644      2.293      3.326    22.9078   997.6017 0.0000e+00
      2.339      0.000     3.5780     41.765     66.132  63.569143     8.3064      6.603   209.0997 6.1659e+01     5.7545      2.293      3.326    22.9080   997.6011 0.0000e+00
      2.339      0.000     3.6439     42.545     66.756  64.187148     8.3092      6.600   209.1650 6.1743e+01     5.7372      2.293      3.326    22.9524   997.5898 0.0000e+00
      2.339      0.000     3.7316     43.568     67.791  65.179935     8.3139      6.598   209.2007 6.1633e+01     5.5842      2.294      3.327    23.0024   997.5772 0.0000e+00
      2.339      0.001     3.8321     44.734     68.829  66.165826     8.3118      6.594   208.4990 6.1383e+01     5.3138      2.294      3.327    23.0333   997.5699 0.0000e+00
      2.339      0.001     3.8834     45.329     69.324  66.636413     8.3095      6.592   207.8219 6.1073e+01     5.1885      2.293      3.326    23.0596   997.5638 0.0000e+00
      2.339 -9.990e-29 -9.990e-29 -9.990e-29 -9.990e-29 -9.990e-29 -9.990e-29 -9.990e-29 -9.990e-29 6.0725e+01 -9.990e-29      2.294      3.327    23.0776   997.5597 0.0000e+00
      2.340 -9.990e-29 -9.990e-29 -9.990e-29 -9.990e-29 -9.990e-29 -9.990e-29 -9.990e-29 -9.990e-29 6.0271e+01 -9.990e-29      2.294      3.328    23.0707   997.5617 0.0000e+00
      2.340 -9.990e-29 -9.990e-29 -9.990e-29 -9.990e-29 -9.990e-29 -9.990e-29 -9.990e-29 -9.990e-29 5.9756e+01 -9.990e-29      2.294      3.328    23.0564   997.5655 0.0000e+00
      2.340 -9.990e-29 -9.990e-29 -9.990e-29 -9.990e-29 -9.990e-29 -9.990e-29 -9.990e-29 -9.990e-29 5.9503e+01 -9.990e-29      2.295      3.328    23.0551   997.5661 0.0000e+00
