Data/DataAlreadyUploadedToEDI/CollatedDataForEDI/CTDData/CTD_2019 (not collated)/071519_fcr45.cnv
* Sea-Bird SBE19plus  Data File:
* FileName = C:\DATA\071519_fcr_0006.hex
* Software version 2.8.0.119 SB_Terminal.dll
* Temperature SN = 7809
* Conductivity SN = 7809
* System UpLoad Time = Jul 15 2019 16:38:58
* <ApplicationData>
* <Seaterm232>
# nquan = 16
# nvalues = 632                         
# units = specified
# name 0 = depFM: Depth [fresh water, m]
# name 1 = dz/dtM: Descent Rate [m/s]
# name 2 = sbeox0Mg/L: Oxygen, SBE 43 [mg/l]
# name 3 = sbeox0PS: Oxygen, SBE 43 [% saturation]
# name 4 = specc: Specific Conductance [uS/cm]
# name 5 = c0uS/cm: Conductivity [uS/cm]
# name 6 = flECO-AFL: Fluorescence, WET Labs ECO-AFL/FL [mg/m^3]
# name 7 = ph: pH
# name 8 = orp: Oxidation Reduction Potential [mV]
# name 9 = par/sat/log: PAR/Logarithmic, Satlantic
# name 10 = turbWETntu0: Turbidity, WET Labs ECO [NTU]
# name 11 = prdM: Pressure, Strain Gauge [db]
# name 12 = prdE: Pressure, Strain Gauge [psi]
# name 13 = tv290C: Temperature [ITS-90, deg C]
# name 14 = density00: Density [density, kg/m^3]
# name 15 = flag:  0.000e+00
# span 0 =     -0.527,      7.383       
# span 1 =     -0.007,      0.182       
# span 2 =     0.9973,    15.0263       
# span 3 =      9.226,    176.288       
# span 4 =      2.428,     42.516       
# span 5 =   2.303089,  38.506473       
# span 6 =    -1.8043,     6.1992       
# span 7 =      6.787,      8.048       
# span 8 =    40.2738,   342.1570       
# span 9 = 1.2349e-01, 2.4355e+03       
# span 10 =    -0.9539,    10.0781      
# span 11 =     -0.517,      7.241      
# span 12 =     -0.750,     10.502      
# span 13 =    10.8196,    28.0663      
# span 14 =   996.2352,   999.6767      
# span 15 = 0.0000e+00, 0.0000e+00      
# interval = seconds: 0.25
# start_time = Jul 15 2019 11:23:45 [Instrument's time stamp, header]
# bad_flag = -9.990e-29
*END*
[from data line 452]
      5.255      0.047     5.0976     46.225     40.905  29.448947     2.2426      7.549   254.2820 3.7850e+00     8.5798      5.155      7.476    11.0000   999.6483 0.0000e+00
      5.266      0.047     5.0939     46.190     40.882  29.431633     2.2493      7.548   254.4391 3.7092e+00     8.7198      5.166      7.492    10.9981   999.6486 0.0000e+00
      5.276      0.047     5.0903     46.158     40.890  29.436872     2.2485      7.545   254.6240 3.6412e+00     8.7696      5.175      7.506    10.9963   999.6488 0.0000e+00
      5.286      0.048     5.0893     46.148     40.908  29.448832     2.2322      7.543   254.8830 3.5521e+00     8.7230      5.182      7.516    10.9944   999.6491 0.0000e+00
      5.297      0.051     5.0885     46.140     40.909  29.449342     2.1651      7.541   255.1608 3.4221e+00     8.6808      5.193      7.532    10.9937   999.6493 0.0000e+00
      5.312      0.056     5.0850     46.108     40.901  29.443034     2.0619      7.540   255.3160 3.2971e+00     8.6192      5.210      7.556    10.9928   999.6494 0.0000e+00
      5.328      0.061     5.0792     46.055     40.892  29.436018     2.0161      7.539   255.3830 3.1887e+00     8.5683      5.225      7.577    10.9917   999.6496 0.0000e+00
      5.345      0.066     5.0745     46.011     40.882  29.427953     2.0188      7.537   255.5395 3.0698e+00     8.5572      5.241      7.601    10.9914   999.6497 0.0000e+00
      5.363      0.067     5.0733     45.999     40.857  29.408979     1.9554      7.535   255.7462 2.9444e+00     8.5838      5.259      7.628    10.9916   999.6498 0.0000e+00
      5.381      0.066     5.0733     45.997     40.842  29.396960     1.8390      7.533   255.9035 2.8154e+00     8.6602      5.276      7.652    10.9912   999.6499 0.0000e+00
      5.399      0.065     5.0708     45.973     40.861  29.409536     1.7817      7.530   255.9783 2.6903e+00     8.7275      5.295      7.680    10.9901   999.6501 0.0000e+00
      5.416      0.064     5.0668     45.936     40.896  29.434121     1.7744      7.528   256.0492 2.5923e+00     8.7419      5.313      7.706    10.9885   999.6503 0.0000e+00
      5.430      0.062     5.0667     45.933     40.907  29.440413     1.7947      7.527   256.2444 2.5156e+00     8.7349      5.325      7.724    10.9870   999.6505 0.0000e+00
      5.444      0.059     5.0713     45.973     40.884  29.422163     1.8445      7.525   256.5313 2.4353e+00     8.7417      5.338      7.743    10.9864   999.6506 0.0000e+00
      5.460      0.056     5.0785     46.035     40.862  29.403810     1.8740      7.522   256.7652 2.3541e+00     8.7592      5.355      7.767    10.9854   999.6508 0.0000e+00
      5.476      0.054     5.0859     46.099     40.872  29.408860     1.8819      7.519   256.9204 2.2883e+00     8.7495      5.371      7.790    10.9841   999.6511 0.0000e+00
      5.489      0.053     5.0888     46.123     40.889  29.419773     1.8798      7.517   257.1177 2.2357e+00     8.7223      5.383      7.807    10.9823   999.6513 0.0000e+00
      5.501      0.051     5.0889     46.124     40.874  29.408850     1.8312      7.514   257.3441 2.1951e+00     8.7248      5.396      7.825    10.9799   999.6516 0.0000e+00
      5.513      0.051     5.0902     46.136     40.867  29.403696     1.7540      7.512   257.5064 2.1555e+00     8.7477      5.407      7.842    10.9768   999.6519 0.0000e+00
      5.525      0.052     5.0936     46.166     40.892  29.420906     1.7179      7.511   257.6184 2.1014e+00     8.7692      5.418      7.858    10.9737   999.6523 0.0000e+00
      5.538      0.052     5.0961     46.186     40.903  29.426579     1.7145      7.509   257.7511 2.0431e+00     8.7559      5.430      7.877    10.9719   999.6526 0.0000e+00
      5.553      0.051     5.0975     46.196     40.882  29.408831     1.6870      7.507   257.9925 1.9889e+00     8.7176      5.445      7.898    10.9722   999.6526 0.0000e+00
      5.568      0.049     5.1009     46.224     40.867  29.396665     1.6458      7.505   258.3004 1.9382e+00     8.7323      5.462      7.922    10.9733   999.6525 0.0000e+00
      5.581      0.048     5.1032     46.243     40.882  29.406390     1.6324      7.503   258.4614 1.8978e+00     8.7701      5.475      7.940    10.9725   999.6527 0.0000e+00
      5.591      0.048     5.1022     46.233     40.874  29.399512     1.6304      7.500   258.4776 1.8698e+00     8.7809      5.483      7.953    10.9686   999.6531 0.0000e+00
      5.601      0.047     5.0987     46.200     40.844  29.376954     1.5951      7.498   258.4966 1.8324e+00     8.8302      5.492      7.965    10.9653   999.6535 0.0000e+00
      5.612      0.046     5.0941     46.157     40.860  29.387451     1.5350      7.498   258.5191 1.7772e+00     8.9082      5.503      7.982    10.9632   999.6538 0.0000e+00
      5.625      0.045     5.0882     46.104     40.876  29.399521     1.5100      7.497   258.5770 1.7293e+00     8.9367      5.516      8.001    10.9618   999.6540 0.0000e+00
      5.639      0.044     5.0790     46.021     40.871  29.395983     1.5189      7.495   258.7668 1.6938e+00     8.9452      5.531      8.022    10.9611   999.6541 0.0000e+00
      5.652      0.042     5.0680     45.922     40.886  29.408128     1.5216      7.493   259.0073 1.6650e+00     8.9133      5.544      8.041    10.9603   999.6543 0.0000e+00
      5.662      0.040     5.0584     45.836     40.901  29.419454     1.5157      7.491   259.1616 1.6526e+00     8.8125      5.554      8.056    10.9590   999.6545 0.0000e+00
      5.669      0.038     5.0508     45.769     40.881  29.406027     1.5080      7.489   259.2559 1.6401e+00     8.7425      5.559      8.063    10.9585   999.6545 0.0000e+00
      5.676      0.038     5.0412     45.682     40.835  29.372690     1.5154      7.487   259.3725 1.6086e+00     8.7227      5.565      8.072    10.9601   999.6544 0.0000e+00
      5.685      0.039     5.0322     45.597     40.784  29.333646     1.6233      7.486   259.4526 1.5779e+00     8.7698      5.576      8.087    10.9610   999.6543 0.0000e+00
      5.696      0.041     5.0298     45.572     40.762  29.314652     1.8156      7.485   259.4501 1.5532e+00     8.8854      5.586      8.102    10.9609   999.6544 0.0000e+00
      5.708      0.043     5.0278     45.551     40.792  29.333391     1.9245      7.483   259.6007 1.5157e+00     8.9404      5.597      8.118    10.9635   999.6543 0.0000e+00
      5.721      0.045     5.0275     45.547     40.844  29.369860     1.9424      7.481   259.8968 1.4758e+00     8.9436      5.610      8.137    10.9641   999.6542 0.0000e+00
      5.733      0.046     5.0356     45.617     40.853  29.374879     1.9366      7.480   260.1045 1.4442e+00     8.9571      5.623      8.155    10.9594   999.6547 0.0000e+00
      5.744      0.047     5.0418     45.670     40.794  29.330619     1.8884      7.479   260.2197 1.4111e+00     8.9721      5.634      8.171    10.9552   999.6551 0.0000e+00
      5.755      0.048     5.0419     45.669     40.725  29.278875     1.8113      7.477   260.2571 1.3842e+00     8.9945      5.643      8.185    10.9527   999.6554 0.0000e+00
      5.767      0.051     5.0427     45.675     40.695  29.256866     1.7683      7.474   260.3838 1.3661e+00     8.9983      5.654      8.201    10.9513   999.6557 0.0000e+00
      5.780      0.055     5.0434     45.680     40.694  29.254870     1.7668      7.472   260.7193 1.3419e+00     8.9860      5.668      8.221    10.9500   999.6559 0.0000e+00
      5.794      0.057     5.0387     45.635     40.696  29.254740     1.7492      7.470   261.0444 1.2992e+00     8.9440      5.681      8.240    10.9466   999.6563 0.0000e+00
      5.810      0.058     5.0281     45.539     40.698  29.255285     1.7112      7.469   261.2169 1.2500e+00     8.8501      5.697      8.263    10.9441   999.6566 0.0000e+00
      5.828      0.057     5.0156     45.427     40.705  29.261462     1.6889      7.467   261.2570 1.2199e+00     8.7691      5.716      8.290    10.9438   999.6567 0.0000e+00
      5.844      0.056     5.0029     45.313     40.709  29.265970     1.6874      7.465   261.4435 1.2022e+00     8.7501      5.733      8.314    10.9421   999.6569 0.0000e+00
      5.857      0.055     4.9923     45.218     40.681  29.246349     1.7107      7.464   261.9228 1.1814e+00     8.8171      5.745      8.332    10.9398   999.6572 0.0000e+00
      5.869      0.056     4.9844     45.146     40.638  29.214576     1.7451      7.462   262.4067 1.1565e+00     8.9246      5.757      8.348    10.9390   999.6574 0.0000e+00
      5.880      0.061     4.9767     45.074     40.618  29.199069     1.7562      7.459   262.6478 1.1319e+00     8.9686      5.767      8.364    10.9404   999.6573 0.0000e+00
      5.891      0.067     4.9710     45.020     40.603  29.185745     1.7505      7.456   262.6007 1.0931e+00     8.9876      5.775      8.376    10.9424   999.6571 0.0000e+00
      5.908      0.072     4.9680     44.990     40.597  29.180382     1.7370      7.454   262.5253 1.0295e+00     8.9584      5.790      8.398    10.9433   999.6571 0.0000e+00
      5.934      0.074     4.9657     44.968     40.622  29.197676     1.7139      7.452   262.5968 9.6758e-01     8.8109      5.818      8.439    10.9431   999.6572 0.0000e+00
      5.961      0.073     4.9639     44.953     40.632  29.204492     1.6966      7.451   262.6911 9.2749e-01     8.7125      5.849      8.483    10.9409   999.6576 0.0000e+00
      5.982      0.069     4.9639     44.954     40.624  29.199334     1.6921      7.450   262.8042 9.0921e-01     8.7521      5.870      8.512    10.9376   999.6580 0.0000e+00
      5.996      0.063     4.9663     44.974     40.624  29.198767     1.6944      7.448   263.0185 8.9855e-01     8.7977      5.881      8.530    10.9353   999.6583 0.0000e+00
      6.006      0.057     4.9686     44.994     40.623  29.197631     1.6986      7.445   263.3027 8.7465e-01     8.7724      5.890      8.542    10.9352   999.6584 0.0000e+00
      6.016      0.053     4.9693     44.999     40.608  29.185605     1.7001      7.443   263.5737 8.4289e-01     8.7414      5.899      8.556    10.9357   999.6583 0.0000e+00
      6.029      0.053     4.9689     44.995     40.601  29.180257     1.6942      7.442   263.7141 8.1535e-01     8.7514      5.911      8.572    10.9358   999.6584 0.0000e+00
      6.044      0.054     4.9656     44.965     40.623  29.196427     1.6872      7.441   263.7086 7.9041e-01     8.7624      5.926      8.594    10.9359   999.6584 0.0000e+00
      6.061      0.054     4.9601     44.916     40.615  29.190753     1.6946      7.439   263.7653 7.6413e-01     8.7759      5.944      8.621    10.9347   999.6586 0.0000e+00
      6.076      0.053     4.9578     44.896     40.593  29.175113     1.7058      7.437   263.9700 7.3326e-01     8.7825      5.958      8.643    10.9327   999.6589 0.0000e+00
      6.090      0.050     4.9578     44.896     40.624  29.197675     1.7010      7.435   264.2044 7.1531e-01     8.7436      5.972      8.661    10.9320   999.6590 0.0000e+00
      6.101      0.048     4.9556     44.876     40.641  29.209741     1.7067      7.433   264.3626 7.0824e-01     8.7316      5.984      8.680    10.9329   999.6590 0.0000e+00
      6.110      0.047     4.9521     44.844     40.620  29.194101     1.8008      7.433   264.4202 6.9843e-01     8.7684      5.993      8.692    10.9334   999.6590 0.0000e+00
      6.120      0.049     4.9494     44.818     40.627  29.198924     1.9624      7.432   264.3846 6.8688e-01     8.7630      6.001      8.703    10.9336   999.6590 0.0000e+00
      6.132      0.054     4.9464     44.791     40.637  29.204606     2.0484      7.429   264.3627 6.6303e-01     8.7320      6.012      8.720    10.9339   999.6591 0.0000e+00
      6.146      0.059     4.9434     44.762     40.630  29.199355     2.0421      7.426   264.5853 6.3820e-01     8.7208      6.026      8.741    10.9337   999.6592 0.0000e+00
      6.164      0.064     4.9400     44.732     40.629  29.198883     1.9211      7.424   264.9252 6.2474e-01     8.7260      6.043      8.764    10.9333   999.6592 0.0000e+00
      6.184      0.066     4.9362     44.699     40.628  29.198892     1.7043      7.423   265.0308 6.1217e-01     8.7293      6.064      8.794    10.9324   999.6594 0.0000e+00
      6.204      0.065     4.9334     44.674     40.628  29.199460     1.5800      7.422   265.0015 5.8576e-01     8.7287      6.086      8.827    10.9314   999.6597 0.0000e+00
      6.221      0.061     4.9310     44.653     40.636  29.205752     1.5620      7.421   265.0870 5.5401e-01     8.7515      6.103      8.853    10.9300   999.6599 0.0000e+00
      6.236      0.057     4.9285     44.630     40.644  29.211520     1.5648      7.420   265.2044 5.3684e-01     8.7752      6.115      8.871    10.9297   999.6600 0.0000e+00
      6.248      0.053     4.9264     44.610     40.637  29.205753     1.5709      7.418   265.3026 5.2441e-01     8.7856      6.127      8.886    10.9314   999.6598 0.0000e+00
      6.258      0.051     4.9241     44.588     40.629  29.199464     1.5745      7.416   265.4140 5.1702e-01     8.7461      6.138      8.903    10.9331   999.6597 0.0000e+00
      6.269      0.050     4.9202     44.552     40.630  29.198935     1.5739      7.415   265.5191 5.1807e-01     8.6908      6.146      8.914    10.9336   999.6597 0.0000e+00
      6.283      0.051     4.9160     44.513     40.631  29.199360     1.5544      7.414   265.6272 5.1632e-01     8.7077      6.159      8.934    10.9337   999.6598 0.0000e+00
      6.298      0.054     4.9154     44.507     40.639  29.204609     1.5215      7.412   265.6874 5.0397e-01     8.7206      6.178      8.961    10.9329   999.6599 0.0000e+00
      6.313      0.059     4.9176     44.525     40.633  29.198935     1.5054      7.411   265.7312 4.7086e-01     8.7151      6.191      8.979    10.9312   999.6602 0.0000e+00
      6.326      0.062     4.9188     44.535     40.628  29.194207     1.5077      7.409   265.8986 4.4104e-01     8.7396      6.202      8.997    10.9298   999.6604 0.0000e+00
      6.341      0.063     4.9196     44.540     40.652  29.210898     1.5051      7.407   266.1634 4.3164e-01     8.7553      6.217      9.017    10.9302   999.6604 0.0000e+00
      6.359      0.063     4.9208     44.552     40.651  29.210388     1.5166      7.405   266.3511 4.1176e-01     8.7742      6.235      9.043    10.9301   999.6605 0.0000e+00
      6.379      0.062     4.9224     44.568     40.619  29.188035     1.5523      7.403   266.4477 3.8741e-01     8.8040      6.257      9.075    10.9284   999.6608 0.0000e+00
      6.396      0.061     4.9243     44.586     40.627  29.194435     1.5732      7.401   266.5567 3.8002e-01     8.8206      6.275      9.101    10.9262   999.6612 0.0000e+00
      6.410      0.059     4.9231     44.574     40.670  29.224326     1.5701      7.399   266.6366 3.7512e-01     8.8107      6.286      9.117    10.9243   999.6614 0.0000e+00
      6.422      0.057     4.9175     44.521     40.684  29.232185     1.5230      7.398   266.6396 3.6410e-01     8.7177      6.297      9.132    10.9250   999.6613 0.0000e+00
      6.435      0.057     4.9120     44.467     40.680  29.225998     1.4375      7.397   266.6788 3.5590e-01     8.5807      6.309      9.152    10.9272   999.6611 0.0000e+00
      6.449      0.056     4.9082     44.429     40.665  29.212968     1.3935      7.396   266.7667 3.5055e-01     8.5309      6.323      9.171    10.9280   999.6611 0.0000e+00
      6.465      0.055     4.9034     44.384     40.650  29.201544     1.3905      7.394   266.8414 3.3838e-01     8.5413      6.339      9.193    10.9266   999.6614 0.0000e+00
      6.482      0.052     4.8965     44.324     40.667  29.214783     1.3747      7.392   266.8935 3.2314e-01     8.5420      6.358      9.222    10.9241   999.6617 0.0000e+00
      6.497      0.047     4.8875     44.244     40.708  29.246134     1.3504      7.391   266.9670 3.1105e-01     8.5716      6.373      9.245    10.9200   999.6622 0.0000e+00
