Data/DataAlreadyUploadedToEDI/CollatedDataForEDI/CTDData/CTD_2019 (not collated)/071519_fcr45.cnv
* Sea-Bird SBE19plus  Data File:
* FileName = C:\DATA\071519_fcr_0006.hex
* Software version 2.8.0.119 SB_Terminal.dll
* Temperature SN = 7809
* Conductivity SN = 7809
* System UpLoad Time = Jul 15 2019 16:38:58
* <ApplicationData>
* <Seaterm232>
# nquan = 16
# nvalues = 632                         
# units = specified
# name 0 = depFM: Depth [fresh water, m]
# name 1 = dz/dtM: Descent Rate [m/s]
# name 2 = sbeox0Mg/L: Oxygen, SBE 43 [mg/l]
# name 3 = sbeox0PS: Oxygen, SBE 43 [% saturation]
# name 4 = specc: Specific Conductance [uS/cm]
# name 5 = c0uS/cm: Conductivity [uS/cm]
# name 6 = flECO-AFL: Fluorescence, WET Labs ECO-AFL/FL [mg/m^3]
# name 7 = ph: pH
# name 8 = orp: Oxidation Reduction Potential [mV]
# name 9 = par/sat/log: PAR/Logarithmic, Satlantic
# name 10 = turbWETntu0: Turbidity, WET Labs ECO [NTU]
# name 11 = prdM: Pressure, Strain Gauge [db]
# name 12 = prdE: Pressure, Strain Gauge [psi]
# name 13 = tv290C: Temperature [ITS-90, deg C]
# name 14 = density00: Density [density, kg/m^3]
# name 15 = flag:  0.000e+00
# span 0 =     -0.527,      7.383       
# span 1 =     -0.007,      0.182       
# span 2 =     0.9973,    15.0263       
# span 3 =      9.226,    176.288       
# span 4 =      2.428,     42.516       
# span 5 =   2.303089,  38.506473       
# span 6 =    -1.8043,     6.1992       
# span 7 =      6.787,      8.048       
# span 8 =    40.2738,   342.1570       
# span 9 = 1.2349e-01, 2.4355e+03       
# span 10 =    -0.9539,    10.0781      
# span 11 =     -0.517,      7.241      
# span 12 =     -0.750,     10.502      
# span 13 =    10.8196,    28.0663      
# span 14 =   996.2352,   999.6767      
# span 15 = 0.0000e+00, 0.0000e+00      
# interval = seconds: 0.25
# start_time = Jul 15 2019 11:23:45 [Instrument's time stamp, header]
# bad_flag = -9.990e-29
*END*
     -0.525     -0.001     8.3033     95.798      6.464   6.135375    -0.1257      6.791   342.1570 8.7740e+01    -0.0480     -0.515     -0.747    22.2104   997.7303 0.0000e+00
     -0.526     -0.001     8.3007     95.786      6.482   6.153854    -0.1383      6.789   340.2230 8.9737e+01    -0.0746     -0.516     -0.748    22.3113   997.7072 0.0000e+00
     -0.526     -0.001     8.3003     95.796      6.395   6.072256    -0.1377      6.787   338.1381 9.3872e+01    -0.1770     -0.516     -0.748    22.4002   997.6869 0.0000e+00
     -0.526     -0.000     8.3012     95.812      6.290   5.972683    -0.1275      6.787   337.6850 1.0174e+02    -0.3681     -0.516     -0.748    22.4382   997.6783 0.0000e+00
     -0.526 -1.861e-08     8.3037     95.836      6.148   5.837184    -0.1188      6.788   338.8738 1.1606e+02    -0.4836     -0.516     -0.748    22.4550   997.6745 0.0000e+00
     -0.526 -2.048e-07     8.3080     95.876      5.739   5.447969    -0.1187      6.789   340.3806 1.3878e+02    -0.5249     -0.516     -0.748    22.4602   997.6732 0.0000e+00
     -0.526 -2.048e-07     8.3106     95.897      4.939   4.688882    -0.1262      6.790   340.1580 1.6956e+02    -0.5728     -0.516     -0.748    22.4718   997.6705 0.0000e+00
     -0.526 -1.861e-08     8.3105     95.886      4.291   4.073785    -0.1325      6.793   337.9900 2.4700e+02    -0.5714     -0.516     -0.748    22.4747   997.6698 0.0000e+00
     -0.526 -1.692e-09     8.3111     95.885      3.846   3.651008    -0.1339      6.797   334.7301 4.9520e+02    -0.5409     -0.516     -0.748    22.4700   997.6709 0.0000e+00
     -0.526 -1.549e-10     8.3148     95.920      3.360   3.189158    -0.1343      6.801   330.9429 8.8263e+02    -0.5322     -0.515     -0.748    22.4643   997.6723 0.0000e+00
     -0.526 -2.544e-11     8.3176     95.947      2.949   2.798622    -0.1279      6.803   326.8736 1.1630e+03    -0.5319     -0.516     -0.749    22.4597   997.6730 0.0000e+00
     -0.526 -1.400e-10     8.3165     95.929      2.678   2.540988    -0.1262      6.804   323.2139 1.2599e+03    -0.5370     -0.516     -0.748    22.4548   997.6740 0.0000e+00
     -0.527 -1.540e-09     8.3150     95.907      2.615   2.482021    -0.1314      6.804   321.8829 1.2449e+03    -0.5605     -0.516     -0.749    22.4496   997.6751 0.0000e+00
     -0.527 -1.693e-08     8.3143     95.893      2.665   2.529223    -0.1308      6.804   322.4823 1.1822e+03    -0.5871     -0.517     -0.749    22.4453   997.6760 0.0000e+00
     -0.527 -1.863e-07     8.3097     95.834      2.612   2.478054    -0.1273      6.804   322.6313 1.1655e+03    -0.5967     -0.516     -0.749    22.4422   997.6767 0.0000e+00
     -0.527 -1.861e-07     8.3037     95.759      2.498   2.370259    -0.1234      6.803   323.2545 1.1737e+03    -0.5778     -0.517     -0.749    22.4402   997.6771 0.0000e+00
     -0.527 -1.484e-08     8.3009     95.720      2.428   2.303089    -0.1266      6.801   323.8224 1.1335e+03    -0.5557     -0.516     -0.748    22.4373   997.6777 0.0000e+00
     -0.527 2.1480e-08     8.3002     95.705      2.691   2.553009    -0.1311      6.801   321.5819 1.0881e+03    -0.5581     -0.516     -0.749    22.4347   997.6784 0.0000e+00
     -0.527 2.5308e-07     8.3021     95.721      3.146   2.984092    -0.1265      6.803   315.9548 1.0927e+03    -0.5413     -0.516     -0.749    22.4309   997.6792 0.0000e+00
     -0.527      0.000     8.3044     95.742      3.046   2.889553    -0.1665      6.805   306.7202 1.1667e+03    -0.6154     -0.517     -0.749    22.4282   997.6799 0.0000e+00
     -0.527      0.000     8.3050     95.746      2.556   2.423838    -0.2591      6.809   292.0941 1.3380e+03    -0.8312     -0.517     -0.749    22.4227   997.6811 0.0000e+00
     -0.527      0.000     8.3065     95.769      2.553   2.422436    -0.3098      6.811   268.2573 1.5259e+03    -0.9539     -0.516     -0.749    22.4217   997.6814 0.0000e+00
     -0.527      0.004     8.3045     95.809      6.279   5.977474    -0.3108      6.787   190.7614 1.3622e+03    -0.9527     -0.517     -0.749    22.4140   997.6833 0.0000e+00
     -0.527      0.016     8.2597     95.812     17.496  16.821108    -0.3411      6.794    72.5802 9.7499e+02    -0.8167     -0.516     -0.750    22.4177   997.6824 0.0000e+00
     -0.527      0.039     8.1292     95.759     30.531  29.799849    -0.7290      6.964    40.2738 1.2019e+03     0.9528     -0.516     -0.748    22.4053   997.6851 0.0000e+00
     -0.525      0.069     7.9501     95.685     36.729  36.559993    -1.4366      7.262    94.2294 1.9068e+03     4.2528     -0.517     -0.750    22.4239   997.6808 0.0000e+00
     -0.513      0.104     7.7952     95.606     37.539  38.095932    -1.8043      7.536   134.1213 2.2993e+03     6.0812     -0.515     -0.747    22.3944   997.6874 0.0000e+00
     -0.477      0.138     7.6863     95.563     37.303  38.406690    -1.7503      7.728   147.3868 2.3930e+03     6.1494     -0.476     -0.690    22.4826   997.6712 0.0000e+00
     -0.423      0.165     7.6094     95.569     36.968  38.477343    -0.8702      7.853   153.7825 2.4355e+03     4.9467     -0.413     -0.600    23.4098   997.4571 0.0000e+00
     -0.367      0.180     7.5564     95.617     36.700  38.506473     0.7568      7.934   156.9893 2.4232e+03     2.7801     -0.360     -0.521    24.8178   997.1102 0.0000e+00
     -0.312      0.182     7.5302     95.765     36.503  38.505466     1.6648      7.983   157.5946 2.0809e+03     1.6481     -0.304     -0.441    25.8423   996.8445 0.0000e+00
     -0.263      0.175     7.5270     96.016     36.346  38.465483     1.7769      8.012   150.6043 1.3732e+03     1.5827     -0.254     -0.368    26.5267   996.6618 0.0000e+00
     -0.223      0.167     7.5376     96.307     36.166  38.340618     1.8954      8.030   144.5715 8.1571e+02     1.6299     -0.216     -0.314    27.0867   996.5087 0.0000e+00
     -0.190      0.165     7.5572     96.627     35.947  38.138414     2.1006      8.038   153.2256 5.6804e+02     1.7265     -0.185     -0.268    27.5066   996.3924 0.0000e+00
     -0.159      0.168     7.5852     97.005     35.799  37.988472     2.2290      8.035   163.1780 4.7264e+02     1.7679     -0.158     -0.228    27.7734   996.3175 0.0000e+00
     -0.120      0.171     7.6227     97.442     35.754  37.924170     2.2691      8.023   165.7023 4.4634e+02     1.7696     -0.124     -0.180    27.9373   996.2712 0.0000e+00
     -0.066      0.170     7.6666     97.911     35.738  37.868719     2.4808      8.008   166.8829 4.1129e+02     1.8135     -0.069     -0.100    28.0178   996.2486 0.0000e+00
     -0.006      0.162     7.7080     98.365     35.666  37.762279     2.8639      7.992   168.0744 3.5091e+02     1.8402     -0.000     -0.001    28.0465   996.2407 0.0000e+00
      0.042      0.143     7.7415     98.754     35.577  37.652777     3.0699      7.975   169.0087 2.8118e+02     1.7971      0.047      0.068    28.0663   996.2352 0.0000e+00
      0.076      0.115     7.7703     99.062     35.573  37.623790     3.0896      7.958   169.7481 2.3164e+02     1.7513      0.077      0.112    28.0433   996.2419 0.0000e+00
      0.100      0.084     7.7904     99.246     35.640  37.665666     3.1278      7.942   170.7341 2.1285e+02     1.7121      0.103      0.149    27.9681   996.2634 0.0000e+00
      0.110      0.056     7.7992     99.346     35.752  37.778200     3.1862      7.926   171.8949 2.1840e+02     1.6181      0.113      0.163    27.9165   996.2780 0.0000e+00
      0.112      0.037     7.8049     99.456     35.917  37.968811     3.2144      7.911   173.3731 2.2770e+02     1.5651      0.108      0.158    27.9215   996.2765 0.0000e+00
      0.113      0.029     7.8115     99.560     36.062  38.129562     3.2173      7.897   174.6690 2.2246e+02     1.5625      0.110      0.159    27.8841   996.2871 0.0000e+00
      0.118      0.026     7.8489     99.997     36.142  38.198422     3.2124      7.885   175.4314 2.1067e+02     1.5217      0.115      0.168    27.8148   996.3068 0.0000e+00
      0.126      0.024     7.9343    101.030     36.193  38.230081     3.1811      7.874   176.2247 1.9779e+02     1.4974      0.122      0.176    27.8149   996.3068 0.0000e+00
      0.137      0.019     8.0081    101.960     36.223  38.258397     3.1244      7.865   177.1191 1.8521e+02     1.4984      0.134      0.193    27.8541   996.2958 0.0000e+00
      0.149      0.010     8.0135    102.062     36.238  38.286877     3.0914      7.855   177.7286 1.8005e+02     1.5008      0.149      0.216    27.8764   996.2897 0.0000e+00
      0.155      0.002     7.9565    101.387     36.251  38.320548     3.0933      7.842   177.8286 1.8115e+02     1.5266      0.158      0.229    27.8427   996.2993 0.0000e+00
      0.148     -0.004     7.8572    100.191     36.250  38.348157     3.1560      7.829   172.8219 1.8626e+02     1.5480      0.149      0.216    27.7926   996.3133 0.0000e+00
      0.133     -0.007     7.7290     98.645     36.232  38.366830     3.2686      7.819   168.0417 1.9242e+02     1.5620      0.127      0.185    27.7923   996.3134 0.0000e+00
      0.125     -0.006     7.5966     97.030     36.192  38.355956     3.3290      7.812   173.4624 1.9525e+02     1.5650      0.117      0.170    27.8198   996.3056 0.0000e+00
      0.129      0.003     7.4739     95.491     36.110  38.280214     3.3481      7.805   178.4804 1.9330e+02     1.5524      0.126      0.183    27.8448   996.2985 0.0000e+00
      0.135      0.017     7.3639     94.066     35.995  38.149300     3.4731      7.795   178.7245 1.8856e+02     1.6063      0.134      0.194    27.8806   996.2884 0.0000e+00
      0.139      0.031     7.2774     92.921     35.910  38.042600     3.6874      7.786   180.7157 1.8445e+02     1.7244      0.134      0.195    27.9412   996.2712 0.0000e+00
      0.147      0.040     7.2135     92.081     35.946  38.069178     3.7975      7.777   182.5955 1.7822e+02     1.8010      0.141      0.204    27.9954   996.2559 0.0000e+00
      0.163      0.045     7.1625     91.411     36.033  38.153256     3.8162      7.769   183.2984 1.6917e+02     1.8113      0.159      0.230    28.0097   996.2520 0.0000e+00
      0.180      0.048     7.1216     90.855     36.063  38.170496     3.8526      7.763   183.8798 1.5981e+02     1.7842      0.179      0.259    27.9899   996.2576 0.0000e+00
      0.193      0.048     7.0929     90.435     36.068  38.150650     3.9000      7.756   184.4620 1.5017e+02     1.7676      0.191      0.277    27.9584   996.2665 0.0000e+00
      0.203      0.044     7.0694     90.088     36.044  38.103694     3.9295      7.751   184.9170 1.4167e+02     1.7746      0.197      0.286    27.9429   996.2710 0.0000e+00
      0.213      0.036     7.0444     89.742     36.002  38.047047     3.9395      7.749   184.6496 1.3347e+02     1.7697      0.208      0.303    27.9422   996.2713 0.0000e+00
      0.225      0.030     7.0251     89.485     35.997  38.037012     3.9699      7.746   178.6471 1.2565e+02     1.7424      0.223      0.322    27.9210   996.2773 0.0000e+00
      0.233      0.027     7.0186     89.387     36.011  38.045825     4.0278      7.741   173.3440 1.2090e+02     1.7059      0.231      0.333    27.8787   996.2894 0.0000e+00
      0.235      0.025     7.0222     89.405     36.005  38.026640     4.0588      7.736   179.6398 1.1837e+02     1.6896      0.231      0.335    27.8452   996.2989 0.0000e+00
      0.237      0.022     7.0319     89.498     35.989  37.995455     4.0583      7.728   186.3674 1.1626e+02     1.7090      0.230      0.334    27.8307   996.3029 0.0000e+00
      0.243      0.020     7.0502     89.713     35.989  37.986127     4.0570      7.722   187.3182 1.1386e+02     1.7440      0.236      0.343    27.8284   996.3037 0.0000e+00
      0.253      0.018     7.0827     90.116     35.984  37.977319     4.0511      7.717   187.5220 1.1101e+02     1.7525      0.249      0.361    27.8223   996.3053 0.0000e+00
      0.259      0.017     7.1303     90.715     35.963  37.952431     4.0483      7.713   186.9383 1.0829e+02     1.7450      0.256      0.372    27.8011   996.3114 0.0000e+00
      0.261      0.015     7.1912     91.484     35.953  37.939101     4.0579      7.710   180.1751 1.0619e+02     1.7528      0.256      0.371    27.7761   996.3184 0.0000e+00
      0.262      0.013     7.2617     92.377     35.959  37.943101     4.0631      7.706   166.9221 1.0497e+02     1.7813      0.257      0.373    27.7672   996.3210 0.0000e+00
      0.264      0.012     7.3338     93.284     35.957  37.937313     4.0764      7.705   158.3372 1.0446e+02     1.7940      0.260      0.377    27.7645   996.3217 0.0000e+00
      0.266      0.013     7.3971     94.074     35.959  37.932588     4.1060      7.705   156.1343 1.0447e+02     1.7429      0.260      0.376    27.7591   996.3232 0.0000e+00
      0.269      0.014     7.4440     94.659     35.979  37.949437     4.1173      7.706   155.0867 1.0479e+02     1.6873      0.262      0.380    27.7552   996.3243 0.0000e+00
      0.275      0.015     7.4699     94.985     35.982  37.950600     4.1183      7.706   154.4460 1.0667e+02     1.7117      0.270      0.390    27.7536   996.3248 0.0000e+00
      0.280      0.015     7.4734     95.031     35.978  37.946647     4.1268      7.705   153.9801 1.1192e+02     1.7750      0.275      0.398    27.7494   996.3260 0.0000e+00
      0.285      0.013     7.4592     94.854     35.994  37.965116     4.1327      7.702   153.5845 1.1850e+02     1.7970      0.279      0.404    27.7362   996.3298 0.0000e+00
      0.289      0.010     7.4347     94.545     36.010  37.983486     4.1296      7.699   153.3619 1.2344e+02     1.7814      0.284      0.412    27.7289   996.3319 0.0000e+00
      0.291      0.006     7.4072     94.198     36.004  37.978332     4.1238      7.697   153.1817 1.2555e+02     1.7505      0.287      0.417    27.7299   996.3316 0.0000e+00
      0.291      0.003     7.3835     93.895     35.994  37.966270     4.1147      7.695   152.8679 1.2465e+02     1.7515      0.286      0.414    27.7298   996.3316 0.0000e+00
      0.289      0.001     7.3651     93.658     35.994  37.964597     4.0971      7.694   152.6651 1.2249e+02     1.7939      0.283      0.410    27.7309   996.3313 0.0000e+00
      0.288      0.000     7.3533     93.503     35.989  37.958097     4.0841      7.694   152.7087 1.2123e+02     1.8041      0.281      0.408    27.7342   996.3304 0.0000e+00
      0.289      0.000     7.3499     93.460     35.982  37.951163     4.0704      7.693   152.7064 1.2155e+02     1.7757      0.283      0.409    27.7353   996.3301 0.0000e+00
      0.290      0.000     7.3500     93.470     35.972  37.944233     4.0449      7.693   152.5518 1.2287e+02     1.7457      0.285      0.413    27.7341   996.3304 0.0000e+00
      0.290      0.001     7.3456     93.426     35.960  37.937780     4.0182      7.693   152.4734 1.2436e+02     1.7688      0.285      0.414    27.7320   996.3310 0.0000e+00
      0.290      0.001     7.3321     93.265     35.955  37.936625     4.0082      7.692   152.5338 1.2531e+02     1.8253      0.285      0.413    27.7281   996.3321 0.0000e+00
      0.290      0.001     7.3057     92.935     35.946  37.930275     4.0097      7.692   152.5933 1.2548e+02     1.8401      0.284      0.412    27.7278   996.3322 0.0000e+00
      0.290      0.001     7.2644     92.411     35.941  37.924489     4.0015      7.692   152.5913 1.2520e+02     1.8167      0.284      0.411    27.7344   996.3303 0.0000e+00
      0.291      0.001     7.2123     91.743     35.948  37.930149     4.0045      7.691   152.5952 1.2492e+02     1.7712      0.285      0.413    27.7436   996.3277 0.0000e+00
      0.292      0.002     7.1572     91.033     35.957  37.935224     4.0383      7.689   152.7262 1.2488e+02     1.7488      0.286      0.415    27.7505   996.3258 0.0000e+00
      0.292      0.002     7.1098     90.419     35.950  37.922364     4.0717      7.689   152.8849 1.2511e+02     1.7751      0.287      0.416    27.7538   996.3250 0.0000e+00
