Data/DataAlreadyUploadedToEDI/CollatedDataForEDI/CTDData/CTD_2019 (not collated)/071519_fcr45.cnv
* Sea-Bird SBE19plus  Data File:
* FileName = C:\DATA\071519_fcr_0006.hex
* Software version 2.8.0.119 SB_Terminal.dll
* Temperature SN = 7809
* Conductivity SN = 7809
* System UpLoad Time = Jul 15 2019 16:38:58
* <ApplicationData>
* <Seaterm232>
# nquan = 16
# nvalues = 632                         
# units = specified
# name 0 = depFM: Depth [fresh water, m]
# name 1 = dz/dtM: Descent Rate [m/s]
# name 2 = sbeox0Mg/L: Oxygen, SBE 43 [mg/l]
# name 3 = sbeox0PS: Oxygen, SBE 43 [% saturation]
# name 4 = specc: Specific Conductance [uS/cm]
# name 5 = c0uS/cm: Conductivity [uS/cm]
# name 6 = flECO-AFL: Fluorescence, WET Labs ECO-AFL/FL [mg/m^3]
# name 7 = ph: pH
# name 8 = orp: Oxidation Reduction Potential [mV]
# name 9 = par/sat/log: PAR/Logarithmic, Satlantic
# name 10 = turbWETntu0: Turbidity, WET Labs ECO [NTU]
# name 11 = prdM: Pressure, Strain Gauge [db]
# name 12 = prdE: Pressure, Strain Gauge [psi]
# name 13 = tv290C: Temperature [ITS-90, deg C]
# name 14 = density00: Density [density, kg/m^3]
# name 15 = flag:  0.000e+00
# span 0 =     -0.527,      7.383       
# span 1 =     -0.007,      0.182       
# span 2 =     0.9973,    15.0263       
# span 3 =      9.226,    176.288       
# span 4 =      2.428,     42.516       
# span 5 =   2.303089,  38.506473       
# span 6 =    -1.8043,     6.1992       
# span 7 =      6.787,      8.048       
# span 8 =    40.2738,   342.1570       
# span 9 = 1.2349e-01, 2.4355e+03       
# span 10 =    -0.9539,    10.0781      
# span 11 =     -0.517,      7.241      
# span 12 =     -0.750,     10.502      
# span 13 =    10.8196,    28.0663      
# span 14 =   996.2352,   999.6767      
# span 15 = 0.0000e+00, 0.0000e+00      
# interval = seconds: 0.25
# start_time = Jul 15 2019 11:23:45 [Instrument's time stamp, header]
# bad_flag = -9.990e-29
*END*
[from data line 91]
      0.293      0.003     7.0713     89.908     35.913  37.874646     4.0846      7.689   153.1010 1.2577e+02     1.8557      0.286      0.415    27.7498   996.3259 0.0000e+00
      0.294      0.003     7.0767     89.975     35.891  37.850305     4.1029      7.688   153.2302 1.2657e+02     1.8241      0.288      0.418    27.7445   996.3275 0.0000e+00
      0.295      0.003     7.0902     90.150     35.900  37.861201     4.1100      7.687   153.3227 1.2765e+02     1.8052      0.289      0.420    27.7372   996.3295 0.0000e+00
      0.296      0.004     7.1050     90.345     35.914  37.879434     4.1178      7.686   153.5312 1.2880e+02     1.8241      0.291      0.422    27.7281   996.3321 0.0000e+00
      0.296      0.005     7.1156     90.486     35.912  37.880334     4.1111      7.685   153.7731 1.2948e+02     1.8224      0.291      0.422    27.7226   996.3337 0.0000e+00
      0.296      0.007     7.1134     90.455     35.906  37.872093     4.0722      7.683   153.9241 1.2913e+02     1.7852      0.289      0.420    27.7214   996.3340 0.0000e+00
      0.296      0.008     7.0913     90.151     35.888  37.843264     4.0546      7.679   154.0662 1.2759e+02     1.7348      0.289      0.419    27.7237   996.3333 0.0000e+00
      0.300      0.008     7.0454     89.530     35.851  37.785658     4.0719      7.676   154.2865 1.2553e+02     1.7383      0.294      0.426    27.7294   996.3318 0.0000e+00
      0.305      0.007     6.9773     88.622     35.832  37.746830     4.0986      7.673   154.5226 1.2383e+02     1.7940      0.300      0.435    27.7348   996.3303 0.0000e+00
      0.309      0.006     6.8981     87.585     35.852  37.754623     4.1177      7.673   154.6843 1.2268e+02     1.8182      0.304      0.440    27.7346   996.3304 0.0000e+00
      0.309      0.004     6.8192     86.574     35.854  37.752910     4.1210      7.673   154.7783 1.2208e+02     1.8015      0.304      0.441    27.7217   996.3340 0.0000e+00
      0.308      0.002     6.7505     85.706     35.827  37.726106     4.1214      7.672   154.8858 1.2189e+02     1.7556      0.301      0.436    27.6938   996.3418 0.0000e+00
      0.306      0.000     6.6988     85.056     35.786  37.684441     4.1391      7.671   155.1233 1.2209e+02     1.7231      0.299      0.433    27.6616   996.3508 0.0000e+00
      0.306     -0.001     6.6631     84.597     35.736  37.629998     4.1704      7.670   155.3271 1.2272e+02     1.7685      0.300      0.434    27.6413   996.3566 0.0000e+00
      0.307     -0.001     6.6384     84.269     35.690  37.575642     4.1884      7.670   155.3704 1.2358e+02     1.8134      0.301      0.437    27.6371   996.3577 0.0000e+00
      0.308     -0.001     6.6177     83.989     35.660  37.535019     4.1914      7.671   155.4742 1.2451e+02     1.8070      0.303      0.439    27.6431   996.3560 0.0000e+00
      0.308     -0.001     6.5935     83.663     35.654  37.519658     4.1893      7.672   155.7223 1.2507e+02     1.8218      0.302      0.438    27.6488   996.3544 0.0000e+00
      0.307     -0.001     6.5635     83.265     35.659  37.516844     4.1890      7.673   156.0474 1.2516e+02     1.8280      0.301      0.436    27.6458   996.3553 0.0000e+00
      0.305     -0.001     6.5281     82.803     35.650  37.500981     4.1967      7.673   156.3075 1.2479e+02     1.7835      0.298      0.432    27.6351   996.3582 0.0000e+00
      0.304      0.000     6.4863     82.261     35.612  37.454797     4.1966      7.673   156.4574 1.2403e+02     1.7427      0.297      0.431    27.6217   996.3620 0.0000e+00
      0.305      0.000     6.4391     81.651     35.568  37.402751     4.1880      7.674   156.4832 1.2331e+02     1.7286      0.299      0.433    27.6091   996.3655 0.0000e+00
      0.307     -0.000     6.3875     80.984     35.551  37.379485     4.1876      7.674   156.4475 1.2301e+02     1.7444      0.301      0.437    27.5977   996.3687 0.0000e+00
      0.308     -0.001     6.3329     80.280     35.542  37.363896     4.1918      7.673   156.5419 1.2341e+02     1.7698      0.303      0.439    27.5884   996.3714 0.0000e+00
      0.307     -0.002     6.2796     79.594     35.526  37.341214     4.1943      7.672   156.6783 1.2451e+02     1.7738      0.302      0.438    27.5807   996.3735 0.0000e+00
      0.305     -0.002     6.2298     78.949     35.550  37.359122     4.2005      7.672   156.8922 1.2633e+02     1.7926      0.299      0.435    27.5728   996.3756 0.0000e+00
      0.303     -0.002     6.1839     78.354     35.585  37.389986     4.2153      7.672   157.2357 1.2865e+02     1.8322      0.297      0.431    27.5650   996.3777 0.0000e+00
      0.302     -0.000     6.1425     77.819     35.597  37.397003     4.2352      7.671   157.5612 1.3075e+02     1.8273      0.296      0.429    27.5569   996.3801 0.0000e+00
      0.302      0.005     6.1070     77.362     35.646  37.443959     4.2496      7.669   157.7314 1.3193e+02     1.7986      0.296      0.429    27.5478   996.3827 0.0000e+00
      0.302      0.013     6.0795     77.015     35.711  37.513402     4.2515      7.666   157.9166 1.3184e+02     1.7808      0.295      0.428    27.5392   996.3851 0.0000e+00
      0.305      0.024     6.0620     76.802     35.730  37.538417     4.2405      7.662   158.3379 1.3146e+02     1.7432      0.299      0.433    27.5294   996.3878 0.0000e+00
      0.311      0.034     6.0585     76.762     35.684  37.492520     4.2295      7.655   158.7817 1.3171e+02     1.7368      0.304      0.441    27.5203   996.3904 0.0000e+00
      0.321      0.043     6.0671     76.857     35.606  37.402795     4.2300      7.649   159.2387 1.3196e+02     1.8013      0.311      0.452    27.5144   996.3921 0.0000e+00
      0.337      0.048     6.0753     76.943     35.557  37.342188     4.2387      7.648   159.7332 1.3191e+02     1.8352      0.329      0.477    27.5126   996.3927 0.0000e+00
      0.356      0.051     6.0715     76.890     35.549  37.330976     4.2650      7.651   160.2010 1.3222e+02     1.7866      0.351      0.510    27.5249   996.3894 0.0000e+00
      0.371      0.051     6.0551     76.683     35.609  37.394174     4.2974      7.654   160.8510 1.3237e+02     1.7379      0.366      0.530    27.5354   996.3865 0.0000e+00
      0.381      0.052     6.0307     76.376     35.742  37.535037     4.3000      7.654   161.7413 1.3160e+02     1.7383      0.374      0.542    27.5166   996.3918 0.0000e+00
      0.390      0.055     6.0044     76.052     35.835  37.637704     4.2968      7.650   162.5330 1.3049e+02     1.7580      0.381      0.553    27.4990   996.3967 0.0000e+00
      0.400      0.062     5.9870     75.839     35.875  37.683400     4.3016      7.642   163.1960 1.2927e+02     1.7800      0.391      0.567    27.5000   996.3964 0.0000e+00
      0.415      0.073     5.9865     75.832     35.897  37.706708     4.2977      7.632   163.9070 1.2760e+02     1.8402      0.405      0.586    27.5027   996.3957 0.0000e+00
      0.436      0.085     6.0079     76.110     35.854  37.665608     4.3014      7.623   164.5047 1.2519e+02     1.9285      0.425      0.617    27.4980   996.3972 0.0000e+00
      0.461      0.095     6.0512     76.690     35.745  37.567326     4.3119      7.622   164.9170 1.2260e+02     1.9960      0.452      0.655    27.5079   996.3946 0.0000e+00
      0.490      0.098     6.1051     77.422     35.629  37.470535     4.3215      7.626   165.1920 1.1945e+02     2.0331      0.478      0.693    27.5197   996.3914 0.0000e+00
      0.522      0.096     6.1581     78.142     35.584  37.447471     4.3391      7.631   165.5066 1.1525e+02     1.9836      0.514      0.746    27.5096   996.3944 0.0000e+00
      0.551      0.089     6.2061     78.780     35.599  37.478924     4.3599      7.638   165.9675 1.1171e+02     1.8564      0.545      0.790    27.5134   996.3935 0.0000e+00
      0.572      0.081     6.2483     79.325     35.647  37.533485     4.3654      7.645   166.3772 1.0858e+02     1.7725      0.562      0.815    27.5359   996.3872 0.0000e+00
      0.587      0.075     6.2853     79.795     35.710  37.599372     4.3616      7.650   166.6745 1.0521e+02     1.7560      0.576      0.836    27.5784   996.3754 0.0000e+00
      0.599      0.072     6.3227     80.269     35.749  37.640806     4.3839      7.654   167.0660 1.0221e+02     1.7560      0.587      0.852    27.6191   996.3641 0.0000e+00
      0.614      0.073     6.3658     80.819     35.760  37.653609     4.4177      7.657   167.4984 9.9513e+01     1.7397      0.601      0.872    27.6381   996.3588 0.0000e+00
      0.632      0.076     6.4163     81.450     35.740  37.627222     4.4241      7.658   167.8582 9.7315e+01     1.7229      0.618      0.896    27.6429   996.3574 0.0000e+00
      0.656      0.079     6.4704     82.110     35.704  37.575655     4.4260      7.658   168.2323 9.5665e+01     1.7174      0.643      0.931    27.6380   996.3589 0.0000e+00
      0.682      0.079     6.5130     82.625     35.680  37.537896     4.4490      7.659   168.4947 9.4340e+01     1.7383      0.670      0.971    27.6372   996.3594 0.0000e+00
      0.706      0.077     6.5286     82.812     35.697  37.551507     4.4766      7.659   168.7082 9.3164e+01     1.7789      0.694      1.007    27.6437   996.3576 0.0000e+00
      0.724      0.074     6.5146     82.636     35.755  37.613264     4.4906      7.659   169.0925 9.1849e+01     1.7820      0.713      1.033    27.6407   996.3585 0.0000e+00
      0.738      0.070     6.4785     82.179     35.789  37.649849     4.4886      7.656   169.5278 9.0321e+01     1.7428      0.725      1.051    27.6142   996.3659 0.0000e+00
      0.752      0.068     6.4272     81.525     35.756  37.613012     4.4796      7.654   169.9278 8.8577e+01     1.6979      0.736      1.067    27.5924   996.3722 0.0000e+00
      0.768      0.067     6.3661     80.742     35.699  37.548716     4.4757      7.652   170.2290 8.6576e+01     1.6985      0.751      1.090    27.5897   996.3730 0.0000e+00
      0.788      0.067     6.3013     79.909     35.664  37.507191     4.4849      7.650   170.4159 8.4546e+01     1.7496      0.773      1.121    27.5925   996.3723 0.0000e+00
      0.808      0.067     6.2363     79.074     35.655  37.491773     4.4960      7.650   170.6387 8.2753e+01     1.7912      0.793      1.150    27.5944   996.3719 0.0000e+00
      0.827      0.067     6.1753     78.289     35.658  37.489237     4.4967      7.650   170.7714 8.1164e+01     1.7758      0.812      1.177    27.5913   996.3728 0.0000e+00
      0.843      0.066     6.1226     77.611     35.651  37.476522     4.4937      7.650   170.8161 7.9729e+01     1.7596      0.827      1.200    27.5848   996.3746 0.0000e+00
      0.857      0.064     6.0789     77.047     35.645  37.464971     4.4942      7.651   171.0076 7.8466e+01     1.7919      0.840      1.218    27.5768   996.3769 0.0000e+00
      0.872      0.062     6.0418     76.568     35.660  37.476522     4.4950      7.651   171.2803 7.7472e+01     1.8068      0.854      1.239    27.5686   996.3793 0.0000e+00
      0.887      0.062     6.0102     76.156     35.677  37.489228     4.4935      7.651   171.5313 7.6806e+01     1.7754      0.869      1.261    27.5609   996.3816 0.0000e+00
      0.905      0.062     5.9842     75.819     35.684  37.491642     4.5111      7.651   171.8057 7.6385e+01     1.7402      0.887      1.288    27.5531   996.3838 0.0000e+00
      0.921      0.063     5.9640     75.556     35.701  37.505701     4.5436      7.652   172.0171 7.6050e+01     1.7422      0.904      1.311    27.5468   996.3857 0.0000e+00
      0.936      0.063     5.9484     75.352     35.730  37.532253     4.5576      7.654   172.1943 7.5664e+01     1.7667      0.918      1.331    27.5406   996.3875 0.0000e+00
      0.952      0.064     5.9363     75.195     35.757  37.558776     4.5587      7.657   172.4852 7.5314e+01     1.7733      0.934      1.354    27.5322   996.3899 0.0000e+00
      0.968      0.066     5.9273     75.083     35.769  37.572486     4.5216      7.660   172.8674 7.5065e+01     1.8218      0.950      1.378    27.5251   996.3920 0.0000e+00
      0.984      0.069     5.9229     75.032     35.765  37.571069     4.4391      7.662   173.2014 7.4789e+01     1.9275      0.964      1.398    27.5203   996.3934 0.0000e+00
      1.002      0.071     5.9224     75.026     35.737  37.541650     4.3849      7.663   173.4274 7.4470e+01     1.9697      0.981      1.423    27.5146   996.3950 0.0000e+00
      1.022      0.071     5.9202     74.985     35.676  37.470683     4.3769      7.663   173.7066 7.4206e+01     1.9717      1.001      1.452    27.5120   996.3958 0.0000e+00
      1.042      0.070     5.9112     74.851     35.630  37.411225     4.4213      7.662   173.9952 7.4066e+01     2.0175      1.023      1.483    27.5134   996.3956 0.0000e+00
      1.062      0.067     5.8947     74.623     35.623  37.393991     4.4964      7.660   174.1637 7.4046e+01     2.0645      1.042      1.511    27.5201   996.3938 0.0000e+00
      1.078      0.064     5.8695     74.294     35.624  37.389241     4.5302      7.660   174.2813 7.4011e+01     2.0483      1.057      1.534    27.5227   996.3931 0.0000e+00
      1.092      0.061     5.8360     73.862     35.655  37.417261     4.5443      7.659   174.3852 7.3965e+01     1.9855      1.071      1.553    27.5099   996.3967 0.0000e+00
      1.105      0.060     5.7988     73.385     35.716  37.478871     4.6238      7.658   174.4729 7.4023e+01     1.9609      1.083      1.571    27.4911   996.4020 0.0000e+00
      1.119      0.061     5.7625     72.925     35.736  37.499419     4.7546      7.657   174.5674 7.4168e+01     1.9801      1.096      1.590    27.4774   996.4059 0.0000e+00
      1.134      0.064     5.7292     72.508     35.711  37.475282     4.8256      7.657   174.7542 7.4382e+01     1.9886      1.112      1.612    27.4706   996.4080 0.0000e+00
      1.151      0.066     5.7014     72.157     35.678  37.440937     4.8314      7.659   175.0099 7.4612e+01     1.9649      1.128      1.636    27.4654   996.4095 0.0000e+00
      1.171      0.066     5.6782     71.855     35.645  37.401522     4.8595      7.663   175.1648 7.4801e+01     1.9554      1.148      1.665    27.4589   996.4113 0.0000e+00
      1.190      0.065     5.6545     71.544     35.630  37.379547     4.9223      7.666   175.2506 7.4987e+01     1.9724      1.168      1.694    27.4592   996.4114 0.0000e+00
      1.206      0.063     5.6281     71.197     35.623  37.365653     4.9573      7.669   175.3583 7.5140e+01     1.9743      1.183      1.716    27.4662   996.4095 0.0000e+00
      1.220      0.060     5.5979     70.804     35.624  37.360475     4.9543      7.672   175.4343 7.5288e+01     1.9776      1.198      1.736    27.4662   996.4095 0.0000e+00
      1.234      0.057     5.5633     70.358     35.648  37.380404     4.9462      7.676   175.5669 7.5490e+01     1.9797      1.210      1.754    27.4586   996.4117 0.0000e+00
      1.248      0.056     5.5275     69.896     35.686  37.416185     4.9461      7.678   175.7576 7.5666e+01     1.9675      1.223      1.773    27.4492   996.4144 0.0000e+00
      1.262      0.056     5.4965     69.493     35.809  37.539191     4.9527      7.679   175.8476 7.5794e+01     1.9614      1.238      1.795    27.4382   996.4176 0.0000e+00
      1.275      0.056     5.4920     69.394     36.071  37.788583     4.9566      7.682   175.8802 7.5921e+01     1.9710      1.250      1.813    27.4306   996.4196 0.0000e+00
      1.290      0.057     5.5997     70.601     36.373  38.019481     4.9587      7.685   175.9793 7.6095e+01     1.9853      1.264      1.833    27.4233   996.4218 0.0000e+00
      1.305      0.058     5.9550     74.792     36.604  38.109179     4.9694      7.687   176.1861 7.6291e+01     2.0348      1.281      1.858    27.4171   996.4236 0.0000e+00
