Data/DataAlreadyUploadedToEDI/CollatedDataForEDI/CTDData/CTD_2019 (not collated)/071519_fcr10.cnv
* Sea-Bird SBE19plus  Data File:
* FileName = C:\DATA\071519_fcr_0002.hex
* Software version 2.8.0.119 SB_Terminal.dll
* Temperature SN = 7809
* Conductivity SN = 7809
* System UpLoad Time = Jul 15 2019 16:37:54
* <ApplicationData>
* <Seaterm232>
# nquan = 16
# nvalues = 269                         
# units = specified
# name 0 = depFM: Depth [fresh water, m]
# name 1 = dz/dtM: Descent Rate [m/s]
# name 2 = sbeox0Mg/L: Oxygen, SBE 43 [mg/l]
# name 3 = sbeox0PS: Oxygen, SBE 43 [% saturation]
# name 4 = specc: Specific Conductance [uS/cm]
# name 5 = c0uS/cm: Conductivity [uS/cm]
# name 6 = flECO-AFL: Fluorescence, WET Labs ECO-AFL/FL [mg/m^3]
# name 7 = ph: pH
# name 8 = orp: Oxidation Reduction Potential [mV]
# name 9 = par/sat/log: PAR/Logarithmic, Satlantic
# name 10 = turbWETntu0: Turbidity, WET Labs ECO [NTU]
# name 11 = prdM: Pressure, Strain Gauge [db]
# name 12 = prdE: Pressure, Strain Gauge [psi]
# name 13 = tv290C: Temperature [ITS-90, deg C]
# name 14 = density00: Density [density, kg/m^3]
# name 15 = flag:  0.000e+00
# span 0 =     -0.539,      2.340       
# span 1 =     -0.163,      0.254       
# span 2 =    -1.1714,     9.4156       
# span 3 =    -13.484,    118.317       
# span 4 =      0.510,    158.778       
# span 5 =   0.506143, 150.378987       
# span 6 =    -0.1242,     9.2997       
# span 7 =      6.577,      8.167       
# span 8 =   -85.2136,   209.2007       
# span 9 = 5.7628e+01, 1.3584e+03       
# span 10 =    -0.5153,    12.8523      
# span 11 =     -0.530,      2.295      
# span 12 =     -0.768,      3.328      
# span 13 =    22.2863,    27.6012      
# span 14 =   996.3669,   997.7704      
# span 15 = 0.0000e+00, 0.0000e+00      
# interval = seconds: 0.25
# start_time = Jul 15 2019 10:42:54 [Instrument's time stamp, header]
# bad_flag = -9.990e-29
*END*
     -0.539 1.4551e-13     7.9748     96.037      0.520   0.516384    -0.1172      6.630    18.3729 3.3151e+02    -0.5153     -0.528     -0.766    24.7292   997.1221 0.0000e+00
     -0.539 1.6007e-12     7.9750     96.041      0.510   0.506143    -0.1213      6.640   -23.7428 4.5383e+02    -0.4986     -0.528     -0.766    24.7295   997.1219 0.0000e+00
     -0.539 1.7607e-11     7.9748     96.039      0.511   0.507646    -0.1226      6.635   -65.8074 5.6023e+02    -0.4788     -0.528     -0.766    24.7297   997.1219 0.0000e+00
     -0.539 1.9368e-10     7.9751     96.044      0.538   0.534552    -0.1161      6.609   -84.1209 6.0328e+02    -0.4729     -0.528     -0.766    24.7304   997.1218 0.0000e+00
     -0.538 2.1305e-09     7.9761     96.057      0.582   0.578024    -0.1114      6.582   -71.6294 6.2250e+02    -0.4932     -0.527     -0.765    24.7309   997.1216 0.0000e+00
     -0.538 2.3435e-08     7.9760     96.056      0.657   0.653116    -0.1178      6.577   -58.6309 6.4755e+02    -0.4942     -0.528     -0.765    24.7316   997.1214 0.0000e+00
     -0.538 2.5779e-07     7.9751     96.047      0.750   0.745530    -0.1242      6.584   -62.3834 6.8306e+02    -0.4856     -0.528     -0.766    24.7316   997.1215 0.0000e+00
     -0.538      0.000     7.9751     96.047      0.813   0.808367    -0.1195      6.592   -73.2920 7.2697e+02    -0.4874     -0.528     -0.765    24.7326   997.1212 0.0000e+00
     -0.538      0.000     7.9750     96.047      0.847   0.842640    -0.1134      6.599   -85.2136 7.8311e+02    -0.4505     -0.528     -0.766    24.7318   997.1214 0.0000e+00
     -0.538      0.000     7.9745     96.046      1.165   1.159922    -0.1108      6.633   -22.0583 8.7597e+02    -0.3998     -0.528     -0.766    24.7341   997.1208 0.0000e+00
     -0.538      0.004     7.9710     96.056      4.657   4.644592    -0.1135      6.753   117.7212 1.0290e+03    -0.3005     -0.528     -0.766    24.7319   997.1214 0.0000e+00
     -0.539      0.017     7.9423     96.052     12.898  12.933387    -0.1203      6.983   185.2013 1.1926e+03     1.0127     -0.529     -0.768    24.7371   997.1200 0.0000e+00
     -0.539      0.042     7.8686     96.009     21.198  21.445772    -0.1154      7.282   179.0875 1.2889e+03     3.4832     -0.527     -0.765    24.7296   997.1220 0.0000e+00
     -0.538      0.079     7.7759     95.956     27.851  28.502699    -0.0984      7.576   174.3212 1.3584e+03     4.8270     -0.530     -0.768    24.7429   997.1185 0.0000e+00
     -0.524      0.124     7.6984     95.925     33.705  34.820618    -0.0265      7.801   168.0099 1.3235e+03     5.1018     -0.525     -0.761    24.7226   997.1237 0.0000e+00
     -0.486      0.171     7.6420     95.917     36.283  37.743773     0.7111      7.941   159.5640 1.0060e+03     7.1337     -0.484     -0.700    24.8116   997.1041 0.0000e+00
     -0.427      0.211     7.6085     95.968     36.360  38.019069     2.0572      8.031   153.5109 6.2104e+02    10.8457     -0.423     -0.614    25.3984   996.9555 0.0000e+00
     -0.352      0.240     7.5997     96.129     36.254  38.022548     2.7929      8.090   141.2837 4.5246e+02    12.8523     -0.348     -0.506    26.1251   996.7662 0.0000e+00
     -0.272      0.254     7.6111     96.417     36.152  37.976442     2.8701      8.124   120.9954 4.1921e+02    12.8136     -0.261     -0.379    26.6370   996.6313 0.0000e+00
     -0.201      0.253     7.6380     96.835     36.053  37.906025     2.8694      8.150   110.4849 4.2092e+02    10.1149     -0.192     -0.279    27.0468   996.5201 0.0000e+00
     -0.141      0.240     7.6761     97.358     35.943  37.805942     2.8367      8.167   110.7379 4.3046e+02     5.0978     -0.139     -0.201    27.3212   996.4441 0.0000e+00
     -0.085      0.220     7.7226     97.958     35.856  37.718501     2.8128      8.166   117.9464 3.6821e+02     2.3589     -0.083     -0.120    27.4566   996.4068 0.0000e+00
     -0.030      0.200     7.7760     98.601     35.827  37.673967     2.8063      8.152   124.9379 2.6219e+02     2.1017     -0.029     -0.042    27.5281   996.3868 0.0000e+00
      0.020      0.187     7.8319     99.226     35.835  37.648316     2.8093      8.137   119.1272 1.9001e+02     2.0542      0.021      0.031    27.5713   996.3751 0.0000e+00
      0.065      0.185     7.8835     99.791     35.882  37.662201     2.9273      8.122   112.4779 1.5009e+02     2.0461      0.067      0.097    27.5882   996.3704 0.0000e+00
      0.102      0.187     7.9276    100.304     35.950  37.714833     3.1494      8.098   112.3406 1.3190e+02     2.0698      0.101      0.147    27.6012   996.3669 0.0000e+00
      0.138      0.185     7.9662    100.802     36.005  37.776857     3.2662      8.067   112.7342 1.2371e+02     2.0778      0.128      0.185    27.5845   996.3716 0.0000e+00
      0.189      0.172     8.0134    101.430     36.054  37.840861     3.2911      8.040   113.2792 1.1484e+02     2.0775      0.177      0.257    27.5240   996.3888 0.0000e+00
      0.256      0.150     8.0838    102.330     36.063  37.853963     3.4763      8.020   114.1129 1.0719e+02     2.0995      0.256      0.372    27.4640   996.4060 0.0000e+00
      0.312      0.121     8.1498    103.137     36.031  37.808331     3.8144      7.999   114.9852 1.0382e+02     2.1150      0.320      0.464    27.4368   996.4139 0.0000e+00
      0.337      0.088     8.1717    103.376     36.034  37.796910     3.9984      7.979   115.8238 1.0287e+02     2.1001      0.341      0.493    27.4492   996.4105 0.0000e+00
      0.338      0.055     8.1497    103.083     36.084  37.842797     4.0188      7.958   116.8526 1.0210e+02     2.0833      0.332      0.482    27.4762   996.4030 0.0000e+00
      0.331      0.032     8.0921    102.363     36.092  37.855335     4.1125      7.933   118.0464 1.0192e+02     2.0768      0.324      0.469    27.4871   996.3999 0.0000e+00
      0.326      0.025     7.9993    101.214     36.050  37.821557     4.2819      7.900   119.0731 1.0146e+02     2.0538      0.318      0.462    27.4622   996.4069 0.0000e+00
      0.327      0.032     7.8825     99.768     36.032  37.815261     4.3764      7.869   120.0600 1.0295e+02     2.0348      0.315      0.457    27.4325   996.4151 0.0000e+00
      0.341      0.046     7.7618     98.275     36.044  37.842701     4.3971      7.845   121.2892 1.0727e+02     2.0427      0.329      0.478    27.4268   996.4167 0.0000e+00
      0.365      0.058     7.6488     96.878     36.024  37.835979     4.4455      7.826   122.4912 1.1422e+02     2.0508      0.360      0.522    27.4339   996.4149 0.0000e+00
      0.387      0.066     7.5406     95.529     35.979  37.797485     4.5366      7.811   123.4086 1.2349e+02     2.0683      0.383      0.556    27.4499   996.4105 0.0000e+00
      0.404      0.070     7.4330     94.171     36.000  37.821616     4.5971      7.796   124.2932 1.3507e+02     2.0895      0.394      0.573    27.4674   996.4057 0.0000e+00
      0.419      0.073     7.3247     92.794     36.051  37.873844     4.6127      7.771   125.3579 1.4992e+02     2.0784      0.409      0.593    27.4871   996.4002 0.0000e+00
      0.435      0.075     7.2211     91.478     36.038  37.857683     4.6734      7.740   126.3873 1.6517e+02     2.0653      0.428      0.621    27.5105   996.3938 0.0000e+00
      0.450      0.075     7.1341     90.382     35.996  37.816643     4.7770      7.715   127.1888 1.7840e+02     2.0619      0.440      0.636    27.5245   996.3900 0.0000e+00
      0.471      0.072     7.0651     89.521     35.995  37.821968     4.8335      7.700   127.9078 1.9073e+02     2.0694      0.457      0.661    27.5255   996.3897 0.0000e+00
      0.500      0.065     7.0086     88.817     36.025  37.858595     4.8445      7.690   128.7147 2.0418e+02     2.0917      0.493      0.715    27.5205   996.3913 0.0000e+00
      0.524      0.052     6.9693     88.320     36.045  37.878652     4.8494      7.680   129.5455 2.3743e+02     2.0696      0.520      0.754    27.5147   996.3930 0.0000e+00
      0.535      0.037     6.9503     88.061     36.048  37.874052     4.8748      7.669   130.2949 3.1257e+02     2.0312      0.526      0.765    27.5203   996.3914 0.0000e+00
      0.536      0.021     6.9456     87.972     36.054  37.866443     4.9266      7.658   130.9784 4.0113e+02     2.0527      0.527      0.763    27.5317   996.3883 0.0000e+00
      0.533      0.009     6.9550     88.058     36.053  37.850106     4.9558      7.648   131.6141 4.7706e+02     2.1004      0.522      0.758    27.5407   996.3858 0.0000e+00
      0.530      0.005     6.9878     88.445     36.021  37.803441     4.9507      7.634   132.3036 5.4213e+02     2.1160      0.520      0.755    27.5424   996.3853 0.0000e+00
      0.527      0.008     7.0619     89.360     35.976  37.746536     4.8906      7.616   133.0337 5.4647e+02     2.0774      0.516      0.748    27.5293   996.3889 0.0000e+00
      0.527      0.012     7.1893     90.956     35.970  37.733331     4.7837      7.599   133.6438 4.9197e+02     2.0278      0.513      0.744    27.5079   996.3949 0.0000e+00
      0.535      0.015     7.3472     92.950     36.007  37.770724     4.7245      7.585   134.2604 4.6868e+02     2.0399      0.523      0.758    27.4856   996.4012 0.0000e+00
      0.548      0.015     7.4943     94.815     36.050  37.817792     4.7216      7.574   135.0687 5.0955e+02     2.0924      0.539      0.782    27.4671   996.4064 0.0000e+00
      0.556      0.014     7.6089     96.274     36.085  37.858099     4.7134      7.562   135.9311 5.5762e+02     2.1060      0.549      0.796    27.4533   996.4103 0.0000e+00
      0.555      0.013     7.6799     97.180     36.100  37.877228     4.6862      7.549   136.5996 5.8549e+02     2.0733      0.546      0.791    27.4431   996.4132 0.0000e+00
      0.550      0.010     7.6944     97.369     36.080  37.858659     4.6697      7.536   136.9572 6.1790e+02     2.0574      0.537      0.780    27.4403   996.4139 0.0000e+00
      0.549      0.008     7.6508     96.822     36.045  37.824009     4.6702      7.522   137.1571 6.2945e+02     2.0779      0.536      0.777    27.4443   996.4128 0.0000e+00
      0.554      0.007     7.5601     95.687     36.054  37.839144     4.6577      7.507   137.5542 6.2900e+02     2.0913      0.543      0.787    27.4497   996.4113 0.0000e+00
      0.562      0.007     7.4386     94.170     36.118  37.914699     4.6312      7.493   138.2306 6.4390e+02     2.0553      0.554      0.803    27.4551   996.4099 0.0000e+00
      0.567      0.007     7.3112     92.581     36.167  37.975852     4.6100      7.479   138.8831 6.4143e+02     2.0043      0.559      0.811    27.4581   996.4091 0.0000e+00
      0.566      0.005     7.2021     91.217     36.189  38.007273     4.6008      7.465   139.4205 6.4214e+02     2.0318      0.555      0.805    27.4585   996.4090 0.0000e+00
      0.562      0.002     7.1151     90.127     36.215  38.040725     4.6064      7.453   139.9966 6.9805e+02     2.1573      0.550      0.798    27.4662   996.4068 0.0000e+00
      0.561     -0.001     7.0414     89.201     36.233  38.062947     4.6179      7.443   140.5138 7.3439e+02     2.2764      0.549      0.797    27.4807   996.4027 0.0000e+00
      0.563     -0.001     6.9797     88.426     36.252  38.085528     4.6182      7.435   140.9413 6.8264e+02     2.2924      0.553      0.801    27.4957   996.3986 0.0000e+00
      0.564      0.001     6.9362     87.880     36.286  38.123324     4.6092      7.428   141.4663 6.3120e+02     2.2528      0.555      0.804    27.5075   996.3953 0.0000e+00
      0.563      0.004     6.9186     87.655     36.241  38.075600     4.6047      7.415   141.9568 6.4475e+02     2.2241      0.553      0.803    27.5142   996.3934 0.0000e+00
      0.561     -0.001     6.9299     87.785     36.069  37.889362     4.6075      7.397   141.9677 6.7839e+02     2.1738      0.550      0.797    27.5177   996.3925 0.0000e+00
      0.563     -0.020     6.9561     88.101     35.908  37.712327     4.6079      7.379   141.4264 6.6031e+02     2.1028      0.549      0.798    27.5216   996.3914 0.0000e+00
      0.569     -0.056     6.9804     88.382     35.920  37.712383     4.6008      7.362   140.8328 6.3590e+02     2.0538      0.559      0.810    27.5267   996.3900 0.0000e+00
      0.570     -0.101     7.0056     88.659     36.107  37.890031     4.6002      7.345   140.6404 6.5964e+02     2.0403      0.566      0.821    27.5272   996.3899 0.0000e+00
      0.550     -0.139     7.0516     89.205     36.307  38.082911     4.6524      7.326   140.8214 6.8383e+02     2.0708      0.554      0.804    27.5154   996.3931 0.0000e+00
      0.492     -0.161     7.1308     90.204     36.302  38.076693     4.7461      7.302   141.2144 7.6265e+02     2.0949      0.496      0.719    27.5067   996.3951 0.0000e+00
      0.407     -0.163     7.2319     91.519     36.099  37.878321     4.7975      7.272   141.6928 8.8804e+02     2.1023      0.393      0.571    27.4957   996.3978 0.0000e+00
      0.334     -0.146     7.3293     92.784     35.930  37.715666     4.7980      7.242   142.1303 9.9510e+02     2.0943      0.309      0.449    27.4608   996.4072 0.0000e+00
      0.301     -0.112     7.4056     93.724     35.923  37.696968     4.8030      7.214   142.5463 1.0834e+03     2.0640      0.285      0.413    27.4306   996.4156 0.0000e+00
      0.301     -0.069     7.4619     94.354     36.034  37.779169     4.8316      7.194   142.9378 1.1308e+03     2.0640      0.295      0.426    27.4276   996.4165 0.0000e+00
      0.310     -0.030     7.4952     94.704     36.164  37.884323     4.8579      7.183   143.3366 1.1087e+03     2.0619      0.306      0.444    27.4566   996.4083 0.0000e+00
      0.314     -0.006     7.4924     94.649     36.237  37.952714     4.8601      7.178   143.7546 9.7696e+02     2.0382      0.311      0.451    27.4965   996.3971 0.0000e+00
      0.313      0.003     7.4491     94.130     36.243  37.971309     4.8418      7.173   144.1201 8.7891e+02     2.0396      0.308      0.447    27.4799   996.4018 0.0000e+00
      0.308      0.004     7.3751     93.245     36.172  37.918749     4.8277      7.166   144.4866 9.2088e+02     2.0464      0.302      0.437    27.4085   996.4217 0.0000e+00
      0.304      0.006     7.2879     92.192     36.062  37.825059     4.8282      7.157   144.9158 9.6315e+02     2.0548      0.297      0.431    27.3594   996.4355 0.0000e+00
      0.306      0.011     7.2046     91.182     36.011  37.790670     4.8298      7.151   145.4378 9.5020e+02     2.0758      0.299      0.433    27.3506   996.4379 0.0000e+00
      0.313      0.018     7.1363     90.352     36.024  37.820372     4.8646      7.145   145.9796 9.6466e+02     2.0711      0.307      0.446    27.3737   996.4316 0.0000e+00
      0.321      0.027     7.0845     89.720     36.058  37.866826     4.9279      7.138   146.4769 9.7571e+02     2.0635      0.316      0.459    27.4101   996.4214 0.0000e+00
      0.328      0.035     7.0450     89.237     36.090  37.908032     4.9539      7.129   147.0621 9.0322e+02     2.0486      0.322      0.467    27.4381   996.4135 0.0000e+00
      0.336      0.044     7.0098     88.809     36.111  37.937743     4.9534      7.115   147.8071 8.4351e+02     2.0229      0.328      0.476    27.4663   996.4057 0.0000e+00
      0.346      0.051     6.9799     88.446     36.076  37.908702     4.9573      7.091   148.5151 8.9290e+02     2.0477      0.338      0.490    27.4898   996.3992 0.0000e+00
      0.360      0.056     6.9612     88.216     35.980  37.810802     4.9583      7.057   148.9975 9.1736e+02     2.1187      0.352      0.511    27.5026   996.3957 0.0000e+00
      0.379      0.056     6.9403     87.961     35.936  37.769656     4.9651      7.032   149.4241 8.5041e+02     2.1932      0.369      0.537    27.5107   996.3936 0.0000e+00
      0.400      0.056     6.9066     87.547     36.012  37.855543     4.9782      7.030   150.0596 8.2989e+02     2.2606      0.394      0.572    27.5224   996.3904 0.0000e+00
