Data/DataAlreadyUploadedToEDI/CollatedDataForEDI/CTDData/CTD_2019 (not collated)/071819_fcr50.cnv
* Sea-Bird SBE19plus  Data File:
* FileName = C:\DATA\20190718_fcr50_0001.hex
* Software version 2.8.0.119 SB_Terminal.dll
* Temperature SN = 7809
* Conductivity SN = 7809
* System UpLoad Time = Jul 18 2019 09:56:43
* <ApplicationData>
* <Seaterm232>
# nquan = 16
# nvalues = 1154                        
# units = specified
# name 0 = depFM: Depth [fresh water, m]
# name 1 = dz/dtM: Descent Rate [m/s]
# name 2 = sbeox0Mg/L: Oxygen, SBE 43 [mg/l]
# name 3 = sbeox0PS: Oxygen, SBE 43 [% saturation]
# name 4 = specc: Specific Conductance [uS/cm]
# name 5 = c0uS/cm: Conductivity [uS/cm]
# name 6 = flECO-AFL: Fluorescence, WET Labs ECO-AFL/FL [mg/m^3]
# name 7 = ph: pH
# name 8 = orp: Oxidation Reduction Potential [mV]
# name 9 = par/sat/log: PAR/Logarithmic, Satlantic
# name 10 = turbWETntu0: Turbidity, WET Labs ECO [NTU]
# name 11 = prdM: Pressure, Strain Gauge [db]
# name 12 = prdE: Pressure, Strain Gauge [psi]
# name 13 = tv290C: Temperature [ITS-90, deg C]
# name 14 = density00: Density [density, kg/m^3]
# name 15 = flag:  0.000e+00
# span 0 =     -0.597,      9.513       
# span 1 =     -0.194,      0.177       
# span 2 =     1.1361,    14.2836       
# span 3 =     10.587,    166.698       
# span 4 =      0.835,     41.986       
# span 5 =   0.787128,  38.272108       
# span 6 =    -0.1471,     9.1172       
# span 7 =      6.270,      8.072       
# span 8 = -1240.7455,   338.6635       
# span 9 = 1.2359e-01, 4.7802e+02       
# span 10 =    -0.5925,   133.6199      
# span 11 =     -0.585,      9.330      
# span 12 =     -0.849,     13.532      
# span 13 =    11.1332,    27.6713      
# span 14 =   996.3471,   999.6544      
# span 15 = 0.0000e+00, 0.0000e+00      
# interval = seconds: 0.25
# start_time = Jul 18 2019 09:39:15 [Instrument's time stamp, header]
# bad_flag = -9.990e-29
*END*
[from data line 724]
      4.889      0.038     5.5898     50.951     41.446  30.022532     3.2150      7.085   306.2999 2.1740e+00     8.1085      4.796      6.955    11.2159   999.6247 0.0000e+00
      4.900      0.038     5.5830     50.887     41.433  30.010996     3.1477      7.084   306.3968 2.1380e+00     8.1176      4.807      6.971    11.2148   999.6249 0.0000e+00
      4.909      0.039     5.5641     50.710     41.453  30.022534     3.0117      7.084   306.5087 2.0938e+00     8.2311      4.814      6.982    11.2157   999.6249 0.0000e+00
      4.916      0.041     5.5348     50.438     41.475  30.035120     2.9235      7.083   306.7062 2.0425e+00     8.3332      4.821      6.992    11.2177   999.6247 0.0000e+00
      4.925      0.042     5.4991     50.110     41.479  30.036264     2.9050      7.083   306.9780 1.9900e+00     8.3367      4.828      7.004    11.2170   999.6248 0.0000e+00
      4.937      0.042     5.4661     49.808     41.481  30.036368     2.8835      7.082   307.2138 1.9339e+00     8.2077      4.840      7.021    11.2143   999.6251 0.0000e+00
      4.952      0.043     5.4377     49.549     41.481  30.036378     2.8452      7.081   307.3193 1.8673e+00     8.0188      4.857      7.044    11.2105   999.6255 0.0000e+00
      4.964      0.045     5.4151     49.343     41.481  30.036379     2.8147      7.079   307.3073 1.7996e+00     7.9536      4.870      7.064    11.2061   999.6261 0.0000e+00
      4.973      0.047     5.4006     49.211     41.481  30.036379     2.8007      7.079   307.3268 1.7527e+00     7.9768      4.878      7.075    11.2029   999.6265 0.0000e+00
      4.982      0.048     5.3906     49.121     41.481  30.036379     2.7709      7.078   307.3829 1.7101e+00     8.1692      4.884      7.084    11.2024   999.6266 0.0000e+00
      4.994      0.051     5.3840     49.063     41.478  30.036379     2.7145      7.077   307.4694 1.6486e+00     8.5418      4.895      7.101    11.2025   999.6266 0.0000e+00
      5.009      0.054     5.3816     49.048     41.470  30.036378     2.6829      7.075   308.1150 1.5906e+00     8.7455      4.913      7.125    11.2023   999.6267 0.0000e+00
      5.024      0.057     5.3811     49.053     41.461  30.036367     2.6752      7.073   308.9950 1.5449e+00     8.7968      4.926      7.145    11.2025   999.6268 0.0000e+00
      5.039      0.058     5.3811     49.057     41.457  30.036253     2.5610      7.071   309.0743 1.4845e+00     8.9986      4.941      7.166    11.2021   999.6269 0.0000e+00
      5.056      0.057     5.3833     49.074     41.458  30.035005     2.3592      7.070   308.8163 1.4133e+00     9.3174      4.959      7.193    11.2033   999.6268 0.0000e+00
      5.071      0.055     5.3879     49.109     41.446  30.021276     2.2555      7.069   308.7142 1.3583e+00     9.4729      4.975      7.216    11.2110   999.6261 0.0000e+00
      5.084      0.050     5.3926     49.144     41.421  29.997152     2.2431      7.067   308.7011 1.3127e+00     9.4693      4.986      7.232    11.2211   999.6251 0.0000e+00
      5.097      0.045     5.3976     49.183     41.426  29.997142     2.2440      7.065   309.6037 1.2670e+00     9.4704      4.997      7.248    11.2257   999.6247 0.0000e+00
      5.109      0.041     5.4015     49.214     41.464  30.021151     2.2746      7.063   311.1092 1.2345e+00     9.5522      5.012      7.269    11.2223   999.6251 0.0000e+00
      5.119      0.041     5.4025     49.221     41.484  30.033624     2.3271      7.061   311.6747 1.2145e+00     9.6712      5.023      7.285    11.2142   999.6260 0.0000e+00
      5.124      0.044     5.4008     49.203     41.469  30.021038     2.3588      7.059   311.6241 1.1878e+00     9.6972      5.025      7.289    11.2074   999.6267 0.0000e+00
      5.130      0.046     5.3958     49.156     41.437  29.995884     2.3638      7.057   311.5301 1.1495e+00     9.6696      5.028      7.292    11.2024   999.6272 0.0000e+00
      5.144      0.047     5.3895     49.096     41.422  29.983308     2.3537      7.056   311.2261 1.1027e+00     9.7314      5.042      7.312    11.1986   999.6277 0.0000e+00
      5.163      0.049     5.3830     49.036     41.440  29.995886     2.3394      7.055   311.7332 1.0501e+00     9.8542      5.065      7.346    11.1967   999.6280 0.0000e+00
      5.181      0.052     5.3747     48.961     41.474  30.021048     2.3294      7.052   313.1024 1.0137e+00     9.9082      5.083      7.374    11.1946   999.6283 0.0000e+00
      5.191      0.053     5.3647     48.872     41.489  30.033728     2.3028      7.049   313.9286 9.9826e-01     9.9261      5.093      7.387    11.1918   999.6287 0.0000e+00
      5.199      0.053     5.3554     48.789     41.471  30.022296     2.1558      7.046   314.3229 9.7119e-01    10.0052      5.096      7.391    11.1898   999.6289 0.0000e+00
      5.210      0.058     5.3485     48.729     41.451  30.009728     1.9134      7.042   314.6868 9.2433e-01    10.1428      5.106      7.407    11.1891   999.6290 0.0000e+00
      5.227      0.069     5.3438     48.686     41.449  30.008680     1.7819      7.037   314.6278 8.9768e-01    10.2133      5.128      7.438    11.1900   999.6290 0.0000e+00
      5.243      0.085     5.3409     48.661     41.451  30.009616     1.7539      7.032   314.3843 8.8287e-01    10.1707      5.142      7.458    11.1927   999.6288 0.0000e+00
      5.261      0.100     5.3416     48.666     41.467  30.021048     1.7130      7.027   314.4098 8.2181e-01    10.1185      5.153      7.473    11.1947   999.6287 0.0000e+00
      5.291      0.106     5.3460     48.704     41.467  30.019998     1.6614      7.024   314.7648 7.2230e-01    10.1064      5.184      7.518    11.1958   999.6287 0.0000e+00
      5.332      0.104     5.3509     48.745     41.439  29.996916     1.6417      7.022   315.2351 6.4312e-01    10.1232      5.232      7.589    11.1969   999.6288 0.0000e+00
      5.370      0.095     5.3541     48.773     41.439  29.995782     1.6479      7.020   315.5353 6.0389e-01    10.1580      5.273      7.647    11.1971   999.6290 0.0000e+00
      5.395      0.082     5.3574     48.803     41.454  30.006279     1.6578      7.019   315.6413 5.8753e-01    10.2319      5.293      7.679    11.1972   999.6291 0.0000e+00
      5.408      0.065     5.3620     48.845     41.440  29.996926     1.6831      7.018   315.6571 5.8106e-01    10.3279      5.305      7.696    11.1949   999.6294 0.0000e+00
      5.413      0.050     5.3668     48.887     41.460  30.009616     1.7022      7.017   315.2093 5.7586e-01    10.3688      5.310      7.701    11.1903   999.6298 0.0000e+00
      5.418      0.041     5.3718     48.930     41.495  30.032794     1.7076      7.015   314.5297 5.6351e-01    10.3661      5.310      7.702    11.1887   999.6300 0.0000e+00
      5.428      0.040     5.3775     48.978     41.486  30.023346     1.7134      7.014   314.4953 5.4164e-01    10.3609      5.322      7.719    11.1894   999.6300 0.0000e+00
      5.441      0.045     5.3804     49.001     41.487  30.022288     1.6949      7.011   315.0516 5.2149e-01    10.3057      5.337      7.741    11.1908   999.6299 0.0000e+00
      5.452      0.050     5.3820     49.015     41.484  30.019999     1.6577      7.009   315.6629 5.1059e-01    10.2233      5.346      7.755    11.1900   999.6301 0.0000e+00
      5.464      0.054     5.3926     49.112     41.450  29.995677     1.6357      7.009   315.9494 4.9992e-01    10.2161      5.357      7.770    11.1861   999.6306 0.0000e+00
      5.479      0.054     5.4067     49.241     41.431  29.982032     1.6281      7.010   315.4183 4.7773e-01    10.2513      5.372      7.792    11.1826   999.6309 0.0000e+00
      5.498      0.052     5.4137     49.306     41.429  29.981927     1.6092      7.010   314.3178 4.5860e-01    10.2232      5.392      7.820    11.1799   999.6312 0.0000e+00
      5.513      0.052     5.4216     49.381     41.444  29.994400     1.5797      7.009   314.0858 4.5075e-01    10.1379      5.411      7.847    11.1797   999.6314 0.0000e+00
      5.523      0.052     5.4324     49.487     41.453  30.005936     1.5760      7.008   314.7647 4.2906e-01    10.1048      5.418      7.858    11.1803   999.6314 0.0000e+00
      5.531      0.052     5.4410     49.577     41.425  29.994513     1.5819      7.008   315.3855 4.0132e-01    10.1504      5.421      7.863    11.1801   999.6314 0.0000e+00
      5.544      0.055     5.4496     49.669     41.395  29.983193     1.5722      7.007   316.0852 3.8637e-01    10.2310      5.435      7.883    11.1816   999.6313 0.0000e+00
      5.559      0.064     5.4579     49.755     41.403  29.995996     1.5627      7.004   316.7722 3.7614e-01    10.3252      5.451      7.907    11.1827   999.6313 0.0000e+00
      5.574      0.075     5.4621     49.793     41.439  30.022408     1.5634      7.001   316.5497 3.6376e-01    10.4048      5.465      7.927    11.1883   999.6308 0.0000e+00
      5.593      0.085     5.4639     49.802     41.483  30.048714     1.5714      6.997   315.6322 3.4056e-01    10.4737      5.482      7.951    11.2005   999.6296 0.0000e+00
      5.618      0.092     5.4643     49.799     41.506  30.060243     1.5903      6.995   315.1432 3.1332e-01    10.5680      5.508      7.987    11.2139   999.6284 0.0000e+00
      5.648      0.094     5.4580     49.738     41.474  30.034882     1.6185      6.994   315.1119 2.9584e-01    10.6929      5.541      8.036    11.2256   999.6273 0.0000e+00
      5.677      0.092     5.4464     49.631     41.422  29.995895     1.6346      6.992   315.4258 2.7549e-01    10.8037      5.569      8.078    11.2243   999.6276 0.0000e+00
      5.702      0.086     5.4359     49.532     41.389  29.969581     1.6368      6.990   316.0126 2.4664e-01    10.8922      5.591      8.110    11.2147   999.6287 0.0000e+00
      5.723      0.076     5.4269     49.443     41.397  29.970526     1.5765      6.990   316.2705 2.2681e-01    10.8768      5.614      8.142    11.2080   999.6295 0.0000e+00
      5.740      0.066     5.4187     49.362     41.454  30.007321     1.4518      6.989   316.1348 2.2192e-01    10.7164      5.630      8.166    11.2055   999.6298 0.0000e+00
      5.754      0.057     5.4124     49.302     41.493  30.033741     1.3854      6.987   316.0058 2.2233e-01    10.5919      5.643      8.184    11.2062   999.6297 0.0000e+00
      5.765      0.051     5.4085     49.267     41.496  30.036142     1.3894      6.984   316.0880 2.1850e-01    10.5837      5.655      8.201    11.2028   999.6302 0.0000e+00
      5.775      0.048     5.4072     49.256     41.495  30.036350     1.3968      6.982   316.3545 2.1025e-01    10.5850      5.664      8.214    11.1952   999.6310 0.0000e+00
      5.786      0.047     5.4067     49.253     41.494  30.036255     1.4223      6.981   316.6473 1.9762e-01    10.5413      5.674      8.229    11.1899   999.6316 0.0000e+00
      5.800      0.047     5.4063     49.251     41.492  30.035000     1.4732      6.980   317.2188 1.8744e-01    10.5147      5.688      8.250    11.1878   999.6319 0.0000e+00
      5.813      0.048     5.4086     49.271     41.473  30.021165     1.5002      6.978   318.0159 1.8925e-01    10.5243      5.701      8.270    11.1884   999.6319 0.0000e+00
      5.823      0.049     5.4132     49.311     41.440  29.995897     1.5062      6.978   318.2834 1.8395e-01    10.5603      5.711      8.283    11.1902   999.6318 0.0000e+00
      5.835      0.048     5.4175     49.348     41.426  29.983301     1.4765      6.977   318.2160 1.6391e-01    10.5559      5.721      8.297    11.1907   999.6318 0.0000e+00
      5.849      0.047     5.4201     49.368     41.447  29.995774     1.3928      6.976   318.2331 1.5258e-01    10.4385      5.735      8.319    11.1917   999.6317 0.0000e+00
      5.863      0.044     5.4207     49.368     41.484  30.019793     1.3350      6.975   318.2326 1.5456e-01    10.3541      5.752      8.341    11.1921   999.6318 0.0000e+00
      5.875      0.041     5.4209     49.367     41.487  30.019887     1.3239      6.974   318.2963 1.5277e-01    10.3544      5.763      8.357    11.1896   999.6321 0.0000e+00
      5.884      0.036     5.4205     49.363     41.456  29.996907     1.3095      6.974   318.7450 1.4646e-01    10.4097      5.770      8.368    11.1867   999.6324 0.0000e+00
      5.892      0.032     5.4183     49.343     41.453  29.995762     1.2911      6.974   319.4414 1.4276e-01    10.4980      5.779      8.381    11.1843   999.6327 0.0000e+00
      5.899      0.030     5.4153     49.316     41.467  30.006052     1.2843      6.973   319.6616 1.4256e-01    10.5371      5.785      8.390    11.1800   999.6332 0.0000e+00
      5.904      0.028     5.4141     49.304     41.452  29.994411     1.2796      6.972   319.4285 1.4210e-01    10.5546      5.790      8.397    11.1755   999.6337 0.0000e+00
      5.911      0.028     5.4160     49.320     41.436  29.981920     1.2947      6.971   319.2042 1.3703e-01    10.4802      5.796      8.406    11.1763   999.6336 0.0000e+00
      5.919      0.028     5.4201     49.357     41.437  29.981930     1.3193      6.970   319.1007 1.3313e-01    10.2936      5.805      8.419    11.1783   999.6334 0.0000e+00
      5.926      0.027     5.4249     49.399     41.457  29.994525     1.3173      6.969   319.1228 1.3290e-01    10.1656      5.813      8.431    11.1774   999.6336 0.0000e+00
      5.934      0.026     5.4284     49.429     41.476  30.007301     1.3132      6.968   319.1278 1.3588e-01    10.1456      5.819      8.440    11.1765   999.6337 0.0000e+00
      5.942      0.023     5.4327     49.467     41.480  30.009494     1.3484      6.966   319.0751 1.3632e-01    10.2152      5.828      8.453    11.1756   999.6338 0.0000e+00
      5.947      0.019     5.4379     49.514     41.496  30.021042     1.4137      6.964   319.0881 1.3007e-01    10.3526      5.833      8.460    11.1746   999.6339 0.0000e+00
      5.950      0.017     5.4409     49.540     41.496  30.020012     1.4520      6.964   319.1125 1.2574e-01    10.4306      5.834      8.462    11.1728   999.6341 0.0000e+00
      5.954      0.017     5.4433     49.562     41.464  29.997043     1.4551      6.964   319.1122 1.2509e-01    10.4044      5.839      8.469    11.1713   999.6343 0.0000e+00
      5.957      0.019     5.4478     49.604     41.462  29.997137     1.4517      6.963   319.0837 1.2559e-01    10.3639      5.843      8.475    11.1716   999.6343 0.0000e+00
      5.959      0.022     5.4547     49.671     41.492  30.021156     1.4804      6.962   319.0268 1.2589e-01    10.3004      5.843      8.475    11.1707   999.6344 0.0000e+00
      5.964      0.026     5.4641     49.764     41.503  30.033638     1.5423      6.961   318.9407 1.2473e-01    10.1941      5.847      8.480    11.1695   999.6346 0.0000e+00
      5.973      0.028     5.4727     49.849     41.478  30.021155     1.5758      6.960   318.9032 1.2397e-01    10.1274      5.856      8.494    11.1691   999.6346 0.0000e+00
      5.983      0.030     5.4794     49.916     41.439  29.997145     1.5736      6.959   319.0030 1.2384e-01    10.1163      5.868      8.513    11.1699   999.6346 0.0000e+00
      5.993      0.031     5.4869     49.987     41.436  29.997154     1.5420      6.959   319.0292 1.2371e-01    10.1257      5.878      8.526    11.1745   999.6342 0.0000e+00
      6.000      0.030     5.4936     50.050     41.468  30.021269     1.4881      6.958   318.9621 1.2372e-01    10.1419      5.884      8.534    11.1798   999.6337 0.0000e+00
      6.007      0.028     5.4974     50.086     41.486  30.034895     1.4598      6.956   319.2238 1.2376e-01    10.1488      5.891      8.545    11.1863   999.6330 0.0000e+00
      6.014      0.025     5.4970     50.084     41.484  30.034999     1.4598      6.954   319.6982 1.2391e-01    10.1758      5.899      8.556    11.1930   999.6324 0.0000e+00
