Data/DataAlreadyUploadedToEDI/CollatedDataForEDI/CTDData/CTD_2019 (not collated)/071819_fcr50.cnv
* Sea-Bird SBE19plus  Data File:
* FileName = C:\DATA\20190718_fcr50_0001.hex
* Software version 2.8.0.119 SB_Terminal.dll
* Temperature SN = 7809
* Conductivity SN = 7809
* System UpLoad Time = Jul 18 2019 09:56:43
* <ApplicationData>
* <Seaterm232>
# nquan = 16
# nvalues = 1154                        
# units = specified
# name 0 = depFM: Depth [fresh water, m]
# name 1 = dz/dtM: Descent Rate [m/s]
# name 2 = sbeox0Mg/L: Oxygen, SBE 43 [mg/l]
# name 3 = sbeox0PS: Oxygen, SBE 43 [% saturation]
# name 4 = specc: Specific Conductance [uS/cm]
# name 5 = c0uS/cm: Conductivity [uS/cm]
# name 6 = flECO-AFL: Fluorescence, WET Labs ECO-AFL/FL [mg/m^3]
# name 7 = ph: pH
# name 8 = orp: Oxidation Reduction Potential [mV]
# name 9 = par/sat/log: PAR/Logarithmic, Satlantic
# name 10 = turbWETntu0: Turbidity, WET Labs ECO [NTU]
# name 11 = prdM: Pressure, Strain Gauge [db]
# name 12 = prdE: Pressure, Strain Gauge [psi]
# name 13 = tv290C: Temperature [ITS-90, deg C]
# name 14 = density00: Density [density, kg/m^3]
# name 15 = flag:  0.000e+00
# span 0 =     -0.597,      9.513       
# span 1 =     -0.194,      0.177       
# span 2 =     1.1361,    14.2836       
# span 3 =     10.587,    166.698       
# span 4 =      0.835,     41.986       
# span 5 =   0.787128,  38.272108       
# span 6 =    -0.1471,     9.1172       
# span 7 =      6.270,      8.072       
# span 8 = -1240.7455,   338.6635       
# span 9 = 1.2359e-01, 4.7802e+02       
# span 10 =    -0.5925,   133.6199      
# span 11 =     -0.585,      9.330      
# span 12 =     -0.849,     13.532      
# span 13 =    11.1332,    27.6713      
# span 14 =   996.3471,   999.6544      
# span 15 = 0.0000e+00, 0.0000e+00      
# interval = seconds: 0.25
# start_time = Jul 18 2019 09:39:15 [Instrument's time stamp, header]
# bad_flag = -9.990e-29
*END*
[from data line 633]
      3.929      0.071     4.4725     43.546     37.507  29.369982     4.9981      7.287   287.2453 9.5893e+00     2.1200      3.857      5.594    14.4263   999.2202 0.0000e+00
      3.943      0.064     4.2760     41.600     37.572  29.393261     5.0142      7.283   286.5188 9.4963e+00     2.0837      3.866      5.608    14.2959   999.2389 0.0000e+00
      3.955      0.055     4.0613     39.477     37.632  29.410256     5.0150      7.280   286.5539 9.3870e+00     1.9955      3.878      5.624    14.2144   999.2505 0.0000e+00
      3.969      0.048     3.8467     37.343     37.738  29.448534     5.0170      7.277   286.9814 9.2815e+00     1.9715      3.893      5.647    14.1785   999.2558 0.0000e+00
      3.980      0.043     3.6449     35.318     37.856  29.475318     5.0639      7.274   287.7306 9.2172e+00     2.0227      3.905      5.664    14.1522   999.2595 0.0000e+00
      3.988      0.040     3.4629     33.491     37.945  29.480213     5.1486      7.271   288.9872 9.1505e+00     2.0569      3.910      5.670    14.1114   999.2652 0.0000e+00
      3.999      0.038     3.3056     31.927     38.039  29.507648     5.1909      7.270   289.7851 9.0572e+00     2.0569      3.920      5.685    14.0794   999.2698 0.0000e+00
      4.010      0.037     3.1737     30.621     38.144  29.553171     5.1945      7.270   289.2904 8.9832e+00     2.0561      3.935      5.707    14.0291   999.2770 0.0000e+00
      4.018      0.038     3.0625     29.516     38.236  29.586417     5.2100      7.271   288.1674 8.9242e+00     2.1129      3.941      5.716    13.9263   999.2913 0.0000e+00
      4.024      0.041     2.9686     28.583     38.286  29.592315     5.2387      7.271   287.9950 8.8377e+00     2.2188      3.944      5.720    13.8285   999.3047 0.0000e+00
      4.034      0.046     2.8840     27.756     38.265  29.560991     5.2553      7.271   288.9270 8.7219e+00     2.2548      3.955      5.736    13.7787   999.3116 0.0000e+00
      4.047      0.051     2.7975     26.923     38.218  29.524928     5.2544      7.270   290.0576 8.5919e+00     2.2203      3.969      5.758    13.7395   999.3170 0.0000e+00
      4.060      0.057     2.7059     26.037     38.242  29.537006     5.2457      7.267   290.7374 8.4630e+00     2.2293      3.980      5.774    13.6846   999.3244 0.0000e+00
      4.076      0.061     2.6096     25.092     38.332  29.580111     5.2367      7.265   290.5217 8.3334e+00     2.2973      3.995      5.795    13.6319   999.3317 0.0000e+00
      4.095      0.061     2.5111     24.125     38.399  29.601901     5.2408      7.262   289.7727 8.1895e+00     2.3216      4.016      5.824    13.6137   999.3343 0.0000e+00
      4.115      0.059     2.4215     23.255     38.425  29.610073     5.2523      7.258   289.4254 8.0427e+00     2.2926      4.036      5.854    13.6286   999.3322 0.0000e+00
      4.131      0.054     2.3484     22.560     38.418  29.615447     5.2372      7.256   289.4199 7.9237e+00     2.2748      4.053      5.878    13.6270   999.3326 0.0000e+00
      4.142      0.048     2.2904     22.017     38.373  29.603447     5.1967      7.255   289.4482 7.8355e+00     2.2700      4.063      5.893    13.5847   999.3383 0.0000e+00
      4.151      0.042     2.2474     21.616     38.332  29.591910     5.1872      7.253   289.8536 7.7588e+00     2.2678      4.071      5.905    13.5298   999.3457 0.0000e+00
      4.160      0.036     2.2218     21.376     38.335  29.602878     5.2008      7.252   290.4496 7.6905e+00     2.2809      4.080      5.917    13.5153   999.3477 0.0000e+00
      4.169      0.031     2.2143     21.298     38.355  29.609173     5.1959      7.250   290.6324 7.6264e+00     2.3628      4.089      5.929    13.5355   999.3450 0.0000e+00
      4.177      0.027     2.2228     21.368     38.373  29.604561     5.1889      7.246   290.4288 7.5748e+00     2.4721      4.097      5.941    13.5725   999.3401 0.0000e+00
      4.184      0.023     2.2425     21.558     38.382  29.610538     5.1940      7.244   290.2238 7.5397e+00     2.5203      4.103      5.951    13.5998   999.3365 0.0000e+00
      4.189      0.021     2.2669     21.805     38.364  29.617988     5.2055      7.242   290.2198 7.4981e+00     2.5193      4.108      5.958    13.6173   999.3342 0.0000e+00
      4.193      0.020     2.2924     22.065     38.350  29.631204     5.2065      7.239   290.3798 7.4566e+00     2.4935      4.112      5.964    13.6054   999.3358 0.0000e+00
      4.196      0.020     2.3184     22.325     38.348  29.643469     5.2232      7.235   290.6099 7.4341e+00     2.4047      4.115      5.968    13.5590   999.3420 0.0000e+00
      4.200      0.020     2.3429     22.561     38.343  29.639384     5.2773      7.233   291.3670 7.4046e+00     2.2972      4.118      5.973    13.5569   999.3424 0.0000e+00
      4.206      0.021     2.3644     22.754     38.376  29.645270     5.3067      7.232   292.4790 7.3496e+00     2.2761      4.124      5.982    13.5980   999.3369 0.0000e+00
      4.213      0.022     2.3815     22.896     38.429  29.651169     5.3009      7.231   292.9552 7.2915e+00     2.2808      4.132      5.993    13.6376   999.3316 0.0000e+00
      4.219      0.023     2.3892     22.948     38.468  29.647203     5.2065      7.228   292.9943 7.2397e+00     2.3204      4.137      6.001    13.6497   999.3300 0.0000e+00
      4.225      0.023     2.3867     22.901     38.529  29.660733     5.0156      7.226   292.8664 7.1953e+00     2.4273      4.143      6.009    13.6577   999.3289 0.0000e+00
      4.230      0.022     2.3784     22.798     38.609  29.687811     4.9085      7.224   292.5276 7.1574e+00     2.4925      4.148      6.016    13.6321   999.3324 0.0000e+00
      4.235      0.022     2.3673     22.673     38.692  29.720753     4.8998      7.223   293.1994 7.1076e+00     2.5182      4.152      6.022    13.5679   999.3410 0.0000e+00
      4.241      0.023     2.3556     22.543     38.756  29.741732     4.8669      7.223   294.7943 7.0463e+00     2.5410      4.159      6.031    13.5348   999.3455 0.0000e+00
      4.247      0.024     2.3434     22.413     38.797  29.751081     4.8062      7.221   295.5498 6.9841e+00     2.5391      4.164      6.040    13.4890   999.3516 0.0000e+00
      4.253      0.026     2.3294     22.263     38.852  29.770304     4.7720      7.219   295.5382 6.9148e+00     2.5284      4.170      6.049    13.4382   999.3584 0.0000e+00
      4.260      0.027     2.3134     22.085     38.921  29.783774     4.7749      7.218   295.3417 6.8335e+00     2.5425      4.178      6.060    13.4044   999.3629 0.0000e+00
      4.267      0.027     2.2950     21.878     38.992  29.787000     4.7885      7.216   294.9803 6.7470e+00     2.5787      4.185      6.069    13.3636   999.3684 0.0000e+00
      4.274      0.027     2.2673     21.585     39.080  29.809245     4.7894      7.213   294.9544 6.6565e+00     2.6049      4.192      6.080    13.3386   999.3717 0.0000e+00
      4.281      0.027     2.2243     21.153     39.202  29.862332     4.7769      7.211   295.7166 6.5705e+00     2.5970      4.199      6.091    13.3168   999.3746 0.0000e+00
      4.288      0.027     2.1711     20.621     39.340  29.921199     4.7849      7.209   296.8834 6.4935e+00     2.5819      4.205      6.099    13.2689   999.3808 0.0000e+00
      4.294      0.027     2.1129     20.041     39.437  29.949868     4.9123      7.205   297.5328 6.4090e+00     2.6187      4.211      6.107    13.1868   999.3915 0.0000e+00
      4.301      0.027     2.0523     19.443     39.500  29.955103     5.1295      7.202   297.6317 6.3345e+00     2.6821      4.218      6.118    13.1308   999.3988 0.0000e+00
      4.308      0.027     1.9915     18.843     39.598  29.984452     5.2433      7.201   297.6489 6.2675e+00     2.6921      4.225      6.127    13.0931   999.4036 0.0000e+00
      4.316      0.028     1.9296     18.237     39.741  30.050850     5.2479      7.200   297.8271 6.1763e+00     2.6753      4.232      6.138    13.0215   999.4129 0.0000e+00
      4.323      0.031     1.8661     17.618     39.886  30.123332     5.2375      7.199   298.0648 6.0907e+00     2.6432      4.240      6.149    12.9660   999.4199 0.0000e+00
      4.330      0.035     1.8040     17.015     39.984  30.162792     5.2212      7.198   298.3725 6.0094e+00     2.5662      4.245      6.158    12.9186   999.4259 0.0000e+00
      4.337      0.039     1.7418     16.415     40.084  30.210643     5.2070      7.196   298.9660 5.9038e+00     2.5307      4.252      6.167    12.8563   999.4338 0.0000e+00
      4.347      0.041     1.6765     15.790     40.262  30.321131     5.2050      7.193   299.5625 5.7828e+00     2.5402      4.262      6.181    12.8037   999.4405 0.0000e+00
      4.362      0.041     1.6111     15.162     40.431  30.419931     5.1965      7.189   299.9053 5.6492e+00     2.5177      4.276      6.201    12.7591   999.4461 0.0000e+00
      4.377      0.039     1.5473     14.549     40.518  30.453378     5.1305      7.186   300.1854 5.5267e+00     2.5209      4.294      6.228    12.7125   999.4520 0.0000e+00
      4.389      0.036     1.4851     13.957     40.563  30.471680     5.0224      7.184   300.2824 5.4426e+00     2.5792      4.307      6.247    12.6769   999.4564 0.0000e+00
      4.395      0.035     1.4251     13.397     40.606  30.514281     4.9647      7.181   300.0458 5.3898e+00     2.6327      4.311      6.252    12.6555   999.4591 0.0000e+00
      4.398      0.036     1.3683     12.870     40.676  30.587751     4.9538      7.179   299.9052 5.3501e+00     2.6759      4.313      6.256    12.6216   999.4634 0.0000e+00
      4.402      0.039     1.3167     12.387     40.849  30.725465     4.9336      7.177   299.9592 5.2862e+00     2.8064      4.314      6.258    12.5700   999.4696 0.0000e+00
      4.412      0.045     1.2721     11.964     41.196  30.973716     4.9109      7.175   300.0969 5.1497e+00     3.0309      4.322      6.269    12.5411   999.4731 0.0000e+00
      4.429      0.050     1.2335     11.587     41.613  31.241418     4.9050      7.173   300.3654 4.9622e+00     3.1294      4.343      6.298    12.5658   999.4703 0.0000e+00
      4.448      0.055     1.2009     11.254     41.889  31.360427     4.8968      7.170   300.7112 4.7969e+00     3.0797      4.363      6.328    12.6052   999.4656 0.0000e+00
      4.463      0.056     1.1736     10.969     41.986  31.333760     4.8031      7.167   300.9217 4.6773e+00     3.1178      4.377      6.349    12.6119   999.4649 0.0000e+00
      4.476      0.054     1.1501     10.729     41.947  31.236167     4.6481      7.166   301.0181 4.5671e+00     3.2626      4.389      6.366    12.6022   999.4663 0.0000e+00
      4.489      0.050     1.1361     10.587     41.779  31.068775     4.5737      7.164   301.2743 4.4549e+00     3.3561      4.403      6.386    12.5613   999.4715 0.0000e+00
      4.500      0.047     1.1378     10.588     41.612  30.896228     4.5631      7.161   301.6959 4.3702e+00     3.3635      4.414      6.402    12.4356   999.4868 0.0000e+00
      4.510      0.046     1.1582     10.756     41.577  30.799749     4.5285      7.158   302.2442 4.2976e+00     3.2858      4.422      6.413    12.2919   999.5039 0.0000e+00
      4.520      0.046     1.2040     11.156     41.589  30.727123     4.4755      7.155   302.6558 4.2042e+00     3.1705      4.432      6.428    12.2163   999.5128 0.0000e+00
      4.534      0.048     1.2830     11.864     41.589  30.652582     4.4433      7.152   302.7142 4.1015e+00     3.1165      4.446      6.449    12.1848   999.5164 0.0000e+00
      4.548      0.051     1.4121     13.036     41.595  30.596421     4.4422      7.150   302.6917 4.0089e+00     3.0925      4.461      6.470    12.1350   999.5222 0.0000e+00
      4.559      0.054     1.6107     14.850     41.601  30.555658     4.4442      7.147   302.7290 3.9186e+00     3.0757      4.472      6.485    12.0409   999.5331 0.0000e+00
      4.572      0.056     1.8759     17.285     41.616  30.540415     4.4335      7.144   302.8203 3.8136e+00     3.2086      4.481      6.499    11.9334   999.5454 0.0000e+00
      4.587      0.057     2.1886     20.161     41.630  30.538997     4.4347      7.141   303.0222 3.7042e+00     3.4545      4.498      6.524    11.8437   999.5555 0.0000e+00
      4.604      0.056     2.5256     23.262     41.636  30.538501     4.4494      7.137   303.1910 3.6022e+00     3.5577      4.516      6.549    11.7713   999.5637 0.0000e+00
      4.619      0.053     2.8662     26.397     41.636  30.534406     4.4561      7.133   303.2256 3.4950e+00     3.5721      4.530      6.570    11.7128   999.5702 0.0000e+00
      4.634      0.049     3.1890     29.365     41.582  30.489486     4.4545      7.130   303.2686 3.4015e+00     3.8256      4.546      6.593    11.6832   999.5736 0.0000e+00
      4.647      0.047     3.4646     31.890     41.445  30.376108     4.4477      7.128   303.4536 3.3509e+00     4.2631      4.560      6.614    11.6753   999.5746 0.0000e+00
      4.654      0.047     3.6745     33.793     41.305  30.242292     4.4515      7.127   303.9990 3.3156e+00     4.5025      4.565      6.621    11.6703   999.5752 0.0000e+00
      4.661      0.051     3.8192     35.076     41.233  30.140601     4.4484      7.123   304.7873 3.2561e+00     4.5578      4.568      6.625    11.6652   999.5757 0.0000e+00
      4.673      0.058     3.9061     35.820     41.251  30.098341     4.3147      7.117   305.2414 3.1792e+00     4.8005      4.581      6.645    11.6617   999.5761 0.0000e+00
      4.689      0.065     3.9551     36.228     41.326  30.111987     4.0745      7.112   305.3589 3.0855e+00     5.2736      4.597      6.668    11.6521   999.5772 0.0000e+00
      4.708      0.070     3.9996     36.613     41.361  30.115182     3.9463      7.107   305.4342 2.9567e+00     5.5924      4.615      6.693    11.6144   999.5814 0.0000e+00
      4.733      0.070     4.0629     37.176     41.326  30.073494     3.9345      7.102   305.4630 2.8254e+00     5.6728      4.642      6.732    11.5509   999.5884 0.0000e+00
      4.757      0.065     4.1611     38.049     41.329  30.052109     3.8015      7.098   305.4498 2.7312e+00     5.8845      4.669      6.771    11.4723   999.5969 0.0000e+00
      4.774      0.059     4.3027     39.313     41.361  30.046944     3.5265      7.096   305.5322 2.6794e+00     6.2837      4.685      6.794    11.4170   999.6030 0.0000e+00
      4.783      0.051     4.4787     40.888     41.351  30.011025     3.3672      7.095   305.7705 2.6557e+00     6.5346      4.690      6.804    11.4032   999.6045 0.0000e+00
      4.790      0.045     4.6704     42.612     41.364  29.998512     3.3398      7.095   306.0078 2.6208e+00     6.6237      4.696      6.812    11.3868   999.6063 0.0000e+00
      4.799      0.042     4.8638     44.358     41.418  30.022531     3.2473      7.096   306.0787 2.5589e+00     6.9029      4.706      6.825    11.3571   999.6095 0.0000e+00
      4.810      0.042     5.0483     46.028     41.465  30.047600     3.0903      7.096   306.0264 2.4979e+00     7.3861      4.717      6.842    11.3205   999.6134 0.0000e+00
      4.822      0.044     5.2083     47.480     41.474  30.047790     3.0027      7.096   306.0635 2.4408e+00     7.6491      4.728      6.857    11.2826   999.6174 0.0000e+00
      4.835      0.045     5.3362     48.641     41.448  30.024829     2.9855      7.095   306.2695 2.3791e+00     7.6576      4.741      6.876    11.2556   999.6204 0.0000e+00
      4.848      0.045     5.4326     49.518     41.448  30.023790     2.9862      7.093   306.6235 2.3251e+00     7.6523      4.755      6.896    11.2382   999.6223 0.0000e+00
      4.859      0.044     5.5007     50.138     41.465  30.035223     3.0456      7.091   306.9884 2.2836e+00     7.7490      4.767      6.914    11.2281   999.6234 0.0000e+00
      4.869      0.043     5.5474     50.564     41.465  30.036160     3.1581      7.088   306.8962 2.2521e+00     7.9748      4.775      6.925    11.2205   999.6242 0.0000e+00
