Data/DataAlreadyUploadedToEDI/CollatedDataForEDI/CTDData/CTD_2019 (not collated)/071819_fcr50.cnv
* Sea-Bird SBE19plus  Data File:
* FileName = C:\DATA\20190718_fcr50_0001.hex
* Software version 2.8.0.119 SB_Terminal.dll
* Temperature SN = 7809
* Conductivity SN = 7809
* System UpLoad Time = Jul 18 2019 09:56:43
* <ApplicationData>
* <Seaterm232>
# nquan = 16
# nvalues = 1154                        
# units = specified
# name 0 = depFM: Depth [fresh water, m]
# name 1 = dz/dtM: Descent Rate [m/s]
# name 2 = sbeox0Mg/L: Oxygen, SBE 43 [mg/l]
# name 3 = sbeox0PS: Oxygen, SBE 43 [% saturation]
# name 4 = specc: Specific Conductance [uS/cm]
# name 5 = c0uS/cm: Conductivity [uS/cm]
# name 6 = flECO-AFL: Fluorescence, WET Labs ECO-AFL/FL [mg/m^3]
# name 7 = ph: pH
# name 8 = orp: Oxidation Reduction Potential [mV]
# name 9 = par/sat/log: PAR/Logarithmic, Satlantic
# name 10 = turbWETntu0: Turbidity, WET Labs ECO [NTU]
# name 11 = prdM: Pressure, Strain Gauge [db]
# name 12 = prdE: Pressure, Strain Gauge [psi]
# name 13 = tv290C: Temperature [ITS-90, deg C]
# name 14 = density00: Density [density, kg/m^3]
# name 15 = flag:  0.000e+00
# span 0 =     -0.597,      9.513       
# span 1 =     -0.194,      0.177       
# span 2 =     1.1361,    14.2836       
# span 3 =     10.587,    166.698       
# span 4 =      0.835,     41.986       
# span 5 =   0.787128,  38.272108       
# span 6 =    -0.1471,     9.1172       
# span 7 =      6.270,      8.072       
# span 8 = -1240.7455,   338.6635       
# span 9 = 1.2359e-01, 4.7802e+02       
# span 10 =    -0.5925,   133.6199      
# span 11 =     -0.585,      9.330      
# span 12 =     -0.849,     13.532      
# span 13 =    11.1332,    27.6713      
# span 14 =   996.3471,   999.6544      
# span 15 = 0.0000e+00, 0.0000e+00      
# interval = seconds: 0.25
# start_time = Jul 18 2019 09:39:15 [Instrument's time stamp, header]
# bad_flag = -9.990e-29
*END*
[from data line 904]
      6.858      0.031     5.5393     50.411     41.445  29.965560     1.5941      6.845   329.3872 1.2374e-01    10.6358      6.726      9.755    11.1511   999.6406 0.0000e+00
      6.866      0.029     5.5434     50.448     41.446  29.966695     1.5723      6.843   329.2491 1.2370e-01    10.5497      6.732      9.764    11.1502   999.6407 0.0000e+00
      6.874      0.027     5.5459     50.472     41.448  29.968784     1.5264      6.843   329.1747 1.2371e-01    10.3932      6.741      9.777    11.1493   999.6409 0.0000e+00
      6.882      0.026     5.5459     50.473     41.478  29.990817     1.4988      6.843   329.2626 1.2374e-01    10.3813      6.751      9.790    11.1484   999.6410 0.0000e+00
      6.887      0.025     5.5469     50.482     41.462  29.979280     1.5073      6.841   329.4510 1.2371e-01    10.4398      6.754      9.796    11.1480   999.6411 0.0000e+00
      6.892      0.025     5.5490     50.502     41.430  29.956199     1.5162      6.839   329.6459 1.2374e-01    10.4119      6.757      9.801    11.1478   999.6411 0.0000e+00
      6.897      0.025     5.5493     50.505     41.442  29.965561     1.4848      6.838   329.9850 1.2376e-01    10.3715      6.763      9.809    11.1485   999.6411 0.0000e+00
      6.904      0.026     5.5495     50.508     41.442  29.965571     1.4311      6.838   330.2820 1.2369e-01    10.3772      6.770      9.819    11.1496   999.6410 0.0000e+00
      6.911      0.029     5.5520     50.531     41.428  29.956314     1.4046      6.838   329.6230 1.2368e-01    10.4150      6.778      9.830    11.1500   999.6410 0.0000e+00
      6.917      0.031     5.5542     50.555     41.458  29.980540     1.3990      6.838   328.4694 1.2375e-01    10.4358      6.784      9.838    11.1503   999.6409 0.0000e+00
      6.926      0.033     5.5551     50.569     41.487  30.004672     1.3800      6.837   328.2073 1.2376e-01    10.4648      6.791      9.850    11.1513   999.6409 0.0000e+00
      6.936      0.035     5.5550     50.572     41.469  29.994289     1.3481      6.834   328.5196 1.2373e-01    10.5696      6.803      9.868    11.1516   999.6409 0.0000e+00
      6.946      0.035     5.5521     50.550     41.447  29.981911     1.3341      6.832   328.9755 1.2369e-01    10.6531      6.813      9.881    11.1510   999.6411 0.0000e+00
      6.954      0.034     5.5466     50.506     41.440  29.981919     1.3415      6.832   329.5890 1.2365e-01    10.6553      6.818      9.889    11.1543   999.6407 0.0000e+00
      6.964      0.034     5.5422     50.472     41.451  29.994391     1.3597      6.833   329.3126 1.2367e-01    10.6288      6.828      9.904    11.1599   999.6402 0.0000e+00
      6.974      0.036     5.5402     50.456     41.466  30.005805     1.3806      6.832   328.1286 1.2374e-01    10.5949      6.841      9.923    11.1623   999.6400 0.0000e+00
      6.981      0.040     5.5387     50.439     41.451  29.993020     1.3861      6.830   327.5771 1.2374e-01    10.6060      6.848      9.932    11.1658   999.6396 0.0000e+00
      6.987      0.045     5.5353     50.402     41.421  29.966705     1.3913      6.829   327.8071 1.2370e-01    10.6327      6.849      9.934    11.1726   999.6390 0.0000e+00
      6.997      0.049     5.5317     50.363     41.391  29.941448     1.4171      6.829   328.3278 1.2365e-01    10.5898      6.858      9.948    11.1791   999.6384 0.0000e+00
      7.015      0.053     5.5294     50.337     41.396  29.941448     1.4468      6.828   328.9698 1.2359e-01    10.5136      6.879      9.977    11.1809   999.6382 0.0000e+00
      7.033      0.058     5.5262     50.303     41.435  29.966706     1.4563      6.825   329.2887 1.2364e-01    10.4976      6.898     10.005    11.1765   999.6388 0.0000e+00
      7.048      0.061     5.5247     50.286     41.475  29.993022     1.4528      6.822   329.0855 1.2374e-01    10.5596      6.912     10.025    11.1705   999.6395 0.0000e+00
      7.062      0.062     5.5250     50.286     41.495  30.005807     1.4399      6.820   328.4919 1.2379e-01    10.6078      6.925     10.044    11.1653   999.6401 0.0000e+00
      7.077      0.062     5.5233     50.269     41.481  29.994385     1.4126      6.819   328.0480 1.2374e-01    10.6213      6.940     10.065    11.1613   999.6406 0.0000e+00
      7.093      0.061     5.5224     50.261     41.465  29.981819     1.4007      6.818   328.0202 1.2367e-01    10.6250      6.956     10.088    11.1577   999.6411 0.0000e+00
      7.109      0.057     5.5219     50.257     41.462  29.980779     1.4091      6.815   328.3285 1.2364e-01    10.6205      6.971     10.110    11.1547   999.6414 0.0000e+00
      7.127      0.052     5.5197     50.242     41.458  29.981819     1.4096      6.813   328.7640 1.2365e-01    10.6311      6.989     10.137    11.1528   999.6417 0.0000e+00
      7.143      0.047     5.5182     50.237     41.468  29.994395     1.4331      6.813   328.9831 1.2368e-01    10.6551      7.008     10.164    11.1516   999.6419 0.0000e+00
      7.153      0.043     5.5182     50.244     41.477  30.005930     1.4847      6.813   328.9986 1.2371e-01    10.7146      7.017     10.179    11.1507   999.6420 0.0000e+00
      7.157      0.040     5.5178     50.243     41.457  29.994383     1.5050      6.813   328.9521 1.2380e-01    10.7934      7.018     10.178    11.1503   999.6421 0.0000e+00
      7.162      0.039     5.5178     50.243     41.440  29.981693     1.5055      6.812   328.9369 1.2387e-01    10.8541      7.020     10.181    11.1550   999.6416 0.0000e+00
      7.173      0.040     5.5197     50.253     41.444  29.979406     1.5332      6.811   328.9004 1.2385e-01    10.8261      7.032     10.200    11.1640   999.6407 0.0000e+00
      7.188      0.042     5.5224     50.269     41.435  29.966716     1.5709      6.810   328.8552 1.2378e-01    10.6842      7.050     10.225    11.1702   999.6402 0.0000e+00
      7.201      0.046     5.5272     50.307     41.425  29.955169     1.5796      6.808   329.2512 1.2374e-01    10.5805      7.062     10.243    11.1739   999.6399 0.0000e+00
      7.212      0.049     5.5312     50.340     41.445  29.966696     1.5691      6.808   329.9883 1.2374e-01    10.5549      7.073     10.258    11.1740   999.6400 0.0000e+00
      7.222      0.050     5.5322     50.346     41.465  29.979179     1.5314      6.807   330.2825 1.2373e-01    10.5710      7.083     10.273    11.1666   999.6407 0.0000e+00
      7.233      0.050     5.5336     50.356     41.468  29.979179     1.4698      6.806   330.2275 1.2372e-01    10.6113      7.092     10.286    11.1576   999.6417 0.0000e+00
      7.247      0.050     5.5356     50.371     41.453  29.966698     1.4405      6.805   330.0976 1.2369e-01    10.6169      7.106     10.306    11.1528   999.6422 0.0000e+00
      7.263      0.049     5.5365     50.379     41.438  29.955180     1.4465      6.803   329.8303 1.2365e-01    10.6056      7.124     10.333    11.1501   999.6426 0.0000e+00
      7.278      0.047     5.5359     50.373     41.454  29.966822     1.4290      6.803   329.7487 1.2367e-01    10.6054      7.138     10.354    11.1471   999.6430 0.0000e+00
      7.289      0.044     5.5342     50.357     41.473  29.980551     1.3766      6.802   330.0569 1.2371e-01    10.6149      7.148     10.367    11.1443   999.6433 0.0000e+00
      7.298      0.040     5.5318     50.336     41.492  29.994271     1.3426      6.801   330.4598 1.2371e-01    10.6218      7.157     10.380    11.1427   999.6435 0.0000e+00
      7.306      0.036     5.5297     50.316     41.508  30.005798     1.3382      6.801   330.5761 1.2374e-01    10.6235      7.165     10.392    11.1420   999.6436 0.0000e+00
      7.314      0.034     5.5293     50.313     41.490  29.993022     1.3578      6.801   330.5175 1.2377e-01    10.6365      7.172     10.403    11.1416   999.6437 0.0000e+00
      7.323      0.033     5.5315     50.333     41.454  29.966697     1.3885      6.800   330.4392 1.2373e-01    10.6470      7.181     10.416    11.1415   999.6438 0.0000e+00
      7.333      0.033     5.5352     50.366     41.419  29.941326     1.3975      6.799   330.4035 1.2368e-01    10.6192      7.192     10.431    11.1417   999.6438 0.0000e+00
      7.341      0.033     5.5377     50.389     41.417  29.940078     1.3971      6.797   330.4305 1.2370e-01    10.5948      7.198     10.441    11.1422   999.6438 0.0000e+00
      7.347      0.034     5.5395     50.406     41.433  29.951606     1.4012      6.797   330.4215 1.2368e-01    10.6477      7.204     10.449    11.1423   999.6438 0.0000e+00
      7.355      0.035     5.5404     50.414     41.436  29.953798     1.4121      6.797   330.3802 1.2361e-01    10.6692      7.212     10.460    11.1419   999.6439 0.0000e+00
      7.364      0.037     5.5385     50.397     41.453  29.966583     1.4337      6.796   330.3610 1.2363e-01    10.6250      7.222     10.474    11.1417   999.6439 0.0000e+00
      7.374      0.040     5.5353     50.371     41.468  29.979281     1.4458      6.795   330.3616 1.2367e-01    10.6050      7.232     10.489    11.1417   999.6440 0.0000e+00
      7.385      0.042     5.5305     50.331     41.467  29.980426     1.4541      6.795   330.3024 1.2362e-01    10.5910      7.243     10.504    11.1419   999.6440 0.0000e+00
      7.395      0.044     5.5244     50.276     41.466  29.980427     1.4916      6.793   330.3327 1.2361e-01    10.6533      7.252     10.519    11.1422   999.6440 0.0000e+00
      7.407      0.044     5.5203     50.238     41.464  29.979292     1.5511      6.793   330.5556 1.2376e-01    10.7999      7.263     10.534    11.1420   999.6441 0.0000e+00
      7.421      0.045     5.5173     50.211     41.448  29.966707     1.5836      6.793   330.5020 1.2388e-01    10.8891      7.278     10.556    11.1444   999.6440 0.0000e+00
      7.432      0.045     5.5148     50.186     41.433  29.955161     1.5814      6.791   330.1150 1.2379e-01    10.8795      7.290     10.573    11.1482   999.6437 0.0000e+00
      7.442      0.044     5.5139     50.176     41.451  29.966604     1.5770      6.789   329.9210 1.2368e-01    10.7830      7.297     10.583    11.1485   999.6436 0.0000e+00
      7.454      0.041     5.5138     50.174     41.468  29.978159     1.5826      6.789   329.8768 1.2366e-01    10.6720      7.309     10.601    11.1482   999.6437 0.0000e+00
      7.466      0.037     5.5132     50.168     41.454  29.967955     1.5884      6.787   329.8378 1.2371e-01    10.6189      7.322     10.620    11.1476   999.6438 0.0000e+00
      7.476      0.036     5.5127     50.163     41.458  29.970139     1.5871      6.785   330.2243 1.2374e-01    10.5999      7.331     10.633    11.1458   999.6440 0.0000e+00
      7.484      0.039     5.5118     50.155     41.505  30.004559     1.5833      6.785   330.9367 1.2370e-01    10.6059      7.340     10.646    11.1442   999.6443 0.0000e+00
      7.489      0.045     5.5117     50.155     41.503  30.003407     1.5778      6.784   331.3100 1.2371e-01    10.6264      7.345     10.653    11.1435   999.6444 0.0000e+00
      7.495      0.050     5.5134     50.171     41.438  29.956211     1.5810      6.782   331.2961 1.2371e-01    10.6174      7.346     10.654    11.1430   999.6444 0.0000e+00
      7.509      0.055     5.5164     50.197     41.418  29.941545     1.5870      6.779   331.0272 1.2370e-01    10.5960      7.360     10.673    11.1430   999.6444 0.0000e+00
      7.531      0.060     5.5207     50.235     41.435  29.952988     1.5807      6.778   330.8114 1.2367e-01    10.6628      7.386     10.712    11.1434   999.6446 0.0000e+00
      7.555      0.069     5.5261     50.283     41.455  29.967654     1.5751      6.775   331.5262 1.2367e-01    10.7690      7.412     10.750    11.1433   999.6447 0.0000e+00
      7.571      0.083     5.5321     50.338     41.490  29.991967     1.5796      6.770   332.7868 1.2373e-01    10.7988      7.428     10.773    11.1434   999.6447 0.0000e+00
      7.582      0.098     5.5372     50.384     41.491  29.993129     1.5911      6.765   333.3201 1.2374e-01    10.8270      7.433     10.781    11.1431   999.6448 0.0000e+00
      7.597      0.112     5.5410     50.418     41.475  29.981707     1.5929      6.762   333.3271 1.2370e-01    10.8795      7.442     10.795    11.1422   999.6450 0.0000e+00
      7.631      0.120     5.5431     50.437     41.474  29.980772     1.5407      6.760   333.2158 1.2370e-01    10.8440      7.476     10.841    11.1419   999.6451 0.0000e+00
      7.681      0.123     5.5408     50.417     41.476  29.981822     1.4541      6.760   332.9209 1.2370e-01    10.7259      7.533     10.926    11.1414   999.6455 0.0000e+00
      7.730      0.120     5.5358     50.372     41.493  29.994400     1.4136      6.760   332.8588 1.2369e-01    10.6636      7.589     11.007    11.1410   999.6458 0.0000e+00
      7.762      0.110     5.5334     50.351     41.508  30.005935     1.4142      6.758   333.2394 1.2374e-01    10.6483      7.617     11.048    11.1410   999.6459 0.0000e+00
      7.777      0.091     5.5313     50.332     41.492  29.994398     1.4530      6.757   333.6506 1.2377e-01    10.6058      7.627     11.062    11.1408   999.6460 0.0000e+00
      7.789      0.071     5.5277     50.300     41.474  29.981813     1.5273      6.757   333.8734 1.2370e-01    10.5765      7.636     11.075    11.1408   999.6460 0.0000e+00
      7.804      0.055     5.5265     50.290     41.471  29.980678     1.5671      6.757   334.0405 1.2364e-01    10.5892      7.652     11.099    11.1412   999.6461 0.0000e+00
      7.819      0.045     5.5275     50.300     41.471  29.980678     1.5700      6.756   334.1220 1.2364e-01    10.6286      7.670     11.123    11.1424   999.6460 0.0000e+00
      7.831      0.039     5.5284     50.308     41.472  29.981813     1.5624      6.755   334.0841 1.2360e-01    10.6924      7.682     11.141    11.1431   999.6460 0.0000e+00
      7.840      0.035     5.5291     50.315     41.489  29.994398     1.5354      6.755   333.5827 1.2363e-01    10.7696      7.690     11.153    11.1429   999.6461 0.0000e+00
      7.845      0.030     5.5321     50.342     41.504  30.005934     1.5125      6.755   332.7918 1.2375e-01    10.8090      7.694     11.159    11.1433   999.6460 0.0000e+00
      7.849      0.026     5.5368     50.385     41.489  29.994387     1.5120      6.755   332.6096 1.2377e-01    10.8401      7.696     11.162    11.1442   999.6460 0.0000e+00
      7.856      0.024     5.5385     50.400     41.471  29.981697     1.4856      6.754   333.1004 1.2373e-01    10.8189      7.702     11.171    11.1447   999.6459 0.0000e+00
      7.866      0.024     5.5368     50.385     41.468  29.979409     1.4276      6.753   333.7359 1.2372e-01    10.6839      7.714     11.189    11.1456   999.6459 0.0000e+00
      7.872      0.026     5.5357     50.376     41.449  29.966720     1.3910      6.753   333.9257 1.2367e-01    10.5833      7.721     11.199    11.1455   999.6459 0.0000e+00
      7.875      0.031     5.5352     50.375     41.429  29.955183     1.3818      6.751   332.9872 1.2365e-01    10.5862      7.721     11.199    11.1448   999.6460 0.0000e+00
      7.879      0.035     5.5329     50.362     41.438  29.966823     1.3858      6.750   331.5945 1.2366e-01    10.6201      7.725     11.204    11.1447   999.6460 0.0000e+00
      7.888      0.040     5.5284     50.330     41.449  29.980553     1.3957      6.750   331.2825 1.2369e-01    10.6336      7.734     11.217    11.1453   999.6460 0.0000e+00
      7.903      0.045     5.5237     50.291     41.464  29.994292     1.4054      6.749   331.6240 1.2374e-01    10.6186      7.749     11.239    11.1458   999.6460 0.0000e+00
      7.918      0.048     5.5207     50.264     41.479  30.006037     1.4082      6.749   332.1101 1.2378e-01    10.6017      7.766     11.263    11.1478   999.6458 0.0000e+00
      7.932      0.048     5.5192     50.254     41.462  29.995653     1.4029      6.748   332.8580 1.2379e-01    10.5936      7.779     11.283    11.1560   999.6451 0.0000e+00
