Data/DataAlreadyUploadedToEDI/CollatedDataForEDI/CTDData/CTD_2019 (not collated)/071819_fcr50.cnv
* Sea-Bird SBE19plus  Data File:
* FileName = C:\DATA\20190718_fcr50_0001.hex
* Software version 2.8.0.119 SB_Terminal.dll
* Temperature SN = 7809
* Conductivity SN = 7809
* System UpLoad Time = Jul 18 2019 09:56:43
* <ApplicationData>
* <Seaterm232>
# nquan = 16
# nvalues = 1154                        
# units = specified
# name 0 = depFM: Depth [fresh water, m]
# name 1 = dz/dtM: Descent Rate [m/s]
# name 2 = sbeox0Mg/L: Oxygen, SBE 43 [mg/l]
# name 3 = sbeox0PS: Oxygen, SBE 43 [% saturation]
# name 4 = specc: Specific Conductance [uS/cm]
# name 5 = c0uS/cm: Conductivity [uS/cm]
# name 6 = flECO-AFL: Fluorescence, WET Labs ECO-AFL/FL [mg/m^3]
# name 7 = ph: pH
# name 8 = orp: Oxidation Reduction Potential [mV]
# name 9 = par/sat/log: PAR/Logarithmic, Satlantic
# name 10 = turbWETntu0: Turbidity, WET Labs ECO [NTU]
# name 11 = prdM: Pressure, Strain Gauge [db]
# name 12 = prdE: Pressure, Strain Gauge [psi]
# name 13 = tv290C: Temperature [ITS-90, deg C]
# name 14 = density00: Density [density, kg/m^3]
# name 15 = flag:  0.000e+00
# span 0 =     -0.597,      9.513       
# span 1 =     -0.194,      0.177       
# span 2 =     1.1361,    14.2836       
# span 3 =     10.587,    166.698       
# span 4 =      0.835,     41.986       
# span 5 =   0.787128,  38.272108       
# span 6 =    -0.1471,     9.1172       
# span 7 =      6.270,      8.072       
# span 8 = -1240.7455,   338.6635       
# span 9 = 1.2359e-01, 4.7802e+02       
# span 10 =    -0.5925,   133.6199      
# span 11 =     -0.585,      9.330      
# span 12 =     -0.849,     13.532      
# span 13 =    11.1332,    27.6713      
# span 14 =   996.3471,   999.6544      
# span 15 = 0.0000e+00, 0.0000e+00      
# interval = seconds: 0.25
# start_time = Jul 18 2019 09:39:15 [Instrument's time stamp, header]
# bad_flag = -9.990e-29
*END*
[from data line 181]
     -0.197      0.040     8.4455    106.521     36.539  38.200831     6.7439      7.314   220.6870 3.0991e+02     1.8350     -0.193     -0.280    26.1670   996.7584 0.0000e+00
     -0.190      0.040     8.7117    110.171     36.485  38.254341     6.7426      7.297   220.9356 3.0468e+02     1.8274     -0.189     -0.273    26.2686   996.7314 0.0000e+00
     -0.177      0.039     8.9252    113.041     36.441  38.270728     6.7463      7.282   221.0403 3.0702e+02     1.8621     -0.176     -0.255    26.6801   996.6203 0.0000e+00
     -0.160      0.037     9.0744    115.029     36.408  38.272108     6.7444      7.270   221.0926 3.0847e+02     1.8946     -0.154     -0.224    27.0695   996.5138 0.0000e+00
     -0.148      0.032     9.1697    116.294     36.388  38.271086     6.7377      7.263   221.1384 3.1062e+02     1.8599     -0.142     -0.205    27.2990   996.4503 0.0000e+00
     -0.142      0.026     9.2157    116.908     36.365  38.258391     6.7339      7.258   221.1630 3.1057e+02     1.8026     -0.138     -0.200    27.4414   996.4108 0.0000e+00
     -0.139      0.018     9.2083    116.830     36.347  38.245591     6.7334      7.253   221.3907 3.0887e+02     1.7917     -0.136     -0.197    27.5150   996.3902 0.0000e+00
     -0.137      0.010     9.1561    116.178     36.342  38.243283     6.7317      7.253   221.6539 3.1275e+02     1.8266     -0.135     -0.196    27.5611   996.3772 0.0000e+00
     -0.135      0.005     9.0850    115.282     36.328  38.230492     6.7396      7.254   221.6786 3.2304e+02     1.8636     -0.132     -0.192    27.5857   996.3703 0.0000e+00
     -0.134      0.002     9.0175    114.428     36.315  38.217892     6.7506      7.259   221.6030 3.3887e+02     1.8467     -0.130     -0.189    27.5983   996.3669 0.0000e+00
     -0.135      0.001     8.9641    113.748     36.316  38.217890     6.7443      7.264   221.4286 3.6323e+02     1.8186     -0.132     -0.192    27.6055   996.3649 0.0000e+00
     -0.135      0.001     8.9223    113.217     36.329  38.230469     6.7328      7.268   221.3771 3.8730e+02     1.8184     -0.133     -0.193    27.6100   996.3635 0.0000e+00
     -0.135      0.000     8.8832    112.722     36.340  38.243031     6.7235      7.270   221.6679 4.0070e+02     1.8118     -0.132     -0.192    27.6126   996.3628 0.0000e+00
     -0.135      0.000     8.8471    112.266     36.339  38.242825     6.7184      7.271   221.9341 4.0774e+02     1.8046     -0.133     -0.193    27.6136   996.3625 0.0000e+00
     -0.135      0.001     8.8215    111.945     36.324  38.227979     6.7319      7.271   222.0138 4.1184e+02     1.7965     -0.132     -0.192    27.6118   996.3630 0.0000e+00
     -0.135      0.001     8.8073    111.769     36.287  38.190474     6.8520      7.272   222.1155 4.1406e+02     1.7800     -0.132     -0.192    27.6107   996.3633 0.0000e+00
     -0.134      0.002     8.8004    111.685     36.266  38.170225     7.0693      7.275   222.1313 4.1559e+02     1.7682     -0.131     -0.191    27.6110   996.3632 0.0000e+00
     -0.134      0.002     8.8009    111.697     36.267  38.173583     7.1918      7.278   221.9467 4.1612e+02     1.7854     -0.131     -0.190    27.6130   996.3627 0.0000e+00
     -0.133      0.002     8.8101    111.819     36.259  38.167597     7.2069      7.282   221.9488 4.1666e+02     1.8239     -0.131     -0.190    27.6153   996.3621 0.0000e+00
     -0.132      0.002     8.8233    111.994     36.251  38.161334     7.2249      7.288   222.3279 4.1720e+02     1.8082     -0.130     -0.188    27.6165   996.3616 0.0000e+00
     -0.132      0.001     8.8337    112.134     36.248  38.161333     7.2542      7.293   222.7449 4.1797e+02     1.7589     -0.129     -0.187    27.6189   996.3610 0.0000e+00
     -0.132      0.001     8.8390    112.207     36.252  38.167584     7.2657      7.297   222.6037 4.1947e+02     1.7514     -0.129     -0.188    27.6218   996.3603 0.0000e+00
     -0.132      0.002     8.8421    112.249     36.257  38.173454     7.2608      7.299   222.0831 4.2093e+02     1.7840     -0.129     -0.188    27.6247   996.3594 0.0000e+00
     -0.131      0.002     8.8465    112.306     36.252  38.168829     7.2729      7.302   221.9566 4.2210e+02     1.8255     -0.129     -0.187    27.6280   996.3585 0.0000e+00
     -0.131      0.003     8.8514    112.371     36.257  38.175133     7.3075      7.305   222.1068 4.2264e+02     1.8270     -0.128     -0.186    27.6323   996.3573 0.0000e+00
     -0.130      0.005     8.8540    112.409     36.266  38.186207     7.3321      7.307   222.4363 4.2256e+02     1.8016     -0.128     -0.186    27.6358   996.3563 0.0000e+00
     -0.129      0.007     8.8528    112.397     36.255  38.175769     7.3362      7.308   222.8433 4.2197e+02     1.8146     -0.126     -0.183    27.6371   996.3559 0.0000e+00
     -0.127      0.009     8.8497    112.355     36.256  38.175879     7.3317      7.308   222.4682 4.2062e+02     1.8526     -0.124     -0.180    27.6370   996.3560 0.0000e+00
     -0.124      0.010     8.8469    112.315     36.269  38.187543     7.3288      7.308   221.6002 4.1897e+02     1.8673     -0.122     -0.177    27.6379   996.3558 0.0000e+00
     -0.121      0.012     8.8442    112.275     36.273  38.189846     7.3279      7.307   221.2101 4.1777e+02     1.8609     -0.120     -0.173    27.6415   996.3547 0.0000e+00
     -0.118      0.013     8.8420    112.246     36.286  38.203720     7.3214      7.305   221.1932 4.1729e+02     1.8418     -0.115     -0.167    27.6437   996.3541 0.0000e+00
     -0.114      0.013     8.8407    112.231     36.309  38.228328     7.3282      7.301   221.3096 4.1709e+02     1.8325     -0.112     -0.162    27.6420   996.3546 0.0000e+00
     -0.111      0.013     8.8375    112.191     36.314  38.233480     7.4272      7.285   221.4993 4.1630e+02     1.8465     -0.110     -0.158    27.6383   996.3557 0.0000e+00
     -0.107      0.012     8.8317    112.117     36.285  38.202538     7.5996      7.255   221.5073 4.1491e+02     1.8472     -0.104     -0.151    27.6346   996.3567 0.0000e+00
     -0.104      0.011     8.8289    112.082     36.255  38.171587     7.6869      7.229   221.3215 4.1346e+02     1.8416     -0.102     -0.148    27.6347   996.3567 0.0000e+00
     -0.102      0.009     8.8306    112.102     36.260  38.176633     7.6855      7.214   221.2320 4.1316e+02     1.8115     -0.100     -0.146    27.6368   996.3561 0.0000e+00
     -0.098      0.007     8.8325    112.120     36.285  38.200077     7.7120      7.208   221.1985 4.1320e+02     1.7775     -0.094     -0.138    27.6366   996.3563 0.0000e+00
     -0.097      0.007     8.8313    112.095     36.289  38.201140     7.7732      7.206   221.0882 4.1070e+02     1.7920     -0.095     -0.138    27.6355   996.3565 0.0000e+00
     -0.097      0.010     8.8272    112.031     36.282  38.189480     7.8107      7.206   221.5340 4.0691e+02     1.8225     -0.096     -0.139    27.6366   996.3562 0.0000e+00
     -0.096      0.015     8.8204    111.939     36.280  38.186037     7.8177      7.206   222.5443 4.0166e+02     1.8518     -0.095     -0.138    27.6375   996.3560 0.0000e+00
     -0.094      0.025     8.8126    111.849     36.252  38.159517     7.7981      7.203   222.9789 3.9181e+02     1.8508     -0.093     -0.134    27.6336   996.3571 0.0000e+00
     -0.089      0.037     8.8072    111.804     36.209  38.122732     7.7640      7.196   222.5728 3.7570e+02     1.8430     -0.089     -0.129    27.6277   996.3588 0.0000e+00
     -0.079      0.048     8.8060    111.817     36.199  38.122148     7.7519      7.186   222.0220 3.5220e+02     1.8560     -0.081     -0.118    27.6218   996.3604 0.0000e+00
     -0.061      0.056     8.8113    111.906     36.220  38.152468     7.7561      7.169   222.4283 3.2822e+02     1.8441     -0.062     -0.090    27.6165   996.3620 0.0000e+00
     -0.040      0.059     8.8215    112.049     36.234  38.171963     7.7536      7.138   223.6133 3.1383e+02     1.7980     -0.038     -0.055    27.6205   996.3610 0.0000e+00
     -0.020      0.056     8.8310    112.174     36.228  38.167440     7.7485      7.101   224.3051 3.1121e+02     1.7567     -0.018     -0.027    27.6353   996.3569 0.0000e+00
     -0.005      0.048     8.8350    112.224     36.222  38.161263     7.7547      7.074   224.4252 3.1722e+02     1.7716     -0.003     -0.005    27.6509   996.3526 0.0000e+00
      0.007      0.038     8.8335    112.204     36.222  38.160753     7.7588      7.062   224.2046 3.2598e+02     1.8139      0.008      0.012    27.6623   996.3495 0.0000e+00
      0.013      0.027     8.8292    112.148     36.223  38.161264     7.7458      7.061   223.8748 3.3270e+02     1.8090      0.014      0.020    27.6683   996.3478 0.0000e+00
      0.016      0.017     8.8224    112.060     36.230  38.167442     7.7368      7.066   223.9661 3.4772e+02     1.7783      0.015      0.022    27.6706   996.3471 0.0000e+00
      0.017      0.010     8.8168    111.980     36.237  38.171964     7.7460      7.075   224.3620 3.6171e+02     1.7693      0.017      0.023    27.6706   996.3472 0.0000e+00
      0.018      0.006     8.8175    111.974     36.224  38.152464     7.7530      7.086   224.6179 3.5795e+02     1.7664      0.018      0.026    27.6692   996.3475 0.0000e+00
      0.020      0.004     8.8227    112.024     36.200  38.122090     7.7515      7.096   224.7367 3.5520e+02     1.7757      0.019      0.028    27.6680   996.3479 0.0000e+00
      0.020      0.003     8.8275    112.071     36.205  38.122091     7.7538      7.106   224.7664 3.5507e+02     1.8170      0.019      0.028    27.6679   996.3478 0.0000e+00
      0.021      0.003     8.8272    112.063     36.236  38.152466     7.7544      7.116   224.4614 3.6169e+02     1.8395      0.021      0.029    27.6647   996.3488 0.0000e+00
      0.022      0.002     8.8238    112.020     36.254  38.171967     7.7506      7.121   223.9736 3.7770e+02     1.8178      0.021      0.031    27.6559   996.3513 0.0000e+00
      0.022     -0.003     8.8230    112.011     36.249  38.167447     7.7507      7.125   223.6860 3.7878e+02     1.8165      0.021      0.031    27.6467   996.3539 0.0000e+00
      0.022     -0.013     8.8259    112.046     36.244  38.161297     7.7564      7.141   223.5658 3.7193e+02     1.8239      0.021      0.031    27.6388   996.3562 0.0000e+00
      0.022     -0.035     8.8301    112.092     36.247  38.161090     7.7679      7.169   223.6379 3.7003e+02     1.8097      0.022      0.032    27.6365   996.3568 0.0000e+00
      0.019     -0.067     8.8294    112.070     36.255  38.164931     7.7852      7.198   223.0095 3.8147e+02     1.8091      0.022      0.031    27.6388   996.3561 0.0000e+00
      0.009     -0.103     8.8231    111.967     36.243  38.144259     7.8004      7.224   221.5604 4.0262e+02     1.8162      0.015      0.021    27.6390   996.3560 0.0000e+00
     -0.021     -0.134     8.8214    111.915     36.213  38.101558     7.7781      7.240   220.6576 4.0434e+02     1.8302     -0.011     -0.016    27.6384   996.3561 0.0000e+00
     -0.074     -0.157     8.8259    111.945     36.214  38.092962     7.7236      7.243   220.2681 3.9404e+02     1.8462     -0.067     -0.096    27.6352   996.3568 0.0000e+00
     -0.139     -0.170     8.8295    111.979     36.229  38.103783     7.6882      7.243   220.1192 3.9004e+02     2.0765     -0.141     -0.203    27.6281   996.3584 0.0000e+00
     -0.195     -0.172     8.8285    111.967     36.230  38.105448     7.6191      7.246   220.3210 3.8670e+02     5.1063     -0.200     -0.291    27.6187   996.3608 0.0000e+00
     -0.230     -0.158     8.8210    111.878     36.235  38.113090     6.9743      7.250   220.4710 3.8320e+02    38.7073     -0.228     -0.330    27.6010   996.3656 0.0000e+00
     -0.259     -0.126     8.8109    111.762     36.249  38.132708     5.8132      7.249   220.4702 3.8182e+02   100.2849     -0.250     -0.362    27.5836   996.3704 0.0000e+00
     -0.294     -0.083     8.8005    111.647     36.262  38.152219     5.1984      7.244   220.5697 3.7968e+02   133.6160     -0.289     -0.419    27.5791   996.3715 0.0000e+00
     -0.327     -0.040     8.7855    111.478     36.261  38.158575     5.2024      7.239   220.7270 3.7665e+02   133.6199     -0.331     -0.479    27.5809   996.3708 0.0000e+00
     -0.338     -0.002     8.7700    111.300     36.243  38.146098     5.6961      7.233   220.8238 3.7640e+02   100.3310     -0.344     -0.498    27.5838   996.3698 0.0000e+00
     -0.322      0.030     8.7625    111.219     36.221  38.128315     6.5998      7.228   221.2238 3.8070e+02    38.7887     -0.320     -0.464    27.5898   996.3683 0.0000e+00
     -0.291      0.056     8.7594    111.189     36.223  38.133995     7.0947      7.231   221.7777 3.8673e+02     5.1768     -0.285     -0.413    27.5983   996.3661 0.0000e+00
     -0.260      0.071     8.7541    111.131     36.236  38.151306     7.1462      7.237   221.8425 3.9009e+02     2.1224     -0.252     -0.365    27.6100   996.3629 0.0000e+00
     -0.240      0.072     8.7515    111.105     36.229  38.147199     7.1525      7.242   221.8349 3.9160e+02     1.8574     -0.231     -0.336    27.6211   996.3599 0.0000e+00
     -0.229      0.062     8.7558    111.165     36.228  38.147821     7.2051      7.238   221.8580 3.9269e+02     1.8422     -0.225     -0.327    27.6266   996.3584 0.0000e+00
     -0.220      0.051     8.7638    111.270     36.237  38.158833     7.3234      7.230   221.4330 3.9406e+02     1.8403     -0.216     -0.314    27.6311   996.3572 0.0000e+00
     -0.208      0.043     8.7751    111.415     36.231  38.153392     7.3950      7.225   221.5152 3.9562e+02     1.8347     -0.204     -0.296    27.6363   996.3558 0.0000e+00
     -0.197      0.040     8.7899    111.605     36.224  38.145515     7.4115      7.222   222.4211 3.9668e+02     1.8399     -0.191     -0.277    27.6401   996.3548 0.0000e+00
     -0.187      0.042     8.8033    111.779     36.205  38.127063     7.4530      7.219   222.7498 3.9707e+02     1.8374     -0.182     -0.265    27.6425   996.3542 0.0000e+00
     -0.180      0.044     8.8118    111.889     36.198  38.120725     7.5151      7.219   222.2204 3.9712e+02     1.8380     -0.178     -0.258    27.6445   996.3536 0.0000e+00
     -0.170      0.047     8.8163    111.949     36.208  38.132362     7.5480      7.219   221.6985 3.9871e+02     1.8470     -0.170     -0.244    27.6454   996.3534 0.0000e+00
     -0.156      0.051     8.8177    111.970     36.215  38.140807     7.5648      7.220   222.1175 4.0172e+02     1.8475     -0.154     -0.223    27.6456   996.3534 0.0000e+00
     -0.140      0.055     8.8146    111.935     36.231  38.159364     7.6316      7.224   223.2431 4.0433e+02     1.8442     -0.136     -0.198    27.6471   996.3531 0.0000e+00
     -0.125      0.056     8.8052    111.820     36.236  38.166297     7.7224      7.229   223.9506 4.0593e+02     1.8393     -0.122     -0.177    27.6488   996.3527 0.0000e+00
     -0.109      0.056     8.7912    111.648     36.229  38.161161     7.7515      7.233   224.1328 4.0737e+02     1.8217     -0.107     -0.156    27.6500   996.3524 0.0000e+00
     -0.094      0.054     8.7783    111.489     36.227  38.160745     7.7502      7.231   223.9837 4.0892e+02     1.7950     -0.092     -0.132    27.6523   996.3518 0.0000e+00
     -0.080      0.050     8.7698    111.386     36.226  38.161273     7.7755      7.226   223.6111 4.0996e+02     1.7788     -0.078     -0.113    27.6539   996.3514 0.0000e+00
     -0.068      0.047     8.7591    111.252     36.231  38.167543     7.8063      7.223   223.2411 4.1013e+02     1.7898     -0.067     -0.097    27.6560   996.3509 0.0000e+00
     -0.058      0.045     8.7401    111.012     36.236  38.173085     7.8186      7.224   223.0371 4.0992e+02     1.7973     -0.056     -0.081    27.6591   996.3500 0.0000e+00
     -0.048      0.044     8.7179    110.731     36.228  38.164802     7.8115      7.227   223.0371 4.0906e+02     1.8036     -0.046     -0.067    27.6619   996.3493 0.0000e+00
