Data/DataAlreadyUploadedToEDI/CollatedDataForEDI/CTDData/CTD_2019 (not collated)/072219_fcr45.cnv
* Sea-Bird SBE19plus  Data File:
* FileName = C:\DATA\072219_fcr50_0005.hex
* Software version 2.8.0.119
* Temperature SN = 7809
* Conductivity SN = 7809
* System UpLoad Time = Jul 23 2019 10:44:24
* <ApplicationData>
* <Seaterm232>
# nquan = 18
# nvalues = 402                         
# units = specified
# name 0 = depFM: Depth [fresh water, m]
# name 1 = tv290C: Temperature [ITS-90, deg C]
# name 2 = sbeox0Mg/L: Oxygen, SBE 43 [mg/l]
# name 3 = sbeox0PS: Oxygen, SBE 43 [% saturation]
# name 4 = c0uS/cm: Conductivity [uS/cm]
# name 5 = specc: Specific Conductance [uS/cm]
# name 6 = ph: pH
# name 7 = orp: Oxidation Reduction Potential [mV]
# name 8 = flECO-AFL: Fluorescence, WET Labs ECO-AFL/FL [mg/m^3]
# name 9 = turbWETntu0: Turbidity, WET Labs ECO [NTU]
# name 10 = sal00: Salinity, Practical [PSU]
# name 11 = dz/dtM: Descent Rate [m/s]
# name 12 = prdM: Pressure, Strain Gauge [db]
# name 13 = prdE: Pressure, Strain Gauge [psi]
# name 14 = scan: Scan Count
# name 15 = par/sat/log: PAR/Logarithmic, Satlantic
# name 16 = density00: Density [density, kg/m^3]
# name 17 = flag:  0.000e+00
# span 0 =     -0.437,      7.223       
# span 1 =    11.1103,    28.0331       
# span 2 =    -0.1291,    13.9882       
# span 3 =     -1.212,    162.092       
# span 4 =  29.987572,  49.021005       
# span 5 =     34.259,     68.933       
# span 6 =      7.733,      8.785       
# span 7 =   142.9749,   290.5425       
# span 8 =    -0.1331,    25.5669       
# span 9 =    -0.0951,    14.2093       
# span 10 =     0.0215,     0.0337      
# span 11 =     -0.004,      0.217      
# span 12 =     -0.414,      7.082      
# span 13 =     -0.600,     10.272      
# span 14 =          1,        402      
# span 15 = 1.2316e-01, 6.4546e+02      
# span 16 =   996.2455,   999.6537      
# span 17 = 0.0000e+00, 0.0000e+00      
# interval = seconds: 0.25
# start_time = Jul 22 2019 15:52:58 [Instrument's time stamp, header]
# bad_flag = -9.990e-29
*END*
[from data line 322]
      5.518    11.2064     5.2464     47.792  30.208630     41.701      7.989   277.1788     0.9122     9.2489     0.0218      0.107      5.411      7.848        323 2.5735e-01   999.6282 0.0000e+00
      5.544    11.2042     5.2321     47.664  30.220702     41.743      7.985   277.5953     0.8931     9.1912     0.0218      0.106      5.435      7.884        324 2.5062e-01   999.6286 0.0000e+00
      5.566    11.2037     5.2270     47.627  30.161458     41.631      7.980   277.9739     0.9007     9.1768     0.0217      0.105      5.454      7.911        325 2.2076e-01   999.6290 0.0000e+00
      5.576    11.2063     5.2198     47.563  30.193480     41.710      7.977   278.0874     0.8816     9.1768     0.0218      0.099      5.466      7.928        326 2.3495e-01   999.6292 0.0000e+00
      5.579    11.2081     5.2173     47.529  30.210479     41.711      7.978   278.2389     0.8549     9.2056     0.0218      0.086      5.474      7.940        327 2.6984e-01   999.6293 0.0000e+00
      5.590    11.2063     5.2128     47.483  30.199556     41.708      7.975   278.9960     0.8473     9.2489     0.0218      0.074      5.489      7.962        328 2.4122e-01   999.6291 0.0000e+00
      5.624    11.2019     5.2004     47.372  30.207074     41.706      7.971   279.6396     0.8473     9.1335     0.0218      0.071      5.517      8.004        329 2.1399e-01   999.6291 0.0000e+00
      5.664    11.1967     5.1973     47.345  30.201124     41.708      7.970   280.2453     0.8435     9.1768     0.0218      0.073      5.557      8.060        330 1.7705e-01   999.6295 0.0000e+00
      5.713    11.1926     5.1842     47.218  30.177334     41.674      7.965   280.6996     0.8244     9.1912     0.0218      0.083      5.601      8.123        331 1.3854e-01   999.6301 0.0000e+00
      5.755    11.1908     5.1726     47.107  30.147802     41.642      7.961   281.2296     0.8359     8.9172     0.0217      0.098      5.640      8.180        332 1.3222e-01   999.6308 0.0000e+00
      5.784    11.1902     5.1570     46.963  30.148999     41.646      7.960   281.6839     0.8473     9.0759     0.0217      0.115      5.672      8.226        333 1.2316e-01   999.6314 0.0000e+00
      5.813    11.1931     5.1501     46.896  30.205473     41.726      7.952   281.4946     0.8282     9.0182     0.0218      0.130      5.699      8.266        334 1.2360e-01   999.6317 0.0000e+00
      5.837    11.2010     5.1389     46.789  30.196028     41.726      7.955   281.2674     0.8092     8.8884     0.0218      0.138      5.723      8.301        335 1.2356e-01   999.6319 0.0000e+00
      5.858    11.2017     5.1231     46.642  30.160755     41.646      7.951   281.1917     0.8321     9.0326     0.0217      0.136      5.746      8.334        336 1.2369e-01   999.6317 0.0000e+00
      5.883    11.1923     5.1116     46.532  30.219744     41.752      7.949   281.1917     0.8397     9.0038     0.0218      0.126      5.769      8.367        337 1.2342e-01   999.6310 0.0000e+00
      5.907    11.1870     5.0844     46.280  30.211495     41.712      7.949   281.3431     0.8397     9.0470     0.0218      0.114      5.790      8.397        338 1.2375e-01   999.6310 0.0000e+00
      5.919    11.1894     5.0713     46.154  30.200647     41.724      7.945   281.7974     0.8168     8.8740     0.0218      0.099      5.805      8.419        339 1.2360e-01   999.6321 0.0000e+00
      5.933    11.1902     5.0496     45.950  30.203619     41.730      7.943   281.9867     0.7710     8.8884     0.0218      0.088      5.823      8.445        340 1.2351e-01   999.6327 0.0000e+00
      5.963    11.1839     5.0252     45.721  30.207796     41.727      7.940   281.5703     0.7748     8.9461     0.0218      0.084      5.848      8.482        341 1.2345e-01   999.6326 0.0000e+00
      5.994    11.1787     5.0058     45.540  30.254702     41.803      7.936   282.1760     0.7748     8.9749     0.0218      0.084      5.876      8.523        342 1.2366e-01   999.6326 0.0000e+00
      6.018    11.1764     4.9628     45.147  30.293382     41.850      7.931   282.3653     0.7977     9.0470     0.0218      0.086      5.902      8.560        343 1.2359e-01   999.6334 0.0000e+00
      6.045    11.1723     4.9246     44.795  30.337424     41.932      7.933   282.5924     0.7634     8.9749     0.0219      0.090      5.926      8.595        344 1.2343e-01   999.6341 0.0000e+00
      6.066    11.1685     4.8802     44.388  30.348028     41.935      7.927   282.7439     0.8092     9.0182     0.0219      0.092      5.948      8.627        345 1.2367e-01   999.6345 0.0000e+00
      6.085    11.1649     4.8391     44.016  30.339438     41.940      7.926   283.4632     0.7825     8.9461     0.0219      0.094      5.971      8.659        346 1.2368e-01   999.6350 0.0000e+00
      6.116    11.1606     4.7895     43.566  30.348116     41.944      7.926   283.0089     0.7596     8.9461     0.0219      0.098      5.998      8.699        347 1.2355e-01   999.6355 0.0000e+00
      6.147    11.1560     4.7449     43.160  30.396486     42.026      7.920   282.9332     0.7672     8.9461     0.0219      0.101      6.028      8.743        348 1.2349e-01   999.6361 0.0000e+00
      6.178    11.1497     4.6925     42.686  30.457005     42.108      7.919   283.4253     0.7977     8.9749     0.0219      0.102      6.058      8.785        349 1.2359e-01   999.6367 0.0000e+00
      6.204    11.1434     4.6553     42.351  30.509817     42.190      7.918   283.8417     0.7825     8.8884     0.0220      0.103      6.083      8.822        350 1.2351e-01   999.6373 0.0000e+00
      6.225    11.1371     4.6253     42.083  30.567781     42.275      7.913   284.1446     0.7977     8.9749     0.0220      0.104      6.108      8.859        351 1.2358e-01   999.6381 0.0000e+00
      6.258    11.1330     4.6075     41.926  30.562634     42.282      7.911   284.2203     0.7786     8.9461     0.0220      0.107      6.138      8.903        352 1.2361e-01   999.6389 0.0000e+00
      6.295    11.1313     4.5886     41.754  30.575478     42.290      7.911   284.2960     0.7748     8.9317     0.0220      0.112      6.171      8.951        353 1.2347e-01   999.6397 0.0000e+00
      6.327    11.1271     4.5783     41.662  30.611055     42.372      7.905   284.0689     0.7863     9.0182     0.0220      0.116      6.201      8.995        354 1.2355e-01   999.6403 0.0000e+00
      6.351    11.1242     4.5782     41.670  30.636871     42.374      7.903   284.3339     0.7748     9.0470     0.0220      0.115      6.224      9.028        355 1.2349e-01   999.6407 0.0000e+00
      6.363    11.1257     4.5866     41.755  30.661861     42.456      7.899   284.1446     0.7634     8.9028     0.0221      0.111      6.241      9.052        356 1.2353e-01   999.6412 0.0000e+00
      6.378    11.1266     4.6001     41.886  30.639212     42.382      7.897   284.3717     0.7825     9.2056     0.0220      0.104      6.261      9.080        357 1.2347e-01   999.6415 0.0000e+00
      6.414    11.1264     4.6093     41.986  30.665058     42.458      7.896   285.0532     0.7748     9.1479     0.0221      0.102      6.288      9.120        358 1.2353e-01   999.6415 0.0000e+00
      6.443    11.1286     4.6229     42.111  30.688950     42.456      7.892   284.4853     0.7748     9.2056     0.0221      0.101      6.312      9.155        359 1.2370e-01   999.6415 0.0000e+00
      6.452    11.1324     4.6385     42.235  30.668734     42.457      7.889   285.0910     0.7825     9.1912     0.0221      0.093      6.326      9.174        360 1.2358e-01   999.6416 0.0000e+00
      6.457    11.1379     4.6489     42.319  30.690217     42.454      7.882   285.1667     0.8435     9.4363     0.0221      0.082      6.332      9.184        361 1.2350e-01   999.6414 0.0000e+00
      6.463    11.1422     4.6612     42.420  30.721470     42.527      7.880   285.0532     0.8092     9.3787     0.0221      0.072      6.338      9.193        362 1.2353e-01   999.6411 0.0000e+00
      6.471    11.1424     4.6525     42.333  30.689094     42.443      7.879   285.6210     0.8321     9.3642     0.0221      0.064      6.346      9.204        363 1.2355e-01   999.6405 0.0000e+00
      6.480    11.1444     4.6577     42.376  30.671251     42.438      7.877   285.8103     0.8397     9.4508     0.0221      0.056      6.355      9.217        364 1.2346e-01   999.6401 0.0000e+00
      6.489    11.1535     4.6392     42.204  30.684419     42.438      7.874   286.3782     0.7672     9.8689     0.0221      0.046      6.364      9.229        365 1.2359e-01   999.6401 0.0000e+00
      6.497    11.1625     4.6258     42.079  30.672706     42.436      7.872   286.1132     0.7634     9.8113     0.0221      0.035      6.371      9.241        366 1.2357e-01   999.6400 0.0000e+00
      6.505    11.1716     4.6070     41.902  30.685826     42.425      7.872   286.7567     0.7748     9.9122     0.0221      0.030      6.380      9.255        367 1.2344e-01   999.6391 0.0000e+00
      6.517    11.1871     4.5759     41.615  30.727343     42.491      7.868   287.4760     0.7748     9.8978     0.0221      0.032      6.393      9.273        368 1.2355e-01   999.6382 0.0000e+00
      6.536    11.1873     4.5334     41.234  30.739545     42.482      7.865   287.8167     0.6909    10.1718     0.0221      0.037      6.412      9.300        369 1.2355e-01   999.6373 0.0000e+00
      6.560    11.1706     4.4820     40.773  30.729891     42.462      7.864   288.6875     0.6833    10.0708     0.0221      0.044      6.437      9.337        370 1.2346e-01   999.6358 0.0000e+00
      6.597    11.1587     4.4181     40.192  30.739353     42.462      7.858   289.1796     0.6757     9.9843     0.0221      0.056      6.472      9.386        371 1.2348e-01   999.6360 0.0000e+00
      6.641    11.1479     4.3494     39.568  30.816652     42.599      7.858   289.4825     0.6718    10.0708     0.0221      0.073      6.510      9.441        372 1.2359e-01   999.6380 0.0000e+00
      6.675    11.1394     4.2878     39.007  30.929973     42.766      7.853   289.7475     0.6604    10.2150     0.0222      0.092      6.542      9.487        373 1.2349e-01   999.6394 0.0000e+00
      6.695    11.1355     4.2169     38.363  31.042747     42.934      7.849   289.9367     0.7252    10.1862     0.0223      0.105      6.566      9.522        374 1.2345e-01   999.6407 0.0000e+00
      6.717    11.1323     4.1380     37.655  31.150356     43.098      7.848   289.4825     0.7176    10.2439     0.0223      0.114      6.584      9.548        375 1.2351e-01   999.6417 0.0000e+00
      6.725    11.1284     4.0738     37.076  31.299736     43.296      7.845   288.9146     0.7252    10.3160     0.0224      0.113      6.594      9.564        376 1.2365e-01   999.6423 0.0000e+00
      6.730    11.1216     4.0149     36.538  31.449412     43.532      7.842   288.9525     0.7138    10.4601     0.0225      0.103      6.601      9.574        377 1.2364e-01   999.6427 0.0000e+00
      6.736    11.1179     3.9650     36.076  31.527026     43.614      7.837   289.1417     0.8321    10.5467     0.0226      0.086      6.611      9.589        378 1.2352e-01   999.6431 0.0000e+00
      6.758    11.1236     3.9162     35.620  31.440176     43.545      7.835   290.5425     0.8092    10.5755     0.0225      0.070      6.635      9.623        379 1.2368e-01   999.6439 0.0000e+00
      6.804    11.1306     3.8611     35.109  31.438984     43.472      7.829   289.8989     0.8206    10.5034     0.0225      0.065      6.676      9.683        380 1.2366e-01   999.6445 0.0000e+00
      6.861    11.1316     3.7738     34.317  31.617398     43.813      7.827   288.9525     0.8397    10.4169     0.0226      0.076      6.730      9.761        381 1.2344e-01   999.6443 0.0000e+00
      6.926    11.1320     3.6480     33.183  31.662571     43.765      7.823   289.5203     0.7901    12.1473     0.0226      0.100      6.782      9.836        382 1.2345e-01   999.6438 0.0000e+00
      6.954    11.1311     3.4497     31.383  31.649421     43.842      7.821   289.7853     0.7786    12.0752     0.0227      0.123      6.823      9.897        383 1.2359e-01   999.6439 0.0000e+00
      6.999    11.1327     3.1733     28.868  31.811534     43.957      7.818   289.7475     0.7710    12.1328     0.0227      0.147      6.865      9.957        384 1.2354e-01   999.6441 0.0000e+00
      7.051    11.1431     2.8430     25.862  31.934889     44.267      7.815   289.8989     0.7748    12.2626     0.0228      0.169      6.905     10.016        385 1.2346e-01   999.6445 0.0000e+00
      7.071    11.1497     2.5324     23.037  32.058861     44.266      7.815   289.2175     0.8549    14.1372     0.0228      0.177      6.933     10.056        386 1.2348e-01   999.6444 0.0000e+00
      7.088    11.1466     2.2638     20.594  32.338727     44.832      7.811   289.7475     0.8473    14.1949     0.0231      0.169      6.955     10.087        387 1.2356e-01   999.6436 0.0000e+00
      7.117    11.1366     2.0499     18.648  34.105186     46.948      7.806   289.4067     0.8588    14.2093     0.0240      0.152      6.985     10.130        388 1.2364e-01   999.6440 0.0000e+00
      7.163    11.1216     1.8847     17.146  38.039300     52.785      7.798   286.4539     0.8321    14.1516     0.0266      0.139      7.020     10.181        389 1.2363e-01   999.6464 0.0000e+00
      7.191    11.1103     1.8016     16.390  41.934948     57.901      7.792   285.1289     0.7901    11.7002     0.0288      0.128      7.049     10.223        390 1.2365e-01   999.6494 0.0000e+00
      7.210    11.1125 -9.990e-29 -9.990e-29  43.513850     60.477      7.787   284.2960     0.7672    11.7435     0.0299      0.122      7.067     10.250        391 1.2351e-01   999.6517 0.0000e+00
      7.220    11.1240 -9.990e-29 -9.990e-29  41.884294     57.866      7.781   284.2582     0.7786    11.7147     0.0288      0.110      7.077     10.265        392 1.2338e-01   999.6522 0.0000e+00
      7.220    11.1295 -9.990e-29 -9.990e-29  42.954954     59.255      7.775   281.9867     0.7977    11.6714     0.0294      0.094      7.081     10.270        393 1.2353e-01   999.6525 0.0000e+00
      7.220    11.1289 -9.990e-29 -9.990e-29  45.205385     63.025      7.768   280.1696     0.7748    11.7723     0.0311      0.081      7.081     10.270        394 1.2361e-01   999.6523 0.0000e+00
      7.220    11.1281 -9.990e-29 -9.990e-29  47.740729     65.335      7.767   278.5039     0.8435    12.4212     0.0321      0.064      7.081     10.270        395 1.2354e-01   999.6530 0.0000e+00
      7.220    11.1287 -9.990e-29 -9.990e-29  49.021005     68.933      7.759   277.1031     0.8473    12.3636     0.0337      0.043      7.081     10.270        396 1.2361e-01   999.6537 0.0000e+00
      7.220    11.1295 -9.990e-29 -9.990e-29  44.531714     60.621      7.752   275.7403     0.8168    12.3347     0.0300      0.022      7.080     10.269        397 1.2363e-01   999.6517 0.0000e+00
      7.220    11.1307 -9.990e-29 -9.990e-29  42.534968     59.576      7.748   272.9388     0.8359    12.4212     0.0295      0.009      7.080     10.269        398 1.2360e-01   999.6507 0.0000e+00
      7.220    11.1310 -9.990e-29 -9.990e-29  41.247481     56.597      7.742   271.8031     0.8130    13.2576     0.0282      0.002      7.080     10.269        399 1.2357e-01   999.6498 0.0000e+00
      7.220    11.1299 -9.990e-29 -9.990e-29  40.709077     56.519      7.740   270.6295     0.8397    13.2864     0.0282     -0.000      7.080     10.270        400 1.2356e-01   999.6495 0.0000e+00
      7.221 -9.990e-29 -9.990e-29 -9.990e-29  41.752424     57.754      7.737   269.6074     0.8359    13.2576     0.0287      0.000      7.081     10.271        401 1.2358e-01   999.6500 0.0000e+00
      7.223 -9.990e-29 -9.990e-29 -9.990e-29  41.223694     57.024      7.733   269.0017     0.8244    13.3297     0.0284      0.001      7.082     10.272        402 1.2356e-01   999.6498 0.0000e+00
