Data/DataAlreadyUploadedToEDI/CollatedDataForEDI/CTDData/CTD_2019 (not collated)/072219_fcr45.cnv
* Sea-Bird SBE19plus  Data File:
* FileName = C:\DATA\072219_fcr50_0005.hex
* Software version 2.8.0.119
* Temperature SN = 7809
* Conductivity SN = 7809
* System UpLoad Time = Jul 23 2019 10:44:24
* <ApplicationData>
* <Seaterm232>
# nquan = 18
# nvalues = 402                         
# units = specified
# name 0 = depFM: Depth [fresh water, m]
# name 1 = tv290C: Temperature [ITS-90, deg C]
# name 2 = sbeox0Mg/L: Oxygen, SBE 43 [mg/l]
# name 3 = sbeox0PS: Oxygen, SBE 43 [% saturation]
# name 4 = c0uS/cm: Conductivity [uS/cm]
# name 5 = specc: Specific Conductance [uS/cm]
# name 6 = ph: pH
# name 7 = orp: Oxidation Reduction Potential [mV]
# name 8 = flECO-AFL: Fluorescence, WET Labs ECO-AFL/FL [mg/m^3]
# name 9 = turbWETntu0: Turbidity, WET Labs ECO [NTU]
# name 10 = sal00: Salinity, Practical [PSU]
# name 11 = dz/dtM: Descent Rate [m/s]
# name 12 = prdM: Pressure, Strain Gauge [db]
# name 13 = prdE: Pressure, Strain Gauge [psi]
# name 14 = scan: Scan Count
# name 15 = par/sat/log: PAR/Logarithmic, Satlantic
# name 16 = density00: Density [density, kg/m^3]
# name 17 = flag:  0.000e+00
# span 0 =     -0.437,      7.223       
# span 1 =    11.1103,    28.0331       
# span 2 =    -0.1291,    13.9882       
# span 3 =     -1.212,    162.092       
# span 4 =  29.987572,  49.021005       
# span 5 =     34.259,     68.933       
# span 6 =      7.733,      8.785       
# span 7 =   142.9749,   290.5425       
# span 8 =    -0.1331,    25.5669       
# span 9 =    -0.0951,    14.2093       
# span 10 =     0.0215,     0.0337      
# span 11 =     -0.004,      0.217      
# span 12 =     -0.414,      7.082      
# span 13 =     -0.600,     10.272      
# span 14 =          1,        402      
# span 15 = 1.2316e-01, 6.4546e+02      
# span 16 =   996.2455,   999.6537      
# span 17 = 0.0000e+00, 0.0000e+00      
# interval = seconds: 0.25
# start_time = Jul 22 2019 15:52:58 [Instrument's time stamp, header]
# bad_flag = -9.990e-29
*END*
[from data line 161]
      1.722    27.2743     6.6150     83.224  37.735850     36.088      8.443   204.0386    19.5167     2.4572     0.0247      0.077      1.691      2.453        162 3.5309e+01   996.4624 0.0000e+00
      1.752    27.2612     6.6282     83.383  37.748878     36.092      8.432   206.1208    19.4900     2.4860     0.0247      0.082      1.718      2.493        163 3.4250e+01   996.4640 0.0000e+00
      1.783    27.2330     6.6536     83.694  37.790941     36.149      8.422   206.8779    20.1652     2.3851     0.0247      0.086      1.746      2.534        164 3.3267e+01   996.4655 0.0000e+00
      1.809    27.2020     6.7003     84.247  37.742779     36.104      8.412   207.1429    20.1652     2.4860     0.0247      0.090      1.771      2.569        165 3.2513e+01   996.4693 0.0000e+00
      1.827    27.1878     6.7833     85.216  37.690279     36.070      8.405   207.7486    20.1881     2.4572     0.0247      0.094      1.791      2.598        166 3.2062e+01   996.4772 0.0000e+00
      1.842    27.1867     6.8651     86.166  37.619201     36.039      8.400   207.9758    20.2034     2.4139     0.0246      0.094      1.806      2.620        167 3.1674e+01   996.4859 0.0000e+00
      1.854    27.1790     6.9313     86.920  37.534889     35.941      8.397   208.9601    22.5876     2.6302     0.0246      0.090      1.820      2.641        168 3.1134e+01   996.4898 0.0000e+00
      1.874    27.1617     6.9712     87.348  37.617397     36.049      8.395   209.1115    22.5609     2.5149     0.0246      0.086      1.840      2.668        169 3.0281e+01   996.4902 0.0000e+00
      1.901    27.1468     6.9856     87.438  37.635068     36.054      8.392   209.3765    22.5800     2.5149     0.0246      0.082      1.862      2.700        170 2.9574e+01   996.4924 0.0000e+00
      1.919    27.1380     7.1103     88.103  37.631446     36.066      8.390   210.6258    22.6105     2.6302     0.0246      0.077      1.884      2.732        171 2.8976e+01   996.4973 0.0000e+00
      1.944    27.1315     7.4529     90.599  37.681184     36.130      8.386   211.1937    22.4617     2.8321     0.0247      0.075      1.906      2.764        172 2.8138e+01   996.5016 0.0000e+00
      1.967    27.1268     8.0067     96.037  37.573178     36.029      8.383   211.2694    22.4617     2.8898     0.0246      0.077      1.926      2.793        173 2.7693e+01   996.5040 0.0000e+00
      1.979    27.1210     8.7895    104.553  37.528777     35.980      8.382   210.8151    22.4045     2.8465     0.0246      0.079      1.943      2.817        174 2.7348e+01   996.5058 0.0000e+00
      1.997    27.0984     9.7485    115.348  37.617901     36.090      8.380   210.9665    22.4350     2.8465     0.0246      0.080      1.963      2.847        175 2.6453e+01   996.5073 0.0000e+00
      2.030    27.0491    10.7906    127.187  37.640082     36.094      8.376   211.1558    23.0416     3.1061     0.0246      0.084      1.991      2.887        176 2.5470e+01   996.5091 0.0000e+00
      2.063    27.0009    11.8241    138.832  37.560449     36.056      8.372   211.8751    23.0339     3.1061     0.0246      0.087      2.021      2.930        177 2.4718e+01   996.5154 0.0000e+00
      2.087    26.9483    12.6447    147.997  37.539200     36.037      8.368   212.3672    23.0530     3.1061     0.0246      0.090      2.047      2.969        178 2.3963e+01   996.5291 0.0000e+00
      2.114    26.9082    13.2511    154.740  37.488733     36.071      8.363   213.2001    23.0416     2.9186     0.0246      0.095      2.072      3.005        179 2.3185e+01   996.5424 0.0000e+00
      2.138    26.8397    13.6379    159.043  37.564007     36.105      8.360   213.4272    23.7702     3.5819     0.0246      0.098      2.096      3.040        180 2.2701e+01   996.5571 0.0000e+00
      2.159    26.2678    13.8707    161.366  37.445548     36.137      8.356   213.5787    25.5631     3.5098     0.0246      0.100      2.120      3.075        181 2.1920e+01   996.5681 0.0000e+00
      2.191    25.2554    13.9882    162.092  36.184075     34.858      8.355   214.0330    25.5288     3.5098     0.0241      0.104      2.147      3.115        182 2.1010e+01   996.5869 0.0000e+00
      2.219    24.5077    13.9792    161.732  35.162974     34.259      8.352   214.2980    25.5669     3.5387     0.0237      0.105      2.174      3.154        183 2.0407e+01   996.7413 0.0000e+00
      2.242    24.0704    13.8998    160.659  35.071607     34.919      8.355   214.6765    25.5669     3.5242     0.0237      0.102      2.197      3.187        184 1.9855e+01   997.0083 0.0000e+00
      2.261    23.7803    13.8491    159.674  35.023973     35.347      8.353   214.7522    23.8045     2.8898     0.0237      0.099      2.217      3.216        185 1.9536e+01   997.1995 0.0000e+00
      2.279    23.5758    13.8076    158.720  34.985551     35.669      8.353   216.1908    23.7969     2.8465     0.0237      0.096      2.238      3.246        186 1.8857e+01   997.3085 0.0000e+00
      2.308    23.3720    13.7403    157.454  34.852959     35.704      8.347   216.8722    23.8274     2.8465     0.0236      0.095      2.263      3.283        187 1.8116e+01   997.3802 0.0000e+00
      2.335    23.2034    13.6516    155.959  34.774276     35.797      8.348   217.1372    23.8045     2.7311     0.0236      0.095      2.288      3.319        188 1.7749e+01   997.4301 0.0000e+00
      2.354    23.0836    13.5292    154.281  34.787258     35.949      8.347   217.0615    19.9058     2.3851     0.0236      0.094      2.309      3.350        189 1.7221e+01   997.4795 0.0000e+00
      2.376    23.0115    13.3959    152.807  34.777634     36.075      8.347   217.4780    19.9096     2.3130     0.0236      0.090      2.331      3.381        190 1.6595e+01   997.5200 0.0000e+00
      2.403    22.8789    13.3263    151.733  34.786333     36.165      8.344   218.8408    19.9440     2.5437     0.0236      0.090      2.355      3.415        191 1.6062e+01   997.5487 0.0000e+00
      2.424    22.6823    13.2708    150.500  34.835754     36.277      8.344   219.2573    19.9249     2.4716     0.0236      0.091      2.375      3.445        192 1.5713e+01   997.5660 0.0000e+00
      2.440    22.5929    13.2046    149.021  34.834706     36.373      8.342   219.9765    14.9428     1.8804     0.0236      0.090      2.392      3.469        193 1.5445e+01   997.5973 0.0000e+00
      2.454    22.5409    13.1218    147.501  34.846965     36.531      8.342   220.3930    14.9276     2.0390     0.0236      0.087      2.407      3.491        194 1.5153e+01   997.6436 0.0000e+00
      2.469    22.4132    13.0204    145.881  34.820573     36.595      8.341   220.4308    14.9161     2.0102     0.0237      0.080      2.421      3.511        195 1.4889e+01   997.6646 0.0000e+00
      2.482    22.2549    12.8973    144.247  34.749073     36.516      8.339   220.8094    14.9161     1.9669     0.0236      0.073      2.435      3.532        196 1.4603e+01   997.6766 0.0000e+00
      2.499    22.0952    12.7819    142.734  34.698925     36.617      8.342   221.3773    15.9232     2.2265     0.0236      0.069      2.452      3.556        197 1.4211e+01   997.7063 0.0000e+00
      2.521    21.9329    12.6829    141.148  34.557085     36.532      8.339   221.6044    15.9118     2.1688     0.0235      0.066      2.471      3.583        198 1.3821e+01   997.7429 0.0000e+00
      2.538    21.8477    12.5848    139.642  34.451551     36.598      8.339   221.6044    15.9347     2.1544     0.0235      0.064      2.487      3.607        199 1.3713e+01   997.7794 0.0000e+00
      2.547    21.8496    12.4964    138.468  34.504384     36.722      8.337   221.6801    15.9461     2.3130     0.0235      0.062      2.501      3.627        200 1.3519e+01   997.8163 0.0000e+00
      2.565    21.7628    12.4132    137.559  34.521037     36.885      8.334   222.5887    15.2289     2.1688     0.0236      0.063      2.521      3.657        201 1.3007e+01   997.8357 0.0000e+00
      2.602    21.5520    12.3726    136.812  34.282710     36.545      8.332   223.0808    15.2061     2.1399     0.0234      0.068      2.550      3.699        202 1.2508e+01   997.8353 0.0000e+00
      2.633    21.3081    12.3453    135.848  34.030573     36.411      8.326   223.7244    15.2213     2.1976     0.0233      0.077      2.578      3.739        203 1.2265e+01   997.8549 0.0000e+00
      2.652    21.0991    12.3030    134.666  33.916285     36.392      8.322   224.8980    15.1870     2.2697     0.0233      0.083      2.598      3.769        204 1.2214e+01   997.9021 0.0000e+00
      2.666    20.9355    12.2434    133.354  33.802773     36.529      8.322   225.6551    15.2099     2.1688     0.0232      0.085      2.615      3.793        205 1.2039e+01   997.9561 0.0000e+00
      2.683    20.8446    12.1445    131.674  33.697848     36.509      8.322   225.6551    11.4142     1.7650     0.0232      0.086      2.633      3.820        206 1.1822e+01   998.0020 0.0000e+00
      2.707    20.7590    12.0192    129.835  33.661758     36.672      8.324   226.4501    11.3646     1.7073     0.0232      0.088      2.655      3.851        207 1.1609e+01   998.0376 0.0000e+00
      2.731    20.5941    11.8913    128.030  33.551453     36.561      8.319   226.3744    11.4218     1.8371     0.0231      0.089      2.676      3.881        208 1.1428e+01   998.0573 0.0000e+00
      2.748    20.4392    11.7643    126.241  33.390710     36.503      8.317   226.2987    11.4142     1.8371     0.0231      0.085      2.694      3.907        209 1.1266e+01   998.0756 0.0000e+00
      2.764    20.3747    11.6360    124.494  33.328499     36.519      8.319   226.2987     9.4191     1.7650     0.0230      0.078      2.709      3.929        210 1.1154e+01   998.1109 0.0000e+00
      2.775    20.3700    11.5343    123.032  33.332637     36.701      8.315   226.6016     9.4038     1.8083     0.0231      0.073      2.723      3.948        211 1.1109e+01   998.1438 0.0000e+00
      2.788    20.2631    11.4627    121.801  33.385623     36.758      8.313   227.0180     9.4076     1.6785     0.0231      0.070      2.738      3.970        212 1.0901e+01   998.1574 0.0000e+00
      2.812    20.0196    11.3827    120.458  33.114441     36.539      8.310   227.8887     9.4191     1.6497     0.0230      0.070      2.760      4.003        213 1.0654e+01   998.1584 0.0000e+00
      2.842    19.7542    11.3245    119.395  32.633093     35.980      8.311   228.1916     8.6332     1.9669     0.0227      0.072      2.787      4.042        214 1.0448e+01   998.1808 0.0000e+00
      2.870    19.5060    11.2680    118.429  32.414332     36.052      8.309   228.2294     8.6523     2.0823     0.0227      0.074      2.815      4.084        215 1.0226e+01   998.2315 0.0000e+00
      2.902    19.2802    11.2032    117.409  32.142352     35.861      8.306   229.2894     8.6218     1.9236     0.0225      0.082      2.844      4.125        216 1.0029e+01   998.2860 0.0000e+00
      2.928    19.0950    11.1421    116.471  31.964303     35.935      8.304   229.4787     8.6218     1.9525     0.0224      0.090      2.870      4.163        217 9.8840e+00   998.3363 0.0000e+00
      2.949    18.9312    11.0884    115.650  31.776793     35.867      8.303   230.0087     7.9809     2.0102     0.0223      0.097      2.895      4.198        218 9.6948e+00   998.3816 0.0000e+00
      2.981    18.7674    10.9928    114.388  31.546211     35.764      8.300   230.9173     8.0076     1.9813     0.0222      0.105      2.922      4.238        219 9.4871e+00   998.4183 0.0000e+00
      3.009    18.6209    10.9164    113.342  31.392129     35.738      8.299   230.9173     8.0114     1.9813     0.0222      0.109      2.951      4.280        220 9.3610e+00   998.4504 0.0000e+00
      3.037    18.4700    10.8467    112.398  31.227927     35.649      8.297   232.0909     7.9885     1.9525     0.0221      0.109      2.982      4.326        221 9.1253e+00   998.4823 0.0000e+00
      3.082    18.2840    10.7589    111.284  31.069194     35.641      8.293   233.1130     7.9618     1.8227     0.0220      0.113      3.021      4.381        222 8.8615e+00   998.5107 0.0000e+00
      3.123    18.0843    10.6612    110.077  30.760175     35.346      8.291   234.0973     7.7673     1.7506     0.0219      0.119      3.058      4.435        223 8.6807e+00   998.5396 0.0000e+00
      3.151    17.9033    10.5314    108.541  30.664501     35.435      8.289   235.4602     7.7482     1.6497     0.0218      0.124      3.088      4.479        224 8.5471e+00   998.5748 0.0000e+00
      3.174    17.7501    10.3638    106.605  30.625424     35.534      8.285   235.9523     7.7597     1.7939     0.0218      0.127      3.112      4.514        225 8.4184e+00   998.6123 0.0000e+00
      3.196    17.6112    10.2026    104.843  30.394117     35.424      8.286   235.8766     7.7406     1.7362     0.0217      0.127      3.133      4.544        226 8.3099e+00   998.6459 0.0000e+00
      3.214    17.4879     9.9628    102.299  30.211777     35.322      8.286   235.9523     7.0921     1.5631     0.0216      0.120      3.151      4.570        227 8.2605e+00   998.6739 0.0000e+00
      3.228    17.3789     9.6618     99.039  30.200632     35.437      8.288   236.3309     7.0768     1.5776     0.0216      0.111      3.167      4.593        228 8.1453e+00   998.6991 0.0000e+00
      3.247    17.2680     9.3025     95.140  30.200662     35.540      8.284   237.2773     7.1264     1.4910     0.0216      0.099      3.185      4.619        229 8.0441e+00   998.7214 0.0000e+00
      3.268    17.1613     8.9353     91.247  30.211791     35.631      8.283   237.6937     7.1035     1.4910     0.0216      0.086      3.204      4.646        230 7.9916e+00   998.7409 0.0000e+00
      3.285    17.0677     8.6237     87.870  30.216455     35.758      8.286   238.6402     6.7259     0.9575     0.0216      0.077      3.221      4.671        231 7.9156e+00   998.7607 0.0000e+00
      3.301    16.9786     8.3374     84.693  30.283783     35.882      8.282   239.0566     6.7297     1.0585     0.0216      0.073      3.237      4.696        232 7.8107e+00   998.7797 0.0000e+00
      3.318    16.8947     8.1237     82.301  30.098422     35.829      8.282   239.7380     6.7411     1.1017     0.0216      0.070      3.255      4.721        233 7.7485e+00   998.7961 0.0000e+00
      3.338    16.8057     7.9571     80.474  30.121288     35.771      8.282   240.6087     6.7259     1.0585     0.0215      0.070      3.274      4.749        234 7.6833e+00   998.8118 0.0000e+00
      3.360    16.7162     7.8346     79.110  30.729390     36.777      8.279   240.8359     6.5160     1.0008     0.0219      0.071      3.293      4.777        235 7.6067e+00   998.8266 0.0000e+00
      3.376    16.6663     7.7137     77.732  30.793378     36.753      8.276   241.4795     6.5160     1.1161     0.0219      0.072      3.311      4.802        236 7.5657e+00   998.8420 0.0000e+00
      3.393    16.6300     7.5676     76.091  30.693470     36.835      8.276   241.9337     6.5160     1.0873     0.0219      0.072      3.328      4.827        237 7.4884e+00   998.8574 0.0000e+00
      3.413    16.5467     7.3550     73.811  30.587117     36.676      8.274   242.4637     6.5160     1.0008     0.0218      0.072      3.347      4.854        238 7.4147e+00   998.8660 0.0000e+00
      3.431    16.4441     7.1253     71.359  30.392478     36.507      8.270   242.6152     6.5046     1.0296     0.0217      0.072      3.367      4.883        239 7.3526e+00   998.8721 0.0000e+00
      3.456    16.3673     6.8508     68.417  30.343186     36.512      8.268   243.0316     6.5008     1.0008     0.0217      0.075      3.390      4.917        240 7.2608e+00   998.8863 0.0000e+00
      3.483    16.2642     6.5421     65.128  30.144846     36.370      8.265   243.5238     6.5199     1.0729     0.0216      0.078      3.416      4.954        241 7.1301e+00   998.9037 0.0000e+00
