Data/DataAlreadyUploadedToEDI/CollatedDataForEDI/CTDData/CTD_2019 (not collated)/072219_fcr45.cnv
* Sea-Bird SBE19plus  Data File:
* FileName = C:\DATA\072219_fcr50_0005.hex
* Software version 2.8.0.119
* Temperature SN = 7809
* Conductivity SN = 7809
* System UpLoad Time = Jul 23 2019 10:44:24
* <ApplicationData>
* <Seaterm232>
# nquan = 18
# nvalues = 402                         
# units = specified
# name 0 = depFM: Depth [fresh water, m]
# name 1 = tv290C: Temperature [ITS-90, deg C]
# name 2 = sbeox0Mg/L: Oxygen, SBE 43 [mg/l]
# name 3 = sbeox0PS: Oxygen, SBE 43 [% saturation]
# name 4 = c0uS/cm: Conductivity [uS/cm]
# name 5 = specc: Specific Conductance [uS/cm]
# name 6 = ph: pH
# name 7 = orp: Oxidation Reduction Potential [mV]
# name 8 = flECO-AFL: Fluorescence, WET Labs ECO-AFL/FL [mg/m^3]
# name 9 = turbWETntu0: Turbidity, WET Labs ECO [NTU]
# name 10 = sal00: Salinity, Practical [PSU]
# name 11 = dz/dtM: Descent Rate [m/s]
# name 12 = prdM: Pressure, Strain Gauge [db]
# name 13 = prdE: Pressure, Strain Gauge [psi]
# name 14 = scan: Scan Count
# name 15 = par/sat/log: PAR/Logarithmic, Satlantic
# name 16 = density00: Density [density, kg/m^3]
# name 17 = flag:  0.000e+00
# span 0 =     -0.437,      7.223       
# span 1 =    11.1103,    28.0331       
# span 2 =    -0.1291,    13.9882       
# span 3 =     -1.212,    162.092       
# span 4 =  29.987572,  49.021005       
# span 5 =     34.259,     68.933       
# span 6 =      7.733,      8.785       
# span 7 =   142.9749,   290.5425       
# span 8 =    -0.1331,    25.5669       
# span 9 =    -0.0951,    14.2093       
# span 10 =     0.0215,     0.0337      
# span 11 =     -0.004,      0.217      
# span 12 =     -0.414,      7.082      
# span 13 =     -0.600,     10.272      
# span 14 =          1,        402      
# span 15 = 1.2316e-01, 6.4546e+02      
# span 16 =   996.2455,   999.6537      
# span 17 = 0.0000e+00, 0.0000e+00      
# interval = seconds: 0.25
# start_time = Jul 22 2019 15:52:58 [Instrument's time stamp, header]
# bad_flag = -9.990e-29
*END*
     -0.437    26.7065     7.5566     96.297  38.087433     37.525      8.298   142.9749    -0.1254    -0.0951     0.0249      0.000     -0.414     -0.600          1 5.5022e+02   996.8630 0.0000e+00
     -0.387    27.0054     7.6122     96.835  38.208323     37.241      8.463   157.8528    -0.1102    -0.0807     0.0249      0.013     -0.379     -0.549          2 5.6809e+02   996.7297 0.0000e+00
     -0.338    27.2841     7.6812     97.449  38.335021     37.072      8.591   169.4371    -0.1331    -0.0374     0.0249      0.036     -0.335     -0.487          3 5.9194e+02   996.6127 0.0000e+00
     -0.301    27.4653     7.7479     98.134  38.403733     36.917      8.672   174.6614     7.6834     3.0051     0.0250      0.062     -0.301     -0.437          4 6.0470e+02   996.5307 0.0000e+00
     -0.284    27.5929     7.8016     98.716  38.359737     36.681      8.726   179.5450     7.6605     3.0051     0.0249      0.083     -0.278     -0.404          5 6.1880e+02   996.4541 0.0000e+00
     -0.265    27.6733     7.8456     99.286  38.359998     36.545      8.757   183.8607     7.7024     3.1205     0.0249      0.100     -0.261     -0.379          6 6.3616e+02   996.4035 0.0000e+00
     -0.250    27.7355     7.8684     99.697  38.344033     36.462      8.775   186.4729     7.7062     2.9330     0.0249      0.108     -0.246     -0.358          7 6.4215e+02   996.3679 0.0000e+00
     -0.240    27.7787     7.8983    100.202  38.379538     36.404      8.785   187.6086     7.6834     3.0628     0.0249      0.108     -0.234     -0.339          8 6.4546e+02   996.3453 0.0000e+00
     -0.227    27.8132     8.0524    102.320  38.226856     36.282      8.784   187.4572    11.2311     1.6641     0.0249      0.098     -0.214     -0.311          9 6.3918e+02   996.3278 0.0000e+00
     -0.191    27.8315     8.1712    103.974  38.178367     36.096      8.771   184.0879    11.2120     1.7794     0.0248      0.083     -0.169     -0.245         10 6.2679e+02   996.3157 0.0000e+00
     -0.092    27.8461     8.2620    105.244  38.321311     36.358      8.767   160.1621    11.2463     1.7362     0.0249      0.095     -0.094     -0.136         11 5.1177e+02   996.3066 0.0000e+00
     -0.006    27.7533     8.3318    106.226  37.960043     35.850      8.764   148.8049    11.2540     1.7939     0.0247      0.126     -0.020     -0.029         12 3.3394e+02   996.3017 0.0000e+00
      0.032    27.6022     8.3454    106.465  37.827761     35.833      8.759   165.1592    13.3559     1.7939     0.0247      0.157      0.031      0.045         13 2.9421e+02   996.2977 0.0000e+00
      0.072    27.5084     8.3004    105.933  37.774661     35.768      8.749   185.5643    13.3635     1.7362     0.0247      0.183      0.073      0.107         14 2.7245e+02   996.3240 0.0000e+00
      0.124    27.4535     8.2479    105.289  37.611261     35.765      8.734   152.8935    13.3864     1.7073     0.0246      0.205      0.118      0.171         15 2.2318e+02   996.3667 0.0000e+00
      0.165    27.4624     8.1336    103.853  37.586634     35.775      8.724   150.6221    13.3597     1.7362     0.0246      0.217      0.153      0.222         16 2.1275e+02   996.3931 0.0000e+00
      0.178    27.5273     7.9913    102.051  37.509001     35.759      8.718   150.6978    15.5150     2.0534     0.0246      0.209      0.170      0.246         17 2.0942e+02   996.4085 0.0000e+00
      0.176    27.6013     7.8743    100.570  37.707901     35.914      8.706   150.4328    15.4807     1.8948     0.0247      0.178      0.175      0.254         18 2.1728e+02   996.4061 0.0000e+00
      0.184    27.6881     7.7990     99.630  38.080008     36.266      8.697   150.5085    15.5074     1.9236     0.0248      0.133      0.181      0.263         19 2.2493e+02   996.3881 0.0000e+00
      0.195    27.7679     7.7216     98.666  38.290618     36.376      8.687   150.1299    15.5112     1.9813     0.0249      0.099      0.189      0.275         20 2.2978e+02   996.3674 0.0000e+00
      0.201    27.8285     7.6487     97.756  38.394132     36.447      8.679   150.2056    15.8889     1.6785     0.0249      0.077      0.194      0.282         21 2.3674e+02   996.3431 0.0000e+00
      0.199    27.8786     7.5869     96.980  38.366059     36.340      8.672   150.3949    15.8889     1.6929     0.0249      0.053      0.194      0.281         22 2.4518e+02   996.3207 0.0000e+00
      0.192    27.9133     7.5222     96.163  38.266239     36.218      8.668   150.5842    15.8546     1.7073     0.0249      0.029      0.189      0.274         23 2.4706e+02   996.3034 0.0000e+00
      0.188    27.9353     7.4509     95.246  38.370137     36.263      8.664   150.9628    15.8736     1.7939     0.0249      0.013      0.185      0.269         24 2.4055e+02   996.2892 0.0000e+00
      0.187    27.9500     7.3989     94.570  38.473829     36.372      8.658   151.6442    15.7325     1.7506     0.0249      0.006      0.184      0.267         25 2.3696e+02   996.2794 0.0000e+00
      0.188    27.9625     7.3424     93.836  38.433549     36.277      8.651   152.1742    15.7363     1.8660     0.0249      0.002      0.185      0.269         26 2.3714e+02   996.2732 0.0000e+00
      0.192    27.9707     7.3043     93.341  38.449891     36.320      8.648   152.1363    15.7516     1.7362     0.0249     -0.002      0.188      0.273         27 2.3357e+02   996.2691 0.0000e+00
      0.195    27.9781     7.2838     93.072  38.364572     36.206      8.643   152.2878    15.7401     1.7650     0.0249     -0.004      0.190      0.277         28 2.2645e+02   996.2655 0.0000e+00
      0.196    27.9902     7.2607     92.776  38.272987     36.121      8.640   153.0449    15.7516     1.7794     0.0249     -0.002      0.192      0.279         29 2.1857e+02   996.2632 0.0000e+00
      0.197    28.0046     7.2483     92.622  38.208218     36.064      8.635   153.3099    15.9270     1.7362     0.0248      0.001      0.193      0.281         30 2.0826e+02   996.2610 0.0000e+00
      0.200    28.0168     7.2678     92.880  38.059893     35.897      8.631   154.1806    15.9003     1.8083     0.0248      0.005      0.196      0.284         31 1.9122e+02   996.2575 0.0000e+00
      0.202    28.0251     7.3180     93.531  38.101928     35.940      8.626   154.4078    15.9537     1.8083     0.0248      0.008      0.198      0.287         32 1.7532e+02   996.2535 0.0000e+00
      0.203    28.0302     7.4067     94.672  38.155899     35.984      8.616   155.1649    15.9232     1.7362     0.0248      0.008      0.199      0.289         33 1.6114e+02   996.2501 0.0000e+00
      0.204    28.0283     7.5168     96.087  38.229815     36.032      8.609   155.6192    15.9614     1.7506     0.0248      0.007      0.200      0.290         34 1.5178e+02   996.2478 0.0000e+00
      0.204    28.0210     7.6539     97.843  38.335941     36.160      8.602   155.9978    15.9919     1.8948     0.0249      0.006      0.200      0.290         35 1.5041e+02   996.2463 0.0000e+00
      0.204    28.0140     7.7742     99.384  38.349831     36.135      8.601   156.5278    15.9919     1.7218     0.0249      0.005      0.200      0.290         36 1.4897e+02   996.2469 0.0000e+00
      0.204    28.0087     7.8731    100.649  38.331079     36.166      8.594   156.6792    16.0110     1.8227     0.0249      0.004      0.200      0.290         37 1.4956e+02   996.2490 0.0000e+00
      0.203    28.0046     7.9527    101.667  38.300007     36.092      8.592   157.0956    15.8584     1.6929     0.0249      0.003      0.199      0.289         38 1.5089e+02   996.2509 0.0000e+00
      0.203    28.0039     8.0123    102.429  38.329228     36.174      8.589   157.1714    15.8775     1.7362     0.0249      0.001      0.199      0.289         39 1.5064e+02   996.2524 0.0000e+00
      0.203    28.0067     8.0618    103.064  38.294716     36.098      8.584   158.0042    15.8965     1.7650     0.0249      0.000      0.199      0.289         40 1.5192e+02   996.2536 0.0000e+00
      0.203    28.0119     8.0907    103.433  38.254048     36.099      8.582   158.3071    15.9080     1.8371     0.0249     -0.000      0.199      0.289         41 1.5244e+02   996.2538 0.0000e+00
      0.203    28.0176     8.0991    103.542  38.231655     36.044      8.575   158.3449    16.3467     1.7218     0.0248     -0.001      0.199      0.289         42 1.5281e+02   996.2529 0.0000e+00
      0.203    28.0223     8.0995    103.546  38.263308     36.093      8.574   158.9507    16.3352     1.7506     0.0249     -0.000      0.200      0.290         43 1.5429e+02   996.2515 0.0000e+00
      0.205    28.0264     8.0904    103.425  38.273926     36.089      8.571   159.4807    16.3085     1.6064     0.0249      0.000      0.201      0.291         44 1.5527e+02   996.2498 0.0000e+00
      0.205    28.0287     8.0872    103.377  38.218439     36.034      8.575   159.7078    16.3276     1.7939     0.0248      0.001      0.201      0.292         45 1.5459e+02   996.2485 0.0000e+00
      0.205    28.0301     8.0777    103.251  38.273086     36.083      8.576   160.2757    16.3963     1.7794     0.0249      0.001      0.202      0.293         46 1.5362e+02   996.2474 0.0000e+00
      0.207    28.0308     8.0767    103.236  38.265191     36.082      8.576   160.6921    16.3810     1.7939     0.0249      0.002      0.203      0.294         47 1.5250e+02   996.2467 0.0000e+00
      0.207    28.0310     8.0776    103.249  38.228262     36.028      8.574   160.7678    16.3886     1.7939     0.0248      0.002      0.203      0.295         48 1.5175e+02   996.2463 0.0000e+00
      0.207    28.0317     8.0806    103.290  38.259768     36.080      8.574   160.9949    16.3810     1.7650     0.0249      0.003      0.203      0.295         49 1.5216e+02   996.2461 0.0000e+00
      0.207    28.0321     8.0852    103.347  38.225982     36.028      8.571   161.1464    16.3200     1.7939     0.0248      0.002      0.203      0.295         50 1.5241e+02   996.2461 0.0000e+00
      0.207    28.0324     8.0808    103.288  38.211035     36.027      8.570   161.6385    16.3429     1.6929     0.0248      0.002      0.203      0.294         51 1.5461e+02   996.2458 0.0000e+00
      0.206    28.0331     8.0657    103.098  38.219094     36.027      8.568   161.6764    16.3123     1.7362     0.0248      0.001      0.202      0.294         52 1.5654e+02   996.2457 0.0000e+00
      0.206    28.0325     8.0593    103.020  38.215952     36.027      8.570   162.0928    16.3238     1.7073     0.0248      0.000      0.202      0.294         53 1.5639e+02   996.2457 0.0000e+00
      0.207    28.0300     8.0490    102.890  38.274221     36.079      8.566   162.6985    16.3085     1.7073     0.0249      0.000      0.203      0.294         54 1.5615e+02   996.2455 0.0000e+00
      0.207    28.0263     8.0278    102.618  38.265127     36.079      8.567   162.9257    16.3467     1.7794     0.0249     -0.000      0.203      0.294         55 1.5551e+02   996.2456 0.0000e+00
      0.207    28.0234     7.9982    102.235  38.227269     36.028      8.569   163.2664    16.3085     1.7073     0.0248     -0.000      0.203      0.294         56 1.5610e+02   996.2463 0.0000e+00
      0.206    28.0224     7.9664    101.821  38.202788     36.031      8.569   163.6071    16.3200     1.7939     0.0248     -0.000      0.202      0.293         57 1.5774e+02   996.2474 0.0000e+00
      0.206    28.0231     7.9371    101.444  38.177047     35.980      8.569   163.9100    16.3161     1.7218     0.0248     -0.000      0.201      0.292         58 1.5765e+02   996.2482 0.0000e+00
      0.204    28.0244     7.9095    101.099  38.200031     36.033      8.567   164.0614    16.1636     1.8371     0.0248     -0.001      0.201      0.292         59 1.5692e+02   996.2485 0.0000e+00
      0.207    28.0236     7.8859    100.803  38.174187     35.980      8.568   164.5157    16.1445     1.7073     0.0248     -0.000      0.202      0.293         60 1.5662e+02   996.2482 0.0000e+00
      0.208    28.0224     7.8593    100.462  38.149936     35.979      8.568   164.8564    16.1521     1.7650     0.0248     -0.000      0.203      0.294         61 1.5662e+02   996.2479 0.0000e+00
      0.206    28.0235     7.8248    100.012  38.170937     35.980      8.565   165.2728    16.1216     1.7650     0.0248     -0.000      0.202      0.293         62 1.5741e+02   996.2481 0.0000e+00
      0.205    28.0256     7.7866     99.487  38.177689     36.007      8.565   165.8407    16.3200     1.7650     0.0248     -0.000      0.201      0.291         63 1.5755e+02   996.2485 0.0000e+00
      0.205    28.0266     7.7301     98.718  38.171169     35.980      8.562   165.8785    16.3352     1.7362     0.0248     -0.001      0.201      0.291         64 1.5703e+02   996.2481 0.0000e+00
      0.205    28.0261     7.6624     97.809  38.208686     36.031      8.564   165.8785    16.3390     1.7939     0.0248     -0.000      0.201      0.292         65 1.5644e+02   996.2475 0.0000e+00
      0.206    28.0234     7.5830     96.763  38.219910     36.031      8.565   166.4085    16.3390     1.6785     0.0248     -0.000      0.202      0.293         66 1.5682e+02   996.2473 0.0000e+00
      0.207    28.0196     7.4973     95.649  38.216474     36.031      8.564   166.5600    16.0758     1.7939     0.0248      0.000      0.202      0.294         67 1.5681e+02   996.2474 0.0000e+00
      0.207    28.0187     7.4235     94.702  38.212963     36.033      8.565   166.7114    16.0873     1.7506     0.0248     -0.000      0.202      0.293         68 1.5755e+02   996.2483 0.0000e+00
      0.205    28.0223     7.3609     93.907  38.165009     35.983      8.564   167.0142    16.0796     1.6208     0.0248     -0.000      0.201      0.292         69 1.5924e+02   996.2493 0.0000e+00
      0.203    28.0249     7.3117     93.284  38.098333     35.931      8.567   167.5442    16.1102     1.7218     0.0248     -0.000      0.200      0.291         70 1.6034e+02   996.2495 0.0000e+00
      0.204    28.0248     7.2764     92.833  38.058845     35.876      8.565   167.6957    16.2093     1.7362     0.0248     -0.000      0.201      0.291         71 1.5956e+02   996.2485 0.0000e+00
      0.206    28.0190     7.2481     92.471  38.095604     35.926      8.565   167.8850    16.2055     1.7939     0.0248     -0.000      0.203      0.294         72 1.5633e+02   996.2477 0.0000e+00
      0.210    27.9990     7.2253     92.164  38.052588     35.874      8.565   168.1878    16.2170     1.7362     0.0248      0.001      0.206      0.298         73 1.5528e+02   996.2477 0.0000e+00
      0.212    27.9718     7.1910     91.703  38.023467     35.851      8.566   168.7935    16.2093     1.7073     0.0248      0.002      0.208      0.302         74 1.5469e+02   996.2495 0.0000e+00
      0.214    27.9470     7.1445     91.101  37.983664     35.839      8.564   169.1343    16.1903     1.7362     0.0248      0.004      0.210      0.304         75 1.5370e+02   996.2550 0.0000e+00
      0.214    27.9275     7.0769     90.233  37.894679     35.752      8.563   169.2100    16.0567     1.7073     0.0247      0.005      0.210      0.305         76 1.5448e+02   996.2628 0.0000e+00
      0.214    27.9157     6.9987     89.218  37.867495     35.768      8.563   169.2478    16.0796     1.7218     0.0247      0.006      0.210      0.305         77 1.5553e+02   996.2699 0.0000e+00
      0.215    27.9122     6.9210     88.202  37.898961     35.782      8.564   169.5128    16.0567     1.6929     0.0247      0.006      0.211      0.306         78 1.5613e+02   996.2754 0.0000e+00
      0.217    27.9145     6.8738     87.571  37.944437     35.869      8.564   170.2700    16.0758     1.6208     0.0247      0.005      0.212      0.308         79 1.5600e+02   996.2787 0.0000e+00
      0.219    27.9170     6.8335     87.051  37.899815     35.792      8.563   170.1943    16.1979     1.7939     0.0247      0.005      0.215      0.311         80 1.5726e+02   996.2797 0.0000e+00
