Data/DataAlreadyUploadedToEDI/CollatedDataForEDI/CTDData/CTD_2019 (not collated)/072219_fcr45.cnv
* Sea-Bird SBE19plus  Data File:
* FileName = C:\DATA\072219_fcr50_0005.hex
* Software version 2.8.0.119
* Temperature SN = 7809
* Conductivity SN = 7809
* System UpLoad Time = Jul 23 2019 10:44:24
* <ApplicationData>
* <Seaterm232>
# nquan = 18
# nvalues = 402                         
# units = specified
# name 0 = depFM: Depth [fresh water, m]
# name 1 = tv290C: Temperature [ITS-90, deg C]
# name 2 = sbeox0Mg/L: Oxygen, SBE 43 [mg/l]
# name 3 = sbeox0PS: Oxygen, SBE 43 [% saturation]
# name 4 = c0uS/cm: Conductivity [uS/cm]
# name 5 = specc: Specific Conductance [uS/cm]
# name 6 = ph: pH
# name 7 = orp: Oxidation Reduction Potential [mV]
# name 8 = flECO-AFL: Fluorescence, WET Labs ECO-AFL/FL [mg/m^3]
# name 9 = turbWETntu0: Turbidity, WET Labs ECO [NTU]
# name 10 = sal00: Salinity, Practical [PSU]
# name 11 = dz/dtM: Descent Rate [m/s]
# name 12 = prdM: Pressure, Strain Gauge [db]
# name 13 = prdE: Pressure, Strain Gauge [psi]
# name 14 = scan: Scan Count
# name 15 = par/sat/log: PAR/Logarithmic, Satlantic
# name 16 = density00: Density [density, kg/m^3]
# name 17 = flag:  0.000e+00
# span 0 =     -0.437,      7.223       
# span 1 =    11.1103,    28.0331       
# span 2 =    -0.1291,    13.9882       
# span 3 =     -1.212,    162.092       
# span 4 =  29.987572,  49.021005       
# span 5 =     34.259,     68.933       
# span 6 =      7.733,      8.785       
# span 7 =   142.9749,   290.5425       
# span 8 =    -0.1331,    25.5669       
# span 9 =    -0.0951,    14.2093       
# span 10 =     0.0215,     0.0337      
# span 11 =     -0.004,      0.217      
# span 12 =     -0.414,      7.082      
# span 13 =     -0.600,     10.272      
# span 14 =          1,        402      
# span 15 = 1.2316e-01, 6.4546e+02      
# span 16 =   996.2455,   999.6537      
# span 17 = 0.0000e+00, 0.0000e+00      
# interval = seconds: 0.25
# start_time = Jul 22 2019 15:52:58 [Instrument's time stamp, header]
# bad_flag = -9.990e-29
*END*
[from data line 242]
      3.537    15.9947     5.8708     58.106  30.035304     36.391      8.258   243.6373     6.4932     1.0296     0.0215      0.087      3.465      5.025        243 6.9512e+00   998.9338 0.0000e+00
      3.550    15.9116     5.4113     53.446  30.144740     36.655      8.255   243.5995     6.5466     1.0296     0.0216      0.090      3.480      5.048        244 6.9155e+00   998.9577 0.0000e+00
      3.560    15.8373     4.9360     48.626  30.147695     36.768      8.249   245.1895     6.5313     1.0296     0.0216      0.088      3.494      5.069        245 6.8802e+00   998.9782 0.0000e+00
      3.582    15.7423     4.4513     43.725  30.209434     36.909      8.248   245.6059     6.5809     1.0296     0.0216      0.085      3.514      5.097        246 6.7693e+00   998.9918 0.0000e+00
      3.609    15.6395     3.9565     38.775  30.186449     36.977      8.244   245.7952     6.5694     1.0873     0.0216      0.084      3.537      5.130        247 6.6460e+00   999.0038 0.0000e+00
      3.627    15.5487     3.4898     34.133  30.117080     36.926      8.244   246.9688     5.7951     1.0729     0.0216      0.080      3.557      5.159        248 6.6656e+00   999.0191 0.0000e+00
      3.645    15.4520     3.0484     29.749  30.058793     37.020      8.243   247.5745     5.7607     1.0296     0.0216      0.077      3.580      5.192        249 6.5336e+00   999.0355 0.0000e+00
      3.681    15.3212     2.6426     25.723  30.288655     37.274      8.240   247.6880     5.7531     1.0585     0.0216      0.079      3.611      5.238        250 6.3236e+00   999.0501 0.0000e+00
      3.722    15.1745     2.3612     22.930  30.927245     38.294      8.236   247.7259     5.7531     1.0729     0.0220      0.088      3.647      5.288        251 6.2408e+00   999.0658 0.0000e+00
      3.750    15.0304     2.1744     21.074  30.893591     38.281      8.233   247.9909     5.7912     1.0008     0.0220      0.099      3.678      5.333        252 6.1317e+00   999.0862 0.0000e+00
      3.778    14.9059     2.0558     19.878  30.567599     38.039      8.229   248.9373     5.7760     1.1161     0.0218      0.108      3.705      5.373        253 6.0306e+00   999.1088 0.0000e+00
      3.804    14.8064     1.9997     19.294  30.681201     38.315      8.226   248.7859     5.7836     0.9864     0.0219      0.112      3.730      5.410        254 5.9725e+00   999.1308 0.0000e+00
      3.827    14.6887     1.9691     18.966  30.870782     38.681      8.226   249.3159     5.7874     1.0008     0.0220      0.114      3.754      5.444        255 5.8577e+00   999.1498 0.0000e+00
      3.851    14.5570     1.9416     18.675  30.894635     38.810      8.220   249.7702     5.8637     1.5055     0.0220      0.114      3.775      5.476        256 5.7810e+00   999.1648 0.0000e+00
      3.869    14.4507     1.8690     17.946  30.740445     38.715      8.219   249.6566     5.8561     1.5487     0.0219      0.110      3.794      5.503        257 5.7446e+00   999.1822 0.0000e+00
      3.887    14.3589     1.7601     16.863  30.618312     38.704      8.218   249.9973     5.8256     1.4622     0.0219      0.099      3.812      5.529        258 5.6471e+00   999.2015 0.0000e+00
      3.906    14.2551     1.5936     15.235  30.394886     38.525      8.211   250.4895     5.8294     1.4622     0.0218      0.090      3.830      5.556        259 5.5867e+00   999.2169 0.0000e+00
      3.926    14.1390     1.4086     13.444  30.218620     38.366      8.213   250.7545     5.7798     1.4910     0.0217      0.085      3.850      5.584        260 5.5140e+00   999.2301 0.0000e+00
      3.945    14.0346     1.1883     11.315  30.334061     38.645      8.207   250.7545     5.7798     1.5199     0.0217      0.080      3.870      5.613        261 5.4291e+00   999.2451 0.0000e+00
      3.968    13.9399     0.9621      9.134  30.399397     38.831      8.203   251.4359     5.8065     1.4910     0.0218      0.078      3.892      5.644        262 5.3353e+00   999.2617 0.0000e+00
      3.993    13.8358     0.6979      6.605  30.581757     39.151      8.201   252.6473     5.7836     1.4622     0.0219      0.079      3.915      5.679        263 5.1961e+00   999.2765 0.0000e+00
      4.017    13.7371     0.4698      4.435  31.084854     39.925      8.199   252.9124     5.7149     1.7650     0.0222      0.081      3.937      5.711        264 5.0779e+00   999.2900 0.0000e+00
      4.034    13.6599     0.2714      2.560  31.462103     40.501      8.196   253.9724     5.7188     1.7794     0.0224      0.083      3.954      5.736        265 5.0329e+00   999.3046 0.0000e+00
      4.046    13.5952     0.1152      1.087  31.682592     40.892      8.190   254.4645     5.7302     1.7650     0.0225      0.082      3.969      5.756        266 4.9884e+00   999.3182 0.0000e+00
      4.061    13.5193    -0.0022     -0.021  31.817861     41.155      8.188   255.1081     5.7111     1.7362     0.0226      0.079      3.986      5.782        267 4.8352e+00   999.3288 0.0000e+00
      4.089    13.4173    -0.1010     -0.951  32.123400     41.584      8.186   255.3731     5.7455     1.7650     0.0227      0.078      4.011      5.817        268 4.6850e+00   999.3377 0.0000e+00
      4.119    13.3232    -0.1291     -1.212  32.754218     42.537      8.179   255.7516     5.6119     1.9236     0.0231      0.080      4.037      5.856        269 4.5651e+00   999.3483 0.0000e+00
      4.142    13.2455    -0.0958     -0.896  33.106933     43.085      8.174   256.5088     5.6234     2.0823     0.0233      0.082      4.061      5.891        270 4.4269e+00   999.3621 0.0000e+00
      4.164    13.1415     0.0203      0.190  33.314153     43.449      8.170   257.0766     5.6005     1.9525     0.0234      0.083      4.085      5.926        271 4.3138e+00   999.3747 0.0000e+00
      4.192    13.0106     0.2177      2.024  33.948296     44.372      8.165   257.0009     5.6081     1.8948     0.0238      0.088      4.114      5.966        272 4.1912e+00   999.3853 0.0000e+00
      4.229    12.8675     0.5189      4.813  34.332738     45.046      8.160   257.6445     5.0130     3.0628     0.0240      0.097      4.146      6.013        273 4.0086e+00   999.3991 0.0000e+00
      4.261    12.7584     0.9183      8.502  33.961779     44.647      8.154   258.7045     5.0321     3.0051     0.0238      0.106      4.174      6.053        274 3.9087e+00   999.4158 0.0000e+00
      4.277    12.7106     1.4350     13.264  33.580315     44.339      8.146   261.4681     5.0130     3.0340     0.0236      0.108      4.193      6.081        275 3.8604e+00   999.4338 0.0000e+00
      4.289    12.7399     1.9920     18.391  33.533355     44.394      8.140   262.3009     5.0130     2.9763     0.0236      0.103      4.211      6.108        276 3.7232e+00   999.4474 0.0000e+00
      4.319    12.7756     2.5668     23.672  33.279480     44.152      8.132   262.1117     5.3106     3.5098     0.0235      0.100      4.236      6.143        277 3.5848e+00   999.4533 0.0000e+00
      4.349    12.6749     3.1466     29.003  32.592526     43.161      8.127   262.4145     5.3029     3.5387     0.0231      0.100      4.263      6.183        278 3.4614e+00   999.4495 0.0000e+00
      4.373    12.4981     3.6787     33.881  31.988198     42.332      8.119   262.4902     5.2991     3.5675     0.0227      0.099      4.288      6.219        279 3.3557e+00   999.4450 0.0000e+00
      4.395    12.3360     4.1455     38.145  31.542661     41.862      8.110   263.9667     5.3297     3.5387     0.0225      0.096      4.310      6.251        280 3.2340e+00   999.4573 0.0000e+00
      4.417    12.1966     4.5523     41.879  31.102637     41.461      8.107   264.1181     5.7912     4.4038     0.0222      0.092      4.334      6.285        281 3.1239e+00   999.4787 0.0000e+00
      4.444    12.0797     4.8677     44.786  30.876690     41.344      8.104   265.1024     5.7912     4.4327     0.0221      0.093      4.360      6.323        282 2.9637e+00   999.4981 0.0000e+00
      4.475    11.9810     5.0827     46.772  30.727689     41.310      8.102   265.5567     5.7683     4.4327     0.0220      0.098      4.391      6.368        283 2.7299e+00   999.5146 0.0000e+00
      4.513    11.8969     5.2569     48.320  30.577066     41.215      8.098   266.0867     5.7874     4.3750     0.0219      0.105      4.425      6.417        284 2.5814e+00   999.5284 0.0000e+00
      4.547    11.8272     5.3716     49.311  30.501271     41.249      8.096   266.6545     5.7798     4.4327     0.0219      0.108      4.455      6.462        285 2.4851e+00   999.5398 0.0000e+00
      4.568    11.7735     5.4359     49.845  30.466533     41.267      8.090   266.8817     6.1994     6.6966     0.0219      0.111      4.480      6.497        286 2.4112e+00   999.5494 0.0000e+00
      4.590    11.7287     5.4766     50.172  30.442571     41.347      8.087   266.8060     6.1880     6.5956     0.0219      0.112      4.501      6.528        287 2.3154e+00   999.5574 0.0000e+00
      4.613    11.7018     5.4768     50.156  30.412612     41.329      8.087   266.7302     6.1918     6.6966     0.0219      0.112      4.523      6.559        288 2.1963e+00   999.5634 0.0000e+00
      4.632    11.6671     5.4638     50.050  30.444585     41.458      8.085   267.6388     6.1994     6.8119     0.0219      0.108      4.544      6.590        289 2.1207e+00   999.5685 0.0000e+00
      4.656    11.6296     5.4583     49.999  30.343547     41.334      8.081   268.0553     4.5400     8.0520     0.0218      0.102      4.565      6.621        290 2.0189e+00   999.5716 0.0000e+00
      4.677    11.6167     5.4597     49.991  30.271726     41.259      8.079   268.0174     4.5553     8.0232     0.0218      0.095      4.583      6.646        291 1.9845e+00   999.5754 0.0000e+00
      4.685    11.6258     5.4606     49.991  30.385846     41.494      8.076   268.1688     4.5820     8.0665     0.0219      0.085      4.596      6.665        292 1.9378e+00   999.5797 0.0000e+00
      4.698    11.6280     5.4737     50.086  30.408927     41.506      8.074   269.0017     4.5553     8.0809     0.0219      0.077      4.612      6.689        293 1.7931e+00   999.5812 0.0000e+00
      4.727    11.5829     5.4761     50.063  30.391141     41.499      8.071   269.0017     2.2511    10.2727     0.0219      0.075      4.637      6.725        294 1.7157e+00   999.5803 0.0000e+00
      4.757    11.5248     5.4698     49.973  30.348726     41.415      8.070   268.8124     2.2321    10.3160     0.0218      0.077      4.667      6.769        295 1.5973e+00   999.5802 0.0000e+00
      4.795    11.4767     5.4566     49.838  30.343206     41.471      8.066   269.3803     2.2550    10.4169     0.0218      0.083      4.701      6.819        296 1.4534e+00   999.5853 0.0000e+00
      4.831    11.4357     5.4278     49.575  30.338772     41.534      8.062   269.3803     2.2359    10.3304     0.0218      0.093      4.735      6.868        297 1.3615e+00   999.5918 0.0000e+00
      4.859    11.4213     5.3910     49.232  30.265388     41.476      8.061   269.5317     1.9841    10.0708     0.0218      0.102      4.761      6.906        298 1.3089e+00   999.5971 0.0000e+00
      4.874    11.4315     5.3461     48.809  30.286419     41.560      8.059   269.8724     2.0032    10.0708     0.0218      0.108      4.779      6.931        299 1.3091e+00   999.6015 0.0000e+00
      4.886    11.4309     5.2990     48.360  30.342243     41.654      8.053   270.1374     1.9956    10.0708     0.0218      0.109      4.796      6.955        300 1.2349e+00   999.6032 0.0000e+00
      4.911    11.4136     5.2540     47.932  30.344057     41.641      8.052   270.4781     2.0032    10.0997     0.0218      0.107      4.820      6.989        301 1.0992e+00   999.6023 0.0000e+00
      4.944    11.4045     5.2272     47.675  30.343413     41.641      8.049   270.7810     1.4500     9.3931     0.0218      0.102      4.850      7.034        302 1.0140e+00   999.6024 0.0000e+00
      4.980    11.3836     5.2071     47.481  30.343046     41.663      8.047   270.8188     1.4386     9.3787     0.0218      0.100      4.883      7.081        303 9.4073e-01   999.6044 0.0000e+00
      5.012    11.3457     5.1959     47.373  30.403773     41.748      8.045   271.1217     1.4462     9.4363     0.0219      0.100      4.913      7.125        304 8.6320e-01   999.6055 0.0000e+00
      5.036    11.3170     5.2088     47.486  30.504860     41.926      8.041   271.3110     1.4386     9.4796     0.0219      0.101      4.938      7.161        305 8.2219e-01   999.6079 0.0000e+00
      5.057    11.3055     5.2305     47.679  30.513523     41.971      8.040   271.5003     1.3966     8.7298     0.0219      0.104      4.961      7.195        306 7.9683e-01   999.6122 0.0000e+00
      5.083    11.3042     5.2565     47.913  30.452259     41.926      8.034   272.2195     1.4119     8.7586     0.0219      0.109      4.987      7.233        307 7.2538e-01   999.6153 0.0000e+00
      5.116    11.2990     5.2868     48.188  30.403352     41.864      8.033   272.4467     1.3738     8.6865     0.0219      0.112      5.017      7.277        308 6.6531e-01   999.6166 0.0000e+00
      5.149    11.2864     5.3090     48.389  30.337376     41.787      8.029   273.4688     1.3814     8.7298     0.0219      0.112      5.048      7.322        309 6.2941e-01   999.6168 0.0000e+00
      5.180    11.2702     5.3231     48.516  30.267727     41.678      8.026   273.9610     1.3852     8.7586     0.0218      0.111      5.078      7.364        310 5.9606e-01   999.6175 0.0000e+00
      5.205    11.2546     5.3390     48.660  30.253021     41.692      8.021   274.2638     1.2631     8.4991     0.0218      0.110      5.104      7.403        311 5.7841e-01   999.6189 0.0000e+00
      5.232    11.2422     5.3474     48.733  30.237175     41.673      8.022   274.1881     1.2517     8.4846     0.0218      0.111      5.128      7.437        312 5.3125e-01   999.6208 0.0000e+00
      5.249    11.2335     5.3393     48.657  30.198573     41.652      8.016   274.5288     1.2326     8.4702     0.0218      0.110      5.148      7.466        313 5.2248e-01   999.6224 0.0000e+00
      5.267    11.2282     5.3292     48.562  30.212188     41.667      8.012   274.5288     1.2708     8.5423     0.0218      0.107      5.170      7.498        314 4.9876e-01   999.6238 0.0000e+00
      5.300    11.2237     5.3282     48.552  30.249861     41.754      8.010   274.7181     1.0190     8.7298     0.0218      0.103      5.197      7.538        315 4.3510e-01   999.6249 0.0000e+00
      5.333    11.2194     5.3140     48.426  30.210945     41.683      8.010   275.3996     0.9961     8.6865     0.0218      0.101      5.227      7.581        316 4.0865e-01   999.6256 0.0000e+00
      5.355    11.2166     5.3047     48.343  30.201369     41.688      8.004   275.5888     1.0113     8.6577     0.0218      0.099      5.252      7.616        317 3.7358e-01   999.6262 0.0000e+00
      5.376    11.2155     5.2929     48.234  30.232154     41.731      8.001   276.1188     1.0266     8.6433     0.0218      0.097      5.277      7.652        318 3.8073e-01   999.6267 0.0000e+00
      5.412    11.2144     5.2780     48.093  30.202263     41.696      7.999   276.3838     0.9808     8.9893     0.0218      0.100      5.307      7.697        319 3.6559e-01   999.6272 0.0000e+00
      5.446    11.2128     5.2689     48.004  30.208943     41.697      7.992   276.5353     0.9694     8.9172     0.0218      0.106      5.337      7.741        320 3.2031e-01   999.6275 0.0000e+00
      5.466    11.2117     5.2621     47.938  30.253468     41.775      7.992   276.8003     0.9312     8.9028     0.0218      0.109      5.361      7.776        321 3.1204e-01   999.6277 0.0000e+00
