Data/DataAlreadyUploadedToEDI/CollatedDataForEDI/CTDData/CTD_2019 (not collated)/072919_fcr10.cnv
* Sea-Bird SBE19plus  Data File:
* FileName = C:\DATA\0772919_fcr_0001.hex
* Software version 2.8.0.119
* Temperature SN = 7809
* Conductivity SN = 7809
* System UpLoad Time = Jul 29 2019 16:11:48
* <ApplicationData>
* <Seaterm232>
# nquan = 18
# nvalues = 238                         
# units = specified
# name 0 = depFM: Depth [fresh water, m]
# name 1 = tv290C: Temperature [ITS-90, deg C]
# name 2 = sbeox0Mg/L: Oxygen, SBE 43 [mg/l]
# name 3 = sbeox0PS: Oxygen, SBE 43 [% saturation]
# name 4 = c0uS/cm: Conductivity [uS/cm]
# name 5 = specc: Specific Conductance [uS/cm]
# name 6 = ph: pH
# name 7 = orp: Oxidation Reduction Potential [mV]
# name 8 = flECO-AFL: Fluorescence, WET Labs ECO-AFL/FL [mg/m^3]
# name 9 = turbWETntu0: Turbidity, WET Labs ECO [NTU]
# name 10 = sal00: Salinity, Practical [PSU]
# name 11 = dz/dtM: Descent Rate [m/s]
# name 12 = prdM: Pressure, Strain Gauge [db]
# name 13 = prdE: Pressure, Strain Gauge [psi]
# name 14 = scan: Scan Count
# name 15 = par/sat/log: PAR/Logarithmic, Satlantic
# name 16 = density00: Density [density, kg/m^3]
# name 17 = flag:  0.000e+00
# span 0 =     -0.550,      2.331       
# span 1 =    23.1518,    25.9003       
# span 2 =     1.0785,     9.2143       
# span 3 =     12.654,    109.949       
# span 4 =   1.358929,  63.905789       
# span 5 =      1.413,     66.270       
# span 6 =      7.984,      8.607       
# span 7 =    40.0410,   673.8471       
# span 8 =    -0.1254,   243.6184       
# span 9 =    -2.8493,     4.5336       
# span 10 =     0.0122,     0.0365      
# span 11 =     -0.015,      0.264      
# span 12 =     -0.539,      2.286      
# span 13 =     -0.781,      3.315      
# span 14 =          1,        238      
# span 15 = 3.9003e+01, 1.7773e+03      
# span 16 =   996.8175,   997.5402      
# span 17 = 0.0000e+00, 0.0000e+00      
# interval = seconds: 0.25
# start_time = Jul 29 2019 11:20:30 [Instrument's time stamp, header]
# bad_flag = -9.990e-29
*END*
[from data line 161]
      1.578    25.4941     6.6077     80.645  36.421866     36.064      8.483   204.9472    16.2322     3.0916     0.0242      0.074      1.548      2.245        162 8.6037e+01   996.9424 0.0000e+00
      1.596    25.4920     6.5897     80.419  36.373672     36.011      8.473   205.2122    16.2437     3.0916     0.0242      0.072      1.565      2.269        163 8.5377e+01   996.9431 0.0000e+00
      1.610    25.4897     6.5555     79.997  36.383956     36.013      8.468   205.5908    16.0300     3.3079     0.0242      0.069      1.580      2.292        164 8.4912e+01   996.9441 0.0000e+00
      1.628    25.4860     6.5244     79.609  36.438703     36.098      8.460   206.4615    15.9995     3.2214     0.0242      0.068      1.599      2.319        165 8.3648e+01   996.9447 0.0000e+00
      1.653    25.4837     6.4938     79.228  36.394445     36.016      8.454   206.9158    16.0186     3.3512     0.0242      0.070      1.621      2.352        166 8.1994e+01   996.9454 0.0000e+00
      1.677    25.4796     6.4642     78.864  36.409401     36.074      8.448   207.2565    16.0072     3.3224     0.0242      0.072      1.643      2.384        167 8.0843e+01   996.9465 0.0000e+00
      1.697    25.4722     6.4376     78.540  36.390459     36.021      8.445   208.0515    16.4573     3.5675     0.0242      0.075      1.663      2.412        168 7.9696e+01   996.9471 0.0000e+00
      1.714    25.4661     6.4106     78.209  36.358752     36.023      8.439   208.1272    16.4649     3.5098     0.0242      0.077      1.680      2.436        169 7.8601e+01   996.9483 0.0000e+00
      1.728    25.4622     6.3841     77.881  36.389593     36.029      8.436   208.3544    16.5107     3.5098     0.0242      0.077      1.693      2.456        170 7.8161e+01   996.9502 0.0000e+00
      1.739    25.4582     6.4018     77.948  36.440984     36.116      8.428   208.6194    16.4687     3.6252     0.0242      0.074      1.707      2.475        171 7.7251e+01   996.9519 0.0000e+00
      1.756    25.4532     6.6599     80.590  36.442972     36.091      8.427   209.0358    16.3924     3.3512     0.0242      0.072      1.722      2.497        172 7.5832e+01   996.9531 0.0000e+00
      1.772    25.4491     7.2396     87.063  36.416757     36.094      8.420   209.0358    16.3924     3.3368     0.0242      0.068      1.737      2.520        173 7.5013e+01   996.9542 0.0000e+00
      1.785    25.4458     7.8990     94.629  36.384709     36.043      8.415   209.5279    16.3886     3.3512     0.0242      0.062      1.751      2.540        174 7.4414e+01   996.9554 0.0000e+00
      1.799    25.4402     8.4859    101.505  36.423588     36.101      8.415   210.2094    16.4306     3.4377     0.0242      0.059      1.766      2.561        175 7.3326e+01   996.9566 0.0000e+00
      1.818    25.4354     8.8835    106.123  36.457276     36.131      8.413   210.0958    16.1903     3.3512     0.0242      0.058      1.782      2.585        176 7.2032e+01   996.9576 0.0000e+00
      1.834    25.4329     9.1214    108.867  36.372420     36.052      8.408   210.4744    16.1750     3.2791     0.0242      0.059      1.798      2.607        177 7.1271e+01   996.9591 0.0000e+00
      1.847    25.4336     9.2143    109.949  36.381021     36.056      8.406   210.4744    16.1521     3.2647     0.0242      0.060      1.811      2.626        178 7.0692e+01   996.9604 0.0000e+00
      1.859    25.4314     9.1970    109.625  36.357674     36.057      8.404   210.6258    16.1712     3.3224     0.0242      0.059      1.823      2.643        179 7.0365e+01   996.9611 0.0000e+00
      1.869    25.4312     9.0237    107.495  36.401476     36.057      8.404   210.8529    16.1903     3.2647     0.0242      0.057      1.834      2.659        180 6.9887e+01   996.9610 0.0000e+00
      1.883    25.3160     8.8118    104.889  36.385778     36.112      8.400   211.0801    15.9995     3.3224     0.0242      0.055      1.846      2.678        181 6.8988e+01   996.9616 0.0000e+00
      1.896    24.9921     8.5762    101.960  36.110504     35.755      8.401   211.5344    15.9652     3.2791     0.0241      0.054      1.860      2.698        182 6.8083e+01   996.9616 0.0000e+00
      1.912    24.6519     8.4057     99.826  36.062481     35.857      8.397   211.7615    15.9499     3.3512     0.0241      0.053      1.876      2.721        183 6.6874e+01   996.9916 0.0000e+00
      1.931    24.4492     8.2620     98.023  36.060369     36.043      8.398   211.9129    15.9499     3.2503     0.0241      0.053      1.893      2.745        184 6.5963e+01   997.0752 0.0000e+00
      1.945    24.3610     8.1217     96.261  36.083637     36.343      8.397   212.0644    16.3734     3.6108     0.0241      0.054      1.908      2.768        185 6.5025e+01   997.1620 0.0000e+00
      1.961    24.2933     7.9708     94.403  36.152211     36.552      8.393   212.4429    16.3772     3.5675     0.0241      0.057      1.923      2.789        186 6.4067e+01   997.2131 0.0000e+00
      1.976    24.2473     7.7700     91.997  36.182572     36.641      8.389   212.2915    16.3429     3.5675     0.0242      0.059      1.937      2.809        187 6.3609e+01   997.2354 0.0000e+00
      1.988    24.2278     7.5868     89.797  36.253348     36.777      8.388   212.5944    16.3352     3.5675     0.0242      0.060      1.950      2.829        188 6.2665e+01   997.2524 0.0000e+00
      2.005    24.1772     7.4001     87.525  36.271604     36.814      8.384   212.5187    16.9685     3.7982     0.0242      0.060      1.965      2.849        189 6.1763e+01   997.2640 0.0000e+00
      2.017    24.1404     7.2398     85.566  36.308045     36.880      8.379   212.8594    16.9875     3.7550     0.0242      0.059      1.977      2.867        190 6.1663e+01   997.2689 0.0000e+00
      2.024    24.1003     7.0867     83.710  36.267281     36.867      8.376   212.4808    16.9837     3.7838     0.0242      0.056      1.987      2.881        191 6.1206e+01   997.2814 0.0000e+00
      2.035    24.0352     6.9302     81.822  36.263085     36.891      8.375   212.5187    16.9837     3.6829     0.0242      0.052      1.998      2.898        192 6.0184e+01   997.2907 0.0000e+00
      2.051    23.9781     6.7954     80.192  36.283654     36.950      8.367   212.6322    17.7391     4.0433     0.0242      0.050      2.012      2.918        193 5.9136e+01   997.3007 0.0000e+00
      2.067    23.9251     6.6724     78.715  36.152804     36.857      8.365   212.5565    17.7581     4.0578     0.0242      0.050      2.027      2.941        194 5.8298e+01   997.3168 0.0000e+00
      2.083    23.8717     6.5586     77.353  36.099979     36.843      8.362   212.8972    17.7696     3.9712     0.0241      0.051      2.044      2.964        195 5.7154e+01   997.3309 0.0000e+00
      2.102    23.8325     6.4140     75.583  36.082716     36.883      8.360   213.0865    17.7429     4.0001     0.0241      0.054      2.062      2.989        196 5.5628e+01   997.3441 0.0000e+00
      2.120    23.8157     6.1752     72.710  36.055779     36.866      8.354   213.6544    17.7581     4.0001     0.0241      0.057      2.077      3.012        197 5.5309e+01   997.3573 0.0000e+00
      2.129    23.7966     5.7320     67.406  36.133527     37.011      8.351   213.5408    19.1391     3.9568     0.0242      0.059      2.090      3.031        198 5.4703e+01   997.3670 0.0000e+00
      2.145    23.7593     5.1080     59.987  36.252684     37.109      8.345   214.8658    19.1391     3.9424     0.0242      0.062      2.104      3.052        199 5.3101e+01   997.3712 0.0000e+00
      2.163    23.7207     4.3426     51.001  36.292745     37.209      8.340   214.3358    19.1658     4.0578     0.0242      0.062      2.119      3.072        200 5.2658e+01   997.3760 0.0000e+00
      2.171    23.6906     3.4863     40.954  36.291125     37.180      8.337   215.2822    19.1391     4.0001     0.0242      0.060      2.129      3.087        201 5.2385e+01   997.3852 0.0000e+00
      2.179    23.6652     2.6577     31.219  36.343621     37.325      8.331   215.8501    19.8601     4.2308     0.0243      0.056      2.138      3.100        202 5.1682e+01   997.3947 0.0000e+00
      2.189    23.6392     1.9496     22.893  36.345971     37.290      8.329   216.3801    19.8677     4.3029     0.0242      0.051      2.148      3.116        203 5.0869e+01   997.4020 0.0000e+00
      2.204    23.6230     1.5041     17.655  36.377120     37.396      8.327   217.1372    19.8601     4.2164     0.0243      0.048      2.162      3.135        204 4.9825e+01   997.4083 0.0000e+00
      2.219    23.6065     1.2358     14.500  36.334504     37.329      8.323   217.4022    19.8715     4.2308     0.0242      0.047      2.177      3.157        205 4.8792e+01   997.4146 0.0000e+00
      2.236    23.5647     1.1162     13.096  36.191578     37.228      8.324   217.7430    20.5238     4.3029     0.0242      0.049      2.194      3.182        206 4.7459e+01   997.4186 0.0000e+00
      2.257    23.5196     1.0808     12.682  36.169751     37.181      8.320   217.7808    20.5009     4.2308     0.0242      0.051      2.213      3.209        207 4.6062e+01   997.4228 0.0000e+00
      2.276    23.4511     1.0785     12.654  36.302410     37.388      8.318   217.8565    20.5009     4.2020     0.0242      0.056      2.230      3.235        208 4.5022e+01   997.4330 0.0000e+00
      2.289    23.3840     1.1236     13.179  36.530291     37.623      8.312   217.9701    20.5238     4.3029     0.0243      0.061      2.243      3.253        209 4.4554e+01   997.4441 0.0000e+00
      2.295    23.3821     1.1709     13.731  36.923395     38.108      8.309   218.0837    22.5228     4.1154     0.0245      0.062      2.249      3.262        210 4.4458e+01   997.4608 0.0000e+00
      2.297    23.3967     1.1800     13.833  37.591345     38.828      8.302   218.3487    22.5609     4.0722     0.0248      0.058      2.253      3.267        211 4.4357e+01   997.4772 0.0000e+00
      2.299    23.3914     1.1724     13.734  38.573770     39.865      8.297   218.3487    22.5342     3.9857     0.0252      0.050      2.255      3.271        212 4.4154e+01   997.4780 0.0000e+00
      2.302    23.3760     1.1540     13.508  40.294617     41.585      8.293   218.3487    22.5304     3.9712     0.0259      0.041      2.258      3.275        213 4.3924e+01   997.4751 0.0000e+00
      2.306    23.3517     1.1596     13.567  43.215477     44.648      8.288   218.2730    24.5675     3.7838     0.0272      0.031      2.261      3.280        214 4.3837e+01   997.4773 0.0000e+00
      2.309    23.3315     1.1976     14.015  46.470027     48.041      8.282   218.6137    24.5751     3.8126     0.0287      0.021      2.264      3.284        215 4.3582e+01   997.4821 0.0000e+00
      2.311    23.3285     1.2638     14.801  49.289016     50.954      8.278   218.8408    24.6171     3.8415     0.0299      0.015      2.266      3.287        216 4.3315e+01   997.4889 0.0000e+00
      2.312    23.3329     1.3372     15.666  51.004190     52.827      8.276   218.6894    24.5713     3.7261     0.0307      0.011      2.268      3.289        217 4.3016e+01   997.4944 0.0000e+00
      2.314    23.3287     1.4363     16.827  52.371738     54.072      8.271   218.6515    24.5942     3.7117     0.0312      0.010      2.269      3.291        218 4.2683e+01   997.4955 0.0000e+00
      2.316    23.3130     1.5733     18.442  55.179501     57.133      8.267   218.4244    25.0138     3.8703     0.0325      0.009      2.271      3.294        219 4.2507e+01   997.4955 0.0000e+00
      2.318    23.2998     1.7374     20.381  59.522949     61.474      8.264   218.4244    24.9756     3.7405     0.0344      0.009      2.273      3.297        220 4.1820e+01   997.4979 0.0000e+00
      2.321    23.2824     1.9191     22.530  63.905789     66.270      8.258   218.8408    25.0023     3.7261     0.0365      0.008      2.276      3.302        221 4.0832e+01   997.5033 0.0000e+00
      2.325    23.2438     2.0958     24.607  63.729220     66.056      8.253   218.9923    25.0023     3.7838     0.0364      0.009      2.280      3.306        222 3.9995e+01   997.5064 0.0000e+00
      2.327    23.2049     2.2823     26.792  61.819558     63.792      8.250   219.6737    23.1903     3.6829     0.0354      0.009      2.282      3.310        223 3.9598e+01   997.5100 0.0000e+00
      2.328    23.1824     2.4934     29.259  62.751193     65.206      8.247   220.0523    23.2018     3.7694     0.0360      0.009      2.283      3.312        224 3.9559e+01   997.5195 0.0000e+00
      2.329    23.1912     2.7022     31.653  62.569784     64.824      8.243   220.0523    23.2094     3.8415     0.0358      0.009      2.284      3.313        225 3.9392e+01   997.5288 0.0000e+00
      2.329    23.2296     2.9031     33.942  61.481564     63.809      8.241   219.9387    23.2247     3.7405     0.0354      0.008      2.284      3.313        226 3.9294e+01   997.5337 0.0000e+00
      2.330    23.2480 -9.990e-29 -9.990e-29  60.248154     62.551      8.235   220.3930    24.2394     3.7694     0.0348      0.007      2.285      3.314        227 3.9205e+01   997.5312 0.0000e+00
      2.330    23.2534 -9.990e-29 -9.990e-29  58.200429     60.267      8.230   220.1280    24.2051     3.7261     0.0338      0.005      2.285      3.314        228 3.9197e+01   997.5214 0.0000e+00
      2.330    23.2783 -9.990e-29 -9.990e-29  57.265539     59.347      8.227   220.2794    24.1936     3.6540     0.0334      0.004      2.285      3.314        229 3.9195e+01   997.5166 0.0000e+00
      2.330    23.3200 -9.990e-29 -9.990e-29  56.902220     58.966      8.223   220.5823    24.1936     3.6829     0.0333      0.002      2.285      3.314        230 3.9137e+01   997.5152 0.0000e+00
      2.330    23.3604 -9.990e-29 -9.990e-29  56.190366     58.180      8.217   220.5823    24.8459     3.8415     0.0329      0.001      2.285      3.314        231 3.9190e+01   997.5090 0.0000e+00
      2.331    23.3678 -9.990e-29 -9.990e-29  55.036720     56.976      8.214   220.8094    24.8765     3.8126     0.0324      0.001      2.285      3.314        232 3.9119e+01   997.4985 0.0000e+00
      2.330    23.3560 -9.990e-29 -9.990e-29  53.799525     55.566      8.209   220.6958    24.8536     3.8126     0.0318      0.001      2.285      3.314        233 3.9046e+01   997.4884 0.0000e+00
      2.330    23.3382 -9.990e-29 -9.990e-29  53.488423     55.301      8.207   221.3773    24.8803     3.7261     0.0317      0.000      2.285      3.314        234 3.9032e+01   997.4866 0.0000e+00
      2.331    23.2385 -9.990e-29 -9.990e-29  54.059471     55.861      8.201   221.7558    24.9795     3.8126     0.0320      0.000      2.285      3.315        235 3.9003e+01   997.4896 0.0000e+00
      2.331    23.1518 -9.990e-29 -9.990e-29  55.372766     57.271      8.198   221.9451    24.9795     3.7838     0.0326      0.000      2.286      3.315        236 3.9126e+01   997.4943 0.0000e+00
      2.331 -9.990e-29 -9.990e-29 -9.990e-29  57.519578     59.585      8.194   221.8315    24.9909     3.7261     0.0335      0.000      2.286      3.315        237 3.9289e+01   997.5190 0.0000e+00
      2.331 -9.990e-29 -9.990e-29 -9.990e-29  58.774197     61.133      8.191   222.1723    25.0176     3.7982     0.0342      0.000      2.286      3.315        238 3.9345e+01   997.5402 0.0000e+00
