Data/DataAlreadyUploadedToEDI/CollatedDataForEDI/CTDData/CTD_2019 (not collated)/072919_fcr10.cnv
* Sea-Bird SBE19plus  Data File:
* FileName = C:\DATA\0772919_fcr_0001.hex
* Software version 2.8.0.119
* Temperature SN = 7809
* Conductivity SN = 7809
* System UpLoad Time = Jul 29 2019 16:11:48
* <ApplicationData>
* <Seaterm232>
# nquan = 18
# nvalues = 238                         
# units = specified
# name 0 = depFM: Depth [fresh water, m]
# name 1 = tv290C: Temperature [ITS-90, deg C]
# name 2 = sbeox0Mg/L: Oxygen, SBE 43 [mg/l]
# name 3 = sbeox0PS: Oxygen, SBE 43 [% saturation]
# name 4 = c0uS/cm: Conductivity [uS/cm]
# name 5 = specc: Specific Conductance [uS/cm]
# name 6 = ph: pH
# name 7 = orp: Oxidation Reduction Potential [mV]
# name 8 = flECO-AFL: Fluorescence, WET Labs ECO-AFL/FL [mg/m^3]
# name 9 = turbWETntu0: Turbidity, WET Labs ECO [NTU]
# name 10 = sal00: Salinity, Practical [PSU]
# name 11 = dz/dtM: Descent Rate [m/s]
# name 12 = prdM: Pressure, Strain Gauge [db]
# name 13 = prdE: Pressure, Strain Gauge [psi]
# name 14 = scan: Scan Count
# name 15 = par/sat/log: PAR/Logarithmic, Satlantic
# name 16 = density00: Density [density, kg/m^3]
# name 17 = flag:  0.000e+00
# span 0 =     -0.550,      2.331       
# span 1 =    23.1518,    25.9003       
# span 2 =     1.0785,     9.2143       
# span 3 =     12.654,    109.949       
# span 4 =   1.358929,  63.905789       
# span 5 =      1.413,     66.270       
# span 6 =      7.984,      8.607       
# span 7 =    40.0410,   673.8471       
# span 8 =    -0.1254,   243.6184       
# span 9 =    -2.8493,     4.5336       
# span 10 =     0.0122,     0.0365      
# span 11 =     -0.015,      0.264      
# span 12 =     -0.539,      2.286      
# span 13 =     -0.781,      3.315      
# span 14 =          1,        238      
# span 15 = 3.9003e+01, 1.7773e+03      
# span 16 =   996.8175,   997.5402      
# span 17 = 0.0000e+00, 0.0000e+00      
# interval = seconds: 0.25
# start_time = Jul 29 2019 11:20:30 [Instrument's time stamp, header]
# bad_flag = -9.990e-29
*END*
[from data line 81]
      0.255    25.7003     7.6314     93.556  36.805615     36.279      8.574   187.6464     5.9095     3.1926     0.0244     -0.000      0.250      0.363         82 1.0281e+02   996.8838 0.0000e+00
      0.256    25.6986     7.5862     93.003  36.839357     36.334      8.575   187.4572     5.9171     3.0628     0.0244     -0.001      0.251      0.365         83 1.0182e+02   996.8837 0.0000e+00
      0.259    25.6984     7.5484     92.539  36.851478     36.335      8.574   187.5329     6.1994     3.1493     0.0244     -0.001      0.253      0.368         84 1.0201e+02   996.8842 0.0000e+00
      0.260    25.6988     7.4943     91.875  36.790532     36.281      8.581   187.4193     6.2223     3.0916     0.0244     -0.000      0.255      0.370         85 1.0280e+02   996.8846 0.0000e+00
      0.261    25.6996     7.4293     91.078  36.855936     36.336      8.581   187.2679     6.2452     3.1205     0.0244      0.001      0.255      0.370         86 1.0372e+02   996.8847 0.0000e+00
      0.260    25.7000     7.3702     90.352  36.858990     36.363      8.582   187.1164     6.2261     3.2214     0.0244      0.001      0.256      0.371         87 1.0524e+02   996.8845 0.0000e+00
      0.263    25.6995     7.3089     89.601  36.757095     36.225      8.586   187.0786     6.5771     3.0772     0.0243      0.003      0.258      0.375         88 1.0600e+02   996.8843 0.0000e+00
      0.267    25.6990     7.2460     88.829  36.834567     36.335      8.584   186.8893     6.5694     3.1205     0.0244      0.005      0.262      0.380         89 1.0496e+02   996.8843 0.0000e+00
      0.272    25.6985     7.1921     88.167  36.851483     36.335      8.585   187.3436     6.5809     3.1637     0.0244      0.007      0.266      0.385         90 1.0428e+02   996.8844 0.0000e+00
      0.273    25.6985     7.1316     87.426  36.795313     36.281      8.585   187.1922     6.5847     3.0772     0.0244      0.008      0.267      0.387         91 1.0279e+02   996.8846 0.0000e+00
      0.271    25.6984     7.0792     86.783  36.756296     36.254      8.589   187.0407     6.5847     3.1061     0.0244      0.007      0.266      0.386         92 1.0150e+02   996.8847 0.0000e+00
      0.270    25.6981     7.0241     86.108  36.692596     36.171      8.586   187.1922     6.7487     3.3079     0.0243      0.007      0.265      0.385         93 1.0244e+02   996.8847 0.0000e+00
      0.270    25.6979     6.9683     85.423  36.726412     36.226      8.591   187.0786     6.7640     3.3368     0.0243      0.006      0.265      0.385         94 1.0381e+02   996.8847 0.0000e+00
      0.271    25.6977     6.9111     84.722  36.743845     36.226      8.592   187.0407     6.7678     3.2791     0.0243      0.005      0.266      0.386         95 1.0601e+02   996.8848 0.0000e+00
      0.272    25.6976     6.8616     84.115  36.730169     36.226      8.594   187.1164     6.7754     3.3512     0.0243      0.003      0.266      0.386         96 1.0762e+02   996.8848 0.0000e+00
      0.272    25.6972     6.8378     83.821  36.684162     36.172      8.594   187.1922     6.5237     3.1061     0.0243      0.001      0.266      0.387         97 1.0824e+02   996.8849 0.0000e+00
      0.273    25.6969     6.8686     84.194  36.712197     36.199      8.596   187.1164     6.5046     3.1926     0.0243      0.000      0.267      0.388         98 1.0801e+02   996.8849 0.0000e+00
      0.273    25.6963     6.9149     84.755  36.724915     36.227      8.598   187.0786     6.5389     3.0628     0.0243      0.001      0.268      0.389         99 1.0625e+02   996.8850 0.0000e+00
      0.274    25.6959     6.9858     85.615  36.697969     36.172      8.599   187.1164     6.5275     3.2214     0.0243      0.002      0.268      0.389        100 1.0357e+02   996.8851 0.0000e+00
      0.274    25.6960     7.0659     86.591  36.716096     36.228      8.601   187.1922     6.4970     3.0628     0.0243      0.002      0.268      0.388        101 1.0056e+02   996.8853 0.0000e+00
      0.271    25.6958     7.1598     87.737  36.702356     36.173      8.601   187.1543     6.5046     3.1637     0.0243      0.001      0.265      0.384        102 9.8371e+01   996.8853 0.0000e+00
      0.265    25.6958     7.3012     89.455  36.685434     36.200      8.601   187.1543     6.4893     3.1061     0.0243     -0.002      0.258      0.375        103 9.7835e+01   996.8853 0.0000e+00
      0.254    25.6955     7.4529     91.288  36.648252     36.118      8.603   187.1922     6.5122     3.1493     0.0243     -0.006      0.249      0.362        104 9.9779e+01   996.8853 0.0000e+00
      0.244    25.6954     7.6056     93.126  36.659724     36.173      8.606   187.2300     6.6610     3.1061     0.0243     -0.012      0.244      0.354        105 1.0382e+02   996.8853 0.0000e+00
      0.249    25.6951     7.7719     95.129  36.641522     36.118      8.607   187.1922     6.6343     3.0628     0.0243     -0.015      0.250      0.363        106 1.1113e+02   996.8853 0.0000e+00
      0.272    25.6938     7.9167     96.870  36.670905     36.173      8.604   187.4572     6.6114     3.0340     0.0243     -0.010      0.272      0.394        107 1.2297e+02   996.8854 0.0000e+00
      0.311    25.6914     8.0258     98.189  36.800968     36.283      8.597   187.9493     6.6686     3.2503     0.0244      0.005      0.305      0.442        108 1.3668e+02   996.8858 0.0000e+00
      0.349    25.6867     8.0773     98.810  36.805644     36.312      8.589   188.7065     6.4207     3.5819     0.0244      0.028      0.341      0.494        109 1.4003e+02   996.8863 0.0000e+00
      0.382    25.6811     8.0928     98.994  36.753990     36.231      8.588   188.8957     6.4092     3.6540     0.0243      0.055      0.374      0.542        110 1.3935e+02   996.8870 0.0000e+00
      0.413    25.6776     8.1011     99.093  36.776347     36.289      8.587   189.5772     6.3902     3.4954     0.0244      0.082      0.404      0.586        111 1.3419e+02   996.8884 0.0000e+00
      0.440    25.6743     8.1096     99.189  36.748190     36.238      8.585   190.1450     6.4054     3.3800     0.0243      0.104      0.434      0.629        112 1.3433e+02   996.8900 0.0000e+00
      0.473    25.6659     8.1063     99.136  36.729765     36.241      8.580   190.8643     6.4054     3.5098     0.0243      0.120      0.468      0.679        113 1.3945e+02   996.8911 0.0000e+00
      0.520    25.6504     8.0828     98.841  36.740009     36.243      8.578   190.9400     7.7902     3.2935     0.0243      0.132      0.510      0.740        114 1.3866e+02   996.8921 0.0000e+00
      0.565    25.6310     8.0434     98.352  36.646541     36.167      8.576   191.9243     7.7864     3.3512     0.0243      0.138      0.560      0.811        115 1.5293e+02   996.8945 0.0000e+00
      0.631    25.6116     7.9975     97.778  36.579378     36.095      8.573   192.5300     7.7978     3.2358     0.0243      0.148      0.612      0.888        116 1.6088e+02   996.8988 0.0000e+00
      0.676    25.5949     7.9511     97.200  36.556887     36.109      8.570   192.3029     7.7825     3.3512     0.0243      0.159      0.655      0.949        117 1.5952e+02   996.9041 0.0000e+00
      0.696    25.5851     7.9121     96.720  36.526366     36.067      8.577   192.1893     8.8964     3.2503     0.0243      0.164      0.681      0.988        118 1.6272e+02   996.9093 0.0000e+00
      0.715    25.5800     7.8641     96.123  36.558102     36.135      8.578   192.0000     8.9232     3.4666     0.0243      0.163      0.701      1.016        119 1.6457e+02   996.9138 0.0000e+00
      0.731    25.5772     7.8137     95.502  36.576670     36.142      8.582   192.3786     8.9003     3.3512     0.0243      0.154      0.721      1.045        120 1.6617e+02   996.9165 0.0000e+00
      0.760    25.5759     7.7683     94.939  36.562533     36.145      8.585   193.0600     8.9155     3.2935     0.0243      0.140      0.746      1.081        121 1.7104e+02   996.9179 0.0000e+00
      0.790    25.5712     7.7159     94.293  36.575700     36.147      8.584   192.5300     9.9150     3.0916     0.0243      0.125      0.771      1.119        122 1.7390e+02   996.9187 0.0000e+00
      0.808    25.5647     7.6566     93.564  36.560286     36.148      8.587   192.9465     9.9302     3.1061     0.0243      0.108      0.794      1.151        123 1.7156e+02   996.9192 0.0000e+00
      0.831    25.5604     7.5863     92.697  36.522446     36.096      8.590   192.9843     9.9493     3.1493     0.0243      0.094      0.815      1.181        124 1.6583e+02   996.9205 0.0000e+00
      0.851    25.5560     7.4993     91.631  36.563525     36.156      8.590   193.0979     9.8997     3.0340     0.0243      0.088      0.835      1.211        125 1.6084e+02   996.9223 0.0000e+00
      0.871    25.5487     7.4145     90.598  36.568438     36.159      8.591   193.0222    11.8186     3.0340     0.0243      0.089      0.856      1.242        126 1.5636e+02   996.9235 0.0000e+00
      0.897    25.5434     7.3403     89.693  36.575603     36.162      8.590   193.2115    11.8186     3.1205     0.0243      0.089      0.880      1.277        127 1.4914e+02   996.9248 0.0000e+00
      0.927    25.5408     7.2859     89.032  36.613879     36.223      8.590   193.4386    11.8262     3.1782     0.0243      0.091      0.905      1.313        128 1.4718e+02   996.9268 0.0000e+00
      0.944    25.5361     7.2531     88.636  36.580078     36.172      8.589   194.0443    11.8147     3.2214     0.0243      0.089      0.927      1.344        129 1.4575e+02   996.9283 0.0000e+00
      0.965    25.5323     7.2503     88.603  36.558402     36.173      8.585   194.1958    12.4480     3.2791     0.0243      0.088      0.949      1.376        130 1.4453e+02   996.9290 0.0000e+00
      0.996    25.5284     7.2635     88.765  36.522316     36.122      8.582   194.4608    12.4213     3.3512     0.0243      0.091      0.973      1.411        131 1.4368e+02   996.9304 0.0000e+00
      1.014    25.5247     7.2869     89.050  36.506449     36.124      8.581   194.3472    12.4518     3.3512     0.0243      0.091      0.995      1.442        132 1.4021e+02   996.9315 0.0000e+00
      1.035    25.5218     7.3175     89.420  36.518883     36.127      8.579   194.5743    12.4785     3.3656     0.0243      0.091      1.015      1.471        133 1.3923e+02   996.9326 0.0000e+00
      1.056    25.5175     7.3440     89.739  36.506847     36.129      8.579   194.7636    12.4518     3.3224     0.0243      0.090      1.031      1.495        134 1.3918e+02   996.9337 0.0000e+00
      1.062    25.5156     7.3625     89.966  36.432526     36.049      8.580   194.9908    12.8562     3.0772     0.0242      0.084      1.041      1.510        135 1.3764e+02   996.9344 0.0000e+00
      1.069    25.5172     7.3580     89.911  36.433567     36.052      8.583   195.1800    12.8714     3.2214     0.0242      0.075      1.051      1.525        136 1.3583e+02   996.9356 0.0000e+00
      1.086    25.5191     7.3291     89.557  36.446283     36.081      8.582   195.0665    12.8752     3.1349     0.0242      0.069      1.065      1.545        137 1.3361e+02   996.9362 0.0000e+00
      1.102    25.5211     7.3010     89.212  36.387068     35.997      8.586   195.0665    12.8791     3.1349     0.0242      0.062      1.082      1.569        138 1.3165e+02   996.9357 0.0000e+00
      1.123    25.5236     7.2540     88.635  36.418357     36.051      8.587   195.3693    12.8066     3.1061     0.0242      0.058      1.101      1.597        139 1.2881e+02   996.9354 0.0000e+00
      1.143    25.5252     7.1956     87.920  36.436978     36.049      8.584   195.4072    12.8180     2.9907     0.0242      0.059      1.120      1.625        140 1.2699e+02   996.9349 0.0000e+00
      1.160    25.5255     7.1353     87.182  36.423163     36.047      8.587   195.5965    12.7684     3.0628     0.0242      0.060      1.138      1.650        141 1.2553e+02   996.9344 0.0000e+00
      1.179    25.5245     7.0689     86.368  36.435550     36.046      8.585   195.6343    12.8218     3.1926     0.0242      0.063      1.157      1.677        142 1.2230e+02   996.9341 0.0000e+00
      1.199    25.5219     7.0131     85.684  36.451196     36.074      8.582   195.6343    13.7679     3.1926     0.0242      0.070      1.177      1.707        143 1.1924e+02   996.9340 0.0000e+00
      1.224    25.5194     6.9674     85.127  36.433325     36.047      8.579   195.8236    13.7755     3.1349     0.0242      0.075      1.200      1.741        144 1.1585e+02   996.9344 0.0000e+00
      1.249    25.5195     6.9308     84.676  36.428157     36.049      8.579   196.4672    13.7488     3.0628     0.0242      0.079      1.222      1.773        145 1.1273e+02   996.9352 0.0000e+00
      1.266    25.5200     6.9001     84.300  36.427996     36.051      8.573   196.5050    13.7641     2.9763     0.0242      0.081      1.241      1.800        146 1.1144e+02   996.9359 0.0000e+00
      1.282    25.5193     6.8748     83.986  36.433526     36.050      8.572   196.8458    15.7439     3.3512     0.0242      0.080      1.258      1.824        147 1.0954e+02   996.9360 0.0000e+00
      1.300    25.5181     6.8528     83.713  36.510178     36.133      8.571   196.6186    15.7325     3.3656     0.0243      0.080      1.275      1.850        148 1.0762e+02   996.9360 0.0000e+00
      1.321    25.5170     6.8284     83.411  36.510412     36.133      8.563   196.9972    15.7058     3.3224     0.0243      0.080      1.294      1.877        149 1.0685e+02   996.9362 0.0000e+00
      1.338    25.5157     6.8075     83.154  36.433235     36.051      8.562   197.3758    15.7210     3.3079     0.0242      0.078      1.313      1.904        150 1.0558e+02   996.9365 0.0000e+00
      1.358    25.5147     6.7837     82.860  36.428416     36.052      8.557   197.9815    15.5990     3.0916     0.0242      0.075      1.332      1.931        151 1.0470e+02   996.9369 0.0000e+00
      1.377    25.5128     6.7559     82.515  36.427506     36.053      8.556   197.9058    15.6104     3.0916     0.0242      0.073      1.352      1.961        152 1.0326e+02   996.9373 0.0000e+00
      1.401    25.5116     6.7243     82.125  36.434369     36.054      8.548   199.3822    15.6066     3.0340     0.0242      0.074      1.374      1.993        153 1.0119e+02   996.9378 0.0000e+00
      1.426    25.5118     6.6968     81.786  36.449511     36.083      8.541   199.9122    15.6295     3.0340     0.0242      0.078      1.397      2.026        154 9.9540e+01   996.9384 0.0000e+00
      1.445    25.5106     6.6703     81.457  36.438298     36.056      8.536   200.0636    15.6142     3.0051     0.0242      0.081      1.419      2.058        155 9.7042e+01   996.9388 0.0000e+00
      1.471    25.5090     6.6535     81.249  36.418690     36.056      8.527   200.7451    16.3085     3.3224     0.0242      0.084      1.441      2.089        156 9.4855e+01   996.9388 0.0000e+00
      1.490    25.5065     6.6433     81.119  36.385011     36.002      8.518   201.8051    16.3047     3.3800     0.0242      0.085      1.460      2.117        157 9.3460e+01   996.9392 0.0000e+00
      1.504    25.5036     6.6336     80.989  36.420943     36.058      8.511   203.2815    16.2933     3.3512     0.0242      0.084      1.477      2.142        158 9.1634e+01   996.9397 0.0000e+00
      1.526    25.5016     6.6352     81.000  36.462877     36.087      8.505   203.9251    16.2971     3.3079     0.0242      0.083      1.495      2.169        159 8.9747e+01   996.9404 0.0000e+00
      1.544    25.4999     6.6373     81.019  36.421730     36.062      8.500   204.0008    16.2513     3.1637     0.0242      0.081      1.513      2.195        160 8.8463e+01   996.9413 0.0000e+00
