Data/DataAlreadyUploadedToEDI/CollatedDataForEDI/CTDData/CTD_2019 (not collated)/072919_fcr20.cnv
* Sea-Bird SBE19plus  Data File:
* FileName = C:\DATA\0772919_fcr_0002.hex
* Software version 2.8.0.119
* Temperature SN = 7809
* Conductivity SN = 7809
* System UpLoad Time = Jul 29 2019 16:12:00
* <ApplicationData>
* <Seaterm232>
# nquan = 18
# nvalues = 318                         
# units = specified
# name 0 = depFM: Depth [fresh water, m]
# name 1 = tv290C: Temperature [ITS-90, deg C]
# name 2 = sbeox0Mg/L: Oxygen, SBE 43 [mg/l]
# name 3 = sbeox0PS: Oxygen, SBE 43 [% saturation]
# name 4 = c0uS/cm: Conductivity [uS/cm]
# name 5 = specc: Specific Conductance [uS/cm]
# name 6 = ph: pH
# name 7 = orp: Oxidation Reduction Potential [mV]
# name 8 = flECO-AFL: Fluorescence, WET Labs ECO-AFL/FL [mg/m^3]
# name 9 = turbWETntu0: Turbidity, WET Labs ECO [NTU]
# name 10 = sal00: Salinity, Practical [PSU]
# name 11 = dz/dtM: Descent Rate [m/s]
# name 12 = prdM: Pressure, Strain Gauge [db]
# name 13 = prdE: Pressure, Strain Gauge [psi]
# name 14 = scan: Scan Count
# name 15 = par/sat/log: PAR/Logarithmic, Satlantic
# name 16 = density00: Density [density, kg/m^3]
# name 17 = flag:  0.000e+00
# span 0 =     -0.549,      3.088       
# span 1 =    18.8335,    26.4501       
# span 2 =     0.0707,    10.3569       
# span 3 =      0.792,    125.096       
# span 4 =   2.111196, 154.339138       
# span 5 =      2.028,    175.675       
# span 6 =      7.209,      9.670       
# span 7 =  -217.5397,  1240.2295       
# span 8 =    -1.4682,    30.5490       
# span 9 =    -4.6518,    30.9506       
# span 10 =     0.0121,     0.0851      
# span 11 =     -0.010,      0.273      
# span 12 =     -0.538,      3.027      
# span 13 =     -0.780,      4.391      
# span 14 =          1,        318      
# span 15 = 1.8631e+01, 2.0337e+03      
# span 16 =   996.6832,   998.5166      
# span 17 = 0.0000e+00, 0.0000e+00      
# interval = seconds: 0.25
# start_time = Jul 29 2019 11:39:20 [Instrument's time stamp, header]
# bad_flag = -9.990e-29
*END*
[from data line 81]
      0.304    26.0050     7.7333     95.346  36.984980     36.255      9.204   159.2914     6.0621     2.9186     0.0244     -0.003      0.298      0.432         82 8.1253e+02   996.8039 0.0000e+00
      0.303    26.0060     7.6712     94.580  36.990421     36.254      9.195   159.0264     6.0468     2.8032     0.0244     -0.002      0.297      0.431         83 1.0270e+03   996.8038 0.0000e+00
      0.303    26.0069     7.6175     93.919  37.044140     36.309      9.193   159.3671     6.0506     3.0916     0.0245     -0.001      0.297      0.431         84 7.9306e+02   996.8039 0.0000e+00
      0.302    26.0070     7.5691     93.322  37.095940     36.363      9.187   159.7078     6.0392     3.0051     0.0245     -0.001      0.296      0.429         85 7.8903e+02   996.8036 0.0000e+00
      0.300    26.0076     7.5256     92.788  37.103768     36.363      9.185   159.7078     6.0545     3.0484     0.0245     -0.002      0.295      0.428         86 1.0841e+03   996.8033 0.0000e+00
      0.300    26.0083     7.4847     92.284  37.093668     36.363      9.180   159.8592     6.0506     3.0484     0.0245     -0.003      0.295      0.428         87 1.1248e+03   996.8033 0.0000e+00
      0.302    26.0090     7.4424     91.762  37.049237     36.307      9.174   159.8971     6.1727     3.0340     0.0245     -0.002      0.297      0.430         88 8.4287e+02   996.8031 0.0000e+00
      0.306    26.0099     7.4117     91.386  37.040520     36.307      9.170   159.9349     6.1613     2.9907     0.0245     -0.001      0.300      0.435         89 8.6363e+02   996.8030 0.0000e+00
      0.310    26.0104     7.3748     90.931  37.045247     36.306      9.166   160.4271     6.1651     3.1205     0.0245      0.002      0.303      0.439         90 1.0506e+03   996.8028 0.0000e+00
      0.310    26.0105     7.3462     90.578  36.984085     36.251      9.163   160.5407     6.1536     3.1493     0.0244      0.004      0.304      0.440         91 9.8565e+02   996.8025 0.0000e+00
      0.309    26.0105     7.3113     90.146  36.909188     36.169      9.161   160.6542     6.1384     3.0051     0.0244      0.005      0.303      0.438         92 1.0402e+03   996.8024 0.0000e+00
      0.306    26.0105     7.2700     89.638  36.901372     36.169      9.156   161.1085     6.1422     3.0628     0.0244      0.005      0.301      0.436         93 7.9800e+02   996.8024 0.0000e+00
      0.305    26.0106     7.2307     89.153  36.904905     36.169      9.151   160.7678     6.1498     3.0772     0.0244      0.004      0.300      0.435         94 6.8269e+02   996.8024 0.0000e+00
      0.305    26.0109     7.1968     88.737  36.904790     36.169      9.147   161.1464     6.1689     3.0340     0.0244      0.002      0.299      0.434         95 8.0289e+02   996.8023 0.0000e+00
      0.304    26.0115     7.1652     88.346  36.931152     36.196      9.147   161.0328     6.1613     3.0772     0.0244     -0.000      0.298      0.433         96 7.7805e+02   996.8023 0.0000e+00
      0.303    26.0119     7.1378     88.008  36.901735     36.168      9.142   161.5249     6.1040     3.1061     0.0244     -0.003      0.297      0.431         97 9.6033e+02   996.8022 0.0000e+00
      0.302    26.0124     7.1946     88.709  36.911763     36.168      9.139   161.2978     6.0850     3.1493     0.0244     -0.004      0.297      0.430         98 9.1324e+02   996.8021 0.0000e+00
      0.302    26.0132     7.2260     89.096  36.977942     36.250      9.135   161.5628     6.0697     3.0051     0.0244     -0.004      0.297      0.431         99 8.4494e+02   996.8020 0.0000e+00
      0.303    26.0137     7.2632     89.555  36.908282     36.167      9.133   161.9414     6.1079     3.0628     0.0244     -0.003      0.297      0.431        100 1.0493e+03   996.8018 0.0000e+00
      0.304    26.0131     7.2928     89.922  36.850277     36.112      9.130   162.0171     6.2261     2.9619     0.0244     -0.001      0.295      0.429        101 8.3823e+02   996.8016 0.0000e+00
      0.295    26.0129     7.3183     90.237  36.753777     36.029      9.130   161.9414     6.2299     3.0484     0.0243     -0.003      0.289      0.420        102 8.0850e+02   996.8014 0.0000e+00
      0.286    26.0131     7.3438     90.552  36.702392     35.948      9.130   162.3957     6.2223     3.0916     0.0243     -0.007      0.283      0.411        103 9.2474e+02   996.8015 0.0000e+00
      0.287    26.0132     7.3977     91.217  36.766051     36.057      9.129   162.3199     6.2261     3.0051     0.0244     -0.009      0.281      0.408        104 8.9939e+02   996.8016 0.0000e+00
      0.287    26.0133     7.4763     92.182  36.763459     36.002      9.127   162.4714     6.1651     2.8465     0.0243     -0.010      0.281      0.409        105 1.0076e+03   996.8015 0.0000e+00
      0.286    26.0133     7.5573     93.162  36.764888     36.057      9.123   162.4714     6.1918     2.9763     0.0244     -0.010      0.285      0.414        106 9.4222e+02   996.8015 0.0000e+00
      0.299    26.0133     7.6163     93.871  36.793906     36.030      9.120   163.1149     6.1422     2.8898     0.0243     -0.007      0.300      0.435        107 9.2673e+02   996.8015 0.0000e+00
      0.336    26.0131     7.6482     94.243  37.023696     36.303      9.103   163.0771     6.1689     2.8609     0.0245      0.006      0.328      0.475        108 8.3632e+02   996.8017 0.0000e+00
      0.366    26.0132     7.6536     94.302  37.041987     36.303      9.085   163.1528     6.2986     3.1205     0.0245      0.026      0.357      0.518        109 8.4310e+02   996.8019 0.0000e+00
      0.391    26.0138     7.6285     93.991  36.860049     36.112      9.077   163.8342     6.2910     3.1782     0.0244      0.048      0.382      0.553        110 8.8960e+02   996.8020 0.0000e+00
      0.410    26.0145     7.5868     93.478  36.835222     36.112      9.067   164.0614     6.3024     3.1349     0.0244      0.067      0.398      0.578        111 6.8475e+02   996.8020 0.0000e+00
      0.416    26.0152     7.5144     92.583  36.687629     35.947      9.055   164.3264     6.2986     3.0916     0.0243      0.076      0.408      0.592        112 9.0669e+02   996.8019 0.0000e+00
      0.420    26.0155     7.4469     91.743  36.658475     35.919      9.050   164.7428     6.2910     3.0340     0.0243      0.078      0.419      0.608        113 1.1788e+03   996.8017 0.0000e+00
      0.448    26.0162     7.4087     91.269  36.841870     36.111      9.052   165.7650     6.5160     3.0628     0.0244      0.080      0.445      0.645        114 6.6248e+02   996.8017 0.0000e+00
      0.492    26.0128     7.4062     91.233  36.992824     36.247      9.043   166.1814     6.5199     3.0916     0.0244      0.081      0.481      0.697        115 5.6233e+02   996.8018 0.0000e+00
      0.529    26.0023     7.4459     91.713  36.974410     36.247      9.039   165.9542     6.5199     3.0916     0.0244      0.083      0.515      0.747        116 6.8207e+02   996.8019 0.0000e+00
      0.555    25.9906     7.5070     92.450  36.864788     36.112      9.028   166.2571     6.5199     3.1205     0.0244      0.089      0.542      0.787        117 4.7372e+02   996.8029 0.0000e+00
      0.576    25.9798     7.5546     93.020  36.862533     36.147      9.021   166.6357     6.5847     3.2791     0.0244      0.096      0.566      0.821        118 5.1329e+02   996.8057 0.0000e+00
      0.602    25.9741     7.5777     93.294  36.799410     36.073      9.017   166.8250     6.5847     3.2503     0.0244      0.104      0.587      0.851        119 5.8381e+02   996.8089 0.0000e+00
      0.616    25.9736     7.5703     93.198  36.676635     35.972      9.015   166.7114     6.6076     3.2935     0.0243      0.109      0.602      0.874        120 5.5869e+02   996.8118 0.0000e+00
      0.625    25.9743     7.5303     92.702  36.511539     35.811      9.010   167.2414     6.5809     3.3945     0.0242      0.104      0.611      0.886        121 4.6674e+02   996.8133 0.0000e+00
      0.626    25.9720     7.4658     91.905  36.441815     35.729      9.004   167.4685     7.1607     3.2935     0.0242      0.087      0.616      0.893        122 4.7387e+02   996.8135 0.0000e+00
      0.632    25.9677     7.3864     90.923  36.555965     35.866      9.003   167.3550     7.2103     3.2647     0.0243      0.068      0.625      0.906        123 5.5269e+02   996.8134 0.0000e+00
      0.653    25.9652     7.3083     89.959  36.576923     35.867      9.001   167.8850     7.1645     3.3800     0.0243      0.056      0.642      0.931        124 5.2958e+02   996.8140 0.0000e+00
      0.677    25.9620     7.2427     89.148  36.623176     35.925      9.001   167.8092     7.1722     3.2935     0.0243      0.052      0.667      0.967        125 5.0263e+02   996.8153 0.0000e+00
      0.712    25.9565     7.2076     88.706  36.735482     36.036      8.993   168.3771     7.3744     3.0628     0.0243      0.056      0.697      1.011        126 5.4117e+02   996.8161 0.0000e+00
      0.744    25.9474     7.1923     88.497  36.792779     36.093      8.982   168.6043     7.3705     3.0628     0.0244      0.064      0.725      1.052        127 4.5574e+02   996.8170 0.0000e+00
      0.764    25.9377     7.1850     88.384  36.729683     36.042      8.970   168.6800     7.3477     3.1061     0.0243      0.076      0.745      1.081        128 4.4297e+02   996.8186 0.0000e+00
      0.773    25.9317     7.2219     88.814  36.576928     35.885      8.961   168.7935     7.3629     3.0628     0.0243      0.084      0.758      1.099        129 5.1578e+02   996.8210 0.0000e+00
      0.782    25.9288     7.2480     89.110  36.508729     35.836      8.955   168.7935     7.5422     3.1061     0.0242      0.087      0.769      1.115        130 4.9360e+02   996.8237 0.0000e+00
      0.796    25.9269     7.2528     89.147  36.518215     35.841      8.954   169.3993     7.5155     3.1061     0.0242      0.084      0.781      1.133        131 4.4238e+02   996.8253 0.0000e+00
      0.810    25.9248     7.2399     88.969  36.565127     35.898      8.949   169.5507     7.5002     3.1349     0.0243      0.075      0.796      1.155        132 4.3692e+02   996.8261 0.0000e+00
      0.830    25.9226     7.2061     88.540  36.568890     35.899      8.949   169.4371     7.5041     2.9763     0.0243      0.067      0.813      1.180        133 4.4876e+02   996.8268 0.0000e+00
      0.847    25.9206     7.1494     87.839  36.572804     35.900      8.947   169.8157     7.5422     3.0195     0.0243      0.060      0.831      1.205        134 4.3800e+02   996.8274 0.0000e+00
      0.865    25.9184     7.0833     87.022  36.589891     35.929      8.942   169.7778     7.9847     3.2935     0.0243      0.057      0.849      1.231        135 4.0461e+02   996.8281 0.0000e+00
      0.885    25.9124     7.0125     86.146  36.577260     35.903      8.935   170.3835     7.9771     3.2935     0.0243      0.060      0.869      1.261        136 4.0327e+02   996.8287 0.0000e+00
      0.910    25.8999     6.9416     85.267  36.677428     36.015      8.930   170.5728     7.9351     3.3079     0.0243      0.067      0.893      1.295        137 4.1776e+02   996.8294 0.0000e+00
      0.937    25.8851     6.8923     84.657  36.731946     36.074      8.916   170.9514     7.9466     3.2214     0.0243      0.075      0.919      1.332        138 3.7856e+02   996.8311 0.0000e+00
      0.962    25.8700     6.8564     84.213  36.746493     36.083      8.908   170.9514     8.3166     3.1349     0.0243      0.081      0.944      1.369        139 3.5418e+02   996.8346 0.0000e+00
      0.988    25.8547     6.8375     83.975  36.718600     36.093      8.899   171.1407     8.3052     3.0484     0.0243      0.087      0.966      1.401        140 3.7123e+02   996.8386 0.0000e+00
      1.003    25.8412     6.8293     83.866  36.618493     35.967      8.892   171.0650     8.3280     3.0340     0.0243      0.089      0.981      1.423        141 3.7224e+02   996.8426 0.0000e+00
      1.012    25.8291     6.8170     83.709  36.545102     35.950      8.887   171.6328     8.3128     3.0195     0.0243      0.087      0.990      1.437        142 3.4784e+02   996.8467 0.0000e+00
      1.016    25.8210     6.8068     83.580  36.395058     35.767      8.879   171.7843     8.1983     3.1349     0.0242      0.080      0.996      1.446        143 3.5699e+02   996.8502 0.0000e+00
      1.021    25.8178     6.7974     83.459  36.360711     35.776      8.876   172.0493     8.2060     3.0195     0.0242      0.069      1.004      1.456        144 3.7090e+02   996.8534 0.0000e+00
      1.035    25.8149     6.7970     83.440  36.439680     35.837      8.874   172.2007     8.1983     3.0772     0.0242      0.058      1.016      1.474        145 3.3849e+02   996.8557 0.0000e+00
      1.053    25.8109     6.8061     83.539  36.504225     35.921      8.868   172.4657     8.2060     3.1205     0.0242      0.050      1.033      1.498        146 3.3332e+02   996.8567 0.0000e+00
      1.071    25.8061     6.8259     83.770  36.576732     35.978      8.866   172.5035     8.4234     2.8032     0.0243      0.046      1.051      1.525        147 3.3893e+02   996.8575 0.0000e+00
      1.093    25.8026     6.8492     84.044  36.616160     36.036      8.857   172.8443     8.3967     2.8177     0.0243      0.047      1.071      1.554        148 3.1761e+02   996.8586 0.0000e+00
      1.113    25.8009     6.8823     84.445  36.573699     35.984      8.850   172.8443     8.4196     2.8321     0.0243      0.054      1.089      1.581        149 3.0539e+02   996.8600 0.0000e+00
      1.127    25.7974     6.9177     84.870  36.570307     35.987      8.844   172.9957     8.4310     2.7456     0.0243      0.061      1.104      1.601        150 3.0481e+02   996.8609 0.0000e+00
      1.137    25.7922     6.9466     85.209  36.620382     36.043      8.839   172.9200     8.3090     2.8177     0.0243      0.065      1.114      1.615        151 3.0538e+02   996.8615 0.0000e+00
      1.142    25.7878     6.9515     85.259  36.511384     35.936      8.832   173.1850     8.3357     2.8465     0.0242      0.064      1.120      1.625        152 3.0254e+02   996.8624 0.0000e+00
      1.148    25.7853     6.9446     85.165  36.439245     35.857      8.828   173.3743     8.3128     2.8032     0.0242      0.058      1.128      1.636        153 2.9840e+02   996.8638 0.0000e+00
      1.159    25.7811     6.9255     84.916  36.502719     35.942      8.827   173.4121     8.3204     2.7888     0.0242      0.051      1.140      1.652        154 2.9242e+02   996.8650 0.0000e+00
      1.178    25.7729     6.9003     84.593  36.521298     35.944      8.821   173.4500     8.2785     2.7888     0.0242      0.047      1.156      1.676        155 2.8473e+02   996.8657 0.0000e+00
      1.198    25.7644     6.8814     84.350  36.564298     36.002      8.815   174.0936     7.8932     2.8465     0.0243      0.045      1.174      1.703        156 2.7872e+02   996.8669 0.0000e+00
      1.215    25.7557     6.8651     84.150  36.627015     36.063      8.805   173.9800     7.9122     2.8465     0.0243      0.047      1.192      1.729        157 2.7290e+02   996.8692 0.0000e+00
      1.235    25.7486     6.8497     83.958  36.650692     36.096      8.797   174.5478     7.9008     2.9474     0.0243      0.053      1.211      1.757        158 2.6606e+02   996.8715 0.0000e+00
      1.256    25.7453     6.8346     83.770  36.683010     36.130      8.785   174.5857     7.8970     2.8753     0.0243      0.061      1.230      1.784        159 2.5751e+02   996.8739 0.0000e+00
      1.270    25.7388     6.8179     83.562  36.675707     36.135      8.781   174.7750     8.5875     3.0051     0.0243      0.067      1.245      1.804        160 2.5298e+02   996.8758 0.0000e+00
