Data/DataAlreadyUploadedToEDI/CollatedDataForEDI/CTDData/CTD_2019 (not collated)/072919_fcr20.cnv
* Sea-Bird SBE19plus  Data File:
* FileName = C:\DATA\0772919_fcr_0002.hex
* Software version 2.8.0.119
* Temperature SN = 7809
* Conductivity SN = 7809
* System UpLoad Time = Jul 29 2019 16:12:00
* <ApplicationData>
* <Seaterm232>
# nquan = 18
# nvalues = 318                         
# units = specified
# name 0 = depFM: Depth [fresh water, m]
# name 1 = tv290C: Temperature [ITS-90, deg C]
# name 2 = sbeox0Mg/L: Oxygen, SBE 43 [mg/l]
# name 3 = sbeox0PS: Oxygen, SBE 43 [% saturation]
# name 4 = c0uS/cm: Conductivity [uS/cm]
# name 5 = specc: Specific Conductance [uS/cm]
# name 6 = ph: pH
# name 7 = orp: Oxidation Reduction Potential [mV]
# name 8 = flECO-AFL: Fluorescence, WET Labs ECO-AFL/FL [mg/m^3]
# name 9 = turbWETntu0: Turbidity, WET Labs ECO [NTU]
# name 10 = sal00: Salinity, Practical [PSU]
# name 11 = dz/dtM: Descent Rate [m/s]
# name 12 = prdM: Pressure, Strain Gauge [db]
# name 13 = prdE: Pressure, Strain Gauge [psi]
# name 14 = scan: Scan Count
# name 15 = par/sat/log: PAR/Logarithmic, Satlantic
# name 16 = density00: Density [density, kg/m^3]
# name 17 = flag:  0.000e+00
# span 0 =     -0.549,      3.088       
# span 1 =    18.8335,    26.4501       
# span 2 =     0.0707,    10.3569       
# span 3 =      0.792,    125.096       
# span 4 =   2.111196, 154.339138       
# span 5 =      2.028,    175.675       
# span 6 =      7.209,      9.670       
# span 7 =  -217.5397,  1240.2295       
# span 8 =    -1.4682,    30.5490       
# span 9 =    -4.6518,    30.9506       
# span 10 =     0.0121,     0.0851      
# span 11 =     -0.010,      0.273      
# span 12 =     -0.538,      3.027      
# span 13 =     -0.780,      4.391      
# span 14 =          1,        318      
# span 15 = 1.8631e+01, 2.0337e+03      
# span 16 =   996.6832,   998.5166      
# span 17 = 0.0000e+00, 0.0000e+00      
# interval = seconds: 0.25
# start_time = Jul 29 2019 11:39:20 [Instrument's time stamp, header]
# bad_flag = -9.990e-29
*END*
     -0.548    25.5874     7.8217     95.646   2.111196      2.028      7.296   444.5079    -0.0949    -0.3114     0.0121      0.000     -0.537     -0.779          1 1.5464e+02   996.9011 0.0000e+00
     -0.548    25.5877     7.8233     95.667   2.606574      2.634      7.295   422.6643    -0.0835    -0.2682     0.0122 -2.105e-16     -0.537     -0.779          2 2.0450e+02   996.9011 0.0000e+00
     -0.548    25.5876     7.8211     95.641   2.582784      2.524      7.286   404.8714    -0.1140    -0.3403     0.0122     -0.000     -0.537     -0.780          3 3.5129e+02   996.9010 0.0000e+00
     -0.548    25.5873     7.8212     95.643   2.495810      2.469      7.277   388.1006    -0.8884    -0.4268     0.0122     -0.000     -0.537     -0.780          4 2.0105e+02   996.9009 0.0000e+00
     -0.548    25.5864     7.8209     95.642   2.744397      2.717      7.278   387.4949    -0.8922    -0.5277     0.0122     -0.000     -0.537     -0.780          5 1.4442e+02   996.9010 0.0000e+00
     -0.547    25.5822     7.8233     95.732   2.924287      2.882      7.277   371.7084    -0.8960    -0.5854     0.0123     -0.000     -0.537     -0.779          6 1.6956e+02   996.9011 0.0000e+00
     -0.548    25.5750     7.7924     95.730   2.952393      2.937      7.275   359.2155    -0.9113    -0.5277     0.0123      0.000     -0.537     -0.779          7 1.3730e+02   996.9014 0.0000e+00
     -0.547    25.5691     7.7542     95.649   2.946100      2.882      7.272   351.1141    -0.8960    -0.5566     0.0123      0.000     -0.537     -0.779          8 1.2917e+02   996.9024 0.0000e+00
     -0.548    25.5649     7.7297     95.624   3.375899      3.351      7.266   341.6876     0.2026     2.6158     0.0124      0.000     -0.537     -0.780          9 1.5664e+02   996.9044 0.0000e+00
     -0.548    25.5635     7.7158     95.666   3.305076      3.297      7.267   323.5161     0.2026     2.6158     0.0124      0.000     -0.538     -0.780         10 2.3157e+02   996.9060 0.0000e+00
     -0.549    25.5622     7.7105     95.759   3.152579      3.049      7.269   307.8432     0.1950     2.6302     0.0123     -0.000     -0.538     -0.780         11 2.2638e+02   996.9070 0.0000e+00
     -0.548    25.5644     7.7280     96.030   2.973970      3.049      7.269   293.6089     0.2103     2.6879     0.0123     -0.000     -0.538     -0.780         12 2.7116e+02   996.9073 0.0000e+00
     -0.549    25.5627     7.7535     96.360   3.320253      3.104      7.268   278.8824    -1.4682     4.1875     0.0123     -0.001     -0.538     -0.780         13 3.2448e+02   996.9078 0.0000e+00
     -0.548    25.5672     7.7994     96.902   2.928734      3.187      7.269   265.4052    -1.4530     4.1587     0.0123     -0.000     -0.538     -0.780         14 3.6542e+02   996.9072 0.0000e+00
     -0.548    25.5619     7.8534     97.507   3.372452      2.884      7.267   252.0416    -1.4301     4.1443     0.0123     -0.000     -0.538     -0.780         15 4.9368e+02   996.9077 0.0000e+00
     -0.548    25.6076     7.9019     98.078   2.146762      2.828      7.276   228.4187    -1.4568     4.2452     0.0123     -0.000     -0.537     -0.779         16 6.6677e+02   996.9062 0.0000e+00
     -0.548    25.8099     7.9473     98.613   3.744043      2.580      7.209  -217.5397     0.5421    -4.6229     0.0122     -0.000     -0.531     -0.771         17 8.0288e+02   996.9080 0.0000e+00
     -0.531    26.0376     7.9914     99.088  17.248345     17.901      7.348  1240.2295     0.5765    -4.6374     0.0171      0.005     -0.505     -0.732         18 9.8633e+02   996.8994 0.0000e+00
     -0.462    26.1948     8.0293     99.449  30.335226     29.276      7.887   199.0793     0.5650    -4.6518     0.0216      0.026     -0.445     -0.645         19 1.3258e+03   996.8501 0.0000e+00
     -0.367    26.3212     8.0623     99.792  37.086970     36.971      8.420   184.5043     0.5841    -4.6374     0.0247      0.066     -0.363     -0.527         20 1.4925e+03   996.7922 0.0000e+00
     -0.282    26.4090     8.0926    100.132  38.144265     36.855      8.855   182.0814    -0.2246    30.8497     0.0247      0.118     -0.282     -0.410         21 1.7391e+03   996.7509 0.0000e+00
     -0.216    26.4434     8.0923    100.087  37.493649     36.766      9.124   187.0407    -0.2361    30.8930     0.0247      0.168     -0.212     -0.307         22 1.7193e+03   996.7171 0.0000e+00
     -0.148    26.4501     8.1216    100.380  37.837316     36.647      9.324   182.7250    -0.2284    30.8930     0.0247      0.216     -0.147     -0.213         23 1.8072e+03   996.6939 0.0000e+00
     -0.085    26.4336     8.1782    100.976  37.538718     36.570      9.490   182.7629    -0.2246    30.9506     0.0247      0.253     -0.087     -0.126         24 1.6005e+03   996.6849 0.0000e+00
     -0.032    26.3976     8.2339    101.573  37.628138     36.510      9.588   184.6936     4.6964     2.8753     0.0246      0.273     -0.034     -0.050         25 7.6270e+02   996.6832 0.0000e+00
      0.014    26.3786     8.2748    102.020  37.429670     36.413      9.640   185.6779     4.6811     2.8465     0.0246      0.272      0.008      0.012         26 1.2019e+03   996.6879 0.0000e+00
      0.043    26.3634     8.2957    102.237  37.400451     36.359      9.666   188.7822     4.6697     2.8177     0.0246      0.248      0.041      0.059         27 1.1840e+03   996.6977 0.0000e+00
      0.068    26.3219     8.2728    101.920  37.368158     36.371      9.670   187.7600     4.6583     2.9186     0.0246      0.215      0.071      0.103         28 1.2764e+03   996.7029 0.0000e+00
      0.109    26.2638     8.2065    101.069  37.380963     36.382      9.666   186.5486     4.6811     2.8321     0.0246      0.190      0.103      0.150         29 2.0337e+03   996.7072 0.0000e+00
      0.136    26.2258     8.1473    100.312  37.206715     36.248      9.649   185.9807     5.0054     2.6302     0.0245      0.167      0.131      0.190         30 1.1163e+03   996.7184 0.0000e+00
      0.155    26.2066     8.0952     99.649  37.110860     36.181      9.634   185.1479     5.0283     2.7311     0.0245      0.145      0.153      0.222         31 8.2894e+02   996.7340 0.0000e+00
      0.178    26.1837     8.1059     99.766  37.203924     36.316      9.618   183.2171     5.0397     2.5725     0.0245      0.126      0.173      0.251         32 1.8195e+03   996.7444 0.0000e+00
      0.193    26.1449     8.1553    100.362  37.268730     36.384      9.611   158.1556     5.0207     2.6446     0.0245      0.110      0.194      0.282         33 1.6314e+03   996.7496 0.0000e+00
      0.226    26.0897     8.1978    100.876  37.267305     36.401      9.609   154.6728     5.0550     2.6302     0.0245      0.102      0.222      0.322         34 6.2878e+02   996.7559 0.0000e+00
      0.260    26.0404     8.2211    101.156  37.264981     36.428      9.594   153.1206     5.0626     2.6590     0.0245      0.101      0.252      0.365         35 6.1212e+02   996.7664 0.0000e+00
      0.285    26.0090     8.2198    101.135  37.212373     36.413      9.581   152.6663     5.0397     2.5149     0.0245      0.100      0.276      0.400         36 9.0562e+02   996.7812 0.0000e+00
      0.301    25.9874     8.1789    100.631  37.154989     36.394      9.566   152.3635     5.0397     2.6014     0.0245      0.096      0.291      0.422         37 6.9859e+02   996.7944 0.0000e+00
      0.305    25.9682     8.0915     99.559  37.158605     36.416      9.546   151.8335     5.1771     2.9907     0.0245      0.091      0.298      0.432         38 8.8979e+02   996.8029 0.0000e+00
      0.306    25.9503     7.9578     97.926  37.148618     36.431      9.527   151.9092     5.1694     2.8321     0.0245      0.082      0.299      0.434         39 8.3578e+02   996.8086 0.0000e+00
      0.305    25.9348     7.7880     95.857  37.167428     36.445      9.512   151.4171     5.1351     2.8321     0.0245      0.069      0.299      0.434         40 7.6094e+02   996.8136 0.0000e+00
      0.304    25.9233     7.6302     93.938  37.194476     36.513      9.499   151.6063     5.1542     2.8465     0.0245      0.052      0.299      0.433         41 9.2436e+02   996.8184 0.0000e+00
      0.305    25.9150     7.4933     92.268  37.114968     36.414      9.487   151.7578     5.2267     2.5870     0.0245      0.033      0.299      0.434         42 7.3943e+02   996.8225 0.0000e+00
      0.306    25.9082     7.3783     90.865  37.088572     36.423      9.481   151.7199     5.2305     2.6446     0.0245      0.017      0.299      0.435         43 6.9481e+02   996.8256 0.0000e+00
      0.305    25.9029     7.2906     89.798  37.049519     36.373      9.470   151.9471     5.2152     2.7023     0.0245      0.006      0.299      0.434         44 7.9331e+02   996.8277 0.0000e+00
      0.303    25.8991     7.2463     89.264  37.045032     36.379      9.466   152.1363     5.2190     2.6158     0.0245      0.001      0.299      0.433         45 7.8565e+02   996.8296 0.0000e+00
      0.306    25.8970     7.2783     89.670  37.094160     36.437      9.455   152.2878     5.2686     2.8465     0.0245     -0.000      0.301      0.436         46 7.6925e+02   996.8310 0.0000e+00
      0.310    25.8962     7.3852     90.998  37.047654     36.385      9.447   152.7042     5.2610     2.8321     0.0245      0.001      0.303      0.439         47 8.5657e+02   996.8320 0.0000e+00
      0.310    25.8981     7.5490     93.026  37.043639     36.386      9.436   152.9692     5.2724     2.8177     0.0245      0.002      0.304      0.441         48 7.8446e+02   996.8326 0.0000e+00
      0.310    25.9051     7.7366     95.347  37.099157     36.442      9.427   152.7421     5.2686     2.8898     0.0245      0.003      0.305      0.442         49 7.1955e+02   996.8328 0.0000e+00
      0.312    25.9170     7.9242     97.668  37.097103     36.441      9.415   153.0449     5.2686     2.7600     0.0245      0.004      0.306      0.444         50 7.6593e+02   996.8323 0.0000e+00
      0.313    25.9298     8.0990     99.830  37.105464     36.436      9.405   153.1206     5.5013     2.8465     0.0245      0.004      0.307      0.446         51 9.7292e+02   996.8305 0.0000e+00
      0.313    25.9398     8.2610    101.830  37.148019     36.482      9.398   153.5371     5.4861     2.8321     0.0245      0.005      0.307      0.446         52 5.7627e+02   996.8273 0.0000e+00
      0.313    25.9478     8.3458    102.876  37.103409     36.418      9.391   153.5749     5.5128     2.7456     0.0245      0.005      0.307      0.446         53 7.0977e+02   996.8238 0.0000e+00
      0.314    25.9551     8.4074    103.636  37.101703     36.411      9.384   153.8399     5.5128     2.8609     0.0245      0.003      0.308      0.446         54 1.4868e+03   996.8212 0.0000e+00
      0.314    25.9624     8.4278    103.887  37.150137     36.460      9.377   154.3321     5.7455     2.9186     0.0245      0.002      0.308      0.447         55 8.4119e+02   996.8191 0.0000e+00
      0.315    25.9696     8.4243    103.844  37.161673     36.454      9.369   154.1806     5.7378     2.8465     0.0245      0.002      0.308      0.447         56 5.1355e+02   996.8172 0.0000e+00
      0.314    25.9761     8.4080    103.643  37.146614     36.449      9.360   154.4835     5.7264     2.8177     0.0245      0.001      0.308      0.447         57 6.9211e+02   996.8152 0.0000e+00
      0.315    25.9817     8.3845    103.357  37.109603     36.389      9.356   154.8242     5.7378     2.8898     0.0245      0.001      0.309      0.448         58 7.3254e+02   996.8133 0.0000e+00
      0.316    25.9873     8.3657    103.128  37.089187     36.385      9.346   155.0514     5.6043     2.9186     0.0245      0.001      0.310      0.450         59 8.9604e+02   996.8116 0.0000e+00
      0.317    25.9927     8.3492    102.926  37.112747     36.381      9.338   155.2406     5.5471     2.8032     0.0245      0.002      0.310      0.450         60 8.9647e+02   996.8101 0.0000e+00
      0.316    25.9967     8.3292    102.678  37.139551     36.431      9.330   155.4678     5.5509     2.8465     0.0245      0.002      0.309      0.449         61 1.0555e+03   996.8086 0.0000e+00
      0.314    25.9986     8.2992    102.307  37.115098     36.373      9.322   155.4678     5.5624     2.9907     0.0245      0.001      0.308      0.448         62 1.0702e+03   996.8072 0.0000e+00
      0.313    25.9988     8.2750    102.008  37.143177     36.425      9.314   155.9599     5.8904     2.8609     0.0245      0.000      0.307      0.446         63 7.5694e+02   996.8061 0.0000e+00
      0.313    25.9989     8.2491    101.687  37.163875     36.423      9.307   155.8085     5.8523     2.8177     0.0245     -0.001      0.307      0.445         64 9.1484e+02   996.8056 0.0000e+00
      0.312    25.9991     8.2251    101.391  37.148609     36.423      9.300   156.1492     5.8599     2.8177     0.0245     -0.001      0.306      0.444         65 1.0205e+03   996.8056 0.0000e+00
      0.312    25.9986     8.2094    101.197  37.102905     36.368      9.293   156.4899     5.8370     2.8321     0.0245     -0.002      0.306      0.444         66 7.9324e+02   996.8055 0.0000e+00
      0.312    25.9988     8.1952    101.024  37.102211     36.368      9.286   156.8685     5.8561     2.6735     0.0245     -0.003      0.306      0.443         67 8.5392e+02   996.8055 0.0000e+00
      0.311    26.0004     8.1888    100.949  37.090201     36.369      9.280   157.0199     5.8675     2.7311     0.0245     -0.003      0.305      0.442         68 7.7113e+02   996.8056 0.0000e+00
      0.310    26.0025     8.1920    100.990  37.058582     36.314      9.272   157.1714     5.8637     2.7311     0.0245     -0.002      0.305      0.442         69 8.2486e+02   996.8055 0.0000e+00
      0.311    26.0031     8.1964    101.045  37.082291     36.367      9.266   157.4364     5.8713     2.6158     0.0245     -0.002      0.305      0.442         70 9.1277e+02   996.8051 0.0000e+00
      0.310    26.0020     8.1976    101.060  37.060694     36.311      9.259   157.2849     5.8637     2.6302     0.0245     -0.002      0.305      0.442         71 8.7511e+02   996.8046 0.0000e+00
      0.311    26.0014     8.1885    100.949  37.085458     36.365      9.255   157.5121     5.8752     2.8753     0.0245     -0.001      0.305      0.442         72 6.9156e+02   996.8044 0.0000e+00
      0.311    26.0010     8.1845    100.901  37.110743     36.366      9.249   157.6256     5.8866     2.7456     0.0245     -0.001      0.305      0.442         73 6.2228e+02   996.8046 0.0000e+00
      0.310    26.0005     8.1721    100.750  37.088498     36.367      9.243   158.0042     5.8637     2.7600     0.0245     -0.001      0.304      0.441         74 8.3327e+02   996.8048 0.0000e+00
      0.309    26.0001     8.1527    100.511  37.113143     36.367      9.238   157.8149     5.8675     2.8465     0.0245     -0.001      0.303      0.439         75 8.5542e+02   996.8050 0.0000e+00
      0.307    26.0001     8.1163    100.063  37.139344     36.422      9.233   158.2314     5.9972     2.9330     0.0245     -0.001      0.301      0.436         76 9.0463e+02   996.8051 0.0000e+00
      0.304    26.0017     8.0564     99.325  37.115161     36.368      9.227   158.4964     5.9820     2.8321     0.0245     -0.002      0.299      0.434         77 8.4622e+02   996.8052 0.0000e+00
      0.304    26.0033     7.9901     98.510  37.083967     36.368      9.224   158.3828     5.9820     2.8898     0.0245     -0.003      0.299      0.433         78 8.0470e+02   996.8052 0.0000e+00
      0.305    26.0043     7.9159     97.597  37.059623     36.312      9.220   158.6478     5.9705     2.8032     0.0245     -0.004      0.300      0.434         79 9.1479e+02   996.8047 0.0000e+00
      0.306    26.0049     7.8564     96.864  37.086185     36.365      9.215   158.6857     6.0545     2.8465     0.0245     -0.003      0.300      0.434         80 8.3489e+02   996.8042 0.0000e+00
