Data/DataAlreadyUploadedToEDI/CollatedDataForEDI/CTDData/CTD_2019 (not collated)/072919_fcr20.cnv
* Sea-Bird SBE19plus  Data File:
* FileName = C:\DATA\0772919_fcr_0002.hex
* Software version 2.8.0.119
* Temperature SN = 7809
* Conductivity SN = 7809
* System UpLoad Time = Jul 29 2019 16:12:00
* <ApplicationData>
* <Seaterm232>
# nquan = 18
# nvalues = 318                         
# units = specified
# name 0 = depFM: Depth [fresh water, m]
# name 1 = tv290C: Temperature [ITS-90, deg C]
# name 2 = sbeox0Mg/L: Oxygen, SBE 43 [mg/l]
# name 3 = sbeox0PS: Oxygen, SBE 43 [% saturation]
# name 4 = c0uS/cm: Conductivity [uS/cm]
# name 5 = specc: Specific Conductance [uS/cm]
# name 6 = ph: pH
# name 7 = orp: Oxidation Reduction Potential [mV]
# name 8 = flECO-AFL: Fluorescence, WET Labs ECO-AFL/FL [mg/m^3]
# name 9 = turbWETntu0: Turbidity, WET Labs ECO [NTU]
# name 10 = sal00: Salinity, Practical [PSU]
# name 11 = dz/dtM: Descent Rate [m/s]
# name 12 = prdM: Pressure, Strain Gauge [db]
# name 13 = prdE: Pressure, Strain Gauge [psi]
# name 14 = scan: Scan Count
# name 15 = par/sat/log: PAR/Logarithmic, Satlantic
# name 16 = density00: Density [density, kg/m^3]
# name 17 = flag:  0.000e+00
# span 0 =     -0.549,      3.088       
# span 1 =    18.8335,    26.4501       
# span 2 =     0.0707,    10.3569       
# span 3 =      0.792,    125.096       
# span 4 =   2.111196, 154.339138       
# span 5 =      2.028,    175.675       
# span 6 =      7.209,      9.670       
# span 7 =  -217.5397,  1240.2295       
# span 8 =    -1.4682,    30.5490       
# span 9 =    -4.6518,    30.9506       
# span 10 =     0.0121,     0.0851      
# span 11 =     -0.010,      0.273      
# span 12 =     -0.538,      3.027      
# span 13 =     -0.780,      4.391      
# span 14 =          1,        318      
# span 15 = 1.8631e+01, 2.0337e+03      
# span 16 =   996.6832,   998.5166      
# span 17 = 0.0000e+00, 0.0000e+00      
# interval = seconds: 0.25
# start_time = Jul 29 2019 11:39:20 [Instrument's time stamp, header]
# bad_flag = -9.990e-29
*END*
[from data line 242]
      2.268    23.3508     5.1545     59.465  35.688349     36.780      8.196   206.6886    23.2476     4.2164     0.0240      0.049      2.224      3.225        243 6.3671e+01   997.4500 0.0000e+00
      2.290    23.2165     4.9288     56.779  35.558393     36.689      8.187   206.8401    25.2846     4.1875     0.0239      0.056      2.244      3.254        244 6.2213e+01   997.4587 0.0000e+00
      2.306    23.1008     4.6072     53.052  35.481227     36.686      8.180   207.2565    25.2999     4.2164     0.0239      0.062      2.260      3.278        245 6.0978e+01   997.4846 0.0000e+00
      2.318    23.0081     4.1983     48.298  35.488096     36.788      8.174   207.6351    25.2732     4.2741     0.0239      0.065      2.274      3.297        246 5.9910e+01   997.5168 0.0000e+00
      2.332    22.9324     3.7093     42.593  35.638807     37.051      8.167   208.0515    25.2694     4.1587     0.0240      0.066      2.288      3.317        247 5.8656e+01   997.5445 0.0000e+00
      2.347    22.8562     3.2646     37.404  35.619692     37.093      8.160   208.0894    27.6002     4.1875     0.0240      0.066      2.304      3.341        248 5.6752e+01   997.5667 0.0000e+00
      2.369    22.7699     2.8667     32.774  35.630463     37.152      8.155   208.3922    27.6193     4.2741     0.0240      0.066      2.322      3.367        249 5.5082e+01   997.5847 0.0000e+00
      2.386    22.6869     2.5073     28.610  35.892145     37.503      8.144   209.0358    27.6078     4.1154     0.0241      0.066      2.338      3.391        250 5.4146e+01   997.6028 0.0000e+00
      2.397    22.6042     2.1871     24.909  36.034915     37.717      8.138   209.0358    27.6155     4.1587     0.0242      0.063      2.351      3.410        251 5.3094e+01   997.6232 0.0000e+00
      2.411    22.5228     1.9056     21.668  36.104774     37.841      8.132   209.6037    28.9659     4.1731     0.0242      0.061      2.364      3.429        252 5.2110e+01   997.6428 0.0000e+00
      2.424    22.4414     1.7334     19.688  36.279395     38.111      8.124   209.5658    28.9659     4.2308     0.0243      0.060      2.377      3.449        253 5.0987e+01   997.6622 0.0000e+00
      2.440    22.3718     1.6155     18.330  36.380696     38.267      8.123   209.9065    28.9621     4.2452     0.0243      0.060      2.392      3.469        254 4.9511e+01   997.6812 0.0000e+00
      2.455    22.3441     1.5284     17.325  36.512168     38.477      8.115   210.3608    28.9773     4.3029     0.0244      0.059      2.406      3.489        255 4.8904e+01   997.7003 0.0000e+00
      2.465    22.2968     1.4548     16.473  36.738150     38.774      8.109   210.4744    30.5337     4.0001     0.0245      0.056      2.417      3.505        256 4.8203e+01   997.7164 0.0000e+00
      2.476    22.1992     1.3703     15.500  36.988548     39.057      8.104   210.6258    30.5414     3.9712     0.0246      0.053      2.430      3.523        257 4.6914e+01   997.7229 0.0000e+00
      2.493    22.0853     1.2722     14.375  37.326717     39.452      8.100   211.0801    30.5337     4.0433     0.0248      0.052      2.445      3.545        258 4.5631e+01   997.7340 0.0000e+00
      2.510    21.9732     1.1277     12.723  37.739852     39.977      8.096   212.0265    30.5490     4.0145     0.0249      0.054      2.460      3.568        259 4.4695e+01   997.7566 0.0000e+00
      2.523    21.8712     0.9425     10.616  38.045181     40.401      8.091   212.1401    30.2476     3.9424     0.0251      0.054      2.475      3.590        260 4.3716e+01   997.7828 0.0000e+00
      2.539    21.7735     0.7218      8.118  38.487915     40.943      8.085   212.1401    30.2286     3.8992     0.0253      0.055      2.489      3.610        261 4.2687e+01   997.8086 0.0000e+00
      2.550    21.6915     0.4741      5.327  38.967185     41.598      8.079   212.4808    30.2133     4.0289     0.0255      0.055      2.499      3.625        262 4.2387e+01   997.8319 0.0000e+00
      2.555    21.6317     0.2784      3.126  39.138157     41.804      8.068   212.7079    30.2324     3.9424     0.0256      0.053      2.507      3.636        263 4.2017e+01   997.8540 0.0000e+00
      2.562    21.5814     0.1408      1.579  39.282900     42.088      8.063   213.0487    30.2400     3.9568     0.0257      0.051      2.514      3.646        264 4.1389e+01   997.8725 0.0000e+00
      2.572    21.5294     0.0776      0.870  39.498431     42.321      8.056   213.2758    29.6869     4.0578     0.0258      0.047      2.524      3.661        265 4.0485e+01   997.8860 0.0000e+00
      2.588    21.4737     0.0707      0.792  39.996260     42.936      8.052   213.7301    29.6487     4.0433     0.0260      0.043      2.537      3.680        266 3.9393e+01   997.8975 0.0000e+00
      2.601    21.4203     0.0979      1.095  40.471415     43.494      8.045   213.8815    29.6754     3.9424     0.0262      0.042      2.549      3.697        267 3.8949e+01   997.9092 0.0000e+00
      2.609    21.3643     0.1356      1.510  40.744832     43.817      8.040   214.2601    29.7136     3.9857     0.0263      0.040      2.562      3.715        268 3.8105e+01   997.9216 0.0000e+00
      2.628    21.2882     0.1788      1.985  41.256638     44.439      8.034   214.7522    28.1762     4.0289     0.0266      0.042      2.578      3.740        269 3.6526e+01   997.9338 0.0000e+00
      2.650    21.2034     0.2060      2.281  41.405507     44.673      8.026   215.1308    28.1419     3.9568     0.0267      0.048      2.595      3.765        270 3.5644e+01   997.9463 0.0000e+00
      2.661    21.1319     0.2016      2.227  41.182073     44.445      8.016   215.5851    28.1457     3.8992     0.0266      0.053      2.608      3.783        271 3.5369e+01   997.9631 0.0000e+00
      2.668    21.0753     0.1831      2.020  41.030828     44.437      8.006   216.1530    28.1495     3.9857     0.0265      0.055      2.617      3.795        272 3.4928e+01   997.9816 0.0000e+00
      2.677    21.0371     0.1630      1.795  40.823093     44.202      8.001   216.4937    26.5092     4.0289     0.0264      0.053      2.624      3.806        273 3.4494e+01   997.9972 0.0000e+00
      2.682    20.9969     0.1448      1.595  40.907090     44.409      7.990   217.1372    26.5359     4.0866     0.0265      0.049      2.631      3.816        274 3.4195e+01   998.0096 0.0000e+00
      2.690    20.9527     0.1313      1.445  41.282025     44.809      7.984   217.4780    26.4825     4.0578     0.0266      0.045      2.639      3.829        275 3.3540e+01   998.0181 0.0000e+00
      2.703    20.9124     0.1306      1.438  41.453261     45.090      7.977   217.5915    26.5054     3.9712     0.0267      0.042      2.652      3.846        276 3.2622e+01   998.0269 0.0000e+00
      2.718    20.8035     0.1296      1.425  42.176126     45.804      7.969   217.3265    26.4100     3.7550     0.0270      0.039      2.668      3.870        277 3.1572e+01   998.0369 0.0000e+00
      2.742    20.6252     0.1386      1.522  46.192910     50.223      7.959   217.5915    26.4443     3.6396     0.0289      0.041      2.688      3.897        278 3.0616e+01   998.0472 0.0000e+00
      2.760    20.4584     0.1444      1.583  51.338074     56.197      7.951   218.7651    26.4405     3.8126     0.0314      0.047      2.706      3.924        279 2.9870e+01   998.0725 0.0000e+00
      2.776    20.3207     0.1508      1.652  55.521983     60.648      7.942   219.4844    26.4481     3.7694     0.0333      0.054      2.722      3.948        280 2.9164e+01   998.1122 0.0000e+00
      2.793    20.2126     0.1577      1.725  58.662865     64.803      7.933   220.3551    22.6525     3.6108     0.0351      0.061      2.737      3.970        281 2.8651e+01   998.1490 0.0000e+00
      2.804    20.1308     0.1614      1.764  60.006848     65.928      7.922   220.6958    22.6601     3.7694     0.0355      0.064      2.750      3.988        282 2.8070e+01   998.1785 0.0000e+00
      2.817    20.0770     0.1652      1.805  62.186209     68.960      7.915   220.6958    22.6181     3.6540     0.0368      0.065      2.760      4.004        283 2.7589e+01   998.2020 0.0000e+00
      2.825    20.0495     0.1651      1.803  63.131166     69.891      7.905   220.8851    22.6601     3.7838     0.0372      0.062      2.770      4.018        284 2.7328e+01   998.2195 0.0000e+00
      2.832    20.0378     0.1699      1.854  62.450876     69.261      7.892   221.1123    22.6525     3.6829     0.0369      0.055      2.779      4.030        285 2.6901e+01   998.2304 0.0000e+00
      2.842    20.0278     0.1669      1.818  61.222830     68.030      7.881   220.6201    19.3832     3.7261     0.0364      0.049      2.789      4.045        286 2.6362e+01   998.2357 0.0000e+00
      2.857    19.9875     0.1668      1.813  61.069117     67.553      7.867   220.9230    19.3641     3.7405     0.0362      0.045      2.803      4.065        287 2.5647e+01   998.2382 0.0000e+00
      2.874    19.9196     0.1687      1.831  65.194315     72.501      7.850   220.3930    19.3527     3.7550     0.0383      0.044      2.817      4.086        288 2.5013e+01   998.2418 0.0000e+00
      2.886    19.8414     0.1629      1.766  68.048337     75.708      7.829   220.6201    19.3794     3.6829     0.0397      0.045      2.829      4.104        289 2.4716e+01   998.2514 0.0000e+00
      2.895    19.7738     0.1620      1.755  68.230786     75.822      7.815   220.6201    14.6605     4.1731     0.0398      0.046      2.840      4.119        290 2.4314e+01   998.2654 0.0000e+00
      2.908    19.7246     0.1665      1.805  68.914769     76.952      7.798   220.5065    14.6644     4.2452     0.0403      0.047      2.853      4.138        291 2.3675e+01   998.2818 0.0000e+00
      2.926    19.6767     0.1622      1.759  69.453056     77.445      7.781   220.2415    14.6567     4.2020     0.0405      0.050      2.869      4.160        292 2.3026e+01   998.2960 0.0000e+00
      2.942    19.6417     0.1587      1.720  70.054330     78.403      7.763   220.2794    14.6377     4.2164     0.0409      0.053      2.885      4.185        293 2.2459e+01   998.3063 0.0000e+00
      2.959    19.6240     0.1558      1.688  70.155353     78.458      7.747   219.7494    10.7085     5.1393     0.0409      0.055      2.903      4.210        294 2.1813e+01   998.3162 0.0000e+00
      2.979    19.5816     0.1506      1.630  70.306950     78.738      7.726   218.2730    10.7199     5.1393     0.0410      0.058      2.922      4.237        295 2.1122e+01   998.3234 0.0000e+00
      3.000    19.4952     0.1492      1.613  72.596824     81.245      7.708   216.1530    10.7428     5.1825     0.0421      0.062      2.939      4.263        296 2.0626e+01   998.3280 0.0000e+00
      3.013    19.4011     0.1484      1.602  75.766754     85.085      7.693   215.0172    10.7275     5.0672     0.0438      0.065      2.954      4.284        297 2.0304e+01   998.3379 0.0000e+00
      3.025    19.3163     0.1467      1.582  79.040066     88.649      7.675   214.6765    14.2447     4.9518     0.0454      0.067      2.968      4.304        298 1.9735e+01   998.3566 0.0000e+00
      3.043    19.2522     0.1445      1.556  85.628863     96.402      7.659   209.9822    14.2409     4.8797     0.0488      0.067      2.981      4.324        299 1.9305e+01   998.3782 0.0000e+00
      3.052    19.2370     0.1445      1.555  90.735908    102.650      7.644   206.7265    14.2180     4.8797     0.0516      0.064      2.991      4.339        300 1.9265e+01   998.3973 0.0000e+00
      3.056    19.2505     0.1416      1.523  92.321640    103.973      7.627   204.3036    14.2257     4.9230     0.0522      0.058      2.997      4.346        301 1.9148e+01   998.4107 0.0000e+00
      3.060    19.2691     0.1344      1.445  93.252943    105.810      7.614   201.9943    13.1995     4.8509     0.0530      0.050      3.001      4.351        302 1.9072e+01   998.4141 0.0000e+00
      3.062    19.2738     0.1422      1.528  93.172707    104.828      7.602   200.2908    13.2224     4.9518     0.0526      0.041      3.003      4.355        303 1.9034e+01   998.4114 0.0000e+00
      3.065    19.2288     0.1370      1.472  96.671521    109.403      7.586   198.8143    13.2262     4.9085     0.0547      0.032      3.006      4.360        304 1.8889e+01   998.4091 0.0000e+00
      3.069    19.1568     0.1360      1.462 100.877062    113.848      7.571   197.4893    13.2071     4.9374     0.0567      0.025      3.009      4.365        305 1.8762e+01   998.4098 0.0000e+00
      3.073    19.0989     0.1333      1.434 104.556032    118.114      7.555   195.8993    12.2916     5.1104     0.0586      0.019      3.013      4.370        306 1.8688e+01   998.4202 0.0000e+00
      3.075    19.0436 -9.990e-29 -9.990e-29 110.498143    125.166      7.539   194.8393    12.2649     5.1681     0.0618      0.014      3.016      4.374        307 1.8644e+01   998.4369 0.0000e+00
      3.077    18.9843 -9.990e-29 -9.990e-29 117.632077    133.240      7.525   193.6279    12.2572     5.1393     0.0655      0.012      3.018      4.377        308 1.8631e+01   998.4512 0.0000e+00
      3.079    18.9292 -9.990e-29 -9.990e-29 122.957612    139.871      7.510   191.2807    12.2420     5.1104     0.0685      0.012      3.019      4.380        309 1.8637e+01   998.4643 0.0000e+00
      3.081    18.8845 -9.990e-29 -9.990e-29 131.724823    149.020      7.491   187.2300    12.2649     5.2402     0.0727      0.011      3.021      4.383        310 1.8687e+01   998.4796 0.0000e+00
      3.083    18.8597 -9.990e-29 -9.990e-29 143.222239    163.933      7.472   184.7314    12.2344     5.4276     0.0796      0.010      3.023      4.385        311 1.8746e+01   998.4950 0.0000e+00
      3.084    18.8461 -9.990e-29 -9.990e-29 148.616058    168.548      7.452   182.7250    12.2229     5.6007     0.0818      0.009      3.024      4.387        312 1.8775e+01   998.5060 0.0000e+00
      3.085    18.8356 -9.990e-29 -9.990e-29 153.165079    175.237      7.434   180.7186    12.2229     5.4997     0.0849      0.008      3.025      4.388        313 1.8796e+01   998.5127 0.0000e+00
      3.086    18.8335 -9.990e-29 -9.990e-29 154.339138    175.675      7.417   178.3336    12.2496     5.4276     0.0851      0.007      3.026      4.389        314 1.8820e+01   998.5158 0.0000e+00
      3.086    18.8475 -9.990e-29 -9.990e-29 151.029194    172.515      7.394   176.2514    12.3717     5.3988     0.0836      0.005      3.026      4.389        315 1.8805e+01   998.5166 0.0000e+00
      3.086    18.8598 -9.990e-29 -9.990e-29 145.989171    166.404      7.372   175.1914    12.3946     5.2834     0.0808      0.004      3.026      4.390        316 1.8754e+01   998.5150 0.0000e+00
      3.087 -9.990e-29 -9.990e-29 -9.990e-29 140.408289    160.079      7.351   174.1314    12.4137     5.4132     0.0778      0.003      3.027      4.391        317 1.8730e+01   998.5099 0.0000e+00
      3.088 -9.990e-29 -9.990e-29 -9.990e-29 138.549279    157.819      7.334   172.9957    12.3946     5.2402     0.0768      0.003      3.027      4.391        318 1.8729e+01   998.5067 0.0000e+00
