Data/DataAlreadyUploadedToEDI/CollatedDataForEDI/CTDData/CTD_2019 (not collated)/072919_fcr10.cnv
* Sea-Bird SBE19plus  Data File:
* FileName = C:\DATA\0772919_fcr_0001.hex
* Software version 2.8.0.119
* Temperature SN = 7809
* Conductivity SN = 7809
* System UpLoad Time = Jul 29 2019 16:11:48
* <ApplicationData>
* <Seaterm232>
# nquan = 18
# nvalues = 238                         
# units = specified
# name 0 = depFM: Depth [fresh water, m]
# name 1 = tv290C: Temperature [ITS-90, deg C]
# name 2 = sbeox0Mg/L: Oxygen, SBE 43 [mg/l]
# name 3 = sbeox0PS: Oxygen, SBE 43 [% saturation]
# name 4 = c0uS/cm: Conductivity [uS/cm]
# name 5 = specc: Specific Conductance [uS/cm]
# name 6 = ph: pH
# name 7 = orp: Oxidation Reduction Potential [mV]
# name 8 = flECO-AFL: Fluorescence, WET Labs ECO-AFL/FL [mg/m^3]
# name 9 = turbWETntu0: Turbidity, WET Labs ECO [NTU]
# name 10 = sal00: Salinity, Practical [PSU]
# name 11 = dz/dtM: Descent Rate [m/s]
# name 12 = prdM: Pressure, Strain Gauge [db]
# name 13 = prdE: Pressure, Strain Gauge [psi]
# name 14 = scan: Scan Count
# name 15 = par/sat/log: PAR/Logarithmic, Satlantic
# name 16 = density00: Density [density, kg/m^3]
# name 17 = flag:  0.000e+00
# span 0 =     -0.550,      2.331       
# span 1 =    23.1518,    25.9003       
# span 2 =     1.0785,     9.2143       
# span 3 =     12.654,    109.949       
# span 4 =   1.358929,  63.905789       
# span 5 =      1.413,     66.270       
# span 6 =      7.984,      8.607       
# span 7 =    40.0410,   673.8471       
# span 8 =    -0.1254,   243.6184       
# span 9 =    -2.8493,     4.5336       
# span 10 =     0.0122,     0.0365      
# span 11 =     -0.015,      0.264      
# span 12 =     -0.539,      2.286      
# span 13 =     -0.781,      3.315      
# span 14 =          1,        238      
# span 15 = 3.9003e+01, 1.7773e+03      
# span 16 =   996.8175,   997.5402      
# span 17 = 0.0000e+00, 0.0000e+00      
# interval = seconds: 0.25
# start_time = Jul 29 2019 11:20:30 [Instrument's time stamp, header]
# bad_flag = -9.990e-29
*END*
     -0.548    25.9003     6.9920     85.996   1.498965      1.468      8.081    94.7448    -0.0759    -0.4845     0.0122 4.2106e-16     -0.538     -0.780          1 1.5350e+02   996.8175 0.0000e+00
     -0.548    25.8983     6.9926     85.999   1.546455      1.523      8.082    97.1298    -0.1026    -0.4556     0.0122     -0.000     -0.538     -0.780          2 1.6794e+02   996.8180 0.0000e+00
     -0.548    25.8962     6.9992     86.067   1.551039      1.523      8.082    86.7190    -0.1102    -0.5854     0.0122     -0.000     -0.538     -0.780          3 2.0141e+02   996.8186 0.0000e+00
     -0.548    25.8941     7.0003     86.068   1.493260      1.468      8.078    74.4911    -0.0835    -0.5854     0.0122     -0.000     -0.538     -0.780          4 1.9880e+02   996.8191 0.0000e+00
     -0.548    25.8926     7.0031     86.096   1.500028      1.468      8.075    76.8761    -0.0835    -0.4845     0.0122     -0.000     -0.538     -0.780          5 1.5241e+02   996.8196 0.0000e+00
     -0.548    25.8913     7.0093     86.168   1.483450      1.468      8.066    77.2168    -0.1254    -0.5421     0.0122     -0.000     -0.538     -0.780          6 1.2487e+02   996.8202 0.0000e+00
     -0.549    25.8900     6.9983     86.029   1.454726      1.413      8.061    72.8633    -0.1102    -0.4845     0.0122     -0.000     -0.538     -0.781          7 1.2289e+02   996.8206 0.0000e+00
     -0.549    25.8879     7.0037     86.091   1.535776      1.523      8.068    40.0410    -0.0835    -0.4845     0.0122     -0.000     -0.539     -0.781          8 1.3000e+02   996.8210 0.0000e+00
     -0.550    25.8848     7.0048     86.099   1.560082      1.523      8.113   318.2161    -0.1026    -0.4989     0.0122     -0.001     -0.539     -0.781          9 1.2466e+02   996.8213 0.0000e+00
     -0.549    25.8819     7.0098     86.131   1.542809      1.523      8.077   303.3004    -0.1102    -0.4845     0.0122     -0.001     -0.538     -0.781         10 1.3429e+02   996.8218 0.0000e+00
     -0.549    25.8800     7.0160     86.147   1.557272      1.523      8.070   326.5068    -0.0949    -0.5277     0.0122     -0.001     -0.538     -0.781         11 1.1744e+02   996.8227 0.0000e+00
     -0.549    25.8766     7.0249     86.215   1.542083      1.523      8.067   363.5312    -0.0606    -0.5133     0.0122     -0.000     -0.538     -0.781         12 1.3902e+02   996.8234 0.0000e+00
     -0.549    25.8685     7.0316     86.276   1.620878      1.578      8.063   402.6756    -0.0682     0.1933     0.0122     -0.000     -0.538     -0.781         13 2.3225e+02   996.8240 0.0000e+00
     -0.550    25.8609     7.0424     86.401   1.636711      1.633      8.069   447.4986    -0.0873     0.2365     0.0122     -0.000     -0.538     -0.781         14 1.5634e+02   996.8249 0.0000e+00
     -0.549    25.8569     7.0595     86.620   1.788627      1.715      8.071   489.6337    -0.0835     0.1356     0.0122     -0.000     -0.538     -0.781         15 1.6094e+02   996.8269 0.0000e+00
     -0.549    25.8540     7.0765     86.849   1.727655      1.770      8.073   528.8917    -0.0987     0.1356     0.0122     -0.000     -0.539     -0.781         16 1.7633e+02   996.8290 0.0000e+00
     -0.549    25.8510     7.1122     87.313   1.771756      1.634      8.075   565.0075    -0.0949    -0.4700     0.0122     -0.000     -0.539     -0.781         17 2.4414e+02   996.8301 0.0000e+00
     -0.549    25.8485     7.1674     88.011   1.437910      1.579      8.071   621.1498    -0.0835    -0.5277     0.0122     -0.000     -0.539     -0.780         18 1.7233e+02   996.8307 0.0000e+00
     -0.550    25.8448     7.2335     88.832   1.936037      1.634      8.068   673.8471    -0.0835    -0.4845     0.0122     -0.000     -0.535     -0.775         19 3.2832e+02   996.8317 0.0000e+00
     -0.540    25.8228     7.3013     89.664   1.358929      1.771      7.984   413.8814    -0.0797    -0.4556     0.0122      0.002     -0.512     -0.744         20 1.4507e+03   996.8321 0.0000e+00
     -0.473    25.7848     7.3666     90.441   8.399014      7.227      8.061   239.0566   243.5268    -2.8349     0.0135      0.022     -0.461     -0.669         21 1.6149e+03   996.8349 0.0000e+00
     -0.402    25.7580     7.4345     91.236  27.777670     28.254      8.211   241.7445   243.5878    -2.7195     0.0212      0.055     -0.394     -0.572         22 1.7773e+03   996.8463 0.0000e+00
     -0.331    25.7448     7.4658     91.574  37.258992     36.412      8.330   238.9052   243.6184    -2.7484     0.0244      0.096     -0.327     -0.476         23 1.5984e+03   996.8594 0.0000e+00
     -0.270    25.7400     7.4862     91.776  36.878544     36.486      8.398   234.7787   243.6069    -2.8493     0.0245      0.140     -0.267     -0.387         24 6.1834e+02   996.8667 0.0000e+00
     -0.217    25.7455     7.6229     93.411  37.199162     36.551      8.446   233.1509   243.5840    -2.8205     0.0245      0.179     -0.210     -0.303         25 1.6240e+03   996.8704 0.0000e+00
     -0.154    25.7582     7.8608     96.296  37.097080     36.609      8.465   227.5101     6.1422     4.4183     0.0245      0.213     -0.143     -0.207         26 1.7279e+03   996.8720 0.0000e+00
     -0.061    25.7748     8.1238     99.501  37.183399     36.605      8.483   225.6173     6.1613     4.4615     0.0245      0.246     -0.067     -0.097         27 1.1275e+03   996.8710 0.0000e+00
      0.006    25.7873     8.3422    102.171  37.032468     36.486      8.497   225.8066     6.1651     4.5336     0.0245      0.264     -0.002     -0.002         28 1.0660e+03   996.8678 0.0000e+00
      0.050    25.7935     8.4847    103.924  37.047824     36.474      8.505   227.1694     6.1727     4.4759     0.0245      0.260      0.047      0.067         29 2.3312e+02   996.8637 0.0000e+00
      0.086    25.7924     8.5582    104.834  37.045740     36.465      8.507   226.6394     6.7564     3.3800     0.0245      0.249      0.087      0.126         30 6.3314e+01   996.8606 0.0000e+00
      0.133    25.7776     8.5392    104.608  37.153596     36.571      8.505   225.9201     6.7373     3.3368     0.0245      0.236      0.126      0.183         31 1.3991e+02   996.8592 0.0000e+00
      0.167    25.7538     8.4470    103.482  37.091408     36.516      8.503   224.9358     6.7793     3.3800     0.0245      0.222      0.157      0.228         32 7.9294e+01   996.8595 0.0000e+00
      0.180    25.7268     8.2874    101.529  37.063863     36.472      8.506   224.5194     6.7983     3.3079     0.0245      0.197      0.172      0.250         33 1.2107e+02   996.8635 0.0000e+00
      0.181    25.6985     8.1183     99.461  37.069342     36.544      8.505   224.2166     6.8136     3.6252     0.0245      0.161      0.176      0.255         34 1.0395e+02   996.8699 0.0000e+00
      0.178    25.6742     7.9760     97.722  36.877155     36.316      8.502   223.2323     6.8060     3.5963     0.0244      0.119      0.176      0.256         35 1.1949e+02   996.8769 0.0000e+00
      0.182    25.6569     7.8782     96.528  36.828886     36.336      8.502   222.7780     6.8441     3.5819     0.0244      0.087      0.179      0.260         36 1.2738e+02   996.8843 0.0000e+00
      0.189    25.6476     7.8270     95.911  36.833074     36.326      8.500   221.9830     6.8060     3.5387     0.0244      0.062      0.184      0.267         37 1.3920e+02   996.8908 0.0000e+00
      0.192    25.6454     7.8136     95.755  36.783052     36.311      8.503   221.0744     7.0539     3.1061     0.0244      0.040      0.186      0.270         38 1.3875e+02   996.8953 0.0000e+00
      0.189    25.6489     7.8431     96.125  36.861512     36.373      8.504   220.8094     7.0463     3.1205     0.0244      0.021      0.184      0.268         39 1.5025e+02   996.8977 0.0000e+00
      0.185    25.6542     7.8855     96.653  36.883612     36.429      8.508   220.8473     7.0463     3.0340     0.0244      0.008      0.182      0.265         40 1.6131e+02   996.8983 0.0000e+00
      0.185    25.6579     7.9227     97.115  36.814820     36.317      8.510   220.8094     7.0844     3.1493     0.0244      0.004      0.183      0.266         41 1.7381e+02   996.8973 0.0000e+00
      0.192    25.6597     7.9590     97.568  36.858216     36.395      8.514   220.5444     7.4697     3.2503     0.0244      0.005      0.187      0.271         42 1.8424e+02   996.8960 0.0000e+00
      0.195    25.6611     7.9928     97.993  36.859240     36.365      8.517   220.3173     7.4697     3.1637     0.0244      0.005      0.191      0.277         43 1.8457e+02   996.8950 0.0000e+00
      0.197    25.6630     8.0124     98.244  36.843179     36.364      8.522   220.5823     7.4697     3.1637     0.0244      0.005      0.192      0.278         44 1.6006e+02   996.8946 0.0000e+00
      0.193    25.6653     8.0165     98.302  36.907837     36.418      8.524   219.6358     7.4850     3.1061     0.0244      0.003      0.187      0.272         45 1.5153e+02   996.8943 0.0000e+00
      0.182    25.6681     8.0106     98.237  36.897313     36.417      8.529   220.2794     7.7864     3.1637     0.0244      0.001      0.180      0.262         46 1.7452e+02   996.8937 0.0000e+00
      0.178    25.6729     8.0053     98.176  36.915544     36.415      8.528   219.9387     7.7787     3.1061     0.0244     -0.002      0.180      0.261         47 1.8128e+02   996.8930 0.0000e+00
      0.192    25.6785     8.0062     98.190  36.974053     36.496      8.529   199.6851     7.8054     3.1349     0.0244     -0.001      0.188      0.272         48 1.4846e+02   996.8924 0.0000e+00
      0.203    25.6831     8.0192     98.352  36.913404     36.410      8.530   212.0265     7.8016     3.1349     0.0244      0.002      0.197      0.285         49 1.3197e+02   996.8911 0.0000e+00
      0.206    25.6873     8.0464     98.687  36.902113     36.406      8.531   219.1058     7.7749     3.0484     0.0244      0.004      0.200      0.290         50 1.3087e+02   996.8897 0.0000e+00
      0.203    25.6912     8.0630     98.890  36.899196     36.402      8.534   219.8251     8.4806     3.0916     0.0244      0.006      0.198      0.288         51 1.2231e+02   996.8884 0.0000e+00
      0.198    25.6956     8.0608     98.862  36.857762     36.344      8.537   220.0523     8.4883     3.1061     0.0244      0.007      0.195      0.283         52 1.2072e+02   996.8873 0.0000e+00
      0.195    25.7015     8.0173     98.330  36.864771     36.369      8.539   219.7873     8.4768     3.1061     0.0244      0.008      0.193      0.281         53 1.2131e+02   996.8863 0.0000e+00
      0.199    25.7074     7.9476     97.476  36.920106     36.393      8.538   219.3330     8.4654     3.1926     0.0244      0.008      0.198      0.286         54 1.2381e+02   996.8851 0.0000e+00
      0.211    25.7123     7.8518     96.301  36.966706     36.472      8.543   217.9701     8.2441     3.0484     0.0244      0.008      0.208      0.301         55 1.2438e+02   996.8837 0.0000e+00
      0.227    25.7157     7.7491     95.038  36.925316     36.385      8.545   217.1751     8.2594     3.1349     0.0244      0.009      0.221      0.320         56 1.2119e+02   996.8822 0.0000e+00
      0.239    25.7180     7.6748     94.124  36.971612     36.464      8.545   200.6693     8.2594     3.2503     0.0244      0.014      0.231      0.335         57 1.1444e+02   996.8810 0.0000e+00
      0.241    25.7200     7.6267     93.530  36.997994     36.461      8.542   203.5844     8.2403     3.1205     0.0244      0.021      0.233      0.339         58 1.0658e+02   996.8801 0.0000e+00
      0.235    25.7213     7.6131     93.362  36.922118     36.405      8.547   213.7301     8.7133     3.0051     0.0244      0.024      0.230      0.334         59 9.9975e+01   996.8794 0.0000e+00
      0.228    25.7219     7.6339     93.614  36.917862     36.376      8.548   197.9058     8.7172     3.0628     0.0244      0.023      0.225      0.327         60 9.7718e+01   996.8788 0.0000e+00
      0.227    25.7213     7.6945     94.353  36.973653     36.457      8.545   193.5143     8.7172     3.1349     0.0244      0.018      0.224      0.325         61 9.8572e+01   996.8785 0.0000e+00
      0.230    25.7212     7.7759     95.344  37.000861     36.457      8.551   191.9622     8.7210     3.1205     0.0244      0.011      0.226      0.329         62 1.0096e+02   996.8784 0.0000e+00
      0.236    25.7221     7.8732     96.530  37.032178     36.512      8.550   191.2429     8.9613     3.0772     0.0245      0.005      0.230      0.334         63 1.0564e+02   996.8786 0.0000e+00
      0.239    25.7227     7.9703     97.714  36.993950     36.457      8.552   190.4479     8.9689     3.0484     0.0244      0.001      0.233      0.339         64 1.0997e+02   996.8786 0.0000e+00
      0.240    25.7221     8.0518     98.709  36.929894     36.402      8.553   189.6907     8.9308     3.0772     0.0244      0.000      0.235      0.341         65 1.1139e+02   996.8784 0.0000e+00
      0.241    25.7204     8.1082     99.397  36.904449     36.374      8.557   189.4636     8.9460     3.1061     0.0244      0.003      0.236      0.343         66 1.1123e+02   996.8783 0.0000e+00
      0.242    25.7186     8.1342     99.716  36.907077     36.374      8.555   188.9715     7.0806     3.0916     0.0244      0.007      0.237      0.344         67 1.0792e+02   996.8783 0.0000e+00
      0.242    25.7170     8.1381     99.766  36.896989     36.376      8.556   188.7443     7.0463     3.1061     0.0244      0.008      0.237      0.344         68 1.0399e+02   996.8789 0.0000e+00
      0.243    25.7157     8.1212     99.563  36.917002     36.377      8.557   188.2522     7.0310     3.0916     0.0244      0.007      0.238      0.346         69 9.9379e+01   996.8793 0.0000e+00
      0.246    25.7143     8.0991     99.295  36.971077     36.461      8.557   188.3279     7.0577     3.0628     0.0244      0.006      0.241      0.350         70 9.4078e+01   996.8798 0.0000e+00
      0.249    25.7113     8.0832     99.103  36.918602     36.379      8.557   188.0250     7.0272     3.0484     0.0244      0.005      0.244      0.355         71 9.0498e+01   996.8801 0.0000e+00
      0.253    25.7073     8.0740     98.986  36.893403     36.380      8.561   187.8357     7.1340     3.3224     0.0244      0.006      0.247      0.359         72 8.8484e+01   996.8805 0.0000e+00
      0.254    25.7032     8.0622     98.839  36.913531     36.382      8.562   187.8357     7.1188     3.3368     0.0244      0.007      0.249      0.362         73 8.7157e+01   996.8813 0.0000e+00
      0.255    25.6999     8.0508     98.698  36.893553     36.385      8.564   187.6086     7.1111     3.3800     0.0244      0.008      0.250      0.363         74 8.7118e+01   996.8823 0.0000e+00
      0.256    25.6974     8.0197     98.318  36.858998     36.333      8.566   187.8357     7.1455     3.3224     0.0244      0.008      0.251      0.364         75 9.0399e+01   996.8834 0.0000e+00
      0.258    25.6958     7.9671     97.674  36.867632     36.363      8.563   187.7600     6.0430     3.1493     0.0244      0.008      0.253      0.366         76 9.6212e+01   996.8843 0.0000e+00
      0.259    25.6957     7.9040     96.901  36.853175     36.337      8.564   187.7222     6.0545     3.0628     0.0244      0.008      0.254      0.368         77 1.0273e+02   996.8849 0.0000e+00
      0.259    25.6969     7.8358     96.064  36.847356     36.338      8.566   187.9872     6.0468     3.0628     0.0244      0.006      0.254      0.369         78 1.0758e+02   996.8853 0.0000e+00
      0.260    25.6992     7.7755     95.324  36.845238     36.338      8.568   187.6843     6.0392     3.0916     0.0244      0.005      0.254      0.369         79 1.0942e+02   996.8854 0.0000e+00
      0.258    25.7013     7.7194     94.636  36.855810     36.337      8.565   187.7600     5.9362     3.1205     0.0244      0.003      0.253      0.367         80 1.0755e+02   996.8850 0.0000e+00
