Data/DataAlreadyUploadedToEDI/CollatedDataForEDI/CTDData/CTD_2019 (not collated)/072919_fcr20.cnv
* Sea-Bird SBE19plus  Data File:
* FileName = C:\DATA\0772919_fcr_0002.hex
* Software version 2.8.0.119
* Temperature SN = 7809
* Conductivity SN = 7809
* System UpLoad Time = Jul 29 2019 16:12:00
* <ApplicationData>
* <Seaterm232>
# nquan = 18
# nvalues = 318                         
# units = specified
# name 0 = depFM: Depth [fresh water, m]
# name 1 = tv290C: Temperature [ITS-90, deg C]
# name 2 = sbeox0Mg/L: Oxygen, SBE 43 [mg/l]
# name 3 = sbeox0PS: Oxygen, SBE 43 [% saturation]
# name 4 = c0uS/cm: Conductivity [uS/cm]
# name 5 = specc: Specific Conductance [uS/cm]
# name 6 = ph: pH
# name 7 = orp: Oxidation Reduction Potential [mV]
# name 8 = flECO-AFL: Fluorescence, WET Labs ECO-AFL/FL [mg/m^3]
# name 9 = turbWETntu0: Turbidity, WET Labs ECO [NTU]
# name 10 = sal00: Salinity, Practical [PSU]
# name 11 = dz/dtM: Descent Rate [m/s]
# name 12 = prdM: Pressure, Strain Gauge [db]
# name 13 = prdE: Pressure, Strain Gauge [psi]
# name 14 = scan: Scan Count
# name 15 = par/sat/log: PAR/Logarithmic, Satlantic
# name 16 = density00: Density [density, kg/m^3]
# name 17 = flag:  0.000e+00
# span 0 =     -0.549,      3.088       
# span 1 =    18.8335,    26.4501       
# span 2 =     0.0707,    10.3569       
# span 3 =      0.792,    125.096       
# span 4 =   2.111196, 154.339138       
# span 5 =      2.028,    175.675       
# span 6 =      7.209,      9.670       
# span 7 =  -217.5397,  1240.2295       
# span 8 =    -1.4682,    30.5490       
# span 9 =    -4.6518,    30.9506       
# span 10 =     0.0121,     0.0851      
# span 11 =     -0.010,      0.273      
# span 12 =     -0.538,      3.027      
# span 13 =     -0.780,      4.391      
# span 14 =          1,        318      
# span 15 = 1.8631e+01, 2.0337e+03      
# span 16 =   996.6832,   998.5166      
# span 17 = 0.0000e+00, 0.0000e+00      
# interval = seconds: 0.25
# start_time = Jul 29 2019 11:39:20 [Instrument's time stamp, header]
# bad_flag = -9.990e-29
*END*
[from data line 161]
      1.285    25.7223     6.8112     83.458  36.517118     35.977      8.771   175.0400     8.6294     3.1349     0.0242      0.065      1.263      1.831        162 2.4985e+02   996.8785 0.0000e+00
      1.297    25.7159     6.8193     83.543  36.594442     36.067      8.767   174.9643     8.5913     3.0628     0.0243      0.059      1.274      1.847        163 2.4486e+02   996.8811 0.0000e+00
      1.313    25.7072     6.8344     83.727  36.622829     36.099      8.765   175.4186     9.3199     2.8177     0.0243      0.054      1.288      1.868        164 2.4086e+02   996.8830 0.0000e+00
      1.329    25.6977     6.8547     83.974  36.629969     36.103      8.761   175.7214     9.3313     2.7744     0.0243      0.051      1.304      1.891        165 2.3354e+02   996.8847 0.0000e+00
      1.348    25.6911     6.8724     84.188  36.674466     36.165      8.755   176.3271     9.3351     2.7456     0.0243      0.050      1.322      1.916        166 2.2649e+02   996.8871 0.0000e+00
      1.366    25.6899     6.8732     84.196  36.626727     36.116      8.748   176.6300     9.3428     2.8465     0.0243      0.052      1.337      1.939        167 2.2337e+02   996.8897 0.0000e+00
      1.377    25.6883     6.8659     84.103  36.570846     36.066      8.740   176.7436    10.6779     2.8898     0.0243      0.055      1.349      1.956        168 2.2273e+02   996.8914 0.0000e+00
      1.384    25.6862     6.8481     83.883  36.566206     36.067      8.736   176.9707    10.6551     2.8609     0.0243      0.056      1.357      1.969        169 2.1963e+02   996.8918 0.0000e+00
      1.392    25.6840     6.8233     83.568  36.513965     36.013      8.730   177.0843    10.6589     2.8753     0.0242      0.056      1.366      1.981        170 2.1557e+02   996.8922 0.0000e+00
      1.404    25.6792     6.8455     83.761  36.576589     36.070      8.727   177.6143    10.6627     2.8032     0.0243      0.053      1.378      1.998        171 2.1212e+02   996.8929 0.0000e+00
      1.420    25.6702     7.0690     86.197  36.666079     36.181      8.717   177.7278    10.9450     2.8177     0.0243      0.049      1.392      2.019        172 2.0732e+02   996.8935 0.0000e+00
      1.435    25.6609     7.6819     93.356  36.639674     36.130      8.704   178.2578    10.9946     2.9474     0.0243      0.048      1.409      2.044        173 2.0141e+02   996.8949 0.0000e+00
      1.456    25.6596     8.3972    101.844  36.579818     36.108      8.688   178.6743    10.9602     2.9186     0.0243      0.049      1.426      2.069        174 1.9717e+02   996.8974 0.0000e+00
      1.470    25.6592     9.0616    109.780  36.533133     36.033      8.671   178.7500    10.9640     2.8465     0.0243      0.051      1.440      2.089        175 1.9486e+02   996.8998 0.0000e+00
      1.480    25.6577     9.5916    116.124  36.549605     36.088      8.659   179.0150    10.9640     2.7888     0.0243      0.054      1.450      2.104        176 1.9266e+02   996.9001 0.0000e+00
      1.488    25.6552     9.9741    120.687  36.529687     36.034      8.647   179.5450    10.8687     2.8753     0.0243      0.055      1.458      2.116        177 1.9057e+02   996.9003 0.0000e+00
      1.493    25.6547    10.2188    123.575  36.498653     36.035      8.636   181.2486    10.8496     2.7888     0.0243      0.053      1.465      2.125        178 1.9018e+02   996.9007 0.0000e+00
      1.500    25.6505    10.3497    125.082  36.440054     35.953      8.625   182.4979    10.8382     2.8032     0.0242      0.048      1.473      2.138        179 1.8768e+02   996.9014 0.0000e+00
      1.515    25.6469    10.3569    125.096  36.572977     36.093      8.617   183.0657    10.8115     2.7600     0.0243      0.044      1.487      2.158        180 1.8138e+02   996.9016 0.0000e+00
      1.536    25.5876    10.2799    124.105  36.599943     36.149      8.609   183.2929    12.9058     2.8465     0.0243      0.043      1.505      2.183        181 1.7728e+02   996.9028 0.0000e+00
      1.552    25.4062    10.2112    123.199  36.228693     35.741      8.596   183.7850    12.9286     2.7888     0.0241      0.043      1.520      2.204        182 1.7583e+02   996.9038 0.0000e+00
      1.561    25.2209    10.1661    122.592  36.145972     35.722      8.583   185.5264    12.9401     2.9474     0.0241      0.046      1.530      2.219        183 1.7370e+02   996.9193 0.0000e+00
      1.569    25.1125    10.1341    122.179  36.317679     36.022      8.575   186.1322    12.9210     2.8177     0.0242      0.047      1.538      2.230        184 1.7192e+02   996.9667 0.0000e+00
      1.574    25.0509    10.1167    121.951  36.341057     36.182      8.565   186.7757    13.9281     3.0195     0.0242      0.048      1.544      2.239        185 1.7141e+02   997.0149 0.0000e+00
      1.579    25.0156    10.0906    121.593  36.324401     36.233      8.558   187.1922    13.9090     2.9763     0.0242      0.046      1.551      2.249        186 1.6866e+02   997.0429 0.0000e+00
      1.590    24.9844    10.0562    121.119  36.308832     36.276      8.554   187.6464    13.9319     3.0484     0.0242      0.042      1.561      2.263        187 1.6497e+02   997.0587 0.0000e+00
      1.605    24.9526     9.9961    120.311  36.271563     36.246      8.551   188.3279    13.9205     3.1205     0.0242      0.039      1.574      2.282        188 1.6237e+02   997.0678 0.0000e+00
      1.619    24.9193     9.9130    119.233  36.252266     36.269      8.548   188.0629    17.5102     3.2214     0.0242      0.037      1.589      2.303        189 1.5932e+02   997.0759 0.0000e+00
      1.635    24.8888     9.7972    117.691  36.214327     36.236      8.545   188.1007    17.4873     3.2791     0.0241      0.039      1.605      2.327        190 1.5560e+02   997.0841 0.0000e+00
      1.654    24.8609     9.6475    115.734  36.229892     36.288      8.538   188.3657    17.4873     3.3079     0.0242      0.045      1.622      2.353        191 1.5178e+02   997.0927 0.0000e+00
      1.673    24.8285     9.4473    113.182  36.203278     36.283      8.533   189.2743    17.5140     3.2503     0.0242      0.052      1.641      2.378        192 1.4832e+02   997.1006 0.0000e+00
      1.690    24.8003     9.1932    110.005  36.099291     36.190      8.530   189.6907    16.6785     3.5675     0.0241      0.059      1.657      2.402        193 1.4505e+02   997.1077 0.0000e+00
      1.704    24.7886     8.9154    106.584  36.092610     36.214      8.523   187.4950    16.6595     3.5242     0.0241      0.063      1.670      2.422        194 1.4282e+02   997.1161 0.0000e+00
      1.714    24.7792     8.6554    103.440  36.093071     36.235      8.520   186.0943    16.6442     3.5387     0.0241      0.064      1.680      2.435        195 1.4185e+02   997.1233 0.0000e+00
      1.719    24.7615     8.4062    100.488  36.098730     36.244      8.514   184.6936    16.6824     3.4954     0.0241      0.060      1.686      2.445        196 1.4100e+02   997.1263 0.0000e+00
      1.725    24.7328     8.2317     98.404  36.055942     36.221      8.513   184.5043    16.0567     3.5531     0.0241      0.054      1.692      2.455        197 1.3957e+02   997.1287 0.0000e+00
      1.733    24.6980     8.1255     97.114  36.057424     36.207      8.511   183.9743    16.0644     3.5242     0.0241      0.047      1.701      2.468        198 1.3759e+02   997.1333 0.0000e+00
      1.746    24.6590     8.0833     96.590  36.007992     36.227      8.509   184.3907    16.0567     3.4666     0.0241      0.041      1.714      2.487        199 1.3382e+02   997.1406 0.0000e+00
      1.766    24.5937     8.0907     96.653  36.087839     36.254      8.509   184.7693    16.0491     3.5531     0.0241      0.040      1.732      2.513        200 1.3005e+02   997.1495 0.0000e+00
      1.787    24.5184     8.1292     97.056  36.521125     36.814      8.505   185.1479    16.0567     3.5963     0.0243      0.043      1.753      2.543        201 1.2672e+02   997.1597 0.0000e+00
      1.810    24.4478     8.1673     97.479  36.476361     36.752      8.498   185.4886    15.7210     3.7838     0.0243      0.050      1.775      2.574        202 1.2219e+02   997.1762 0.0000e+00
      1.832    24.3827     8.1927     97.750  36.262112     36.610      8.485   185.8293    15.7210     3.8126     0.0242      0.059      1.795      2.603        203 1.1928e+02   997.1952 0.0000e+00
      1.848    24.3337     8.1919     97.711  36.372910     36.776      8.471   186.5486    15.7172     3.7550     0.0242      0.068      1.810      2.625        204 1.1812e+02   997.2132 0.0000e+00
      1.856    24.3165     8.1706     97.429  36.427414     36.881      8.460   186.8893    15.7210     3.7261     0.0243      0.071      1.818      2.637        205 1.1750e+02   997.2296 0.0000e+00
      1.858    24.3281     8.1416     97.057  36.372121     36.861      8.447   186.6243    17.9069     3.8126     0.0242      0.068      1.821      2.642        206 1.1747e+02   997.2418 0.0000e+00
      1.859    24.3302     8.1011     96.509  36.382474     36.874      8.440   186.8893    17.8649     3.7405     0.0242      0.059      1.823      2.645        207 1.1728e+02   997.2461 0.0000e+00
      1.861    24.3176     8.0454     95.749  36.384902     36.892      8.431   186.9650    17.8955     3.7550     0.0243      0.047      1.827      2.650        208 1.1586e+02   997.2432 0.0000e+00
      1.872    24.3084     7.9713     94.798  36.339465     36.807      8.430   187.3814    17.8459     3.7550     0.0242      0.036      1.836      2.663        209 1.1390e+02   997.2428 0.0000e+00
      1.883    24.2919     7.9001     93.897  36.350118     36.872      8.422   187.7222    19.6083     3.5675     0.0242      0.029      1.847      2.679        210 1.1168e+02   997.2459 0.0000e+00
      1.896    24.2638     7.8206     92.896  36.401284     36.880      8.417   190.0693    19.6464     3.5531     0.0242      0.026      1.859      2.696        211 1.0984e+02   997.2483 0.0000e+00
      1.906    24.2438     7.7635     92.161  36.394334     36.947      8.407   191.0157    19.6312     3.5963     0.0243      0.027      1.869      2.711        212 1.0863e+02   997.2524 0.0000e+00
      1.917    24.2273     7.7231     91.598  36.358774     36.857      8.401   192.9843    19.6197     3.5242     0.0242      0.032      1.879      2.726        213 1.0670e+02   997.2594 0.0000e+00
      1.926    24.2097     7.6935     91.161  36.415915     37.012      8.389   193.5900    18.1167     3.5387     0.0243      0.037      1.887      2.737        214 1.0650e+02   997.2645 0.0000e+00
      1.928    24.1957     7.6753     90.907  36.412138     36.941      8.380   194.5743    18.1091     3.6684     0.0242      0.038      1.893      2.746        215 1.0581e+02   997.2686 0.0000e+00
      1.938    24.1800     7.6560     90.677  36.393117     37.010      8.371   195.4829    18.1434     3.6396     0.0243      0.038      1.904      2.761        216 1.0260e+02   997.2731 0.0000e+00
      1.957    24.1438     7.6374     90.450  36.350692     36.908      8.364   196.3536    18.1091     3.4089     0.0242      0.038      1.919      2.783        217 1.0004e+02   997.2766 0.0000e+00
      1.975    24.0910     7.6165     90.193  36.227868     36.862      8.356   196.8836    18.1015     3.5387     0.0242      0.041      1.937      2.808        218 9.7699e+01   997.2805 0.0000e+00
      1.992    24.0516     7.6132     90.135  36.101465     36.690      8.344   197.4136    19.1391     3.5531     0.0241      0.045      1.953      2.832        219 9.5736e+01   997.2896 0.0000e+00
      2.005    24.0205     7.6080     89.986  36.122773     36.816      8.336   197.7543    19.1353     3.6252     0.0242      0.049      1.966      2.852        220 9.4136e+01   997.3027 0.0000e+00
      2.017    23.9886     7.6072     89.849  36.112472     36.788      8.329   197.7543    19.1505     3.4954     0.0241      0.052      1.978      2.869        221 9.2530e+01   997.3126 0.0000e+00
      2.028    23.9553     7.5951     89.597  36.084669     36.811      8.319   198.6251    19.1276     3.4666     0.0241      0.055      1.989      2.886        222 9.0770e+01   997.3203 0.0000e+00
      2.042    23.9070     7.5614     89.113  36.157389     36.893      8.314   198.6251    20.5467     3.5242     0.0242      0.057      2.002      2.905        223 8.8606e+01   997.3282 0.0000e+00
      2.057    23.8571     7.4853     88.160  36.140526     36.917      8.306   198.9279    20.5582     3.5098     0.0242      0.056      2.016      2.924        224 8.7205e+01   997.3365 0.0000e+00
      2.068    23.8345     7.3851     86.963  36.076040     36.868      8.298   199.7986    20.5658     3.5387     0.0241      0.053      2.028      2.942        225 8.5611e+01   997.3484 0.0000e+00
      2.080    23.8334     7.2665     85.553  36.030225     36.878      8.292   200.3665    20.5582     3.5531     0.0241      0.051      2.039      2.957        226 8.4068e+01   997.3608 0.0000e+00
      2.090    23.8291     7.1471     84.113  36.049394     36.895      8.285   200.8208    20.2415     3.7550     0.0241      0.049      2.049      2.971        227 8.3217e+01   997.3663 0.0000e+00
      2.096    23.8237     7.0423     82.849  36.081832     36.952      8.280   201.0858    20.2644     3.6829     0.0241      0.047      2.055      2.981        228 8.2529e+01   997.3666 0.0000e+00
      2.101    23.8112     6.9515     81.760  36.049127     36.898      8.273   201.8429    20.2720     3.7261     0.0241      0.043      2.061      2.990        229 8.1688e+01   997.3677 0.0000e+00
      2.109    23.7603     6.8646     80.767  36.060461     36.931      8.267   202.3729    20.2644     3.7261     0.0241      0.039      2.069      3.002        230 8.0121e+01   997.3690 0.0000e+00
      2.122    23.6857     6.8048     80.083  36.038097     36.911      8.261   202.4865    20.7451     4.0145     0.0241      0.037      2.080      3.017        231 7.8854e+01   997.3721 0.0000e+00
      2.133    23.6206     6.7540     79.436  36.047336     36.950      8.256   202.8651    20.7031     3.8703     0.0241      0.035      2.091      3.033        232 7.7769e+01   997.3847 0.0000e+00
      2.143    23.5688     6.7141     78.803  36.019354     37.008      8.253   203.6222    20.7298     3.9424     0.0241      0.035      2.102      3.049        233 7.6347e+01   997.4029 0.0000e+00
      2.155    23.5349     6.6721     78.112  35.865517     36.856      8.245   203.3572    20.7184     4.0001     0.0240      0.036      2.112      3.064        234 7.5138e+01   997.4188 0.0000e+00
      2.165    23.5246     6.5654     76.694  35.883208     36.953      8.238   203.7358    22.4999     4.0145     0.0241      0.038      2.122      3.078        235 7.4552e+01   997.4314 0.0000e+00
      2.172    23.5149     6.3872     74.482  35.967726     37.036      8.237   204.0008    22.4884     3.9857     0.0241      0.040      2.131      3.090        236 7.3702e+01   997.4396 0.0000e+00
      2.182    23.4954     6.1494     71.606  35.938155     37.044      8.230   204.4172    22.4579     4.0289     0.0241      0.041      2.140      3.104        237 7.2553e+01   997.4422 0.0000e+00
      2.193    23.4738     5.8837     68.414  35.860749     36.935      8.224   204.9851    22.4579     3.9568     0.0240      0.040      2.150      3.119        238 7.1757e+01   997.4446 0.0000e+00
      2.203    23.4632     5.6545     65.640  35.886259     37.009      8.219   205.0229    23.2666     4.2741     0.0241      0.039      2.161      3.135        239 7.0463e+01   997.4494 0.0000e+00
      2.216    23.4790     5.5077     63.835  35.847151     36.967      8.213   205.2501    23.2819     4.3317     0.0241      0.040      2.174      3.153        240 6.9111e+01   997.4547 0.0000e+00
      2.231    23.4935     5.4101     62.606  35.850163     36.977      8.209   205.8179    23.2476     4.2020     0.0241      0.041      2.189      3.173        241 6.7846e+01   997.4572 0.0000e+00
