Data/DataAlreadyUploadedToEDI/CollatedDataForEDI/CTDData/CTD_2019 (not collated)/080119_bvr50.cnv
* Sea-Bird SBE19plus  Data File:
* FileName = C:\DATA\080119_bvr50_0002.hex
* Software version 2.8.0.119 SB_Terminal.dll
* Temperature SN = 7809
* Conductivity SN = 7809
* System UpLoad Time = Aug 01 2019 11:31:56
* <ApplicationData>
* <Seaterm232>
# nquan = 16
# nvalues = 1559                        
# units = specified
# name 0 = depFM: Depth [fresh water, m]
# name 1 = dz/dtM: Descent Rate [m/s]
# name 2 = sbeox0Mg/L: Oxygen, SBE 43 [mg/l]
# name 3 = sbeox0PS: Oxygen, SBE 43 [% saturation]
# name 4 = specc: Specific Conductance [uS/cm]
# name 5 = c0uS/cm: Conductivity [uS/cm]
# name 6 = flECO-AFL: Fluorescence, WET Labs ECO-AFL/FL [mg/m^3]
# name 7 = ph: pH
# name 8 = orp: Oxidation Reduction Potential [mV]
# name 9 = par/sat/log: PAR/Logarithmic, Satlantic
# name 10 = turbWETntu0: Turbidity, WET Labs ECO [NTU]
# name 11 = prdM: Pressure, Strain Gauge [db]
# name 12 = prdE: Pressure, Strain Gauge [psi]
# name 13 = tv290C: Temperature [ITS-90, deg C]
# name 14 = density00: Density [density, kg/m^3]
# name 15 = flag:  0.000e+00
# span 0 =     -0.636,     10.521       
# span 1 =     -0.151,      0.212       
# span 2 =     0.0634,     8.0667       
# span 3 =      0.544,    101.206       
# span 4 =      0.435,    168.955       
# span 5 =   0.435169, 113.907581       
# span 6 =    -0.3059,   236.9324       
# span 7 =      6.377,      9.296       
# span 8 =  -869.4815,   314.5497       
# span 9 = 1.2348e-01, 1.8684e+03       
# span 10 =    -1.4095,    26.0462      
# span 11 =     -0.624,     10.318      
# span 12 =     -0.905,     14.965      
# span 13 =     8.7063,    27.0549      
# span 14 =   996.5153,   999.9166      
# span 15 = 0.0000e+00, 0.0000e+00      
# interval = seconds: 0.25
# start_time = Aug 01 2019 10:57:25 [Instrument's time stamp, header]
# bad_flag = -9.990e-29
*END*
[from data line 995]
      4.650      0.022     1.9850     21.621     28.985  25.803718     3.2578      7.013   306.7327 3.6023e+01     1.7713      4.560      6.614    19.6839   998.3060 0.0000e+00
      4.656      0.022     1.9619     21.352     28.994  25.788412     3.2826      7.013   306.6053 3.5740e+01     1.7549      4.566      6.623    19.6594   998.3110 0.0000e+00
      4.662      0.023     1.9385     21.083     28.959  25.737643     3.2773      7.013   306.4950 3.5503e+01     1.7776      4.571      6.630    19.6108   998.3208 0.0000e+00
      4.667      0.024     1.9169     20.832     28.939  25.697359     3.2029      7.012   306.5165 3.5289e+01     1.8167      4.575      6.638    19.5531   998.3325 0.0000e+00
      4.672      0.024     1.8978     20.602     28.957  25.681959     3.0684      7.010   306.6076 3.5039e+01     1.8017      4.581      6.644    19.5022   998.3428 0.0000e+00
      4.679      0.023     1.8799     20.378     28.999  25.678274     2.9941      7.008   306.6510 3.4731e+01     1.7593      4.588      6.653    19.4675   998.3498 0.0000e+00
      4.687      0.023     1.8602     20.135     29.019  25.652754     2.9901      7.007   306.6114 3.4404e+01     1.7306      4.597      6.668    19.4352   998.3563 0.0000e+00
      4.694      0.022     1.8375     19.863     29.033  25.627098     2.9941      7.006   306.6447 3.4159e+01     1.7162      4.606      6.680    19.4011   998.3632 0.0000e+00
      4.697      0.021     1.8109     19.553     29.062  25.621768     3.0598      7.005   306.7090 3.3984e+01     1.7165      4.607      6.682    19.3506   998.3733 0.0000e+00
      4.701      0.020     1.7819     19.227     29.049  25.588269     3.1946      7.004   306.7005 3.3762e+01     1.7348      4.609      6.684    19.2678   998.3898 0.0000e+00
      4.706      0.021     1.7542     18.917     29.013  25.539233     3.2706      7.003   306.7143 3.3546e+01     1.7407      4.616      6.695    19.1911   998.4049 0.0000e+00
      4.711      0.022     1.7279     18.621     29.032  25.536363     3.2773      7.003   306.8758 3.3380e+01     1.7545      4.621      6.702    19.1283   998.4175 0.0000e+00
      4.716      0.023     1.7036     18.346     29.074  25.553537     3.2842      7.001   307.1043 3.3166e+01     1.7714      4.623      6.704    19.0674   998.4294 0.0000e+00
      4.722      0.023     1.6837     18.123     29.094  25.556542     3.2839      7.000   307.2412 3.2903e+01     1.7475      4.630      6.715    19.0355   998.4357 0.0000e+00
      4.732      0.023     1.6670     17.936     29.125  25.572684     3.2737      7.000   307.4120 3.2725e+01     1.7280      4.641      6.732    19.0137   998.4401 0.0000e+00
      4.739      0.024     1.6514     17.760     29.122  25.558376     3.2827      7.000   307.7065 3.2670e+01     1.7655      4.647      6.740    18.9751   998.4476 0.0000e+00
      4.743      0.026     1.6391     17.619     29.084  25.510408     3.3321      7.000   307.9628 3.2622e+01     1.8729      4.650      6.745    18.9378   998.4549 0.0000e+00
      4.747      0.027     1.6301     17.513     29.089  25.500198     3.3939      6.998   308.1021 3.2537e+01     1.9780      4.655      6.751    18.9139   998.4595 0.0000e+00
      4.753      0.027     1.6222     17.424     29.094  25.498339     3.4147      6.996   308.0992 3.2443e+01     2.0207      4.661      6.759    18.8980   998.4627 0.0000e+00
      4.762      0.028     1.6165     17.365     29.079  25.487934     3.4190      6.996   308.0141 3.2298e+01     2.0608      4.669      6.772    18.8797   998.4663 0.0000e+00
      4.772      0.028     1.6117     17.318     29.086  25.501262     3.5590      6.996   308.0194 3.2161e+01     2.0375      4.680      6.788    18.8522   998.4717 0.0000e+00
      4.780      0.027     1.6053     17.254     29.112  25.532622     3.8233      6.996   308.0775 3.2107e+01     1.9018      4.688      6.800    18.8192   998.4782 0.0000e+00
      4.785      0.026     1.5980     17.182     29.121  25.549922     3.9700      6.995   308.0288 3.2062e+01     1.7964      4.692      6.806    18.8078   998.4803 0.0000e+00
      4.791      0.024     1.5922     17.124     29.078  25.520139     3.9808      6.994   307.9467 3.1975e+01     1.7792      4.697      6.812    18.8201   998.4780 0.0000e+00
      4.797      0.023     1.5913     17.114     29.042  25.489719     3.9448      6.991   307.9447 3.1882e+01     1.7921      4.705      6.824    18.8338   998.4754 0.0000e+00
      4.802      0.023     1.5944     17.144     29.061  25.499309     3.8816      6.990   308.0047 3.1804e+01     1.7895      4.710      6.831    18.8479   998.4727 0.0000e+00
      4.807      0.024     1.5984     17.182     29.082  25.509201     3.8502      6.989   308.0699 3.1717e+01     1.7799      4.713      6.836    18.8633   998.4697 0.0000e+00
      4.814      0.025     1.6038     17.236     29.058  25.482431     3.8431      6.987   308.1307 3.1606e+01     1.7742      4.720      6.846    18.8815   998.4661 0.0000e+00
      4.822      0.025     1.6084     17.280     29.009  25.429381     3.8387      6.986   308.2234 3.1495e+01     1.7865      4.729      6.858    18.8858   998.4653 0.0000e+00
      4.829      0.026     1.6102     17.287     28.970  25.375276     3.8574      6.984   308.3308 3.1408e+01     1.8302      4.736      6.868    18.8660   998.4692 0.0000e+00
      4.835      0.026     1.6088     17.252     28.963  25.335731     3.8870      6.983   308.4828 3.1341e+01     1.8763      4.741      6.876    18.8492   998.4725 0.0000e+00
      4.841      0.025     1.6025     17.159     29.008  25.331829     3.9021      6.983   308.6850 3.1285e+01     1.8850      4.747      6.885    18.8474   998.4729 0.0000e+00
      4.848      0.024     1.5900     17.004     29.044  25.328037     3.9187      6.982   308.8829 3.1225e+01     1.8370      4.754      6.895    18.8312   998.4761 0.0000e+00
      4.855      0.024     1.5710     16.788     29.024  25.289841     4.0439      6.982   308.9828 3.1172e+01     1.8212      4.761      6.905    18.8002   998.4821 0.0000e+00
      4.860      0.024     1.5472     16.520     29.004  25.250608     4.2620      6.981   309.0313 3.1164e+01     1.8572      4.767      6.914    18.7451   998.4928 0.0000e+00
      4.865      0.025     1.5214     16.224     29.028  25.234274     4.3796      6.979   309.1248 3.1127e+01     1.8462      4.771      6.920    18.6520   998.5108 0.0000e+00
      4.871      0.025     1.4942     15.909     29.064  25.219174     4.4087      6.979   309.1683 3.1014e+01     1.7871      4.776      6.928    18.5845   998.5236 0.0000e+00
      4.878      0.025     1.4627     15.549     29.088  25.194844     4.5965      6.977   309.2983 3.0907e+01     1.7320      4.784      6.939    18.5653   998.5274 0.0000e+00
      4.885      0.024     1.4266     15.145     29.130  25.193796     4.9428      6.974   309.4922 3.0825e+01     1.7369      4.791      6.948    18.5369   998.5329 0.0000e+00
      4.892      0.022     1.3883     14.725     29.176  25.206466     5.1280      6.973   309.4481 3.0737e+01     1.7809      4.798      6.958    18.4681   998.5460 0.0000e+00
      4.898      0.019     1.3498     14.307     29.216  25.221120     5.1276      6.973   309.3676 3.0661e+01     1.8052      4.804      6.967    18.3793   998.5627 0.0000e+00
      4.903      0.016     1.3138     13.919     29.256  25.244067     5.0590      6.972   309.4643 3.0627e+01     1.8663      4.809      6.974    18.2973   998.5783 0.0000e+00
      4.906      0.015     1.2818     13.576     29.247  25.230152     4.9319      6.970   309.5851 3.0629e+01     1.9626      4.812      6.980    18.2342   998.5902 0.0000e+00
      4.907      0.016     1.2553     13.291     29.202  25.179747     4.8566      6.970   309.7100 3.0635e+01     1.9875      4.813      6.981    18.1879   998.5988 0.0000e+00
      4.908      0.019     1.2376     13.093     29.184  25.142115     4.8501      6.969   309.9418 3.0603e+01     1.9710      4.812      6.980    18.1531   998.6053 0.0000e+00
      4.911      0.021     1.2291     12.991     29.233  25.155741     4.8539      6.968   310.3229 3.0457e+01     1.9922      4.814      6.983    18.1336   998.6089 0.0000e+00
      4.920      0.019     1.2257     12.946     29.329  25.217581     4.8681      6.967   310.7044 3.0176e+01     2.0476      4.824      6.996    18.1311   998.6095 0.0000e+00
      4.931      0.015     1.2202     12.891     29.364  25.255411     4.8917      6.964   310.9414 2.9874e+01     2.0831      4.837      7.016    18.1172   998.6121 0.0000e+00
      4.941      0.013     1.2084     12.783     29.292  25.232525     4.9051      6.961   311.2079 2.9768e+01     2.0285      4.850      7.034    18.0740   998.6202 0.0000e+00
      4.942      0.015     1.1921     12.626     29.205  25.194673     4.9081      6.956   311.5186 2.9945e+01     1.9770      4.851      7.034    18.0194   998.6303 0.0000e+00
      4.933      0.019     1.1778     12.475     29.187  25.178433     4.8933      6.951   311.7726 3.0155e+01     2.0173      4.836      7.015    17.9686   998.6397 0.0000e+00
      4.928      0.026     1.1735     12.415     29.208  25.163043     4.8564      6.946   312.0422 3.0024e+01     2.0565      4.827      7.001    17.9732   998.6389 0.0000e+00
      4.938      0.036     1.1788     12.453     29.225  25.135415     4.8438      6.944   312.1970 2.9456e+01     2.0576      4.836      7.015    18.0665   998.6216 0.0000e+00
      4.959      0.049     1.1868     12.516     29.237  25.098079     4.8712      6.943   312.2670 2.8872e+01     2.0314      4.866      7.058    18.1604   998.6042 0.0000e+00
      4.979      0.060     1.1913     12.535     29.230  25.028744     5.0484      6.941   312.3729 2.8550e+01     2.0017      4.887      7.087    18.1548   998.6053 0.0000e+00
      4.993      0.067     1.1893     12.484     29.197  24.931381     5.3650      6.940   312.4447 2.8179e+01     2.0265      4.893      7.097    18.0686   998.6214 0.0000e+00
      5.010      0.068     1.1766     12.322     29.207  24.872336     5.5430      6.939   312.5333 2.7737e+01     2.0689      4.914      7.126    17.9984   998.6345 0.0000e+00
      5.027      0.065     1.1461     11.972     29.305  24.885689     5.5624      6.939   312.5838 2.7329e+01     2.0879      4.931      7.152    17.9344   998.6464 0.0000e+00
      5.044      0.059     1.0953     11.417     29.398  24.902429     5.5815      6.939   312.5385 2.6800e+01     2.0932      4.944      7.170    17.8115   998.6690 0.0000e+00
      5.064      0.053     1.0286     10.708     29.419  24.884347     5.6267      6.940   312.5016 2.6312e+01     2.0668      4.967      7.205    17.6861   998.6920 0.0000e+00
      5.080      0.047     0.9543      9.930     29.403  24.857327     5.6590      6.939   312.4826 2.6104e+01     2.0309      4.986      7.232    17.5825   998.7107 0.0000e+00
      5.087      0.042     0.8811      9.164     29.388  24.829457     5.6775      6.939   312.4811 2.6066e+01     2.0197      4.991      7.238    17.4526   998.7341 0.0000e+00
      5.090      0.038     0.8150      8.466     29.393  24.801109     5.7717      6.939   312.4826 2.5966e+01     2.0297      4.989      7.236    17.3310   998.7558 0.0000e+00
      5.096      0.036     0.7604      7.886     29.410  24.768287     5.9312      6.939   312.4143 2.5670e+01     2.0530      4.994      7.244    17.2721   998.7662 0.0000e+00
      5.107      0.037     0.7186      7.441     29.443  24.749724     6.0188      6.938   312.3439 2.5291e+01     2.0719      5.007      7.263    17.2657   998.7674 0.0000e+00
      5.121      0.040     0.6886      7.121     29.505  24.766914     6.0336      6.938   312.3208 2.5010e+01     2.0618      5.023      7.285    17.2563   998.7692 0.0000e+00
      5.131      0.041     0.6675      6.899     29.545  24.785780     6.0413      6.939   312.3067 2.4762e+01     2.0290      5.033      7.300    17.1934   998.7803 0.0000e+00
      5.141      0.041     0.6520      6.738     29.550  24.787498     6.0427      6.939   312.3460 2.4467e+01     2.0026      5.041      7.312    17.1039   998.7961 0.0000e+00
      5.152      0.038     0.6396      6.609     29.557  24.787696     6.0411      6.938   312.3655 2.4177e+01     2.0051      5.053      7.328    17.0204   998.8106 0.0000e+00
      5.163      0.035     0.6287      6.494     29.568  24.788170     6.0476      6.938   312.2835 2.3977e+01     2.0596      5.064      7.345    16.9493   998.8230 0.0000e+00
      5.171      0.034     0.6187      6.390     29.578  24.793205     6.0694      6.939   312.2147 2.3849e+01     2.1045      5.071      7.355    16.9316   998.8261 0.0000e+00
      5.177      0.034     0.6105      6.305     29.571  24.785141     6.2007      6.939   312.2222 2.3686e+01     2.0566      5.076      7.363    16.9460   998.8237 0.0000e+00
      5.184      0.036     0.6056      6.249     29.563  24.754098     6.4310      6.940   312.2879 2.3472e+01     1.9718      5.083      7.372    16.9326   998.8261 0.0000e+00
      5.193      0.040     0.6037      6.217     29.610  24.735023     6.5648      6.940   312.3214 2.3236e+01     1.9639      5.092      7.385    16.9056   998.8308 0.0000e+00
      5.204      0.045     0.6026      6.188     29.717  24.744741     6.6130      6.940   312.2826 2.2994e+01     2.0276      5.104      7.403    16.9034   998.8312 0.0000e+00
      5.216      0.048     0.5974      6.118     29.810  24.744629     6.9012      6.939   312.3351 2.2711e+01     2.0535      5.115      7.418    16.9203   998.8283 0.0000e+00
      5.230      0.048     0.5805      5.933     29.868  24.733565     7.4303      6.937   312.5262 2.2352e+01     2.0144      5.128      7.437    16.8884   998.8339 0.0000e+00
      5.246      0.047     0.5440      5.552     29.920  24.737775     7.7312      6.936   312.6146 2.2003e+01     1.9809      5.146      7.463    16.7781   998.8529 0.0000e+00
      5.260      0.045     0.4880      4.975     29.955  24.732041     7.7822      6.935   312.5436 2.1776e+01     2.0092      5.161      7.486    16.6292   998.8784 0.0000e+00
      5.270      0.043     0.4187      4.262     30.001  24.727644     7.9253      6.934   312.4421 2.1653e+01     2.0615      5.170      7.498    16.4860   998.9027 0.0000e+00
      5.276      0.041     0.3425      3.481     30.083  24.747993     8.1697      6.933   312.3336 2.1515e+01     2.0558      5.173      7.502    16.3869   998.9193 0.0000e+00
      5.284      0.040     0.2683      2.722     30.190  24.787706     8.3010      6.933   312.3505 2.1281e+01     2.0388      5.180      7.513    16.3350   998.9279 0.0000e+00
      5.296      0.040     0.2052      2.078     30.295  24.827128     8.3517      6.933   312.5594 2.0989e+01     2.0533      5.193      7.532    16.2859   998.9362 0.0000e+00
      5.309      0.041     0.1573      1.591     30.367  24.843963     8.8861      6.933   312.8808 2.0721e+01     2.1327      5.206      7.551    16.2109   998.9486 0.0000e+00
      5.320      0.041     0.1251      1.264     30.441  24.864343     9.8726      6.933   313.1398 2.0520e+01     2.3097      5.218      7.568    16.1275   998.9624 0.0000e+00
      5.330      0.041     0.1094      1.103     30.513  24.883183    10.4045      6.932   313.2810 2.0370e+01     2.4575      5.228      7.582    16.0476   998.9755 0.0000e+00
      5.339      0.041     0.1077      1.085     30.558  24.881390    10.4533      6.932   313.4696 2.0186e+01     2.5102      5.235      7.593    15.9698   998.9882 0.0000e+00
      5.349      0.041     0.1142      1.149     30.626  24.906046    10.4803      6.931   313.6996 1.9941e+01     2.4877      5.245      7.607    15.8995   998.9997 0.0000e+00
      5.360      0.043     0.1247      1.253     30.766  24.990956    10.6000      6.930   313.8256 1.9747e+01     2.4480      5.258      7.626    15.8393   999.0094 0.0000e+00
