Data/DataAlreadyUploadedToEDI/CollatedDataForEDI/CTDData/CTD_2019 (not collated)/080119_bvr50.cnv
* Sea-Bird SBE19plus  Data File:
* FileName = C:\DATA\080119_bvr50_0002.hex
* Software version 2.8.0.119 SB_Terminal.dll
* Temperature SN = 7809
* Conductivity SN = 7809
* System UpLoad Time = Aug 01 2019 11:31:56
* <ApplicationData>
* <Seaterm232>
# nquan = 16
# nvalues = 1559                        
# units = specified
# name 0 = depFM: Depth [fresh water, m]
# name 1 = dz/dtM: Descent Rate [m/s]
# name 2 = sbeox0Mg/L: Oxygen, SBE 43 [mg/l]
# name 3 = sbeox0PS: Oxygen, SBE 43 [% saturation]
# name 4 = specc: Specific Conductance [uS/cm]
# name 5 = c0uS/cm: Conductivity [uS/cm]
# name 6 = flECO-AFL: Fluorescence, WET Labs ECO-AFL/FL [mg/m^3]
# name 7 = ph: pH
# name 8 = orp: Oxidation Reduction Potential [mV]
# name 9 = par/sat/log: PAR/Logarithmic, Satlantic
# name 10 = turbWETntu0: Turbidity, WET Labs ECO [NTU]
# name 11 = prdM: Pressure, Strain Gauge [db]
# name 12 = prdE: Pressure, Strain Gauge [psi]
# name 13 = tv290C: Temperature [ITS-90, deg C]
# name 14 = density00: Density [density, kg/m^3]
# name 15 = flag:  0.000e+00
# span 0 =     -0.636,     10.521       
# span 1 =     -0.151,      0.212       
# span 2 =     0.0634,     8.0667       
# span 3 =      0.544,    101.206       
# span 4 =      0.435,    168.955       
# span 5 =   0.435169, 113.907581       
# span 6 =    -0.3059,   236.9324       
# span 7 =      6.377,      9.296       
# span 8 =  -869.4815,   314.5497       
# span 9 = 1.2348e-01, 1.8684e+03       
# span 10 =    -1.4095,    26.0462      
# span 11 =     -0.624,     10.318      
# span 12 =     -0.905,     14.965      
# span 13 =     8.7063,    27.0549      
# span 14 =   996.5153,   999.9166      
# span 15 = 0.0000e+00, 0.0000e+00      
# interval = seconds: 0.25
# start_time = Aug 01 2019 10:57:25 [Instrument's time stamp, header]
# bad_flag = -9.990e-29
*END*
[from data line 181]
      0.130 4.3147e-07     5.8192     72.946     27.393  28.453330     1.1545      7.884   221.5977 1.1319e+03     1.1301      0.127      0.183    26.7638   996.5961 0.0000e+00
      0.129      0.000     6.5213     81.778     27.378  28.448582     1.1510      7.879   221.7642 1.0851e+03     1.1635      0.125      0.181    26.7946   996.5877 0.0000e+00
      0.129      0.000     7.1289     89.418     27.349  28.426218     1.1421      7.874   222.0936 1.1338e+03     1.2344      0.126      0.183    26.8517   996.5721 0.0000e+00
      0.130      0.001     7.6042     95.392     27.355  28.436721     1.1341      7.869   222.4828 1.2080e+03     1.3324      0.128      0.185    26.8993   996.5590 0.0000e+00
      0.130      0.001     7.9193     99.352     27.364  28.448686     1.1406      7.865   222.8563 1.1821e+03     1.3652      0.128      0.186    26.9311   996.5503 0.0000e+00
      0.130      0.001     8.0667    101.206     27.359  28.444001     1.1513      7.861   223.0817 1.1707e+03     1.3355      0.127      0.184    26.9525   996.5445 0.0000e+00
      0.130      0.000     8.0636    101.169     27.357  28.443523     1.1504      7.856   223.1425 1.1667e+03     1.3007      0.127      0.185    26.9654   996.5408 0.0000e+00
      0.130     -0.001     7.9560     99.822     27.356  28.442913     1.1656      7.852   223.2478 1.1698e+03     1.2396      0.129      0.187    26.9727   996.5389 0.0000e+00
      0.130     -0.001     7.8098     97.987     27.350  28.436617     1.2046      7.848   223.4079 1.2080e+03     1.1539      0.128      0.186    26.9760   996.5380 0.0000e+00
      0.129      0.000     7.6721     96.261     27.345  28.430849     1.2233      7.844   223.5299 1.1964e+03     1.1164      0.127      0.184    26.9777   996.5376 0.0000e+00
      0.129      0.001     7.5589     94.841     27.350  28.436617     1.2263      7.841   223.6908 1.1781e+03     1.1471      0.127      0.184    26.9790   996.5372 0.0000e+00
      0.129      0.002     7.4710     93.740     27.355  28.442910     1.2761      7.837   223.8903 1.1752e+03     1.2298      0.126      0.183    26.9800   996.5369 0.0000e+00
      0.130      0.002     7.4065     92.929     27.355  28.443486     1.3570      7.833   224.0493 1.1712e+03     1.3303      0.127      0.184    26.9799   996.5369 0.0000e+00
      0.131      0.003     7.3606     92.353     27.356  28.443590     1.3988      7.831   224.2364 1.1582e+03     1.3793      0.128      0.186    26.9799   996.5369 0.0000e+00
      0.133      0.004     7.3252     91.905     27.358  28.444167     1.4080      7.828   224.5175 1.1313e+03     1.3630      0.130      0.191    26.9812   996.5366 0.0000e+00
      0.134      0.004     7.2941     91.509     27.366  28.450460     1.4250      7.823   224.7817 1.1405e+03     1.3298      0.132      0.192    26.9820   996.5364 0.0000e+00
      0.134      0.004     7.2711     91.217     27.372  28.456227     1.4489      7.818   225.0221 1.1755e+03     1.3379      0.131      0.190    26.9824   996.5363 0.0000e+00
      0.135      0.003     7.2614     91.095     27.367  28.450445     1.4619      7.814   225.2727 1.1889e+03     1.3629      0.133      0.192    26.9820   996.5363 0.0000e+00
      0.137      0.001     7.2605     91.085     27.361  28.443997     1.4699      7.811   225.4020 1.1596e+03     1.3690      0.135      0.195    26.9797   996.5370 0.0000e+00
      0.137     -0.001     7.2627     91.114     27.358  28.441713     1.4585      7.808   225.4665 1.1268e+03     1.3136      0.135      0.196    26.9754   996.5382 0.0000e+00
      0.137     -0.003     7.2664     91.162     27.339  28.422837     1.4197      7.804   225.6229 1.1392e+03     1.1852      0.135      0.196    26.9722   996.5391 0.0000e+00
      0.135     -0.005     7.2706     91.217     27.323  28.406101     1.4007      7.801   225.7446 1.1600e+03     1.0951      0.132      0.192    26.9722   996.5390 0.0000e+00
      0.132     -0.005     7.2755     91.278     27.346  28.429696     1.4014      7.798   225.7330 1.1505e+03     1.0756      0.129      0.188    26.9737   996.5386 0.0000e+00
      0.130     -0.005     7.2810     91.347     27.370  28.454340     1.3769      7.796   225.8273 1.1490e+03     1.0801      0.127      0.185    26.9756   996.5381 0.0000e+00
      0.130     -0.003     7.2846     91.393     27.365  28.450288     1.3375      7.794   226.1102 1.1777e+03     1.0847      0.127      0.184    26.9766   996.5378 0.0000e+00
      0.129      0.000     7.2836     91.383     27.358  28.444157     1.3248      7.789   226.4000 1.2524e+03     1.0659      0.126      0.183    26.9765   996.5378 0.0000e+00
      0.128      0.002     7.2768     91.299     27.357  28.443651     1.3362      7.786   226.5778 1.3669e+03     1.0492      0.125      0.181    26.9761   996.5379 0.0000e+00
      0.129      0.004     7.2667     91.172     27.358  28.444173     1.3443      7.783   226.7113 1.3491e+03     1.0796      0.126      0.182    26.9757   996.5381 0.0000e+00
      0.132      0.004     7.2582     91.064     27.364  28.450471     1.3270      7.779   226.9818 1.1929e+03     1.1055      0.129      0.188    26.9767   996.5378 0.0000e+00
      0.135      0.004     7.2528     90.996     27.369  28.456342     1.2833      7.776   227.2669 1.1222e+03     1.1000      0.134      0.193    26.9794   996.5371 0.0000e+00
      0.135      0.005     7.2516     90.981     27.365  28.451718     1.2586      7.773   227.4054 1.1593e+03     1.1113      0.133      0.194    26.9804   996.5368 0.0000e+00
      0.135      0.005     7.2537     91.007     27.372  28.458010     1.2701      7.770   227.5381 1.1599e+03     1.1434      0.131      0.191    26.9795   996.5370 0.0000e+00
      0.135      0.005     7.2582     91.063     27.383  28.468978     1.3021      7.766   227.6672 1.1140e+03     1.1616      0.132      0.191    26.9791   996.5371 0.0000e+00
      0.136      0.005     7.2678     91.183     27.371  28.457428     1.3506      7.762   227.7619 1.1230e+03     1.1341      0.133      0.193    26.9791   996.5372 0.0000e+00
      0.139      0.005     7.2800     91.336     27.359  28.445253     1.3876      7.760   227.9084 1.1734e+03     1.1064      0.137      0.198    26.9789   996.5373 0.0000e+00
      0.141      0.005     7.2862     91.414     27.363  28.448671     1.4035      7.757   228.0615 1.1866e+03     1.1219      0.140      0.202    26.9783   996.5374 0.0000e+00
      0.143      0.004     7.2830     91.374     27.350  28.435302     1.3949      7.754   228.1504 1.1639e+03     1.1242      0.140      0.204    26.9776   996.5377 0.0000e+00
      0.143      0.003     7.2740     91.261     27.326  28.410506     1.3619      7.751   228.2091 1.1393e+03     1.0686      0.141      0.204    26.9773   996.5376 0.0000e+00
      0.143      0.001     7.2637     91.133     27.318  28.402645     1.3340      7.747   228.4269 1.1215e+03     1.0395      0.140      0.202    26.9778   996.5375 0.0000e+00
      0.143      0.001     7.2552     91.027     27.319  28.403698     1.3265      7.743   228.7191 1.1202e+03     1.1002      0.139      0.203    26.9778   996.5376 0.0000e+00
      0.143      0.001     7.2492     90.952     27.337  28.423248     1.3490      7.740   228.8163 1.1253e+03     1.2134      0.140      0.204    26.9779   996.5375 0.0000e+00
      0.143      0.002     7.2442     90.888     27.362  28.448682     1.3804      7.738   228.9147 1.1007e+03     1.2939      0.140      0.204    26.9784   996.5374 0.0000e+00
      0.143      0.004     7.2399     90.834     27.371  28.457429     1.3940      7.734   229.1346 1.0578e+03     1.2863      0.140      0.204    26.9792   996.5371 0.0000e+00
      0.144      0.005     7.2379     90.810     27.378  28.465554     1.4009      7.728   229.2378 1.0314e+03     1.2850      0.140      0.204    26.9801   996.5369 0.0000e+00
      0.146      0.005     7.2384     90.820     27.394  28.483486     1.4289      7.720   229.2159 1.0326e+03     1.2777      0.142      0.206    26.9798   996.5370 0.0000e+00
      0.149      0.002     7.2412     90.861     27.393  28.483908     1.4819      7.712   229.2129 1.0652e+03     1.1984      0.146      0.211    26.9785   996.5374 0.0000e+00
      0.153     -0.001     7.2455     90.921     27.378  28.470654     1.5124      7.706   229.2878 1.0929e+03     1.1454      0.150      0.219    26.9778   996.5376 0.0000e+00
      0.153     -0.002     7.2505     90.988     27.357  28.450138     1.5119      7.700   229.4329 1.1018e+03     1.1291      0.152      0.221    26.9792   996.5372 0.0000e+00
      0.148     -0.002     7.2553     91.048     27.334  28.426186     1.5013      7.692   229.5913 1.0891e+03     1.0998      0.147      0.212    26.9810   996.5367 0.0000e+00
      0.141     -0.002     7.2573     91.071     27.343  28.434829     1.4795      7.682   229.7412 1.0616e+03     1.0863      0.136      0.196    26.9840   996.5358 0.0000e+00
      0.141     -0.001     7.2567     91.061     27.336  28.427751     1.4569      7.674   229.9544 1.1017e+03     1.0968      0.134      0.195    26.9893   996.5343 0.0000e+00
      0.146      0.001     7.2540     91.024     27.314  28.404056     1.4452      7.667   230.2754 1.1369e+03     1.1281      0.144      0.210    26.9926   996.5335 0.0000e+00
      0.150      0.004     7.2491     90.959     27.314  28.402110     1.4506      7.659   230.5250 1.0199e+03     1.1696      0.149      0.216    26.9922   996.5336 0.0000e+00
      0.150      0.005     7.2452     90.908     27.317  28.404216     1.4697      7.651   230.5636 9.2802e+02     1.1732      0.147      0.212    26.9902   996.5342 0.0000e+00
      0.149      0.003     7.2423     90.871     27.342  28.429524     1.4943      7.645   230.5696 1.0062e+03     1.1385      0.145      0.210    26.9884   996.5347 0.0000e+00
      0.151     -0.000     7.2391     90.831     27.366  28.454325     1.5138      7.641   230.7706 1.0619e+03     1.1105      0.148      0.215    26.9870   996.5351 0.0000e+00
      0.151     -0.001     7.2366     90.800     27.361  28.450297     1.5243      7.640   231.0148 1.0679e+03     1.1295      0.150      0.217    26.9845   996.5358 0.0000e+00
      0.149     -0.000     7.2356     90.787     27.356  28.444267     1.5862      7.640   231.1129 1.1219e+03     1.1720      0.145      0.211    26.9826   996.5362 0.0000e+00
      0.147      0.000     7.2386     90.826     27.356  28.444858     1.6977      7.639   231.1824 1.1864e+03     1.1647      0.142      0.207    26.9825   996.5363 0.0000e+00
      0.148      0.000     7.2470     90.929     27.369  28.457443     1.7549      7.638   231.2531 1.2064e+03     1.1399      0.145      0.210    26.9830   996.5362 0.0000e+00
      0.150      0.001     7.2557     91.038     27.381  28.469545     1.7579      7.638   231.2794 1.1756e+03     1.1340      0.148      0.214    26.9833   996.5361 0.0000e+00
      0.151      0.002     7.2612     91.105     27.376  28.464287     1.7329      7.637   231.4144 1.1388e+03     1.1275      0.148      0.215    26.9835   996.5360 0.0000e+00
      0.151      0.002     7.2640     91.139     27.370  28.457314     1.6869      7.634   231.6805 1.1237e+03     1.1256      0.148      0.215    26.9829   996.5362 0.0000e+00
      0.151      0.001     7.2661     91.164     27.362  28.448685     1.6611      7.630   231.9151 1.1195e+03     1.1108      0.148      0.215    26.9817   996.5365 0.0000e+00
      0.152      0.001     7.2696     91.209     27.337  28.423407     1.6465      7.624   232.1871 1.1201e+03     1.0798      0.149      0.216    26.9810   996.5367 0.0000e+00
      0.152      0.000     7.2748     91.277     27.319  28.405456     1.5715      7.619   232.4731 1.1354e+03     1.0785      0.149      0.216    26.9805   996.5368 0.0000e+00
      0.152 -3.910e-07     7.2795     91.337     27.334  28.421979     1.4392      7.615   232.6201 1.1427e+03     1.0951      0.149      0.216    26.9798   996.5370 0.0000e+00
      0.152      0.000     7.2817     91.367     27.344  28.432842     1.3638      7.612   232.6745 1.1307e+03     1.1171      0.149      0.216    26.9794   996.5371 0.0000e+00
      0.152      0.000     7.2820     91.372     27.322  28.409913     1.3543      7.611   232.7001 1.1262e+03     1.1480      0.149      0.217    26.9796   996.5371 0.0000e+00
      0.151     -0.001     7.2806     91.355     27.311  28.398533     1.4277      7.610   232.7573 1.1232e+03     1.2065      0.148      0.216    26.9807   996.5369 0.0000e+00
      0.151     -0.001     7.2787     91.331     27.333  28.422143     1.5925      7.607   232.9366 1.0922e+03     1.3327      0.148      0.215    26.9825   996.5363 0.0000e+00
      0.151     -0.001     7.2782     91.325     27.352  28.441597     1.6915      7.603   233.0607 1.0485e+03     1.3967      0.149      0.216    26.9839   996.5359 0.0000e+00
      0.151     -0.001     7.2781     91.323     27.355  28.443403     1.6968      7.602   233.0535 1.0510e+03     1.3563      0.148      0.215    26.9846   996.5357 0.0000e+00
      0.150     -0.001     7.2769     91.306     27.355  28.443978     1.6999      7.601   233.1940 1.0993e+03     1.3355      0.147      0.214    26.9852   996.5355 0.0000e+00
      0.150     -0.000     7.2731     91.258     27.360  28.448555     1.7291      7.600   233.4682 1.1128e+03     1.2767      0.147      0.213    26.9855   996.5355 0.0000e+00
      0.150      0.001     7.2646     91.151     27.347  28.435291     1.7631      7.598   233.7025 1.0709e+03     1.1693      0.147      0.213    26.9846   996.5358 0.0000e+00
      0.151      0.002     7.2544     91.023     27.324  28.410504     1.7734      7.596   233.8753 1.0725e+03     1.1193      0.148      0.214    26.9838   996.5360 0.0000e+00
      0.151      0.003     7.2502     90.970     27.317  28.402644     1.7581      7.593   234.0090 1.1035e+03     1.0979      0.148      0.214    26.9832   996.5361 0.0000e+00
      0.152      0.004     7.2538     91.016     27.317  28.403697     1.7001      7.592   234.1996 1.0974e+03     1.1071      0.149      0.216    26.9828   996.5362 0.0000e+00
      0.153      0.004     7.2608     91.104     27.335  28.423236     1.6256      7.590   234.4596 1.1099e+03     1.1327      0.150      0.218    26.9828   996.5362 0.0000e+00
      0.155      0.004     7.2677     91.190     27.360  28.448556     1.5949      7.588   234.6578 1.1103e+03     1.1127      0.152      0.221    26.9827   996.5362 0.0000e+00
      0.157      0.003     7.2720     91.243     27.367  28.456054     1.5888      7.586   234.7031 1.0998e+03     1.0949      0.154      0.224    26.9820   996.5364 0.0000e+00
      0.158      0.002     7.2721     91.246     27.361  28.450442     1.6042      7.584   234.7486 1.1090e+03     1.0807      0.154      0.224    26.9820   996.5365 0.0000e+00
      0.158      0.001     7.2686     91.202     27.355  28.444151     1.6598      7.583   234.8644 1.1029e+03     1.0724      0.155      0.225    26.9828   996.5363 0.0000e+00
      0.157      0.001     7.2632     91.136     27.354  28.443428     1.7065      7.581   234.8994 1.1021e+03     1.0925      0.154      0.224    26.9827   996.5363 0.0000e+00
      0.156      0.001     7.2577     91.069     27.352  28.441713     1.7178      7.580   234.9132 1.0956e+03     1.0944      0.153      0.222    26.9824   996.5364 0.0000e+00
      0.156      0.000     7.2525     91.004     27.334  28.423403     1.7269      7.579   235.0311 1.0942e+03     1.1605      0.153      0.222    26.9829   996.5363 0.0000e+00
      0.157      0.000     7.2501     90.973     27.324  28.412390     1.7478      7.577   235.2063 1.1111e+03     1.3023      0.153      0.222    26.9838   996.5360 0.0000e+00
      0.158     -0.001     7.2531     91.010     27.346  28.435446     1.7613      7.574   235.3112 1.1311e+03     1.3671      0.155      0.225    26.9850   996.5357 0.0000e+00
      0.159     -0.002     7.2581     91.070     27.359  28.448384     1.7606      7.572   235.3530 1.1407e+03     1.3534      0.157      0.227    26.9856   996.5355 0.0000e+00
