Data/DataAlreadyUploadedToEDI/CollatedDataForEDI/CTDData/CTD_2019 (not collated)/080119_bvr50.cnv
* Sea-Bird SBE19plus  Data File:
* FileName = C:\DATA\080119_bvr50_0002.hex
* Software version 2.8.0.119 SB_Terminal.dll
* Temperature SN = 7809
* Conductivity SN = 7809
* System UpLoad Time = Aug 01 2019 11:31:56
* <ApplicationData>
* <Seaterm232>
# nquan = 16
# nvalues = 1559                        
# units = specified
# name 0 = depFM: Depth [fresh water, m]
# name 1 = dz/dtM: Descent Rate [m/s]
# name 2 = sbeox0Mg/L: Oxygen, SBE 43 [mg/l]
# name 3 = sbeox0PS: Oxygen, SBE 43 [% saturation]
# name 4 = specc: Specific Conductance [uS/cm]
# name 5 = c0uS/cm: Conductivity [uS/cm]
# name 6 = flECO-AFL: Fluorescence, WET Labs ECO-AFL/FL [mg/m^3]
# name 7 = ph: pH
# name 8 = orp: Oxidation Reduction Potential [mV]
# name 9 = par/sat/log: PAR/Logarithmic, Satlantic
# name 10 = turbWETntu0: Turbidity, WET Labs ECO [NTU]
# name 11 = prdM: Pressure, Strain Gauge [db]
# name 12 = prdE: Pressure, Strain Gauge [psi]
# name 13 = tv290C: Temperature [ITS-90, deg C]
# name 14 = density00: Density [density, kg/m^3]
# name 15 = flag:  0.000e+00
# span 0 =     -0.636,     10.521       
# span 1 =     -0.151,      0.212       
# span 2 =     0.0634,     8.0667       
# span 3 =      0.544,    101.206       
# span 4 =      0.435,    168.955       
# span 5 =   0.435169, 113.907581       
# span 6 =    -0.3059,   236.9324       
# span 7 =      6.377,      9.296       
# span 8 =  -869.4815,   314.5497       
# span 9 = 1.2348e-01, 1.8684e+03       
# span 10 =    -1.4095,    26.0462      
# span 11 =     -0.624,     10.318      
# span 12 =     -0.905,     14.965      
# span 13 =     8.7063,    27.0549      
# span 14 =   996.5153,   999.9166      
# span 15 = 0.0000e+00, 0.0000e+00      
# interval = seconds: 0.25
# start_time = Aug 01 2019 10:57:25 [Instrument's time stamp, header]
# bad_flag = -9.990e-29
*END*
[from data line 91]
      0.298     -0.039     5.5899     70.065     27.248  28.300064     1.4056      8.469   200.2185 5.4018e+02     1.0934      0.296      0.429    26.9295   996.5515 0.0000e+00
      0.294     -0.076     5.5426     69.450     27.232  28.274802     1.3216      8.458   200.2930 6.1168e+02     1.1120      0.291      0.423    26.9297   996.5514 0.0000e+00
      0.280     -0.115     5.5155     69.085     27.207  28.238212     1.2836      8.443   200.3025 8.7486e+02     1.1264      0.279      0.405    26.9314   996.5508 0.0000e+00
      0.246     -0.142     5.5327     69.278     27.217  28.238309     1.2843      8.425   200.3330 9.9338e+02     1.1358      0.255      0.369    26.9366   996.5493 0.0000e+00
      0.184     -0.151     5.5987     70.092     27.259  28.275969     1.2519      8.408   200.5752 1.0752e+03     1.1275      0.188      0.274    26.9286   996.5512 0.0000e+00
      0.110     -0.140     5.7041     71.413     27.294  28.312872     1.1862      8.392   200.9946 1.2345e+03     1.1239      0.095      0.138    26.9062   996.5569 0.0000e+00
      0.060     -0.113     5.8324     73.036     27.279  28.303831     1.1493      8.376   201.3592 1.1978e+03     1.1250      0.044      0.065    26.8869   996.5620 0.0000e+00
      0.046     -0.076     5.9593     74.645     27.262  28.293551     1.1519      8.363   201.5418 1.1053e+03     1.1412      0.039      0.057    26.8669   996.5675 0.0000e+00
      0.052     -0.034     6.0567     75.882     27.276  28.315478     1.1576      8.354   201.5684 1.0334e+03     1.1561      0.049      0.071    26.8517   996.5717 0.0000e+00
      0.062      0.000     6.1041     76.491     27.270  28.315174     1.1580      8.349   201.5946 8.9322e+02     1.1413      0.062      0.091    26.8560   996.5706 0.0000e+00
      0.068      0.019     6.0949     76.386     27.241  28.289891     1.1647      8.342   201.8586 8.4424e+02     1.1579      0.069      0.100    26.8714   996.5665 0.0000e+00
      0.071      0.024     6.0388     75.689     27.213  28.263576     1.1691      8.333   202.2651 9.4183e+02     1.1931      0.069      0.100    26.8868   996.5622 0.0000e+00
      0.076      0.022     5.9511     74.592     27.200  28.250783     1.1594      8.323   202.6384 9.8258e+02     1.2071      0.072      0.105    26.9003   996.5585 0.0000e+00
      0.083      0.018     5.8437     73.244     27.212  28.262100     1.1520      8.313   202.9294 8.7293e+02     1.1958      0.081      0.119    26.9112   996.5555 0.0000e+00
      0.090      0.014     5.7323     71.845     27.224  28.273520     1.1487      8.303   203.0310 9.2216e+02     1.1551      0.090      0.130    26.9192   996.5534 0.0000e+00
      0.095      0.011     5.6337     70.606     27.214  28.261975     1.1460      8.294   203.0924 1.1292e+03     1.1086      0.095      0.137    26.9240   996.5521 0.0000e+00
      0.095      0.007     5.5551     69.618     27.204  28.249390     1.1540      8.287   203.3277 1.2621e+03     1.0586      0.094      0.137    26.9258   996.5515 0.0000e+00
      0.093      0.005     5.4966     68.882     27.204  28.248246     1.1761      8.281   203.5530 1.4104e+03     1.0754      0.091      0.132    26.9242   996.5520 0.0000e+00
      0.092      0.004     5.4549     68.359     27.204  28.248142     1.2051      8.272   203.6660 1.4719e+03     1.2129      0.089      0.129    26.9208   996.5529 0.0000e+00
      0.093      0.006     5.4244     67.974     27.205  28.248123     1.2182      8.262   203.9187 1.3404e+03     1.3455      0.091      0.132    26.9174   996.5539 0.0000e+00
      0.096      0.008     5.3989     67.654     27.205  28.248018     1.2131      8.254   204.2852 1.2040e+03     1.3678      0.094      0.136    26.9148   996.5546 0.0000e+00
      0.099      0.009     5.3753     67.356     27.204  28.246874     1.2045      8.247   204.5698 1.1829e+03     1.2857      0.097      0.140    26.9132   996.5551 0.0000e+00
      0.103      0.009     5.3497     67.031     27.194  28.234289     1.1925      8.240   204.8655 1.1911e+03     1.1720      0.101      0.147    26.9119   996.5554 0.0000e+00
      0.107      0.008     5.3180     66.630     27.184  28.222754     1.1894      8.232   205.1933 1.1444e+03     1.1077      0.106      0.154    26.9113   996.5556 0.0000e+00
      0.109      0.005     5.2820     66.176     27.197  28.234280     1.2013      8.226   205.5209 1.1548e+03     1.0976      0.108      0.157    26.9109   996.5557 0.0000e+00
      0.109      0.002     5.2444     65.702     27.211  28.246759     1.2147      8.221   205.8152 1.1702e+03     1.1146      0.107      0.155    26.9094   996.5561 0.0000e+00
      0.108      0.000     5.2036     65.187     27.212  28.246751     1.2209      8.216   206.0848 1.1950e+03     1.1178      0.106      0.153    26.9062   996.5570 0.0000e+00
      0.107     -0.001     5.1607     64.647     27.202  28.234176     1.2156      8.210   206.3717 1.3591e+03     1.1043      0.105      0.152    26.9026   996.5580 0.0000e+00
      0.107     -0.001     5.1197     64.129     27.192  28.221601     1.2121      8.205   206.6166 1.3846e+03     1.1144      0.105      0.152    26.8993   996.5589 0.0000e+00
      0.106      0.000     5.0810     63.640     27.194  28.221593     1.2043      8.200   206.8945 1.2358e+03     1.1417      0.104      0.150    26.8963   996.5597 0.0000e+00
      0.106 3.9894e-07     5.0418     63.145     27.207  28.234081     1.1730      8.195   207.2369 1.1492e+03     1.1387      0.103      0.150    26.8941   996.5603 0.0000e+00
      0.107      0.000     5.0043     62.673     27.220  28.245703     1.1554      8.190   207.4864 1.1562e+03     1.1110      0.105      0.153    26.8909   996.5612 0.0000e+00
      0.108      0.000     4.9733     62.281     27.212  28.235215     1.1642      8.185   207.6748 1.2014e+03     1.1015      0.106      0.154    26.8872   996.5622 0.0000e+00
      0.107      0.001     4.9426     61.893     27.212  28.234167     1.1665      8.181   207.9655 1.2154e+03     1.1232      0.105      0.153    26.8840   996.5631 0.0000e+00
      0.107      0.001     4.9103     61.486     27.212  28.233023     1.1575      8.178   208.4201 1.1983e+03     1.1438      0.105      0.152    26.8806   996.5640 0.0000e+00
      0.107      0.002     4.8805     61.111     27.202  28.221383     1.1505      8.174   208.8697 1.1796e+03     1.1539      0.105      0.152    26.8777   996.5648 0.0000e+00
      0.107      0.004     4.8517     60.748     27.202  28.220316     1.1513      8.168   209.0998 1.1626e+03     1.1793      0.105      0.152    26.8747   996.5656 0.0000e+00
      0.108      0.006     4.8227     60.384     27.203  28.220125     1.1499      8.163   209.3101 1.1350e+03     1.1893      0.106      0.154    26.8719   996.5664 0.0000e+00
      0.111      0.006     4.7943     60.026     27.203  28.219068     1.1331      8.158   209.6053 1.1286e+03     1.2089      0.109      0.158    26.8696   996.5671 0.0000e+00
      0.113      0.006     4.7653     59.661     27.193  28.207532     1.1041      8.152   209.8298 1.1759e+03     1.2529      0.111      0.161    26.8676   996.5676 0.0000e+00
      0.116      0.005     4.7358     59.288     27.194  28.207531     1.0859      8.147   210.0453 1.2181e+03     1.2621      0.113      0.165    26.8657   996.5681 0.0000e+00
      0.117      0.004     4.7078     58.933     27.207  28.219058     1.0865      8.142   210.3178 1.2341e+03     1.2867      0.115      0.167    26.8641   996.5686 0.0000e+00
      0.117      0.002     4.6814     58.600     27.209  28.220003     1.1111      8.136   210.6300 1.2392e+03     1.2886      0.115      0.166    26.8624   996.5691 0.0000e+00
      0.117      0.001     4.6557     58.276     27.209  28.218954     1.1494      8.131   210.9803 1.2162e+03     1.1869      0.115      0.166    26.8600   996.5697 0.0000e+00
      0.118     -0.001     4.6311     57.966     27.199  28.206379     1.1589      8.126   211.2845 1.2152e+03     1.1049      0.116      0.168    26.8567   996.5706 0.0000e+00
      0.118     -0.002     4.6080     57.673     27.189  28.194844     1.1480      8.122   211.4685 1.2301e+03     1.1169      0.115      0.167    26.8534   996.5715 0.0000e+00
      0.117     -0.002     4.5855     57.389     27.202  28.206379     1.1482      8.118   211.5697 1.2053e+03     1.2019      0.114      0.166    26.8506   996.5723 0.0000e+00
      0.116     -0.001     4.5629     57.105     27.214  28.218954     1.1525      8.111   211.8194 1.1785e+03     1.3125      0.114      0.165    26.8479   996.5730 0.0000e+00
      0.115     -0.001     4.5410     56.829     27.215  28.219994     1.1565      8.105   212.2507 1.1835e+03     1.3399      0.112      0.163    26.8454   996.5736 0.0000e+00
      0.115      0.000     4.5204     56.569     27.215  28.218956     1.1629      8.099   212.6549 1.2098e+03     1.3034      0.112      0.162    26.8432   996.5743 0.0000e+00
      0.116      0.001     4.5004     56.317     27.205  28.206400     1.1771      8.093   213.0071 1.2120e+03     1.2646      0.114      0.164    26.8409   996.5749 0.0000e+00
      0.117      0.002     4.4820     56.084     27.195  28.195074     1.1985      8.087   213.2395 1.1628e+03     1.1987      0.115      0.166    26.8394   996.5753 0.0000e+00
      0.117      0.002     4.4639     55.855     27.210  28.208897     1.2048      8.082   213.3997 1.1359e+03     1.1299      0.114      0.166    26.8384   996.5756 0.0000e+00
      0.117      0.002     4.4444     55.607     27.249  28.246641     1.2011      8.077   213.5673 1.1608e+03     1.0883      0.115      0.166    26.8366   996.5760 0.0000e+00
      0.118      0.002     4.4256     55.369     27.274  28.270751     1.1885      8.073   213.7182 1.1860e+03     1.0887      0.115      0.167    26.8342   996.5767 0.0000e+00
      0.118      0.002     4.4079     55.146     27.251  28.246630     1.1653      8.069   213.9329 1.2065e+03     1.1024      0.116      0.168    26.8312   996.5776 0.0000e+00
      0.118      0.003     4.3902     54.923     27.216  28.208782     1.1549      8.065   214.1845 1.2378e+03     1.0901      0.115      0.167    26.8281   996.5784 0.0000e+00
      0.119      0.005     4.3738     54.718     27.201  28.193806     1.1490      8.060   214.4374 1.2391e+03     1.1035      0.116      0.169    26.8249   996.5793 0.0000e+00
      0.120      0.006     4.3604     54.549     27.200  28.192445     1.1461      8.055   214.7532 1.2015e+03     1.1332      0.118      0.171    26.8217   996.5802 0.0000e+00
      0.122      0.007     4.3485     54.401     27.200  28.192321     1.1544      8.049   215.1641 1.1652e+03     1.1869      0.120      0.173    26.8194   996.5808 0.0000e+00
      0.124      0.007     4.3375     54.261     27.201  28.192310     1.1630      8.042   215.5338 1.2262e+03     1.2942      0.122      0.176    26.8178   996.5813 0.0000e+00
      0.127      0.006     4.3273     54.131     27.202  28.192308     1.1633      8.037   215.6954 1.3222e+03     1.3482      0.125      0.180    26.8170   996.5815 0.0000e+00
      0.129      0.004     4.3157     53.982     27.204  28.192299     1.1578      8.032   215.7415 1.2524e+03     1.3157      0.127      0.184    26.8171   996.5815 0.0000e+00
      0.130      0.002     4.3018     53.806     27.205  28.192196     1.1649      8.028   215.8328 1.1362e+03     1.2297      0.128      0.186    26.8174   996.5814 0.0000e+00
      0.129      0.000     4.2868     53.617     27.205  28.191062     1.1805      8.024   216.0253 1.0861e+03     1.1275      0.128      0.185    26.8161   996.5817 0.0000e+00
      0.128     -0.002     4.2707     53.412     27.195  28.178582     1.1913      8.019   216.2614 1.0779e+03     1.0961      0.126      0.183    26.8131   996.5826 0.0000e+00
      0.127     -0.004     4.2534     53.193     27.186  28.168190     1.1993      8.013   216.4513 1.1230e+03     1.1116      0.125      0.181    26.8099   996.5834 0.0000e+00
      0.127     -0.004     4.2369     52.985     27.211  28.192301     1.2342      8.008   216.6858 1.1488e+03     1.1844      0.125      0.181    26.8075   996.5841 0.0000e+00
      0.126     -0.004     4.2222     52.799     27.235  28.216325     1.3008      8.002   216.9467 1.1303e+03     1.3204      0.124      0.180    26.8053   996.5847 0.0000e+00
      0.125     -0.004     4.2086     52.626     27.225  28.204885     1.3374      7.996   217.1105 1.1307e+03     1.3801      0.123      0.178    26.8025   996.5855 0.0000e+00
      0.123     -0.004     4.1955     52.461     27.203  28.180860     1.3385      7.990   217.3755 1.1571e+03     1.3488      0.121      0.174    26.7997   996.5862 0.0000e+00
      0.122     -0.004     4.1831     52.305     27.203  28.179620     1.3492      7.984   217.8278 1.1667e+03     1.2689      0.119      0.172    26.7969   996.5869 0.0000e+00
      0.122     -0.003     4.1719     52.164     27.213  28.189890     1.3706      7.977   218.1908 1.1816e+03     1.1687      0.120      0.174    26.7940   996.5878 0.0000e+00
      0.121     -0.002     4.1606     52.019     27.203  28.178146     1.3723      7.971   218.2376 1.1944e+03     1.1530      0.119      0.173    26.7918   996.5884 0.0000e+00
      0.120     -0.000     4.1486     51.868     27.191  28.164512     1.3520      7.965   218.1348 1.1667e+03     1.1770      0.116      0.170    26.7903   996.5887 0.0000e+00
      0.120      0.000     4.1365     51.715     27.180  28.151937     1.3077      7.959   218.2392 1.1368e+03     1.1313      0.116      0.169    26.7892   996.5890 0.0000e+00
      0.121      0.001     4.1252     51.572     27.182  28.152987     1.2525      7.955   218.5530 1.1266e+03     1.0919      0.119      0.173    26.7877   996.5895 0.0000e+00
      0.122      0.001     4.1132     51.420     27.206  28.177202     1.2312      7.951   218.8313 1.1348e+03     1.0944      0.120      0.174    26.7854   996.5900 0.0000e+00
      0.122      0.001     4.0990     51.240     27.221  28.190939     1.2227      7.947   219.0230 1.1478e+03     1.0962      0.119      0.173    26.7834   996.5906 0.0000e+00
      0.122      0.001     4.0851     51.065     27.223  28.192187     1.2107      7.943   219.2364 1.1426e+03     1.1133      0.120      0.174    26.7822   996.5910 0.0000e+00
      0.122      0.001     4.0741     50.925     27.225  28.192290     1.1983      7.939   219.5175 1.1429e+03     1.1369      0.120      0.174    26.7806   996.5914 0.0000e+00
      0.122      0.002     4.0665     50.828     27.225  28.192187     1.1783      7.934   219.8413 1.1687e+03     1.1200      0.120      0.174    26.7783   996.5920 0.0000e+00
      0.122      0.003     4.0613     50.762     27.225  28.190942     1.1683      7.927   220.1406 1.1973e+03     1.0732      0.120      0.174    26.7761   996.5927 0.0000e+00
      0.123      0.004     4.0569     50.706     27.212  28.177236     1.1630      7.922   220.3830 1.2101e+03     1.0623      0.121      0.175    26.7734   996.5934 0.0000e+00
      0.125      0.005     4.0544     50.673     27.190  28.153357     1.1572      7.916   220.6205 1.2025e+03     1.1521      0.122      0.177    26.7705   996.5942 0.0000e+00
      0.127      0.005     4.0550     50.680     27.193  28.156005     1.1584      7.910   220.8619 1.1707e+03     1.2741      0.124      0.180    26.7685   996.5947 0.0000e+00
      0.129      0.004     4.0732     50.915     27.240  28.209240     1.1605      7.905   221.0644 1.1479e+03     1.2926      0.127      0.183    26.7672   996.5950 0.0000e+00
      0.130      0.003     4.1854     52.347     27.302  28.289460     1.1576      7.900   221.2619 1.1474e+03     1.2765      0.128      0.185    26.7664   996.5953 0.0000e+00
      0.131      0.001     4.5169     56.544     27.349  28.364621     1.1496      7.895   221.4438 1.1589e+03     1.2437      0.128      0.186    26.7655   996.5955 0.0000e+00
