Data/DataAlreadyUploadedToEDI/CollatedDataForEDI/CTDData/CTD_2019 (not collated)/080119_bvr50.cnv
* Sea-Bird SBE19plus  Data File:
* FileName = C:\DATA\080119_bvr50_0002.hex
* Software version 2.8.0.119 SB_Terminal.dll
* Temperature SN = 7809
* Conductivity SN = 7809
* System UpLoad Time = Aug 01 2019 11:31:56
* <ApplicationData>
* <Seaterm232>
# nquan = 16
# nvalues = 1559                        
# units = specified
# name 0 = depFM: Depth [fresh water, m]
# name 1 = dz/dtM: Descent Rate [m/s]
# name 2 = sbeox0Mg/L: Oxygen, SBE 43 [mg/l]
# name 3 = sbeox0PS: Oxygen, SBE 43 [% saturation]
# name 4 = specc: Specific Conductance [uS/cm]
# name 5 = c0uS/cm: Conductivity [uS/cm]
# name 6 = flECO-AFL: Fluorescence, WET Labs ECO-AFL/FL [mg/m^3]
# name 7 = ph: pH
# name 8 = orp: Oxidation Reduction Potential [mV]
# name 9 = par/sat/log: PAR/Logarithmic, Satlantic
# name 10 = turbWETntu0: Turbidity, WET Labs ECO [NTU]
# name 11 = prdM: Pressure, Strain Gauge [db]
# name 12 = prdE: Pressure, Strain Gauge [psi]
# name 13 = tv290C: Temperature [ITS-90, deg C]
# name 14 = density00: Density [density, kg/m^3]
# name 15 = flag:  0.000e+00
# span 0 =     -0.636,     10.521       
# span 1 =     -0.151,      0.212       
# span 2 =     0.0634,     8.0667       
# span 3 =      0.544,    101.206       
# span 4 =      0.435,    168.955       
# span 5 =   0.435169, 113.907581       
# span 6 =    -0.3059,   236.9324       
# span 7 =      6.377,      9.296       
# span 8 =  -869.4815,   314.5497       
# span 9 = 1.2348e-01, 1.8684e+03       
# span 10 =    -1.4095,    26.0462      
# span 11 =     -0.624,     10.318      
# span 12 =     -0.905,     14.965      
# span 13 =     8.7063,    27.0549      
# span 14 =   996.5153,   999.9166      
# span 15 = 0.0000e+00, 0.0000e+00      
# interval = seconds: 0.25
# start_time = Aug 01 2019 10:57:25 [Instrument's time stamp, header]
# bad_flag = -9.990e-29
*END*
[from data line 452]
      0.897      0.046     7.2706     90.852     27.273  28.232776     1.7162      7.317   257.6337 3.5817e+02     1.3488      0.879      1.275    26.7463   996.6042 0.0000e+00
      0.908      0.047     7.2696     90.840     27.271  28.231547     1.6347      7.315   257.7169 3.7083e+02     1.3387      0.890      1.290    26.7433   996.6051 0.0000e+00
      0.921      0.048     7.2726     90.874     27.248  28.206294     1.5934      7.314   257.7702 4.2418e+02     1.3522      0.903      1.310    26.7438   996.6050 0.0000e+00
      0.933      0.049     7.2757     90.907     27.226  28.181221     1.5889      7.314   257.8473 4.8163e+02     1.3482      0.915      1.327    26.7498   996.6034 0.0000e+00
      0.946      0.049     7.2748     90.888     27.229  28.182166     1.5548      7.316   257.8758 5.1483e+02     1.3237      0.928      1.345    26.7555   996.6019 0.0000e+00
      0.959      0.048     7.2700     90.819     27.267  28.217708     1.5027      7.316   257.8557 5.2072e+02     1.3177      0.940      1.364    26.7556   996.6019 0.0000e+00
      0.971      0.046     7.2631     90.722     27.282  28.230281     1.4792      7.317   257.8622 5.1704e+02     1.3413      0.952      1.381    26.7519   996.6029 0.0000e+00
      0.983      0.045     7.2565     90.632     27.262  28.207295     1.4779      7.318   257.9551 5.2209e+02     1.3467      0.964      1.400    26.7491   996.6038 0.0000e+00
      0.994      0.044     7.2519     90.570     27.250  28.193568     1.4781      7.320   258.1179 5.2225e+02     1.3176      0.975      1.414    26.7448   996.6050 0.0000e+00
      1.004      0.043     7.2491     90.531     27.249  28.191186     1.4902      7.321   258.2822 5.1241e+02     1.2516      0.984      1.428    26.7379   996.6070 0.0000e+00
      1.014      0.043     7.2467     90.501     27.237  28.178489     1.5114      7.321   258.3932 5.1574e+02     1.1720      0.994      1.442    26.7310   996.6089 0.0000e+00
      1.025      0.042     7.2462     90.492     27.227  28.166942     1.5189      7.322   258.4268 5.2527e+02     1.1416      1.005      1.457    26.7264   996.6102 0.0000e+00
      1.037      0.041     7.2487     90.521     27.239  28.178467     1.5199      7.322   258.4304 5.3334e+02     1.1460      1.018      1.475    26.7236   996.6110 0.0000e+00
      1.049      0.041     7.2510     90.547     27.252  28.190947     1.5656      7.322   258.4369 5.3193e+02     1.1918      1.029      1.492    26.7223   996.6114 0.0000e+00
      1.059      0.040     7.2508     90.541     27.253  28.190947     1.6475      7.321   258.4190 5.1748e+02     1.2698      1.039      1.507    26.7220   996.6115 0.0000e+00
      1.068      0.037     7.2499     90.525     27.242  28.178459     1.6951      7.321   258.3866 5.1047e+02     1.3019      1.047      1.518    26.7207   996.6118 0.0000e+00
      1.076      0.034     7.2506     90.533     27.231  28.166839     1.7071      7.322   258.3887 5.1353e+02     1.3182      1.055      1.530    26.7186   996.6125 0.0000e+00
      1.086      0.032     7.2531     90.567     27.241  28.177345     1.7237      7.323   258.4447 5.1705e+02     1.3364      1.065      1.545    26.7176   996.6129 0.0000e+00
      1.094      0.030     7.2588     90.639     27.241  28.178593     1.7487      7.323   258.4612 5.1541e+02     1.3575      1.074      1.557    26.7152   996.6135 0.0000e+00
      1.101      0.029     7.2699     90.778     27.244  28.181929     1.7657      7.322   258.5030 5.0975e+02     1.3769      1.080      1.566    26.7107   996.6148 0.0000e+00
      1.107      0.029     7.2837     90.947     27.281  28.217689     1.7650      7.322   258.6910 5.0723e+02     1.3420      1.085      1.573    26.7106   996.6149 0.0000e+00
      1.113      0.029     7.2951     91.081     27.296  28.230283     1.7321      7.322   258.8423 5.0550e+02     1.2954      1.091      1.582    26.7138   996.6140 0.0000e+00
      1.121      0.030     7.3025     91.164     27.276  28.207309     1.6797      7.322   258.8694 5.0582e+02     1.2725      1.098      1.593    26.7152   996.6136 0.0000e+00
      1.129      0.032     7.3054     91.193     27.265  28.193685     1.6514      7.322   258.8465 5.0897e+02     1.2941      1.107      1.604    26.7151   996.6137 0.0000e+00
      1.139      0.033     7.3012     91.137     27.265  28.192446     1.6507      7.322   258.8237 5.0711e+02     1.3602      1.116      1.619    26.7129   996.6144 0.0000e+00
      1.148      0.033     7.2905     90.999     27.266  28.192323     1.6801      7.321   258.8518 5.0590e+02     1.3840      1.126      1.633    26.7061   996.6163 0.0000e+00
      1.156      0.032     7.2773     90.830     27.268  28.192199     1.7289      7.320   258.9289 5.0270e+02     1.3521      1.134      1.644    26.6992   996.6181 0.0000e+00
      1.163      0.031     7.2642     90.661     27.268  28.190940     1.7550      7.320   258.9813 4.9561e+02     1.3353      1.140      1.654    26.6956   996.6192 0.0000e+00
      1.170      0.030     7.2520     90.503     27.256  28.177099     1.7618      7.321   258.9683 4.9497e+02     1.3446      1.148      1.664    26.6939   996.6197 0.0000e+00
      1.178      0.028     7.2406     90.358     27.233  28.151740     1.7668      7.322   259.0303 4.9587e+02     1.3333      1.156      1.675    26.6925   996.6201 0.0000e+00
      1.186      0.027     7.2303     90.228     27.220  28.138105     1.7813      7.322   259.1289 4.9604e+02     1.2965      1.163      1.686    26.6893   996.6210 0.0000e+00
      1.193      0.027     7.2210     90.112     27.221  28.139135     1.8083      7.322   259.1278 4.9478e+02     1.2931      1.170      1.696    26.6855   996.6220 0.0000e+00
      1.199      0.027     7.2136     90.019     27.246  28.164189     1.8237      7.322   259.1036 4.8768e+02     1.3254      1.176      1.705    26.6823   996.6230 0.0000e+00
      1.204      0.027     7.2072     89.939     27.268  28.187249     1.8206      7.322   259.0941 4.8475e+02     1.3259      1.181      1.712    26.6805   996.6234 0.0000e+00
      1.211      0.028     7.2012     89.864     27.245  28.164178     1.8056      7.322   259.1847 4.8430e+02     1.2673      1.187      1.722    26.6797   996.6237 0.0000e+00
      1.219      0.029     7.2005     89.854     27.221  28.139010     1.7805      7.322   259.3388 4.7999e+02     1.1739      1.195      1.733    26.6792   996.6239 0.0000e+00
      1.228      0.029     7.2068     89.932     27.220  28.136723     1.7684      7.322   259.3223 4.8115e+02     1.1146      1.204      1.746    26.6792   996.6239 0.0000e+00
      1.236      0.028     7.2154     90.037     27.221  28.136526     1.7724      7.322   259.2440 4.7946e+02     1.1069      1.212      1.759    26.6799   996.6238 0.0000e+00
      1.243      0.028     7.2233     90.132     27.222  28.136621     1.8279      7.322   259.3380 4.5891e+02     1.1459      1.219      1.769    26.6801   996.6237 0.0000e+00
      1.250      0.027     7.2302     90.214     27.224  28.137876     1.9369      7.321   259.5126 4.4029e+02     1.2260      1.225      1.777    26.6789   996.6241 0.0000e+00
      1.255      0.027     7.2338     90.257     27.239  28.151708     1.9984      7.321   259.6349 4.3892e+02     1.2889      1.231      1.785    26.6776   996.6245 0.0000e+00
      1.261      0.027     7.2345     90.263     27.264  28.176972     2.0081      7.321   259.6977 4.3206e+02     1.3165      1.236      1.792    26.6762   996.6249 0.0000e+00
      1.268      0.027     7.2375     90.299     27.276  28.189558     2.0111      7.320   259.7548 4.0877e+02     1.3309      1.243      1.804    26.6738   996.6256 0.0000e+00
      1.277      0.027     7.2459     90.402     27.264  28.176984     2.0079      7.320   259.8956 3.7041e+02     1.3310      1.253      1.818    26.6721   996.6261 0.0000e+00
      1.284      0.027     7.2580     90.555     27.239  28.151834     2.0041      7.320   260.1097 3.2699e+02     1.3181      1.260      1.828    26.6703   996.6266 0.0000e+00
      1.291      0.026     7.2721     90.735     27.226  28.139250     2.0084      7.320   260.2780 3.0965e+02     1.3059      1.266      1.836    26.6686   996.6271 0.0000e+00
      1.297      0.024     7.2861     90.911     27.238  28.151721     2.0335      7.319   260.3822 3.1475e+02     1.3153      1.272      1.844    26.6674   996.6274 0.0000e+00
      1.303      0.022     7.2955     91.027     27.262  28.175736     2.0656      7.319   260.5085 3.1790e+02     1.3333      1.278      1.853    26.6670   996.6276 0.0000e+00
      1.308      0.020     7.2952     91.021     27.262  28.175831     2.0757      7.319   260.6865 3.3620e+02     1.3263      1.283      1.861    26.6688   996.6271 0.0000e+00
      1.313      0.018     7.2837     90.877     27.240  28.152865     2.0767      7.319   260.8144 3.7192e+02     1.3291      1.287      1.868    26.6709   996.6265 0.0000e+00
      1.318      0.018     7.2656     90.652     27.239  28.151835     2.0781      7.320   260.8506 3.9165e+02     1.3350      1.293      1.875    26.6723   996.6262 0.0000e+00
      1.322      0.018     7.2469     90.420     27.250  28.163379     2.0581      7.320   260.9516 3.9151e+02     1.2988      1.297      1.880    26.6719   996.6264 0.0000e+00
      1.325      0.019     7.2311     90.222     27.252  28.165562     2.0258      7.318   261.0893 3.8316e+02     1.2521      1.298      1.883    26.6693   996.6271 0.0000e+00
      1.329      0.021     7.2222     90.111     27.264  28.178222     2.0085      7.318   261.2252 3.6912e+02     1.2292      1.302      1.888    26.6682   996.6273 0.0000e+00
      1.335      0.023     7.2216     90.101     27.275  28.189557     2.0048      7.317   261.3901 3.7224e+02     1.2509      1.309      1.898    26.6693   996.6271 0.0000e+00
      1.342      0.026     7.2269     90.164     27.263  28.175725     2.0068      7.317   261.5345 3.9276e+02     1.3179      1.316      1.909    26.6700   996.6269 0.0000e+00
      1.349      0.028     7.2383     90.301     27.228  28.137868     2.0071      7.317   261.6800 4.0433e+02     1.3509      1.323      1.919    26.6702   996.6269 0.0000e+00
      1.357      0.028     7.2534     90.485     27.206  28.112500     2.0002      7.316   261.7732 4.1175e+02     1.3226      1.331      1.930    26.6706   996.6268 0.0000e+00
      1.365      0.028     7.2652     90.627     27.217  28.122778     2.0008      7.316   261.8867 4.2431e+02     1.3035      1.339      1.941    26.6695   996.6272 0.0000e+00
      1.372      0.028     7.2708     90.695     27.230  28.135248     2.0235      7.316   262.1067 4.3765e+02     1.3160      1.346      1.952    26.6668   996.6279 0.0000e+00
      1.378      0.029     7.2743     90.735     27.232  28.136382     2.0574      7.316   262.1950 4.4009e+02     1.3427      1.351      1.960    26.6633   996.6290 0.0000e+00
      1.383      0.030     7.2765     90.762     27.233  28.136495     2.0725      7.315   262.1803 4.3005e+02     1.3652      1.356      1.967    26.6593   996.6300 0.0000e+00
      1.391      0.030     7.2749     90.741     27.233  28.136608     2.0678      7.315   262.2736 4.2502e+02     1.3580      1.362      1.976    26.6569   996.6307 0.0000e+00
      1.401      0.030     7.2699     90.677     27.234  28.137744     2.0526      7.315   262.4627 4.2634e+02     1.3537      1.373      1.991    26.6558   996.6310 0.0000e+00
      1.411      0.030     7.2618     90.575     27.247  28.150224     2.0269      7.315   262.6597 4.2714e+02     1.3782      1.385      2.009    26.6542   996.6315 0.0000e+00
      1.419      0.029     7.2541     90.477     27.257  28.160616     2.0084      7.313   262.7622 4.3264e+02     1.3602      1.391      2.018    26.6531   996.6319 0.0000e+00
      1.425      0.027     7.2535     90.467     27.235  28.136496     2.0021      7.313   262.8418 4.3571e+02     1.3001      1.396      2.025    26.6524   996.6321 0.0000e+00
      1.431      0.024     7.2577     90.517     27.213  28.112376     2.0200      7.313   262.9347 4.2854e+02     1.2406      1.403      2.035    26.6515   996.6323 0.0000e+00
      1.436      0.023     7.2588     90.528     27.224  28.122758     2.0608      7.313   263.0243 4.1859e+02     1.1656      1.409      2.044    26.6513   996.6324 0.0000e+00
      1.441      0.023     7.2537     90.461     27.237  28.135133     2.0789      7.314   263.1500 4.1198e+02     1.1147      1.414      2.050    26.6504   996.6327 0.0000e+00
      1.447      0.023     7.2445     90.342     27.237  28.135115     2.0745      7.314   263.3365 4.1343e+02     1.0841      1.419      2.058    26.6487   996.6332 0.0000e+00
      1.453      0.023     7.2345     90.213     27.226  28.122530     2.0770      7.313   263.5585 4.0924e+02     1.0570      1.424      2.066    26.6467   996.6337 0.0000e+00
      1.459      0.024     7.2244     90.083     27.216  28.109860     2.0918      7.312   263.6832 3.9239e+02     1.1153      1.430      2.075    26.6448   996.6343 0.0000e+00
      1.466      0.025     7.2143     89.953     27.216  28.108812     2.1139      7.312   263.8115 3.8339e+02     1.2643      1.438      2.086    26.6438   996.6346 0.0000e+00
      1.473      0.026     7.2083     89.876     27.218  28.109862     2.1277      7.312   263.9924 3.8331e+02     1.3504      1.444      2.095    26.6418   996.6351 0.0000e+00
      1.478      0.027     7.2101     89.896     27.231  28.122551     2.1288      7.312   264.0633 3.8052e+02     1.3045      1.449      2.102    26.6385   996.6361 0.0000e+00
      1.485      0.027     7.2171     89.981     27.244  28.135342     2.1283      7.312   264.1524 3.7395e+02     1.2668      1.455      2.110    26.6354   996.6369 0.0000e+00
      1.493      0.028     7.2270     90.103     27.247  28.137631     2.1297      7.312   264.2945 3.6745e+02     1.2883      1.464      2.123    26.6331   996.6376 0.0000e+00
      1.501      0.029     7.2369     90.224     27.260  28.150216     2.1286      7.311   264.4051 3.6625e+02     1.3017      1.472      2.135    26.6312   996.6382 0.0000e+00
      1.508      0.029     7.2406     90.268     27.270  28.160616     2.1233      7.311   264.5443 3.6608e+02     1.2979      1.478      2.144    26.6301   996.6385 0.0000e+00
      1.514      0.029     7.2378     90.232     27.248  28.136488     2.1085      7.310   264.6872 3.6292e+02     1.2756      1.485      2.154    26.6294   996.6387 0.0000e+00
      1.522      0.028     7.2325     90.164     27.225  28.112264     2.0890      7.309   264.7560 3.5648e+02     1.2936      1.492      2.164    26.6281   996.6391 0.0000e+00
      1.530      0.028     7.2280     90.108     27.235  28.121512     2.0773      7.309   264.7736 3.4621e+02     1.3516      1.501      2.177    26.6270   996.6394 0.0000e+00
      1.537      0.028     7.2264     90.086     27.235  28.121408     2.0717      7.310   264.8133 3.3921e+02     1.3541      1.508      2.187    26.6260   996.6398 0.0000e+00
      1.544      0.027     7.2262     90.082     27.225  28.111006     2.0820      7.311   264.8914 3.3636e+02     1.3244      1.513      2.194    26.6249   996.6401 0.0000e+00
      1.550      0.026     7.2291     90.117     27.237  28.122635     2.1145      7.309   265.0299 3.3321e+02     1.3207      1.520      2.205    26.6239   996.6404 0.0000e+00
      1.558      0.025     7.2344     90.183     27.249  28.135115     2.1350      7.308   265.1118 3.3291e+02     1.3416      1.528      2.216    26.6230   996.6406 0.0000e+00
      1.565      0.025     7.2361     90.203     27.249  28.135011     2.1311      7.308   265.1069 3.3455e+02     1.3476      1.535      2.226    26.6222   996.6409 0.0000e+00
      1.570      0.025     7.2328     90.162     27.235  28.121386     2.1278      7.309   265.1436 3.3428e+02     1.3273      1.541      2.232    26.6212   996.6412 0.0000e+00
      1.575      0.025     7.2295     90.120     27.212  28.097266     2.1303      7.309   265.2109 3.3320e+02     1.3259      1.544      2.239    26.6207   996.6413 0.0000e+00
