Data/DataAlreadyUploadedToEDI/CollatedDataForEDI/CTDData/CTD_2019 (not collated)/080519_fcr20.cnv
* Sea-Bird SBE19plus  Data File:
* FileName = C:\DATA\080519_fcr50_0002.hex
* Software version 2.8.0.119 SB_Terminal.dll
* Temperature SN = 7809
* Conductivity SN = 7809
* System UpLoad Time = Aug 05 2019 17:58:48
* <ApplicationData>
* <Seaterm232>
# nquan = 16
# nvalues = 316                         
# units = specified
# name 0 = depFM: Depth [fresh water, m]
# name 1 = dz/dtM: Descent Rate [m/s]
# name 2 = sbeox0Mg/L: Oxygen, SBE 43 [mg/l]
# name 3 = sbeox0PS: Oxygen, SBE 43 [% saturation]
# name 4 = specc: Specific Conductance [uS/cm]
# name 5 = c0uS/cm: Conductivity [uS/cm]
# name 6 = flECO-AFL: Fluorescence, WET Labs ECO-AFL/FL [mg/m^3]
# name 7 = ph: pH
# name 8 = orp: Oxidation Reduction Potential [mV]
# name 9 = par/sat/log: PAR/Logarithmic, Satlantic
# name 10 = turbWETntu0: Turbidity, WET Labs ECO [NTU]
# name 11 = prdM: Pressure, Strain Gauge [db]
# name 12 = prdE: Pressure, Strain Gauge [psi]
# name 13 = tv290C: Temperature [ITS-90, deg C]
# name 14 = density00: Density [density, kg/m^3]
# name 15 = flag:  0.000e+00
# span 0 =     -0.586,      3.033       
# span 1 =     -0.020,      0.227       
# span 2 =     0.0501,     9.4546       
# span 3 =      0.569,    116.836       
# span 4 =      2.677,     77.737       
# span 5 =   2.695881,  70.489862       
# span 6 =    -0.1236,    16.1382       
# span 7 =      6.871,      8.708       
# span 8 =   110.1750,   532.9945       
# span 9 = 3.6407e+00, 9.2165e+02       
# span 10 =    -0.5526,    11.9488      
# span 11 =     -0.575,      2.975      
# span 12 =     -0.834,      4.314      
# span 13 =    20.2711,    26.4064      
# span 14 =   996.6948,   998.1937      
# span 15 = 0.0000e+00, 0.0000e+00      
# interval = seconds: 0.25
# start_time = Aug 05 2019 11:38:36 [Instrument's time stamp, header]
# bad_flag = -9.990e-29
*END*
[from data line 91]
     -0.019      0.014     7.2160     89.456     35.345  36.276463     3.1922      8.439   157.0956 8.0419e+02     3.9827     -0.018     -0.027    26.3151   996.7193 0.0000e+00
     -0.012      0.006     7.1555     88.705     35.324  36.254779     3.2107      8.435   157.6918 8.0216e+02     3.8572     -0.008     -0.012    26.3149   996.7195 0.0000e+00
     -0.012     -0.001     7.0801     87.769     35.304  36.233877     3.2221      8.429   158.3732 7.9936e+02     3.7763     -0.009     -0.012    26.3135   996.7198 0.0000e+00
     -0.020     -0.007     6.9986     86.755     35.286  36.214143     3.2261      8.423   158.8817 7.9822e+02     3.7579     -0.018     -0.027    26.3114   996.7203 0.0000e+00
     -0.029     -0.009     6.9190     85.766     35.280  36.206593     3.2493      8.417   159.1936 7.9893e+02     3.7012     -0.030     -0.044    26.3113   996.7202 0.0000e+00
     -0.034     -0.009     6.8461     84.859     35.281  36.206062     3.2782      8.413   159.5635 8.0175e+02     3.5816     -0.036     -0.052    26.3119   996.7200 0.0000e+00
     -0.033     -0.006     6.7822     84.061     35.286  36.207716     3.2895      8.410   159.9988 8.0483e+02     3.5242     -0.032     -0.047    26.3103   996.7205 0.0000e+00
     -0.029     -0.001     6.7268     83.370     35.306  36.226584     3.2901      8.408   160.4125 8.0591e+02     3.5645     -0.027     -0.040    26.3087   996.7209 0.0000e+00
     -0.028      0.002     6.6800     82.789     35.323  36.243779     3.2767      8.406   160.7798 8.0532e+02     3.6428     -0.026     -0.037    26.3076   996.7213 0.0000e+00
     -0.029      0.003     6.6419     82.316     35.305  36.225211     3.2497      8.404   161.2563 8.0402e+02     3.7177     -0.028     -0.042    26.3045   996.7221 0.0000e+00
     -0.030      0.002     6.6099     81.918     35.274  36.192485     3.2318      8.402   161.7863 8.0284e+02     3.7483     -0.029     -0.043    26.3002   996.7232 0.0000e+00
     -0.029      0.001     6.5803     81.550     35.248  36.165441     3.2331      8.400   162.1108 8.0286e+02     3.7518     -0.028     -0.041    26.2978   996.7238 0.0000e+00
     -0.027      0.001     6.5494     81.166     35.236  36.152114     3.2400      8.400   162.5133 8.0395e+02     3.7597     -0.026     -0.039    26.2971   996.7241 0.0000e+00
     -0.026      0.001     6.5158     80.749     35.242  36.158279     3.2464      8.398   163.1247 8.0455e+02     3.7775     -0.025     -0.037    26.2966   996.7242 0.0000e+00
     -0.026      0.000     6.4796     80.299     35.261  36.176522     3.2578      8.395   163.6522 8.0458e+02     3.8031     -0.026     -0.037    26.2963   996.7243 0.0000e+00
     -0.027 5.5898e-08     6.4408     79.817     35.267  36.182276     3.2558      8.393   163.9874 8.0584e+02     3.8077     -0.026     -0.037    26.2953   996.7245 0.0000e+00
     -0.028 6.1488e-07     6.4017     79.331     35.250  36.164380     3.2397      8.392   164.2516 8.0722e+02     3.7672     -0.028     -0.040    26.2945   996.7247 0.0000e+00
     -0.028      0.000     6.3647     78.871     35.237  36.150542     3.2370      8.391   164.6105 8.0662e+02     3.7402     -0.029     -0.042    26.2937   996.7249 0.0000e+00
     -0.028      0.000     6.3267     78.398     35.229  36.141906     3.2488      8.389   164.9719 8.0580e+02     3.7756     -0.028     -0.040    26.2927   996.7252 0.0000e+00
     -0.027      0.001     6.2867     77.901     35.212  36.123429     3.2528      8.387   165.2650 8.0793e+02     3.8025     -0.026     -0.038    26.2918   996.7255 0.0000e+00
     -0.027      0.001     6.2486     77.427     35.207  36.117544     3.2421      8.385   165.5725 8.1100e+02     3.8029     -0.025     -0.037    26.2908   996.7258 0.0000e+00
     -0.027      0.001     6.2131     76.984     35.224  36.134227     3.2410      8.383   165.9369 8.1122e+02     3.8126     -0.026     -0.038    26.2900   996.7259 0.0000e+00
     -0.027      0.001     6.1806     76.582     35.225  36.134737     3.2482      8.381   166.3159 8.0910e+02     3.8214     -0.025     -0.037    26.2888   996.7263 0.0000e+00
     -0.027      0.001     6.1511     76.215     35.215  36.123707     3.2418      8.379   166.6273 8.0708e+02     3.8109     -0.026     -0.038    26.2876   996.7266 0.0000e+00
     -0.026      0.000     6.1221     75.855     35.220  36.127802     3.2338      8.377   166.9485 8.0773e+02     3.7839     -0.026     -0.037    26.2865   996.7269 0.0000e+00
     -0.026      0.000     6.0936     75.500     35.214  36.120774     3.2207      8.376   167.3601 8.1035e+02     3.8225     -0.025     -0.036    26.2854   996.7272 0.0000e+00
     -0.026      0.001     6.0679     75.180     35.196  36.102202     3.1956      8.373   167.7322 8.1215e+02     3.9170     -0.025     -0.036    26.2848   996.7273 0.0000e+00
     -0.026      0.001     6.0446     74.890     35.189  36.093659     3.1819      8.372   168.0059 8.1245e+02     3.9440     -0.025     -0.036    26.2843   996.7275 0.0000e+00
     -0.026      0.001     6.0200     74.584     35.177  36.080953     3.1857      8.372   168.3468 8.1207e+02     3.9197     -0.026     -0.037    26.2833   996.7277 0.0000e+00
     -0.026      0.000     5.9935     74.255     35.172  36.075518     3.1887      8.372   168.7570 8.1183e+02     3.9179     -0.025     -0.036    26.2822   996.7281 0.0000e+00
     -0.025 4.2858e-07     5.9680     73.936     35.188  36.091408     3.1839      8.371   169.0937 8.1243e+02     3.9551     -0.024     -0.035    26.2811   996.7284 0.0000e+00
     -0.025      0.000     5.9438     73.635     35.180  36.082661     3.1789      8.369   169.4062 8.1409e+02     4.0091     -0.024     -0.034    26.2800   996.7286 0.0000e+00
     -0.026      0.000     5.9210     73.351     35.133  36.033233     3.1802      8.367   169.7816 8.1567e+02     4.0136     -0.025     -0.036    26.2790   996.7288 0.0000e+00
     -0.026      0.001     5.8996     73.083     35.103  36.001540     3.2001      8.365   170.1911 8.1636e+02     3.9112     -0.026     -0.038    26.2780   996.7291 0.0000e+00
     -0.026      0.001     5.8791     72.828     35.119  36.016819     3.2290      8.363   170.5721 8.1722e+02     3.7872     -0.026     -0.037    26.2768   996.7295 0.0000e+00
     -0.025      0.001     5.8577     72.563     35.131  36.027558     3.2350      8.362   170.8604 8.1765e+02     3.7592     -0.025     -0.036    26.2755   996.7298 0.0000e+00
     -0.024      0.002     5.8349     72.278     35.109  36.004439     3.2287      8.361   171.0956 8.1673e+02     3.7695     -0.023     -0.034    26.2741   996.7302 0.0000e+00
     -0.024      0.002     5.8128     72.001     35.097  35.991166     3.2313      8.361   171.3515 8.1578e+02     3.7808     -0.023     -0.033    26.2728   996.7305 0.0000e+00
     -0.024      0.002     5.7913     71.734     35.101  35.994013     3.2322      8.361   171.5446 8.1538e+02     3.7973     -0.023     -0.033    26.2716   996.7309 0.0000e+00
     -0.023      0.001     5.7707     71.478     35.083  35.975388     3.2304      8.360   171.7099 8.1587e+02     3.8046     -0.023     -0.033    26.2702   996.7313 0.0000e+00
     -0.022      0.000     5.7516     71.240     35.066  35.956375     3.2270      8.359   172.0597 8.1731e+02     3.8043     -0.022     -0.032    26.2687   996.7317 0.0000e+00
     -0.022      0.000     5.7329     71.005     35.065  35.954543     3.2260      8.358   172.5047 8.1917e+02     3.7934     -0.021     -0.031    26.2673   996.7320 0.0000e+00
     -0.023     -0.001     5.7136     70.764     35.064  35.953242     3.2176      8.356   172.8745 8.2033e+02     3.8047     -0.022     -0.033    26.2659   996.7324 0.0000e+00
     -0.025     -0.001     5.6945     70.525     35.054  35.940638     3.1863      8.352   173.1746 8.1975e+02     3.8096     -0.024     -0.035    26.2645   996.7329 0.0000e+00
     -0.025     -0.001     5.6761     70.296     35.044  35.929089     3.1679      8.350   173.4667 8.1899e+02     3.7875     -0.024     -0.035    26.2632   996.7331 0.0000e+00
     -0.024     -0.001     5.6582     70.073     35.056  35.940538     3.1776      8.350   173.8254 8.1881e+02     3.7987     -0.023     -0.034    26.2616   996.7335 0.0000e+00
     -0.024     -0.001     5.6412     69.860     35.068  35.952129     3.1829      8.349   174.0697 8.1830e+02     3.8476     -0.023     -0.033    26.2601   996.7339 0.0000e+00
     -0.025     -0.001     5.6250     69.659     35.059  35.942297     3.1791      8.348   174.1836 8.1805e+02     3.8545     -0.025     -0.035    26.2586   996.7343 0.0000e+00
     -0.025     -0.001     5.6095     69.464     35.067  35.948601     3.1759      8.348   174.4277 8.1890e+02     3.8159     -0.025     -0.036    26.2569   996.7348 0.0000e+00
     -0.025     -0.001     5.5950     69.283     35.083  35.964872     3.1704      8.348   174.7839 8.2026e+02     3.8070     -0.025     -0.037    26.2555   996.7351 0.0000e+00
     -0.025     -0.000     5.5815     69.114     35.068  35.948612     3.1721      8.348   175.0493 8.2128e+02     3.8129     -0.025     -0.036    26.2543   996.7356 0.0000e+00
     -0.026 -1.521e-08     5.5712     68.986     35.063  35.942413     3.1791      8.348   175.2270 8.2193e+02     3.7883     -0.025     -0.036    26.2529   996.7359 0.0000e+00
     -0.026 -1.673e-07     5.5633     68.887     35.074  35.953389     3.1774      8.348   175.4698 8.2137e+02     3.7393     -0.026     -0.038    26.2514   996.7362 0.0000e+00
     -0.025 2.0860e-07     5.5537     68.765     35.076  35.954386     3.1775      8.347   175.7479 8.2092e+02     3.7113     -0.024     -0.035    26.2499   996.7367 0.0000e+00
     -0.024      0.000     5.5437     68.640     35.077  35.954467     3.1805      8.345   176.0083 8.2243e+02     3.7443     -0.023     -0.033    26.2490   996.7369 0.0000e+00
     -0.025      0.000     5.5356     68.538     35.077  35.954371     3.1785      8.345   176.2958 8.2280e+02     3.7791     -0.025     -0.037    26.2480   996.7372 0.0000e+00
     -0.026      0.001     5.5291     68.457     35.077  35.953217     3.1794      8.345   176.5567 8.2175e+02     3.7712     -0.026     -0.038    26.2468   996.7375 0.0000e+00
     -0.026      0.001     5.5230     68.381     35.065  35.940514     3.1749      8.344   176.7536 8.2265e+02     3.7471     -0.025     -0.036    26.2455   996.7379 0.0000e+00
     -0.025      0.002     5.5164     68.298     35.053  35.927715     3.1673      8.344   177.0422 8.2439e+02     3.7494     -0.024     -0.035    26.2442   996.7382 0.0000e+00
     -0.024      0.003     5.5110     68.230     35.052  35.925407     3.1740      8.344   177.4648 8.2388e+02     3.7989     -0.024     -0.034    26.2433   996.7384 0.0000e+00
     -0.022      0.003     5.5074     68.185     35.040  35.912608     3.1780      8.343   177.7330 8.2175e+02     3.8214     -0.022     -0.032    26.2424   996.7386 0.0000e+00
     -0.021      0.002     5.5039     68.140     35.028  35.899894     3.1718      8.342   177.7035 8.2037e+02     3.7929     -0.020     -0.030    26.2416   996.7389 0.0000e+00
     -0.021      0.002     5.4978     68.062     35.028  35.898625     3.1764      8.342   177.7109 8.2051e+02     3.7812     -0.020     -0.029    26.2409   996.7391 0.0000e+00
     -0.021      0.001     5.4889     67.950     35.027  35.897261     3.1994      8.342   177.9947 8.2175e+02     3.7459     -0.020     -0.030    26.2402   996.7393 0.0000e+00
     -0.021      0.000     5.4792     67.829     35.015  35.883403     3.2245      8.343   178.2957 8.2251e+02     3.6280     -0.021     -0.031    26.2392   996.7395 0.0000e+00
     -0.021     -0.001     5.4686     67.696     34.991  35.858015     3.2373      8.343   178.5111 8.2321e+02     3.5354     -0.021     -0.030    26.2380   996.7399 0.0000e+00
     -0.021     -0.001     5.4559     67.539     34.978  35.844167     3.2420      8.342   178.7918 8.2336e+02     3.5111     -0.020     -0.030    26.2367   996.7402 0.0000e+00
     -0.021      0.000     5.4413     67.355     34.978  35.842907     3.2383      8.341   179.1083 8.2186e+02     3.5641     -0.021     -0.031    26.2355   996.7406 0.0000e+00
     -0.021 -4.277e-07     5.4258     67.162     34.979  35.842783     3.2348      8.340   179.4122 8.2119e+02     3.7180     -0.021     -0.031    26.2341   996.7409 0.0000e+00
     -0.022      0.000     5.4110     66.977     34.979  35.842658     3.2438      8.341   179.7135 8.2172e+02     3.7984     -0.022     -0.032    26.2328   996.7413 0.0000e+00
     -0.022      0.000     5.3969     66.801     34.979  35.841400     3.2430      8.342   179.9977 8.2182e+02     3.7503     -0.021     -0.031    26.2317   996.7415 0.0000e+00
     -0.021     -0.001     5.3831     66.629     34.966  35.827565     3.2245      8.343   180.2675 8.2092e+02     3.6927     -0.021     -0.030    26.2304   996.7419 0.0000e+00
     -0.021     -0.001     5.3686     66.448     34.942  35.802324     3.2208      8.343   180.5664 8.2000e+02     3.6260     -0.020     -0.030    26.2288   996.7423 0.0000e+00
     -0.022     -0.001     5.3530     66.253     34.931  35.790084     3.2324      8.342   180.8588 8.1950e+02     3.5666     -0.021     -0.031    26.2275   996.7426 0.0000e+00
     -0.023     -0.000     5.3375     66.060     34.948  35.806518     3.2427      8.342   181.0496 8.1853e+02     3.5652     -0.023     -0.033    26.2264   996.7429 0.0000e+00
     -0.023      0.003     5.3228     65.876     35.015  35.874086     3.2676      8.341   181.0663 8.1787e+02     3.6745     -0.024     -0.034    26.2255   996.7432 0.0000e+00
     -0.023      0.009     5.3103     65.720     35.111  35.972337     3.2997      8.339   180.8884 8.1789e+02     3.8718     -0.023     -0.034    26.2245   996.7434 0.0000e+00
     -0.022      0.019     5.3081     65.693     35.180  36.042414     3.3093      8.334   180.2763 8.1807e+02     3.9838     -0.022     -0.032    26.2231   996.7438 0.0000e+00
     -0.019      0.034     5.3299     65.967     35.221  36.086686     3.3058      8.327   179.4298 8.1117e+02     4.0132     -0.021     -0.030    26.2220   996.7441 0.0000e+00
     -0.012      0.055     5.3875     66.687     35.194  36.063341     3.3107      8.317   178.9985 7.5702e+02     4.0307     -0.015     -0.021    26.2209   996.7445 0.0000e+00
      0.003      0.077     5.4896     67.962     35.078  35.950568     3.4022      8.311   178.9338 6.8363e+02     4.0644      0.000      0.001    26.2194   996.7449 0.0000e+00
      0.025      0.096     5.6421     69.858     34.991  35.865628     3.5710      8.309   179.0765 6.6583e+02     4.1594      0.021      0.030    26.2188   996.7452 0.0000e+00
      0.057      0.111     5.8493     72.423     34.987  35.861440     3.6524      8.307   179.2611 6.2700e+02     4.2274      0.050      0.073    26.2212   996.7448 0.0000e+00
      0.098      0.126     6.1137     75.690     35.028  35.899940     3.6672      8.304   179.5321 5.3449e+02     4.2313      0.098      0.143    26.2280   996.7431 0.0000e+00
      0.135      0.139     6.4169     79.437     35.080  35.950295     3.8026      8.302   180.2031 4.7875e+02     4.1740      0.139      0.202    26.2364   996.7410 0.0000e+00
      0.161      0.148     6.7171     83.151     35.217  36.089447     4.0320      8.301   180.9207 4.4782e+02     4.0600      0.154      0.223    26.2461   996.7384 0.0000e+00
      0.193      0.151     6.9799     86.403     35.497  36.376479     4.1517      8.302   181.5831 3.9891e+02     3.9985      0.181      0.262    26.2468   996.7384 0.0000e+00
      0.240      0.150     7.2169     89.333     35.745  36.628066     4.1665      8.303   182.5333 3.4523e+02     3.9881      0.235      0.340    26.2371   996.7412 0.0000e+00
      0.290      0.150     7.4894     92.696     35.838  36.719456     4.2535      8.303   183.5482 3.0463e+02     3.9667      0.288      0.417    26.2328   996.7426 0.0000e+00
