Data/DataAlreadyUploadedToEDI/CollatedDataForEDI/CTDData/CTD_2019 (not collated)/080519_fcr45.cnv
* Sea-Bird SBE19plus  Data File:
* FileName = C:\DATA\080519_fcr50_0004.hex
* Software version 2.8.0.119 SB_Terminal.dll
* Temperature SN = 7809
* Conductivity SN = 7809
* System UpLoad Time = Aug 05 2019 17:59:24
* <ApplicationData>
* <Seaterm232>
# nquan = 16
# nvalues = 588                         
# units = specified
# name 0 = depFM: Depth [fresh water, m]
# name 1 = dz/dtM: Descent Rate [m/s]
# name 2 = sbeox0Mg/L: Oxygen, SBE 43 [mg/l]
# name 3 = sbeox0PS: Oxygen, SBE 43 [% saturation]
# name 4 = specc: Specific Conductance [uS/cm]
# name 5 = c0uS/cm: Conductivity [uS/cm]
# name 6 = flECO-AFL: Fluorescence, WET Labs ECO-AFL/FL [mg/m^3]
# name 7 = ph: pH
# name 8 = orp: Oxidation Reduction Potential [mV]
# name 9 = par/sat/log: PAR/Logarithmic, Satlantic
# name 10 = turbWETntu0: Turbidity, WET Labs ECO [NTU]
# name 11 = prdM: Pressure, Strain Gauge [db]
# name 12 = prdE: Pressure, Strain Gauge [psi]
# name 13 = tv290C: Temperature [ITS-90, deg C]
# name 14 = density00: Density [density, kg/m^3]
# name 15 = flag:  0.000e+00
# span 0 =     -0.580,      7.319       
# span 1 =     -0.020,      0.147       
# span 2 =     0.0719,     9.1188       
# span 3 =      0.653,    112.253       
# span 4 =      1.574,     82.557       
# span 5 =   1.500447,  59.646862       
# span 6 =    -0.1946,     8.3874       
# span 7 =      6.709,      8.247       
# span 8 =   -67.5579,   567.9790       
# span 9 = 1.2349e-01, 7.9371e+02       
# span 10 =    -0.5934,    15.7244      
# span 11 =     -0.569,      7.179      
# span 12 =     -0.826,     10.412      
# span 13 =    11.0541,    26.6231      
# span 14 =   996.6388,   999.6614      
# span 15 = 0.0000e+00, 0.0000e+00      
# interval = seconds: 0.25
# start_time = Aug 05 2019 11:53:06 [Instrument's time stamp, header]
# bad_flag = -9.990e-29
*END*
     -0.580 6.1418e-28     7.9283     91.987      2.106   2.011259    -0.1810      6.713   567.9790 7.9371e+02    -0.5011     -0.569     -0.825    22.7557   997.6034 0.0000e+00
     -0.580 6.7560e-27     7.9302     92.005      2.046   1.954406    -0.1946      6.711   563.0876 7.4441e+02    -0.5552     -0.568     -0.824    22.7533   997.6040 0.0000e+00
     -0.580 7.4316e-26     7.9310     92.010      1.985   1.896190    -0.1866      6.713   559.4984 6.7417e+02    -0.5639     -0.569     -0.825    22.7507   997.6045 0.0000e+00
     -0.580 8.1748e-25     7.9313     92.008      1.900   1.814281    -0.1626      6.719   556.0725 6.1700e+02    -0.5406     -0.568     -0.826    22.7488   997.6050 0.0000e+00
     -0.580 8.9923e-24     7.9308     91.998      1.806   1.724412    -0.1386      6.726   552.4676 5.8168e+02    -0.5366     -0.568     -0.825    22.7465   997.6055 0.0000e+00
     -0.580 9.8915e-23     7.9310     91.997      1.711   1.633310    -0.1307      6.732   548.6081 5.6768e+02    -0.5484     -0.568     -0.825    22.7442   997.6061 0.0000e+00
     -0.580 1.0881e-21     7.9319     92.004      1.676   1.599844    -0.1361      6.737   545.2856 5.5226e+02    -0.5511     -0.569     -0.825    22.7418   997.6066 0.0000e+00
     -0.580 1.1969e-20     7.9322     92.004      1.715   1.636587    -0.1341      6.738   542.7531 5.3556e+02    -0.5040     -0.568     -0.824    22.7393   997.6072 0.0000e+00
     -0.580 1.3166e-19     7.9322     91.999      1.779   1.697399    -0.1240      6.738   540.2719 5.4767e+02    -0.4040     -0.568     -0.825    22.7368   997.6078 0.0000e+00
     -0.580 1.4482e-18     7.9320     91.993      1.849   1.764851    -0.1182      6.738   537.5699 5.6431e+02    -0.3258     -0.568     -0.825    22.7343   997.6083 0.0000e+00
     -0.580 1.5930e-17     7.9326     91.997      1.905   1.818513    -0.1163      6.741   535.0349 5.6269e+02    -0.3133     -0.569     -0.825    22.7321   997.6088 0.0000e+00
     -0.580 1.7523e-16     7.9343     92.012      1.927   1.839328    -0.1182      6.745   532.9376 5.5696e+02    -0.3837     -0.568     -0.824    22.7297   997.6094 0.0000e+00
     -0.580 1.9276e-15     7.9346     92.012      1.914   1.826438    -0.1227      6.747   531.2266 5.5266e+02    -0.4878     -0.569     -0.825    22.7273   997.6100 0.0000e+00
     -0.580 2.1203e-14     7.9336     91.997      1.941   1.852742    -0.1193      6.750   529.6618 5.4255e+02    -0.5242     -0.568     -0.825    22.7253   997.6105 0.0000e+00
     -0.580 2.3324e-13     7.9336     91.992      2.061   1.967273    -0.1125      6.753   528.1281 5.2570e+02    -0.5288     -0.568     -0.825    22.7230   997.6110 0.0000e+00
     -0.580 2.5656e-12     7.9341     91.994      2.170   2.070680    -0.1091      6.758   526.6211 5.1782e+02    -0.5436     -0.568     -0.825    22.7209   997.6115 0.0000e+00
     -0.580 2.8222e-11     7.9348     91.999      2.189   2.089219    -0.1133      6.762   525.1209 5.2880e+02    -0.5387     -0.569     -0.825    22.7186   997.6120 0.0000e+00
     -0.580 3.1044e-10     7.9353     92.001      2.164   2.064690    -0.1188      6.764   523.6696 5.4542e+02    -0.5348     -0.568     -0.825    22.7163   997.6126 0.0000e+00
     -0.580 3.4148e-09     7.9352     91.996      2.125   2.027563    -0.1158      6.765   522.0656 5.4308e+02    -0.5293     -0.568     -0.825    22.7142   997.6132 0.0000e+00
     -0.580 3.7563e-08     7.9351     91.990      2.117   2.020493    -0.1199      6.764   520.1814 5.5828e+02    -0.5053     -0.569     -0.825    22.7119   997.6137 0.0000e+00
     -0.580 4.1319e-07     7.9346     91.982      2.207   2.105933    -0.1258      6.764   515.5150 6.1791e+02    -0.4418     -0.568     -0.825    22.7098   997.6141 0.0000e+00
     -0.580      0.000     7.9335     91.965      2.345   2.236886    -0.1179      6.765   482.4233 6.6279e+02    -0.3513     -0.569     -0.825    22.7075   997.6147 0.0000e+00
     -0.580      0.000     7.9325     91.951      2.449   2.336561    -0.1109      6.766   416.6498 6.8930e+02    -0.3280     -0.569     -0.825    22.7053   997.6152 0.0000e+00
     -0.580      0.001     7.9329     91.952      2.474   2.360620    -0.1103      6.762   368.3868 7.0721e+02    -0.3571     -0.568     -0.825    22.7032   997.6157 0.0000e+00
     -0.580      0.001     7.9331     91.952      2.384   2.274320    -0.1279      6.757   353.8547 6.7420e+02    -0.4081     -0.569     -0.825    22.7012   997.6161 0.0000e+00
     -0.580      0.002     7.9336     91.955      2.219   2.116856    -0.1588      6.757   350.7290 5.9571e+02    -0.4857     -0.569     -0.825    22.6992   997.6166 0.0000e+00
     -0.579      0.002     7.9351     91.970      2.073   1.977476    -0.1722      6.762   348.5773 5.1780e+02    -0.5417     -0.567     -0.823    22.6974   997.6171 0.0000e+00
     -0.578      0.002     7.9360     91.978      2.012   1.919741    -0.1770      6.763   340.6579 4.5467e+02    -0.5934     -0.567     -0.823    22.6958   997.6174 0.0000e+00
     -0.577      0.001     7.9357     91.972      2.019   1.925691    -0.1646      6.765   334.5632 4.0625e+02    -0.5867     -0.566     -0.822    22.6942   997.6178 0.0000e+00
     -0.577      0.001     7.9354     91.965      2.016   1.922684    -0.1270      6.780   343.4593 3.8652e+02    -0.4942     -0.566     -0.821    22.6929   997.6181 0.0000e+00
     -0.577      0.000     7.9358     91.967      1.975   1.883381    -0.1038      6.804   351.4260 3.9204e+02    -0.4574     -0.566     -0.821    22.6914   997.6184 0.0000e+00
     -0.578 1.8781e-08     7.9362     91.969      1.919   1.830668    -0.1006      6.816   322.3926 4.0374e+02    -0.5020     -0.567     -0.822    22.6897   997.6189 0.0000e+00
     -0.578 2.0660e-07     7.9366     91.971      1.879   1.792236    -0.0972      6.801   262.4096 4.1200e+02    -0.5420     -0.566     -0.822    22.6882   997.6191 0.0000e+00
     -0.578 2.0660e-07     7.9375     91.978      1.887   1.798885    -0.0970      6.770   225.7854 4.1562e+02    -0.5474     -0.567     -0.823    22.6866   997.6195 0.0000e+00
     -0.578 1.8781e-08     7.9382     91.984      2.004   1.911060    -0.1065      6.742   237.3229 4.0731e+02    -0.5345     -0.567     -0.823    22.6851   997.6199 0.0000e+00
     -0.578 1.7074e-09     7.9391     91.991      2.239   2.134721    -0.1167      6.720   275.3447 3.9077e+02    -0.5185     -0.566     -0.822    22.6835   997.6203 0.0000e+00
     -0.578 1.5523e-10     7.9398     91.996      2.397   2.285417    -0.1171      6.709   303.2313 3.7677e+02    -0.5168     -0.567     -0.822    22.6817   997.6208 0.0000e+00
     -0.578 1.4190e-11     7.9402     91.997      2.320   2.212386    -0.1111      6.721   305.4528 3.6407e+02    -0.5471     -0.567     -0.822    22.6800   997.6211 0.0000e+00
     -0.578 2.1474e-12     7.9416     92.011      2.110   2.012068    -0.1140      6.746   299.0218 3.6181e+02    -0.5571     -0.566     -0.822    22.6784   997.6214 0.0000e+00
     -0.578 9.6276e-12     7.9430     92.025      1.916   1.827668    -0.1253      6.769   296.1124 3.8577e+02    -0.5390     -0.567     -0.822    22.6768   997.6219 0.0000e+00
     -0.579 1.0463e-10     7.9430     92.022      1.776   1.693637    -0.1261      6.785   295.9148 4.2501e+02    -0.5582     -0.567     -0.823    22.6753   997.6223 0.0000e+00
     -0.579 1.1508e-09     7.9432     92.021      1.673   1.595405    -0.1236      6.794   295.8581 4.5437e+02    -0.5919     -0.567     -0.823    22.6736   997.6227 0.0000e+00
     -0.579 1.2659e-08     7.9440     92.028      1.602   1.527022    -0.1303      6.790   293.7061 4.6747e+02    -0.5865     -0.567     -0.823    22.6722   997.6229 0.0000e+00
     -0.578 1.3925e-07     7.9442     92.028      1.574   1.500447    -0.1291      6.775   288.2216 4.7807e+02    -0.5586     -0.567     -0.823    22.6703   997.6233 0.0000e+00
     -0.578      0.000     7.9441     92.024      1.603   1.527537    -0.1185      6.760   256.6486 5.0178e+02    -0.5492     -0.567     -0.823    22.6690   997.6237 0.0000e+00
     -0.578      0.000     7.9427     92.005      1.680   1.601122    -0.1141      6.758   144.6088 5.3458e+02    -0.5389     -0.567     -0.823    22.6668   997.6241 0.0000e+00
     -0.578      0.000     7.9399     91.974      1.843   1.756527    -0.1193      6.834    -3.4268 5.6365e+02    -0.5324     -0.567     -0.823    22.6665   997.6242 0.0000e+00
     -0.579      0.002     7.9373     91.969      2.044   1.949185    -0.1208      7.047   -67.5579 5.8845e+02    -0.5354     -0.568     -0.824    22.6635   997.6249 0.0000e+00
     -0.579      0.007     7.9193     91.986      2.121   2.029641    -0.1145      7.326    -9.5912 6.0736e+02    -0.5095     -0.568     -0.824    22.6646   997.6246 0.0000e+00
     -0.579      0.017     7.8623     91.982      2.751   2.665961    -0.1126      7.571   117.0222 6.1214e+02    -0.5151     -0.568     -0.824    22.6586   997.6261 0.0000e+00
     -0.577      0.029     7.7733     91.955      6.774   6.664666    -0.1154      7.758   201.9787 6.1174e+02    -0.5372     -0.568     -0.824    22.6647   997.6247 0.0000e+00
     -0.571      0.040     7.6844     91.933     11.577  11.459432    -0.1137      7.894   221.2310 6.1776e+02    -0.5144     -0.563     -0.816    22.6508   997.6277 0.0000e+00
     -0.556      0.045     7.6159     91.931      9.734   9.678031    -0.1091      8.002   226.3339 6.2465e+02    -0.5016     -0.548     -0.794    22.6917   997.6186 0.0000e+00
     -0.535      0.042     7.5672     91.932      4.334   4.334064    -0.1114      8.093   233.6499 6.3109e+02    -0.5134     -0.526     -0.763    23.0992   997.5222 0.0000e+00
     -0.515      0.032     7.5336     91.931      2.287   2.306013    -0.1164      8.158   228.5519 6.3936e+02    -0.5251     -0.501     -0.728    23.7848   997.3578 0.0000e+00
     -0.503      0.021     7.5140     91.922      5.932   6.007676    -0.1164      8.199   213.9951 6.4659e+02    -0.5128     -0.486     -0.705    24.4328   997.2002 0.0000e+00
     -0.506      0.016     7.5039     91.906     15.102  15.306021    -0.1120      8.224   216.7321 6.4843e+02    -0.4958     -0.492     -0.714    24.9076   997.0788 0.0000e+00
     -0.519      0.019     7.4979     91.888     25.311  25.662483    -0.1069      8.237   223.7012 6.4632e+02    -0.5163     -0.512     -0.741    25.2376   996.9920 0.0000e+00
     -0.527      0.030     7.4934     91.868     32.344  32.803149    -0.1152      8.242   223.5762 6.4790e+02    -0.5640     -0.523     -0.758    25.4918   996.9258 0.0000e+00
     -0.520      0.049     7.4882     91.858     35.079  35.597879    -0.1260      8.245   223.3940 6.5637e+02    -0.5814     -0.516     -0.749    25.6118   996.8949 0.0000e+00
     -0.495      0.074     7.4800     91.857     35.535  36.102227    -0.1165      8.247   222.4452 6.5992e+02    -0.5299     -0.488     -0.708    25.6514   996.8875 0.0000e+00
     -0.464      0.101     7.4703     91.850     35.807  36.425895    -0.0778      8.247   222.6869 6.5759e+02    -0.3346     -0.452     -0.655    25.6887   996.8810 0.0000e+00
     -0.436      0.123     7.4616     91.857     35.983  36.655211     0.1777      8.243   224.5094 6.6582e+02     1.5181     -0.428     -0.620    25.6961   996.8817 0.0000e+00
     -0.406      0.138     7.4528     91.894     36.045  36.780376     0.6235      8.235   225.0362 6.7705e+02     4.8949     -0.403     -0.584    25.7164   996.8768 0.0000e+00
     -0.369      0.145     7.4438     91.956     35.988  36.796842     0.8727      8.223   223.0332 6.7632e+02     6.7386     -0.364     -0.528    25.7932   996.8566 0.0000e+00
     -0.324      0.147     7.4375     92.056     35.845  36.727469     0.9447      8.214   221.3719 6.6282e+02     6.8663     -0.318     -0.461    25.8614   996.8391 0.0000e+00
     -0.280      0.146     7.4372     92.215     35.630  36.576439     1.3736      8.212   222.0713 6.4300e+02     5.9808     -0.272     -0.395    25.9169   996.8245 0.0000e+00
     -0.242      0.137     7.4436     92.428     35.433  36.430713     2.1484      8.213   223.9181 6.2700e+02     4.2904     -0.235     -0.342    26.0080   996.8006 0.0000e+00
     -0.208      0.121     7.4581     92.688     35.332  36.361967     2.5704      8.213   225.2021 6.1567e+02     3.3719     -0.203     -0.295    26.1169   996.7717 0.0000e+00
     -0.177      0.101     7.4811     92.980     35.286  36.316535     2.6174      8.212   225.9808 6.0307e+02     3.2973     -0.171     -0.250    26.2285   996.7420 0.0000e+00
     -0.152      0.081     7.5066     93.259     35.249  36.262221     2.6821      8.209   227.2249 5.8716e+02     3.2244     -0.145     -0.211    26.3270   996.7156 0.0000e+00
     -0.136      0.061     7.5270     93.482     35.214  36.213002     2.7886      8.205   228.6288 5.7163e+02     3.0797     -0.130     -0.188    26.4103   996.6931 0.0000e+00
     -0.126      0.044     7.5424     93.657     35.174  36.165710     2.8481      8.200   229.1896 5.6126e+02     3.0222     -0.123     -0.178    26.4722   996.6765 0.0000e+00
     -0.120      0.031     7.5536     93.783     35.149  36.134693     2.8465      8.194   228.9291 5.5558e+02     3.0545     -0.117     -0.170    26.4637   996.6788 0.0000e+00
     -0.116      0.021     7.5576     93.821     35.174  36.155321     2.8301      8.188   228.5767 5.5137e+02     3.0774     -0.113     -0.163    26.4254   996.6891 0.0000e+00
     -0.114      0.016     7.5557     93.795     35.242  36.224703     2.8143      8.184   228.4562 5.4985e+02     3.0695     -0.112     -0.162    26.4095   996.6934 0.0000e+00
     -0.111      0.013     7.5510     93.739     35.352  36.338877     2.8028      8.180   228.5903 5.5259e+02     3.0568     -0.109     -0.159    26.4035   996.6951 0.0000e+00
     -0.106      0.011     7.5443     93.660     35.465  36.456791     2.7957      8.176   228.9938 5.5612e+02     3.0549     -0.104     -0.151    26.3962   996.6970 0.0000e+00
     -0.102      0.009     7.5445     93.671     35.512  36.507911     2.7969      8.173   229.4631 5.5682e+02     3.0470     -0.099     -0.144    26.3862   996.6998 0.0000e+00
     -0.100      0.008     7.5708     94.018     35.508  36.512669     2.8000      8.172   229.7045 5.5547e+02     3.0585     -0.097     -0.141    26.3858   996.6999 0.0000e+00
     -0.100      0.006     7.6091     94.524     35.498  36.514339     2.7989      8.171   229.9335 5.5433e+02     3.0634     -0.098     -0.142    26.3906   996.6986 0.0000e+00
     -0.099      0.004     7.6106     94.573     35.499  36.528109     2.7924      8.170   230.5119 5.5333e+02     3.0083     -0.097     -0.140    26.3901   996.6988 0.0000e+00
     -0.098      0.002     7.5647     94.030     35.510  36.552240     2.7820      8.169   231.2766 5.5239e+02     2.9819     -0.096     -0.139    26.3933   996.6980 0.0000e+00
     -0.098      0.001     7.4914     93.147     35.499  36.552249     2.7771      8.168   232.0384 5.5266e+02     3.0397     -0.096     -0.140    26.4074   996.6941 0.0000e+00
     -0.098     -0.001     7.3995     92.033     35.464  36.528232     2.7848      8.166   232.5804 5.5335e+02     3.0838     -0.096     -0.139    26.4269   996.6889 0.0000e+00
     -0.097     -0.004     7.2934     90.739     35.441  36.515748     2.7977      8.166   232.8405 5.5349e+02     3.0568     -0.095     -0.138    26.4451   996.6840 0.0000e+00
     -0.097     -0.009     7.1745     89.284     35.443  36.528274     2.8025      8.165   233.3764 5.5406e+02     3.0078     -0.095     -0.138    26.4596   996.6801 0.0000e+00
     -0.098     -0.014     7.0511     87.765     35.460  36.552758     2.7909      8.164   234.1564 5.5594e+02     2.9503     -0.095     -0.138    26.4768   996.6755 0.0000e+00
     -0.103     -0.018     6.9411     86.404     35.461  36.557902     2.7703      8.163   234.5273 5.5941e+02     2.8854     -0.100     -0.146    26.4943   996.6707 0.0000e+00
     -0.110     -0.020     6.8538     85.315     35.370  36.463539     2.7623      8.161   234.8493 5.6431e+02     2.8466     -0.108     -0.157    26.5100   996.6664 0.0000e+00
