Data/DataAlreadyUploadedToEDI/CollatedDataForEDI/CTDData/CTD_2019 (not collated)/080519_fcr50_a.cnv
* Sea-Bird SBE19plus  Data File:
* FileName = C:\DATA\080519_fcr50_0005.hex
* Software version 2.8.0.119 SB_Terminal.dll
* Temperature SN = 7809
* Conductivity SN = 7809
* System UpLoad Time = Aug 05 2019 17:59:47
* <ApplicationData>
* <Seaterm232>
# nquan = 16
# nvalues = 702                         
# units = specified
# name 0 = depFM: Depth [fresh water, m]
# name 1 = dz/dtM: Descent Rate [m/s]
# name 2 = sbeox0Mg/L: Oxygen, SBE 43 [mg/l]
# name 3 = sbeox0PS: Oxygen, SBE 43 [% saturation]
# name 4 = specc: Specific Conductance [uS/cm]
# name 5 = c0uS/cm: Conductivity [uS/cm]
# name 6 = flECO-AFL: Fluorescence, WET Labs ECO-AFL/FL [mg/m^3]
# name 7 = ph: pH
# name 8 = orp: Oxidation Reduction Potential [mV]
# name 9 = par/sat/log: PAR/Logarithmic, Satlantic
# name 10 = turbWETntu0: Turbidity, WET Labs ECO [NTU]
# name 11 = prdM: Pressure, Strain Gauge [db]
# name 12 = prdE: Pressure, Strain Gauge [psi]
# name 13 = tv290C: Temperature [ITS-90, deg C]
# name 14 = density00: Density [density, kg/m^3]
# name 15 = flag:  0.000e+00
# span 0 =     -0.576,      9.566       
# span 1 =     -0.001,      0.119       
# span 2 =    -0.0492,     8.8950       
# span 3 =     -0.447,    109.816       
# span 4 =      1.266,    230.310       
# span 5 =   1.188185, 165.525963       
# span 6 =    -0.1550,     8.5720       
# span 7 =      6.727,      8.494       
# span 8 =  -493.7746,   338.8799       
# span 9 = 1.2352e-01, 7.9265e+02       
# span 10 =    -0.5533,    55.5023      
# span 11 =     -0.566,      9.382      
# span 12 =     -0.820,     13.608      
# span 13 =    10.7940,    26.6431      
# span 14 =   996.6303,   999.7457      
# span 15 = 0.0000e+00, 0.0000e+00      
# interval = seconds: 0.25
# start_time = Aug 05 2019 12:01:40 [Instrument's time stamp, header]
# bad_flag = -9.990e-29
*END*
[from data line 181]
      0.822      0.060     7.0698     87.784     35.843  36.849063     4.6899      8.219   180.7802 1.6578e+02     3.1244      0.807      1.172    26.1822   996.7587 0.0000e+00
      0.834      0.052     7.5651     94.043     35.766  36.816525     4.7079      8.220   181.2579 1.6335e+02     3.1110      0.820      1.188    26.1842   996.7582 0.0000e+00
      0.843      0.047     8.0159     99.704     35.679  36.750486     4.7781      8.220   181.5621 1.6085e+02     3.1428      0.828      1.199    26.2288   996.7464 0.0000e+00
      0.852      0.045     8.3812    104.229     35.622  36.685356     4.8975      8.221   181.7914 1.5805e+02     3.1816      0.835      1.211    26.3126   996.7240 0.0000e+00
      0.862      0.045     8.6442    107.422     35.628  36.663746     4.9546      8.222   181.6208 1.5510e+02     3.2187      0.845      1.225    26.4032   996.6996 0.0000e+00
      0.874      0.047     8.7992    109.253     35.677  36.679573     4.9573      8.222   181.1341 1.5198e+02     3.2647      0.856      1.242    26.4743   996.6805 0.0000e+00
      0.887      0.048     8.8511    109.816     35.713  36.686256     5.0078      8.222   181.0690 1.4872e+02     3.2783      0.870      1.262    26.5124   996.6703 0.0000e+00
      0.901      0.048     8.8333    109.531     35.730  36.681023     5.1153      8.222   181.4359 1.4532e+02     3.2838      0.883      1.281    26.4996   996.6737 0.0000e+00
      0.916      0.046     8.7914    108.969     35.743  36.679743     5.1730      8.224   182.0429 1.4211e+02     3.2659      0.898      1.302    26.4483   996.6876 0.0000e+00
      0.929      0.044     8.7581    108.532     35.743  36.670758     5.1679      8.226   181.8695 1.3968e+02     3.2260      0.912      1.323    26.3959   996.7019 0.0000e+00
      0.939      0.044     8.7447    108.351     35.714  36.635846     5.1577      8.228   181.0604 1.3795e+02     3.2279      0.922      1.338    26.3536   996.7133 0.0000e+00
      0.945      0.046     8.7471    108.355     35.664  36.574981     5.0488      8.230   181.1215 1.3647e+02     3.2564      0.927      1.344    26.3211   996.7220 0.0000e+00
      0.953      0.051     8.7609    108.461     35.620  36.506074     4.8492      8.230   181.7486 1.3484e+02     3.2746      0.931      1.352    26.2995   996.7279 0.0000e+00
      0.965      0.056     8.7791    108.566     35.595  36.437365     4.7380      8.230   182.2753 1.3232e+02     3.2846      0.945      1.370    26.2900   996.7304 0.0000e+00
      0.984      0.059     8.7936    108.598     35.590  36.378883     4.7101      8.230   182.5857 1.2917e+02     3.2790      0.964      1.399    26.2846   996.7320 0.0000e+00
      1.005      0.059     8.8065    108.613     35.633  36.370137     4.6688      8.230   182.5765 1.2675e+02     3.2065      0.987      1.432    26.2779   996.7339 0.0000e+00
      1.024      0.057     8.8221    108.687     35.699  36.395003     4.6194      8.230   182.3362 1.2506e+02     3.0960      1.006      1.459    26.2493   996.7416 0.0000e+00
      1.039      0.053     8.8387    108.812     35.694  36.362110     4.6068      8.230   182.2611 1.2364e+02     3.0580      1.020      1.480    26.1801   996.7602 0.0000e+00
      1.047      0.053     8.8563    108.970     35.644  36.289747     4.6292      8.228   182.7007 1.2296e+02     3.0740      1.029      1.492    26.1001   996.7816 0.0000e+00
      1.053      0.057     8.8752    109.130     35.600  36.218219     4.7954      8.224   183.3495 1.2218e+02     3.1918      1.031      1.494    26.0244   996.8018 0.0000e+00
      1.063      0.067     8.8896    109.204     35.552  36.131947     5.1070      8.221   184.1681 1.1994e+02     3.4333      1.039      1.506    25.9593   996.8191 0.0000e+00
      1.082      0.077     8.8950    109.131     35.542  36.071696     5.2853      8.220   185.1991 1.1668e+02     3.5692      1.058      1.534    25.9249   996.8284 0.0000e+00
      1.108      0.086     8.8875    108.888     35.584  36.060888     5.3293      8.220   185.8358 1.1276e+02     3.5900      1.084      1.572    25.9024   996.8344 0.0000e+00
      1.138      0.090     8.8650    108.488     35.632  36.064655     5.5870      8.218   186.0154 1.0853e+02     3.6514      1.116      1.619    25.8676   996.8437 0.0000e+00
      1.168      0.086     8.8300    107.971     35.653  36.053704     6.0518      8.217   185.9082 1.0505e+02     3.7546      1.147      1.664    25.8173   996.8572 0.0000e+00
      1.192      0.076     8.7861    107.376     35.675  36.055370     6.3019      8.217   185.8307 1.0260e+02     3.8220      1.172      1.699    25.7426   996.8769 0.0000e+00
      1.208      0.063     8.7375    106.748     35.716  36.084769     6.3136      8.217   186.9702 1.0084e+02     3.8102      1.187      1.721    25.6578   996.8993 0.0000e+00
      1.218      0.052     8.6897    106.144     35.730  36.091799     6.2361      8.215   189.1897 9.9401e+01     3.7758      1.195      1.733    25.5946   996.9160 0.0000e+00
      1.226      0.047     8.6492    105.626     35.725  36.076886     6.0933      8.211   190.8972 9.8218e+01     3.7663      1.203      1.744    25.5518   996.9272 0.0000e+00
      1.233      0.048     8.6202    105.227     35.759  36.094851     6.0176      8.205   191.4403 9.7141e+01     3.7610      1.209      1.754    25.5228   996.9348 0.0000e+00
      1.242      0.055     8.6007    104.925     35.806  36.118578     6.0139      8.199   191.3686 9.5681e+01     3.7775      1.216      1.765    25.5069   996.9390 0.0000e+00
      1.257      0.065     8.5820    104.618     35.827  36.109853     6.0225      8.192   191.6654 9.3919e+01     3.8025      1.231      1.785    25.5001   996.9408 0.0000e+00
      1.277      0.074     8.5539    104.186     35.867  36.116243     6.1656      8.186   192.6200 9.1897e+01     3.7680      1.251      1.815    25.4913   996.9432 0.0000e+00
      1.301      0.081     8.5077    103.542     35.913  36.132328     6.4438      8.179   193.9618 8.9565e+01     3.7212      1.275      1.850    25.4674   996.9496 0.0000e+00
      1.326      0.084     8.4405    102.663     35.917  36.113873     6.6108      8.174   195.4143 8.7480e+01     3.7604      1.302      1.888    25.4339   996.9584 0.0000e+00
      1.349      0.084     8.3574    101.613     35.902  36.083486     6.6588      8.169   196.5876 8.5768e+01     3.8488      1.324      1.920    25.3916   996.9695 0.0000e+00
      1.369      0.082     8.2670    100.484     35.912  36.082247     6.9906      8.164   197.2206 8.4156e+01     3.9713      1.343      1.948    25.3402   996.9830 0.0000e+00
      1.388      0.080     8.1797     99.380     35.946  36.098879     7.6135      8.158   197.1306 8.2584e+01     4.1271      1.362      1.975    25.2955   996.9946 0.0000e+00
      1.407      0.080     8.1054     98.412     35.967  36.094149     7.9569      8.153   196.6181 8.0989e+01     4.1924      1.379      2.001    25.2631   997.0031 0.0000e+00
      1.427      0.081     8.0481     97.638     35.993  36.088479     7.9958      8.148   196.7038 7.9301e+01     4.2035      1.397      2.028    25.2440   997.0081 0.0000e+00
      1.448      0.081     8.0013     96.988     36.031  36.093743     8.1263      8.142   197.3928 7.7520e+01     4.1631      1.419      2.058    25.2338   997.0109 0.0000e+00
      1.471      0.080     7.9556     96.349     36.066  36.094288     8.3563      8.137   198.0648 7.5778e+01     4.0326      1.442      2.092    25.2127   997.0165 0.0000e+00
      1.494      0.078     7.9057     95.658     36.102  36.095014     8.4785      8.133   199.1495 7.4174e+01     3.9686      1.466      2.126    25.1728   997.0268 0.0000e+00
      1.514      0.073     7.8462     94.858     36.143  36.102463     8.5035      8.131   200.1834 7.2729e+01     3.9793      1.486      2.155    25.1252   997.0392 0.0000e+00
      1.532      0.067     7.7740     93.917     36.190  36.120838     8.5276      8.128   200.4133 7.1503e+01     3.9656      1.503      2.180    25.0824   997.0503 0.0000e+00
      1.548      0.062     7.6932     92.883     36.220  36.126726     8.5533      8.126   200.7248 7.0477e+01     3.9666      1.519      2.203    25.0348   997.0626 0.0000e+00
      1.562      0.057     7.6093     91.821     36.225  36.110149     8.5720      8.124   201.5412 6.9525e+01     3.9905      1.533      2.223    24.9815   997.0763 0.0000e+00
      1.574      0.056     7.5273     90.786     36.245  36.110787     8.5715      8.123   202.4541 6.8616e+01     3.9921      1.544      2.239    24.9358   997.0881 0.0000e+00
      1.585      0.057     7.4530     89.847     36.288  36.134410     8.5389      8.120   203.4163 6.7637e+01     3.9535      1.554      2.254    24.8969   997.0982 0.0000e+00
      1.599      0.058     7.3869     89.008     36.313  36.141858     8.4811      8.118   204.1416 6.6468e+01     3.8844      1.567      2.273    24.8638   997.1067 0.0000e+00
      1.616      0.061     7.3279     88.259     36.326  36.137339     8.4447      8.115   204.4256 6.5222e+01     3.8452      1.585      2.298    24.8356   997.1139 0.0000e+00
      1.635      0.064     7.2793     87.638     36.348  36.143219     8.4375      8.112   204.6992 6.4042e+01     3.8071      1.603      2.325    24.8085   997.1209 0.0000e+00
      1.651      0.066     7.2420     87.158     36.368  36.149465     8.4369      8.107   205.0407 6.3012e+01     3.7515      1.620      2.350    24.7821   997.1277 0.0000e+00
      1.667      0.068     7.2158     86.823     36.377  36.149364     8.4031      8.102   205.2854 6.1977e+01     3.7628      1.635      2.370    24.7568   997.1342 0.0000e+00
      1.684      0.069     7.1974     86.592     36.374  36.141977     8.3323      8.097   205.7649 6.0738e+01     3.8128      1.650      2.393    24.7341   997.1400 0.0000e+00
      1.702      0.069     7.1824     86.408     36.357  36.123612     8.2909      8.091   206.3650 5.9412e+01     3.8314      1.669      2.421    24.7123   997.1456 0.0000e+00
      1.721      0.070     7.1717     86.280     36.351  36.117728     8.2763      8.084   206.6037 5.8114e+01     3.8238      1.688      2.448    24.6907   997.1512 0.0000e+00
      1.739      0.071     7.1659     86.205     36.370  36.134310     8.1724      8.077   206.5006 5.6800e+01     3.7533      1.705      2.473    24.6781   997.1545 0.0000e+00
      1.757      0.071     7.1606     86.119     36.380  36.133687     7.9889      8.071   206.3222 5.5512e+01     3.6344      1.723      2.499    24.6735   997.1558 0.0000e+00
      1.775      0.069     7.1529     85.989     36.373  36.110174     7.8959      8.068   206.5126 5.4254e+01     3.5662      1.741      2.525    24.6704   997.1565 0.0000e+00
      1.793      0.066     7.1403     85.801     36.384  36.103876     7.8971      8.065   207.4258 5.2979e+01     3.5514      1.759      2.551    24.6741   997.1557 0.0000e+00
      1.812      0.061     7.1187     85.502     36.420  36.120989     7.9603      8.061   208.8458 5.1806e+01     3.4881      1.778      2.578    24.6763   997.1552 0.0000e+00
      1.828      0.057     7.0875     85.079     36.448  36.126645     8.0876      8.058   210.0003 5.0782e+01     3.3583      1.793      2.601    24.6591   997.1596 0.0000e+00
      1.841      0.055     7.0498     84.562     36.460  36.108752     8.1700      8.056   210.4579 4.9962e+01     3.2927      1.807      2.621    24.6310   997.1668 0.0000e+00
      1.851      0.054     7.0049     83.940     36.485  36.095025     8.1857      8.054   210.6796 4.9319e+01     3.3179      1.816      2.635    24.6091   997.1724 0.0000e+00
      1.861      0.055     6.9473     83.161     36.520  36.087551     8.1643      8.051   211.3039 4.8554e+01     3.3347      1.823      2.645    24.5854   997.1785 0.0000e+00
      1.875      0.057     6.8754     82.221     36.553  36.081793     8.1198      8.047   212.2417 4.7547e+01     3.2992      1.837      2.665    24.5564   997.1858 0.0000e+00
      1.893      0.060     6.7925     81.144     36.602  36.088818     8.0981      8.045   212.8985 4.6525e+01     3.2497      1.856      2.692    24.5192   997.1952 0.0000e+00
      1.911      0.064     6.7020     79.964     36.672  36.108963     8.1011      8.043   213.2230 4.5687e+01     3.2613      1.875      2.718    24.4604   997.2101 0.0000e+00
      1.928      0.066     6.6072     78.739     36.747  36.134878     8.1043      8.040   213.5833 4.4872e+01     3.3080      1.891      2.743    24.3971   997.2261 0.0000e+00
      1.944      0.066     6.5026     77.418     36.799  36.148202     8.1018      8.036   213.9863 4.3965e+01     3.3222      1.906      2.765    24.3508   997.2378 0.0000e+00
      1.960      0.066     6.3796     75.893     36.825  36.143072     8.0972      8.031   214.0515 4.3077e+01     3.3019      1.922      2.788    24.2993   997.2507 0.0000e+00
      1.977      0.066     6.2419     74.206     36.844  36.136277     8.1004      8.026   213.9415 4.2192e+01     3.2592      1.939      2.812    24.2250   997.2692 0.0000e+00
      1.993      0.067     6.1063     72.548     36.863  36.129474     8.1763      8.022   214.1180 4.1321e+01     3.2002      1.955      2.835    24.1554   997.2868 0.0000e+00
      2.010      0.068     5.9865     71.064     36.892  36.124250     8.3128      8.019   214.4652 4.0441e+01     3.1120      1.971      2.859    24.1069   997.2988 0.0000e+00
      2.028      0.070     5.8844     69.762     36.956  36.136536     8.3803      8.017   214.8705 3.9474e+01     3.0448      1.988      2.883    24.0664   997.3089 0.0000e+00
      2.047      0.072     5.7926     68.567     37.034  36.151009     8.3853      8.014   215.3182 3.8549e+01     3.0434      2.008      2.913    24.0309   997.3178 0.0000e+00
      2.065      0.072     5.6981     67.351     37.115  36.172206     8.3813      8.009   215.4044 3.7729e+01     3.0614      2.026      2.938    24.0035   997.3247 0.0000e+00
      2.084      0.072     5.5947     66.056     37.190  36.202322     8.2544      8.005   215.1385 3.6833e+01     3.0663      2.041      2.961    23.9622   997.3349 0.0000e+00
      2.104      0.070     5.4867     64.720     37.224  36.197727     8.0130      8.003   215.2013 3.5843e+01     3.0705      2.062      2.990    23.8914   997.3524 0.0000e+00
      2.124      0.065     5.3793     63.386     37.249  36.180065     7.8805      8.000   215.9055 3.4998e+01     3.0792      2.084      3.021    23.8002   997.3749 0.0000e+00
      2.141      0.061     5.2796     62.141     37.294  36.179130     7.8755      7.997   217.0272 3.4388e+01     3.0730      2.101      3.047    23.7153   997.3957 0.0000e+00
      2.154      0.059     5.1985     61.121     37.346  36.186345     7.8834      7.996   218.0092 3.3924e+01     3.1261      2.113      3.065    23.6623   997.4087 0.0000e+00
      2.165      0.059     5.1484     60.468     37.406  36.203772     7.8808      7.994   218.5712 3.3436e+01     3.2633      2.123      3.079    23.6204   997.4190 0.0000e+00
      2.177      0.060     5.1338     60.234     37.444  36.199371     7.8696      7.990   218.9187 3.2826e+01     3.3225      2.135      3.096    23.5608   997.4335 0.0000e+00
      2.192      0.063     5.1477     60.332     37.486  36.196550     7.8432      7.987   219.2002 3.2183e+01     3.2840      2.149      3.116    23.4985   997.4487 0.0000e+00
      2.210      0.067     5.1785     60.625     37.570  36.233070     7.5793      7.983   219.4792 3.1482e+01     3.2246      2.166      3.142    23.4416   997.4625 0.0000e+00
      2.231      0.069     5.2100     60.926     37.644  36.260045     7.0892      7.980   219.7968 3.0747e+01     3.1287      2.188      3.173    23.3860   997.4761 0.0000e+00
      2.251      0.068     5.2244     61.033     37.694  36.268746     6.8153      7.978   220.4589 3.0097e+01     3.0754      2.208      3.203    23.3332   997.4888 0.0000e+00
      2.270      0.065     5.2109     60.829     37.732  36.274750     6.7916      7.975   221.2894 2.9558e+01     3.1045      2.226      3.229    23.2765   997.5025 0.0000e+00
