Data/DataAlreadyUploadedToEDI/CollatedDataForEDI/CTDData/CTD_2019 (not collated)/080519_fcr50_a.cnv
* Sea-Bird SBE19plus  Data File:
* FileName = C:\DATA\080519_fcr50_0005.hex
* Software version 2.8.0.119 SB_Terminal.dll
* Temperature SN = 7809
* Conductivity SN = 7809
* System UpLoad Time = Aug 05 2019 17:59:47
* <ApplicationData>
* <Seaterm232>
# nquan = 16
# nvalues = 702                         
# units = specified
# name 0 = depFM: Depth [fresh water, m]
# name 1 = dz/dtM: Descent Rate [m/s]
# name 2 = sbeox0Mg/L: Oxygen, SBE 43 [mg/l]
# name 3 = sbeox0PS: Oxygen, SBE 43 [% saturation]
# name 4 = specc: Specific Conductance [uS/cm]
# name 5 = c0uS/cm: Conductivity [uS/cm]
# name 6 = flECO-AFL: Fluorescence, WET Labs ECO-AFL/FL [mg/m^3]
# name 7 = ph: pH
# name 8 = orp: Oxidation Reduction Potential [mV]
# name 9 = par/sat/log: PAR/Logarithmic, Satlantic
# name 10 = turbWETntu0: Turbidity, WET Labs ECO [NTU]
# name 11 = prdM: Pressure, Strain Gauge [db]
# name 12 = prdE: Pressure, Strain Gauge [psi]
# name 13 = tv290C: Temperature [ITS-90, deg C]
# name 14 = density00: Density [density, kg/m^3]
# name 15 = flag:  0.000e+00
# span 0 =     -0.576,      9.566       
# span 1 =     -0.001,      0.119       
# span 2 =    -0.0492,     8.8950       
# span 3 =     -0.447,    109.816       
# span 4 =      1.266,    230.310       
# span 5 =   1.188185, 165.525963       
# span 6 =    -0.1550,     8.5720       
# span 7 =      6.727,      8.494       
# span 8 =  -493.7746,   338.8799       
# span 9 = 1.2352e-01, 7.9265e+02       
# span 10 =    -0.5533,    55.5023      
# span 11 =     -0.566,      9.382      
# span 12 =     -0.820,     13.608      
# span 13 =    10.7940,    26.6431      
# span 14 =   996.6303,   999.7457      
# span 15 = 0.0000e+00, 0.0000e+00      
# interval = seconds: 0.25
# start_time = Aug 05 2019 12:01:40 [Instrument's time stamp, header]
# bad_flag = -9.990e-29
*END*
[from data line 91]
     -0.093      0.001     6.8415     85.246     35.235  36.362412     3.6836      8.380   201.7500 7.7830e+02     2.8743     -0.091     -0.132    26.5882   996.6452 0.0000e+00
     -0.093      0.001     6.8186     84.959     35.207  36.333166     3.6564      8.376   193.3100 7.7980e+02     2.8805     -0.091     -0.132    26.5909   996.6445 0.0000e+00
     -0.092      0.001     6.7924     84.631     35.195  36.319432     3.6426      8.376   174.7527 7.8082e+02     2.8675     -0.090     -0.131    26.5929   996.6439 0.0000e+00
     -0.092      0.001     6.7649     84.285     35.200  36.323290     3.6464      8.379   163.4780 7.8224e+02     2.8483     -0.090     -0.131    26.5939   996.6437 0.0000e+00
     -0.092      0.001     6.7369     83.934     35.194  36.316344     3.6675      8.381   170.3884 7.8358e+02     2.8462     -0.090     -0.131    26.5938   996.6437 0.0000e+00
     -0.091      0.001     6.7104     83.600     35.179  36.298909     3.6904      8.380   189.0443 7.8446e+02     2.8419     -0.089     -0.130    26.5930   996.6439 0.0000e+00
     -0.091      0.001     6.6857     83.287     35.185  36.302900     3.6976      8.378   200.5324 7.8522e+02     2.8611     -0.090     -0.130    26.5919   996.6442 0.0000e+00
     -0.091      0.001     6.6632     83.001     35.186  36.301131     3.7019      8.374   195.8039 7.8577e+02     2.8823     -0.090     -0.131    26.5903   996.6447 0.0000e+00
     -0.090      0.001     6.6438     82.753     35.166  36.277512     3.7336      8.371   190.2941 7.8656e+02     2.9016     -0.089     -0.129    26.5881   996.6453 0.0000e+00
     -0.090      0.001     6.6270     82.537     35.163  36.271202     3.7871      8.370   198.3573 7.8744e+02     2.9628     -0.089     -0.129    26.5855   996.6459 0.0000e+00
     -0.090      0.002     6.6118     82.341     35.183  36.288312     3.8110      8.368   207.0839 7.8757e+02     3.0332     -0.088     -0.128    26.5824   996.6468 0.0000e+00
     -0.090      0.002     6.5973     82.154     35.190  36.293969     3.8060      8.366   208.6494 7.8739e+02     3.0638     -0.088     -0.128    26.5783   996.6479 0.0000e+00
     -0.089      0.001     6.5838     81.982     35.175  36.276129     3.8037      8.364   209.1982 7.8752e+02     3.0381     -0.087     -0.127    26.5738   996.6491 0.0000e+00
     -0.089      0.001     6.5731     81.846     35.164  36.263018     3.8093      8.364   208.8999 7.8767e+02     3.0171     -0.087     -0.126    26.5696   996.6503 0.0000e+00
     -0.088      0.001     6.5657     81.751     35.164  36.262385     3.8219      8.363   200.9991 7.8806e+02     3.0393     -0.087     -0.127    26.5651   996.6516 0.0000e+00
     -0.088      0.001     6.5568     81.639     35.171  36.268467     3.8261      8.363   193.0846 7.8870e+02     3.0769     -0.086     -0.125    26.5609   996.6527 0.0000e+00
     -0.088      0.001     6.5447     81.486     35.177  36.273084     3.8175      8.365   200.5359 7.8925e+02     3.0779     -0.086     -0.125    26.5584   996.6533 0.0000e+00
     -0.088      0.001     6.5342     81.352     35.161  36.254739     3.8214      8.366   210.3019 7.8972e+02     3.0519     -0.086     -0.125    26.5566   996.6538 0.0000e+00
     -0.087      0.001     6.5266     81.253     35.145  36.237059     3.8302      8.365   212.7350 7.9009e+02     3.0580     -0.085     -0.124    26.5552   996.6542 0.0000e+00
     -0.087      0.001     6.5199     81.165     35.160  36.249733     3.8277      8.362   213.9510 7.9063e+02     3.0860     -0.085     -0.124    26.5539   996.6546 0.0000e+00
     -0.087      0.001     6.5134     81.080     35.192  36.281029     3.8263      8.358   215.4546 7.9121e+02     3.1284     -0.086     -0.125    26.5515   996.6552 0.0000e+00
     -0.087      0.002     6.5072     80.999     35.210  36.298095     3.8383      8.357   215.9439 7.9178e+02     3.1446     -0.085     -0.124    26.5488   996.6559 0.0000e+00
     -0.087      0.003     6.5011     80.921     35.180  36.265668     3.8609      8.356   215.7376 7.9244e+02     3.1185     -0.086     -0.124    26.5471   996.6564 0.0000e+00
     -0.087      0.006     6.4972     80.871     35.123  36.206313     3.8745      8.353   217.5197 7.9265e+02     3.0742     -0.085     -0.123    26.5444   996.6571 0.0000e+00
     -0.086      0.009     6.4960     80.846     35.075  36.151670     3.8816      8.350   219.1648 7.9192e+02     3.0682     -0.085     -0.123    26.5403   996.6582 0.0000e+00
     -0.084      0.011     6.4953     80.812     35.049  36.112748     3.8851      8.347   218.8509 7.9023e+02     3.1767     -0.083     -0.119    26.5375   996.6591 0.0000e+00
     -0.079      0.013     6.4930     80.753     35.068  36.116511     3.8821      8.345   218.3702 7.8611e+02     3.3045     -0.078     -0.113    26.5370   996.6592 0.0000e+00
     -0.074      0.015     6.4865     80.648     35.095  36.133663     3.8811      8.343   218.4295 7.7680e+02     3.3357     -0.072     -0.104    26.5381   996.6589 0.0000e+00
     -0.069      0.017     6.4761     80.512     35.095  36.129710     3.8816      8.339   218.7066 7.6171e+02     3.2918     -0.067     -0.097    26.5334   996.6601 0.0000e+00
     -0.067      0.019     6.4663     80.387     35.099  36.132178     3.8443      8.331   218.7961 7.4401e+02     3.2652     -0.066     -0.095    26.5133   996.6656 0.0000e+00
     -0.063      0.020     6.4588     80.288     35.070  36.100029     3.7603      8.321   218.8231 7.2834e+02     3.3091     -0.063     -0.091    26.4864   996.6729 0.0000e+00
     -0.058      0.020     6.4528     80.207     35.032  36.058346     3.7060      8.310   218.0863 7.1942e+02     3.3632     -0.057     -0.082    26.4694   996.6775 0.0000e+00
     -0.050      0.020     6.4465     80.125     35.109  36.135951     3.6994      8.300   216.5131 7.1769e+02     3.3627     -0.049     -0.071    26.4678   996.6779 0.0000e+00
     -0.044      0.022     6.4385     80.028     35.244  36.276691     3.6712      8.294   215.2024 7.1632e+02     3.3354     -0.042     -0.061    26.4675   996.6781 0.0000e+00
     -0.039      0.028     6.4332     79.970     35.325  36.363678     3.6172      8.287   207.2288 7.1354e+02     3.3284     -0.037     -0.053    26.4626   996.6795 0.0000e+00
     -0.037      0.039     6.4387     80.038     35.325  36.362589     3.5925      8.280   199.8637 7.1142e+02     3.3113     -0.036     -0.053    26.4600   996.6800 0.0000e+00
     -0.033      0.052     6.4542     80.219     35.234  36.263528     3.5886      8.275   207.5446 7.0044e+02     3.2588     -0.037     -0.052    26.4528   996.6820 0.0000e+00
     -0.019      0.064     6.4709     80.424     35.155  36.181458     3.5881      8.269   215.0912 6.7602e+02     3.2179     -0.023     -0.033    26.4562   996.6813 0.0000e+00
      0.006      0.073     6.4799     80.557     35.159  36.195407     3.6476      8.264   214.1038 6.1058e+02     3.2424      0.003      0.004    26.4675   996.6783 0.0000e+00
      0.036      0.077     6.4761     80.548     35.186  36.241786     3.7608      8.262   213.1577 5.1307e+02     3.2943      0.036      0.052    26.4655   996.6790 0.0000e+00
      0.063      0.077     6.4644     80.434     35.226  36.297956     3.8300      8.262   212.6868 4.5450e+02     3.3209      0.066      0.096    26.4534   996.6823 0.0000e+00
      0.082      0.073     6.4565     80.349     35.225  36.303338     3.8350      8.262   204.2800 4.3184e+02     3.3348      0.082      0.119    26.4441   996.6850 0.0000e+00
      0.092      0.068     6.4610     80.409     35.103  36.179930     3.8120      8.260   187.5709 4.2845e+02     3.2657      0.091      0.132    26.4646   996.6795 0.0000e+00
      0.101      0.064     6.4775     80.628     34.934  36.011785     3.7860      8.258   176.8862 4.5203e+02     3.1081      0.096      0.141    26.4960   996.6710 0.0000e+00
      0.115      0.062     6.4982     80.909     34.834  35.920541     3.7716      8.260   173.9516 4.6107e+02     3.0351      0.110      0.160    26.5200   996.6646 0.0000e+00
      0.137      0.062     6.5148     81.129     34.810  35.901839     3.7676      8.263   172.2218 4.2928e+02     3.0710      0.134      0.194    26.5289   996.6623 0.0000e+00
      0.159      0.062     6.5213     81.200     34.825  35.912604     3.7817      8.264   170.8561 3.9225e+02     3.0830      0.159      0.230    26.5240   996.6637 0.0000e+00
      0.176      0.061     6.5177     81.139     34.843  35.923753     3.8032      8.264   169.7428 3.8441e+02     3.0487      0.176      0.255    26.5325   996.6614 0.0000e+00
      0.188      0.056     6.5082     81.011     34.833  35.909690     3.8112      8.264   169.7734 3.8835e+02     3.0173      0.184      0.266    26.5575   996.6547 0.0000e+00
      0.198      0.050     6.4950     80.835     34.800  35.869498     3.8187      8.264   170.4522 3.8245e+02     3.0316      0.193      0.280    26.5720   996.6508 0.0000e+00
      0.211      0.044     6.4805     80.639     34.757  35.818610     3.8408      8.263   170.2068 3.7433e+02     3.0906      0.207      0.300    26.5539   996.6557 0.0000e+00
      0.223      0.041     6.4680     80.472     34.747  35.802145     3.8699      8.260   169.7316 3.6623e+02     3.1073      0.220      0.319    26.5408   996.6593 0.0000e+00
      0.233      0.041     6.4594     80.358     34.746  35.797351     3.8851      8.257   169.2664 3.5922e+02     3.1026      0.230      0.333    26.5407   996.6594 0.0000e+00
      0.242      0.040     6.4535     80.280     34.713  35.760642     3.8866      8.255   168.4538 3.5227e+02     3.1317      0.237      0.343    26.5308   996.6621 0.0000e+00
      0.251      0.040     6.4473     80.198     34.695  35.739118     3.9043      8.253   168.5966 3.4295e+02     3.1314      0.245      0.355    26.5181   996.6656 0.0000e+00
      0.261      0.040     6.4373     80.068     34.685  35.727504     3.9347      8.251   169.7889 3.3631e+02     3.0985      0.256      0.371    26.5105   996.6677 0.0000e+00
      0.272      0.040     6.4201     79.849     34.645  35.683685     3.9504      8.251   170.6524 3.3068e+02     3.0625      0.267      0.388    26.5062   996.6690 0.0000e+00
      0.283      0.040     6.3939     79.518     34.618  35.653580     3.9471      8.251   171.0344 3.2552e+02     3.0564      0.278      0.403    26.5021   996.6701 0.0000e+00
      0.294      0.039     6.3598     79.088     34.647  35.680858     3.9381      8.250   171.1385 3.2201e+02     3.0906      0.288      0.418    26.4991   996.6709 0.0000e+00
      0.304      0.037     6.3199     78.583     34.728  35.759614     3.9374      8.249   171.0501 3.1906e+02     3.0823      0.298      0.433    26.4968   996.6715 0.0000e+00
      0.313      0.038     6.2785     78.057     34.815  35.844176     3.9471      8.246   171.0841 3.1677e+02     3.0540      0.309      0.448    26.4938   996.6724 0.0000e+00
      0.321      0.043     6.2424     77.597     34.792  35.814714     3.9595      8.241   171.3781 3.1432e+02     3.0770      0.315      0.457    26.4892   996.6736 0.0000e+00
      0.327      0.050     6.2148     77.256     34.638  35.657257     3.9574      8.238   171.9374 3.1114e+02     3.0977      0.319      0.463    26.4864   996.6745 0.0000e+00
      0.337      0.056     6.1936     77.008     34.504  35.527093     3.9300      8.235   172.5987 3.0639e+02     3.1408      0.326      0.474    26.4794   996.6764 0.0000e+00
      0.355      0.058     6.1761     76.772     34.498  35.510308     3.8970      8.233   173.1792 2.9814e+02     3.2373      0.345      0.501    26.4717   996.6786 0.0000e+00
      0.380      0.055     6.1590     76.475     34.608  35.581234     3.8877      8.233   172.6750 2.9037e+02     3.2813      0.374      0.543    26.4617   996.6814 0.0000e+00
      0.401      0.050     6.1400     76.148     34.755  35.686431     3.8966      8.236   171.4066 2.8597e+02     3.2798      0.397      0.576    26.4547   996.6833 0.0000e+00
      0.413      0.045     6.1255     75.921     34.855  35.766658     3.9172      8.237   171.2656 2.8433e+02     3.2515      0.407      0.592    26.4864   996.6749 0.0000e+00
      0.417      0.042     6.1231     75.896     34.814  35.726125     3.9458      8.232   172.2603 2.8398e+02     3.1695      0.409      0.594    26.4866   996.6747 0.0000e+00
      0.417      0.044     6.1375     76.126     34.644  35.577155     3.9561      8.227   173.2810 2.8262e+02     3.1066      0.409      0.593    26.3995   996.6982 0.0000e+00
      0.421      0.052     6.1698     76.596     34.524  35.488779     3.9552      8.222   173.7122 2.7902e+02     3.0811      0.409      0.593    26.3169   996.7205 0.0000e+00
      0.435      0.064     6.2187     77.212     34.514  35.482729     3.9700      8.221   173.3442 2.6954e+02     3.0911      0.421      0.611    26.2904   996.7278 0.0000e+00
      0.461      0.075     6.2831     77.920     34.578  35.504009     3.9969      8.222   172.5309 2.5751e+02     3.1288      0.453      0.657    26.2911   996.7278 0.0000e+00
      0.490      0.084     6.3540     78.667     34.691  35.555596     4.0196      8.222   172.2242 2.4864e+02     3.1113      0.483      0.700    26.3303   996.7172 0.0000e+00
      0.515      0.089     6.4193     79.387     34.775  35.598608     4.0275      8.221   172.4760 2.4078e+02     3.0436      0.506      0.733    26.4095   996.6960 0.0000e+00
      0.536      0.087     6.4729     80.019     34.771  35.579727     4.0486      8.220   172.7351 2.3402e+02     2.9984      0.527      0.764    26.4311   996.6902 0.0000e+00
      0.556      0.081     6.5098     80.471     34.712  35.517689     4.1020      8.220   173.0338 2.2819e+02     3.0233      0.544      0.789    26.3436   996.7139 0.0000e+00
      0.576      0.075     6.5243     80.654     34.676  35.483189     4.1360      8.222   173.7650 2.2177e+02     3.0829      0.565      0.819    26.2235   996.7463 0.0000e+00
      0.596      0.070     6.5140     80.533     34.670  35.479949     4.1391      8.224   174.6925 2.1664e+02     3.0954      0.585      0.848    26.1626   996.7626 0.0000e+00
      0.614      0.066     6.4814     80.134     34.667  35.478508     4.1397      8.226   174.9564 2.1324e+02     3.0760      0.604      0.876    26.1524   996.7654 0.0000e+00
      0.629      0.064     6.4300     79.504     34.653  35.465770     4.1432      8.226   174.8911 2.1027e+02     3.0775      0.617      0.896    26.1528   996.7653 0.0000e+00
      0.642      0.064     6.3644     78.699     34.637  35.452870     4.1464      8.225   174.9356 2.0682e+02     3.1146      0.629      0.913    26.1569   996.7643 0.0000e+00
      0.657      0.066     6.2918     77.809     34.630  35.449485     4.1430      8.224   175.6671 2.0298e+02     3.1319      0.645      0.935    26.1610   996.7633 0.0000e+00
      0.673      0.071     6.2194     76.921     34.602  35.424843     4.1372      8.222   177.2816 1.9874e+02     3.1215      0.660      0.958    26.1641   996.7626 0.0000e+00
      0.692      0.077     6.1531     76.104     34.585  35.408807     4.1461      8.219   178.3671 1.9392e+02     3.1535      0.678      0.982    26.1664   996.7621 0.0000e+00
      0.713      0.082     6.0963     75.401     34.807  35.636397     4.1722      8.216   178.7251 1.8855e+02     3.2234      0.698      1.012    26.1715   996.7607 0.0000e+00
      0.737      0.084     6.0597     74.950     35.304  36.145590     4.1924      8.214   178.6839 1.8273e+02     3.2784      0.722      1.049    26.1777   996.7592 0.0000e+00
      0.762      0.082     6.0846     75.276     35.692  36.551300     4.2169      8.214   178.2134 1.7736e+02     3.3266      0.748      1.084    26.1838   996.7577 0.0000e+00
      0.784      0.077     6.2506     77.393     35.839  36.733598     4.3478      8.215   178.5430 1.7282e+02     3.3152      0.769      1.115    26.1854   996.7574 0.0000e+00
