Data/DataAlreadyUploadedToEDI/CollatedDataForEDI/CTDData/CTD_2019 (not collated)/080519_fcr45.cnv
* Sea-Bird SBE19plus  Data File:
* FileName = C:\DATA\080519_fcr50_0004.hex
* Software version 2.8.0.119 SB_Terminal.dll
* Temperature SN = 7809
* Conductivity SN = 7809
* System UpLoad Time = Aug 05 2019 17:59:24
* <ApplicationData>
* <Seaterm232>
# nquan = 16
# nvalues = 588                         
# units = specified
# name 0 = depFM: Depth [fresh water, m]
# name 1 = dz/dtM: Descent Rate [m/s]
# name 2 = sbeox0Mg/L: Oxygen, SBE 43 [mg/l]
# name 3 = sbeox0PS: Oxygen, SBE 43 [% saturation]
# name 4 = specc: Specific Conductance [uS/cm]
# name 5 = c0uS/cm: Conductivity [uS/cm]
# name 6 = flECO-AFL: Fluorescence, WET Labs ECO-AFL/FL [mg/m^3]
# name 7 = ph: pH
# name 8 = orp: Oxidation Reduction Potential [mV]
# name 9 = par/sat/log: PAR/Logarithmic, Satlantic
# name 10 = turbWETntu0: Turbidity, WET Labs ECO [NTU]
# name 11 = prdM: Pressure, Strain Gauge [db]
# name 12 = prdE: Pressure, Strain Gauge [psi]
# name 13 = tv290C: Temperature [ITS-90, deg C]
# name 14 = density00: Density [density, kg/m^3]
# name 15 = flag:  0.000e+00
# span 0 =     -0.580,      7.319       
# span 1 =     -0.020,      0.147       
# span 2 =     0.0719,     9.1188       
# span 3 =      0.653,    112.253       
# span 4 =      1.574,     82.557       
# span 5 =   1.500447,  59.646862       
# span 6 =    -0.1946,     8.3874       
# span 7 =      6.709,      8.247       
# span 8 =   -67.5579,   567.9790       
# span 9 = 1.2349e-01, 7.9371e+02       
# span 10 =    -0.5934,    15.7244      
# span 11 =     -0.569,      7.179      
# span 12 =     -0.826,     10.412      
# span 13 =    11.0541,    26.6231      
# span 14 =   996.6388,   999.6614      
# span 15 = 0.0000e+00, 0.0000e+00      
# interval = seconds: 0.25
# start_time = Aug 05 2019 11:53:06 [Instrument's time stamp, header]
# bad_flag = -9.990e-29
*END*
[from data line 452]
      5.535      0.074     1.6303     14.959     43.846  32.014500     1.1901      7.487   274.8057 4.7788e-01    11.2567      5.428      7.873    11.5840   999.5895 0.0000e+00
      5.553      0.073     1.7922     16.438     43.906  32.044281     1.1717      7.485   274.9336 4.7248e-01    11.6712      5.444      7.896    11.5594   999.5922 0.0000e+00
      5.572      0.073     1.9167     17.577     43.930  32.052224     1.1627      7.484   274.9555 4.5214e-01    11.9201      5.465      7.926    11.5424   999.5941 0.0000e+00
      5.592      0.072     2.0018     18.353     43.933  32.047070     1.1509      7.483   274.9845 4.2124e-01    11.9394      5.485      7.956    11.5264   999.5959 0.0000e+00
      5.611      0.068     2.0533     18.823     43.938  32.045415     1.1412      7.481   275.0259 4.0745e-01    12.0029      5.502      7.980    11.5028   999.5985 0.0000e+00
      5.629      0.062     2.0807     19.073     43.924  32.032214     1.1413      7.480   275.1127 3.9350e-01    12.1306      5.520      8.005    11.4860   999.6005 0.0000e+00
      5.646      0.056     2.0961     19.211     43.905  32.014381     1.1437      7.478   275.2590 3.6387e-01    12.1396      5.538      8.033    11.4786   999.6013 0.0000e+00
      5.659      0.052     2.1044     19.285     43.919  32.020170     1.1442      7.476   275.4181 3.4774e-01    12.0788      5.553      8.054    11.4681   999.6025 0.0000e+00
      5.668      0.052     2.1075     19.310     43.955  32.038749     1.1305      7.474   275.6598 3.4804e-01    11.8874      5.560      8.064    11.4635   999.6031 0.0000e+00
      5.674      0.055     2.1081     19.307     43.990  32.048617     1.1077      7.473   275.9445 3.5093e-01    11.5298      5.562      8.067    11.4622   999.6033 0.0000e+00
      5.686      0.060     2.1060     19.280     44.049  32.075998     1.0935      7.471   276.1067 3.4122e-01    11.3271      5.572      8.082    11.4549   999.6040 0.0000e+00
      5.706      0.066     2.1007     19.226     44.118  32.115950     1.0895      7.469   276.1590 3.1782e-01    11.2719      5.595      8.115    11.4515   999.6045 0.0000e+00
      5.728      0.072     2.0938     19.158     44.179  32.150901     1.0855      7.467   276.2323 2.9726e-01    11.2228      5.619      8.150    11.4479   999.6051 0.0000e+00
      5.749      0.074     2.0848     19.071     44.236  32.181279     1.0615      7.466   276.3050 2.7112e-01    11.1920      5.638      8.177    11.4245   999.6077 0.0000e+00
      5.769      0.072     2.0720     18.949     44.228  32.165936     1.0167      7.464   276.3490 2.4857e-01    11.1293      5.658      8.206    11.4023   999.6101 0.0000e+00
      5.788      0.067     2.0587     18.824     44.223  32.155758     0.9856      7.462   276.4200 2.4815e-01    11.0540      5.678      8.235    11.3961   999.6110 0.0000e+00
      5.803      0.062     2.0462     18.708     44.269  32.185134     0.9724      7.460   276.5619 2.5175e-01    11.0031      5.691      8.255    11.3849   999.6122 0.0000e+00
      5.817      0.060     2.0325     18.581     44.299  32.203803     0.9609      7.458   276.6024 2.4509e-01    10.9396      5.704      8.272    11.3709   999.6138 0.0000e+00
      5.830      0.063     2.0200     18.462     44.382  32.254560     0.9588      7.456   276.4790 2.4100e-01    10.8426      5.718      8.293    11.3608   999.6149 0.0000e+00
      5.843      0.070     2.0081     18.347     44.538  32.354594     0.9640      7.454   276.5328 2.3680e-01    10.7821      5.729      8.309    11.3519   999.6158 0.0000e+00
      5.858      0.076     1.9932     18.205     44.705  32.461368     0.9632      7.453   276.8226 2.2114e-01    10.7648      5.741      8.327    11.3489   999.6163 0.0000e+00
      5.880      0.079     1.9765     18.046     44.818  32.530144     0.9577      7.452   277.0573 2.0032e-01    10.6667      5.765      8.362    11.3485   999.6164 0.0000e+00
      5.909      0.077     1.9602     17.892     44.863  32.551533     0.9585      7.449   277.2197 1.9036e-01    10.5124      5.796      8.406    11.3372   999.6178 0.0000e+00
      5.936      0.072     1.9441     17.741     44.933  32.593039     0.9648      7.446   277.4947 1.9160e-01    10.4069      5.825      8.448    11.3187   999.6199 0.0000e+00
      5.955      0.066     1.9260     17.572     45.199  32.778133     0.9647      7.444   277.7162 1.8514e-01    10.3416      5.843      8.476    11.3029   999.6217 0.0000e+00
      5.965      0.060     1.9017     17.347     45.622  33.075974     0.9397      7.442   277.7465 1.6918e-01    10.2803      5.851      8.486    11.2882   999.6234 0.0000e+00
      5.970      0.055     1.8681     17.035     45.827  33.211423     0.9052      7.439   277.7747 1.5620e-01    10.1902      5.854      8.489    11.2747   999.6248 0.0000e+00
      5.980      0.053     1.8280     16.664     45.757  33.146544     0.9026      7.438   277.7128 1.5618e-01    10.1368      5.862      8.502    11.2648   999.6259 0.0000e+00
      5.997      0.054     1.7830     16.249     45.729  33.116555     0.9173      7.437   277.5149 1.6432e-01    10.1584      5.880      8.529    11.2577   999.6268 0.0000e+00
      6.017      0.057     1.7292     15.757     45.890  33.229604     0.9614      7.435   277.4464 1.6466e-01    10.0574      5.903      8.561    11.2494   999.6280 0.0000e+00
      6.033      0.060     1.6602     15.127     46.089  33.371046     1.0455      7.432   277.4869 1.4962e-01     9.8012      5.919      8.584    11.2337   999.6298 0.0000e+00
      6.046      0.062     1.5730     14.331     46.177  33.430490     1.0934      7.428   277.5744 1.3159e-01     9.6507      5.929      8.599    11.2155   999.6316 0.0000e+00
      6.060      0.063     1.4743     13.431     46.285  33.504083     1.0974      7.425   277.8159 1.2508e-01     9.6460      5.942      8.618    11.2041   999.6328 0.0000e+00
      6.076      0.065     1.3741     12.517     46.460  33.626197     1.0939      7.423   278.0840 1.2558e-01     9.6465      5.958      8.642    11.2021   999.6332 0.0000e+00
      6.092      0.069     1.2800     11.657     46.572  33.701104     1.0860      7.418   278.3210 1.2544e-01     9.6245      5.974      8.665    11.2015   999.6335 0.0000e+00
      6.111      0.073     1.1907     10.842     46.595  33.711649     1.0899      7.415   278.5302 1.2429e-01     9.6410      5.991      8.690    11.1946   999.6342 0.0000e+00
      6.131      0.076     1.1028     10.041     46.660  33.753686     1.0970      7.414   278.6348 1.2372e-01     9.6835      6.013      8.721    11.1903   999.6348 0.0000e+00
      6.153      0.077     1.0224      9.307     46.854  33.892040     1.0857      7.412   278.7249 1.2368e-01     9.6790      6.034      8.751    11.1867   999.6354 0.0000e+00
      6.174      0.075     0.9537      8.681     47.075  34.051678     1.0308      7.408   278.9317 1.2364e-01     9.6516      6.055      8.783    11.1790   999.6363 0.0000e+00
      6.194      0.071     0.8927      8.126     47.229  34.160661     0.9449      7.404   279.1565 1.2359e-01     9.6477      6.075      8.810    11.1715   999.6372 0.0000e+00
      6.211      0.066     0.8354      7.604     47.368  34.257738     0.9044      7.400   279.2058 1.2357e-01     9.6647      6.091      8.834    11.1658   999.6378 0.0000e+00
      6.227      0.062     0.7814      7.112     47.746  34.527277     0.9139      7.397   279.1834 1.2358e-01     9.6933      6.108      8.859    11.1647   999.6381 0.0000e+00
      6.240      0.060     0.7283      6.628     48.242  34.880882     0.9303      7.395   279.1443 1.2363e-01     9.8296      6.121      8.878    11.1653   999.6382 0.0000e+00
      6.252      0.057     0.6771      6.162     48.387  34.978877     0.9471      7.392   279.0772 1.2369e-01    10.0341      6.130      8.891    11.1631   999.6385 0.0000e+00
      6.266      0.052     0.6303      5.734     48.268  34.887033     0.9517      7.389   279.0597 1.2370e-01    10.1012      6.143      8.909    11.1589   999.6389 0.0000e+00
      6.285      0.045     0.5828      5.301     48.130  34.785921     0.9511      7.385   279.1054 1.2366e-01    10.1172      6.164      8.940    11.1554   999.6396 0.0000e+00
      6.301      0.038     0.5303      4.825     48.017  34.708381     0.9491      7.382   279.1996 1.2362e-01    10.2605      6.181      8.967    11.1512   999.6405 0.0000e+00
      6.310      0.033     0.4702      4.279     48.010  34.711132     0.9276      7.380   279.2525 1.2362e-01    10.4565      6.189      8.978    11.1423   999.6413 0.0000e+00
      6.312      0.029     0.4038      3.676     48.148  34.819193     0.9071      7.377   279.2281 1.2367e-01    10.5542      6.190      8.976    11.1339   999.6422 0.0000e+00
      6.312      0.028     0.3406      3.101     48.391  34.999436     0.9021      7.375   279.1630 1.2369e-01    10.5566      6.188      8.974    11.1325   999.6422 0.0000e+00
      6.316      0.031     0.2879      2.621     48.812  35.303701     0.9015      7.373   279.1534 1.2367e-01    10.4859      6.192      8.981    11.1371   999.6417 0.0000e+00
      6.326      0.038     0.2473      2.251     49.460  35.768781     0.9084      7.370   279.1988 1.2363e-01    10.3539      6.202      8.995    11.1465   999.6408 0.0000e+00
      6.340      0.045     0.2198      2.000     50.215  36.306596     0.9163      7.366   279.1957 1.2358e-01    10.2721      6.217      9.017    11.1575   999.6398 0.0000e+00
      6.354      0.051     0.2063      1.877     50.903  36.791978     0.9100      7.364   279.2021 1.2355e-01    10.2826      6.233      9.039    11.1631   999.6394 0.0000e+00
      6.368      0.054     0.2043      1.858     51.213  37.003827     0.8922      7.361   279.1899 1.2356e-01    10.4482      6.244      9.057    11.1609   999.6398 0.0000e+00
      6.382      0.056     0.2107      1.916     51.258  37.027254     0.8744      7.358   279.0476 1.2362e-01    10.7021      6.258      9.076    11.1577   999.6405 0.0000e+00
      6.397      0.057     0.2183      1.985     51.421  37.138702     0.8597      7.356   278.8584 1.2366e-01    10.7958      6.274      9.100    11.1508   999.6415 0.0000e+00
      6.411      0.060     0.2173      1.976     51.611  37.272219     0.8447      7.354   278.7084 1.2364e-01    10.7622      6.288      9.120    11.1364   999.6433 0.0000e+00
      6.426      0.063     0.2076      1.888     51.666  37.308587     0.8408      7.350   278.6107 1.2360e-01    10.7873      6.300      9.138    11.1234   999.6448 0.0000e+00
      6.441      0.065     0.1929      1.754     51.692  37.324504     0.9081      7.345   278.5372 1.2356e-01    11.2630      6.315      9.159    11.1146   999.6457 0.0000e+00
      6.460      0.066     0.1724      1.567     51.802  37.401184     1.0332      7.341   278.5089 1.2356e-01    12.1215      6.335      9.188    11.1091   999.6465 0.0000e+00
      6.479      0.065     0.1493      1.358     51.907  37.473995     1.0967      7.337   278.6122 1.2363e-01    12.5824      6.354      9.216    11.1057   999.6471 0.0000e+00
      6.498      0.064     0.1290      1.173     51.956  37.506602     1.0947      7.334   278.7542 1.2369e-01    12.6408      6.372      9.242    11.1028   999.6474 0.0000e+00
      6.514      0.062     0.1101      1.001     52.182  37.668468     1.1220      7.332   278.7628 1.2369e-01    12.9259      6.389      9.266    11.1006   999.6477 0.0000e+00
      6.529      0.062     0.0931      0.846     52.604  37.971093     1.1839      7.329   278.8022 1.2366e-01    13.4399      6.403      9.288    11.0978   999.6481 0.0000e+00
      6.540      0.063     0.0803      0.730     52.813  38.118628     1.2192      7.325   278.9723 1.2360e-01    13.7109      6.413      9.301    11.0939   999.6486 0.0000e+00
      6.553      0.066     0.0735      0.668     52.818  38.119234     1.2371      7.321   279.0128 1.2355e-01    13.7447      6.423      9.316    11.0911   999.6489 0.0000e+00
      6.570      0.070     0.0719      0.653     52.979  38.232339     1.3828      7.318   278.8621 1.2356e-01    13.8486      6.441      9.343    11.0908   999.6491 0.0000e+00
      6.592      0.074     0.0727      0.660     53.225  38.407003     1.6541      7.315   278.6985 1.2361e-01    14.0496      6.465      9.376    11.0894   999.6496 0.0000e+00
      6.615      0.075     0.0751      0.682     53.293  38.453624     1.8126      7.312   278.6697 1.2361e-01    14.2082      6.488      9.409    11.0860   999.6501 0.0000e+00
      6.635      0.073     0.0786      0.714     53.243  38.415144     1.8501      7.309   278.6852 1.2357e-01    14.2911      6.506      9.436    11.0830   999.6504 0.0000e+00
      6.654      0.069     0.0824      0.749     53.381  38.513074     2.0733      7.303   278.6279 1.2358e-01    14.5277      6.525      9.464    11.0800   999.6509 0.0000e+00
      6.670      0.065     0.0871      0.792     53.710  38.748954     2.4831      7.299   278.5795 1.2365e-01    14.9715      6.543      9.490    11.0768   999.6515 0.0000e+00
      6.683      0.063     0.0909      0.826     53.947  38.918322     2.7131      7.297   278.5304 1.2371e-01    15.2650      6.555      9.507    11.0746   999.6518 0.0000e+00
      6.697      0.062     0.0919      0.835     54.027  38.973846     2.7465      7.294   278.4645 1.2371e-01    15.3236      6.567      9.524    11.0721   999.6520 0.0000e+00
      6.713      0.062     0.0933      0.847     54.122  39.039396     2.7580      7.290   278.3848 1.2369e-01    15.2873      6.582      9.547    11.0708   999.6522 0.0000e+00
      6.731      0.063     0.0963      0.874     54.263  39.139531     2.7567      7.287   278.2549 1.2368e-01    15.1870      6.600      9.573    11.0699   999.6526 0.0000e+00
      6.748      0.064     0.1004      0.912     54.392  39.232316     2.7482      7.284   278.1850 1.2368e-01    15.1262      6.617      9.598    11.0679   999.6530 0.0000e+00
      6.764      0.066     0.1043      0.947     54.624  39.399457     2.7413      7.282   278.1413 1.2362e-01    15.1426      6.633      9.621    11.0659   999.6532 0.0000e+00
      6.780      0.068     0.1056      0.959     54.865  39.573322     2.7437      7.280   278.0709 1.2355e-01    15.1561      6.650      9.644    11.0627   999.6536 0.0000e+00
      6.795      0.070     0.1067      0.970     54.932  39.620439     2.7761      7.277   277.9368 1.2355e-01    15.1908      6.664      9.665    11.0610   999.6540 0.0000e+00
      6.813      0.072     0.1087      0.988     54.889  39.588243     2.8294      7.273   277.5521 1.2356e-01    15.2666      6.679      9.687    11.0619   999.6539 0.0000e+00
      6.835      0.074     0.1077      0.978     54.859  39.564949     2.8599      7.269   277.0322 1.2355e-01    15.2861      6.703      9.721    11.0619   999.6541 0.0000e+00
      6.856      0.076     0.1049      0.952     54.900  39.592719     2.8580      7.267   276.6415 1.2355e-01    15.2957      6.725      9.753    11.0614   999.6544 0.0000e+00
      6.875      0.076     0.1044      0.947     55.009  39.670070     2.7983      7.265   276.4425 1.2357e-01    15.3828      6.741      9.777    11.0608   999.6546 0.0000e+00
      6.893      0.075     0.1036      0.941     55.192  39.801864     2.6925      7.262   276.3468 1.2360e-01    15.4865      6.760      9.804    11.0592   999.6548 0.0000e+00
      6.912      0.074     0.1035      0.939     55.525  40.043504     2.6284      7.260   276.2588 1.2359e-01    15.5338      6.780      9.833    11.0577   999.6550 0.0000e+00
      6.931      0.074     0.1061      0.963     56.064  40.433194     2.6127      7.257   276.0673 1.2358e-01    15.5295      6.797      9.859    11.0561   999.6553 0.0000e+00
      6.949      0.073     0.1067      0.968     56.703  40.894835     2.6152      7.253   275.8372 1.2356e-01    15.5328      6.815      9.884    11.0541   999.6556 0.0000e+00
      6.969      0.070     0.1043      0.946     57.273  41.308004     2.6238      7.252   275.7133 1.2353e-01    15.5734      6.833      9.911    11.0548   999.6557 0.0000e+00
