Data/DataAlreadyUploadedToEDI/CollatedDataForEDI/CTDData/CTD_2019 (not collated)/080519_fcr20.cnv
* Sea-Bird SBE19plus  Data File:
* FileName = C:\DATA\080519_fcr50_0002.hex
* Software version 2.8.0.119 SB_Terminal.dll
* Temperature SN = 7809
* Conductivity SN = 7809
* System UpLoad Time = Aug 05 2019 17:58:48
* <ApplicationData>
* <Seaterm232>
# nquan = 16
# nvalues = 316                         
# units = specified
# name 0 = depFM: Depth [fresh water, m]
# name 1 = dz/dtM: Descent Rate [m/s]
# name 2 = sbeox0Mg/L: Oxygen, SBE 43 [mg/l]
# name 3 = sbeox0PS: Oxygen, SBE 43 [% saturation]
# name 4 = specc: Specific Conductance [uS/cm]
# name 5 = c0uS/cm: Conductivity [uS/cm]
# name 6 = flECO-AFL: Fluorescence, WET Labs ECO-AFL/FL [mg/m^3]
# name 7 = ph: pH
# name 8 = orp: Oxidation Reduction Potential [mV]
# name 9 = par/sat/log: PAR/Logarithmic, Satlantic
# name 10 = turbWETntu0: Turbidity, WET Labs ECO [NTU]
# name 11 = prdM: Pressure, Strain Gauge [db]
# name 12 = prdE: Pressure, Strain Gauge [psi]
# name 13 = tv290C: Temperature [ITS-90, deg C]
# name 14 = density00: Density [density, kg/m^3]
# name 15 = flag:  0.000e+00
# span 0 =     -0.586,      3.033       
# span 1 =     -0.020,      0.227       
# span 2 =     0.0501,     9.4546       
# span 3 =      0.569,    116.836       
# span 4 =      2.677,     77.737       
# span 5 =   2.695881,  70.489862       
# span 6 =    -0.1236,    16.1382       
# span 7 =      6.871,      8.708       
# span 8 =   110.1750,   532.9945       
# span 9 = 3.6407e+00, 9.2165e+02       
# span 10 =    -0.5526,    11.9488      
# span 11 =     -0.575,      2.975      
# span 12 =     -0.834,      4.314      
# span 13 =    20.2711,    26.4064      
# span 14 =   996.6948,   998.1937      
# span 15 = 0.0000e+00, 0.0000e+00      
# interval = seconds: 0.25
# start_time = Aug 05 2019 11:38:36 [Instrument's time stamp, header]
# bad_flag = -9.990e-29
*END*
     -0.586 1.3721e-22     6.9630     84.805      2.677   2.695881    -0.1034      6.903   532.9945 8.2753e+02    -0.2499     -0.575     -0.834    25.3451   996.9640 0.0000e+00
     -0.586 1.5093e-21     6.9629     84.803      2.867   2.886186    -0.1084      6.919   509.0227 8.9490e+02    -0.2707     -0.575     -0.833    25.3443   996.9642 0.0000e+00
     -0.586 1.6603e-20     6.9619     84.790      3.098   3.118561    -0.1060      6.934   477.7927 9.2165e+02    -0.2818     -0.575     -0.833    25.3437   996.9644 0.0000e+00
     -0.586 1.8263e-19     6.9597     84.762      3.329   3.351059    -0.0997      6.943   447.5845 8.9264e+02    -0.3511     -0.575     -0.834    25.3436   996.9644 0.0000e+00
     -0.586 2.0089e-18     6.9574     84.733      3.645   3.669559    -0.1112      6.937   441.8178 8.6330e+02    -0.4532     -0.574     -0.833    25.3435   996.9644 0.0000e+00
     -0.586 2.2098e-17     6.9577     84.735      4.153   4.181320    -0.1236      6.923   449.3666 8.5880e+02    -0.5005     -0.575     -0.834    25.3435   996.9644 0.0000e+00
     -0.586 2.4308e-16     6.9597     84.760      4.690   4.722649    -0.1195      6.914   451.6131 8.6978e+02    -0.4965     -0.575     -0.834    25.3428   996.9646 0.0000e+00
     -0.586 2.6739e-15     6.9614     84.781      4.921   4.954971    -0.1132      6.912   453.4921 8.7736e+02    -0.4711     -0.575     -0.834    25.3415   996.9651 0.0000e+00
     -0.586 2.9413e-14     6.9633     84.803      4.802   4.835678    -0.1085      6.910   456.9431 8.6956e+02    -0.4553     -0.575     -0.834    25.3408   996.9653 0.0000e+00
     -0.586 3.2354e-13     6.9655     84.828      4.579   4.611100    -0.1055      6.907   457.7190 8.4025e+02    -0.4690     -0.575     -0.834    25.3404   996.9654 0.0000e+00
     -0.586 3.5589e-12     6.9664     84.838      4.364   4.394259    -0.1028      6.903   455.2157 8.0217e+02    -0.4729     -0.575     -0.834    25.3400   996.9656 0.0000e+00
     -0.586 3.9148e-11     6.9663     84.833      4.213   4.241729    -0.1020      6.898   451.3692 7.8256e+02    -0.4368     -0.575     -0.834    25.3400   996.9658 0.0000e+00
     -0.586 4.3063e-10     6.9656     84.822      4.196   4.224390    -0.1132      6.894   445.1103 7.7766e+02    -0.3606     -0.575     -0.834    25.3402   996.9657 0.0000e+00
     -0.586 4.7369e-09     6.9638     84.797      4.220   4.247992    -0.1177      6.889   434.7773 7.6951e+02    -0.2728     -0.575     -0.834    25.3398   996.9657 0.0000e+00
     -0.586 5.2106e-08     6.9620     84.774      4.183   4.210247    -0.1045      6.884   424.7764 7.5216e+02    -0.2273     -0.575     -0.834    25.3383   996.9661 0.0000e+00
     -0.586 5.7317e-07     6.9616     84.765      4.058   4.084875    -0.1004      6.880   417.7153 7.2322e+02    -0.3018     -0.574     -0.833    25.3360   996.9666 0.0000e+00
     -0.586      0.000     6.9606     84.751      3.847   3.872777    -0.1118      6.880   409.3718 6.7736e+02    -0.4524     -0.575     -0.834    25.3342   996.9670 0.0000e+00
     -0.586      0.000     6.9591     84.738      3.649   3.673597    -0.1121      6.871   349.8797 6.2689e+02    -0.5409     -0.574     -0.833    25.3328   996.9675 0.0000e+00
     -0.586      0.001     6.9553     84.742      3.677   3.704399    -0.1038      6.889   241.9977 6.0346e+02    -0.5526     -0.574     -0.833    25.3316   996.9677 0.0000e+00
     -0.586      0.003     6.9399     84.728      4.703   4.752152    -0.1073      7.038   185.8900 6.1143e+02    -0.5291     -0.575     -0.833    25.3292   996.9684 0.0000e+00
     -0.586      0.007     6.9149     84.706      5.868   5.948502    -0.1113      7.338   187.0337 6.3124e+02    -0.5179     -0.574     -0.833    25.3282   996.9686 0.0000e+00
     -0.586      0.010     6.8920     84.706      6.522   6.635317    -0.1081      7.689   195.8567 6.4800e+02    -0.5163     -0.575     -0.833    25.3268   996.9690 0.0000e+00
     -0.583      0.014     6.8761     84.726     10.680  10.901711    -0.1031      7.997   210.4874 6.6371e+02    -0.5089     -0.574     -0.832    25.3296   996.9681 0.0000e+00
     -0.575      0.024     6.8661     84.753     20.373  20.827375    -0.1023      8.234   211.9865 6.8047e+02    -0.5274     -0.563     -0.816    25.4414   996.9394 0.0000e+00
     -0.568      0.042     6.8588     84.772     30.437  31.145670    -0.1082      8.409   186.1920 6.8340e+02    -0.5428     -0.555     -0.804    25.6668   996.8810 0.0000e+00
     -0.564      0.066     6.8534     84.790     35.527  36.386083    -0.1128      8.531   164.2110 6.7499e+02    -0.5318     -0.556     -0.806    25.8600   996.8297 0.0000e+00
     -0.555      0.093     6.8514     84.828     36.452  37.361838    -0.1143      8.615   160.5392 6.8139e+02    -0.5254     -0.551     -0.798    25.9950   996.7946 0.0000e+00
     -0.529      0.119     6.8515     84.882     36.300  37.231279    -0.0921      8.667   162.1026 7.1797e+02    -0.4647     -0.528     -0.765    26.0862   996.7737 0.0000e+00
     -0.484      0.147     6.8510     84.930     36.140  37.092615     0.1206      8.687   161.6040 7.6669e+02     0.4639     -0.477     -0.693    26.1508   996.7604 0.0000e+00
     -0.432      0.178     6.8503     84.975     36.044  37.018259     0.4979      8.690   154.6835 8.0131e+02     2.2144     -0.420     -0.609    26.2067   996.7471 0.0000e+00
     -0.385      0.207     6.8528     85.050     35.974  36.967019     0.7069      8.696   138.5687 8.2702e+02     3.1996     -0.378     -0.549    26.2433   996.7373 0.0000e+00
     -0.340      0.225     6.8635     85.210     35.914  36.917414     0.7753      8.703   119.4803 8.6628e+02     3.3307     -0.337     -0.489    26.2751   996.7289 0.0000e+00
     -0.283      0.227     6.8857     85.488     35.859  36.862813     1.3252      8.707   110.5923 9.0737e+02     3.4070     -0.284     -0.412    26.3119   996.7192 0.0000e+00
     -0.208      0.216     6.9165     85.853     35.819  36.814632     2.3275      8.708   110.1750 9.1427e+02     3.4996     -0.208     -0.302    26.3484   996.7096 0.0000e+00
     -0.128      0.194     6.9497     86.243     35.794  36.779157     2.8707      8.705   110.9075 8.9793e+02     3.5661     -0.115     -0.167    26.3783   996.7020 0.0000e+00
     -0.072      0.161     6.9814     86.619     35.775  36.751225     2.9257      8.700   112.2214 8.8373e+02     3.5877     -0.058     -0.084    26.3982   996.6970 0.0000e+00
     -0.045      0.119     7.0089     86.950     35.760  36.730790     2.9750      8.692   113.9292 8.6545e+02     3.5303     -0.041     -0.057    26.3998   996.6965 0.0000e+00
     -0.033      0.074     7.0292     87.197     35.754  36.722485     3.0585      8.682   115.5529 7.9603e+02     3.4292     -0.032     -0.046    26.3832   996.7010 0.0000e+00
     -0.027      0.034     7.0409     87.340     35.747  36.714282     3.1124      8.672   116.8829 6.9857e+02     3.3819     -0.024     -0.036    26.3677   996.7053 0.0000e+00
     -0.024      0.007     7.0449     87.384     35.731  36.695078     3.1139      8.663   117.9645 6.7418e+02     3.3511     -0.021     -0.032    26.3569   996.7082 0.0000e+00
     -0.025     -0.008     7.0410     87.326     35.721  36.680710     3.0945      8.656   119.0806 7.0418e+02     3.3846     -0.023     -0.033    26.3485   996.7104 0.0000e+00
     -0.032     -0.015     7.0327     87.216     35.711  36.667496     3.0695      8.648   120.4822 7.3680e+02     3.4925     -0.030     -0.043    26.3476   996.7106 0.0000e+00
     -0.042     -0.015     7.0287     87.170     35.705  36.662244     3.0535      8.639   122.0062 7.6671e+02     3.5417     -0.042     -0.061    26.3481   996.7104 0.0000e+00
     -0.049     -0.010     7.0271     87.161     35.718  36.680689     3.0489      8.629   123.2247 7.7995e+02     3.5205     -0.050     -0.072    26.3445   996.7113 0.0000e+00
     -0.053     -0.002     7.0228     87.123     35.730  36.700096     3.0481      8.621   124.2021 7.8355e+02     3.4977     -0.055     -0.079    26.3368   996.7134 0.0000e+00
     -0.052      0.005     7.0233     87.142     35.730  36.706488     3.0695      8.613   125.2193 7.8913e+02     3.5284     -0.054     -0.078    26.3306   996.7151 0.0000e+00
     -0.045      0.010     7.0324     87.267     35.713  36.694510     3.1085      8.607   126.3173 7.8809e+02     3.5639     -0.044     -0.064    26.3325   996.7146 0.0000e+00
     -0.035      0.014     7.0458     87.442     35.697  36.682220     3.1213      8.602   127.5837 7.7825e+02     3.5663     -0.031     -0.045    26.3412   996.7123 0.0000e+00
     -0.031      0.014     7.0549     87.563     35.697  36.684849     3.1116      8.597   128.9153 7.7463e+02     3.5574     -0.028     -0.041    26.3515   996.7096 0.0000e+00
     -0.032      0.013     7.0519     87.532     35.672  36.662829     3.1391      8.590   129.9427 7.8187e+02     3.5549     -0.034     -0.049    26.3600   996.7073 0.0000e+00
     -0.031      0.010     7.0349     87.330     35.613  36.606391     3.2020      8.582   130.6269 7.9173e+02     3.5698     -0.032     -0.045    26.3671   996.7053 0.0000e+00
     -0.028      0.008     7.0122     87.056     35.578  36.573718     3.2393      8.576   131.3378 7.9315e+02     3.5737     -0.026     -0.037    26.3735   996.7036 0.0000e+00
     -0.026      0.007     7.0000     86.913     35.585  36.585152     3.2430      8.572   132.1716 7.8641e+02     3.5682     -0.026     -0.038    26.3773   996.7026 0.0000e+00
     -0.022      0.006     7.0081     87.020     35.614  36.617698     3.2379      8.568   133.1369 7.8636e+02     3.6014     -0.022     -0.032    26.3817   996.7014 0.0000e+00
     -0.020      0.003     7.0337     87.342     35.644  36.649881     3.2293      8.563   134.3191 7.9395e+02     3.6806     -0.018     -0.026    26.3873   996.6999 0.0000e+00
     -0.020      0.002     7.0664     87.748     35.650  36.656908     3.2253      8.558   135.5380 7.9945e+02     3.7386     -0.018     -0.027    26.3930   996.6984 0.0000e+00
     -0.023      0.002     7.0939     88.088     35.634  36.639191     3.2336      8.554   136.6031 8.0118e+02     3.7460     -0.022     -0.032    26.3982   996.6969 0.0000e+00
     -0.024      0.001     7.1050     88.219     35.624  36.626083     3.2433      8.549   137.3896 7.9880e+02     3.6722     -0.025     -0.036    26.4022   996.6959 0.0000e+00
     -0.023      0.001     7.0918     88.044     35.628  36.625356     3.2472      8.544   137.9064 7.9414e+02     3.5675     -0.023     -0.033    26.4050   996.6952 0.0000e+00
     -0.020      0.001     7.0523     87.544     35.637  36.630397     3.2455      8.540   138.3769 7.9077e+02     3.5615     -0.019     -0.028    26.4064   996.6948 0.0000e+00
     -0.018      0.001     6.9963     86.842     35.634  36.623559     3.2405      8.536   138.9489 7.8991e+02     3.5992     -0.017     -0.025    26.4052   996.6951 0.0000e+00
     -0.018      0.000     6.9491     86.250     35.620  36.606149     3.2211      8.532   139.7464 7.9182e+02     3.6636     -0.017     -0.024    26.3999   996.6966 0.0000e+00
     -0.019     -0.003     6.9351     86.072     35.626  36.610293     3.1841      8.529   140.7057 7.9410e+02     3.7505     -0.018     -0.027    26.3928   996.6985 0.0000e+00
     -0.020     -0.005     6.9678     86.476     35.627  36.610188     3.1665      8.526   141.5131 7.9545e+02     3.7647     -0.020     -0.029    26.3871   996.7000 0.0000e+00
     -0.023     -0.005     7.0498     87.492     35.622  36.604880     3.1825      8.523   142.1952 7.9650e+02     3.7691     -0.023     -0.033    26.3819   996.7014 0.0000e+00
     -0.025     -0.005     7.1677     88.955     35.627  36.609586     3.1942      8.520   142.8447 7.9778e+02     3.7710     -0.025     -0.036    26.3776   996.7025 0.0000e+00
     -0.026     -0.004     7.3001     90.599     35.621  36.603616     3.1956      8.517   143.3437 7.9967e+02     3.7550     -0.025     -0.036    26.3753   996.7031 0.0000e+00
     -0.026     -0.002     7.4310     92.225     35.613  36.596174     3.2166      8.516   143.8397 7.9946e+02     3.7720     -0.026     -0.037    26.3731   996.7037 0.0000e+00
     -0.026     -0.001     7.5449     93.640     35.599  36.583071     3.2401      8.514   144.4547 7.9796e+02     3.7804     -0.025     -0.036    26.3720   996.7040 0.0000e+00
     -0.026      0.000     7.6277     94.668     35.589  36.572145     3.2458      8.511   145.0998 7.9832e+02     3.7904     -0.025     -0.036    26.3722   996.7040 0.0000e+00
     -0.026      0.000     7.6772     95.281     35.607  36.591015     3.2503      8.509   145.7893 7.9909e+02     3.7956     -0.026     -0.038    26.3724   996.7039 0.0000e+00
     -0.025      0.001     7.7000     95.562     35.637  36.620810     3.2520      8.507   146.5103 7.9940e+02     3.7771     -0.025     -0.036    26.3738   996.7035 0.0000e+00
     -0.025      0.001     7.7039     95.607     35.633  36.615031     3.2400      8.504   147.1928 7.9981e+02     3.7626     -0.024     -0.034    26.3756   996.7030 0.0000e+00
     -0.025      0.001     7.6955     95.496     35.606  36.584605     3.2265      8.501   147.7608 8.0011e+02     3.7521     -0.025     -0.035    26.3759   996.7029 0.0000e+00
     -0.025      0.001     7.6794     95.287     35.596  36.570290     3.2106      8.498   148.3018 7.9956e+02     3.7156     -0.025     -0.036    26.3752   996.7032 0.0000e+00
     -0.025      0.001     7.6598     95.034     35.599  36.568875     3.1869      8.495   148.9150 7.9864e+02     3.6165     -0.024     -0.035    26.3742   996.7034 0.0000e+00
     -0.024     -0.000     7.6402     94.781     35.602  36.567500     3.1735      8.490   149.4968 8.0148e+02     3.5362     -0.024     -0.034    26.3720   996.7040 0.0000e+00
     -0.024     -0.004     7.6237     94.568     35.592  36.553651     3.1709      8.485   150.0016 8.0676e+02     3.5312     -0.023     -0.034    26.3678   996.7052 0.0000e+00
     -0.024     -0.010     7.6120     94.415     35.569  36.528376     3.1805      8.482   150.5443 8.0825e+02     3.5572     -0.023     -0.033    26.3624   996.7066 0.0000e+00
     -0.025     -0.016     7.6035     94.304     35.559  36.515776     3.2035      8.480   151.1546 8.0660e+02     3.5882     -0.024     -0.035    26.3564   996.7082 0.0000e+00
     -0.029     -0.020     7.5990     94.244     35.574  36.528250     3.2139      8.479   151.7016 8.0607e+02     3.5774     -0.026     -0.038    26.3503   996.7099 0.0000e+00
     -0.038     -0.020     7.5980     94.222     35.600  36.552251     3.2195      8.476   152.2544 8.0667e+02     3.5250     -0.035     -0.052    26.3450   996.7112 0.0000e+00
     -0.051     -0.017     7.5905     94.119     35.605  36.552084     3.2542      8.472   152.8476 8.0625e+02     3.5123     -0.052     -0.076    26.3410   996.7122 0.0000e+00
     -0.059     -0.012     7.5667     93.814     35.583  36.526222     3.3124      8.470   153.3679 8.0539e+02     3.5558     -0.062     -0.090    26.3382   996.7129 0.0000e+00
     -0.059     -0.005     7.5252     93.294     35.553  36.493435     3.3509      8.467   153.8989 8.0445e+02     3.5917     -0.060     -0.087    26.3361   996.7135 0.0000e+00
     -0.053      0.004     7.4735     92.652     35.534  36.473019     3.3566      8.464   154.4498 8.0276e+02     3.5851     -0.050     -0.073    26.3314   996.7148 0.0000e+00
     -0.048      0.012     7.4225     92.021     35.531  36.469786     3.3457      8.460   154.8662 8.0114e+02     3.5742     -0.045     -0.066    26.3236   996.7170 0.0000e+00
     -0.047      0.018     7.3774     91.462     35.516  36.454344     3.2975      8.455   155.1479 8.0090e+02     3.6897     -0.047     -0.068    26.3174   996.7186 0.0000e+00
     -0.044      0.022     7.3375     90.967     35.476  36.413246     3.2245      8.451   155.3610 8.0190e+02     3.9005     -0.046     -0.065    26.3147   996.7193 0.0000e+00
     -0.038      0.023     7.3003     90.503     35.419  36.353702     3.1919      8.446   155.7218 8.0264e+02     4.0250     -0.037     -0.054    26.3143   996.7194 0.0000e+00
