Data/DataAlreadyUploadedToEDI/CollatedDataForEDI/CTDData/CTD_2019 (not collated)/080519_fcr50_b.cnv
* Sea-Bird SBE19plus  Data File:
* FileName = C:\DATA\080519_fcr50_0006.hex
* Software version 2.8.0.119 SB_Terminal.dll
* Temperature SN = 7809
* Conductivity SN = 7809
* System UpLoad Time = Aug 05 2019 18:00:10
* <ApplicationData>
* <Seaterm232>
# nquan = 16
# nvalues = 724                         
# units = specified
# name 0 = depFM: Depth [fresh water, m]
# name 1 = dz/dtM: Descent Rate [m/s]
# name 2 = sbeox0Mg/L: Oxygen, SBE 43 [mg/l]
# name 3 = sbeox0PS: Oxygen, SBE 43 [% saturation]
# name 4 = specc: Specific Conductance [uS/cm]
# name 5 = c0uS/cm: Conductivity [uS/cm]
# name 6 = flECO-AFL: Fluorescence, WET Labs ECO-AFL/FL [mg/m^3]
# name 7 = ph: pH
# name 8 = orp: Oxidation Reduction Potential [mV]
# name 9 = par/sat/log: PAR/Logarithmic, Satlantic
# name 10 = turbWETntu0: Turbidity, WET Labs ECO [NTU]
# name 11 = prdM: Pressure, Strain Gauge [db]
# name 12 = prdE: Pressure, Strain Gauge [psi]
# name 13 = tv290C: Temperature [ITS-90, deg C]
# name 14 = density00: Density [density, kg/m^3]
# name 15 = flag:  0.000e+00
# span 0 =     -0.599,      9.543       
# span 1 = -1.863e-07,      0.253       
# span 2 =     0.0656,     9.9909       
# span 3 =      0.595,    123.515       
# span 4 =      0.584,     92.735       
# span 5 =   0.658665,  66.692236       
# span 6 =    -0.7055,     6.8095       
# span 7 =     -2.137,      9.363       
# span 8 = -1240.7455,   305.2337       
# span 9 = 1.2328e-01, 6.5099e+02       
# span 10 =    -0.6378,    17.2732      
# span 11 =     -0.588,      9.359      
# span 12 =     -0.853,     13.575      
# span 13 =    10.9549,    31.3952      
# span 14 =   995.2271,   999.6911      
# span 15 = 0.0000e+00, 0.0000e+00      
# interval = seconds: 0.25
# start_time = Aug 05 2019 15:27:19 [Instrument's time stamp, header]
# bad_flag = -9.990e-29
*END*
[from data line 633]
      8.210      0.055     0.5991      5.437     66.496  47.911755     1.5157      6.809   227.1563 1.2341e-01    10.6163      8.052     11.678    11.0242   999.6685 0.0000e+00
      8.224      0.056     0.5894      5.349     66.670  48.038605     1.5247      6.807   226.7869 1.2332e-01    10.5583      8.066     11.698    11.0231   999.6687 0.0000e+00
      8.237      0.059     0.5752      5.220     66.931  48.227044     1.5367      6.806   226.9841 1.2330e-01    10.5405      8.078     11.716    11.0223   999.6689 0.0000e+00
      8.250      0.061     0.5596      5.078     67.012  48.284807     1.5559      6.805   227.4751 1.2336e-01    10.5976      8.089     11.732    11.0222   999.6689 0.0000e+00
      8.268      0.063     0.5469      4.963     66.847  48.165417     1.5755      6.803   227.2180 1.2342e-01    10.6920      8.108     11.759    11.0228   999.6689 0.0000e+00
      8.287      0.066     0.5369      4.873     66.603  47.990225     1.5828      6.803   226.6275 1.2347e-01    10.7313      8.129     11.790    11.0243   999.6689 0.0000e+00
      8.304      0.070     0.5293      4.804     66.543  47.944882     1.5837      6.802   226.3587 1.2351e-01    10.7457      8.145     11.813    11.0256   999.6690 0.0000e+00
      8.320      0.072     0.5240      4.755     66.709  48.061755     1.5867      6.801   226.9790 1.2346e-01    10.7671      8.157     11.832    11.0240   999.6693 0.0000e+00
      8.338      0.071     0.5179      4.700     66.901  48.196620     1.5842      6.799   228.1914 1.2340e-01    10.7615      8.175     11.858    11.0237   999.6693 0.0000e+00
      8.359      0.069     0.5094      4.622     67.056  48.305290     1.5784      6.797   228.7139 1.2340e-01    10.7435      8.198     11.890    11.0249   999.6692 0.0000e+00
      8.380      0.067     0.5008      4.544     67.400  48.550018     1.5782      6.796   228.5641 1.2343e-01    10.7452      8.219     11.922    11.0234   999.6694 0.0000e+00
      8.397      0.065     0.4942      4.484     67.846  48.869139     1.5637      6.795   228.7895 1.2348e-01    10.7166      8.236     11.946    11.0212   999.6698 0.0000e+00
      8.410      0.065     0.4875      4.423     68.013  48.988104     1.5332      6.794   229.8054 1.2350e-01    10.6271      8.248     11.963    11.0187   999.6703 0.0000e+00
      8.422      0.066     0.4782      4.338     67.816  48.845179     1.5222      6.793   230.4357 1.2347e-01    10.5477      8.260     11.980    11.0154   999.6706 0.0000e+00
      8.436      0.071     0.4676      4.243     67.391  48.538326     1.5262      6.792   230.2152 1.2345e-01    10.5104      8.272     11.998    11.0134   999.6710 0.0000e+00
      8.455      0.077     0.4599      4.173     67.096  48.326592     1.5980      6.791   229.8927 1.2346e-01    10.5699      8.290     12.023    11.0122   999.6715 0.0000e+00
      8.479      0.084     0.4553      4.131     67.082  48.317532     1.7487      6.788   230.0651 1.2347e-01    10.7102      8.314     12.058    11.0110   999.6717 0.0000e+00
      8.504      0.089     0.4490      4.074     67.412  48.555809     1.8314      6.784   230.7507 1.2348e-01    10.7970      8.340     12.096    11.0101   999.6718 0.0000e+00
      8.529      0.093     0.4399      3.990     67.921  48.921101     1.8254      6.783   231.2126 1.2348e-01    10.8321      8.365     12.132    11.0099   999.6718 0.0000e+00
      8.552      0.095     0.4324      3.923     68.191  49.113992     1.7985      6.782   231.1754 1.2344e-01    10.8079      8.387     12.165    11.0107   999.6717 0.0000e+00
      8.574      0.094     0.4300      3.901     68.451  49.300216     1.7491      6.780   230.9897 1.2341e-01    10.7005      8.408     12.196    11.0117   999.6717 0.0000e+00
      8.598      0.089     0.4297      3.899     68.760  49.521324     1.6962      6.777   230.8594 1.2336e-01    10.6149      8.431     12.228    11.0116   999.6719 0.0000e+00
      8.625      0.082     0.4276      3.879     68.998  49.691390     1.6699      6.775   230.8913 1.2332e-01    10.5920      8.459     12.267    11.0109   999.6725 0.0000e+00
      8.650      0.074     0.4252      3.858     69.373  49.959110     1.6566      6.774   230.9443 1.2335e-01    10.5874      8.485     12.305    11.0094   999.6727 0.0000e+00
      8.669      0.068     0.4265      3.869     69.734  50.217626     1.6398      6.773   230.6400 1.2340e-01    10.5592      8.504     12.333    11.0083   999.6730 0.0000e+00
      8.679      0.063     0.4289      3.890     69.906  50.339906     1.6309      6.770   229.8797 1.2343e-01    10.5132      8.512     12.346    11.0078   999.6732 0.0000e+00
      8.688      0.061     0.4284      3.885     70.019  50.421306     1.6363      6.768   229.1503 1.2342e-01    10.5234      8.518     12.354    11.0066   999.6733 0.0000e+00
      8.700      0.064     0.4260      3.864     70.133  50.503121     1.6446      6.767   228.8772 1.2340e-01    10.5842      8.531     12.373    11.0050   999.6738 0.0000e+00
      8.718      0.070     0.4236      3.843     70.222  50.566896     1.6011      6.766   228.8142 1.2341e-01    10.6917      8.549     12.399    11.0035   999.6742 0.0000e+00
      8.738      0.077     0.4201      3.811     70.297  50.620742     1.5091      6.766   228.7330 1.2340e-01    10.8721      8.568     12.427    11.0027   999.6744 0.0000e+00
      8.760      0.081     0.4157      3.771     70.333  50.646014     1.4591      6.764   228.3254 1.2341e-01    10.9964      8.590     12.458    11.0027   999.6745 0.0000e+00
      8.785      0.080     0.4104      3.722     70.296  50.618374     1.4565      6.761   227.6720 1.2345e-01    11.0146      8.616     12.497    11.0028   999.6747 0.0000e+00
      8.809      0.075     0.4032      3.656     70.190  50.540624     1.5035      6.761   227.4578 1.2345e-01    10.9611      8.642     12.534    11.0027   999.6748 0.0000e+00
      8.829      0.070     0.3960      3.591     70.090  50.468176     1.5950      6.760   227.5424 1.2341e-01    10.8414      8.660     12.560    11.0028   999.6750 0.0000e+00
      8.844      0.067     0.3911      3.547     69.965  50.377595     1.6425      6.759   227.1459 1.2338e-01    10.7473      8.674     12.580    11.0021   999.6751 0.0000e+00
      8.855      0.067     0.3886      3.525     69.817  50.271153     1.6369      6.757   226.4499 1.2340e-01    10.7404      8.684     12.594    11.0007   999.6753 0.0000e+00
      8.866      0.069     0.3868      3.509     69.892  50.324519     1.6218      6.757   226.1823 1.2347e-01    10.7248      8.692     12.607    10.9997   999.6754 0.0000e+00
      8.884      0.072     0.3849      3.491     70.158  50.514696     1.6068      6.756   226.2333 1.2351e-01    10.6247      8.710     12.633    10.9995   999.6754 0.0000e+00
      8.908      0.077     0.3834      3.477     70.369  50.665003     1.5944      6.754   226.0341 1.2348e-01    10.5459      8.737     12.671    10.9996   999.6756 0.0000e+00
      8.933      0.081     0.3834      3.477     70.394  50.680933     1.5845      6.753   225.4940 1.2344e-01    10.5264      8.762     12.709    10.9997   999.6755 0.0000e+00
      8.954      0.081     0.3838      3.481     70.254  50.580261     1.5742      6.752   225.1238 1.2343e-01    10.5204      8.781     12.736    10.9993   999.6757 0.0000e+00
      8.973      0.077     0.3839      3.482     70.093  50.464092     1.5747      6.750   225.0848 1.2341e-01    10.5383      8.798     12.760    10.9980   999.6760 0.0000e+00
      8.993      0.072     0.3829      3.473     69.943  50.356172     1.5899      6.748   225.1091 1.2340e-01    10.5785      8.819     12.791    10.9965   999.6764 0.0000e+00
      9.013      0.067     0.3794      3.441     69.852  50.291697     1.6020      6.748   224.9883 1.2342e-01    10.5808      8.840     12.821    10.9954   999.6766 0.0000e+00
      9.028      0.067     0.3754      3.404     69.801  50.256189     1.5991      6.748   224.6558 1.2347e-01    10.5323      8.854     12.842    10.9949   999.6766 0.0000e+00
      9.040      0.068     0.3716      3.370     69.695  50.180922     1.5987      6.747   224.2731 1.2347e-01    10.4843      8.865     12.857    10.9951   999.6766 0.0000e+00
      9.055      0.069     0.3689      3.345     69.641  50.143867     1.6228      6.746   224.0597 1.2345e-01    10.4270      8.879     12.877    10.9953   999.6766 0.0000e+00
      9.074      0.072     0.3671      3.329     69.703  50.189278     1.6479      6.746   224.0551 1.2349e-01    10.3963      8.896     12.904    10.9956   999.6766 0.0000e+00
      9.096      0.075     0.3667      3.326     69.748  50.221833     1.6510      6.746   224.0451 1.2350e-01    10.4074      8.920     12.938    10.9964   999.6767 0.0000e+00
      9.118      0.076     0.3690      3.346     69.659  50.156378     1.6609      6.746   224.0253 1.2345e-01    10.4304      8.943     12.972    10.9976   999.6766 0.0000e+00
      9.137      0.076     0.3720      3.374     69.489  50.033051     1.6888      6.744   224.0740 1.2341e-01    10.4783      8.961     12.996    10.9989   999.6765 0.0000e+00
      9.155      0.072     0.3735      3.388     69.533  50.064561     1.7115      6.743   224.0310 1.2336e-01    10.5268      8.977     13.020    10.9997   999.6765 0.0000e+00
      9.175      0.067     0.3754      3.405     70.102  50.473834     1.7270      6.743   223.9353 1.2334e-01    10.5584      8.998     13.051    10.9998   999.6767 0.0000e+00
      9.193      0.063     0.3792      3.439     70.895  51.043369     1.7467      6.742   223.8635 1.2338e-01    10.5657      9.018     13.079    10.9988   999.6768 0.0000e+00
      9.207      0.060     0.3797      3.443     71.253  51.297533     1.7671      6.741   223.6791 1.2340e-01    10.5497      9.030     13.096    10.9981   999.6769 0.0000e+00
      9.218      0.058     0.3772      3.421     71.206  51.260178     1.7733      6.741   223.4267 1.2339e-01    10.5283      9.039     13.110    10.9981   999.6768 0.0000e+00
      9.232      0.057     0.3748      3.399     71.340  51.353972     1.7706      6.741   223.2215 1.2335e-01    10.5040      9.052     13.129    10.9979   999.6772 0.0000e+00
      9.247      0.060     0.3714      3.368     71.691  51.605792     1.8119      6.740   223.0040 1.2337e-01    10.5507      9.069     13.153    10.9971   999.6778 0.0000e+00
      9.262      0.065     0.3649      3.309     71.825  51.700512     1.8997      6.739   222.6910 1.2348e-01    10.6992      9.083     13.174    10.9944   999.6783 0.0000e+00
      9.277      0.070     0.3520      3.192     71.701  51.609930     1.9481      6.738   222.2750 1.2353e-01    10.7925      9.097     13.194    10.9912   999.6785 0.0000e+00
      9.295      0.075     0.3337      3.026     71.498  51.463396     1.9372      6.736   221.9330 1.2349e-01    10.7606      9.115     13.220    10.9896   999.6788 0.0000e+00
      9.317      0.077     0.3152      2.858     71.395  51.389787     1.8557      6.734   221.7388 1.2344e-01    10.6736      9.137     13.252    10.9888   999.6791 0.0000e+00
      9.341      0.076     0.2969      2.692     71.608  51.545713     1.7256      6.732   221.4763 1.2338e-01    10.5940      9.160     13.286    10.9880   999.6793 0.0000e+00
      9.363      0.074     0.2789      2.529     72.167  51.951193     1.6552      6.732   221.1677 1.2338e-01    10.5512      9.183     13.319    10.9871   999.6794 0.0000e+00
      9.383      0.071     0.2632      2.387     72.724  52.353990     1.6381      6.730   221.0191 1.2338e-01    10.5164      9.204     13.349    10.9864   999.6796 0.0000e+00
      9.398      0.068     0.2512      2.278     72.987  52.540948     1.6309      6.728   220.8844 1.2337e-01    10.5013      9.218     13.369    10.9860   999.6796 0.0000e+00
      9.410      0.065     0.2452      2.224     73.285  52.750629     1.6375      6.726   220.5709 1.2343e-01    10.5330      9.227     13.383    10.9881   999.6795 0.0000e+00
      9.425      0.063     0.2455      2.226     74.235  53.428125     1.6486      6.725   220.1539 1.2344e-01    10.5717      9.241     13.403    10.9918   999.6794 0.0000e+00
      9.444      0.063     0.2480      2.248     76.890  55.332628     1.6615      6.722   219.8003 1.2339e-01    10.5757      9.262     13.433    10.9935   999.6797 0.0000e+00
      9.463      0.062     0.2477      2.245     81.561  58.687128     1.6638      6.720   219.5652 1.2337e-01    10.5490      9.281     13.461    10.9915   999.6800 0.0000e+00
      9.479      0.059     0.2430      2.202     86.035  61.898958     1.6500      6.718   219.3764 1.2336e-01    10.5110      9.296     13.482    10.9875   999.6805 0.0000e+00
      9.494      0.053     0.2348      2.128     88.411  63.600224     1.6423      6.718   219.1514 1.2336e-01    10.4773      9.310     13.504    10.9831   999.6812 0.0000e+00
      9.509      0.045     0.2233      2.023     89.423  64.321674     1.6484      6.717   218.8248 1.2339e-01    10.5016      9.326     13.526    10.9790   999.6824 0.0000e+00
      9.520      0.036     0.2083      1.888     90.413  65.028585     1.6548      6.716   218.5247 1.2343e-01    10.5751      9.338     13.544    10.9754   999.6850 0.0000e+00
      9.527      0.027     0.1871      1.695     91.743  65.981707     1.6404      6.715   218.2757 1.2343e-01    10.5468      9.344     13.552    10.9707   999.6874 0.0000e+00
      9.531      0.020     0.1601      1.451     92.735  66.692236     1.6054      6.714   218.0517 1.2339e-01    10.3878      9.347     13.556    10.9654   999.6885 0.0000e+00
      9.533      0.015     0.1352      1.226     92.643  66.627063     1.5787      6.713   217.9669 1.2337e-01    10.2922      9.349     13.560    10.9618   999.6890 0.0000e+00
      9.536      0.010     0.1154      1.046     91.788  66.020110     1.5683      6.712   217.9387 1.2340e-01    10.3082      9.352     13.564    10.9593   999.6896 0.0000e+00
      9.538      0.007     0.0976      0.885     90.900  65.392629     1.5488      6.711   217.7981 1.2339e-01    10.3193      9.354     13.566    10.9571   999.6905 0.0000e+00
      9.540      0.006     0.0824      0.747     90.187  64.888415     1.5078      6.710   217.4706 1.2332e-01    10.3283      9.357     13.569    10.9555   999.6911 0.0000e+00
      9.542      0.004     0.0716      0.649     89.642  64.500394     1.4802      6.709   217.1617 1.2329e-01    10.3504      9.358     13.572    10.9549   999.6911 0.0000e+00
      9.542      0.003     0.0656      0.595     89.219  64.197097     1.4756      6.708   217.0754 1.2331e-01    10.3575      9.357     13.572    10.9597   999.6902 0.0000e+00
      9.542      0.001     0.0670      0.608     88.704  63.827337     1.4772      6.708   217.0288 1.2336e-01    10.3817      9.358     13.572    10.9680   999.6890 0.0000e+00
      9.543      0.001     0.0735      0.667     88.016  63.334834     1.4912      6.707   216.8569 1.2342e-01    10.4466      9.358     13.573    10.9728   999.6883 0.0000e+00
      9.543      0.000     0.0807      0.732     87.201  62.755047     1.5065      6.705   216.7178 1.2344e-01    10.5196      9.358     13.573    10.9743   999.6879 0.0000e+00
      9.542      0.000     0.0905      0.821     86.262  62.092512     1.5230      6.702   216.7234 1.2341e-01    10.5756      9.357     13.572    10.9750   999.6877 0.0000e+00
      9.542      0.000     0.0967      0.877     85.765  61.743354     1.5351      6.702   216.7523 1.2336e-01    10.5992      9.358     13.573    10.9744   999.6877 0.0000e+00
      9.543 -9.990e-29 -9.990e-29 -9.990e-29 -9.990e-29 -9.990e-29 -9.990e-29 -9.990e-29 -9.990e-29 1.2331e-01 -9.990e-29      9.359     13.574    10.9769   999.6871 0.0000e+00
      9.543 -9.990e-29 -9.990e-29 -9.990e-29 -9.990e-29 -9.990e-29 -9.990e-29 -9.990e-29 -9.990e-29 1.2338e-01 -9.990e-29      9.358     13.573    10.9777   999.6867 0.0000e+00
      9.543 -9.990e-29 -9.990e-29 -9.990e-29 -9.990e-29 -9.990e-29 -9.990e-29 -9.990e-29 -9.990e-29 1.2344e-01 -9.990e-29      9.359     13.574    10.9877   999.6853 0.0000e+00
