Data/DataAlreadyUploadedToEDI/CollatedDataForEDI/CTDData/CTD_2019 (not collated)/080519_fcr50_b.cnv
* Sea-Bird SBE19plus  Data File:
* FileName = C:\DATA\080519_fcr50_0006.hex
* Software version 2.8.0.119 SB_Terminal.dll
* Temperature SN = 7809
* Conductivity SN = 7809
* System UpLoad Time = Aug 05 2019 18:00:10
* <ApplicationData>
* <Seaterm232>
# nquan = 16
# nvalues = 724                         
# units = specified
# name 0 = depFM: Depth [fresh water, m]
# name 1 = dz/dtM: Descent Rate [m/s]
# name 2 = sbeox0Mg/L: Oxygen, SBE 43 [mg/l]
# name 3 = sbeox0PS: Oxygen, SBE 43 [% saturation]
# name 4 = specc: Specific Conductance [uS/cm]
# name 5 = c0uS/cm: Conductivity [uS/cm]
# name 6 = flECO-AFL: Fluorescence, WET Labs ECO-AFL/FL [mg/m^3]
# name 7 = ph: pH
# name 8 = orp: Oxidation Reduction Potential [mV]
# name 9 = par/sat/log: PAR/Logarithmic, Satlantic
# name 10 = turbWETntu0: Turbidity, WET Labs ECO [NTU]
# name 11 = prdM: Pressure, Strain Gauge [db]
# name 12 = prdE: Pressure, Strain Gauge [psi]
# name 13 = tv290C: Temperature [ITS-90, deg C]
# name 14 = density00: Density [density, kg/m^3]
# name 15 = flag:  0.000e+00
# span 0 =     -0.599,      9.543       
# span 1 = -1.863e-07,      0.253       
# span 2 =     0.0656,     9.9909       
# span 3 =      0.595,    123.515       
# span 4 =      0.584,     92.735       
# span 5 =   0.658665,  66.692236       
# span 6 =    -0.7055,     6.8095       
# span 7 =     -2.137,      9.363       
# span 8 = -1240.7455,   305.2337       
# span 9 = 1.2328e-01, 6.5099e+02       
# span 10 =    -0.6378,    17.2732      
# span 11 =     -0.588,      9.359      
# span 12 =     -0.853,     13.575      
# span 13 =    10.9549,    31.3952      
# span 14 =   995.2271,   999.6911      
# span 15 = 0.0000e+00, 0.0000e+00      
# interval = seconds: 0.25
# start_time = Aug 05 2019 15:27:19 [Instrument's time stamp, header]
# bad_flag = -9.990e-29
*END*
[from data line 362]
      3.488      0.066     4.2388     43.843     39.151  32.871713     3.9638      7.529   267.3304 8.0628e+00     1.4949      3.420      4.960    17.3562   998.7472 0.0000e+00
      3.509      0.066     4.1771     43.105     39.178  32.806861     3.9630      7.526   267.9870 7.9300e+00     1.4837      3.441      4.992    17.3418   998.7498 0.0000e+00
      3.525      0.066     4.0865     42.090     39.260  32.804123     3.9620      7.523   268.3668 7.8383e+00     1.5045      3.459      5.016    17.2569   998.7649 0.0000e+00
      3.537      0.066     3.9785     40.903     39.383  32.838516     3.9700      7.521   268.4815 7.7685e+00     1.5169      3.470      5.032    17.1099   998.7909 0.0000e+00
      3.549      0.065     3.8625     39.633     39.475  32.841851     3.9728      7.518   268.6000 7.6783e+00     1.5029      3.478      5.044    16.9663   998.8159 0.0000e+00
      3.566      0.064     3.7403     38.305     39.565  32.844357     3.9528      7.514   268.7668 7.5542e+00     1.4664      3.494      5.067    16.8572   998.8348 0.0000e+00
      3.589      0.060     3.6151     36.963     39.667  32.868732     3.8139      7.511   269.0357 7.4309e+00     1.4680      3.520      5.106    16.7736   998.8493 0.0000e+00
      3.609      0.055     3.4825     35.567     39.736  32.882639     3.5684      7.508   269.8717 7.3409e+00     1.4898      3.543      5.139    16.6916   998.8634 0.0000e+00
      3.623      0.049     3.3364     34.049     39.774  32.885520     3.4298      7.505   271.1313 7.2840e+00     1.5007      3.555      5.156    16.5942   998.8800 0.0000e+00
      3.631      0.043     3.1867     32.504     39.820  32.903545     3.4123      7.503   271.7035 7.2506e+00     1.5003      3.562      5.166    16.4959   998.8967 0.0000e+00
      3.636      0.038     3.0452     31.041     39.935  32.973628     3.4252      7.502   271.4563 7.2330e+00     1.4856      3.566      5.172    16.4190   998.9097 0.0000e+00
      3.641      0.037     2.9147     29.682     40.129  33.098228     3.4559      7.499   271.1530 7.1913e+00     1.4874      3.569      5.176    16.3660   998.9184 0.0000e+00
      3.650      0.038     2.7962     28.450     40.298  33.204237     3.4804      7.496   271.3064 7.0962e+00     1.4884      3.577      5.187    16.3321   998.9241 0.0000e+00
      3.663      0.042     2.6882     27.340     40.360  33.239919     3.4958      7.492   272.3648 6.9868e+00     1.4982      3.592      5.209    16.3126   998.9275 0.0000e+00
      3.678      0.049     2.5832     26.279     40.391  33.275787     3.5379      7.490   273.7977 6.9034e+00     1.5075      3.608      5.234    16.2877   998.9318 0.0000e+00
      3.690      0.057     2.4732     25.171     40.577  33.447536     3.6087      7.487   274.4348 6.8564e+00     1.5023      3.620      5.252    16.2355   998.9406 0.0000e+00
      3.700      0.063     2.3549     23.953     40.876  33.666491     3.6493      7.484   274.4749 6.8064e+00     1.5342      3.629      5.262    16.1839   998.9491 0.0000e+00
      3.714      0.066     2.2288     22.613     41.042  33.701872     3.6554      7.480   274.2829 6.6944e+00     1.5657      3.638      5.276    16.1641   998.9524 0.0000e+00
      3.736      0.068     2.1040     21.275     41.102  33.621340     3.6130      7.478   274.0912 6.5433e+00     1.5552      3.662      5.311    16.1768   998.9504 0.0000e+00
      3.761      0.069     1.9851     20.018     41.178  33.581122     3.5268      7.476   274.9107 6.4288e+00     1.5056      3.692      5.354    16.2316   998.9416 0.0000e+00
      3.781      0.069     1.8626     18.751     41.197  33.532792     3.4799      7.472   276.2764 6.3697e+00     1.4581      3.710      5.382    16.2232   998.9432 0.0000e+00
      3.795      0.067     1.7307     17.405     41.107  33.417697     3.4794      7.467   276.7509 6.3124e+00     1.4725      3.721      5.397    16.0639   998.9693 0.0000e+00
      3.807      0.062     1.5906     15.975     41.066  33.331827     3.4429      7.464   276.6905 6.2234e+00     1.5482      3.731      5.412    15.8797   998.9993 0.0000e+00
      3.822      0.057     1.4503     14.536     41.229  33.382986     3.3507      7.462   276.5780 6.1382e+00     1.6527      3.747      5.435    15.7538   999.0196 0.0000e+00
      3.838      0.055     1.3205     13.201     41.534  33.528442     3.2918      7.459   276.2516 6.0741e+00     1.7200      3.765      5.461    15.6812   999.0312 0.0000e+00
      3.853      0.057     1.2012     11.977     41.948  33.757656     3.2863      7.456   276.7012 6.0092e+00     1.7390      3.780      5.483    15.6490   999.0364 0.0000e+00
      3.865      0.062     1.0916     10.854     42.458  34.059918     3.2671      7.454   278.0565 5.9432e+00     1.7503      3.791      5.498    15.5957   999.0448 0.0000e+00
      3.877      0.067     1.0002      9.916     42.937  34.326993     3.2166      7.452   278.9581 5.8737e+00     1.7591      3.801      5.512    15.4897   999.0615 0.0000e+00
      3.894      0.072     0.9319      9.211     43.473  34.638441     3.1780      7.448   279.0850 5.7842e+00     1.7476      3.816      5.535    15.3581   999.0822 0.0000e+00
      3.916      0.076     0.8787      8.662     44.103  35.032877     3.1644      7.444   279.0745 5.6802e+00     1.7411      3.839      5.569    15.2360   999.1012 0.0000e+00
      3.940      0.078     0.8278      8.141     44.548  35.287841     3.1564      7.440   279.4333 5.5857e+00     1.7461      3.866      5.606    15.1128   999.1204 0.0000e+00
      3.962      0.076     0.7709      7.565     44.691  35.309236     3.1064      7.434   280.2394 5.4972e+00     1.8411      3.886      5.636    14.9713   999.1421 0.0000e+00
      3.982      0.071     0.7049      6.904     44.606  35.164516     3.0026      7.429   281.1641 5.4075e+00     2.0696      3.905      5.664    14.8308   999.1633 0.0000e+00
      4.001      0.066     0.6276      6.137     44.471  34.997760     2.9321      7.425   281.7520 5.3391e+00     2.2156      3.926      5.695    14.7093   999.1816 0.0000e+00
      4.013      0.065     0.5381      5.255     44.479  34.943143     2.9224      7.422   282.0992 5.2874e+00     2.2299      3.939      5.713    14.6034   999.1974 0.0000e+00
      4.022      0.067     0.4401      4.291     44.581  34.948364     2.9026      7.417   282.5223 5.2186e+00     2.2754      3.943      5.718    14.4957   999.2131 0.0000e+00
      4.036      0.070     0.3434      3.341     44.669  34.933865     2.8488      7.412   282.7376 5.1141e+00     2.3725      3.953      5.734    14.4036   999.2263 0.0000e+00
      4.059      0.074     0.2599      2.524     44.719  34.894673     2.8096      7.407   282.8951 4.9929e+00     2.4207      3.979      5.772    14.3464   999.2346 0.0000e+00
      4.085      0.075     0.1994      1.933     44.746  34.855219     2.7927      7.403   283.3081 4.8836e+00     2.4320      4.009      5.813    14.2859   999.2433 0.0000e+00
      4.108      0.072     0.1626      1.574     44.766  34.837576     2.7485      7.398   283.6883 4.7729e+00     2.5087      4.029      5.844    14.1972   999.2561 0.0000e+00
      4.126      0.064     0.1443      1.397     44.743  34.808255     2.6731      7.393   283.9644 4.6686e+00     2.5951      4.047      5.870    14.0963   999.2704 0.0000e+00
      4.141      0.055     0.1394      1.349     44.683  34.754565     2.6274      7.391   284.4096 4.6064e+00     2.5913      4.064      5.893    14.0044   999.2833 0.0000e+00
      4.151      0.048     0.1409      1.364     44.619  34.696157     2.6208      7.388   284.7695 4.5688e+00     2.5608      4.072      5.905    13.9336   999.2932 0.0000e+00
      4.158      0.046     0.1453      1.407     44.507  34.609787     2.6370      7.385   284.7010 4.5288e+00     2.5876      4.077      5.913    13.8964   999.2982 0.0000e+00
      4.167      0.047     0.1516      1.468     44.399  34.535354     2.6668      7.381   284.7005 4.4843e+00     2.6204      4.085      5.925    13.8945   999.2985 0.0000e+00
      4.177      0.051     0.1568      1.519     44.419  34.557824     2.6873      7.377   284.8495 4.4214e+00     2.5969      4.095      5.939    13.8911   999.2991 0.0000e+00
      4.191      0.056     0.1596      1.545     44.506  34.627614     2.7019      7.374   284.8676 4.3393e+00     2.5653      4.109      5.960    13.8707   999.3020 0.0000e+00
      4.209      0.060     0.1610      1.559     44.497  34.617557     2.7229      7.372   284.9194 4.2555e+00     2.6977      4.128      5.987    13.8718   999.3019 0.0000e+00
      4.228      0.062     0.1629      1.577     44.451  34.563156     2.7408      7.368   284.7871 4.1762e+00     2.9518      4.146      6.014    13.8914   999.2992 0.0000e+00
      4.245      0.062     0.1673      1.617     44.471  34.541051     2.7451      7.364   284.4727 4.1006e+00     3.0489      4.163      6.038    13.8988   999.2983 0.0000e+00
      4.260      0.060     0.1748      1.688     44.439  34.477174     2.7486      7.360   284.4741 4.0360e+00     3.0194      4.179      6.061    13.8991   999.2983 0.0000e+00
      4.275      0.055     0.1838      1.774     44.338  34.361993     2.7573      7.357   284.7185 3.9729e+00     3.0220      4.192      6.080    13.9000   999.2983 0.0000e+00
      4.289      0.051     0.1934      1.864     44.230  34.227309     2.8331      7.353   285.1040 3.9071e+00     3.1128      4.206      6.101    13.8858   999.3002 0.0000e+00
      4.302      0.048     0.2037      1.961     44.088  34.054536     2.9799      7.351   285.6931 3.8562e+00     3.2325      4.220      6.121    13.8307   999.3079 0.0000e+00
      4.312      0.046     0.2127      2.043     43.996  33.923075     3.0673      7.349   285.9910 3.8110e+00     3.2561      4.230      6.135    13.7827   999.3144 0.0000e+00
      4.322      0.043     0.2189      2.100     44.034  33.907079     3.0836      7.346   285.7801 3.7592e+00     3.2349      4.237      6.146    13.7569   999.3179 0.0000e+00
      4.332      0.042     0.2249      2.158     44.083  33.924540     3.1416      7.342   285.8103 3.7067e+00     3.2699      4.248      6.161    13.6956   999.3263 0.0000e+00
      4.345      0.044     0.2329      2.235     43.947  33.816850     3.2488      7.339   286.4427 3.6643e+00     3.3850      4.261      6.181    13.6137   999.3373 0.0000e+00
      4.356      0.049     0.2453      2.353     43.704  33.620451     3.3047      7.337   287.2314 3.6400e+00     3.4793      4.273      6.199    13.5444   999.3466 0.0000e+00
      4.364      0.055     0.2648      2.537     43.692  33.580781     3.3062      7.334   287.7746 3.6033e+00     3.4925      4.279      6.206    13.4859   999.3545 0.0000e+00
      4.375      0.061     0.2904      2.779     43.930  33.717962     3.2760      7.331   287.8489 3.5046e+00     3.4800      4.287      6.218    13.4641   999.3574 0.0000e+00
      4.395      0.067     0.3201      3.060     44.123  33.819344     3.2170      7.328   287.6993 3.3693e+00     3.4588      4.309      6.249    13.4771   999.3557 0.0000e+00
      4.418      0.072     0.3503      3.345     44.142  33.791078     3.1825      7.325   287.7720 3.2597e+00     3.4661      4.335      6.287    13.4712   999.3564 0.0000e+00
      4.437      0.077     0.3750      3.577     44.068  33.693481     3.1710      7.322   288.0402 3.1763e+00     3.5017      4.353      6.313    13.4322   999.3617 0.0000e+00
      4.456      0.077     0.3922      3.737     43.903  33.527786     3.0946      7.321   288.2755 3.0778e+00     3.4963      4.368      6.336    13.3734   999.3697 0.0000e+00
      4.476      0.075     0.4092      3.896     43.664  33.310776     2.9523      7.320   288.4659 2.9561e+00     3.4667      4.390      6.367    13.3180   999.3771 0.0000e+00
      4.497      0.074     0.4332      4.122     43.426  33.100456     2.8732      7.317   288.7066 2.8530e+00     3.4715      4.412      6.399    13.2722   999.3831 0.0000e+00
      4.515      0.074     0.4682      4.452     43.186  32.888711     2.8667      7.315   288.9490 2.7722e+00     3.4889      4.428      6.423    13.2252   999.3893 0.0000e+00
      4.532      0.075     0.5177      4.917     43.001  32.717915     2.8121      7.312   289.1601 2.6820e+00     3.5463      4.443      6.444    13.1787   999.3953 0.0000e+00
      4.550      0.076     0.5797      5.503     42.907  32.621913     2.6986      7.309   289.4519 2.5885e+00     3.6403      4.460      6.469    13.1381   999.4004 0.0000e+00
      4.570      0.077     0.6476      6.145     42.929  32.616403     2.6300      7.306   289.8955 2.5042e+00     3.6755      4.481      6.499    13.1093   999.4042 0.0000e+00
      4.592      0.080     0.7143      6.772     43.015  32.651263     2.6159      7.304   290.3090 2.4250e+00     3.7091      4.504      6.532    13.0766   999.4083 0.0000e+00
      4.612      0.082     0.7752      7.342     43.082  32.662598     2.6063      7.301   290.5792 2.3478e+00     3.7519      4.523      6.560    13.0358   999.4136 0.0000e+00
      4.633      0.082     0.8274      7.828     43.174  32.689941     2.5398      7.299   290.9252 2.2698e+00     3.7995      4.543      6.588    13.0099   999.4170 0.0000e+00
      4.654      0.081     0.8683      8.208     43.274  32.727972     2.4101      7.297   291.3948 2.2001e+00     3.8912      4.563      6.619    12.9901   999.4195 0.0000e+00
      4.675      0.080     0.8983      8.484     43.330  32.741609     2.3304      7.296   291.7838 2.1311e+00     3.9429      4.585      6.650    12.9549   999.4242 0.0000e+00
      4.697      0.078     0.9202      8.686     43.340  32.727871     2.3124      7.295   292.0145 2.0522e+00     3.9661      4.607      6.682    12.9058   999.4304 0.0000e+00
      4.717      0.075     0.9348      8.819     43.319  32.688774     2.1924      7.293   292.0327 1.9870e+00     3.9754      4.627      6.711    12.8541   999.4371 0.0000e+00
      4.735      0.070     0.9386      8.849     43.302  32.649626     1.9632      7.290   291.9178 1.9224e+00     3.9234      4.644      6.735    12.8080   999.4429 0.0000e+00
      4.752      0.066     0.9286      8.749     43.400  32.698743     1.8383      7.289   292.0024 1.8634e+00     3.8624      4.660      6.759    12.7753   999.4470 0.0000e+00
      4.768      0.063     0.9083      8.553     43.615  32.838374     1.8265      7.288   292.1953 1.8289e+00     3.8939      4.678      6.785    12.7556   999.4496 0.0000e+00
      4.783      0.062     0.8827      8.307     43.694  32.878239     1.8211      7.286   292.4433 1.7809e+00     4.0085      4.691      6.804    12.7290   999.4530 0.0000e+00
      4.797      0.063     0.8565      8.057     43.531  32.736473     1.8162      7.283   292.7633 1.7344e+00     4.1018      4.704      6.822    12.6955   999.4572 0.0000e+00
      4.811      0.064     0.8375      7.874     43.356  32.583917     1.8196      7.280   292.6234 1.7082e+00     4.1364      4.718      6.842    12.6670   999.4607 0.0000e+00
      4.828      0.066     0.8328      7.825     43.352  32.556767     1.8275      7.278   292.3003 1.6733e+00     4.1322      4.733      6.865    12.6423   999.4639 0.0000e+00
      4.847      0.069     0.8476      7.959     43.440  32.598573     1.7730      7.275   292.4703 1.6356e+00     4.2467      4.754      6.894    12.6193   999.4668 0.0000e+00
      4.866      0.073     0.8860      8.315     43.446  32.581660     1.6632      7.272   292.7868 1.5981e+00     4.5055      4.774      6.923    12.5984   999.4694 0.0000e+00
      4.884      0.075     0.9489      8.900     43.336  32.479172     1.6007      7.270   293.1152 1.5543e+00     4.6395      4.789      6.946    12.5754   999.4721 0.0000e+00
      4.903      0.075     1.0307      9.662     43.223  32.374775     1.5809      7.267   293.6870 1.5078e+00     4.6215      4.807      6.972    12.5461   999.4758 0.0000e+00
