Data/DataAlreadyUploadedToEDI/CollatedDataForEDI/CTDData/CTD_2019 (not collated)/080519_fcr50_a.cnv
* Sea-Bird SBE19plus  Data File:
* FileName = C:\DATA\080519_fcr50_0005.hex
* Software version 2.8.0.119 SB_Terminal.dll
* Temperature SN = 7809
* Conductivity SN = 7809
* System UpLoad Time = Aug 05 2019 17:59:47
* <ApplicationData>
* <Seaterm232>
# nquan = 16
# nvalues = 702                         
# units = specified
# name 0 = depFM: Depth [fresh water, m]
# name 1 = dz/dtM: Descent Rate [m/s]
# name 2 = sbeox0Mg/L: Oxygen, SBE 43 [mg/l]
# name 3 = sbeox0PS: Oxygen, SBE 43 [% saturation]
# name 4 = specc: Specific Conductance [uS/cm]
# name 5 = c0uS/cm: Conductivity [uS/cm]
# name 6 = flECO-AFL: Fluorescence, WET Labs ECO-AFL/FL [mg/m^3]
# name 7 = ph: pH
# name 8 = orp: Oxidation Reduction Potential [mV]
# name 9 = par/sat/log: PAR/Logarithmic, Satlantic
# name 10 = turbWETntu0: Turbidity, WET Labs ECO [NTU]
# name 11 = prdM: Pressure, Strain Gauge [db]
# name 12 = prdE: Pressure, Strain Gauge [psi]
# name 13 = tv290C: Temperature [ITS-90, deg C]
# name 14 = density00: Density [density, kg/m^3]
# name 15 = flag:  0.000e+00
# span 0 =     -0.576,      9.566       
# span 1 =     -0.001,      0.119       
# span 2 =    -0.0492,     8.8950       
# span 3 =     -0.447,    109.816       
# span 4 =      1.266,    230.310       
# span 5 =   1.188185, 165.525963       
# span 6 =    -0.1550,     8.5720       
# span 7 =      6.727,      8.494       
# span 8 =  -493.7746,   338.8799       
# span 9 = 1.2352e-01, 7.9265e+02       
# span 10 =    -0.5533,    55.5023      
# span 11 =     -0.566,      9.382      
# span 12 =     -0.820,     13.608      
# span 13 =    10.7940,    26.6431      
# span 14 =   996.6303,   999.7457      
# span 15 = 0.0000e+00, 0.0000e+00      
# interval = seconds: 0.25
# start_time = Aug 05 2019 12:01:40 [Instrument's time stamp, header]
# bad_flag = -9.990e-29
*END*
[from data line 633]
      8.623      0.051     0.0955      0.864    109.060  78.305051     2.8148      6.843   204.4005 1.2363e-01     2.7727      8.453     12.261    10.8910   999.6991 0.0000e+00
      8.639      0.053     0.0959      0.868    109.077  78.308866     2.8620      6.844   203.2476 1.2361e-01     2.6514      8.470     12.285    10.8871   999.6996 0.0000e+00
      8.660      0.051     0.0980      0.887    109.055  78.285888     2.8620      6.845   201.4419 1.2361e-01     2.6239      8.494     12.319    10.8940   999.6988 0.0000e+00
      8.677      0.047     0.0973      0.880    109.058  78.281647     2.7967      6.845   200.0341 1.2361e-01     2.5059      8.513     12.347    10.9028   999.6980 0.0000e+00
      8.687      0.045     0.0943      0.853    109.035  78.257583     2.6801      6.845   199.0461 1.2361e-01     2.3396      8.522     12.361    10.8978   999.6986 0.0000e+00
      8.691      0.044     0.0944      0.853    109.038  78.249348     2.6226      6.845   197.5834 1.2364e-01     2.2514      8.523     12.361    10.8923   999.6992 0.0000e+00
      8.695      0.047     0.0959      0.868    109.139  78.309277     2.6218      6.845   195.6851 1.2366e-01     2.2591      8.525     12.362    10.8907   999.6993 0.0000e+00
      8.706      0.054     0.0952      0.861    109.293  78.409709     2.6698      6.844   194.3346 1.2362e-01     2.2356      8.536     12.380    10.8872   999.6998 0.0000e+00
      8.724      0.067     0.0924      0.835    109.528  78.573158     2.7788      6.844   192.7832 1.2358e-01     2.1312      8.555     12.409    10.8841   999.7001 0.0000e+00
      8.744      0.081     0.0901      0.815    109.888  78.822561     2.8465      6.844   190.6947 1.2361e-01     2.0458      8.574     12.435    10.8796   999.7006 0.0000e+00
      8.766      0.091     0.0890      0.804    110.259  79.071723     2.8564      6.844   189.5595 1.2367e-01     2.0226      8.594     12.464    10.8729   999.7014 0.0000e+00
      8.793      0.094     0.0890      0.804    110.512  79.232229     2.8721      6.843   189.1242 1.2368e-01     1.9166      8.621     12.504    10.8676   999.7022 0.0000e+00
      8.823      0.091     0.0901      0.814    110.630  79.300209     2.8881      6.843   188.0122 1.2365e-01     1.6815      8.653     12.550    10.8667   999.7025 0.0000e+00
      8.851      0.084     0.0897      0.810    110.670  79.321158     2.8860      6.842   186.4391 1.2366e-01     1.5391      8.683     12.594    10.8641   999.7030 0.0000e+00
      8.872      0.075     0.0882      0.797    110.717  79.358290     2.8729      6.842   185.2473 1.2371e-01     1.5061      8.704     12.623    10.8550   999.7042 0.0000e+00
      8.886      0.065     0.0877      0.792    110.895  79.494741     2.8765      6.842   184.1849 1.2373e-01     1.3809      8.716     12.641    10.8447   999.7054 0.0000e+00
      8.896      0.058     0.0882      0.797    111.083  79.635169     2.9039      6.843   182.8859 1.2371e-01     1.1720      8.724     12.653    10.8362   999.7063 0.0000e+00
      8.908      0.057     0.0892      0.807    111.204  79.720393     2.9184      6.843   181.7593 1.2371e-01     1.0778      8.734     12.669    10.8321   999.7068 0.0000e+00
      8.921      0.062     0.0898      0.812    111.449  79.889066     2.9205      6.842   181.2319 1.2369e-01     1.0943      8.748     12.688    10.8350   999.7065 0.0000e+00
      8.935      0.067     0.0890      0.804    111.733  80.084289     2.9811      6.842   180.8971 1.2367e-01     1.1093      8.760     12.705    10.8398   999.7062 0.0000e+00
      8.954      0.072     0.0886      0.800    112.050  80.299688     3.0883      6.842   180.0338 1.2367e-01     1.1280      8.778     12.731    10.8441   999.7059 0.0000e+00
      8.978      0.073     0.0896      0.809    112.555  80.648664     3.1506      6.842   179.3982 1.2367e-01     1.1232      8.807     12.772    10.8426   999.7061 0.0000e+00
      9.001      0.070     0.0908      0.820    113.054  80.995821     3.1625      6.842   179.3211 1.2370e-01     1.0843      8.830     12.807    10.8379   999.7069 0.0000e+00
      9.019      0.063     0.0911      0.823    113.421  81.252806     3.0929      6.841   178.4991 1.2372e-01     1.0174      8.847     12.831    10.8357   999.7073 0.0000e+00
      9.034      0.054     0.0900      0.813    113.901  81.592933     2.9509      6.840   177.3760 1.2369e-01     0.9370      8.860     12.850    10.8300   999.7080 0.0000e+00
      9.046      0.046     0.0893      0.807    115.082  82.436388     2.8674      6.840   176.9264 1.2369e-01     0.8995      8.872     12.867    10.8230   999.7090 0.0000e+00
      9.055      0.042     0.0900      0.813    117.367  84.071095     2.8547      6.839   176.2468 1.2374e-01     0.8920      8.882     12.881    10.8188   999.7096 0.0000e+00
      9.061      0.045     0.0909      0.821    120.096  86.024928     2.8493      6.838   175.0952 1.2375e-01     0.8792      8.887     12.888    10.8158   999.7100 0.0000e+00
      9.066      0.050     0.0899      0.813    122.745  87.926307     2.8281      6.837   174.2732 1.2370e-01     0.9737      8.889     12.892    10.8146   999.7103 0.0000e+00
      9.078      0.057     0.0873      0.789    125.638  90.006723     2.7986      6.836   173.7076 1.2365e-01     1.1830      8.899     12.908    10.8144   999.7107 0.0000e+00
      9.098      0.065     0.0848      0.766    128.971  92.405209     2.7867      6.834   172.7301 1.2367e-01     1.3122      8.922     12.939    10.8128   999.7119 0.0000e+00
      9.120      0.073     0.0836      0.755    132.176  94.713257     2.7886      6.832   171.5756 1.2368e-01     1.3558      8.946     12.974    10.8114   999.7133 0.0000e+00
      9.140      0.078     0.0838      0.757    134.248  96.207247     2.7958      6.830   170.9336 1.2367e-01     1.4483      8.965     13.002    10.8131   999.7140 0.0000e+00
      9.160      0.079     0.0838      0.757    135.764  97.291717     2.8047      6.827   170.3021 1.2370e-01     1.5779      8.982     13.027    10.8171   999.7147 0.0000e+00
      9.181      0.074     0.0844      0.762    138.224  99.039725     2.8084      6.823   169.1876 1.2371e-01     1.6121      9.002     13.057    10.8212   999.7156 0.0000e+00
      9.201      0.068     0.0865      0.782    141.754 101.552059     2.8149      6.821   167.7839 1.2367e-01     1.5670      9.025     13.089    10.8261   999.7166 0.0000e+00
      9.220      0.062     0.0875      0.791    147.113 105.381722     2.8318      6.817   166.2358 1.2365e-01     1.4588      9.044     13.117    10.8310   999.7170 0.0000e+00
      9.235      0.058     0.0870      0.786    153.552 109.996049     2.8473      6.813   165.0965 1.2366e-01     1.2538      9.057     13.136    10.8306   999.7172 0.0000e+00
      9.245      0.057     0.0864      0.781    157.294 112.691105     2.8467      6.809   164.3330 1.2363e-01     1.1198      9.067     13.151    10.8234   999.7191 0.0000e+00
      9.253      0.058     0.0874      0.789    158.136 113.314281     2.8499      6.807   163.4575 1.2358e-01     1.1174      9.073     13.159    10.8161   999.7210 0.0000e+00
      9.266      0.059     0.0885      0.799    158.222 113.389403     2.8944      6.804   162.6850 1.2362e-01     1.1920      9.083     13.174    10.8125   999.7230 0.0000e+00
      9.286      0.060     0.0861      0.778    158.066 113.280831     2.9604      6.799   161.9613 1.2370e-01     1.3011      9.106     13.208    10.8127   999.7266 0.0000e+00
      9.308      0.061     0.0828      0.748    157.798 113.084731     2.9886      6.793   161.3331 1.2370e-01     1.3546      9.130     13.242    10.8187   999.7273 0.0000e+00
      9.326      0.061     0.0818      0.739    157.414 112.802408     2.9838      6.785   161.0253 1.2368e-01     1.3469      9.148     13.268    10.8268   999.7263 0.0000e+00
      9.338      0.060     0.0814      0.735    156.975 112.479585     2.9804      6.777   160.3907 1.2368e-01     1.2740      9.158     13.283    10.8312   999.7261 0.0000e+00
      9.348      0.060     0.0819      0.740    156.827 112.367199     2.9824      6.769   159.6836 1.2369e-01     1.1610      9.166     13.295    10.8315   999.7259 0.0000e+00
      9.361      0.060     0.0846      0.765    156.968 112.462962     2.9834      6.760   159.3587 1.2372e-01     1.0958      9.179     13.314    10.8300   999.7261 0.0000e+00
      9.378      0.063     0.0853      0.771    156.929 112.426894     2.9743      6.752   159.0440 1.2372e-01     1.0752      9.196     13.338    10.8274   999.7263 0.0000e+00
      9.396      0.065     0.0844      0.763    156.694 112.249658     2.9244      6.746   158.6314 1.2368e-01     1.1413      9.215     13.365    10.8240   999.7265 0.0000e+00
      9.415      0.066     0.0852      0.769    156.413 112.040263     2.8397      6.742   157.2090 1.2369e-01     1.2718      9.232     13.390    10.8223   999.7267 0.0000e+00
      9.434      0.064     0.0859      0.776    156.094 111.806483     2.7912      6.738   155.0099 1.2371e-01     1.3420      9.251     13.419    10.8218   999.7270 0.0000e+00
      9.451      0.061     0.0862      0.778    155.972 111.716652     2.7877      6.733   153.6383 1.2370e-01     1.3676      9.270     13.445    10.8183   999.7273 0.0000e+00
      9.465      0.056     0.0858      0.775    156.070 111.782384     2.7982      6.729   152.6713 1.2370e-01     1.2870      9.283     13.462    10.8153   999.7276 0.0000e+00
      9.477      0.050     0.0835      0.754    156.343 111.964130     2.8141      6.727   151.4056 1.2371e-01     1.1219      9.292     13.477    10.8131   999.7278 0.0000e+00
      9.489      0.044     0.0821      0.742    156.868 112.321305     2.8238      6.727   149.6911 1.2367e-01     1.0747      9.306     13.497    10.8103   999.7280 0.0000e+00
      9.502      0.037     0.0827      0.747    157.529 112.787873     2.8117      6.727   147.6012 1.2364e-01     1.1095      9.319     13.516    10.8106   999.7280 0.0000e+00
      9.512      0.031     0.0822      0.742    158.282 113.336529     2.8065      6.727   145.9257 1.2369e-01     1.1166      9.330     13.532    10.8105   999.7281 0.0000e+00
      9.519      0.025     0.0807      0.729    159.606 114.303839     2.8391      6.728   144.4041 1.2371e-01     1.0948      9.336     13.540    10.8053   999.7287 0.0000e+00
      9.522      0.020     0.0807      0.729    161.686 115.817763     2.8669      6.728   142.8834 1.2364e-01     1.0759      9.337     13.543    10.7968   999.7299 0.0000e+00
      9.524      0.016     0.0810      0.732    163.364 117.048878     2.8655      6.727   141.7360 1.2359e-01     1.0853      9.340     13.546    10.7940   999.7304 0.0000e+00
      9.527      0.016     0.0808      0.730    168.523 120.777631     2.8657      6.727   140.7700 1.2362e-01     1.1095      9.342     13.549    10.7986   999.7302 0.0000e+00
      9.530      0.017     0.0815      0.736    185.565 133.043586     2.9476      6.727   140.1508 1.2368e-01     1.2035      9.346     13.555    10.8051   999.7297 0.0000e+00
      9.535      0.020     0.0824      0.745    210.100 150.750659     3.0927      6.727   140.0141 1.2374e-01     1.3377      9.350     13.561    10.8120   999.7304 0.0000e+00
      9.541      0.022     0.0826      0.747    226.277 162.533808     3.1639      6.727   139.6326 1.2370e-01     1.3878      9.355     13.568    10.8223   999.7298 0.0000e+00
      9.547      0.022     0.0826      0.747    230.310 165.525963     3.1662      6.727   139.2381 1.2358e-01     1.3838      9.363     13.579    10.8307   999.7288 0.0000e+00
      9.555 -9.990e-29 -9.990e-29 -9.990e-29 -9.990e-29 -9.990e-29 -9.990e-29 -9.990e-29 -9.990e-29 1.2359e-01 -9.990e-29      9.370     13.590    10.8392   999.7347 0.0000e+00
      9.561 -9.990e-29 -9.990e-29 -9.990e-29 -9.990e-29 -9.990e-29 -9.990e-29 -9.990e-29 -9.990e-29 1.2365e-01 -9.990e-29      9.377     13.600    10.8616   999.7450 0.0000e+00
      9.565 -9.990e-29 -9.990e-29 -9.990e-29 -9.990e-29 -9.990e-29 -9.990e-29 -9.990e-29 -9.990e-29 1.2364e-01 -9.990e-29      9.381     13.606    10.9166   999.7457 0.0000e+00
      9.566 -9.990e-29 -9.990e-29 -9.990e-29 -9.990e-29 -9.990e-29 -9.990e-29 -9.990e-29 -9.990e-29 1.2363e-01 -9.990e-29      9.382     13.608    10.9561   999.7413 0.0000e+00
