Data/DataAlreadyUploadedToEDI/CollatedDataForEDI/CTDData/CTD_2019 (not collated)/080519_fcr50_b.cnv
* Sea-Bird SBE19plus  Data File:
* FileName = C:\DATA\080519_fcr50_0006.hex
* Software version 2.8.0.119 SB_Terminal.dll
* Temperature SN = 7809
* Conductivity SN = 7809
* System UpLoad Time = Aug 05 2019 18:00:10
* <ApplicationData>
* <Seaterm232>
# nquan = 16
# nvalues = 724                         
# units = specified
# name 0 = depFM: Depth [fresh water, m]
# name 1 = dz/dtM: Descent Rate [m/s]
# name 2 = sbeox0Mg/L: Oxygen, SBE 43 [mg/l]
# name 3 = sbeox0PS: Oxygen, SBE 43 [% saturation]
# name 4 = specc: Specific Conductance [uS/cm]
# name 5 = c0uS/cm: Conductivity [uS/cm]
# name 6 = flECO-AFL: Fluorescence, WET Labs ECO-AFL/FL [mg/m^3]
# name 7 = ph: pH
# name 8 = orp: Oxidation Reduction Potential [mV]
# name 9 = par/sat/log: PAR/Logarithmic, Satlantic
# name 10 = turbWETntu0: Turbidity, WET Labs ECO [NTU]
# name 11 = prdM: Pressure, Strain Gauge [db]
# name 12 = prdE: Pressure, Strain Gauge [psi]
# name 13 = tv290C: Temperature [ITS-90, deg C]
# name 14 = density00: Density [density, kg/m^3]
# name 15 = flag:  0.000e+00
# span 0 =     -0.599,      9.543       
# span 1 = -1.863e-07,      0.253       
# span 2 =     0.0656,     9.9909       
# span 3 =      0.595,    123.515       
# span 4 =      0.584,     92.735       
# span 5 =   0.658665,  66.692236       
# span 6 =    -0.7055,     6.8095       
# span 7 =     -2.137,      9.363       
# span 8 = -1240.7455,   305.2337       
# span 9 = 1.2328e-01, 6.5099e+02       
# span 10 =    -0.6378,    17.2732      
# span 11 =     -0.588,      9.359      
# span 12 =     -0.853,     13.575      
# span 13 =    10.9549,    31.3952      
# span 14 =   995.2271,   999.6911      
# span 15 = 0.0000e+00, 0.0000e+00      
# interval = seconds: 0.25
# start_time = Aug 05 2019 15:27:19 [Instrument's time stamp, header]
# bad_flag = -9.990e-29
*END*
     -0.598 -1.540e-09     6.9609     94.301      0.706   0.796372    -0.0937     -2.137 -1240.7455 5.2090e+02    -0.5485     -0.586     -0.851    31.3952   995.2271 0.0000e+00
     -0.599 -1.694e-08     6.9607     94.298      0.707   0.797163    -0.1077     -2.137 -1240.7455 5.0954e+02    -0.5504     -0.587     -0.852    31.3916   995.2283 0.0000e+00
     -0.599 -1.863e-07     6.9620     94.314      0.704   0.794421    -0.1257     -2.137 -1240.7455 5.1726e+02    -0.5292     -0.588     -0.853    31.3852   995.2302 0.0000e+00
     -0.599 -1.863e-07     6.9626     94.322      0.677   0.763221    -0.1200     -2.137 -1240.7455 5.4554e+02    -0.5215     -0.587     -0.852    31.3823   995.2311 0.0000e+00
     -0.598 -1.693e-08     6.9623     94.318      0.653   0.736707    -0.1165     -2.137 -1240.7455 5.4336e+02    -0.5565     -0.586     -0.851    31.3821   995.2312 0.0000e+00
     -0.598 -1.539e-09     6.9613     94.307      0.701   0.790641    -0.1270     -2.137 -1240.7455 5.0498e+02    -0.5905     -0.586     -0.850    31.3809   995.2316 0.0000e+00
     -0.598 -1.399e-10     6.9609     94.302      0.749   0.845107    -0.1252     -2.137 -1240.7455 4.7727e+02    -0.6056     -0.586     -0.850    31.3803   995.2318 0.0000e+00
     -0.598 -1.268e-11     6.9624     94.321      0.731   0.825028    -0.1126     -2.137 -1240.7455 4.6617e+02    -0.6076     -0.587     -0.851    31.3809   995.2316 0.0000e+00
     -0.599 -6.435e-13     6.9645     94.347      0.710   0.801295    -0.1137     -2.137 -1240.7455 4.6293e+02    -0.5827     -0.587     -0.851    31.3814   995.2315 0.0000e+00
     -0.599 5.5382e-12     6.9658     94.360      0.720   0.811586    -0.1202     -2.137 -1240.7455 4.7556e+02    -0.5338     -0.587     -0.851    31.3818   995.2313 0.0000e+00
     -0.599 6.2067e-11     6.9664     94.363      0.730   0.822745    -0.1142     -2.137 -1240.7455 5.1045e+02    -0.5078     -0.587     -0.851    31.3828   995.2310 0.0000e+00
     -0.599 6.8285e-10     6.9671     94.372      0.718   0.809503    -0.1098     -2.137 -1240.7454 5.5814e+02    -0.5301     -0.587     -0.851    31.3826   995.2310 0.0000e+00
     -0.598 7.5113e-09     6.9673     94.376      0.690   0.778192    -0.1192     -2.137 -1240.7442 5.7621e+02    -0.5746     -0.586     -0.850    31.3805   995.2317 0.0000e+00
     -0.598 8.2624e-08     6.9668     94.368      0.619   0.697595    -0.1241     -2.137 -1240.7311 5.4582e+02    -0.6187     -0.586     -0.850    31.3769   995.2329 0.0000e+00
     -0.598 9.0887e-07     6.9668     94.363      0.584   0.658665    -0.1161     -2.137 -1240.5873 5.0644e+02    -0.6378     -0.587     -0.851    31.3747   995.2335 0.0000e+00
     -0.598      0.000     6.9665     94.355      0.666   0.750994    -0.1099     -2.136 -1239.0050 4.6495e+02    -0.6083     -0.587     -0.851    31.3731   995.2340 0.0000e+00
     -0.598      0.000     6.9654     94.340      0.766   0.863574    -0.1100     -2.129 -1221.5995 3.7914e+02    -0.5573     -0.586     -0.849    31.3755   995.2333 0.0000e+00
     -0.598      0.001     6.9656     94.338      1.175   1.322926    -0.1095     -2.046 -1030.1394 2.7974e+02    -0.5460     -0.586     -0.850    31.3736   995.2339 0.0000e+00
     -0.598      0.008     6.9724     94.352      5.614   6.304979    -0.1123     -1.136  -503.4141 2.4076e+02    -0.5704     -0.586     -0.850    31.3719   995.2345 0.0000e+00
     -0.598      0.029     7.0050     94.384     16.796  18.758288    -0.2646      1.278    45.6383 2.5441e+02    -0.5890     -0.587     -0.852    31.3643   995.2368 0.0000e+00
     -0.598      0.065     7.0761     94.468     28.310  31.364557    -0.5553      4.194   251.5153 2.8793e+02    -0.5745     -0.585     -0.848    31.3734   995.2340 0.0000e+00
     -0.594      0.111     7.1594     94.578     33.836  37.140777    -0.7055      6.382   259.5357 3.3287e+02    -0.5592     -0.587     -0.851    31.3623   995.2373 0.0000e+00
     -0.571      0.159     7.2299     94.678     35.122  38.217779    -0.7022      7.736   258.6784 3.7555e+02    -0.5356     -0.576     -0.836    31.3839   995.2309 0.0000e+00
     -0.511      0.203     7.2938     94.833     35.398  38.229273    -0.6281      8.509   257.2396 4.0828e+02    -0.1252     -0.509     -0.739    31.2148   995.2873 0.0000e+00
     -0.429      0.236     7.3617     95.133     35.630  38.231437     0.1479      8.930   256.1631 4.3376e+02     4.4031     -0.418     -0.605    30.5368   995.5012 0.0000e+00
     -0.349      0.253     7.4338     95.581     35.833  38.243543     1.5793      9.160   254.6116 4.5597e+02    12.6928     -0.339     -0.489    29.8469   995.7125 0.0000e+00
     -0.279      0.246     7.5056     96.123     35.988  38.248367     2.3649      9.280   251.9884 4.7519e+02    17.1914     -0.271     -0.393    29.3836   995.8508 0.0000e+00
     -0.217      0.218     7.5733     96.701     36.142  38.289509     2.4335      9.339   250.0860 4.8871e+02    17.2732     -0.210     -0.305    28.9732   995.9723 0.0000e+00
     -0.162      0.179     7.6297     97.231     36.284  38.359931     2.3654      9.362   249.5923 4.9957e+02    13.6159     -0.156     -0.227    28.6251   996.0738 0.0000e+00
     -0.118      0.140     7.6689     97.644     36.358  38.401459     2.2258      9.363   248.8573 5.1026e+02     6.8576     -0.109     -0.159    28.3339   996.1581 0.0000e+00
     -0.090      0.105     7.6934     97.932     36.377  38.410700     2.1415      9.356   247.9968 5.1712e+02     3.1690     -0.082     -0.120    28.1174   996.2202 0.0000e+00
     -0.077      0.075     7.7058     98.090     36.375  38.408181     2.1271      9.345   247.7920 5.2277e+02     2.8381     -0.074     -0.108    27.9459   996.2690 0.0000e+00
     -0.068      0.051     7.7068     98.105     36.338  38.371004     2.1378      9.333   247.7584 5.2901e+02     2.8570     -0.066     -0.095    27.8270   996.3028 0.0000e+00
     -0.059      0.035     7.6992     97.996     36.256  38.278589     2.1496      9.322   247.5040 5.3452e+02     2.9063     -0.058     -0.084    27.7928   996.3125 0.0000e+00
     -0.051      0.026     7.6843     97.781     36.172  38.179462     2.1482      9.312   247.1248 5.3945e+02     2.8765     -0.050     -0.071    27.7864   996.3143 0.0000e+00
     -0.046      0.021     7.6369     97.152     36.130  38.124601     2.1382      9.301   246.2708 5.4190e+02     2.8244     -0.045     -0.065    27.7851   996.3147 0.0000e+00
     -0.043      0.016     7.5330     95.810     36.137  38.123058     2.1592      9.290   244.7506 5.4311e+02     2.8988     -0.044     -0.063    27.7967   996.3113 0.0000e+00
     -0.038      0.012     7.4380     94.589     36.178  38.160794     2.2201      9.277   242.9401 5.4317e+02     3.0233     -0.037     -0.053    27.7861   996.3144 0.0000e+00
     -0.035      0.008     7.4438     94.654     36.218  38.200002     2.2590      9.262   241.2445 5.4054e+02     3.0509     -0.034     -0.049    27.7683   996.3194 0.0000e+00
     -0.035      0.005     7.5375     95.840     36.236  38.216254     2.2653      9.249   239.8224 5.3774e+02     3.0358     -0.035     -0.050    27.7545   996.3233 0.0000e+00
     -0.035      0.003     7.6354     97.087     36.248  38.230342     2.2706      9.238   238.4793 5.3574e+02     3.0373     -0.034     -0.049    27.7400   996.3274 0.0000e+00
     -0.035      0.001     7.6811     97.682     36.255  38.243387     2.2791      9.228   237.2225 5.3392e+02     3.0370     -0.034     -0.050    27.7332   996.3293 0.0000e+00
     -0.035      0.000     7.6759     97.642     36.248  38.247031     2.2728      9.217   236.1557 5.3249e+02     3.0322     -0.034     -0.049    27.7303   996.3301 0.0000e+00
     -0.035 2.2370e-08     7.6533     97.387     36.261  38.274414     2.2646      9.205   235.1305 5.3096e+02     3.0443     -0.034     -0.049    27.7245   996.3318 0.0000e+00
     -0.035 2.4607e-07     7.6286     97.100     36.293  38.320586     2.2752      9.194   234.0332 5.2874e+02     3.0520     -0.034     -0.049    27.7244   996.3318 0.0000e+00
     -0.035 2.4607e-07     7.5846     96.560     36.324  38.360975     2.3230      9.186   233.1271 5.2631e+02     2.9942     -0.035     -0.050    27.7335   996.3292 0.0000e+00
     -0.035 2.2370e-08     7.5057     95.565     36.340  38.381906     2.3998      9.177   232.6068 5.2447e+02     2.9021     -0.034     -0.049    27.7492   996.3248 0.0000e+00
     -0.035 2.0336e-09     7.4004     94.231     36.338  38.383242     2.4407      9.167   232.2159 5.2332e+02     2.8561     -0.034     -0.050    27.7703   996.3189 0.0000e+00
     -0.034 1.8488e-10     7.2869     92.802     36.326  38.377130     2.4527      9.157   231.8430 5.2264e+02     2.8320     -0.034     -0.049    27.7880   996.3139 0.0000e+00
     -0.034 1.6807e-11     7.1749     91.407     36.308  38.371486     2.5018      9.148   231.7121 5.2206e+02     2.8070     -0.034     -0.049    27.7991   996.3107 0.0000e+00
     -0.035 1.5279e-12     7.0609     89.992     36.298  38.378505     2.5843      9.142   231.5795 5.2145e+02     2.8155     -0.034     -0.049    27.8036   996.3095 0.0000e+00
     -0.035 1.3890e-13     6.9395     88.478     36.302  38.398547     2.6433      9.136   230.9281 5.2110e+02     2.8374     -0.034     -0.049    27.8053   996.3090 0.0000e+00
     -0.035 1.2627e-14     6.8232     87.019     36.315  38.423406     2.6520      9.129   230.0315 5.2094e+02     2.8422     -0.034     -0.049    27.8128   996.3069 0.0000e+00
     -0.035 1.1480e-15     6.7395     85.967     36.310  38.425183     2.6280      9.123   229.3421 5.2075e+02     2.8409     -0.034     -0.049    27.8338   996.3010 0.0000e+00
     -0.035 1.0436e-16     6.7106     85.610     36.300  38.420046     2.6137      9.117   228.9588 5.2089e+02     2.8210     -0.034     -0.049    27.8612   996.2932 0.0000e+00
     -0.035 9.4870e-18     6.7402     85.997     36.300  38.424777     2.6263      9.112   228.7528 5.2159e+02     2.7988     -0.034     -0.049    27.8838   996.2868 0.0000e+00
     -0.035 8.6245e-19     6.8199     87.022     36.291  38.418916     2.6416      9.106   228.5724 5.2290e+02     2.8343     -0.034     -0.049    27.8981   996.2828 0.0000e+00
     -0.035 7.8405e-20     6.9371     88.521     36.284  38.412664     2.6252      9.100   228.4982 5.2441e+02     2.8568     -0.034     -0.050    27.9066   996.2803 0.0000e+00
     -0.035 7.1280e-21     7.0779     90.314     36.285  38.412663     2.5842      9.094   228.3724 5.2574e+02     2.8414     -0.034     -0.049    27.9141   996.2783 0.0000e+00
     -0.035 6.4800e-22     7.2256     92.190     36.295  38.418906     2.5628      9.089   228.0843 5.2690e+02     2.8453     -0.034     -0.049    27.9211   996.2762 0.0000e+00
     -0.035 5.8905e-23     7.3567     93.844     36.308  38.424662     2.5655      9.084   227.6816 5.2768e+02     2.8381     -0.034     -0.050    27.9269   996.2745 0.0000e+00
     -0.034 5.3550e-24     7.4521     95.031     36.314  38.418764     2.6002      9.079   227.0311 5.2828e+02     2.8204     -0.034     -0.049    27.9283   996.2742 0.0000e+00
     -0.034 4.8684e-25     7.5107     95.744     36.321  38.411052     2.6526      9.074   226.3276 5.2869e+02     2.7946     -0.033     -0.048    27.9265   996.2748 0.0000e+00
     -0.034 4.4258e-26     7.5465     96.172     36.317  38.394874     2.6786      9.070   225.5421 5.2815e+02     2.7889     -0.034     -0.049    27.9219   996.2760 0.0000e+00
     -0.034 4.0234e-27     7.5733     96.494     36.282  38.350088     2.6891      9.065   224.4174 5.2672e+02     2.8162     -0.033     -0.048    27.9109   996.2791 0.0000e+00
     -0.034 3.6577e-28     7.5959     96.778     36.250  38.313876     2.7101      9.058   223.6564 5.2641e+02     2.8298     -0.033     -0.048    27.8917   996.2846 0.0000e+00
     -0.034 3.3251e-29     7.6125     96.998     36.269  38.337902     2.7421      9.051   223.6529 5.2871e+02     2.8224     -0.034     -0.049    27.8694   996.2909 0.0000e+00
     -0.034 3.0229e-30     7.6181     97.091     36.307  38.386683     2.7555      9.046   223.7733 5.3181e+02     2.7926     -0.033     -0.049    27.8516   996.2959 0.0000e+00
     -0.034 2.7481e-31     7.6126     97.047     36.305  38.395881     2.7496      9.041   223.6496 5.3354e+02     2.7647     -0.033     -0.049    27.8399   996.2992 0.0000e+00
     -0.034 2.4982e-32     7.6001     96.913     36.285  38.385648     2.7489      9.036   223.2760 5.3427e+02     2.7795     -0.034     -0.050    27.8369   996.3001 0.0000e+00
     -0.034 2.2711e-33     7.5812     96.692     36.281  38.389929     2.7483      9.031   223.0425 5.3498e+02     2.8081     -0.033     -0.049    27.8430   996.2983 0.0000e+00
     -0.034 2.0647e-34     7.5507     96.320     36.269  38.384175     2.7510      9.027   223.2347 5.3611e+02     2.8161     -0.033     -0.048    27.8555   996.2949 0.0000e+00
     -0.034 1.8772e-35     7.5108     95.827     36.258  38.379563     2.7548      9.025   223.3630 5.3765e+02     2.8104     -0.033     -0.049    27.8729   996.2899 0.0000e+00
     -0.034 1.7298e-36     7.4762     95.401     36.269  38.397660     2.7506      9.022   223.1304 5.3946e+02     2.8045     -0.033     -0.049    27.8897   996.2851 0.0000e+00
     -0.034 4.1346e-37     7.4597     95.202     36.279  38.412570     2.7351      9.019   222.8314 5.4324e+02     2.8095     -0.033     -0.049    27.9007   996.2820 0.0000e+00
     -0.034 2.8559e-36     7.4626     95.247     36.294  38.432881     2.7142      9.014   222.5877 5.5201e+02     2.8059     -0.033     -0.048    27.9087   996.2798 0.0000e+00
     -0.034 3.1261e-35     7.4772     95.442     36.310  38.452818     2.7065      9.009   222.2482 5.6777e+02     2.7935     -0.033     -0.049    27.9180   996.2771 0.0000e+00
     -0.034 3.4385e-34     7.4906     95.622     36.316  38.463206     2.7027      9.006   221.8242 5.8975e+02     2.7909     -0.033     -0.048    27.9278   996.2743 0.0000e+00
     -0.034 3.7824e-33     7.4904     95.624     36.344  38.495003     2.7121      9.003   221.4193 6.1248e+02     2.8077     -0.033     -0.048    27.9353   996.2722 0.0000e+00
     -0.034 4.1606e-32     7.4704     95.372     36.366  38.519893     2.7421      9.000   220.9668 6.3026e+02     2.8322     -0.033     -0.049    27.9402   996.2709 0.0000e+00
     -0.034 4.5767e-31     7.4283     94.833     36.357  38.510237     2.7528      8.996   220.3104 6.4148e+02     2.8253     -0.033     -0.048    27.9447   996.2696 0.0000e+00
     -0.034 5.0343e-30     7.3622     93.987     36.353  38.505206     2.7463      8.991   219.4196 6.4717e+02     2.7902     -0.033     -0.048    27.9500   996.2681 0.0000e+00
     -0.034 5.5378e-29     7.2758     92.884     36.370  38.522548     2.7598      8.987   218.7138 6.4977e+02     2.7678     -0.033     -0.048    27.9544   996.2668 0.0000e+00
     -0.034 6.0915e-28     7.1771     91.624     36.377  38.529479     2.7936      8.983   218.5744 6.5073e+02     2.7833     -0.033     -0.048    27.9554   996.2666 0.0000e+00
     -0.034 6.7007e-27     7.0741     90.310     36.373  38.525536     2.8168      8.979   218.5942 6.5089e+02     2.8140     -0.033     -0.048    27.9544   996.2668 0.0000e+00
     -0.034 7.3708e-26     6.9719     89.007     36.384  38.538345     2.8149      8.975   218.6097 6.5099e+02     2.8111     -0.033     -0.048    27.9528   996.2673 0.0000e+00
     -0.034 8.1078e-25     6.8712     87.724     36.401  38.557398     2.7889      8.970   218.3308 6.5067e+02     2.7813     -0.033     -0.048    27.9517   996.2677 0.0000e+00
     -0.034 8.9186e-24     6.7741     86.488     36.406  38.565483     2.7534      8.965   217.6313 6.4993e+02     2.7812     -0.033     -0.048    27.9516   996.2676 0.0000e+00
     -0.034 9.8105e-23     6.6830     85.331     36.411  38.572617     2.7407      8.961   217.2930 6.4932e+02     2.8093     -0.033     -0.048    27.9522   996.2675 0.0000e+00
     -0.033 1.0792e-21     6.5984     84.256     36.416  38.580186     2.7486      8.959   217.1655 6.4895e+02     2.8271     -0.033     -0.048    27.9535   996.2671 0.0000e+00
