Data/DataAlreadyUploadedToEDI/CollatedDataForEDI/CTDData/CTD_2019 (not collated)/080519_fcr45.cnv
* Sea-Bird SBE19plus  Data File:
* FileName = C:\DATA\080519_fcr50_0004.hex
* Software version 2.8.0.119 SB_Terminal.dll
* Temperature SN = 7809
* Conductivity SN = 7809
* System UpLoad Time = Aug 05 2019 17:59:24
* <ApplicationData>
* <Seaterm232>
# nquan = 16
# nvalues = 588                         
# units = specified
# name 0 = depFM: Depth [fresh water, m]
# name 1 = dz/dtM: Descent Rate [m/s]
# name 2 = sbeox0Mg/L: Oxygen, SBE 43 [mg/l]
# name 3 = sbeox0PS: Oxygen, SBE 43 [% saturation]
# name 4 = specc: Specific Conductance [uS/cm]
# name 5 = c0uS/cm: Conductivity [uS/cm]
# name 6 = flECO-AFL: Fluorescence, WET Labs ECO-AFL/FL [mg/m^3]
# name 7 = ph: pH
# name 8 = orp: Oxidation Reduction Potential [mV]
# name 9 = par/sat/log: PAR/Logarithmic, Satlantic
# name 10 = turbWETntu0: Turbidity, WET Labs ECO [NTU]
# name 11 = prdM: Pressure, Strain Gauge [db]
# name 12 = prdE: Pressure, Strain Gauge [psi]
# name 13 = tv290C: Temperature [ITS-90, deg C]
# name 14 = density00: Density [density, kg/m^3]
# name 15 = flag:  0.000e+00
# span 0 =     -0.580,      7.319       
# span 1 =     -0.020,      0.147       
# span 2 =     0.0719,     9.1188       
# span 3 =      0.653,    112.253       
# span 4 =      1.574,     82.557       
# span 5 =   1.500447,  59.646862       
# span 6 =    -0.1946,     8.3874       
# span 7 =      6.709,      8.247       
# span 8 =   -67.5579,   567.9790       
# span 9 = 1.2349e-01, 7.9371e+02       
# span 10 =    -0.5934,    15.7244      
# span 11 =     -0.569,      7.179      
# span 12 =     -0.826,     10.412      
# span 13 =    11.0541,    26.6231      
# span 14 =   996.6388,   999.6614      
# span 15 = 0.0000e+00, 0.0000e+00      
# interval = seconds: 0.25
# start_time = Aug 05 2019 11:53:06 [Instrument's time stamp, header]
# bad_flag = -9.990e-29
*END*
[from data line 362]
      3.822      0.068     1.9684     20.002     40.935  33.677831     3.6350      7.725   258.6408 6.3716e+00     2.1772      3.749      5.437    16.4500   998.9055 0.0000e+00
      3.838      0.065     1.8778     19.047     41.182  33.809189     3.6394      7.723   259.0383 6.2703e+00     2.2412      3.765      5.461    16.3159   998.9280 0.0000e+00
      3.852      0.061     1.7766     17.987     41.472  33.975183     3.5984      7.720   259.8885 6.1878e+00     2.3740      3.778      5.480    16.2581   998.9376 0.0000e+00
      3.866      0.059     1.6637     16.814     41.708  34.098120     3.5196      7.715   260.6613 6.1037e+00     2.5371      3.791      5.498    16.2195   998.9441 0.0000e+00
      3.880      0.057     1.5437     15.576     41.853  34.153146     3.4754      7.711   260.8967 6.0113e+00     2.6076      3.805      5.517    16.1355   998.9580 0.0000e+00
      3.895      0.057     1.4211     14.321     41.964  34.196154     3.4634      7.707   261.1003 5.9336e+00     2.6040      3.820      5.540    16.0428   998.9734 0.0000e+00
      3.910      0.058     1.2980     13.069     42.056  34.237265     3.4689      7.703   261.5740 5.8550e+00     2.5910      3.835      5.562    15.9579   998.9873 0.0000e+00
      3.925      0.060     1.1796     11.868     42.132  34.269389     3.4998      7.699   261.9784 5.7652e+00     2.5496      3.849      5.582    15.8721   999.0013 0.0000e+00
      3.940      0.061     1.0648     10.703     42.252  34.330650     3.5244      7.694   262.2043 5.6810e+00     2.4966      3.864      5.604    15.7897   999.0146 0.0000e+00
      3.956      0.061     0.9533      9.571     42.405  34.406727     3.5243      7.689   262.4977 5.5985e+00     2.4749      3.879      5.626    15.7352   999.0234 0.0000e+00
      3.972      0.062     0.8554      8.575     42.582  34.491033     3.4194      7.685   262.7722 5.5149e+00     2.5158      3.895      5.649    15.6993   999.0292 0.0000e+00
      3.988      0.064     0.7754      7.760     43.178  34.905642     3.2275      7.681   262.9428 5.4393e+00     2.5983      3.912      5.673    15.6677   999.0343 0.0000e+00
      4.004      0.068     0.7080      7.072     44.788  36.119243     3.1289      7.678   263.2700 5.3577e+00     2.6206      3.927      5.696    15.6270   999.0409 0.0000e+00
      4.019      0.075     0.6494      6.465     46.746  37.549043     3.1204      7.673   263.7163 5.2543e+00     2.5890      3.942      5.717    15.5699   999.0500 0.0000e+00
      4.036      0.084     0.5981      5.924     47.640  38.038290     3.1846      7.667   264.1238 5.1382e+00     2.6420      3.957      5.740    15.4994   999.0612 0.0000e+00
      4.057      0.092     0.5535      5.452     47.539  37.718131     3.3251      7.660   264.4968 5.0006e+00     2.7692      3.976      5.768    15.4172   999.0742 0.0000e+00
      4.084      0.096     0.5136      5.040     47.523  37.549896     3.4058      7.650   264.8712 4.8188e+00     2.8497      4.004      5.807    15.3462   999.0860 0.0000e+00
      4.116      0.096     0.4723      4.629     47.970  37.844837     3.4147      7.640   265.2094 4.6051e+00     2.8607      4.037      5.856    15.2066   999.1085 0.0000e+00
      4.147      0.090     0.4227      4.140     48.425  38.173768     3.4158      7.631   265.4025 4.4211e+00     2.8366      4.068      5.901    14.9239   999.1516 0.0000e+00
      4.172      0.078     0.3649      3.570     48.637  38.289556     3.4367      7.623   265.5711 4.3068e+00     2.9194      4.093      5.938    14.6262   999.1956 0.0000e+00
      4.190      0.063     0.3087      3.016     48.715  38.292576     3.4851      7.616   265.7848 4.2434e+00     3.1413      4.111      5.963    14.4586   999.2200 0.0000e+00
      4.200      0.049     0.2613      2.550     48.743  38.273681     3.5155      7.608   265.9213 4.2022e+00     3.2911      4.121      5.977    14.4364   999.2236 0.0000e+00
      4.205      0.042     0.2227      2.172     48.756  38.251493     3.5261      7.602   266.1025 4.1678e+00     3.3211      4.126      5.982    14.4292   999.2248 0.0000e+00
      4.210      0.043     0.1919      1.869     48.539  38.024268     3.6485      7.597   266.5140 4.1358e+00     3.4051      4.128      5.986    14.3611   999.2346 0.0000e+00
      4.217      0.050     0.1669      1.622     48.084  37.557565     3.8770      7.593   267.0245 4.0906e+00     3.5859      4.133      5.996    14.2895   999.2449 0.0000e+00
      4.229      0.060     0.1493      1.446     47.947  37.305867     3.9998      7.590   267.2849 4.0019e+00     3.7376      4.145      6.012    14.2512   999.2503 0.0000e+00
      4.248      0.071     0.1418      1.369     48.126  37.329510     4.0149      7.586   267.1677 3.8725e+00     3.7970      4.164      6.039    14.2336   999.2530 0.0000e+00
      4.273      0.079     0.1430      1.379     48.131  37.272014     4.0506      7.582   267.0694 3.7436e+00     3.8776      4.190      6.077    14.1887   999.2594 0.0000e+00
      4.298      0.083     0.1460      1.407     47.900  37.054954     4.1019      7.579   267.1291 3.6313e+00     4.0575      4.216      6.115    14.0682   999.2762 0.0000e+00
      4.323      0.083     0.1470      1.416     47.538  36.736250     4.1241      7.578   267.0291 3.5372e+00     4.2019      4.240      6.150    13.8850   999.3016 0.0000e+00
      4.343      0.079     0.1478      1.421     47.338  36.528835     4.1103      7.577   266.8069 3.4718e+00     4.2474      4.260      6.179    13.7526   999.3200 0.0000e+00
      4.360      0.074     0.1499      1.439     47.314  36.451308     3.8751      7.574   266.6792 3.4023e+00     4.2464      4.276      6.201    13.7113   999.3256 0.0000e+00
      4.376      0.070     0.1526      1.464     47.017  36.179658     3.4301      7.572   266.6032 3.3072e+00     4.2229      4.291      6.224    13.6762   999.3304 0.0000e+00
      4.393      0.068     0.1544      1.480     46.545  35.783203     3.1857      7.570   266.4048 3.2236e+00     4.1933      4.309      6.250    13.6421   999.3349 0.0000e+00
      4.410      0.068     0.1549      1.483     46.265  35.529597     3.1745      7.570   266.1730 3.1501e+00     4.1841      4.325      6.273    13.5859   999.3424 0.0000e+00
      4.426      0.071     0.1545      1.478     45.816  35.144399     3.2510      7.570   266.1243 3.0581e+00     4.2086      4.340      6.294    13.5055   999.3533 0.0000e+00
      4.444      0.076     0.1544      1.474     45.278  34.680059     3.3919      7.571   266.1588 2.9537e+00     4.2275      4.358      6.320    13.4679   999.3582 0.0000e+00
      4.463      0.082     0.1540      1.468     45.120  34.485033     3.4738      7.571   266.1599 2.8400e+00     4.2161      4.376      6.347    13.4424   999.3614 0.0000e+00
      4.484      0.090     0.1535      1.461     44.908  34.246063     3.4783      7.572   266.1382 2.7054e+00     4.2031      4.396      6.376    13.3921   999.3682 0.0000e+00
      4.508      0.098     0.1551      1.473     44.610  33.948497     3.4630      7.572   266.1546 2.5632e+00     4.2010      4.420      6.411    13.3518   999.3734 0.0000e+00
      4.535      0.104     0.1611      1.529     44.599  33.870060     3.3758      7.573   266.1861 2.4385e+00     4.3540      4.447      6.450    13.3095   999.3787 0.0000e+00
      4.564      0.108     0.1731      1.639     44.674  33.868810     3.2210      7.573   266.0895 2.3291e+00     4.6771      4.474      6.489    13.2108   999.3918 0.0000e+00
      4.594      0.108     0.1891      1.789     44.640  33.806383     3.1260      7.572   266.1044 2.2255e+00     4.8627      4.504      6.533    13.1179   999.4038 0.0000e+00
      4.624      0.105     0.2099      1.985     44.514  33.686411     3.0859      7.570   266.3669 2.1236e+00     4.8946      4.536      6.578    13.0523   999.4120 0.0000e+00
      4.651      0.098     0.2371      2.241     44.380  33.560596     2.9093      7.568   266.5957 2.0404e+00     5.0622      4.563      6.618    12.9639   999.4234 0.0000e+00
      4.676      0.088     0.2674      2.526     44.330  33.490979     2.6126      7.567   266.7206 1.9855e+00     5.3807      4.587      6.653    12.8925   999.4326 0.0000e+00
      4.697      0.078     0.2958      2.791     44.361  33.479290     2.4542      7.566   266.8440 1.9356e+00     5.5667      4.607      6.682    12.8575   999.4371 0.0000e+00
      4.715      0.070     0.3181      2.999     44.322  33.419223     2.4242      7.564   267.0559 1.8918e+00     5.6074      4.625      6.708    12.8352   999.4398 0.0000e+00
      4.730      0.065     0.3348      3.154     44.169  33.272388     2.2770      7.562   267.3031 1.8563e+00     5.8405      4.639      6.729    12.8120   999.4427 0.0000e+00
      4.741      0.065     0.3476      3.271     44.079  33.163571     2.0188      7.560   267.5957 1.8167e+00     6.2550      4.649      6.743    12.7741   999.4475 0.0000e+00
      4.754      0.069     0.3550      3.337     44.072  33.118905     1.8855      7.559   268.0131 1.7727e+00     6.4565      4.660      6.760    12.7286   999.4532 0.0000e+00
      4.772      0.075     0.3603      3.384     44.015  33.049607     1.8783      7.558   268.3917 1.7259e+00     6.4740      4.679      6.786    12.6977   999.4571 0.0000e+00
      4.794      0.080     0.3684      3.459     43.925  32.960305     1.8805      7.556   268.7318 1.6753e+00     6.6306      4.701      6.817    12.6690   999.4606 0.0000e+00
      4.818      0.085     0.3829      3.593     43.917  32.927630     1.8864      7.555   269.1137 1.6241e+00     6.8754      4.725      6.853    12.6143   999.4673 0.0000e+00
      4.843      0.087     0.4084      3.830     43.926  32.908355     1.8886      7.554   269.3955 1.5775e+00     6.9755      4.750      6.889    12.5611   999.4739 0.0000e+00
      4.867      0.085     0.4451      4.172     43.882  32.854149     1.8892      7.552   269.5578 1.5362e+00     6.9566      4.773      6.923    12.5386   999.4767 0.0000e+00
      4.888      0.082     0.4896      4.586     43.808  32.779912     1.9029      7.549   269.7855 1.4931e+00     6.8765      4.795      6.955    12.5206   999.4790 0.0000e+00
      4.908      0.078     0.5399      5.055     43.734  32.708832     1.9330      7.549   270.0834 1.4487e+00     6.7608      4.813      6.981    12.4837   999.4836 0.0000e+00
      4.926      0.074     0.5945      5.565     43.730  32.692796     1.9499      7.549   270.2336 1.4131e+00     6.7047      4.830      7.005    12.4523   999.4875 0.0000e+00
      4.944      0.073     0.6513      6.095     43.687  32.649467     1.9418      7.548   270.3114 1.3784e+00     6.6896      4.848      7.031    12.4329   999.4898 0.0000e+00
      4.961      0.073     0.7110      6.650     43.592  32.565715     1.9389      7.546   270.5939 1.3439e+00     6.7090      4.865      7.057    12.4087   999.4927 0.0000e+00
      4.979      0.074     0.7724      7.220     43.632  32.568612     1.9319      7.544   270.9829 1.3135e+00     6.9060      4.883      7.082    12.3910   999.4948 0.0000e+00
      4.997      0.076     0.8322      7.770     43.755  32.621002     1.9096      7.543   271.2293 1.2811e+00     7.2369      4.900      7.107    12.3785   999.4964 0.0000e+00
      5.017      0.077     0.8881      8.287     43.892  32.691416     1.8955      7.542   271.3355 1.2449e+00     7.4000      4.919      7.135    12.3633   999.4984 0.0000e+00
      5.038      0.078     0.9395      8.762     44.128  32.848783     1.8826      7.539   271.4924 1.2067e+00     7.4035      4.941      7.167    12.3559   999.4993 0.0000e+00
      5.059      0.078     0.9891      9.220     44.358  33.000580     1.8581      7.536   271.7500 1.1695e+00     7.5082      4.963      7.198    12.3281   999.5026 0.0000e+00
      5.079      0.078     1.0396      9.684     44.483  33.067110     1.8322      7.532   271.8686 1.1258e+00     7.7149      4.982      7.225    12.2681   999.5099 0.0000e+00
      5.098      0.077     1.0880     10.128     44.625  33.145453     1.8213      7.527   271.8941 1.0806e+00     7.8390      4.999      7.251    12.2309   999.5143 0.0000e+00
      5.118      0.074     1.1260     10.476     44.794  33.249692     1.8218      7.524   272.0581 1.0473e+00     7.8943      5.019      7.280    12.2190   999.5159 0.0000e+00
      5.138      0.072     1.1454     10.652     44.901  33.312007     1.8379      7.522   272.3034 1.0204e+00     8.0233      5.040      7.309    12.1991   999.5185 0.0000e+00
      5.157      0.071     1.1434     10.627     44.952  33.327696     1.8694      7.519   272.6219 9.9289e-01     8.2183      5.058      7.337    12.1648   999.5226 0.0000e+00
      5.173      0.070     1.1215     10.416     44.972  33.312431     1.8810      7.516   273.0699 9.6545e-01     8.3509      5.072      7.358    12.1315   999.5265 0.0000e+00
      5.189      0.069     1.0794     10.019     44.930  33.254341     1.8740      7.513   273.4192 9.3260e-01     8.3819      5.087      7.378    12.1094   999.5292 0.0000e+00
      5.207      0.068     1.0176      9.440     44.884  33.196480     1.7853      7.510   273.4890 8.9234e-01     8.3958      5.108      7.408    12.0942   999.5312 0.0000e+00
      5.225      0.067     0.9413      8.726     44.899  33.183990     1.6141      7.508   273.4836 8.5414e-01     8.4548      5.126      7.433    12.0727   999.5337 0.0000e+00
      5.243      0.066     0.8576      7.945     44.901  33.166758     1.5213      7.506   273.5271 8.2493e-01     8.5375      5.141      7.456    12.0305   999.5386 0.0000e+00
      5.261      0.064     0.7768      7.195     44.846  33.115033     1.5127      7.505   273.5841 8.1324e-01     8.5765      5.159      7.483    12.0003   999.5421 0.0000e+00
      5.277      0.061     0.7089      6.564     44.797  33.066295     1.5274      7.503   273.6564 8.1000e-01     8.6320      5.176      7.507    11.9812   999.5443 0.0000e+00
      5.291      0.059     0.6572      6.083     44.757  33.021710     1.5603      7.501   273.7987 7.9215e-01     8.7823      5.188      7.525    11.9478   999.5483 0.0000e+00
      5.304      0.059     0.6225      5.759     44.517  32.829791     1.5816      7.499   274.0145 7.6408e-01     8.9190      5.201      7.544    11.9263   999.5508 0.0000e+00
      5.318      0.063     0.6051      5.595     44.046  32.459295     1.5855      7.497   274.2003 7.4053e-01     9.0065      5.216      7.565    11.9190   999.5516 0.0000e+00
      5.332      0.071     0.6048      5.587     43.693  32.159397     1.5813      7.496   274.4100 7.0987e-01     9.0531      5.229      7.583    11.9069   999.5530 0.0000e+00
      5.348      0.080     0.6197      5.717     43.625  32.059480     1.5392      7.495   274.5716 6.6942e-01     9.0242      5.242      7.603    11.8862   999.5555 0.0000e+00
      5.369      0.089     0.6492      5.982     43.711  32.076142     1.4576      7.494   274.5199 6.3859e-01     8.9849      5.262      7.632    11.8725   999.5570 0.0000e+00
      5.396      0.095     0.7012      6.455     43.803  32.106967     1.4094      7.492   274.3870 6.1418e-01     8.9707      5.291      7.673    11.8541   999.5590 0.0000e+00
      5.427      0.097     0.7849      7.219     43.853  32.114846     1.3984      7.491   274.4271 5.8424e-01     9.0167      5.323      7.721    11.8026   999.5647 0.0000e+00
      5.455      0.095     0.9075      8.342     43.877  32.107911     1.3515      7.491   274.6614 5.5694e-01     9.5411      5.353      7.763    11.7390   999.5719 0.0000e+00
      5.479      0.090     1.0690      9.821     43.877  32.086549     1.2667      7.491   274.7243 5.3870e-01    10.4609      5.375      7.795    11.6844   999.5782 0.0000e+00
      5.500      0.084     1.2544     11.519     43.846  32.046917     1.2143      7.491   274.5851 5.1657e-01    10.9615      5.394      7.823    11.6429   999.5828 0.0000e+00
