Data/DataAlreadyUploadedToEDI/CollatedDataForEDI/CTDData/CTD_2019 (not collated)/080519_fcr20.cnv
* Sea-Bird SBE19plus  Data File:
* FileName = C:\DATA\080519_fcr50_0002.hex
* Software version 2.8.0.119 SB_Terminal.dll
* Temperature SN = 7809
* Conductivity SN = 7809
* System UpLoad Time = Aug 05 2019 17:58:48
* <ApplicationData>
* <Seaterm232>
# nquan = 16
# nvalues = 316                         
# units = specified
# name 0 = depFM: Depth [fresh water, m]
# name 1 = dz/dtM: Descent Rate [m/s]
# name 2 = sbeox0Mg/L: Oxygen, SBE 43 [mg/l]
# name 3 = sbeox0PS: Oxygen, SBE 43 [% saturation]
# name 4 = specc: Specific Conductance [uS/cm]
# name 5 = c0uS/cm: Conductivity [uS/cm]
# name 6 = flECO-AFL: Fluorescence, WET Labs ECO-AFL/FL [mg/m^3]
# name 7 = ph: pH
# name 8 = orp: Oxidation Reduction Potential [mV]
# name 9 = par/sat/log: PAR/Logarithmic, Satlantic
# name 10 = turbWETntu0: Turbidity, WET Labs ECO [NTU]
# name 11 = prdM: Pressure, Strain Gauge [db]
# name 12 = prdE: Pressure, Strain Gauge [psi]
# name 13 = tv290C: Temperature [ITS-90, deg C]
# name 14 = density00: Density [density, kg/m^3]
# name 15 = flag:  0.000e+00
# span 0 =     -0.586,      3.033       
# span 1 =     -0.020,      0.227       
# span 2 =     0.0501,     9.4546       
# span 3 =      0.569,    116.836       
# span 4 =      2.677,     77.737       
# span 5 =   2.695881,  70.489862       
# span 6 =    -0.1236,    16.1382       
# span 7 =      6.871,      8.708       
# span 8 =   110.1750,   532.9945       
# span 9 = 3.6407e+00, 9.2165e+02       
# span 10 =    -0.5526,    11.9488      
# span 11 =     -0.575,      2.975      
# span 12 =     -0.834,      4.314      
# span 13 =    20.2711,    26.4064      
# span 14 =   996.6948,   998.1937      
# span 15 = 0.0000e+00, 0.0000e+00      
# interval = seconds: 0.25
# start_time = Aug 05 2019 11:38:36 [Instrument's time stamp, header]
# bad_flag = -9.990e-29
*END*
[from data line 272]
      2.721      0.088     0.2949      3.360     51.263  47.950925    14.6839      7.959   231.2537 6.1773e+00     8.4510      2.667      3.868    22.0691   997.7880 0.0000e+00
      2.746      0.082     0.2045      2.326     50.227  46.905527    16.0286      7.954   231.7366 5.9573e+00     9.1436      2.694      3.907    22.0044   997.8040 0.0000e+00
      2.768      0.074     0.1358      1.544     49.085  45.797137    16.1382      7.949   232.3550 5.7923e+00     9.2398      2.717      3.941    21.9354   997.8208 0.0000e+00
      2.785      0.068     0.0894      1.016     50.170  46.805719    15.9832      7.944   232.9656 5.6652e+00     9.9415      2.732      3.963    21.8568   997.8393 0.0000e+00
      2.797      0.066     0.0616      0.699     54.356  50.716680    15.6703      7.936   233.1821 5.5605e+00    11.2378      2.743      3.978    21.7605   997.8612 0.0000e+00
      2.808      0.067     0.0501      0.569     58.950  54.975758    15.4943      7.925   232.7361 5.4545e+00    11.9351      2.753      3.993    21.6742   997.8801 0.0000e+00
      2.821      0.072     0.0561      0.637     61.066  56.885885    15.4669      7.914   231.8743 5.3097e+00    11.9488      2.766      4.011    21.6297   997.8894 0.0000e+00
      2.841      0.079     0.0740      0.839     61.384  57.103758    15.4183      7.901   230.8507 5.0901e+00    11.8620      2.783      4.036    21.6358   997.8882 0.0000e+00
      2.866      0.085     0.0962      1.090     62.761  58.308886    14.9239      7.884   229.7376 4.8066e+00    11.2137      2.810      4.075    21.6611   997.8846 0.0000e+00
      2.894      0.087     0.1185      1.340     65.719  60.972027    14.0063      7.867   228.6543 4.5181e+00    10.0092      2.840      4.118    21.6388   997.8916 0.0000e+00
      2.919      0.086     0.1388      1.566     68.660  63.567502    13.5046      7.852   227.4757 4.2785e+00     9.3264      2.863      4.153    21.5755   997.9063 0.0000e+00
      2.940      0.081     0.1569      1.764     71.293  65.794778    13.4621      7.839   225.2095 4.1060e+00     9.2176      2.885      4.185    21.5052   997.9216 0.0000e+00
      2.960      0.072     0.1714      1.921     73.653  67.689020    13.5361      7.827   221.3871 3.9703e+00     8.9880      2.904      4.211    21.4478   997.9348 0.0000e+00
      2.977      0.061     0.1827      2.039     75.413  68.989356    13.6961      7.816   217.2240 3.8483e+00     8.6477      2.920      4.234    21.3989   997.9471 0.0000e+00
      2.992      0.050     0.1912      2.126     76.558  69.755738    13.7925      7.806   213.5910 3.7581e+00     8.5118      2.936      4.258    21.3080   997.9681 0.0000e+00
      3.004      0.040     0.1948      2.160     77.359  70.279498    13.8264      7.794   210.8440 3.7063e+00     8.5253      2.947      4.274    21.1618   998.0012 0.0000e+00
      3.012      0.030     0.1933      2.141     77.737  70.489862    14.0633      7.782   209.3925 3.6813e+00     8.3838      2.955      4.286    20.9600   998.0459 0.0000e+00
      3.017      0.021     0.1888      2.089     77.130  69.883051    14.4975      7.772   208.5161 3.6706e+00     8.0787      2.960      4.293    20.7276   998.0965 0.0000e+00
      3.019      0.015     0.1827      2.023     75.674  68.600865    14.7329      7.762   207.4748 3.6631e+00     7.8843      2.961      4.294    20.5327   998.1382 0.0000e+00
      3.021      0.010     0.1771      1.964     74.620  67.765758    14.7589      7.754   206.3538 3.6539e+00     7.8688      2.963      4.297    20.4041   998.1657 0.0000e+00
      3.023      0.007     0.1711      1.902     74.758  68.050617    14.8123      7.746   205.2862 3.6442e+00     8.1209      2.965      4.300    20.3204   998.1835 0.0000e+00
      3.024      0.005     0.1648      1.834     74.947  68.358107    14.9009      7.737   204.4612 3.6407e+00     8.5737      2.966      4.301    20.2711   998.1937 0.0000e+00
      3.026      0.005     0.1608      1.791     73.227  66.843014    14.9383      7.728   203.6917 3.6532e+00     8.7879      2.967      4.303    20.3018   998.1866 0.0000e+00
      3.026      0.004     0.1604      1.787     69.575  63.525612    14.8130      7.720   202.5213 3.6794e+00     8.7442      2.968      4.304    20.3952   998.1665 0.0000e+00
      3.027      0.004     0.1611      1.796     66.164  60.473583    13.4812      7.713   201.0647 3.7027e+00     8.2744      2.969      4.306    20.5068   998.1431 0.0000e+00
      3.028      0.004     0.1615      1.804     64.545  59.113153    11.0602      7.705   199.6747 3.7168e+00     7.4329      2.970      4.307    20.6296   998.1175 0.0000e+00
      3.029      0.003     0.1635      1.831     64.155  58.896957     9.7475      7.698   198.6202 3.7309e+00     6.9931      2.971      4.309    20.6493   998.1128 0.0000e+00
      3.030      0.003     0.1674      1.878     63.796  58.685884     9.6080      7.692   197.9516 3.7542e+00     6.9874      2.971      4.310    20.6243   998.1165 0.0000e+00
      3.031      0.003     0.1750      1.965     63.623  58.594640     9.2616      7.687   197.2694 3.7806e+00     7.0699      2.972      4.311    20.6852   998.1022 0.0000e+00
      3.031      0.002     0.1886      2.118     63.913  58.874076     8.6367      7.682   196.4795 3.8092e+00     7.1709      2.973      4.312    20.7776   998.0819 0.0000e+00
      3.032      0.002     0.2057      2.309     64.333  59.205123     8.2862      7.677   195.8868 3.8320e+00     7.1927      2.973      4.312    20.9046   998.0547 0.0000e+00
      3.032      0.001     0.2245      2.516     64.816  59.547134     8.2401      7.672   195.4378 3.8249e+00     7.1691      2.974      4.313    21.0093   998.0319 0.0000e+00
      3.032      0.001     0.2452      2.745     64.945  59.577725     8.2100      7.668   194.9238 3.8055e+00     7.1801      2.974      4.313    21.0537   998.0221 0.0000e+00
      3.032      0.001     0.2655      2.971     64.550  59.193576     7.9473      7.663   194.3175 3.8123e+00     7.2933      2.974      4.313    21.0756   998.0175 0.0000e+00
      3.032      0.000     0.2830      3.168     64.177  58.905698     7.4652      7.659   193.7003 3.8412e+00     7.4572      2.974      4.313    21.0253   998.0285 0.0000e+00
      3.033 1.8642e-08     0.2984      3.347     64.173  59.020150     7.2020      7.654   193.2251 3.8538e+00     7.4894      2.974      4.313    20.9255   998.0505 0.0000e+00
      3.033 2.0506e-07     0.3117      3.504     65.013  59.942113     7.1749      7.649   193.0458 3.8484e+00     7.4204      2.974      4.313    20.8417   998.0686 0.0000e+00
      3.033 2.0507e-07     0.3205      3.608     66.579  61.474457     7.1290      7.645   192.9090 3.8503e+00     7.2456      2.974      4.313    20.8233   998.0722 0.0000e+00
      3.033 1.8796e-08     0.3257      3.664     67.774  62.550205     7.0460      7.640   192.4317 3.8628e+00     6.9824      2.974      4.313    20.8721   998.0617 0.0000e+00
      3.033 3.3894e-09     0.3278      3.686     68.137  62.844180     7.0040      7.638   192.0934 3.8718e+00     6.8604      2.974      4.314    20.9670   998.0411 0.0000e+00
      3.033 -9.990e-29 -9.990e-29 -9.990e-29 -9.990e-29 -9.990e-29 -9.990e-29 -9.990e-29 -9.990e-29 3.8702e+00 -9.990e-29      2.974      4.313    21.1085   998.0106 0.0000e+00
      3.033 -9.990e-29 -9.990e-29 -9.990e-29 -9.990e-29 -9.990e-29 -9.990e-29 -9.990e-29 -9.990e-29 3.8731e+00 -9.990e-29      2.974      4.313    21.2087   997.9895 0.0000e+00
      3.033 -9.990e-29 -9.990e-29 -9.990e-29 -9.990e-29 -9.990e-29 -9.990e-29 -9.990e-29 -9.990e-29 3.8770e+00 -9.990e-29      2.974      4.313    21.1481   998.0031 0.0000e+00
      3.033 -9.990e-29 -9.990e-29 -9.990e-29 -9.990e-29 -9.990e-29 -9.990e-29 -9.990e-29 -9.990e-29 3.8759e+00 -9.990e-29      2.975      4.314    21.0657   998.0212 0.0000e+00
