Data/DataAlreadyUploadedToEDI/CollatedDataForEDI/CTDData/CTD_2019 (not collated)/080519_fcr50_b.cnv
* Sea-Bird SBE19plus  Data File:
* FileName = C:\DATA\080519_fcr50_0006.hex
* Software version 2.8.0.119 SB_Terminal.dll
* Temperature SN = 7809
* Conductivity SN = 7809
* System UpLoad Time = Aug 05 2019 18:00:10
* <ApplicationData>
* <Seaterm232>
# nquan = 16
# nvalues = 724                         
# units = specified
# name 0 = depFM: Depth [fresh water, m]
# name 1 = dz/dtM: Descent Rate [m/s]
# name 2 = sbeox0Mg/L: Oxygen, SBE 43 [mg/l]
# name 3 = sbeox0PS: Oxygen, SBE 43 [% saturation]
# name 4 = specc: Specific Conductance [uS/cm]
# name 5 = c0uS/cm: Conductivity [uS/cm]
# name 6 = flECO-AFL: Fluorescence, WET Labs ECO-AFL/FL [mg/m^3]
# name 7 = ph: pH
# name 8 = orp: Oxidation Reduction Potential [mV]
# name 9 = par/sat/log: PAR/Logarithmic, Satlantic
# name 10 = turbWETntu0: Turbidity, WET Labs ECO [NTU]
# name 11 = prdM: Pressure, Strain Gauge [db]
# name 12 = prdE: Pressure, Strain Gauge [psi]
# name 13 = tv290C: Temperature [ITS-90, deg C]
# name 14 = density00: Density [density, kg/m^3]
# name 15 = flag:  0.000e+00
# span 0 =     -0.599,      9.543       
# span 1 = -1.863e-07,      0.253       
# span 2 =     0.0656,     9.9909       
# span 3 =      0.595,    123.515       
# span 4 =      0.584,     92.735       
# span 5 =   0.658665,  66.692236       
# span 6 =    -0.7055,     6.8095       
# span 7 =     -2.137,      9.363       
# span 8 = -1240.7455,   305.2337       
# span 9 = 1.2328e-01, 6.5099e+02       
# span 10 =    -0.6378,    17.2732      
# span 11 =     -0.588,      9.359      
# span 12 =     -0.853,     13.575      
# span 13 =    10.9549,    31.3952      
# span 14 =   995.2271,   999.6911      
# span 15 = 0.0000e+00, 0.0000e+00      
# interval = seconds: 0.25
# start_time = Aug 05 2019 15:27:19 [Instrument's time stamp, header]
# bad_flag = -9.990e-29
*END*
[from data line 543]
      6.624      0.069     1.3259     12.073     57.191  41.372412     0.9813      7.056   269.4519 1.2341e-01     7.7998      6.488      9.411    11.1967   999.6381 0.0000e+00
      6.653      0.080     1.3389     12.187     57.202  41.360197     0.9878      7.051   267.6794 1.2343e-01     8.0679      6.519      9.455    11.2034   999.6379 0.0000e+00
      6.692      0.089     1.3476     12.263     58.243  42.101802     0.9802      7.046   266.5341 1.2344e-01     8.5785      6.568      9.526    11.2090   999.6388 0.0000e+00
      6.720      0.096     1.3468     12.253     60.163  43.481687     0.9665      7.040   265.4978 1.2344e-01     8.8615      6.598      9.569    11.1937   999.6410 0.0000e+00
      6.732      0.099     1.3339     12.133     61.353  44.329469     0.9605      7.033   264.0123 1.2345e-01     8.9332      6.601      9.573    11.1649   999.6441 0.0000e+00
      6.747      0.098     1.3094     11.909     61.841  44.669333     0.9948      7.027   262.1675 1.2343e-01     9.3139      6.610      9.586    11.1464   999.6458 0.0000e+00
      6.775      0.096     1.2736     11.581     62.292  44.987433     1.0608      7.021   260.0562 1.2343e-01     9.9571      6.641      9.632    11.1407   999.6468 0.0000e+00
      6.809      0.098     1.2277     11.162     62.584  45.191040     1.0991      7.014   258.1879 1.2347e-01    10.2867      6.681      9.691    11.1357   999.6487 0.0000e+00
      6.839      0.099     1.1699     10.634     62.734  45.289572     1.1026      7.007   256.6994 1.2345e-01    10.2837      6.709      9.731    11.1235   999.6503 0.0000e+00
      6.862      0.095     1.1002      9.998     62.838  45.353240     1.0856      7.001   255.0511 1.2340e-01    10.2164      6.728      9.758    11.1118   999.6516 0.0000e+00
      6.884      0.086     1.0269      9.331     62.811  45.325810     1.0591      6.995   253.0570 1.2340e-01    10.1619      6.750      9.790    11.1067   999.6525 0.0000e+00
      6.905      0.076     0.9551      8.678     62.658  45.211915     1.0418      6.990   250.9159 1.2339e-01    10.1492      6.772      9.823    11.1038   999.6530 0.0000e+00
      6.922      0.069     0.8866      8.055     62.531  45.119189     1.0325      6.985   249.1242 1.2338e-01    10.1283      6.790      9.848    11.0936   999.6542 0.0000e+00
      6.937      0.065     0.8219      7.468     62.405  45.030186     1.0422      6.980   247.7412 1.2340e-01    10.1063      6.803      9.867    11.0831   999.6554 0.0000e+00
      6.951      0.064     0.7625      6.929     62.303  44.961310     1.0723      6.976   246.6690 1.2339e-01    10.1122      6.816      9.885    11.0779   999.6559 0.0000e+00
      6.966      0.064     0.7133      6.483     62.328  44.984930     1.0934      6.972   246.1415 1.2333e-01    10.1339      6.831      9.907    11.0747   999.6562 0.0000e+00
      6.982      0.065     0.6790      6.171     62.340  44.998283     1.0970      6.969   245.9231 1.2332e-01    10.1395      6.847      9.931    11.0739   999.6564 0.0000e+00
      7.000      0.067     0.6581      5.981     62.502  45.122761     1.1071      6.966   245.3195 1.2331e-01    10.1144      6.865      9.957    11.0750   999.6563 0.0000e+00
      7.019      0.068     0.6466      5.878     63.067  45.537443     1.1295      6.962   244.2632 1.2333e-01    10.0916      6.883      9.983    11.0805   999.6558 0.0000e+00
      7.036      0.068     0.6461      5.874     63.373  45.757486     1.1427      6.958   243.6482 1.2339e-01    10.0934      6.901     10.009    11.0855   999.6554 0.0000e+00
      7.053      0.064     0.6578      5.979     63.030  45.497185     1.1533      6.954   243.6479 1.2338e-01    10.1034      6.917     10.032    11.0874   999.6553 0.0000e+00
      7.071      0.058     0.6781      6.162     62.705  45.247789     1.1625      6.951   243.6570 1.2338e-01    10.1144      6.934     10.057    11.0931   999.6547 0.0000e+00
      7.088      0.051     0.6999      6.358     62.855  45.345676     1.2021      6.947   242.9842 1.2346e-01    10.0957      6.953     10.084    11.1029   999.6542 0.0000e+00
      7.101      0.046     0.7183      6.525     63.390  45.728181     1.2855      6.943   241.7940 1.2349e-01    10.0403      6.966     10.103    11.1032   999.6544 0.0000e+00
      7.108      0.044     0.7352      6.679     64.118  46.252914     1.3382      6.940   241.0540 1.2348e-01    10.0348      6.971     10.111    11.0892   999.6556 0.0000e+00
      7.113      0.047     0.7519      6.830     64.703  46.673310     1.3541      6.937   240.8336 1.2348e-01    10.0949      6.974     10.116    11.0749   999.6568 0.0000e+00
      7.121      0.054     0.7639      6.937     65.078  46.937311     1.3391      6.932   240.8501 1.2345e-01    10.1778      6.981     10.126    11.0671   999.6578 0.0000e+00
      7.136      0.063     0.7699      6.992     65.396  47.158663     1.2954      6.928   240.7379 1.2340e-01    10.2501      6.996     10.147    11.0650   999.6582 0.0000e+00
      7.156      0.073     0.7738      7.026     65.535  47.253884     1.2766      6.924   240.2513 1.2340e-01    10.2803      7.017     10.177    11.0672   999.6584 0.0000e+00
      7.179      0.083     0.7773      7.058     65.462  47.199510     1.2847      6.921   239.8710 1.2347e-01    10.3128      7.040     10.210    11.0671   999.6588 0.0000e+00
      7.204      0.089     0.7801      7.084     65.376  47.136308     1.3328      6.917   239.9254 1.2351e-01    10.3489      7.066     10.248    11.0602   999.6597 0.0000e+00
      7.228      0.092     0.7798      7.080     65.452  47.188303     1.4166      6.913   240.1335 1.2346e-01    10.3559      7.089     10.282    11.0522   999.6608 0.0000e+00
      7.251      0.093     0.7752      7.038     65.639  47.320104     1.4570      6.910   240.1509 1.2341e-01    10.3327      7.111     10.313    11.0487   999.6613 0.0000e+00
      7.274      0.091     0.7681      6.973     65.749  47.396222     1.4569      6.907   239.9649 1.2338e-01    10.2978      7.133     10.346    11.0488   999.6613 0.0000e+00
      7.298      0.086     0.7591      6.891     65.859  47.473557     1.4924      6.904   239.6905 1.2336e-01    10.3600      7.156     10.379    11.0481   999.6614 0.0000e+00
      7.323      0.082     0.7489      6.799     66.064  47.620051     1.5570      6.900   239.2425 1.2331e-01    10.4950      7.182     10.416    11.0454   999.6619 0.0000e+00
      7.345      0.079     0.7389      6.708     66.185  47.706751     1.5885      6.896   239.0217 1.2328e-01    10.5531      7.205     10.450    11.0430   999.6623 0.0000e+00
      7.361      0.077     0.7299      6.626     66.171  47.696211     1.5867      6.892   239.0849 1.2332e-01    10.5385      7.220     10.470    11.0410   999.6626 0.0000e+00
      7.375      0.074     0.7215      6.550     66.065  47.619636     1.5788      6.890   238.6304 1.2339e-01    10.5805      7.229     10.485    11.0394   999.6628 0.0000e+00
      7.393      0.070     0.7142      6.483     65.870  47.479495     1.5798      6.888   237.7439 1.2345e-01    10.7012      7.247     10.511    11.0385   999.6632 0.0000e+00
      7.416      0.067     0.7094      6.439     65.758  47.398976     1.5898      6.886   236.9694 1.2346e-01    10.7852      7.273     10.549    11.0378   999.6634 0.0000e+00
      7.436      0.066     0.7048      6.398     65.857  47.471716     1.5959      6.883   237.0098 1.2345e-01    10.8087      7.295     10.581    11.0375   999.6635 0.0000e+00
      7.451      0.066     0.6992      6.348     65.942  47.533363     1.5931      6.881   237.5435 1.2345e-01    10.7889      7.308     10.600    11.0377   999.6635 0.0000e+00
      7.462      0.065     0.6937      6.298     65.825  47.445748     1.5641      6.878   237.3131 1.2341e-01    10.6772      7.316     10.612    11.0379   999.6634 0.0000e+00
      7.476      0.064     0.6892      6.255     65.724  47.365000     1.5146      6.876   236.4618 1.2335e-01    10.5067      7.330     10.631    11.0373   999.6635 0.0000e+00
      7.493      0.065     0.6862      6.227     65.759  47.382651     1.4798      6.874   235.6819 1.2334e-01    10.3991      7.348     10.658    11.0383   999.6635 0.0000e+00
      7.513      0.066     0.6823      6.192     65.796  47.405127     1.4726      6.871   235.9710 1.2337e-01    10.3583      7.368     10.687    11.0414   999.6634 0.0000e+00
      7.531      0.068     0.6748      6.123     65.856  47.446223     1.4710      6.869   237.0327 1.2337e-01    10.4074      7.387     10.713    11.0381   999.6637 0.0000e+00
      7.548      0.069     0.6608      5.997     66.019  47.561983     1.4609      6.868   236.9889 1.2339e-01    10.5016      7.402     10.736    11.0299   999.6646 0.0000e+00
      7.565      0.069     0.6362      5.773     66.159  47.661609     1.4626      6.866   236.0442 1.2342e-01    10.5143      7.419     10.761    11.0237   999.6653 0.0000e+00
      7.581      0.068     0.6010      5.453     66.210  47.698151     1.4742      6.864   235.8490 1.2340e-01    10.5280      7.435     10.783    11.0208   999.6657 0.0000e+00
      7.598      0.067     0.5596      5.077     66.194  47.686255     1.4460      6.862   236.4359 1.2333e-01    10.5032      7.450     10.805    11.0202   999.6658 0.0000e+00
      7.618      0.064     0.5166      4.687     66.049  47.581281     1.3819      6.860   236.6866 1.2330e-01    10.3777      7.471     10.835    11.0191   999.6661 0.0000e+00
      7.637      0.059     0.4763      4.322     65.861  47.445079     1.3487      6.859   236.4706 1.2334e-01    10.2889      7.491     10.865    11.0177   999.6664 0.0000e+00
      7.652      0.054     0.4427      4.017     65.763  47.373142     1.3484      6.859   235.8896 1.2338e-01    10.2819      7.505     10.885    11.0174   999.6665 0.0000e+00
      7.663      0.049     0.4179      3.792     65.728  47.346577     1.3695      6.857   235.2548 1.2341e-01    10.2929      7.515     10.898    11.0174   999.6666 0.0000e+00
      7.672      0.046     0.4022      3.649     65.684  47.314411     1.4036      6.855   235.2486 1.2345e-01    10.2904      7.523     10.912    11.0173   999.6666 0.0000e+00
      7.681      0.046     0.3953      3.586     65.664  47.301774     1.4137      6.853   235.3837 1.2345e-01    10.2852      7.531     10.923    11.0164   999.6666 0.0000e+00
      7.691      0.048     0.3951      3.586     65.772  47.384308     1.4056      6.851   235.1681 1.2342e-01    10.2623      7.541     10.936    11.0153   999.6668 0.0000e+00
      7.705      0.052     0.3974      3.607     65.906  47.486710     1.4352      6.850   234.7929 1.2340e-01    10.3079      7.555     10.958    11.0142   999.6669 0.0000e+00
      7.720      0.056     0.3975      3.608     65.953  47.523776     1.5024      6.849   234.4601 1.2337e-01    10.4434      7.571     10.982    11.0135   999.6671 0.0000e+00
      7.735      0.061     0.3936      3.572     65.941  47.514922     1.5334      6.847   234.3279 1.2339e-01    10.5248      7.586     11.002    11.0143   999.6670 0.0000e+00
      7.750      0.066     0.3898      3.538     65.844  47.443175     1.5250      6.844   234.3993 1.2342e-01    10.5381      7.600     11.022    11.0187   999.6667 0.0000e+00
      7.766      0.072     0.3890      3.530     65.901  47.481896     1.5048      6.844   234.4631 1.2347e-01    10.5390      7.616     11.046    11.0246   999.6662 0.0000e+00
      7.785      0.077     0.3896      3.534     66.248  47.729049     1.4791      6.842   233.9806 1.2351e-01    10.5356      7.633     11.071    11.0275   999.6660 0.0000e+00
      7.805      0.080     0.3917      3.554     66.478  47.891080     1.4657      6.839   233.1265 1.2347e-01    10.5305      7.652     11.098    11.0265   999.6662 0.0000e+00
      7.829      0.078     0.3983      3.614     66.430  47.853258     1.4649      6.838   232.8257 1.2345e-01    10.5425      7.675     11.133    11.0243   999.6665 0.0000e+00
      7.855      0.073     0.4081      3.702     66.330  47.779821     1.4608      6.837   233.1823 1.2347e-01    10.5488      7.705     11.175    11.0232   999.6667 0.0000e+00
      7.877      0.067     0.4182      3.794     66.310  47.765271     1.4413      6.835   233.6530 1.2344e-01    10.5413      7.729     11.210    11.0210   999.6673 0.0000e+00
      7.891      0.061     0.4252      3.858     66.363  47.804356     1.4115      6.833   233.0960 1.2340e-01    10.5503      7.740     11.226    11.0172   999.6678 0.0000e+00
      7.899      0.056     0.4274      3.878     66.454  47.871337     1.3956      6.831   231.8677 1.2337e-01    10.5594      7.746     11.234    11.0146   999.6680 0.0000e+00
      7.908      0.053     0.4282      3.885     66.548  47.940040     1.4045      6.830   231.7085 1.2341e-01    10.5531      7.753     11.245    11.0139   999.6681 0.0000e+00
      7.921      0.053     0.4284      3.887     66.632  47.999932     1.4666      6.829   232.2893 1.2348e-01    10.5405      7.767     11.265    11.0138   999.6682 0.0000e+00
      7.938      0.057     0.4289      3.891     66.757  48.087396     1.5749      6.828   232.6090 1.2349e-01    10.5385      7.785     11.291    11.0146   999.6682 0.0000e+00
      7.955      0.064     0.4289      3.892     66.877  48.171912     1.6397      6.826   231.9606 1.2344e-01    10.5284      7.803     11.317    11.0159   999.6682 0.0000e+00
      7.970      0.070     0.4284      3.887     66.825  48.132644     1.6522      6.826   230.8165 1.2339e-01    10.5154      7.817     11.338    11.0164   999.6683 0.0000e+00
      7.985      0.075     0.4302      3.903     66.632  47.993677     1.6471      6.825   230.5623 1.2340e-01    10.5135      7.829     11.354    11.0159   999.6683 0.0000e+00
      8.005      0.076     0.4333      3.931     66.485  47.888914     1.6298      6.824   230.9529 1.2346e-01    10.4723      7.847     11.380    11.0147   999.6686 0.0000e+00
      8.030      0.075     0.4341      3.938     66.385  47.818627     1.6245      6.822   230.7208 1.2349e-01    10.4429      7.875     11.421    11.0127   999.6691 0.0000e+00
      8.055      0.074     0.4329      3.927     66.325  47.778948     1.6272      6.820   229.6485 1.2346e-01    10.4865      7.904     11.464    11.0110   999.6693 0.0000e+00
      8.073      0.070     0.4346      3.943     66.335  47.790228     1.6021      6.819   228.9147 1.2342e-01    10.5735      7.919     11.486    11.0108   999.6693 0.0000e+00
      8.086      0.064     0.4403      3.996     66.383  47.827994     1.5552      6.818   228.9894 1.2338e-01    10.6754      7.928     11.498    11.0122   999.6692 0.0000e+00
      8.100      0.058     0.4507      4.091     66.417  47.854513     1.5286      6.816   229.3478 1.2335e-01    10.7357      7.943     11.521    11.0136   999.6691 0.0000e+00
      8.114      0.055     0.4700      4.266     66.419  47.856831     1.5225      6.814   229.2897 1.2336e-01    10.7448      7.959     11.544    11.0158   999.6689 0.0000e+00
      8.127      0.054     0.4979      4.519     66.418  47.856011     1.5245      6.813   228.6318 1.2345e-01    10.7538      7.969     11.559    11.0195   999.6686 0.0000e+00
      8.139      0.055     0.5278      4.790     66.402  47.844597     1.5356      6.813   227.9325 1.2354e-01    10.7788      7.980     11.576    11.0222   999.6684 0.0000e+00
      8.154      0.055     0.5557      5.043     66.404  47.845850     1.5357      6.812   227.6315 1.2352e-01    10.7844      7.996     11.598    11.0238   999.6683 0.0000e+00
      8.169      0.055     0.5787      5.252     66.441  47.871167     1.5251      6.811   227.5737 1.2343e-01    10.7556      8.012     11.621    11.0237   999.6684 0.0000e+00
      8.183      0.055     0.5952      5.402     66.477  47.896658     1.5197      6.811   227.4910 1.2342e-01    10.7257      8.026     11.641    11.0232   999.6685 0.0000e+00
