Data/DataAlreadyUploadedToEDI/CollatedDataForEDI/CTDData/CTD_2019 (not collated)/080519_fcr45.cnv
* Sea-Bird SBE19plus  Data File:
* FileName = C:\DATA\080519_fcr50_0004.hex
* Software version 2.8.0.119 SB_Terminal.dll
* Temperature SN = 7809
* Conductivity SN = 7809
* System UpLoad Time = Aug 05 2019 17:59:24
* <ApplicationData>
* <Seaterm232>
# nquan = 16
# nvalues = 588                         
# units = specified
# name 0 = depFM: Depth [fresh water, m]
# name 1 = dz/dtM: Descent Rate [m/s]
# name 2 = sbeox0Mg/L: Oxygen, SBE 43 [mg/l]
# name 3 = sbeox0PS: Oxygen, SBE 43 [% saturation]
# name 4 = specc: Specific Conductance [uS/cm]
# name 5 = c0uS/cm: Conductivity [uS/cm]
# name 6 = flECO-AFL: Fluorescence, WET Labs ECO-AFL/FL [mg/m^3]
# name 7 = ph: pH
# name 8 = orp: Oxidation Reduction Potential [mV]
# name 9 = par/sat/log: PAR/Logarithmic, Satlantic
# name 10 = turbWETntu0: Turbidity, WET Labs ECO [NTU]
# name 11 = prdM: Pressure, Strain Gauge [db]
# name 12 = prdE: Pressure, Strain Gauge [psi]
# name 13 = tv290C: Temperature [ITS-90, deg C]
# name 14 = density00: Density [density, kg/m^3]
# name 15 = flag:  0.000e+00
# span 0 =     -0.580,      7.319       
# span 1 =     -0.020,      0.147       
# span 2 =     0.0719,     9.1188       
# span 3 =      0.653,    112.253       
# span 4 =      1.574,     82.557       
# span 5 =   1.500447,  59.646862       
# span 6 =    -0.1946,     8.3874       
# span 7 =      6.709,      8.247       
# span 8 =   -67.5579,   567.9790       
# span 9 = 1.2349e-01, 7.9371e+02       
# span 10 =    -0.5934,    15.7244      
# span 11 =     -0.569,      7.179      
# span 12 =     -0.826,     10.412      
# span 13 =    11.0541,    26.6231      
# span 14 =   996.6388,   999.6614      
# span 15 = 0.0000e+00, 0.0000e+00      
# interval = seconds: 0.25
# start_time = Aug 05 2019 11:53:06 [Instrument's time stamp, header]
# bad_flag = -9.990e-29
*END*
[from data line 181]
      0.455      0.062     7.6664     95.512     35.860  37.002649     4.0074      8.106   181.4944 1.6334e+02     3.2480      0.448      0.649    26.5376   996.6615 0.0000e+00
      0.469      0.062     8.0160     99.903     35.855  37.011354     4.0029      8.109   181.7315 1.6459e+02     3.2721      0.461      0.669    26.5327   996.6630 0.0000e+00
      0.481      0.059     8.3398    103.959     35.817  36.980655     4.0139      8.111   182.1426 1.6569e+02     3.2649      0.471      0.684    26.5344   996.6625 0.0000e+00
      0.493      0.059     8.6034    107.252     35.784  36.948857     4.0273      8.112   182.5080 1.6568e+02     3.1612      0.482      0.700    26.5600   996.6557 0.0000e+00
      0.507      0.061     8.7893    109.565     35.781  36.944250     4.0268      8.112   182.7078 1.6538e+02     3.0670      0.496      0.721    26.5883   996.6481 0.0000e+00
      0.523      0.064     8.8886    110.790     35.767  36.924953     4.0082      8.112   182.7506 1.6531e+02     3.0111      0.513      0.744    26.6099   996.6422 0.0000e+00
      0.541      0.065     8.9066    110.998     35.754  36.905940     4.0015      8.112   182.7677 1.6496e+02     3.0096      0.530      0.768    26.6201   996.6395 0.0000e+00
      0.561      0.062     8.8689    110.512     35.758  36.904779     4.0505      8.113   182.8287 1.6404e+02     3.1147      0.549      0.796    26.6231   996.6388 0.0000e+00
      0.581      0.056     8.8082    109.745     35.768  36.910906     4.1408      8.116   182.9721 1.6397e+02     3.2661      0.573      0.831    26.6212   996.6395 0.0000e+00
      0.597      0.050     8.7455    108.957     35.776  36.916548     4.1918      8.120   183.2114 1.6557e+02     3.3326      0.589      0.854    26.6138   996.6415 0.0000e+00
      0.605      0.046     8.6887    108.246     35.771  36.909519     4.1983      8.123   183.4842 1.6806e+02     3.3277      0.594      0.863    26.6041   996.6441 0.0000e+00
      0.610      0.044     8.6399    107.630     35.754  36.889380     4.2804      8.126   183.7757 1.7056e+02     3.3377      0.597      0.866    26.5948   996.6467 0.0000e+00
      0.616      0.047     8.5964    107.076     35.733  36.863460     4.4307      8.128   184.0685 1.7245e+02     3.3558      0.602      0.873    26.5892   996.6482 0.0000e+00
      0.628      0.052     8.5579    106.586     35.724  36.850008     4.4981      8.130   184.2714 1.7332e+02     3.3506      0.613      0.890    26.5877   996.6487 0.0000e+00
      0.645      0.059     8.5259    106.175     35.732  36.853677     4.5053      8.131   184.4224 1.7322e+02     3.3398      0.632      0.916    26.5865   996.6491 0.0000e+00
      0.665      0.065     8.5009    105.852     35.727  36.844340     4.5789      8.133   184.6037 1.7252e+02     3.3892      0.652      0.946    26.5823   996.6503 0.0000e+00
      0.684      0.068     8.4810    105.597     35.688  36.800586     4.7022      8.135   184.7423 1.7155e+02     3.4884      0.671      0.973    26.5761   996.6521 0.0000e+00
      0.701      0.068     8.4630    105.362     35.660  36.768953     4.7737      8.135   184.8938 1.7019e+02     3.5242      0.688      0.998    26.5698   996.6539 0.0000e+00
      0.718      0.068     8.4483    105.167     35.675  36.779225     4.7845      8.132   185.2313 1.6863e+02     3.4939      0.705      1.022    26.5634   996.6557 0.0000e+00
      0.733      0.069     8.4377    105.019     35.699  36.797830     4.7896      8.129   185.6394 1.6672e+02     3.4828      0.719      1.042    26.5574   996.6574 0.0000e+00
      0.748      0.072     8.4278    104.879     35.711  36.803472     4.8101      8.128   185.9560 1.6382e+02     3.4884      0.732      1.062    26.5529   996.6587 0.0000e+00
      0.766      0.076     8.4163    104.717     35.698  36.783957     4.8317      8.127   186.2196 1.6007e+02     3.4960      0.750      1.087    26.5483   996.6599 0.0000e+00
      0.788      0.078     8.4015    104.513     35.675  36.752288     4.8520      8.126   186.4171 1.5562e+02     3.5092      0.772      1.119    26.5409   996.6621 0.0000e+00
      0.811      0.080     8.3848    104.277     35.671  36.737912     4.9425      8.126   186.6240 1.5119e+02     3.5169      0.796      1.154    26.5332   996.6643 0.0000e+00
      0.834      0.080     8.3690    104.046     35.684  36.737061     5.0940      8.126   187.0008 1.4757e+02     3.5237      0.819      1.188    26.5231   996.6671 0.0000e+00
      0.854      0.080     8.3598    103.894     35.702  36.741978     5.1751      8.126   187.5309 1.4459e+02     3.5255      0.839      1.216    26.5136   996.6698 0.0000e+00
      0.872      0.080     8.3644    103.912     35.709  36.733871     5.1863      8.127   188.0430 1.4199e+02     3.5057      0.855      1.240    26.5060   996.6719 0.0000e+00
      0.890      0.080     8.3879    104.146     35.700  36.702491     5.1947      8.130   188.2889 1.3901e+02     3.5140      0.871      1.263    26.4899   996.6763 0.0000e+00
      0.910      0.081     8.4284    104.562     35.710  36.679887     5.2769      8.135   188.3529 1.3561e+02     3.5269      0.891      1.292    26.4688   996.6821 0.0000e+00
      0.932      0.083     8.4793    105.095     35.718  36.650938     5.4435      8.140   188.4729 1.3235e+02     3.4984      0.914      1.326    26.4489   996.6876 0.0000e+00
      0.956      0.083     8.5443    105.792     35.713  36.606305     5.5441      8.146   188.5339 1.2922e+02     3.4973      0.937      1.359    26.4320   996.6923 0.0000e+00
      0.978      0.078     8.6292    106.717     35.737  36.584473     5.5569      8.153   188.5746 1.2604e+02     3.5132      0.958      1.391    26.4064   996.6992 0.0000e+00
      1.000      0.071     8.7235    107.777     35.768  36.577310     5.5461      8.158   188.7926 1.2288e+02     3.5276      0.981      1.423    26.3524   996.7139 0.0000e+00
      1.019      0.062     8.8146    108.856     35.791  36.583104     5.5174      8.162   189.0194 1.2037e+02     3.5405      1.002      1.453    26.2995   996.7282 0.0000e+00
      1.032      0.055     8.8967    109.868     35.799  36.591038     5.4964      8.167   189.1663 1.1854e+02     3.5371      1.013      1.470    26.2521   996.7409 0.0000e+00
      1.040      0.052     8.9677    110.755     35.752  36.546288     5.5004      8.172   189.4500 1.1682e+02     3.5523      1.020      1.480    26.1749   996.7616 0.0000e+00
      1.049      0.054     9.0280    111.487     35.698  36.486350     5.5913      8.174   189.8683 1.1511e+02     3.6914      1.028      1.491    26.1108   996.7788 0.0000e+00
      1.060      0.060     9.0740    111.986     35.673  36.437571     5.7547      8.173   190.2657 1.1320e+02     3.9082      1.038      1.505    26.0927   996.7837 0.0000e+00
      1.075      0.070     9.1034    112.224     35.618  36.337294     5.8369      8.172   190.4693 1.1077e+02     4.0103      1.051      1.525    26.0969   996.7827 0.0000e+00
      1.096      0.081     9.1187    112.253     35.563  36.225901     5.8654      8.171   190.5230 1.0802e+02     4.0413      1.074      1.557    26.1086   996.7796 0.0000e+00
      1.121      0.090     9.1188    112.081     35.568  36.169657     6.1782      8.168   190.7433 1.0514e+02     4.2508      1.099      1.593    26.1092   996.7795 0.0000e+00
      1.147      0.095     9.0976    111.658     35.619  36.164930     6.7494      8.165   191.1543 1.0215e+02     4.6419      1.124      1.631    26.0754   996.7886 0.0000e+00
      1.175      0.095     9.0530    110.985     35.666  36.168660     7.0661      8.161   191.5340 9.9300e+01     4.8702      1.153      1.671    26.0080   996.8066 0.0000e+00
      1.201      0.091     8.9913    110.139     35.681  36.151217     7.1119      8.159   191.8931 9.6868e+01     4.8808      1.180      1.710    25.9277   996.8281 0.0000e+00
      1.223      0.086     8.9171    109.154     35.701  36.144394     7.2772      8.161   192.3127 9.4818e+01     4.8686      1.201      1.741    25.8404   996.8513 0.0000e+00
      1.243      0.080     8.8371    108.106     35.730  36.149598     7.5825      8.163   192.5639 9.2768e+01     4.8856      1.220      1.769    25.7516   996.8748 0.0000e+00
      1.262      0.075     8.7633    107.142     35.753  36.150633     7.7512      8.165   192.6934 9.0715e+01     4.8907      1.238      1.796    25.6915   996.8907 0.0000e+00
      1.279      0.071     8.6993    106.307     35.778  36.156870     7.7652      8.166   193.0176 8.8854e+01     4.8643      1.254      1.820    25.6531   996.9008 0.0000e+00
      1.297      0.067     8.6451    105.607     35.797  36.161501     7.7688      8.167   193.3863 8.7005e+01     4.8623      1.272      1.844    25.6130   996.9114 0.0000e+00
      1.315      0.062     8.6029    105.057     35.792  36.143135     7.8468      8.168   193.6233 8.5197e+01     4.8986      1.289      1.870    25.5810   996.9199 0.0000e+00
      1.332      0.057     8.5688    104.608     35.786  36.125202     7.9893      8.169   193.9041 8.3640e+01     4.9096      1.306      1.894    25.5478   996.9288 0.0000e+00
      1.347      0.053     8.5392    104.217     35.806  36.135070     8.0522      8.169   194.2005 8.2407e+01     4.8641      1.322      1.918    25.5188   996.9363 0.0000e+00
      1.359      0.051     8.5139    103.865     35.823  36.135489     8.0523      8.168   194.4539 8.1545e+01     4.8073      1.333      1.935    25.5032   996.9406 0.0000e+00
      1.368      0.051     8.4902    103.505     35.844  36.130244     8.1381      8.167   194.9888 8.0773e+01     4.7480      1.341      1.945    25.4846   996.9454 0.0000e+00
      1.377      0.053     8.4660    103.131     35.879  36.135074     8.2920      8.164   195.9358 7.9774e+01     4.6714      1.349      1.957    25.4671   996.9500 0.0000e+00
      1.391      0.057     8.4393    102.746     35.897  36.130372     8.3786      8.159   196.9565 7.8641e+01     4.6340      1.363      1.977    25.4560   996.9530 0.0000e+00
      1.407      0.062     8.4069    102.312     35.918  36.136827     8.3874      8.153   197.5210 7.7414e+01     4.6574      1.380      2.001    25.4357   996.9583 0.0000e+00
      1.425      0.066     8.3680    101.784     35.952  36.149638     8.2855      8.146   197.6850 7.6100e+01     4.6264      1.398      2.027    25.3949   996.9690 0.0000e+00
      1.444      0.069     8.3218    101.124     35.998  36.158299     8.1001      8.140   197.9930 7.4736e+01     4.5207      1.416      2.054    25.3461   996.9818 0.0000e+00
      1.462      0.071     8.2668    100.341     36.063  36.178024     8.0104      8.134   198.4057 7.3266e+01     4.4610      1.434      2.080    25.3122   996.9907 0.0000e+00
      1.481      0.072     8.1946     99.368     36.120  36.197649     7.9984      8.126   198.8036 7.1845e+01     4.4296      1.453      2.107    25.3022   996.9934 0.0000e+00
      1.498      0.073     8.0926     98.053     36.159  36.205109     7.9029      8.120   199.1905 7.0528e+01     4.2397      1.470      2.131    25.2807   996.9989 0.0000e+00
      1.516      0.074     7.9634     96.404     36.193  36.204699     7.7313      8.115   199.4693 6.9033e+01     3.9341      1.486      2.155    25.2198   997.0148 0.0000e+00
      1.535      0.076     7.8204     94.577     36.221  36.192645     7.6403      8.111   199.9373 6.7311e+01     3.7827      1.505      2.183    25.1476   997.0336 0.0000e+00
      1.555      0.076     7.6728     92.699     36.254  36.186257     7.6351      8.108   200.8056 6.5571e+01     3.7847      1.525      2.212    25.0965   997.0468 0.0000e+00
      1.575      0.076     7.5287     90.882     36.291  36.190870     7.6511      8.105   202.0524 6.3883e+01     3.7950      1.545      2.240    25.0592   997.0565 0.0000e+00
      1.596      0.073     7.3980     89.247     36.311  36.184885     7.6865      8.101   203.8269 6.2342e+01     3.7762      1.565      2.271    25.0135   997.0683 0.0000e+00
      1.616      0.068     7.2865     87.866     36.319  36.177330     7.7074      8.099   205.5703 6.1034e+01     3.7534      1.585      2.300    24.9541   997.0836 0.0000e+00
      1.634      0.063     7.1985     86.786     36.313  36.162970     7.7134      8.096   206.5250 5.9944e+01     3.7485      1.603      2.325    24.8976   997.0981 0.0000e+00
      1.649      0.059     7.1360     86.015     36.296  36.138198     7.7244      8.092   206.7663 5.9083e+01     3.7500      1.618      2.347    24.8524   997.1097 0.0000e+00
      1.660      0.057     7.0955     85.499     36.303  36.131683     7.7877      8.088   206.7671 5.8350e+01     3.8051      1.628      2.362    24.8152   997.1194 0.0000e+00
      1.672      0.056     7.0733     85.177     36.344  36.147643     7.9071      8.083   207.1373 5.7538e+01     3.8900      1.639      2.376    24.7950   997.1245 0.0000e+00
      1.686      0.056     7.0615     84.961     36.371  36.140718     7.9797      8.079   208.0590 5.6676e+01     3.9246      1.653      2.398    24.7867   997.1267 0.0000e+00
      1.701      0.057     7.0486     84.740     36.372  36.111381     7.9975      8.075   209.1345 5.5802e+01     3.9607      1.668      2.420    24.7790   997.1288 0.0000e+00
      1.717      0.058     7.0253     84.414     36.392  36.110239     7.9835      8.071   209.9031 5.4841e+01     3.9992      1.683      2.442    24.7653   997.1322 0.0000e+00
      1.733      0.060     6.9859     83.895     36.431  36.126880     7.9315      8.066   210.3830 5.3998e+01     3.9967      1.701      2.468    24.7312   997.1409 0.0000e+00
      1.747      0.061     6.9336     83.213     36.453  36.122141     7.8898      8.060   210.8060 5.3249e+01     3.9961      1.714      2.486    24.6743   997.1554 0.0000e+00
      1.761      0.062     6.8743     82.446     36.473  36.116374     7.8605      8.055   211.1462 5.2274e+01     3.9923      1.725      2.502    24.6284   997.1671 0.0000e+00
      1.777      0.062     6.8055     81.566     36.504  36.120588     7.7330      8.050   211.3133 5.1160e+01     3.9181      1.741      2.526    24.6073   997.1726 0.0000e+00
      1.795      0.062     6.7242     80.533     36.522  36.109573     7.5197      8.046   211.3637 5.0080e+01     3.8200      1.760      2.553    24.5807   997.1794 0.0000e+00
      1.812      0.061     6.6347     79.401     36.552  36.110100     7.4048      8.042   211.5836 4.9024e+01     3.7562      1.777      2.577    24.5399   997.1897 0.0000e+00
      1.829      0.058     6.5425     78.244     36.597  36.126913     7.3842      8.039   212.1653 4.8030e+01     3.7035      1.794      2.602    24.5050   997.1986 0.0000e+00
      1.844      0.055     6.4541     77.144     36.614  36.122405     7.3322      8.036   213.0625 4.7205e+01     3.6420      1.809      2.624    24.4706   997.2073 0.0000e+00
      1.857      0.054     6.3767     76.186     36.629  36.119032     7.2607      8.034   213.9135 4.6545e+01     3.5692      1.821      2.641    24.4299   997.2176 0.0000e+00
      1.867      0.055     6.3109     75.361     36.680  36.149578     7.2393      8.031   214.4531 4.5945e+01     3.5440      1.830      2.655    24.3882   997.2280 0.0000e+00
      1.877      0.058     6.2550     74.646     36.730  36.174346     7.2384      8.027   214.8542 4.5265e+01     3.5346      1.839      2.667    24.3483   997.2381 0.0000e+00
      1.891      0.060     6.2083     74.043     36.744  36.164580     7.1977      8.024   215.2357 4.4342e+01     3.5209      1.852      2.686    24.3205   997.2452 0.0000e+00
      1.911      0.061     6.1647     73.496     36.753  36.158407     7.1367      8.020   215.6246 4.3311e+01     3.5427      1.873      2.717    24.3007   997.2501 0.0000e+00
      1.931      0.059     6.1171     72.920     36.763  36.163158     7.1005      8.015   216.0284 4.2422e+01     3.5687      1.896      2.749    24.2757   997.2565 0.0000e+00
      1.949      0.055     6.0646     72.291     36.760  36.158548     7.0894      8.011   216.4187 4.1789e+01     3.5724      1.914      2.776    24.2383   997.2660 0.0000e+00
