Data/DataAlreadyUploadedToEDI/CollatedDataForEDI/CTDData/CTD_2019 (not collated)/080519_fcr20.cnv
* Sea-Bird SBE19plus  Data File:
* FileName = C:\DATA\080519_fcr50_0002.hex
* Software version 2.8.0.119 SB_Terminal.dll
* Temperature SN = 7809
* Conductivity SN = 7809
* System UpLoad Time = Aug 05 2019 17:58:48
* <ApplicationData>
* <Seaterm232>
# nquan = 16
# nvalues = 316                         
# units = specified
# name 0 = depFM: Depth [fresh water, m]
# name 1 = dz/dtM: Descent Rate [m/s]
# name 2 = sbeox0Mg/L: Oxygen, SBE 43 [mg/l]
# name 3 = sbeox0PS: Oxygen, SBE 43 [% saturation]
# name 4 = specc: Specific Conductance [uS/cm]
# name 5 = c0uS/cm: Conductivity [uS/cm]
# name 6 = flECO-AFL: Fluorescence, WET Labs ECO-AFL/FL [mg/m^3]
# name 7 = ph: pH
# name 8 = orp: Oxidation Reduction Potential [mV]
# name 9 = par/sat/log: PAR/Logarithmic, Satlantic
# name 10 = turbWETntu0: Turbidity, WET Labs ECO [NTU]
# name 11 = prdM: Pressure, Strain Gauge [db]
# name 12 = prdE: Pressure, Strain Gauge [psi]
# name 13 = tv290C: Temperature [ITS-90, deg C]
# name 14 = density00: Density [density, kg/m^3]
# name 15 = flag:  0.000e+00
# span 0 =     -0.586,      3.033       
# span 1 =     -0.020,      0.227       
# span 2 =     0.0501,     9.4546       
# span 3 =      0.569,    116.836       
# span 4 =      2.677,     77.737       
# span 5 =   2.695881,  70.489862       
# span 6 =    -0.1236,    16.1382       
# span 7 =      6.871,      8.708       
# span 8 =   110.1750,   532.9945       
# span 9 = 3.6407e+00, 9.2165e+02       
# span 10 =    -0.5526,    11.9488      
# span 11 =     -0.575,      2.975      
# span 12 =     -0.834,      4.314      
# span 13 =    20.2711,    26.4064      
# span 14 =   996.6948,   998.1937      
# span 15 = 0.0000e+00, 0.0000e+00      
# interval = seconds: 0.25
# start_time = Aug 05 2019 11:38:36 [Instrument's time stamp, header]
# bad_flag = -9.990e-29
*END*
[from data line 181]
      0.362      0.157     8.2269    101.793     35.826  36.695626     4.5030      8.299   185.0395 2.7219e+02     3.9909      0.357      0.518    26.2332   996.7430 0.0000e+00
      0.388      0.160     8.5992    106.378     35.820  36.681096     4.5231      8.299   185.4785 2.5813e+02     3.9941      0.373      0.542    26.2313   996.7436 0.0000e+00
      0.428      0.164     8.9200    110.324     35.818  36.671046     4.6677      8.301   185.9118 2.3593e+02     4.0414      0.416      0.604    26.2248   996.7455 0.0000e+00
      0.479      0.169     9.1770    113.477     35.794  36.637571     4.9333      8.304   186.4059 2.1272e+02     4.1690      0.471      0.682    26.2174   996.7478 0.0000e+00
      0.531      0.174     9.3559    115.662     35.760  36.593698     5.0814      8.308   186.8929 1.9338e+02     4.2600      0.521      0.757    26.2076   996.7507 0.0000e+00
      0.580      0.173     9.4472    116.766     35.760  36.584876     5.1058      8.310   187.4123 1.7959e+02     4.2565      0.572      0.829    26.1955   996.7541 0.0000e+00
      0.623      0.167     9.4546    116.836     35.777  36.594357     5.1839      8.309   188.0394 1.6864e+02     4.1915      0.612      0.887    26.1845   996.7573 0.0000e+00
      0.662      0.160     9.3978    116.116     35.770  36.581380     5.3236      8.306   188.8833 1.5808e+02     4.0971      0.649      0.941    26.1726   996.7607 0.0000e+00
      0.699      0.158     9.3095    115.005     35.751  36.554911     5.3997      8.300   189.7857 1.4886e+02     4.0327      0.686      0.996    26.1580   996.7647 0.0000e+00
      0.735      0.159     9.2173    113.837     35.735  36.528197     5.4020      8.293   190.4327 1.4111e+02     4.0032      0.722      1.048    26.1461   996.7680 0.0000e+00
      0.772      0.164     9.1323    112.759     35.729  36.512248     5.4113      8.288   190.9412 1.3396e+02     3.9694      0.753      1.094    26.1361   996.7708 0.0000e+00
      0.814      0.169     9.0501    111.721     35.713  36.489001     5.5037      8.284   191.7186 1.2597e+02     3.9515      0.794      1.153    26.1283   996.7731 0.0000e+00
      0.864      0.174     8.9707    110.715     35.672  36.437517     5.6617      8.281   192.6913 1.1802e+02     3.9838      0.849      1.231    26.1209   996.7753 0.0000e+00
      0.913      0.175     8.9042    109.861     35.645  36.397526     5.7427      8.278   193.4950 1.1207e+02     4.0322      0.897      1.301    26.1037   996.7801 0.0000e+00
      0.959      0.172     8.8517    109.176     35.647  36.386281     5.7555      8.277   194.1234 1.0717e+02     4.0451      0.941      1.365    26.0877   996.7846 0.0000e+00
      1.003      0.166     8.8057    108.576     35.638  36.365000     5.8507      8.277   194.6096 1.0260e+02     4.0080      0.986      1.429    26.0813   996.7865 0.0000e+00
      1.044      0.158     8.7628    108.013     35.616  36.330607     6.0188      8.276   194.9856 9.8476e+01     3.9775      1.024      1.486    26.0693   996.7898 0.0000e+00
      1.081      0.150     8.7237    107.499     35.586  36.287782     6.1055      8.275   195.4872 9.4445e+01     4.0032      1.060      1.538    26.0496   996.7952 0.0000e+00
      1.118      0.145     8.6924    107.070     35.542  36.228020     6.1106      8.273   196.2000 9.0886e+01     4.0572      1.098      1.592    26.0307   996.8003 0.0000e+00
      1.154      0.141     8.6716    106.739     35.522  36.179238     6.1758      8.269   196.9795 8.7643e+01     4.1707      1.132      1.641    26.0145   996.8048 0.0000e+00
      1.188      0.140     8.6580    106.467     35.523  36.142219     6.3121      8.264   197.5985 8.4328e+01     4.3602      1.164      1.689    25.9968   996.8098 0.0000e+00
      1.222      0.140     8.6421    106.156     35.520  36.097720     6.3976      8.257   198.0060 8.1176e+01     4.4799      1.199      1.739    25.9809   996.8141 0.0000e+00
      1.257      0.139     8.6122    105.675     35.550  36.085426     6.4201      8.249   198.3783 7.8038e+01     4.4722      1.232      1.787    25.9663   996.8181 0.0000e+00
      1.294      0.134     8.5605    104.940     35.621  36.120456     6.5324      8.244   198.7448 7.4780e+01     4.3982      1.268      1.840    25.9266   996.8288 0.0000e+00
      1.332      0.125     8.4858    103.954     35.666  36.140371     6.7409      8.240   198.9953 7.1846e+01     4.3061      1.309      1.899    25.8663   996.8449 0.0000e+00
      1.367      0.111     8.3965    102.834     35.671  36.135768     6.8529      8.237   199.2568 6.9419e+01     4.2435      1.344      1.948    25.8071   996.8607 0.0000e+00
      1.396      0.096     8.3091    101.773     35.660  36.128263     6.8802      8.237   199.8407 6.7529e+01     4.2308      1.372      1.989    25.7454   996.8771 0.0000e+00
      1.417      0.081     8.2406    100.951     35.640  36.113108     6.9666      8.236   200.7209 6.6269e+01     4.4144      1.394      2.022    25.6886   996.8922 0.0000e+00
      1.430      0.071     8.2021    100.478     35.670  36.142956     7.0918      8.235   201.5537 6.5319e+01     4.7273      1.404      2.036    25.6488   996.9026 0.0000e+00
      1.440      0.067     8.1954    100.353     35.777  36.235261     7.1624      8.234   202.0806 6.4338e+01     4.8677      1.411      2.047    25.6367   996.9058 0.0000e+00
      1.452      0.070     8.2122    100.458     35.921  36.340552     7.1783      8.234   202.4451 6.3283e+01     4.8992      1.422      2.064    25.6493   996.9026 0.0000e+00
      1.469      0.075     8.2376    100.628     36.097  36.463895     7.1711      8.234   202.8636 6.1859e+01     5.0431      1.437      2.084    25.6624   996.8993 0.0000e+00
      1.492      0.080     8.2538    100.687     36.270  36.584013     7.1451      8.234   203.2689 6.0074e+01     5.2629      1.462      2.121    25.6647   996.8988 0.0000e+00
      1.520      0.084     8.2414    100.428     36.440  36.713789     7.1241      8.233   203.6461 5.8395e+01     5.3615      1.491      2.163    25.6474   996.9036 0.0000e+00
      1.545      0.086     8.1881     99.703     36.772  37.017383     7.1171      8.231   204.0686 5.6925e+01     5.3503      1.517      2.199    25.5880   996.9192 0.0000e+00
      1.567      0.089     8.0941     98.487     37.496  37.715772     7.1212      8.227   204.9354 5.5722e+01     5.3575      1.539      2.232    25.5008   996.9421 0.0000e+00
      1.585      0.091     7.9662     96.840     38.308  38.492980     7.1907      8.224   206.6410 5.4763e+01     5.3825      1.555      2.255    25.4205   996.9633 0.0000e+00
      1.602      0.092     7.8162     94.910     38.594  38.733826     7.3244      8.221   208.4291 5.3574e+01     5.3904      1.568      2.275    25.3622   996.9785 0.0000e+00
      1.626      0.094     7.6527     92.829     38.564  38.659996     7.4020      8.216   209.5192 5.1930e+01     5.3879      1.592      2.307    25.3265   996.9879 0.0000e+00
      1.656      0.094     7.4705     90.546     38.617  38.679395     7.4185      8.211   210.1855 5.0163e+01     5.3846      1.624      2.357    25.2931   996.9969 0.0000e+00
      1.687      0.091     7.2620     87.953     38.683  38.714405     7.4805      8.208   210.5483 4.8668e+01     5.3835      1.656      2.404    25.2419   997.0107 0.0000e+00
      1.712      0.086     7.0407     85.202     38.643  38.638899     7.5885      8.205   210.8089 4.7523e+01     5.3744      1.680      2.436    25.1724   997.0288 0.0000e+00
      1.731      0.080     6.8341     82.625     38.507  38.464673     7.6500      8.200   211.2712 4.6598e+01     5.3400      1.699      2.463    25.1119   997.0443 0.0000e+00
      1.746      0.074     6.6522     80.345     38.279  38.194753     7.6513      8.195   211.7498 4.5799e+01     5.3285      1.713      2.485    25.0753   997.0540 0.0000e+00
      1.760      0.072     6.4944     78.347     37.982  37.850862     7.5605      8.190   212.2082 4.4860e+01     5.3337      1.725      2.500    25.0371   997.0638 0.0000e+00
      1.777      0.074     6.3655     76.684     37.796  37.607436     7.3929      8.185   212.7692 4.3655e+01     5.3375      1.741      2.525    24.9891   997.0762 0.0000e+00
      1.797      0.080     6.2690     75.394     37.666  37.409611     7.2988      8.177   213.4573 4.2413e+01     5.3410      1.762      2.555    24.9410   997.0885 0.0000e+00
      1.819      0.090     6.2090     74.535     37.502  37.172695     7.2628      8.165   214.2469 4.1206e+01     5.3429      1.784      2.586    24.8861   997.1026 0.0000e+00
      1.841      0.101     6.1855     74.109     37.434  37.027878     6.9663      8.154   215.0885 3.9982e+01     5.5241      1.806      2.620    24.8260   997.1178 0.0000e+00
      1.866      0.109     6.1782     73.886     37.473  36.991478     6.4193      8.146   215.8032 3.8538e+01     5.8609      1.827      2.650    24.7497   997.1373 0.0000e+00
      1.896      0.113     6.1535     73.472     37.534  36.986371     6.1201      8.139   216.1781 3.6677e+01     6.0403      1.857      2.692    24.6549   997.1615 0.0000e+00
      1.933      0.111     6.0803     72.500     37.569  36.966036     6.0969      8.133   216.4372 3.4771e+01     6.0534      1.897      2.751    24.5577   997.1861 0.0000e+00
      1.968      0.102     5.9437     70.795     37.583  36.935941     6.0609      8.127   216.9577 3.3185e+01     6.0529      1.932      2.802    24.4488   997.2136 0.0000e+00
      1.996      0.089     5.7561     68.501     37.622  36.939806     5.9804      8.121   217.6522 3.1927e+01     6.0671      1.960      2.843    24.3458   997.2395 0.0000e+00
      2.017      0.073     5.5471     65.971     37.659  36.949232     5.9286      8.116   218.1237 3.1015e+01     6.0614      1.981      2.873    24.2606   997.2609 0.0000e+00
      2.028      0.058     5.3385     63.460     37.651  36.922937     5.9199      8.112   218.4431 3.0357e+01     6.0490      1.991      2.887    24.1859   997.2796 0.0000e+00
      2.034      0.045     5.1438     61.123     37.617  36.875732     5.9451      8.109   218.9325 2.9631e+01     6.1140      1.995      2.892    24.1300   997.2935 0.0000e+00
      2.042      0.040     4.9771     59.123     37.577  36.822772     6.2426      8.105   219.4815 2.8683e+01     6.5850      2.002      2.903    24.0835   997.3050 0.0000e+00
      2.052      0.041     4.8527     57.620     37.498  36.726902     6.7860      8.101   220.0899 2.7736e+01     7.3850      2.014      2.921    24.0492   997.3136 0.0000e+00
      2.061      0.050     4.7772     56.683     37.338  36.541691     7.0871      8.095   220.7825 2.6834e+01     7.8240      2.021      2.932    24.0265   997.3192 0.0000e+00
      2.070      0.064     4.7372     56.143     37.199  36.360582     7.1952      8.089   221.4888 2.5889e+01     7.8941      2.028      2.943    24.0075   997.3239 0.0000e+00
      2.085      0.078     4.7082     55.715     37.149  36.250809     8.0932      8.084   222.1766 2.4820e+01     8.1662      2.042      2.961    23.9935   997.3274 0.0000e+00
      2.109      0.089     4.6676     55.146     37.127  36.166418     9.7258      8.079   222.6452 2.3503e+01     8.6889      2.064      2.994    23.9713   997.3330 0.0000e+00
      2.141      0.098     4.5936     54.190     37.122  36.101774    10.6184      8.074   222.8533 2.2150e+01     8.9713      2.099      3.045    23.9370   997.3415 0.0000e+00
      2.173      0.102     4.4727     52.695     37.112  36.040360    10.6927      8.070   222.9719 2.0976e+01     8.9261      2.133      3.093    23.8762   997.3565 0.0000e+00
      2.200      0.102     4.3089     50.715     37.041  35.931560    10.5197      8.065   223.1327 1.9906e+01     8.3387      2.159      3.131    23.7845   997.3791 0.0000e+00
      2.225      0.100     4.1111     48.340     36.881  35.738281    10.1826      8.061   223.3351 1.8940e+01     7.2435      2.184      3.167    23.6994   997.4000 0.0000e+00
      2.247      0.097     3.8924     45.709     36.733  35.544015     9.9979      8.058   223.6122 1.8065e+01     6.5984      2.204      3.196    23.6183   997.4199 0.0000e+00
      2.267      0.095     3.6695     43.021     36.741  35.486709     9.9690      8.054   223.9015 1.7128e+01     6.4709      2.221      3.223    23.5424   997.4383 0.0000e+00
      2.291      0.094     3.4498     40.382     36.806  35.489596     9.7724      8.050   224.1661 1.6109e+01     6.1601      2.245      3.256    23.4951   997.4498 0.0000e+00
      2.319      0.091     3.2298     37.766     36.810  35.451899     9.4156      8.046   224.5750 1.5114e+01     5.6583      2.274      3.297    23.4538   997.4599 0.0000e+00
      2.347      0.086     3.0010     35.061     36.803  35.411674     9.2266      8.043   225.0585 1.4226e+01     5.4183      2.304      3.341    23.3868   997.4761 0.0000e+00
      2.370      0.080     2.7686     32.319     36.808  35.383997     9.1345      8.040   225.4526 1.3486e+01     5.3883      2.327      3.375    23.2830   997.5011 0.0000e+00
      2.387      0.073     2.5473     29.712     36.827  35.371091     8.3540      8.036   225.8126 1.2841e+01     5.1978      2.341      3.395    23.1931   997.5228 0.0000e+00
      2.401      0.067     2.3401     27.272     36.874  35.382522     6.9509      8.033   226.3134 1.2229e+01     4.8847      2.355      3.415    23.1470   997.5338 0.0000e+00
      2.416      0.063     2.1490     25.018     36.929  35.395220     6.1891      8.030   226.8622 1.1661e+01     4.7158      2.369      3.436    23.1058   997.5437 0.0000e+00
      2.430      0.063     1.9864     23.098     36.980  35.397632     6.1230      8.026   227.2862 1.1149e+01     4.6954      2.383      3.457    23.0581   997.5550 0.0000e+00
      2.445      0.065     1.8573     21.569     37.047  35.411618     6.1082      8.022   227.5675 1.0644e+01     4.7037      2.397      3.477    23.0189   997.5644 0.0000e+00
      2.462      0.067     1.7556     20.360     37.127  35.437316     6.0627      8.019   227.6815 1.0122e+01     4.7840      2.413      3.500    22.9771   997.5744 0.0000e+00
      2.482      0.068     1.6695     19.339     37.194  35.454386     6.0058      8.015   227.8909 9.6414e+00     4.9116      2.434      3.530    22.9189   997.5882 0.0000e+00
      2.501      0.068     1.5795     18.277     37.279  35.491014     5.9839      8.011   228.3782 9.2504e+00     4.9687      2.454      3.559    22.8579   997.6027 0.0000e+00
      2.518      0.068     1.4775     17.078     37.464  35.626237     5.9799      8.008   228.8407 8.9096e+00     4.9499      2.470      3.582    22.7885   997.6192 0.0000e+00
      2.533      0.068     1.3706     15.826     37.779  35.883382     5.9994      8.004   229.0951 8.5809e+00     4.9149      2.484      3.603    22.7159   997.6363 0.0000e+00
      2.549      0.069     1.2586     14.514     38.222  36.251672     6.0555      7.999   229.3037 8.2784e+00     4.9382      2.500      3.626    22.6542   997.6508 0.0000e+00
      2.566      0.071     1.1398     13.122     38.852  36.778639     6.1037      7.994   229.5559 8.0057e+00     5.0013      2.517      3.650    22.5953   997.6646 0.0000e+00
      2.584      0.074     1.0168     11.685     39.691  37.494339     6.2183      7.989   229.8221 7.7532e+00     5.0231      2.534      3.676    22.5404   997.6774 0.0000e+00
      2.604      0.079     0.8909     10.220     40.757  38.430638     7.3630      7.984   230.1128 7.4964e+00     5.2993      2.553      3.703    22.4906   997.6892 0.0000e+00
      2.625      0.084     0.7664      8.779     42.797  40.291574     9.4625      7.979   230.4038 7.2173e+00     5.8829      2.573      3.732    22.4273   997.7041 0.0000e+00
      2.647      0.089     0.6447      7.376     45.989  43.234741    10.6220      7.974   230.5870 6.9293e+00     6.2134      2.595      3.764    22.3309   997.7266 0.0000e+00
      2.671      0.092     0.5241      5.988     48.954  45.953727    10.8476      7.969   230.6924 6.6635e+00     6.3135      2.619      3.799    22.2231   997.7518 0.0000e+00
