Data/DataAlreadyUploadedToEDI/CollatedDataForEDI/CTDData/CTD_2019 (not collated)/080519_fcr50_a.cnv
* Sea-Bird SBE19plus  Data File:
* FileName = C:\DATA\080519_fcr50_0005.hex
* Software version 2.8.0.119 SB_Terminal.dll
* Temperature SN = 7809
* Conductivity SN = 7809
* System UpLoad Time = Aug 05 2019 17:59:47
* <ApplicationData>
* <Seaterm232>
# nquan = 16
# nvalues = 702                         
# units = specified
# name 0 = depFM: Depth [fresh water, m]
# name 1 = dz/dtM: Descent Rate [m/s]
# name 2 = sbeox0Mg/L: Oxygen, SBE 43 [mg/l]
# name 3 = sbeox0PS: Oxygen, SBE 43 [% saturation]
# name 4 = specc: Specific Conductance [uS/cm]
# name 5 = c0uS/cm: Conductivity [uS/cm]
# name 6 = flECO-AFL: Fluorescence, WET Labs ECO-AFL/FL [mg/m^3]
# name 7 = ph: pH
# name 8 = orp: Oxidation Reduction Potential [mV]
# name 9 = par/sat/log: PAR/Logarithmic, Satlantic
# name 10 = turbWETntu0: Turbidity, WET Labs ECO [NTU]
# name 11 = prdM: Pressure, Strain Gauge [db]
# name 12 = prdE: Pressure, Strain Gauge [psi]
# name 13 = tv290C: Temperature [ITS-90, deg C]
# name 14 = density00: Density [density, kg/m^3]
# name 15 = flag:  0.000e+00
# span 0 =     -0.576,      9.566       
# span 1 =     -0.001,      0.119       
# span 2 =    -0.0492,     8.8950       
# span 3 =     -0.447,    109.816       
# span 4 =      1.266,    230.310       
# span 5 =   1.188185, 165.525963       
# span 6 =    -0.1550,     8.5720       
# span 7 =      6.727,      8.494       
# span 8 =  -493.7746,   338.8799       
# span 9 = 1.2352e-01, 7.9265e+02       
# span 10 =    -0.5533,    55.5023      
# span 11 =     -0.566,      9.382      
# span 12 =     -0.820,     13.608      
# span 13 =    10.7940,    26.6431      
# span 14 =   996.6303,   999.7457      
# span 15 = 0.0000e+00, 0.0000e+00      
# interval = seconds: 0.25
# start_time = Aug 05 2019 12:01:40 [Instrument's time stamp, header]
# bad_flag = -9.990e-29
*END*
[from data line 272]
      2.298      0.057     5.1027     59.502     37.765  36.264082     6.7290      7.970   221.6482 2.8816e+01     3.0952      2.254      3.269    23.1535   997.5320 0.0000e+00
      2.310      0.055     5.0250     58.568     37.799  36.277309     6.6937      7.969   221.5123 2.8431e+01     3.0704      2.265      3.285    23.0990   997.5451 0.0000e+00
      2.323      0.055     4.9443     57.602     37.844  36.302076     6.6876      7.966   221.5718 2.8030e+01     3.0820      2.278      3.304    23.0596   997.5545 0.0000e+00
      2.338      0.057     4.8668     56.679     37.866  36.309628     6.7681      7.962   222.2810 2.7568e+01     3.1367      2.292      3.323    23.0314   997.5613 0.0000e+00
      2.353      0.061     4.7988     55.861     37.880  36.305120     6.9295      7.958   223.3769 2.7097e+01     3.1427      2.307      3.347    23.0067   997.5671 0.0000e+00
      2.368      0.064     4.7463     55.205     37.920  36.311025     7.0265      7.955   224.0669 2.6684e+01     3.0889      2.322      3.369    22.9815   997.5732 0.0000e+00
      2.384      0.067     4.7110     54.729     37.977  36.317503     7.0390      7.952   224.2559 2.6204e+01     3.0756      2.337      3.389    22.9528   997.5802 0.0000e+00
      2.403      0.070     4.6929     54.432     38.046  36.319909     7.0289      7.948   224.2868 2.5682e+01     3.0802      2.356      3.418    22.9402   997.5832 0.0000e+00
      2.422      0.072     4.6877     54.264     38.150  36.340023     6.9650      7.943   224.6126 2.5193e+01     3.0132      2.375      3.445    22.9259   997.5867 0.0000e+00
      2.440      0.074     4.6840     54.104     38.273  36.370170     6.8564      7.939   225.4415 2.4668e+01     2.8882      2.392      3.469    22.8778   997.5981 0.0000e+00
      2.459      0.075     4.6742     53.872     38.363  36.366931     6.7984      7.936   226.3079 2.4122e+01     2.8470      2.410      3.496    22.8159   997.6128 0.0000e+00
      2.479      0.075     4.6607     53.604     38.448  36.364212     6.7760      7.934   226.9997 2.3630e+01     2.8757      2.431      3.526    22.7346   997.6319 0.0000e+00
      2.499      0.074     4.6504     53.380     38.572  36.400643     6.5945      7.931   227.6971 2.3175e+01     2.8417      2.451      3.554    22.6268   997.6572 0.0000e+00
      2.519      0.073     4.6499     53.269     38.683  36.426470     6.2685      7.927   228.2881 2.2722e+01     2.7971      2.471      3.583    22.5079   997.6851 0.0000e+00
      2.537      0.071     4.6607     53.289     38.762  36.422482     6.0942      7.923   228.2082 2.2312e+01     2.7954      2.489      3.610    22.3908   997.7123 0.0000e+00
      2.554      0.069     4.6806     53.412     38.839  36.415797     6.0817      7.921   227.6771 2.1937e+01     2.8211      2.505      3.633    22.2819   997.7374 0.0000e+00
      2.571      0.068     4.7065     53.608     38.911  36.409003     6.0139      7.919   227.6319 2.1571e+01     2.8129      2.521      3.657    22.1782   997.7613 0.0000e+00
      2.587      0.067     4.7345     53.832     38.981  36.403708     5.8722      7.917   228.0915 2.1235e+01     2.7288      2.537      3.680    22.0783   997.7842 0.0000e+00
      2.605      0.067     4.7589     54.012     39.072  36.415145     5.7905      7.914   228.7601 2.0890e+01     2.6563      2.554      3.704    21.9775   997.8072 0.0000e+00
      2.623      0.068     4.7734     54.072     39.161  36.420245     5.7894      7.911   229.0911 2.0549e+01     2.6567      2.572      3.731    21.8730   997.8309 0.0000e+00
      2.640      0.068     4.7740     53.972     39.228  36.401786     5.8233      7.908   228.9106 2.0245e+01     2.7339      2.589      3.755    21.7777   997.8525 0.0000e+00
      2.656      0.067     4.7603     53.710     39.293  36.382272     5.8801      7.903   228.8999 1.9905e+01     2.8359      2.603      3.776    21.6921   997.8717 0.0000e+00
      2.673      0.062     4.7317     53.291     39.364  36.374600     5.9119      7.899   229.2202 1.9505e+01     2.8749      2.620      3.800    21.5976   997.8930 0.0000e+00
      2.693      0.055     4.6897     52.749     39.418  36.372393     5.9046      7.896   229.6855 1.9124e+01     2.8444      2.641      3.830    21.4982   997.9152 0.0000e+00
      2.710      0.047     4.6380     52.148     39.415  36.355514     5.9048      7.893   230.0516 1.8845e+01     2.7941      2.660      3.858    21.3937   997.9383 0.0000e+00
      2.721      0.042     4.5827     51.548     39.334  36.297454     5.9408      7.890   230.2909 1.8735e+01     2.7265      2.672      3.875    21.2896   997.9614 0.0000e+00
      2.726      0.040     4.5308     50.968     39.270  36.241668     5.9754      7.887   230.5140 1.8735e+01     2.6499      2.674      3.879    21.1900   997.9832 0.0000e+00
      2.727      0.043     4.4883     50.440     39.326  36.252269     5.9765      7.885   230.9426 1.8659e+01     2.6214      2.672      3.876    21.1123   998.0002 0.0000e+00
      2.734      0.050     4.4591     50.050     39.361  36.235146     5.9545      7.882   231.6015 1.8393e+01     2.6439      2.676      3.882    21.0937   998.0043 0.0000e+00
      2.750      0.063     4.4454     49.855     39.247  36.098040     5.8997      7.877   232.1136 1.7995e+01     2.6597      2.694      3.908    21.1420   997.9938 0.0000e+00
      2.772      0.078     4.4506     49.833     39.131  35.927388     5.8255      7.873   232.8321 1.7588e+01     2.6490      2.719      3.943    21.1712   997.9875 0.0000e+00
      2.794      0.090     4.4695     49.882     39.159  35.821974     5.7854      7.871   234.3529 1.7186e+01     2.6454      2.740      3.973    21.0894   998.0054 0.0000e+00
      2.819      0.095     4.4900     49.909     39.284  35.775370     5.7621      7.868   235.9608 1.6724e+01     2.6485      2.763      4.007    21.0032   998.0243 0.0000e+00
      2.848      0.095     4.5071     49.924     39.404  35.744498     5.5695      7.864   236.6995 1.6253e+01     2.6213      2.793      4.051    20.9989   998.0253 0.0000e+00
      2.876      0.091     4.5203     49.952     39.461  35.702388     5.2160      7.862   236.9179 1.5881e+01     2.5783      2.823      4.095    20.9434   998.0374 0.0000e+00
      2.900      0.085     4.5284     49.985     39.450  35.646928     5.0251      7.860   237.0526 1.5644e+01     2.5545      2.846      4.129    20.7493   998.0792 0.0000e+00
      2.919      0.079     4.5344     50.019     39.407  35.581638     5.0307      7.857   237.6394 1.5483e+01     2.5302      2.863      4.153    20.5160   998.1290 0.0000e+00
      2.935      0.073     4.5450     50.073     39.353  35.484175     5.1963      7.854   238.7640 1.5304e+01     2.4489      2.878      4.174    20.3311   998.1681 0.0000e+00
      2.951      0.071     4.5622     50.167     39.295  35.357018     5.4846      7.850   239.5517 1.5079e+01     2.3251      2.894      4.197    20.2061   998.1943 0.0000e+00
      2.968      0.071     4.5860     50.322     39.269  35.250013     5.6382      7.847   239.9357 1.4824e+01     2.2458      2.910      4.221    20.1622   998.2035 0.0000e+00
      2.985      0.074     4.6148     50.520     39.322  35.205782     5.6405      7.845   240.1382 1.4545e+01     2.2434      2.927      4.246    20.1613   998.2038 0.0000e+00
      3.005      0.076     4.6428     50.708     39.423  35.202907     5.4768      7.843   240.2789 1.4225e+01     2.3289      2.946      4.271    20.0931   998.2179 0.0000e+00
      3.027      0.077     4.6655     50.854     39.525  35.215129     5.1767      7.841   240.6042 1.3875e+01     2.4274      2.968      4.305    19.9823   998.2410 0.0000e+00
      3.048      0.078     4.6792     50.931     39.601  35.226519     5.0211      7.839   241.0603 1.3566e+01     2.4515      2.991      4.338    19.8841   998.2613 0.0000e+00
      3.068      0.078     4.6832     50.921     39.633  35.213607     5.0085      7.837   241.4923 1.3300e+01     2.4573      3.010      4.365    19.7630   998.2861 0.0000e+00
      3.086      0.077     4.6797     50.833     39.645  35.185893     4.9811      7.834   241.9555 1.3021e+01     2.3657      3.026      4.389    19.6365   998.3119 0.0000e+00
      3.105      0.075     4.6702     50.683     39.642  35.145261     4.9329      7.830   242.5306 1.2708e+01     2.1627      3.044      4.415    19.5319   998.3332 0.0000e+00
      3.126      0.071     4.6513     50.434     39.633  35.103087     4.9107      7.826   243.0254 1.2398e+01     2.0684      3.065      4.446    19.4642   998.3468 0.0000e+00
      3.146      0.067     4.6193     50.052     39.611  35.056740     4.9113      7.824   242.9469 1.2137e+01     2.0774      3.086      4.476    19.4201   998.3557 0.0000e+00
      3.163      0.065     4.5778     49.572     39.536  34.965661     4.9060      7.822   242.4425 1.1930e+01     2.0745      3.104      4.502    19.3724   998.3655 0.0000e+00
      3.176      0.065     4.5343     49.048     39.426  34.826920     4.9851      7.821   242.4328 1.1767e+01     2.0670      3.116      4.519    19.3229   998.3754 0.0000e+00
      3.189      0.066     4.4919     48.497     39.308  34.648538     5.1569      7.820   243.0880 1.1596e+01     2.0517      3.125      4.533    19.2764   998.3846 0.0000e+00
      3.204      0.067     4.4516     47.927     39.217  34.458913     5.2492      7.818   243.9984 1.1369e+01     2.0528      3.140      4.554    19.2430   998.3914 0.0000e+00
      3.224      0.071     4.4158     47.381     39.198  34.311107     5.2513      7.817   244.7500 1.1117e+01     2.0805      3.161      4.584    19.2227   998.3954 0.0000e+00
      3.245      0.076     4.3839     46.879     39.215  34.194047     5.3042      7.816   245.1209 1.0892e+01     1.9935      3.183      4.616    19.1790   998.4041 0.0000e+00
      3.265      0.081     4.3559     46.435     39.197  34.058839     5.4124      7.813   245.2125 1.0698e+01     1.8207      3.202      4.644    19.0847   998.4228 0.0000e+00
      3.285      0.084     4.3328     46.063     39.113  33.882009     5.4752      7.810   245.2559 1.0508e+01     1.7616      3.220      4.670    18.9403   998.4510 0.0000e+00
      3.306      0.086     4.3108     45.727     39.008  33.705971     5.4832      7.807   245.4730 1.0300e+01     1.7706      3.240      4.700    18.7603   998.4861 0.0000e+00
      3.328      0.086     4.2865     45.392     38.938  33.580351     5.4569      7.804   245.9449 1.0075e+01     1.7647      3.263      4.732    18.5871   998.5194 0.0000e+00
      3.353      0.085     4.2591     45.039     38.913  33.505416     5.3994      7.803   246.4016 9.8641e+00     1.7560      3.289      4.770    18.4351   998.5485 0.0000e+00
      3.377      0.081     4.2312     44.687     38.960  33.497980     5.3604      7.800   246.6936 9.7036e+00     1.7305      3.313      4.806    18.2990   998.5743 0.0000e+00
      3.397      0.075     4.2074     44.384     39.002  33.490383     5.3577      7.798   246.9798 9.5788e+00     1.7185      3.333      4.834    18.1909   998.5945 0.0000e+00
      3.416      0.068     4.1907     44.158     38.963  33.413499     5.3583      7.796   247.2805 9.4681e+00     1.7421      3.350      4.859    18.1099   998.6097 0.0000e+00
      3.432      0.061     4.1819     44.008     38.923  33.329895     5.3428      7.794   247.6620 9.3855e+00     1.7876      3.367      4.883    18.0458   998.6217 0.0000e+00
      3.445      0.056     4.1793     43.922     38.878  33.241032     5.3171      7.792   247.8935 9.3192e+00     1.8088      3.380      4.901    17.9849   998.6331 0.0000e+00
      3.457      0.053     4.1794     43.867     38.844  33.164024     5.2981      7.791   248.1865 9.2559e+00     1.8017      3.390      4.916    17.9280   998.6437 0.0000e+00
      3.468      0.052     4.1799     43.815     38.897  33.160291     5.2698      7.788   248.7948 9.1884e+00     1.8000      3.401      4.933    17.8810   998.6523 0.0000e+00
      3.481      0.053     4.1799     43.769     38.985  33.195827     5.2169      7.786   249.2257 9.1070e+00     1.7889      3.414      4.950    17.8105   998.6652 0.0000e+00
      3.495      0.056     4.1787     43.728     39.033  33.212865     5.1874      7.785   249.6107 9.0230e+00     1.7974      3.428      4.971    17.7422   998.6778 0.0000e+00
      3.510      0.059     4.1752     43.672     39.010  33.175871     5.1908      7.782   250.0947 8.9227e+00     1.8052      3.442      4.992    17.6899   998.6873 0.0000e+00
      3.526      0.061     4.1683     43.575     38.906  33.065836     5.1892      7.780   250.5174 8.8091e+00     1.7850      3.457      5.014    17.6171   998.7005 0.0000e+00
      3.542      0.063     4.1579     43.425     38.750  32.897811     5.1161      7.778   251.2804 8.7032e+00     1.7826      3.474      5.038    17.5612   998.7107 0.0000e+00
      3.559      0.063     4.1471     43.237     38.630  32.730815     4.9744      7.777   252.4359 8.5854e+00     1.8088      3.490      5.062    17.5374   998.7151 0.0000e+00
      3.575      0.063     4.1373     43.010     38.643  32.633173     4.8977      7.777   253.3039 8.4654e+00     1.8395      3.506      5.085    17.5215   998.7180 0.0000e+00
      3.591      0.061     4.1224     42.711     38.758  32.605539     4.8903      7.776   253.6875 8.3671e+00     1.8257      3.521      5.106    17.4941   998.7230 0.0000e+00
      3.607      0.058     4.0944     42.312     38.850  32.586923     4.7903      7.774   253.9760 8.2541e+00     1.8061      3.537      5.129    17.4569   998.7296 0.0000e+00
      3.623      0.057     4.0466     41.748     38.863  32.534891     4.6070      7.773   254.2112 8.1422e+00     1.8322      3.555      5.155    17.3878   998.7420 0.0000e+00
      3.637      0.059     3.9744     40.931     38.881  32.484036     4.5126      7.772   254.2952 8.0748e+00     1.8460      3.569      5.175    17.2289   998.7702 0.0000e+00
      3.648      0.063     3.8828     39.879     38.999  32.479656     4.5073      7.771   254.3888 8.0018e+00     1.8429      3.576      5.187    17.0390   998.8036 0.0000e+00
      3.660      0.067     3.7815     38.701     39.161  32.481799     4.5695      7.770   254.5685 7.8784e+00     1.8272      3.586      5.202    16.9155   998.8251 0.0000e+00
      3.679      0.070     3.6737     37.461     39.358  32.509785     4.6916      7.768   254.6613 7.7204e+00     1.7863      3.605      5.229    16.8556   998.8355 0.0000e+00
      3.703      0.072     3.5519     36.102     39.726  32.690937     4.7615      7.767   254.8227 7.5663e+00     1.7750      3.632      5.268    16.7918   998.8465 0.0000e+00
      3.726      0.073     3.4024     34.488     40.333  33.085397     4.7637      7.766   255.3147 7.4489e+00     1.7895      3.656      5.302    16.6540   998.8702 0.0000e+00
      3.745      0.070     3.2145     32.509     40.911  33.471288     4.6587      7.764   255.6197 7.3650e+00     1.7972      3.674      5.329    16.4673   998.9018 0.0000e+00
      3.760      0.064     2.9895     30.170     41.105  33.548810     4.4540      7.761   255.5853 7.2665e+00     1.8027      3.688      5.350    16.2896   998.9316 0.0000e+00
      3.774      0.059     2.7350     27.547     41.000  33.387982     4.3344      7.758   255.8457 7.1480e+00     1.8229      3.700      5.367    16.1337   998.9574 0.0000e+00
      3.788      0.055     2.4500     24.640     40.889  33.240174     4.3234      7.756   256.2732 7.0544e+00     1.8447      3.715      5.388    16.0051   998.9787 0.0000e+00
      3.802      0.055     2.1313     21.414     40.833  33.157808     4.3375      7.754   256.5373 6.9954e+00     1.8701      3.729      5.409    15.9010   998.9959 0.0000e+00
      3.814      0.056     1.7873     17.941     40.795  33.090148     4.3574      7.749   256.8893 6.9334e+00     1.9335      3.740      5.425    15.8064   999.0111 0.0000e+00
