Data/DataAlreadyUploadedToEDI/CollatedDataForEDI/CTDData/CTD_2019 (not collated)/080819_bvr50.cnv
* Sea-Bird SBE19plus  Data File:
* FileName = C:\DATA\080819_fcr50_0001.hex
* Software version 2.8.0.119 SB_Terminal.dll
* Temperature SN = 7809
* Conductivity SN = 7809
* System UpLoad Time = Aug 08 2019 11:11:11
* <ApplicationData>
* <Seaterm232>
# nquan = 16
# nvalues = 1091                        
# units = specified
# name 0 = depFM: Depth [fresh water, m]
# name 1 = dz/dtM: Descent Rate [m/s]
# name 2 = sbeox0Mg/L: Oxygen, SBE 43 [mg/l]
# name 3 = sbeox0PS: Oxygen, SBE 43 [% saturation]
# name 4 = specc: Specific Conductance [uS/cm]
# name 5 = c0uS/cm: Conductivity [uS/cm]
# name 6 = flECO-AFL: Fluorescence, WET Labs ECO-AFL/FL [mg/m^3]
# name 7 = ph: pH
# name 8 = orp: Oxidation Reduction Potential [mV]
# name 9 = par/sat/log: PAR/Logarithmic, Satlantic
# name 10 = turbWETntu0: Turbidity, WET Labs ECO [NTU]
# name 11 = prdM: Pressure, Strain Gauge [db]
# name 12 = prdE: Pressure, Strain Gauge [psi]
# name 13 = tv290C: Temperature [ITS-90, deg C]
# name 14 = density00: Density [density, kg/m^3]
# name 15 = flag:  0.000e+00
# span 0 =     -0.710,     10.540       
# span 1 =     -0.012,      0.266       
# span 2 =     0.0572,     7.9205       
# span 3 =      0.492,     99.100       
# span 4 =      2.049,    176.052       
# span 5 =   2.132482, 118.578316       
# span 6 =    -0.1107,    29.4693       
# span 7 =      3.627,      9.394       
# span 8 =     4.1808,  1161.6255       
# span 9 = 1.2349e-01, 3.4956e+02       
# span 10 =    -0.5751,     3.5236      
# span 11 =     -0.696,     10.337      
# span 12 =     -1.010,     14.992      
# span 13 =     8.6586,    27.1185      
# span 14 =   996.4887,   999.9212      
# span 15 = 0.0000e+00, 0.0000e+00      
# interval = seconds: 0.25
# start_time = Aug 08 2019 10:58:23 [Instrument's time stamp, header]
# bad_flag = -9.990e-29
*END*
[from data line 543]
      4.699      0.057     0.1177      1.281     29.892  26.580401    21.1244      7.045   305.1103 1.8823e+01     3.1422      4.608      6.683    19.7113   998.3008 0.0000e+00
      4.714      0.056     0.1201      1.305     29.892  26.545411    21.2027      7.043   305.1759 1.8495e+01     3.1606      4.623      6.705    19.6512   998.3130 0.0000e+00
      4.729      0.053     0.1227      1.332     29.811  26.441712    21.7392      7.043   305.2561 1.8215e+01     3.1502      4.638      6.727    19.5857   998.3265 0.0000e+00
      4.742      0.050     0.1238      1.343     29.732  26.341602    22.6949      7.042   305.3056 1.7988e+01     3.1145      4.650      6.745    19.5176   998.3403 0.0000e+00
      4.753      0.046     0.1222      1.325     29.701  26.286576    23.2048      7.040   305.2577 1.7754e+01     3.0898      4.661      6.760    19.4534   998.3533 0.0000e+00
      4.765      0.041     0.1189      1.287     29.721  26.283883    23.2227      7.039   305.1935 1.7505e+01     3.0810      4.674      6.778    19.3962   998.3648 0.0000e+00
      4.776      0.037     0.1146      1.241     29.761  26.309014    23.0053      7.038   305.2176 1.7325e+01     3.0735      4.685      6.795    19.3430   998.3753 0.0000e+00
      4.785      0.034     0.1100      1.191     29.793  26.336664    22.6052      7.035   305.2907 1.7215e+01     3.0647      4.694      6.807    19.2922   998.3855 0.0000e+00
      4.792      0.032     0.1060      1.148     29.833  26.364431    22.3821      7.034   305.3035 1.7082e+01     3.0403      4.700      6.816    19.2446   998.3950 0.0000e+00
      4.798      0.030     0.1035      1.119     29.889  26.390975    22.3800      7.034   305.2863 1.6900e+01     3.0409      4.705      6.823    19.2049   998.4029 0.0000e+00
      4.804      0.030     0.1023      1.104     29.942  26.403802    22.6756      7.033   305.2551 1.6722e+01     3.0722      4.711      6.833    19.1873   998.4064 0.0000e+00
      4.812      0.031     0.1015      1.095     29.966  26.392597    23.2254      7.032   305.2701 1.6543e+01     3.0909      4.719      6.843    19.1973   998.4045 0.0000e+00
      4.821      0.034     0.1008      1.086     29.987  26.382335    23.5222      7.032   305.3816 1.6345e+01     3.0697      4.728      6.857    19.1958   998.4049 0.0000e+00
      4.830      0.038     0.1008      1.086     30.049  26.406561    23.5243      7.030   305.4845 1.6165e+01     3.0459      4.737      6.870    19.1506   998.4139 0.0000e+00
      4.839      0.041     0.1023      1.101     30.118  26.431714    23.1376      7.029   305.5684 1.5973e+01     3.0656      4.744      6.881    19.0841   998.4270 0.0000e+00
      4.849      0.044     0.1038      1.116     30.160  26.432641    22.3928      7.029   305.7070 1.5710e+01     3.1101      4.753      6.894    19.0293   998.4377 0.0000e+00
      4.862      0.046     0.1036      1.112     30.185  26.417723    21.9751      7.028   305.8700 1.5403e+01     3.1250      4.767      6.914    18.9883   998.4458 0.0000e+00
      4.876      0.048     0.1018      1.091     30.181  26.378176    21.9271      7.026   305.9909 1.5103e+01     3.0818      4.782      6.935    18.9381   998.4557 0.0000e+00
      4.888      0.050     0.0999      1.069     30.175  26.335076    21.8560      7.023   306.0505 1.4856e+01     3.0478      4.794      6.953    18.8774   998.4676 0.0000e+00
      4.900      0.050     0.0981      1.048     30.150  26.277210    21.1069      7.021   305.9880 1.4621e+01     3.0739      4.805      6.970    18.8154   998.4797 0.0000e+00
      4.913      0.050     0.0961      1.026     30.080  26.186000    19.7371      7.021   305.9230 1.4343e+01     3.1030      4.817      6.986    18.7548   998.4915 0.0000e+00
      4.926      0.051     0.0943      1.006     30.031  26.120400    18.9918      7.020   306.0394 1.4069e+01     3.1047      4.831      7.006    18.6965   998.5028 0.0000e+00
      4.938      0.053     0.0928      0.990     30.057  26.118427    18.9971      7.018   306.1908 1.3812e+01     3.0945      4.843      7.024    18.6351   998.5146 0.0000e+00
      4.950      0.055     0.0925      0.985     30.141  26.162108    19.9229      7.014   306.2909 1.3506e+01     3.1110      4.853      7.039    18.5664   998.5278 0.0000e+00
      4.966      0.057     0.0930      0.989     30.305  26.267859    21.6284      7.011   306.3029 1.3151e+01     3.2056      4.868      7.061    18.5172   998.5373 0.0000e+00
      4.983      0.057     0.0939      0.998     30.487  26.381952    22.5733      7.008   306.1646 1.2846e+01     3.2872      4.889      7.090    18.4902   998.5424 0.0000e+00
      4.998      0.055     0.0951      1.010     30.543  26.399611    22.8245      7.006   306.0811 1.2606e+01     3.2786      4.903      7.110    18.4449   998.5511 0.0000e+00
      5.011      0.052     0.0955      1.014     30.505  26.354445    24.5268      7.005   306.2397 1.2323e+01     3.2660      4.912      7.125    18.3973   998.5603 0.0000e+00
      5.025      0.049     0.0951      1.009     30.501  26.343371    27.6278      7.004   306.5332 1.2049e+01     3.3308      4.928      7.149    18.3459   998.5700 0.0000e+00
      5.038      0.047     0.0940      0.996     30.578  26.392581    29.3237      7.003   306.7048 1.1895e+01     3.3735      4.943      7.169    18.2545   998.5874 0.0000e+00
      5.046      0.046     0.0928      0.983     30.680  26.441887    29.4693      7.002   306.6797 1.1743e+01     3.3236      4.948      7.176    18.1951   998.5986 0.0000e+00
      5.055      0.045     0.0937      0.990     30.739  26.431954    29.3271      7.001   306.5728 1.1483e+01     3.3175      4.956      7.187    18.1967   998.5982 0.0000e+00
      5.068      0.044     0.0962      1.014     30.772  26.399289    29.0444      6.999   306.5314 1.1166e+01     3.3982      4.970      7.208    18.1826   998.6009 0.0000e+00
      5.082      0.044     0.0971      1.022     31.167  26.681266    28.8861      6.998   306.5240 1.0898e+01     3.4803      4.986      7.232    18.1652   998.6043 0.0000e+00
      5.093      0.044     0.0966      1.015     32.193  27.493839    28.6957      6.997   306.4831 1.0708e+01     3.5236      4.997      7.247    18.1102   998.6146 0.0000e+00
      5.103      0.043     0.0971      1.018     33.284  28.356866    26.6302      6.996   306.4674 1.0509e+01     3.4956      5.003      7.256    17.9831   998.6383 0.0000e+00
      5.114      0.041     0.0979      1.023     33.954  28.868027    22.8390      6.996   306.4204 1.0290e+01     3.4037      5.015      7.273    17.8843   998.6565 0.0000e+00
      5.126      0.039     0.0975      1.018     34.299  29.105914    20.7695      6.995   306.3441 1.0095e+01     3.3302      5.028      7.292    17.8120   998.6698 0.0000e+00
      5.137      0.039     0.0958      0.999     34.398  29.139230    20.5775      6.994   306.2340 9.9274e+00     3.2949      5.038      7.306    17.7019   998.6903 0.0000e+00
      5.146      0.038     0.0943      0.982     34.230  28.953540    20.4659      6.994   306.2070 9.7943e+00     3.2727      5.046      7.319    17.5878   998.7114 0.0000e+00
      5.154      0.037     0.0931      0.967     33.900  28.637292    19.3676      6.992   306.3626 9.6748e+00     3.1593      5.054      7.330    17.5036   998.7267 0.0000e+00
      5.163      0.036     0.0926      0.962     33.764  28.487910    17.3645      6.990   306.2223 9.5426e+00     2.9738      5.063      7.343    17.4257   998.7408 0.0000e+00
      5.173      0.036     0.0939      0.974     33.943  28.606651    16.2905      6.988   305.8008 9.4206e+00     2.8968      5.073      7.358    17.3465   998.7551 0.0000e+00
      5.182      0.037     0.0939      0.973     34.142  28.740521    16.3014      6.985   305.6542 9.3195e+00     2.8841      5.082      7.371    17.2851   998.7659 0.0000e+00
      5.189      0.038     0.0925      0.957     34.224  28.774065    17.4093      6.982   305.6551 9.2050e+00     2.8536      5.089      7.381    17.2329   998.7751 0.0000e+00
      5.199      0.040     0.0921      0.952     34.099  28.631495    19.4557      6.979   305.4666 9.0445e+00     2.8219      5.097      7.393    17.1819   998.7840 0.0000e+00
      5.210      0.043     0.0920      0.950     33.509  28.095285    20.5836      6.976   305.0105 8.8780e+00     2.8285      5.110      7.411    17.1363   998.7922 0.0000e+00
      5.222      0.046     0.0919      0.948     32.698  27.366510    20.7644      6.973   304.3563 8.7298e+00     2.8686      5.121      7.427    17.0881   998.8007 0.0000e+00
      5.233      0.050     0.0927      0.954     32.239  26.925823    21.6071      6.971   303.7516 8.5435e+00     2.8805      5.131      7.442    17.0337   998.8102 0.0000e+00
      5.246      0.052     0.0939      0.965     32.191  26.827378    23.1424      6.969   303.1186 8.3165e+00     2.8743      5.145      7.461    16.9794   998.8198 0.0000e+00
      5.261      0.053     0.0941      0.965     32.316  26.874038    23.9814      6.967   302.1236 8.0820e+00     2.8583      5.159      7.483    16.9213   998.8297 0.0000e+00
      5.276      0.053     0.0952      0.975     32.511  26.982364    24.0099      6.964   300.8420 7.8415e+00     2.8518      5.174      7.505    16.8472   998.8421 0.0000e+00
      5.291      0.051     0.0972      0.994     32.737  27.121975    23.4607      6.961   298.2051 7.6169e+00     2.8607      5.190      7.527    16.7577   998.8575 0.0000e+00
      5.305      0.048     0.0962      0.982     32.908  27.229677    22.4392      6.959   292.7838 7.4413e+00     2.8346      5.203      7.547    16.6642   998.8734 0.0000e+00
      5.316      0.043     0.0942      0.962     32.971  27.269434    21.8708      6.957   285.9704 7.3141e+00     2.8312      5.214      7.563    16.5742   998.8887 0.0000e+00
      5.326      0.039     0.0942      0.962     32.989  27.285436    21.7645      6.956   279.6662 7.1952e+00     2.8854      5.224      7.577    16.4929   998.9026 0.0000e+00
      5.335      0.037     0.0938      0.957     33.002  27.296271    21.1985      6.956   274.7228 7.0409e+00     2.9008      5.232      7.588    16.4149   998.9157 0.0000e+00
      5.343      0.037     0.0922      0.940     32.987  27.273555    20.1685      6.956   271.7148 6.8842e+00     2.8855      5.239      7.599    16.3530   998.9262 0.0000e+00
      5.351      0.038     0.0914      0.931     33.012  27.264548    19.6097      6.955   269.7973 6.7502e+00     2.8640      5.247      7.610    16.3416   998.9281 0.0000e+00
      5.360      0.041     0.0909      0.925     33.054  27.250768    19.5583      6.954   267.8856 6.6043e+00     2.8380      5.255      7.623    16.3535   998.9261 0.0000e+00
      5.371      0.043     0.0893      0.907     33.021  27.170328    19.5208      6.953   265.9804 6.4426e+00     2.8655      5.267      7.639    16.3561   998.9259 0.0000e+00
      5.384      0.044     0.0893      0.907     33.017  27.116667    19.2255      6.951   264.1411 6.2751e+00     2.9022      5.280      7.658    16.3464   998.9275 0.0000e+00
      5.397      0.045     0.0906      0.917     33.148  27.172896    18.7103      6.951   262.2526 6.1191e+00     2.8886      5.293      7.678    16.3036   998.9346 0.0000e+00
      5.409      0.045     0.0912      0.922     33.425  27.342572    18.4329      6.951   260.5266 5.9983e+00     2.8643      5.306      7.697    16.2204   998.9485 0.0000e+00
      5.419      0.044     0.0922      0.931     33.795  27.582016    18.2989      6.950   259.2756 5.9025e+00     2.8702      5.315      7.709    16.1319   998.9630 0.0000e+00
      5.429      0.043     0.0932      0.939     34.116  27.783878    17.0474      6.950   258.4844 5.7969e+00     2.7963      5.323      7.720    16.0634   998.9743 0.0000e+00
      5.440      0.040     0.0936      0.941     34.360  27.943268    14.7629      6.950   257.7577 5.6651e+00     2.6265      5.335      7.736    15.9870   998.9868 0.0000e+00
      5.453      0.038     0.0945      0.950     34.678  28.176767    13.5132      6.950   256.8558 5.5474e+00     2.5215      5.349      7.758    15.9011   999.0009 0.0000e+00
      5.463      0.038     0.0950      0.953     35.135  28.513302    13.3381      6.949   255.6670 5.4772e+00     2.4770      5.359      7.773    15.8073   999.0161 0.0000e+00
      5.471      0.037     0.0935      0.938     35.597  28.839832    12.7323      6.948   254.2240 5.4159e+00     2.4814      5.364      7.780    15.7014   999.0332 0.0000e+00
      5.478      0.035     0.0923      0.924     35.877  29.015749    11.6590      6.947   252.9173 5.3346e+00     2.5099      5.371      7.791    15.6468   999.0419 0.0000e+00
      5.487      0.033     0.0920      0.920     35.980  29.054008    11.0768      6.945   251.7419 5.2431e+00     2.4935      5.381      7.805    15.6338   999.0441 0.0000e+00
      5.496      0.032     0.0913      0.912     36.095  29.112015    11.0159      6.942   250.5086 5.1544e+00     2.4794      5.390      7.818    15.5831   999.0522 0.0000e+00
      5.505      0.033     0.0907      0.905     36.329  29.272915    10.9232      6.941   249.4491 5.0886e+00     2.5037      5.399      7.831    15.5045   999.0648 0.0000e+00
      5.513      0.033     0.0884      0.881     36.613  29.476573    10.7621      6.941   248.5681 5.0422e+00     2.5252      5.405      7.841    15.4305   999.0765 0.0000e+00
      5.520      0.033     0.0859      0.856     36.806  29.607412    10.6726      6.940   247.5999 4.9677e+00     2.5097      5.412      7.850    15.3659   999.0866 0.0000e+00
      5.528      0.034     0.0854      0.851     36.889  29.649261    10.6559      6.937   246.5194 4.8588e+00     2.4799      5.422      7.863    15.3193   999.0939 0.0000e+00
      5.538      0.037     0.0833      0.829     37.011  29.728727    10.5775      6.934   245.4838 4.7555e+00     2.4601      5.431      7.877    15.2837   999.0995 0.0000e+00
      5.547      0.040     0.0811      0.807     37.196  29.870236    10.4353      6.931   244.6291 4.6622e+00     2.4673      5.440      7.890    15.2505   999.1048 0.0000e+00
      5.557      0.042     0.0818      0.814     37.313  29.964261    10.3589      6.929   243.9283 4.5711e+00     2.5014      5.449      7.904    15.2184   999.1097 0.0000e+00
      5.568      0.043     0.0831      0.827     37.415  30.040686    10.3469      6.926   243.1194 4.4690e+00     2.5449      5.459      7.918    15.1813   999.1156 0.0000e+00
      5.580      0.045     0.0823      0.818     37.584  30.159744    10.3334      6.923   242.1621 4.3701e+00     2.5337      5.472      7.937    15.1505   999.1204 0.0000e+00
      5.593      0.046     0.0808      0.802     37.750  30.261597    10.3087      6.919   241.3885 4.3030e+00     2.4314      5.487      7.958    15.1452   999.1213 0.0000e+00
      5.604      0.046     0.0806      0.799     37.880  30.320337    10.2652      6.915   240.6480 4.2480e+00     2.3239      5.496      7.971    15.1536   999.1201 0.0000e+00
      5.616      0.044     0.0822      0.814     37.986  30.362268    10.2324      6.912   239.7477 4.1971e+00     2.2832      5.506      7.986    15.1460   999.1213 0.0000e+00
      5.629      0.041     0.0855      0.847     38.126  30.451254    10.2248      6.911   238.8493 4.1481e+00     2.2666      5.521      8.008    15.1270   999.1243 0.0000e+00
      5.640      0.039     0.0856      0.848     38.358  30.634770    10.2763      6.908   237.8733 4.1031e+00     2.2538      5.533      8.024    15.0859   999.1307 0.0000e+00
      5.648      0.039     0.0842      0.834     38.498  30.740940    10.3957      6.904   236.6368 4.0848e+00     2.2933      5.539      8.033    15.0178   999.1411 0.0000e+00
      5.655      0.038     0.0873      0.864     38.417  30.656205    10.4727      6.903   235.2562 4.0680e+00     2.3171      5.545      8.043    14.9499   999.1514 0.0000e+00
