Data/DataAlreadyUploadedToEDI/CollatedDataForEDI/CTDData/CTD_2019 (not collated)/080819_bvr50.cnv
* Sea-Bird SBE19plus  Data File:
* FileName = C:\DATA\080819_fcr50_0001.hex
* Software version 2.8.0.119 SB_Terminal.dll
* Temperature SN = 7809
* Conductivity SN = 7809
* System UpLoad Time = Aug 08 2019 11:11:11
* <ApplicationData>
* <Seaterm232>
# nquan = 16
# nvalues = 1091                        
# units = specified
# name 0 = depFM: Depth [fresh water, m]
# name 1 = dz/dtM: Descent Rate [m/s]
# name 2 = sbeox0Mg/L: Oxygen, SBE 43 [mg/l]
# name 3 = sbeox0PS: Oxygen, SBE 43 [% saturation]
# name 4 = specc: Specific Conductance [uS/cm]
# name 5 = c0uS/cm: Conductivity [uS/cm]
# name 6 = flECO-AFL: Fluorescence, WET Labs ECO-AFL/FL [mg/m^3]
# name 7 = ph: pH
# name 8 = orp: Oxidation Reduction Potential [mV]
# name 9 = par/sat/log: PAR/Logarithmic, Satlantic
# name 10 = turbWETntu0: Turbidity, WET Labs ECO [NTU]
# name 11 = prdM: Pressure, Strain Gauge [db]
# name 12 = prdE: Pressure, Strain Gauge [psi]
# name 13 = tv290C: Temperature [ITS-90, deg C]
# name 14 = density00: Density [density, kg/m^3]
# name 15 = flag:  0.000e+00
# span 0 =     -0.710,     10.540       
# span 1 =     -0.012,      0.266       
# span 2 =     0.0572,     7.9205       
# span 3 =      0.492,     99.100       
# span 4 =      2.049,    176.052       
# span 5 =   2.132482, 118.578316       
# span 6 =    -0.1107,    29.4693       
# span 7 =      3.627,      9.394       
# span 8 =     4.1808,  1161.6255       
# span 9 = 1.2349e-01, 3.4956e+02       
# span 10 =    -0.5751,     3.5236      
# span 11 =     -0.696,     10.337      
# span 12 =     -1.010,     14.992      
# span 13 =     8.6586,    27.1185      
# span 14 =   996.4887,   999.9212      
# span 15 = 0.0000e+00, 0.0000e+00      
# interval = seconds: 0.25
# start_time = Aug 08 2019 10:58:23 [Instrument's time stamp, header]
# bad_flag = -9.990e-29
*END*
[from data line 181]
      1.037      0.051     6.3324     79.241     26.680  27.661927     2.5007      8.103   272.6251 5.0444e+01     1.3283      1.017      1.474    26.8852   996.5666 0.0000e+00
      1.047      0.045     6.8405     85.592     26.683  27.661916     2.5062      8.100   272.7296 5.0226e+01     1.3047      1.027      1.489    26.8767   996.5690 0.0000e+00
      1.057      0.040     7.2702     90.966     26.683  27.661916     2.4894      8.096   272.8256 4.9932e+01     1.3238      1.037      1.505    26.8574   996.5744 0.0000e+00
      1.067      0.036     7.6001     95.092     26.684  27.661926     2.4541      8.093   273.0110 4.9771e+01     1.3626      1.046      1.517    26.8404   996.5791 0.0000e+00
      1.076      0.034     7.8175     97.812     26.684  27.662030     2.4345      8.089   273.1643 4.9497e+01     1.3806      1.055      1.530    26.8315   996.5815 0.0000e+00
      1.085      0.034     7.9191     99.084     26.685  27.663175     2.4346      8.084   273.1300 4.9542e+01     1.3776      1.064      1.543    26.8281   996.5825 0.0000e+00
      1.092      0.035     7.9205     99.100     26.698  27.675768     2.4299      8.079   273.1135 4.9736e+01     1.3590      1.071      1.553    26.8269   996.5829 0.0000e+00
      1.100      0.039     7.8543     98.269     26.710  27.687407     2.4032      8.072   273.3082 4.9746e+01     1.3521      1.078      1.565    26.8254   996.5833 0.0000e+00
      1.108      0.043     7.7567     97.046     26.700  27.677017     2.3806      8.063   273.5907 4.9644e+01     1.3600      1.086      1.575    26.8254   996.5834 0.0000e+00
      1.118      0.048     7.6627     95.869     26.701  27.677018     2.3811      8.055   273.7765 4.9387e+01     1.3568      1.094      1.587    26.8258   996.5833 0.0000e+00
      1.133      0.052     7.5875     94.928     26.711  27.687419     2.3846      8.050   273.8337 4.9263e+01     1.3457      1.111      1.612    26.8252   996.5835 0.0000e+00
      1.150      0.054     7.5289     94.194     26.699  27.675883     2.4224      8.044   273.8519 4.9083e+01     1.3245      1.129      1.637    26.8238   996.5840 0.0000e+00
      1.165      0.055     7.4846     93.641     26.688  27.664424     2.5082      8.037   273.9112 4.8893e+01     1.3291      1.142      1.657    26.8223   996.5844 0.0000e+00
      1.179      0.055     7.4531     93.247     26.700  27.675769     2.5641      8.030   274.1207 4.8813e+01     1.3692      1.156      1.676    26.8215   996.5847 0.0000e+00
      1.191      0.054     7.4301     92.958     26.710  27.686161     2.5776      8.022   274.3197 4.8450e+01     1.3832      1.168      1.694    26.8212   996.5849 0.0000e+00
      1.204      0.052     7.4130     92.741     26.688  27.663176     2.6108      8.013   274.3378 4.8312e+01     1.3670      1.180      1.712    26.8215   996.5848 0.0000e+00
      1.217      0.051     7.4034     92.616     26.678  27.651639     2.6627      8.007   274.3394 4.8067e+01     1.3704      1.194      1.732    26.8219   996.5848 0.0000e+00
      1.232      0.049     7.3979     92.544     26.701  27.673555     2.6932      8.002   274.4262 4.7463e+01     1.3906      1.208      1.752    26.8218   996.5849 0.0000e+00
      1.245      0.046     7.3920     92.467     26.703  27.674387     2.7025      7.997   274.5267 4.6951e+01     1.3823      1.221      1.772    26.8214   996.5850 0.0000e+00
      1.256      0.044     7.3868     92.400     26.691  27.661700     2.6708      7.991   274.6081 4.6730e+01     1.3362      1.232      1.787    26.8200   996.5855 0.0000e+00
      1.266      0.043     7.3843     92.369     26.677  27.647035     2.6048      7.984   274.7214 4.6860e+01     1.2920      1.242      1.801    26.8176   996.5862 0.0000e+00
      1.275      0.044     7.3845     92.371     26.655  27.623966     2.5713      7.974   274.8639 4.7068e+01     1.2730      1.252      1.815    26.8145   996.5871 0.0000e+00
      1.283      0.047     7.3863     92.392     26.667  27.636542     2.5793      7.964   274.9550 4.7067e+01     1.3027      1.257      1.823    26.8123   996.5877 0.0000e+00
      1.295      0.049     7.3894     92.431     26.702  27.672206     2.6143      7.955   275.0483 4.6625e+01     1.3572      1.267      1.838    26.8117   996.5879 0.0000e+00
      1.311      0.051     7.3912     92.455     26.703  27.674512     2.6647      7.949   275.2176 4.6478e+01     1.3750      1.286      1.865    26.8116   996.5880 0.0000e+00
      1.328      0.051     7.3897     92.437     26.693  27.664434     2.6952      7.945   275.3671 4.6504e+01     1.3874      1.305      1.892    26.8114   996.5881 0.0000e+00
      1.342      0.050     7.3870     92.404     26.706  27.677236     2.7055      7.941   275.4797 4.6574e+01     1.4089      1.318      1.911    26.8109   996.5883 0.0000e+00
      1.353      0.048     7.3842     92.368     26.730  27.702415     2.7367      7.936   275.6324 4.6699e+01     1.4049      1.326      1.924    26.8109   996.5884 0.0000e+00
      1.363      0.045     7.3815     92.332     26.742  27.715095     2.7867      7.931   275.7509 4.6460e+01     1.3717      1.336      1.938    26.8118   996.5882 0.0000e+00
      1.373      0.043     7.3793     92.305     26.732  27.703655     2.8152      7.926   275.7934 4.6751e+01     1.3348      1.346      1.953    26.8128   996.5880 0.0000e+00
      1.384      0.041     7.3793     92.305     26.720  27.690986     2.8220      7.922   275.9743 4.6805e+01     1.3522      1.357      1.969    26.8131   996.5880 0.0000e+00
      1.396      0.041     7.3825     92.345     26.718  27.688793     2.8167      7.919   276.2181 4.6598e+01     1.4182      1.369      1.988    26.8124   996.5882 0.0000e+00
      1.407      0.040     7.3890     92.425     26.707  27.677145     2.7685      7.916   276.2463 4.6635e+01     1.4113      1.380      2.002    26.8116   996.5885 0.0000e+00
      1.416      0.039     7.3964     92.516     26.707  27.677030     2.6807      7.914   276.2283 4.5986e+01     1.3349      1.388      2.013    26.8113   996.5886 0.0000e+00
      1.425      0.037     7.4000     92.562     26.717  27.687411     2.6312      7.910   276.3455 4.5760e+01     1.3139      1.397      2.027    26.8107   996.5889 0.0000e+00
      1.434      0.036     7.3991     92.551     26.705  27.675772     2.6300      7.905   276.4588 4.5694e+01     1.3537      1.407      2.041    26.8102   996.5890 0.0000e+00
      1.443      0.036     7.3943     92.491     26.693  27.663188     2.6317      7.901   276.3931 4.5339e+01     1.3575      1.415      2.054    26.8099   996.5890 0.0000e+00
      1.453      0.036     7.3876     92.407     26.692  27.662147     2.6338      7.899   276.2388 4.5392e+01     1.3270      1.425      2.067    26.8098   996.5892 0.0000e+00
      1.462      0.036     7.3808     92.323     26.693  27.663188     2.6388      7.895   276.1432 4.5382e+01     1.3460      1.434      2.079    26.8099   996.5892 0.0000e+00
      1.472      0.035     7.3750     92.253     26.705  27.675772     2.6394      7.889   276.0975 4.5599e+01     1.3902      1.444      2.094    26.8098   996.5893 0.0000e+00
      1.481      0.035     7.3723     92.220     26.716  27.687420     2.6667      7.884   276.2021 4.5934e+01     1.4022      1.453      2.107    26.8096   996.5893 0.0000e+00
      1.489      0.036     7.3737     92.238     26.706  27.677134     2.7258      7.878   276.4611 4.5988e+01     1.3600      1.460      2.117    26.8097   996.5894 0.0000e+00
      1.497      0.038     7.3791     92.305     26.707  27.678288     2.7553      7.873   276.8201 4.6162e+01     1.3055      1.468      2.130    26.8104   996.5893 0.0000e+00
      1.507      0.038     7.3874     92.410     26.729  27.701376     2.7554      7.868   277.1874 4.6107e+01     1.3010      1.477      2.142    26.8113   996.5890 0.0000e+00
      1.518      0.039     7.3948     92.503     26.729  27.702520     2.7703      7.864   277.3741 4.5702e+01     1.3058      1.488      2.157    26.8120   996.5888 0.0000e+00
      1.529      0.039     7.3983     92.548     26.719  27.692120     2.7973      7.860   277.4430 4.5531e+01     1.2982      1.500      2.176    26.8125   996.5888 0.0000e+00
      1.539      0.038     7.3993     92.562     26.729  27.702510     2.8122      7.856   277.5049 4.5682e+01     1.3067      1.510      2.190    26.8126   996.5887 0.0000e+00
      1.548      0.037     7.3982     92.547     26.727  27.701262     2.8116      7.852   277.6061 4.6277e+01     1.3100      1.518      2.202    26.8129   996.5887 0.0000e+00
      1.558      0.035     7.3912     92.461     26.704  27.677029     2.7811      7.847   277.7202 4.6917e+01     1.3058      1.527      2.215    26.8134   996.5886 0.0000e+00
      1.567      0.034     7.3788     92.307     26.690  27.663283     2.7301      7.842   277.7655 4.7421e+01     1.3217      1.536      2.228    26.8139   996.5886 0.0000e+00
      1.575      0.035     7.3683     92.175     26.689  27.661940     2.6985      7.837   277.8956 4.7766e+01     1.3387      1.544      2.240    26.8146   996.5885 0.0000e+00
      1.582      0.036     7.3637     92.117     26.688  27.660796     2.6851      7.831   278.0883 4.7627e+01     1.3464      1.552      2.251    26.8152   996.5883 0.0000e+00
      1.590      0.039     7.3645     92.127     26.677  27.649450     2.6805      7.824   278.1168 4.8337e+01     1.3826      1.559      2.261    26.8155   996.5882 0.0000e+00
      1.599      0.042     7.3682     92.173     26.680  27.651641     2.6778      7.818   278.0682 4.8715e+01     1.3828      1.568      2.274    26.8156   996.5882 0.0000e+00
      1.611      0.044     7.3699     92.193     26.715  27.687295     2.6603      7.812   278.1026 4.7937e+01     1.3164      1.580      2.292    26.8155   996.5883 0.0000e+00
      1.626      0.045     7.3695     92.188     26.727  27.699870     2.6342      7.808   278.1033 4.7952e+01     1.2682      1.594      2.313    26.8154   996.5884 0.0000e+00
      1.639      0.045     7.3724     92.222     26.705  27.676800     2.6314      7.803   278.0762 4.7813e+01     1.2586      1.607      2.332    26.8154   996.5884 0.0000e+00
      1.651      0.044     7.3796     92.312     26.691  27.662137     2.6787      7.798   278.2047 4.7543e+01     1.2991      1.620      2.349    26.8153   996.5885 0.0000e+00
      1.661      0.041     7.3876     92.410     26.679  27.649458     2.7373      7.794   278.3672 4.7547e+01     1.3644      1.630      2.364    26.8146   996.5888 0.0000e+00
      1.671      0.039     7.3943     92.493     26.680  27.650395     2.7510      7.790   278.4062 4.7003e+01     1.3600      1.639      2.378    26.8140   996.5890 0.0000e+00
      1.680      0.038     7.3995     92.558     26.703  27.673465     2.7486      7.786   278.4179 4.6929e+01     1.3119      1.648      2.390    26.8134   996.5892 0.0000e+00
      1.688      0.039     7.4028     92.599     26.704  27.674617     2.8384      7.781   278.5079 4.7356e+01     1.3073      1.655      2.401    26.8128   996.5894 0.0000e+00
      1.697      0.041     7.4048     92.621     26.695  27.664332     3.0124      7.775   278.6347 4.7234e+01     1.3367      1.662      2.410    26.8121   996.5896 0.0000e+00
      1.707      0.043     7.4048     92.619     26.707  27.675990     3.1109      7.770   278.7471 4.6935e+01     1.3724      1.673      2.427    26.8115   996.5898 0.0000e+00
      1.720      0.044     7.4029     92.595     26.719  27.688679     3.1093      7.765   278.9200 4.6847e+01     1.3774      1.688      2.448    26.8114   996.5899 0.0000e+00
      1.734      0.045     7.3996     92.552     26.722  27.690873     3.0190      7.762   279.0901 4.6398e+01     1.3655      1.701      2.467    26.8109   996.5901 0.0000e+00
      1.745      0.045     7.3954     92.496     26.734  27.702512     2.8608      7.759   279.1698 4.5479e+01     1.3594      1.714      2.485    26.8097   996.5905 0.0000e+00
      1.755      0.044     7.3910     92.438     26.734  27.702512     2.7740      7.754   279.2807 4.4597e+01     1.3360      1.723      2.497    26.8086   996.5908 0.0000e+00
      1.765      0.042     7.3840     92.349     26.724  27.690872     2.7676      7.750   279.3980 4.3687e+01     1.3125      1.730      2.510    26.8085   996.5909 0.0000e+00
      1.776      0.041     7.3747     92.233     26.722  27.688671     2.8100      7.746   279.4697 4.2702e+01     1.3042      1.741      2.525    26.8073   996.5913 0.0000e+00
      1.788      0.039     7.3693     92.167     26.709  27.675887     2.9216      7.742   279.6313 4.2234e+01     1.3346      1.754      2.544    26.8051   996.5918 0.0000e+00
      1.799      0.038     7.3691     92.165     26.697  27.663189     3.0243      7.738   279.8899 4.2272e+01     1.3520      1.765      2.560    26.8035   996.5924 0.0000e+00
      1.808      0.036     7.3689     92.162     26.695  27.662035     3.0558      7.734   280.1012 4.2582e+01     1.3177      1.773      2.572    26.8027   996.5927 0.0000e+00
      1.816      0.034     7.3698     92.174     26.695  27.661930     3.0503      7.730   280.2073 4.2728e+01     1.3136      1.781      2.583    26.8026   996.5927 0.0000e+00
      1.823      0.032     7.3747     92.237     26.695  27.661920     2.9842      7.725   280.2259 4.2203e+01     1.3346      1.787      2.592    26.8028   996.5927 0.0000e+00
      1.831      0.031     7.3785     92.284     26.695  27.661920     2.8538      7.721   280.2397 4.1523e+01     1.3423      1.795      2.604    26.8032   996.5926 0.0000e+00
      1.839      0.029     7.3787     92.288     26.695  27.661929     2.7660      7.717   280.3743 4.1104e+01     1.3079      1.804      2.616    26.8037   996.5925 0.0000e+00
      1.848      0.028     7.3789     92.290     26.695  27.662033     2.7463      7.715   280.5633 4.1251e+01     1.2798      1.813      2.629    26.8039   996.5925 0.0000e+00
      1.855      0.027     7.3799     92.302     26.696  27.663177     2.7632      7.712   280.6316 4.2079e+01     1.3307      1.821      2.640    26.8040   996.5925 0.0000e+00
      1.861      0.027     7.3814     92.322     26.708  27.675762     2.7968      7.709   280.5982 4.2436e+01     1.3666      1.826      2.648    26.8043   996.5925 0.0000e+00
      1.866      0.028     7.3832     92.346     26.719  27.687297     2.8142      7.705   280.5899 4.1983e+01     1.3853      1.830      2.654    26.8045   996.5924 0.0000e+00
      1.872      0.030     7.3847     92.365     26.708  27.675762     2.8084      7.698   280.6175 4.1976e+01     1.3930      1.836      2.663    26.8045   996.5924 0.0000e+00
      1.880      0.032     7.3852     92.369     26.696  27.663178     2.7442      7.691   280.5880 4.2056e+01     1.3613      1.843      2.673    26.8047   996.5924 0.0000e+00
      1.890      0.034     7.3846     92.359     26.696  27.662034     2.6369      7.686   280.5761 4.1745e+01     1.3626      1.851      2.685    26.8053   996.5923 0.0000e+00
      1.902      0.036     7.3833     92.340     26.697  27.661931     2.5854      7.682   280.7321 4.1827e+01     1.3439      1.865      2.705    26.8060   996.5922 0.0000e+00
      1.912      0.037     7.3845     92.354     26.697  27.661922     2.5809      7.678   280.9261 4.1816e+01     1.2984      1.877      2.722    26.8061   996.5922 0.0000e+00
      1.919      0.038     7.3918     92.444     26.697  27.661930     2.6001      7.673   281.0286 4.1584e+01     1.3035      1.882      2.729    26.8055   996.5924 0.0000e+00
      1.926      0.041     7.4008     92.556     26.698  27.662034     2.6529      7.668   281.1110 4.1513e+01     1.3403      1.888      2.738    26.8038   996.5929 0.0000e+00
      1.935      0.046     7.4042     92.596     26.699  27.663179     2.6899      7.661   281.2338 4.1607e+01     1.3836      1.898      2.752    26.8016   996.5935 0.0000e+00
      1.947      0.051     7.4028     92.579     26.712  27.675773     2.6924      7.653   281.3953 4.1945e+01     1.4009      1.908      2.767    26.8008   996.5938 0.0000e+00
