Data/DataAlreadyUploadedToEDI/CollatedDataForEDI/CTDData/CTD_2019 (not collated)/080819_bvr50.cnv
* Sea-Bird SBE19plus  Data File:
* FileName = C:\DATA\080819_fcr50_0001.hex
* Software version 2.8.0.119 SB_Terminal.dll
* Temperature SN = 7809
* Conductivity SN = 7809
* System UpLoad Time = Aug 08 2019 11:11:11
* <ApplicationData>
* <Seaterm232>
# nquan = 16
# nvalues = 1091                        
# units = specified
# name 0 = depFM: Depth [fresh water, m]
# name 1 = dz/dtM: Descent Rate [m/s]
# name 2 = sbeox0Mg/L: Oxygen, SBE 43 [mg/l]
# name 3 = sbeox0PS: Oxygen, SBE 43 [% saturation]
# name 4 = specc: Specific Conductance [uS/cm]
# name 5 = c0uS/cm: Conductivity [uS/cm]
# name 6 = flECO-AFL: Fluorescence, WET Labs ECO-AFL/FL [mg/m^3]
# name 7 = ph: pH
# name 8 = orp: Oxidation Reduction Potential [mV]
# name 9 = par/sat/log: PAR/Logarithmic, Satlantic
# name 10 = turbWETntu0: Turbidity, WET Labs ECO [NTU]
# name 11 = prdM: Pressure, Strain Gauge [db]
# name 12 = prdE: Pressure, Strain Gauge [psi]
# name 13 = tv290C: Temperature [ITS-90, deg C]
# name 14 = density00: Density [density, kg/m^3]
# name 15 = flag:  0.000e+00
# span 0 =     -0.710,     10.540       
# span 1 =     -0.012,      0.266       
# span 2 =     0.0572,     7.9205       
# span 3 =      0.492,     99.100       
# span 4 =      2.049,    176.052       
# span 5 =   2.132482, 118.578316       
# span 6 =    -0.1107,    29.4693       
# span 7 =      3.627,      9.394       
# span 8 =     4.1808,  1161.6255       
# span 9 = 1.2349e-01, 3.4956e+02       
# span 10 =    -0.5751,     3.5236      
# span 11 =     -0.696,     10.337      
# span 12 =     -1.010,     14.992      
# span 13 =     8.6586,    27.1185      
# span 14 =   996.4887,   999.9212      
# span 15 = 0.0000e+00, 0.0000e+00      
# interval = seconds: 0.25
# start_time = Aug 08 2019 10:58:23 [Instrument's time stamp, header]
# bad_flag = -9.990e-29
*END*
[from data line 995]
     10.330      0.063     0.0657      0.564    155.378 104.667728     0.7198      6.421    27.1138 1.2358e-01     2.2586     10.131     14.693     8.6871   999.9105 0.0000e+00
     10.350      0.063     0.0634      0.545    156.922 105.702469     0.7074      6.422    26.5473 1.2352e-01     2.2963     10.150     14.722     8.6887   999.9111 0.0000e+00
     10.367      0.061     0.0629      0.541    157.892 106.357970     0.6970      6.422    26.0887 1.2355e-01     2.3136     10.168     14.748     8.6862   999.9114 0.0000e+00
     10.381      0.056     0.0626      0.538    157.965 106.415160     0.6905      6.421    25.8704 1.2359e-01     2.2382     10.181     14.766     8.6824   999.9116 0.0000e+00
     10.394      0.049     0.0606      0.520    157.825 106.330269     0.6886      6.421    25.5426 1.2357e-01     2.1392     10.193     14.783     8.6791   999.9124 0.0000e+00
     10.407      0.041     0.0611      0.525    158.039 106.478087     0.6834      6.423    24.9646 1.2357e-01     2.0661     10.207     14.803     8.6768   999.9134 0.0000e+00
     10.419      0.035     0.0649      0.558    158.615 106.864807     0.6711      6.425    24.4742 1.2362e-01     2.0095     10.219     14.822     8.6776   999.9138 0.0000e+00
     10.425      0.030     0.0651      0.559    159.471 107.439102     0.6694      6.426    24.2596 1.2365e-01     1.9794     10.225     14.831     8.6811   999.9135 0.0000e+00
     10.429      0.026     0.0624      0.535    160.702 108.262317     0.6809      6.425    24.0901 1.2362e-01     1.9970     10.226     14.832     8.6847   999.9131 0.0000e+00
     10.433      0.023     0.0620      0.533    162.078 109.174241     0.6885      6.423    23.8882 1.2363e-01     2.0263     10.231     14.838     8.6863   999.9131 0.0000e+00
     10.439      0.022     0.0616      0.530    163.415 110.056413     0.6911      6.423    23.7116 1.2363e-01     2.0381     10.238     14.847     8.6848   999.9135 0.0000e+00
     10.446      0.022     0.0595      0.511    165.072 111.156553     0.6956      6.424    23.5032 1.2359e-01     2.0411     10.244     14.858     8.6838   999.9138 0.0000e+00
     10.452      0.023     0.0586      0.503    167.047 112.473643     0.6995      6.425    23.2609 1.2357e-01     2.0305     10.251     14.868     8.6837   999.9144 0.0000e+00
     10.457      0.024     0.0596      0.512    168.955 113.748532     0.7039      6.425    23.0190 1.2353e-01     2.0406     10.255     14.873     8.6779   999.9154 0.0000e+00
     10.462      0.024     0.0620      0.532    170.688 114.911124     0.7054      6.425    22.7299 1.2352e-01     2.0651     10.259     14.879     8.6709   999.9163 0.0000e+00
     10.468      0.024     0.0656      0.564    172.140 115.889239     0.7001      6.426    22.4329 1.2356e-01     2.0650     10.266     14.889     8.6670   999.9172 0.0000e+00
     10.475      0.024     0.0675      0.579    173.175 116.589913     0.6926      6.427    22.2660 1.2360e-01     2.0392     10.272     14.899     8.6630   999.9183 0.0000e+00
     10.482      0.023     0.0683      0.586    173.885 117.074100     0.6924      6.427    22.1757 1.2363e-01     2.0151     10.279     14.908     8.6596   999.9193 0.0000e+00
     10.489      0.022     0.0702      0.602    174.467 117.473767     0.7063      6.427    21.9434 1.2365e-01     2.0029     10.286     14.919     8.6586   999.9201 0.0000e+00
     10.494      0.019     0.0702      0.602    175.109 117.917162     0.7211      6.428    21.5223 1.2360e-01     1.9895     10.292     14.927     8.6591   999.9207 0.0000e+00
     10.498      0.016     0.0671      0.575    175.743 118.356403     0.7243      6.429    21.1283 1.2355e-01     2.0170     10.296     14.933     8.6602   999.9209 0.0000e+00
     10.502      0.013     0.0630      0.540    176.052 118.578316     0.7191      6.429    20.7930 1.2357e-01     2.0410     10.298     14.936     8.6619   999.9210 0.0000e+00
     10.504      0.011     0.0612      0.525    175.719 118.369681     0.7104      6.430    20.4800 1.2359e-01     2.0181     10.301     14.941     8.6642   999.9211 0.0000e+00
     10.506      0.009     0.0626      0.537    174.673 117.682046     0.6966      6.430    20.2688 1.2361e-01     2.0346     10.303     14.943     8.6673   999.9211 0.0000e+00
     10.508      0.008     0.0648      0.556    173.383 116.828479     0.6831      6.430    20.0454 1.2361e-01     2.0440     10.305     14.946     8.6712   999.9212 0.0000e+00
     10.511      0.008     0.0649      0.556    172.438 116.206626     0.6850      6.431    19.7575 1.2355e-01     1.9999     10.308     14.951     8.6746   999.9211 0.0000e+00
     10.513      0.007     0.0644      0.552    171.954 115.898732     0.7022      6.432    19.4556 1.2349e-01     1.9939     10.310     14.953     8.6790   999.9207 0.0000e+00
     10.514      0.006     0.0654      0.562    171.658 115.718533     0.7174      6.432    19.1483 1.2349e-01     2.0044     10.311     14.954     8.6847   999.9199 0.0000e+00
     10.515      0.006     0.0664      0.571    171.115 115.366085     0.7219      6.433    18.8822 1.2354e-01     1.9629     10.312     14.956     8.6892   999.9189 0.0000e+00
     10.516      0.006     0.0666      0.573    170.114 114.696027     0.7227      6.434    18.5611 1.2358e-01     1.9184     10.313     14.958     8.6925   999.9184 0.0000e+00
     10.518      0.007     0.0662      0.569    169.254 114.116528     0.7262      6.434    18.1050 1.2354e-01     1.9577     10.315     14.960     8.6981   999.9178 0.0000e+00
     10.520      0.007     0.0651      0.559    168.846 113.839393     0.7293      6.433    17.5830 1.2351e-01     2.0440     10.316     14.963     8.7050   999.9172 0.0000e+00
     10.522      0.008     0.0631      0.542    168.364 113.511668     0.7251      6.433    17.1541 1.2350e-01     2.0777     10.318     14.965     8.7087   999.9169 0.0000e+00
     10.524      0.008     0.0623      0.535    167.731 113.085033     0.7187      6.434    16.8766 1.2352e-01     2.0046     10.320     14.969     8.7099   999.9163 0.0000e+00
     10.527      0.008     0.0623      0.535    167.234 112.758846     0.7224      6.436    16.5520 1.2358e-01     1.8483     10.323     14.972     8.7097   999.9159 0.0000e+00
     10.529      0.007     0.0603      0.518    166.820 112.498697     0.7268      6.436    16.1543 1.2362e-01     1.7611     10.326     14.976     8.7091   999.9161 0.0000e+00
     10.531      0.006     0.0578      0.497    166.100 112.042192     0.7276      6.436    15.7671 1.2360e-01     1.7699     10.328     14.979     8.7078   999.9160 0.0000e+00
     10.532      0.005     0.0572      0.492    164.962 111.316934     0.7587      6.437    15.3981 1.2359e-01     1.7908     10.328     14.980     8.7071   999.9157 0.0000e+00
     10.533      0.004     0.0592      0.510    163.746 110.546807     0.8169      6.438    15.1351 1.2358e-01     1.8172     10.329     14.981     8.7098   999.9153 0.0000e+00
     10.533      0.003     0.0613      0.528    162.762 109.929855     0.8415      6.438    14.9098 1.2356e-01     1.8262     10.330     14.982     8.7155   999.9149 0.0000e+00
     10.534      0.002     0.0622      0.535    162.019 109.463718     0.8305      6.439    14.5672 1.2357e-01     1.8012     10.330     14.983     8.7237   999.9141 0.0000e+00
     10.534      0.002     0.0616      0.530    161.375 109.051659     0.7968      6.441    14.1759 1.2354e-01     1.8427     10.330     14.984     8.7369   999.9126 0.0000e+00
     10.535      0.002     0.0611      0.526    160.850 108.706241     0.7369      6.442    13.7062 1.2353e-01     1.9675     10.331     14.985     8.7545   999.9109 0.0000e+00
     10.535      0.002     0.0636      0.548    160.310 108.345044     0.7047      6.443    13.1899 1.2361e-01     2.0325     10.331     14.984     8.7697   999.9095 0.0000e+00
     10.536      0.002     0.0662      0.570    159.591 107.869524     0.7109      6.443    12.8379 1.2363e-01     2.0058     10.332     14.985     8.7806   999.9084 0.0000e+00
     10.536      0.002     0.0658      0.567    158.784 107.352096     0.7172      6.443    12.5469 1.2358e-01     1.9727     10.332     14.986     8.7878   999.9076 0.0000e+00
     10.537      0.001     0.0647      0.557    157.899 106.802601     0.7716      6.444    12.1664 1.2356e-01     2.0255     10.333     14.986     8.7898   999.9073 0.0000e+00
     10.537      0.001     0.0641      0.553    157.015 106.257735     0.8840      6.444    11.9382 1.2354e-01     2.1519     10.333     14.987     8.7893   999.9072 0.0000e+00
     10.537      0.001     0.0638      0.550    156.469 105.923547     0.9493      6.445    12.0242 1.2352e-01     2.2231     10.333     14.987     8.7916   999.9067 0.0000e+00
     10.537      0.001     0.0623      0.537    156.385 105.883025     0.9541      6.446    12.0880 1.2353e-01     2.1979     10.333     14.987     8.7996   999.9059 0.0000e+00
     10.538      0.001     0.0605      0.522    156.299 105.831491     0.8976      6.446    11.9346 1.2358e-01     2.1423     10.334     14.988     8.8165   999.9044 0.0000e+00
     10.538      0.001     0.0606      0.522    155.798 105.491545     0.7957      6.446    11.6326 1.2360e-01     2.0757     10.334     14.989     8.8379   999.9024 0.0000e+00
     10.538      0.001     0.0631      0.544    155.017 104.957377     0.7449      6.447    11.3623 1.2358e-01     2.0154     10.335     14.989     8.8484   999.9014 0.0000e+00
     10.538      0.001     0.0656      0.566    154.306 104.468188     0.7341      6.449    11.2476 1.2358e-01     2.0033     10.334     14.988     8.8514   999.9013 0.0000e+00
     10.538      0.000     0.0651      0.561    153.956 104.226151     0.7258      6.450    11.1055 1.2357e-01     2.0603     10.334     14.988     8.8544   999.9011 0.0000e+00
     10.538      0.000     0.0633      0.546    153.916 104.196348     0.7235      6.450    10.9355 1.2360e-01     2.1469     10.334     14.988     8.8535   999.9009 0.0000e+00
     10.539      0.001     0.0630      0.544    153.891 104.171542     0.7148      6.451    10.8267 1.2367e-01     2.1986     10.335     14.990     8.8519   999.9007 0.0000e+00
     10.539      0.001     0.0648      0.559    153.735 104.053584     0.7069      6.452    10.6499 1.2368e-01     2.2263     10.335     14.990     8.8484   999.9006 0.0000e+00
     10.539      0.000     0.0649      0.561    153.541 103.916492     0.7149      6.452    10.4328 1.2363e-01     2.2196     10.335     14.989     8.8459   999.9007 0.0000e+00
     10.539 1.8475e-08     0.0634      0.547    153.348 103.787725     0.7331      6.452    10.2673 1.2360e-01     2.1506     10.335     14.990     8.8475   999.9006 0.0000e+00
     10.539 2.0323e-07     0.0646      0.558    153.031 103.579353     0.7451      6.452    10.1111 1.2360e-01     2.0801     10.335     14.990     8.8444   999.9009 0.0000e+00
     10.539 2.0323e-07     0.0666      0.574    152.612 103.307674     0.7379      6.452    10.0069 1.2361e-01     2.0561     10.335     14.990     8.8387   999.9012 0.0000e+00
     10.539 1.8475e-08     0.0666      0.573    152.118 102.986627     0.7246      6.452     9.8670 1.2361e-01     2.0568     10.335     14.989     8.8370   999.9012 0.0000e+00
     10.539 1.6795e-09     0.0659      0.568    151.483 102.563427     0.7230      6.453     9.6243 1.2364e-01     2.0554     10.335     14.990     8.8381   999.9012 0.0000e+00
     10.539 1.5269e-10     0.0643      0.554    150.758 102.075492     0.7270      6.453     9.3953 1.2366e-01     2.0391     10.335     14.989     8.8400   999.9009 0.0000e+00
     10.539 1.3880e-11     0.0623      0.537    149.872 101.481105     0.7290      6.454     9.1633 1.2361e-01     2.0238     10.335     14.990     8.8437   999.9004 0.0000e+00
     10.539 1.2619e-12     0.0625      0.539    149.010 100.916908     0.7302      6.456     8.9710 1.2354e-01     2.0335     10.335     14.990     8.8498   999.8999 0.0000e+00
     10.539 1.1472e-13     0.0629      0.542    148.662 100.730236     0.7329      6.457     8.7903 1.2355e-01     2.0584     10.335     14.990     8.8520   999.8995 0.0000e+00
     10.539 1.0508e-14     0.0613      0.529    148.677 100.816085     0.7359      6.457     8.4417 1.2361e-01     2.0630     10.335     14.990     8.8510   999.8993 0.0000e+00
     10.539 1.8170e-15     0.0608      0.525    148.742 100.936146     0.7409      6.458     8.1116 1.2362e-01     2.0560     10.336     14.991     8.8529   999.8988 0.0000e+00
     10.539 9.6450e-15     0.0633      0.547    148.905 101.099441     0.7406      6.459     7.9823 1.2362e-01     2.0394     10.335     14.990     8.8567   999.8980 0.0000e+00
     10.539 1.0516e-13     0.0659      0.569    149.010 101.198574     0.7331      6.459     7.8246 1.2362e-01     1.9936     10.335     14.989     8.8721   999.8969 0.0000e+00
     10.539 1.1566e-12     0.0664      0.574    148.780 101.052256     0.7282      6.460     7.5818 1.2361e-01     1.9942     10.335     14.990     8.9032   999.8947 0.0000e+00
     10.539 1.2723e-11     0.0662      0.572    148.308 100.731247     0.7241      6.460     7.3700 1.2358e-01     2.0461     10.335     14.990     8.9313   999.8926 0.0000e+00
     10.539 1.3995e-10     0.0675      0.584    147.981 100.501152     0.7266      6.460     7.1557 1.2360e-01     2.0646     10.335     14.990     8.9484   999.8914 0.0000e+00
     10.540 1.5395e-09     0.0687      0.594    147.911 100.435203     0.7326      6.460     6.9701 1.2366e-01     2.0536     10.336     14.991     8.9571   999.8909 0.0000e+00
     10.540 1.6934e-08     0.0679      0.587    147.871 100.379581     0.7370      6.461     6.8471 1.2365e-01     2.0443     10.336     14.991     8.9593   999.8906 0.0000e+00
     10.540 1.8627e-07     0.0669      0.578    147.856 100.338020     0.7442      6.462     6.7011 1.2358e-01     2.0502     10.336     14.991     8.9587   999.8904 0.0000e+00
     10.540 1.8627e-07     0.0659      0.569    148.046 100.442060     0.7416      6.462     6.4943 1.2355e-01     2.0263     10.336     14.991     8.9570   999.8904 0.0000e+00
     10.540 1.6934e-08     0.0635      0.548    148.419 100.682356     0.7492      6.463     6.3258 1.2355e-01     1.9193     10.336     14.991     8.9506   999.8909 0.0000e+00
     10.540 1.5395e-09     0.0607      0.524    148.822 100.951043     0.7756      6.463     6.2135 1.2355e-01     1.8062     10.335     14.990     8.9398   999.8917 0.0000e+00
     10.540 1.3995e-10     0.0587      0.508    149.108 101.143636     0.7834      6.463     6.0824 1.2355e-01     1.7728     10.336     14.991     8.9282   999.8925 0.0000e+00
     10.540 1.2723e-11     0.0572      0.493    149.138 101.164319     0.7826      6.463     5.9454 1.2356e-01     1.7769     10.336     14.991     8.9187   999.8933 0.0000e+00
     10.540 1.1566e-12     0.0572      0.493    149.010 101.073761     0.7923      6.464     5.7624 1.2363e-01     1.8233     10.336     14.991     8.9150   999.8937 0.0000e+00
     10.540 1.0515e-13     0.0593      0.512    148.929 101.003886     0.7959      6.465     5.5036 1.2367e-01     1.9406     10.336     14.991     8.9144   999.8939 0.0000e+00
     10.540 9.5590e-15     0.0601      0.518    148.898 100.956231     0.7919      6.466     5.2256 1.2363e-01     2.0160     10.336     14.991     8.9136   999.8941 0.0000e+00
     10.540 8.6900e-16     0.0616      0.531    148.825 100.879601     0.7869      6.466     4.9823 1.2358e-01     2.0135     10.336     14.991     8.9145   999.8940 0.0000e+00
     10.540 7.9000e-17     0.0646      0.557    148.691 100.777788     0.7699      6.467     4.7984 1.2358e-01     2.0083     10.336     14.991     8.9143   999.8939 0.0000e+00
     10.540 7.1820e-18     0.0645      0.556    148.538 100.680365     0.7425      6.467     4.6373 1.2361e-01     2.0183     10.336     14.992     8.9096   999.8943 0.0000e+00
