Data/DataAlreadyUploadedToEDI/CollatedDataForEDI/CTDData/CTD_2019 (not collated)/080819_bvr50.cnv
* Sea-Bird SBE19plus  Data File:
* FileName = C:\DATA\080819_fcr50_0001.hex
* Software version 2.8.0.119 SB_Terminal.dll
* Temperature SN = 7809
* Conductivity SN = 7809
* System UpLoad Time = Aug 08 2019 11:11:11
* <ApplicationData>
* <Seaterm232>
# nquan = 16
# nvalues = 1091                        
# units = specified
# name 0 = depFM: Depth [fresh water, m]
# name 1 = dz/dtM: Descent Rate [m/s]
# name 2 = sbeox0Mg/L: Oxygen, SBE 43 [mg/l]
# name 3 = sbeox0PS: Oxygen, SBE 43 [% saturation]
# name 4 = specc: Specific Conductance [uS/cm]
# name 5 = c0uS/cm: Conductivity [uS/cm]
# name 6 = flECO-AFL: Fluorescence, WET Labs ECO-AFL/FL [mg/m^3]
# name 7 = ph: pH
# name 8 = orp: Oxidation Reduction Potential [mV]
# name 9 = par/sat/log: PAR/Logarithmic, Satlantic
# name 10 = turbWETntu0: Turbidity, WET Labs ECO [NTU]
# name 11 = prdM: Pressure, Strain Gauge [db]
# name 12 = prdE: Pressure, Strain Gauge [psi]
# name 13 = tv290C: Temperature [ITS-90, deg C]
# name 14 = density00: Density [density, kg/m^3]
# name 15 = flag:  0.000e+00
# span 0 =     -0.710,     10.540       
# span 1 =     -0.012,      0.266       
# span 2 =     0.0572,     7.9205       
# span 3 =      0.492,     99.100       
# span 4 =      2.049,    176.052       
# span 5 =   2.132482, 118.578316       
# span 6 =    -0.1107,    29.4693       
# span 7 =      3.627,      9.394       
# span 8 =     4.1808,  1161.6255       
# span 9 = 1.2349e-01, 3.4956e+02       
# span 10 =    -0.5751,     3.5236      
# span 11 =     -0.696,     10.337      
# span 12 =     -1.010,     14.992      
# span 13 =     8.6586,    27.1185      
# span 14 =   996.4887,   999.9212      
# span 15 = 0.0000e+00, 0.0000e+00      
# interval = seconds: 0.25
# start_time = Aug 08 2019 10:58:23 [Instrument's time stamp, header]
# bad_flag = -9.990e-29
*END*
[from data line 272]
      1.980      0.054     7.4014     92.560     26.713  27.677031     2.6872      7.635   281.5486 4.2958e+01     1.2908      1.942      2.816    26.7997   996.5942 0.0000e+00
      1.997      0.049     7.4012     92.556     26.714  27.677136     2.7013      7.627   281.5589 4.3297e+01     1.3088      1.959      2.841    26.7993   996.5944 0.0000e+00
      2.012      0.043     7.4003     92.543     26.725  27.688681     2.7070      7.623   281.4661 4.3443e+01     1.3748      1.976      2.866    26.7991   996.5946 0.0000e+00
      2.021      0.037     7.3981     92.516     26.726  27.689731     2.7049      7.622   281.3730 4.3520e+01     1.3996      1.986      2.878    26.7985   996.5948 0.0000e+00
      2.025      0.032     7.3984     92.520     26.726  27.689827     2.7012      7.621   281.4658 4.4250e+01     1.3791      1.987      2.881    26.7978   996.5949 0.0000e+00
      2.027      0.031     7.4021     92.565     26.726  27.689845     2.7058      7.619   281.5558 4.4958e+01     1.3568      1.986      2.881    26.7968   996.5952 0.0000e+00
      2.033      0.032     7.4054     92.605     26.727  27.689940     2.7169      7.618   281.6860 4.4520e+01     1.3598      1.991      2.887    26.7961   996.5954 0.0000e+00
      2.044      0.035     7.4065     92.618     26.728  27.690979     2.7143      7.616   281.9212 4.3919e+01     1.3825      2.003      2.906    26.7964   996.5954 0.0000e+00
      2.057      0.040     7.4041     92.587     26.739  27.702410     2.7254      7.614   282.0768 4.3428e+01     1.3693      2.018      2.927    26.7966   996.5954 0.0000e+00
      2.068      0.043     7.3968     92.495     26.739  27.701266     2.7736      7.612   282.1908 4.3808e+01     1.3309      2.029      2.942    26.7960   996.5956 0.0000e+00
      2.078      0.043     7.3872     92.375     26.715  27.677146     2.8117      7.609   282.2672 4.4639e+01     1.3437      2.038      2.956    26.7949   996.5959 0.0000e+00
      2.089      0.042     7.3799     92.284     26.703  27.664554     2.8220      7.606   282.3121 4.4444e+01     1.3603      2.049      2.972    26.7943   996.5962 0.0000e+00
      2.101      0.039     7.3769     92.247     26.714  27.675898     2.7936      7.604   282.3898 4.3838e+01     1.3348      2.060      2.988    26.7938   996.5964 0.0000e+00
      2.111      0.037     7.3798     92.283     26.725  27.687414     2.7288      7.602   282.4317 4.3634e+01     1.3309      2.071      3.004    26.7936   996.5965 0.0000e+00
      2.120      0.034     7.3883     92.389     26.714  27.676909     2.6969      7.601   282.4756 4.4200e+01     1.3461      2.080      3.017    26.7938   996.5965 0.0000e+00
      2.129      0.030     7.3977     92.507     26.713  27.675774     2.7030      7.600   282.5757 4.4936e+01     1.3541      2.087      3.027    26.7941   996.5964 0.0000e+00
      2.136      0.028     7.4050     92.599     26.711  27.673685     2.7163      7.599   282.6098 4.5394e+01     1.3627      2.096      3.039    26.7944   996.5964 0.0000e+00
      2.142      0.028     7.4080     92.637     26.690  27.651655     2.7445      7.596   282.5442 4.5379e+01     1.3513      2.102      3.047    26.7944   996.5964 0.0000e+00
      2.147      0.029     7.4061     92.614     26.701  27.663180     2.7669      7.593   282.5563 4.4808e+01     1.3483      2.105      3.053    26.7943   996.5964 0.0000e+00
      2.153      0.032     7.4030     92.574     26.724  27.686154     2.7704      7.590   282.7554 4.4493e+01     1.3584      2.110      3.061    26.7944   996.5964 0.0000e+00
      2.161      0.035     7.4010     92.546     26.714  27.675649     2.7697      7.587   283.0598 4.4937e+01     1.3425      2.118      3.073    26.7943   996.5965 0.0000e+00
      2.172      0.039     7.3994     92.525     26.703  27.663056     2.7755      7.584   283.2247 4.5417e+01     1.3199      2.129      3.088    26.7945   996.5964 0.0000e+00
      2.184      0.043     7.3966     92.490     26.701  27.660778     2.7967      7.582   283.2002 4.5755e+01     1.3146      2.142      3.107    26.7946   996.5965 0.0000e+00
      2.196      0.046     7.3931     92.445     26.688  27.648099     2.8186      7.580   283.1949 4.6206e+01     1.3114      2.154      3.123    26.7943   996.5967 0.0000e+00
      2.207      0.048     7.3918     92.429     26.677  27.636649     2.8233      7.577   283.2467 4.6359e+01     1.3132      2.164      3.138    26.7930   996.5971 0.0000e+00
      2.220      0.049     7.3931     92.445     26.690  27.649223     2.8101      7.573   283.3094 4.6129e+01     1.3366      2.178      3.158    26.7917   996.5975 0.0000e+00
      2.233      0.049     7.3941     92.457     26.713  27.673247     2.7805      7.570   283.3506 4.5548e+01     1.3641      2.190      3.176    26.7914   996.5976 0.0000e+00
      2.245      0.049     7.3930     92.443     26.713  27.673342     2.7599      7.568   283.4867 4.5358e+01     1.3849      2.202      3.193    26.7917   996.5976 0.0000e+00
      2.258      0.049     7.3905     92.410     26.692  27.650377     2.7600      7.564   283.7506 4.5048e+01     1.3915      2.215      3.212    26.7916   996.5977 0.0000e+00
      2.271      0.049     7.3895     92.396     26.691  27.649338     2.7476      7.559   283.7886 4.4010e+01     1.3778      2.227      3.230    26.7912   996.5978 0.0000e+00
      2.283      0.047     7.3914     92.419     26.702  27.660778     2.7139      7.555   283.6011 4.2999e+01     1.3507      2.239      3.247    26.7910   996.5979 0.0000e+00
      2.296      0.044     7.3938     92.449     26.703  27.661819     2.6909      7.553   283.6346 4.2743e+01     1.3582      2.251      3.266    26.7902   996.5982 0.0000e+00
      2.309      0.041     7.3957     92.473     26.703  27.661924     2.6869      7.552   283.8492 4.3893e+01     1.4036      2.265      3.286    26.7899   996.5983 0.0000e+00
      2.319      0.038     7.3969     92.488     26.703  27.662047     2.6563      7.549   283.9596 4.6628e+01     1.4081      2.276      3.301    26.7893   996.5985 0.0000e+00
      2.327      0.035     7.3957     92.473     26.704  27.663305     2.5980      7.546   284.0236 5.0427e+01     1.3801      2.282      3.309    26.7884   996.5988 0.0000e+00
      2.334      0.031     7.3934     92.443     26.718  27.677137     2.5715      7.544   284.1069 5.4289e+01     1.3587      2.288      3.318    26.7886   996.5988 0.0000e+00
      2.342      0.029     7.3925     92.432     26.742  27.702401     2.5781      7.543   284.1922 5.8189e+01     1.3471      2.297      3.331    26.7890   996.5987 0.0000e+00
      2.349      0.028     7.3928     92.437     26.754  27.714985     2.6262      7.542   284.2806 6.1973e+01     1.3382      2.305      3.342    26.7891   996.5988 0.0000e+00
      2.356      0.028     7.3932     92.441     26.743  27.702400     2.7113      7.540   284.4009 6.3826e+01     1.3162      2.311      3.351    26.7886   996.5989 0.0000e+00
      2.361      0.028     7.3936     92.445     26.719  27.677138     2.7574      7.539   284.5285 6.3519e+01     1.3107      2.315      3.358    26.7878   996.5991 0.0000e+00
      2.368      0.028     7.3941     92.451     26.706  27.663315     2.7587      7.538   284.5321 6.2703e+01     1.3366      2.321      3.367    26.7880   996.5992 0.0000e+00
      2.376      0.028     7.3942     92.451     26.705  27.662162     2.7441      7.536   284.5313 6.0494e+01     1.3675      2.330      3.379    26.7884   996.5991 0.0000e+00
      2.385      0.028     7.3935     92.439     26.706  27.663191     2.7191      7.534   284.6912 5.6734e+01     1.3891      2.339      3.392    26.7886   996.5990 0.0000e+00
      2.393      0.028     7.3920     92.418     26.719  27.675756     2.6993      7.532   284.8307 5.2935e+01     1.3687      2.347      3.403    26.7879   996.5993 0.0000e+00
      2.400      0.027     7.3901     92.391     26.731  27.687187     2.6877      7.531   284.8411 4.9580e+01     1.3174      2.353      3.413    26.7867   996.5996 0.0000e+00
      2.406      0.026     7.3855     92.331     26.720  27.674517     2.6829      7.531   284.9024 4.6973e+01     1.2939      2.359      3.422    26.7861   996.5998 0.0000e+00
      2.412      0.026     7.3782     92.238     26.696  27.649454     2.6587      7.530   284.9695 4.4320e+01     1.3127      2.366      3.431    26.7848   996.6001 0.0000e+00
      2.418      0.027     7.3714     92.153     26.685  27.637918     2.6112      7.528   284.9642 4.1710e+01     1.3161      2.371      3.439    26.7832   996.6007 0.0000e+00
      2.424      0.028     7.3661     92.084     26.710  27.661924     2.5861      7.525   285.0108 3.9925e+01     1.2695      2.376      3.447    26.7820   996.6011 0.0000e+00
      2.431      0.028     7.3624     92.032     26.735  27.685929     2.5886      7.523   285.1026 3.9164e+01     1.2730      2.383      3.456    26.7804   996.6015 0.0000e+00
      2.440      0.028     7.3605     92.002     26.725  27.674394     2.6251      7.522   285.2135 3.9047e+01     1.3261      2.393      3.470    26.7786   996.6019 0.0000e+00
      2.449      0.028     7.3580     91.967     26.702  27.649330     2.6802      7.521   285.2338 3.8139e+01     1.3219      2.402      3.483    26.7784   996.6021 0.0000e+00
      2.456      0.028     7.3539     91.916     26.690  27.636659     2.6993      7.520   285.1755 3.6385e+01     1.2871      2.409      3.494    26.7781   996.6023 0.0000e+00
      2.461      0.030     7.3534     91.909     26.701  27.648082     2.7000      7.518   285.1974 3.4790e+01     1.2992      2.414      3.501    26.7736   996.6036 0.0000e+00
      2.466      0.035     7.3601     91.991     26.714  27.660553     2.7231      7.512   285.2399 3.3590e+01     1.3368      2.417      3.506    26.7686   996.6049 0.0000e+00
      2.473      0.040     7.3717     92.132     26.714  27.660552     2.7533      7.503   285.2591 3.2595e+01     1.3485      2.423      3.515    26.7677   996.6051 0.0000e+00
      2.483      0.044     7.3833     92.275     26.703  27.648072     2.7620      7.497   285.2576 3.1475e+01     1.3426      2.433      3.528    26.7681   996.6051 0.0000e+00
      2.500      0.046     7.3911     92.370     26.693  27.636537     2.7593      7.494   285.2218 3.0467e+01     1.3314      2.451      3.554    26.7675   996.6053 0.0000e+00
      2.518      0.046     7.3929     92.391     26.705  27.647968     2.7902      7.493   285.2558 2.9918e+01     1.3437      2.472      3.585    26.7658   996.6059 0.0000e+00
      2.530      0.045     7.3902     92.357     26.716  27.659408     2.8497      7.491   285.4115 2.9488e+01     1.3607      2.483      3.602    26.7638   996.6065 0.0000e+00
      2.538      0.043     7.3851     92.292     26.704  27.647967     2.8802      7.488   285.5554 2.9215e+01     1.3397      2.488      3.608    26.7622   996.6070 0.0000e+00
      2.545      0.040     7.3782     92.205     26.694  27.636526     2.8809      7.484   285.6199 2.9107e+01     1.3188      2.496      3.620    26.7608   996.6073 0.0000e+00
      2.555      0.038     7.3693     92.092     26.706  27.647957     2.8757      7.481   285.7609 2.8850e+01     1.3379      2.504      3.632    26.7605   996.6074 0.0000e+00
      2.565      0.036     7.3593     91.967     26.717  27.659284     2.8783      7.480   285.8824 2.8605e+01     1.3737      2.513      3.645    26.7601   996.6076 0.0000e+00
      2.577      0.035     7.3526     91.882     26.705  27.646596     2.8860      7.480   285.8846 2.8433e+01     1.3587      2.527      3.665    26.7598   996.6078 0.0000e+00
      2.587      0.034     7.3512     91.864     26.681  27.621436     2.8822      7.479   285.8744 2.8202e+01     1.3198      2.539      3.681    26.7592   996.6079 0.0000e+00
      2.594      0.033     7.3517     91.871     26.669  27.608852     2.8760      7.479   285.8445 2.7991e+01     1.3300      2.544      3.689    26.7577   996.6084 0.0000e+00
      2.600      0.032     7.3511     91.861     26.681  27.621332     2.8887      7.479   285.8675 2.7792e+01     1.3514      2.550      3.697    26.7575   996.6085 0.0000e+00
      2.607      0.030     7.3495     91.840     26.704  27.645442     2.9229      7.477   285.9806 2.7619e+01     1.3486      2.557      3.708    26.7574   996.6085 0.0000e+00
      2.615      0.029     7.3463     91.800     26.705  27.646586     2.9435      7.475   286.0929 2.7484e+01     1.3612      2.563      3.718    26.7569   996.6087 0.0000e+00
      2.624      0.027     7.3415     91.742     26.694  27.635164     2.9384      7.473   286.1068 2.7336e+01     1.3728      2.573      3.732    26.7568   996.6088 0.0000e+00
      2.633      0.025     7.3390     91.711     26.693  27.634221     2.9219      7.473   286.0633 2.7305e+01     1.3588      2.583      3.747    26.7562   996.6090 0.0000e+00
      2.639      0.022     7.3391     91.712     26.694  27.635185     2.8997      7.473   286.0830 2.7351e+01     1.3557      2.589      3.756    26.7556   996.6091 0.0000e+00
      2.643      0.020     7.3402     91.726     26.706  27.646824     2.8863      7.472   286.1732 2.7283e+01     1.3670      2.592      3.759    26.7554   996.6092 0.0000e+00
      2.645      0.020     7.3432     91.762     26.707  27.648062     2.8810      7.472   286.2928 2.7255e+01     1.3979      2.594      3.764    26.7555   996.6092 0.0000e+00
      2.649      0.021     7.3483     91.827     26.708  27.650150     2.8363      7.471   286.4106 2.7157e+01     1.4346      2.597      3.767    26.7557   996.6092 0.0000e+00
      2.654      0.023     7.3538     91.897     26.729  27.672068     2.7533      7.469   286.4796 2.6992e+01     1.4505      2.602      3.774    26.7562   996.6091 0.0000e+00
      2.661      0.026     7.3585     91.957     26.716  27.659294     2.7095      7.469   286.4386 2.6981e+01     1.4588      2.609      3.784    26.7562   996.6091 0.0000e+00
      2.669      0.028     7.3636     92.021     26.681  27.622592     2.7050      7.469   286.3444 2.6814e+01     1.4365      2.617      3.796    26.7561   996.6092 0.0000e+00
      2.677      0.030     7.3684     92.081     26.668  27.608967     2.6830      7.469   286.3739 2.6532e+01     1.3773      2.626      3.808    26.7563   996.6091 0.0000e+00
      2.686      0.032     7.3699     92.097     26.681  27.621447     2.6514      7.468   286.4504 2.6374e+01     1.3326      2.634      3.821    26.7573   996.6089 0.0000e+00
      2.693      0.032     7.3659     92.046     26.705  27.646597     2.6428      7.467   286.4957 2.6254e+01     1.3219      2.641      3.831    26.7583   996.6086 0.0000e+00
      2.700      0.031     7.3565     91.928     26.717  27.659274     2.6401      7.466   286.5771 2.6171e+01     1.3140      2.647      3.839    26.7586   996.6086 0.0000e+00
      2.710      0.030     7.3462     91.799     26.707  27.647834     2.6365      7.464   286.5746 2.6018e+01     1.3021      2.657      3.854    26.7582   996.6088 0.0000e+00
      2.719      0.029     7.3392     91.710     26.695  27.635165     2.6420      7.462   286.5516 2.5875e+01     1.3093      2.667      3.869    26.7568   996.6092 0.0000e+00
      2.727      0.029     7.3355     91.664     26.693  27.632983     2.6460      7.462   286.6427 2.5982e+01     1.3362      2.675      3.880    26.7560   996.6095 0.0000e+00
      2.732      0.030     7.3335     91.639     26.682  27.621448     2.6423      7.462   286.7299 2.6159e+01     1.3318      2.680      3.886    26.7556   996.6096 0.0000e+00
      2.737      0.033     7.3327     91.629     26.683  27.622591     2.6310      7.460   286.7451 2.6252e+01     1.3218      2.683      3.892    26.7552   996.6097 0.0000e+00
      2.744      0.036     7.3346     91.653     26.706  27.646803     2.6224      7.457   286.7408 2.6274e+01     1.3462      2.690      3.901    26.7552   996.6097 0.0000e+00
