Data/DataAlreadyUploadedToEDI/CollatedDataForEDI/CTDData/CTD_2019 (not collated)/081219_fcr10.cnv
* Sea-Bird SBE19plus  Data File:
* FileName = C:\DATA\081219_fcr_0001.hex
* Software version 2.8.0.119 SB_Terminal.dll
* Temperature SN = 7809
* Conductivity SN = 7809
* System UpLoad Time = Aug 12 2019 16:25:21
* <ApplicationData>
* <Seaterm232>
# nquan = 16
# nvalues = 505                         
# units = specified
# name 0 = depFM: Depth [fresh water, m]
# name 1 = dz/dtM: Descent Rate [m/s]
# name 2 = sbeox0Mg/L: Oxygen, SBE 43 [mg/l]
# name 3 = sbeox0PS: Oxygen, SBE 43 [% saturation]
# name 4 = specc: Specific Conductance [uS/cm]
# name 5 = c0uS/cm: Conductivity [uS/cm]
# name 6 = flECO-AFL: Fluorescence, WET Labs ECO-AFL/FL [mg/m^3]
# name 7 = ph: pH
# name 8 = orp: Oxidation Reduction Potential [mV]
# name 9 = par/sat/log: PAR/Logarithmic, Satlantic
# name 10 = turbWETntu0: Turbidity, WET Labs ECO [NTU]
# name 11 = prdM: Pressure, Strain Gauge [db]
# name 12 = prdE: Pressure, Strain Gauge [psi]
# name 13 = tv290C: Temperature [ITS-90, deg C]
# name 14 = density00: Density [density, kg/m^3]
# name 15 = flag:  0.000e+00
# span 0 =     -0.573,      2.194       
# span 1 =     -0.019,      0.179       
# span 2 =     4.4690,    10.7009       
# span 3 =     52.532,    133.112       
# span 4 =      0.471,     39.289       
# span 5 =   0.490909,  38.061473       
# span 6 =    -0.7636,     6.3517       
# span 7 =      6.788,      9.226       
# span 8 =   182.0405,   860.3754       
# span 9 = 6.1252e+01, 2.3741e+03       
# span 10 =    -0.5037,    30.7201      
# span 11 =     -0.562,      2.151      
# span 12 =     -0.816,      3.120      
# span 13 =    23.4256,    27.1115      
# span 14 =   996.4911,   997.4671      
# span 15 = 0.0000e+00, 0.0000e+00      
# interval = seconds: 0.25
# start_time = Aug 12 2019 11:55:37 [Instrument's time stamp, header]
# bad_flag = -9.990e-29
*END*
[from data line 181]
     -0.020      0.001     7.7116     95.977     36.477  37.599364     2.2255      8.509   198.6269 2.2635e+03     3.5474     -0.020     -0.028    26.6967   996.6163 0.0000e+00
     -0.019      0.001     8.6693    107.858     36.481  37.588214     2.2206      8.508   198.5197 2.2634e+03     3.5404     -0.019     -0.027    26.6757   996.6222 0.0000e+00
     -0.019      0.001     9.4751    117.863     36.477  37.576899     2.2333      8.506   198.4876 2.2662e+03     3.5496     -0.019     -0.027    26.6165   996.6382 0.0000e+00
     -0.019      0.001    10.0940    125.554     36.492  37.589493     2.2573      8.503   198.4102 2.2684e+03     3.5605     -0.018     -0.026    26.5613   996.6532 0.0000e+00
     -0.019      0.000    10.5066    130.688     36.515  37.613532     2.2685      8.501   198.2729 2.2703e+03     3.5738     -0.019     -0.027    26.5272   996.6625 0.0000e+00
     -0.019 1.8660e-08    10.7009    133.112     36.513  37.613646     2.2727      8.498   198.1177 2.2708e+03     3.6123     -0.019     -0.027    26.5074   996.6678 0.0000e+00
     -0.019 2.0526e-07    10.6863    132.940     36.488  37.590876     2.2747      8.494   198.0818 2.2706e+03     3.7308     -0.018     -0.026    26.4989   996.6701 0.0000e+00
     -0.019 2.0895e-07    10.5299    131.007     36.485  37.592134     2.2745      8.490   198.6137 2.2708e+03     3.8266     -0.019     -0.027    26.4955   996.6710 0.0000e+00
     -0.019 6.3299e-08    10.3252    128.478     36.515  37.628864     2.2791      8.488   204.7205 2.2693e+03     3.8198     -0.019     -0.028    26.4973   996.6706 0.0000e+00
     -0.019 4.9309e-07    10.1322    126.097     36.534  37.654139     2.2863      8.485   218.7469 2.2679e+03     3.8124     -0.019     -0.027    26.5011   996.6695 0.0000e+00
     -0.019      0.000     9.9689    124.077     36.520  37.643837     2.2923      8.481   232.6071 2.2692e+03     3.8362     -0.019     -0.027    26.5052   996.6684 0.0000e+00
     -0.019      0.000     9.8358    122.423     36.507  37.631256     2.2993      8.478   240.6632 2.2675e+03     3.8446     -0.019     -0.027    26.5101   996.6671 0.0000e+00
     -0.019      0.001     9.7270    121.067     36.505  37.628978     2.3012      8.475   243.9648 2.2635e+03     3.8159     -0.018     -0.025    26.5179   996.6650 0.0000e+00
     -0.019      0.002     9.6352    119.922     36.494  37.616286     2.2897      8.470   245.1666 2.2684e+03     3.7516     -0.019     -0.026    26.5283   996.6622 0.0000e+00
     -0.019      0.004     9.5579    118.963     36.481  37.604747     2.2732      8.464   245.9878 2.2754e+03     3.7556     -0.018     -0.027    26.5342   996.6606 0.0000e+00
     -0.018      0.006     9.4949    118.192     36.488  37.616409     2.2660      8.457   246.4084 2.2639e+03     3.8316     -0.019     -0.026    26.5348   996.6604 0.0000e+00
     -0.016      0.006     9.4486    117.629     36.497  37.630352     2.2723      8.448   246.6391 2.2381e+03     3.8503     -0.017     -0.024    26.5336   996.6607 0.0000e+00
     -0.012      0.006     9.4223    117.304     36.512  37.646386     2.2807      8.438   247.0562 2.2181e+03     3.8174     -0.012     -0.017    26.5304   996.6617 0.0000e+00
     -0.008      0.005     9.4119    117.174     36.548  37.683324     2.2720      8.427   247.1492 2.1961e+03     3.7954     -0.006     -0.009    26.5305   996.6616 0.0000e+00
     -0.008      0.004     9.4081    117.132     36.559  37.696124     2.2535      8.417   238.7295 2.1351e+03     3.8134     -0.007     -0.010    26.5398   996.6590 0.0000e+00
     -0.009      0.001     9.4076    117.134     36.535  37.674197     2.2396      8.410   222.0875 2.0249e+03     3.8385     -0.010     -0.014    26.5488   996.6567 0.0000e+00
     -0.010     -0.002     9.4141    117.219     36.531  37.672108     2.2256      8.408   221.1940 1.9328e+03     3.8370     -0.010     -0.015    26.5478   996.6570 0.0000e+00
     -0.010     -0.004     9.4259    117.366     36.530  37.670870     2.2137      8.406   237.7351 1.9404e+03     3.8278     -0.010     -0.014    26.5452   996.6577 0.0000e+00
     -0.011     -0.004     9.4353    117.486     36.518  37.659224     2.2255      8.401   247.7686 2.0231e+03     3.8252     -0.009     -0.014    26.5485   996.6568 0.0000e+00
     -0.012     -0.004     9.4383    117.530     36.514  37.658259     2.2547      8.397   249.1559 2.0907e+03     3.8385     -0.012     -0.017    26.5541   996.6552 0.0000e+00
     -0.015     -0.003     9.4358    117.510     36.512  37.659202     2.2637      8.394   249.8638 2.1098e+03     3.8251     -0.015     -0.022    26.5561   996.6547 0.0000e+00
     -0.016     -0.002     9.4276    117.420     36.519  37.670628     2.2647      8.391   250.3898 2.1101e+03     3.7944     -0.017     -0.024    26.5551   996.6549 0.0000e+00
     -0.016     -0.001     9.4095    117.203     36.515  37.669473     2.2850      8.388   250.6114 2.1164e+03     3.7946     -0.016     -0.023    26.5561   996.6546 0.0000e+00
     -0.015      0.000     9.3833    116.877     36.491  37.645238     2.3093      8.387   250.6504 2.1221e+03     3.8269     -0.015     -0.022    26.5591   996.6539 0.0000e+00
     -0.015      0.001     9.3641    116.633     36.480  37.631503     2.3247      8.387   250.7759 2.1268e+03     3.8578     -0.015     -0.021    26.5648   996.6523 0.0000e+00
     -0.014      0.001     9.3627    116.614     36.479  37.630358     2.3326      8.386   251.0969 2.1336e+03     3.8404     -0.014     -0.020    26.5713   996.6505 0.0000e+00
     -0.014      0.001     9.3732    116.751     36.479  37.631388     2.3531      8.385   251.4333 2.1391e+03     3.8138     -0.014     -0.020    26.5756   996.6494 0.0000e+00
     -0.014      0.000     9.3831    116.880     36.489  37.643959     2.3903      8.383   251.7455 2.1423e+03     3.7979     -0.014     -0.020    26.5760   996.6493 0.0000e+00
     -0.014 1.8920e-08     9.3841    116.895     36.499  37.655404     2.4096      8.380   252.0329 2.1412e+03     3.7787     -0.014     -0.020    26.5716   996.6505 0.0000e+00
     -0.014 2.0812e-07     9.3781    116.813     36.489  37.642822     2.4127      8.378   252.0683 2.1376e+03     3.7783     -0.014     -0.021    26.5702   996.6509 0.0000e+00
     -0.015 2.4199e-07     9.3711    116.712     36.470  37.618787     2.4281      8.377   251.9156 2.1334e+03     3.7279     -0.015     -0.021    26.5747   996.6496 0.0000e+00
     -0.015 4.2842e-07     9.3692    116.671     36.476  37.618682     2.4481      8.377   251.9084 2.1316e+03     3.5957     -0.015     -0.022    26.5790   996.6484 0.0000e+00
     -0.015      0.000     9.3741    116.712     36.505  37.641546     2.4547      8.377   252.0671 2.1333e+03     3.4907     -0.015     -0.021    26.5790   996.6484 0.0000e+00
     -0.014      0.000     9.3826    116.803     36.509  37.641327     2.4571      8.377   252.1989 2.1353e+03     3.4737     -0.014     -0.020    26.5760   996.6493 0.0000e+00
     -0.014      0.001     9.3919    116.914     36.487  37.616023     2.4586      8.377   252.2115 2.1346e+03     3.5211     -0.013     -0.020    26.5701   996.6509 0.0000e+00
     -0.014      0.001     9.4031    117.050     36.462  37.589488     2.4556      8.376   252.2195 2.1327e+03     3.6050     -0.014     -0.020    26.5602   996.6536 0.0000e+00
     -0.014      0.001     9.4178    117.218     36.452  37.574401     2.4557      8.375   252.2956 2.1327e+03     3.7021     -0.014     -0.020    26.5503   996.6563 0.0000e+00
     -0.014      0.001     9.4320    117.370     36.447  37.560555     2.4597      8.374   252.3578 2.1359e+03     3.7773     -0.014     -0.021    26.5417   996.6586 0.0000e+00
     -0.013      0.001     9.4417    117.463     36.446  37.549005     2.4611      8.373   252.4555 2.1355e+03     3.8258     -0.013     -0.020    26.5406   996.6588 0.0000e+00
     -0.013      0.001     9.4461    117.493     36.467  37.561681     2.4639      8.372   252.6160 2.1279e+03     3.8298     -0.013     -0.019    26.5423   996.6584 0.0000e+00
     -0.012      0.000     9.4463    117.477     36.497  37.586860     2.4683      8.369   252.8356 2.1216e+03     3.7936     -0.012     -0.018    26.5346   996.6605 0.0000e+00
     -0.012      0.000     9.4450    117.452     36.512  37.599536     2.4620      8.365   253.1321 2.1150e+03     3.7808     -0.012     -0.017    26.5220   996.6638 0.0000e+00
     -0.012     -0.001     9.4450    117.441     36.504  37.587996     2.4566      8.361   253.3608 2.1059e+03     3.8065     -0.012     -0.018    26.5077   996.6677 0.0000e+00
     -0.013     -0.001     9.4466    117.441     36.497  37.574262     2.4812      8.358   253.4498 2.0992e+03     3.8422     -0.013     -0.019    26.4941   996.6714 0.0000e+00
     -0.014     -0.001     9.4466    117.416     36.492  37.560425     2.5257      8.357   253.6061 2.1007e+03     3.8519     -0.014     -0.020    26.4855   996.6738 0.0000e+00
     -0.014     -0.001     9.4409    117.321     36.488  37.547627     2.5438      8.355   253.8744 2.1089e+03     3.8253     -0.014     -0.021    26.4842   996.6741 0.0000e+00
     -0.014     -0.001     9.4269    117.137     36.490  37.546455     2.5347      8.353   253.8544 2.1142e+03     3.7828     -0.014     -0.020    26.4806   996.6751 0.0000e+00
     -0.014     -0.001     9.4054    116.872     36.490  37.546253     2.5280      8.353   253.6223 2.1181e+03     3.7303     -0.013     -0.019    26.4698   996.6780 0.0000e+00
     -0.014     -0.001     9.3849    116.628     36.485  37.545194     2.5237      8.355   253.6492 2.1274e+03     3.6508     -0.014     -0.020    26.4574   996.6813 0.0000e+00
     -0.014     -0.001     9.3742    116.509     36.469  37.533652     2.5177      8.356   253.9212 2.1396e+03     3.5744     -0.013     -0.020    26.4429   996.6853 0.0000e+00
     -0.015     -0.001     9.3758    116.544     36.464  37.533661     2.5162      8.354   254.1587 2.1461e+03     3.5604     -0.014     -0.021    26.4372   996.6867 0.0000e+00
     -0.015     -0.001     9.3898    116.725     36.472  37.545306     2.5222      8.351   254.3689 2.1480e+03     3.5802     -0.015     -0.022    26.4412   996.6857 0.0000e+00
     -0.015     -0.000     9.4097    116.975     36.473  37.547510     2.5294      8.346   254.6559 2.1479e+03     3.5841     -0.015     -0.022    26.4462   996.6844 0.0000e+00
     -0.015      0.001     9.4283    117.203     36.487  37.560300     2.5258      8.344   254.6187 2.1458e+03     3.5750     -0.015     -0.022    26.4540   996.6822 0.0000e+00
     -0.015      0.001     9.4398    117.345     36.500  37.573002     2.5222      8.346   254.2631 2.1416e+03     3.5687     -0.016     -0.023    26.4616   996.6802 0.0000e+00
     -0.015      0.001     9.4373    117.320     36.499  37.574147     2.5288      8.346   254.2274 2.1369e+03     3.5733     -0.016     -0.023    26.4652   996.6792 0.0000e+00
     -0.014     -0.000     9.4214    117.131     36.496  37.574137     2.5623      8.344   254.4458 2.1407e+03     3.5976     -0.013     -0.018    26.4663   996.6789 0.0000e+00
     -0.013     -0.003     9.3972    116.826     36.496  37.572888     2.6240      8.341   253.3758 2.1545e+03     3.6328     -0.012     -0.018    26.4645   996.6795 0.0000e+00
     -0.014     -0.007     9.3665    116.418     36.492  37.559041     2.6505      8.339   251.4426 2.1668e+03     3.6392     -0.013     -0.020    26.4617   996.6802 0.0000e+00
     -0.016     -0.010     9.3348    115.992     36.478  37.533653     2.6311      8.337   244.4079 2.1723e+03     3.6093     -0.014     -0.021    26.4648   996.6794 0.0000e+00
     -0.020     -0.011     9.3110    115.678     36.470  37.519807     2.5375      8.332   237.5814 2.1720e+03     3.5666     -0.018     -0.027    26.4733   996.6771 0.0000e+00
     -0.027     -0.009     9.3005    115.547     36.470  37.518568     2.3770      8.327   237.3056 2.1318e+03     3.5483     -0.027     -0.038    26.4733   996.6770 0.0000e+00
     -0.032     -0.006     9.3037    115.589     36.469  37.518673     2.2942      8.320   237.6314 1.9408e+03     3.5520     -0.034     -0.049    26.4576   996.6811 0.0000e+00
     -0.033     -0.003     9.3183    115.768     36.472  37.521075     2.2911      8.311   236.1858 1.5946e+03     3.5464     -0.033     -0.049    26.4380   996.6865 0.0000e+00
     -0.030      0.001     9.3414    116.062     36.495  37.547615     2.3127      8.303   226.3661 1.5004e+03     3.6113     -0.029     -0.041    26.4281   996.6892 0.0000e+00
     -0.026      0.004     9.3674    116.410     36.524  37.585669     2.3656      8.298   216.6426 1.8591e+03     3.7468     -0.026     -0.036    26.4314   996.6883 0.0000e+00
     -0.024      0.006     9.3906    116.737     36.526  37.600347     2.4011      8.295   215.3272 2.2191e+03     3.8077     -0.023     -0.033    26.4346   996.6875 0.0000e+00
     -0.024      0.009     9.4093    117.007     36.511  37.598150     2.4038      8.290   222.7658 2.3437e+03     3.7905     -0.022     -0.033    26.4300   996.6887 0.0000e+00
     -0.024      0.012     9.4240    117.207     36.467  37.559129     2.3987      8.286   233.8791 2.3741e+03     3.7693     -0.025     -0.036    26.4309   996.6883 0.0000e+00
     -0.023      0.014     9.4378    117.368     36.422  37.509400     2.4000      8.284   239.2222 2.3697e+03     3.7800     -0.025     -0.036    26.4444   996.6848 0.0000e+00
     -0.018      0.016     9.4513    117.508     36.427  37.504680     2.4114      8.281   246.2425 2.2171e+03     3.8212     -0.019     -0.027    26.4656   996.6791 0.0000e+00
     -0.008      0.018     9.4557    117.526     36.437  37.502044     2.4140      8.276   252.0810 1.9357e+03     3.8412     -0.007     -0.011    26.4863   996.6736 0.0000e+00
     -0.001      0.020     9.4455    117.359     36.426  37.477505     2.3886      8.269   251.9967 1.8211e+03     3.8252      0.000      0.001    26.4964   996.6709 0.0000e+00
      0.002      0.023     9.4288    117.113     36.424  37.461867     2.3470      8.260   251.5034 1.8690e+03     3.7930      0.002      0.003    26.4896   996.6726 0.0000e+00
      0.003      0.026     9.4132    116.882     36.415  37.439897     2.3268      8.251   252.2254 1.8778e+03     3.7791      0.003      0.004    26.4736   996.6770 0.0000e+00
      0.007      0.028     9.3988    116.666     36.391  37.402262     2.3352      8.246   253.4144 1.8104e+03     3.8210      0.004      0.005    26.4567   996.6817 0.0000e+00
      0.017      0.030     9.3907    116.527     36.390  37.387661     2.3711      8.242   253.5748 1.6559e+03     3.8735      0.012      0.017    26.4364   996.6871 0.0000e+00
      0.032      0.035     9.3954    116.560     36.400  37.390285     2.4218      8.238   252.5302 1.5529e+03     3.8559      0.034      0.049    26.4168   996.6925 0.0000e+00
      0.044      0.043     9.4143    116.782     36.385  37.370496     2.4455      8.233   250.8502 1.5599e+03     3.8057      0.047      0.067    26.4017   996.6966 0.0000e+00
      0.048      0.053     9.4458    117.158     36.359  37.338805     2.4495      8.227   241.7802 1.5340e+03     3.7909      0.046      0.068    26.3837   996.7014 0.0000e+00
      0.053      0.066     9.4803    117.563     36.353  37.324477     2.4621      8.222   224.8616 1.4677e+03     3.8075      0.047      0.070    26.3627   996.7070 0.0000e+00
      0.069      0.081     9.5056    117.846     36.363  37.324199     2.5287      8.221   214.1501 1.7808e+03     3.8760      0.062      0.091    26.3498   996.7106 0.0000e+00
      0.096      0.098     9.5227    118.028     36.384  37.335423     2.6395      8.222   211.3861 2.2272e+03     3.9630      0.094      0.137    26.3474   996.7114 0.0000e+00
      0.128      0.110     9.5396    118.211     36.391  37.333210     2.7004      8.224   209.9412 1.8223e+03     4.0076      0.125      0.181    26.3434   996.7126 0.0000e+00
      0.164      0.114     9.5484    118.300     36.363  37.297435     2.7179      8.227   208.8977 1.0021e+03     4.0217      0.159      0.231    26.3307   996.7162 0.0000e+00
