Data/DataAlreadyUploadedToEDI/CollatedDataForEDI/CTDData/CTD_2019 (not collated)/081219_fcr10.cnv
* Sea-Bird SBE19plus  Data File:
* FileName = C:\DATA\081219_fcr_0001.hex
* Software version 2.8.0.119 SB_Terminal.dll
* Temperature SN = 7809
* Conductivity SN = 7809
* System UpLoad Time = Aug 12 2019 16:25:21
* <ApplicationData>
* <Seaterm232>
# nquan = 16
# nvalues = 505                         
# units = specified
# name 0 = depFM: Depth [fresh water, m]
# name 1 = dz/dtM: Descent Rate [m/s]
# name 2 = sbeox0Mg/L: Oxygen, SBE 43 [mg/l]
# name 3 = sbeox0PS: Oxygen, SBE 43 [% saturation]
# name 4 = specc: Specific Conductance [uS/cm]
# name 5 = c0uS/cm: Conductivity [uS/cm]
# name 6 = flECO-AFL: Fluorescence, WET Labs ECO-AFL/FL [mg/m^3]
# name 7 = ph: pH
# name 8 = orp: Oxidation Reduction Potential [mV]
# name 9 = par/sat/log: PAR/Logarithmic, Satlantic
# name 10 = turbWETntu0: Turbidity, WET Labs ECO [NTU]
# name 11 = prdM: Pressure, Strain Gauge [db]
# name 12 = prdE: Pressure, Strain Gauge [psi]
# name 13 = tv290C: Temperature [ITS-90, deg C]
# name 14 = density00: Density [density, kg/m^3]
# name 15 = flag:  0.000e+00
# span 0 =     -0.573,      2.194       
# span 1 =     -0.019,      0.179       
# span 2 =     4.4690,    10.7009       
# span 3 =     52.532,    133.112       
# span 4 =      0.471,     39.289       
# span 5 =   0.490909,  38.061473       
# span 6 =    -0.7636,     6.3517       
# span 7 =      6.788,      9.226       
# span 8 =   182.0405,   860.3754       
# span 9 = 6.1252e+01, 2.3741e+03       
# span 10 =    -0.5037,    30.7201      
# span 11 =     -0.562,      2.151      
# span 12 =     -0.816,      3.120      
# span 13 =    23.4256,    27.1115      
# span 14 =   996.4911,   997.4671      
# span 15 = 0.0000e+00, 0.0000e+00      
# interval = seconds: 0.25
# start_time = Aug 12 2019 11:55:37 [Instrument's time stamp, header]
# bad_flag = -9.990e-29
*END*
[from data line 362]
      1.076      0.026     9.5824    116.210     36.241  36.323345     6.2795      8.284   217.2088 2.5319e+02     4.5209      1.055      1.531    25.1346   997.0349 0.0000e+00
      1.083      0.025     9.5637    115.970     36.238  36.315139     6.2465      8.283   217.4248 2.5224e+02     4.5879      1.063      1.542    25.1278   997.0367 0.0000e+00
      1.090      0.025     9.5433    115.718     36.209  36.283867     6.1651      8.281   217.5874 2.4349e+02     4.6890      1.069      1.550    25.1258   997.0372 0.0000e+00
      1.095      0.026     9.5236    115.473     36.189  36.262583     6.1104      8.279   217.7994 2.3684e+02     4.7604      1.074      1.558    25.1184   997.0392 0.0000e+00
      1.101      0.027     9.5034    115.221     36.177  36.248215     6.1054      8.278   218.2672 2.3303e+02     4.7630      1.080      1.566    25.1056   997.0426 0.0000e+00
      1.107      0.029     9.4839    114.972     36.170  36.237082     6.1044      8.277   218.8548 2.2853e+02     4.7531      1.086      1.574    25.1001   997.0440 0.0000e+00
      1.114      0.029     9.4678    114.760     36.193  36.254902     6.0974      8.275   219.2256 2.2448e+02     4.7394      1.092      1.583    25.0992   997.0443 0.0000e+00
      1.123      0.029     9.4567    114.608     36.218  36.273262     6.0987      8.275   219.3088 2.2181e+02     4.7279      1.100      1.595    25.0965   997.0449 0.0000e+00
      1.133      0.029     9.4495    114.506     36.218  36.268641     6.1034      8.273   219.2584 2.2129e+02     4.7463      1.113      1.613    25.0939   997.0456 0.0000e+00
      1.141      0.030     9.4428    114.415     36.215  36.262492     6.1015      8.271   219.3900 2.2051e+02     4.7645      1.121      1.626    25.0884   997.0471 0.0000e+00
      1.146      0.031     9.4354    114.318     36.218  36.262387     6.0329      8.269   219.7819 2.1706e+02     4.7520      1.123      1.629    25.0790   997.0495 0.0000e+00
      1.151      0.031     9.4281    114.223     36.225  36.267372     5.8904      8.268   220.2110 2.1464e+02     4.7259      1.127      1.634    25.0693   997.0521 0.0000e+00
      1.160      0.030     9.4211    114.133     36.219  36.259291     5.8087      8.266   220.4487 2.1432e+02     4.7106      1.136      1.647    25.0627   997.0538 0.0000e+00
      1.171      0.029     9.4138    114.041     36.189  36.228141     5.8080      8.266   220.5914 2.1370e+02     4.7304      1.149      1.667    25.0588   997.0548 0.0000e+00
      1.181      0.028     9.4079    113.968     36.169  36.208098     5.8125      8.266   220.8178 2.1306e+02     4.7691      1.159      1.682    25.0553   997.0558 0.0000e+00
      1.187      0.026     9.4075    113.966     36.168  36.207358     5.8020      8.265   221.0339 2.1171e+02     4.7530      1.164      1.689    25.0525   997.0566 0.0000e+00
      1.191      0.023     9.4135    114.040     36.179  36.219199     5.7940      8.265   221.1394 2.1065e+02     4.7328      1.169      1.696    25.0499   997.0572 0.0000e+00
      1.195      0.021     9.4187    114.105     36.184  36.224324     5.8113      8.265   221.2337 2.1049e+02     4.7534      1.171      1.699    25.0474   997.0579 0.0000e+00
      1.200      0.020     9.4162    114.076     36.165  36.205859     5.8459      8.266   221.4002 2.0902e+02     4.7074      1.175      1.705    25.0473   997.0580 0.0000e+00
      1.205      0.021     9.4104    114.004     36.146  36.186347     5.8748      8.266   221.6031 2.0819e+02     4.6033      1.182      1.714    25.0485   997.0576 0.0000e+00
      1.210      0.023     9.4097    113.990     36.140  36.178817     5.8742      8.265   221.7940 2.0870e+02     4.5430      1.188      1.721    25.0499   997.0573 0.0000e+00
      1.216      0.025     9.4145    114.039     36.143  36.178277     5.8646      8.264   221.9020 2.0851e+02     4.5353      1.191      1.729    25.0509   997.0571 0.0000e+00
      1.222      0.026     9.4215    114.114     36.148  36.179827     5.8453      8.263   221.9618 2.0650e+02     4.5105      1.197      1.736    25.0514   997.0569 0.0000e+00
      1.230      0.028     9.4289    114.196     36.168  36.197542     5.7968      8.261   222.0008 2.0330e+02     4.4068      1.206      1.749    25.0510   997.0570 0.0000e+00
      1.238      0.031     9.4333    114.243     36.174  36.202055     5.7647      8.259   222.1162 2.0078e+02     4.2975      1.215      1.762    25.0484   997.0577 0.0000e+00
      1.245      0.035     9.4327    114.230     36.145  36.170920     5.7694      8.258   222.4105 1.9999e+02     4.2703      1.220      1.770    25.0439   997.0590 0.0000e+00
      1.252      0.039     9.4273    114.157     36.115  36.138450     5.8183      8.257   222.7199 1.9879e+02     4.3395      1.226      1.779    25.0384   997.0605 0.0000e+00
      1.262      0.042     9.4173    114.028     36.106  36.126805     5.8964      8.255   222.9313 1.9608e+02     4.4468      1.236      1.793    25.0346   997.0615 0.0000e+00
      1.275      0.043     9.4051    113.871     36.140  36.157065     5.9414      8.252   222.9876 1.9413e+02     4.4859      1.250      1.813    25.0326   997.0621 0.0000e+00
      1.290      0.042     9.3952    113.744     36.173  36.186950     5.9472      8.249   222.9708 1.9102e+02     4.4839      1.265      1.835    25.0298   997.0628 0.0000e+00
      1.304      0.039     9.3911    113.691     36.158  36.170793     5.9397      8.248   223.0721 1.8756e+02     4.4885      1.279      1.856    25.0263   997.0637 0.0000e+00
      1.314      0.035     9.3898    113.674     36.139  36.152120     5.9211      8.249   223.2660 1.8782e+02     4.4760      1.289      1.870    25.0223   997.0647 0.0000e+00
      1.319      0.032     9.3824    113.586     36.138  36.151600     5.8950      8.250   223.4223 1.8936e+02     4.4640      1.294      1.877    25.0175   997.0661 0.0000e+00
      1.323      0.030     9.3684    113.416     36.151  36.164503     5.8846      8.250   223.4135 1.8817e+02     4.4752      1.297      1.881    25.0135   997.0672 0.0000e+00
      1.328      0.028     9.3531    113.231     36.168  36.181178     5.8910      8.250   223.4175 1.8450e+02     4.4806      1.300      1.886    25.0118   997.0675 0.0000e+00
      1.337      0.028     9.3354    113.015     36.150  36.162809     5.9022      8.251   223.6422 1.8084e+02     4.4630      1.311      1.902    25.0116   997.0677 0.0000e+00
      1.348      0.029     9.3155    112.774     36.120  36.132805     5.9172      8.253   223.9802 1.7902e+02     4.4593      1.324      1.920    25.0121   997.0676 0.0000e+00
      1.357      0.029     9.3000    112.586     36.123  36.135757     5.9332      8.254   224.2345 1.7927e+02     4.4687      1.332      1.931    25.0130   997.0674 0.0000e+00
      1.363      0.028     9.2936    112.510     36.122  36.135027     5.9481      8.254   224.3084 1.8077e+02     4.4787      1.336      1.938    25.0128   997.0675 0.0000e+00
      1.368      0.028     9.2973    112.554     36.111  36.123986     5.9590      8.254   224.4434 1.8159e+02     4.4817      1.341      1.944    25.0120   997.0677 0.0000e+00
      1.373      0.028     9.3050    112.644     36.117  36.129206     5.9695      8.253   224.7479 1.8129e+02     4.4713      1.346      1.951    25.0111   997.0679 0.0000e+00
      1.380      0.029     9.3088    112.688     36.123  36.134670     5.9791      8.253   224.9789 1.7963e+02     4.4834      1.353      1.963    25.0114   997.0679 0.0000e+00
      1.389      0.032     9.3058    112.648     36.117  36.126578     5.9884      8.252   225.0851 1.7731e+02     4.4969      1.363      1.977    25.0128   997.0676 0.0000e+00
      1.398      0.035     9.2984    112.552     36.087  36.094833     6.0388      8.251   225.1719 1.7563e+02     4.5366      1.371      1.988    25.0120   997.0678 0.0000e+00
      1.407      0.039     9.2917    112.462     36.064  36.068196     6.1287      8.250   225.3394 1.7313e+02     4.6359      1.379      2.000    25.0102   997.0683 0.0000e+00
      1.417      0.042     9.2875    112.402     36.057  36.058388     6.1736      8.248   225.5620 1.6970e+02     4.6816      1.389      2.015    25.0092   997.0686 0.0000e+00
      1.428      0.046     9.2834    112.343     36.042  36.039710     6.1654      8.247   225.7125 1.6686e+02     4.6631      1.400      2.030    25.0081   997.0690 0.0000e+00
      1.439      0.050     9.2804    112.297     36.038  36.032767     6.1603      8.245   225.8681 1.6436e+02     4.6745      1.411      2.046    25.0052   997.0697 0.0000e+00
      1.453      0.052     9.2825    112.315     36.046  36.037911     6.1636      8.241   226.0674 1.6163e+02     4.6881      1.424      2.066    25.0006   997.0709 0.0000e+00
      1.469      0.052     9.2881    112.375     36.049  36.038431     6.1626      8.235   226.2291 1.5946e+02     4.6637      1.440      2.088    24.9957   997.0723 0.0000e+00
      1.484      0.050     9.2906    112.398     36.052  36.039045     6.1645      8.230   226.3610 1.5775e+02     4.6738      1.456      2.112    24.9907   997.0737 0.0000e+00
      1.499      0.045     9.2852    112.324     36.061  36.045330     6.1612      8.225   226.5432 1.5640e+02     4.7128      1.471      2.134    24.9865   997.0748 0.0000e+00
      1.510      0.040     9.2672    112.102     36.069  36.050942     6.1137      8.224   226.7973 1.5486e+02     4.7093      1.481      2.148    24.9828   997.0758 0.0000e+00
      1.517      0.036     9.2384    111.751     36.062  36.043431     6.0422      8.225   227.0242 1.5221e+02     4.6967      1.488      2.158    24.9792   997.0767 0.0000e+00
      1.524      0.034     9.2081    111.386     36.036  36.017986     6.0071      8.225   227.2209 1.5070e+02     4.6918      1.495      2.168    24.9753   997.0777 0.0000e+00
      1.529      0.036     9.1824    111.081     36.013  35.997174     6.0011      8.224   227.4555 1.5055e+02     4.6826      1.499      2.173    24.9711   997.0788 0.0000e+00
      1.537      0.040     9.1612    110.831     35.996  35.982205     6.0301      8.223   227.6232 1.4837e+02     4.6841      1.503      2.181    24.9686   997.0795 0.0000e+00
      1.548      0.045     9.1467    110.653     35.979  35.963937     6.0891      8.222   227.7001 1.4464e+02     4.7100      1.517      2.201    24.9675   997.0798 0.0000e+00
      1.563      0.049     9.1406    110.563     35.987  35.966703     6.1157      8.222   227.8689 1.4219e+02     4.7338      1.533      2.223    24.9681   997.0797 0.0000e+00
      1.578      0.050     9.1376    110.507     35.979  35.952171     6.1185      8.222   228.1159 1.4002e+02     4.7089      1.548      2.245    24.9714   997.0790 0.0000e+00
      1.593      0.050     9.1336    110.442     35.948  35.915171     6.1397      8.220   228.3634 1.3651e+02     4.7369      1.564      2.268    24.9761   997.0778 0.0000e+00
      1.605      0.048     9.1289    110.372     35.938  35.900144     6.1733      8.219   228.6243 1.3349e+02     4.8760      1.575      2.284    24.9765   997.0777 0.0000e+00
      1.615      0.044     9.1233    110.295     35.939  35.897409     6.1865      8.219   228.8612 1.3267e+02     4.9483      1.584      2.297    24.9668   997.0804 0.0000e+00
      1.626      0.041     9.1159    110.201     35.925  35.882102     6.1775      8.219   229.0771 1.3191e+02     4.9235      1.594      2.312    24.9550   997.0834 0.0000e+00
      1.636      0.039     9.1056    110.072     35.886  35.841998     6.1682      8.219   229.2560 1.3021e+02     4.8715      1.605      2.329    24.9470   997.0854 0.0000e+00
      1.646      0.038     9.0923    109.897     35.843  35.793334     6.1695      8.219   229.4745 1.2882e+02     4.7772      1.614      2.341    24.9404   997.0872 0.0000e+00
      1.654      0.038     9.0792    109.701     35.864  35.801465     6.1756      8.218   229.8265 1.2702e+02     4.7338      1.622      2.353    24.9355   997.0885 0.0000e+00
      1.663      0.037     9.0676    109.486     36.030  35.940290     6.1733      8.216   230.0706 1.2463e+02     4.7399      1.632      2.367    24.9348   997.0887 0.0000e+00
      1.673      0.037     9.0531    109.186     36.275  36.138945     6.2113      8.215   230.1035 1.2223e+02     4.7529      1.640      2.379    24.9346   997.0888 0.0000e+00
      1.683      0.036     9.0280    108.720     36.431  36.235736     6.2964      8.212   230.1373 1.1968e+02     4.8261      1.650      2.393    24.9287   997.0903 0.0000e+00
      1.693      0.034     8.9820    107.999     36.479  36.221907     6.3438      8.210   230.3068 1.1762e+02     4.9032      1.661      2.410    24.9127   997.0944 0.0000e+00
      1.703      0.031     8.8893    106.740     36.473  36.162058     6.3517      8.207   230.6044 1.1628e+02     4.9318      1.670      2.423    24.8794   997.1031 0.0000e+00
      1.711      0.026     8.6917    104.250     36.438  36.083271     6.3479      8.204   230.8106 1.1597e+02     4.9100      1.679      2.435    24.8158   997.1193 0.0000e+00
      1.717      0.021     8.3092     99.577     36.419  36.030882     6.2549      8.203   230.9081 1.1586e+02     4.7700      1.685      2.443    24.7260   997.1423 0.0000e+00
      1.721      0.016     7.7170     92.439     36.377  35.972867     6.0853      8.202   231.0944 1.1464e+02     4.5502      1.687      2.448    24.6380   997.1646 0.0000e+00
      1.725      0.014     6.9909     83.734     36.297  35.889558     5.9964      8.199   231.1696 1.1416e+02     4.4482      1.693      2.455    24.5652   997.1830 0.0000e+00
      1.726      0.012     6.2393     74.718     36.263  35.848706     6.0042      8.196   231.0427 1.1454e+02     4.4874      1.693      2.455    24.5040   997.1984 0.0000e+00
      1.726      0.012     5.5532     66.471     36.293  35.859739     6.0843      8.195   231.0228 1.1400e+02     4.5332      1.690      2.450    24.4516   997.2115 0.0000e+00
      1.730      0.013     5.0092     59.931     36.347  35.895986     6.2098      8.194   231.1874 1.1308e+02     4.5425      1.696      2.459    24.4297   997.2170 0.0000e+00
      1.736      0.016     4.6610     55.759     36.361  35.906122     6.2730      8.191   231.3983 1.1210e+02     4.5346      1.706      2.473    24.4384   997.2148 0.0000e+00
      1.740      0.021     4.5268     54.161     36.304  35.855343     6.2769      8.188   231.5935 1.1130e+02     4.5365      1.708      2.477    24.4311   997.2167 0.0000e+00
      1.742      0.025     4.5792     54.801     36.229  35.789795     6.2651      8.184   231.7416 1.1050e+02     4.5980      1.707      2.476    24.3953   997.2256 0.0000e+00
      1.747      0.026     4.7561     56.927     36.180  35.748290     6.2441      8.182   231.8116 1.0846e+02     4.6877      1.711      2.480    24.3648   997.2333 0.0000e+00
      1.759      0.026     4.9903     59.737     36.161  35.734338     6.2310      8.180   231.9234 1.0580e+02     4.7032      1.724      2.500    24.3628   997.2339 0.0000e+00
      1.771      0.025     5.2299     62.606     36.175  35.748051     6.2195      8.177   232.2336 1.0420e+02     4.6872      1.739      2.523    24.3764   997.2305 0.0000e+00
      1.778      0.024     5.4509     65.259     36.211  35.787160     6.1389      8.177   232.6368 1.0373e+02     4.6910      1.745      2.532    24.3891   997.2274 0.0000e+00
      1.780      0.022     5.6523     67.715     36.225  35.826385     6.0027      8.175   233.0129 1.0332e+02     4.6833      1.747      2.534    24.3975   997.2252 0.0000e+00
      1.781      0.022     5.8292     69.923     36.190  35.841527     5.9337      8.172   233.4251 1.0238e+02     4.6919      1.746      2.533    24.4065   997.2229 0.0000e+00
      1.785      0.022     5.9761     71.770     36.144  35.843382     5.9284      8.169   233.9201 1.0098e+02     4.6970      1.749      2.537    24.4066   997.2230 0.0000e+00
