Data/DataAlreadyUploadedToEDI/CollatedDataForEDI/CTDData/CTD_2019 (not collated)/081219_fcr30.cnv
* Sea-Bird SBE19plus  Data File:
* FileName = C:\DATA\081219_fcr_0003.hex
* Software version 2.8.0.119 SB_Terminal.dll
* Temperature SN = 7809
* Conductivity SN = 7809
* System UpLoad Time = Aug 12 2019 16:26:22
* <ApplicationData>
* <Seaterm232>
# nquan = 16
# nvalues = 1446                        
# units = specified
# name 0 = depFM: Depth [fresh water, m]
# name 1 = dz/dtM: Descent Rate [m/s]
# name 2 = sbeox0Mg/L: Oxygen, SBE 43 [mg/l]
# name 3 = sbeox0PS: Oxygen, SBE 43 [% saturation]
# name 4 = specc: Specific Conductance [uS/cm]
# name 5 = c0uS/cm: Conductivity [uS/cm]
# name 6 = flECO-AFL: Fluorescence, WET Labs ECO-AFL/FL [mg/m^3]
# name 7 = ph: pH
# name 8 = orp: Oxidation Reduction Potential [mV]
# name 9 = par/sat/log: PAR/Logarithmic, Satlantic
# name 10 = turbWETntu0: Turbidity, WET Labs ECO [NTU]
# name 11 = prdM: Pressure, Strain Gauge [db]
# name 12 = prdE: Pressure, Strain Gauge [psi]
# name 13 = tv290C: Temperature [ITS-90, deg C]
# name 14 = density00: Density [density, kg/m^3]
# name 15 = flag:  0.000e+00
# span 0 =     -0.418,      5.321       
# span 1 =     -0.016,      0.154       
# span 2 =     0.0606,    10.7532       
# span 3 =      0.592,    132.088       
# span 4 =     35.414,     84.319       
# span 5 =  35.009582,  66.020192       
# span 6 =     0.8472,     7.6285       
# span 7 =      7.018,      8.803       
# span 8 =   102.7736,   280.9740       
# span 9 = 1.5199e+00, 2.3420e+03       
# span 10 =     2.2268,    31.8745      
# span 11 =     -0.420,      5.219      
# span 12 =     -0.609,      7.570      
# span 13 =    11.6847,    26.5164      
# span 14 =   996.6647,   999.5788      
# span 15 = 0.0000e+00, 0.0000e+00      
# interval = seconds: 0.25
# start_time = Aug 12 2019 12:21:07 [Instrument's time stamp, header]
# bad_flag = -9.990e-29
*END*
[from data line 91]
     -0.001     -0.002     6.3504     77.685     35.738  36.156987     2.6834      8.362   196.3846 1.8152e+03     3.9891     -0.001     -0.001    25.5854   996.9130 0.0000e+00
      0.001     -0.000     6.3259     77.383     35.732  36.150678     2.5999      8.365   196.5391 1.8203e+03     3.9982      0.001      0.002    25.5840   996.9133 0.0000e+00
      0.001      0.001     6.3000     77.066     35.732  36.150043     2.5579      8.368   196.7450 1.8328e+03     4.0228      0.001      0.001    25.5826   996.9137 0.0000e+00
      0.001      0.001     6.2756     76.766     35.732  36.149313     2.5565      8.370   196.8949 1.8456e+03     4.0246      0.001      0.001    25.5811   996.9141 0.0000e+00
      0.000      0.001     6.2540     76.500     35.725  36.141860     2.5571      8.372   197.0609 1.8504e+03     3.9870      0.000     -0.000    25.5799   996.9145 0.0000e+00
      0.000      0.001     6.2360     76.279     35.707  36.123387     2.5561      8.375   197.3756 1.8478e+03     3.9620     -0.000      0.000    25.5790   996.9147 0.0000e+00
      0.000      0.002     6.2233     76.122     35.701  36.116368     2.5536      8.378   197.6889 1.8426e+03     3.9836     -0.001     -0.001    25.5784   996.9148 0.0000e+00
      0.001      0.002     6.2151     76.020     35.706  36.120463     2.5522      8.382   198.0091 1.8380e+03     4.0196      0.000      0.001    25.5777   996.9150 0.0000e+00
      0.003      0.001     6.2086     75.939     35.696  36.109433     2.5831      8.383   198.2360 1.8304e+03     4.0368      0.003      0.005    25.5768   996.9152 0.0000e+00
      0.003      0.001     6.2025     75.864     35.698  36.109942     2.6409      8.385   198.3680 1.8224e+03     3.9948      0.004      0.005    25.5759   996.9155 0.0000e+00
      0.003      0.000     6.1959     75.781     35.715  36.126627     2.6698      8.387   198.6580 1.8197e+03     3.9713      0.003      0.004    25.5751   996.9157 0.0000e+00
      0.002     -0.001     6.1879     75.682     35.710  36.120753     2.6722      8.390   198.9033 1.8183e+03     4.0142      0.002      0.002    25.5740   996.9159 0.0000e+00
      0.001     -0.001     6.1794     75.577     35.692  36.102389     2.6782      8.393   199.0111 1.8163e+03     4.0543      0.001      0.002    25.5730   996.9162 0.0000e+00
      0.001     -0.001     6.1697     75.456     35.686  36.094991     2.6822      8.394   199.1863 1.8143e+03     4.0636      0.001      0.001    25.5717   996.9166 0.0000e+00
      0.001      0.000     6.1595     75.331     35.686  36.094772     2.6778      8.394   199.4728 1.8095e+03     4.0280      0.000      0.000    25.5707   996.9168 0.0000e+00
      0.001 6.4653e-10     6.1488     75.199     35.691  36.099747     2.6760      8.397   199.8953 1.8056e+03     4.0166      0.001      0.001    25.5698   996.9171 0.0000e+00
      0.002 7.1118e-09     6.1343     75.020     35.684  36.091675     2.7215      8.399   200.3358 1.8069e+03     4.0900      0.002      0.003    25.5688   996.9173 0.0000e+00
      0.003 7.8230e-08     6.1177     74.816     35.654  36.060641     2.8124      8.399   200.5833 1.8087e+03     4.1941      0.003      0.004    25.5677   996.9176 0.0000e+00
      0.003 8.6053e-07     6.1018     74.619     35.636  36.041866     2.8644      8.399   200.6504 1.8082e+03     4.2597      0.003      0.004    25.5668   996.9178 0.0000e+00
      0.002      0.000     6.0854     74.419     35.649  36.055079     2.8736      8.399   200.7169 1.8074e+03     4.2602      0.002      0.003    25.5661   996.9180 0.0000e+00
      0.000      0.000     6.0689     74.216     35.688  36.093461     2.8798      8.401   200.9579 1.8073e+03     4.2337     -0.000     -0.000    25.5651   996.9183 0.0000e+00
      0.000      0.001     6.0529     74.019     35.720  36.125119     2.8881      8.402   201.3277 1.8038e+03     4.2339     -0.001     -0.001    25.5642   996.9185 0.0000e+00
      0.001      0.003     6.0374     73.829     35.715  36.120492     2.9133      8.402   201.6601 1.8004e+03     4.2630      0.001      0.001    25.5631   996.9188 0.0000e+00
      0.003      0.004     6.0255     73.685     35.695  36.100988     2.9329      8.402   201.8799 1.8014e+03     4.2570      0.003      0.005    25.5622   996.9190 0.0000e+00
      0.005      0.004     6.0210     73.632     35.673  36.079716     2.9258      8.402   201.9192 1.8027e+03     4.2265      0.005      0.007    25.5615   996.9192 0.0000e+00
      0.006      0.004     6.0220     73.649     35.645  36.053705     2.9318      8.402   201.8773 1.8064e+03     4.2226      0.006      0.008    25.5606   996.9195 0.0000e+00
      0.007      0.003     6.0259     73.699     35.630  36.040365     2.9614      8.403   201.8038 1.8089e+03     4.2099      0.006      0.009    25.5603   996.9196 0.0000e+00
      0.008      0.000     6.0310     73.764     35.634  36.045379     2.9799      8.405   201.6328 1.8049e+03     4.2043      0.008      0.012    25.5610   996.9194 0.0000e+00
      0.009     -0.003     6.0352     73.818     35.638  36.050863     2.9820      8.406   201.4447 1.8002e+03     4.2203      0.010      0.014    25.5628   996.9189 0.0000e+00
      0.008     -0.006     6.0387     73.863     35.629  36.043203     2.9789      8.406   201.3359 1.8037e+03     4.1076      0.007      0.012    25.5662   996.9180 0.0000e+00
      0.005     -0.010     6.0411     73.895     35.601  36.016230     2.9767      8.408   201.2634 1.8089e+03     3.8906      0.005      0.008    25.5694   996.9172 0.0000e+00
      0.001     -0.014     6.0399     73.881     35.564  35.978616     2.9815      8.410   201.1702 1.8085e+03     3.7930      0.001      0.002    25.5708   996.9168 0.0000e+00
     -0.002     -0.016     6.0337     73.804     35.555  35.969238     2.9845      8.410   201.1562 1.8095e+03     3.8117     -0.002     -0.003    25.5718   996.9165 0.0000e+00
     -0.007     -0.016     6.0212     73.651     35.553  35.966312     2.9349      8.410   201.2657 1.8105e+03     3.8546     -0.006     -0.009    25.5741   996.9159 0.0000e+00
     -0.013     -0.011     6.0022     73.416     35.531  35.943232     2.8411      8.410   201.5491 1.8075e+03     3.9182     -0.013     -0.018    25.5767   996.9152 0.0000e+00
     -0.018     -0.004     5.9781     73.121     35.533  35.944061     2.7960      8.409   201.9151 1.8047e+03     3.9913     -0.019     -0.028    25.5776   996.9149 0.0000e+00
     -0.021      0.006     5.9527     72.811     35.564  35.976329     2.7975      8.409   202.1624 1.8039e+03     4.0181     -0.022     -0.032    25.5767   996.9152 0.0000e+00
     -0.019      0.014     5.9311     72.550     35.602  36.016034     2.7807      8.411   202.4750 1.8016e+03     4.0116     -0.021     -0.030    25.5753   996.9155 0.0000e+00
     -0.010      0.019     5.9144     72.349     35.627  36.043309     2.7490      8.413   202.8554 1.7995e+03     4.0114     -0.011     -0.016    25.5740   996.9158 0.0000e+00
      0.002      0.020     5.9014     72.196     35.632  36.052234     2.7355      8.414   203.0622 1.7998e+03     4.0156      0.004      0.006    25.5730   996.9161 0.0000e+00
      0.012      0.016     5.8936     72.110     35.635  36.060485     2.7385      8.416   203.1685 1.8008e+03     4.0302      0.014      0.021    25.5733   996.9162 0.0000e+00
      0.015      0.009     5.8948     72.138     35.647  36.079610     2.7423      8.419   203.3670 1.8056e+03     4.0241      0.017      0.025    25.5757   996.9156 0.0000e+00
      0.014      0.001     5.9095     72.334     35.652  36.093063     2.7636      8.420   203.6549 1.8197e+03     3.9745      0.015      0.021    25.5790   996.9147 0.0000e+00
      0.009     -0.005     5.9384     72.706     35.645  36.096224     2.8144      8.421   203.8964 1.8368e+03     3.8885      0.009      0.013    25.5825   996.9138 0.0000e+00
      0.005     -0.007     5.9790     73.226     35.654  36.117848     2.8533      8.423   204.1352 1.8453e+03     3.8041      0.004      0.007    25.5891   996.9120 0.0000e+00
      0.003     -0.006     6.0275     73.849     35.685  36.164123     2.8782      8.427   204.3912 1.8412e+03     3.7732      0.003      0.005    25.5997   996.9092 0.0000e+00
      0.002     -0.003     6.0825     74.552     35.716  36.211450     3.0635      8.429   204.5827 1.8312e+03     3.8102      0.002      0.003    25.6116   996.9061 0.0000e+00
      0.002      0.001     6.1436     75.334     35.734  36.245815     3.3947      8.431   204.8159 1.8263e+03     3.8252      0.002      0.002    25.6250   996.9025 0.0000e+00
      0.003      0.003     6.2072     76.151     35.731  36.262292     3.5702      8.433   205.1455 1.8236e+03     3.7906      0.002      0.003    25.6431   996.8978 0.0000e+00
      0.005      0.003     6.2680     76.939     35.730  36.283763     3.5826      8.435   205.4711 1.8231e+03     3.7849      0.005      0.008    25.6648   996.8922 0.0000e+00
      0.008      0.003     6.3185     77.604     35.739  36.315039     3.5176      8.437   205.7410 1.8274e+03     3.7897      0.008      0.012    25.6864   996.8865 0.0000e+00
      0.009      0.002     6.3533     78.073     35.727  36.323127     3.3736      8.440   205.9144 1.8303e+03     3.7827      0.010      0.014    25.7089   996.8807 0.0000e+00
      0.008      0.001     6.3719     78.341     35.703  36.318104     3.2811      8.442   206.0180 1.8305e+03     3.7662      0.009      0.013    25.7362   996.8735 0.0000e+00
      0.007      0.001     6.3756     78.423     35.684  36.317809     3.2663      8.445   206.1331 1.8291e+03     3.7536      0.007      0.011    25.7677   996.8652 0.0000e+00
      0.006      0.002     6.3692     78.381     35.668  36.319595     3.1431      8.447   206.2737 1.8286e+03     3.7616      0.006      0.009    25.7996   996.8567 0.0000e+00
      0.006      0.004     6.3640     78.350     35.672  36.339721     2.8928      8.450   206.5142 1.8292e+03     3.7650      0.006      0.008    25.8294   996.8488 0.0000e+00
      0.008      0.007     6.3691     78.441     35.688  36.370761     2.7536      8.453   206.8028 1.8265e+03     3.7612      0.007      0.011    25.8556   996.8419 0.0000e+00
      0.011      0.010     6.3899     78.719     35.684  36.377562     2.7431      8.455   206.9239 1.8198e+03     3.7490      0.011      0.016    25.8821   996.8350 0.0000e+00
      0.014      0.011     6.4293     79.217     35.659  36.358500     2.7661      8.456   207.0332 1.8091e+03     3.7484      0.014      0.020    25.9083   996.8280 0.0000e+00
      0.018      0.011     6.4830     79.881     35.631  36.330708     2.8228      8.458   207.2632 1.7646e+03     3.7870      0.018      0.026    25.9308   996.8220 0.0000e+00
      0.022      0.009     6.5434     80.618     35.600  36.295417     2.8659      8.460   207.4679 1.6296e+03     3.8220      0.023      0.033    25.9517   996.8165 0.0000e+00
      0.025      0.006     6.6010     81.314     35.560  36.249149     2.8622      8.462   207.7014 1.4214e+03     3.8106      0.026      0.037    25.9681   996.8122 0.0000e+00
      0.026      0.003     6.6457     81.849     35.535  36.215560     2.8125      8.463   208.0216 1.2850e+03     3.7482      0.026      0.038    25.9769   996.8099 0.0000e+00
      0.025      0.001     6.6733     82.175     35.533  36.206640     2.7420      8.464   208.3278 1.3332e+03     3.6577      0.025      0.036    25.9785   996.8095 0.0000e+00
      0.024      0.000     6.6833     82.290     35.536  36.204767     2.6950      8.467   208.5650 1.5006e+03     3.5673      0.025      0.036    25.9730   996.8109 0.0000e+00
      0.023      0.000     6.6767     82.201     35.526  36.192907     2.6855      8.468   208.7384 1.6338e+03     3.5078      0.023      0.032    25.9623   996.8137 0.0000e+00
      0.023      0.001     6.6562     81.945     35.526  36.190172     2.6886      8.469   208.8759 1.5948e+03     3.4957      0.022      0.031    25.9505   996.8167 0.0000e+00
      0.024      0.003     6.6264     81.575     35.571  36.235179     2.7141      8.470   209.1075 1.2863e+03     3.5522      0.024      0.034    25.9411   996.8193 0.0000e+00
      0.026      0.005     6.5937     81.172     35.628  36.292784     2.7692      8.471   209.3876 8.2044e+02     3.6987      0.025      0.036    25.9354   996.8208 0.0000e+00
      0.027      0.007     6.5630     80.799     35.649  36.315427     2.7999      8.473   209.5099 5.0749e+02     3.7922      0.026      0.037    25.9321   996.8217 0.0000e+00
      0.029      0.008     6.5362     80.474     35.649  36.318547     2.8082      8.477   209.6405 4.2482e+02     3.7656      0.028      0.041    25.9293   996.8225 0.0000e+00
      0.032      0.008     6.5140     80.204     35.659  36.330511     2.9382      8.481   209.9340 3.8514e+02     3.7380      0.031      0.045    25.9267   996.8232 0.0000e+00
      0.034      0.007     6.4955     79.979     35.660  36.333139     3.1932      8.485   210.1333 3.3464e+02     3.7534      0.034      0.049    25.9261   996.8234 0.0000e+00
      0.036      0.004     6.4798     79.787     35.614  36.286856     3.3425      8.487   210.2423 3.1204e+02     3.7877      0.036      0.052    25.9289   996.8227 0.0000e+00
      0.037 5.8219e-07     6.4660     79.615     35.545  36.215198     3.3559      8.490   210.4786 2.9213e+02     3.7926      0.036      0.053    25.9329   996.8216 0.0000e+00
      0.038     -0.005     6.4499     79.411     35.498  36.164903     3.2778      8.493   210.8389 2.8486e+02     3.7792      0.038      0.054    25.9359   996.8208 0.0000e+00
      0.038     -0.010     6.4269     79.121     35.460  36.123036     3.1347      8.495   211.2430 2.9735e+02     3.7902      0.039      0.056    25.9382   996.8202 0.0000e+00
      0.034     -0.014     6.3934     78.706     35.429  36.089812     3.0562      8.496   211.4080 3.0138e+02     3.7947      0.034      0.050    25.9396   996.8198 0.0000e+00
      0.026     -0.016     6.3492     78.163     35.420  36.080544     3.0402      8.499   211.3709 2.9933e+02     3.8006      0.026      0.038    25.9382   996.8201 0.0000e+00
      0.019     -0.016     6.3002     77.560     35.414  36.074450     2.9839      8.502   211.5680 2.9918e+02     3.8277      0.018      0.027    25.9331   996.8214 0.0000e+00
      0.014     -0.014     6.2536     76.980     35.422  36.079597     2.8875      8.504   211.9854 2.9536e+02     3.8277      0.013      0.018    25.9274   996.8229 0.0000e+00
      0.010     -0.010     6.2123     76.465     35.424  36.079307     2.8450      8.505   212.3733 2.9077e+02     3.8006      0.010      0.013    25.9249   996.8236 0.0000e+00
      0.010     -0.007     6.1761     76.017     35.417  36.070930     2.8604      8.507   212.6441 2.8945e+02     3.7953      0.009      0.013    25.9272   996.8229 0.0000e+00
      0.012     -0.005     6.1440     75.624     35.450  36.105251     2.9007      8.510   212.8507 2.8796e+02     3.8614      0.012      0.017    25.9280   996.8227 0.0000e+00
      0.013     -0.003     6.1170     75.293     35.519  36.176935     2.9509      8.512   212.9791 2.8478e+02     3.9451      0.014      0.020    25.9231   996.8240 0.0000e+00
      0.011     -0.001     6.0985     75.068     35.704  36.366417     2.9730      8.512   212.7332 2.7686e+02     3.9545      0.011      0.017    25.9178   996.8254 0.0000e+00
      0.006      0.001     6.1064     75.163     36.078  36.746016     2.9765      8.512   211.0820 2.7504e+02     3.9745      0.004      0.005    25.9156   996.8259 0.0000e+00
      0.005      0.003     6.2286     76.655     36.418  37.085255     2.9848      8.514   204.8019 2.8287e+02     4.0235      0.003      0.003    25.9182   996.8252 0.0000e+00
      0.008      0.003     6.6205     81.470     36.564  37.231015     3.0481      8.515   195.4798 2.8256e+02     3.9903      0.008      0.011    25.9198   996.8249 0.0000e+00
