Data/DataAlreadyUploadedToEDI/CollatedDataForEDI/CTDData/CTD_2019 (not collated)/081219_fcr10.cnv
* Sea-Bird SBE19plus  Data File:
* FileName = C:\DATA\081219_fcr_0001.hex
* Software version 2.8.0.119 SB_Terminal.dll
* Temperature SN = 7809
* Conductivity SN = 7809
* System UpLoad Time = Aug 12 2019 16:25:21
* <ApplicationData>
* <Seaterm232>
# nquan = 16
# nvalues = 505                         
# units = specified
# name 0 = depFM: Depth [fresh water, m]
# name 1 = dz/dtM: Descent Rate [m/s]
# name 2 = sbeox0Mg/L: Oxygen, SBE 43 [mg/l]
# name 3 = sbeox0PS: Oxygen, SBE 43 [% saturation]
# name 4 = specc: Specific Conductance [uS/cm]
# name 5 = c0uS/cm: Conductivity [uS/cm]
# name 6 = flECO-AFL: Fluorescence, WET Labs ECO-AFL/FL [mg/m^3]
# name 7 = ph: pH
# name 8 = orp: Oxidation Reduction Potential [mV]
# name 9 = par/sat/log: PAR/Logarithmic, Satlantic
# name 10 = turbWETntu0: Turbidity, WET Labs ECO [NTU]
# name 11 = prdM: Pressure, Strain Gauge [db]
# name 12 = prdE: Pressure, Strain Gauge [psi]
# name 13 = tv290C: Temperature [ITS-90, deg C]
# name 14 = density00: Density [density, kg/m^3]
# name 15 = flag:  0.000e+00
# span 0 =     -0.573,      2.194       
# span 1 =     -0.019,      0.179       
# span 2 =     4.4690,    10.7009       
# span 3 =     52.532,    133.112       
# span 4 =      0.471,     39.289       
# span 5 =   0.490909,  38.061473       
# span 6 =    -0.7636,     6.3517       
# span 7 =      6.788,      9.226       
# span 8 =   182.0405,   860.3754       
# span 9 = 6.1252e+01, 2.3741e+03       
# span 10 =    -0.5037,    30.7201      
# span 11 =     -0.562,      2.151      
# span 12 =     -0.816,      3.120      
# span 13 =    23.4256,    27.1115      
# span 14 =   996.4911,   997.4671      
# span 15 = 0.0000e+00, 0.0000e+00      
# interval = seconds: 0.25
# start_time = Aug 12 2019 11:55:37 [Instrument's time stamp, header]
# bad_flag = -9.990e-29
*END*
[from data line 91]
     -0.012      0.005     7.8092     97.475     36.010  37.233020     2.3257      8.829   228.9164 1.6944e+03     3.8032     -0.012     -0.017    26.6931   996.6174 0.0000e+00
     -0.008     -0.005     7.7793     97.100     36.068  37.292791     2.3677      8.818   232.5252 1.8852e+03     3.8282     -0.005     -0.007    26.6923   996.6176 0.0000e+00
     -0.010     -0.013     7.7638     96.907     36.169  37.396323     2.3936      8.804   233.0280 2.1163e+03     3.8302     -0.006     -0.008    26.6926   996.6175 0.0000e+00
     -0.021     -0.018     7.7780     97.083     36.239  37.469237     2.3966      8.789   233.6187 2.1386e+03     3.8280     -0.020     -0.029    26.6927   996.6174 0.0000e+00
     -0.036     -0.019     7.8114     97.496     36.247  37.476167     2.3521      8.778   234.2467 2.1922e+03     3.8023     -0.037     -0.055    26.6918   996.6176 0.0000e+00
     -0.043     -0.017     7.8377     97.816     36.255  37.480117     2.2714      8.772   234.5981 2.2487e+03     3.7816     -0.045     -0.067    26.6911   996.6177 0.0000e+00
     -0.042     -0.012     7.8409     97.846     36.295  37.516980     2.2277      8.768   234.8557 2.2708e+03     3.8063     -0.042     -0.061    26.6910   996.6178 0.0000e+00
     -0.039     -0.004     7.8216     97.593     36.323  37.541019     2.2222      8.763   235.2962 2.2727e+03     3.8068     -0.036     -0.053    26.6911   996.6178 0.0000e+00
     -0.039      0.002     7.7925     97.220     36.304  37.516866     2.2218      8.757   235.7957 2.2724e+03     3.7217     -0.039     -0.056    26.6891   996.6184 0.0000e+00
     -0.040      0.005     7.7720     96.955     36.271  37.478845     2.2153      8.752   236.0758 2.2747e+03     3.5960     -0.041     -0.060    26.6846   996.6196 0.0000e+00
     -0.038      0.005     7.7685     96.904     36.257  37.462144     2.2121      8.749   236.1022 2.2756e+03     3.5321     -0.038     -0.056    26.6777   996.6215 0.0000e+00
     -0.036      0.005     7.7812     97.057     36.240  37.441883     2.2179      8.745   236.2012 2.2736e+03     3.5393     -0.035     -0.051    26.6698   996.6236 0.0000e+00
     -0.035      0.005     7.8084     97.393     36.224  37.424290     2.2254      8.740   236.6697 2.2773e+03     3.5522     -0.034     -0.049    26.6637   996.6253 0.0000e+00
     -0.034      0.004     7.8420     97.813     36.239  37.439858     2.2240      8.734   237.1210 2.2874e+03     3.5568     -0.033     -0.048    26.6594   996.6265 0.0000e+00
     -0.031      0.003     7.8679     98.135     36.238  37.439692     2.2103      8.729   237.2703 2.2929e+03     3.5620     -0.030     -0.044    26.6558   996.6275 0.0000e+00
     -0.030      0.001     7.8744     98.215     36.222  37.422277     2.2071      8.724   237.5281 2.2912e+03     3.5832     -0.027     -0.040    26.6520   996.6285 0.0000e+00
     -0.031      0.000     7.8560     97.983     36.221  37.419713     2.2020      8.719   237.9148 2.2892e+03     3.6482     -0.029     -0.043    26.6498   996.6291 0.0000e+00
     -0.033      0.000     7.8128     97.442     36.211  37.408696     2.1751      8.715   238.0747 2.2881e+03     3.7257     -0.033     -0.048    26.6506   996.6289 0.0000e+00
     -0.034      0.000     7.7488     96.643     36.218  37.416012     2.1510      8.712   238.0842 2.2881e+03     3.7672     -0.034     -0.050    26.6513   996.6287 0.0000e+00
     -0.033      0.001     7.6703     95.664     36.246  37.444707     2.1444      8.709   238.2018 2.2896e+03     3.7892     -0.032     -0.047    26.6502   996.6289 0.0000e+00
     -0.031      0.002     7.5840     94.588     36.240  37.438269     2.1470      8.705   238.5508 2.2897e+03     3.7942     -0.030     -0.044    26.6487   996.6294 0.0000e+00
     -0.029      0.002     7.4972     93.506     36.204  37.401644     2.1654      8.698   238.9473 2.2887e+03     3.7291     -0.028     -0.041    26.6472   996.6298 0.0000e+00
     -0.029      0.002     7.4137     92.466     36.186  37.382720     2.2022      8.692   239.1243 2.2877e+03     3.6249     -0.029     -0.042    26.6460   996.6301 0.0000e+00
     -0.030      0.001     7.3312     91.436     36.202  37.399883     2.2280      8.688   239.2285 2.2856e+03     3.5504     -0.030     -0.043    26.6459   996.6302 0.0000e+00
     -0.030      0.001     7.2489     90.410     36.221  37.418742     2.2340      8.685   239.4333 2.2844e+03     3.5168     -0.029     -0.042    26.6465   996.6300 0.0000e+00
     -0.030      0.001     7.1687     89.410     36.222  37.420313     2.2318      8.683   239.7069 2.2854e+03     3.5467     -0.029     -0.042    26.6470   996.6298 0.0000e+00
     -0.029      0.001     7.0923     88.459     36.220  37.418886     2.2271      8.680   240.1280 2.2870e+03     3.5836     -0.028     -0.041    26.6472   996.6298 0.0000e+00
     -0.028      0.002     7.0201     87.558     36.203  37.401484     2.2204      8.674   240.5660 2.2888e+03     3.5696     -0.028     -0.040    26.6475   996.6297 0.0000e+00
     -0.028      0.002     6.9487     86.668     36.201  37.400339     2.2119      8.667   240.7877 2.2898e+03     3.5420     -0.027     -0.040    26.6482   996.6295 0.0000e+00
     -0.027      0.001     6.8783     85.792     36.205  37.405036     2.2099      8.662   240.8296 2.2894e+03     3.5447     -0.027     -0.039    26.6485   996.6294 0.0000e+00
     -0.027      0.001     6.8121     84.968     36.195  37.394797     2.2145      8.658   240.7286 2.2892e+03     3.5694     -0.026     -0.038    26.6488   996.6294 0.0000e+00
     -0.027      0.001     6.7497     84.191     36.203  37.403501     2.2240      8.656   240.7702 2.2893e+03     3.6112     -0.026     -0.038    26.6492   996.6292 0.0000e+00
     -0.027      0.001     6.6903     83.450     36.183  37.383316     2.2297      8.653   241.1606 2.2904e+03     3.6575     -0.026     -0.038    26.6499   996.6291 0.0000e+00
     -0.027      0.002     6.6344     82.754     36.141  37.341174     2.2403      8.648   241.3192 2.2911e+03     3.6374     -0.026     -0.038    26.6508   996.6289 0.0000e+00
     -0.026      0.002     6.5808     82.087     36.137  37.338288     2.2651      8.643   239.6765 2.2900e+03     3.5965     -0.025     -0.037    26.6515   996.6286 0.0000e+00
     -0.025      0.002     6.5285     81.437     36.147  37.348423     2.2783      8.639   230.5907 2.2898e+03     3.5894     -0.025     -0.036    26.6523   996.6284 0.0000e+00
     -0.024      0.002     6.4794     80.825     36.135  37.336765     2.2787      8.638   223.8706 2.2908e+03     3.5843     -0.024     -0.034    26.6532   996.6282 0.0000e+00
     -0.023      0.002     6.4356     80.280     36.122  37.324277     2.2864      8.637   232.4177 2.2909e+03     3.6005     -0.023     -0.033    26.6538   996.6280 0.0000e+00
     -0.023      0.001     6.3934     79.754     36.122  37.324380     2.3111      8.633   241.0112 2.2915e+03     3.6872     -0.023     -0.033    26.6545   996.6278 0.0000e+00
     -0.023      0.001     6.3470     79.177     36.135  37.338010     2.3349      8.628   242.0783 2.2925e+03     3.7806     -0.022     -0.032    26.6553   996.6276 0.0000e+00
     -0.023      0.000     6.2994     78.585     36.157  37.362131     2.3395      8.623   242.3943 2.2924e+03     3.8124     -0.023     -0.033    26.6562   996.6274 0.0000e+00
     -0.023 4.2813e-07     6.2549     78.030     36.157  37.362131     2.3415      8.619   242.6812 2.2924e+03     3.8089     -0.023     -0.033    26.6569   996.6272 0.0000e+00
     -0.023      0.000     6.2131     77.509     36.133  37.338010     2.3584      8.614   242.8800 2.2924e+03     3.7706     -0.023     -0.033    26.6577   996.6269 0.0000e+00
     -0.024      0.000     6.1729     77.010     36.119  37.324390     2.3874      8.610   242.1307 2.2914e+03     3.7436     -0.023     -0.034    26.6587   996.6266 0.0000e+00
     -0.024      0.001     6.1344     76.530     36.119  37.324390     2.4060      8.606   232.6745 2.2914e+03     3.7776     -0.024     -0.034    26.6597   996.6264 0.0000e+00
     -0.023      0.001     6.0972     76.067     36.131  37.338011     2.4105      8.605   214.8430 2.2929e+03     3.8211     -0.023     -0.032    26.6605   996.6262 0.0000e+00
     -0.022      0.001     6.0604     75.610     36.154  37.362131     2.4075      8.606   205.0630 2.2939e+03     3.8098     -0.022     -0.032    26.6613   996.6260 0.0000e+00
     -0.022      0.000     6.0258     75.180     36.153  37.362140     2.3960      8.607   210.7899 2.2924e+03     3.7724     -0.022     -0.031    26.6620   996.6258 0.0000e+00
     -0.022 3.3868e-09     5.9926     74.767     36.129  37.338113     2.3917      8.607   216.8895 2.2902e+03     3.7621     -0.022     -0.031    26.6631   996.6255 0.0000e+00
     -0.022 3.7255e-08     5.9586     74.343     36.117  37.325513     2.3988      8.604   209.6371 2.2896e+03     3.7839     -0.022     -0.031    26.6642   996.6252 0.0000e+00
     -0.023 4.0981e-07     5.9251     73.927     36.127  37.336749     2.4040      8.601   201.3118 2.2898e+03     3.7734     -0.023     -0.033    26.6648   996.6250 0.0000e+00
     -0.023      0.000     5.8940     73.540     36.136  37.347032     2.4033      8.601   199.4297 2.2894e+03     3.6688     -0.024     -0.034    26.6659   996.6247 0.0000e+00
     -0.023      0.000     5.8649     73.177     36.112  37.322891     2.3996      8.599   198.4952 2.2885e+03     3.5675     -0.023     -0.033    26.6668   996.6245 0.0000e+00
     -0.023      0.001     5.8374     72.837     36.087  37.298759     2.4024      8.596   197.8428 2.2888e+03     3.5649     -0.023     -0.033    26.6675   996.6243 0.0000e+00
     -0.022      0.001     5.8121     72.522     36.097  37.309145     2.4105      8.594   197.3928 2.2896e+03     3.6369     -0.022     -0.031    26.6685   996.6240 0.0000e+00
     -0.022      0.001     5.7881     72.223     36.109  37.321527     2.4105      8.591   197.0114 2.2896e+03     3.7171     -0.021     -0.031    26.6694   996.6238 0.0000e+00
     -0.022      0.001     5.7645     71.929     36.109  37.321516     2.4025      8.586   196.5867 2.2881e+03     3.7476     -0.022     -0.032    26.6703   996.6235 0.0000e+00
     -0.022      0.001     5.7410     71.638     36.096  37.309021     2.4002      8.582   196.2160 2.2864e+03     3.7766     -0.022     -0.031    26.6713   996.6232 0.0000e+00
     -0.022      0.001     5.7179     71.351     36.083  37.297395     2.4090      8.578   195.8850 2.2871e+03     3.8381     -0.021     -0.030    26.6721   996.6230 0.0000e+00
     -0.022      0.001     5.6968     71.088     36.093  37.307885     2.4140      8.575   195.5097 2.2895e+03     3.8686     -0.022     -0.031    26.6729   996.6228 0.0000e+00
     -0.021      0.002     5.6773     70.846     36.094  37.308915     2.4079      8.572   195.3782 2.2913e+03     3.8513     -0.021     -0.030    26.6736   996.6225 0.0000e+00
     -0.021      0.002     5.6566     70.589     36.094  37.309860     2.3969      8.570   196.6173 2.2918e+03     3.7925     -0.020     -0.029    26.6746   996.6223 0.0000e+00
     -0.021      0.002     5.6350     70.321     36.102  37.319300     2.4196      8.568   205.6734 2.2909e+03     3.7145     -0.020     -0.029    26.6756   996.6221 0.0000e+00
     -0.020      0.002     5.6149     70.072     36.079  37.296114     2.4915      8.564   222.5358 2.2897e+03     3.6624     -0.020     -0.028    26.6763   996.6219 0.0000e+00
     -0.019      0.002     5.5958     69.834     36.067  37.283410     2.5372      8.558   234.7022 2.2882e+03     3.6213     -0.019     -0.027    26.6769   996.6218 0.0000e+00
     -0.018      0.002     5.5763     69.591     36.075  37.292651     2.5311      8.551   238.3434 2.2843e+03     3.5776     -0.018     -0.025    26.6780   996.6215 0.0000e+00
     -0.017      0.001     5.5568     69.349     36.063  37.280901     2.5130      8.544   230.5967 2.2775e+03     3.5597     -0.017     -0.024    26.6789   996.6213 0.0000e+00
     -0.017      0.000     5.5371     69.104     36.050  37.268283     2.4310      8.539   213.3972 2.2660e+03     3.5689     -0.017     -0.025    26.6798   996.6209 0.0000e+00
     -0.018     -0.001     5.5184     68.870     36.049  37.267033     2.2845      8.539   202.7219 2.2554e+03     3.5911     -0.018     -0.025    26.6805   996.6207 0.0000e+00
     -0.019     -0.001     5.5026     68.673     36.047  37.265793     2.2072      8.541   201.9299 2.2536e+03     3.5985     -0.018     -0.026    26.6808   996.6207 0.0000e+00
     -0.019     -0.001     5.4887     68.501     36.034  37.253298     2.2076      8.542   208.7257 2.2554e+03     3.5591     -0.019     -0.027    26.6815   996.6205 0.0000e+00
     -0.020     -0.001     5.4757     68.341     36.024  37.242900     2.2018      8.540   214.1652 2.2565e+03     3.5410     -0.019     -0.028    26.6824   996.6202 0.0000e+00
     -0.020      0.000     5.4627     68.180     36.047  37.267030     2.1813      8.537   207.6427 2.2578e+03     3.5764     -0.019     -0.028    26.6831   996.6200 0.0000e+00
     -0.019 3.9133e-07     5.4495     68.016     36.070  37.291151     2.1677      8.535   200.5013 2.2591e+03     3.5945     -0.019     -0.027    26.6838   996.6198 0.0000e+00
     -0.019      0.000     5.4368     67.858     36.059  37.280641     2.1584      8.535   199.0597 2.2596e+03     3.5630     -0.019     -0.027    26.6848   996.6195 0.0000e+00
     -0.019      0.000     5.4254     67.717     36.045  37.266906     2.1635      8.535   198.4725 2.2587e+03     3.4911     -0.018     -0.026    26.6858   996.6193 0.0000e+00
     -0.019      0.001     5.4152     67.590     36.030  37.252036     2.1955      8.533   198.0466 2.2601e+03     3.4132     -0.018     -0.026    26.6864   996.6192 0.0000e+00
     -0.019      0.001     5.4048     67.461     36.006  37.227793     2.2250      8.531   197.7822 2.2642e+03     3.3417     -0.019     -0.027    26.6871   996.6190 0.0000e+00
     -0.019      0.001     5.3945     67.333     36.006  37.227679     2.2338      8.530   198.3735 2.2664e+03     3.3152     -0.019     -0.028    26.6879   996.6187 0.0000e+00
     -0.019      0.001     5.3842     67.206     36.027  37.250654     2.2408      8.528   207.6906 2.2681e+03     3.3877     -0.018     -0.026    26.6887   996.6185 0.0000e+00
     -0.018      0.001     5.3752     67.095     36.028  37.251693     2.2580      8.526   223.2769 2.2699e+03     3.4972     -0.017     -0.025    26.6894   996.6183 0.0000e+00
     -0.018      0.001     5.3675     67.000     36.016  37.240246     2.2770      8.521   231.0957 2.2700e+03     3.5579     -0.017     -0.024    26.6902   996.6181 0.0000e+00
     -0.018      0.000     5.3595     66.901     36.015  37.239200     2.2885      8.516   226.1679 2.2705e+03     3.5639     -0.017     -0.025    26.6909   996.6179 0.0000e+00
     -0.018     -0.001     5.3527     66.817     36.014  37.239049     2.2843      8.513   212.3928 2.2698e+03     3.6026     -0.017     -0.025    26.6915   996.6177 0.0000e+00
     -0.018     -0.002     5.3477     66.755     36.013  37.238422     2.2780      8.513   212.1858 2.2691e+03     3.6980     -0.017     -0.024    26.6922   996.6176 0.0000e+00
     -0.019     -0.002     5.3445     66.715     36.007  37.231622     2.2732      8.514   219.7939 2.2710e+03     3.7666     -0.017     -0.025    26.6931   996.6174 0.0000e+00
     -0.020     -0.002     5.3614     66.919     36.061  37.283775     2.2697      8.513   210.5986 2.2708e+03     3.8096     -0.019     -0.028    26.6936   996.6172 0.0000e+00
     -0.020     -0.001     5.4966     68.574     36.215  37.424680     2.2787      8.512   200.4672 2.2660e+03     3.8253     -0.020     -0.029    26.6939   996.6170 0.0000e+00
     -0.020     -0.001     5.9255     73.859     36.358  37.538825     2.2691      8.511   199.1671 2.2640e+03     3.7592     -0.020     -0.028    26.6952   996.6167 0.0000e+00
