Data/DataAlreadyUploadedToEDI/CollatedDataForEDI/CTDData/CTD_2019 (not collated)/081219_fcr30.cnv
* Sea-Bird SBE19plus  Data File:
* FileName = C:\DATA\081219_fcr_0003.hex
* Software version 2.8.0.119 SB_Terminal.dll
* Temperature SN = 7809
* Conductivity SN = 7809
* System UpLoad Time = Aug 12 2019 16:26:22
* <ApplicationData>
* <Seaterm232>
# nquan = 16
# nvalues = 1446                        
# units = specified
# name 0 = depFM: Depth [fresh water, m]
# name 1 = dz/dtM: Descent Rate [m/s]
# name 2 = sbeox0Mg/L: Oxygen, SBE 43 [mg/l]
# name 3 = sbeox0PS: Oxygen, SBE 43 [% saturation]
# name 4 = specc: Specific Conductance [uS/cm]
# name 5 = c0uS/cm: Conductivity [uS/cm]
# name 6 = flECO-AFL: Fluorescence, WET Labs ECO-AFL/FL [mg/m^3]
# name 7 = ph: pH
# name 8 = orp: Oxidation Reduction Potential [mV]
# name 9 = par/sat/log: PAR/Logarithmic, Satlantic
# name 10 = turbWETntu0: Turbidity, WET Labs ECO [NTU]
# name 11 = prdM: Pressure, Strain Gauge [db]
# name 12 = prdE: Pressure, Strain Gauge [psi]
# name 13 = tv290C: Temperature [ITS-90, deg C]
# name 14 = density00: Density [density, kg/m^3]
# name 15 = flag:  0.000e+00
# span 0 =     -0.418,      5.321       
# span 1 =     -0.016,      0.154       
# span 2 =     0.0606,    10.7532       
# span 3 =      0.592,    132.088       
# span 4 =     35.414,     84.319       
# span 5 =  35.009582,  66.020192       
# span 6 =     0.8472,     7.6285       
# span 7 =      7.018,      8.803       
# span 8 =   102.7736,   280.9740       
# span 9 = 1.5199e+00, 2.3420e+03       
# span 10 =     2.2268,    31.8745      
# span 11 =     -0.420,      5.219      
# span 12 =     -0.609,      7.570      
# span 13 =    11.6847,    26.5164      
# span 14 =   996.6647,   999.5788      
# span 15 = 0.0000e+00, 0.0000e+00      
# interval = seconds: 0.25
# start_time = Aug 12 2019 12:21:07 [Instrument's time stamp, header]
# bad_flag = -9.990e-29
*END*
[from data line 995]
      2.746      0.022     0.1036      1.180     44.108  41.255115     6.6826      7.699   279.9748 2.3591e+01     3.7639      2.694      3.907    21.8923   997.8281 0.0000e+00
      2.750      0.024     0.1046      1.190     45.037  42.090984     6.6984      7.694   279.9096 2.3538e+01     3.7522      2.697      3.912    21.8532   997.8373 0.0000e+00
      2.753      0.028     0.1057      1.201     46.173  43.099326     6.7857      7.686   280.2346 2.3457e+01     3.7483      2.698      3.914    21.8222   997.8445 0.0000e+00
      2.757      0.032     0.1053      1.195     46.752  43.542186     6.9496      7.677   280.8065 2.3311e+01     3.7502      2.703      3.920    21.7899   997.8517 0.0000e+00
      2.766      0.035     0.1047      1.185     46.846  43.508913     7.0322      7.668   280.9740 2.3085e+01     3.7416      2.711      3.931    21.7627   997.8579 0.0000e+00
      2.780      0.035     0.1036      1.170     46.948  43.522273     7.0294      7.660   280.7970 2.2765e+01     3.7427      2.724      3.952    21.7293   997.8658 0.0000e+00
      2.796      0.033     0.1018      1.149     47.108  43.640108     6.9765      7.653   280.5598 2.2502e+01     3.6981      2.744      3.981    21.6881   997.8756 0.0000e+00
      2.806      0.030     0.1000      1.129     47.073  43.600221     6.8700      7.647   280.4285 2.2418e+01     3.5955      2.755      3.995    21.5813   997.8997 0.0000e+00
      2.810      0.025     0.0974      1.099     46.878  43.420968     6.8079      7.640   280.4136 2.2409e+01     3.5502      2.757      3.998    21.4085   997.9379 0.0000e+00
      2.810      0.020     0.0942      1.063     46.690  43.250631     6.7978      7.632   280.3799 2.2338e+01     3.5442      2.755      3.996    21.3250   997.9564 0.0000e+00
      2.813      0.018     0.0924      1.043     46.424  43.001066     6.7915      7.625   280.4509 2.2178e+01     3.5236      2.756      3.997    21.3099   997.9598 0.0000e+00
      2.819      0.019     0.0922      1.041     46.104  42.689241     6.7920      7.617   280.4982 2.2018e+01     3.5301      2.765      4.010    21.3020   997.9616 0.0000e+00
      2.826      0.022     0.0917      1.034     45.963  42.528004     6.7957      7.611   280.3494 2.1885e+01     3.5571      2.771      4.020    21.3081   997.9602 0.0000e+00
      2.831      0.026     0.0914      1.030     45.847  42.384858     6.8019      7.607   280.2008 2.1768e+01     3.5551      2.776      4.027    21.3138   997.9589 0.0000e+00
      2.836      0.028     0.0922      1.038     45.577  42.101258     6.8234      7.603   280.0769 2.1641e+01     3.5063      2.781      4.034    21.3136   997.9589 0.0000e+00
      2.843      0.029     0.0927      1.043     45.463  41.956043     6.8559      7.602   279.8841 2.1456e+01     3.4586      2.788      4.043    21.2989   997.9620 0.0000e+00
      2.853      0.028     0.0926      1.040     45.579  42.025817     6.8660      7.602   279.6771 2.1258e+01     3.4698      2.798      4.058    21.2596   997.9706 0.0000e+00
      2.862      0.027     0.0929      1.044     45.709  42.119477     6.8505      7.602   279.4667 2.1089e+01     3.5099      2.808      4.071    21.2170   997.9800 0.0000e+00
      2.870      0.024     0.0936      1.052     45.808  42.199572     6.8409      7.602   279.2333 2.0945e+01     3.5183      2.815      4.081    21.1875   997.9864 0.0000e+00
      2.875      0.021     0.0942      1.059     45.907  42.295830     6.7929      7.603   279.0922 2.0836e+01     3.5056      2.820      4.091    21.1373   997.9974 0.0000e+00
      2.878      0.020     0.0955      1.074     45.997  42.394462     6.6954      7.604   279.0512 2.0774e+01     3.4878      2.823      4.095    21.0905   998.0076 0.0000e+00
      2.881      0.021     0.0970      1.091     46.100  42.503274     6.6419      7.606   278.7380 2.0721e+01     3.4671      2.824      4.096    21.0628   998.0136 0.0000e+00
      2.885      0.023     0.0978      1.100     46.407  42.786102     6.6394      7.607   278.2295 2.0623e+01     3.4841      2.828      4.102    21.0491   998.0167 0.0000e+00
      2.891      0.026     0.0984      1.105     47.715  43.972841     6.7174      7.607   277.8078 2.0487e+01     3.5292      2.835      4.112    21.0587   998.0147 0.0000e+00
      2.898      0.030     0.0988      1.109     49.680  45.739889     6.8578      7.607   277.2530 2.0330e+01     3.5532      2.841      4.121    21.0781   998.0104 0.0000e+00
      2.908      0.033     0.0982      1.101     50.722  46.625645     6.9231      7.605   276.6843 2.0170e+01     3.5455      2.852      4.136    21.1021   998.0055 0.0000e+00
      2.918      0.034     0.0970      1.086     51.284  47.062523     6.9259      7.603   276.1798 1.9959e+01     3.5024      2.861      4.148    21.1002   998.0058 0.0000e+00
      2.928      0.033     0.0967      1.081     52.202  47.846706     6.9008      7.599   275.5409 1.9750e+01     3.4899      2.872      4.165    21.0785   998.0109 0.0000e+00
      2.938      0.031     0.0964      1.077     53.225  48.740219     6.8532      7.594   274.9822 1.9651e+01     3.5588      2.883      4.182    21.0470   998.0189 0.0000e+00
      2.944      0.028     0.0956      1.067     53.806  49.228475     6.8277      7.589   274.5010 1.9548e+01     3.5815      2.886      4.187    20.9590   998.0381 0.0000e+00
      2.951      0.023     0.0960      1.071     53.589  48.986720     6.8172      7.584   273.8529 1.9413e+01     3.5349      2.894      4.197    20.8664   998.0581 0.0000e+00
      2.957      0.019     0.0970      1.082     53.211  48.611699     6.8130      7.579   273.1683 1.9313e+01     3.5200      2.901      4.206    20.8205   998.0684 0.0000e+00
      2.961      0.018     0.0958      1.068     53.175  48.568341     6.8119      7.574   272.5908 1.9233e+01     3.5321      2.903      4.211    20.7841   998.0767 0.0000e+00
      2.964      0.018     0.0926      1.033     54.040  49.351610     6.8132      7.567   272.0324 1.9177e+01     3.5506      2.907      4.217    20.7417   998.0861 0.0000e+00
      2.966      0.018     0.0906      1.010     55.699  50.841483     6.8286      7.558   271.4939 1.9112e+01     3.5458      2.908      4.218    20.6963   998.0954 0.0000e+00
      2.970      0.019     0.0900      1.001     56.580  51.592542     6.9283      7.548   270.9834 1.8977e+01     3.5075      2.911      4.222    20.6648   998.1022 0.0000e+00
      2.977      0.019     0.0891      0.990     56.205  51.191649     7.1087      7.538   270.4206 1.8834e+01     3.4809      2.920      4.236    20.6610   998.1029 0.0000e+00
      2.984      0.019     0.0886      0.985     55.551  50.567621     7.2063      7.527   269.7661 1.8747e+01     3.5189      2.928      4.246    20.6636   998.1026 0.0000e+00
      2.989      0.020     0.0885      0.984     55.297  50.335769     7.2072      7.516   268.6614 1.8674e+01     3.5734      2.932      4.252    20.6478   998.1068 0.0000e+00
      2.993      0.021     0.0889      0.987     55.882  50.865523     7.1357      7.504   267.3891 1.8599e+01     3.5508      2.935      4.258    20.5916   998.1192 0.0000e+00
      2.995      0.024     0.0899      0.997     56.921  51.764230     7.0010      7.494   266.8584 1.8521e+01     3.5071      2.937      4.260    20.5205   998.1340 0.0000e+00
      2.999      0.028     0.0902      0.999     57.297  51.991629     6.9315      7.483   266.8904 1.8403e+01     3.5039      2.940      4.264    20.5000   998.1380 0.0000e+00
      3.007      0.032     0.0897      0.992     57.266  51.836378     6.9281      7.473   266.9157 1.8208e+01     3.5126      2.947      4.275    20.5094   998.1359 0.0000e+00
      3.019      0.034     0.0900      0.993     57.431  51.919613     6.9163      7.464   266.9057 1.7969e+01     3.5137      2.961      4.294    20.5168   998.1346 0.0000e+00
      3.033      0.033     0.0914      1.008     57.584  52.045117     6.8150      7.456   266.8564 1.7735e+01     3.4515      2.975      4.315    20.4978   998.1394 0.0000e+00
      3.044      0.028     0.0924      1.020     57.694  52.146921     6.6314      7.448   266.7497 1.7569e+01     3.3505      2.986      4.331    20.3719   998.1659 0.0000e+00
      3.051      0.023     0.0921      1.017     57.746  52.197691     6.5257      7.443   266.6485 1.7509e+01     3.3093      2.992      4.341    20.2229   998.1970 0.0000e+00
      3.053      0.018     0.0900      0.994     57.619  52.087281     6.5253      7.437   266.4920 1.7501e+01     3.3132      2.995      4.344    20.1810   998.2060 0.0000e+00
      3.052      0.017     0.0875      0.967     57.533  52.018883     6.7303      7.431   266.3205 1.7500e+01     3.3651      2.993      4.342    20.1859   998.2049 0.0000e+00
      3.052      0.019     0.0864      0.955     57.851  52.323532     7.1062      7.426   266.2100 1.7429e+01     3.4774      2.991      4.339    20.1873   998.2046 0.0000e+00
      3.057      0.022     0.0852      0.941     58.558  52.975792     7.3067      7.422   266.1022 1.7254e+01     3.5569      2.996      4.345    20.1913   998.2039 0.0000e+00
      3.067      0.027     0.0837      0.923     59.210  53.552922     7.3260      7.418   265.9628 1.7054e+01     3.5394      3.007      4.362    20.1941   998.2033 0.0000e+00
      3.077      0.031     0.0827      0.912     59.567  53.838397     7.2878      7.416   265.8151 1.6874e+01     3.4955      3.019      4.380    20.1989   998.2022 0.0000e+00
      3.087      0.032     0.0816      0.900     59.872  54.076913     7.2093      7.413   265.6933 1.6736e+01     3.4848      3.028      4.392    20.2177   998.1984 0.0000e+00
      3.094      0.030     0.0816      0.900     60.263  54.403849     7.1742      7.411   265.6084 1.6604e+01     3.5092      3.034      4.401    20.2382   998.1945 0.0000e+00
      3.102      0.027     0.0840      0.926     60.538  54.614886     7.1838      7.410   265.6495 1.6462e+01     3.5605      3.042      4.413    20.2267   998.1972 0.0000e+00
      3.108      0.024     0.0852      0.938     60.578  54.595564     7.2989      7.407   266.0183 1.6374e+01     3.5806      3.049      4.423    20.1862   998.2057 0.0000e+00
      3.113      0.023     0.0839      0.923     60.595  54.551325     7.5171      7.405   266.6258 1.6310e+01     3.5562      3.053      4.428    20.1485   998.2137 0.0000e+00
      3.118      0.024     0.0833      0.916     60.777  54.651691     7.6285      7.404   266.8862 1.6222e+01     3.5272      3.057      4.434    20.1381   998.2161 0.0000e+00
      3.123      0.025     0.0826      0.906     60.981  54.728997     7.6145      7.403   266.6718 1.6137e+01     3.5253      3.063      4.443    20.1123   998.2215 0.0000e+00
      3.128      0.026     0.0812      0.889     61.095  54.659995     7.4252      7.399   266.2708 1.6044e+01     3.5668      3.067      4.448    20.0559   998.2332 0.0000e+00
      3.136      0.026     0.0809      0.883     61.265  54.643050     7.0740      7.395   265.8230 1.5897e+01     3.6025      3.074      4.458    20.0068   998.2434 0.0000e+00
      3.146      0.026     0.0817      0.890     61.434  54.714459     6.8785      7.391   265.4731 1.5734e+01     3.5962      3.086      4.475    19.9672   998.2516 0.0000e+00
      3.154      0.025     0.0828      0.904     61.406  54.697399     6.8564      7.386   265.1381 1.5639e+01     3.5555      3.095      4.489    19.8975   998.2661 0.0000e+00
      3.159      0.024     0.0847      0.924     61.288  54.627402     6.8416      7.381   264.7834 1.5584e+01     3.5039      3.099      4.494    19.7316   998.3000 0.0000e+00
      3.163      0.022     0.0865      0.944     61.262  54.630547     6.7168      7.377   264.3678 1.5513e+01     3.4972      3.102      4.499    19.5547   998.3360 0.0000e+00
      3.168      0.020     0.0862      0.940     61.293  54.671923     6.4924      7.374   263.8123 1.5438e+01     3.5402      3.106      4.505    19.4986   998.3474 0.0000e+00
      3.173      0.018     0.0852      0.929     61.313  54.682985     6.3731      7.371   263.2298 1.5365e+01     3.5648      3.112      4.514    19.5284   998.3414 0.0000e+00
      3.178      0.017     0.0848      0.924     61.367  54.700755     6.3584      7.368   262.5728 1.5305e+01     3.5320      3.118      4.522    19.5670   998.3336 0.0000e+00
      3.183      0.017     0.0838      0.913     61.404  54.696148     6.3495      7.364   261.9780 1.5248e+01     3.5043      3.122      4.528    19.5846   998.3300 0.0000e+00
      3.187      0.018     0.0831      0.905     61.306  54.563707     6.3435      7.360   261.6304 1.5201e+01     3.5251      3.125      4.534    19.6002   998.3269 0.0000e+00
      3.190      0.019     0.0813      0.884     61.052  54.242901     6.3465      7.358   261.3819 1.5179e+01     3.5545      3.128      4.537    19.5985   998.3272 0.0000e+00
      3.193      0.022     0.0786      0.852     60.515  53.612467     6.3775      7.357   261.1246 1.5099e+01     3.5641      3.130      4.539    19.5644   998.3342 0.0000e+00
      3.199      0.026     0.0793      0.857     59.708  52.721940     6.6572      7.355   260.7566 1.4959e+01     3.6081      3.135      4.547    19.5298   998.3412 0.0000e+00
      3.208      0.028     0.0830      0.894     59.219  52.114812     7.1712      7.354   260.3740 1.4832e+01     3.6928      3.147      4.563    19.5133   998.3446 0.0000e+00
      3.217      0.029     0.0852      0.916     59.304  52.052182     7.4499      7.352   260.0252 1.4708e+01     3.7359      3.154      4.575    19.4431   998.3586 0.0000e+00
      3.226      0.028     0.0841      0.904     59.494  52.155088     7.4615      7.350   259.4649 1.4559e+01     3.7697      3.163      4.587    19.2911   998.3889 0.0000e+00
      3.235      0.025     0.0821      0.882     59.368  52.025006     7.3728      7.347   258.8484 1.4441e+01     3.7080      3.174      4.603    19.1476   998.4169 0.0000e+00
      3.240      0.022     0.0822      0.883     58.929  51.622726     7.2096      7.345   258.4212 1.4401e+01     3.4810      3.179      4.610    18.9879   998.4480 0.0000e+00
      3.243      0.020     0.0831      0.893     58.499  51.229449     7.1191      7.344   258.0856 1.4395e+01     3.3195      3.180      4.612    18.8506   998.4750 0.0000e+00
      3.244      0.020     0.0828      0.889     57.599  50.445949     7.0929      7.344   257.8025 1.4369e+01     3.2956      3.181      4.614    18.8161   998.4818 0.0000e+00
      3.249      0.021     0.0823      0.884     55.669  48.755173     6.9271      7.343   257.4935 1.4286e+01     3.4217      3.185      4.619    18.8152   998.4819 0.0000e+00
      3.255      0.024     0.0826      0.886     53.579  46.855268     6.6321      7.341   257.0160 1.4184e+01     3.6646      3.193      4.631    18.7987   998.4848 0.0000e+00
      3.262      0.029     0.0831      0.889     52.269  45.574457     6.4644      7.339   256.4173 1.4071e+01     3.7738      3.200      4.639    18.7706   998.4903 0.0000e+00
      3.270      0.032     0.0831      0.887     51.936  45.144195     6.4432      7.339   255.7610 1.3909e+01     3.7588      3.206      4.649    18.7813   998.4881 0.0000e+00
      3.280      0.032     0.0836      0.890     52.276  45.335937     6.4362      7.338   255.0182 1.3749e+01     3.7462      3.216      4.665    18.8170   998.4803 0.0000e+00
      3.290      0.030     0.0846      0.899     52.656  45.606636     6.4056      7.337   254.2322 1.3619e+01     3.7525      3.227      4.680    18.7471   998.4931 0.0000e+00
      3.299      0.028     0.0851      0.904     52.761  45.686572     6.3686      7.336   253.3993 1.3529e+01     3.8011      3.236      4.693    18.5860   998.5237 0.0000e+00
      3.306      0.027     0.0848      0.902     52.500  45.476904     6.3525      7.336   252.5197 1.3475e+01     3.8428      3.243      4.703    18.4446   998.5505 0.0000e+00
