Data/DataAlreadyUploadedToEDI/CollatedDataForEDI/CTDData/CTD_2019 (not collated)/081219_fcr30.cnv
* Sea-Bird SBE19plus  Data File:
* FileName = C:\DATA\081219_fcr_0003.hex
* Software version 2.8.0.119 SB_Terminal.dll
* Temperature SN = 7809
* Conductivity SN = 7809
* System UpLoad Time = Aug 12 2019 16:26:22
* <ApplicationData>
* <Seaterm232>
# nquan = 16
# nvalues = 1446                        
# units = specified
# name 0 = depFM: Depth [fresh water, m]
# name 1 = dz/dtM: Descent Rate [m/s]
# name 2 = sbeox0Mg/L: Oxygen, SBE 43 [mg/l]
# name 3 = sbeox0PS: Oxygen, SBE 43 [% saturation]
# name 4 = specc: Specific Conductance [uS/cm]
# name 5 = c0uS/cm: Conductivity [uS/cm]
# name 6 = flECO-AFL: Fluorescence, WET Labs ECO-AFL/FL [mg/m^3]
# name 7 = ph: pH
# name 8 = orp: Oxidation Reduction Potential [mV]
# name 9 = par/sat/log: PAR/Logarithmic, Satlantic
# name 10 = turbWETntu0: Turbidity, WET Labs ECO [NTU]
# name 11 = prdM: Pressure, Strain Gauge [db]
# name 12 = prdE: Pressure, Strain Gauge [psi]
# name 13 = tv290C: Temperature [ITS-90, deg C]
# name 14 = density00: Density [density, kg/m^3]
# name 15 = flag:  0.000e+00
# span 0 =     -0.418,      5.321       
# span 1 =     -0.016,      0.154       
# span 2 =     0.0606,    10.7532       
# span 3 =      0.592,    132.088       
# span 4 =     35.414,     84.319       
# span 5 =  35.009582,  66.020192       
# span 6 =     0.8472,     7.6285       
# span 7 =      7.018,      8.803       
# span 8 =   102.7736,   280.9740       
# span 9 = 1.5199e+00, 2.3420e+03       
# span 10 =     2.2268,    31.8745      
# span 11 =     -0.420,      5.219      
# span 12 =     -0.609,      7.570      
# span 13 =    11.6847,    26.5164      
# span 14 =   996.6647,   999.5788      
# span 15 = 0.0000e+00, 0.0000e+00      
# interval = seconds: 0.25
# start_time = Aug 12 2019 12:21:07 [Instrument's time stamp, header]
# bad_flag = -9.990e-29
*END*
[from data line 1176]
      3.907      0.045     0.0741      0.739     80.425  64.764247     3.1727      7.143   235.7620 7.2987e+00     3.0652      3.831      5.557    15.4790   999.0771 0.0000e+00
      3.922      0.047     0.0754      0.750     80.337  64.604466     3.1535      7.138   235.8455 7.1735e+00     2.9807      3.844      5.576    15.4325   999.0845 0.0000e+00
      3.938      0.044     0.0761      0.757     80.409  64.594028     3.1269      7.133   235.6459 7.0770e+00     2.8710      3.863      5.603    15.3757   999.0934 0.0000e+00
      3.952      0.038     0.0765      0.761     80.436  64.574408     3.1115      7.129   234.9837 7.0265e+00     2.8203      3.879      5.626    15.3204   999.1017 0.0000e+00
      3.960      0.031     0.0759      0.755     80.436  64.557878     3.1059      7.125   234.0337 6.9992e+00     2.8261      3.885      5.635    15.2591   999.1110 0.0000e+00
      3.965      0.022     0.0755      0.751     80.468  64.584832     3.0773      7.122   233.0219 6.9767e+00     2.7450      3.889      5.641    15.2000   999.1200 0.0000e+00
      3.968      0.016     0.0743      0.740     80.453  64.582492     3.0170      7.119   232.1283 6.9524e+00     2.5599      3.891      5.644    15.1566   999.1267 0.0000e+00
      3.969      0.011     0.0718      0.715     80.368  64.529594     2.9830      7.116   231.3171 6.9377e+00     2.4568      3.892      5.644    15.1315   999.1306 0.0000e+00
      3.970      0.010     0.0700      0.697     80.251  64.453767     2.9874      7.114   230.3545 6.9310e+00     2.4481      3.894      5.648    15.1221   999.1320 0.0000e+00
      3.972      0.011     0.0702      0.699     79.967  64.237761     2.9839      7.112   229.2664 6.9189e+00     2.4881      3.895      5.650    15.1259   999.1315 0.0000e+00
      3.975      0.013     0.0708      0.705     79.384  63.761166     2.9663      7.110   228.2277 6.8960e+00     2.5792      3.898      5.653    15.1318   999.1306 0.0000e+00
      3.978      0.017     0.0703      0.700     78.504  63.013369     2.9553      7.107   227.2601 6.8640e+00     2.6650      3.901      5.657    15.1420   999.1290 0.0000e+00
      3.982      0.022     0.0706      0.702     77.729  62.314646     2.9638      7.104   226.2565 6.8246e+00     2.7062      3.905      5.663    15.1542   999.1272 0.0000e+00
      3.988      0.026     0.0718      0.712     77.536  62.049886     3.0962      7.102   225.3860 6.7708e+00     2.6851      3.911      5.672    15.1656   999.1254 0.0000e+00
      3.996      0.030     0.0734      0.728     77.751  62.100055     3.3418      7.099   224.8221 6.6978e+00     2.6381      3.918      5.682    15.1641   999.1255 0.0000e+00
      4.005      0.031     0.0759      0.751     78.028  62.221983     3.4796      7.096   224.4290 6.6196e+00     2.6296      3.927      5.695    15.1372   999.1292 0.0000e+00
      4.016      0.031     0.0770      0.762     78.202  62.316443     3.4884      7.093   224.0740 6.5650e+00     2.6480      3.940      5.714    15.0900   999.1361 0.0000e+00
      4.025      0.029     0.0767      0.759     78.208  62.352344     3.4043      7.090   223.6279 6.5360e+00     2.6312      3.949      5.728    15.0142   999.1476 0.0000e+00
      4.031      0.026     0.0758      0.751     78.083  62.338321     3.2520      7.088   222.9063 6.5095e+00     2.6235      3.954      5.735    14.9254   999.1611 0.0000e+00
      4.036      0.021     0.0745      0.739     77.971  62.337669     3.1729      7.088   222.1467 6.4774e+00     2.6535      3.957      5.740    14.8553   999.1717 0.0000e+00
      4.041      0.017     0.0728      0.722     77.991  62.408128     3.1681      7.087   221.7576 6.4459e+00     2.6664      3.963      5.748    14.8211   999.1769 0.0000e+00
      4.046      0.016     0.0705      0.699     78.058  62.491182     3.2114      7.086   221.2989 6.4294e+00     2.6474      3.968      5.757    14.8442   999.1735 0.0000e+00
      4.049      0.017     0.0690      0.685     78.049  62.515673     3.2974      7.085   220.1283 6.4160e+00     2.6208      3.971      5.759    14.9154   999.1628 0.0000e+00
      4.050      0.018     0.0686      0.681     78.010  62.513628     3.3492      7.084   218.4447 6.3807e+00     2.6071      3.971      5.759    14.9828   999.1526 0.0000e+00
      4.053      0.020     0.0677      0.673     78.030  62.530050     3.3606      7.083   217.0322 6.3302e+00     2.6124      3.974      5.764    15.0131   999.1481 0.0000e+00
      4.060      0.023     0.0674      0.669     78.065  62.523563     3.3569      7.083   216.2141 6.2817e+00     2.6194      3.982      5.775    15.0222   999.1468 0.0000e+00
      4.068      0.026     0.0674      0.669     78.092  62.498703     3.2967      7.083   215.6075 6.2359e+00     2.6268      3.989      5.786    15.0436   999.1436 0.0000e+00
      4.076      0.028     0.0661      0.655     78.053  62.420081     3.1870      7.084   215.1180 6.1981e+00     2.6354      3.998      5.797    15.0736   999.1390 0.0000e+00
      4.083      0.030     0.0646      0.639     77.963  62.272001     3.1234      7.085   214.8560 6.1782e+00     2.6255      4.004      5.807    15.0736   999.1391 0.0000e+00
      4.090      0.031     0.0652      0.644     78.077  62.233526     3.1085      7.085   214.6775 6.1501e+00     2.6050      4.010      5.816    15.0441   999.1435 0.0000e+00
      4.098      0.032     0.0677      0.668     78.370  62.336045     3.1275      7.085   214.3353 6.0894e+00     2.5520      4.018      5.827    15.0095   999.1489 0.0000e+00
      4.106      0.033     0.0708      0.698     78.575  62.430951     3.1894      7.083   213.4721 6.0169e+00     2.4769      4.027      5.841    14.9878   999.1522 0.0000e+00
      4.115      0.035     0.0733      0.722     78.691  62.491187     3.2323      7.082   212.1562 5.9583e+00     2.4495      4.037      5.855    14.9520   999.1575 0.0000e+00
      4.124      0.035     0.0757      0.745     78.791  62.492321     3.2391      7.082   210.9005 5.9083e+00     2.4831      4.045      5.866    14.8515   999.1726 0.0000e+00
      4.133      0.034     0.0784      0.770     78.841  62.381012     3.2546      7.081   209.9046 5.8478e+00     2.5566      4.052      5.878    14.7463   999.1885 0.0000e+00
      4.143      0.032     0.0808      0.792     78.855  62.225620     3.2809      7.079   208.9774 5.7890e+00     2.6161      4.063      5.893    14.7118   999.1936 0.0000e+00
      4.152      0.027     0.0815      0.797     78.913  62.138615     3.2884      7.079   207.9498 5.7559e+00     2.6454      4.074      5.908    14.7178   999.1928 0.0000e+00
      4.159      0.021     0.0792      0.775     79.033  62.155103     3.2926      7.078   206.9442 5.7343e+00     2.6817      4.080      5.918    14.6766   999.1990 0.0000e+00
      4.164      0.016     0.0769      0.752     79.004  62.107104     3.3058      7.077   205.9394 5.7212e+00     2.6946      4.085      5.925    14.5585   999.2163 0.0000e+00
      4.166      0.011     0.0756      0.738     78.581  61.748906     3.3092      7.077   204.9206 5.7268e+00     2.6706      4.087      5.927    14.4429   999.2331 0.0000e+00
      4.166      0.010     0.0742      0.724     78.115  61.319564     3.2989      7.076   204.0032 5.7373e+00     2.6201      4.087      5.927    14.3565   999.2455 0.0000e+00
      4.166      0.011     0.0740      0.722     78.356  61.428155     3.2861      7.074   203.0215 5.7416e+00     2.5766      4.084      5.924    14.3017   999.2533 0.0000e+00
      4.168      0.013     0.0752      0.732     79.208  62.044910     3.2846      7.074   202.0854 5.7291e+00     2.5705      4.085      5.925    14.3053   999.2529 0.0000e+00
      4.173      0.018     0.0765      0.745     79.910  62.611937     3.2887      7.073   201.3749 5.7003e+00     2.5780      4.091      5.933    14.2983   999.2537 0.0000e+00
      4.179      0.023     0.0780      0.760     80.146  62.881895     3.2920      7.071   200.7118 5.6623e+00     2.6019      4.098      5.944    14.2510   999.2601 0.0000e+00
      4.186      0.027     0.0786      0.768     80.086  62.957470     3.2986      7.071   200.0906 5.6215e+00     2.6305      4.105      5.954    14.1890   999.2691 0.0000e+00
      4.193      0.029     0.0768      0.752     80.269  63.208071     3.2999      7.071   199.5417 5.5884e+00     2.5963      4.112      5.964    14.1438   999.2759 0.0000e+00
      4.201      0.031     0.0748      0.732     81.095  63.878161     3.2986      7.071   198.9804 5.5529e+00     2.5155      4.120      5.975    14.1579   999.2742 0.0000e+00
      4.210      0.032     0.0743      0.726     82.289  64.703532     3.3001      7.071   198.3800 5.5210e+00     2.4739      4.129      5.989    14.2169   999.2660 0.0000e+00
      4.217      0.033     0.0742      0.723     83.334  65.305823     3.2922      7.069   197.7026 5.4960e+00     2.4535      4.136      5.999    14.3054   999.2534 0.0000e+00
      4.225      0.033     0.0747      0.726     83.975  65.566579     3.2808      7.067   197.0714 5.4573e+00     2.4329      4.143      6.009    14.3889   999.2414 0.0000e+00
      4.235      0.033     0.0759      0.735     84.248  65.567694     3.2753      7.067   196.5128 5.4041e+00     2.4537      4.153      6.024    14.4145   999.2381 0.0000e+00
      4.244      0.033     0.0766      0.740     84.318  65.446199     3.2602      7.066   195.9385 5.3520e+00     2.4756      4.162      6.036    14.3384   999.2496 0.0000e+00
      4.252      0.032     0.0767      0.739     84.319  65.305131     3.2372      7.065   195.3764 5.3054e+00     2.4353      4.169      6.047    14.1817   999.2722 0.0000e+00
      4.260      0.030     0.0768      0.739     84.238  65.133184     3.2225      7.064   194.8783 5.2577e+00     2.4261      4.178      6.059    14.0276   999.2941 0.0000e+00
      4.268      0.027     0.0774      0.745     84.029  64.892625     3.2205      7.062   194.4764 5.2171e+00     2.4943      4.186      6.072    13.9033   999.3115 0.0000e+00
      4.275      0.024     0.0775      0.745     83.831  64.684759     3.2306      7.059   194.0446 5.1944e+00     2.5397      4.192      6.081    13.7991   999.3258 0.0000e+00
      4.280      0.021     0.0773      0.743     83.751  64.590302     3.2401      7.057   193.4433 5.1714e+00     2.5166      4.197      6.087    13.7147   999.3373 0.0000e+00
      4.285      0.017     0.0767      0.737     83.726  64.576824     3.2409      7.056   192.7128 5.1339e+00     2.4767      4.201      6.094    13.6509   999.3459 0.0000e+00
      4.290      0.012     0.0741      0.712     83.656  64.585367     3.2401      7.055   192.0089 5.1080e+00     2.4182      4.207      6.102    13.6047   999.3520 0.0000e+00
      4.293      0.008     0.0724      0.697     83.411  64.502978     3.2389      7.054   191.3860 5.1031e+00     2.3009      4.211      6.107    13.5738   999.3561 0.0000e+00
      4.294      0.005     0.0734      0.708     83.040  64.343534     3.2349      7.053   190.7735 5.1120e+00     2.2380      4.211      6.107    13.5505   999.3592 0.0000e+00
      4.293      0.003     0.0739      0.714     82.749  64.246749     3.2353      7.052   190.1960 5.1275e+00     2.2467      4.210      6.107    13.5457   999.3598 0.0000e+00
      4.292      0.000     0.0717      0.694     82.583  64.222775     3.2004      7.051   189.6517 5.1300e+00     2.2423      4.209      6.105    13.5902   999.3539 0.0000e+00
      4.292     -0.002     0.0678      0.657     82.348  64.117349     3.1169      7.049   189.0097 5.1253e+00     2.2505      4.209      6.104    13.6590   999.3445 0.0000e+00
      4.292     -0.002     0.0648      0.630     81.909  63.861983     3.0666      7.047   188.3708 5.1235e+00     2.2479      4.210      6.106    13.7376   999.3337 0.0000e+00
      4.292     -0.001     0.0638      0.621     81.433  63.614121     3.0604      7.046   187.8638 5.1208e+00     2.2439      4.210      6.106    13.8231   999.3219 0.0000e+00
      4.290      0.000     0.0638      0.621     81.087  63.472331     3.0679      7.043   187.3543 5.1151e+00     2.2673      4.207      6.101    13.8889   999.3129 0.0000e+00
      4.289      0.001     0.0629      0.614     80.959  63.482508     3.0960      7.041   186.7698 5.1091e+00     2.2683      4.205      6.099    13.9269   999.3076 0.0000e+00
      4.290      0.002     0.0612      0.598     81.085  63.673741     3.1143      7.039   186.2176 5.1069e+00     2.2568      4.206      6.100    13.9652   999.3021 0.0000e+00
      4.292      0.002     0.0606      0.592     81.313  63.877846     3.1063      7.037   185.7531 5.0962e+00     2.2589      4.208      6.104    14.0563   999.2893 0.0000e+00
      4.294      0.002     0.0620      0.605     81.526  63.980007     3.0951      7.036   185.2840 5.0857e+00     2.2608      4.212      6.108    14.1436   999.2770 0.0000e+00
      4.295      0.002     0.0633      0.616     81.696  64.019042     3.0924      7.035   184.7620 5.0968e+00     2.2473      4.213      6.111    14.2002   999.2689 0.0000e+00
      4.294      0.002     0.0642      0.625     81.727  63.968332     3.1077      7.034   184.2597 5.1088e+00     2.2268      4.211      6.108    14.2762   999.2583 0.0000e+00
      4.293      0.001     0.0659      0.641     81.670  63.875271     3.1324      7.033   183.7702 5.1035e+00     2.2419      4.209      6.104    14.3038   999.2544 0.0000e+00
      4.293      0.001     0.0654      0.636     81.742  63.910754     3.1314      7.031   183.2317 5.0929e+00     2.2664      4.209      6.105    14.2375   999.2638 0.0000e+00
      4.294      0.003     0.0632      0.615     81.822  63.952414     3.0955      7.029   182.6534 5.0828e+00     2.2601      4.211      6.107    14.1704   999.2735 0.0000e+00
      4.296      0.006     0.0647      0.629     81.705  63.806905     3.0629      7.028   182.1124 5.0757e+00     2.2648      4.213      6.110    14.1294   999.2792 0.0000e+00
      4.297      0.010     0.0695      0.675     81.640  63.676800     3.0498      7.028   181.6808 5.0763e+00     2.2579      4.215      6.113    14.0922   999.2844 0.0000e+00
      4.297      0.013     0.0715      0.694     81.641  63.650426     3.0409      7.027   181.2204 5.0660e+00     2.2418      4.213      6.111    14.0901   999.2847 0.0000e+00
      4.301      0.015     0.0696      0.675     81.450  63.551548     3.0586      7.026   180.5899 5.0271e+00     2.2988      4.215      6.113    14.0852   999.2856 0.0000e+00
      4.308      0.018     0.0687      0.667     81.190  63.371181     3.1078      7.026   179.9084 4.9928e+00     2.3913      4.225      6.128    14.0546   999.2897 0.0000e+00
      4.315      0.020     0.0693      0.673     81.005  63.122188     3.1337      7.027   179.2614 4.9847e+00     2.4422      4.232      6.138    13.9832   999.2997 0.0000e+00
      4.319      0.021     0.0702      0.679     80.751  62.701847     3.1201      7.028   178.7035 4.9617e+00     2.4547      4.234      6.140    13.9484   999.3046 0.0000e+00
      4.324      0.021     0.0708      0.683     80.294  62.102012     3.1254      7.029   178.2385 4.9178e+00     2.4441      4.239      6.147    14.0187   999.2947 0.0000e+00
      4.330      0.021     0.0703      0.676     79.739  61.462227     3.1545      7.029   177.7690 4.8959e+00     2.4447      4.247      6.160    14.0562   999.2894 0.0000e+00
      4.335      0.022     0.0711      0.682     79.149  60.812977     3.1682      7.028   177.3296 4.8901e+00     2.4622      4.252      6.167    13.9901   999.2985 0.0000e+00
      4.339      0.024     0.0741      0.708     78.448  60.098522     3.1698      7.027   176.8833 4.8544e+00     2.4602      4.254      6.169    13.8227   999.3216 0.0000e+00
      4.345      0.026     0.0762      0.727     77.999  59.623391     3.1388      7.025   176.4165 4.7896e+00     2.4525      4.260      6.178    13.6528   999.3445 0.0000e+00
