Data/DataAlreadyUploadedToEDI/CollatedDataForEDI/CTDData/CTD_2019 (not collated)/081219_fcr30.cnv
* Sea-Bird SBE19plus  Data File:
* FileName = C:\DATA\081219_fcr_0003.hex
* Software version 2.8.0.119 SB_Terminal.dll
* Temperature SN = 7809
* Conductivity SN = 7809
* System UpLoad Time = Aug 12 2019 16:26:22
* <ApplicationData>
* <Seaterm232>
# nquan = 16
# nvalues = 1446                        
# units = specified
# name 0 = depFM: Depth [fresh water, m]
# name 1 = dz/dtM: Descent Rate [m/s]
# name 2 = sbeox0Mg/L: Oxygen, SBE 43 [mg/l]
# name 3 = sbeox0PS: Oxygen, SBE 43 [% saturation]
# name 4 = specc: Specific Conductance [uS/cm]
# name 5 = c0uS/cm: Conductivity [uS/cm]
# name 6 = flECO-AFL: Fluorescence, WET Labs ECO-AFL/FL [mg/m^3]
# name 7 = ph: pH
# name 8 = orp: Oxidation Reduction Potential [mV]
# name 9 = par/sat/log: PAR/Logarithmic, Satlantic
# name 10 = turbWETntu0: Turbidity, WET Labs ECO [NTU]
# name 11 = prdM: Pressure, Strain Gauge [db]
# name 12 = prdE: Pressure, Strain Gauge [psi]
# name 13 = tv290C: Temperature [ITS-90, deg C]
# name 14 = density00: Density [density, kg/m^3]
# name 15 = flag:  0.000e+00
# span 0 =     -0.418,      5.321       
# span 1 =     -0.016,      0.154       
# span 2 =     0.0606,    10.7532       
# span 3 =      0.592,    132.088       
# span 4 =     35.414,     84.319       
# span 5 =  35.009582,  66.020192       
# span 6 =     0.8472,     7.6285       
# span 7 =      7.018,      8.803       
# span 8 =   102.7736,   280.9740       
# span 9 = 1.5199e+00, 2.3420e+03       
# span 10 =     2.2268,    31.8745      
# span 11 =     -0.420,      5.219      
# span 12 =     -0.609,      7.570      
# span 13 =    11.6847,    26.5164      
# span 14 =   996.6647,   999.5788      
# span 15 = 0.0000e+00, 0.0000e+00      
# interval = seconds: 0.25
# start_time = Aug 12 2019 12:21:07 [Instrument's time stamp, header]
# bad_flag = -9.990e-29
*END*
[from data line 904]
      2.291      0.015     1.0593     12.359     36.750  35.310789     5.0330      7.950   270.6369 3.3059e+01     3.3353      2.247      3.259    23.0558   997.5550 0.0000e+00
      2.293      0.015     0.9936     11.597     36.705  35.280834     5.0642      7.947   270.7389 3.3012e+01     3.2168      2.249      3.261    23.0451   997.5575 0.0000e+00
      2.294      0.016     0.9454     11.037     36.630  35.216357     5.1444      7.945   270.8020 3.2967e+01     3.0891      2.250      3.263    23.0266   997.5619 0.0000e+00
      2.297      0.017     0.9225     10.769     36.581  35.165899     5.1956      7.943   270.8837 3.2870e+01     3.0696      2.252      3.267    23.0201   997.5634 0.0000e+00
      2.302      0.018     0.9279     10.828     36.608  35.178487     5.2067      7.940   271.0382 3.2709e+01     3.1118      2.256      3.273    23.0329   997.5604 0.0000e+00
      2.309      0.018     0.9529     11.115     36.687  35.241602     5.1490      7.937   271.2077 3.2544e+01     3.1081      2.264      3.284    23.0565   997.5549 0.0000e+00
      2.316      0.018     0.9799     11.430     36.745  35.294319     5.0271      7.935   271.3855 3.2434e+01     3.0910      2.272      3.295    23.0717   997.5513 0.0000e+00
      2.321      0.018     0.9978     11.640     36.755  35.308133     4.9631      7.933   271.5532 3.2359e+01     3.1014      2.277      3.302    23.0659   997.5526 0.0000e+00
      2.323      0.019     1.0023     11.694     36.724  35.281705     4.9655      7.931   271.6862 3.2292e+01     3.1016      2.278      3.304    23.0424   997.5582 0.0000e+00
      2.325      0.019     0.9948     11.605     36.674  35.228653     4.9435      7.930   271.8742 3.2179e+01     3.0942      2.280      3.306    23.0171   997.5643 0.0000e+00
      2.329      0.020     0.9846     11.482     36.630  35.174422     4.8787      7.928   272.1058 3.1998e+01     3.0767      2.284      3.312    23.0146   997.5649 0.0000e+00
      2.336      0.022     0.9776     11.397     36.600  35.133730     4.8328      7.926   272.3353 3.1815e+01     3.0539      2.291      3.321    23.0277   997.5618 0.0000e+00
      2.345      0.024     0.9731     11.341     36.594  35.117437     4.8388      7.923   272.4978 3.1653e+01     3.0812      2.299      3.335    23.0361   997.5599 0.0000e+00
      2.352      0.024     0.9659     11.255     36.589  35.104348     4.8827      7.921   272.6093 3.1512e+01     3.1112      2.307      3.346    23.0283   997.5617 0.0000e+00
      2.358      0.024     0.9504     11.071     36.594  35.102403     4.9384      7.920   272.8226 3.1390e+01     3.0901      2.314      3.354    23.0072   997.5668 0.0000e+00
      2.362      0.024     0.9250     10.774     36.592  35.093906     4.9657      7.918   273.0983 3.1264e+01     3.0554      2.317      3.361    22.9899   997.5708 0.0000e+00
      2.367      0.024     0.8904     10.369     36.571  35.065065     4.9616      7.914   273.2745 3.1116e+01     3.0519      2.320      3.367    22.9784   997.5736 0.0000e+00
      2.373      0.025     0.8493      9.888     36.589  35.071025     4.9149      7.911   273.4043 3.0942e+01     3.0804      2.327      3.374    22.9655   997.5767 0.0000e+00
      2.380      0.027     0.8064      9.384     36.637  35.102483     4.8349      7.909   273.5495 3.0770e+01     3.0717      2.335      3.386    22.9536   997.5795 0.0000e+00
      2.388      0.027     0.7633      8.878     36.681  35.128055     4.7915      7.907   273.7398 3.0578e+01     3.0452      2.341      3.396    22.9475   997.5811 0.0000e+00
      2.396      0.026     0.7194      8.363     36.698  35.126317     4.7801      7.904   273.9847 3.0368e+01     3.0547      2.349      3.407    22.9389   997.5831 0.0000e+00
      2.404      0.023     0.6765      7.861     36.672  35.081449     4.7062      7.902   274.1869 3.0235e+01     3.0232      2.359      3.421    22.9220   997.5872 0.0000e+00
      2.410      0.019     0.6337      7.361     36.637  35.029803     4.5734      7.900   274.2924 3.0140e+01     2.9269      2.363      3.428    22.9011   997.5921 0.0000e+00
      2.414      0.016     0.5873      6.820     36.633  35.009582     4.5016      7.898   274.3144 3.0048e+01     2.8402      2.367      3.433    22.8777   997.5976 0.0000e+00
      2.416      0.014     0.5372      6.235     36.668  35.027338     4.4972      7.897   274.3660 3.0001e+01     2.7947      2.370      3.437    22.8530   997.6035 0.0000e+00
      2.418      0.013     0.4833      5.608     36.712  35.054068     4.4945      7.896   274.4850 2.9946e+01     2.8024      2.370      3.437    22.8260   997.6098 0.0000e+00
      2.420      0.014     0.4258      4.939     36.753  35.078878     4.4591      7.893   274.7212 2.9834e+01     2.9007      2.373      3.441    22.8008   997.6157 0.0000e+00
      2.424      0.016     0.3712      4.304     36.828  35.136889     4.4079      7.889   274.9857 2.9724e+01     3.0332      2.377      3.447    22.7794   997.6207 0.0000e+00
      2.428      0.020     0.3261      3.779     36.958  35.247713     4.3865      7.887   275.1010 2.9621e+01     3.0605      2.381      3.453    22.7568   997.6261 0.0000e+00
      2.433      0.023     0.2906      3.366     37.136  35.403328     4.3825      7.884   275.1695 2.9442e+01     3.0008      2.386      3.459    22.7356   997.6310 0.0000e+00
      2.440      0.025     0.2631      3.046     37.311  35.558614     4.3692      7.881   275.2115 2.9232e+01     2.9344      2.393      3.471    22.7168   997.6355 0.0000e+00
      2.449      0.026     0.2408      2.788     37.499  35.728933     4.3464      7.878   275.1787 2.9089e+01     2.8799      2.402      3.484    22.6989   997.6398 0.0000e+00
      2.456      0.026     0.2226      2.577     37.663  35.875886     4.3329      7.876   275.2035 2.8978e+01     2.8665      2.408      3.493    22.6804   997.6442 0.0000e+00
      2.463      0.025     0.2109      2.441     37.738  35.939058     4.3271      7.875   275.3381 2.8879e+01     2.8707      2.415      3.503    22.6604   997.6490 0.0000e+00
      2.469      0.023     0.2046      2.367     37.860  36.048441     4.3195      7.872   275.4294 2.8793e+01     2.8652      2.421      3.511    22.6440   997.6528 0.0000e+00
      2.474      0.020     0.2000      2.314     38.010  36.182884     4.3195      7.869   275.5335 2.8695e+01     2.8657      2.427      3.520    22.6352   997.6550 0.0000e+00
      2.478      0.018     0.1970      2.277     38.072  36.231694     4.3260      7.867   275.6500 2.8592e+01     2.8762      2.431      3.526    22.6243   997.6576 0.0000e+00
      2.482      0.016     0.1965      2.272     38.109  36.257755     4.3210      7.864   275.7198 2.8487e+01     2.8607      2.435      3.531    22.6100   997.6610 0.0000e+00
      2.486      0.014     0.1978      2.287     38.167  36.307565     4.2414      7.862   275.9478 2.8409e+01     2.8105      2.438      3.538    22.6032   997.6627 0.0000e+00
      2.490      0.013     0.1997      2.309     38.257  36.389624     4.1001      7.859   276.1697 2.8358e+01     2.7934      2.441      3.541    22.5942   997.6647 0.0000e+00
      2.492      0.010     0.2017      2.332     38.366  36.488259     4.0253      7.855   276.1655 2.8288e+01     2.8184      2.443      3.543    22.5772   997.6687 0.0000e+00
      2.495      0.006     0.2022      2.337     38.439  36.548066     4.0225      7.852   276.1552 2.8194e+01     2.8501      2.447      3.549    22.5644   997.6718 0.0000e+00
      2.498      0.005     0.2002      2.312     38.444  36.541477     3.9970      7.851   276.3042 2.8146e+01     2.8820      2.450      3.554    22.5569   997.6736 0.0000e+00
      2.498      0.006     0.1973      2.279     38.445  36.535524     3.9337      7.848   276.5898 2.8174e+01     2.8765      2.452      3.556    22.5543   997.6742 0.0000e+00
      2.496      0.010     0.1960      2.264     38.520  36.603024     3.8905      7.843   276.9410 2.8203e+01     2.8480      2.448      3.551    22.5496   997.6753 0.0000e+00
      2.494      0.016     0.1935      2.235     38.652  36.722876     3.8910      7.839   277.1949 2.8151e+01     2.8660      2.444      3.545    22.5355   997.6786 0.0000e+00
      2.498      0.023     0.1867      2.156     38.789  36.842128     3.9128      7.835   277.2510 2.8011e+01     2.8973      2.449      3.552    22.5183   997.6826 0.0000e+00
      2.508      0.030     0.1803      2.081     38.869  36.902358     4.0154      7.830   277.1035 2.7799e+01     2.9320      2.458      3.565    22.5085   997.6849 0.0000e+00
      2.520      0.036     0.1751      2.020     38.929  36.943294     4.1945      7.825   276.9591 2.7533e+01     2.9909      2.471      3.583    22.5076   997.6851 0.0000e+00
      2.533      0.040     0.1670      1.925     39.022  37.019701     4.3020      7.822   277.0546 2.7301e+01     3.0184      2.484      3.604    22.5018   997.6867 0.0000e+00
      2.544      0.040     0.1582      1.824     39.080  37.064484     4.3347      7.820   277.2254 2.7116e+01     3.0353      2.495      3.619    22.4863   997.6903 0.0000e+00
      2.553      0.038     0.1520      1.752     39.064  37.040428     4.4692      7.817   277.3029 2.6941e+01     3.0641      2.505      3.633    22.4636   997.6957 0.0000e+00
      2.562      0.033     0.1472      1.697     39.011  36.982718     4.7052      7.813   277.3894 2.6773e+01     3.0720      2.512      3.644    22.4416   997.7008 0.0000e+00
      2.570      0.028     0.1422      1.638     38.969  36.937976     4.8302      7.809   277.5832 2.6609e+01     3.0655      2.521      3.656    22.4272   997.7042 0.0000e+00
      2.579      0.024     0.1369      1.578     38.975  36.943770     4.8536      7.806   277.8401 2.6497e+01     3.0841      2.530      3.669    22.4155   997.7070 0.0000e+00
      2.584      0.020     0.1324      1.525     39.024  36.989305     5.0482      7.802   278.0006 2.6443e+01     3.2309      2.535      3.676    22.4047   997.7095 0.0000e+00
      2.587      0.016     0.1299      1.497     39.086  37.044213     5.4064      7.800   278.1468 2.6391e+01     3.4634      2.537      3.680    22.3939   997.7119 0.0000e+00
      2.590      0.012     0.1303      1.501     39.156  37.099861     5.6049      7.798   278.3168 2.6336e+01     3.5692      2.539      3.684    22.3866   997.7136 0.0000e+00
      2.592      0.010     0.1314      1.513     39.230  37.154329     5.6185      7.796   278.3351 2.6297e+01     3.5597      2.542      3.687    22.3884   997.7132 0.0000e+00
      2.594      0.010     0.1321      1.520     39.291  37.194966     5.6051      7.793   278.3678 2.6283e+01     3.4798      2.544      3.691    22.3901   997.7129 0.0000e+00
      2.596      0.011     0.1323      1.522     39.322  37.210328     5.5987      7.789   278.6266 2.6282e+01     3.3568      2.546      3.693    22.3845   997.7141 0.0000e+00
      2.599      0.012     0.1327      1.527     39.337  37.213105     5.6105      7.785   278.9692 2.6244e+01     3.3174      2.548      3.696    22.3721   997.7171 0.0000e+00
      2.602      0.013     0.1346      1.547     39.367  37.228526     5.6180      7.783   279.1549 2.6184e+01     3.2986      2.551      3.700    22.3499   997.7222 0.0000e+00
      2.605      0.014     0.1353      1.556     39.423  37.269812     5.6110      7.781   279.2362 2.6138e+01     3.2616      2.554      3.705    22.3255   997.7278 0.0000e+00
      2.610      0.016     0.1343      1.545     39.496  37.331431     5.6134      7.780   279.2632 2.6090e+01     3.2631      2.560      3.713    22.3092   997.7316 0.0000e+00
      2.614      0.018     0.1333      1.532     39.575  37.402262     5.6205      7.777   279.3103 2.6015e+01     3.2830      2.564      3.719    22.2960   997.7347 0.0000e+00
      2.619      0.019     0.1320      1.517     39.674  37.491465     5.6184      7.775   279.4614 2.5910e+01     3.3058      2.567      3.724    22.2780   997.7389 0.0000e+00
      2.624      0.019     0.1312      1.507     39.781  37.584791     5.6140      7.772   279.5416 2.5796e+01     3.3089      2.573      3.732    22.2612   997.7428 0.0000e+00
      2.630      0.018     0.1310      1.505     39.854  37.642000     5.6539      7.769   279.5917 2.5687e+01     3.3534      2.579      3.741    22.2530   997.7447 0.0000e+00
      2.635      0.018     0.1296      1.488     39.902  37.675343     5.7453      7.767   279.6370 2.5598e+01     3.4826      2.584      3.748    22.2502   997.7454 0.0000e+00
      2.639      0.017     0.1280      1.469     39.974  37.734019     5.8002      7.765   279.4870 2.5547e+01     3.5613      2.588      3.754    22.2467   997.7463 0.0000e+00
      2.642      0.016     0.1274      1.462     40.100  37.843631     5.7977      7.764   279.3266 2.5507e+01     3.5508      2.591      3.758    22.2368   997.7486 0.0000e+00
      2.646      0.015     0.1269      1.457     40.193  37.921528     5.7317      7.762   279.3321 2.5440e+01     3.4546      2.595      3.763    22.2189   997.7528 0.0000e+00
      2.651      0.015     0.1268      1.455     40.197  37.914137     5.6186      7.760   279.3816 2.5355e+01     3.3156      2.600      3.771    22.2031   997.7564 0.0000e+00
      2.655      0.016     0.1264      1.450     40.238  37.944675     5.5652      7.757   279.4946 2.5262e+01     3.2785      2.603      3.776    22.1925   997.7588 0.0000e+00
      2.657      0.017     0.1252      1.435     40.347  38.036842     5.5898      7.754   279.5796 2.5175e+01     3.3012      2.606      3.779    22.1825   997.7612 0.0000e+00
      2.661      0.020     0.1235      1.415     40.407  38.076349     5.8121      7.751   279.5487 2.5102e+01     3.3604      2.609      3.784    22.1705   997.7640 0.0000e+00
      2.666      0.022     0.1222      1.400     40.457  38.104940     6.2064      7.748   279.5525 2.4997e+01     3.4713      2.614      3.791    22.1539   997.7678 0.0000e+00
      2.672      0.024     0.1208      1.384     40.567  38.192072     6.4212      7.744   279.5397 2.4846e+01     3.5272      2.620      3.800    22.1451   997.7698 0.0000e+00
      2.680      0.025     0.1188      1.360     40.703  38.304628     6.4502      7.740   279.4793 2.4694e+01     3.5113      2.628      3.812    22.1368   997.7718 0.0000e+00
      2.688      0.025     0.1175      1.345     40.810  38.386701     6.4967      7.737   279.5972 2.4581e+01     3.5092      2.637      3.825    22.1116   997.7776 0.0000e+00
      2.694      0.024     0.1166      1.335     40.870  38.422650     6.5753      7.733   279.7602 2.4516e+01     3.5338      2.643      3.834    22.0837   997.7840 0.0000e+00
      2.698      0.022     0.1151      1.316     40.956  38.485339     6.6208      7.729   279.7294 2.4446e+01     3.5473      2.647      3.839    22.0671   997.7879 0.0000e+00
      2.703      0.019     0.1139      1.301     41.064  38.573334     6.6212      7.725   279.6546 2.4347e+01     3.5410      2.650      3.844    22.0511   997.7915 0.0000e+00
      2.708      0.018     0.1125      1.286     41.166  38.661346     6.5633      7.722   279.5438 2.4267e+01     3.5232      2.656      3.852    22.0264   997.7972 0.0000e+00
      2.713      0.018     0.1102      1.259     41.379  38.851202     6.4493      7.719   279.4226 2.4197e+01     3.5282      2.661      3.859    22.0008   997.8030 0.0000e+00
      2.717      0.019     0.1079      1.233     41.720  39.154895     6.3880      7.717   279.5664 2.4117e+01     3.5364      2.665      3.865    21.9755   997.8089 0.0000e+00
      2.721      0.020     0.1062      1.213     42.226  39.603603     6.3935      7.714   279.8192 2.4040e+01     3.5237      2.669      3.871    21.9599   997.8125 0.0000e+00
      2.725      0.021     0.1056      1.204     42.976  40.277083     6.4031      7.711   279.8982 2.3926e+01     3.5066      2.671      3.874    21.9532   997.8139 0.0000e+00
      2.732      0.021     0.1054      1.202     43.589  40.822521     6.4700      7.707   279.9194 2.3788e+01     3.5586      2.678      3.884    21.9426   997.8165 0.0000e+00
