Data/DataAlreadyUploadedToEDI/CollatedDataForEDI/CTDData/CTD_2019 (not collated)/081219_fcr10.cnv
* Sea-Bird SBE19plus  Data File:
* FileName = C:\DATA\081219_fcr_0001.hex
* Software version 2.8.0.119 SB_Terminal.dll
* Temperature SN = 7809
* Conductivity SN = 7809
* System UpLoad Time = Aug 12 2019 16:25:21
* <ApplicationData>
* <Seaterm232>
# nquan = 16
# nvalues = 505                         
# units = specified
# name 0 = depFM: Depth [fresh water, m]
# name 1 = dz/dtM: Descent Rate [m/s]
# name 2 = sbeox0Mg/L: Oxygen, SBE 43 [mg/l]
# name 3 = sbeox0PS: Oxygen, SBE 43 [% saturation]
# name 4 = specc: Specific Conductance [uS/cm]
# name 5 = c0uS/cm: Conductivity [uS/cm]
# name 6 = flECO-AFL: Fluorescence, WET Labs ECO-AFL/FL [mg/m^3]
# name 7 = ph: pH
# name 8 = orp: Oxidation Reduction Potential [mV]
# name 9 = par/sat/log: PAR/Logarithmic, Satlantic
# name 10 = turbWETntu0: Turbidity, WET Labs ECO [NTU]
# name 11 = prdM: Pressure, Strain Gauge [db]
# name 12 = prdE: Pressure, Strain Gauge [psi]
# name 13 = tv290C: Temperature [ITS-90, deg C]
# name 14 = density00: Density [density, kg/m^3]
# name 15 = flag:  0.000e+00
# span 0 =     -0.573,      2.194       
# span 1 =     -0.019,      0.179       
# span 2 =     4.4690,    10.7009       
# span 3 =     52.532,    133.112       
# span 4 =      0.471,     39.289       
# span 5 =   0.490909,  38.061473       
# span 6 =    -0.7636,     6.3517       
# span 7 =      6.788,      9.226       
# span 8 =   182.0405,   860.3754       
# span 9 = 6.1252e+01, 2.3741e+03       
# span 10 =    -0.5037,    30.7201      
# span 11 =     -0.562,      2.151      
# span 12 =     -0.816,      3.120      
# span 13 =    23.4256,    27.1115      
# span 14 =   996.4911,   997.4671      
# span 15 = 0.0000e+00, 0.0000e+00      
# interval = seconds: 0.25
# start_time = Aug 12 2019 11:55:37 [Instrument's time stamp, header]
# bad_flag = -9.990e-29
*END*
     -0.573 5.2129e-18     7.5685     95.173      0.508   0.530202    -0.1064      6.788   412.3148 1.0521e+03    -0.4725     -0.562     -0.815    27.1045   996.4931 0.0000e+00
     -0.572 5.7342e-17     7.5682     95.171      0.508   0.530087    -0.0984      6.789   399.5224 1.1176e+03    -0.4751     -0.561     -0.814    27.1060   996.4926 0.0000e+00
     -0.572 6.3076e-16     7.5678     95.168      0.486   0.505990    -0.0870      6.789   384.6500 1.1638e+03    -0.4256     -0.561     -0.814    27.1070   996.4924 0.0000e+00
     -0.572 6.9384e-15     7.5688     95.182      0.472   0.492280    -0.0815      6.794   366.9742 1.1382e+03    -0.3322     -0.561     -0.814    27.1078   996.4922 0.0000e+00
     -0.573 7.6322e-14     7.5693     95.188      0.471   0.491034    -0.0922      6.804   341.6220 8.9030e+02    -0.2963     -0.562     -0.815    27.1086   996.4919 0.0000e+00
     -0.573 8.3954e-13     7.5693     95.187      0.471   0.490920    -0.1032      6.810   326.8585 6.3646e+02    -0.2866     -0.562     -0.815    27.1091   996.4918 0.0000e+00
     -0.573 9.2350e-12     7.5703     95.199      0.471   0.490910    -0.0940      6.809   335.2522 7.2350e+02    -0.2477     -0.562     -0.815    27.1100   996.4916 0.0000e+00
     -0.573 1.0158e-10     7.5708     95.206      0.471   0.490909    -0.0853      6.807   343.6486 8.1393e+02    -0.2852     -0.562     -0.815    27.1110   996.4913 0.0000e+00
     -0.573 1.1174e-09     7.5699     95.195      0.471   0.490910    -0.0932      6.806   342.9420 7.5503e+02    -0.4121     -0.562     -0.815    27.1113   996.4912 0.0000e+00
     -0.573 1.2292e-08     7.5690     95.184      0.471   0.490920    -0.1020      6.806   338.6677 7.2928e+02    -0.5037     -0.562     -0.815    27.1109   996.4913 0.0000e+00
     -0.573 1.3521e-07     7.5686     95.178      0.471   0.491035    -0.1054      6.805   329.8252 7.5536e+02    -0.4748     -0.562     -0.815    27.1110   996.4913 0.0000e+00
     -0.573      0.000     7.5683     95.175      0.472   0.492291    -0.1606      6.803   321.2079 8.6780e+02     0.0682     -0.562     -0.816    27.1107   996.4913 0.0000e+00
     -0.573      0.000     7.5682     95.173      0.485   0.506111    -0.2675      6.824   332.6472 1.0284e+03     1.0149     -0.561     -0.815    27.1106   996.4914 0.0000e+00
     -0.573      0.000     7.5676     95.165      0.509   0.531411    -0.3215      6.908   389.1528 9.1861e+02     1.5008     -0.562     -0.814    27.1105   996.4914 0.0000e+00
     -0.573      0.002     7.5677     95.159      0.522   0.544768    -0.3195      7.071   509.6867 5.3904e+02     1.5180     -0.562     -0.815    27.1107   996.4913 0.0000e+00
     -0.573      0.007     7.5716     95.172      0.519   0.540887    -0.2614      7.295   747.4746 4.6320e+02     1.0255     -0.562     -0.815    27.1098   996.4916 0.0000e+00
     -0.573      0.015     7.5797     95.199      0.831   0.864629    -0.1564      7.567   860.3754 7.3101e+02     0.0697     -0.562     -0.815    27.1107   996.4914 0.0000e+00
     -0.572      0.025     7.5880     95.220      4.900   5.092689    -0.1070      7.898   611.1874 8.6371e+02    -0.4361     -0.562     -0.816    27.1090   996.4919 0.0000e+00
     -0.566      0.038     7.5937     95.231     14.280  14.836214    -0.1155      8.243   350.8455 8.8064e+02    -0.3715     -0.559     -0.810    27.1115   996.4911 0.0000e+00
     -0.552      0.056     7.5980     95.245     24.722  25.677854    -0.2756      8.518   280.0165 1.0335e+03     0.7199     -0.542     -0.786    27.0981   996.4950 0.0000e+00
     -0.536      0.078     7.6009     95.252     32.391  33.632972    -0.5862      8.716   261.0542 1.0594e+03     2.7323     -0.526     -0.762    27.0404   996.5107 0.0000e+00
     -0.517      0.103     7.6025     95.248     35.501  36.852311    -0.7585      8.879   252.3533 8.0726e+02     3.8711     -0.510     -0.739    26.9859   996.5263 0.0000e+00
     -0.491      0.127     7.6044     95.244     35.838  37.190336    -0.7636      9.015   248.4643 7.2511e+02     4.0671     -0.485     -0.703    26.9515   996.5384 0.0000e+00
     -0.453      0.148     7.6079     95.245     35.998  37.339147    -0.7088      9.114   246.5556 1.1168e+03     4.7091     -0.447     -0.649    26.9276   996.5480 0.0000e+00
     -0.408      0.165     7.6161     95.284     36.126  37.445537    -0.2177      9.172   243.9881 1.6714e+03    11.5017     -0.400     -0.581    26.9114   996.5556 0.0000e+00
     -0.359      0.176     7.6320     95.404     36.173  37.461061     0.6753      9.204   241.3397 1.9974e+03    23.9609     -0.353     -0.512    26.8973   996.5602 0.0000e+00
     -0.308      0.179     7.6573     95.642     36.146  37.399843     1.1668      9.221   239.9160 2.1165e+03    30.7201     -0.301     -0.438    26.8853   996.5634 0.0000e+00
     -0.259      0.173     7.6921     96.011     36.114  37.340052     1.2341      9.226   239.8522 2.1749e+03    30.6976     -0.251     -0.365    26.8622   996.5702 0.0000e+00
     -0.214      0.158     7.7296     96.438     36.101  37.309352     1.4277      9.225   240.4821 2.2129e+03    23.8517     -0.209     -0.303    26.8235   996.5809 0.0000e+00
     -0.174      0.137     7.7647     96.864     36.080  37.282524     1.7657      9.225   241.1654 2.2294e+03    11.2627     -0.170     -0.246    26.7730   996.5949 0.0000e+00
     -0.139      0.112     7.7952     97.253     36.065  37.269567     1.9469      9.226   241.4887 2.2332e+03     4.4293     -0.133     -0.193    26.7252   996.6081 0.0000e+00
     -0.112      0.086     7.8192     97.559     36.072  37.279637     1.9626      9.226   241.2074 2.2417e+03     3.8575     -0.106     -0.154    26.6860   996.6189 0.0000e+00
     -0.096      0.063     7.8363     97.775     36.068  37.277338     1.9822      9.226   241.0336 2.2522e+03     3.8240     -0.091     -0.132    26.6593   996.6262 0.0000e+00
     -0.087      0.042     7.8451     97.884     36.034  37.241771     2.0187      9.225   241.7106 2.2525e+03     3.7952     -0.084     -0.121    26.6563   996.6271 0.0000e+00
     -0.084      0.025     7.8443     97.869     36.025  37.230450     2.0313      9.220   242.6821 2.2446e+03     3.7716     -0.082     -0.119    26.6647   996.6248 0.0000e+00
     -0.081      0.014     7.8366     97.759     36.066  37.267399     2.0226      9.217   242.9708 2.2358e+03     3.8012     -0.080     -0.117    26.6696   996.6235 0.0000e+00
     -0.078      0.008     7.8252     97.598     36.113  37.307669     2.0519      9.218   242.1904 2.2281e+03     3.7926     -0.076     -0.111    26.6705   996.6231 0.0000e+00
     -0.077      0.007     7.8114     97.408     36.148  37.336493     2.1079      9.219   240.3009 2.2283e+03     3.6999     -0.074     -0.108    26.6700   996.6233 0.0000e+00
     -0.077      0.007     7.7896     97.121     36.179  37.361998     2.1368      9.212   226.0623 2.2410e+03     3.6306     -0.077     -0.112    26.6686   996.6237 0.0000e+00
     -0.077      0.008     7.7620     96.765     36.184  37.362140     2.1497      9.200   200.0386 2.2575e+03     3.5782     -0.078     -0.112    26.6606   996.6258 0.0000e+00
     -0.073      0.009     7.7664     96.806     36.167  37.338203     2.1856      9.190   189.8770 2.2627e+03     3.5908     -0.072     -0.104    26.6474   996.6295 0.0000e+00
     -0.070      0.012     7.8388     97.695     36.160  37.326459     2.2408      9.182   192.2497 2.2542e+03     3.7170     -0.068     -0.098    26.6363   996.6326 0.0000e+00
     -0.068      0.015     7.9573     99.165     36.182  37.347085     2.2717      9.173   187.2552 2.2412e+03     3.8250     -0.068     -0.098    26.6287   996.6346 0.0000e+00
     -0.065      0.016     8.0687    100.550     36.232  37.397172     2.2729      9.166   186.6202 2.2304e+03     3.8820     -0.065     -0.094    26.6222   996.6364 0.0000e+00
     -0.058      0.014     8.1405    101.444     36.259  37.424258     2.2636      9.163   204.3598 2.2262e+03     3.8819     -0.057     -0.083    26.6138   996.6387 0.0000e+00
     -0.052      0.009     8.1640    101.734     36.257  37.420681     2.2289      9.159   228.8043 2.2272e+03     3.7906     -0.050     -0.072    26.6057   996.6409 0.0000e+00
     -0.048      0.004     8.1436    101.479     36.254  37.417391     2.1832      9.151   240.4058 2.2258e+03     3.6626     -0.046     -0.066    26.6017   996.6421 0.0000e+00
     -0.049      0.000     8.0886    100.794     36.221  37.384483     2.1612      9.141   241.8159 2.2208e+03     3.5797     -0.046     -0.068    26.6008   996.6423 0.0000e+00
     -0.053     -0.002     8.0007     99.703     36.177  37.340164     2.1540      9.129   242.5850 2.2185e+03     3.5748     -0.052     -0.076    26.6007   996.6423 0.0000e+00
     -0.058     -0.003     7.8875     98.296     36.162  37.325857     2.1390      9.115   243.3375 2.2200e+03     3.6364     -0.058     -0.084    26.5992   996.6427 0.0000e+00
     -0.060     -0.002     7.7710     96.847     36.173  37.338450     2.1103      9.101   243.7740 2.2216e+03     3.7346     -0.060     -0.087    26.5973   996.6432 0.0000e+00
     -0.058      0.000     7.6679     95.564     36.198  37.365481     2.0845      9.091   243.0441 2.2229e+03     3.7791     -0.058     -0.082    26.5983   996.6430 0.0000e+00
     -0.054      0.001     7.5844     94.529     36.228  37.398790     2.0786      9.084   229.6938 2.2243e+03     3.7815     -0.052     -0.075    26.6011   996.6422 0.0000e+00
     -0.052      0.001     7.5183     93.716     36.248  37.423810     2.1000      9.078   203.6727 2.2259e+03     3.7961     -0.050     -0.073    26.6034   996.6415 0.0000e+00
     -0.053     -0.002     7.4583     92.981     36.233  37.414115     2.1346      9.074   188.0916 2.2279e+03     3.7911     -0.052     -0.074    26.6045   996.6412 0.0000e+00
     -0.054     -0.005     7.3952     92.204     36.223  37.408526     2.1581      9.074   185.3339 2.2288e+03     3.7861     -0.052     -0.076    26.6055   996.6410 0.0000e+00
     -0.056     -0.006     7.3272     91.365     36.230  37.419715     2.1671      9.072   184.3534 2.2276e+03     3.8016     -0.053     -0.078    26.6082   996.6403 0.0000e+00
     -0.060     -0.005     7.2635     90.578     36.230  37.422448     2.1746      9.068   183.8077 2.2266e+03     3.7824     -0.059     -0.085    26.6154   996.6383 0.0000e+00
     -0.065     -0.004     7.2213     90.060     36.245  37.441581     2.1880      9.062   183.3819 2.2266e+03     3.7503     -0.066     -0.095    26.6245   996.6357 0.0000e+00
     -0.065     -0.003     7.2163     90.003     36.261  37.460631     2.1910      9.056   182.9914 2.2266e+03     3.7738     -0.065     -0.094    26.6303   996.6342 0.0000e+00
     -0.062     -0.001     7.2559     90.504     36.260  37.462363     2.1925      9.050   182.7002 2.2262e+03     3.8043     -0.059     -0.087    26.6347   996.6330 0.0000e+00
     -0.060      0.001     7.3377     91.531     36.257  37.462519     2.1896      9.042   182.4416 2.2258e+03     3.7586     -0.057     -0.083    26.6397   996.6317 0.0000e+00
     -0.060      0.001     7.4517     92.960     36.254  37.462533     2.1646      9.033   182.1878 2.2271e+03     3.6471     -0.058     -0.084    26.6443   996.6305 0.0000e+00
     -0.062      0.001     7.5917     94.713     36.251  37.462535     2.1504      9.026   182.0405 2.2291e+03     3.6031     -0.061     -0.089    26.6482   996.6294 0.0000e+00
     -0.063      0.000     7.7551     96.758     36.249  37.462546     2.1565      9.019   182.1236 2.2301e+03     3.6202     -0.063     -0.091    26.6519   996.6284 0.0000e+00
     -0.062      0.000     7.9253     98.888     36.246  37.462671     2.1693      9.013   183.6221 2.2303e+03     3.6577     -0.060     -0.088    26.6563   996.6271 0.0000e+00
     -0.060      0.000     8.0745    100.755     36.246  37.464043     2.1749      9.008   200.5037 2.2302e+03     3.7609     -0.058     -0.084    26.6609   996.6260 0.0000e+00
     -0.059      0.001     8.1855    102.145     36.259  37.479140     2.1640      9.002   230.9361 2.2296e+03     3.8190     -0.058     -0.083    26.6645   996.6250 0.0000e+00
     -0.060      0.002     8.2533    102.997     36.294  37.518264     2.1588      8.993   246.2240 2.2279e+03     3.8039     -0.058     -0.084    26.6680   996.6240 0.0000e+00
     -0.061      0.003     8.2818    103.360     36.328  37.556244     2.1637      8.986   245.8791 2.2266e+03     3.8075     -0.060     -0.086    26.6715   996.6231 0.0000e+00
     -0.061      0.006     8.2826    103.378     36.326  37.557513     2.1533      8.981   244.9206 2.2274e+03     3.8295     -0.060     -0.087    26.6744   996.6224 0.0000e+00
     -0.060      0.008     8.2661    103.181     36.300  37.533611     2.1201      8.974   243.9273 2.2332e+03     3.8405     -0.059     -0.086    26.6768   996.6217 0.0000e+00
     -0.056      0.010     8.2412    102.876     36.286  37.521156     2.0926      8.967   234.9006 2.2507e+03     3.8425     -0.056     -0.081    26.6799   996.6208 0.0000e+00
     -0.050      0.010     8.2173    102.581     36.296  37.533871     2.0893      8.961   226.3786 2.2775e+03     3.8536     -0.048     -0.071    26.6837   996.6199 0.0000e+00
     -0.045      0.010     8.1966    102.328     36.320  37.560396     2.1235      8.954   233.8976 2.2983e+03     3.8432     -0.042     -0.062    26.6884   996.6186 0.0000e+00
     -0.043      0.008     8.1763    102.077     36.346  37.587969     2.1855      8.942   242.2691 2.3032e+03     3.8152     -0.041     -0.060    26.6932   996.6173 0.0000e+00
     -0.043      0.006     8.1587    101.855     36.371  37.613359     2.2226      8.932   243.0197 2.2895e+03     3.8111     -0.043     -0.064    26.6963   996.6164 0.0000e+00
     -0.043      0.004     8.1508    101.752     36.374  37.613483     2.2252      8.925   243.0595 2.2594e+03     3.7928     -0.042     -0.062    26.6987   996.6158 0.0000e+00
     -0.042      0.003     8.1543    101.792     36.352  37.589467     2.2087      8.918   240.8578 2.2284e+03     3.7912     -0.040     -0.059    26.7021   996.6149 0.0000e+00
     -0.042      0.003     8.1636    101.906     36.340  37.576867     2.1790      8.912   238.5116 2.2194e+03     3.8237     -0.041     -0.060    26.7039   996.6143 0.0000e+00
     -0.041      0.003     8.1737    102.031     36.352  37.588092     2.1527      8.907   240.5896 2.2392e+03     3.8254     -0.041     -0.060    26.7017   996.6149 0.0000e+00
     -0.039      0.002     8.1798    102.106     36.362  37.598232     2.1421      8.902   243.0099 2.2686e+03     3.8124     -0.038     -0.055    26.6982   996.6159 0.0000e+00
     -0.038      0.001     8.1717    102.005     36.337  37.572528     2.1458      8.895   234.6497 2.2843e+03     3.8298     -0.036     -0.053    26.6962   996.6164 0.0000e+00
     -0.039      0.001     8.1385    101.590     36.297  37.531206     2.1542      8.887   215.1358 2.2806e+03     3.8394     -0.038     -0.055    26.6952   996.6167 0.0000e+00
     -0.040      0.002     8.0824    100.888     36.247  37.479456     2.1571      8.882   209.4340 2.2642e+03     3.7968     -0.039     -0.056    26.6944   996.6169 0.0000e+00
     -0.041      0.005     8.0191    100.097     36.162  37.391143     2.1541      8.879   213.8914 2.2442e+03     3.7734     -0.040     -0.059    26.6943   996.6170 0.0000e+00
     -0.042      0.009     7.9633     99.401     36.124  37.352065     2.1800      8.875   202.7801 2.2337e+03     3.7863     -0.042     -0.061    26.6946   996.6169 0.0000e+00
     -0.038      0.014     7.9197     98.857     36.159  37.387812     2.2351      8.867   191.4129 2.2411e+03     3.7883     -0.039     -0.057    26.6945   996.6169 0.0000e+00
     -0.031      0.018     7.8861     98.436     36.151  37.379040     2.2651      8.857   190.4543 2.2633e+03     3.7978     -0.029     -0.043    26.6934   996.6172 0.0000e+00
     -0.024      0.019     7.8594     98.103     36.083  37.309473     2.2750      8.848   198.0722 2.2709e+03     3.8034     -0.022     -0.032    26.6922   996.6176 0.0000e+00
