Data/DataNotYetUploadedToEDI/CTD_2019/060619_fcr50_a.cnv
* Sea-Bird SBE19plus  Data File:
* FileName = C:\DATA\060619_fcr50_2.hex
* Software version 2.8.0.119
* Temperature SN = 7809
* Conductivity SN = 7809
* System UpLoad Time = Jun 06 2019 11:59:46
* <ApplicationData>
* <Seaterm232>
# nquan = 18
# nvalues = 783                         
# units = specified
# name 0 = depFM: Depth [fresh water, m]
# name 1 = tv290C: Temperature [ITS-90, deg C]
# name 2 = sbeox0Mg/L: Oxygen, SBE 43 [mg/l]
# name 3 = sbeox0PS: Oxygen, SBE 43 [% saturation]
# name 4 = c0uS/cm: Conductivity [uS/cm]
# name 5 = specc: Specific Conductance [uS/cm]
# name 6 = ph: pH
# name 7 = orp: Oxidation Reduction Potential [mV]
# name 8 = flECO-AFL: Fluorescence, WET Labs ECO-AFL/FL [mg/m^3]
# name 9 = turbWETntu0: Turbidity, WET Labs ECO [NTU]
# name 10 = sal00: Salinity, Practical [PSU]
# name 11 = dz/dtM: Descent Rate [m/s]
# name 12 = prdM: Pressure, Strain Gauge [db]
# name 13 = prdE: Pressure, Strain Gauge [psi]
# name 14 = scan: Scan Count
# name 15 = par/sat/log: PAR/Logarithmic, Satlantic
# name 16 = density00: Density [density, kg/m^3]
# name 17 = flag:  0.000e+00
# span 0 =     -0.639,      9.570       
# span 1 =     9.5062,    22.8679       
# span 2 =     3.6951,    13.0954       
# span 3 =     32.401,    143.192       
# span 4 =  -0.070603,  85.898618       
# span 5 =      0.455,    122.861       
# span 6 =      6.871,     11.069       
# span 7 = -1240.7455,  1240.2295       
# span 8 =    -0.1522,     6.2719       
# span 9 =    -0.6431,     4.5480       
# span 10 =     0.0111,     0.0574      
# span 11 =     -0.119,      0.247      
# span 12 =     -0.626,      9.384      
# span 13 =     -0.908,     13.611      
# span 14 =          1,        783      
# span 15 = 1.2203e-01, 4.4363e+02      
# span 16 =   997.5815,   999.8314      
# span 17 = 0.0000e+00, 0.0000e+00      
# interval = seconds: 0.25
# start_time = Jun 06 2019 06:36:59 [Instrument's time stamp, header]
# bad_flag = -9.990e-29
*END*
[from data line 644]
      6.514     9.5272     4.4927     39.359  23.752211     34.399      8.588   257.3795     2.0070     4.0289     0.0179      0.068      6.389      9.266        645 1.8043e+00   999.7867 0.0000e+00
      6.533     9.5250     4.4989     39.412  23.816922     34.478      8.585   257.4931     2.0261     4.0001     0.0179      0.066      6.408      9.294        646 1.7482e+00   999.7868 0.0000e+00
      6.555     9.5248     4.5005     39.425  23.828338     34.520      8.584   254.9566     2.0566     4.2164     0.0179      0.066      6.429      9.324        647 1.7150e+00   999.7870 0.0000e+00
      6.578     9.5257     4.5011     39.431  23.826857     34.482      8.583   254.9945     2.0528     4.2596     0.0179      0.069      6.448      9.351        648 1.7089e+00   999.7873 0.0000e+00
      6.590     9.5271     4.4993     39.418  23.848384     34.563      8.582   255.3731     2.0490     4.1587     0.0179      0.070      6.461      9.370        649 1.6715e+00   999.7874 0.0000e+00
      6.596     9.5269     4.5000     39.425  23.771931     34.400      8.581   255.4488     2.0757     4.3462     0.0179      0.068      6.469      9.381        650 1.6674e+00   999.7873 0.0000e+00
      6.601     9.5261     4.5009     39.432  23.744297     34.399      8.580   256.0545     1.9498     4.3606     0.0179      0.063      6.475      9.391        651 1.6642e+00   999.7872 0.0000e+00
      6.610     9.5255     4.5075     39.487  23.764304     34.399      8.581   256.6602     1.9383     4.1299     0.0179      0.057      6.482      9.401        652 1.6451e+00   999.7872 0.0000e+00
      6.617     9.5240     4.5114     39.521  23.747032     34.400      8.578   257.1524     1.9498     4.2452     0.0179      0.049      6.488      9.411        653 1.6145e+00   999.7873 0.0000e+00
      6.623     9.5233     4.5058     39.473  23.765791     34.401      8.576   257.7959     1.9460     4.2452     0.0179      0.040      6.493      9.418        654 1.5924e+00   999.7874 0.0000e+00
      6.624     9.5240     4.5092     39.504  23.829810     34.523      8.577   259.0074     1.8201     4.2452     0.0179      0.031      6.497      9.423        655 1.6226e+00   999.7876 0.0000e+00
      6.627     9.5236     4.5088     39.502  23.815448     34.484      8.574   259.4617     1.8277     4.3317     0.0179      0.024      6.504      9.434        656 1.5868e+00   999.7876 0.0000e+00
      6.648     9.5218     4.5093     39.505  23.754049     34.402      8.574   260.0674     1.8124     4.2308     0.0179      0.025      6.524      9.462        657 1.5113e+00   999.7877 0.0000e+00
      6.682     9.5226     4.5101     39.513  23.758135     34.403      8.574   260.4838     1.7896     4.1875     0.0179      0.034      6.550      9.500        658 1.4645e+00   999.7879 0.0000e+00
      6.704     9.5260     4.5044     39.463  23.810363     34.485      8.570   261.4302     1.8201     4.2452     0.0179      0.045      6.573      9.534        659 1.4126e+00   999.7881 0.0000e+00
      6.722     9.5269     4.5031     39.451  23.807521     34.484      8.572   261.9224     1.9421     4.1443     0.0179      0.056      6.596      9.566        660 1.3793e+00   999.7881 0.0000e+00
      6.755     9.5249     4.5020     39.438  23.820906     34.481      8.567   262.5281     1.9498     4.2452     0.0179      0.069      6.623      9.605        661 1.3256e+00   999.7880 0.0000e+00
      6.783     9.5226     4.5072     39.481  23.882557     34.601      8.570   260.0674     1.9650     4.3029     0.0179      0.083      6.647      9.640        662 1.2938e+00   999.7881 0.0000e+00
      6.793     9.5220     4.5020     39.435  23.819649     34.482      8.566   261.4681     1.9421     4.1731     0.0179      0.091      6.662      9.662        663 1.2786e+00   999.7883 0.0000e+00
      6.805     9.5232     4.5034     39.449  23.810343     34.484      8.565   261.1274     2.0261     4.2596     0.0179      0.091      6.674      9.681        664 1.2476e+00   999.7885 0.0000e+00
      6.821     9.5250     4.5049     39.462  23.805287     34.485      8.564   261.5438     1.9879     4.1443     0.0179      0.085      6.689      9.702        665 1.2513e+00   999.7887 0.0000e+00
      6.836     9.5258     4.4992     39.411  23.766707     34.403      8.562   263.3231     2.0070     4.2452     0.0179      0.077      6.709      9.730        666 1.2144e+00   999.7886 0.0000e+00
      6.867     9.5255     4.5105     39.510  23.739887     34.401      8.563   263.4367     1.9956     4.2741     0.0179      0.075      6.736      9.770        667 1.1623e+00   999.7886 0.0000e+00
      6.902     9.5253     4.5030     39.443  23.779431     34.400      8.558   263.3988     2.0757     4.2741     0.0179      0.078      6.766      9.815        668 1.1156e+00   999.7887 0.0000e+00
      6.930     9.5256     4.4989     39.406  23.865581     34.603      8.558   259.2724     2.0719     4.2452     0.0179      0.081      6.795      9.856        669 1.0675e+00   999.7889 0.0000e+00
      6.956     9.5245     4.4936     39.359  23.780759     34.401      8.557   259.4995     2.0604     4.1587     0.0179      0.088      6.822      9.894        670 1.0438e+00   999.7890 0.0000e+00
      6.985     9.5212     4.5019     39.432  23.736904     34.401      8.558   260.3324     2.0451     4.2741     0.0179      0.098      6.848      9.932        671 9.9492e-01   999.7891 0.0000e+00
      7.009     9.5187     4.5039     39.451  23.772073     34.402      8.555   260.2567     2.0680     4.2596     0.0179      0.105      6.872      9.967        672 9.5442e-01   999.7893 0.0000e+00
      7.028     9.5190     4.5125     39.527  23.796227     34.486      8.555   260.2567     2.0909     4.1875     0.0179      0.107      6.893      9.998        673 9.2580e-01   999.7897 0.0000e+00
      7.052     9.5203     4.5097     39.501  23.766079     34.407      8.552   261.3924     2.0451     4.2741     0.0179      0.105      6.917     10.033        674 8.7753e-01   999.7900 0.0000e+00
      7.081     9.5196     4.5169     39.562  23.809591     34.488      8.551   260.6731     2.0680     4.1875     0.0179      0.102      6.945     10.073        675 8.3180e-01   999.7901 0.0000e+00
      7.114     9.5186     4.5211     39.598  23.830931     34.527      8.550   259.1967     2.1024     3.9136     0.0179      0.100      6.976     10.118        676 8.0899e-01   999.7902 0.0000e+00
      7.145     9.5190     4.5259     39.642  23.769142     34.406      8.549   259.4995     2.1596     3.9857     0.0179      0.103      7.007     10.163        677 7.6084e-01   999.7903 0.0000e+00
      7.177     9.5179     4.5193     39.586  23.797634     34.488      8.547   259.4238     2.1062     3.9857     0.0179      0.107      7.038     10.208        678 7.2195e-01   999.7905 0.0000e+00
      7.209     9.5160     4.5133     39.533  23.765855     34.407      8.547   259.4995     2.1367     3.9568     0.0179      0.111      7.068     10.252        679 7.0402e-01   999.7907 0.0000e+00
      7.237     9.5159     4.5069     39.476  23.749457     34.408      8.545   259.8781     2.1024     4.0001     0.0179      0.116      7.096     10.292        680 6.7071e-01   999.7910 0.0000e+00
      7.262     9.5166     4.5008     39.422  23.758806     34.410      8.544   259.4238     2.1863     4.2596     0.0179      0.118      7.121     10.328        681 6.5440e-01   999.7912 0.0000e+00
      7.283     9.5178     4.5001     39.415  23.754219     34.410      8.544   259.3102     2.1748     4.2020     0.0179      0.116      7.144     10.361        682 6.3256e-01   999.7913 0.0000e+00
      7.308     9.5181     4.4941     39.363  23.755166     34.410      8.541   259.3481     2.1939     4.1875     0.0179      0.112      7.169     10.398        683 6.1630e-01   999.7914 0.0000e+00
      7.339     9.5163     4.4868     39.298  23.787246     34.449      8.542   259.8402     2.1901     4.2452     0.0179      0.108      7.200     10.443        684 5.7254e-01   999.7914 0.0000e+00
      7.380     9.5140     4.4836     39.269  23.803149     34.489      8.540   261.0138     2.0642     4.3029     0.0179      0.109      7.237     10.496        685 5.3504e-01   999.7916 0.0000e+00
      7.417     9.5137     4.4795     39.234  23.764992     34.410      8.537   261.2788     2.0642     4.2596     0.0179      0.113      7.272     10.548        686 5.1498e-01   999.7919 0.0000e+00
      7.449     9.5153     4.4802     39.239  23.805114     34.493      8.538   261.3924     2.0413     4.2164     0.0179      0.117      7.304     10.594        687 4.9981e-01   999.7922 0.0000e+00
      7.479     9.5168     4.4783     39.223  23.812453     34.493      8.537   261.7709     2.0451     4.2452     0.0179      0.122      7.334     10.637        688 4.9677e-01   999.7924 0.0000e+00
      7.508     9.5172     4.4748     39.191  23.815093     34.492      8.536   261.8845     2.0642     4.4471     0.0179      0.126      7.363     10.679        689 4.3491e-01   999.7924 0.0000e+00
      7.537     9.5165     4.4731     39.175  23.801828     34.490      8.533   262.3388     2.0680     4.4327     0.0179      0.128      7.392     10.721        690 4.0917e-01   999.7924 0.0000e+00
      7.569     9.5155     4.4804     39.239  23.740109     34.368      8.533   259.8024     2.0642     4.5192     0.0178      0.128      7.422     10.765        691 4.0723e-01   999.7925 0.0000e+00
      7.600     9.5151     4.4718     39.163  23.743816     34.410      8.532   260.9381     2.0490     4.4904     0.0179      0.125      7.452     10.808        692 3.8869e-01   999.7927 0.0000e+00
      7.628     9.5152     4.4740     39.182  23.767600     34.411      8.532   260.7867     2.0604     4.2308     0.0179      0.120      7.481     10.850        693 3.8642e-01   999.7930 0.0000e+00
      7.659     9.5142     4.4775     39.213  23.799364     34.492      8.533   261.0517     2.0566     4.2308     0.0179      0.118      7.511     10.894        694 3.7269e-01   999.7932 0.0000e+00
      7.690     9.5136     4.4729     39.173  23.763521     34.411      8.530   261.4681     2.0642     4.1875     0.0179      0.118      7.541     10.938        695 3.7743e-01   999.7933 0.0000e+00
      7.721     9.5137     4.4741     39.183  23.752969     34.412      8.529   261.0138     2.0604     4.2885     0.0179      0.119      7.572     10.982        696 3.6055e-01   999.7935 0.0000e+00
      7.753     9.5131     4.4733     39.177  23.812495     34.493      8.528   261.5438     1.9536     4.4038     0.0179      0.120      7.602     11.026        697 3.1809e-01   999.7937 0.0000e+00
      7.782     9.5128     4.4799     39.236  23.837531     34.534      8.526   261.7709     1.9421     4.2596     0.0179      0.120      7.632     11.069        698 3.0307e-01   999.7939 0.0000e+00
      7.812     9.5125     4.4744     39.188  23.810665     34.494      8.527   261.8088     1.9574     4.3317     0.0179      0.120      7.663     11.114        699 2.6226e-01   999.7940 0.0000e+00
      7.848     9.5116     4.4735     39.180  23.757077     34.413      8.527   262.4145     1.9193     4.2452     0.0179      0.121      7.698     11.164        700 2.2133e-01   999.7942 0.0000e+00
      7.888     9.5114     4.4753     39.194  23.815370     34.494      8.524   262.5659     1.9383     4.1299     0.0179      0.125      7.734     11.218        701 2.4264e-01   999.7945 0.0000e+00
      7.924     9.5109     4.4734     39.177  23.797357     34.495      8.522   261.2788     1.9383     4.2596     0.0179      0.129      7.770     11.270        702 2.2639e-01   999.7947 0.0000e+00
      7.960     9.5104     4.4835     39.265  23.720259     34.334      8.522   261.3167     1.9460     4.1587     0.0178      0.132      7.804     11.319        703 2.1601e-01   999.7948 0.0000e+00
      7.990     9.5105     4.4808     39.242  23.792847     34.496      8.522   261.0895     1.9383     4.2452     0.0179      0.135      7.833     11.361        704 2.2164e-01   999.7950 0.0000e+00
      8.013     9.5109     4.4900     39.323  23.795875     34.456      8.521   264.6860     1.9345     4.2020     0.0179      0.133      7.856     11.394        705 1.9884e-01   999.7952 0.0000e+00
      8.029     9.5110     4.4782     39.219  23.805344     34.496      8.518   264.6481     1.8392     4.2452     0.0179      0.127      7.875     11.421        706 2.1174e-01   999.7953 0.0000e+00
      8.049     9.5109     4.4838     39.267  23.810681     34.496      8.519   264.6102     1.8163     4.2596     0.0179      0.118      7.896     11.452        707 1.8896e-01   999.7953 0.0000e+00
      8.078     9.5120     4.4823     39.255  23.759616     34.415      8.515   264.4210     1.8124     4.1443     0.0179      0.109      7.921     11.489        708 1.7071e-01   999.7954 0.0000e+00
      8.105     9.5131     4.4750     39.192  23.750423     34.415      8.515   264.4588     1.7896     4.1443     0.0179      0.101      7.946     11.525        709 1.8861e-01   999.7956 0.0000e+00
      8.124     9.5129     4.4657     39.112  23.762886     34.414      8.516   264.2695     1.8201     4.1875     0.0179      0.095      7.968     11.557        710 1.8686e-01   999.7956 0.0000e+00
      8.146     9.5117     4.4566     39.033  23.803342     34.494      8.513   262.6795     1.8163     4.2596     0.0179      0.090      7.993     11.592        711 1.4552e-01   999.7956 0.0000e+00
      8.180     9.5101     4.4556     39.026  23.818546     34.494      8.513   262.2631     1.7972     4.2164     0.0179      0.092      8.023     11.637        712 1.3688e-01   999.7958 0.0000e+00
      8.217     9.5096     4.4572     39.043  23.832817     34.536      8.513   263.6260     1.7819     4.2164     0.0179      0.099      8.056     11.685        713 1.5529e-01   999.7961 0.0000e+00
      8.246     9.5105     4.4578     39.051  23.815200     34.497      8.510   264.2317     2.0108     4.1587     0.0179      0.106      8.084     11.725        714 1.3236e-01   999.7963 0.0000e+00
      8.264     9.5111     4.4523     39.001  23.751618     34.416      8.508   263.5502     2.0337     4.1875     0.0179      0.108      8.106     11.757        715 1.4109e-01   999.7964 0.0000e+00
      8.286     9.5104     4.4570     39.038  23.763858     34.416      8.510   263.3231     2.0261     4.2164     0.0179      0.106      8.129     11.789        716 1.4415e-01   999.7965 0.0000e+00
      8.316     9.5094     4.4603     39.065  23.799969     34.496      8.505   263.0960     1.9841     4.1587     0.0179      0.107      8.155     11.828        717 1.2775e-01   999.7966 0.0000e+00
      8.346     9.5099     4.4586     39.048  23.765913     34.416      8.504   262.2631     1.8124     4.2741     0.0179      0.108      8.184     11.869        718 1.3358e-01   999.7967 0.0000e+00
      8.373     9.5113     4.4608     39.067  23.747005     34.417      8.502   261.6952     1.8239     4.2741     0.0179      0.107      8.210     11.906        719 1.2651e-01   999.7969 0.0000e+00
      8.395     9.5125     4.4645     39.099  23.793882     34.457      8.503   261.9224     1.8239     4.2452     0.0179      0.103      8.230     11.935        720 1.2203e-01   999.7970 0.0000e+00
      8.407     9.5140     4.4661     39.112  23.796427     34.496      8.501   261.3924     1.7972     4.1731     0.0179      0.097      8.241     11.953        721 1.2481e-01   999.7970 0.0000e+00
      8.409     9.5161     4.4714     39.158  23.773456     34.414      8.500   260.7867     1.8239     4.2164     0.0179      0.089      8.246     11.959        722 1.2312e-01   999.7969 0.0000e+00
      8.409     9.5190     4.4697     39.142  23.792852     34.493      8.503   260.4081     1.8773     4.2452     0.0179      0.077      8.248     11.962        723 1.2413e-01   999.7968 0.0000e+00
