Data/DataNotYetUploadedToEDI/CTD_2019/060619_fcr50_a.cnv
* Sea-Bird SBE19plus  Data File:
* FileName = C:\DATA\060619_fcr50_2.hex
* Software version 2.8.0.119
* Temperature SN = 7809
* Conductivity SN = 7809
* System UpLoad Time = Jun 06 2019 11:59:46
* <ApplicationData>
* <Seaterm232>
# nquan = 18
# nvalues = 783                         
# units = specified
# name 0 = depFM: Depth [fresh water, m]
# name 1 = tv290C: Temperature [ITS-90, deg C]
# name 2 = sbeox0Mg/L: Oxygen, SBE 43 [mg/l]
# name 3 = sbeox0PS: Oxygen, SBE 43 [% saturation]
# name 4 = c0uS/cm: Conductivity [uS/cm]
# name 5 = specc: Specific Conductance [uS/cm]
# name 6 = ph: pH
# name 7 = orp: Oxidation Reduction Potential [mV]
# name 8 = flECO-AFL: Fluorescence, WET Labs ECO-AFL/FL [mg/m^3]
# name 9 = turbWETntu0: Turbidity, WET Labs ECO [NTU]
# name 10 = sal00: Salinity, Practical [PSU]
# name 11 = dz/dtM: Descent Rate [m/s]
# name 12 = prdM: Pressure, Strain Gauge [db]
# name 13 = prdE: Pressure, Strain Gauge [psi]
# name 14 = scan: Scan Count
# name 15 = par/sat/log: PAR/Logarithmic, Satlantic
# name 16 = density00: Density [density, kg/m^3]
# name 17 = flag:  0.000e+00
# span 0 =     -0.639,      9.570       
# span 1 =     9.5062,    22.8679       
# span 2 =     3.6951,    13.0954       
# span 3 =     32.401,    143.192       
# span 4 =  -0.070603,  85.898618       
# span 5 =      0.455,    122.861       
# span 6 =      6.871,     11.069       
# span 7 = -1240.7455,  1240.2295       
# span 8 =    -0.1522,     6.2719       
# span 9 =    -0.6431,     4.5480       
# span 10 =     0.0111,     0.0574      
# span 11 =     -0.119,      0.247      
# span 12 =     -0.626,      9.384      
# span 13 =     -0.908,     13.611      
# span 14 =          1,        783      
# span 15 = 1.2203e-01, 4.4363e+02      
# span 16 =   997.5815,   999.8314      
# span 17 = 0.0000e+00, 0.0000e+00      
# interval = seconds: 0.25
# start_time = Jun 06 2019 06:36:59 [Instrument's time stamp, header]
# bad_flag = -9.990e-29
*END*
[from data line 563]
      4.883     9.6379     4.3417     38.077  23.840681     34.336      8.699   255.2216     6.2376     1.1161     0.0179      0.115      4.789      6.946        564 1.1556e+01   999.7602 0.0000e+00
      4.911     9.6159     4.3746     38.367  23.785716     34.247      8.699   255.3731     6.2719     1.1738     0.0179      0.114      4.817      6.987        565 1.1321e+01   999.7666 0.0000e+00
      4.943     9.6072     4.4121     38.695  23.839459     34.451      8.699   255.9409     6.2490     1.0729     0.0179      0.112      4.849      7.034        566 1.1091e+01   999.7704 0.0000e+00
      4.981     9.6010     4.4320     38.868  23.833048     34.391      8.694   255.8274     5.8981     1.4045     0.0179      0.113      4.884      7.084        567 1.0889e+01   999.7723 0.0000e+00
      5.016     9.5938     4.4543     39.062  23.823319     34.441      8.695   252.6852     5.9057     1.3469     0.0179      0.117      4.915      7.129        568 1.0812e+01   999.7732 0.0000e+00
      5.038     9.5872     4.4690     39.190  23.821953     34.406      8.697   254.3131     5.9133     1.3324     0.0179      0.118      4.942      7.168        569 1.0694e+01   999.7739 0.0000e+00
      5.065     9.5804     4.4816     39.297  23.805133     34.413      8.691   254.8052     5.9362     1.4622     0.0179      0.119      4.970      7.208        570 1.0392e+01   999.7745 0.0000e+00
      5.102     9.5727     4.4867     39.340  23.814635     34.420      8.692   254.9188     3.8266     2.4860     0.0179      0.121      5.002      7.254        571 1.0126e+01   999.7752 0.0000e+00
      5.133     9.5681     4.4895     39.363  23.810130     34.427      8.689   254.4266     3.8266     2.4860     0.0179      0.123      5.033      7.299        572 9.9232e+00   999.7759 0.0000e+00
      5.160     9.5678     4.4982     39.438  23.810744     34.434      8.687   256.0166     3.8266     2.4860     0.0179      0.121      5.060      7.340        573 9.6985e+00   999.7767 0.0000e+00
      5.188     9.5700     4.5019     39.477  23.813874     34.439      8.688   255.9409     3.8343     2.5149     0.0179      0.119      5.087      7.378        574 9.5320e+00   999.7772 0.0000e+00
      5.211     9.5717     4.5121     39.573  23.835852     34.480      8.688   253.1016     3.2964     2.9330     0.0179      0.114      5.113      7.415        575 9.3412e+00   999.7774 0.0000e+00
      5.242     9.5703     4.5218     39.657  23.813011     34.437      8.685   253.5938     3.3040     2.8609     0.0179      0.113      5.143      7.459        576 9.0593e+00   999.7773 0.0000e+00
      5.280     9.5680     4.5321     39.743  23.753448     34.355      8.682   254.4645     3.2621     2.8032     0.0179      0.116      5.177      7.508        577 8.8139e+00   999.7773 0.0000e+00
      5.314     9.5671     4.5308     39.726  23.761889     34.356      8.683   254.5781     3.2888     2.9474     0.0179      0.118      5.208      7.554        578 8.5621e+00   999.7777 0.0000e+00
      5.339     9.5653     4.5370     39.778  23.802508     34.439      8.680   254.9566     3.3155     2.8898     0.0179      0.117      5.233      7.589        579 8.3809e+00   999.7779 0.0000e+00
      5.354     9.5618     4.5428     39.827  23.762136     34.359      8.680   255.1081     2.9187     3.2070     0.0179      0.114      5.249      7.613        580 8.2838e+00   999.7780 0.0000e+00
      5.364     9.5599     4.5372     39.776  23.752897     34.361      8.678   255.1838     2.9225     3.3224     0.0179      0.107      5.262      7.632        581 8.1437e+00   999.7782 0.0000e+00
      5.379     9.5580     4.5330     39.739  23.784389     34.405      8.678   256.4331     2.9035     3.3079     0.0179      0.099      5.280      7.658        582 7.9320e+00   999.7786 0.0000e+00
      5.410     9.5574     4.5267     39.684  23.811797     34.447      8.676   256.8116     2.9340     3.3224     0.0179      0.093      5.308      7.699        583 7.6247e+00   999.7789 0.0000e+00
      5.449     9.5642     4.5330     39.740  23.807640     34.449      8.674   257.7959     2.3694     3.7405     0.0179      0.090      5.341      7.746        584 7.4217e+00   999.7793 0.0000e+00
      5.477     9.5715     4.5195     39.626  23.819182     34.450      8.671   258.4395     2.3732     3.7838     0.0179      0.089      5.371      7.789        585 7.2519e+00   999.7795 0.0000e+00
      5.502     9.5707     4.5258     39.688  23.797433     34.443      8.669   257.5309     2.3694     3.8559     0.0179      0.092      5.396      7.826        586 7.0113e+00   999.7790 0.0000e+00
      5.530     9.5649     4.5180     39.625  23.775468     34.355      8.669   257.8717     2.3847     3.8126     0.0179      0.098      5.424      7.866        587 6.7087e+00   999.7785 0.0000e+00
      5.561     9.5596     4.5146     39.605  23.846517     34.517      8.664   257.9474     2.4304     3.7838     0.0179      0.107      5.450      7.904        588 6.5169e+00   999.7788 0.0000e+00
      5.580     9.5562     4.5194     39.666  23.797867     34.402      8.664   258.8559     2.4457     3.8126     0.0179      0.111      5.467      7.929        589 6.5862e+00   999.7793 0.0000e+00
      5.581     9.5545     4.5215     39.709  23.806396     34.447      8.662   259.5752     2.4266     3.6829     0.0179      0.104      5.474      7.941        590 6.5529e+00   999.7798 0.0000e+00
      5.589     9.5530     4.5130     39.650  23.865522     34.532      8.660   259.9538     2.4381     3.8126     0.0179      0.090      5.482      7.952        591 6.4081e+00   999.7801 0.0000e+00
      5.603     9.5523     4.5198     39.700  23.813140     34.453      8.659   259.8402     2.2397     3.7550     0.0179      0.076      5.492      7.966        592 6.3222e+00   999.7803 0.0000e+00
      5.609     9.5529     4.5175     39.660  23.753117     34.373      8.657   259.8781     2.2473     3.7261     0.0179      0.063      5.499      7.976        593 6.3101e+00   999.7804 0.0000e+00
      5.611     9.5543     4.5157     39.631  23.762516     34.374      8.657   260.0295     2.2550     3.8559     0.0179      0.050      5.502      7.980        594 6.3328e+00   999.7805 0.0000e+00
      5.611     9.5585     4.5124     39.595  23.801442     34.454      8.655   259.4995     2.2397     3.8559     0.0179      0.036      5.503      7.982        595 6.3302e+00   999.7804 0.0000e+00
      5.612     9.5653     4.5131     39.593  23.823141     34.453      8.654   259.4238     2.2473     3.7838     0.0179      0.025      5.504      7.983        596 6.2746e+00   999.7803 0.0000e+00
      5.614     9.5710     4.5082     39.544  23.883597     34.570      8.655   256.6224     2.0604     3.7550     0.0179      0.018      5.506      7.985        597 6.2395e+00   999.7800 0.0000e+00
      5.614     9.5813     4.5113     39.569  23.874292     34.522      8.654   257.9095     2.0528     3.7550     0.0179      0.015      5.508      7.988        598 6.1610e+00   999.7795 0.0000e+00
      5.622     9.6019     4.5078     39.532  23.864337     34.517      8.649   257.4552     2.0680     3.9424     0.0179      0.012      5.512      7.995        599 6.0155e+00   999.7791 0.0000e+00
      5.627     9.6276     4.5042     39.497  23.807131     34.426      8.647   256.9631     2.0680     3.8992     0.0179      0.010      5.517      8.002        600 6.0504e+00   999.7781 0.0000e+00
      5.627     9.6438     4.5074     39.524  23.827011     34.405      8.650   256.0924     2.0986     3.7550     0.0179      0.009      5.524      8.012        601 5.9934e+00   999.7765 0.0000e+00
      5.645     9.6341     4.5069     39.518  23.898826     34.541      8.647   255.6002     2.1138     3.8271     0.0180      0.015      5.541      8.037        602 5.6425e+00   999.7744 0.0000e+00
      5.681     9.6131     4.5085     39.529  23.776986     34.282      8.645   254.9566     2.1558     3.8415     0.0179      0.027      5.568      8.076        603 5.4289e+00   999.7732 0.0000e+00
      5.707     9.5999     4.5037     39.485  23.771314     34.333      8.644   256.9252     2.1329     3.8703     0.0179      0.042      5.593      8.111        604 5.4127e+00   999.7742 0.0000e+00
      5.719     9.5912     4.5013     39.462  23.817036     34.394      8.643   256.2438     2.3847     4.0578     0.0179      0.055      5.608      8.134        605 5.3715e+00   999.7760 0.0000e+00
      5.731     9.5823     4.5010     39.457  23.808943     34.407      8.639   256.0166     2.3465     4.0001     0.0179      0.064      5.622      8.154        606 5.2795e+00   999.7771 0.0000e+00
      5.749     9.5768     4.5040     39.483  23.811007     34.416      8.639   255.3731     2.3694     4.0722     0.0179      0.070      5.638      8.176        607 5.1834e+00   999.7779 0.0000e+00
      5.765     9.5742     4.4971     39.421  23.814469     34.425      8.639   255.2216     2.3694     4.0866     0.0179      0.074      5.654      8.201        608 5.1729e+00   999.7787 0.0000e+00
      5.782     9.5685     4.4855     39.319  23.804637     34.431      8.638   253.2531     2.2969     3.7550     0.0179      0.074      5.672      8.226        609 5.0967e+00   999.7792 0.0000e+00
      5.804     9.5638     4.4849     39.318  23.764013     34.352      8.635   253.1016     2.3122     3.7694     0.0179      0.071      5.692      8.256        610 4.9716e+00   999.7796 0.0000e+00
      5.826     9.5620     4.4826     39.301  23.776174     34.399      8.631   257.4174     2.3122     3.7694     0.0179      0.067      5.714      8.287        611 4.8663e+00   999.7802 0.0000e+00
      5.848     9.5608     4.4836     39.310  23.759884     34.362      8.630   256.7738     2.3046     3.8703     0.0179      0.069      5.737      8.321        612 4.6373e+00   999.7806 0.0000e+00
      5.877     9.5585     4.4841     39.312  23.754669     34.364      8.629   257.0766     2.2550     4.0289     0.0179      0.077      5.765      8.361        613 4.3988e+00   999.7809 0.0000e+00
      5.911     9.5561     4.4792     39.268  23.812283     34.446      8.629   256.9252     2.2435     3.9712     0.0179      0.086      5.795      8.405        614 4.2424e+00   999.7812 0.0000e+00
      5.939     9.5539     4.4779     39.255  23.806657     34.449      8.625   257.1145     2.2321     3.9857     0.0179      0.094      5.821      8.443        615 4.1148e+00   999.7815 0.0000e+00
      5.957     9.5514     4.4945     39.399  23.761674     34.370      8.625   256.3574     2.2435     4.0866     0.0179      0.098      5.840      8.471        616 4.0566e+00   999.7818 0.0000e+00
      5.970     9.5502     4.4918     39.375  23.809029     34.453      8.625   256.8495     2.2092     4.0578     0.0179      0.098      5.856      8.494        617 3.9599e+00   999.7820 0.0000e+00
      5.988     9.5491     4.4957     39.410  23.836577     34.496      8.624   257.1524     2.2397     4.0289     0.0179      0.095      5.876      8.523        618 3.7510e+00   999.7823 0.0000e+00
      6.019     9.5494     4.5029     39.471  23.757010     34.376      8.623   257.4174     2.2740     3.9424     0.0179      0.093      5.903      8.562        619 3.5771e+00   999.7826 0.0000e+00
      6.050     9.5532     4.5013     39.453  23.759963     34.377      8.620   256.8116     2.2092     3.9568     0.0179      0.093      5.931      8.602        620 3.4562e+00   999.7828 0.0000e+00
      6.075     9.5568     4.5051     39.480  23.803286     34.458      8.618   256.8495     2.2588     4.0433     0.0179      0.091      5.955      8.637        621 3.3709e+00   999.7829 0.0000e+00
      6.094     9.5571     4.5083     39.504  23.762330     34.373      8.619   257.0009     2.0528     3.9857     0.0179      0.090      5.975      8.666        622 3.2826e+00   999.7826 0.0000e+00
      6.111     9.5552     4.5058     39.482  23.751695     34.369      8.615   257.0009     2.0795     3.9424     0.0179      0.090      5.994      8.693        623 3.1896e+00   999.7824 0.0000e+00
      6.132     9.5535     4.5001     39.434  23.757284     34.369      8.616   257.0009     2.0604     4.0145     0.0179      0.091      6.013      8.722        624 3.1343e+00   999.7825 0.0000e+00
      6.153     9.5519     4.5018     39.452  23.814608     34.452      8.613   257.0388     2.0375     4.1010     0.0179      0.091      6.034      8.752        625 3.0315e+00   999.7828 0.0000e+00
      6.176     9.5500     4.5048     39.478  23.828443     34.494      8.610   258.9695     1.9536     4.0289     0.0179      0.089      6.057      8.785        626 2.9079e+00   999.7831 0.0000e+00
      6.201     9.5499     4.5009     39.443  23.769686     34.374      8.611   258.1367     1.9383     3.8992     0.0179      0.085      6.081      8.819        627 2.8553e+00   999.7833 0.0000e+00
      6.223     9.5506     4.5036     39.466  23.798881     34.457      8.607   258.2502     1.9460     3.9712     0.0179      0.084      6.102      8.850        628 2.7763e+00   999.7836 0.0000e+00
      6.243     9.5487     4.4955     39.393  23.821728     34.457      8.607   257.3795     1.9536     4.0001     0.0179      0.084      6.122      8.879        629 2.6914e+00   999.7837 0.0000e+00
      6.263     9.5434     4.5017     39.443  23.800487     34.456      8.605   257.0009     2.0108     4.0001     0.0179      0.085      6.141      8.906        630 2.6513e+00   999.7837 0.0000e+00
      6.279     9.5376     4.4972     39.401  23.766081     34.377      8.606   257.4552     1.9956     3.9136     0.0179      0.085      6.157      8.930        631 2.5700e+00   999.7839 0.0000e+00
      6.293     9.5334     4.5006     39.432  23.805313     34.464      8.605   257.4552     1.9994     4.0866     0.0179      0.081      6.171      8.951        632 2.4952e+00   999.7844 0.0000e+00
      6.307     9.5324     4.4956     39.388  23.840517     34.510      8.602   261.1274     1.9803     3.9424     0.0179      0.076      6.185      8.971        633 2.4319e+00   999.7850 0.0000e+00
      6.323     9.5348     4.4934     39.369  23.811122     34.474      8.601   259.4617     1.9345     4.0289     0.0179      0.070      6.200      8.993        634 2.3716e+00   999.7855 0.0000e+00
      6.338     9.5379     4.4932     39.366  23.812279     34.475      8.602   259.1967     1.9536     4.0866     0.0179      0.066      6.215      9.015        635 2.3395e+00   999.7856 0.0000e+00
      6.353     9.5384     4.4937     39.369  23.809462     34.472      8.600   259.1209     1.9154     3.8992     0.0179      0.062      6.231      9.038        636 2.2731e+00   999.7854 0.0000e+00
      6.372     9.5371     4.4993     39.417  23.814626     34.469      8.599   258.7045     1.9383     4.0001     0.0179      0.061      6.249      9.065        637 2.2054e+00   999.7853 0.0000e+00
      6.395     9.5365     4.4935     39.367  23.805851     34.468      8.596   258.8559     1.9498     3.9712     0.0179      0.063      6.270      9.095        638 2.1297e+00   999.7853 0.0000e+00
      6.416     9.5338     4.4978     39.406  23.761149     34.389      8.595   258.7045     2.0032     3.9136     0.0179      0.066      6.291      9.125        639 2.0705e+00   999.7855 0.0000e+00
      6.434     9.5290     4.4955     39.386  23.781405     34.430      8.595   257.0766     1.9841     4.0289     0.0179      0.070      6.309      9.151        640 2.0540e+00   999.7856 0.0000e+00
      6.452     9.5272     4.4923     39.357  23.810259     34.473      8.592   257.3795     2.0108     3.9280     0.0179      0.073      6.326      9.176        641 1.9880e+00   999.7860 0.0000e+00
      6.468     9.5276     4.4940     39.371  23.814094     34.478      8.592   256.6224     2.0108     4.0289     0.0179      0.074      6.342      9.199        642 1.9405e+00   999.7865 0.0000e+00
      6.483     9.5277     4.4982     39.407  23.806252     34.480      8.589   256.0545     2.0108     4.0145     0.0179      0.073      6.357      9.221        643 1.8861e+00   999.7867 0.0000e+00
