Data/DataNotYetUploadedToEDI/CTD_2019/060619_fcr50_a.cnv
* Sea-Bird SBE19plus  Data File:
* FileName = C:\DATA\060619_fcr50_2.hex
* Software version 2.8.0.119
* Temperature SN = 7809
* Conductivity SN = 7809
* System UpLoad Time = Jun 06 2019 11:59:46
* <ApplicationData>
* <Seaterm232>
# nquan = 18
# nvalues = 783                         
# units = specified
# name 0 = depFM: Depth [fresh water, m]
# name 1 = tv290C: Temperature [ITS-90, deg C]
# name 2 = sbeox0Mg/L: Oxygen, SBE 43 [mg/l]
# name 3 = sbeox0PS: Oxygen, SBE 43 [% saturation]
# name 4 = c0uS/cm: Conductivity [uS/cm]
# name 5 = specc: Specific Conductance [uS/cm]
# name 6 = ph: pH
# name 7 = orp: Oxidation Reduction Potential [mV]
# name 8 = flECO-AFL: Fluorescence, WET Labs ECO-AFL/FL [mg/m^3]
# name 9 = turbWETntu0: Turbidity, WET Labs ECO [NTU]
# name 10 = sal00: Salinity, Practical [PSU]
# name 11 = dz/dtM: Descent Rate [m/s]
# name 12 = prdM: Pressure, Strain Gauge [db]
# name 13 = prdE: Pressure, Strain Gauge [psi]
# name 14 = scan: Scan Count
# name 15 = par/sat/log: PAR/Logarithmic, Satlantic
# name 16 = density00: Density [density, kg/m^3]
# name 17 = flag:  0.000e+00
# span 0 =     -0.639,      9.570       
# span 1 =     9.5062,    22.8679       
# span 2 =     3.6951,    13.0954       
# span 3 =     32.401,    143.192       
# span 4 =  -0.070603,  85.898618       
# span 5 =      0.455,    122.861       
# span 6 =      6.871,     11.069       
# span 7 = -1240.7455,  1240.2295       
# span 8 =    -0.1522,     6.2719       
# span 9 =    -0.6431,     4.5480       
# span 10 =     0.0111,     0.0574      
# span 11 =     -0.119,      0.247      
# span 12 =     -0.626,      9.384      
# span 13 =     -0.908,     13.611      
# span 14 =          1,        783      
# span 15 = 1.2203e-01, 4.4363e+02      
# span 16 =   997.5815,   999.8314      
# span 17 = 0.0000e+00, 0.0000e+00      
# interval = seconds: 0.25
# start_time = Jun 06 2019 06:36:59 [Instrument's time stamp, header]
# bad_flag = -9.990e-29
*END*
     -0.638    22.8439     8.3694     97.279   0.862753      0.775      8.426 -1240.7455    -0.1293    -0.5277     0.0111      0.000     -0.626     -0.908          1 2.2473e+02   997.5815 0.0000e+00
     -0.638    22.8432     8.3680     97.263   1.224902      1.445      8.215 -1240.7455    -0.1254    -0.5277     0.0111      0.000     -0.626     -0.908          2 1.9609e+02   997.5821 0.0000e+00
     -0.639    22.8428     8.3694     97.281   0.690334      0.571      8.426 -1240.7455    -0.1522    -0.4556     0.0111     -0.000     -0.626     -0.908          3 1.8612e+02   997.5823 0.0000e+00
     -0.638    22.8434     8.3682     97.268   0.315140      0.455      8.454 -1240.7455    -0.1483    -0.4989     0.0111     -0.000     -0.626     -0.908          4 1.7916e+02   997.5824 0.0000e+00
     -0.639    22.8437     8.3703     97.292   0.893099      0.775      8.278 -1240.7455    -0.1407    -0.5277     0.0111     -0.000     -0.626     -0.908          5 1.6196e+02   997.5826 0.0000e+00
     -0.638    22.8443     8.3716     97.308   1.923537      2.174      8.227 -1240.7455    -0.1407    -0.5277     0.0112     -0.000     -0.626     -0.908          6 1.5962e+02   997.5825 0.0000e+00
     -0.639    22.8447     8.3680     97.268   1.636065      1.620      7.845 -1240.7455    -0.1483    -0.4268     0.0111     -0.000     -0.626     -0.908          7 1.9602e+02   997.5824 0.0000e+00
     -0.638    22.8436     8.3695     97.285   0.747926      0.833      6.871 -1240.7455    -0.1102    -0.4845     0.0111     -0.000     -0.626     -0.908          8 2.7901e+02   997.5822 0.0000e+00
     -0.637    22.8418     8.3674     97.262   0.484687      0.455      7.979 -1240.7455    -0.1254    -0.3979     0.0111      0.000     -0.626     -0.908          9 3.5206e+02   997.5822 0.0000e+00
     -0.638    22.8405     8.3664     97.251   0.573289      0.630      8.152 -1240.7455    -0.1026    -0.6431     0.0111      0.000     -0.626     -0.908         10 4.1568e+02   997.5824 0.0000e+00
     -0.638    22.8403     8.3651     97.232   0.667244      0.688      8.186 -1240.7455    -0.1445    -0.5566     0.0111      0.000     -0.626     -0.908         11 3.9590e+02   997.5828 0.0000e+00
     -0.638    22.8408     8.3721     97.299   0.604417      0.630      8.209 -1240.7455    -0.1293    -0.4845     0.0111      0.000     -0.626     -0.908         12 2.7536e+02   997.5831 0.0000e+00
     -0.638    22.8413     8.3729     97.313   0.651475      0.688      8.240 -1240.7455    -0.1178    -0.4268     0.0111      0.000     -0.626     -0.908         13 1.9134e+02   997.5831 0.0000e+00
     -0.638    22.8416     8.3725     97.306   0.667844      0.688      8.252 -1240.7455    -0.1331    -0.5133     0.0111      0.000     -0.626     -0.908         14 1.8380e+02   997.5831 0.0000e+00
     -0.638    22.8417     8.3782     97.378   0.584048      0.630      8.251 -1240.7455    -0.1178    -0.4268     0.0111      0.000     -0.626     -0.908         15 1.8681e+02   997.5829 0.0000e+00
     -0.638    22.8422     8.3846     97.461   0.785340      0.775      8.247 -1240.7455    -0.1331    -0.4989     0.0111     -0.000     -0.626     -0.908         16 1.7556e+02   997.5829 0.0000e+00
     -0.638    22.8428     8.4077     97.734   0.565248      0.688      8.243 -1240.7455    -0.1331    -0.5277     0.0111     -0.000     -0.626     -0.908         17 1.7439e+02   997.5828 0.0000e+00
     -0.638    22.8433     8.4349     98.049   0.828367      0.688      8.237 -1240.7455    -0.1331    -0.4845     0.0111      0.000     -0.625     -0.907         18 1.8011e+02   997.5827 0.0000e+00
     -0.638    22.8435     8.4731     98.495   0.309985      0.630      8.235 -1240.7455    -0.1140    -0.3691     0.0111      0.000     -0.625     -0.907         19 2.0387e+02   997.5825 0.0000e+00
     -0.637    22.8442     8.5119     98.947   1.151201      0.688      8.237 -1240.7455    -0.1216    -0.5277     0.0111      0.000     -0.624     -0.906         20 2.5604e+02   997.5826 0.0000e+00
     -0.636    22.8393     8.5776     99.707  -0.070603      0.775      8.178 -1240.7455    -0.1407    -0.5566     0.0111      0.001     -0.620     -0.900         21 3.1106e+02   997.5822 0.0000e+00
     -0.628    22.8320     8.6157    100.140   2.067154      0.775      8.042 -1240.7455    -0.1102    -0.4845     0.0111      0.003     -0.600     -0.871         22 3.3773e+02   997.5826 0.0000e+00
     -0.569    22.8318     8.6574    100.619  17.757368     19.662      8.472  1240.2295    -0.1178    -0.4412     0.0170      0.020     -0.550     -0.798         23 3.5114e+02   997.5880 0.0000e+00
     -0.490    22.8318     8.6851    100.940  31.346258     32.065      9.116   144.7920    -0.1178    -0.5277     0.0219      0.053     -0.473     -0.686         24 3.7547e+02   997.5942 0.0000e+00
     -0.385    22.8342     8.6961    101.066  37.005395     39.448      9.761   155.0135    -0.0110     4.3462     0.0249      0.105     -0.387     -0.561         25 3.8671e+02   997.5966 0.0000e+00
     -0.310    22.8396     8.6898    100.994  36.665600     37.844     10.226   155.1271    -0.0263     4.4327     0.0242      0.159     -0.316     -0.458         26 3.9758e+02   997.5968 0.0000e+00
     -0.271    22.8415     8.6817    100.905  34.613199     36.469     10.555   153.8778     0.0043     4.5480     0.0237      0.202     -0.267     -0.388         27 4.1574e+02   997.5957 0.0000e+00
     -0.235    22.8416     8.6690    100.766  34.847768     36.174     10.775   154.6728     0.0195     4.5336     0.0235      0.230     -0.227     -0.330         28 4.1943e+02   997.5947 0.0000e+00
     -0.188    22.8419     8.6641    100.717  34.269744     36.055     10.924   158.9507    -0.0110     4.4904     0.0235      0.245     -0.181     -0.262         29 4.2261e+02   997.5943 0.0000e+00
     -0.126    22.8424     8.6336    100.367  34.532478     35.793     11.011   154.7864     1.3203     1.3613     0.0234      0.247     -0.128     -0.186         30 4.4363e+02   997.5946 0.0000e+00
     -0.078    22.8402     8.5484     99.382  35.824668     37.718     11.057   155.5056     1.3242     1.3324     0.0242      0.231     -0.084     -0.122         31 4.3977e+02   997.5952 0.0000e+00
     -0.053    22.8356     8.4273     97.978  35.743437     37.164     11.069   155.2406     1.3623     1.4189     0.0240      0.204     -0.058     -0.084         32 3.2454e+02   997.5952 0.0000e+00
     -0.045    22.8327     8.2802     96.271  35.255816     36.961     11.054   157.9664     1.3318     1.3036     0.0239      0.172     -0.047     -0.069         33 2.7212e+02   997.5955 0.0000e+00
     -0.045    22.8319     8.1114     94.312  35.453598     36.965     11.028   159.0264     1.4996     1.2892     0.0239      0.145     -0.044     -0.064         34 3.1549e+02   997.5968 0.0000e+00
     -0.044    22.8312     7.9252     92.149  35.349137     37.025     11.005   160.4649     1.5111     1.3036     0.0239      0.120     -0.044     -0.064         35 3.1819e+02   997.5974 0.0000e+00
     -0.045    22.8319     7.7762     90.418  35.385819     36.909     10.974   162.1307     1.5378     1.4622     0.0238      0.090     -0.045     -0.065         36 3.1213e+02   997.5976 0.0000e+00
     -0.046    22.8348     7.6734     89.223  35.230150     36.910     10.945   162.4335     1.5378     1.3613     0.0238      0.058     -0.045     -0.065         37 3.0551e+02   997.5977 0.0000e+00
     -0.045    22.8392     7.6117     88.505  34.476098     35.975     10.913   163.2664     1.5683     1.0873     0.0235      0.029     -0.045     -0.065         38 3.1302e+02   997.5972 0.0000e+00
     -0.045    22.8430     7.5849     88.195  33.924023     35.477     10.887   164.0992     1.5569     1.2027     0.0233      0.010     -0.044     -0.064         39 2.9511e+02   997.5964 0.0000e+00
     -0.045    22.8458     7.5697     88.019  33.902236     35.415     10.855   165.0457     1.5797     1.1882     0.0232      0.002     -0.044     -0.064         40 2.9385e+02   997.5953 0.0000e+00
     -0.044    22.8485     7.5568     87.870  33.851322     35.383     10.826   165.1214     1.5454     1.1450     0.0232      0.000     -0.044     -0.063         41 2.9972e+02   997.5944 0.0000e+00
     -0.044    22.8508     7.5431     87.712  33.898489     35.410     10.800   165.7650     1.5950     1.3613     0.0232      0.000     -0.044     -0.063         42 2.9368e+02   997.5938 0.0000e+00
     -0.044    22.8526     7.5086     87.311  33.813906     35.350     10.773   166.0678     1.5607     1.3324     0.0232      0.000     -0.044     -0.063         43 3.0502e+02   997.5931 0.0000e+00
     -0.044    22.8538     7.4513     86.645  34.045477     35.523     10.748   166.3328     1.5607     1.3613     0.0233      0.001     -0.044     -0.063         44 3.0466e+02   997.5927 0.0000e+00
     -0.044    22.8552     7.3722     85.727  34.617769     36.222     10.727   164.7807     1.6026     1.3901     0.0236      0.001     -0.043     -0.063         45 2.9618e+02   997.5924 0.0000e+00
     -0.044    22.8563     7.2772     84.624  34.761062     36.279     10.706   164.0992     1.5263     1.2892     0.0236      0.001     -0.043     -0.062         46 2.8586e+02   997.5922 0.0000e+00
     -0.044    22.8566     7.2109     83.854  34.815365     36.395     10.686   168.7935     1.5149     1.3469     0.0236      0.000     -0.043     -0.062         47 2.9820e+02   997.5920 0.0000e+00
     -0.044    22.8567     7.1893     83.603  34.905775     36.453     10.663   168.7557     1.5225     1.3324     0.0237      0.000     -0.043     -0.062         48 2.9696e+02   997.5917 0.0000e+00
     -0.043    22.8572     7.2293     84.070  34.885605     36.452     10.641   169.2100     1.4920     1.4045     0.0237      0.000     -0.043     -0.062         49 2.8444e+02   997.5916 0.0000e+00
     -0.043    22.8577     7.3344     85.293  35.018259     36.569     10.625   166.7114     1.4767     1.2748     0.0237      0.000     -0.043     -0.062         50 2.9295e+02   997.5916 0.0000e+00
     -0.044    22.8582     7.4731     86.907  35.066645     36.656     10.604   167.3171     1.5263     1.0873     0.0238      0.000     -0.043     -0.062         51 3.0759e+02   997.5915 0.0000e+00
     -0.043    22.8588     7.6253     88.677  34.914288     36.451     10.587   170.8757     1.5187     1.1450     0.0237      0.000     -0.043     -0.062         52 2.8735e+02   997.5913 0.0000e+00
     -0.043    22.8591     7.7587     90.231  34.704116     36.276     10.570   171.4814     1.4958     1.1882     0.0236      0.000     -0.043     -0.062         53 2.6734e+02   997.5911 0.0000e+00
     -0.043    22.8596     7.8561     91.363  34.498499     36.013     10.555   172.0114     1.4882     1.1882     0.0235      0.000     -0.043     -0.061         54 2.9512e+02   997.5909 0.0000e+00
     -0.042    22.8602     7.9164     92.065  34.518269     36.071     10.540   172.3521     1.5035     1.1450     0.0235      0.000     -0.042     -0.061         55 3.0371e+02   997.5909 0.0000e+00
     -0.043    22.8609     7.9400     92.341  34.620247     36.158     10.528   172.0114     1.4920     1.1450     0.0235      0.000     -0.042     -0.061         56 2.8161e+02   997.5908 0.0000e+00
     -0.042    22.8617     7.9421     92.366  34.608643     36.158     10.518   172.5035     1.4996     1.0585     0.0235      0.001     -0.042     -0.061         57 2.7490e+02   997.5907 0.0000e+00
     -0.043    22.8624     7.9294     92.218  34.562342     36.099     10.510   172.3900     1.5111     1.1594     0.0235      0.001     -0.042     -0.061         58 2.8205e+02   997.5905 0.0000e+00
     -0.042    22.8632     7.9084     91.974  34.470446     36.011     10.503   173.1093     1.5683     1.1450     0.0235      0.001     -0.042     -0.060         59 2.9738e+02   997.5903 0.0000e+00
     -0.042    22.8638     7.8854     91.707  34.426689     35.952     10.493   173.2607     1.5759     1.1882     0.0235      0.000     -0.042     -0.060         60 2.9611e+02   997.5901 0.0000e+00
     -0.042    22.8642     7.8736     91.570  34.409373     35.951     10.473   173.4121     1.5874     1.1306     0.0235      0.001     -0.042     -0.060         61 2.9167e+02   997.5899 0.0000e+00
     -0.042    22.8647     7.8593     91.403  34.314202     35.834     10.455   173.7528     1.5607     1.1017     0.0234      0.000     -0.042     -0.060         62 3.0793e+02   997.5898 0.0000e+00
     -0.042    22.8654     7.8350     91.121  34.308074     35.834     10.443   174.1693     1.5035     1.3613     0.0234      0.000     -0.041     -0.060         63 2.9767e+02   997.5896 0.0000e+00
     -0.042    22.8657     7.8029     90.748  34.328106     35.863     10.436   174.8507     1.5111     1.3613     0.0234      0.000     -0.041     -0.060         64 2.9459e+02   997.5895 0.0000e+00
     -0.042    22.8661     7.7687     90.349  34.259641     35.775     10.428   174.2071     1.5187     1.3036     0.0234      0.000     -0.041     -0.059         65 3.0121e+02   997.5893 0.0000e+00
     -0.041    22.8665     7.7257     89.850  34.185858     35.716     10.421   174.2828     1.4882     1.3901     0.0234      0.001     -0.040     -0.059         66 2.8141e+02   997.5892 0.0000e+00
     -0.041    22.8671     7.6902     89.438  34.153245     35.658     10.413   172.8064     1.5721     1.1450     0.0233      0.001     -0.040     -0.059         67 3.0152e+02   997.5891 0.0000e+00
     -0.042    22.8674     7.6499     88.969  34.122437     35.657     10.402   173.4500     1.5950     1.1161     0.0233      0.000     -0.040     -0.059         68 3.2810e+02   997.5890 0.0000e+00
     -0.040    22.8674     7.6118     88.525  34.076041     35.569     10.393   173.5636     1.5569     1.0585     0.0233      0.001     -0.040     -0.058         69 3.0526e+02   997.5888 0.0000e+00
     -0.041    22.8675     7.5723     88.066  34.122090     35.657     10.382   177.6521     1.5607     1.1450     0.0233      0.001     -0.040     -0.058         70 2.9345e+02   997.5888 0.0000e+00
     -0.040    22.8675     7.5406     87.697  34.065130     35.569     10.368   176.8950     1.5912     1.1161     0.0233      0.001     -0.040     -0.058         71 3.0205e+02   997.5888 0.0000e+00
     -0.041    22.8673     7.5047     87.279  34.058034     35.569     10.358   177.0464     1.6904     1.1450     0.0233      0.001     -0.040     -0.058         72 2.8898e+02   997.5887 0.0000e+00
     -0.041    22.8673     7.4719     86.897  34.130921     35.657     10.345   177.3871     1.6827     1.2171     0.0233      0.001     -0.040     -0.058         73 2.8355e+02   997.5888 0.0000e+00
     -0.040    22.8673     7.4341     86.457  34.063317     35.569     10.333   174.9264     1.6866     1.1306     0.0233      0.000     -0.040     -0.057         74 3.2324e+02   997.5888 0.0000e+00
     -0.040    22.8671     7.3955     86.008  34.053273     35.569     10.325   175.5321     1.6751     1.1882     0.0233      0.000     -0.040     -0.057         75 2.9827e+02   997.5888 0.0000e+00
     -0.040    22.8675     7.3620     85.617  34.291578     35.803     10.319   179.7721     1.6675     1.1450     0.0234      0.000     -0.040     -0.057         76 2.6965e+02   997.5889 0.0000e+00
     -0.040    22.8678     7.3220     85.151  34.507536     36.065     10.315   179.9614     1.6827     1.1450     0.0235      0.000     -0.040     -0.057         77 2.9508e+02   997.5890 0.0000e+00
     -0.040    22.8678     7.2866     84.739  34.554937     36.065     10.307   179.7721     1.7056     1.1017     0.0235      0.000     -0.040     -0.057         78 3.2214e+02   997.5889 0.0000e+00
     -0.040    22.8678     7.2474     84.283  34.499273     36.065     10.302   178.7500     1.6980     1.1594     0.0235      0.000     -0.040     -0.057         79 3.2546e+02   997.5888 0.0000e+00
     -0.040    22.8679     7.2141     83.895  34.280492     35.773     10.292   178.5607     1.4691     1.1450     0.0234      0.000     -0.039     -0.057         80 3.0151e+02   997.5887 0.0000e+00
