Data/DataNotYetUploadedToEDI/CTD_2019/060619_fcr50_a.cnv
* Sea-Bird SBE19plus  Data File:
* FileName = C:\DATA\060619_fcr50_2.hex
* Software version 2.8.0.119
* Temperature SN = 7809
* Conductivity SN = 7809
* System UpLoad Time = Jun 06 2019 11:59:46
* <ApplicationData>
* <Seaterm232>
# nquan = 18
# nvalues = 783                         
# units = specified
# name 0 = depFM: Depth [fresh water, m]
# name 1 = tv290C: Temperature [ITS-90, deg C]
# name 2 = sbeox0Mg/L: Oxygen, SBE 43 [mg/l]
# name 3 = sbeox0PS: Oxygen, SBE 43 [% saturation]
# name 4 = c0uS/cm: Conductivity [uS/cm]
# name 5 = specc: Specific Conductance [uS/cm]
# name 6 = ph: pH
# name 7 = orp: Oxidation Reduction Potential [mV]
# name 8 = flECO-AFL: Fluorescence, WET Labs ECO-AFL/FL [mg/m^3]
# name 9 = turbWETntu0: Turbidity, WET Labs ECO [NTU]
# name 10 = sal00: Salinity, Practical [PSU]
# name 11 = dz/dtM: Descent Rate [m/s]
# name 12 = prdM: Pressure, Strain Gauge [db]
# name 13 = prdE: Pressure, Strain Gauge [psi]
# name 14 = scan: Scan Count
# name 15 = par/sat/log: PAR/Logarithmic, Satlantic
# name 16 = density00: Density [density, kg/m^3]
# name 17 = flag:  0.000e+00
# span 0 =     -0.639,      9.570       
# span 1 =     9.5062,    22.8679       
# span 2 =     3.6951,    13.0954       
# span 3 =     32.401,    143.192       
# span 4 =  -0.070603,  85.898618       
# span 5 =      0.455,    122.861       
# span 6 =      6.871,     11.069       
# span 7 = -1240.7455,  1240.2295       
# span 8 =    -0.1522,     6.2719       
# span 9 =    -0.6431,     4.5480       
# span 10 =     0.0111,     0.0574      
# span 11 =     -0.119,      0.247      
# span 12 =     -0.626,      9.384      
# span 13 =     -0.908,     13.611      
# span 14 =          1,        783      
# span 15 = 1.2203e-01, 4.4363e+02      
# span 16 =   997.5815,   999.8314      
# span 17 = 0.0000e+00, 0.0000e+00      
# interval = seconds: 0.25
# start_time = Jun 06 2019 06:36:59 [Instrument's time stamp, header]
# bad_flag = -9.990e-29
*END*
[from data line 403]
      1.922    20.9167    12.6731    140.861  29.090120     31.606      8.746   220.3551     1.5035     1.4478     0.0211      0.065      1.885      2.733        404 7.7909e+01   998.0164 0.0000e+00
      1.939    20.9019    12.7095    141.100  29.087744     31.640      8.747   220.6201     1.4958     1.3036     0.0211      0.064      1.901      2.757        405 7.6471e+01   998.0274 0.0000e+00
      1.954    20.9141    12.7749    141.520  29.138042     31.731      8.750   220.8094     1.5187     1.3469     0.0212      0.064      1.917      2.781        406 7.5141e+01   998.0367 0.0000e+00
      1.974    20.9043    12.8338    141.931  29.146037     31.741      8.747   221.0365     1.4691     1.5776     0.0212      0.066      1.935      2.806        407 7.4155e+01   998.0400 0.0000e+00
      1.991    20.8569    12.8903    142.402  29.107425     31.701      8.746   219.4087     1.4500     1.6497     0.0211      0.067      1.951      2.830        408 7.3338e+01   998.0374 0.0000e+00
      2.005    20.7926    12.9389    142.866  29.037973     31.616      8.742   219.7873     1.4615     1.7218     0.0211      0.067      1.965      2.851        409 7.2865e+01   998.0395 0.0000e+00
      2.018    20.7009    12.9622    143.112  28.906610     31.529      8.739   219.6358     1.4691     1.4910     0.0211      0.065      1.979      2.870        410 7.2402e+01   998.0497 0.0000e+00
      2.032    20.6069    12.9636    143.160  28.796941     31.419      8.739   220.8851     1.4119     1.3469     0.0210      0.063      1.993      2.889        411 7.1928e+01   998.0637 0.0000e+00
      2.045    20.5597    12.9591    143.183  28.759751     31.483      8.742   221.1501     1.3509     1.3613     0.0210      0.061      2.006      2.909        412 7.1822e+01   998.0833 0.0000e+00
      2.059    20.5467    12.9578    143.192  28.745561     31.487      8.741   221.2258     1.3394     1.2459     0.0210      0.059      2.019      2.929        413 7.1498e+01   998.1034 0.0000e+00
      2.073    20.5277    12.9722    143.132  28.696138     31.520      8.742   218.2351     1.3242     1.3757     0.0210      0.057      2.033      2.949        414 7.1301e+01   998.1135 0.0000e+00
      2.086    20.4655    12.9659    142.836  28.643536     31.405      8.741   218.5758     1.3318     1.3469     0.0209      0.054      2.047      2.969        415 7.0927e+01   998.1163 0.0000e+00
      2.103    20.3601    12.9543    142.412  28.574044     31.419      8.739   218.6515     1.2784     1.3613     0.0209      0.054      2.064      2.994        416 6.9877e+01   998.1204 0.0000e+00
      2.127    20.2715    12.9376    141.739  28.397528     31.184      8.741   218.9165     1.2746     1.4045     0.0208      0.057      2.084      3.023        417 6.8684e+01   998.1336 0.0000e+00
      2.147    20.2191    12.9145    141.037  28.418884     31.352      8.735   220.0901     1.2746     1.2748     0.0208      0.062      2.104      3.051        418 6.7836e+01   998.1559 0.0000e+00
      2.162    20.1916    12.8815    140.416  28.458634     31.411      8.735   220.1280     1.2669     1.3469     0.0208      0.065      2.119      3.073        419 6.7150e+01   998.1746 0.0000e+00
      2.172    20.1889    12.8762    140.217  28.436963     31.449      8.737   220.6958     1.3280     1.2027     0.0208      0.066      2.128      3.087        420 6.6698e+01   998.1856 0.0000e+00
      2.175    20.1986    12.9020    140.393  28.475497     31.498      8.735   220.6201     1.3432     1.0729     0.0208      0.063      2.132      3.093        421 6.6438e+01   998.1914 0.0000e+00
      2.176    20.2268    12.9400    140.735  28.440312     31.470      8.735   220.5823     1.3356     1.1450     0.0208      0.056      2.135      3.096        422 6.5939e+01   998.1918 0.0000e+00
      2.180    20.2297    12.9834    141.086  28.510375     31.524      8.735   220.7337     1.3203     1.0585     0.0208      0.047      2.141      3.104        423 6.4883e+01   998.1898 0.0000e+00
      2.193    20.1582    13.0230    141.337  28.477171     31.506      8.738   220.9230     1.2669     1.3036     0.0208      0.039      2.154      3.123        424 6.2940e+01   998.1841 0.0000e+00
      2.217    20.0756    13.0281    141.334  28.333513     31.284      8.737   221.7558     1.2593     1.4045     0.0208      0.035      2.173      3.151        425 6.1193e+01   998.1835 0.0000e+00
      2.237    19.9700    13.0510    141.401  28.274437     31.337      8.736   222.0965     1.2746     1.3324     0.0208      0.037      2.193      3.181        426 6.0010e+01   998.1984 0.0000e+00
      2.254    19.7993    13.0884    141.361  28.106368     31.145      8.736   222.6265     1.3013     1.4334     0.0206      0.043      2.211      3.206        427 5.8925e+01   998.2157 0.0000e+00
      2.270    19.6408    13.0954    140.989  28.009494     31.156      8.739   223.0808     1.3814     1.3324     0.0206      0.052      2.227      3.230        428 5.7908e+01   998.2375 0.0000e+00
      2.287    19.5474    13.0931    140.408  27.980321     31.214      8.738   223.4973     1.3928     1.3613     0.0206      0.060      2.242      3.251        429 5.7019e+01   998.2726 0.0000e+00
      2.301    19.4961    13.0822    139.717  27.964997     31.325      8.738   224.0273     1.4043     1.3036     0.0206      0.066      2.255      3.271        430 5.6531e+01   998.3050 0.0000e+00
      2.312    19.4593    13.0731    139.142  28.028622     31.453      8.738   224.4437     1.4157     1.4045     0.0206      0.067      2.267      3.287        431 5.6147e+01   998.3239 0.0000e+00
      2.322    19.4336    13.0365    138.518  27.960424     31.426      8.737   225.9201     1.3890     1.3469     0.0206      0.063      2.277      3.301        432 5.6066e+01   998.3342 0.0000e+00
      2.329    19.3894    12.9889    137.900  27.901778     31.358      8.736   226.6773     1.4119     1.1017     0.0205      0.055      2.287      3.317        433 5.5658e+01   998.3416 0.0000e+00
      2.346    19.3299    12.9541    137.422  27.805397     31.313      8.734   224.0651     1.4043     1.1882     0.0205      0.052      2.302      3.339        434 5.4877e+01   998.3468 0.0000e+00
      2.369    19.3070    12.9353    137.022  27.754537     31.218      8.733   225.4280     1.3852     1.1161     0.0205      0.052      2.321      3.366        435 5.4649e+01   998.3557 0.0000e+00
      2.384    19.2398    12.9359    136.821  27.846600     31.451      8.732   225.5037     1.4157     1.1594     0.0205      0.053      2.340      3.393        436 5.4223e+01   998.3677 0.0000e+00
      2.406    19.0905    12.9622    136.733  27.690845     31.213      8.732   226.2230     1.4386     1.0873     0.0204      0.056      2.360      3.423        437 5.3697e+01   998.3724 0.0000e+00
      2.429    18.9271    12.9845    136.564  27.533678     31.132      8.731   227.8508     1.4653     1.0729     0.0204      0.063      2.381      3.454        438 5.3687e+01   998.3857 0.0000e+00
      2.450    18.7373    12.9773    136.130  27.420155     31.084      8.729   228.4187     1.4462     1.1017     0.0203      0.070      2.402      3.484        439 5.3472e+01   998.4153 0.0000e+00
      2.470    18.5319    12.9513    135.623  27.358222     31.132      8.729   228.8351     1.4195     1.1161     0.0203      0.076      2.422      3.513        440 5.2903e+01   998.4473 0.0000e+00
      2.491    18.3686    12.9168    135.142  27.314601     31.239      8.732   225.3523     1.6904     1.0873     0.0202      0.080      2.441      3.541        441 5.2502e+01   998.4842 0.0000e+00
      2.508    18.2807    12.8817    134.781  27.207919     31.223      8.731   226.2987     1.6751     1.0296     0.0202      0.080      2.459      3.567        442 5.2129e+01   998.5237 0.0000e+00
      2.525    18.2443    12.8689    134.695  27.224464     31.409      8.727   226.7908     1.7285     1.0585     0.0202      0.079      2.476      3.591        443 5.1509e+01   998.5548 0.0000e+00
      2.541    18.2004    12.8941    134.834  27.205203     31.405      8.730   228.6459     1.7285     1.0873     0.0202      0.077      2.492      3.614        444 5.0992e+01   998.5715 0.0000e+00
      2.556    18.1352    12.9656    135.160  27.172680     31.434      8.730   229.2137     1.7552     1.1161     0.0202      0.074      2.508      3.637        445 5.0361e+01   998.5784 0.0000e+00
      2.574    18.0548    12.9648    134.867  27.146473     31.397      8.730   229.2137     1.7705     1.2315     0.0201      0.070      2.524      3.661        446 4.9435e+01   998.5866 0.0000e+00
      2.592    17.9297    12.9613    134.652  27.089729     31.417      8.728   229.2894     1.7323     1.1306     0.0201      0.068      2.541      3.686        447 4.8728e+01   998.5988 0.0000e+00
      2.609    17.7829    12.9512    134.368  27.035971     31.374      8.727   229.9709     1.7552     1.1306     0.0201      0.067      2.558      3.710        448 4.8007e+01   998.6139 0.0000e+00
      2.626    17.6591    12.9283    133.926  27.006056     31.469      8.728   230.5387     1.9002     1.1306     0.0201      0.066      2.575      3.735        449 4.7060e+01   998.6371 0.0000e+00
      2.643    17.5727    12.9357    133.594  26.949275     31.477      8.732   231.0309     1.9460     0.9864     0.0200      0.066      2.591      3.759        450 4.6304e+01   998.6640 0.0000e+00
      2.660    17.5325    12.9113    132.936  26.928958     31.571      8.728   231.8637     1.9383     1.2171     0.0200      0.067      2.606      3.780        451 4.5960e+01   998.6866 0.0000e+00
      2.669    17.5318    12.8717    132.203  26.942521     31.633      8.727   232.2801     1.9345     1.0873     0.0200      0.065      2.617      3.795        452 4.5922e+01   998.7023 0.0000e+00
      2.675    17.5507    12.8138    131.438  26.932426     31.665      8.729   233.0373     1.9383     1.1450     0.0200      0.061      2.626      3.809        453 4.5659e+01   998.7096 0.0000e+00
      2.691    17.5005    12.7472    130.719  26.971157     31.696      8.729   232.2423     2.1787     1.0440     0.0200      0.057      2.641      3.830        454 4.5203e+01   998.7098 0.0000e+00
      2.713    17.3585    12.6778    129.926  26.923947     31.650      8.729   233.4159     2.2054     1.0152     0.0200      0.056      2.659      3.857        455 4.4882e+01   998.7064 0.0000e+00
      2.731    17.2529    12.5997    128.929  26.783833     31.486      8.727   233.7944     2.2168     1.1161     0.0199      0.056      2.678      3.884        456 4.4616e+01   998.7155 0.0000e+00
      2.749    17.1891    12.5367    127.930  26.760471     31.598      8.727   234.2109     2.1863     1.1161     0.0199      0.058      2.696      3.910        457 4.4357e+01   998.7410 0.0000e+00
      2.767    17.1272    12.4721    126.905  26.775334     31.674      8.725   234.6652     2.2397     1.0440     0.0199      0.060      2.713      3.935        458 4.4138e+01   998.7597 0.0000e+00
      2.783    17.0491    12.4069    125.913  26.765376     31.722      8.724   235.1194     2.2550     1.1882     0.0199      0.064      2.730      3.960        459 4.3959e+01   998.7711 0.0000e+00
      2.802    16.9080    12.3463    125.024  26.713650     31.704      8.725   235.9902     2.2511     1.1882     0.0199      0.068      2.748      3.986        460 4.3614e+01   998.7820 0.0000e+00
      2.822    16.7599    12.2803    124.150  26.632385     31.660      8.724   233.3402     2.2550     1.1161     0.0198      0.072      2.767      4.013        461 4.3231e+01   998.7958 0.0000e+00
      2.841    16.6443    12.2131    123.411  26.540712     31.670      8.721   234.7030     2.4343     1.3036     0.0198      0.072      2.785      4.039        462 4.2862e+01   998.8203 0.0000e+00
      2.857    16.5830    12.1363    122.617  26.472334     31.681      8.722   235.4223     2.4419     1.2171     0.0197      0.071      2.802      4.064        463 4.2392e+01   998.8458 0.0000e+00
      2.874    16.5673    12.0978    122.015  26.539809     31.870      8.723   235.6494     2.4190     1.2459     0.0198      0.071      2.818      4.086        464 4.1984e+01   998.8657 0.0000e+00
      2.887    16.5389    12.0723    121.479  26.604885     31.985      8.722   236.9366     2.4304     1.5055     0.0198      0.069      2.831      4.106        465 4.1529e+01   998.8761 0.0000e+00
      2.900    16.4640    12.0404    120.877  26.539475     31.928      8.724   237.0880     2.3770     1.4334     0.0198      0.067      2.843      4.124        466 4.0951e+01   998.8788 0.0000e+00
      2.912    16.3363    12.0097    120.259  26.473117     31.850      8.725   237.0123     2.3732     1.2748     0.0197      0.063      2.857      4.144        467 4.0262e+01   998.8837 0.0000e+00
      2.929    16.1985    11.9752    119.657  26.391272     31.838      8.726   234.8923     2.3656     1.4189     0.0197      0.060      2.873      4.167        468 3.9302e+01   998.8963 0.0000e+00
      2.948    16.0769    11.9201    118.993  26.197051     31.669      8.723   235.6116     2.3808     1.3324     0.0196      0.059      2.890      4.192        469 3.8525e+01   998.9177 0.0000e+00
      2.964    15.9726    11.8711    118.467  26.063219     31.638      8.723   235.9523     2.4075     1.3469     0.0195      0.059      2.906      4.215        470 3.7974e+01   998.9405 0.0000e+00
      2.979    15.8958    11.8058    117.639  25.995088     31.631      8.724   236.5580     2.3541     1.3469     0.0195      0.059      2.922      4.238        471 3.7272e+01   998.9605 0.0000e+00
      2.997    15.8734    11.7535    116.957  25.985682     31.711      8.721   236.8230     2.3885     1.2315     0.0195      0.061      2.939      4.263        472 3.6577e+01   998.9775 0.0000e+00
      3.016    15.8621    11.6959    116.160  26.074961     31.874      8.726   236.6716     2.3808     1.4045     0.0195      0.064      2.956      4.288        473 3.6067e+01   998.9901 0.0000e+00
      3.031    15.7840    11.6395    115.346  26.120966     31.959      8.723   236.8230     2.3770     1.3180     0.0195      0.066      2.972      4.311        474 3.5684e+01   998.9938 0.0000e+00
      3.046    15.6759    11.5785    114.513  25.987681     31.795      8.722   238.5266     2.3198     1.1450     0.0195      0.066      2.988      4.334        475 3.5349e+01   998.9956 0.0000e+00
      3.064    15.5660    11.5197    113.747  25.826164     31.653      8.721   238.9809     2.3007     1.0873     0.0194      0.066      3.007      4.361        476 3.4905e+01   999.0082 0.0000e+00
      3.088    15.4475    11.4570    112.996  25.699981     31.599      8.724   239.5487     2.3122     1.2748     0.0193      0.067      3.028      4.391        477 3.4457e+01   999.0255 0.0000e+00
      3.109    15.3468    11.4053    112.463  25.611597     31.547      8.721   239.1323     2.3084     1.1738     0.0192      0.070      3.048      4.420        478 3.4190e+01   999.0429 0.0000e+00
      3.125    15.3053    11.3906    112.185  25.640000     31.709      8.723   239.6245     2.1787     1.0873     0.0193      0.072      3.066      4.447        479 3.3925e+01   999.0616 0.0000e+00
      3.146    15.2837    11.3811    111.812  25.664674     31.788      8.724   239.8516     2.1901     1.0873     0.0193      0.073      3.085      4.474        480 3.3653e+01   999.0773 0.0000e+00
      3.166    15.2215    11.3889    111.605  25.640162     31.823      8.721   239.9273     2.2054     1.1450     0.0193      0.075      3.103      4.500        481 3.3656e+01   999.0839 0.0000e+00
      3.179    15.1520    11.3743    111.242  25.552044     31.696      8.721   240.9116     2.2054     1.1450     0.0192      0.075      3.117      4.521        482 3.3875e+01   999.0873 0.0000e+00
