Data/DataNotYetUploadedToEDI/CTD_2019/061019_fcr50_a.cnv
* Sea-Bird SBE19plus  Data File:
* FileName = C:\DATA\061019_fcr_0001.hex
* Software version 2.8.0.119
* Temperature SN = 7809
* Conductivity SN = 7809
* System UpLoad Time = Jun 10 2019 13:28:06
* <ApplicationData>
* <Seaterm232>
# nquan = 18
# nvalues = 1020                        
# units = specified
# name 0 = depFM: Depth [fresh water, m]
# name 1 = tv290C: Temperature [ITS-90, deg C]
# name 2 = sbeox0Mg/L: Oxygen, SBE 43 [mg/l]
# name 3 = sbeox0PS: Oxygen, SBE 43 [% saturation]
# name 4 = c0uS/cm: Conductivity [uS/cm]
# name 5 = specc: Specific Conductance [uS/cm]
# name 6 = ph: pH
# name 7 = orp: Oxidation Reduction Potential [mV]
# name 8 = flECO-AFL: Fluorescence, WET Labs ECO-AFL/FL [mg/m^3]
# name 9 = turbWETntu0: Turbidity, WET Labs ECO [NTU]
# name 10 = sal00: Salinity, Practical [PSU]
# name 11 = dz/dtM: Descent Rate [m/s]
# name 12 = prdM: Pressure, Strain Gauge [db]
# name 13 = prdE: Pressure, Strain Gauge [psi]
# name 14 = scan: Scan Count
# name 15 = par/sat/log: PAR/Logarithmic, Satlantic
# name 16 = density00: Density [density, kg/m^3]
# name 17 = flag:  0.000e+00
# span 0 =     -0.599,      9.633       
# span 1 =     9.8525,    21.6194       
# span 2 =     5.2569,    12.5116       
# span 3 =     46.637,    131.959       
# span 4 =   1.033152,  38.778856       
# span 5 =      1.317,     42.046       
# span 6 =      7.806,     10.719       
# span 7 =  -506.3527,   312.4997       
# span 8 =    -0.1712,     3.5329       
# span 9 =    -0.6287,   918.4157       
# span 10 =     0.0100,     0.0254      
# span 11 =     -0.061,      0.168      
# span 12 =     -0.587,      9.446      
# span 13 =     -0.851,     13.701      
# span 14 =          1,       1020      
# span 15 = 1.2244e-01, 1.6169e+02      
# span 16 =   997.8739,   999.7741      
# span 17 = 0.0000e+00, 0.0000e+00      
# interval = seconds: 0.25
# start_time = Jun 10 2019 09:59:09 [Instrument's time stamp, header]
# bad_flag = -9.990e-29
*END*
     -0.597    20.0924     8.8631     97.663   1.562005      1.719      7.845   288.4225    -0.1483    -0.5566     0.0101 -2.105e-16     -0.585     -0.849          1 1.6082e+02   998.1912 0.0000e+00
     -0.598    20.0923     8.8647     97.680   1.531241      1.719      7.845   278.3903    -0.1369    -0.5566     0.0101     -0.000     -0.586     -0.850          2 1.5788e+02   998.1913 0.0000e+00
     -0.598    20.0923     8.8636     97.668   1.344768      1.472      7.844   270.9324    -0.1331    -0.5277     0.0100     -0.000     -0.586     -0.850          3 1.5595e+02   998.1912 0.0000e+00
     -0.597    20.0923     8.8661     97.695   1.498234      1.657      7.846   261.7709    -0.1331    -0.5566     0.0101     -0.000     -0.586     -0.850          4 1.5611e+02   998.1913 0.0000e+00
     -0.598    20.0922     8.8591     97.617   1.636091      1.843      7.845   252.2688    -0.1407    -0.4989     0.0101     -0.000     -0.586     -0.850          5 1.5612e+02   998.1913 0.0000e+00
     -0.598    20.0924     8.8627     97.657   1.587377      1.719      7.844   242.4637    -0.1026    -0.4845     0.0101     -0.000     -0.586     -0.850          6 1.5677e+02   998.1913 0.0000e+00
     -0.597    20.0923     8.8578     97.602   1.558856      1.781      7.844   234.6652    -0.1140    -0.4556     0.0101     -0.000     -0.586     -0.849          7 1.6169e+02   998.1913 0.0000e+00
     -0.597    20.0922     8.8617     97.646   1.434916      1.533      7.844   226.8666    -0.1369    -0.5421     0.0100     -0.000     -0.586     -0.849          8 1.5958e+02   998.1912 0.0000e+00
     -0.598    20.0921     8.8623     97.652   1.504952      1.719      7.847   216.3801    -0.1331    -0.5421     0.0101     -0.000     -0.586     -0.849          9 1.4957e+02   998.1913 0.0000e+00
     -0.597    20.0920     8.8603     97.630   1.590030      1.719      7.846   208.2029    -0.1064    -0.4124     0.0101      0.000     -0.586     -0.849         10 1.3875e+02   998.1913 0.0000e+00
     -0.598    20.0919     8.8666     97.699   1.624872      1.843      7.849   198.3979    -0.1254    -0.4556     0.0101     -0.000     -0.586     -0.850         11 1.4106e+02   998.1913 0.0000e+00
     -0.598    20.0918     8.8638     97.669   1.520760      1.657      7.845   184.9586    -0.1369    -0.4845     0.0101     -0.000     -0.586     -0.850         12 1.4455e+02   998.1913 0.0000e+00
     -0.598    20.0917     8.8652     97.683   1.423760      1.595      7.847   168.9828    -0.1369    -0.5998     0.0100     -0.000     -0.586     -0.850         13 1.3081e+02   998.1914 0.0000e+00
     -0.598    20.0915     8.8657     97.690   1.568085      1.719      7.848   156.8685    -0.1407    -0.4845     0.0101     -0.000     -0.586     -0.850         14 1.3485e+02   998.1914 0.0000e+00
     -0.597    20.0914     8.8662     97.694   1.784906      1.997      7.846   147.8963    -0.1331    -0.4845     0.0101     -0.000     -0.586     -0.850         15 1.4611e+02   998.1915 0.0000e+00
     -0.598    20.0913     8.8651     97.683   1.597686      1.781      7.846   140.4006    -0.1369    -0.3691     0.0101     -0.000     -0.586     -0.850         16 1.4949e+02   998.1914 0.0000e+00
     -0.598    20.0913     8.8607     97.634   1.416489      1.533      7.845   133.5484    -0.1483    -0.3547     0.0100     -0.000     -0.586     -0.850         17 1.4973e+02   998.1914 0.0000e+00
     -0.597    20.0913     8.8639     97.669   1.625816      1.843      7.846   121.6991    -0.1598    -0.2393     0.0101      0.000     -0.586     -0.850         18 1.4052e+02   998.1915 0.0000e+00
     -0.598    20.0912     8.8607     97.634   1.455517      1.595      7.846   113.5977    -0.1178    -0.1816     0.0100      0.000     -0.586     -0.850         19 1.4004e+02   998.1915 0.0000e+00
     -0.597    20.0912     8.8671     97.704   1.391754      1.533      7.845   106.2912    -0.1254    -0.1816     0.0100      0.000     -0.586     -0.850         20 1.2845e+02   998.1915 0.0000e+00
     -0.598    20.0911     8.8630     97.659   1.409331      1.595      7.843   100.0448    -0.1102    -0.4700     0.0100      0.000     -0.586     -0.850         21 1.1282e+02   998.1915 0.0000e+00
     -0.598    20.0910     8.8645     97.675   1.226560      1.317      7.843    94.0633    -0.1254    -0.5277     0.0100      0.000     -0.586     -0.850         22 1.2147e+02   998.1914 0.0000e+00
     -0.598    20.0910     8.8649     97.679   1.589628      1.781      7.843    85.9997    -0.1293    -0.4412     0.0101     -0.000     -0.586     -0.850         23 1.2023e+02   998.1915 0.0000e+00
     -0.598    20.0910     8.8664     97.695   1.785837      1.997      7.846    79.4883    -0.1216    -0.6287     0.0101     -0.000     -0.586     -0.850         24 1.1772e+02   998.1916 0.0000e+00
     -0.598    20.0908     8.8641     97.670   1.633219      1.781      7.845    72.9011    -0.1140    -0.4989     0.0101     -0.000     -0.586     -0.850         25 1.2471e+02   998.1916 0.0000e+00
     -0.598    20.0909     8.8646     97.675   1.572471      1.781      7.844    66.5790    -0.1483    -0.4845     0.0101     -0.000     -0.586     -0.850         26 1.3264e+02   998.1916 0.0000e+00
     -0.598    20.0910     8.8625     97.652   1.358515      1.472      7.843    59.0454    -0.1216    -0.4845     0.0100     -0.000     -0.586     -0.850         27 1.3836e+02   998.1916 0.0000e+00
     -0.598    20.0908     8.8628     97.656   1.366983      1.533      7.843    53.1396    -0.1598    -0.4989     0.0100     -0.000     -0.586     -0.850         28 1.4190e+02   998.1915 0.0000e+00
     -0.598    20.0909     8.8637     97.665   1.502767      1.657      7.843    45.7575    -0.1216    -0.5421     0.0101     -0.000     -0.586     -0.850         29 1.4238e+02   998.1915 0.0000e+00
     -0.598    20.0907     8.8641     97.669   1.544534      1.719      7.841    38.4510    -0.1407    -0.1528     0.0101      0.000     -0.586     -0.850         30 1.3476e+02   998.1916 0.0000e+00
     -0.598    20.0904     8.8614     97.640   1.492505      1.657      7.841    30.7660    -0.1560    -0.3403     0.0101      0.000     -0.586     -0.850         31 1.3161e+02   998.1916 0.0000e+00
     -0.598    20.0904     8.8618     97.645   1.449182      1.595      7.841    22.7403    -0.1293    -0.3114     0.0100      0.000     -0.586     -0.850         32 1.3047e+02   998.1916 0.0000e+00
     -0.598    20.0902     8.8637     97.665   1.480113      1.657      7.842    15.5852    -0.1102    -0.2826     0.0101      0.000     -0.586     -0.850         33 1.2780e+02   998.1917 0.0000e+00
     -0.599    20.0900     8.8596     97.620   1.513178      1.657      7.846     5.4395    -0.1178    -0.5710     0.0101     -0.000     -0.586     -0.850         34 1.2772e+02   998.1917 0.0000e+00
     -0.598    20.0899     8.8593     97.617   1.644703      1.843      7.844    -3.7977    -0.1254    -0.4845     0.0101     -0.000     -0.586     -0.850         35 1.2954e+02   998.1917 0.0000e+00
     -0.598    20.0900     8.8634     97.663   1.612270      1.781      7.845    -3.6084    -0.1102    -0.4845     0.0101     -0.000     -0.586     -0.850         36 1.2791e+02   998.1917 0.0000e+00
     -0.597    20.0899     8.8657     97.687   1.553540      1.719      7.842   -10.7256    -0.1102    -0.4845     0.0101      0.000     -0.586     -0.850         37 1.2618e+02   998.1918 0.0000e+00
     -0.598    20.0900     8.8700     97.735   1.540289      1.719      7.844   -17.8427    -0.1369    -0.5277     0.0101      0.000     -0.586     -0.850         38 1.2546e+02   998.1917 0.0000e+00
     -0.598    20.0901     8.8655     97.685   1.451258      1.595      7.843   -24.1649    -0.1483    -0.6142     0.0100      0.000     -0.586     -0.850         39 1.1555e+02   998.1917 0.0000e+00
     -0.598    20.0899     8.8670     97.702   1.486837      1.657      7.843   -30.3356    -0.1140    -0.3979     0.0101      0.000     -0.586     -0.850         40 1.0554e+02   998.1918 0.0000e+00
     -0.598    20.0900     8.8648     97.678   1.496014      1.657      7.843   -35.5599    -0.1216    -0.4700     0.0101      0.000     -0.586     -0.850         41 9.7868e+01   998.1917 0.0000e+00
     -0.598    20.0901     8.8639     97.667   1.558171      1.719      7.843   -44.1156    -0.1178    -0.4845     0.0101      0.000     -0.586     -0.850         42 8.6582e+01   998.1918 0.0000e+00
     -0.598    20.0901     8.8667     97.699   1.586983      1.781      7.841   -49.7942    -0.1598    -0.5277     0.0101     -0.000     -0.586     -0.850         43 8.0928e+01   998.1917 0.0000e+00
     -0.598    20.0900     8.8656     97.686   1.519325      1.657      7.843   -57.3278    -0.1560    -0.5854     0.0101     -0.000     -0.586     -0.850         44 7.3750e+01   998.1917 0.0000e+00
     -0.598    20.0900     8.8643     97.671   1.583204      1.781      7.843   -64.2557    -0.0987    -0.4412     0.0101     -0.000     -0.586     -0.850         45 7.5197e+01   998.1917 0.0000e+00
     -0.598    20.0899     8.8611     97.636   1.507487      1.657      7.843   -71.9029    -0.1522    -0.5710     0.0101     -0.000     -0.586     -0.850         46 8.2229e+01   998.1917 0.0000e+00
     -0.598    20.0900     8.8647     97.675   1.495219      1.657      7.842   -78.6415    -0.1369    -0.4989     0.0101      0.000     -0.586     -0.850         47 8.3203e+01   998.1917 0.0000e+00
     -0.598    20.0901     8.8637     97.664   1.480136      1.657      7.843   -85.0015    -0.1293    -0.4556     0.0101      0.000     -0.586     -0.850         48 7.8050e+01   998.1917 0.0000e+00
     -0.598    20.0899     8.8617     97.642   1.407924      1.533      7.845   -95.6394    -0.1178    -0.5133     0.0100     -0.000     -0.586     -0.850         49 6.9024e+01   998.1917 0.0000e+00
     -0.598    20.0901     8.8612     97.637   1.525920      1.719      7.842  -101.8480    -0.1331    -0.5854     0.0101      0.000     -0.586     -0.850         50 7.2494e+01   998.1917 0.0000e+00
     -0.598    20.0902     8.8611     97.636   1.510792      1.657      7.842  -107.6780    -0.1407    -0.4845     0.0101 6.2574e-07     -0.587     -0.851         51 7.7306e+01   998.1918 0.0000e+00
     -0.598    20.0901     8.8662     97.691   1.485917      1.657      7.846  -113.0916    -0.1331    -0.4268     0.0101     -0.000     -0.587     -0.851         52 8.7312e+01   998.1917 0.0000e+00
     -0.598    20.0902     8.8651     97.680   1.438544      1.595      7.843  -120.4737    -0.1522    -0.5277     0.0100      0.000     -0.587     -0.851         53 1.0046e+02   998.1917 0.0000e+00
     -0.598    20.0898     8.8635     97.662   1.451413      1.595      7.841  -126.5687    -0.1254    -0.5710     0.0100     -0.000     -0.587     -0.851         54 1.0721e+02   998.1917 0.0000e+00
     -0.598    20.0896     8.8653     97.682   1.647403      1.843      7.841  -133.5723    -0.1254    -0.2105     0.0101     -0.000     -0.587     -0.851         55 1.1787e+02   998.1917 0.0000e+00
     -0.598    20.0898     8.8670     97.700   1.490473      1.657      7.841  -147.3145    -0.1483    -0.3114     0.0101     -0.000     -0.586     -0.850         56 1.2335e+02   998.1918 0.0000e+00
     -0.598    20.0896     8.8681     97.713   1.321292      1.441      7.843  -147.2388    -0.1178    -0.2682     0.0100      0.000     -0.586     -0.850         57 1.2454e+02   998.1918 0.0000e+00
     -0.598    20.0894     8.8639     97.667   1.414195      1.595      7.840  -201.6397    -0.1483    -0.3403     0.0100     -0.000     -0.587     -0.850         58 1.2917e+02   998.1918 0.0000e+00
     -0.598    20.0895     8.8617     97.643   1.404440      1.533      7.844  -169.0446    -0.1064    -0.2249     0.0100      0.000     -0.587     -0.850         59 1.3242e+02   998.1918 0.0000e+00
     -0.597    20.0895     8.8620     97.646   1.422181      1.595      7.837  -154.9238    -0.1445    -0.2537     0.0100      0.000     -0.586     -0.850         60 1.3433e+02   998.1919 0.0000e+00
     -0.598    20.0894     8.8640     97.668   1.510450      1.657      7.842  -169.9153    -0.1407    -0.3258     0.0101      0.000     -0.586     -0.850         61 1.3341e+02   998.1918 0.0000e+00
     -0.598    20.0893     8.8657     97.687   1.472091      1.657      7.845  -193.6139    -0.1407    -0.3114     0.0101      0.000     -0.586     -0.850         62 1.2936e+02   998.1918 0.0000e+00
     -0.598    20.0893     8.8659     97.690   1.410751      1.533      7.845  -195.8854    -0.1026    -0.3691     0.0100      0.000     -0.586     -0.850         63 1.2444e+02   998.1919 0.0000e+00
     -0.598    20.0894     8.8642     97.671   1.586788      1.781      7.845  -202.2832    -0.1407    -0.4556     0.0101      0.000     -0.586     -0.850         64 1.2258e+02   998.1919 0.0000e+00
     -0.598    20.0892     8.8648     97.679   1.608017      1.781      7.845  -207.9618    -0.1140    -0.5566     0.0101      0.000     -0.586     -0.850         65 1.2503e+02   998.1919 0.0000e+00
     -0.598    20.0892     8.8692     97.727   1.502665      1.657      7.843  -214.1704    -0.1140    -0.5133     0.0101      0.000     -0.586     -0.850         66 1.2328e+02   998.1919 0.0000e+00
     -0.597    20.0894     8.8622     97.650   1.481230      1.657      7.845  -220.3033    -0.1254    -0.4845     0.0101      0.000     -0.586     -0.849         67 1.1964e+02   998.1919 0.0000e+00
     -0.597    20.0895     8.8619     97.647   1.516359      1.657      7.844  -232.6448    -0.1483    -0.5421     0.0101      0.000     -0.586     -0.849         68 1.1916e+02   998.1919 0.0000e+00
     -0.598    20.0896     8.8654     97.686   1.518115      1.719      7.841  -232.2283    -0.1254    -0.4700     0.0101      0.000     -0.586     -0.849         69 1.1975e+02   998.1919 0.0000e+00
     -0.597    20.0898     8.8697     97.734   1.419878      1.533      7.841  -239.1184    -0.1293    -0.3979     0.0100      0.000     -0.586     -0.849         70 1.1958e+02   998.1918 0.0000e+00
     -0.597    20.0900     8.8644     97.677   1.461112      1.657      7.842  -246.1219    -0.1216    -0.5277     0.0101      0.000     -0.586     -0.849         71 1.1794e+02   998.1918 0.0000e+00
     -0.597    20.0903     8.8666     97.701   1.466799      1.595      7.841  -252.6712    -0.0987    -0.4412     0.0100      0.000     -0.586     -0.849         72 1.1733e+02   998.1918 0.0000e+00
     -0.597    20.0905     8.8617     97.647   1.471968      1.657      7.842  -260.8863    -0.1407    -0.4556     0.0101      0.000     -0.586     -0.849         73 1.2086e+02   998.1917 0.0000e+00
     -0.598    20.0904     8.8659     97.693   1.454679      1.595      7.842  -269.4042    -0.1407    -0.5421     0.0100     -0.000     -0.586     -0.849         74 1.1804e+02   998.1917 0.0000e+00
     -0.597    20.0904     8.8667     97.702   1.429146      1.595      7.843  -276.5592    -0.1178    -0.5277     0.0100      0.000     -0.586     -0.849         75 1.0845e+02   998.1916 0.0000e+00
     -0.597    20.0906     8.8628     97.659   1.444576      1.595      7.840  -283.8278    -0.1483    -0.4124     0.0100      0.000     -0.586     -0.849         76 1.0756e+02   998.1917 0.0000e+00
     -0.597    20.0906     8.8636     97.668   1.494644      1.657      7.841  -289.5821    -0.1369    -0.4845     0.0101      0.000     -0.586     -0.849         77 1.0078e+02   998.1916 0.0000e+00
     -0.598    20.0909     8.8641     97.675   1.485172      1.657      7.840  -295.2985    -0.1293    -0.4268     0.0101     -0.000     -0.586     -0.849         78 8.3968e+01   998.1916 0.0000e+00
     -0.597    20.0911     8.8635     97.669   1.456364      1.595      7.840  -301.3935    -0.1064    -0.4845     0.0100     -0.000     -0.585     -0.849         79 7.4439e+01   998.1916 0.0000e+00
     -0.597    20.0911     8.8640     97.675   1.471329      1.657      7.839  -307.9807    -0.1522    -0.5854     0.0101      0.000     -0.585     -0.849         80 6.7928e+01   998.1915 0.0000e+00
