Data/DataNotYetUploadedToEDI/CTD_2019/061019_fcr50_a.cnv
* Sea-Bird SBE19plus  Data File:
* FileName = C:\DATA\061019_fcr_0001.hex
* Software version 2.8.0.119
* Temperature SN = 7809
* Conductivity SN = 7809
* System UpLoad Time = Jun 10 2019 13:28:06
* <ApplicationData>
* <Seaterm232>
# nquan = 18
# nvalues = 1020                        
# units = specified
# name 0 = depFM: Depth [fresh water, m]
# name 1 = tv290C: Temperature [ITS-90, deg C]
# name 2 = sbeox0Mg/L: Oxygen, SBE 43 [mg/l]
# name 3 = sbeox0PS: Oxygen, SBE 43 [% saturation]
# name 4 = c0uS/cm: Conductivity [uS/cm]
# name 5 = specc: Specific Conductance [uS/cm]
# name 6 = ph: pH
# name 7 = orp: Oxidation Reduction Potential [mV]
# name 8 = flECO-AFL: Fluorescence, WET Labs ECO-AFL/FL [mg/m^3]
# name 9 = turbWETntu0: Turbidity, WET Labs ECO [NTU]
# name 10 = sal00: Salinity, Practical [PSU]
# name 11 = dz/dtM: Descent Rate [m/s]
# name 12 = prdM: Pressure, Strain Gauge [db]
# name 13 = prdE: Pressure, Strain Gauge [psi]
# name 14 = scan: Scan Count
# name 15 = par/sat/log: PAR/Logarithmic, Satlantic
# name 16 = density00: Density [density, kg/m^3]
# name 17 = flag:  0.000e+00
# span 0 =     -0.599,      9.633       
# span 1 =     9.8525,    21.6194       
# span 2 =     5.2569,    12.5116       
# span 3 =     46.637,    131.959       
# span 4 =   1.033152,  38.778856       
# span 5 =      1.317,     42.046       
# span 6 =      7.806,     10.719       
# span 7 =  -506.3527,   312.4997       
# span 8 =    -0.1712,     3.5329       
# span 9 =    -0.6287,   918.4157       
# span 10 =     0.0100,     0.0254      
# span 11 =     -0.061,      0.168      
# span 12 =     -0.587,      9.446      
# span 13 =     -0.851,     13.701      
# span 14 =          1,       1020      
# span 15 = 1.2244e-01, 1.6169e+02      
# span 16 =   997.8739,   999.7741      
# span 17 = 0.0000e+00, 0.0000e+00      
# interval = seconds: 0.25
# start_time = Jun 10 2019 09:59:09 [Instrument's time stamp, header]
# bad_flag = -9.990e-29
*END*
[from data line 483]
      0.010    21.6186     8.7251     99.058  30.608824     32.840      8.804   269.5695     2.8043     1.3324     0.0218      0.010      0.009      0.013        484 9.3926e+01   997.8746 0.0000e+00
      0.017    21.6188     8.7302     99.110  30.575060     32.780      8.800   269.3803     2.7967     1.3757     0.0218      0.013      0.019      0.027        485 9.4616e+01   997.8745 0.0000e+00
      0.031    21.6186     8.7311     99.114  30.561307     32.779      8.803   269.1153     2.7967     1.4045     0.0218      0.018      0.032      0.046        486 8.8675e+01   997.8745 0.0000e+00
      0.048    21.6182     8.7330     99.132  30.566687     32.779      8.802   268.8881     2.7852     1.3180     0.0218      0.026      0.047      0.068        487 8.9504e+01   997.8745 0.0000e+00
      0.064    21.6183     8.7292     99.087  30.568364     32.779      8.791   269.0395     2.6746     1.0729     0.0218      0.034      0.061      0.088        488 9.0080e+01   997.8746 0.0000e+00
      0.074    21.6185     8.7194     98.978  30.618473     32.839      8.774   269.0017     2.7013     1.0873     0.0218      0.042      0.071      0.103        489 8.6967e+01   997.8748 0.0000e+00
      0.078    21.6180     8.7144     98.923  30.622834     32.839      8.756   269.1153     2.6822     1.1882     0.0218      0.046      0.078      0.113        490 8.5984e+01   997.8748 0.0000e+00
      0.086    21.6174     8.7081     98.852  30.562938     32.779      8.743   268.7745     2.6555     1.0729     0.0218      0.045      0.085      0.123        491 8.7932e+01   997.8747 0.0000e+00
      0.094    21.6169     8.7112     98.888  30.574508     32.780      8.733   269.0017     2.7814     1.4766     0.0218      0.043      0.095      0.137        492 8.6588e+01   997.8749 0.0000e+00
      0.110    21.6158     8.7063     98.831  30.608436     32.840      8.729   267.2981     2.7700     1.2171     0.0218      0.042      0.109      0.157        493 8.6302e+01   997.8751 0.0000e+00
      0.128    21.6131     8.7245     99.037  30.520716     32.721      8.719   267.5631     2.8119     1.3324     0.0218      0.042      0.124      0.181        494 8.6203e+01   997.8753 0.0000e+00
      0.143    21.6094     8.7300     99.098  30.446664     32.661      8.714   267.2602     2.8043     1.3469     0.0217      0.043      0.139      0.202        495 8.4912e+01   997.8756 0.0000e+00
      0.155    21.6062     8.7090     98.859  30.404333     32.603      8.712   268.7367     2.7165     1.4045     0.0217      0.046      0.151      0.219        496 8.3842e+01   997.8762 0.0000e+00
      0.164    21.6044     8.7097     98.865  30.395643     32.606      8.707   268.8503     2.7089     1.4478     0.0217      0.048      0.160      0.233        497 8.4140e+01   997.8771 0.0000e+00
      0.171    21.6040     8.6995     98.748  30.398226     32.608      8.706   268.4717     2.7242     1.4478     0.0217      0.050      0.170      0.247        498 8.2894e+01   997.8778 0.0000e+00
      0.187    21.6048     8.6845     98.577  30.401119     32.609      8.709   265.1402     2.7471     1.3036     0.0217      0.051      0.181      0.263        499 8.1400e+01   997.8782 0.0000e+00
      0.197    21.6057     8.6750     98.468  30.451297     32.670      8.692   266.7681     2.7814     1.2892     0.0217      0.049      0.190      0.277        500 8.1641e+01   997.8784 0.0000e+00
      0.199    21.6060     8.6651     98.354  30.454285     32.669      8.682   266.8060     2.7814     1.3324     0.0217      0.044      0.195      0.284        501 8.1131e+01   997.8783 0.0000e+00
      0.204    21.6062     8.6553     98.242  30.456651     32.668      8.685   266.9952     2.8043     1.4045     0.0217      0.038      0.200      0.290        502 8.1051e+01   997.8781 0.0000e+00
      0.208    21.6058     8.6608     98.304  30.448350     32.668      8.686   266.7681     2.7776     1.3613     0.0217      0.033      0.206      0.298        503 8.1035e+01   997.8780 0.0000e+00
      0.217    21.6051     8.6730     98.442  30.405364     32.608      8.701   268.1688     2.7890     1.3036     0.0217      0.030      0.215      0.312        504 8.0269e+01   997.8780 0.0000e+00
      0.234    21.6045     8.6805     98.527  30.391646     32.609      8.715   265.9731     2.7967     1.1161     0.0217      0.030      0.228      0.331        505 8.0199e+01   997.8782 0.0000e+00
      0.245    21.6041     8.6845     98.572  30.406171     32.609      8.723   265.8974     2.7890     1.1738     0.0217      0.032      0.241      0.350        506 7.9999e+01   997.8784 0.0000e+00
      0.259    21.6034     8.6893     98.626  30.387286     32.609      8.730   265.8595     2.8005     1.2027     0.0217      0.034      0.255      0.369        507 7.9657e+01   997.8786 0.0000e+00
      0.273    21.6028     8.6954     98.695  30.355896     32.550      8.735   265.9731     2.8043     1.1450     0.0217      0.039      0.270      0.391        508 7.8915e+01   997.8787 0.0000e+00
      0.292    21.6021     8.6895     98.628  30.385984     32.610      8.733   266.2760     2.6479     1.3324     0.0217      0.047      0.288      0.417        509 7.7767e+01   997.8789 0.0000e+00
      0.315    21.6012     8.6888     98.619  30.409094     32.611      8.730   266.9574     2.6670     1.3324     0.0217      0.055      0.308      0.446        510 7.6450e+01   997.8792 0.0000e+00
      0.332    21.6009     8.6828     98.552  30.386389     32.611      8.717   267.2224     2.6822     1.4910     0.0217      0.061      0.326      0.471        511 7.5516e+01   997.8794 0.0000e+00
      0.348    21.6003     8.6839     98.564  30.354989     32.552      8.712   267.6010     2.6746     1.4045     0.0217      0.065      0.342      0.495        512 7.4514e+01   997.8797 0.0000e+00
      0.366    21.6002     8.6872     98.601  30.388921     32.612      8.709   267.0710     2.9798     1.3757     0.0217      0.067      0.357      0.518        513 7.3485e+01   997.8799 0.0000e+00
      0.378    21.5998     8.6913     98.647  30.403415     32.612      8.702   267.2981     2.9798     1.3324     0.0217      0.068      0.370      0.537        514 7.2801e+01   997.8800 0.0000e+00
      0.390    21.5994     8.6961     98.702  30.396204     32.613      8.704   267.3738     2.9492     1.3324     0.0217      0.066      0.382      0.554        515 7.2006e+01   997.8801 0.0000e+00
      0.402    21.5993     8.7060     98.813  30.397895     32.613      8.697   267.3738     2.9798     1.4045     0.0217      0.063      0.394      0.571        516 7.1643e+01   997.8803 0.0000e+00
      0.412    21.5992     8.7155     98.920  30.401311     32.613      8.691   267.6388     2.7890     1.2315     0.0217      0.058      0.406      0.588        517 7.0698e+01   997.8804 0.0000e+00
      0.428    21.5994     8.7118     98.878  30.391952     32.613      8.688   269.7210     2.7814     1.3613     0.0217      0.054      0.420      0.608        518 6.9417e+01   997.8805 0.0000e+00
      0.443    21.5992     8.7114     98.874  30.409539     32.613      8.683   268.9638     2.7852     1.3613     0.0217      0.052      0.432      0.625        519 6.9033e+01   997.8806 0.0000e+00
      0.447    21.5990     8.7074     98.827  30.438677     32.673      8.669   269.2288     2.7661     1.3469     0.0217      0.049      0.438      0.635        520 6.8710e+01   997.8805 0.0000e+00
      0.450    21.5990     8.7086     98.839  30.414945     32.613      8.658   268.3581     2.7165     1.4622     0.0217      0.044      0.442      0.640        521 6.8233e+01   997.8806 0.0000e+00
      0.454    21.5988     8.7081     98.833  30.379820     32.613      8.663   268.2445     2.7204     1.3757     0.0217      0.040      0.446      0.646        522 6.7877e+01   997.8806 0.0000e+00
      0.458    21.5987     8.7104     98.859  30.363884     32.553      8.667   269.0395     2.6975     1.3036     0.0217      0.034      0.451      0.654        523 6.7305e+01   997.8807 0.0000e+00
      0.469    21.5985     8.7287     99.066  30.375526     32.613      8.677   270.1374     2.7051     1.3613     0.0217      0.030      0.460      0.667        524 6.6299e+01   997.8808 0.0000e+00
      0.480    21.5982     8.7044     98.789  30.365333     32.554      8.684   270.2888     2.7394     1.4045     0.0217      0.028      0.471      0.684        525 6.4966e+01   997.8808 0.0000e+00
      0.493    21.5979     8.6949     98.681  30.376568     32.614      8.691   270.4403     2.7814     1.4478     0.0217      0.028      0.484      0.703        526 6.3653e+01   997.8809 0.0000e+00
      0.509    21.5976     8.6893     98.615  30.361544     32.554      8.695   269.7588     2.7890     1.3757     0.0217      0.031      0.499      0.724        527 6.2467e+01   997.8811 0.0000e+00
      0.523    21.5975     8.6856     98.571  30.384031     32.614      8.696   269.6453     2.8043     1.4334     0.0217      0.038      0.514      0.745        528 6.1201e+01   997.8812 0.0000e+00
      0.541    21.5975     8.6850     98.564  30.407834     32.614      8.695   270.1374     2.7890     1.3469     0.0217      0.045      0.530      0.769        529 6.0020e+01   997.8814 0.0000e+00
      0.559    21.5969     8.6873     98.589  30.391173     32.614      8.690   270.1374     2.7432     1.3324     0.0217      0.053      0.547      0.794        530 5.9327e+01   997.8815 0.0000e+00
      0.574    21.5962     8.6925     98.648  30.404766     32.614      8.683   269.9481     2.7242     1.3469     0.0217      0.058      0.562      0.815        531 5.8862e+01   997.8815 0.0000e+00
      0.586    21.5959     8.6887     98.605  30.450169     32.675      8.678   270.0617     2.7204     1.3469     0.0217      0.060      0.573      0.831        532 5.8490e+01   997.8817 0.0000e+00
      0.594    21.5957     8.6991     98.724  30.453174     32.675      8.663   269.8724     2.7432     1.4334     0.0217      0.059      0.581      0.843        533 5.8380e+01   997.8819 0.0000e+00
      0.598    21.5954     8.6979     98.708  30.401029     32.615      8.646   269.8724     2.7814     1.0873     0.0217      0.054      0.588      0.853        534 5.8171e+01   997.8820 0.0000e+00
      0.607    21.5949     8.6882     98.598  30.396560     32.616      8.639   270.1374     2.7700     1.1161     0.0217      0.049      0.596      0.864        535 5.7953e+01   997.8821 0.0000e+00
      0.615    21.5946     8.6771     98.470  30.399484     32.616      8.631   270.4024     2.7738     1.0873     0.0217      0.043      0.603      0.874        536 5.7948e+01   997.8822 0.0000e+00
      0.621    21.5937     8.6609     98.285  30.397391     32.616      8.625   270.5160     2.7890     1.1161     0.0217      0.037      0.610      0.884        537 5.7714e+01   997.8823 0.0000e+00
      0.630    21.5928     8.6399     98.046  30.399165     32.616      8.629   269.7967     2.8691     1.1882     0.0217      0.032      0.619      0.897        538 5.7282e+01   997.8824 0.0000e+00
      0.642    21.5921     8.6198     97.818  30.397275     32.617      8.639   269.7967     2.8691     1.0873     0.0217      0.031      0.628      0.910        539 5.7067e+01   997.8826 0.0000e+00
      0.648    21.5917     8.6107     97.714  30.399743     32.618      8.645   269.7210     2.8424     1.1161     0.0217      0.031      0.634      0.920        540 5.6870e+01   997.8829 0.0000e+00
      0.650    21.5922     8.6021     97.609  30.396094     32.618      8.654   269.2288     2.8501     1.1738     0.0217      0.030      0.638      0.926        541 5.6629e+01   997.8831 0.0000e+00
      0.656    21.5923     8.6040     97.620  30.401817     32.618      8.662   269.5317     2.7394     1.1161     0.0217      0.029      0.643      0.933        542 5.6485e+01   997.8832 0.0000e+00
      0.662    21.5919     8.6094     97.680  30.392621     32.618      8.670   271.6895     2.7356     1.1161     0.0217      0.027      0.648      0.941        543 5.6352e+01   997.8831 0.0000e+00
      0.667    21.5913     8.6215     97.817  30.407538     32.618      8.670   271.0081     2.7318     1.1594     0.0217      0.026      0.653      0.947        544 5.6357e+01   997.8831 0.0000e+00
      0.669    21.5908     8.6284     97.868  30.442504     32.678      8.674   271.3110     2.7242     1.1306     0.0217      0.023      0.656      0.952        545 5.6569e+01   997.8832 0.0000e+00
      0.672    21.5903     8.6292     97.838  30.408357     32.619      8.676   271.2353     2.6975     1.0873     0.0217      0.020      0.660      0.956        546 5.6876e+01   997.8834 0.0000e+00
      0.677    21.5898     8.6227     97.731  30.450033     32.679      8.680   270.1374     2.7394     1.1882     0.0217      0.017      0.665      0.965        547 5.6919e+01   997.8835 0.0000e+00
      0.687    21.5895     8.6160     97.620  30.449892     32.679      8.684   270.0617     2.7242     1.0873     0.0217      0.018      0.674      0.978        548 5.6787e+01   997.8837 0.0000e+00
      0.699    21.5892     8.6151     97.560  30.408535     32.620      8.685   273.5067     2.7509     1.1017     0.0217      0.021      0.683      0.991        549 5.7015e+01   997.8838 0.0000e+00
      0.703    21.5884     8.6097     97.455  30.442252     32.680      8.683   272.9767     2.7204     1.1450     0.0217      0.023      0.689      0.998        550 5.7457e+01   997.8839 0.0000e+00
      0.704    21.5848     8.6022     97.345  30.407932     32.620      8.687   273.1281     2.8501     1.1738     0.0217      0.023      0.691      1.002        551 5.7740e+01   997.8840 0.0000e+00
      0.707    21.5793     8.5878     97.152  30.391992     32.621      8.685   273.2038     2.8539     1.1882     0.0217      0.023      0.695      1.009        552 5.7699e+01   997.8841 0.0000e+00
      0.717    21.5789     8.5806     97.037  30.402836     32.623      8.688   272.4088     2.8577     1.2171     0.0217      0.024      0.706      1.025        553 5.7117e+01   997.8850 0.0000e+00
      0.739    21.5781     8.5785     96.976  30.394438     32.627      8.687   272.4088     2.8424     1.0585     0.0217      0.028      0.725      1.052        554 5.6157e+01   997.8862 0.0000e+00
      0.763    21.5646     8.5634     96.767  30.402447     32.628      8.681   272.7117     3.0484     1.4622     0.0217      0.035      0.746      1.082        555 5.5544e+01   997.8865 0.0000e+00
      0.779    21.5435     8.5617     96.711  30.392871     32.628      8.674   273.6203     3.0294     1.3901     0.0217      0.042      0.763      1.107        556 5.5129e+01   997.8868 0.0000e+00
      0.794    21.5258     8.5574     96.643  30.347106     32.577      8.666   273.4688     3.0255     1.3757     0.0217      0.049      0.777      1.128        557 5.4638e+01   997.8898 0.0000e+00
      0.806    21.5073     8.5716     96.789  30.340903     32.592      8.661   273.5824     3.0332     1.3613     0.0217      0.057      0.789      1.145        558 5.4137e+01   997.8946 0.0000e+00
      0.814    21.4811     8.5859     96.940  30.341344     32.605      8.656   273.2417     3.2125     1.3613     0.0217      0.061      0.797      1.157        559 5.3422e+01   997.8986 0.0000e+00
      0.820    21.4583     8.6091     97.187  30.257685     32.527      8.648   273.1660     3.2315     1.3757     0.0217      0.059      0.804      1.167        560 5.2998e+01   997.9027 0.0000e+00
      0.827    21.4443     8.6380     97.493  30.267270     32.546      8.652   273.2038     3.1896     1.4622     0.0217      0.053      0.813      1.179        561 5.2379e+01   997.9085 0.0000e+00
      0.839    21.4291     8.6640     97.754  30.270177     32.592      8.655   272.5981     3.2010     1.3180     0.0217      0.046      0.824      1.196        562 5.1343e+01   997.9136 0.0000e+00
