Data/DataNotYetUploadedToEDI/CTD_2019/061019_fcr50_a.cnv
* Sea-Bird SBE19plus  Data File:
* FileName = C:\DATA\061019_fcr_0001.hex
* Software version 2.8.0.119
* Temperature SN = 7809
* Conductivity SN = 7809
* System UpLoad Time = Jun 10 2019 13:28:06
* <ApplicationData>
* <Seaterm232>
# nquan = 18
# nvalues = 1020                        
# units = specified
# name 0 = depFM: Depth [fresh water, m]
# name 1 = tv290C: Temperature [ITS-90, deg C]
# name 2 = sbeox0Mg/L: Oxygen, SBE 43 [mg/l]
# name 3 = sbeox0PS: Oxygen, SBE 43 [% saturation]
# name 4 = c0uS/cm: Conductivity [uS/cm]
# name 5 = specc: Specific Conductance [uS/cm]
# name 6 = ph: pH
# name 7 = orp: Oxidation Reduction Potential [mV]
# name 8 = flECO-AFL: Fluorescence, WET Labs ECO-AFL/FL [mg/m^3]
# name 9 = turbWETntu0: Turbidity, WET Labs ECO [NTU]
# name 10 = sal00: Salinity, Practical [PSU]
# name 11 = dz/dtM: Descent Rate [m/s]
# name 12 = prdM: Pressure, Strain Gauge [db]
# name 13 = prdE: Pressure, Strain Gauge [psi]
# name 14 = scan: Scan Count
# name 15 = par/sat/log: PAR/Logarithmic, Satlantic
# name 16 = density00: Density [density, kg/m^3]
# name 17 = flag:  0.000e+00
# span 0 =     -0.599,      9.633       
# span 1 =     9.8525,    21.6194       
# span 2 =     5.2569,    12.5116       
# span 3 =     46.637,    131.959       
# span 4 =   1.033152,  38.778856       
# span 5 =      1.317,     42.046       
# span 6 =      7.806,     10.719       
# span 7 =  -506.3527,   312.4997       
# span 8 =    -0.1712,     3.5329       
# span 9 =    -0.6287,   918.4157       
# span 10 =     0.0100,     0.0254      
# span 11 =     -0.061,      0.168      
# span 12 =     -0.587,      9.446      
# span 13 =     -0.851,     13.701      
# span 14 =          1,       1020      
# span 15 = 1.2244e-01, 1.6169e+02      
# span 16 =   997.8739,   999.7741      
# span 17 = 0.0000e+00, 0.0000e+00      
# interval = seconds: 0.25
# start_time = Jun 10 2019 09:59:09 [Instrument's time stamp, header]
# bad_flag = -9.990e-29
*END*
[from data line 322]
     -0.098    21.6071     8.5321     96.865  30.652615     32.909      9.304   269.6453     2.7814     1.2027     0.0218      0.001     -0.096     -0.139        323 1.4007e+02   997.8770 0.0000e+00
     -0.098    21.6082     8.4952     96.444  30.653018     32.848      9.302   269.3803     2.6670     1.1161     0.0218      0.001     -0.096     -0.138        324 1.4011e+02   997.8767 0.0000e+00
     -0.096    21.6097     8.4593     96.034  30.757313     33.027      9.298   269.0017     2.6708     1.1450     0.0219      0.001     -0.095     -0.137        325 1.4006e+02   997.8765 0.0000e+00
     -0.095    21.6107     8.4154     95.535  30.759830     32.966      9.296   269.1531     2.6631     1.2459     0.0219      0.001     -0.094     -0.136        326 1.4001e+02   997.8763 0.0000e+00
     -0.093    21.6113     8.3846     95.185  30.709138     32.965      9.295   268.8881     2.6670     1.0440     0.0219      0.002     -0.091     -0.132        327 1.4013e+02   997.8759 0.0000e+00
     -0.088    21.6113     8.3642     94.954  30.701894     32.905      9.293   268.5095     2.6517     1.0296     0.0218      0.004     -0.088     -0.127        328 1.4020e+02   997.8757 0.0000e+00
     -0.085    21.6109     8.3605     94.909  30.709592     32.964      9.281   268.7745     2.6670     1.1450     0.0219      0.006     -0.085     -0.123        329 1.4041e+02   997.8756 0.0000e+00
     -0.086    21.6111     8.3616     94.916  30.758810     32.964      9.266   268.8881     2.6670     1.1306     0.0219      0.007     -0.084     -0.122        330 1.4012e+02   997.8756 0.0000e+00
     -0.085    21.6113     8.3747     95.056  30.759148     33.024      9.252   270.2888     2.6670     1.1161     0.0219      0.008     -0.084     -0.122        331 1.3964e+02   997.8758 0.0000e+00
     -0.086    21.6119     8.3938     95.265  30.768424     32.964      9.238   270.0617     2.7661     1.2892     0.0219      0.007     -0.084     -0.122        332 1.3904e+02   997.8757 0.0000e+00
     -0.085    21.6118     8.3902     95.219  30.836147     33.114      9.230   270.3645     2.7509     1.3469     0.0219      0.006     -0.084     -0.122        333 1.3850e+02   997.8757 0.0000e+00
     -0.086    21.6105     8.3569     94.838  30.763748     32.964      9.227   270.4781     2.8119     1.3613     0.0219      0.005     -0.084     -0.121        334 1.3857e+02   997.8756 0.0000e+00
     -0.084    21.6090     8.2926     94.106  30.710389     32.964      9.229   269.7210     2.7852     1.4189     0.0219      0.003     -0.082     -0.119        335 1.3874e+02   997.8755 0.0000e+00
     -0.081    21.6086     8.1956     93.003  30.695165     32.905      9.232   269.7588     2.7661     1.3324     0.0218      0.002     -0.082     -0.119        336 1.3871e+02   997.8758 0.0000e+00
     -0.085    21.6090     8.0729     91.610  30.664191     32.906      9.154   270.2131     2.7700     1.0873     0.0218      0.001     -0.088     -0.128        337 1.3757e+02   997.8761 0.0000e+00
     -0.106    21.6087     7.9316     90.007  30.689686     32.906      9.077   269.1531     2.7967     1.1882     0.0218     -0.004     -0.104     -0.151        338 1.3630e+02   997.8761 0.0000e+00
     -0.127    21.6071     7.7962     88.469  30.722690     32.966      9.048   268.6231     2.7967     1.1017     0.0219     -0.015     -0.123     -0.178        339 1.3511e+02   997.8759 0.0000e+00
     -0.142    21.6040     7.6659     86.994  30.682368     32.906      9.041   268.4717     2.7967     1.1306     0.0218     -0.026     -0.140     -0.202        340 1.3387e+02   997.8759 0.0000e+00
     -0.160    21.5996     7.5654     85.856  30.621358     32.847      9.041   268.5095     2.9187     1.1017     0.0218     -0.038     -0.155     -0.226        341 1.3323e+02   997.8762 0.0000e+00
     -0.176    21.5955     7.4725     84.804  30.620859     32.849      9.053   268.2445     2.9035     1.1882     0.0218     -0.049     -0.170     -0.248        342 1.3279e+02   997.8768 0.0000e+00
     -0.187    21.5927     7.4037     84.021  30.623740     32.852      9.079   267.7524     2.9225     1.0729     0.0218     -0.058     -0.182     -0.265        343 1.3229e+02   997.8777 0.0000e+00
     -0.196    21.5912     7.3670     83.602  30.617776     32.855      9.096   267.6767     2.9187     1.1882     0.0218     -0.061     -0.191     -0.278        344 1.3188e+02   997.8786 0.0000e+00
     -0.203    21.5899     7.3816     83.766  30.569031     32.798      9.112   267.7903     2.5296     1.1594     0.0218     -0.059     -0.199     -0.289        345 1.3279e+02   997.8791 0.0000e+00
     -0.211    21.5887     7.4481     84.520  30.565897     32.798      9.118   267.7145     2.5296     1.1882     0.0218     -0.051     -0.207     -0.301        346 1.3381e+02   997.8795 0.0000e+00
     -0.220    21.5882     7.5372     85.532  30.621675     32.859      9.119   267.5252     2.5525     1.0873     0.0218     -0.045     -0.215     -0.312        347 1.3322e+02   997.8798 0.0000e+00
     -0.227    21.5882     7.6314     86.602  30.618122     32.860      9.114   267.6767     2.5296     1.1594     0.0218     -0.040     -0.223     -0.323        348 1.3106e+02   997.8800 0.0000e+00
     -0.237    21.5881     7.7339     87.764  30.629572     32.860      9.102   267.4495     2.5411     1.1450     0.0218     -0.036     -0.231     -0.334        349 1.2909e+02   997.8801 0.0000e+00
     -0.242    21.5893     7.8144     88.674  30.666678     32.920      9.100   268.5095     2.5525     1.0873     0.0218     -0.032     -0.236     -0.342        350 1.2894e+02   997.8800 0.0000e+00
     -0.242    21.5912     7.8893     89.519  30.631197     32.861      9.108   267.7524     2.5373     1.1882     0.0218     -0.029     -0.237     -0.344        351 1.2874e+02   997.8801 0.0000e+00
     -0.242    21.5921     7.9510     90.216  30.614476     32.860      9.116   267.6388     2.5411     1.1161     0.0218     -0.025     -0.239     -0.347        352 1.2740e+02   997.8798 0.0000e+00
     -0.249    21.5914     8.0116     90.900  30.628234     32.858      9.102   267.6010     2.4877     1.0873     0.0218     -0.022     -0.242     -0.352        353 1.2604e+02   997.8792 0.0000e+00
     -0.250    21.5898     8.0482     91.313  30.614073     32.858      9.106   267.1467     2.4953     1.1161     0.0218     -0.018     -0.247     -0.358        354 1.2462e+02   997.8791 0.0000e+00
     -0.256    21.5885     8.0920     91.808  30.632098     32.858      9.086   266.9574     2.4838     1.1161     0.0218     -0.016     -0.256     -0.370        355 1.2217e+02   997.8793 0.0000e+00
     -0.277    21.5879     8.1512     92.478  30.665056     32.919      9.093   269.4938     2.4915     1.1017     0.0218     -0.018     -0.271     -0.392        356 1.2020e+02   997.8795 0.0000e+00
     -0.294    21.5884     8.2219     93.278  30.691564     32.920      9.114   268.9260     2.4686     1.1161     0.0218     -0.024     -0.286     -0.415        357 1.1934e+02   997.8797 0.0000e+00
     -0.304    21.5892     8.2859     94.004  30.865747     33.130      9.129   268.9260     2.5296     1.0296     0.0219     -0.032     -0.299     -0.433        358 1.1874e+02   997.8799 0.0000e+00
     -0.316    21.5885     8.3368     94.579  30.981564     33.250      9.145   268.2824     2.5220     1.0585     0.0220     -0.039     -0.309     -0.448        359 1.1863e+02   997.8797 0.0000e+00
     -0.325    21.5867     8.3719     94.977  30.991829     33.249      9.159   266.9574     2.5525     1.1306     0.0220     -0.044     -0.316     -0.460        360 1.1914e+02   997.8795 0.0000e+00
     -0.328    21.5841     8.3961     95.250  31.149240     33.430      9.170   266.9574     2.5525     1.1738     0.0221     -0.045     -0.320     -0.465        361 1.1973e+02   997.8798 0.0000e+00
     -0.327    21.5816     8.4100     95.407  31.141191     33.431      9.186   268.8124     2.9378   361.6538     0.0221     -0.042     -0.321     -0.466        362 1.1961e+02   997.8802 0.0000e+00
     -0.327    21.5797     8.4080     95.383  31.061100     33.313      9.197   268.7367     2.9264   361.5528     0.0220     -0.034     -0.321     -0.466        363 1.1954e+02   997.8807 0.0000e+00
     -0.330    21.5783     8.3967     95.254  31.130406     33.435      9.206   268.8503     2.9149   361.5961     0.0221     -0.024     -0.323     -0.468        364 1.1930e+02   997.8813 0.0000e+00
     -0.332    21.5776     8.3835     95.104  31.114195     33.376      9.206   268.8124     2.8958   361.4807     0.0220     -0.016     -0.326     -0.473        365 1.1815e+02   997.8817 0.0000e+00
     -0.336    21.5766     8.3727     94.982  31.081273     33.377      9.206   268.1310     3.5329   918.3725     0.0220     -0.012     -0.331     -0.480        366 1.1740e+02   997.8820 0.0000e+00
     -0.346    21.5757     8.3639     94.881  31.112124     33.377      9.203   267.6010     3.5176   918.3436     0.0220     -0.011     -0.336     -0.487        367 1.1917e+02   997.8821 0.0000e+00
     -0.345    21.5751     8.3541     94.769  31.194311     33.498      9.202   267.7903     3.5138   918.2571     0.0221     -0.010     -0.337     -0.489        368 1.2138e+02   997.8824 0.0000e+00
     -0.343    21.5744     8.3487     94.707  31.275263     33.559      9.202   267.6010     3.4986   918.3148     0.0221     -0.010     -0.337     -0.489        369 1.2211e+02   997.8826 0.0000e+00
     -0.344    21.5740     8.3442     94.654  31.337280     33.649      9.198   267.6767     1.3852   918.3436     0.0221     -0.010     -0.338     -0.490        370 1.2200e+02   997.8827 0.0000e+00
     -0.346    21.5733     8.3426     94.636  31.354151     33.649      9.190   267.5631     1.4157   918.3004     0.0221     -0.010     -0.339     -0.492        371 1.2206e+02   997.8829 0.0000e+00
     -0.346    21.5728     8.3417     94.626  31.343150     33.650      9.189   266.9574     1.3966   918.2571     0.0221     -0.008     -0.340     -0.492        372 1.2205e+02   997.8830 0.0000e+00
     -0.345    21.5724     8.3422     94.632  31.291715     33.590      9.184   267.1467     1.3547   918.2860     0.0221     -0.006     -0.339     -0.491        373 1.2163e+02   997.8831 0.0000e+00
     -0.345    21.5720     8.3423     94.636  31.210770     33.501      9.181   266.8817     1.1945   918.2571     0.0221     -0.003     -0.338     -0.490        374 1.2123e+02   997.8832 0.0000e+00
     -0.343    21.5717     8.3376     94.588  31.147614     33.441      9.181   269.4181     1.1906   918.3292     0.0221      0.000     -0.336     -0.488        375 1.2150e+02   997.8833 0.0000e+00
     -0.342    21.5714     8.3421     94.641  31.162922     33.441      9.181   269.3045     1.1754   918.2571     0.0221      0.001     -0.335     -0.486        376 1.2225e+02   997.8834 0.0000e+00
     -0.342    21.5712     8.3457     94.684  31.191720     33.502      9.174   269.4938     1.1830   918.2860     0.0221      0.001     -0.335     -0.486        377 1.2081e+02   997.8835 0.0000e+00
     -0.342    21.5709     8.3450     94.677  31.171029     33.442      9.176   267.8660     1.1830   918.2571     0.0221      0.002     -0.336     -0.487        378 1.2032e+02   997.8835 0.0000e+00
     -0.343    21.5703     8.3453     94.683  31.188671     33.502      9.172   267.9038     1.4310   918.2571     0.0221      0.002     -0.336     -0.487        379 1.2209e+02   997.8836 0.0000e+00
     -0.342    21.5695     8.3485     94.720  31.169766     33.442      9.171   267.8660     1.4539   918.3725     0.0221      0.002     -0.335     -0.486        380 1.2230e+02   997.8836 0.0000e+00
     -0.340    21.5693     8.3507     94.743  31.194556     33.503      9.167   269.7967     1.4386   918.4157     0.0221      0.002     -0.333     -0.483        381 1.2151e+02   997.8838 0.0000e+00
     -0.337    21.5692     8.3563     94.806  31.157820     33.443      9.164   269.9481     1.4462   918.2715     0.0221      0.003     -0.330     -0.478        382 1.2120e+02   997.8840 0.0000e+00
     -0.333    21.5695     8.3563     94.806  31.156230     33.443      9.160   269.8724     1.8544   918.2283     0.0221      0.004     -0.326     -0.472        383 1.2152e+02   997.8840 0.0000e+00
     -0.326    21.5714     8.3575     94.806  31.196535     33.503      9.155   269.3803     1.8926   918.3292     0.0221      0.007     -0.320     -0.464        384 1.2183e+02   997.8841 0.0000e+00
     -0.320    21.5739     8.3585     94.804  31.107661     33.383      9.143   269.3424     1.8544   918.1562     0.0220      0.010     -0.315     -0.456        385 1.2205e+02   997.8840 0.0000e+00
     -0.316    21.5757     8.3551     94.758  31.089070     33.382      9.125   269.1910     1.8544   918.2427     0.0220      0.014     -0.310     -0.449        386 1.2387e+02   997.8837 0.0000e+00
     -0.310    21.5761     8.3534     94.735  31.041909     33.320      9.105   269.0017     2.9264   825.6101     0.0220      0.017     -0.304     -0.441        387 1.2500e+02   997.8831 0.0000e+00
     -0.304    21.5767     8.3478     94.670  31.047843     33.319      9.089   268.8503     2.9073   825.4082     0.0220      0.019     -0.299     -0.432        388 1.2440e+02   997.8827 0.0000e+00
     -0.299    21.5785     8.3492     94.684  31.140937     33.438      9.075   268.8881     2.9073   825.4947     0.0221      0.021     -0.294     -0.426        389 1.2438e+02   997.8826 0.0000e+00
     -0.296    21.5788     8.3479     94.669  31.222324     33.498      9.055   269.1153     2.9111   825.6245     0.0221      0.021     -0.291     -0.422        390 1.2498e+02   997.8826 0.0000e+00
     -0.296    21.5774     8.3509     94.700  31.272456     33.587      9.040   268.2067     1.9765     1.0585     0.0221      0.019     -0.290     -0.421        391 1.2706e+02   997.8822 0.0000e+00
     -0.296    21.5773     8.3570     94.768  31.167430     33.437      9.034   268.3581     1.9765     1.1161     0.0221      0.016     -0.291     -0.423        392 1.2680e+02   997.8821 0.0000e+00
     -0.298    21.5766     8.3570     94.767  31.145639     33.437      9.021   269.6453     1.9956     1.0873     0.0221      0.012     -0.299     -0.433        393 1.2349e+02   997.8824 0.0000e+00
     -0.320    21.5699     8.3626     94.830  31.299575     33.588      8.965   268.8881     2.0032     1.0729     0.0221      0.002     -0.321     -0.465        394 1.1938e+02   997.8824 0.0000e+00
     -0.367    21.5623     8.3636     94.840  31.449893     33.768      8.956   267.7903     1.8544    94.5274     0.0222     -0.018     -0.351     -0.509        395 1.1603e+02   997.8823 0.0000e+00
     -0.384    21.5586     8.3695     94.906  31.521488     33.833      8.975   268.2067     1.8697    94.5563     0.0222     -0.038     -0.367     -0.533        396 1.1614e+02   997.8838 0.0000e+00
     -0.373    21.5565     8.3728     94.943  31.506752     33.838      8.971   266.6924     1.8392    94.5995     0.0222     -0.048     -0.367     -0.532        397 1.1539e+02   997.8855 0.0000e+00
     -0.368    21.5558     8.3699     94.909  31.527490     33.841      8.957   266.8817     1.8659    94.6140     0.0222     -0.050     -0.362     -0.525        398 1.1438e+02   997.8864 0.0000e+00
     -0.365    21.5552     8.3734     94.949  31.584564     33.932      8.958   270.0617     1.8544    94.5563     0.0223     -0.046     -0.359     -0.521        399 1.1433e+02   997.8869 0.0000e+00
     -0.364    21.5542     8.3744     94.960  31.524610     33.843      8.962   269.4938    -0.0530     7.2445     0.0222     -0.038     -0.357     -0.518        400 1.1428e+02   997.8870 0.0000e+00
     -0.363    21.5530     8.3748     94.964  31.453966     33.783      8.969   269.5695    -0.0873     7.1869     0.0222     -0.024     -0.356     -0.516        401 1.1552e+02   997.8872 0.0000e+00
     -0.363    21.5520     8.3726     94.938  31.405830     33.724      8.975   269.6074    -0.0759     7.2157     0.0222     -0.007     -0.356     -0.515        402 1.1651e+02   997.8873 0.0000e+00
