Data/DataNotYetUploadedToEDI/CTD_2019/061019_fcr50_a.cnv
* Sea-Bird SBE19plus  Data File:
* FileName = C:\DATA\061019_fcr_0001.hex
* Software version 2.8.0.119
* Temperature SN = 7809
* Conductivity SN = 7809
* System UpLoad Time = Jun 10 2019 13:28:06
* <ApplicationData>
* <Seaterm232>
# nquan = 18
# nvalues = 1020                        
# units = specified
# name 0 = depFM: Depth [fresh water, m]
# name 1 = tv290C: Temperature [ITS-90, deg C]
# name 2 = sbeox0Mg/L: Oxygen, SBE 43 [mg/l]
# name 3 = sbeox0PS: Oxygen, SBE 43 [% saturation]
# name 4 = c0uS/cm: Conductivity [uS/cm]
# name 5 = specc: Specific Conductance [uS/cm]
# name 6 = ph: pH
# name 7 = orp: Oxidation Reduction Potential [mV]
# name 8 = flECO-AFL: Fluorescence, WET Labs ECO-AFL/FL [mg/m^3]
# name 9 = turbWETntu0: Turbidity, WET Labs ECO [NTU]
# name 10 = sal00: Salinity, Practical [PSU]
# name 11 = dz/dtM: Descent Rate [m/s]
# name 12 = prdM: Pressure, Strain Gauge [db]
# name 13 = prdE: Pressure, Strain Gauge [psi]
# name 14 = scan: Scan Count
# name 15 = par/sat/log: PAR/Logarithmic, Satlantic
# name 16 = density00: Density [density, kg/m^3]
# name 17 = flag:  0.000e+00
# span 0 =     -0.599,      9.633       
# span 1 =     9.8525,    21.6194       
# span 2 =     5.2569,    12.5116       
# span 3 =     46.637,    131.959       
# span 4 =   1.033152,  38.778856       
# span 5 =      1.317,     42.046       
# span 6 =      7.806,     10.719       
# span 7 =  -506.3527,   312.4997       
# span 8 =    -0.1712,     3.5329       
# span 9 =    -0.6287,   918.4157       
# span 10 =     0.0100,     0.0254      
# span 11 =     -0.061,      0.168      
# span 12 =     -0.587,      9.446      
# span 13 =     -0.851,     13.701      
# span 14 =          1,       1020      
# span 15 = 1.2244e-01, 1.6169e+02      
# span 16 =   997.8739,   999.7741      
# span 17 = 0.0000e+00, 0.0000e+00      
# interval = seconds: 0.25
# start_time = Jun 10 2019 09:59:09 [Instrument's time stamp, header]
# bad_flag = -9.990e-29
*END*
[from data line 403]
     -0.360    21.5512     8.3763     94.979  31.348802     33.666      8.978   268.5853     0.0195     4.0722     0.0221      0.009     -0.353     -0.512        404 1.1713e+02   997.8878 0.0000e+00
     -0.359    21.5507     8.3759     94.974  31.344949     33.666      8.982   268.7367    -0.0072     3.9136     0.0221      0.006     -0.352     -0.511        405 1.1661e+02   997.8879 0.0000e+00
     -0.358    21.5501     8.3833     95.060  31.381916     33.696      8.976   268.4338    -0.0224     3.9857     0.0222      0.004     -0.351     -0.510        406 1.1609e+02   997.8880 0.0000e+00
     -0.358    21.5497     8.3800     95.025  31.391679     33.727      8.950   268.7367    -0.0034     3.9568     0.0222      0.004     -0.351     -0.509        407 1.1654e+02   997.8881 0.0000e+00
     -0.357    21.5494     8.3798     95.027  31.362427     33.667      8.935   268.5474     0.1187     7.9655     0.0221      0.004     -0.350     -0.507        408 1.1667e+02   997.8883 0.0000e+00
     -0.355    21.5491     8.3822     95.059  31.388693     33.727      8.933   268.3960     0.1263     7.8502     0.0222      0.004     -0.348     -0.505        409 1.1602e+02   997.8884 0.0000e+00
     -0.354    21.5490     8.3829     95.073  31.358992     33.668      8.941   268.5095     0.1111     7.8357     0.0221      0.004     -0.347     -0.503        410 1.1630e+02   997.8884 0.0000e+00
     -0.353    21.5490     8.3826     95.074  31.399388     33.728      8.949   267.9795     0.0958     7.8934     0.0222      0.004     -0.346     -0.502        411 1.1781e+02   997.8885 0.0000e+00
     -0.352    21.5487     8.3804     95.050  31.427303     33.758      8.956   268.2067     0.3400    12.4645     0.0222      0.004     -0.346     -0.502        412 1.1907e+02   997.8885 0.0000e+00
     -0.353    21.5482     8.3804     95.049  31.353881     33.668      8.961   268.2445     0.3247    12.4933     0.0221      0.004     -0.346     -0.501        413 1.1981e+02   997.8885 0.0000e+00
     -0.352    21.5479     8.3807     95.039  31.342623     33.668      8.969   268.4717     0.3209    12.3203     0.0221      0.003     -0.345     -0.500        414 1.2041e+02   997.8886 0.0000e+00
     -0.352    21.5481     8.3865     95.090  31.352431     33.668      8.971   268.6231     0.3018    12.3491     0.0221      0.003     -0.344     -0.499        415 1.2064e+02   997.8887 0.0000e+00
     -0.350    21.5489     8.3854     95.070  31.341675     33.669      8.970   268.3581     0.3743    16.5741     0.0221      0.003     -0.343     -0.498        416 1.2068e+02   997.8888 0.0000e+00
     -0.350    21.5501     8.3913     95.133  31.356008     33.668      8.973   268.0931     0.3400    16.5309     0.0221      0.002     -0.343     -0.497        417 1.2087e+02   997.8887 0.0000e+00
     -0.349    21.5524     8.3898     95.113  31.364221     33.698      8.972   269.9481     0.3476    16.5020     0.0222      0.002     -0.342     -0.496        418 1.2101e+02   997.8886 0.0000e+00
     -0.348    21.5553     8.3870     95.082  31.361082     33.667      8.973   269.6831     0.3552    16.5886     0.0221      0.002     -0.341     -0.495        419 1.2079e+02   997.8884 0.0000e+00
     -0.346    21.5585     8.3899     95.131  31.389542     33.725      8.971   270.1753     0.3476    16.3723     0.0222      0.003     -0.341     -0.494        420 1.2044e+02   997.8878 0.0000e+00
     -0.346    21.5603     8.3862     95.116  31.417684     33.723      8.972   270.0617     0.5574    24.7357     0.0222      0.003     -0.341     -0.494        421 1.2054e+02   997.8871 0.0000e+00
     -0.348    21.5612     8.3899     95.182  31.385312     33.721      8.968   269.6831     0.5765    24.7357     0.0222      0.003     -0.344     -0.499        422 1.1923e+02   997.8864 0.0000e+00
     -0.359    21.5605     8.3913     95.215  31.311318     33.600      8.949   269.5695     0.5307    24.7934     0.0221     -0.001     -0.352     -0.511        423 1.1784e+02   997.8860 0.0000e+00
     -0.369    21.5533     8.3942     95.261  31.361633     33.689      8.945   269.7588     0.5612    24.7934     0.0222     -0.007     -0.359     -0.521        424 1.1886e+02   997.8858 0.0000e+00
     -0.370    21.5456     8.4004     95.343  31.470833     33.779      8.943   270.2888     0.2598    12.8106     0.0222     -0.011     -0.361     -0.524        425 1.2017e+02   997.8859 0.0000e+00
     -0.365    21.5415     8.4127     95.484  31.560576     33.905      8.949   270.2131     0.2331    12.8827     0.0222     -0.012     -0.358     -0.519        426 1.2001e+02   997.8875 0.0000e+00
     -0.360    21.5389     8.4221     95.589  31.575854     33.910      8.951   270.7053     0.2675    12.9403     0.0222     -0.011     -0.353     -0.512        427 1.1863e+02   997.8893 0.0000e+00
     -0.354    21.5374     8.4378     95.774  31.511078     33.853      8.950   270.9703     0.2255    12.8827     0.0222     -0.008     -0.347     -0.503        428 1.1823e+02   997.8903 0.0000e+00
     -0.345    21.5382     8.4423     95.831  31.463426     33.795      8.948   270.7810     0.1797    13.0413     0.0222     -0.001     -0.338     -0.491        429 1.1877e+02   997.8908 0.0000e+00
     -0.335    21.5468     8.4560     95.992  31.427766     33.766      8.939   268.1688     0.1797    13.0413     0.0222      0.009     -0.328     -0.476        430 1.2014e+02   997.8912 0.0000e+00
     -0.323    21.5612     8.4622     96.067  31.199928     33.526      8.925   268.7745     0.2026    13.0701     0.0221      0.020     -0.316     -0.459        431 1.2238e+02   997.8911 0.0000e+00
     -0.309    21.5745     8.4843     96.321  30.887779     33.160      8.906   268.9260     0.1645    13.0701     0.0219      0.030     -0.303     -0.439        432 1.2440e+02   997.8890 0.0000e+00
     -0.294    21.5832     8.4827     96.305  30.808913     33.089      8.876   268.8881     2.5907   292.5398     0.0219      0.037     -0.288     -0.418        433 1.2591e+02   997.8859 0.0000e+00
     -0.279    21.5904     8.4707     96.171  30.824042     33.080      8.842   270.4024     2.5983   292.5975     0.0219      0.043     -0.274     -0.398        434 1.2679e+02   997.8830 0.0000e+00
     -0.266    21.5970     8.4238     95.642  30.987453     33.254      8.822   270.5538     2.6097   292.7128     0.0220      0.048     -0.261     -0.379        435 1.2747e+02   997.8812 0.0000e+00
     -0.254    21.5976     8.3555     94.868  31.198082     33.488      8.793   268.0931     2.6021   292.6263     0.0221      0.051     -0.247     -0.359        436 1.2829e+02   997.8797 0.0000e+00
     -0.236    21.5972     8.2804     94.018  31.095197     33.363      8.792   267.8281     2.7318     1.3613     0.0220      0.054     -0.230     -0.335        437 1.2949e+02   997.8783 0.0000e+00
     -0.215    21.6005     8.1980     93.083  30.878475     33.124      8.780   268.2445     2.7089     1.3180     0.0219      0.058     -0.212     -0.309        438 1.3074e+02   997.8782 0.0000e+00
     -0.200    21.6039     8.1341     92.359  30.727120     32.974      8.777   268.0931     2.7089     1.3469     0.0219      0.060     -0.197     -0.286        439 1.3186e+02   997.8782 0.0000e+00
     -0.186    21.6067     8.0866     91.820  30.631772     32.852      8.775   268.2824     2.7394     1.3469     0.0218      0.061     -0.183     -0.266        440 1.3271e+02   997.8775 0.0000e+00
     -0.174    21.6090     8.0552     91.462  30.611990     32.849      8.778   268.2445     2.7471     1.4622     0.0218      0.061     -0.170     -0.247        441 1.3333e+02   997.8768 0.0000e+00
     -0.160    21.6111     8.0407     91.297  30.573979     32.788      8.781   268.3581     2.7280     1.2748     0.0218      0.060     -0.158     -0.230        442 1.3360e+02   997.8762 0.0000e+00
     -0.150    21.6125     8.0681     91.608  30.619824     32.846      8.782   266.8060     2.7051     1.3613     0.0218      0.059     -0.148     -0.215        443 1.3329e+02   997.8758 0.0000e+00
     -0.142    21.6135     8.1195     92.193  30.614188     32.844      8.787   266.8060     2.7318     1.3613     0.0218      0.055     -0.139     -0.201        444 1.3317e+02   997.8754 0.0000e+00
     -0.132    21.6150     8.1783     92.861  30.580991     32.783      8.797   267.0331     2.7242     1.3324     0.0218      0.050     -0.130     -0.188        445 1.3350e+02   997.8751 0.0000e+00
     -0.123    21.6161     8.2156     93.285  30.601884     32.843      8.796   266.7681     2.7089     1.0873     0.0218      0.045     -0.122     -0.176        446 1.3367e+02   997.8749 0.0000e+00
     -0.117    21.6173     8.2263     93.407  30.528936     32.722      8.773   266.9195     2.6975     1.1306     0.0218      0.041     -0.115     -0.166        447 1.3352e+02   997.8746 0.0000e+00
     -0.110    21.6181     8.2215     93.352  30.553269     32.781      8.758   267.1088     2.7356     1.0873     0.0218      0.037     -0.109     -0.157        448 1.3366e+02   997.8744 0.0000e+00
     -0.105    21.6184     8.1989     93.096  30.571600     32.780      8.758   267.4117     2.7013     1.0585     0.0218      0.033     -0.104     -0.150        449 1.3414e+02   997.8742 0.0000e+00
     -0.102    21.6186     8.1835     92.921  30.565376     32.779      8.772   267.5252     2.9264     1.4045     0.0218      0.029     -0.100     -0.145        450 1.3455e+02   997.8740 0.0000e+00
     -0.098    21.6183     8.1724     92.793  30.561016     32.779      8.788   267.2602     2.9035     1.3036     0.0218      0.026     -0.097     -0.141        451 1.3466e+02   997.8739 0.0000e+00
     -0.096    21.6177     8.1689     92.754  30.517773     32.719      8.797   267.3738     2.8920     1.3180     0.0218      0.022     -0.094     -0.136        452 1.3495e+02   997.8739 0.0000e+00
     -0.092    21.6180     8.1655     92.715  30.559939     32.779      8.810   267.3360     2.8958     1.3757     0.0218      0.019     -0.090     -0.130        453 1.3528e+02   997.8740 0.0000e+00
     -0.087    21.6186     8.1503     92.541  30.567795     32.780      8.812   267.2602     2.7318     1.4622     0.0218      0.017     -0.086     -0.125        454 1.3496e+02   997.8741 0.0000e+00
     -0.085    21.6187     8.1595     92.644  30.567248     32.780      8.813   267.9417     2.7394     1.4910     0.0218      0.015     -0.082     -0.120        455 1.3483e+02   997.8740 0.0000e+00
     -0.080    21.6189     8.1800     92.874  30.560618     32.779      8.820   267.9417     2.7394     1.3036     0.0218      0.014     -0.079     -0.114        456 1.3526e+02   997.8739 0.0000e+00
     -0.075    21.6193     8.1910     92.998  30.516792     32.719      8.821   268.0931     2.7242     1.2748     0.0218      0.014     -0.074     -0.107        457 1.3579e+02   997.8740 0.0000e+00
     -0.071    21.6193     8.2015     93.117  30.562536     32.779      8.826   267.9038     2.8691     1.4334     0.0218      0.015     -0.069     -0.100        458 1.3636e+02   997.8739 0.0000e+00
     -0.064    21.6194     8.1960     93.056  30.562944     32.779      8.835   268.1310     2.8462     1.3613     0.0218      0.017     -0.064     -0.092        459 1.3701e+02   997.8739 0.0000e+00
     -0.060    21.6192     8.1819     92.897  30.575538     32.779      8.834   268.1688     2.8462     1.4334     0.0218      0.018     -0.059     -0.085        460 1.3768e+02   997.8739 0.0000e+00
     -0.055    21.6185     8.1604     92.653  30.606114     32.839      8.832   267.9417     2.8539     1.2748     0.0218      0.018     -0.054     -0.079        461 1.3832e+02   997.8739 0.0000e+00
     -0.050    21.6184     8.1505     92.539  30.524892     32.719      8.831   267.6388     2.8272     1.4045     0.0218      0.019     -0.050     -0.072        462 1.3909e+02   997.8739 0.0000e+00
     -0.047    21.6181     8.1667     92.722  30.558114     32.779      8.827   267.7145     2.7318     1.4622     0.0218      0.019     -0.046     -0.067        463 1.3955e+02   997.8741 0.0000e+00
     -0.044    21.6173     8.2103     93.217  30.564771     32.779      8.824   267.9417     2.7127     1.3901     0.0218      0.018     -0.043     -0.063        464 1.3998e+02   997.8742 0.0000e+00
     -0.042    21.6166     8.2780     93.986  30.516607     32.720      8.824   267.7903     2.7165     1.2748     0.0218      0.017     -0.040     -0.059        465 1.4074e+02   997.8742 0.0000e+00
     -0.038    21.6155     8.3535     94.844  30.558800     32.780      8.823   267.8660     2.7394     1.3036     0.0218      0.016     -0.037     -0.055        466 1.4169e+02   997.8744 0.0000e+00
     -0.036    21.6149     8.4331     95.747  30.571514     32.781      8.823   267.8281     2.5830     1.1306     0.0218      0.014     -0.035     -0.051        467 1.4253e+02   997.8747 0.0000e+00
     -0.035    21.6149     8.5278     96.823  30.560037     32.781      8.824   268.1310     2.6059     1.0873     0.0218      0.012     -0.034     -0.049        468 1.4250e+02   997.8749 0.0000e+00
     -0.033    21.6156     8.6101     97.758  30.573084     32.782      8.823   267.9038     2.6021     1.1017     0.0218      0.011     -0.032     -0.046        469 1.4203e+02   997.8750 0.0000e+00
     -0.030    21.6162     8.6769     98.517  30.555277     32.782      8.824   267.8660     2.6174     1.1161     0.0218      0.010     -0.030     -0.043        470 1.4162e+02   997.8750 0.0000e+00
     -0.028    21.6162     8.7274     99.092  30.522946     32.721      8.825   267.9417     2.6746     1.3901     0.0218      0.009     -0.028     -0.040        471 1.4157e+02   997.8748 0.0000e+00
     -0.026    21.6156     8.7518     99.371  30.554069     32.781      8.823   267.6010     2.6746     1.3901     0.0218      0.009     -0.025     -0.036        472 1.4109e+02   997.8747 0.0000e+00
     -0.023    21.6149     8.7558     99.417  30.575797     32.781      8.824   267.6767     2.6479     1.3036     0.0218      0.009     -0.023     -0.033        473 1.4052e+02   997.8748 0.0000e+00
     -0.020    21.6148     8.7415     99.256  30.555156     32.781      8.824   269.5695     2.6670     1.3036     0.0218      0.009     -0.020     -0.029        474 1.4057e+02   997.8749 0.0000e+00
     -0.018    21.6149     8.7263     99.084  30.520504     32.722      8.826   268.9260     2.7814     1.3613     0.0218      0.009     -0.017     -0.025        475 1.4068e+02   997.8751 0.0000e+00
     -0.016    21.6149     8.7086     98.883  30.559670     32.782      8.827   269.3045     2.7928     1.3469     0.0218      0.010     -0.015     -0.022        476 1.4037e+02   997.8751 0.0000e+00
     -0.014    21.6150     8.6988     98.770  30.565667     32.782      8.828   269.6074     2.7928     1.4189     0.0218      0.010     -0.013     -0.019        477 1.4122e+02   997.8751 0.0000e+00
     -0.011    21.6154     8.6933     98.708  30.513041     32.722      8.824   268.4338     2.7890     1.2459     0.0218      0.010     -0.011     -0.016        478 1.4007e+02   997.8751 0.0000e+00
     -0.009    21.6156     8.6922     98.695  30.565911     32.782      8.825   268.5853     2.7890     1.1017     0.0218      0.009     -0.008     -0.012        479 1.4119e+02   997.8751 0.0000e+00
     -0.005    21.6160     8.7076     98.870  30.559123     32.781      8.820   271.1595     2.7928     1.2027     0.0218      0.010     -0.006     -0.008        480 1.3872e+02   997.8750 0.0000e+00
     -0.005    21.6167     8.7145     98.947  30.521487     32.722      8.811   270.8188     2.7890     1.2892     0.0218      0.009     -0.005     -0.007        481 1.4276e+02   997.8750 0.0000e+00
     -0.006    21.6175     8.7189     98.996  30.553497     32.781      8.807   271.1595     2.8005     1.1594     0.0218      0.008     -0.004     -0.006        482 1.3659e+02   997.8749 0.0000e+00
