Data/DataNotYetUploadedToEDI/CTD_2019/070119_fcr20.cnv
* Sea-Bird SBE19plus  Data File:
* FileName = C:\DATA\070119_fcr_0007.hex
* Software version 2.8.0.119 SB_Terminal.dll
* Temperature SN = 7809
* Conductivity SN = 7809
* System UpLoad Time = Jul 01 2019 16:58:58
* <ApplicationData>
* <Seaterm232>
# nquan = 16
# nvalues = 357                         
# units = specified
# name 0 = depFM: Depth [fresh water, m]
# name 1 = dz/dtM: Descent Rate [m/s]
# name 2 = sbeox0Mg/L: Oxygen, SBE 43 [mg/l]
# name 3 = sbeox0PS: Oxygen, SBE 43 [% saturation]
# name 4 = specc: Specific Conductance [uS/cm]
# name 5 = c0uS/cm: Conductivity [uS/cm]
# name 6 = flECO-AFL: Fluorescence, WET Labs ECO-AFL/FL [mg/m^3]
# name 7 = ph: pH
# name 8 = orp: Oxidation Reduction Potential [mV]
# name 9 = par/sat/log: PAR/Logarithmic, Satlantic
# name 10 = turbWETntu0: Turbidity, WET Labs ECO [NTU]
# name 11 = prdM: Pressure, Strain Gauge [db]
# name 12 = prdE: Pressure, Strain Gauge [psi]
# name 13 = tv290C: Temperature [ITS-90, deg C]
# name 14 = density00: Density [density, kg/m^3]
# name 15 = flag:  0.000e+00
# span 0 =     -0.574,      3.610       
# span 1 =     -0.243,      0.246       
# span 2 =    -0.8747,    13.9979       
# span 3 =     -8.924,    158.783       
# span 4 =      2.038,    325.875       
# span 5 =   2.050180, 260.799016       
# span 6 =    -0.1201,     5.9017       
# span 7 =      6.910,      9.393       
# span 8 =   123.6246,  1240.2295       
# span 9 = 1.4073e+01, 1.8776e+03       
# span 10 =    -1.3948,   138.0554      
# span 11 =     -0.563,      3.542      
# span 12 =     -0.817,      5.136      
# span 13 =    14.8539,    26.6503      
# span 14 =   996.6284,   999.2591      
# span 15 = 0.0000e+00, 0.0000e+00      
# interval = seconds: 0.25
# start_time = Jul 01 2019 11:34:52 [Instrument's time stamp, header]
# bad_flag = -9.990e-29
*END*
[from data line 272]
      1.747      0.138     9.7221    114.252     35.868  34.737525     3.1704      7.859   168.7556 2.0174e+02     3.1131      1.713      2.484    24.2429   997.2636 0.0000e+00
      1.786      0.132     9.9042    116.007     35.999  34.738527     3.1720      7.863   168.2808 1.9490e+02     3.0796      1.752      2.540    24.0884   997.3020 0.0000e+00
      1.823      0.119    10.2086    119.335     36.064  34.725611     3.1697      7.867   168.1345 1.8877e+02     3.0681      1.788      2.593    23.8742   997.3550 0.0000e+00
      1.858      0.103    10.6743    124.647     36.088  34.708191     3.2208      7.872   168.1910 1.8405e+02     3.0386      1.825      2.647    23.6416   997.4120 0.0000e+00
      1.883      0.089    11.2869    131.692     36.064  34.654774     3.3307      7.877   168.0183 1.8223e+02     3.0186      1.852      2.686    23.4033   997.4698 0.0000e+00
      1.896      0.081    11.9565    139.330     36.043  34.587446     3.3970      7.884   167.7669 1.8226e+02     3.0556      1.861      2.699    23.2131   997.5156 0.0000e+00
      1.903      0.081    12.5576    146.051     35.925  34.401795     3.4147      7.894   167.7339 1.8153e+02     3.1248      1.865      2.705    23.1231   997.5371 0.0000e+00
      1.915      0.087    13.0233    151.094     35.532  33.933150     3.4068      7.904   167.8763 1.7836e+02     3.2328      1.873      2.717    23.0778   997.5479 0.0000e+00
      1.940      0.099    13.3718    154.609     35.134  33.426944     3.3706      7.914   167.9403 1.7303e+02     3.4122      1.899      2.752    23.0484   997.5549 0.0000e+00
      1.974      0.114    13.6309    156.919     34.963  33.104363     3.3506      7.922   167.8193 1.6708e+02     3.5239      1.936      2.808    22.9946   997.5679 0.0000e+00
      2.011      0.126    13.8080    158.239     34.843  32.824967     3.3552      7.928   167.1018 1.6135e+02     3.5341      1.972      2.861    22.8746   997.5964 0.0000e+00
      2.046      0.133    13.9184    158.783     34.833  32.650459     3.3647      7.933   166.2340 1.5580e+02     3.5358      2.006      2.910    22.7617   997.6229 0.0000e+00
      2.081      0.133    13.9727    158.711     34.995  32.644154     3.4226      7.937   166.6186 1.5029e+02     3.6422      2.040      2.959    22.5916   997.6625 0.0000e+00
      2.115      0.128    13.9860    158.327     35.101  32.621597     3.5268      7.939   167.7077 1.4505e+02     3.8374      2.074      3.009    22.3299   997.7234 0.0000e+00
      2.149      0.121    13.9916    157.999     35.140  32.567933     3.5841      7.940   168.6482 1.4051e+02     3.9300      2.108      3.057    22.0977   997.7766 0.0000e+00
      2.180      0.116    13.9979    157.712     35.227  32.566328     3.6037      7.938   169.5576 1.3625e+02     3.9423      2.138      3.100    21.8683   997.8287 0.0000e+00
      2.207      0.113    13.9809    157.172     35.352  32.602080     3.6771      7.933   170.3580 1.3244e+02     3.9535      2.166      3.142    21.6102   997.8868 0.0000e+00
      2.231      0.111    13.9229    156.178     35.527  32.682801     3.7871      7.927   171.0978 1.2938e+02     3.9340      2.189      3.175    21.4427   997.9242 0.0000e+00
      2.255      0.107    13.8224    154.687     35.727  32.780691     3.8408      7.922   171.7063 1.2572e+02     3.9358      2.210      3.205    21.3395   997.9469 0.0000e+00
      2.285      0.101    13.6831    152.729     35.889  32.833629     3.8495      7.922   172.1222 1.2116e+02     3.9753      2.238      3.247    21.2151   997.9744 0.0000e+00
      2.319      0.096    13.5004    150.358     36.095  32.941973     3.8925      7.922   172.7707 1.1727e+02     3.8876      2.277      3.302    21.1053   997.9986 0.0000e+00
      2.346      0.094    13.2730    147.633     36.363  33.138631     3.9618      7.920   173.8691 1.1480e+02     3.6618      2.305      3.342    20.9950   998.0228 0.0000e+00
      2.364      0.094    13.0189    144.531     36.627  33.307485     3.9938      7.917   175.2498 1.1307e+02     3.5391      2.319      3.363    20.8819   998.0473 0.0000e+00
      2.379      0.096    12.7484    141.017     37.157  33.650780     4.0106      7.912   176.7313 1.1078e+02     3.5511      2.330      3.379    20.7371   998.0785 0.0000e+00
      2.399      0.099    12.4532    137.182     37.987  34.242914     4.1401      7.906   177.8436 1.0707e+02     3.5131      2.348      3.406    20.5934   998.1093 0.0000e+00
      2.427      0.104    12.1188    133.030     38.635  34.691404     4.3709      7.901   178.8894 1.0242e+02     3.4061      2.379      3.450    20.5757   998.1133 0.0000e+00
      2.461      0.108    11.7327    128.432     38.971  34.884519     4.5031      7.899   180.1700 9.7759e+01     3.3388      2.414      3.501    20.5129   998.1268 0.0000e+00
      2.495      0.110    11.2814    123.217     39.187  34.991026     4.5166      7.896   181.1104 9.3722e+01     3.3226      2.449      3.552    20.2809   998.1758 0.0000e+00
      2.524      0.109    10.7315    116.980     39.315  35.027035     4.5337      7.892   181.9125 9.0721e+01     3.3406      2.479      3.594    20.0535   998.2237 0.0000e+00
      2.548      0.105    10.0715    109.587     39.296  34.938989     4.5711      7.887   182.7280 8.7986e+01     3.3609      2.498      3.623    19.8816   998.2593 0.0000e+00
      2.570      0.102     9.3528    101.637     39.211  34.814928     4.5966      7.882   183.2262 8.4851e+01     3.3379      2.519      3.655    19.7415   998.2881 0.0000e+00
      2.595      0.101     8.6328     93.757     39.215  34.796312     4.6072      7.877   183.5487 8.1882e+01     3.2927      2.545      3.691    19.6372   998.3095 0.0000e+00
      2.620      0.102     7.9599     86.387     39.658  35.158158     4.6309      7.873   183.8732 7.8895e+01     3.2722      2.569      3.726    19.5429   998.3287 0.0000e+00
      2.647      0.103     7.3866     80.022     40.784  36.079930     4.8396      7.870   184.1389 7.5591e+01     3.2874      2.596      3.764    19.4408   998.3493 0.0000e+00
      2.676      0.104     6.9470     75.057     42.158  37.182314     5.2144      7.867   184.3519 7.2497e+01     3.3120      2.624      3.807    19.3701   998.3635 0.0000e+00
      2.704      0.105     6.6580     71.737     43.375  38.140727     5.4254      7.862   184.5560 6.9771e+01     3.3081      2.652      3.847    19.3649   998.3647 0.0000e+00
      2.730      0.107     6.4981     69.852     44.071  38.654191     5.4406      7.857   184.6271 6.7265e+01     3.2726      2.678      3.883    19.3492   998.3680 0.0000e+00
      2.754      0.110     6.3656     68.282     44.004  38.502598     5.2857      7.850   184.5237 6.4856e+01     3.3749      2.701      3.917    19.2497   998.3884 0.0000e+00
      2.780      0.113     6.1369     65.670     44.014  38.402536     5.0092      7.842   184.4245 6.2222e+01     3.6277      2.724      3.949    19.0934   998.4198 0.0000e+00
      2.810      0.116     5.7357     61.202     45.545  39.602507     4.8627      7.836   184.7188 5.9283e+01     3.7717      2.753      3.993    18.9535   998.4477 0.0000e+00
      2.844      0.119     5.1641     54.931     48.512  42.028331     4.8318      7.831   185.6729 5.6501e+01     3.8059      2.790      4.046    18.8483   998.4687 0.0000e+00
      2.877      0.121     4.5006     47.726     50.950  43.988500     4.6530      7.826   186.6678 5.4105e+01     3.9759      2.823      4.094    18.7498   998.4878 0.0000e+00
      2.908      0.121     3.8196     40.388     52.166  44.890138     4.3312      7.819   187.0255 5.2074e+01     4.2863      2.853      4.137    18.6337   998.5100 0.0000e+00
      2.936      0.121     3.1555     33.270     54.021  46.326117     4.1571      7.812   187.1592 5.0201e+01     4.4787      2.880      4.177    18.4831   998.5393 0.0000e+00
      2.965      0.122     2.5021     26.303     62.156  53.095171     4.1264      7.803   187.5102 4.8167e+01     4.5985      2.907      4.215    18.3162   998.5724 0.0000e+00
      2.995      0.124     1.8527     19.418     76.345  64.978088     3.8905      7.793   187.9127 4.6138e+01     5.7017      2.936      4.258    18.1628   998.6020 0.0000e+00
      3.028      0.126     1.2456     13.017     80.424  68.243824     3.4460      7.782   187.9830 4.4138e+01     7.7236      2.968      4.305    18.0248   998.6281 0.0000e+00
      3.063      0.128     0.7072      7.372     72.950  61.691011     3.2002      7.769   187.7577 4.2161e+01     8.8570      3.005      4.358    17.8835   998.6544 0.0000e+00
      3.098      0.129     0.2210      2.304     72.758  61.261727     3.1719      7.754   187.9413 4.0467e+01     9.0498      3.040      4.409    17.7353   998.6831 0.0000e+00
      3.129      0.129    -0.2113     -2.172     77.872  65.290522     3.0956      7.739   188.4827 3.8913e+01     9.4640      3.068      4.451    17.5692   998.7218 0.0000e+00
      3.160      0.129    -0.5479     -5.631     75.979  63.436796     2.9542      7.725   188.7964 3.7276e+01    10.1628      3.098      4.494    17.4110   998.7528 0.0000e+00
      3.193      0.128    -0.7696     -7.883     68.916  57.281326     2.8760      7.710   188.8945 3.5573e+01    10.5516      3.131      4.541    17.2804   998.7681 0.0000e+00
      3.227      0.127    -0.8747     -8.924     61.098  50.536660     2.8685      7.695   188.9815 3.3864e+01    10.6907      3.164      4.589    17.1177   998.7984 0.0000e+00
      3.261      0.126    -0.8648     -8.788     54.576  44.907406     2.8730      7.681   189.0737 3.2244e+01    11.8771      3.199      4.640    16.9196   998.8376 0.0000e+00
      3.294      0.123    -0.7737     -7.831     50.600  41.424949     2.9815      7.671   189.0622 3.0788e+01    14.0488      3.230      4.687    16.7324   998.8677 0.0000e+00
      3.324      0.118    -0.6372     -6.426     49.928  40.686939     3.1930      7.664   188.9294 2.9401e+01    15.2197      3.260      4.727    16.5459   998.8969 0.0000e+00
      3.354      0.112    -0.4827     -4.853     52.375  42.523169     3.3135      7.658   188.7588 2.8067e+01    15.3177      3.290      4.772    16.3361   998.9291 0.0000e+00
      3.382      0.103    -0.3322     -3.332     54.825  44.388687     3.3553      7.652   188.4616 2.6830e+01    15.3978      3.317      4.811    16.1206   998.9624 0.0000e+00
      3.408      0.090    -0.1909     -1.912     55.166  44.575824     3.8109      7.647   187.7452 2.5593e+01    15.9916      3.341      4.846    15.9148   998.9947 0.0000e+00
      3.434      0.075    -0.0598     -0.599     54.386  43.896826     4.6700      7.642   186.7219 2.4523e+01    17.0574      3.369      4.886    15.7325   999.0235 0.0000e+00
      3.454      0.057     0.0558      0.557     53.791  43.417714     5.1505      7.638   185.5529 2.3929e+01    17.6660      3.392      4.919    15.5863   999.0483 0.0000e+00
      3.466      0.041     0.1458      1.459     53.576  43.291234     5.1986      7.634   184.2802 2.3789e+01    17.7134      3.402      4.934    15.4688   999.0680 0.0000e+00
      3.469      0.026     0.2066      2.069     53.475  43.256577     5.0955      7.630   183.2075 2.3863e+01    17.5652      3.404      4.936    15.3862   999.0806 0.0000e+00
      3.469      0.016     0.2459      2.463     53.848  43.570190     4.8758      7.626   182.3915 2.3949e+01    17.3483      3.401      4.933    15.3356   999.0880 0.0000e+00
      3.469      0.012     0.2707      2.710     55.073  44.543230     4.7442      7.624   181.5552 2.3931e+01    17.2877      3.400      4.932    15.3339   999.0880 0.0000e+00
      3.471      0.016     0.2832      2.834     56.611  45.750729     4.7438      7.621   180.5813 2.3862e+01    17.3232      3.404      4.935    15.3995   999.0779 0.0000e+00
      3.474      0.024     0.2852      2.852     58.992  47.628876     4.9144      7.616   179.6497 2.3773e+01    17.4493      3.406      4.940    15.4589   999.0686 0.0000e+00
      3.479      0.033     0.2824      2.821     62.027  50.040500     5.2113      7.610   178.8949 2.3497e+01    17.7313      3.410      4.946    15.4621   999.0681 0.0000e+00
      3.489      0.040     0.2824      2.820     63.669  51.346352     5.3692      7.605   178.3387 2.2905e+01    17.9152      3.419      4.958    15.4406   999.0720 0.0000e+00
      3.505      0.044     0.2835      2.832     67.143  54.145217     5.4016      7.600   177.7429 2.2135e+01    17.9357      3.436      4.983    15.4095   999.0776 0.0000e+00
      3.522      0.045     0.2788      2.786     85.814  69.205625     5.5330      7.596   176.8534 2.1524e+01    17.7825      3.456      5.012    15.3641   999.0849 0.0000e+00
      3.535      0.043     0.2693      2.691    148.243 119.505836     5.7701      7.592   176.0167 2.1219e+01    17.4716      3.470      5.032    15.3287   999.0929 0.0000e+00
      3.544      0.039     0.2580      2.576    240.653 193.800455     5.9017      7.589   175.5416 2.1050e+01    17.2904      3.477      5.042    15.3144   999.0941 0.0000e+00
      3.551      0.034     0.2443      2.436    300.772 241.808448     5.8844      7.585   175.1528 2.0798e+01    17.2631      3.482      5.050    15.3141   999.0958 0.0000e+00
      3.557      0.030     0.2290      2.279    320.143 256.848325     5.6137      7.582   174.5845 2.0351e+01    17.1735      3.488      5.059    15.3230   999.0947 0.0000e+00
      3.564      0.028     0.2137      2.123    325.705 260.799016     5.1256      7.579   173.9187 1.9713e+01    16.9935      3.495      5.070    15.3261   999.1151 0.0000e+00
      3.572      0.027     0.2003      1.986    325.875 260.509190     4.8635      7.574   173.3842 1.8944e+01    16.8897      3.503      5.080    15.2911   999.1708 0.0000e+00
      3.579      0.026     0.1899      1.881    324.610 259.183578     4.8549      7.571   173.0254 1.8099e+01    16.9013      3.510      5.091    15.2033   999.2037 0.0000e+00
      3.587      0.025     0.1807      1.789    323.701 258.247384     4.8742      7.568   172.6779 1.7223e+01    16.9379      3.517      5.102    15.1091   999.2195 0.0000e+00
      3.593      0.022     0.1699      1.682    323.288 257.788370     4.8880      7.563   172.1086 1.6370e+01    16.9723      3.524      5.111    15.0285   999.2353 0.0000e+00
      3.598      0.021     0.1638      1.621    323.204 257.676111     4.8920      7.561   171.7341 1.5652e+01    16.9887      3.530      5.118    14.9599   999.2438 0.0000e+00
      3.602 -9.990e-29 -9.990e-29 -9.990e-29 -9.990e-29 -9.990e-29 -9.990e-29 -9.990e-29 -9.990e-29 1.5057e+01 -9.990e-29      3.533      5.124    14.9132   999.2509 0.0000e+00
      3.606 -9.990e-29 -9.990e-29 -9.990e-29 -9.990e-29 -9.990e-29 -9.990e-29 -9.990e-29 -9.990e-29 1.4498e+01 -9.990e-29      3.536      5.129    14.8824   999.2548 0.0000e+00
      3.609 -9.990e-29 -9.990e-29 -9.990e-29 -9.990e-29 -9.990e-29 -9.990e-29 -9.990e-29 -9.990e-29 1.4150e+01 -9.990e-29      3.540      5.134    14.8618   999.2581 0.0000e+00
      3.610 -9.990e-29 -9.990e-29 -9.990e-29 -9.990e-29 -9.990e-29 -9.990e-29 -9.990e-29 -9.990e-29 1.4073e+01 -9.990e-29      3.542      5.136    14.8539   999.2591 0.0000e+00
