Data/DataNotYetUploadedToEDI/CTD_2019/070119_fcr10.cnv
* Sea-Bird SBE19plus  Data File:
* FileName = C:\DATA\070119_fcr_0006.hex
* Software version 2.8.0.119 SB_Terminal.dll
* Temperature SN = 7809
* Conductivity SN = 7809
* System UpLoad Time = Jul 01 2019 16:58:46
* <ApplicationData>
* <Seaterm232>
# nquan = 16
# nvalues = 346                         
# units = specified
# name 0 = depFM: Depth [fresh water, m]
# name 1 = dz/dtM: Descent Rate [m/s]
# name 2 = sbeox0Mg/L: Oxygen, SBE 43 [mg/l]
# name 3 = sbeox0PS: Oxygen, SBE 43 [% saturation]
# name 4 = specc: Specific Conductance [uS/cm]
# name 5 = c0uS/cm: Conductivity [uS/cm]
# name 6 = flECO-AFL: Fluorescence, WET Labs ECO-AFL/FL [mg/m^3]
# name 7 = ph: pH
# name 8 = orp: Oxidation Reduction Potential [mV]
# name 9 = par/sat/log: PAR/Logarithmic, Satlantic
# name 10 = turbWETntu0: Turbidity, WET Labs ECO [NTU]
# name 11 = prdM: Pressure, Strain Gauge [db]
# name 12 = prdE: Pressure, Strain Gauge [psi]
# name 13 = tv290C: Temperature [ITS-90, deg C]
# name 14 = density00: Density [density, kg/m^3]
# name 15 = flag:  0.000e+00
# span 0 =     -0.582,      2.871       
# span 1 =     -0.281,      0.244       
# span 2 =    -1.5281,     9.9056       
# span 3 =    -16.815,    122.753       
# span 4 =      1.143,    285.052       
# span 5 =   1.287949, 249.358323       
# span 6 =    -0.6813,     9.4753       
# span 7 =      6.765,      9.288       
# span 8 = -1240.7455,   271.5765       
# span 9 = 8.3650e+00, 1.7598e+03       
# span 10 =    -5.6241,   210.3713      
# span 11 =     -0.571,      2.816      
# span 12 =     -0.828,      4.084      
# span 13 =    18.6724,    31.3420      
# span 14 =   995.2438,   998.5867      
# span 15 = 0.0000e+00, 0.0000e+00      
# interval = seconds: 0.25
# start_time = Jul 01 2019 11:29:23 [Instrument's time stamp, header]
# bad_flag = -9.990e-29
*END*
     -0.581 -5.175e-19     6.6549     90.090      1.154   1.300489    -0.0868      6.896 -1240.7455 1.4059e+03    -0.2251     -0.569     -0.826    31.3420   995.2438 0.0000e+00
     -0.581 -4.709e-20     6.6553     90.093      1.164   1.311921    -0.0848      6.898 -1240.7455 1.3174e+03    -0.2167     -0.569     -0.826    31.3412   995.2440 0.0000e+00
     -0.580 -4.641e-21     6.6555     90.095      1.163   1.310884    -0.0868      6.904 -1240.7455 1.2828e+03    -0.1988     -0.569     -0.825    31.3402   995.2445 0.0000e+00
     -0.580 -4.386e-21     6.6554     90.092      1.143   1.287949    -0.1012      6.908 -1240.7455 1.3082e+03    -0.2053     -0.569     -0.825    31.3393   995.2447 0.0000e+00
     -0.581 -4.401e-20     6.6557     90.094      1.143   1.288054    -0.1120      6.906 -1240.7455 1.3191e+03    -0.2298     -0.569     -0.826    31.3387   995.2448 0.0000e+00
     -0.581 -4.837e-19     6.6567     90.106      1.165   1.312151    -0.1046      6.903 -1240.7455 1.2963e+03    -0.2654     -0.569     -0.826    31.3378   995.2452 0.0000e+00
     -0.581 -5.320e-18     6.6575     90.116      1.177   1.325862    -0.0989      6.903 -1240.7455 1.2668e+03    -0.2757     -0.569     -0.826    31.3369   995.2454 0.0000e+00
     -0.581 -5.853e-17     6.6578     90.118      1.178   1.327120    -0.1035      6.906 -1240.7455 1.2553e+03    -0.3543     -0.570     -0.826    31.3362   995.2457 0.0000e+00
     -0.581 -6.438e-16     6.6580     90.119      1.178   1.327362    -0.0995      6.907 -1240.7455 1.2483e+03    -0.4947     -0.569     -0.826    31.3351   995.2460 0.0000e+00
     -0.581 -7.082e-15     6.6589     90.130      1.179   1.328789    -0.0934      6.906 -1240.7455 1.2390e+03    -0.5311     -0.569     -0.826    31.3337   995.2464 0.0000e+00
     -0.581 -7.790e-14     6.6598     90.141      1.193   1.344366    -0.0997      6.905 -1240.7455 1.2481e+03    -0.4991     -0.569     -0.826    31.3327   995.2467 0.0000e+00
     -0.581 -8.569e-13     6.6600     90.141      1.232   1.388991    -0.1062      6.906 -1240.7455 1.2228e+03    -0.4690     -0.570     -0.827    31.3315   995.2471 0.0000e+00
     -0.581 -9.426e-12     6.6607     90.149      1.320   1.488186    -0.1021      6.909 -1240.7455 1.0905e+03    -0.4622     -0.570     -0.826    31.3304   995.2475 0.0000e+00
     -0.581 -1.037e-10     6.6622     90.169      1.470   1.656682    -0.1025      6.910 -1240.7455 9.0931e+02    -0.4502     -0.570     -0.826    31.3298   995.2476 0.0000e+00
     -0.581 -1.140e-09     6.6628     90.177      1.635   1.842250    -0.1110      6.909 -1240.7455 8.1529e+02    -0.4221     -0.570     -0.826    31.3287   995.2480 0.0000e+00
     -0.581 -1.255e-08     6.6627     90.174      1.850   2.084491    -0.1008      6.909 -1240.7455 7.2614e+02    -0.3516     -0.570     -0.827    31.3277   995.2483 0.0000e+00
     -0.581 -1.380e-07     6.6645     90.197      2.215   2.494655    -0.0831      6.912 -1240.7455 5.9138e+02    -0.1876     -0.570     -0.827    31.3268   995.2486 0.0000e+00
     -0.582 -2.530e-07     6.6678     90.237      2.551   2.873010    -0.0785      6.912 -1240.7455 6.2456e+02    -0.0776     -0.570     -0.827    31.3257   995.2489 0.0000e+00
     -0.582 -1.380e-07     6.6718     90.286      2.762   3.110784    -0.0796      6.910 -1240.7455 6.5646e+02    -0.0709     -0.570     -0.827    31.3255   995.2490 0.0000e+00
     -0.581 -1.255e-08     6.6773     90.357      3.023   3.405244    -0.0795      6.908 -1240.7455 4.9229e+02    -0.1386     -0.569     -0.826    31.3257   995.2490 0.0000e+00
     -0.581 -1.140e-09     6.6833     90.436      3.180   3.581837    -0.0780      6.905 -1240.7455 5.2449e+02    -0.3066     -0.570     -0.826    31.3242   995.2495 0.0000e+00
     -0.581 -1.037e-10     6.6889     90.511      3.082   3.471714    -0.0865      6.901 -1240.7455 8.3729e+02    -0.4638     -0.570     -0.827    31.3203   995.2507 0.0000e+00
     -0.581 -9.425e-12     6.6947     90.587      2.910   3.277714    -0.0963      6.897 -1240.7455 9.9689e+02    -0.5315     -0.570     -0.827    31.3165   995.2519 0.0000e+00
     -0.581 -8.565e-13     6.6997     90.653      2.785   3.137198    -0.0918      6.893 -1240.7455 8.8479e+02    -0.5354     -0.570     -0.827    31.3148   995.2525 0.0000e+00
     -0.581 -7.790e-14     6.7037     90.705      2.699   3.040057    -0.0851      6.892 -1240.7455 7.1339e+02    -0.5107     -0.570     -0.827    31.3138   995.2528 0.0000e+00
     -0.581 -7.063e-15     6.7075     90.754      2.598   2.926936    -0.0842      6.893 -1240.7455 5.6117e+02    -0.4952     -0.570     -0.826    31.3126   995.2532 0.0000e+00
     -0.581 -4.576e-16     6.7132     90.829      2.471   2.783301    -0.0901      6.894 -1240.7455 4.0126e+02    -0.5116     -0.570     -0.827    31.3119   995.2534 0.0000e+00
     -0.581 1.9868e-15     6.7214     90.938      2.339   2.634036    -0.1037      6.895 -1240.7455 3.2442e+02    -0.5126     -0.570     -0.827    31.3109   995.2537 0.0000e+00
     -0.581 2.2493e-14     6.7313     91.068      2.234   2.516191    -0.1097      6.895 -1240.7455 3.3460e+02    -0.5081     -0.570     -0.827    31.3096   995.2541 0.0000e+00
     -0.581 2.4748e-13     6.7438     91.236      2.163   2.435619    -0.0947      6.895 -1240.7455 3.3252e+02    -0.5222     -0.570     -0.827    31.3084   995.2545 0.0000e+00
     -0.581 2.7223e-12     6.7588     91.435      2.093   2.356845    -0.0783      6.895 -1240.7455 3.2407e+02    -0.5184     -0.570     -0.826    31.3068   995.2550 0.0000e+00
     -0.582 2.9945e-11     6.7751     91.652      2.008   2.260739    -0.0838      6.897 -1240.7455 3.7509e+02    -0.5278     -0.570     -0.827    31.3049   995.2555 0.0000e+00
     -0.582 3.2940e-10     6.7927     91.887      1.919   2.160681    -0.0920      6.899 -1240.7452 4.5090e+02    -0.5375     -0.570     -0.827    31.3032   995.2561 0.0000e+00
     -0.581 3.6234e-09     6.8102     92.122      1.863   2.097490    -0.0908      6.899 -1240.7427 5.3041e+02    -0.5053     -0.570     -0.827    31.3016   995.2565 0.0000e+00
     -0.581 3.9857e-08     6.8264     92.339      1.836   2.066957    -0.0948      6.898 -1240.7151 7.1862e+02    -0.4990     -0.570     -0.827    31.2992   995.2572 0.0000e+00
     -0.581 4.3843e-07     6.8428     92.555      1.816   2.044961    -0.0981      6.897 -1240.4112 9.3142e+02    -0.5266     -0.570     -0.826    31.2973   995.2579 0.0000e+00
     -0.581      0.000     6.8640     92.832      1.852   2.084987    -0.0959      6.896 -1237.0687 1.0254e+03    -0.5116     -0.570     -0.826    31.2950   995.2586 0.0000e+00
     -0.581      0.000     6.8940     93.221      2.042   2.297461    -0.0934      6.906 -1200.3008 1.0466e+03    -0.4814     -0.569     -0.826    31.2950   995.2587 0.0000e+00
     -0.581      0.001     6.9329     93.716      3.147   3.536809    -0.0861      7.057  -795.8541 1.0584e+03    -0.4894     -0.570     -0.827    31.2924   995.2594 0.0000e+00
     -0.581      0.006     6.9855     94.280      9.302  10.416385    -0.0762      7.421   -76.3951 1.0028e+03    -0.5089     -0.569     -0.826    31.2919   995.2595 0.0000e+00
     -0.581      0.026     7.0749     94.899     21.456  23.854898    -0.0866      7.830   271.5765 8.1304e+02    -0.6196     -0.571     -0.828    31.2818   995.2626 0.0000e+00
     -0.581      0.062     7.2084     95.544     31.297  34.436288    -0.2462      8.197   259.1353 6.3964e+02    -1.9588     -0.570     -0.827    31.2782   995.2639 0.0000e+00
     -0.579      0.109     7.3480     96.124     34.502  37.497885    -0.5328      8.544   244.5877 5.6290e+02    -4.3785     -0.571     -0.828    31.2546   995.2710 0.0000e+00
     -0.559      0.155     7.4661     96.619     34.913  37.519660    -0.6813      8.816   240.8309 4.8398e+02    -5.6241     -0.564     -0.817    31.2590   995.2705 0.0000e+00
     -0.501      0.194     7.5661     97.079     35.087  37.364810    -0.6643      8.989   231.4364 4.7260e+02    -5.3858     -0.504     -0.730    30.9786   995.3625 0.0000e+00
     -0.416      0.222     7.6501     97.514     35.249  37.275410    -0.3005      9.104   219.1890 6.3254e+02    -1.6284     -0.405     -0.587    30.1137   995.6310 0.0000e+00
     -0.335      0.239     7.7188     97.934     35.413  37.263480     0.3881      9.192   210.9673 9.3512e+02     5.2967     -0.319     -0.464    29.2746   995.8830 0.0000e+00
     -0.274      0.244     7.7777     98.375     35.611  37.347217     0.7693      9.254   196.6439 1.2802e+03     9.0650     -0.262     -0.381    28.6968   996.0522 0.0000e+00
     -0.227      0.238     7.8313     98.857     35.797  37.462512     0.8144      9.287   195.5424 1.4388e+03     9.2610     -0.224     -0.324    28.1978   996.1963 0.0000e+00
     -0.180      0.224     7.8838     99.410     35.890  37.514843     0.9593      9.288   214.7711 1.3446e+03     7.4692     -0.182     -0.262    27.8289   996.3014 0.0000e+00
     -0.121      0.209     7.9288     99.961     35.916  37.535557     1.2207      9.271   226.3414 1.2062e+03     4.0816     -0.122     -0.177    27.5769   996.3726 0.0000e+00
     -0.054      0.189     7.9548    100.368     35.934  37.586004     1.3559      9.253   227.6313 1.1650e+03     2.2220     -0.051     -0.074    27.4092   996.4198 0.0000e+00
      0.006      0.161     7.9636    100.603     35.916  37.617049     1.3544      9.238   227.9571 1.2314e+03     2.0588      0.014      0.020    27.3037   996.4496 0.0000e+00
      0.048      0.124     7.9613    100.668     35.797  37.530157     1.3506      9.222   228.3017 1.2051e+03     2.0754      0.052      0.076    27.2400   996.4674 0.0000e+00
      0.073      0.081     7.9523    100.541     35.641  37.360624     1.3619      9.205   228.7875 1.0296e+03     2.0951      0.077      0.111    27.2242   996.4719 0.0000e+00
      0.080      0.039     7.9186     99.953     35.566  37.217570     1.3694      9.187   229.0130 8.7930e+02     2.0683      0.084      0.122    27.2838   996.4555 0.0000e+00
      0.075      0.005     7.8269     98.541     35.585  37.133353     1.3719      9.168   228.5324 9.2415e+02     2.0453      0.072      0.106    27.3669   996.4323 0.0000e+00
      0.066     -0.014     7.7312     97.081     35.656  37.103880     1.4182      9.146   227.6234 1.2195e+03     2.0794      0.064      0.093    27.4342   996.4134 0.0000e+00
      0.057     -0.019     7.7275     96.828     35.748  37.114950     1.5051      9.123   225.5077 1.3282e+03     2.1201      0.058      0.083    27.4436   996.4108 0.0000e+00
      0.046     -0.013     7.7870     97.429     35.828  37.140116     1.5554      9.101   223.3424 1.1590e+03     2.1120      0.043      0.062    27.3346   996.4410 0.0000e+00
      0.039      0.001     7.8233     97.799     35.875  37.154177     1.5577      9.079   223.5544 1.1545e+03     2.1114      0.034      0.049    27.1652   996.4879 0.0000e+00
      0.040      0.016     7.8184     97.687     35.899  37.157967     1.5509      9.058   224.0276 1.3747e+03     2.1129      0.038      0.056    27.0134   996.5298 0.0000e+00
      0.049      0.028     7.7901     97.292     35.942  37.185909     1.5936      9.037   222.1805 1.5089e+03     2.1306      0.046      0.066    26.8936   996.5627 0.0000e+00
      0.064      0.037     7.7616     96.906     36.005  37.238090     1.6842      9.016   211.9762 1.3009e+03     2.2266      0.062      0.090    26.8111   996.5854 0.0000e+00
      0.082      0.040     7.7483     96.732     36.050  37.281078     1.7281      8.998   194.8617 1.1398e+03     2.2910      0.084      0.122    26.7693   996.5969 0.0000e+00
      0.094      0.037     7.7267     96.474     36.087  37.324836     1.7254      8.980   184.6614 1.2628e+03     2.2867      0.094      0.137    26.7490   996.6025 0.0000e+00
      0.101      0.029     7.6796     95.902     36.140  37.386326     1.7547      8.960   182.1702 1.4091e+03     2.2727      0.100      0.144    26.7213   996.6102 0.0000e+00
      0.105      0.019     7.6320     95.308     36.205  37.453286     1.8224      8.940   180.9162 1.4152e+03     2.2534      0.103      0.150    26.7000   996.6159 0.0000e+00
      0.108      0.010     7.5991     94.883     36.255  37.499691     1.8676      8.923   179.9964 1.2362e+03     2.2495      0.106      0.154    26.6970   996.6168 0.0000e+00
      0.110      0.004     7.5692     94.495     36.265  37.503079     1.8766      8.911   178.9645 1.1247e+03     2.2582      0.110      0.159    26.7071   996.6141 0.0000e+00
      0.110      0.004     7.5263     93.957     36.257  37.494249     1.8706      8.902   177.7320 1.1085e+03     2.2606      0.108      0.157    26.7213   996.6102 0.0000e+00
      0.107      0.009     7.4613     93.164     36.274  37.519873     1.8553      8.895   176.6238 1.1296e+03     2.2787      0.105      0.151    26.7211   996.6102 0.0000e+00
      0.105      0.016     7.3829     92.212     36.301  37.559007     1.8478      8.885   175.8041 1.1636e+03     2.3122      0.102      0.148    26.7091   996.6135 0.0000e+00
      0.108      0.022     7.3053     91.253     36.323  37.586590     1.8577      8.872   175.2196 1.1466e+03     2.3052      0.101      0.147    26.6986   996.6164 0.0000e+00
      0.119      0.027     7.2292     90.294     36.340  37.599483     1.8799      8.862   174.8916 1.2263e+03     2.1952      0.114      0.165    26.6944   996.6176 0.0000e+00
      0.136      0.028     7.1605     89.419     36.335  37.587942     1.8994      8.856   174.6770 1.2764e+03     2.0634      0.135      0.197    26.7076   996.6141 0.0000e+00
      0.147      0.025     7.1125     88.805     36.328  37.573981     1.9116      8.850   175.2920 1.1634e+03     2.0545      0.147      0.214    26.7318   996.6076 0.0000e+00
      0.151      0.020     7.0829     88.420     36.319  37.557626     1.9153      8.841   185.6835 1.0873e+03     2.0881      0.149      0.216    26.7383   996.6058 0.0000e+00
      0.151      0.012     7.0569     88.070     36.291  37.517125     1.8484      8.831   205.3317 1.0593e+03     2.1089      0.148      0.214    26.7285   996.6085 0.0000e+00
      0.150      0.005     7.0300     87.710     36.251  37.465120     1.7269      8.819   215.9989 1.0503e+03     2.1751      0.147      0.213    26.7161   996.6119 0.0000e+00
      0.150      0.002     7.0102     87.447     36.231  37.436610     1.6684      8.804   209.3482 1.1367e+03     2.2335      0.147      0.214    26.7088   996.6140 0.0000e+00
      0.151      0.001     7.0090     87.423     36.226  37.426300     1.6708      8.789   194.4382 1.1783e+03     2.2579      0.148      0.215    26.7012   996.6159 0.0000e+00
      0.151      0.002     7.0389     87.790     36.207  37.403944     1.6772      8.778   193.3477 1.1118e+03     2.2729      0.148      0.214    26.6829   996.6209 0.0000e+00
      0.152      0.002     7.0978     88.524     36.223  37.420197     1.6855      8.768   203.5617 1.0734e+03     2.2179      0.149      0.217    26.6644   996.6260 0.0000e+00
      0.152      0.002     7.1720     89.456     36.293  37.495859     1.7013      8.758   207.8914 1.0679e+03     2.1176      0.149      0.216    26.6551   996.6284 0.0000e+00
      0.153      0.003     7.2523     90.471     36.347  37.557082     1.7119      8.749   212.2282 1.0610e+03     2.0764      0.150      0.217    26.6504   996.6298 0.0000e+00
      0.153      0.004     7.3336     91.506     36.369  37.589170     1.7194      8.741   209.0203 1.0984e+03     2.0469      0.150      0.218    26.6450   996.6313 0.0000e+00
      0.153      0.005     7.4070     92.442     36.399  37.629952     1.7477      8.733   193.6260 1.1238e+03     2.0236      0.149      0.216    26.6454   996.6311 0.0000e+00
      0.155      0.006     7.4635     93.160     36.432  37.669340     1.7847      8.728   182.7735 1.1313e+03     2.0567      0.152      0.220    26.6492   996.6300 0.0000e+00
      0.159      0.008     7.5022     93.653     36.443  37.684563     1.7944      8.726   179.5887 1.1687e+03     2.0868      0.156      0.226    26.6562   996.6282 0.0000e+00
