Data/DataNotYetUploadedToEDI/CTD_2019/070119_fcr45.cnv
* Sea-Bird SBE19plus  Data File:
* FileName = C:\DATA\070119_fcr_0009.hex
* Software version 2.8.0.119 SB_Terminal.dll
* Temperature SN = 7809
* Conductivity SN = 7809
* System UpLoad Time = Jul 01 2019 16:59:31
* <ApplicationData>
* <Seaterm232>
# nquan = 16
# nvalues = 452                         
# units = specified
# name 0 = depFM: Depth [fresh water, m]
# name 1 = dz/dtM: Descent Rate [m/s]
# name 2 = sbeox0Mg/L: Oxygen, SBE 43 [mg/l]
# name 3 = sbeox0PS: Oxygen, SBE 43 [% saturation]
# name 4 = specc: Specific Conductance [uS/cm]
# name 5 = c0uS/cm: Conductivity [uS/cm]
# name 6 = flECO-AFL: Fluorescence, WET Labs ECO-AFL/FL [mg/m^3]
# name 7 = ph: pH
# name 8 = orp: Oxidation Reduction Potential [mV]
# name 9 = par/sat/log: PAR/Logarithmic, Satlantic
# name 10 = turbWETntu0: Turbidity, WET Labs ECO [NTU]
# name 11 = prdM: Pressure, Strain Gauge [db]
# name 12 = prdE: Pressure, Strain Gauge [psi]
# name 13 = tv290C: Temperature [ITS-90, deg C]
# name 14 = density00: Density [density, kg/m^3]
# name 15 = flag:  0.000e+00
# span 0 =     -0.568,      7.031       
# span 1 =     -0.253,      0.221       
# span 2 =     0.5550,    14.3351       
# span 3 =      5.168,    163.756       
# span 4 =      2.187,     40.345       
# span 5 =   2.061291,  37.569621       
# span 6 =    -0.1252,     6.5724       
# span 7 =      7.229,      9.690       
# span 8 =   -52.9870,   255.0053       
# span 9 = 6.8411e-01, 2.0977e+03       
# span 10 =    -0.9545,    80.4194      
# span 11 =     -0.558,      6.895      
# span 12 =     -0.809,     10.001      
# span 13 =    10.3777,    27.0112      
# span 14 =   996.5297,   999.7159      
# span 15 = 0.0000e+00, 0.0000e+00      
# interval = seconds: 0.25
# start_time = Jul 01 2019 11:51:07 [Instrument's time stamp, header]
# bad_flag = -9.990e-29
*END*
[from data line 91]
      0.220      0.002     6.8013     84.866     35.765  36.966527     1.7812      8.982   226.5744 1.1766e+03     2.0251      0.215      0.312    26.6944   996.6179 0.0000e+00
      0.223      0.002     6.7608     84.339     35.736  36.926830     1.8181      8.967   224.2377 1.2481e+03     2.0234      0.219      0.317    26.6899   996.6192 0.0000e+00
      0.224      0.002     6.7293     83.928     35.723  36.904543     1.8280      8.956   219.5124 1.4877e+03     2.0111      0.221      0.321    26.6907   996.6190 0.0000e+00
      0.223      0.002     6.7030     83.585     35.713  36.887464     1.8233      8.949   216.9349 1.5918e+03     1.9748      0.219      0.318    26.6874   996.6198 0.0000e+00
      0.223      0.001     6.6824     83.315     35.681  36.847264     1.8308      8.946   224.8219 1.5021e+03     1.9121      0.217      0.315    26.6737   996.6236 0.0000e+00
      0.223      0.000     6.6656     83.090     35.641  36.799312     1.8317      8.945   230.5546 1.5032e+03     1.8097      0.218      0.316    26.6581   996.6278 0.0000e+00
      0.224      0.000     6.6478     82.851     35.603  36.751975     1.8252      8.945   229.1190 1.4348e+03     1.7532      0.220      0.319    26.6462   996.6309 0.0000e+00
      0.224      0.001     6.6278     82.585     35.579  36.719219     1.8137      8.946   229.5761 1.2653e+03     1.7537      0.221      0.320    26.6371   996.6335 0.0000e+00
      0.224      0.001     6.6050     82.284     35.588  36.720605     1.7958      8.947   230.6603 1.1409e+03     1.8156      0.220      0.320    26.6286   996.6358 0.0000e+00
      0.223      0.002     6.5792     81.949     35.580  36.705260     1.7829      8.946   230.8710 1.1319e+03     1.9112      0.219      0.318    26.6182   996.6386 0.0000e+00
      0.223      0.003     6.5524     81.602     35.544  36.660611     1.7785      8.945   231.6937 1.2535e+03     1.9591      0.218      0.316    26.6063   996.6418 0.0000e+00
      0.224      0.004     6.5248     81.245     35.515  36.625049     1.7689      8.942   225.6371 1.2628e+03     2.0016      0.220      0.319    26.5945   996.6450 0.0000e+00
      0.227      0.005     6.4958     80.870     35.490  36.592631     1.7369      8.938   216.7497 1.1485e+03     2.0319      0.223      0.324    26.5836   996.6480 0.0000e+00
      0.229      0.006     6.4658     80.483     35.490  36.585992     1.7032      8.933   213.2876 1.1034e+03     2.0307      0.225      0.326    26.5741   996.6506 0.0000e+00
      0.230      0.006     6.4355     80.092     35.518  36.608244     1.6912      8.926   207.7816 1.1351e+03     2.0199      0.226      0.327    26.5654   996.6529 0.0000e+00
      0.231      0.005     6.4062     79.715     35.523  36.607791     1.6871      8.919   209.7169 1.1901e+03     1.9995      0.226      0.328    26.5563   996.6554 0.0000e+00
      0.232      0.005     6.3767     79.335     35.502  36.580499     1.6876      8.914   217.8444 1.1873e+03     1.9477      0.227      0.329    26.5467   996.6580 0.0000e+00
      0.234      0.005     6.3437     78.915     35.461  36.532144     1.6985      8.910   212.5257 1.1413e+03     1.8857      0.229      0.331    26.5373   996.6605 0.0000e+00
      0.235      0.005     6.3107     78.496     35.402  36.467415     1.7056      8.909   202.5397 1.1428e+03     1.8712      0.229      0.333    26.5281   996.6630 0.0000e+00
      0.236      0.005     6.2797     78.105     35.372  36.432570     1.7040      8.909   199.2327 1.2054e+03     1.8382      0.231      0.335    26.5197   996.6653 0.0000e+00
      0.237      0.005     6.2479     77.708     35.368  36.428194     1.7045      8.909   198.6100 1.2114e+03     1.7824      0.233      0.339    26.5116   996.6675 0.0000e+00
      0.239      0.004     6.2159     77.311     35.354  36.414504     1.6947      8.909   198.1945 1.1118e+03     1.8193      0.235      0.341    26.5034   996.6696 0.0000e+00
      0.240      0.002     6.1842     76.917     35.333  36.393990     1.6638      8.908   197.6500 1.0322e+03     1.9240      0.236      0.342    26.4970   996.6714 0.0000e+00
      0.240      0.001     6.1519     76.516     35.310  36.370584     1.6339      8.907   203.6416 1.1107e+03     1.9993      0.236      0.342    26.4930   996.6725 0.0000e+00
      0.240      0.000     6.1203     76.120     35.265  36.321909     1.6191      8.906   217.7249 1.2484e+03     2.0090      0.235      0.341    26.4918   996.6729 0.0000e+00
      0.239     -0.001     6.0908     75.743     35.200  36.249764     1.6322      8.901   220.2860 1.3035e+03     1.9420      0.235      0.341    26.4934   996.6724 0.0000e+00
      0.239     -0.002     6.0630     75.377     35.159  36.196451     1.6716      8.893   207.1621 1.3132e+03     1.8776      0.234      0.339    26.4956   996.6719 0.0000e+00
      0.239     -0.003     6.0361     75.000     35.169  36.185052     1.6963      8.887   200.8379 1.2383e+03     1.8534      0.233      0.338    26.4963   996.6716 0.0000e+00
      0.239     -0.003     6.0123     74.636     35.195  36.175380     1.6967      8.882   210.6723 1.1693e+03     1.8131      0.235      0.341    26.4929   996.6724 0.0000e+00
      0.238     -0.003     5.9932     74.317     35.205  36.142928     1.6764      8.877   224.8873 1.2051e+03     1.7840      0.234      0.340    26.4861   996.6743 0.0000e+00
      0.236     -0.003     5.9761     74.027     35.213  36.109965     1.6424      8.870   224.5500 1.3040e+03     1.7962      0.231      0.336    26.4754   996.6773 0.0000e+00
      0.234     -0.002     5.9606     73.764     35.234  36.094119     1.6324      8.865   212.0151 1.3832e+03     1.7968      0.229      0.331    26.4474   996.6847 0.0000e+00
      0.234     -0.002     5.9484     73.540     35.255  36.078213     1.6421      8.862   209.9586 1.3147e+03     1.7587      0.228      0.332    26.3915   996.6998 0.0000e+00
      0.235     -0.001     5.9379     73.340     35.259  36.044528     1.6301      8.860   219.3031 1.2599e+03     1.7938      0.230      0.334    26.3234   996.7181 0.0000e+00
      0.235      0.001     5.9274     73.147     35.252  36.004132     1.5994      8.857   227.1710 1.3265e+03     1.9263      0.231      0.335    26.2664   996.7334 0.0000e+00
      0.235      0.001     5.9172     72.970     35.246  35.970555     1.5824      8.854   231.2669 1.2816e+03     2.0171      0.231      0.335    26.2162   996.7469 0.0000e+00
      0.235      0.001     5.9079     72.807     35.256  35.955862     1.5806      8.850   225.4629 1.1251e+03     2.0397      0.230      0.333    26.1614   996.7615 0.0000e+00
      0.236      0.000     5.8980     72.639     35.277  35.953384     1.5786      8.844   211.1147 1.0573e+03     2.0360      0.231      0.335    26.1049   996.7767 0.0000e+00
      0.237 -4.100e-07     5.8865     72.459     35.285  35.940564     1.5659      8.838   208.6967 1.2963e+03     2.0055      0.232      0.337    26.0569   996.7895 0.0000e+00
      0.237     -0.000     5.8740     72.274     35.290  35.927756     1.5569      8.833   214.2096 1.5794e+03     1.9650      0.233      0.338    26.0206   996.7991 0.0000e+00
      0.236     -0.000     5.8605     72.076     35.305  35.925441     1.5663      8.829   216.2523 1.3433e+03     1.9727      0.231      0.336    25.9857   996.8084 0.0000e+00
      0.235     -0.001     5.8475     71.877     35.312  35.912550     1.5745      8.826   217.3056 1.0298e+03     2.0007      0.229      0.333    25.9497   996.8178 0.0000e+00
      0.235     -0.002     5.8379     71.716     35.321  35.898801     1.5875      8.823   218.2544 1.2134e+03     2.0087      0.230      0.334    25.9203   996.8257 0.0000e+00
      0.235     -0.002     5.8296     71.576     35.329  35.886101     1.6096      8.821   227.0354 1.4153e+03     2.0363      0.231      0.336    25.8975   996.8316 0.0000e+00
      0.235     -0.001     5.8201     71.427     35.346  35.885904     1.6170      8.817   235.3726 1.4313e+03     2.0398      0.231      0.335    25.8749   996.8377 0.0000e+00
      0.234     -0.001     5.8115     71.292     35.373  35.896398     1.6250      8.812   231.3842 1.6432e+03     2.0181      0.229      0.333    25.8453   996.8456 0.0000e+00
      0.234     -0.001     5.8054     71.187     35.378  35.886014     1.6538      8.806   226.1337 1.6667e+03     2.0356      0.228      0.331    25.8104   996.8547 0.0000e+00
      0.234     -0.001     5.8000     71.092     35.395  35.887266     1.6802      8.799   223.0825 1.2600e+03     2.0552      0.229      0.332    25.7798   996.8628 0.0000e+00
      0.234     -0.002     5.7948     71.000     35.435  35.911520     1.6837      8.792   213.5070 9.5126e+02     2.0253      0.230      0.333    25.7563   996.8690 0.0000e+00
      0.234     -0.004     5.7925     70.942     35.464  35.925362     1.6875      8.788   213.1740 1.0045e+03     2.0023      0.230      0.334    25.7346   996.8747 0.0000e+00
      0.233     -0.006     5.7930     70.920     35.482  35.927664     1.7089      8.785   227.7467 1.1568e+03     2.0398      0.229      0.333    25.7113   996.8809 0.0000e+00
      0.230     -0.006     5.7936     70.906     35.505  35.939329     1.7252      8.780   236.1239 1.1803e+03     2.0513      0.227      0.329    25.6887   996.8868 0.0000e+00
      0.227     -0.006     5.7946     70.904     35.514  35.939444     1.7202      8.772   234.0152 1.1818e+03     2.0112      0.223      0.323    25.6673   996.8924 0.0000e+00
      0.224     -0.007     5.7967     70.914     35.512  35.929039     1.7089      8.764   224.8796 1.1512e+03     1.9806      0.219      0.317    25.6442   996.8985 0.0000e+00
      0.224     -0.009     5.8005     70.939     35.534  35.940457     1.7186      8.758   213.3396 1.1339e+03     1.9433      0.219      0.318    25.6197   996.9048 0.0000e+00
      0.224     -0.011     5.8078     71.004     35.557  35.950540     1.7425      8.754   213.5647 1.3079e+03     1.8554      0.221      0.321    25.6024   996.9095 0.0000e+00
      0.223     -0.012     5.8183     71.114     35.540  35.923990     1.7547      8.751   219.0828 1.4443e+03     1.7698      0.221      0.319    25.5942   996.9117 0.0000e+00
      0.218     -0.012     5.8303     71.254     35.494  35.873309     1.7539      8.748   219.6588 1.2707e+03     1.7608      0.215      0.312    25.5842   996.9142 0.0000e+00
      0.210     -0.010     5.8442     71.420     35.469  35.845519     1.7500      8.746   227.2406 1.0952e+03     1.8442      0.205      0.297    25.5668   996.9187 0.0000e+00
      0.204     -0.006     5.8590     71.599     35.466  35.841857     1.7507      8.742   235.0398 1.0551e+03     1.9913      0.199      0.288    25.5453   996.9243 0.0000e+00
      0.204     -0.001     5.8727     71.764     35.455  35.829029     1.7541      8.736   235.2314 1.0435e+03     2.0650      0.199      0.289    25.5299   996.9282 0.0000e+00
      0.207      0.004     5.8830     71.885     35.445  35.817354     1.7561      8.730   227.7509 1.1175e+03     2.0471      0.203      0.294    25.5261   996.9293 0.0000e+00
      0.212      0.009     5.8882     71.945     35.458  35.827634     1.7574      8.722   212.8222 1.1571e+03     2.0038      0.208      0.302    25.5253   996.9296 0.0000e+00
      0.217      0.011     5.8881     71.940     35.459  35.826376     1.7871      8.712   203.7498 1.0816e+03     1.9032      0.214      0.310    25.5238   996.9299 0.0000e+00
      0.220      0.011     5.8822     71.864     35.437  35.802145     1.8468      8.700   203.1511 9.5120e+02     1.8133      0.217      0.314    25.5218   996.9305 0.0000e+00
      0.221      0.010     5.8727     71.744     35.426  35.788526     1.8809      8.687   211.2611 8.9698e+02     1.8015      0.217      0.314    25.5188   996.9313 0.0000e+00
      0.222      0.008     5.8636     71.629     35.428  35.788649     1.8869      8.675   218.7795 9.5920e+02     1.7934      0.218      0.315    25.5156   996.9321 0.0000e+00
      0.224      0.008     5.8560     71.533     35.445  35.803633     1.8848      8.667   218.9434 1.0467e+03     1.8139      0.220      0.320    25.5121   996.9331 0.0000e+00
      0.226      0.008     5.8492     71.446     35.485  35.842753     1.8816      8.663   218.8354 1.1077e+03     1.9182      0.222      0.322    25.5089   996.9339 0.0000e+00
      0.229      0.008     5.8423     71.360     35.524  35.880823     1.8825      8.662   213.5154 1.1025e+03     2.0052      0.225      0.326    25.5062   996.9346 0.0000e+00
      0.232      0.006     5.8369     71.292     35.527  35.883111     1.8782      8.661   207.1908 9.7546e+02     2.0147      0.227      0.330    25.5033   996.9354 0.0000e+00
      0.235      0.001     5.8354     71.268     35.517  35.870417     1.8301      8.657   202.8494 7.9404e+02     1.9338      0.230      0.335    25.5008   996.9361 0.0000e+00
      0.236     -0.003     5.8427     71.347     35.507  35.854273     1.7432      8.654   198.8823 9.2436e+02     1.8133      0.233      0.338    25.4982   996.9367 0.0000e+00
      0.235     -0.003     5.8631     71.582     35.476  35.814855     1.7032      8.651   197.7698 1.1944e+03     1.7703      0.232      0.337    25.4962   996.9372 0.0000e+00
      0.229     -0.001     5.8912     71.916     35.441  35.774620     1.7021      8.641   197.4000 1.1652e+03     1.7755      0.225      0.327    25.4955   996.9374 0.0000e+00
      0.222      0.002     5.9202     72.267     35.416  35.748598     1.6774      8.631   198.9719 1.0967e+03     1.8104      0.215      0.312    25.4932   996.9380 0.0000e+00
      0.222      0.003     5.9482     72.610     35.421  35.754106     1.6471      8.625   200.8576 1.1562e+03     1.8974      0.214      0.309    25.4840   996.9404 0.0000e+00
      0.231     -0.001     5.9727     72.913     35.505  35.841216     1.6394      8.619   199.2925 1.2190e+03     1.9749      0.227      0.328    25.4697   996.9442 0.0000e+00
      0.241     -0.017     5.9925     73.163     35.635  35.976732     1.6450      8.615   196.9119 1.2220e+03     2.0266      0.241      0.349    25.4614   996.9464 0.0000e+00
      0.242     -0.051     6.0242     73.573     35.705  36.059761     1.6979      8.612   196.5088 1.0734e+03     1.9991      0.240      0.348    25.4621   996.9462 0.0000e+00
      0.235     -0.101     6.1082     74.668     35.693  36.083496     1.7847      8.603   196.2254 9.1564e+02     1.8707      0.234      0.341    25.4626   996.9460 0.0000e+00
      0.212     -0.159     6.2778     76.843     35.633  36.073354     1.8187      8.593   194.6896 1.0459e+03     1.7855      0.220      0.319    25.4666   996.9450 0.0000e+00
      0.162     -0.210     6.5204     79.889     35.524  36.000687     1.8141      8.586   193.3413 1.4118e+03     1.7883      0.168      0.244    25.4715   996.9435 0.0000e+00
      0.084     -0.243     6.7883     83.191     35.418  35.903125     1.8072      8.579   193.4316 1.7007e+03     1.8065      0.086      0.124    25.4772   996.9417 0.0000e+00
     -0.007     -0.253     7.0373     86.233     35.429  35.909265     1.7440      8.562   194.4051 1.8225e+03     1.9067     -0.008     -0.012    25.5273   996.9281 0.0000e+00
     -0.092     -0.238     7.2395     88.723     35.649  36.138389     1.6309      8.535   196.1633 1.8804e+03     2.1148     -0.098     -0.141    25.6222   996.9029 0.0000e+00
     -0.158     -0.205     7.3799     90.579     35.963  36.515441     1.5752      8.516   209.7848 1.8856e+03     2.2917     -0.163     -0.237    25.6836   996.8864 0.0000e+00
     -0.200     -0.165     7.4873     92.261     36.078  36.786934     1.5827      8.510   235.0333 1.8696e+03     2.7671     -0.205     -0.296    25.6845   996.8860 0.0000e+00
     -0.221     -0.128     7.6513     94.801     35.960  36.882351     1.6166      8.505   248.3134 1.8794e+03     7.7310     -0.220     -0.318    25.6708   996.8895 0.0000e+00
