Data/DataNotYetUploadedToEDI/CTD_2019/070119_fcr10.cnv
* Sea-Bird SBE19plus  Data File:
* FileName = C:\DATA\070119_fcr_0006.hex
* Software version 2.8.0.119 SB_Terminal.dll
* Temperature SN = 7809
* Conductivity SN = 7809
* System UpLoad Time = Jul 01 2019 16:58:46
* <ApplicationData>
* <Seaterm232>
# nquan = 16
# nvalues = 346                         
# units = specified
# name 0 = depFM: Depth [fresh water, m]
# name 1 = dz/dtM: Descent Rate [m/s]
# name 2 = sbeox0Mg/L: Oxygen, SBE 43 [mg/l]
# name 3 = sbeox0PS: Oxygen, SBE 43 [% saturation]
# name 4 = specc: Specific Conductance [uS/cm]
# name 5 = c0uS/cm: Conductivity [uS/cm]
# name 6 = flECO-AFL: Fluorescence, WET Labs ECO-AFL/FL [mg/m^3]
# name 7 = ph: pH
# name 8 = orp: Oxidation Reduction Potential [mV]
# name 9 = par/sat/log: PAR/Logarithmic, Satlantic
# name 10 = turbWETntu0: Turbidity, WET Labs ECO [NTU]
# name 11 = prdM: Pressure, Strain Gauge [db]
# name 12 = prdE: Pressure, Strain Gauge [psi]
# name 13 = tv290C: Temperature [ITS-90, deg C]
# name 14 = density00: Density [density, kg/m^3]
# name 15 = flag:  0.000e+00
# span 0 =     -0.582,      2.871       
# span 1 =     -0.281,      0.244       
# span 2 =    -1.5281,     9.9056       
# span 3 =    -16.815,    122.753       
# span 4 =      1.143,    285.052       
# span 5 =   1.287949, 249.358323       
# span 6 =    -0.6813,     9.4753       
# span 7 =      6.765,      9.288       
# span 8 = -1240.7455,   271.5765       
# span 9 = 8.3650e+00, 1.7598e+03       
# span 10 =    -5.6241,   210.3713      
# span 11 =     -0.571,      2.816      
# span 12 =     -0.828,      4.084      
# span 13 =    18.6724,    31.3420      
# span 14 =   995.2438,   998.5867      
# span 15 = 0.0000e+00, 0.0000e+00      
# interval = seconds: 0.25
# start_time = Jul 01 2019 11:29:23 [Instrument's time stamp, header]
# bad_flag = -9.990e-29
*END*
[from data line 181]
      0.353      0.012     7.2068     89.585     35.544  36.596147     2.4637      8.298   178.4189 1.5880e+02     2.2980      0.346      0.501    27.1911   996.4822 0.0000e+00
      0.356      0.015     8.0055     99.331     35.606  36.583765     2.4710      8.298   178.5017 1.6119e+02     2.2903      0.349      0.506    27.1089   996.5048 0.0000e+00
      0.360      0.017     8.7164    108.039     35.644  36.579835     2.4912      8.296   178.5640 1.6153e+02     2.3061      0.353      0.513    26.8706   996.5703 0.0000e+00
      0.365      0.017     9.2856    115.036     35.696  36.612045     2.5177      8.290   178.7422 1.6156e+02     2.3247      0.358      0.519    26.6206   996.6385 0.0000e+00
      0.371      0.016     9.6752    119.850     35.743  36.655818     2.5396      8.281   179.0207 1.6040e+02     2.3193      0.364      0.528    26.4494   996.6849 0.0000e+00
      0.376      0.015     9.8751    122.348     35.745  36.664776     2.5475      8.275   179.3510 1.5777e+02     2.3053      0.369      0.536    26.3505   996.7116 0.0000e+00
      0.380      0.013     9.9056    122.753     35.729  36.656894     2.5350      8.271   179.6377 1.5475e+02     2.2870      0.373      0.542    26.2963   996.7262 0.0000e+00
      0.382      0.012     9.8174    121.670     35.756  36.687483     2.5200      8.262   179.7348 1.5141e+02     2.2620      0.375      0.545    26.2685   996.7337 0.0000e+00
      0.382      0.011     9.6730    119.887     35.783  36.717262     2.5215      8.246   179.6648 1.4744e+02     2.2654      0.374      0.543    26.2637   996.7350 0.0000e+00
      0.385      0.009     9.5193    117.993     35.762  36.699593     2.5275      8.229   179.6518 1.4265e+02     2.2953      0.377      0.546    26.2778   996.7312 0.0000e+00
      0.390      0.008     9.3828    116.309     35.725  36.664279     2.5223      8.217   179.8350 1.3920e+02     2.2961      0.383      0.555    26.2971   996.7260 0.0000e+00
      0.394      0.010     9.2755    114.972     35.672  36.607639     2.5026      8.212   180.0732 1.3985e+02     2.2751      0.387      0.561    26.2967   996.7262 0.0000e+00
      0.394      0.011     9.1989    113.987     35.602  36.522535     2.4795      8.210   180.2092 1.4483e+02     2.2696      0.388      0.563    26.2967   996.7262 0.0000e+00
      0.392      0.011     9.1461    113.268     35.563  36.460417     2.4683      8.211   180.1887 1.5326e+02     2.2959      0.382      0.555    26.3058   996.7237 0.0000e+00
      0.395      0.010     9.1092    112.729     35.558  36.427785     2.4719      8.211   180.0842 1.6280e+02     2.3309      0.384      0.557    26.3110   996.7223 0.0000e+00
      0.404      0.009     9.0839    112.348     35.536  36.381824     2.4964      8.210   180.1502 1.6862e+02     2.2661      0.398      0.577    26.3090   996.7228 0.0000e+00
      0.410      0.009     9.0654    112.082     35.517  36.348961     2.5226      8.206   180.3847 1.6872e+02     2.1036      0.406      0.588    26.2935   996.7271 0.0000e+00
      0.408      0.009     9.0504    111.869     35.526  36.347781     2.5276      8.200   180.5954 1.6432e+02     2.0375      0.401      0.582    26.2592   996.7362 0.0000e+00
      0.406      0.007     9.0394    111.696     35.558  36.367549     2.5231      8.192   180.8048 1.5564e+02     2.0889      0.395      0.574    26.2126   996.7487 0.0000e+00
      0.407      0.006     9.0296    111.534     35.601  36.397542     2.5202      8.180   181.0240 1.4501e+02     2.1678      0.398      0.577    26.1758   996.7585 0.0000e+00
      0.411      0.007     9.0163    111.344     35.605  36.393040     2.5183      8.164   181.2663 1.3628e+02     2.2376      0.405      0.587    26.1629   996.7620 0.0000e+00
      0.414      0.010     8.9984    111.118     35.591  36.376574     2.5181      8.151   181.4979 1.3188e+02     2.2443      0.407      0.590    26.1535   996.7646 0.0000e+00
      0.415      0.011     8.9782    110.876     35.601  36.388862     2.5263      8.142   181.5873 1.3213e+02     2.2498      0.406      0.589    26.1332   996.7699 0.0000e+00
      0.417      0.011     8.9595    110.661     35.621  36.414675     2.5568      8.138   181.5727 1.3599e+02     2.2710      0.409      0.592    26.1086   996.7766 0.0000e+00
      0.422      0.010     8.9455    110.514     35.631  36.434803     2.6094      8.136   181.5794 1.4298e+02     2.2383      0.414      0.600    26.0954   996.7802 0.0000e+00
      0.427      0.009     8.9383    110.459     35.627  36.441819     2.6421      8.134   181.6683 1.5192e+02     2.2152      0.420      0.609    26.0952   996.7801 0.0000e+00
      0.429      0.006     8.9388    110.489     35.613  36.436057     2.6405      8.129   181.7869 1.6096e+02     2.2532      0.423      0.613    26.0991   996.7791 0.0000e+00
      0.429      0.002     8.9462    110.589     35.602  36.428621     2.6245      8.124   181.8948 1.6845e+02     2.3054      0.422      0.611    26.1058   996.7774 0.0000e+00
      0.428     -0.002     8.9578    110.733     35.589  36.415390     2.6037      8.119   181.9403 1.7278e+02     2.2892      0.420      0.609    26.1196   996.7737 0.0000e+00
      0.427     -0.006     8.9677    110.844     35.581  36.403022     2.5888      8.115   181.9940 1.7332e+02     2.2537      0.419      0.608    26.1403   996.7681 0.0000e+00
      0.426     -0.007     8.9731    110.887     35.592  36.406012     2.5832      8.112   182.2000 1.7159e+02     2.2688      0.418      0.607    26.1531   996.7647 0.0000e+00
      0.423     -0.007     8.9766    110.901     35.584  36.388063     2.5972      8.110   182.2794 1.6969e+02     2.2101      0.414      0.601    26.1558   996.7640 0.0000e+00
      0.419     -0.010     8.9781    110.897     35.581  36.376405     2.6274      8.106   181.8362 1.6974e+02     2.1012      0.411      0.595    26.1556   996.7640 0.0000e+00
      0.417     -0.024     8.9755    110.856     35.661  36.455446     2.6444      8.098   181.0570 1.7284e+02     2.0665      0.409      0.593    26.1513   996.7651 0.0000e+00
      0.417     -0.054     8.9687    110.799     35.776  36.582082     2.6476      8.085   180.4294 1.8086e+02     2.0853      0.409      0.594    26.1385   996.7686 0.0000e+00
      0.417     -0.100     8.9610    110.788     35.801  36.638134     2.6487      8.072   180.0130 2.1853e+02     2.0988      0.412      0.597    26.1213   996.7732 0.0000e+00
      0.403     -0.156     8.9595    110.874     35.753  36.625448     2.6056      8.061   179.7213 3.5881e+02     2.0993      0.408      0.591    26.1105   996.7761 0.0000e+00
      0.357     -0.211     8.9697    111.068     35.723  36.619168     2.5159      8.052   179.5693 5.6603e+02     2.0909      0.365      0.530    26.1013   996.7783 0.0000e+00
      0.277     -0.253     8.9892    111.339     35.719  36.625723     2.4577      8.045   179.6387 6.1781e+02     2.0627      0.278      0.402    26.1067   996.7765 0.0000e+00
      0.181     -0.277     9.0127    111.650     35.727  36.641239     2.4396      8.037   180.4733 4.8591e+02     2.0528      0.176      0.256    26.1579   996.7624 0.0000e+00
      0.087     -0.281     9.0355    111.956     35.757  36.679841     2.3401      8.027   189.3166 3.7721e+02     2.0704      0.078      0.113    26.2247   996.7441 0.0000e+00
      0.010     -0.266     9.0542    112.211     35.779  36.711641     2.1556      8.017   202.1583 3.5401e+02     2.0784     -0.000     -0.001    26.2564   996.7353 0.0000e+00
     -0.044     -0.236     9.0686    112.416     35.767  36.708378     2.0562      8.001   213.8228 3.5852e+02     2.0511     -0.048     -0.070    26.2625   996.7334 0.0000e+00
     -0.088     -0.202     9.0802    112.587     35.754  36.703879     2.0314      7.976   231.0625 3.5590e+02     2.0028     -0.082     -0.119    26.2714   996.7308 0.0000e+00
     -0.135     -0.173     9.0910    112.741     35.764  36.720736     1.8556      7.953   242.2233 3.5680e+02     1.8883     -0.131     -0.190    26.2848   996.7270 0.0000e+00
     -0.182     -0.152     9.0990    112.853     35.760  36.721787     1.5441      7.938   243.2827 3.7678e+02     1.7478     -0.184     -0.269    26.2954   996.7239 0.0000e+00
     -0.218     -0.136     9.1015    112.891     35.753  36.716594     1.3862      7.931   243.4415 3.9886e+02     2.1068     -0.215     -0.313    26.3084   996.7203 0.0000e+00
     -0.245     -0.116     9.0972    112.845     35.755  36.721425     1.4113      7.923   243.5414 4.8013e+02     6.9503     -0.239     -0.346    26.3239   996.7160 0.0000e+00
     -0.273     -0.090     9.0839    112.693     35.746  36.716723     1.7690      7.908   243.8009 8.6629e+02    60.1455     -0.269     -0.390    26.3337   996.7133 0.0000e+00
     -0.300     -0.064     9.0609    112.419     35.748  36.723221     2.4255      7.895   244.0844 1.4593e+03   157.6338     -0.298     -0.433    26.3394   996.7117 0.0000e+00
     -0.317     -0.040     9.0286    112.027     35.758  36.736527     2.7859      7.887   244.3884 1.7598e+03   210.3713     -0.317     -0.460    26.3418   996.7109 0.0000e+00
     -0.320     -0.019     8.9883    111.540     35.768  36.750676     2.7972      7.883   244.6376 1.7446e+03   210.3364     -0.317     -0.461    26.3445   996.7102 0.0000e+00
     -0.312      0.001     8.9445    111.013     35.778  36.767352     2.5016      7.881   244.6022 1.6014e+03   157.6378     -0.305     -0.443    26.3521   996.7082 0.0000e+00
     -0.305      0.021     8.9099    110.596     35.754  36.747740     1.9506      7.875   242.0672 1.3930e+03    60.2588     -0.297     -0.431    26.3580   996.7066 0.0000e+00
     -0.301      0.041     8.8964    110.429     35.712  36.703977     1.6413      7.862   226.3769 1.1630e+03     7.0890     -0.294     -0.427    26.3610   996.7059 0.0000e+00
     -0.297      0.063     8.9004    110.460     35.697  36.682523     1.6057      7.852   200.4708 8.3900e+02     2.2538     -0.293     -0.425    26.3665   996.7044 0.0000e+00
     -0.285      0.088     8.9113    110.558     35.707  36.678747     1.6149      7.856   185.7522 5.3055e+02     1.8622     -0.285     -0.414    26.3773   996.7015 0.0000e+00
     -0.260      0.114     8.9207    110.635     35.701  36.658307     1.6404      7.870   182.8085 3.9526e+02     2.0271     -0.260     -0.377    26.3857   996.6994 0.0000e+00
     -0.221      0.138     8.9270    110.676     35.682  36.625770     1.6617      7.881   181.3986 3.6143e+02     2.3460     -0.220     -0.319    26.3855   996.6995 0.0000e+00
     -0.173      0.158     8.9330    110.706     35.675  36.602690     1.6651      7.887   180.4062 3.4363e+02     2.5056     -0.170     -0.247    26.3777   996.7018 0.0000e+00
     -0.123      0.171     8.9363    110.701     35.659  36.569634     1.6649      7.887   179.6716 3.3076e+02     2.5156     -0.118     -0.172    26.3544   996.7084 0.0000e+00
     -0.078      0.176     8.9350    110.654     35.644  36.543431     1.7284      7.885   179.1415 3.2081e+02     2.4670     -0.076     -0.109    26.3326   996.7145 0.0000e+00
     -0.036      0.176     8.9332    110.611     35.647  36.539735     1.8432      7.882   178.8155 3.0906e+02     2.3770     -0.036     -0.053    26.3205   996.7179 0.0000e+00
      0.007      0.175     8.9355    110.616     35.641  36.524938     1.8994      7.879   178.6544 3.4902e+02     2.3118      0.007      0.009    26.2950   996.7249 0.0000e+00
      0.051      0.175     8.9430    110.682     35.617  36.491441     1.9138      7.877   178.5708 7.5346e+02     2.2687      0.050      0.073    26.2674   996.7324 0.0000e+00
      0.096      0.175     8.9532    110.777     35.589  36.452070     2.0429      7.877   178.4073 1.3165e+03     2.2813      0.095      0.137    26.2539   996.7363 0.0000e+00
      0.141      0.172     8.9602    110.830     35.579  36.429722     2.2726      7.876   178.3117 1.4823e+03     2.3010      0.139      0.200    26.2463   996.7386 0.0000e+00
      0.187      0.167     8.9626    110.824     35.574  36.411627     2.3942      7.874   178.7047 1.2738e+03     2.2767      0.181      0.263    26.2358   996.7416 0.0000e+00
      0.233      0.161     8.9615    110.776     35.536  36.360202     2.4125      7.870   179.4598 9.8629e+02     2.2823      0.229      0.333    26.2210   996.7457 0.0000e+00
      0.276      0.157     8.9565    110.678     35.505  36.315695     2.4853      7.863   180.0418 9.6608e+02     2.3034      0.276      0.400    26.2059   996.7500 0.0000e+00
      0.309      0.156     8.9496    110.552     35.521  36.317784     2.5974      7.858   180.3218 1.0198e+03     2.3030      0.306      0.444    26.1894   996.7545 0.0000e+00
      0.339      0.154     8.9437    110.432     35.541  36.321958     2.6408      7.855   180.6079 8.5416e+02     2.3097      0.328      0.476    26.1697   996.7599 0.0000e+00
      0.377      0.151     8.9387    110.330     35.536  36.302669     2.6368      7.854   181.0919 6.9527e+02     2.3194      0.364      0.530    26.1528   996.7645 0.0000e+00
      0.425      0.151     8.9343    110.243     35.521  36.274951     2.6620      7.849   181.7000 7.1847e+02     2.3220      0.419      0.607    26.1373   996.7689 0.0000e+00
      0.470      0.157     8.9315    110.172     35.500  36.240691     2.7021      7.841   182.2820 7.6146e+02     2.3090      0.468      0.677    26.1167   996.7747 0.0000e+00
      0.505      0.164     8.9295    110.100     35.482  36.205755     2.7226      7.833   182.7944 6.2852e+02     2.2925      0.496      0.719    26.0914   996.7815 0.0000e+00
      0.537      0.167     8.9253    109.994     35.466  36.169868     2.7283      7.828   183.2492 4.3595e+02     2.2861      0.522      0.757    26.0691   996.7876 0.0000e+00
      0.577      0.167     8.9153    109.819     35.439  36.124114     2.7281      7.826   183.5643 3.4094e+02     2.2647      0.562      0.816    26.0559   996.7913 0.0000e+00
      0.629      0.167     8.8941    109.514     35.427  36.096813     2.7899      7.823   183.7657 3.0135e+02     2.2636      0.615      0.892    26.0399   996.7958 0.0000e+00
      0.683      0.166     8.8619    109.086     35.436  36.093637     2.9290      7.820   183.9632 2.6084e+02     2.2716      0.675      0.979    26.0140   996.8028 0.0000e+00
      0.727      0.162     8.8188    108.531     35.436  36.085690     3.0145      7.817   184.2312 2.3407e+02     2.2645      0.718      1.041    25.9866   996.8104 0.0000e+00
      0.761      0.155     8.7644    107.838     35.424  36.064179     3.0257      7.812   184.5977 2.1488e+02     2.2757      0.745      1.080    25.9594   996.8177 0.0000e+00
      0.795      0.148     8.7101    107.142     35.394  36.023945     3.0727      7.808   184.9535 1.9863e+02     2.2764      0.780      1.130    25.9361   996.8240 0.0000e+00
      0.829      0.144     8.6620    106.519     35.362  35.980038     3.1761      7.804   185.2631 1.8813e+02     2.2723      0.814      1.181    25.9207   996.8282 0.0000e+00
      0.864      0.143     8.6177    105.941     35.372  35.977568     3.2521      7.802   185.5020 1.8448e+02     2.2923      0.845      1.226    25.9097   996.8314 0.0000e+00
      0.903      0.143     8.5810    105.458     35.399  35.994063     3.2807      7.800   185.6055 1.8837e+02     2.2883      0.885      1.282    25.8987   996.8345 0.0000e+00
      0.944      0.141     8.5580    105.153     35.403  35.989051     3.2792      7.798   185.7396 1.9815e+02     2.2566      0.927      1.346    25.8845   996.8384 0.0000e+00
      0.982      0.136     8.5525    105.068     35.401  35.980424     3.2607      7.796   185.9189 2.1525e+02     2.2692      0.965      1.402    25.8686   996.8427 0.0000e+00
      1.015      0.130     8.5626    105.178     35.379  35.953215     3.2558      7.795   185.9666 2.3855e+02     2.3095      0.997      1.446    25.8499   996.8477 0.0000e+00
      1.045      0.123     8.5810    105.388     35.346  35.913938     3.2635      7.792   186.0583 2.6253e+02     2.3184      1.026      1.487    25.8315   996.8528 0.0000e+00
