Data/DataNotYetUploadedToEDI/CTD_2019/070119_fcr45.cnv
* Sea-Bird SBE19plus  Data File:
* FileName = C:\DATA\070119_fcr_0009.hex
* Software version 2.8.0.119 SB_Terminal.dll
* Temperature SN = 7809
* Conductivity SN = 7809
* System UpLoad Time = Jul 01 2019 16:59:31
* <ApplicationData>
* <Seaterm232>
# nquan = 16
# nvalues = 452                         
# units = specified
# name 0 = depFM: Depth [fresh water, m]
# name 1 = dz/dtM: Descent Rate [m/s]
# name 2 = sbeox0Mg/L: Oxygen, SBE 43 [mg/l]
# name 3 = sbeox0PS: Oxygen, SBE 43 [% saturation]
# name 4 = specc: Specific Conductance [uS/cm]
# name 5 = c0uS/cm: Conductivity [uS/cm]
# name 6 = flECO-AFL: Fluorescence, WET Labs ECO-AFL/FL [mg/m^3]
# name 7 = ph: pH
# name 8 = orp: Oxidation Reduction Potential [mV]
# name 9 = par/sat/log: PAR/Logarithmic, Satlantic
# name 10 = turbWETntu0: Turbidity, WET Labs ECO [NTU]
# name 11 = prdM: Pressure, Strain Gauge [db]
# name 12 = prdE: Pressure, Strain Gauge [psi]
# name 13 = tv290C: Temperature [ITS-90, deg C]
# name 14 = density00: Density [density, kg/m^3]
# name 15 = flag:  0.000e+00
# span 0 =     -0.568,      7.031       
# span 1 =     -0.253,      0.221       
# span 2 =     0.5550,    14.3351       
# span 3 =      5.168,    163.756       
# span 4 =      2.187,     40.345       
# span 5 =   2.061291,  37.569621       
# span 6 =    -0.1252,     6.5724       
# span 7 =      7.229,      9.690       
# span 8 =   -52.9870,   255.0053       
# span 9 = 6.8411e-01, 2.0977e+03       
# span 10 =    -0.9545,    80.4194      
# span 11 =     -0.558,      6.895      
# span 12 =     -0.809,     10.001      
# span 13 =    10.3777,    27.0112      
# span 14 =   996.5297,   999.7159      
# span 15 = 0.0000e+00, 0.0000e+00      
# interval = seconds: 0.25
# start_time = Jul 01 2019 11:51:07 [Instrument's time stamp, header]
# bad_flag = -9.990e-29
*END*
     -0.568 4.9650e-17     8.2904     94.992      2.397   2.257584    -0.1170      7.231   -47.7885 5.8287e+02    -0.2209     -0.557     -0.807    22.0844   997.7585 0.0000e+00
     -0.568 5.5650e-16     8.2889     94.979      2.595   2.443835    -0.1125      7.232   -46.1524 6.0018e+02    -0.2423     -0.557     -0.807    22.0866   997.7579 0.0000e+00
     -0.568 6.1224e-15     8.2880     94.973      2.940   2.769265    -0.1211      7.233   -48.3194 5.3893e+02    -0.3237     -0.557     -0.808    22.0888   997.7575 0.0000e+00
     -0.568 6.7347e-14     8.2874     94.969      3.277   3.087410    -0.1252      7.232   -52.2221 4.1566e+02    -0.4179     -0.557     -0.807    22.0905   997.7571 0.0000e+00
     -0.568 7.4082e-13     8.2860     94.958      3.448   3.248901    -0.1094      7.231   -52.9870 3.4195e+02    -0.4640     -0.557     -0.807    22.0923   997.7567 0.0000e+00
     -0.568 8.1490e-12     8.2850     94.950      3.196   3.010918    -0.1037      7.230   -49.8237 3.2217e+02    -0.4558     -0.557     -0.808    22.0942   997.7563 0.0000e+00
     -0.568 8.9639e-11     8.2861     94.966      2.779   2.617924    -0.1090      7.229   -48.4768 3.1843e+02    -0.4818     -0.557     -0.808    22.0961   997.7559 0.0000e+00
     -0.568 9.8603e-10     8.2874     94.985      2.508   2.362605    -0.0520      7.229   -49.3502 3.1362e+02    -0.5822     -0.556     -0.807    22.0985   997.7554 0.0000e+00
     -0.568 1.0846e-08     8.2874     94.989      2.341   2.205032     0.0571      7.229   -50.3164 3.0445e+02    -0.7192     -0.557     -0.808    22.1007   997.7550 0.0000e+00
     -0.568 1.1931e-07     8.2872     94.990      2.236   2.106742     0.1178      7.229   -51.8992 2.9450e+02    -0.7939     -0.557     -0.808    22.1031   997.7544 0.0000e+00
     -0.568      0.000     8.2869     94.989      2.187   2.061291     0.1270      7.229   -51.3665 2.8784e+02    -0.7978     -0.557     -0.808    22.1045   997.7539 0.0000e+00
     -0.568      0.000     8.2862     94.982      2.227   2.099031     0.0815      7.230   -45.8540 2.9489e+02    -0.8313     -0.557     -0.808    22.1081   997.7532 0.0000e+00
     -0.568      0.000     8.2854     94.976      2.316   2.182870    -0.0068      7.238   -28.0961 2.9911e+02    -0.9038     -0.557     -0.807    22.1087   997.7530 0.0000e+00
     -0.568      0.002     8.2839     94.970      2.588   2.441335    -0.0476      7.291    54.2455 2.6570e+02    -0.9545     -0.556     -0.807    22.1129   997.7518 0.0000e+00
     -0.568      0.009     8.2738     94.964      6.256   5.921113     0.0042      7.430   169.5265 2.2609e+02    -0.8871     -0.557     -0.807    22.1098   997.7527 0.0000e+00
     -0.568      0.026     8.2193     94.944     14.088  13.450793     0.6104      7.639   209.9054 2.5324e+02     0.2392     -0.557     -0.808    22.1179   997.7507 0.0000e+00
     -0.567      0.050     8.0987     94.898     22.715  22.043178     1.7158      7.898   201.1451 5.5029e+02     2.3079     -0.556     -0.807    22.1073   997.7534 0.0000e+00
     -0.562      0.075     7.9597     94.843     30.711  30.291548     2.3073      8.175   196.1938 1.1297e+03     3.4134     -0.558     -0.809    22.1271   997.7484 0.0000e+00
     -0.538      0.099     7.8522     94.789     35.287  35.214349     2.3167      8.455   203.1257 1.5439e+03     3.4785     -0.539     -0.781    22.0966   997.7561 0.0000e+00
     -0.493      0.124     7.7779     94.743     36.130  36.389920     1.8554      8.745   213.8895 1.6767e+03     3.0617     -0.481     -0.698    22.2993   997.7129 0.0000e+00
     -0.448      0.149     7.7241     94.720     36.115  36.635795     1.0048      9.019   203.8179 1.7529e+03     2.2743     -0.433     -0.627    23.2413   997.4935 0.0000e+00
     -0.414      0.171     7.6813     94.719     35.990  36.727740     0.5457      9.258   184.9427 1.8133e+03     1.8568     -0.407     -0.591    24.2744   997.2454 0.0000e+00
     -0.379      0.189     7.6474     94.752     35.818  36.740273     0.5004      9.455   174.0107 1.8556e+03     1.8152     -0.380     -0.550    24.9293   997.0811 0.0000e+00
     -0.330      0.204     7.6285     94.863     35.601  36.660672     0.5091      9.588   170.9292 1.9156e+03     1.8041     -0.326     -0.474    25.3931   996.9619 0.0000e+00
     -0.270      0.216     7.6314     95.113     35.384  36.527171     0.7291      9.658   177.4539 1.9961e+03     1.9194     -0.265     -0.385    25.7317   996.8735 0.0000e+00
     -0.206      0.221     7.6559     95.535     35.210  36.395694     1.1397      9.685   195.3405 2.0573e+03     2.1597     -0.206     -0.297    26.0298   996.7949 0.0000e+00
     -0.139      0.213     7.6940     96.065     35.074  36.277018     1.3644      9.690   213.2227 2.0882e+03     2.2845     -0.134     -0.196    26.3043   996.7218 0.0000e+00
     -0.076      0.193     7.7360     96.603     35.029  36.234769     1.3830      9.682   220.7274 2.0977e+03     2.2490     -0.069     -0.100    26.5140   996.6656 0.0000e+00
     -0.027      0.167     7.7770     97.106     35.124  36.329166     1.4162      9.669   222.5818 1.9399e+03     2.1555     -0.021     -0.030    26.6283   996.6348 0.0000e+00
      0.006      0.139     7.8191     97.606     35.266  36.466300     1.4802      9.651   223.1686 1.5947e+03     2.0728      0.009      0.012    26.6881   996.6185 0.0000e+00
      0.031      0.113     7.8836     98.379     35.307  36.496470     1.5142      9.628   223.6071 1.2936e+03     2.0682      0.031      0.044    26.7168   996.6107 0.0000e+00
      0.052      0.091     7.9843     99.608     35.263  36.440035     1.5163      9.603   220.0533 1.1446e+03     2.0665      0.052      0.076    26.7186   996.6103 0.0000e+00
      0.071      0.075     8.0813    100.803     35.247  36.418649     1.5403      9.581   216.0788 1.3562e+03     2.0194      0.071      0.103    26.7127   996.6121 0.0000e+00
      0.090      0.063     8.1315    101.427     35.257  36.428296     1.5949      9.560   221.5825 1.6437e+03     1.9911      0.088      0.128    26.6992   996.6159 0.0000e+00
      0.107      0.053     8.1325    101.444     35.257  36.429731     1.6306      9.538   227.7482 1.4642e+03     1.9870      0.106      0.154    26.6768   996.6220 0.0000e+00
      0.119      0.044     8.0938    100.972     35.260  36.435999     1.6349      9.517   227.0441 1.2697e+03     2.0019      0.119      0.172    26.6586   996.6270 0.0000e+00
      0.126      0.036     8.0236    100.113     35.258  36.440627     1.6213      9.497   225.4587 1.3845e+03     2.0408      0.124      0.180    26.6510   996.6291 0.0000e+00
      0.132      0.026     7.9306     98.974     35.233  36.422225     1.5868      9.487   226.7336 1.4619e+03     2.0634      0.130      0.188    26.6525   996.6288 0.0000e+00
      0.139      0.017     7.8258     97.689     35.206  36.403926     1.5644      9.485   226.6271 1.3069e+03     2.0456      0.137      0.198    26.6547   996.6281 0.0000e+00
      0.144      0.010     7.7240     96.442     35.202  36.409808     1.5675      9.480   223.8266 1.0959e+03     1.9898      0.143      0.207    26.6600   996.6267 0.0000e+00
      0.147      0.006     7.6315     95.302     35.154  36.366413     1.5550      9.468   222.3850 1.0904e+03     1.8803      0.147      0.214    26.6691   996.6243 0.0000e+00
      0.144      0.004     7.5422     94.190     35.049  36.260076     1.5168      9.453   221.9312 1.2205e+03     1.7707      0.143      0.208    26.6819   996.6208 0.0000e+00
      0.139      0.004     7.4508     93.054     34.992  36.203103     1.4963      9.438   216.0162 1.5032e+03     1.7777      0.133      0.194    26.6955   996.6170 0.0000e+00
      0.138      0.004     7.3606     91.942     35.031  36.248795     1.5064      9.425   211.8691 1.8019e+03     1.8345      0.133      0.192    26.7105   996.6130 0.0000e+00
      0.144      0.005     7.2765     90.904     35.140  36.368247     1.5171      9.416   219.7135 1.7907e+03     1.8020      0.142      0.205    26.7226   996.6097 0.0000e+00
      0.150      0.007     7.2027     89.989     35.270  36.504925     1.5481      9.405   225.8556 1.5959e+03     1.7452      0.149      0.216    26.7196   996.6105 0.0000e+00
      0.153      0.007     7.1405     89.210     35.395  36.631932     1.6034      9.390   227.0226 1.3997e+03     1.7375      0.151      0.219    26.7201   996.6104 0.0000e+00
      0.153      0.004     7.0860     88.529     35.520  36.761391     1.6310      9.373   228.1450 1.3033e+03     1.7418      0.150      0.218    26.7316   996.6073 0.0000e+00
      0.152      0.001     7.0374     87.930     35.615  36.864232     1.6385      9.355   226.6072 1.3667e+03     1.7975      0.149      0.216    26.7424   996.6044 0.0000e+00
      0.151      0.000     6.9929     87.386     35.666  36.923291     1.6423      9.338   226.5833 1.4905e+03     2.1479      0.149      0.216    26.7465   996.6033 0.0000e+00
      0.150      0.001     6.9495     86.856     35.704  36.967705     1.6342      9.321   226.3075 1.4570e+03     2.6685      0.147      0.212    26.7417   996.6045 0.0000e+00
      0.149      0.004     6.9118     86.397     35.749  37.020408     1.6360      9.306   218.9708 1.4463e+03     2.9145      0.145      0.210    26.7393   996.6053 0.0000e+00
      0.151      0.006     6.8965     86.222     35.835  37.116214     1.6466      9.292   215.3110 1.6092e+03     2.9587      0.147      0.214    26.7468   996.6034 0.0000e+00
      0.154      0.008     6.9184     86.513     35.945  37.237478     1.6489      9.282   221.8075 1.5767e+03     2.7448      0.152      0.220    26.7570   996.6005 0.0000e+00
      0.158      0.008     6.9760     87.249     36.040  37.344086     1.6556      9.273   225.2461 1.4451e+03     2.2618      0.155      0.225    26.7637   996.5988 0.0000e+00
      0.160      0.007     7.0594     88.305     36.140  37.453102     1.6585      9.264   223.4181 1.3827e+03     2.0017      0.157      0.229    26.7707   996.5969 0.0000e+00
      0.162      0.006     7.1579     89.543     36.221  37.540002     1.6485      9.254   220.7841 1.3590e+03     1.9926      0.159      0.231    26.7807   996.5941 0.0000e+00
      0.163      0.004     7.2629     90.856     36.249  37.569621     1.6475      9.242   218.6089 1.3532e+03     2.0201      0.160      0.232    26.7928   996.5909 0.0000e+00
      0.163      0.002     7.3675     92.161     36.239  37.557331     1.6552      9.232   220.6922 1.2771e+03     2.0386      0.161      0.234    26.8039   996.5879 0.0000e+00
      0.163      0.001     7.4626     93.349     36.203  37.518350     1.6556      9.223   226.5284 1.2554e+03     2.0203      0.160      0.233    26.8116   996.5858 0.0000e+00
      0.163      0.000     7.5414     94.336     36.164  37.479144     1.6435      9.215   227.5702 1.3183e+03     1.9967      0.160      0.232    26.8164   996.5845 0.0000e+00
      0.163      0.000     7.6033     95.112     36.149  37.464142     1.6475      9.206   218.0592 1.4791e+03     1.9492      0.160      0.232    26.8159   996.5847 0.0000e+00
      0.163      0.001     7.6475     95.670     36.147  37.463911     1.6782      9.197   205.1424 1.5265e+03     1.8715      0.160      0.232    26.8111   996.5860 0.0000e+00
      0.164      0.003     7.6759     96.030     36.157  37.476348     1.6941      9.190   197.8723 1.3865e+03     1.8112      0.161      0.233    26.8099   996.5863 0.0000e+00
      0.164      0.007     7.6919     96.234     36.166  37.487581     1.6917      9.185   196.2353 1.4242e+03     1.7778      0.161      0.233    26.8119   996.5857 0.0000e+00
      0.164      0.013     7.6934     96.253     36.152  37.472789     1.7019      9.180   204.1910 1.4925e+03     1.8278      0.160      0.231    26.8127   996.5855 0.0000e+00
      0.166      0.019     7.6825     96.102     36.111  37.424443     1.7307      9.173   220.4148 1.4122e+03     1.9566      0.162      0.234    26.8146   996.5851 0.0000e+00
      0.171      0.024     7.6670     95.884     36.046  37.347342     1.7535      9.163   229.6956 1.2916e+03     2.0242      0.167      0.242    26.8191   996.5838 0.0000e+00
      0.181      0.029     7.6554     95.720     36.010  37.302233     1.7604      9.151   231.1398 1.2930e+03     2.0237      0.177      0.258    26.8220   996.5830 0.0000e+00
      0.192      0.031     7.6503     95.648     36.034  37.323347     1.7622      9.137   231.6814 1.6075e+03     2.0157      0.189      0.275    26.8242   996.5826 0.0000e+00
      0.202      0.028     7.6452     95.588     36.057  37.348724     1.7670      9.125   230.7376 1.7648e+03     1.9272      0.198      0.289    26.8149   996.5850 0.0000e+00
      0.211      0.023     7.6327     95.444     36.058  37.355170     1.7742      9.119   228.5045 1.5433e+03     1.8058      0.208      0.302    26.7956   996.5903 0.0000e+00
      0.216      0.015     7.6111     95.188     36.097  37.401304     1.7715      9.117   228.3423 1.3234e+03     1.7598      0.213      0.309    26.7855   996.5932 0.0000e+00
      0.218      0.008     7.5813     94.825     36.152  37.462210     1.7691      9.113   230.6692 1.1084e+03     1.7322      0.215      0.313    26.7801   996.5947 0.0000e+00
      0.218      0.002     7.5407     94.315     36.148  37.456850     1.7792      9.107   232.1169 1.1230e+03     1.7339      0.214      0.311    26.7820   996.5941 0.0000e+00
      0.215     -0.001     7.4876     93.627     36.103  37.399970     1.7989      9.101   232.3384 1.3183e+03     1.7804      0.211      0.305    26.7920   996.5914 0.0000e+00
      0.213     -0.002     7.4242     92.797     36.066  37.345724     1.8171      9.094   232.0573 1.2472e+03     1.8020      0.208      0.302    26.8017   996.5888 0.0000e+00
      0.213     -0.001     7.3573     91.931     36.043  37.308726     1.8165      9.089   231.8158 1.1253e+03     1.7989      0.208      0.303    26.8078   996.5870 0.0000e+00
      0.215      0.001     7.2981     91.183     36.008  37.269984     1.7916      9.083   232.5157 1.1520e+03     1.8419      0.210      0.305    26.8081   996.5870 0.0000e+00
      0.215      0.003     7.2547     90.649     35.993  37.258144     1.7593      9.071   232.6042 1.3672e+03     1.9288      0.210      0.305    26.7951   996.5905 0.0000e+00
      0.216      0.003     7.2299     90.349     36.023  37.292528     1.7473      9.051   225.6587 1.5642e+03     1.9972      0.211      0.307    26.7656   996.5986 0.0000e+00
      0.217      0.002     7.2209     90.241     36.033  37.304868     1.7581      9.030   212.1202 1.3530e+03     2.0459      0.212      0.308    26.7435   996.6046 0.0000e+00
      0.218      0.002     7.2183     90.209     36.009  37.280413     1.7694      9.019   210.4458 1.0874e+03     1.9930      0.215      0.312    26.7415   996.6051 0.0000e+00
      0.219      0.002     7.2133     90.143     35.982  37.250738     1.7629      9.019   223.2245 1.1304e+03     1.8492      0.216      0.313    26.7500   996.6028 0.0000e+00
      0.218      0.002     7.1994     89.958     35.938  37.199959     1.7562      9.024   230.6836 1.4271e+03     1.7827      0.214      0.310    26.7577   996.6008 0.0000e+00
      0.217      0.001     7.1688     89.548     35.925  37.174227     1.7665      9.026   223.5427 1.6456e+03     1.8110      0.212      0.307    26.7596   996.6003 0.0000e+00
      0.219      0.001     7.1188     88.891     35.958  37.193494     1.7757      9.026   208.9853 1.4653e+03     1.8973      0.214      0.310    26.7590   996.6003 0.0000e+00
      0.220      0.001     7.0555     88.077     35.953  37.178995     1.7720      9.026   207.2186 1.2601e+03     1.9739      0.217      0.315    26.7590   996.6004 0.0000e+00
      0.220      0.002     6.9860     87.200     35.906  37.125864     1.7646      9.025   215.0876 1.2739e+03     1.9824      0.216      0.313    26.7539   996.6017 0.0000e+00
      0.219      0.002     6.9172     86.337     35.844  37.058869     1.7639      9.016   218.4339 1.2675e+03     2.0007      0.214      0.310    26.7343   996.6070 0.0000e+00
