Data/DataNotYetUploadedToEDI/CTD_2019/070119_fcr20.cnv
* Sea-Bird SBE19plus  Data File:
* FileName = C:\DATA\070119_fcr_0007.hex
* Software version 2.8.0.119 SB_Terminal.dll
* Temperature SN = 7809
* Conductivity SN = 7809
* System UpLoad Time = Jul 01 2019 16:58:58
* <ApplicationData>
* <Seaterm232>
# nquan = 16
# nvalues = 357                         
# units = specified
# name 0 = depFM: Depth [fresh water, m]
# name 1 = dz/dtM: Descent Rate [m/s]
# name 2 = sbeox0Mg/L: Oxygen, SBE 43 [mg/l]
# name 3 = sbeox0PS: Oxygen, SBE 43 [% saturation]
# name 4 = specc: Specific Conductance [uS/cm]
# name 5 = c0uS/cm: Conductivity [uS/cm]
# name 6 = flECO-AFL: Fluorescence, WET Labs ECO-AFL/FL [mg/m^3]
# name 7 = ph: pH
# name 8 = orp: Oxidation Reduction Potential [mV]
# name 9 = par/sat/log: PAR/Logarithmic, Satlantic
# name 10 = turbWETntu0: Turbidity, WET Labs ECO [NTU]
# name 11 = prdM: Pressure, Strain Gauge [db]
# name 12 = prdE: Pressure, Strain Gauge [psi]
# name 13 = tv290C: Temperature [ITS-90, deg C]
# name 14 = density00: Density [density, kg/m^3]
# name 15 = flag:  0.000e+00
# span 0 =     -0.574,      3.610       
# span 1 =     -0.243,      0.246       
# span 2 =    -0.8747,    13.9979       
# span 3 =     -8.924,    158.783       
# span 4 =      2.038,    325.875       
# span 5 =   2.050180, 260.799016       
# span 6 =    -0.1201,     5.9017       
# span 7 =      6.910,      9.393       
# span 8 =   123.6246,  1240.2295       
# span 9 = 1.4073e+01, 1.8776e+03       
# span 10 =    -1.3948,   138.0554      
# span 11 =     -0.563,      3.542      
# span 12 =     -0.817,      5.136      
# span 13 =    14.8539,    26.6503      
# span 14 =   996.6284,   999.2591      
# span 15 = 0.0000e+00, 0.0000e+00      
# interval = seconds: 0.25
# start_time = Jul 01 2019 11:34:52 [Instrument's time stamp, header]
# bad_flag = -9.990e-29
*END*
     -0.574 1.5440e-13     6.8365     83.189      2.038   2.050180    -0.0557      6.910  1240.2295 6.7907e+02     0.1204     -0.563     -0.816    25.2922   996.9777 0.0000e+00
     -0.574 1.6984e-12     6.8335     83.154      2.294   2.307979    -0.0392      6.911  1240.2295 8.3043e+02     0.1655     -0.562     -0.815    25.2930   996.9775 0.0000e+00
     -0.574 1.8683e-11     6.8311     83.126      2.407   2.420604    -0.0274      6.911  1240.2295 8.8495e+02     0.1874     -0.563     -0.816    25.2935   996.9773 0.0000e+00
     -0.574 2.0551e-10     6.8312     83.129      2.447   2.461457    -0.0432      6.911  1240.2295 8.0170e+02     0.1554     -0.563     -0.817    25.2938   996.9772 0.0000e+00
     -0.574 2.2606e-09     6.8332     83.155      2.407   2.421738    -0.0835      6.913  1240.2295 7.0724e+02     0.1404     -0.562     -0.815    25.2949   996.9770 0.0000e+00
     -0.574 2.4867e-08     6.8363     83.194      2.307   2.320553    -0.1070      6.913  1240.2293 6.2412e+02     0.1699     -0.563     -0.816    25.2960   996.9767 0.0000e+00
     -0.574 2.7353e-07     6.8397     83.236      2.175   2.188502    -0.1097      6.911  1240.2276 5.5975e+02     0.1513     -0.563     -0.817    25.2968   996.9766 0.0000e+00
     -0.574      0.000     6.8434     83.282      2.080   2.092387    -0.1079      6.911  1240.2091 5.3902e+02    -0.0521     -0.562     -0.815    25.2977   996.9764 0.0000e+00
     -0.574      0.000     6.8467     83.323      2.096   2.108893    -0.1033      6.914  1240.0047 5.2537e+02    -0.3563     -0.563     -0.816    25.2981   996.9762 0.0000e+00
     -0.574      0.000     6.8493     83.356      2.373   2.388080    -0.1055      6.926  1237.7571 5.1619e+02    -0.5121     -0.563     -0.816    25.2993   996.9759 0.0000e+00
     -0.574      0.004     6.8512     83.391      5.178   5.214558    -0.1169      7.011  1213.0327 6.0947e+02    -0.5581     -0.562     -0.815    25.2995   996.9757 0.0000e+00
     -0.574      0.019     6.8445     83.417     15.283  15.432273    -0.1201      7.250   941.0645 8.0577e+02    -0.7814     -0.562     -0.816    25.3013   996.9754 0.0000e+00
     -0.574      0.050     6.8169     83.418     28.653  29.042621    -0.1087      7.619   447.7352 1.0206e+03    -1.1813     -0.562     -0.816    25.3000   996.9756 0.0000e+00
     -0.573      0.090     6.7738     83.398     35.156  35.826769    -0.0922      8.033   186.9689 1.2512e+03    -1.3948     -0.563     -0.816    25.3028   996.9751 0.0000e+00
     -0.558      0.134     6.7340     83.368     35.797  36.689161    -0.0587      8.425   167.4049 1.4553e+03    -1.2328     -0.562     -0.814    25.2989   996.9757 0.0000e+00
     -0.512      0.176     6.7064     83.343     35.702  36.740840     0.2787      8.748   164.4696 1.6068e+03     0.7456     -0.515     -0.747    25.3098   996.9758 0.0000e+00
     -0.438      0.212     6.6947     83.388     35.581  36.705720     0.9087      8.988   157.7592 1.6992e+03     4.3697     -0.424     -0.615    25.5455   996.9207 0.0000e+00
     -0.365      0.234     6.7017     83.561     35.483  36.645495     1.2558      9.149   142.9712 1.5501e+03     6.3407     -0.352     -0.512    25.9608   996.8129 0.0000e+00
     -0.302      0.238     6.7234     83.843     35.418  36.583980     1.2943      9.245   141.5713 1.3591e+03     6.3879     -0.298     -0.432    26.2755   996.7287 0.0000e+00
     -0.239      0.225     6.7554     84.209     35.383  36.533194     1.3562      9.307   154.9443 1.4009e+03     5.3005     -0.232     -0.337    26.4760   996.6751 0.0000e+00
     -0.179      0.207     6.7933     84.637     35.348  36.475718     1.4582      9.350   154.8686 1.2039e+03     3.3521     -0.171     -0.248    26.5997   996.6417 0.0000e+00
     -0.131      0.197     6.8331     85.088     35.292  36.396779     1.5128      9.373   148.4861 7.9296e+02     2.2969     -0.124     -0.181    26.6503   996.6284 0.0000e+00
     -0.093      0.192     6.8745     85.558     35.258  36.340372     1.5226      9.383   156.2412 7.0514e+02     2.2098     -0.090     -0.129    26.6492   996.6287 0.0000e+00
     -0.056      0.187     6.9183     86.047     35.244  36.301439     1.5323      9.391   164.4881 7.5296e+02     2.2008     -0.061     -0.089    26.6192   996.6371 0.0000e+00
     -0.007      0.182     6.9620     86.533     35.213  36.243349     1.6039      9.393   165.1709 7.4438e+02     2.1876     -0.013     -0.018    26.5878   996.6457 0.0000e+00
      0.053      0.174     7.0014     86.981     35.198  36.209216     1.7386      9.383   165.0133 1.1458e+03     2.2140      0.055      0.081    26.5587   996.6538 0.0000e+00
      0.108      0.159     7.0357     87.382     35.207  36.206074     1.8173      9.366   164.3888 1.7471e+03     2.2575      0.110      0.159    26.5330   996.6611 0.0000e+00
      0.149      0.135     7.0662     87.735     35.217  36.205337     1.8272      9.347   156.9322 1.6599e+03     2.2552      0.149      0.217    26.4951   996.6715 0.0000e+00
      0.178      0.106     7.0929     88.030     35.228  36.200291     1.8234      9.327   142.4829 1.0973e+03     2.1870      0.178      0.260    26.4526   996.6831 0.0000e+00
      0.197      0.077     7.1209     88.336     35.253  36.208504     1.8238      9.307   133.7130 8.0030e+02     2.0885      0.197      0.286    26.4261   996.6904 0.0000e+00
      0.205      0.053     7.1562     88.740     35.300  36.241143     1.8326      9.287   135.2153 8.4227e+02     2.0468      0.204      0.296    26.4132   996.6939 0.0000e+00
      0.210      0.036     7.2037     89.304     35.346  36.277543     1.8343      9.267   137.8473 9.7007e+02     2.0431      0.203      0.295    26.4009   996.6972 0.0000e+00
      0.217      0.026     7.2675     90.076     35.406  36.331243     1.8096      9.249   134.0454 9.6948e+02     2.0112      0.212      0.307    26.3759   996.7039 0.0000e+00
      0.225      0.023     7.3403     90.962     35.463  36.382645     1.7761      9.232   129.3412 8.5950e+02     1.9883      0.223      0.323    26.3464   996.7119 0.0000e+00
      0.230      0.023     7.4117     91.837     35.475  36.391262     1.7674      9.213   128.5491 8.9785e+02     1.9960      0.227      0.329    26.3260   996.7174 0.0000e+00
      0.232      0.023     7.4795     92.672     35.458  36.371957     1.7736      9.192   128.4251 1.0932e+03     2.0065      0.227      0.329    26.3114   996.7214 0.0000e+00
      0.236      0.021     7.5350     93.360     35.427  36.339637     1.7646      9.175   127.1540 1.1477e+03     1.9840      0.229      0.332    26.2997   996.7246 0.0000e+00
      0.245      0.017     7.5649     93.731     35.405  36.317842     1.7284      9.164   125.9145 1.0830e+03     1.9535      0.240      0.348    26.2899   996.7273 0.0000e+00
      0.254      0.017     7.5686     93.777     35.387  36.298848     1.7001      9.157   125.3972 1.1505e+03     1.9978      0.253      0.365    26.2830   996.7291 0.0000e+00
      0.258      0.021     7.5549     93.607     35.327  36.236921     1.7006      9.151   125.0297 1.2328e+03     2.0610      0.255      0.369    26.2814   996.7296 0.0000e+00
      0.255      0.026     7.5299     93.293     35.234  36.140324     1.7082      9.141   124.7400 1.3433e+03     2.0621      0.250      0.362    26.2822   996.7294 0.0000e+00
      0.255      0.029     7.4998     92.916     35.180  36.082958     1.7138      9.130   124.4755 1.3900e+03     2.0113      0.246      0.356    26.2828   996.7292 0.0000e+00
      0.264      0.030     7.4720     92.569     35.211  36.114543     1.7162      9.123   124.2410 1.1463e+03     1.9712      0.255      0.370    26.2835   996.7290 0.0000e+00
      0.283      0.029     7.4514     92.310     35.301  36.204854     1.7107      9.118   124.1425 1.0128e+03     2.0022      0.279      0.405    26.2828   996.7293 0.0000e+00
      0.301      0.025     7.4401     92.165     35.382  36.286322     1.7075      9.113   124.1444 1.0671e+03     2.0263      0.301      0.436    26.2793   996.7302 0.0000e+00
      0.307      0.019     7.4322     92.060     35.435  36.337920     1.7554      9.111   124.0064 1.0510e+03     2.0001      0.305      0.441    26.2764   996.7310 0.0000e+00
      0.302      0.011     7.4147     91.838     35.483  36.384413     1.8390      9.111   123.8500 1.0465e+03     1.9801      0.296      0.428    26.2764   996.7311 0.0000e+00
      0.297      0.004     7.3775     91.376     35.503  36.404163     1.8776      9.110   123.8026 1.0811e+03     1.9484      0.290      0.420    26.2752   996.7313 0.0000e+00
      0.295      0.003     7.3195     90.657     35.486  36.386299     1.8841      9.105   123.6915 1.0817e+03     1.9447      0.288      0.418    26.2711   996.7325 0.0000e+00
      0.297      0.007     7.2481     89.772     35.459  36.358835     1.8572      9.095   123.6246 1.0495e+03     2.0009      0.291      0.422    26.2659   996.7338 0.0000e+00
      0.301      0.012     7.1949     89.112     35.427  36.325989     1.7779      9.083   123.7687 1.0055e+03     2.0388      0.294      0.426    26.2631   996.7346 0.0000e+00
      0.306      0.016     7.1925     89.085     35.408  36.306505     1.7149      9.068   123.8851 1.0251e+03     2.0416      0.299      0.434    26.2633   996.7347 0.0000e+00
      0.312      0.016     7.2365     89.632     35.414  36.313680     1.6930      9.054   123.8274 1.1292e+03     2.0352      0.307      0.446    26.2633   996.7346 0.0000e+00
      0.317      0.012     7.3083     90.522     35.449  36.349275     1.6949      9.041   123.7590 1.2323e+03     2.0601      0.312      0.453    26.2627   996.7348 0.0000e+00
      0.322      0.007     7.3855     91.480     35.516  36.419530     1.7036      9.030   123.7461 1.3120e+03     2.0805      0.316      0.458    26.2615   996.7352 0.0000e+00
      0.324      0.003     7.4490     92.265     35.561  36.464930     1.7031      9.017   123.8444 1.3986e+03     2.0524      0.320      0.465    26.2620   996.7351 0.0000e+00
      0.321      0.002     7.4889     92.754     35.553  36.453909     1.7061      9.000   124.0866 1.3602e+03     2.0151      0.317      0.460    26.2636   996.7347 0.0000e+00
      0.316      0.003     7.4912     92.774     35.517  36.413215     1.7221      8.981   124.3515 1.1371e+03     1.9897      0.308      0.446    26.2641   996.7345 0.0000e+00
      0.313      0.004     7.4478     92.224     35.463  36.353724     1.7496      8.965   124.6379 9.8770e+02     2.0082      0.304      0.441    26.2650   996.7342 0.0000e+00
      0.318      0.006     7.3704     91.256     35.420  36.305839     1.7694      8.953   124.8823 9.9251e+02     2.0414      0.311      0.451    26.2654   996.7343 0.0000e+00
      0.326      0.008     7.2846     90.186     35.397  36.278534     1.7706      8.942   125.0701 1.0184e+03     2.0307      0.321      0.466    26.2625   996.7350 0.0000e+00
      0.331      0.008     7.2177     89.351     35.399  36.277451     1.7806      8.932   125.3591 9.9856e+02     2.0101      0.325      0.472    26.2567   996.7365 0.0000e+00
      0.332      0.006     7.1883     88.981     35.417  36.292742     1.8037      8.922   125.6238 9.6865e+02     2.0222      0.325      0.472    26.2493   996.7384 0.0000e+00
      0.331      0.001     7.1907     89.003     35.401  36.273007     1.8172      8.912   125.7757 9.8453e+02     2.0453      0.324      0.471    26.2429   996.7402 0.0000e+00
      0.330     -0.002     7.2047     89.166     35.362  36.229244     1.8304      8.903   125.9907 1.0133e+03     2.0607      0.323      0.469    26.2383   996.7414 0.0000e+00
      0.328     -0.002     7.2171     89.309     35.345  36.207895     1.8339      8.896   126.3306 9.9995e+02     2.0770      0.322      0.467    26.2345   996.7425 0.0000e+00
      0.326     -0.001     7.2291     89.448     35.347  36.205282     1.8073      8.889   126.6155 9.1535e+02     2.1440      0.320      0.464    26.2307   996.7435 0.0000e+00
      0.325      0.001     7.2499     89.697     35.344  36.197648     1.7777      8.880   126.7687 7.7548e+02     2.2476      0.318      0.461    26.2255   996.7449 0.0000e+00
      0.326      0.002     7.2812     90.076     35.329  36.179055     1.7706      8.866   126.9784 6.4013e+02     2.2818      0.319      0.463    26.2196   996.7464 0.0000e+00
      0.329      0.002     7.3193     90.542     35.323  36.170882     1.7823      8.849   127.2579 5.9284e+02     2.2618      0.324      0.470    26.2137   996.7480 0.0000e+00
      0.331      0.000     7.3621     91.067     35.317  36.162293     1.8408      8.835   127.3948 6.5236e+02     2.2360      0.326      0.472    26.2080   996.7496 0.0000e+00
      0.331     -0.005     7.4033     91.574     35.295  36.138683     1.9490      8.830   127.4291 7.6024e+02     2.1988      0.325      0.471    26.2018   996.7512 0.0000e+00
      0.331     -0.010     7.4351     91.964     35.297  36.139286     2.0150      8.832   127.5860 8.5474e+02     2.1724      0.325      0.472    26.1967   996.7526 0.0000e+00
      0.329     -0.015     7.4533     92.185     35.328  36.169589     2.0146      8.836   127.8300 9.0079e+02     2.1792      0.325      0.471    26.1932   996.7535 0.0000e+00
      0.322     -0.017     7.4568     92.224     35.347  36.187711     1.9449      8.836   128.0557 9.5022e+02     2.1496      0.317      0.460    26.1906   996.7542 0.0000e+00
      0.312     -0.014     7.4457     92.083     35.329  36.167989     1.8223      8.831   128.3363 1.0237e+03     2.0436      0.305      0.442    26.1889   996.7545 0.0000e+00
      0.305     -0.008     7.4207     91.772     35.285  36.121537     1.7628      8.821   128.6418 1.0327e+03     2.0120      0.298      0.431    26.1876   996.7548 0.0000e+00
      0.304     -0.002     7.3867     91.349     35.236  36.070357     1.7727      8.811   128.8240 9.8257e+02     2.0625      0.297      0.430    26.1853   996.7555 0.0000e+00
      0.307      0.004     7.3525     90.924     35.223  36.056936     1.8199      8.802   128.9907 9.5617e+02     2.0636      0.299      0.434    26.1823   996.7563 0.0000e+00
      0.314      0.009     7.3229     90.558     35.253  36.086211     1.9005      8.797   129.2812 9.5979e+02     2.0261      0.308      0.445    26.1800   996.7570 0.0000e+00
      0.320      0.011     7.3004     90.280     35.273  36.106959     1.9486      8.793   129.5819 9.4306e+02     1.9697      0.317      0.459    26.1789   996.7573 0.0000e+00
      0.323      0.011     7.2879     90.126     35.283  36.117393     1.9592      8.789   129.8736 9.3013e+02     1.9393      0.319      0.463    26.1778   996.7576 0.0000e+00
      0.321      0.011     7.2841     90.081     35.313  36.148891     2.0034      8.783   130.2267 9.4932e+02     1.9538      0.315      0.457    26.1762   996.7579 0.0000e+00
      0.320      0.011     7.2838     90.078     35.333  36.170455     2.0834      8.775   130.5821 9.7233e+02     1.9476      0.312      0.453    26.1757   996.7581 0.0000e+00
      0.323      0.012     7.2763     89.987     35.288  36.124233     2.1210      8.767   130.9010 1.0280e+03     1.9298      0.315      0.457    26.1761   996.7580 0.0000e+00
      0.329      0.012     7.2510     89.672     35.200  36.034322     2.1113      8.758   131.1574 1.0747e+03     1.9353      0.323      0.467    26.1769   996.7578 0.0000e+00
      0.335      0.012     7.2055     89.107     35.140  35.971930     2.0784      8.749   131.2729 1.0971e+03     1.9486      0.330      0.477    26.1777   996.7576 0.0000e+00
      0.340      0.008     7.1395     88.290     35.110  35.941087     2.0354      8.742   131.3516 1.0934e+03     1.9271      0.335      0.486    26.1785   996.7574 0.0000e+00
      0.342      0.003     7.0537     87.228     35.085  35.915279     2.0169      8.735   131.5922 1.0320e+03     1.9041      0.337      0.488    26.1794   996.7572 0.0000e+00
      0.341     -0.002     6.9552     86.010     35.084  35.913764     2.0100      8.728   131.9453 9.9630e+02     1.9658      0.335      0.487    26.1788   996.7573 0.0000e+00
