Data/DataNotYetUploadedToEDI/CTD_2019/070119_fcr45.cnv
* Sea-Bird SBE19plus  Data File:
* FileName = C:\DATA\070119_fcr_0009.hex
* Software version 2.8.0.119 SB_Terminal.dll
* Temperature SN = 7809
* Conductivity SN = 7809
* System UpLoad Time = Jul 01 2019 16:59:31
* <ApplicationData>
* <Seaterm232>
# nquan = 16
# nvalues = 452                         
# units = specified
# name 0 = depFM: Depth [fresh water, m]
# name 1 = dz/dtM: Descent Rate [m/s]
# name 2 = sbeox0Mg/L: Oxygen, SBE 43 [mg/l]
# name 3 = sbeox0PS: Oxygen, SBE 43 [% saturation]
# name 4 = specc: Specific Conductance [uS/cm]
# name 5 = c0uS/cm: Conductivity [uS/cm]
# name 6 = flECO-AFL: Fluorescence, WET Labs ECO-AFL/FL [mg/m^3]
# name 7 = ph: pH
# name 8 = orp: Oxidation Reduction Potential [mV]
# name 9 = par/sat/log: PAR/Logarithmic, Satlantic
# name 10 = turbWETntu0: Turbidity, WET Labs ECO [NTU]
# name 11 = prdM: Pressure, Strain Gauge [db]
# name 12 = prdE: Pressure, Strain Gauge [psi]
# name 13 = tv290C: Temperature [ITS-90, deg C]
# name 14 = density00: Density [density, kg/m^3]
# name 15 = flag:  0.000e+00
# span 0 =     -0.568,      7.031       
# span 1 =     -0.253,      0.221       
# span 2 =     0.5550,    14.3351       
# span 3 =      5.168,    163.756       
# span 4 =      2.187,     40.345       
# span 5 =   2.061291,  37.569621       
# span 6 =    -0.1252,     6.5724       
# span 7 =      7.229,      9.690       
# span 8 =   -52.9870,   255.0053       
# span 9 = 6.8411e-01, 2.0977e+03       
# span 10 =    -0.9545,    80.4194      
# span 11 =     -0.558,      6.895      
# span 12 =     -0.809,     10.001      
# span 13 =    10.3777,    27.0112      
# span 14 =   996.5297,   999.7159      
# span 15 = 0.0000e+00, 0.0000e+00      
# interval = seconds: 0.25
# start_time = Jul 01 2019 11:51:07 [Instrument's time stamp, header]
# bad_flag = -9.990e-29
*END*
[from data line 272]
      2.036      0.130    14.0901    163.108     35.895  34.193075     3.6736      8.348   197.4686 1.6890e+02     3.6306      1.999      2.898    23.3796   997.4763 0.0000e+00
      2.069      0.120    14.1416    163.348     35.792  34.013190     3.6482      8.355   197.7166 1.6431e+02     3.5311      2.032      2.946    23.1424   997.5332 0.0000e+00
      2.093      0.111    14.1808    163.484     35.603  33.761610     3.6485      8.361   198.0511 1.6011e+02     3.4934      2.055      2.981    22.9339   997.5827 0.0000e+00
      2.112      0.108    14.2235    163.627     35.342  33.435847     3.6684      8.364   198.5879 1.5715e+02     3.5029      2.072      3.004    22.7549   997.6249 0.0000e+00
      2.132      0.113    14.2737    163.756     35.047  33.057073     3.6984      8.366   199.2175 1.5382e+02     3.5157      2.089      3.028    22.6120   997.6584 0.0000e+00
      2.157      0.123    14.3167    163.661     34.777  32.672161     3.7073      8.370   199.7265 1.4821e+02     3.5164      2.112      3.064    22.5050   997.6833 0.0000e+00
      2.192      0.134    14.3351    163.171     34.582  32.335537     3.7057      8.375   200.0091 1.4356e+02     3.4788      2.146      3.113    22.4118   997.7050 0.0000e+00
      2.236      0.141    14.3216    162.286     34.498  32.096306     3.7224      8.380   200.1403 1.3740e+02     3.4543      2.192      3.179    22.3084   997.7289 0.0000e+00
      2.281      0.139    14.2787    161.119     34.557  32.000479     3.7540      8.385   200.3666 1.2925e+02     3.5145      2.238      3.247    22.1722   997.7602 0.0000e+00
      2.322      0.126    14.2116    159.824     34.687  32.001660     3.7762      8.390   200.7659 1.2334e+02     3.5850      2.281      3.308    21.9827   997.8035 0.0000e+00
      2.356      0.109    14.1327    158.594     34.750  31.983497     3.7818      8.395   201.2694 1.1869e+02     3.5851      2.314      3.356    21.7491   997.8562 0.0000e+00
      2.379      0.094    14.0634    157.630     34.644  31.844228     3.7789      8.399   201.8944 1.1640e+02     3.5486      2.337      3.390    21.5084   997.9100 0.0000e+00
      2.391      0.086    14.0239    156.991     34.412  31.586876     3.8017      8.400   202.8155 1.1624e+02     3.4717      2.347      3.404    21.2806   997.9603 0.0000e+00
      2.400      0.087    14.0199    156.565     34.242  31.346660     3.8579      8.398   203.9742 1.1472e+02     3.3756      2.350      3.408    21.0995   998.0000 0.0000e+00
      2.416      0.095    14.0342    156.159     34.177  31.160679     3.8946      8.393   204.8910 1.1137e+02     3.3376      2.364      3.429    20.9932   998.0231 0.0000e+00
      2.446      0.105    14.0433    155.619     34.144  30.987889     3.8984      8.388   205.3823 1.0605e+02     3.3069      2.396      3.475    20.9524   998.0320 0.0000e+00
      2.484      0.112    14.0231    154.754     34.143  30.843657     3.9049      8.385   205.8710 1.0065e+02     3.2014      2.435      3.533    20.9195   998.0393 0.0000e+00
      2.522      0.113    13.9559    153.440     34.181  30.749154     3.9294      8.385   206.7561 9.5977e+01     3.0775      2.474      3.589    20.7894   998.0673 0.0000e+00
      2.556      0.103    13.8479    151.822     34.271  30.733453     3.9515      8.386   207.9099 9.1912e+01     3.0540      2.511      3.641    20.5873   998.1107 0.0000e+00
      2.581      0.085    13.7236    150.214     34.386  30.780596     3.9640      8.387   208.8090 8.9497e+01     3.0820      2.534      3.676    20.3741   998.1558 0.0000e+00
      2.598      0.065    13.6126    148.919     34.442  30.811443     3.9945      8.389   209.1947 8.7719e+01     3.0222      2.549      3.698    20.1569   998.2013 0.0000e+00
      2.610      0.049    13.5344    148.064     34.417  30.789132     4.0418      8.391   209.4765 8.6764e+01     2.9209      2.561      3.715    19.9598   998.2422 0.0000e+00
      2.616      0.040    13.4970    147.638     34.323  30.701206     4.0596      8.391   210.1513 8.6597e+01     2.8729      2.567      3.722    19.8099   998.2729 0.0000e+00
      2.618      0.043    13.4966    147.529     34.135  30.509781     4.0531      8.388   211.1581 8.5663e+01     2.8681      2.568      3.724    19.7329   998.2886 0.0000e+00
      2.623      0.055    13.5231    147.589     33.904  30.251315     4.0330      8.383   212.0997 8.4233e+01     2.9290      2.570      3.728    19.7149   998.2924 0.0000e+00
      2.635      0.075    13.5680    147.688     33.708  29.987280     3.9898      8.376   213.0187 8.2072e+01     3.0193      2.580      3.742    19.7296   998.2894 0.0000e+00
      2.656      0.095    13.6149    147.646     33.557  29.728446     3.9553      8.370   214.1815 7.8795e+01     3.0421      2.600      3.771    19.7316   998.2891 0.0000e+00
      2.688      0.111    13.6469    147.331     33.506  29.532782     3.9454      8.365   215.3179 7.5054e+01     3.0408      2.632      3.817    19.6994   998.2957 0.0000e+00
      2.729      0.118    13.6474    146.668     33.597  29.461419     3.9829      8.362   216.0895 7.1321e+01     3.0030      2.676      3.880    19.6276   998.3103 0.0000e+00
      2.770      0.113    13.5902    145.513     33.782  29.499916     4.0543      8.361   216.5430 6.8304e+01     2.8801      2.719      3.942    19.4945   998.3373 0.0000e+00
      2.803      0.098    13.4604    143.815     33.925  29.553929     4.0888      8.359   216.7560 6.6280e+01     2.8005      2.751      3.990    19.3053   998.3752 0.0000e+00
      2.825      0.078    13.2746    141.728     33.940  29.543333     4.0797      8.359   216.7722 6.5157e+01     2.7948      2.774      4.023    19.0660   998.4225 0.0000e+00
      2.837      0.061    13.0601    139.442     33.815  29.435222     4.0648      8.359   216.8247 6.4697e+01     2.7784      2.785      4.039    18.8277   998.4691 0.0000e+00
      2.841      0.051    12.8456    137.169     33.612  29.261989     4.0216      8.358   217.2192 6.4338e+01     2.7003      2.786      4.041    18.6250   998.5083 0.0000e+00
      2.845      0.052    12.6633    135.084     33.462  29.098518     3.9389      8.356   218.0142 6.3689e+01     2.5713      2.788      4.044    18.5244   998.5276 0.0000e+00
      2.855      0.064    12.5288    133.270     33.362  28.918021     3.8883      8.350   218.9522 6.2659e+01     2.4967      2.797      4.056    18.5102   998.5303 0.0000e+00
      2.871      0.084    12.4407    131.794     33.224  28.665730     3.8948      8.343   219.7844 6.1134e+01     2.4865      2.813      4.081    18.5089   998.5305 0.0000e+00
      2.895      0.107    12.3859    130.601     33.085  28.395517     4.0357      8.338   220.4185 5.9120e+01     2.4810      2.836      4.114    18.5491   998.5229 0.0000e+00
      2.926      0.126    12.3510    129.584     33.106  28.252074     4.2831      8.335   220.9400 5.6824e+01     2.4629      2.865      4.156    18.5138   998.5297 0.0000e+00
      2.966      0.137    12.3243    128.670     33.306  28.263578     4.4147      8.333   221.4442 5.4258e+01     2.4313      2.907      4.216    18.3526   998.5604 0.0000e+00
      3.012      0.138    12.2846    127.718     33.485  28.280610     4.4653      8.332   221.7832 5.1821e+01     2.3947      2.956      4.288    18.1429   998.6000 0.0000e+00
      3.055      0.131    12.2214    126.649     33.518  28.204045     4.8508      8.332   222.0262 5.0011e+01     2.1833      3.000      4.351    17.9140   998.6424 0.0000e+00
      3.089      0.117    12.1355    125.439     33.490  28.099076     5.5469      8.331   222.4047 4.8743e+01     1.8089      3.032      4.398    17.6659   998.6879 0.0000e+00
      3.113      0.101    12.0273    124.058     33.484  28.026496     5.9286      8.331   222.8314 4.7897e+01     1.6040      3.054      4.430    17.4122   998.7336 0.0000e+00
      3.132      0.086    11.8995    122.523     33.473  27.960875     5.9554      8.330   223.1416 4.7255e+01     1.5420      3.071      4.455    17.2063   998.7703 0.0000e+00
      3.149      0.080    11.7607    120.903     33.433  27.876614     5.8529      8.326   223.4884 4.6655e+01     1.4521      3.089      4.480    17.0575   998.7964 0.0000e+00
      3.164      0.084    11.6280    119.332     33.370  27.768994     5.6614      8.321   224.0122 4.6105e+01     1.3694      3.102      4.499    16.9413   998.8166 0.0000e+00
      3.180      0.094    11.5146    117.918     33.261  27.611281     5.5551      8.315   224.4844 4.5376e+01     1.3275      3.116      4.519    16.8399   998.8342 0.0000e+00
      3.202      0.109    11.4228    116.668     33.142  27.428879     5.5306      8.310   224.8959 4.4240e+01     1.3062      3.137      4.550    16.7570   998.8484 0.0000e+00
      3.234      0.124    11.3477    115.528     33.080  27.276513     5.3817      8.307   225.2884 4.2766e+01     1.2430      3.169      4.596    16.6888   998.8602 0.0000e+00
      3.273      0.135    11.2918    114.541     33.083  27.164688     5.1162      8.306   225.5305 4.1240e+01     1.1529      3.209      4.655    16.6114   998.8735 0.0000e+00
      3.315      0.140    11.2538    113.746     33.208  27.155235     4.9732      8.306   225.6722 3.9811e+01     1.1017      3.251      4.716    16.5112   998.8906 0.0000e+00
      3.355      0.134    11.2133    112.999     33.408  27.225520     4.9532      8.305   225.8832 3.8523e+01     1.0827      3.291      4.774    16.3869   998.9115 0.0000e+00
      3.393      0.119    11.1574    112.212     33.519  27.253052     4.9443      8.304   226.1885 3.7466e+01     1.0874      3.329      4.828    16.2323   998.9374 0.0000e+00
      3.425      0.097    11.0851    111.358     33.539  27.234276     4.9353      8.304   226.4381 3.6682e+01     1.0936      3.363      4.876    16.0516   998.9671 0.0000e+00
      3.449      0.076    10.9874    110.335     33.576  27.252235     4.9220      8.303   226.6643 3.6258e+01     1.0920      3.386      4.911    15.8726   998.9962 0.0000e+00
      3.460      0.061    10.8602    109.120     33.587  27.279842     4.9138      8.301   226.9444 3.6158e+01     1.1003      3.397      4.926    15.7243   999.0201 0.0000e+00
      3.464      0.054    10.7262    107.864     33.519  27.250868     4.9056      8.299   227.2442 3.6115e+01     1.0966      3.397      4.927    15.6352   999.0343 0.0000e+00
      3.468      0.055    10.6118    106.654     33.502  27.219182     4.9263      8.297   227.4501 3.5929e+01     1.0798      3.398      4.929    15.5885   999.0416 0.0000e+00
      3.479      0.064    10.5182    105.429     33.601  27.213929     4.9833      8.293   227.6267 3.5492e+01     1.0929      3.408      4.943    15.5584   999.0464 0.0000e+00
      3.500      0.078    10.4346    104.207     33.710  27.187249     5.0219      8.286   228.0022 3.4813e+01     1.1236      3.430      4.974    15.5943   999.0409 0.0000e+00
      3.527      0.094    10.3536    103.066     33.790  27.150220     5.0373      8.279   228.7213 3.4113e+01     1.1241      3.459      5.017    15.6743   999.0283 0.0000e+00
      3.554      0.110    10.2627    101.886     33.892  27.146761     5.1342      8.273   229.6097 3.3468e+01     1.1645      3.485      5.055    15.6638   999.0301 0.0000e+00
      3.582      0.124    10.1424    100.426     34.074  27.208782     5.3182      8.268   230.3120 3.2744e+01     1.2842      3.512      5.092    15.5085   999.0548 0.0000e+00
      3.614      0.136     9.9819     98.556     34.339  27.329012     5.4238      8.264   230.8463 3.1951e+01     1.3590      3.544      5.140    15.3042   999.0867 0.0000e+00
      3.649      0.146     9.7743     96.183     34.717  27.521773     5.4493      8.259   231.2515 3.1106e+01     1.3476      3.577      5.189    15.1616   999.1088 0.0000e+00
      3.688      0.155     9.5152     93.277     35.178  27.762835     5.6441      8.255   231.4256 3.0149e+01     1.3101      3.614      5.241    15.0476   999.1263 0.0000e+00
      3.732      0.159     9.2056     89.900     35.584  27.959468     6.0185      8.253   231.4026 2.9110e+01     1.2991      3.659      5.307    14.9246   999.1451 0.0000e+00
      3.780      0.154     8.8287     85.936     35.930  28.122596     6.2392      8.252   231.4895 2.8050e+01     1.3460      3.708      5.377    14.8011   999.1637 0.0000e+00
      3.825      0.144     8.3731     81.278     36.160  28.212338     6.2757      8.251   231.8743 2.7100e+01     1.3852      3.753      5.444    14.6440   999.1872 0.0000e+00
      3.863      0.132     7.8546     76.065     36.269  28.219611     6.3467      8.250   232.2698 2.6433e+01     1.4127      3.792      5.500    14.4588   999.2145 0.0000e+00
      3.891      0.121     7.2852     70.413     36.504  28.337338     6.4735      8.248   232.4851 2.6009e+01     1.4812      3.818      5.537    14.2735   999.2413 0.0000e+00
      3.911      0.113     6.6801     64.438     36.873  28.557053     6.5521      8.245   232.6708 2.5603e+01     1.5256      3.834      5.561    14.1235   999.2627 0.0000e+00
      3.932      0.110     6.0624     58.334     37.358  28.845741     6.5681      8.241   232.9665 2.5028e+01     1.5243      3.852      5.587    14.0048   999.2795 0.0000e+00
      3.961      0.114     5.4547     52.338     38.309  29.480091     6.5719      8.235   233.3064 2.4287e+01     1.5311      3.882      5.631    13.8921   999.2951 0.0000e+00
      3.995      0.122     4.8803     46.698     39.452  30.262336     6.5724      8.229   233.5111 2.3584e+01     1.5750      3.919      5.685    13.8099   999.3066 0.0000e+00
      4.026      0.129     4.3627     41.639     40.126  30.689341     6.5654      8.224   233.5487 2.2949e+01     1.6610      3.949      5.727    13.7361   999.3170 0.0000e+00
      4.058      0.132     3.9162     37.290     40.343  30.772148     6.5566      8.220   233.7612 2.2164e+01     1.7515      3.977      5.768    13.6108   999.3341 0.0000e+00
      4.097      0.132     3.5259     33.499     40.345  30.692354     6.5516      8.215   234.3606 2.1318e+01     1.8171      4.018      5.827    13.4714   999.3531 0.0000e+00
      4.135      0.131     3.1599     29.952     40.267  30.549391     6.4537      8.210   235.2882 2.0631e+01     1.8644      4.059      5.886    13.3494   999.3699 0.0000e+00
      4.167      0.129     2.7876     26.360     40.155  30.376071     6.2573      8.204   236.1147 2.0044e+01     1.9304      4.087      5.928    13.2348   999.3851 0.0000e+00
      4.196      0.128     2.3836     22.484     39.850  30.056129     6.1445      8.199   236.3528 1.9468e+01     1.9920      4.114      5.967    13.1342   999.3982 0.0000e+00
      4.225      0.127     1.9521     18.371     39.357  29.599787     6.1303      8.194   236.6178 1.8868e+01     2.0197      4.143      6.010    13.0352   999.4110 0.0000e+00
      4.257      0.127     1.5331     14.395     38.979  29.236658     6.1028      8.190   237.3413 1.8250e+01     2.0361      4.174      6.053    12.9333   999.4240 0.0000e+00
      4.291      0.130     1.1578     10.848     38.886  29.091912     6.0547      8.186   238.0453 1.7630e+01     2.0256      4.208      6.102    12.8221   999.4381 0.0000e+00
      4.326      0.133     0.8504      7.951     39.016  29.118627     6.0264      8.183   238.4175 1.6977e+01     2.0241      4.242      6.153    12.7056   999.4526 0.0000e+00
      4.361      0.134     0.6424      5.994     39.187  29.178874     6.0119      8.179   238.5722 1.6337e+01     2.0838      4.277      6.202    12.5981   999.4656 0.0000e+00
      4.395      0.132     0.5550      5.168     39.284  29.185764     5.9136      8.176   238.8839 1.5744e+01     2.4525      4.310      6.252    12.4994   999.4775 0.0000e+00
      4.430      0.128     0.5893      5.479     39.374  29.201866     5.7316      8.173   239.2599 1.5175e+01     3.1071      4.344      6.301    12.4021   999.4893 0.0000e+00
