Data/DataNotYetUploadedToEDI/CTD_2019/070119_fcr20.cnv
* Sea-Bird SBE19plus  Data File:
* FileName = C:\DATA\070119_fcr_0007.hex
* Software version 2.8.0.119 SB_Terminal.dll
* Temperature SN = 7809
* Conductivity SN = 7809
* System UpLoad Time = Jul 01 2019 16:58:58
* <ApplicationData>
* <Seaterm232>
# nquan = 16
# nvalues = 357                         
# units = specified
# name 0 = depFM: Depth [fresh water, m]
# name 1 = dz/dtM: Descent Rate [m/s]
# name 2 = sbeox0Mg/L: Oxygen, SBE 43 [mg/l]
# name 3 = sbeox0PS: Oxygen, SBE 43 [% saturation]
# name 4 = specc: Specific Conductance [uS/cm]
# name 5 = c0uS/cm: Conductivity [uS/cm]
# name 6 = flECO-AFL: Fluorescence, WET Labs ECO-AFL/FL [mg/m^3]
# name 7 = ph: pH
# name 8 = orp: Oxidation Reduction Potential [mV]
# name 9 = par/sat/log: PAR/Logarithmic, Satlantic
# name 10 = turbWETntu0: Turbidity, WET Labs ECO [NTU]
# name 11 = prdM: Pressure, Strain Gauge [db]
# name 12 = prdE: Pressure, Strain Gauge [psi]
# name 13 = tv290C: Temperature [ITS-90, deg C]
# name 14 = density00: Density [density, kg/m^3]
# name 15 = flag:  0.000e+00
# span 0 =     -0.574,      3.610       
# span 1 =     -0.243,      0.246       
# span 2 =    -0.8747,    13.9979       
# span 3 =     -8.924,    158.783       
# span 4 =      2.038,    325.875       
# span 5 =   2.050180, 260.799016       
# span 6 =    -0.1201,     5.9017       
# span 7 =      6.910,      9.393       
# span 8 =   123.6246,  1240.2295       
# span 9 = 1.4073e+01, 1.8776e+03       
# span 10 =    -1.3948,   138.0554      
# span 11 =     -0.563,      3.542      
# span 12 =     -0.817,      5.136      
# span 13 =    14.8539,    26.6503      
# span 14 =   996.6284,   999.2591      
# span 15 = 0.0000e+00, 0.0000e+00      
# interval = seconds: 0.25
# start_time = Jul 01 2019 11:34:52 [Instrument's time stamp, header]
# bad_flag = -9.990e-29
*END*
[from data line 181]
      0.339      0.001     7.2791     89.963     35.577  36.395377     2.0001      8.217   151.9029 1.1174e+03     2.2319      0.333      0.482    26.1024   996.7777 0.0000e+00
      0.338      0.001     8.0696     99.741     35.591  36.412960     1.9985      8.216   152.2089 1.0944e+03     2.2395      0.332      0.481    26.1106   996.7756 0.0000e+00
      0.337      0.002     8.7631    108.317     35.586  36.409308     2.0585      8.216   152.4864 1.0761e+03     2.2674      0.331      0.479    26.1255   996.7717 0.0000e+00
      0.337      0.005     9.3054    115.023     35.591  36.414701     2.1535      8.214   152.7625 1.0843e+03     2.3074      0.330      0.479    26.1377   996.7684 0.0000e+00
      0.338      0.007     9.6788    119.636     35.592  36.414691     2.1932      8.211   152.8802 1.0869e+03     2.2973      0.331      0.480    26.1450   996.7664 0.0000e+00
      0.342      0.007     9.8775    122.088     35.587  36.409185     2.1912      8.208   152.8773 1.0721e+03     2.2428      0.335      0.486    26.1489   996.7654 0.0000e+00
      0.347      0.006     9.9157    122.558     35.590  36.411604     2.2084      8.206   152.9861 1.0553e+03     2.1738      0.341      0.494    26.1508   996.7649 0.0000e+00
      0.349      0.006     9.8358    121.571     35.560  36.380455     2.2442      8.204   153.1622 1.0544e+03     2.0858      0.345      0.500    26.1517   996.7647 0.0000e+00
      0.349      0.006     9.7020    119.918     35.530  36.349922     2.2683      8.199   153.3719 1.0620e+03     2.0301      0.344      0.498    26.1507   996.7651 0.0000e+00
      0.346      0.006     9.5659    118.236     35.539  36.359787     2.2663      8.187   153.6292 1.0657e+03     2.0246      0.340      0.491    26.1482   996.7657 0.0000e+00
      0.346      0.006     9.4514    116.820     35.552  36.372791     2.2117      8.166   153.8642 1.0808e+03     2.0848      0.338      0.490    26.1468   996.7661 0.0000e+00
      0.351      0.006     9.3616    115.706     35.561  36.380216     2.1282      8.143   154.1481 1.0946e+03     2.2006      0.343      0.499    26.1477   996.7658 0.0000e+00
      0.356      0.005     9.2905    114.821     35.569  36.386091     2.0888      8.129   154.4803 1.0868e+03     2.2459      0.351      0.509    26.1485   996.7656 0.0000e+00
      0.358      0.004     9.2328    114.105     35.564  36.380345     2.0913      8.121   154.6969 1.1010e+03     2.2056      0.353      0.511    26.1490   996.7655 0.0000e+00
      0.357      0.003     9.1884    113.554     35.559  36.374218     2.0886      8.105   154.7879 1.1215e+03     2.1724      0.352      0.510    26.1489   996.7656 0.0000e+00
      0.355      0.001     9.1575    113.170     35.561  36.375478     2.0728      8.081   154.7202 1.1050e+03     2.1718      0.349      0.506    26.1459   996.7663 0.0000e+00
      0.353     -0.007     9.1350    112.895     35.580  36.395583     2.0654      8.061   154.4816 1.0812e+03     2.1985      0.345      0.501    26.1430   996.7670 0.0000e+00
      0.354     -0.022     9.1180    112.691     35.608  36.426893     2.0691      8.059   154.3114 1.0727e+03     2.2330      0.346      0.502    26.1420   996.7673 0.0000e+00
      0.357     -0.044     9.1066    112.570     35.610  36.436688     2.0742      8.069   154.2967 1.1082e+03     2.2286      0.351      0.508    26.1399   996.7679 0.0000e+00
      0.354     -0.066     9.1004    112.528     35.612  36.450550     2.0223      8.077   154.3904 1.1429e+03     2.1454      0.355      0.515    26.1384   996.7683 0.0000e+00
      0.333     -0.081     9.0993    112.552     35.616  36.467572     1.9098      8.077   154.5840 1.1650e+03     2.0461      0.337      0.489    26.1400   996.7678 0.0000e+00
      0.291     -0.089     9.1012    112.601     35.592  36.452107     1.8508      8.068   154.9165 1.1849e+03     2.0443      0.285      0.413    26.1420   996.7671 0.0000e+00
      0.247     -0.098     9.1030    112.631     35.592  36.454002     1.8454      8.059   155.1424 1.1109e+03     2.0907      0.234      0.339    26.1501   996.7647 0.0000e+00
      0.222     -0.113     9.1040    112.646     35.627  36.490481     1.8190      8.059   154.9049 1.1215e+03     2.0495      0.212      0.308    26.1706   996.7591 0.0000e+00
      0.214     -0.137     9.1026    112.643     35.643  36.512356     1.7827      8.061   154.6262 1.2856e+03     1.9721      0.208      0.302    26.1911   996.7536 0.0000e+00
      0.207     -0.166     9.0975    112.611     35.647  36.528081     1.7717      8.061   154.6117 1.4224e+03     1.9750      0.214      0.310    26.2049   996.7499 0.0000e+00
      0.171     -0.199     9.0897    112.557     35.657  36.553691     1.7721      8.059   154.5577 1.5979e+03     2.0187      0.188      0.271    26.2080   996.7490 0.0000e+00
      0.095     -0.228     9.0810    112.492     35.657  36.568135     1.6923      8.050   154.5760 1.7475e+03     1.9760      0.099      0.143    26.2036   996.7497 0.0000e+00
      0.000     -0.243     9.0741    112.448     35.651  36.575801     1.5433      8.030   155.1765 1.7536e+03     1.8522     -0.004     -0.006    26.2096   996.7477 0.0000e+00
     -0.085     -0.238     9.0726    112.469     35.644  36.582932     1.4702      8.005   159.3237 1.7280e+03     1.8006     -0.091     -0.132    26.2275   996.7426 0.0000e+00
     -0.149     -0.208     9.0747    112.526     35.641  36.590910     1.4675      7.982   163.9366 1.7181e+03     1.8103     -0.155     -0.224    26.2506   996.7361 0.0000e+00
     -0.189     -0.162     9.0782    112.584     35.654  36.608797     1.4678      7.968   163.8014 1.7163e+03     1.7396     -0.190     -0.275    26.2726   996.7300 0.0000e+00
     -0.214     -0.113     9.0862    112.682     35.654  36.608797     1.4652      7.964   179.2849 1.7380e+03     1.6016     -0.211     -0.306    26.2903   996.7251 0.0000e+00
     -0.234     -0.073     9.0973    112.815     35.638  36.590909     1.4531      7.964   198.0827 1.7522e+03     1.5178     -0.230     -0.334    26.3113   996.7194 0.0000e+00
     -0.247     -0.048     9.1067    112.927     35.632  36.582930     1.4433      7.963   200.9371 1.7463e+03     1.5133     -0.247     -0.357    26.3305   996.7142 0.0000e+00
     -0.250     -0.034     9.1107    112.971     35.627  36.575798     1.4245      7.964   216.8943 1.7635e+03     1.6448     -0.248     -0.358    26.3353   996.7129 0.0000e+00
     -0.248     -0.029     9.1087    112.946     35.620  36.568139     1.3822      7.968   233.7401 1.8104e+03     1.8624     -0.241     -0.349    26.3332   996.7136 0.0000e+00
     -0.251     -0.028     9.1039    112.889     35.606  36.553797     1.3475      7.972   235.2068 1.8358e+03     1.9819     -0.244     -0.356    26.3307   996.7142 0.0000e+00
     -0.261     -0.027     9.1011    112.852     35.582  36.529343     1.3420      7.972   234.7998 1.8059e+03     2.3038     -0.255     -0.371    26.3272   996.7150 0.0000e+00
     -0.275     -0.021     9.1021    112.853     35.583  36.526349     1.3597      7.967   231.7448 1.7639e+03     5.4914     -0.268     -0.389    26.3247   996.7157 0.0000e+00
     -0.288     -0.005     9.1055    112.878     35.580  36.517589     1.5010      7.950   213.2407 1.7444e+03    40.1634     -0.284     -0.412    26.3243   996.7157 0.0000e+00
     -0.294      0.026     9.1127    112.945     35.557  36.486898     1.7500      7.930   182.4581 1.7381e+03   103.6945     -0.292     -0.423    26.3264   996.7151 0.0000e+00
     -0.291      0.066     9.1196    113.006     35.552  36.472606     1.8740      7.925   165.2528 1.7457e+03   138.0554     -0.289     -0.419    26.3274   996.7148 0.0000e+00
     -0.273      0.109     9.1223    113.017     35.559  36.471710     1.8636      7.934   162.2341 1.7624e+03   138.0550     -0.276     -0.400    26.3208   996.7166 0.0000e+00
     -0.233      0.150     9.1235    113.005     35.572  36.476053     1.7549      7.944   160.7580 1.7697e+03   103.7224     -0.236     -0.341    26.3113   996.7195 0.0000e+00
     -0.175      0.183     9.1246    112.978     35.572  36.461629     1.5648      7.952   159.6225 1.7672e+03    40.2764     -0.171     -0.248    26.3015   996.7223 0.0000e+00
     -0.115      0.205     9.1248    112.933     35.551  36.424229     1.4640      7.957   158.8304 1.7517e+03     5.6680     -0.111     -0.162    26.2865   996.7266 0.0000e+00
     -0.059      0.213     9.1226    112.866     35.546  36.404658     1.4557      7.961   158.2357 1.4954e+03     2.5097     -0.058     -0.085    26.2771   996.7294 0.0000e+00
     -0.002      0.207     9.1162    112.765     35.564  36.415387     1.4732      7.963   157.9384 1.1624e+03     2.1882     -0.002     -0.004    26.2680   996.7320 0.0000e+00
      0.054      0.195     9.1056    112.625     35.578  36.426992     1.5106      7.962   157.9888 1.1822e+03     2.1087      0.055      0.079    26.2457   996.7382 0.0000e+00
      0.105      0.189     9.0931    112.468     35.571  36.418029     1.5347      7.957   158.4154 1.5752e+03     2.0407      0.108      0.156    26.2189   996.7456 0.0000e+00
      0.146      0.192     9.0836    112.343     35.527  36.370484     1.5486      7.951   159.1391 1.8776e+03     1.9882      0.148      0.213    26.1978   996.7515 0.0000e+00
      0.180      0.201     9.0821    112.302     35.462  36.296427     1.6004      7.948   159.6840 1.5964e+03     1.9662      0.174      0.252    26.1879   996.7543 0.0000e+00
      0.221      0.213     9.0866    112.312     35.403  36.220776     1.6926      7.946   160.1852 1.2529e+03     1.9709      0.207      0.301    26.1857   996.7551 0.0000e+00
      0.283      0.228     9.0918    112.316     35.358  36.153947     1.7536      7.944   160.8110 1.1354e+03     2.0118      0.272      0.395    26.1862   996.7552 0.0000e+00
      0.359      0.241     9.0929    112.267     35.349  36.123073     1.7742      7.940   161.2272 9.7730e+02     2.0351      0.355      0.514    26.1853   996.7558 0.0000e+00
      0.431      0.246     9.0833    112.095     35.346  36.101327     1.8467      7.935   161.4313 8.9030e+02     1.9905      0.426      0.619    26.1745   996.7590 0.0000e+00
      0.495      0.238     9.0591    111.755     35.341  36.081407     1.9795      7.932   161.6442 8.7022e+02     1.9636      0.486      0.706    26.1519   996.7652 0.0000e+00
      0.554      0.221     9.0165    111.198     35.342  36.072605     2.0618      7.928   162.0803 7.8812e+02     1.9713      0.544      0.788    26.1197   996.7741 0.0000e+00
      0.610      0.205     8.9500    110.353     35.337  36.058346     2.0789      7.923   162.7464 6.9199e+02     1.9863      0.601      0.872    26.0862   996.7832 0.0000e+00
      0.657      0.194     8.8609    109.229     35.387  36.099409     2.0905      7.917   163.2464 6.8740e+02     2.0133      0.650      0.943    26.0598   996.7905 0.0000e+00
      0.695      0.189     8.7601    107.955     35.485  36.188258     2.1930      7.913   163.4787 7.1402e+02     2.0687      0.681      0.987    26.0393   996.7961 0.0000e+00
      0.736      0.186     8.6650    106.748     35.490  36.180529     2.3822      7.909   163.6624 6.8200e+02     2.1643      0.716      1.038    26.0242   996.8003 0.0000e+00
      0.788      0.185     8.5932    105.823     35.396  36.069416     2.4885      7.906   163.7463 6.2250e+02     2.2194      0.772      1.119    26.0144   996.8032 0.0000e+00
      0.843      0.185     8.5588    105.335     35.338  35.987241     2.5066      7.904   163.7192 5.7386e+02     2.2430      0.830      1.205    26.0021   996.8068 0.0000e+00
      0.891      0.182     8.5653    105.319     35.398  36.012039     2.5926      7.903   163.7645 5.3212e+02     2.2530      0.876      1.271    25.9850   996.8116 0.0000e+00
      0.936      0.174     8.5957    105.587     35.538  36.115306     2.7567      7.899   163.9506 5.0442e+02     2.2420      0.916      1.330    25.9662   996.8166 0.0000e+00
      0.982      0.162     8.6210    105.811     35.672  36.220244     2.8519      7.895   164.0763 4.9353e+02     2.2410      0.964      1.399    25.9495   996.8213 0.0000e+00
      1.023      0.148     8.6225    105.766     35.740  36.265263     2.8686      7.892   164.1657 4.8190e+02     2.2409      1.008      1.462    25.9211   996.8290 0.0000e+00
      1.057      0.136     8.5941    105.375     35.831  36.342236     2.8980      7.889   164.4285 4.5754e+02     2.2083      1.038      1.505    25.8634   996.8444 0.0000e+00
      1.088      0.123     8.5383    104.662     36.013  36.516174     2.9469      7.887   164.7586 4.3324e+02     2.1090      1.066      1.546    25.8012   996.8610 0.0000e+00
      1.119      0.112     8.4702    103.800     36.035  36.527646     2.9831      7.883   165.2323 4.1777e+02     2.0237      1.098      1.594    25.7581   996.8726 0.0000e+00
      1.147      0.104     8.4115    103.063     35.870  36.353977     2.9971      7.878   165.8533 4.0820e+02     2.0290      1.126      1.634    25.7254   996.8814 0.0000e+00
      1.170      0.102     8.3866    102.766     35.834  36.320493     2.9862      7.874   166.3307 3.9988e+02     2.1079      1.148      1.664    25.7021   996.8875 0.0000e+00
      1.191      0.105     8.4114    103.076     36.013  36.503624     2.9554      7.871   166.6169 3.9311e+02     2.1902      1.167      1.692    25.6935   996.8900 0.0000e+00
      1.213      0.111     8.4734    103.774     36.194  36.664074     2.9369      7.866   166.9051 3.8468e+02     2.2042      1.188      1.723    25.6767   996.8945 0.0000e+00
      1.241      0.117     8.5428    104.468     36.262  36.673644     2.9361      7.863   167.2340 3.6911e+02     2.2118      1.213      1.759    25.6595   996.8991 0.0000e+00
      1.276      0.122     8.6053    105.052     36.276  36.619248     2.9804      7.860   167.5817 3.5236e+02     2.3152      1.248      1.811    25.6703   996.8963 0.0000e+00
      1.316      0.124     8.6765    105.802     36.090  36.387098     3.0729      7.857   168.0114 3.3808e+02     2.4391      1.292      1.875    25.6888   996.8918 0.0000e+00
      1.352      0.124     8.7702    106.873     35.756  36.024689     3.1283      7.854   168.4717 3.2593e+02     2.4642      1.330      1.930    25.6676   996.8977 0.0000e+00
      1.380      0.123     8.8700    107.975     35.691  35.918666     3.1303      7.851   169.0177 3.1594e+02     2.4217      1.355      1.966    25.5676   996.9240 0.0000e+00
      1.404      0.123     8.9545    108.783     35.781  35.930243     3.1224      7.849   169.4510 3.0557e+02     2.3840      1.374      1.993    25.4494   996.9549 0.0000e+00
      1.430      0.123     9.0210    109.284     35.553  35.593315     3.1286      7.849   169.5800 2.9336e+02     2.4019      1.399      2.029    25.3946   996.9692 0.0000e+00
      1.463      0.127     9.1010    109.916     35.158  35.081640     3.1521      7.852   169.6315 2.8001e+02     2.4412      1.432      2.078    25.3775   996.9736 0.0000e+00
      1.500      0.132     9.2458    111.286     35.090  34.884390     3.1729      7.854   169.6425 2.6602e+02     2.4341      1.471      2.133    25.3353   996.9848 0.0000e+00
      1.539      0.137     9.4419    113.249     35.391  35.048760     3.1806      7.853   169.1978 2.5257e+02     2.4471      1.510      2.190    25.2197   997.0150 0.0000e+00
      1.575      0.138     9.6031    114.854     35.748  35.291733     3.1759      7.852   168.2985 2.4156e+02     2.6959      1.545      2.241    25.0478   997.0593 0.0000e+00
      1.609      0.137     9.6715    115.393     35.768  35.219822     3.1773      7.850   167.9748 2.3256e+02     3.1161      1.578      2.289    24.8920   997.0991 0.0000e+00
      1.641      0.137     9.6595    114.914     35.534  34.877290     3.1799      7.849   168.7258 2.2463e+02     3.2998      1.611      2.336    24.7119   997.1450 0.0000e+00
      1.673      0.138     9.6227    114.044     35.505  34.704215     3.1719      7.851   169.4629 2.1731e+02     3.2453      1.640      2.379    24.4926   997.2006 0.0000e+00
