Data/DataNotYetUploadedToEDI/CTD_2019/070119_fcr10.cnv
* Sea-Bird SBE19plus  Data File:
* FileName = C:\DATA\070119_fcr_0006.hex
* Software version 2.8.0.119 SB_Terminal.dll
* Temperature SN = 7809
* Conductivity SN = 7809
* System UpLoad Time = Jul 01 2019 16:58:46
* <ApplicationData>
* <Seaterm232>
# nquan = 16
# nvalues = 346                         
# units = specified
# name 0 = depFM: Depth [fresh water, m]
# name 1 = dz/dtM: Descent Rate [m/s]
# name 2 = sbeox0Mg/L: Oxygen, SBE 43 [mg/l]
# name 3 = sbeox0PS: Oxygen, SBE 43 [% saturation]
# name 4 = specc: Specific Conductance [uS/cm]
# name 5 = c0uS/cm: Conductivity [uS/cm]
# name 6 = flECO-AFL: Fluorescence, WET Labs ECO-AFL/FL [mg/m^3]
# name 7 = ph: pH
# name 8 = orp: Oxidation Reduction Potential [mV]
# name 9 = par/sat/log: PAR/Logarithmic, Satlantic
# name 10 = turbWETntu0: Turbidity, WET Labs ECO [NTU]
# name 11 = prdM: Pressure, Strain Gauge [db]
# name 12 = prdE: Pressure, Strain Gauge [psi]
# name 13 = tv290C: Temperature [ITS-90, deg C]
# name 14 = density00: Density [density, kg/m^3]
# name 15 = flag:  0.000e+00
# span 0 =     -0.582,      2.871       
# span 1 =     -0.281,      0.244       
# span 2 =    -1.5281,     9.9056       
# span 3 =    -16.815,    122.753       
# span 4 =      1.143,    285.052       
# span 5 =   1.287949, 249.358323       
# span 6 =    -0.6813,     9.4753       
# span 7 =      6.765,      9.288       
# span 8 = -1240.7455,   271.5765       
# span 9 = 8.3650e+00, 1.7598e+03       
# span 10 =    -5.6241,   210.3713      
# span 11 =     -0.571,      2.816      
# span 12 =     -0.828,      4.084      
# span 13 =    18.6724,    31.3420      
# span 14 =   995.2438,   998.5867      
# span 15 = 0.0000e+00, 0.0000e+00      
# interval = seconds: 0.25
# start_time = Jul 01 2019 11:29:23 [Instrument's time stamp, header]
# bad_flag = -9.990e-29
*END*
[from data line 272]
      1.103      0.114     8.6280    105.913     35.324  35.873361     3.3095      7.787   186.4345 2.8219e+02     2.2903      1.082      1.569    25.8130   996.8580 0.0000e+00
      1.132      0.114     8.6575    106.238     35.349  35.883969     3.3156      7.782   186.6966 2.7824e+02     2.2593      1.111      1.612    25.8058   996.8599 0.0000e+00
      1.160      0.117     8.6823    106.501     35.368  35.887636     3.3151      7.776   187.0134 2.7220e+02     2.2648      1.137      1.650    25.7985   996.8620 0.0000e+00
      1.187      0.121     8.6929    106.587     35.413  35.917672     3.3197      7.770   187.3397 2.6344e+02     2.2918      1.163      1.686    25.7870   996.8652 0.0000e+00
      1.218      0.125     8.6834    106.412     35.759  36.247109     3.3192      7.765   187.8026 2.5472e+02     2.2896      1.193      1.731    25.7726   996.8690 0.0000e+00
      1.253      0.131     8.6509    105.910     36.429  36.887639     3.3184      7.760   188.2220 2.4561e+02     2.2713      1.229      1.783    25.7530   996.8743 0.0000e+00
      1.288      0.136     8.5985    105.075     36.862  37.251544     3.3186      7.756   188.4530 2.3581e+02     2.2995      1.264      1.833    25.7289   996.8809 0.0000e+00
      1.323      0.138     8.5300    103.950     36.942  37.219434     3.3129      7.753   188.7885 2.2661e+02     2.3364      1.295      1.879    25.7088   996.8864 0.0000e+00
      1.359      0.138     8.4529    102.679     37.049  37.197441     3.3102      7.751   189.2679 2.1738e+02     2.3240      1.330      1.930    25.6848   996.8929 0.0000e+00
      1.397      0.135     8.3826    101.521     37.147  37.175859     3.3113      7.750   189.8609 2.0810e+02     2.3131      1.371      1.987    25.6410   996.9049 0.0000e+00
      1.434      0.130     8.3271    100.598     37.156  37.085248     3.3090      7.747   190.8818 2.0016e+02     2.3035      1.408      2.042    25.5447   996.9304 0.0000e+00
      1.465      0.125     8.2746     99.762     37.271  37.117305     3.3002      7.743   191.9755 1.9393e+02     2.2729      1.438      2.086    25.3780   996.9739 0.0000e+00
      1.494      0.119     8.2127     98.842     37.536  37.309441     3.2570      7.739   192.4165 1.8834e+02     2.2716      1.465      2.125    25.1879   997.0233 0.0000e+00
      1.523      0.113     8.1479     97.905     37.733  37.440551     3.1856      7.735   192.5990 1.8373e+02     2.3210      1.494      2.166    25.0213   997.0663 0.0000e+00
      1.551      0.108     8.1051     97.257     37.847  37.496432     3.1472      7.730   192.9775 1.8008e+02     2.3450      1.522      2.207    24.8890   997.1003 0.0000e+00
      1.578      0.105     8.1180     97.312     37.997  37.604161     3.1310      7.727   193.3799 1.7594e+02     2.3316      1.548      2.245    24.7833   997.1274 0.0000e+00
      1.603      0.105     8.2056     98.285     38.089  37.663954     3.0763      7.724   193.8508 1.7089e+02     2.4213      1.573      2.281    24.6920   997.1507 0.0000e+00
      1.628      0.106     8.3541     99.973     38.111  37.648062     3.0056      7.720   194.3690 1.6587e+02     2.6104      1.596      2.315    24.6033   997.1733 0.0000e+00
      1.655      0.108     8.5251    101.879     38.186  37.665867     2.9784      7.715   194.7410 1.6081e+02     2.7178      1.622      2.353    24.5230   997.1937 0.0000e+00
      1.683      0.111     8.6760    103.509     38.473  37.879137     2.9735      7.711   194.9935 1.5556e+02     2.7370      1.651      2.395    24.4719   997.2068 0.0000e+00
      1.712      0.114     8.7760    104.517     38.998  38.322293     2.9813      7.707   195.1855 1.4996e+02     2.9403      1.679      2.435    24.4386   997.2153 0.0000e+00
      1.742      0.114     8.8006    104.610     39.408  38.643988     3.0128      7.702   195.3419 1.4354e+02     3.3408      1.707      2.476    24.3989   997.2252 0.0000e+00
      1.773      0.112     8.7320    103.579     39.382  38.531245     3.0239      7.697   195.5939 1.3714e+02     3.5808      1.738      2.521    24.3198   997.2453 0.0000e+00
      1.804      0.108     8.5785    101.563     39.091  38.165073     3.0198      7.694   195.9090 1.3143e+02     3.6140      1.771      2.569    24.2221   997.2698 0.0000e+00
      1.832      0.105     8.3775     99.054     38.742  37.771285     3.0411      7.691   196.1401 1.2671e+02     3.6436      1.800      2.610    24.1322   997.2925 0.0000e+00
      1.856      0.103     8.1825     96.658     38.322  37.324610     3.0735      7.690   196.3238 1.2301e+02     3.7430      1.822      2.641    24.0307   997.3179 0.0000e+00
      1.877      0.102     8.0535     94.956     38.020  36.953676     3.0829      7.691   196.5805 1.1913e+02     3.8319      1.840      2.668    23.9117   997.3472 0.0000e+00
      1.902      0.103     8.0330     94.364     37.925  36.713868     3.0763      7.692   196.9213 1.1426e+02     3.8336      1.864      2.703    23.7945   997.3759 0.0000e+00
      1.929      0.108     8.1331     95.089     37.985  36.582975     3.0715      7.692   197.1747 1.0926e+02     3.7957      1.891      2.743    23.7282   997.3921 0.0000e+00
      1.957      0.113     8.3457     97.146     38.229  36.640237     2.9987      7.690   197.0627 1.0471e+02     3.8992      1.918      2.783    23.7121   997.3961 0.0000e+00
      1.987      0.118     8.6360    100.154     38.522  36.771243     2.8557      7.688   196.7725 1.0024e+02     4.1345      1.949      2.826    23.6373   997.4144 0.0000e+00
      2.019      0.119     8.9392    103.334     38.793  36.897294     2.7810      7.686   196.9347 9.5770e+01     4.2479      1.979      2.870    23.4171   997.4677 0.0000e+00
      2.053      0.119     9.1883    105.933     39.643  37.592862     2.7801      7.683   197.5615 9.1711e+01     4.2870      2.014      2.921    23.1362   997.5352 0.0000e+00
      2.084      0.119     9.3323    107.372     42.731  40.420394     2.7929      7.680   198.0709 8.8367e+01     4.6071      2.046      2.967    22.9008   997.5911 0.0000e+00
      2.112      0.119     9.3278    107.057     52.972  49.944756     2.8148      7.675   198.1882 8.5282e+01     5.1358      2.071      3.003    22.7209   997.6338 0.0000e+00
      2.139      0.119     9.1469    104.637     71.606  67.253824     2.8282      7.667   197.6033 8.1967e+01     5.4037      2.097      3.042    22.5427   997.6752 0.0000e+00
      2.168      0.121     8.7722     99.994     92.603  86.640555     2.8417      7.652   196.5058 7.8298e+01     5.4869      2.124      3.082    22.3910   997.7109 0.0000e+00
      2.201      0.126     8.1637     92.734    111.021 103.477913     2.9347      7.623   195.6731 7.4618e+01     6.3388      2.158      3.130    22.3148   997.7288 0.0000e+00
      2.234      0.131     7.2761     82.352    122.516 113.736201     3.1037      7.587   192.5251 7.1269e+01     7.9034      2.191      3.179    22.1963   997.7589 0.0000e+00
      2.267      0.133     6.0877     68.635    127.071 117.438546     3.2035      7.552   183.9979 6.7809e+01     8.7385      2.221      3.220    21.9970   997.8121 0.0000e+00
      2.304      0.133     4.6623     52.365    130.383 119.952722     3.2132      7.516   173.4478 6.4104e+01     8.8328      2.257      3.274    21.8013   997.8635 0.0000e+00
      2.342      0.131     3.1487     35.245    135.957 124.567672     3.1508      7.478   165.7176 6.0872e+01     9.2738      2.299      3.335    21.6211   997.9114 0.0000e+00
      2.376      0.128     1.7037     19.020    143.112 130.654336     3.0300      7.440   161.1708 5.8330e+01    10.1052      2.332      3.384    21.4282   997.9584 0.0000e+00
      2.405      0.123     0.4591      5.126    149.065 135.652050     2.9665      7.403   158.2230 5.6044e+01    10.5938      2.359      3.421    21.2075   998.0074 0.0000e+00
      2.433      0.118    -0.5042     -5.571    152.018 137.929544     2.9995      7.366   155.8022 5.3647e+01    10.6913      2.385      3.460    20.9899   998.0559 0.0000e+00
      2.463      0.116    -1.1466    -12.666    152.842 138.290349     3.3507      7.326   153.1527 5.1104e+01    11.0219      2.415      3.503    20.8042   998.0981 0.0000e+00
      2.492      0.119    -1.4711    -16.220    155.168 140.014139     3.9796      7.285   150.2783 4.8784e+01    11.6099      2.445      3.547    20.6434   998.1357 0.0000e+00
      2.519      0.124    -1.5281    -16.815    160.955 144.862001     4.3259      7.245   147.8926 4.6635e+01    11.9015      2.471      3.583    20.4957   998.1694 0.0000e+00
      2.549      0.127    -1.4060    -15.440    167.290 150.196809     4.4692      7.207   145.7310 4.3932e+01    11.8273      2.497      3.620    20.3577   998.1996 0.0000e+00
      2.586      0.127    -1.1906    -13.049    172.765 154.738284     5.7548      7.172   142.9857 4.0647e+01    11.0076      2.534      3.676    20.2341   998.2255 0.0000e+00
      2.625      0.124    -0.9430    -10.314    178.627 159.618156     8.1055      7.138   139.9945 3.7547e+01     9.4951      2.577      3.738    20.1126   998.2512 0.0000e+00
      2.660      0.117    -0.7088     -7.738    183.419 163.543532     9.3870      7.106   137.6133 3.5109e+01     8.6472      2.612      3.788    19.9971   998.2780 0.0000e+00
      2.688      0.105    -0.5067     -5.521    186.484 165.925966     9.4753      7.077   135.5325 3.3157e+01     8.5559      2.638      3.825    19.8900   998.3028 0.0000e+00
      2.712      0.089    -0.3410     -3.710    189.302 168.111351     9.1563      7.051   132.3877 3.1274e+01     8.4568      2.660      3.858    19.7785   998.3270 0.0000e+00
      2.734      0.073    -0.2058     -2.236    193.128 171.248742     8.5643      7.028   128.0686 2.9540e+01     8.2686      2.683      3.892    19.6744   998.3510 0.0000e+00
      2.750      0.059    -0.0947     -1.027    200.224 177.343878     8.2469      7.006   123.1466 2.8118e+01     8.1485      2.699      3.915    19.5782   998.3724 0.0000e+00
      2.760      0.049    -0.0090     -0.097    209.901 185.755552     8.1887      6.986   117.9616 2.6770e+01     8.1514      2.707      3.926    19.4814   998.3926 0.0000e+00
      2.767      0.043     0.0543      0.588    217.653 192.467348     7.8168      6.967   113.5591 2.5314e+01     8.5004      2.714      3.936    19.3922   998.4116 0.0000e+00
      2.775      0.039     0.1008      1.091    224.473 198.323579     7.1412      6.947   110.2685 2.3580e+01     9.1239      2.721      3.946    19.3246   998.4260 0.0000e+00
      2.784      0.038     0.1327      1.434    232.516 205.188587     6.7732      6.927   107.6010 2.1264e+01     9.4300      2.730      3.959    19.2802   998.4372 0.0000e+00
      2.796      0.038     0.1528      1.651    237.784 209.559665     6.7062      6.907   105.0529 1.8589e+01     9.4483      2.741      3.975    19.2434   998.4494 0.0000e+00
      2.808      0.037     0.1669      1.802    240.104 211.366657     6.3382      6.888   102.3465 1.6387e+01     9.5752      2.755      3.995    19.2109   998.4582 0.0000e+00
      2.818      0.036     0.1764      1.903    243.717 214.360717     5.6799      6.869    99.7439 1.4978e+01     9.7844      2.765      4.010    19.1782   998.4663 0.0000e+00
      2.826      0.033     0.1799      1.938    248.531 218.419113     5.3269      6.850    97.3319 1.3935e+01     9.8800      2.771      4.019    19.1246   998.4813 0.0000e+00
      2.832      0.028     0.1799      1.938    252.850 222.078522     5.3046      6.832    94.8649 1.2900e+01     9.8796      2.778      4.029    19.0556   998.4967 0.0000e+00
      2.839      0.024     0.1793      1.931    259.968 228.248047     5.3496      6.814    92.1999 1.1900e+01     9.6814      2.784      4.038    19.0050   998.5064 0.0000e+00
      2.845      0.022     0.1786      1.922    272.534 239.128091     5.4291      6.798    89.4594 1.1056e+01     9.2859      2.790      4.047    18.9759   998.5137 0.0000e+00
      2.850      0.021     0.1778      1.911    283.172 248.122760     5.4677      6.783    86.9383 1.0400e+01     9.0635      2.796      4.056    18.9347   998.5240 0.0000e+00
      2.855      0.019     0.1760      1.889    285.052 249.358323     5.4698      6.770    84.6894 9.8021e+00     9.0567      2.800      4.061    18.9031   998.5313 0.0000e+00
      2.860      0.018     0.1748      1.874    283.768 248.044098     5.4722      6.765    83.6068 9.1040e+00     9.0724      2.804      4.067    18.8987   998.5337 0.0000e+00
      2.865 -9.990e-29 -9.990e-29 -9.990e-29 -9.990e-29 -9.990e-29 -9.990e-29 -9.990e-29 -9.990e-29 8.5440e+00 -9.990e-29      2.810      4.075    18.8847   998.5425 0.0000e+00
      2.869 -9.990e-29 -9.990e-29 -9.990e-29 -9.990e-29 -9.990e-29 -9.990e-29 -9.990e-29 -9.990e-29 8.3650e+00 -9.990e-29      2.814      4.081    18.8166   998.5614 0.0000e+00
      2.871 -9.990e-29 -9.990e-29 -9.990e-29 -9.990e-29 -9.990e-29 -9.990e-29 -9.990e-29 -9.990e-29 8.5493e+00 -9.990e-29      2.815      4.083    18.7169   998.5798 0.0000e+00
      2.871 -9.990e-29 -9.990e-29 -9.990e-29 -9.990e-29 -9.990e-29 -9.990e-29 -9.990e-29 -9.990e-29 8.7332e+00 -9.990e-29      2.816      4.084    18.6724   998.5867 0.0000e+00
