Data/DataNotYetUploadedToEDI/CTD_2019/070119_fcr10.cnv
* Sea-Bird SBE19plus  Data File:
* FileName = C:\DATA\070119_fcr_0006.hex
* Software version 2.8.0.119 SB_Terminal.dll
* Temperature SN = 7809
* Conductivity SN = 7809
* System UpLoad Time = Jul 01 2019 16:58:46
* <ApplicationData>
* <Seaterm232>
# nquan = 16
# nvalues = 346                         
# units = specified
# name 0 = depFM: Depth [fresh water, m]
# name 1 = dz/dtM: Descent Rate [m/s]
# name 2 = sbeox0Mg/L: Oxygen, SBE 43 [mg/l]
# name 3 = sbeox0PS: Oxygen, SBE 43 [% saturation]
# name 4 = specc: Specific Conductance [uS/cm]
# name 5 = c0uS/cm: Conductivity [uS/cm]
# name 6 = flECO-AFL: Fluorescence, WET Labs ECO-AFL/FL [mg/m^3]
# name 7 = ph: pH
# name 8 = orp: Oxidation Reduction Potential [mV]
# name 9 = par/sat/log: PAR/Logarithmic, Satlantic
# name 10 = turbWETntu0: Turbidity, WET Labs ECO [NTU]
# name 11 = prdM: Pressure, Strain Gauge [db]
# name 12 = prdE: Pressure, Strain Gauge [psi]
# name 13 = tv290C: Temperature [ITS-90, deg C]
# name 14 = density00: Density [density, kg/m^3]
# name 15 = flag:  0.000e+00
# span 0 =     -0.582,      2.871       
# span 1 =     -0.281,      0.244       
# span 2 =    -1.5281,     9.9056       
# span 3 =    -16.815,    122.753       
# span 4 =      1.143,    285.052       
# span 5 =   1.287949, 249.358323       
# span 6 =    -0.6813,     9.4753       
# span 7 =      6.765,      9.288       
# span 8 = -1240.7455,   271.5765       
# span 9 = 8.3650e+00, 1.7598e+03       
# span 10 =    -5.6241,   210.3713      
# span 11 =     -0.571,      2.816      
# span 12 =     -0.828,      4.084      
# span 13 =    18.6724,    31.3420      
# span 14 =   995.2438,   998.5867      
# span 15 = 0.0000e+00, 0.0000e+00      
# interval = seconds: 0.25
# start_time = Jul 01 2019 11:29:23 [Instrument's time stamp, header]
# bad_flag = -9.990e-29
*END*
[from data line 91]
      0.162      0.011     7.5288     94.015     36.445  37.699684     1.7343      8.718   180.4825 1.1688e+03     2.0932      0.159      0.230    26.6863   996.6200 0.0000e+00
      0.164      0.011     7.5156     93.863     36.450  37.710111     1.6640      8.710   178.6624 1.1041e+03     2.0623      0.160      0.233    26.6928   996.6184 0.0000e+00
      0.169      0.011     7.4820     93.447     36.426  37.686199     1.6234      8.703   176.5622 1.0789e+03     2.0135      0.165      0.240    26.6954   996.6177 0.0000e+00
      0.173      0.012     7.4333     92.836     36.406  37.664473     1.6163      8.699   176.3407 1.0529e+03     2.0276      0.170      0.246    26.7052   996.6150 0.0000e+00
      0.175      0.014     7.3798     92.175     36.438  37.701319     1.6126      8.699   181.4051 1.0129e+03     2.1353      0.172      0.250    26.7157   996.6121 0.0000e+00
      0.176      0.016     7.3269     91.529     36.480  37.750849     1.6126      8.701   186.2580 9.5435e+02     2.2662      0.171      0.249    26.7252   996.6096 0.0000e+00
      0.180      0.017     7.2736     90.865     36.483  37.755552     1.6166      8.702   181.2424 9.0774e+02     2.3319      0.174      0.252    26.7274   996.6090 0.0000e+00
      0.187      0.018     7.2213     90.203     36.489  37.758186     1.6167      8.701   175.5681 9.7110e+02     2.3077      0.184      0.267    26.7182   996.6115 0.0000e+00
      0.193      0.019     7.1744     89.607     36.518  37.782685     1.6406      8.698   174.6091 9.9820e+02     2.2686      0.190      0.276    26.7248   996.6098 0.0000e+00
      0.197      0.019     7.1344     89.102     36.534  37.797861     1.6973      8.694   174.0349 8.9080e+02     2.2856      0.193      0.280    26.7403   996.6055 0.0000e+00
      0.201      0.019     7.1047     88.726     36.553  37.814721     1.7307      8.692   173.6158 6.7448e+02     2.3159      0.197      0.286    26.7409   996.6053 0.0000e+00
      0.206      0.019     7.0844     88.466     36.599  37.859586     1.7323      8.690   173.3279 3.9067e+02     2.3069      0.202      0.293    26.7319   996.6079 0.0000e+00
      0.210      0.021     7.0661     88.231     36.637  37.895980     1.7335      8.689   173.0486 2.3282e+02     2.2753      0.207      0.300    26.7250   996.6098 0.0000e+00
      0.215      0.026     7.0485     88.009     36.617  37.873905     1.7536      8.684   172.8204 2.0757e+02     2.2946      0.210      0.305    26.7228   996.6104 0.0000e+00
      0.220      0.031     7.0342     87.838     36.587  37.846578     1.7855      8.669   172.7189 1.9288e+02     2.3435      0.215      0.312    26.7210   996.6109 0.0000e+00
      0.229      0.035     7.0199     87.687     36.610  37.882955     1.7976      8.646   172.5961 1.7775e+02     2.3428      0.224      0.324    26.7149   996.6126 0.0000e+00
      0.240      0.037     6.9997     87.460     36.647  37.932901     1.7961      8.626   172.3677 1.6295e+02     2.3179      0.234      0.339    26.7110   996.6137 0.0000e+00
      0.254      0.034     6.9677     87.059     36.657  37.942689     1.8101      8.612   172.1949 1.4926e+02     2.2723      0.249      0.361    26.7088   996.6144 0.0000e+00
      0.266      0.028     6.9207     86.452     36.661  37.937815     1.8375      8.603   172.2269 1.3641e+02     2.2508      0.263      0.383    26.7076   996.6147 0.0000e+00
      0.274      0.020     6.8608     85.692     36.666  37.937435     1.8501      8.595   172.3251 1.2563e+02     2.2861      0.270      0.393    26.7318   996.6082 0.0000e+00
      0.276      0.010     6.7908     84.827     36.663  37.938080     1.8496      8.587   172.2639 1.1823e+02     2.2734      0.272      0.395    26.7590   996.6009 0.0000e+00
      0.274      0.000     6.7118     83.876     36.652  37.945627     1.8663      8.580   172.0890 1.1436e+02     2.2283      0.270      0.391    26.7522   996.6027 0.0000e+00
      0.272     -0.010     6.6265     82.872     36.641  37.965242     1.8958      8.577   171.8454 1.1321e+02     2.2328      0.266      0.386    26.7319   996.6083 0.0000e+00
      0.269     -0.015     6.5416     81.876     36.629  37.984862     1.9114      8.578   171.6411 1.1367e+02     2.2616      0.265      0.384    26.7228   996.6107 0.0000e+00
      0.264     -0.013     6.4657     80.971     36.615  37.992465     1.9161      8.579   171.5986 1.1461e+02     2.2821      0.261      0.379    26.7252   996.6100 0.0000e+00
      0.256     -0.004     6.4107     80.297     36.609  37.993732     1.9182      8.573   171.5894 1.1616e+02     2.2841      0.252      0.366    26.7499   996.6033 0.0000e+00
      0.248      0.010     6.3925     80.059     36.621  38.000196     1.9110      8.558   171.7014 1.1711e+02     2.2858      0.240      0.348    26.7996   996.5896 0.0000e+00
      0.248      0.023     6.4080     80.236     36.636  38.007128     1.9066      8.538   171.9201 1.1651e+02     2.3026      0.237      0.344    26.8499   996.5759 0.0000e+00
      0.262      0.034     6.4332     80.542     36.648  38.014053     1.9261      8.523   171.9973 1.1599e+02     2.2904      0.254      0.368    26.8821   996.5671 0.0000e+00
      0.283      0.041     6.4526     80.772     36.659  38.020451     1.9992      8.517   171.9463 1.1474e+02     2.2372      0.279      0.405    26.8914   996.5647 0.0000e+00
      0.301      0.043     6.4596     80.841     36.668  38.020992     2.1047      8.521   171.9916 1.1234e+02     2.2162      0.298      0.432    26.8786   996.5683 0.0000e+00
      0.312      0.040     6.4498     80.696     36.679  38.020579     2.1620      8.533   172.2876 1.0963e+02     2.2666      0.308      0.447    26.8613   996.5730 0.0000e+00
      0.317      0.033     6.4258     80.371     36.686  38.015446     2.1720      8.543   172.5994 1.0756e+02     2.3212      0.311      0.452    26.8595   996.5736 0.0000e+00
      0.320      0.027     6.3935     79.946     36.704  38.022383     2.2162      8.548   172.7508 1.0674e+02     2.3191      0.312      0.453    26.8537   996.5752 0.0000e+00
      0.324      0.023     6.3563     79.469     36.728  38.040960     2.2977      8.548   172.8273 1.0642e+02     2.3076      0.316      0.459    26.8382   996.5794 0.0000e+00
      0.331      0.019     6.3174     78.981     36.737  38.049616     2.3341      8.542   172.8351 1.0697e+02     2.3130      0.324      0.471    26.8231   996.5836 0.0000e+00
      0.339      0.016     6.2818     78.531     36.753  38.063570     2.3359      8.535   172.8461 1.0765e+02     2.3185      0.334      0.483    26.8042   996.5888 0.0000e+00
      0.346      0.011     6.2478     78.094     36.778  38.082718     2.3455      8.530   172.8745 1.0852e+02     2.3089      0.340      0.493    26.7858   996.5938 0.0000e+00
      0.348      0.005     6.2110     77.629     36.788  38.090699     2.3378      8.525   172.8337 1.0970e+02     2.2953      0.343      0.498    26.7786   996.5958 0.0000e+00
      0.346      0.000     6.1718     77.159     36.784  38.096584     2.3121      8.519   172.8688 1.1081e+02     2.3177      0.341      0.495    26.7824   996.5948 0.0000e+00
      0.341     -0.004     6.1298     76.679     36.754  38.090405     2.2939      8.514   172.9556 1.1398e+02     2.3180      0.333      0.484    26.7801   996.5954 0.0000e+00
      0.338     -0.008     6.0856     76.182     36.715  38.079503     2.2827      8.511   172.9366 1.1868e+02     2.2989      0.330      0.478    26.7674   996.5988 0.0000e+00
      0.338     -0.009     6.0421     75.694     36.697  38.091778     2.2629      8.509   172.9830 1.2231e+02     2.3156      0.331      0.480    26.7574   996.6016 0.0000e+00
      0.338     -0.007     6.0011     75.230     36.690  38.111912     2.2372      8.508   173.1725 1.2480e+02     2.3241      0.333      0.482    26.7708   996.5980 0.0000e+00
      0.336     -0.004     5.9642     74.803     36.690  38.132561     2.2234      8.506   173.4211 1.2633e+02     2.3023      0.330      0.478    26.8114   996.5868 0.0000e+00
      0.332     -0.002     5.9327     74.427     36.699  38.151040     2.2174      8.501   173.6651 1.2675e+02     2.2484      0.325      0.471    26.8533   996.5753 0.0000e+00
      0.330      0.000     5.9048     74.083     36.690  38.144920     2.2258      8.496   173.7138 1.2707e+02     2.1640      0.322      0.467    26.8941   996.5642 0.0000e+00
      0.331      0.002     5.8780     73.750     36.666  38.122048     2.2633      8.491   173.5801 1.2760e+02     2.0690      0.324      0.470    26.9369   996.5524 0.0000e+00
      0.334      0.005     5.8507     73.415     36.668  38.128405     2.2979      8.487   173.5963 1.2845e+02     2.0180      0.327      0.475    26.9635   996.5451 0.0000e+00
      0.337      0.007     5.8225     73.072     36.690  38.158312     2.3064      8.483   173.8237 1.3065e+02     2.0387      0.331      0.479    26.9749   996.5420 0.0000e+00
      0.339      0.009     5.7958     72.745     36.694  38.166281     2.3141      8.480   174.1786 1.3458e+02     2.1220      0.334      0.484    26.9782   996.5411 0.0000e+00
      0.340      0.011     5.7710     72.435     36.689  38.161286     2.3310      8.476   174.5318 1.4021e+02     2.2390      0.334      0.483    26.9776   996.5413 0.0000e+00
      0.341      0.012     5.7468     72.130     36.689  38.161390     2.3375      8.469   174.6523 1.4710e+02     2.2731      0.333      0.482    26.9832   996.5397 0.0000e+00
      0.345      0.012     5.7234     71.842     36.692  38.167539     2.3392      8.459   174.6894 1.5318e+02     2.2723      0.337      0.489    26.9954   996.5365 0.0000e+00
      0.351      0.011     5.7047     71.618     36.691  38.172160     2.3435      8.447   174.7222 1.5685e+02     2.3268      0.345      0.500    27.0018   996.5347 0.0000e+00
      0.357      0.007     5.6973     71.536     36.666  38.153798     2.3465      8.436   174.6194 1.5745e+02     2.3427      0.351      0.509    27.0004   996.5351 0.0000e+00
      0.359      0.002     5.7030     71.617     36.644  38.135970     2.3500      8.427   174.5648 1.5491e+02     2.3339      0.354      0.514    26.9981   996.5357 0.0000e+00
      0.358     -0.003     5.7185     71.822     36.649  38.147043     2.3511      8.421   174.6642 1.5090e+02     2.3519      0.352      0.511    27.0018   996.5347 0.0000e+00
      0.354     -0.007     5.7402     72.106     36.656  38.160736     2.3515      8.416   174.7886 1.4746e+02     2.3307      0.347      0.504    27.0127   996.5318 0.0000e+00
      0.349     -0.011     5.7623     72.396     36.663  38.174578     2.3715      8.411   174.8647 1.4654e+02     2.2736      0.341      0.495    27.0225   996.5289 0.0000e+00
      0.345     -0.012     5.7807     72.636     36.671  38.187471     2.4020      8.406   174.8960 1.4869e+02     2.2512      0.338      0.489    27.0288   996.5273 0.0000e+00
      0.343     -0.012     5.7955     72.831     36.669  38.189679     2.4166      8.399   174.9084 1.5217e+02     2.2567      0.337      0.488    27.0360   996.5253 0.0000e+00
      0.342     -0.011     5.8064     72.977     36.674  38.201283     2.4268      8.391   174.9294 1.5464e+02     2.2425      0.336      0.488    27.0462   996.5224 0.0000e+00
      0.339     -0.009     5.8120     73.060     36.667  38.200825     2.4304      8.384   175.0629 1.5545e+02     2.2427      0.333      0.483    27.0556   996.5198 0.0000e+00
      0.335     -0.006     5.8112     73.063     36.644  38.184142     2.4169      8.381   175.3190 1.5523e+02     2.2926      0.328      0.476    27.0625   996.5179 0.0000e+00
      0.332     -0.003     5.8025     72.962     36.645  38.190016     2.3931      8.380   175.5313 1.5410e+02     2.3209      0.325      0.471    27.0680   996.5164 0.0000e+00
      0.331      0.001     5.7870     72.773     36.659  38.208386     2.3852      8.378   175.6502 1.5348e+02     2.2900      0.324      0.469    27.0747   996.5145 0.0000e+00
      0.333      0.004     5.7672     72.530     36.664  38.215827     2.3995      8.374   175.8097 1.5406e+02     2.2136      0.326      0.473    27.0850   996.5117 0.0000e+00
      0.337      0.006     5.7454     72.265     36.660  38.216512     2.4096      8.369   175.9973 1.5434e+02     2.1178      0.331      0.479    27.0956   996.5088 0.0000e+00
      0.341      0.007     5.7230     71.993     36.655  38.216677     2.4121      8.364   176.1117 1.5411e+02     2.0819      0.334      0.485    27.1024   996.5070 0.0000e+00
      0.343      0.007     5.6995     71.704     36.652  38.217827     2.4130      8.359   176.2463 1.5360e+02     2.1076      0.336      0.488    27.1059   996.5060 0.0000e+00
      0.343      0.006     5.6762     71.416     36.660  38.230428     2.4288      8.350   176.4200 1.5310e+02     2.1670      0.336      0.487    27.1098   996.5049 0.0000e+00
      0.343      0.004     5.6576     71.188     36.669  38.242083     2.4562      8.343   176.4909 1.5276e+02     2.2432      0.336      0.488    27.1171   996.5029 0.0000e+00
      0.344      0.002     5.6430     71.010     36.655  38.231800     2.4669      8.340   176.5019 1.5213e+02     2.2747      0.338      0.490    27.1253   996.5006 0.0000e+00
      0.346      0.001     5.6290     70.844     36.651  38.233059     2.4711      8.338   176.5539 1.5186e+02     2.2859      0.339      0.492    27.1307   996.4991 0.0000e+00
      0.346     -0.001     5.6180     70.717     36.668  38.257304     2.4717      8.335   176.6027 1.5189e+02     2.3133      0.341      0.494    27.1346   996.4981 0.0000e+00
      0.346     -0.002     5.6096     70.622     36.675  38.271050     2.4652      8.333   176.6609 1.5147e+02     2.3440      0.339      0.493    27.1385   996.4970 0.0000e+00
      0.344     -0.002     5.6007     70.519     36.672  38.272313     2.4626      8.332   176.7424 1.5122e+02     2.3293      0.337      0.489    27.1437   996.4956 0.0000e+00
      0.342     -0.002     5.5909     70.400     36.670  38.272582     2.4573      8.331   176.8125 1.5188e+02     2.2659      0.336      0.487    27.1519   996.4933 0.0000e+00
      0.341     -0.001     5.5785     70.246     36.670  38.274310     2.4541      8.328   176.9929 1.5299e+02     2.2331      0.334      0.485    27.1610   996.4907 0.0000e+00
      0.341      0.001     5.5609     70.023     36.689  38.293208     2.4407      8.324   177.2892 1.5357e+02     2.2277      0.334      0.484    27.1699   996.4883 0.0000e+00
      0.342      0.003     5.5389     69.744     36.707  38.310649     2.4162      8.320   177.4696 1.5383e+02     2.2329      0.336      0.487    27.1775   996.4862 0.0000e+00
      0.344      0.004     5.5147     69.438     36.692  38.294754     2.4097      8.312   177.5391 1.5357e+02     2.2642      0.337      0.489    27.1806   996.4854 0.0000e+00
      0.345      0.004     5.4889     69.116     36.687  38.291453     2.4141      8.302   177.6128 1.5167e+02     2.2779      0.338      0.491    27.1816   996.4851 0.0000e+00
      0.347      0.003     5.4641     68.808     36.664  38.270738     2.4431      8.295   177.6725 1.4968e+02     2.2346      0.341      0.495    27.1812   996.4852 0.0000e+00
      0.347      0.003     5.4421     68.533     36.385  37.980818     2.5001      8.292   177.8310 1.4908e+02     2.1670      0.342      0.496    27.1776   996.4862 0.0000e+00
      0.347      0.003     5.4319     68.376     35.834  37.388550     2.5311      8.290   178.0672 1.4953e+02     2.1163      0.341      0.494    27.1777   996.4861 0.0000e+00
      0.347      0.004     5.5065     69.186     35.420  36.885871     2.5316      8.289   178.1190 1.5110e+02     2.0793      0.340      0.493    27.1795   996.4857 0.0000e+00
      0.348      0.006     5.8143     72.785     35.340  36.663407     2.5153      8.292   178.1129 1.5303e+02     2.1135      0.340      0.494    27.1863   996.4838 0.0000e+00
