Data/DataNotYetUploadedToEDI/CTD_2019/070119_fcr45.cnv
* Sea-Bird SBE19plus  Data File:
* FileName = C:\DATA\070119_fcr_0009.hex
* Software version 2.8.0.119 SB_Terminal.dll
* Temperature SN = 7809
* Conductivity SN = 7809
* System UpLoad Time = Jul 01 2019 16:59:31
* <ApplicationData>
* <Seaterm232>
# nquan = 16
# nvalues = 452                         
# units = specified
# name 0 = depFM: Depth [fresh water, m]
# name 1 = dz/dtM: Descent Rate [m/s]
# name 2 = sbeox0Mg/L: Oxygen, SBE 43 [mg/l]
# name 3 = sbeox0PS: Oxygen, SBE 43 [% saturation]
# name 4 = specc: Specific Conductance [uS/cm]
# name 5 = c0uS/cm: Conductivity [uS/cm]
# name 6 = flECO-AFL: Fluorescence, WET Labs ECO-AFL/FL [mg/m^3]
# name 7 = ph: pH
# name 8 = orp: Oxidation Reduction Potential [mV]
# name 9 = par/sat/log: PAR/Logarithmic, Satlantic
# name 10 = turbWETntu0: Turbidity, WET Labs ECO [NTU]
# name 11 = prdM: Pressure, Strain Gauge [db]
# name 12 = prdE: Pressure, Strain Gauge [psi]
# name 13 = tv290C: Temperature [ITS-90, deg C]
# name 14 = density00: Density [density, kg/m^3]
# name 15 = flag:  0.000e+00
# span 0 =     -0.568,      7.031       
# span 1 =     -0.253,      0.221       
# span 2 =     0.5550,    14.3351       
# span 3 =      5.168,    163.756       
# span 4 =      2.187,     40.345       
# span 5 =   2.061291,  37.569621       
# span 6 =    -0.1252,     6.5724       
# span 7 =      7.229,      9.690       
# span 8 =   -52.9870,   255.0053       
# span 9 = 6.8411e-01, 2.0977e+03       
# span 10 =    -0.9545,    80.4194      
# span 11 =     -0.558,      6.895      
# span 12 =     -0.809,     10.001      
# span 13 =    10.3777,    27.0112      
# span 14 =   996.5297,   999.7159      
# span 15 = 0.0000e+00, 0.0000e+00      
# interval = seconds: 0.25
# start_time = Jul 01 2019 11:51:07 [Instrument's time stamp, header]
# bad_flag = -9.990e-29
*END*
[from data line 181]
     -0.252     -0.067     8.3121    103.789     35.682  36.904415     1.7002      8.469   215.3310 1.9040e+03    21.8697     -0.242     -0.351    25.7012   996.8817 0.0000e+00
     -0.281     -0.044     8.6826    108.588     35.620  36.905173     1.6953      8.444   202.0278 1.8942e+03    23.6732     -0.278     -0.403    25.9356   996.8196 0.0000e+00
     -0.301     -0.026     9.0038    112.688     35.602  36.917048     1.7266      8.424   199.7830 1.8831e+03    38.5609     -0.305     -0.443    26.3011   996.7219 0.0000e+00
     -0.301     -0.014     9.2578    115.894     35.597  36.921099     1.7921      8.417   201.0958 1.8752e+03    65.7404     -0.301     -0.437    26.5794   996.6468 0.0000e+00
     -0.285     -0.004     9.4296    118.050     35.627  36.954164     1.8206      8.421   202.5855 1.8623e+03    80.4194     -0.280     -0.405    26.7315   996.6055 0.0000e+00
     -0.270      0.007     9.5092    119.067     35.663  36.999469     1.8018      8.426   200.2433 1.8518e+03    79.9735     -0.258     -0.374    26.8145   996.5829 0.0000e+00
     -0.270      0.021     9.4968    118.982     35.665  37.024583     1.7030      8.423   204.0092 1.8468e+03    60.2182     -0.259     -0.376    26.8498   996.5734 0.0000e+00
     -0.283      0.040     9.4210    118.144     35.609  37.003956     1.5454      8.416   210.0026 1.8451e+03    23.7398     -0.280     -0.406    26.8567   996.5713 0.0000e+00
     -0.289      0.066     9.3269    117.043     35.523  36.940556     1.4661      8.410   204.2224 1.8438e+03     3.8018     -0.291     -0.422    26.8548   996.5718 0.0000e+00
     -0.274      0.098     9.2397    115.928     35.483  36.892786     1.4541      8.408   197.3599 1.8434e+03     1.9534     -0.278     -0.403    26.8571   996.5712 0.0000e+00
     -0.234      0.129     9.1607    114.847     35.492  36.870663     1.4268      8.406   196.0315 1.8429e+03     1.8167     -0.236     -0.342    26.8878   996.5631 0.0000e+00
     -0.179      0.153     9.0906    113.877     35.516  36.863429     1.3959      8.403   195.4743 1.8416e+03     1.9205     -0.174     -0.254    26.9575   996.5442 0.0000e+00
     -0.122      0.163     9.0341    113.114     35.540  36.868740     1.3927      8.401   195.6989 1.8458e+03     1.9959     -0.115     -0.169    27.0112   996.5297 0.0000e+00
     -0.073      0.163     8.9972    112.626     35.551  36.871377     1.3964      8.399   199.9522 1.8544e+03     2.0067     -0.066     -0.096    26.9932   996.5349 0.0000e+00
     -0.040      0.155     8.9835    112.437     35.518  36.831828     1.3893      8.393   204.9995 1.8732e+03     2.0188     -0.036     -0.053    26.9327   996.5515 0.0000e+00
     -0.014      0.146     8.9881    112.456     35.473  36.771384     1.4015      8.383   202.8640 1.9340e+03     2.0441     -0.017     -0.025    26.8830   996.5652 0.0000e+00
      0.018      0.137     9.0001    112.538     35.500  36.775264     1.4312      8.370   198.6545 1.8878e+03     2.0505      0.015      0.022    26.8586   996.5721 0.0000e+00
      0.058      0.131     9.0097    112.597     35.560  36.815220     1.4450      8.359   198.1544 1.4525e+03     2.0295      0.056      0.081    26.8487   996.5750 0.0000e+00
      0.099      0.127     9.0161    112.648     35.565  36.810158     1.4471      8.351   198.7104 9.7453e+02     2.0208      0.099      0.142    26.8455   996.5761 0.0000e+00
      0.134      0.122     9.0236    112.735     35.536  36.777514     1.4747      8.345   197.9776 1.0082e+03     2.0112      0.135      0.196    26.8308   996.5802 0.0000e+00
      0.161      0.113     9.0312    112.817     35.501  36.737880     1.5358      8.341   196.7799 1.1227e+03     2.0110      0.160      0.233    26.7888   996.5918 0.0000e+00
      0.184      0.104     9.0348    112.830     35.486  36.711775     1.5791      8.340   196.2743 9.6333e+02     2.0188      0.179      0.260    26.7511   996.6022 0.0000e+00
      0.207      0.095     9.0359    112.796     35.506  36.715740     1.5905      8.340   195.9934 8.6153e+02     2.0068      0.205      0.296    26.7404   996.6053 0.0000e+00
      0.230      0.089     9.0385    112.776     35.531  36.722333     1.6471      8.340   195.7937 8.4059e+02     1.9968      0.225      0.328    26.7435   996.6045 0.0000e+00
      0.253      0.084     9.0437    112.793     35.553  36.727987     1.7527      8.339   195.7532 8.1956e+02     1.9961      0.247      0.358    26.7398   996.6056 0.0000e+00
      0.278      0.081     9.0496    112.826     35.560  36.720601     1.8182      8.337   195.9328 8.4578e+02     1.9983      0.276      0.400    26.7227   996.6104 0.0000e+00
      0.297      0.079     9.0542    112.858     35.545  36.696482     1.8322      8.332   196.2448 1.0042e+03     1.9908      0.294      0.427    26.6974   996.6174 0.0000e+00
      0.312      0.076     9.0587    112.894     35.545  36.690241     1.8177      8.326   196.5137 1.1726e+03     1.9710      0.304      0.440    26.6700   996.6248 0.0000e+00
      0.330      0.071     9.0627    112.921     35.570  36.708596     1.7810      8.317   196.6897 1.1226e+03     1.9565      0.323      0.468    26.6450   996.6317 0.0000e+00
      0.351      0.064     9.0617    112.885     35.598  36.727987     1.7531      8.310   196.8229 1.0191e+03     1.9790      0.344      0.499    26.6239   996.6376 0.0000e+00
      0.371      0.056     9.0544    112.780     35.608  36.734266     1.7490      8.305   197.0056 1.0133e+03     2.0128      0.363      0.528    26.6117   996.6410 0.0000e+00
      0.388      0.049     9.0466    112.682     35.595  36.721040     1.7485      8.300   197.2640 9.5655e+02     1.9727      0.385      0.558    26.6060   996.6426 0.0000e+00
      0.397      0.045     9.0406    112.616     35.567  36.695018     1.7393      8.294   197.5384 8.2205e+02     1.8864      0.392      0.568    26.5945   996.6458 0.0000e+00
      0.399      0.047     9.0376    112.591     35.542  36.673527     1.7331      8.284   197.7429 7.4858e+02     1.8217      0.392      0.568    26.5781   996.6503 0.0000e+00
      0.402      0.052     9.0420    112.639     35.523  36.651609     1.7341      8.276   197.9288 6.7566e+02     1.7809      0.391      0.567    26.5727   996.6517 0.0000e+00
      0.413      0.061     9.0509    112.717     35.504  36.620429     1.7163      8.270   198.1519 5.9104e+02     1.8193      0.400      0.580    26.5732   996.6516 0.0000e+00
      0.438      0.071     9.0572    112.749     35.513  36.613864     1.6738      8.265   198.3752 5.7863e+02     1.9249      0.428      0.622    26.5778   996.6504 0.0000e+00
      0.465      0.079     9.0579    112.718     35.548  36.635676     1.6450      8.260   198.5640 5.9931e+02     1.9757      0.458      0.665    26.5883   996.6477 0.0000e+00
      0.489      0.082     9.0556    112.671     35.549  36.630254     1.6375      8.256   198.7141 6.3911e+02     1.9747      0.481      0.697    26.5876   996.6481 0.0000e+00
      0.510      0.080     9.0543    112.652     35.533  36.611764     1.6346      8.252   198.8133 6.9655e+02     1.9795      0.502      0.727    26.5681   996.6534 0.0000e+00
      0.529      0.073     9.0540    112.647     35.524  36.602529     1.6455      8.251   198.9032 7.5687e+02     2.0015      0.520      0.754    26.5401   996.6610 0.0000e+00
      0.546      0.066     9.0515    112.613     35.505  36.582070     1.6733      8.252   199.0263 7.7731e+02     2.0110      0.534      0.775    26.5195   996.6668 0.0000e+00
      0.562      0.060     9.0476    112.557     35.481  36.554816     1.6933      8.253   199.1830 7.5636e+02     1.9950      0.552      0.800    26.5109   996.6692 0.0000e+00
      0.576      0.057     9.0473    112.541     35.458  36.526885     1.6959      8.253   199.5080 7.7554e+02     2.0040      0.567      0.823    26.5113   996.6691 0.0000e+00
      0.588      0.059     9.0515    112.574     35.437  36.498232     1.6959      8.250   199.8577 8.8323e+02     2.0222      0.576      0.836    26.5129   996.6686 0.0000e+00
      0.600      0.066     9.0577    112.615     35.414  36.462249     1.7023      8.246   200.0563 9.5777e+02     2.0180      0.589      0.854    26.5113   996.6692 0.0000e+00
      0.614      0.076     9.0655    112.655     35.382  36.409158     1.7041      8.241   200.2743 8.6891e+02     2.0192      0.600      0.872    26.5071   996.6704 0.0000e+00
      0.632      0.088     9.0719    112.676     35.357  36.364043     1.7006      8.237   200.5151 7.7359e+02     2.0368      0.616      0.894    26.5009   996.6720 0.0000e+00
      0.659      0.100     9.0691    112.594     35.370  36.361043     1.7466      8.233   200.7308 7.2447e+02     2.1001      0.644      0.934    26.4943   996.6741 0.0000e+00
      0.691      0.110     9.0508    112.332     35.394  36.372857     1.8352      8.230   200.9890 6.8829e+02     2.1950      0.678      0.983    26.4775   996.6787 0.0000e+00
      0.724      0.120     9.0169    111.887     35.409  36.379926     1.8787      8.225   201.3144 6.9358e+02     2.2337      0.711      1.031    26.4453   996.6875 0.0000e+00
      0.754      0.128     8.9749    111.344     35.420  36.383028     1.8828      8.219   201.5666 7.0357e+02     2.2067      0.740      1.074    26.4139   996.6961 0.0000e+00
      0.784      0.133     8.9333    110.803     35.393  36.346879     1.9458      8.212   201.6296 6.8451e+02     2.1314      0.768      1.113    26.3916   996.7023 0.0000e+00
      0.817      0.134     8.8961    110.312     35.319  36.260191     2.0588      8.206   201.7326 5.9918e+02     2.0441      0.799      1.158    26.3751   996.7068 0.0000e+00
      0.855      0.132     8.8673    109.915     35.236  36.159987     2.1141      8.201   201.9509 5.3961e+02     2.0027      0.839      1.217    26.3637   996.7100 0.0000e+00
      0.895      0.127     8.8507    109.651     35.246  36.150832     2.1283      8.197   202.0323 5.4100e+02     2.0250      0.879      1.275    26.3541   996.7129 0.0000e+00
      0.931      0.117     8.8439    109.488     35.334  36.212932     2.1794      8.192   202.0284 5.3639e+02     2.0520      0.915      1.327    26.3420   996.7163 0.0000e+00
      0.960      0.105     8.8342    109.286     35.363  36.212616     2.2549      8.187   202.2479 5.2515e+02     2.0340      0.944      1.369    26.3272   996.7203 0.0000e+00
      0.982      0.092     8.8076    108.921     35.373  36.210444     2.3034      8.182   202.5359 5.1310e+02     2.0357      0.963      1.396    26.3086   996.7254 0.0000e+00
      1.000      0.083     8.7744    108.529     35.405  36.250120     2.3158      8.177   202.5844 5.2825e+02     2.0397      0.981      1.423    26.2815   996.7328 0.0000e+00
      1.016      0.078     8.7605    108.389     35.454  36.311528     2.3092      8.174   202.4902 5.4284e+02     2.0182      0.997      1.446    26.2409   996.7438 0.0000e+00
      1.033      0.081     8.7714    108.512     35.588  36.445172     2.3185      8.173   202.3437 4.9567e+02     2.0050      1.011      1.466    26.1860   996.7586 0.0000e+00
      1.053      0.090     8.7928    108.688     35.768  36.596564     2.3593      8.175   202.1032 4.6479e+02     2.0100      1.032      1.498    26.1633   996.7647 0.0000e+00
      1.074      0.100     8.8210    108.860     35.914  36.682096     2.3867      8.179   201.9061 4.6936e+02     2.0464      1.053      1.527    26.1873   996.7584 0.0000e+00
      1.099      0.107     8.8795    109.333     36.037  36.717579     2.3898      8.181   201.6821 4.5448e+02     2.0512      1.073      1.556    26.2099   996.7524 0.0000e+00
      1.133      0.111     9.0098    110.653     36.127  36.708081     2.4569      8.183   201.3731 4.5777e+02     2.0027      1.109      1.609    26.2125   996.7520 0.0000e+00
      1.171      0.113     9.2533    113.394     36.199  36.694043     2.5916      8.187   201.1809 4.6653e+02     1.9846      1.151      1.669    26.1692   996.7638 0.0000e+00
      1.203      0.115     9.6219    117.725     36.304  36.738134     2.6650      8.191   200.9071 4.3668e+02     1.9956      1.185      1.717    26.0749   996.7891 0.0000e+00
      1.226      0.115    10.0777    123.145     36.412  36.796787     2.6768      8.195   200.3860 4.0398e+02     2.0056      1.204      1.747    25.9472   996.8232 0.0000e+00
      1.246      0.110    10.5621    128.911     36.494  36.831879     2.7265      8.198   199.8701 3.9110e+02     2.0723      1.217      1.766    25.7892   996.8650 0.0000e+00
      1.276      0.104    11.0267    134.428     36.552  36.844991     2.8063      8.201   199.6598 3.8198e+02     2.1799      1.248      1.810    25.6617   996.8987 0.0000e+00
      1.311      0.099    11.4409    139.323     36.580  36.828309     2.8521      8.206   199.5647 3.6765e+02     2.2579      1.289      1.869    25.5893   996.9180 0.0000e+00
      1.341      0.095    11.7871    143.388     36.551  36.757063     2.8731      8.210   199.5799 3.5571e+02     2.2942      1.317      1.912    25.5212   996.9359 0.0000e+00
      1.362      0.094    12.0543    146.489     36.516  36.681693     2.9219      8.210   199.9304 3.4930e+02     2.4212      1.335      1.938    25.4556   996.9531 0.0000e+00
      1.378      0.099    12.2422    148.624     36.490  36.615155     2.9995      8.208   200.1024 3.3811e+02     2.6795      1.352      1.961    25.3955   996.9689 0.0000e+00
      1.394      0.114    12.3643    149.935     36.381  36.460266     3.0390      8.208   199.8530 3.2790e+02     2.8288      1.366      1.981    25.3307   996.9858 0.0000e+00
      1.415      0.136    12.4395    150.506     36.279  36.268737     3.0449      8.212   199.4100 3.1521e+02     2.8495      1.382      2.004    25.2755   997.0001 0.0000e+00
      1.452      0.160    12.4687    150.260     36.307  36.139939     3.1059      8.221   199.0483 2.9656e+02     2.9627      1.417      2.055    25.2216   997.0142 0.0000e+00
      1.505      0.180    12.4449    149.259     36.401  36.045212     3.2121      8.230   199.0068 2.7739e+02     3.1813      1.473      2.136    25.1607   997.0302 0.0000e+00
      1.567      0.194    12.3954    148.004     36.480  35.948233     3.2721      8.239   198.9948 2.5811e+02     3.3300      1.539      2.232    25.1238   997.0399 0.0000e+00
      1.626      0.198    12.3750    147.191     36.539  35.855705     3.2845      8.248   198.8172 2.4499e+02     3.3512      1.599      2.319    25.0263   997.0652 0.0000e+00
      1.676      0.190    12.4140    147.170     36.563  35.751362     3.2925      8.258   198.4942 2.3419e+02     3.3072      1.645      2.386    24.7774   997.1289 0.0000e+00
      1.721      0.172    12.5105    147.926     36.618  35.701955     3.3350      8.267   198.1863 2.2133e+02     3.2566      1.687      2.448    24.4926   997.2012 0.0000e+00
      1.765      0.152    12.6610    149.462     36.749  35.765938     3.4159      8.276   198.1057 2.1223e+02     3.2316      1.733      2.513    24.2558   997.2607 0.0000e+00
      1.803      0.135    12.8648    151.793     36.765  35.763244     3.4640      8.283   198.0363 2.0607e+02     3.2338      1.773      2.570    24.0485   997.3123 0.0000e+00
      1.833      0.126    13.1132    154.685     36.548  35.542422     3.4752      8.289   197.9495 2.0094e+02     3.2499      1.799      2.610    23.8742   997.3553 0.0000e+00
      1.855      0.124    13.3733    157.513     36.245  35.190465     3.5511      8.296   197.8300 1.9784e+02     3.3938      1.819      2.639    23.7272   997.3914 0.0000e+00
      1.878      0.127    13.6008    159.671     36.045  34.871506     3.6883      8.306   197.6239 1.9423e+02     3.6625      1.838      2.666    23.6298   997.4153 0.0000e+00
      1.908      0.132    13.7777    161.090     35.996  34.668714     3.7558      8.318   197.5219 1.8813e+02     3.7787      1.867      2.708    23.6220   997.4174 0.0000e+00
      1.950      0.136    13.9112    162.019     35.991  34.515375     3.7514      8.328   197.4587 1.8252e+02     3.7504      1.911      2.771    23.6476   997.4112 0.0000e+00
