Data/DataNotYetUploadedToEDI/CTD_2019/070119_fcr20.cnv
* Sea-Bird SBE19plus  Data File:
* FileName = C:\DATA\070119_fcr_0007.hex
* Software version 2.8.0.119 SB_Terminal.dll
* Temperature SN = 7809
* Conductivity SN = 7809
* System UpLoad Time = Jul 01 2019 16:58:58
* <ApplicationData>
* <Seaterm232>
# nquan = 16
# nvalues = 357                         
# units = specified
# name 0 = depFM: Depth [fresh water, m]
# name 1 = dz/dtM: Descent Rate [m/s]
# name 2 = sbeox0Mg/L: Oxygen, SBE 43 [mg/l]
# name 3 = sbeox0PS: Oxygen, SBE 43 [% saturation]
# name 4 = specc: Specific Conductance [uS/cm]
# name 5 = c0uS/cm: Conductivity [uS/cm]
# name 6 = flECO-AFL: Fluorescence, WET Labs ECO-AFL/FL [mg/m^3]
# name 7 = ph: pH
# name 8 = orp: Oxidation Reduction Potential [mV]
# name 9 = par/sat/log: PAR/Logarithmic, Satlantic
# name 10 = turbWETntu0: Turbidity, WET Labs ECO [NTU]
# name 11 = prdM: Pressure, Strain Gauge [db]
# name 12 = prdE: Pressure, Strain Gauge [psi]
# name 13 = tv290C: Temperature [ITS-90, deg C]
# name 14 = density00: Density [density, kg/m^3]
# name 15 = flag:  0.000e+00
# span 0 =     -0.574,      3.610       
# span 1 =     -0.243,      0.246       
# span 2 =    -0.8747,    13.9979       
# span 3 =     -8.924,    158.783       
# span 4 =      2.038,    325.875       
# span 5 =   2.050180, 260.799016       
# span 6 =    -0.1201,     5.9017       
# span 7 =      6.910,      9.393       
# span 8 =   123.6246,  1240.2295       
# span 9 = 1.4073e+01, 1.8776e+03       
# span 10 =    -1.3948,   138.0554      
# span 11 =     -0.563,      3.542      
# span 12 =     -0.817,      5.136      
# span 13 =    14.8539,    26.6503      
# span 14 =   996.6284,   999.2591      
# span 15 = 0.0000e+00, 0.0000e+00      
# interval = seconds: 0.25
# start_time = Jul 01 2019 11:34:52 [Instrument's time stamp, header]
# bad_flag = -9.990e-29
*END*
[from data line 91]
      0.333     -0.008     6.7477     83.445     35.067  35.897270     1.9736      8.714   132.5464 9.9063e+02     2.0041      0.326      0.472    26.1759   996.7581 0.0000e+00
      0.330     -0.008     6.6582     82.339     35.030  35.859283     1.9168      8.707   132.8377 9.9695e+02     2.0011      0.324      0.470    26.1758   996.7580 0.0000e+00
      0.329     -0.007     6.5849     81.433     35.015  35.844291     1.8902      8.701   133.1212 1.0102e+03     1.9809      0.323      0.469    26.1763   996.7579 0.0000e+00
      0.329     -0.005     6.5243     80.683     35.014  35.842938     1.8937      8.696   133.3925 1.0247e+03     1.9894      0.322      0.468    26.1765   996.7579 0.0000e+00
      0.328     -0.004     6.4759     80.084     35.014  35.842927     1.9253      8.691   133.7093 1.0232e+03     2.0394      0.322      0.467    26.1767   996.7578 0.0000e+00
      0.327     -0.003     6.4373     79.605     35.016  35.844165     1.9770      8.685   134.0257 1.0238e+03     2.0601      0.320      0.465    26.1773   996.7576 0.0000e+00
      0.325     -0.003     6.4048     79.204     35.030  35.857910     2.0076      8.680   134.2928 1.0634e+03     2.0430      0.319      0.463    26.1773   996.7576 0.0000e+00
      0.324     -0.002     6.3792     78.886     35.055  35.882173     2.0173      8.677   134.5295 1.0767e+03     1.9975      0.318      0.461    26.1770   996.7577 0.0000e+00
      0.324      0.000     6.3576     78.617     35.056  35.883652     2.0257      8.674   134.7371 1.0477e+03     2.0340      0.318      0.461    26.1766   996.7578 0.0000e+00
      0.324      0.002     6.3363     78.353     35.049  35.875791     2.0398      8.669   134.9094 1.0423e+03     2.1559      0.318      0.462    26.1759   996.7580 0.0000e+00
      0.325      0.004     6.3156     78.096     35.087  35.914069     2.0573      8.666   135.1500 1.0508e+03     2.2267      0.318      0.461    26.1750   996.7582 0.0000e+00
      0.327      0.008     6.2962     77.856     35.137  35.965645     2.0730      8.665   135.5818 1.0533e+03     2.2345      0.321      0.466    26.1743   996.7584 0.0000e+00
      0.329      0.014     6.2815     77.677     35.161  35.991635     2.0908      8.662   136.0862 1.0427e+03     2.2169      0.324      0.469    26.1737   996.7586 0.0000e+00
      0.329      0.022     6.2763     77.616     35.205  36.037893     2.1164      8.652   136.6024 1.0311e+03     2.2104      0.323      0.468    26.1735   996.7587 0.0000e+00
      0.334      0.034     6.2858     77.737     35.183  36.017192     2.1395      8.627   137.1778 1.0361e+03     2.2219      0.324      0.471    26.1732   996.7587 0.0000e+00
      0.344      0.045     6.3173     78.133     35.035  35.868272     2.1452      8.587   137.6223 1.0356e+03     2.2246      0.337      0.488    26.1729   996.7589 0.0000e+00
      0.357      0.053     6.3748     78.851     34.926  35.760598     2.1410      8.557   137.8476 1.0202e+03     2.2109      0.349      0.506    26.1748   996.7585 0.0000e+00
      0.376      0.054     6.4492     79.771     34.897  35.730838     2.1405      8.548   138.0937 9.7328e+02     2.1865      0.364      0.529    26.1772   996.7579 0.0000e+00
      0.401      0.050     6.5228     80.665     34.873  35.698850     2.1395      8.556   138.4469 9.0485e+02     2.1911      0.397      0.576    26.1791   996.7575 0.0000e+00
      0.418      0.040     6.5846     81.403     34.877  35.691172     2.1382      8.572   138.6773 8.3756e+02     2.2019      0.417      0.604    26.1820   996.7568 0.0000e+00
      0.422      0.028     6.6327     81.967     34.902  35.701459     2.1327      8.585   138.8147 8.2513e+02     2.1863      0.414      0.601    26.1894   996.7547 0.0000e+00
      0.422      0.015     6.6653     82.338     34.912  35.696265     2.0910      8.592   139.0756 8.8106e+02     2.1656      0.413      0.599    26.1940   996.7536 0.0000e+00
      0.422      0.005     6.6790     82.483     34.918  35.691816     2.0325      8.593   139.4225 9.2337e+02     2.1482      0.415      0.601    26.1798   996.7573 0.0000e+00
      0.420      0.002     6.6765     82.446     34.939  35.711120     2.0158      8.591   139.7396 9.4172e+02     2.1730      0.412      0.597    26.1607   996.7625 0.0000e+00
      0.418      0.006     6.6715     82.391     34.964  35.739249     2.0268      8.588   139.9837 9.5643e+02     2.2360      0.409      0.593    26.1410   996.7677 0.0000e+00
      0.418      0.011     6.6765     82.462     34.936  35.714588     2.0619      8.585   140.1367 9.6826e+02     2.2549      0.409      0.593    26.1144   996.7748 0.0000e+00
      0.422      0.011     6.6921     82.663     34.886  35.666829     2.1194      8.581   140.2992 9.2721e+02     2.2373      0.412      0.596    26.0969   996.7795 0.0000e+00
      0.432      0.010     6.7109     82.901     34.886  35.669562     2.1419      8.576   140.6587 8.6173e+02     2.2523      0.424      0.615    26.0944   996.7802 0.0000e+00
      0.440      0.008     6.7229     83.051     34.899  35.684166     2.1343      8.570   141.1279 8.5268e+02     2.2733      0.436      0.633    26.1015   996.7785 0.0000e+00
      0.440      0.008     6.7242     83.066     34.869  35.652993     2.1051      8.562   141.4124 8.7651e+02     2.2617      0.435      0.631    26.1090   996.7763 0.0000e+00
      0.433      0.005     6.7166     82.969     34.828  35.609997     2.0483      8.554   141.3451 9.0832e+02     2.2431      0.423      0.613    26.1135   996.7751 0.0000e+00
      0.429     -0.004     6.6976     82.721     34.833  35.608583     2.0203      8.547   141.2609 9.2802e+02     2.2442      0.416      0.603    26.1171   996.7741 0.0000e+00
      0.434     -0.017     6.6666     82.302     34.876  35.635887     2.0268      8.540   141.1682 9.2647e+02     2.2423      0.424      0.616    26.1188   996.7737 0.0000e+00
      0.442     -0.034     6.6266     81.756     34.949  35.686223     2.0139      8.534   140.6552 9.2084e+02     2.1882      0.438      0.635    26.1188   996.7737 0.0000e+00
      0.437     -0.058     6.5860     81.210     34.993  35.709410     1.9771      8.527   140.2200 9.4169e+02     2.0813      0.436      0.634    26.1168   996.7743 0.0000e+00
      0.417     -0.083     6.5591     80.848     34.961  35.662327     1.9542      8.519   140.2081 9.8344e+02     1.9988      0.410      0.595    26.1138   996.7750 0.0000e+00
      0.387     -0.102     6.5613     80.858     34.932  35.624680     1.9448      8.509   140.3395 1.0425e+03     2.0100      0.382      0.553    26.0879   996.7817 0.0000e+00
      0.348     -0.107     6.6014     81.355     34.941  35.635032     1.8640      8.499   140.5177 1.1035e+03     2.0529      0.347      0.503    26.0432   996.7935 0.0000e+00
      0.302     -0.095     6.6748     82.283     34.956  35.660554     1.7143      8.488   140.7277 1.0974e+03     2.0255      0.291      0.420    26.0147   996.8008 0.0000e+00
      0.269     -0.072     6.7686     83.473     34.959  35.679396     1.6347      8.477   140.9858 1.0914e+03     1.9741      0.254      0.368    25.9943   996.8061 0.0000e+00
      0.258     -0.044     6.8630     84.671     34.937  35.672468     1.6392      8.466   141.2294 1.1523e+03     1.9883      0.249      0.361    25.9801   996.8098 0.0000e+00
      0.262     -0.019     6.9357     85.595     34.893  35.640283     1.6553      8.457   141.3499 1.1539e+03     2.0005      0.255      0.369    25.9821   996.8094 0.0000e+00
      0.272     -0.001     6.9738     86.085     34.853  35.607613     1.7171      8.451   141.4107 1.0939e+03     1.9909      0.267      0.388    25.9985   996.8050 0.0000e+00
      0.281      0.006     6.9735     86.093     34.835  35.594814     1.8316      8.447   141.5342 1.0954e+03     2.0032      0.278      0.403    26.0250   996.7980 0.0000e+00
      0.283      0.005     6.9355     85.625     34.852  35.612481     1.8944      8.440   141.8101 1.1332e+03     1.9847      0.280      0.407    26.0489   996.7917 0.0000e+00
      0.279      0.002     6.8686     84.791     34.873  35.630815     1.8874      8.425   142.1656 1.1700e+03     1.9645      0.274      0.398    26.0655   996.7872 0.0000e+00
      0.273     -0.000     6.7893     83.804     34.872  35.626085     1.8504      8.407   142.3918 1.2153e+03     1.9883      0.266      0.386    26.0775   996.7840 0.0000e+00
      0.270      0.001     6.7132     82.862     34.866  35.618745     1.8025      8.389   142.4790 1.1655e+03     2.0104      0.263      0.382    26.0874   996.7813 0.0000e+00
      0.272      0.004     6.6524     82.112     34.853  35.605531     1.7856      8.373   142.6183 1.0520e+03     2.0028      0.267      0.387    26.0879   996.7812 0.0000e+00
      0.277      0.008     6.6129     81.626     34.840  35.593264     1.7850      8.360   142.9575 1.0575e+03     1.9939      0.273      0.395    26.0790   996.7836 0.0000e+00
      0.281      0.009     6.5917     81.364     34.845  35.597363     1.8031      8.352   143.3110 1.1277e+03     2.0668      0.276      0.401    26.0724   996.7853 0.0000e+00
      0.285      0.007     6.5810     81.230     34.840  35.591613     1.8578      8.351   143.5361 1.1778e+03     2.1962      0.281      0.407    26.0716   996.7856 0.0000e+00
      0.287      0.004     6.5753     81.157     34.836  35.587214     1.8917      8.352   143.7010 1.2093e+03     2.2467      0.283      0.410    26.0741   996.7850 0.0000e+00
      0.286      0.003     6.5703     81.095     34.856  35.607644     1.8918      8.353   143.8415 1.2040e+03     2.2193      0.281      0.408    26.0744   996.7849 0.0000e+00
      0.284      0.006     6.5614     80.989     34.894  35.648218     1.8768      8.348   144.0306 1.1971e+03     2.2249      0.280      0.405    26.0736   996.7851 0.0000e+00
      0.282      0.011     6.5491     80.846     34.938  35.696985     1.8569      8.335   144.2665 1.1838e+03     2.2822      0.275      0.399    26.0727   996.7853 0.0000e+00
      0.283      0.019     6.5367     80.706     34.925  35.689540     1.8506      8.315   144.5427 1.1891e+03     2.2894      0.276      0.400    26.0702   996.7860 0.0000e+00
      0.290      0.024     6.5264     80.590     34.853  35.621674     1.8443      8.289   144.8754 1.2346e+03     2.2466      0.282      0.410    26.0695   996.7862 0.0000e+00
      0.302      0.026     6.5157     80.469     34.803  35.574594     1.8502      8.262   145.1059 1.2013e+03     2.2231      0.294      0.428    26.0722   996.7855 0.0000e+00
      0.316      0.023     6.4987     80.266     34.789  35.564581     1.8780      8.246   145.1782 1.1062e+03     2.2342      0.312      0.452    26.0784   996.7839 0.0000e+00
      0.326      0.018     6.4712     79.933     34.785  35.564081     1.8950      8.242   145.3195 1.0882e+03     2.2831      0.323      0.468    26.0879   996.7815 0.0000e+00
      0.327      0.012     6.4317     79.451     34.787  35.568559     1.8996      8.245   145.6095 1.1171e+03     2.3216      0.322      0.468    26.0965   996.7792 0.0000e+00
      0.323      0.007     6.3835     78.860     34.772  35.555256     1.8996      8.250   145.9316 1.1066e+03     2.3076      0.316      0.458    26.1026   996.7775 0.0000e+00
      0.319      0.003     6.3316     78.222     34.746  35.530183     1.9025      8.254   146.2017 1.1082e+03     2.2114      0.311      0.451    26.1085   996.7759 0.0000e+00
      0.320      0.002     6.2769     77.548     34.735  35.519283     1.9263      8.257   146.3806 1.1087e+03     2.0766      0.313      0.454    26.1136   996.7745 0.0000e+00
      0.324      0.003     6.2203     76.850     34.702  35.486924     1.9543      8.258   146.5470 1.1180e+03     2.0216      0.318      0.461    26.1171   996.7736 0.0000e+00
      0.328      0.003     6.1638     76.153     34.672  35.456277     1.9631      8.259   146.7510 1.1730e+03     2.0376      0.322      0.466    26.1201   996.7728 0.0000e+00
      0.329      0.002     6.1093     75.479     34.682  35.466079     1.9975      8.261   146.9534 1.1653e+03     2.0733      0.324      0.469    26.1221   996.7723 0.0000e+00
      0.328      0.001     6.0588     74.852     34.695  35.478500     2.0760      8.265   147.1876 1.1240e+03     2.1259      0.322      0.466    26.1234   996.7720 0.0000e+00
      0.326     -0.001     6.0120     74.271     34.698  35.479516     2.1308      8.266   147.4319 1.1084e+03     2.1820      0.319      0.462    26.1247   996.7716 0.0000e+00
      0.325     -0.001     5.9696     73.744     34.698  35.478371     2.1484      8.265   147.6696 1.1046e+03     2.2270      0.318      0.461    26.1254   996.7713 0.0000e+00
      0.325     -0.001     5.9316     73.272     34.686  35.464648     2.1511      8.265   147.9109 1.1114e+03     2.2440      0.319      0.462    26.1251   996.7715 0.0000e+00
      0.325      0.000     5.8958     72.827     34.664  35.440519     2.1463      8.263   148.1121 1.1135e+03     2.2561      0.320      0.463    26.1233   996.7720 0.0000e+00
      0.325      0.000     5.8615     72.402     34.665  35.440509     2.1419      8.260   148.2965 1.1055e+03     2.2748      0.319      0.463    26.1203   996.7727 0.0000e+00
      0.325      0.000     5.8286     71.994     34.689  35.464524     2.1413      8.258   148.5059 1.0912e+03     2.2739      0.320      0.464    26.1175   996.7735 0.0000e+00
      0.325      0.001     5.7980     71.615     34.702  35.477008     2.1818      8.257   148.7509 1.0874e+03     2.2456      0.319      0.463    26.1154   996.7741 0.0000e+00
      0.325      0.002     5.7704     71.273     34.691  35.464513     2.2593      8.256   149.0212 1.0971e+03     2.2281      0.319      0.462    26.1138   996.7745 0.0000e+00
      0.325      0.005     5.7438     70.944     34.667  35.440383     2.3068      8.254   149.2785 1.1062e+03     2.2584      0.318      0.461    26.1124   996.7748 0.0000e+00
      0.326      0.007     5.7156     70.597     34.665  35.439125     2.3145      8.251   149.4533 1.0980e+03     2.2844      0.319      0.462    26.1109   996.7753 0.0000e+00
      0.328      0.009     5.6856     70.227     34.675  35.449302     2.2997      8.248   149.5860 1.0865e+03     2.2146      0.322      0.466    26.1096   996.7756 0.0000e+00
      0.332      0.009     5.6571     69.874     34.663  35.436495     2.2752      8.245   149.8495 1.0826e+03     2.0696      0.326      0.473    26.1091   996.7758 0.0000e+00
      0.336      0.008     5.6321     69.564     34.639  35.411215     2.2621      8.241   150.1442 1.0648e+03     1.9736      0.331      0.480    26.1096   996.7757 0.0000e+00
      0.339      0.005     5.6087     69.272     34.627  35.397514     2.2620      8.238   150.3104 1.0431e+03     1.9718      0.333      0.483    26.1102   996.7755 0.0000e+00
      0.339      0.003     5.5860     68.989     34.628  35.397778     2.2560      8.235   150.5689 1.0497e+03     2.0143      0.334      0.484    26.1107   996.7754 0.0000e+00
      0.338      0.001     5.5642     68.718     34.646  35.414402     2.1897      8.232   150.8601 1.0669e+03     2.0945      0.333      0.481    26.1103   996.7755 0.0000e+00
      0.336      0.000     5.5434     68.461     34.826  35.598514     2.0771      8.230   150.9916 1.0779e+03     2.1872      0.330      0.478    26.1088   996.7758 0.0000e+00
      0.336      0.000     5.5359     68.371     35.191  35.973655     2.0206      8.227   151.1262 1.0894e+03     2.2174      0.329      0.477    26.1068   996.7764 0.0000e+00
      0.337      0.000     5.6168     69.380     35.475  36.268987     2.0182      8.225   151.2835 1.0784e+03     2.2309      0.330      0.478    26.1048   996.7769 0.0000e+00
      0.338      0.001     5.9245     73.198     35.572  36.376675     2.0136      8.222   151.4315 1.0660e+03     2.2518      0.333      0.482    26.1031   996.7774 0.0000e+00
