Data/DataNotYetUploadedToEDI/CTD_2019/070819_fcr50_a.cnv
* Sea-Bird SBE19plus  Data File:
* FileName = C:\DATA\070819_fcr50_0001.hex
* Software version 2.8.0.119
* Temperature SN = 7809
* Conductivity SN = 7809
* System UpLoad Time = Jul 08 2019 15:01:01
* <ApplicationData>
* <Seaterm232>
# nquan = 18
# nvalues = 947                         
# units = specified
# name 0 = depFM: Depth [fresh water, m]
# name 1 = tv290C: Temperature [ITS-90, deg C]
# name 2 = sbeox0Mg/L: Oxygen, SBE 43 [mg/l]
# name 3 = sbeox0PS: Oxygen, SBE 43 [% saturation]
# name 4 = c0uS/cm: Conductivity [uS/cm]
# name 5 = specc: Specific Conductance [uS/cm]
# name 6 = ph: pH
# name 7 = orp: Oxidation Reduction Potential [mV]
# name 8 = flECO-AFL: Fluorescence, WET Labs ECO-AFL/FL [mg/m^3]
# name 9 = turbWETntu0: Turbidity, WET Labs ECO [NTU]
# name 10 = sal00: Salinity, Practical [PSU]
# name 11 = dz/dtM: Descent Rate [m/s]
# name 12 = prdM: Pressure, Strain Gauge [db]
# name 13 = prdE: Pressure, Strain Gauge [psi]
# name 14 = scan: Scan Count
# name 15 = par/sat/log: PAR/Logarithmic, Satlantic
# name 16 = density00: Density [density, kg/m^3]
# name 17 = flag:  0.000e+00
# span 0 =     -0.619,      9.692       
# span 1 =     9.9505,    28.1435       
# span 2 =    -0.0307,    14.1328       
# span 3 =     -0.274,    162.518       
# span 4 =   4.160454, 109.794512       
# span 5 =      3.847,    156.704       
# span 6 =      5.411,      6.465       
# span 7 =  -291.5885,  1240.2295       
# span 8 =    -1.7086,   243.5382       
# span 9 =    -0.6142,   274.5583       
# span 10 =     0.0133,     0.0732      
# span 11 =     -0.364,      0.297      
# span 12 =     -0.607,      9.504      
# span 13 =     -0.880,     13.784      
# span 14 =          1,        947      
# span 15 = -1.371e+01, 1.6308e+03      
# span 16 =   996.2007,   999.8072      
# span 17 = 0.0000e+00, 0.0000e+00      
# interval = seconds: 0.25
# start_time = Jul 08 2019 09:42:19 [Instrument's time stamp, header]
# bad_flag = -9.990e-29
*END*
[from data line 483]
      1.898    23.9880    13.3249    154.708  35.364557     35.854      6.194   239.1323     3.5405     2.8465     0.0238      0.092      1.862      2.700        484 1.2127e+02   997.2457 0.0000e+00
      1.935    23.8092    13.5295    156.997  35.310318     35.914      6.196   238.7159     3.5482     2.7888     0.0238      0.102      1.895      2.749        485 1.1744e+02   997.2860 0.0000e+00
      1.965    23.6244    13.6825    158.662  35.146511     35.866      6.203   238.5645     3.5253     2.8032     0.0237      0.111      1.923      2.789        486 1.1500e+02   997.3277 0.0000e+00
      1.981    23.4677    13.8004    159.969  35.005474     35.855      6.217   237.7694     3.7961     3.5387     0.0237      0.114      1.941      2.815        487 1.1526e+02   997.3717 0.0000e+00
      1.991    23.3664    13.9137    161.309  34.952536     35.934      6.229   237.2394     3.7694     3.5531     0.0237      0.110      1.953      2.834        488 1.1504e+02   997.4169 0.0000e+00
      2.004    23.2813    14.0042    162.042  34.975416     36.081      6.244   240.0030     3.7618     3.6396     0.0237      0.102      1.968      2.854        489 1.1135e+02   997.4548 0.0000e+00
      2.025    23.1900    14.0782    162.405  34.947440     36.125      6.258   238.9052     3.7694     3.6252     0.0237      0.093      1.989      2.884        490 1.0779e+02   997.4795 0.0000e+00
      2.055    23.0942    14.1158    162.518  34.898508     36.132      6.272   238.2995     3.8152     3.8126     0.0237      0.086      2.016      2.923        491 1.0306e+02   997.5000 0.0000e+00
      2.086    22.9831    14.1012    162.197  34.769663     36.084      6.286   237.2016     3.8228     3.7838     0.0236      0.082      2.042      2.962        492 9.9429e+01   997.5219 0.0000e+00
      2.104    22.8642    14.0900    161.751  34.544818     35.895      6.291   237.0123     3.8533     3.8415     0.0235      0.080      2.060      2.989        493 9.8277e+01   997.5448 0.0000e+00
      2.112    22.7810    14.1125    161.576  34.467203     35.920      6.304   236.6337     3.8457     3.7261     0.0235      0.078      2.075      3.009        494 9.5469e+01   997.5711 0.0000e+00
      2.133    22.7495    14.1328    161.478  34.451460     35.980      6.321   239.4352     3.6740     3.8126     0.0235      0.080      2.092      3.034        495 9.1087e+01   997.5993 0.0000e+00
      2.153    22.7127    14.1270    161.140  34.416303     36.015      6.332   238.7159     3.6397     3.7838     0.0235      0.082      2.109      3.058        496 8.9749e+01   997.6190 0.0000e+00
      2.162    22.6969    14.1086    160.622  34.303571     35.920      6.335   238.7916     3.6245     3.8126     0.0234      0.078      2.123      3.078        497 8.8439e+01   997.6264 0.0000e+00
      2.178    22.6982    14.0751    159.810  34.325090     35.947      6.347   237.8830     3.6550     3.8415     0.0234      0.072      2.139      3.102        498 8.4858e+01   997.6351 0.0000e+00
      2.205    22.6006    14.0302    158.900  34.330275     36.021      6.354   237.4287     3.7770     3.7405     0.0234      0.068      2.159      3.131        499 8.2571e+01   997.6389 0.0000e+00
      2.221    22.4420    13.9471    157.656  34.000814     35.604      6.357   237.7694     3.7770     3.7838     0.0233      0.065      2.176      3.156        500 8.1552e+01   997.6386 0.0000e+00
      2.229    22.3410    13.8559    156.481  33.757281     35.476      6.365   238.1480     3.7542     3.7550     0.0232      0.065      2.191      3.178        501 7.9698e+01   997.6613 0.0000e+00
      2.253    22.2872    13.7585    155.379  33.803720     35.594      6.376   238.2616     3.7580     3.7982     0.0232      0.067      2.212      3.209        502 7.5578e+01   997.6982 0.0000e+00
      2.285    22.1865    13.6786    154.311  33.854190     35.790      6.380   238.6023     3.7809     3.8126     0.0232      0.071      2.237      3.245        503 7.3042e+01   997.7218 0.0000e+00
      2.304    22.0494    13.6281    153.568  33.487108     35.384      6.386   238.6402     3.7389     3.7694     0.0231      0.075      2.256      3.272        504 7.2656e+01   997.7341 0.0000e+00
      2.311    21.9417    13.5534    152.691  33.253146     35.224      6.388   237.8452     3.7694     3.6684     0.0230      0.076      2.269      3.291        505 7.1745e+01   997.7571 0.0000e+00
      2.328    21.8551    13.4975    151.970  33.315745     35.417      6.398   237.0880     3.7732     3.7838     0.0230      0.075      2.286      3.315        506 6.8932e+01   997.7886 0.0000e+00
      2.354    21.7535    13.4818    151.381  33.201850     35.349      6.404   238.2616     3.6855     3.8271     0.0229      0.074      2.306      3.344        507 6.7003e+01   997.8131 0.0000e+00
      2.370    21.6173    13.4369    150.298  32.980118     35.206      6.406   238.5645     3.6664     3.8271     0.0229      0.075      2.323      3.369        508 6.6518e+01   997.8326 0.0000e+00
      2.382    21.4873    13.3855    149.101  32.850985     35.102      6.410   238.7537     3.6626     3.6973     0.0228      0.074      2.337      3.389        509 6.5043e+01   997.8555 0.0000e+00
      2.398    21.3875    13.3337    147.894  32.740379     35.146      6.416   239.1323     3.6359     3.6829     0.0228      0.068      2.352      3.411        510 6.3380e+01   997.8861 0.0000e+00
      2.415    21.3430    13.2905    146.836  32.673382     35.094      6.414   239.0945     3.6550     3.7261     0.0227      0.065      2.367      3.434        511 6.2472e+01   997.9150 0.0000e+00
      2.429    21.3366    13.2492    145.834  32.845531     35.440      6.417   237.8830     3.4642     3.6540     0.0228      0.064      2.382      3.455        512 6.1329e+01   997.9372 0.0000e+00
      2.444    21.2858    13.1859    144.687  32.792849     35.356      6.417   238.7916     3.4681     3.5531     0.0228      0.064      2.396      3.474        513 5.9982e+01   997.9471 0.0000e+00
      2.456    21.2270    13.0960    143.310  32.620449     35.206      6.415   238.5645     3.4757     3.5531     0.0227      0.061      2.406      3.489        514 5.9546e+01   997.9485 0.0000e+00
      2.460    21.2160    12.9994    141.852  32.645282     35.248      6.408   239.4352     3.4566     3.5387     0.0227      0.054      2.413      3.498        515 5.9560e+01   997.9598 0.0000e+00
      2.464    21.1806    12.9184    140.588  32.702705     35.382      6.407   240.4573     3.3956     3.2791     0.0227      0.049      2.421      3.512        516 5.8263e+01   997.9726 0.0000e+00
      2.485    21.0448    12.8174    139.109  32.637894     35.301      6.405   240.4195     3.4185     3.2503     0.0227      0.047      2.441      3.541        517 5.5547e+01   997.9751 0.0000e+00
      2.520    20.8484    12.7206    137.605  32.459287     35.143      6.401   239.9273     3.4146     3.2791     0.0226      0.051      2.471      3.584        518 5.2909e+01   997.9830 0.0000e+00
      2.553    20.6362    12.5967    135.832  32.302792     35.067      6.392   241.3280     3.3956     3.2935     0.0226      0.060      2.501      3.628        519 5.0930e+01   998.0127 0.0000e+00
      2.578    20.4215    12.4937    134.448  32.091986     35.004      6.387   243.0695     3.4070     3.0484     0.0225      0.071      2.527      3.666        520 4.9265e+01   998.0553 0.0000e+00
      2.601    20.2213    12.4037    133.185  31.892115     34.922      6.378   245.4545     3.3994     3.1493     0.0224      0.081      2.549      3.698        521 4.7788e+01   998.1007 0.0000e+00
      2.621    20.0346    12.3256    131.959  31.751656     34.965      6.370   247.7259     3.4108     3.0340     0.0223      0.090      2.569      3.726        522 4.6781e+01   998.1462 0.0000e+00
      2.637    19.8777    12.2506    130.712  31.644688     34.965      6.365   247.8773     3.3956     3.1782     0.0223      0.096      2.586      3.751        523 4.5815e+01   998.1883 0.0000e+00
      2.653    19.7402    12.1507    129.246  31.580904     35.080      6.355   248.8616     3.2621     2.6014     0.0223      0.096      2.603      3.775        524 4.4972e+01   998.2271 0.0000e+00
      2.671    19.5999    12.0158    127.442  31.416325     34.984      6.354   249.6945     3.2964     2.5004     0.0222      0.089      2.623      3.805        525 4.3765e+01   998.2594 0.0000e+00
      2.700    19.4646    11.8548    125.387  31.286648     34.967      6.347   250.5273     3.2773     2.5870     0.0221      0.083      2.651      3.845        526 4.1898e+01   998.2877 0.0000e+00
      2.738    19.3282    11.6665    123.067  31.149798     34.921      6.339   251.6631     3.2964     2.6014     0.0221      0.084      2.683      3.891        527 4.0207e+01   998.3163 0.0000e+00
      2.769    19.1641    11.4316    120.448  30.994147     34.838      6.327   252.6095     3.2849     2.5149     0.0220      0.089      2.711      3.932        528 3.9162e+01   998.3436 0.0000e+00
      2.788    19.0098    11.1634    117.705  30.858241     34.820      6.321   252.8366     3.2430     2.4860     0.0219      0.094      2.731      3.961        529 3.8878e+01   998.3709 0.0000e+00
      2.797    18.9052    10.9102    115.155  30.844960     34.885      6.310   253.0259     3.2163     2.4572     0.0219      0.095      2.746      3.982        530 3.8226e+01   998.4036 0.0000e+00
      2.817    18.7979    10.7011    112.742  30.862608     35.106      6.306   254.8809     3.2468     2.5004     0.0219      0.095      2.766      4.011        531 3.6884e+01   998.4340 0.0000e+00
      2.848    18.6516    10.6009    111.151  30.717835     34.931      6.305   255.6002     3.2239     2.5437     0.0218      0.095      2.791      4.049        532 3.5815e+01   998.4545 0.0000e+00
      2.873    18.4879    10.5438    110.059  30.580777     34.955      6.301   256.5845     3.1934     2.1111     0.0218      0.094      2.816      4.086        533 3.4968e+01   998.4755 0.0000e+00
      2.896    18.3338    10.4991    109.188  30.381442     34.751      6.298   257.6066     3.2010     2.3130     0.0217      0.090      2.841      4.121        534 3.4032e+01   998.5037 0.0000e+00
      2.924    18.1944    10.4796    108.625  30.314187     34.884      6.289   258.0609     3.2315     2.2986     0.0217      0.088      2.866      4.157        535 3.3065e+01   998.5351 0.0000e+00
      2.949    18.0571    10.4850    108.377  30.160897     34.781      6.280   258.8181     3.2315     2.3274     0.0216      0.091      2.891      4.192        536 3.2248e+01   998.5643 0.0000e+00
      2.970    17.9307    10.4927    108.212  29.920504     34.636      6.277   259.0074     4.0784     1.8660     0.0215      0.095      2.913      4.225        537 3.1535e+01   998.5905 0.0000e+00
      2.994    17.8725    10.4900    107.963  29.932018     34.745      6.275   260.3324     4.0708     1.8083     0.0215      0.098      2.935      4.257        538 3.0812e+01   998.6163 0.0000e+00
      3.016    17.9069    10.4822    107.664  30.028120     34.980      6.272   261.0517     4.0670     1.7939     0.0215      0.097      2.957      4.288        539 3.0240e+01   998.6398 0.0000e+00
      3.035    17.9537    10.4747    107.339  30.097209     35.092      6.270   261.6574     4.0860     1.8660     0.0216      0.093      2.978      4.318        540 2.9548e+01   998.6506 0.0000e+00
      3.059    17.8636    10.4710    107.031  30.023814     34.999      6.266   262.4902     4.2463     1.4622     0.0215      0.091      2.999      4.349        541 2.8924e+01   998.6444 0.0000e+00
      3.080    17.6364    10.4831    106.904  29.675072     34.535      6.261   262.7174     4.2692     1.5199     0.0213      0.089      3.021      4.381        542 2.8387e+01   998.6357 0.0000e+00
      3.103    17.4179    10.4872    106.699  29.286947     34.151      6.257   262.0738     4.2577     1.5055     0.0212      0.087      3.043      4.414        543 2.7649e+01   998.6522 0.0000e+00
      3.127    17.2407    10.4790    106.361  29.084866     34.108      6.255   262.7174     4.2272     1.6208     0.0211      0.087      3.065      4.445        544 2.7117e+01   998.6937 0.0000e+00
      3.147    17.0809    10.4822    106.176  28.919400     34.085      6.250   262.9067     4.5133     1.5776     0.0210      0.087      3.084      4.473        545 2.6739e+01   998.7330 0.0000e+00
      3.161    16.9476    10.4456    105.629  28.722723     33.997      6.247   263.0202     4.4790     1.6064     0.0209      0.084      3.100      4.496        546 2.6371e+01   998.7645 0.0000e+00
      3.175    16.8389    10.3759    104.760  28.618724     33.993      6.245   263.7395     4.5057     1.3757     0.0208      0.081      3.115      4.517        547 2.6027e+01   998.7926 0.0000e+00
      3.191    16.7412    10.2631    103.461  28.604528     34.102      6.248   263.9667     4.4828     1.5199     0.0208      0.077      3.133      4.542        548 2.5513e+01   998.8159 0.0000e+00
      3.215    16.6441    10.0860    101.507  28.503452     34.056      6.247   264.3831     4.4904     1.5776     0.0208      0.075      3.155      4.576        549 2.4805e+01   998.8348 0.0000e+00
      3.245    16.5345     9.8550     99.004  28.359449     33.969      6.242   263.4367     4.6048     1.5199     0.0207      0.076      3.182      4.615        550 2.4108e+01   998.8516 0.0000e+00
      3.272    16.4153     9.5507     95.743  28.250556     33.914      6.240   263.9288     4.6010     1.5199     0.0206      0.079      3.208      4.652        551 2.3574e+01   998.8682 0.0000e+00
      3.295    16.3039     9.2432     92.446  28.135413     33.869      6.240   264.3074     4.6048     1.6064     0.0206      0.082      3.231      4.687        552 2.3098e+01   998.8867 0.0000e+00
      3.318    16.1943     8.9315     89.144  28.206554     34.034      6.237   264.6860     4.6277     1.6064     0.0206      0.087      3.252      4.717        553 2.2716e+01   998.9069 0.0000e+00
      3.335    16.0820     8.6419     86.123  28.428676     34.430      6.231   265.3295     4.9749     1.4334     0.0207      0.091      3.269      4.742        554 2.2461e+01   998.9257 0.0000e+00
      3.348    15.9856     8.3902     83.581  28.569990     34.657      6.233   265.8595     4.9329     1.5199     0.0208      0.090      3.282      4.761        555 2.2268e+01   998.9440 0.0000e+00
      3.359    15.9064     8.1923     81.562  28.593581     34.820      6.230   265.5945     4.9520     1.6497     0.0208      0.085      3.294      4.777        556 2.2057e+01   998.9624 0.0000e+00
      3.370    15.8328     8.0295     79.837  28.458608     34.698      6.231   265.2538     4.9482     1.4766     0.0207      0.075      3.305      4.793        557 2.1783e+01   998.9781 0.0000e+00
      3.382    15.7601     7.9102     78.670  28.441763     34.765      6.230   265.3295     5.3258     1.8083     0.0207      0.065      3.318      4.812        558 2.1533e+01   998.9910 0.0000e+00
      3.398    15.6827     7.8063     77.626  28.436833     34.827      6.230   265.1781     5.3068     1.7073     0.0207      0.058      3.335      4.837        559 2.1157e+01   999.0029 0.0000e+00
      3.424    15.5978     7.7105     76.685  28.316655     34.718      6.227   265.8974     5.2991     1.7939     0.0206      0.057      3.359      4.872        560 2.0599e+01   999.0146 0.0000e+00
      3.455    15.4983     7.6230     75.809  28.117379     34.579      6.221   266.0867     5.3220     1.8083     0.0206      0.061      3.387      4.913        561 2.0063e+01   999.0271 0.0000e+00
      3.483    15.3909     7.5230     74.766  28.062771     34.513      6.219   266.6545     5.2572     1.6064     0.0205      0.070      3.413      4.950        562 1.9682e+01   999.0406 0.0000e+00
