Data/DataNotYetUploadedToEDI/CTD_2019/070819_fcr50_a.cnv
* Sea-Bird SBE19plus  Data File:
* FileName = C:\DATA\070819_fcr50_0001.hex
* Software version 2.8.0.119
* Temperature SN = 7809
* Conductivity SN = 7809
* System UpLoad Time = Jul 08 2019 15:01:01
* <ApplicationData>
* <Seaterm232>
# nquan = 18
# nvalues = 947                         
# units = specified
# name 0 = depFM: Depth [fresh water, m]
# name 1 = tv290C: Temperature [ITS-90, deg C]
# name 2 = sbeox0Mg/L: Oxygen, SBE 43 [mg/l]
# name 3 = sbeox0PS: Oxygen, SBE 43 [% saturation]
# name 4 = c0uS/cm: Conductivity [uS/cm]
# name 5 = specc: Specific Conductance [uS/cm]
# name 6 = ph: pH
# name 7 = orp: Oxidation Reduction Potential [mV]
# name 8 = flECO-AFL: Fluorescence, WET Labs ECO-AFL/FL [mg/m^3]
# name 9 = turbWETntu0: Turbidity, WET Labs ECO [NTU]
# name 10 = sal00: Salinity, Practical [PSU]
# name 11 = dz/dtM: Descent Rate [m/s]
# name 12 = prdM: Pressure, Strain Gauge [db]
# name 13 = prdE: Pressure, Strain Gauge [psi]
# name 14 = scan: Scan Count
# name 15 = par/sat/log: PAR/Logarithmic, Satlantic
# name 16 = density00: Density [density, kg/m^3]
# name 17 = flag:  0.000e+00
# span 0 =     -0.619,      9.692       
# span 1 =     9.9505,    28.1435       
# span 2 =    -0.0307,    14.1328       
# span 3 =     -0.274,    162.518       
# span 4 =   4.160454, 109.794512       
# span 5 =      3.847,    156.704       
# span 6 =      5.411,      6.465       
# span 7 =  -291.5885,  1240.2295       
# span 8 =    -1.7086,   243.5382       
# span 9 =    -0.6142,   274.5583       
# span 10 =     0.0133,     0.0732      
# span 11 =     -0.364,      0.297      
# span 12 =     -0.607,      9.504      
# span 13 =     -0.880,     13.784      
# span 14 =          1,        947      
# span 15 = -1.371e+01, 1.6308e+03      
# span 16 =   996.2007,   999.8072      
# span 17 = 0.0000e+00, 0.0000e+00      
# interval = seconds: 0.25
# start_time = Jul 08 2019 09:42:19 [Instrument's time stamp, header]
# bad_flag = -9.990e-29
*END*
[from data line 563]
      3.508    15.2245     7.2927     72.196  28.026256     34.621      6.203   267.9417     5.2801     1.6497     0.0205      0.082      3.442      4.992        564 1.9609e+01   999.0731 0.0000e+00
      3.519    15.2064     7.2060     71.100  28.140166     34.981      6.198   268.1688     5.2610     1.4478     0.0206      0.081      3.456      5.012        565 1.9189e+01   999.0882 0.0000e+00
      3.545    15.1739     7.1240     70.089  28.124431     34.904      6.199   268.1688     5.0931     1.5487     0.0205      0.081      3.476      5.042        566 1.8745e+01   999.0991 0.0000e+00
      3.570    15.1231     7.0539     69.216  28.105111     34.989      6.195   269.1531     5.0893     1.5199     0.0205      0.079      3.497      5.073        567 1.8536e+01   999.1019 0.0000e+00
      3.583    15.1238     7.0012     68.520  28.164224     35.013      6.194   269.5695     5.0779     1.5343     0.0205      0.074      3.512      5.094        568 1.8368e+01   999.1070 0.0000e+00
      3.592    15.1254     6.9214     67.622  28.169371     35.135      6.191   273.0524     5.0664     1.5631     0.0206      0.067      3.522      5.108        569 1.8312e+01   999.1148 0.0000e+00
      3.600    15.1275     6.7947     66.333  28.098718     34.987      6.194   273.5446     5.0626     1.5487     0.0205      0.061      3.530      5.120        570 1.8239e+01   999.1147 0.0000e+00
      3.608    15.1269     6.6285     64.592  28.074415     34.992      6.190   272.7874     4.6773     1.5631     0.0205      0.058      3.539      5.134        571 1.7968e+01   999.1145 0.0000e+00
      3.622    15.0949     6.4102     62.319  28.140369     35.055      6.189   273.3553     4.6621     1.5055     0.0205      0.056      3.552      5.152        572 1.7696e+01   999.1142 0.0000e+00
      3.637    15.0311     6.1330     59.510  28.135133     35.058      6.188   273.9988     4.6773     1.6208     0.0205      0.052      3.568      5.174        573 1.7505e+01   999.1144 0.0000e+00
      3.654    14.9137     5.8014     56.192  28.080935     35.015      6.187   272.7117     4.6697     1.5199     0.0205      0.048      3.586      5.201        574 1.7239e+01   999.1193 0.0000e+00
      3.676    14.7633     5.4598     52.778  28.089337     35.072      6.183   273.5446     4.5820     1.8515     0.0205      0.049      3.610      5.236        575 1.6658e+01   999.1291 0.0000e+00
      3.714    14.6282     5.1102     49.267  28.124703     35.243      6.180   277.4438     4.5438     1.7650     0.0205      0.060      3.642      5.283        576 1.5952e+01   999.1470 0.0000e+00
      3.752    14.5077     4.7561     45.749  28.096213     35.309      6.173   278.1253     4.5896     1.7939     0.0205      0.075      3.675      5.331        577 1.5563e+01   999.1696 0.0000e+00
      3.777    14.3872     4.4317     42.549  28.184093     35.569      6.171   277.6710     4.5629     1.7794     0.0206      0.089      3.701      5.369        578 1.5422e+01   999.1897 0.0000e+00
      3.795    14.3104     4.1188     39.471  28.370871     35.890      6.167   278.2010     5.1313     2.0102     0.0207      0.098      3.724      5.401        579 1.5098e+01   999.2074 0.0000e+00
      3.822    14.2706     3.8225     36.542  28.337795     36.000      6.163   277.1788     5.1313     2.0102     0.0207      0.104      3.750      5.439        580 1.4602e+01   999.2249 0.0000e+00
      3.856    14.1894     3.5458     33.829  28.343792     36.001      6.160   277.2546     5.1427     2.0967     0.0206      0.110      3.779      5.480        581 1.4229e+01   999.2360 0.0000e+00
      3.880    14.0835     3.2709     31.149  28.541181     36.389      6.157   279.6396     5.1465     2.0967     0.0208      0.111      3.805      5.518        582 1.3934e+01   999.2419 0.0000e+00
      3.904    13.9944     2.9888     28.414  28.595774     36.431      6.155   280.0181     5.3029     1.9957     0.0208      0.109      3.830      5.555        583 1.3555e+01   999.2535 0.0000e+00
      3.933    13.9149     2.7635     26.230  28.690616     36.744      6.151   280.4346     5.3029     2.0823     0.0209      0.105      3.857      5.595        584 1.3147e+01   999.2686 0.0000e+00
      3.964    13.8219     2.5760     24.414  28.749055     36.827      6.153   280.2074     5.3182     2.0823     0.0209      0.104      3.886      5.636        585 1.2816e+01   999.2813 0.0000e+00
      3.990    13.7045     2.4176     22.886  28.760077     36.976      6.146   279.6396     5.3258     2.0390     0.0209      0.107      3.911      5.672        586 1.2537e+01   999.2924 0.0000e+00
      4.010    13.5989     2.3046     21.793  28.854678     37.133      6.145   280.3589     5.6615     1.9381     0.0209      0.107      3.932      5.704        587 1.2307e+01   999.3053 0.0000e+00
      4.031    13.5167     2.2201     20.973  28.897982     37.358      6.145   280.3589     5.6844     2.0390     0.0210      0.103      3.954      5.737        588 1.2018e+01   999.3214 0.0000e+00
      4.059    13.4282     2.1712     20.498  28.854351     37.349      6.143   280.2831     5.6539     2.1111     0.0209      0.100      3.979      5.772        589 1.1706e+01   999.3357 0.0000e+00
      4.085    13.3231     2.1420     20.220  28.820144     37.431      6.134   281.2296     5.6539     2.1111     0.0209      0.100      4.003      5.806        590 1.1449e+01   999.3468 0.0000e+00
      4.103    13.2308     2.1545     20.336  28.792466     37.441      6.133   281.5324     5.6806     2.0678     0.0209      0.097      4.022      5.834        591 1.1321e+01   999.3587 0.0000e+00
      4.118    13.1492     2.1744     20.510  28.770337     37.548      6.132   282.2896     4.7574     1.9957     0.0209      0.091      4.038      5.857        592 1.1186e+01   999.3725 0.0000e+00
      4.134    13.0712     2.2081     20.814  28.729225     37.562      6.132   282.1381     4.7841     2.1255     0.0209      0.085      4.053      5.880        593 1.0954e+01   999.3846 0.0000e+00
      4.150    13.0002     2.2607     21.310  28.606671     37.498      6.130   282.0246     4.7765     1.9525     0.0208      0.080      4.068      5.901        594 1.0832e+01   999.3952 0.0000e+00
      4.163    12.9344     2.3199     21.875  28.478524     37.391      6.128   279.7910     4.7994     2.0534     0.0207      0.075      4.083      5.922        595 1.0686e+01   999.4053 0.0000e+00
      4.179    12.8806     2.3804     22.451  28.503619     37.498      6.125   280.8510     4.1738     1.9957     0.0207      0.070      4.098      5.944        596 1.0492e+01   999.4143 0.0000e+00
      4.196    12.8333     2.4425     23.039  28.486597     37.563      6.124   281.6839     4.2119     2.0102     0.0207      0.064      4.112      5.964        597 1.0366e+01   999.4227 0.0000e+00
      4.205    12.7901     2.5058     23.634  28.262744     37.284      6.122   283.0467     4.2005     2.0390     0.0206      0.059      4.121      5.976        598 1.0361e+01   999.4294 0.0000e+00
      4.204    12.7613     2.5593     24.123  28.248995     37.331      6.119   284.1067     4.2348     2.0823     0.0206      0.053      4.126      5.984        599 1.0297e+01   999.4353 0.0000e+00
      4.214    12.7560     2.6165     24.620  28.296360     37.448      6.116   284.3339     4.1242     1.9525     0.0206      0.048      4.136      5.999        600 9.9859e+00   999.4408 0.0000e+00
      4.237    12.7501     2.6667     25.041  28.322310     37.477      6.117   285.0532     4.1433     1.9813     0.0206      0.046      4.154      6.024        601 9.6838e+00   999.4445 0.0000e+00
      4.255    12.7194     2.7056     25.364  28.275959     37.482      6.111   282.1381     4.1280     1.9813     0.0206      0.047      4.169      6.046        602 9.5808e+00   999.4452 0.0000e+00
      4.260    12.6910     2.7290     25.543  27.998566     37.043      6.107   284.1824     4.1471     1.9236     0.0204      0.046      4.176      6.058        603 9.5578e+00   999.4458 0.0000e+00
      4.262    12.6921     2.7626     25.818  28.015809     37.148      6.103   284.5989     4.1852     2.2409     0.0205      0.043      4.181      6.063        604 9.4697e+00   999.4496 0.0000e+00
      4.267    12.7069     2.7830     25.986  28.136016     37.325      6.101   285.0532     4.1929     2.0967     0.0205      0.040      4.186      6.071        605 9.3464e+00   999.4532 0.0000e+00
      4.277    12.7170     2.8095     26.216  28.145213     37.323      6.101   285.5453     4.1890     2.2120     0.0205      0.039      4.195      6.083        606 9.2136e+00   999.4531 0.0000e+00
      4.287    12.7201     2.8458     26.521  28.063611     37.234      6.099   287.1732     4.2081     2.3851     0.0205      0.039      4.205      6.098        607 9.1488e+00   999.4513 0.0000e+00
      4.296    12.7171     2.8928     26.915  28.000578     37.076      6.095   287.8925     4.2196     2.0102     0.0204      0.035      4.218      6.118        608 9.0036e+00   999.4500 0.0000e+00
      4.321    12.6870     2.9473     27.374  27.986666     37.147      6.093   285.8103     4.2272     1.9957     0.0205      0.035      4.243      6.155        609 8.5117e+00   999.4498 0.0000e+00
      4.365    12.6119     3.0037     27.858  27.932807     36.965      6.084   286.6810     4.2272     1.8660     0.0204      0.047      4.280      6.208        610 8.0250e+00   999.4503 0.0000e+00
      4.406    12.5227     3.0812     28.544  28.274974     37.549      6.077   286.7189     4.2272     2.0246     0.0206      0.067      4.318      6.263        611 7.7225e+00   999.4544 0.0000e+00
      4.438    12.4478     3.1461     29.112  28.301446     37.625      6.075   286.6810     4.1890     1.9381     0.0206      0.087      4.352      6.311        612 7.4074e+00   999.4638 0.0000e+00
      4.470    12.3780     3.2153     29.718  27.899890     37.157      6.074   287.9303     3.8991     2.3562     0.0204      0.105      4.382      6.356        613 7.0685e+00   999.4746 0.0000e+00
      4.499    12.3124     3.2861     30.339  27.649051     36.933      6.071   288.4603     3.9067     2.6302     0.0203      0.118      4.410      6.397        614 6.8162e+00   999.4836 0.0000e+00
      4.524    12.2725     3.3531     30.929  27.517588     36.777      6.069   287.9682     3.9182     2.4860     0.0202      0.126      4.436      6.435        615 6.6092e+00   999.4921 0.0000e+00
      4.550    12.2420     3.4209     31.532  27.648800     37.067      6.069   288.0060     3.8915     2.4283     0.0203      0.128      4.463      6.473        616 6.3527e+00   999.4999 0.0000e+00
      4.580    12.1867     3.4834     32.088  27.663517     37.107      6.067   287.8167     4.0288     2.5149     0.0203      0.123      4.491      6.514        617 6.1264e+00   999.5048 0.0000e+00
      4.609    12.1134     3.5350     32.551  27.351179     36.724      6.063   288.0817     4.0212     2.5149     0.0201      0.116      4.519      6.554        618 5.9088e+00   999.5084 0.0000e+00
      4.635    12.0381     3.5627     32.796  27.148842     36.479      6.062   288.1953     4.0364     2.4428     0.0200      0.111      4.547      6.594        619 5.6989e+00   999.5149 0.0000e+00
      4.665    11.9736     3.5707     32.871  27.115539     36.551      6.059   288.3089     4.0174     2.4572     0.0200      0.110      4.577      6.639        620 5.4394e+00   999.5236 0.0000e+00
      4.704    11.9233     3.5638     32.804  27.037187     36.475      6.060   288.6496     3.4223     2.4283     0.0199      0.112      4.612      6.690        621 5.1544e+00   999.5324 0.0000e+00
      4.742    11.8742     3.5494     32.638  27.098269     36.652      6.054   289.8989     3.4108     2.4860     0.0199      0.117      4.647      6.741        622 4.9530e+00   999.5400 0.0000e+00
      4.771    11.8234     3.5300     32.419  27.128412     36.739      6.055   289.4446     3.3956     2.5293     0.0200      0.122      4.676      6.782        623 4.7647e+00   999.5458 0.0000e+00
      4.792    11.7747     3.5008     32.117  27.147802     36.788      6.055   289.6339     3.4185     2.3995     0.0200      0.123      4.697      6.812        624 4.6516e+00   999.5515 0.0000e+00
      4.806    11.7347     3.4732     31.857  27.281512     37.067      6.053   289.7475     3.2849     2.4860     0.0201      0.118      4.712      6.835        625 4.5939e+00   999.5574 0.0000e+00
      4.818    11.7038     3.4429     31.571  27.258253     37.040      6.053   288.9146     3.2735     2.4428     0.0200      0.109      4.725      6.853        626 4.5139e+00   999.5628 0.0000e+00
      4.829    11.6774     3.4198     31.346  27.236009     37.081      6.051   289.1039     3.2773     2.3995     0.0200      0.097      4.739      6.873        627 4.4063e+00   999.5674 0.0000e+00
      4.850    11.6591     3.4106     31.237  27.309209     37.187      6.053   289.5960     3.2964     2.4139     0.0201      0.085      4.761      6.905        628 4.2263e+00   999.5709 0.0000e+00
      4.885    11.6463     3.4085     31.178  27.374526     37.329      6.049   292.8139     2.9798     2.3995     0.0201      0.078      4.794      6.952        629 4.0155e+00   999.5739 0.0000e+00
      4.929    11.6484     3.4363     31.405  27.362091     37.308      6.048   291.7160     3.0103     2.4716     0.0201      0.081      4.833      7.010        630 3.7682e+00   999.5762 0.0000e+00
      4.971    11.6415     3.4682     31.678  27.354313     37.322      6.043   292.7382     2.9836     2.3851     0.0201      0.092      4.871      7.065        631 3.5835e+00   999.5778 0.0000e+00
      5.001    11.5998     3.5128     32.065  27.236097     37.168      6.040   291.9432     2.9912     2.3995     0.0200      0.105      4.900      7.107        632 3.5440e+00   999.5776 0.0000e+00
      5.017    11.5433     3.5720     32.587  27.094500     36.944      6.037   291.4132     2.9912     2.4283     0.0199      0.115      4.920      7.136        633 3.4954e+00   999.5784 0.0000e+00
      5.034    11.4994     3.6452     33.234  27.056580     36.989      6.037   291.8675     2.4686     2.2553     0.0199      0.119      4.940      7.166        634 3.3718e+00   999.5830 0.0000e+00
      5.064    11.4876     3.7150     33.839  27.046327     36.967      6.036   294.6310     2.5029     2.2697     0.0199      0.119      4.970      7.209        635 3.2292e+00   999.5894 0.0000e+00
      5.106    11.4784     3.7929     34.522  26.988791     37.015      6.032   295.6532     2.5067     2.2553     0.0199      0.119      5.008      7.264        636 3.0536e+00   999.5943 0.0000e+00
      5.151    11.4598     3.8774     35.268  26.861600     36.756      6.031   294.9718     2.4762     2.1544     0.0198      0.118      5.048      7.320        637 2.8782e+00   999.5957 0.0000e+00
      5.185    11.4245     3.9585     35.984  26.849159     36.844      6.025   295.0475     2.3046     2.6014     0.0198      0.119      5.078      7.365        638 2.8146e+00   999.5968 0.0000e+00
      5.200    11.3707     4.0454     36.763  26.737684     36.632      6.026   295.0853     2.3084     2.6879     0.0197      0.118      5.096      7.392        639 2.7595e+00   999.5989 0.0000e+00
      5.207    11.3326     4.1308     37.522  26.644878     36.591      6.025   294.6310     2.3007     2.6590     0.0197      0.115      5.109      7.410        640 2.7080e+00   999.6026 0.0000e+00
      5.223    11.3069     4.2093     38.207  26.668452     36.646      6.023   294.9718     2.3122     2.5725     0.0197      0.111      5.127      7.437        641 2.6374e+00   999.6084 0.0000e+00
      5.255    11.2794     4.2883     38.903  26.560257     36.568      6.024   296.3346     2.0566     2.7744     0.0196      0.105      5.156      7.479        642 2.4728e+00   999.6126 0.0000e+00
      5.296    11.2553     4.3660     39.584  26.424085     36.364      6.023   296.9025     2.0871     2.8609     0.0195      0.101      5.190      7.529        643 2.3618e+00   999.6154 0.0000e+00
