Data/DataNotYetUploadedToEDI/CTD_2019/070819_fcr50_a.cnv
* Sea-Bird SBE19plus  Data File:
* FileName = C:\DATA\070819_fcr50_0001.hex
* Software version 2.8.0.119
* Temperature SN = 7809
* Conductivity SN = 7809
* System UpLoad Time = Jul 08 2019 15:01:01
* <ApplicationData>
* <Seaterm232>
# nquan = 18
# nvalues = 947                         
# units = specified
# name 0 = depFM: Depth [fresh water, m]
# name 1 = tv290C: Temperature [ITS-90, deg C]
# name 2 = sbeox0Mg/L: Oxygen, SBE 43 [mg/l]
# name 3 = sbeox0PS: Oxygen, SBE 43 [% saturation]
# name 4 = c0uS/cm: Conductivity [uS/cm]
# name 5 = specc: Specific Conductance [uS/cm]
# name 6 = ph: pH
# name 7 = orp: Oxidation Reduction Potential [mV]
# name 8 = flECO-AFL: Fluorescence, WET Labs ECO-AFL/FL [mg/m^3]
# name 9 = turbWETntu0: Turbidity, WET Labs ECO [NTU]
# name 10 = sal00: Salinity, Practical [PSU]
# name 11 = dz/dtM: Descent Rate [m/s]
# name 12 = prdM: Pressure, Strain Gauge [db]
# name 13 = prdE: Pressure, Strain Gauge [psi]
# name 14 = scan: Scan Count
# name 15 = par/sat/log: PAR/Logarithmic, Satlantic
# name 16 = density00: Density [density, kg/m^3]
# name 17 = flag:  0.000e+00
# span 0 =     -0.619,      9.692       
# span 1 =     9.9505,    28.1435       
# span 2 =    -0.0307,    14.1328       
# span 3 =     -0.274,    162.518       
# span 4 =   4.160454, 109.794512       
# span 5 =      3.847,    156.704       
# span 6 =      5.411,      6.465       
# span 7 =  -291.5885,  1240.2295       
# span 8 =    -1.7086,   243.5382       
# span 9 =    -0.6142,   274.5583       
# span 10 =     0.0133,     0.0732      
# span 11 =     -0.364,      0.297      
# span 12 =     -0.607,      9.504      
# span 13 =     -0.880,     13.784      
# span 14 =          1,        947      
# span 15 = -1.371e+01, 1.6308e+03      
# span 16 =   996.2007,   999.8072      
# span 17 = 0.0000e+00, 0.0000e+00      
# interval = seconds: 0.25
# start_time = Jul 08 2019 09:42:19 [Instrument's time stamp, header]
# bad_flag = -9.990e-29
*END*
[from data line 242]
      0.165    27.1941     8.0902    101.966  37.327129     35.775      5.810   243.2588     2.1214     2.2553     0.0245     -0.028      0.159      0.231        243 9.3683e+02   996.4909 0.0000e+00
      0.133    27.2063     7.9939    100.751  37.378173     35.818      5.837   242.3880     2.1062     2.2120     0.0245     -0.046      0.119      0.173        244 5.5851e+02   996.4862 0.0000e+00
      0.064    27.2099     7.8692     99.181  37.372128     35.803      5.860   244.8866     2.1100     2.2409     0.0245     -0.075      0.051      0.074        245 3.3209e+02   996.4801 0.0000e+00
     -0.042    27.2139     7.7532     97.722  37.275371     35.688      5.864   243.6752     2.1367     2.3851     0.0245     -0.121     -0.045     -0.065        246 1.8997e+02   996.4762 0.0000e+00
     -0.156    27.2197     7.6719     96.699  37.320763     35.739      5.876   243.4859     2.0261     2.4283     0.0245     -0.179     -0.156     -0.227        247 3.5354e+02   996.4747 0.0000e+00
     -0.281    27.2247     7.5983     95.772  37.374903     35.789      5.880   242.6909     2.0032     2.4428     0.0245     -0.244     -0.270     -0.392        248 2.9202e+02   996.4732 0.0000e+00
     -0.391    27.2285     7.5181     94.763  37.326533     35.732      5.874   238.3373     1.9994     2.4716     0.0245     -0.305     -0.370     -0.537        249 3.0602e+02   996.4710 0.0000e+00
     -0.460    27.2307     7.4676     94.125  37.321683     35.728      5.867   236.7852     2.0184     2.5293     0.0245     -0.348     -0.439     -0.637        250 5.1175e+02   996.4692 0.0000e+00
     -0.496    27.2320     7.4685     94.133  37.380934     35.779      5.849   248.8995     1.9765     2.3851     0.0245     -0.364     -0.477     -0.692        251 3.5970e+02   996.4681 0.0000e+00
     -0.504    27.2325     7.4785     94.258  37.371339     35.778      5.836   212.5944     5.5166   247.9971     0.0245     -0.347     -0.490     -0.710        252 3.1293e+02   996.4675 0.0000e+00
     -0.500    27.2320     7.4808     94.284  37.333624     35.723      5.830   195.1043     5.4975   247.8673     0.0245     -0.294     -0.490     -0.710        253 2.7593e+02   996.4672 0.0000e+00
     -0.494    27.2317     7.5124     94.676  37.309324     35.723      5.826   195.4072     5.4822   247.9827     0.0245     -0.222     -0.485     -0.704        254 1.7911e+02   996.4670 0.0000e+00
     -0.490    27.2324     7.5959     95.714  37.342307     35.723      5.818   237.7694     5.4899   247.9539     0.0245     -0.146     -0.482     -0.699        255 4.2076e+02   996.4671 0.0000e+00
     -0.490    27.2340     7.7108     97.133  37.381485     35.804      5.813   205.6286    -1.6971   249.3814     0.0246     -0.079     -0.480     -0.696        256 9.1129e+02   996.4673 0.0000e+00
     -0.488    27.2352     7.8253     98.549  37.408747     35.777      5.810   231.8637    -1.7086   249.4968     0.0245     -0.030     -0.477     -0.692        257 1.1282e+03   996.4671 0.0000e+00
     -0.480    27.2359     7.9309     99.869  37.604736     36.016      5.806   239.2837    -1.6933   249.3814     0.0246     -0.001     -0.472     -0.685        258 7.2106e+02   996.4667 0.0000e+00
     -0.477    27.2367     8.0077    100.827  37.582115     35.962      5.798   237.7694    -1.7086   249.4247     0.0246      0.012     -0.468     -0.678        259 3.2824e+02   996.4664 0.0000e+00
     -0.475    27.2358     8.0624    101.508  37.377628     35.774      5.799   239.0566    15.0496   247.4492     0.0245      0.014     -0.461     -0.668        260 1.2784e+02   996.4662 0.0000e+00
     -0.459    27.2340     8.0956    101.926  37.325775     35.720      5.800   241.2523    15.0306   247.3915     0.0245      0.017     -0.437     -0.635        261 2.7908e+02   996.4660 0.0000e+00
     -0.404    27.2330     8.1060    102.063  37.320653     35.721      5.792   241.7445    15.0420   247.4924     0.0245      0.032     -0.385     -0.560        262 1.0754e+03   996.4665 0.0000e+00
     -0.319    27.2311     8.0936    101.914  37.265459     35.669      5.784   242.5016    15.0840   247.4347     0.0245      0.066     -0.303     -0.441        263 1.2514e+03   996.4674 0.0000e+00
     -0.206    27.2277     8.0791    101.732  37.216652     35.616      5.780   242.1987    16.5221   274.5007     0.0245      0.119     -0.202     -0.294        264 1.2066e+03   996.4680 0.0000e+00
     -0.094    27.2189     8.0701    101.615  37.203584     35.617      5.778   242.0473    16.5221   274.5439     0.0245      0.182     -0.103     -0.150        265 1.1662e+03   996.4691 0.0000e+00
     -0.016    27.2026     8.0639    101.533  37.222453     35.619      5.781   241.5552    16.5336   274.5583     0.0245      0.241     -0.028     -0.041        266 8.6285e+02   996.4705 0.0000e+00
      0.022    27.1877     8.0566    101.438  37.252443     35.679      5.784   238.9430    16.5145   274.5295     0.0245      0.281      0.018      0.025        267 1.0856e+03   996.4730 0.0000e+00
      0.050    27.1816     8.0560    101.424  37.225538     35.636      5.789   239.7380     2.0032     2.4428     0.0245      0.297      0.048      0.069        268 9.0190e+02   996.4777 0.0000e+00
      0.077    27.1769     8.0647    101.527  37.255943     35.701      5.790   239.8516     1.9765     2.5004     0.0245      0.286      0.068      0.099        269 6.5102e+02   996.4820 0.0000e+00
      0.080    27.1724     8.0591    101.456  37.273884     35.704      5.797   239.3216     2.0108     2.5149     0.0245      0.245      0.073      0.106        270 1.1311e+03   996.4837 0.0000e+00
      0.065    27.1728     8.0469    101.302  37.262486     35.708      5.798   240.1923     1.9765     2.4572     0.0245      0.183      0.067      0.097        271 1.2152e+03   996.4848 0.0000e+00
      0.062    27.1763     8.0407    101.228  37.270129     35.711      5.800   240.0030     2.0261     2.4860     0.0245      0.117      0.064      0.093        272 9.2508e+02   996.4861 0.0000e+00
      0.069    27.1799     8.0427    101.264  37.264374     35.711      5.801   238.7537     2.0833     2.4139     0.0245      0.065      0.067      0.098        273 1.0106e+03   996.4860 0.0000e+00
      0.074    27.1804     8.0414    101.259  37.210377     35.655      5.803   238.0723     2.0451     2.4428     0.0245      0.033      0.073      0.106        274 8.0724e+02   996.4850 0.0000e+00
      0.080    27.1782     8.0370    101.214  37.218784     35.652      5.804   238.5645     2.0680     2.3707     0.0245      0.017      0.079      0.115        275 7.5526e+02   996.4840 0.0000e+00
      0.089    27.1761     8.0355    101.203  37.194640     35.652      5.805   239.2080     2.0795     2.4572     0.0245      0.010      0.085      0.124        276 7.3427e+02   996.4840 0.0000e+00
      0.091    27.1742     8.0414    101.283  37.181153     35.600      5.806   238.8295     2.1405     2.5437     0.0245      0.008      0.089      0.130        277 5.2786e+02   996.4846 0.0000e+00
      0.094    27.1709     8.0455    101.339  37.294839     35.762      5.809   238.5645     2.1329     2.3274     0.0245      0.013      0.093      0.135        278 5.5053e+02   996.4852 0.0000e+00
      0.098    27.1679     8.0485    101.377  37.230973     35.656      5.810   238.2237     2.1291     2.4860     0.0245      0.019      0.097      0.141        279 4.3854e+02   996.4857 0.0000e+00
      0.104    27.1671     8.0455    101.337  37.201364     35.658      5.811   238.7159     2.1253     2.4428     0.0245      0.020      0.102      0.148        280 5.8652e+02   996.4867 0.0000e+00
      0.110    27.1668     8.0406    101.273  37.213148     35.660      5.810   239.2080     2.2473     2.4716     0.0245      0.020      0.105      0.153        281 9.5339e+02   996.4875 0.0000e+00
      0.109    27.1690     8.0481    101.363  37.157040     35.607      5.813   238.7916     2.2511     2.4716     0.0245      0.017      0.105      0.152        282 1.2251e+03   996.4877 0.0000e+00
      0.102    27.1751     8.0536    101.431  37.211918     35.661      5.810   238.9052     2.2740     2.4428     0.0245      0.013      0.101      0.147        283 9.5309e+02   996.4878 0.0000e+00
      0.099    27.1817     8.0527    101.419  37.263394     35.713      5.812   238.9809     2.2473     2.5004     0.0245      0.007      0.099      0.144        284 5.7718e+02   996.4871 0.0000e+00
      0.103    27.1872     8.0540    101.440  37.211520     35.655      5.809   239.4730     2.1825     2.5149     0.0245      0.005      0.101      0.147        285 6.0571e+02   996.4855 0.0000e+00
      0.108    27.1917     8.0524    101.428  37.217201     35.651      5.806   239.0566     2.2092     2.4428     0.0245      0.003      0.105      0.152        286 9.1279e+02   996.4837 0.0000e+00
      0.109    27.1950     8.0581    101.507  37.256321     35.701      5.801   239.1702     2.1596     2.4716     0.0245      0.002      0.107      0.155        287 7.7171e+02   996.4822 0.0000e+00
      0.110    27.1967     8.0723    101.688  37.281374     35.698      5.801   239.0945     2.1710     2.4283     0.0245      0.001      0.108      0.157        288 3.4541e+02   996.4810 0.0000e+00
      0.111    27.1967     8.0895    101.900  37.363833     35.802      5.800   239.6245     2.0757     2.4860     0.0245      0.002      0.110      0.160        289 4.6034e+02   996.4801 0.0000e+00
      0.115    27.1960     8.0966    101.980  37.272243     35.694      5.802   239.3973     2.0451     2.4139     0.0245      0.005      0.114      0.166        290 4.0053e+02   996.4796 0.0000e+00
      0.123    27.1945     8.0955    101.956  37.217542     35.641      5.803   239.6245     2.0871     2.4572     0.0245      0.010      0.120      0.174        291 8.0939e+02   996.4797 0.0000e+00
      0.128    27.1923     8.0897    101.877  37.313365     35.748      5.801   239.6623     2.0566     2.4860     0.0245      0.013      0.125      0.183        292 7.8569e+02   996.4799 0.0000e+00
      0.134    27.1912     8.0764    101.703  37.271536     35.696      5.802   239.3973     2.0528     2.4572     0.0245      0.014      0.132      0.192        293 6.2760e+02   996.4803 0.0000e+00
      0.143    27.1915     8.0587    101.475  37.269600     35.697      5.799   239.3216     2.0337     2.7167     0.0245      0.017      0.138      0.201        294 9.3626e+02   996.4810 0.0000e+00
      0.145    27.1938     8.0373    101.204  37.315776     35.751      5.794   240.5709     2.0261     2.6879     0.0245      0.020      0.142      0.207        295 6.4340e+02   996.4813 0.0000e+00
      0.147    27.1978     8.0266    101.073  37.273342     35.698      5.791   239.8516     2.0223     2.6735     0.0245      0.021      0.146      0.212        296 4.3046e+02   996.4812 0.0000e+00
      0.157    27.2017     8.0112    100.886  37.263136     35.696      5.792   239.8895     1.9956     2.6014     0.0245      0.022      0.153      0.222        297 6.8859e+02   996.4806 0.0000e+00
      0.164    27.2030     8.0239    101.051  37.269204     35.693      5.790   240.1923     1.9460     2.5149     0.0245      0.023      0.160      0.231        298 9.9011e+02   996.4795 0.0000e+00
      0.166    27.2005     8.0427    101.285  37.265788     35.691      5.789   239.6623     1.9498     2.4716     0.0245      0.022      0.163      0.236        299 5.8313e+02   996.4784 0.0000e+00
      0.167    27.1955     8.0680    101.593  37.267385     35.690      5.792   240.1923     1.9612     2.4716     0.0245      0.020      0.164      0.238        300 4.6911e+02   996.4780 0.0000e+00
      0.168    27.1903     8.0827    101.770  37.267217     35.692      5.794   240.1166     1.9383     2.6014     0.0245      0.018      0.164      0.238        301 6.2784e+02   996.4787 0.0000e+00
      0.167    27.1865     8.0877    101.831  37.265999     35.695      5.798   240.5330     1.9917     2.4572     0.0245      0.014      0.165      0.239        302 1.1064e+03   996.4801 0.0000e+00
      0.169    27.1831     8.0848    101.796  37.328174     35.752      5.804   240.4573     1.9994     2.5004     0.0245      0.012      0.165      0.239        303 9.1310e+02   996.4817 0.0000e+00
      0.168    27.1804     8.0697    101.607  37.367657     35.808      5.806   240.0787     2.0223     2.4572     0.0245      0.008      0.164      0.238        304 4.9214e+02   996.4827 0.0000e+00
      0.165    27.1796     8.0553    101.424  37.335406     35.757      5.806   240.0030     2.0184     2.4428     0.0245      0.003      0.162      0.235        305 7.1678e+02   996.4835 0.0000e+00
      0.163    27.1816     8.0471    101.322  37.368311     35.812      5.810   240.2680     1.9383     2.6014     0.0245     -0.000      0.160      0.232        306 8.3596e+02   996.4844 0.0000e+00
      0.163    27.1854     8.0449    101.295  37.326710     35.759      5.811   240.1545     1.9269     2.5725     0.0245     -0.002      0.160      0.232        307 9.6988e+02   996.4846 0.0000e+00
      0.165    27.1880     8.0471    101.323  37.268636     35.704      5.814   239.7002     1.9612     2.6302     0.0245     -0.003      0.162      0.235        308 9.8450e+02   996.4840 0.0000e+00
      0.171    27.1866     8.0568    101.442  37.322040     35.755      5.816   239.9652     1.9460     2.5725     0.0245     -0.001      0.166      0.240        309 1.0771e+03   996.4830 0.0000e+00
      0.170    27.1812     8.0687    101.593  37.319519     35.754      5.811   240.0409     2.3694     2.5004     0.0245      0.001      0.168      0.243        310 6.3754e+02   996.4823 0.0000e+00
      0.173    27.1767     8.0803    101.745  37.271772     35.701      5.811   240.0787     2.3580     2.4283     0.0245      0.002      0.169      0.246        311 6.6330e+02   996.4827 0.0000e+00
      0.174    27.1756     8.0964    101.952  37.262919     35.705      5.812   240.0409     2.3465     2.4428     0.0245      0.005      0.171      0.248        312 7.1624e+02   996.4842 0.0000e+00
      0.174    27.1762     8.1043    102.054  37.271269     35.708      5.818   240.2302     2.3961     2.4860     0.0245      0.006      0.172      0.249        313 3.5901e+02   996.4854 0.0000e+00
      0.177    27.1763     8.1153    102.193  37.261383     35.709      5.820   240.1166     2.3541     2.4428     0.0245      0.007      0.173      0.250        314 4.5099e+02   996.4857 0.0000e+00
      0.177    27.1762     8.1168    102.211  37.275222     35.708      5.823   240.0409     2.4457     2.5004     0.0245      0.007      0.173      0.251        315 5.9349e+02   996.4855 0.0000e+00
      0.177    27.1765     8.0997    101.993  37.313316     35.762      5.825   240.0030     2.4228     2.4860     0.0245      0.005      0.173      0.251        316 6.8410e+02   996.4855 0.0000e+00
      0.176    27.1769     8.0866    101.825  37.332517     35.762      5.828   240.4573     2.4419     2.4860     0.0245      0.003      0.172      0.250        317 7.9808e+02   996.4855 0.0000e+00
      0.174    27.1768     8.0752    101.672  37.310599     35.761      5.832   240.3437     2.4495     2.5437     0.0245      0.002      0.172      0.249        318 6.3738e+02   996.4854 0.0000e+00
      0.174    27.1756     8.0686    101.582  37.281322     35.708      5.835   240.3437     2.5220     2.4283     0.0245      0.001      0.172      0.249        319 5.1352e+02   996.4854 0.0000e+00
      0.178    27.1761     8.0566    101.438  37.309681     35.761      5.835   240.4952     2.5144     2.4860     0.0245      0.000      0.173      0.251        320 4.6054e+02   996.4854 0.0000e+00
      0.179    27.1789     8.0486    101.350  37.334579     35.762      5.836   240.7602     2.4991     2.4428     0.0245      0.001      0.173      0.251        321 3.7259e+02   996.4858 0.0000e+00
