Data/DataNotYetUploadedToEDI/CTD_2019/070819_fcr50_a.cnv
* Sea-Bird SBE19plus  Data File:
* FileName = C:\DATA\070819_fcr50_0001.hex
* Software version 2.8.0.119
* Temperature SN = 7809
* Conductivity SN = 7809
* System UpLoad Time = Jul 08 2019 15:01:01
* <ApplicationData>
* <Seaterm232>
# nquan = 18
# nvalues = 947                         
# units = specified
# name 0 = depFM: Depth [fresh water, m]
# name 1 = tv290C: Temperature [ITS-90, deg C]
# name 2 = sbeox0Mg/L: Oxygen, SBE 43 [mg/l]
# name 3 = sbeox0PS: Oxygen, SBE 43 [% saturation]
# name 4 = c0uS/cm: Conductivity [uS/cm]
# name 5 = specc: Specific Conductance [uS/cm]
# name 6 = ph: pH
# name 7 = orp: Oxidation Reduction Potential [mV]
# name 8 = flECO-AFL: Fluorescence, WET Labs ECO-AFL/FL [mg/m^3]
# name 9 = turbWETntu0: Turbidity, WET Labs ECO [NTU]
# name 10 = sal00: Salinity, Practical [PSU]
# name 11 = dz/dtM: Descent Rate [m/s]
# name 12 = prdM: Pressure, Strain Gauge [db]
# name 13 = prdE: Pressure, Strain Gauge [psi]
# name 14 = scan: Scan Count
# name 15 = par/sat/log: PAR/Logarithmic, Satlantic
# name 16 = density00: Density [density, kg/m^3]
# name 17 = flag:  0.000e+00
# span 0 =     -0.619,      9.692       
# span 1 =     9.9505,    28.1435       
# span 2 =    -0.0307,    14.1328       
# span 3 =     -0.274,    162.518       
# span 4 =   4.160454, 109.794512       
# span 5 =      3.847,    156.704       
# span 6 =      5.411,      6.465       
# span 7 =  -291.5885,  1240.2295       
# span 8 =    -1.7086,   243.5382       
# span 9 =    -0.6142,   274.5583       
# span 10 =     0.0133,     0.0732      
# span 11 =     -0.364,      0.297      
# span 12 =     -0.607,      9.504      
# span 13 =     -0.880,     13.784      
# span 14 =          1,        947      
# span 15 = -1.371e+01, 1.6308e+03      
# span 16 =   996.2007,   999.8072      
# span 17 = 0.0000e+00, 0.0000e+00      
# interval = seconds: 0.25
# start_time = Jul 08 2019 09:42:19 [Instrument's time stamp, header]
# bad_flag = -9.990e-29
*END*
[from data line 81]
      0.184    27.2735     6.1715     77.863  39.840892     38.102      5.622   241.1009     2.5182     2.5149     0.0255      0.004      0.181      0.262         82 3.4295e+02   996.4602 0.0000e+00
      0.185    27.2772     6.1317     77.364  39.887010     38.154      5.621   241.5930     2.4953     2.4716     0.0255      0.003      0.181      0.262         83 3.3658e+02   996.4599 0.0000e+00
      0.184    27.2795     6.0929     76.877  39.896745     38.153      5.612   242.2366     2.5525     2.5149     0.0255      0.003      0.181      0.262         84 3.3820e+02   996.4594 0.0000e+00
      0.183    27.2799     6.0510     76.350  39.888054     38.150      5.603   241.7823     2.5334     2.4860     0.0255      0.002      0.181      0.262         85 3.4796e+02   996.4584 0.0000e+00
      0.184    27.2804     6.0098     75.833  39.897823     38.148      5.599   241.7823     2.5754     2.5149     0.0255      0.002      0.182      0.263         86 3.0302e+02   996.4577 0.0000e+00
      0.187    27.2820     5.9639     75.256  39.943865     38.201      5.598   242.0473     2.5525     2.6158     0.0255      0.002      0.183      0.266         87 2.8855e+02   996.4576 0.0000e+00
      0.188    27.2835     5.9120     74.603  39.949312     38.201      5.596   241.5552     2.5411     2.4428     0.0255      0.002      0.185      0.268         88 3.4798e+02   996.4575 0.0000e+00
      0.190    27.2844     5.8649     74.010  39.891043     38.146      5.596   241.7445     2.5754     2.4860     0.0255      0.003      0.186      0.270         89 3.0008e+02   996.4570 0.0000e+00
      0.192    27.2852     5.8224     73.476  39.897822     38.145      5.599   242.0473     2.5601     2.5581     0.0255      0.004      0.188      0.273         90 2.8496e+02   996.4566 0.0000e+00
      0.194    27.2868     5.7789     72.929  39.940875     38.198      5.601   242.5773     2.5678     2.4860     0.0255      0.005      0.190      0.276         91 3.9035e+02   996.4564 0.0000e+00
      0.196    27.2890     5.7371     72.404  39.956020     38.198      5.603   243.0316     2.6097     2.3995     0.0255      0.006      0.192      0.278         92 4.9210e+02   996.4562 0.0000e+00
      0.196    27.2912     5.6917     71.832  39.997531     38.250      5.598   243.2588     2.6135     2.4139     0.0256      0.007      0.192      0.278         93 2.6264e+02   996.4558 0.0000e+00
      0.196    27.2933     5.6480     71.283  40.007773     38.248      5.594   243.2588     2.6364     2.5149     0.0256      0.006      0.192      0.279         94 5.0794e+02   996.4551 0.0000e+00
      0.196    27.2949     5.6097     70.801  40.002553     38.247      5.590   243.0695     2.6097     2.4716     0.0256      0.005      0.192      0.279         95 8.0198e+02   996.4545 0.0000e+00
      0.197    27.2968     5.5695     70.296  40.004026     38.245      5.586   242.9180     2.6174     2.4860     0.0256      0.004      0.193      0.280         96 5.0957e+02   996.4539 0.0000e+00
      0.197    27.2984     5.5374     69.892  40.005937     38.244      5.583   242.7666     2.5907     2.5149     0.0256      0.003      0.193      0.281         97 7.6951e+02   996.4535 0.0000e+00
      0.198    27.2994     5.4959     69.371  40.000174     38.242      5.584   243.8645     2.6250     2.4860     0.0256      0.002      0.193      0.281         98 7.8333e+02   996.4530 0.0000e+00
      0.197    27.3008     5.4570     68.881  40.011200     38.241      5.585   243.3723     2.6097     2.4860     0.0256      0.001      0.193      0.281         99 5.1411e+02   996.4525 0.0000e+00
      0.197    27.3024     5.4208     68.426  39.992215     38.240      5.590   242.3123     2.6250     2.4716     0.0256      0.001      0.193      0.281        100 4.3843e+02   996.4522 0.0000e+00
      0.197    27.3036     5.3904     68.044  39.964519     38.186      5.596   242.0095     2.6670     2.5004     0.0255      0.001      0.193      0.280        101 4.1046e+02   996.4519 0.0000e+00
      0.196    27.3052     5.3541     67.588  40.045666     38.292      5.601   242.0473     2.6479     2.5437     0.0256      0.000      0.193      0.280        102 3.4565e+02   996.4514 0.0000e+00
      0.197    27.3069     5.3180     67.134  40.009787     38.237      5.605   242.1987     2.6555     2.5437     0.0256      0.000      0.193      0.280        103 2.6032e+02   996.4511 0.0000e+00
      0.197    27.3081     5.2887     66.766  39.949891     38.183      5.607   242.3880     2.6975     2.5293     0.0255     -0.000      0.193      0.280        104 3.2013e+02   996.4508 0.0000e+00
      0.197    27.3097     5.2560     66.355  40.001648     38.235      5.610   242.8802     2.5601     2.4716     0.0256     -0.000      0.193      0.280        105 3.7905e+02   996.4502 0.0000e+00
      0.197    27.3111     5.2260     65.978  40.004654     38.234      5.615   242.6152     2.5525     2.5725     0.0256     -0.000      0.193      0.280        106 5.9848e+02   996.4498 0.0000e+00
      0.197    27.3124     5.2029     65.687  40.005427     38.233      5.618   242.8802     2.5258     2.5293     0.0256      0.000      0.193      0.281        107 5.9193e+02   996.4494 0.0000e+00
      0.198    27.3141     5.1746     65.332  40.000683     38.232      5.620   243.4480     2.5411     2.4139     0.0256      0.000      0.193      0.281        108 4.4354e+02   996.4489 0.0000e+00
      0.197    27.3157     5.1443     64.951  40.010556     38.231      5.623   243.2209     2.7356     2.5293     0.0256      0.000      0.193      0.281        109 5.6331e+02   996.4486 0.0000e+00
      0.198    27.3171     5.1228     64.680  40.052419     38.283      5.622   243.0316     2.7776     2.5149     0.0256      0.001      0.194      0.282        110 6.1756e+02   996.4481 0.0000e+00
      0.199    27.3186     5.0976     64.364  40.007863     38.229      5.626   244.7352     2.7471     2.5004     0.0256      0.001      0.195      0.283        111 5.4869e+02   996.4478 0.0000e+00
      0.199    27.3203     5.0746     64.075  40.006725     38.227      5.629   243.7888     2.7165     2.4860     0.0256      0.001      0.195      0.283        112 4.8421e+02   996.4473 0.0000e+00
      0.200    27.3216     5.0522     63.793  40.053835     38.280      5.631   244.3188     2.7928     2.5293     0.0256      0.001      0.195      0.284        113 4.4320e+02   996.4469 0.0000e+00
      0.199    27.3233     5.0291     63.503  40.008515     38.225      5.631   243.6752     2.8119     2.4428     0.0256      0.001      0.195      0.284        114 3.8638e+02   996.4465 0.0000e+00
      0.199    27.3248     5.0090     63.252  40.003845     38.224      5.633   243.6752     2.7814     2.4283     0.0256      0.001      0.195      0.284        115 4.0456e+02   996.4461 0.0000e+00
      0.200    27.3261     4.9856     62.958  40.000368     38.223      5.626   245.3409     2.8119     2.5437     0.0256      0.001      0.196      0.284        116 5.3205e+02   996.4456 0.0000e+00
      0.201    27.3275     4.9681     62.737  39.953562     38.169      5.616   244.5838     2.7890     2.4860     0.0255      0.001      0.197      0.285        117 4.8189e+02   996.4451 0.0000e+00
      0.201    27.3287     4.9537     62.557  40.002813     38.221      5.605   244.1673     2.7967     2.4716     0.0256      0.001      0.197      0.285        118 4.0033e+02   996.4449 0.0000e+00
      0.201    27.3301     4.9360     62.336  39.998354     38.220      5.595   243.2588     2.8386     2.5293     0.0256      0.001      0.197      0.285        119 4.9305e+02   996.4445 0.0000e+00
      0.201    27.3315     4.9173     62.101  39.959110     38.166      5.585   243.2588     2.7967     2.4860     0.0255      0.001      0.197      0.286        120 3.5224e+02   996.4441 0.0000e+00
      0.201    27.3327     4.9048     61.944  39.992373     38.218      5.581   244.4702     2.8157     2.5149     0.0256      0.001      0.197      0.286        121 2.9768e+02   996.4437 0.0000e+00
      0.201    27.3339     4.8897     61.756  40.016238     38.217      5.582   244.6595     2.4114     2.4283     0.0256      0.001      0.197      0.286        122 3.4240e+02   996.4434 0.0000e+00
      0.201    27.3350     4.8767     61.593  39.988689     38.216      5.584   244.7352     2.4228     2.5725     0.0256      0.001      0.198      0.286        123 4.0454e+02   996.4430 0.0000e+00
      0.202    27.3362     4.8606     61.390  39.967377     38.162      5.589   244.6595     2.4419     2.5581     0.0255      0.001      0.198      0.287        124 4.7525e+02   996.4427 0.0000e+00
      0.202    27.3376     4.8532     61.298  39.983480     38.214      5.594   245.1516     2.4610     2.4716     0.0256      0.001      0.198      0.287        125 3.5437e+02   996.4423 0.0000e+00
      0.202    27.3391     4.8369     61.093  39.968649     38.160      5.599   245.1895     2.1787     2.4860     0.0255      0.001      0.198      0.287        126 3.9353e+02   996.4420 0.0000e+00
      0.202    27.3405     4.8257     60.953  39.985834     38.213      5.603   245.0380     2.1825     2.4716     0.0256      0.001      0.198      0.287        127 3.4760e+02   996.4417 0.0000e+00
      0.201    27.3420     4.8177     60.854  39.962092     38.158      5.600   245.4166     2.1901     2.5725     0.0255      0.001      0.198      0.286        128 3.6570e+02   996.4412 0.0000e+00
      0.201    27.3436     4.8070     60.719  39.998193     38.211      5.594   246.3252     2.1825     2.4716     0.0256      0.000      0.197      0.286        129 4.3725e+02   996.4409 0.0000e+00
      0.201    27.3448     4.7959     60.579  40.000184     38.209      5.584   246.2116     2.1176     2.4139     0.0256     -0.000      0.197      0.286        130 3.4570e+02   996.4404 0.0000e+00
      0.202    27.3458     4.7843     60.435  39.959614     38.155      5.577   246.6659     2.1291     2.5149     0.0255     -0.000      0.198      0.287        131 3.2622e+02   996.4400 0.0000e+00
      0.203    27.3471     4.7758     60.328  39.989404     38.207      5.567   244.0538     2.1367     2.4572     0.0256      0.000      0.199      0.288        132 3.4491e+02   996.4397 0.0000e+00
      0.203    27.3483     4.7665     60.211  39.963110     38.153      5.561   244.8866     2.1100     2.5725     0.0255      0.000      0.199      0.289        133 3.2266e+02   996.4394 0.0000e+00
      0.203    27.3494     4.7566     60.086  39.992336     38.206      5.560   246.0602     2.4877     2.4860     0.0256      0.001      0.199      0.289        134 2.9435e+02   996.4390 0.0000e+00
      0.203    27.3506     4.7486     59.986  40.012311     38.205      5.560   245.8709     2.4762     2.4572     0.0256      0.001      0.199      0.289        135 3.3326e+02   996.4387 0.0000e+00
      0.203    27.3518     4.7364     59.834  39.997528     38.204      5.559   246.0980     2.4610     2.4860     0.0256      0.001      0.199      0.288        136 3.6517e+02   996.4384 0.0000e+00
      0.203    27.3529     4.7320     59.778  40.010731     38.203      5.560   243.2209     2.4915     2.5149     0.0256      0.001      0.199      0.288        137 3.2195e+02   996.4380 0.0000e+00
      0.203    27.3539     4.7216     59.648  39.995881     38.202      5.562   243.3723     2.6212     2.5725     0.0256      0.001      0.199      0.289        138 3.0621e+02   996.4377 0.0000e+00
      0.204    27.3547     4.7178     59.602  39.956732     38.148      5.561   243.2588     2.6135     2.6014     0.0255      0.000      0.200      0.290        139 3.0995e+02   996.4374 0.0000e+00
      0.204    27.3555     4.7099     59.501  39.940893     38.147      5.558   243.0316     2.6250     2.5149     0.0255      0.000      0.200      0.290        140 3.2033e+02   996.4371 0.0000e+00
      0.204    27.3565     4.7098     59.501  39.956311     38.147      5.558   244.4323     2.6097     2.4572     0.0255      0.000      0.200      0.290        141 4.5235e+02   996.4369 0.0000e+00
      0.204    27.3573     4.7023     59.408  39.996823     38.199      5.558   242.6909     2.6059     2.4860     0.0256      0.001      0.201      0.291        142 4.7259e+02   996.4367 0.0000e+00
      0.204    27.3582     4.7027     59.413  39.949756     38.145      5.559   242.8802     2.5105     2.5437     0.0255      0.001      0.201      0.291        143 3.4714e+02   996.4364 0.0000e+00
      0.205    27.3587     4.6943     59.309  39.896327     38.092      5.562   243.1830     2.4953     2.5149     0.0255      0.001      0.201      0.291        144 3.2584e+02   996.4361 0.0000e+00
      0.205    27.3596     4.6871     59.219  39.944756     38.144      5.562   244.2430     2.4724     2.4860     0.0255      0.001      0.201      0.291        145 3.0072e+02   996.4359 0.0000e+00
      0.205    27.3607     4.6819     59.153  39.948765     38.144      5.566   245.3788     2.4724     2.4428     0.0255      0.001      0.201      0.291        146 3.1524e+02   996.4358 0.0000e+00
      0.204    27.3615     4.6756     59.075  39.950617     38.143      5.568   245.0759     2.5029     2.4860     0.0255      0.000      0.201      0.291        147 5.9574e+02   996.4355 0.0000e+00
      0.204    27.3625     4.6721     59.031  40.001732     38.196      5.573   245.8330     2.5067     2.4860     0.0256      0.000      0.201      0.291        148 6.8543e+02   996.4352 0.0000e+00
      0.204    27.3634     4.6659     58.953  40.003710     38.195      5.578   245.4545     2.4686     2.5149     0.0256      0.000      0.201      0.291        149 4.5480e+02   996.4350 0.0000e+00
      0.205    27.3638     4.6616     58.898  39.948152     38.141      5.582   245.5302     2.4991     2.3707     0.0255      0.000      0.201      0.291        150 5.3330e+02   996.4347 0.0000e+00
      0.204    27.3646     4.6512     58.768  39.952314     38.140      5.589   244.6595     2.4953     2.5149     0.0255     -0.000      0.201      0.291        151 5.7535e+02   996.4345 0.0000e+00
      0.204    27.3656     4.6454     58.695  39.939252     38.140      5.592   243.9023     2.5182     2.4860     0.0255     -0.000      0.201      0.291        152 5.4455e+02   996.4344 0.0000e+00
      0.204    27.3664     4.6380     58.601  39.905130     38.086      5.598   246.5145     2.5182     2.5725     0.0255     -0.000      0.201      0.291        153 4.8405e+02   996.4341 0.0000e+00
      0.204    27.3672     4.6316     58.520  39.935500     38.139      5.601   246.0602     2.5144     2.4860     0.0255     -0.000      0.201      0.291        154 3.5108e+02   996.4339 0.0000e+00
      0.204    27.3680     4.6269     58.460  39.960734     38.138      5.605   245.8330     2.4228     2.6302     0.0255     -0.000      0.201      0.291        155 4.0113e+02   996.4337 0.0000e+00
      0.204    27.3687     4.6243     58.428  39.992282     38.191      5.606   244.6216     2.4190     2.6446     0.0256     -0.000      0.201      0.291        156 4.5597e+02   996.4334 0.0000e+00
      0.204    27.3690     4.6144     58.303  39.955518     38.137      5.609   244.6595     2.4266     2.6879     0.0255     -0.000      0.200      0.290        157 7.6468e+02   996.4332 0.0000e+00
      0.204    27.3696     4.6095     58.241  39.947208     38.136      5.613   247.0445     2.4190     2.6302     0.0255     -0.000      0.200      0.290        158 7.6445e+02   996.4330 0.0000e+00
      0.204    27.3700     4.6054     58.190  39.943343     38.136      5.611   246.5145     2.4915     2.3995     0.0255     -0.000      0.200      0.290        159 5.3522e+02   996.4329 0.0000e+00
      0.205    27.3702     4.5971     58.085  39.901048     38.083      5.612   246.2873     2.4915     2.4572     0.0255     -0.000      0.201      0.291        160 4.6175e+02   996.4327 0.0000e+00
