Data/DataNotYetUploadedToEDI/CTD_2019/071019_bvr50_b.cnv
* Sea-Bird SBE19plus  Data File:
* FileName = C:\DATA\071019_bvr_0001.hex
* Software version 2.8.0.119
* Temperature SN = 7809
* Conductivity SN = 7809
* System UpLoad Time = Jul 12 2019 13:00:56
* <ApplicationData>
* <Seaterm232>
# nquan = 18
# nvalues = 1220                        
# units = specified
# name 0 = depFM: Depth [fresh water, m]
# name 1 = tv290C: Temperature [ITS-90, deg C]
# name 2 = sbeox0Mg/L: Oxygen, SBE 43 [mg/l]
# name 3 = sbeox0PS: Oxygen, SBE 43 [% saturation]
# name 4 = c0uS/cm: Conductivity [uS/cm]
# name 5 = specc: Specific Conductance [uS/cm]
# name 6 = ph: pH
# name 7 = orp: Oxidation Reduction Potential [mV]
# name 8 = flECO-AFL: Fluorescence, WET Labs ECO-AFL/FL [mg/m^3]
# name 9 = turbWETntu0: Turbidity, WET Labs ECO [NTU]
# name 10 = sal00: Salinity, Practical [PSU]
# name 11 = dz/dtM: Descent Rate [m/s]
# name 12 = prdM: Pressure, Strain Gauge [db]
# name 13 = prdE: Pressure, Strain Gauge [psi]
# name 14 = scan: Scan Count
# name 15 = par/sat/log: PAR/Logarithmic, Satlantic
# name 16 = density00: Density [density, kg/m^3]
# name 17 = flag:  0.000e+00
# span 0 =     -0.673,     10.571       
# span 1 =     8.4238,    31.1131       
# span 2 =    -0.2066,     8.6182       
# span 3 =     -1.909,    109.838       
# span 4 =   0.508873, 110.981674       
# span 5 =      0.389,    167.240       
# span 6 =      5.771,      6.968       
# span 7 = -1240.7455,  1240.2295       
# span 8 =    -0.2628,    22.9500       
# span 9 =    -0.6142,    51.0951       
# span 10 =     0.0138,     0.0773      
# span 11 =     -0.014,      0.143      
# span 12 =     -0.659,     10.366      
# span 13 =     -0.956,     15.034      
# span 14 =          1,       1220      
# span 15 = 1.2180e-01, 7.8857e+02      
# span 16 =   995.3150,   999.9345      
# span 17 = 0.0000e+00, 0.0000e+00      
# interval = seconds: 0.25
# start_time = Jul 10 2019 18:55:45 [Instrument's time stamp, header]
# bad_flag = -9.990e-29
*END*
     -0.671    31.0984     7.3897     99.635   0.628072      0.562      6.037   285.0532    -0.1254    -0.3979     0.0139      0.000     -0.658     -0.954          1 6.8733e+02   995.3199 0.0000e+00
     -0.671    31.0988     7.3885     99.619   0.604326      0.537      6.034   243.4102    -0.1407    -0.3114     0.0139      0.000     -0.658     -0.954          2 6.9027e+02   995.3197 0.0000e+00
     -0.672    31.0994     7.3870     99.601   0.602038      0.537      6.033   202.0701    -0.1293    -0.2393     0.0139     -0.000     -0.658     -0.954          3 6.8588e+02   995.3195 0.0000e+00
     -0.671    31.1002     7.3876     99.609   0.601337      0.537      6.033   160.8057    -0.1369    -0.2970     0.0139     -0.000     -0.658     -0.954          4 6.8526e+02   995.3194 0.0000e+00
     -0.671    31.1013     7.3859     99.586   0.605198      0.537      6.032   119.5413    -0.1216    -0.3547     0.0139     -0.000     -0.658     -0.954          5 6.8602e+02   995.3192 0.0000e+00
     -0.671    31.1021     7.3884     99.620   0.656395      0.587      6.031    79.0340    -0.1636    -0.2393     0.0139     -0.000     -0.658     -0.954          6 6.8414e+02   995.3190 0.0000e+00
     -0.671    31.1020     7.3843     99.567   0.655946      0.587      6.031    39.0946    -0.1178    -0.2682     0.0139     -0.000     -0.658     -0.954          7 6.7745e+02   995.3187 0.0000e+00
     -0.671    31.1017     7.3887     99.628   0.605756      0.537      6.032    -0.5798    -0.1102    -0.2826     0.0139     -0.000     -0.658     -0.955          8 6.7201e+02   995.3184 0.0000e+00
     -0.672    31.1016     7.3851     99.581   0.659694      0.587      6.032   -40.8978    -0.1026    -0.2393     0.0139     -0.000     -0.659     -0.955          9 6.7931e+02   995.3184 0.0000e+00
     -0.672    31.1019     7.3903     99.651   0.647983      0.587      6.033   -77.2786    -0.1331    -0.3258     0.0139     -0.000     -0.659     -0.955         10 6.8447e+02   995.3186 0.0000e+00
     -0.671    31.1022     7.3857     99.591   0.561169      0.487      6.034  -113.0916    -0.1216    -0.2682     0.0139     -0.000     -0.658     -0.955         11 6.8623e+02   995.3186 0.0000e+00
     -0.671    31.1028     7.3895     99.644   0.590247      0.537      6.031  -148.5259    -0.1445    -0.3979     0.0139     -0.000     -0.658     -0.955         12 6.8900e+02   995.3185 0.0000e+00
     -0.671    31.1035     7.3897     99.649   0.611795      0.537      6.032  -183.1653    -0.1254    -0.2970     0.0139     -0.000     -0.658     -0.955         13 6.8541e+02   995.3183 0.0000e+00
     -0.671    31.1038     7.3899     99.651   0.593516      0.537      6.029  -217.3126    -0.1026    -0.3691     0.0139     -0.000     -0.658     -0.955         14 6.8380e+02   995.3182 0.0000e+00
     -0.672    31.1038     7.3909     99.665   0.612995      0.537      6.032  -250.8920    -0.1293    -0.3114     0.0139     -0.000     -0.659     -0.955         15 6.8333e+02   995.3180 0.0000e+00
     -0.672    31.1041     7.3909     99.666   0.646715      0.586      6.033  -284.6606    -0.1674    -0.3258     0.0139     -0.000     -0.659     -0.955         16 6.7913e+02   995.3179 0.0000e+00
     -0.672    31.1050     7.3924     99.687   0.610714      0.537      6.031  -317.5207    -0.1178    -0.3114     0.0139     -0.000     -0.659     -0.955         17 6.8062e+02   995.3179 0.0000e+00
     -0.671    31.1060     7.3893     99.647   0.598633      0.537      6.032  -350.8730    -0.1254    -0.3403     0.0139     -0.000     -0.658     -0.955         18 6.8350e+02   995.3178 0.0000e+00
     -0.671    31.1069     7.3911     99.670   0.602587      0.537      6.032  -384.1116    -0.1178    -0.3403     0.0139     -0.000     -0.658     -0.955         19 6.8177e+02   995.3175 0.0000e+00
     -0.672    31.1076     7.3879     99.628   0.605795      0.537      6.033  -416.6310    -0.1293    -0.3979     0.0139     -0.000     -0.659     -0.955         20 6.7997e+02   995.3172 0.0000e+00
     -0.672    31.1083     7.3894     99.648   0.624223      0.562      6.032  -451.4975    -0.1254    -0.4845     0.0139     -0.000     -0.659     -0.956         21 6.7798e+02   995.3169 0.0000e+00
     -0.672    31.1093     7.3892     99.646   0.609235      0.537      6.032  -483.9412    -0.1216    -0.5566     0.0139     -0.000     -0.659     -0.956         22 6.7649e+02   995.3167 0.0000e+00
     -0.672    31.1101     7.3896     99.652   0.654028      0.586      6.033  -515.8170    -0.1216    -0.4556     0.0139     -0.000     -0.659     -0.955         23 6.7794e+02   995.3165 0.0000e+00
     -0.671    31.1102     7.3881     99.630   0.657222      0.586      6.033  -547.4657    -0.1216    -0.5566     0.0139     -0.000     -0.658     -0.955         24 6.7927e+02   995.3161 0.0000e+00
     -0.671    31.1104     7.3907     99.666   0.605260      0.537      6.032  -578.1679    -0.1216    -0.4556     0.0139     -0.000     -0.658     -0.955         25 6.7980e+02   995.3159 0.0000e+00
     -0.671    31.1110     7.3922     99.684   0.600370      0.537      6.034  -608.8323    -0.1483    -0.5133     0.0139     -0.000     -0.658     -0.955         26 6.8055e+02   995.3159 0.0000e+00
     -0.672    31.1117     7.3899     99.653   0.604146      0.537      6.035  -638.8531    -0.1369    -0.6142     0.0139 7.1254e-07     -0.659     -0.955         27 6.7911e+02   995.3158 0.0000e+00
     -0.672    31.1122     7.3910     99.668   0.600560      0.537      6.033  -668.1167    -0.1254    -0.5421     0.0139      0.000     -0.659     -0.955         28 6.7693e+02   995.3156 0.0000e+00
     -0.672    31.1122     7.3899     99.653   0.604831      0.537      6.032  -697.2668    -0.1102    -0.4556     0.0139      0.000     -0.659     -0.955         29 6.7630e+02   995.3153 0.0000e+00
     -0.672    31.1122     7.3919     99.680   0.598830      0.537      6.033  -726.0005    -0.1445    -0.5277     0.0139     -0.000     -0.659     -0.955         30 6.7758e+02   995.3152 0.0000e+00
     -0.672    31.1126     7.3920     99.681   0.608028      0.537      6.034  -754.4691    -0.1560    -0.5421     0.0139     -0.000     -0.659     -0.955         31 6.7857e+02   995.3153 0.0000e+00
     -0.672    31.1131     7.3915     99.672   0.593384      0.537      6.035  -782.6349    -0.1178    -0.4989     0.0139     -0.000     -0.659     -0.956         32 6.8218e+02   995.3152 0.0000e+00
     -0.672    31.1128     7.3919     99.674   0.557893      0.487      6.036  -809.4000    -0.1560    -0.5277     0.0139     -0.000     -0.659     -0.956         33 6.8820e+02   995.3152 0.0000e+00
     -0.672    31.1125     7.3887     99.629   0.593035      0.537      6.037  -836.9222    -0.1254    -0.3547     0.0139     -0.000     -0.659     -0.956         34 6.8608e+02   995.3151 0.0000e+00
     -0.672    31.1124     7.3906     99.652   0.608813      0.537      6.034  -864.0280    -0.1445    -0.3403     0.0139     -0.000     -0.659     -0.956         35 6.7842e+02   995.3150 0.0000e+00
     -0.672    31.1117     7.3905     99.649   0.597418      0.537      6.036  -891.9288    -0.1369    -0.2826     0.0139     -0.000     -0.659     -0.956         36 6.7468e+02   995.3151 0.0000e+00
     -0.671    31.1116     7.3923     99.673   0.607215      0.537      6.034  -923.3125    -0.1026    -0.2970     0.0139      0.000     -0.659     -0.956         37 7.0434e+02   995.3152 0.0000e+00
     -0.672    31.1117     7.3928     99.680   0.596621      0.537      6.036  -951.2133    -0.1254    -0.4268     0.0139      0.000     -0.659     -0.956         38 7.3724e+02   995.3154 0.0000e+00
     -0.672    31.1116     7.3900     99.642   0.610603      0.537      6.035  -976.7290    -0.1522    -0.4268     0.0139      0.000     -0.659     -0.956         39 7.5336e+02   995.3154 0.0000e+00
     -0.673    31.1117     7.3922     99.671   0.589815      0.537      6.036  -995.8848    -0.1026    -0.2537     0.0139     -0.000     -0.659     -0.956         40 7.8857e+02   995.3154 0.0000e+00
     -0.672    31.1113     7.3928     99.678   0.563329      0.487      6.031 -1009.9299    -0.1293    -0.3403     0.0139     -0.000     -0.659     -0.956         41 7.5449e+02   995.3155 0.0000e+00
     -0.672    31.1101     7.3917     99.654   0.584403      0.537      6.024 -1021.3627    -0.1293    -0.2970     0.0139     -0.000     -0.659     -0.956         42 6.2360e+02   995.3154 0.0000e+00
     -0.672    31.1083     7.4274     99.725   0.563588      0.487      6.023 -1037.3764    -0.1445    -0.2105     0.0139     -0.000     -0.659     -0.956         43 5.0890e+02   995.3155 0.0000e+00
     -0.672    31.1065     7.5116     99.751   0.589232      0.537      6.030 -1063.5357    -0.1178    -0.3547     0.0139     -0.000     -0.659     -0.956         44 4.7303e+02   995.3159 0.0000e+00
     -0.672    31.1050     7.5885     99.821   0.611651      0.537      6.036 -1096.6608    -0.1445    -0.3403     0.0139     -0.000     -0.659     -0.956         45 4.9280e+02   995.3164 0.0000e+00
     -0.672    31.1043     7.6458     99.888   0.594851      0.537      6.034 -1097.4937    -0.1407    -0.2682     0.0139      0.000     -0.659     -0.956         46 4.9405e+02   995.3170 0.0000e+00
     -0.672    31.1039     7.6841     99.915   0.610141      0.537      6.040 -1123.8802    -0.1178    -0.5854     0.0139      0.000     -0.659     -0.956         47 4.3390e+02   995.3175 0.0000e+00
     -0.672    31.1042     7.7174     99.979   0.592623      0.537      6.041 -1148.0710    -0.1140    -0.5133     0.0139      0.000     -0.659     -0.955         48 3.6797e+02   995.3177 0.0000e+00
     -0.672    31.1034     7.7368     99.964   0.616651      0.537      6.041 -1173.0568    -0.1522    -0.5566     0.0139      0.000     -0.659     -0.955         49 3.3230e+02   995.3178 0.0000e+00
     -0.672    31.1045     7.7561     99.995   0.580238      0.537      6.043 -1197.7018    -0.1369    -0.6142     0.0139      0.000     -0.659     -0.955         50 3.0553e+02   995.3177 0.0000e+00
     -0.672    31.1019     7.7715    100.018   0.637939      0.537      6.043 -1222.8012    -0.1369    -0.3403     0.0139      0.000     -0.659     -0.955         51 2.9454e+02   995.3180 0.0000e+00
     -0.672    31.0991     7.7891    100.099   0.544843      0.537      6.044 -1240.7455    -0.1026    -0.3403     0.0139      0.000     -0.659     -0.955         52 2.8677e+02   995.3177 0.0000e+00
     -0.671    30.8402     7.8063    100.209   0.696095      0.537      6.045 -1240.7455    -0.1102    -0.4268     0.0139      0.000     -0.655     -0.950         53 2.7981e+02   995.3185 0.0000e+00
     -0.661    30.2269     7.8306    100.418   0.508873      0.587      6.029 -1240.7455    -0.1522    -0.3691     0.0139      0.003     -0.642     -0.931         54 2.7743e+02   995.3195 0.0000e+00
     -0.631    29.6610     7.8617    100.743   0.659514      0.389      5.980 -1029.8049    -0.0530     1.7794     0.0138      0.013     -0.616     -0.894         55 2.7258e+02   995.3997 0.0000e+00
     -0.594    29.2754     7.9018    101.195   6.189036      5.594      6.121  -672.5082    -0.0720     1.7506     0.0143      0.030     -0.583     -0.845         56 2.6985e+02   995.5884 0.0000e+00
     -0.559    28.9950     7.9344    101.563  18.810523     17.054      6.244  1240.2295    -0.0682     1.7073     0.0179      0.051     -0.549     -0.795         57 2.7190e+02   995.7620 0.0000e+00
     -0.525    28.7912     7.9721    102.010  28.643516     26.845      6.473   228.9487    -0.0606     1.7506     0.0215      0.073     -0.515     -0.746         58 2.8759e+02   995.8792 0.0000e+00
     -0.491    28.6342     8.0073    102.447  29.335135     26.877      6.679   227.4344    -0.2399    -0.2682     0.0214      0.095     -0.483     -0.700         59 3.2533e+02   995.9621 0.0000e+00
     -0.461    28.5134     8.0372    102.833  28.789135     26.930      6.716   228.9109    -0.2628    -0.3979     0.0214      0.113     -0.455     -0.660         60 3.7548e+02   996.0215 0.0000e+00
     -0.441    28.4110     8.0591    103.160  29.056482     26.980      6.697   226.9423    -0.2437    -0.3114     0.0214      0.122     -0.432     -0.627         61 3.8253e+02   996.0674 0.0000e+00
     -0.418    28.3308     8.0550    103.272  28.854376     27.017      6.694   223.4594    -0.2628    -0.3979     0.0214      0.123     -0.412     -0.597         62 3.7681e+02   996.1024 0.0000e+00
     -0.404    28.2654     8.0447    103.209  28.951832     27.067      6.733   221.3394     0.5459    51.0951     0.0214      0.114     -0.390     -0.565         63 4.2663e+02   996.1320 0.0000e+00
     -0.369    28.2097     8.0432    103.149  28.816749     27.031      6.860   224.3301     0.5383    51.0518     0.0213      0.107     -0.358     -0.519         64 5.2422e+02   996.1551 0.0000e+00
     -0.323    28.1667     8.0330    102.956  28.785534     27.010      6.946   214.5630     0.5345    50.9797     0.0213      0.106     -0.316     -0.459         65 6.2882e+02   996.1741 0.0000e+00
     -0.277    28.1324     8.0231    102.774  28.783345     27.040      6.968   210.4744     0.5154    50.9797     0.0213      0.112     -0.274     -0.398         66 7.2594e+02   996.1903 0.0000e+00
     -0.241    28.1047     7.9183    101.383  28.908365     27.192      6.950   213.9194     0.5459    51.0662     0.0214      0.120     -0.238     -0.345         67 7.8833e+02   996.2027 0.0000e+00
     -0.209    28.0847     7.8457    100.411  28.955817     27.236      6.930   207.6351     0.6184     0.9575     0.0214      0.129     -0.205     -0.297         68 7.8387e+02   996.2127 0.0000e+00
     -0.177    28.0786     7.7670     99.368  28.961289     27.277      6.919   208.3544     0.6184     0.9143     0.0214      0.137     -0.174     -0.252         69 7.4117e+02   996.2207 0.0000e+00
     -0.144    28.0782     7.6107     97.346  28.990437     27.287      6.908   209.6037     0.6070     0.8133     0.0214      0.142     -0.144     -0.209         70 7.0475e+02   996.2266 0.0000e+00
     -0.116    28.1089     7.3781     94.369  29.067667     27.396      6.877   211.6479     0.6070     0.7845     0.0214      0.143     -0.124     -0.180         71 6.1674e+02   996.2285 0.0000e+00
     -0.119    28.1923     7.1400     91.329  29.102168     27.395      6.809   211.7237     0.6146     0.8133     0.0214      0.127     -0.123     -0.179         72 3.9893e+02   996.2286 0.0000e+00
     -0.143    28.2335     6.9175     88.485  29.125240     27.434      6.774   214.8280     0.6184     0.7845     0.0214      0.099     -0.133     -0.193         73 4.1323e+02   996.2198 0.0000e+00
     -0.140    28.2108     6.7751     86.657  29.068563     27.309      6.734   215.5851     0.6184     0.8710     0.0214      0.071     -0.135     -0.195         74 6.4163e+02   996.1959 0.0000e+00
     -0.129    28.1771     6.7259     86.020  28.906067     27.158      6.696   217.5537     0.5879     0.8133     0.0214      0.049     -0.128     -0.186         75 6.9942e+02   996.1841 0.0000e+00
     -0.124    28.1461     6.6951     85.616  28.853477     27.091      6.654   218.9165     0.5536     0.8710     0.0213      0.030     -0.123     -0.178         76 7.0866e+02   996.1906 0.0000e+00
     -0.123    28.1196     6.6557     85.101  28.956276     27.240      6.612   219.9387     0.5574     0.8422     0.0214      0.015     -0.121     -0.175         77 7.2963e+02   996.2003 0.0000e+00
     -0.121    28.0955     6.6453     84.963  28.926263     27.203      6.584   220.1280     0.5650     0.8710     0.0214      0.005     -0.119     -0.172         78 7.3154e+02   996.2091 0.0000e+00
     -0.120    28.0752     6.6226     84.679  28.772348     27.085      6.569   220.7715     0.5536     0.8133     0.0213      0.002     -0.117     -0.169         79 7.3509e+02   996.2167 0.0000e+00
     -0.116    28.0620     6.5660     83.966  28.733110     27.045      6.556   222.1723     0.5574     0.8422     0.0213      0.008     -0.114     -0.165         80 7.2307e+02   996.2236 0.0000e+00
