Data/DataNotYetUploadedToEDI/CTD_2019/071019_bvr50_c.cnv
* Sea-Bird SBE19plus  Data File:
* FileName = C:\DATA\071019_bvr_0002.hex
* Software version 2.8.0.119
* Temperature SN = 7809
* Conductivity SN = 7809
* System UpLoad Time = Jul 12 2019 13:01:20
* <ApplicationData>
* <Seaterm232>
# nquan = 18
# nvalues = 758                         
# units = specified
# name 0 = depFM: Depth [fresh water, m]
# name 1 = tv290C: Temperature [ITS-90, deg C]
# name 2 = sbeox0Mg/L: Oxygen, SBE 43 [mg/l]
# name 3 = sbeox0PS: Oxygen, SBE 43 [% saturation]
# name 4 = c0uS/cm: Conductivity [uS/cm]
# name 5 = specc: Specific Conductance [uS/cm]
# name 6 = ph: pH
# name 7 = orp: Oxidation Reduction Potential [mV]
# name 8 = flECO-AFL: Fluorescence, WET Labs ECO-AFL/FL [mg/m^3]
# name 9 = turbWETntu0: Turbidity, WET Labs ECO [NTU]
# name 10 = sal00: Salinity, Practical [PSU]
# name 11 = dz/dtM: Descent Rate [m/s]
# name 12 = prdM: Pressure, Strain Gauge [db]
# name 13 = prdE: Pressure, Strain Gauge [psi]
# name 14 = scan: Scan Count
# name 15 = par/sat/log: PAR/Logarithmic, Satlantic
# name 16 = density00: Density [density, kg/m^3]
# name 17 = flag:  0.000e+00
# span 0 =     -0.679,     10.586       
# span 1 =     8.4182,    27.6384       
# span 2 =    -1.0572,     8.1896       
# span 3 =     -9.733,    103.960       
# span 4 =   0.398750, 167.961091       
# span 5 =      0.389,    253.002       
# span 6 =      5.799,      7.360       
# span 7 =     8.5059,   502.9595       
# span 8 =    -0.0263,    28.6874       
# span 9 =    -0.3691,    34.6277       
# span 10 =     0.0114,     0.1175      
# span 11 =     -0.027,      0.205      
# span 12 =     -0.665,     10.381      
# span 13 =     -0.965,     15.056      
# span 14 =          1,        758      
# span 15 = 1.2064e-01, 1.9296e-01      
# span 16 =   996.3552,   999.9647      
# span 17 = 0.0000e+00, 0.0000e+00      
# interval = seconds: 0.25
# start_time = Jul 10 2019 21:15:55 [Instrument's time stamp, header]
# bad_flag = -9.990e-29
*END*
[from data line 483]
      5.227    15.3480     7.2854     71.448  22.570906     27.872      6.027   279.1474     2.7051     1.3324     0.0177      0.103      5.126      7.435        484 1.2375e-01   999.0684 0.0000e+00
      5.247    15.3020     7.3014     71.439  22.595809     27.997      6.026   279.1474     2.6708     1.3324     0.0177      0.100      5.144      7.461        485 1.2375e-01   999.0807 0.0000e+00
      5.262    15.2269     7.3094     71.337  22.565693     27.947      6.025   279.2231     2.6898     1.3613     0.0177      0.094      5.160      7.484        486 1.2375e-01   999.0856 0.0000e+00
      5.276    15.1506     7.3209     71.310  22.549169     27.980      6.028   279.5260     2.6708     1.3324     0.0177      0.085      5.175      7.505        487 1.2365e-01   999.0928 0.0000e+00
      5.293    15.0737     7.3142     71.186  22.497929     27.963      6.030   279.5260     2.3122     1.3613     0.0176      0.075      5.191      7.529        488 1.2372e-01   999.1044 0.0000e+00
      5.311    14.9911     7.3168     71.163  22.451793     27.947      6.030   279.8289     2.3084     1.3324     0.0176      0.069      5.211      7.558        489 1.2374e-01   999.1162 0.0000e+00
      5.338    14.8948     7.3304     71.195  22.458533     28.035      6.031   279.7153     2.3198     1.4478     0.0176      0.069      5.239      7.598        490 1.2358e-01   999.1280 0.0000e+00
      5.379    14.7822     7.3343     71.178  22.400720     27.988      6.029   280.3210     2.3122     1.3613     0.0175      0.077      5.273      7.648        491 1.2360e-01   999.1406 0.0000e+00
      5.414    14.6730     7.3298     71.137  22.375692     28.055      6.026   280.6239     2.3694     1.3036     0.0175      0.087      5.306      7.695        492 1.2362e-01   999.1552 0.0000e+00
      5.438    14.5783     7.3330     71.167  22.341636     28.065      6.023   281.0024     2.3580     1.3613     0.0175      0.096      5.333      7.735        493 1.2368e-01   999.1721 0.0000e+00
      5.463    14.4832     7.3327     71.128  22.265448     28.072      6.022   281.0781     2.3961     1.3613     0.0175      0.105      5.359      7.773        494 1.2379e-01   999.1883 0.0000e+00
      5.494    14.3758     7.3314     71.133  22.292853     28.139      6.022   281.4567     2.3999     1.3757     0.0174      0.112      5.389      7.815        495 1.2370e-01   999.2023 0.0000e+00
      5.528    14.2615     7.3416     71.229  22.307563     28.278      6.019   281.6460     2.4190     1.8948     0.0175      0.117      5.419      7.860        496 1.2378e-01   999.2164 0.0000e+00
      5.557    14.1726     7.3573     71.299  22.247171     28.213      6.018   281.7596     2.4610     1.7939     0.0174      0.120      5.447      7.900        497 1.2381e-01   999.2320 0.0000e+00
      5.579    14.1348     7.3691     71.277  22.338426     28.473      6.017   282.1003     2.4266     1.9092     0.0175      0.116      5.470      7.933        498 1.2371e-01   999.2484 0.0000e+00
      5.597    14.1009     7.3782     71.198  22.342106     28.502      6.017   281.9867     2.4381     1.8515     0.0174      0.109      5.488      7.960        499 1.2375e-01   999.2611 0.0000e+00
      5.615    14.0407     7.3712     70.949  22.272233     28.459      6.020   281.6839     2.4114     1.7506     0.0174      0.103      5.503      7.981        500 1.2380e-01   999.2665 0.0000e+00
      5.621    14.0037     7.3596     70.621  22.277322     28.481      6.018   281.9110     2.3503     2.0390     0.0174      0.095      5.512      7.994        501 1.2371e-01   999.2713 0.0000e+00
      5.623    14.0063     7.3452     70.263  22.276554     28.528      6.021   281.8731     2.3618     2.0246     0.0174      0.081      5.519      8.004        502 1.2365e-01   999.2797 0.0000e+00
      5.640    14.0025     7.3409     70.032  22.273204     28.554      6.023   282.1760     2.3694     2.1111     0.0174      0.068      5.533      8.024        503 1.2387e-01   999.2849 0.0000e+00
      5.662    13.9839     7.3591     70.036  22.281503     28.553      6.022   282.3653     2.3885     2.0102     0.0174      0.059      5.549      8.049        504 1.2382e-01   999.2846 0.0000e+00
      5.672    13.9920     7.4179     70.470  22.266227     28.553      6.026   282.4031     2.3618     2.1976     0.0174      0.052      5.564      8.069        505 1.2363e-01   999.2852 0.0000e+00
      5.687    13.9903     7.5045     71.301  22.232986     28.498      6.026   282.2896     2.3732     2.2409     0.0174      0.050      5.580      8.092        506 1.2360e-01   999.2878 0.0000e+00
      5.712    13.9380     7.6191     72.340  22.322876     28.633      6.027   282.2517     2.3732     2.3274     0.0174      0.053      5.600      8.122        507 1.2364e-01   999.2868 0.0000e+00
      5.732    13.8512     7.7214     73.168  22.272820     28.563      6.026   282.4410     2.3808     2.2986     0.0174      0.059      5.620      8.151        508 1.2377e-01   999.2872 0.0000e+00
      5.747    13.7460     7.7860     73.674  22.147209     28.422      6.030   282.8953     2.3961     2.4716     0.0173      0.065      5.638      8.178        509 1.2375e-01   999.2945 0.0000e+00
      5.770    13.6287     7.8159     73.881  22.123837     28.486      6.029   282.4789     2.3541     2.5725     0.0173      0.071      5.660      8.211        510 1.2375e-01   999.3065 0.0000e+00
      5.800    13.4919     7.7951     73.648  21.976174     28.348      6.029   282.8574     2.3961     2.5293     0.0172      0.076      5.689      8.253        511 1.2374e-01   999.3210 0.0000e+00
      5.836    13.3507     7.7087     72.734  21.916405     28.361      6.024   283.1982     2.3847     2.5293     0.0171      0.084      5.722      8.299        512 1.2370e-01   999.3370 0.0000e+00
      5.867    13.2303     7.5572     71.154  21.931725     28.499      6.023   283.1982     2.3046     2.6302     0.0171      0.094      5.753      8.343        513 1.2356e-01   999.3555 0.0000e+00
      5.895    13.1192     7.3511     69.078  21.868305     28.494      6.021   283.6146     2.2855     2.6735     0.0171      0.102      5.779      8.380        514 1.2356e-01   999.3741 0.0000e+00
      5.915    13.0447     7.1217     66.847  21.906528     28.658      6.021   283.6903     2.3351     2.6158     0.0171      0.105      5.796      8.406        515 1.2375e-01   999.3900 0.0000e+00
      5.918    13.0436     6.8546     64.310  21.913809     28.740      6.019   283.9174     2.3122     2.6879     0.0171      0.102      5.803      8.418        516 1.2368e-01   999.4044 0.0000e+00
      5.920    13.0133     6.6063     61.902  21.918504     28.800      6.019   284.1824     2.8119     2.7888     0.0171      0.093      5.811      8.429        517 1.2373e-01   999.4138 0.0000e+00
      5.942    12.9293     6.3812     59.676  21.900705     28.796      6.021   284.2582     2.8195     2.8898     0.0171      0.082      5.828      8.453        518 1.2377e-01   999.4141 0.0000e+00
      5.967    12.8618     6.1917     57.801  21.935968     28.820      6.021   284.2960     2.8005     3.0051     0.0171      0.073      5.848      8.482        519 1.2363e-01   999.4181 0.0000e+00
      5.980    12.8194     6.0197     56.137  22.081932     29.144      6.022   284.1067     2.8119     2.8177     0.0172      0.064      5.863      8.505        520 1.2373e-01   999.4288 0.0000e+00
      5.991    12.7934     5.8091     54.131  22.044834     29.083      6.020   284.3339     2.7967     2.8753     0.0171      0.058      5.877      8.524        521 1.2383e-01   999.4373 0.0000e+00
      6.009    12.7351     5.5192     51.357  22.070999     29.192      6.022   284.5610     2.8615     3.1205     0.0172      0.056      5.895      8.549        522 1.2377e-01   999.4427 0.0000e+00
      6.031    12.6417     5.0882     47.268  22.138228     29.282      6.025   284.5610     2.8272     3.1061     0.0172      0.060      5.915      8.579        523 1.2370e-01   999.4461 0.0000e+00
      6.054    12.5549     4.6182     42.833  22.079639     29.255      6.025   284.4853     2.8539     3.1205     0.0171      0.068      5.937      8.611        524 1.2380e-01   999.4534 0.0000e+00
      6.077    12.5057     4.0434     37.450  22.025472     29.253      6.025   284.3717     2.8615     3.1205     0.0171      0.073      5.959      8.642        525 1.2381e-01   999.4649 0.0000e+00
      6.097    12.4818     3.3240     30.765  21.968747     29.247      6.025   284.4096     2.7814     3.3800     0.0171      0.074      5.979      8.672        526 1.2365e-01   999.4756 0.0000e+00
      6.119    12.4271     2.5035     23.149  22.031799     29.361      6.023   284.5232     2.8043     3.4810     0.0171      0.077      6.002      8.706        527 1.2365e-01   999.4817 0.0000e+00
      6.149    12.3414     1.6711     15.433  22.332012     29.787      6.026   285.0532     2.7890     3.4377     0.0173      0.084      6.028      8.742        528 1.2370e-01   999.4848 0.0000e+00
      6.172    12.2632     0.8690      8.015  22.661281     30.279      6.021   284.9774     2.7890     3.3368     0.0174      0.089      6.048      8.771        529 1.2374e-01   999.4916 0.0000e+00
      6.179    12.2171     0.1464      1.349  22.747416     30.460      6.023   285.4317     3.2086     3.5387     0.0175      0.087      6.059      8.787        530 1.2366e-01   999.5019 0.0000e+00
      6.185    12.1809    -0.3908     -3.597  22.609839     30.338      6.023   285.2046     3.2086     3.5098     0.0174      0.081      6.069      8.802        531 1.2363e-01   999.5111 0.0000e+00
      6.204    12.1194    -0.7721     -7.105  23.010211     30.862      6.021   285.4317     3.2392     3.6540     0.0176      0.074      6.085      8.826        532 1.2375e-01   999.5168 0.0000e+00
      6.227    12.0469    -0.9962     -9.170  23.759601     32.017      6.022   285.2803     3.2354     3.6108     0.0181      0.071      6.106      8.856        533 1.2374e-01   999.5215 0.0000e+00
      6.247    11.9754    -1.0572     -9.733  23.898478     32.146      6.023   285.4696     3.3345     3.7982     0.0181      0.069      6.126      8.886        534 1.2379e-01   999.5288 0.0000e+00
      6.268    11.9171    -1.0150     -9.345  23.962832     32.360      6.021   285.6967     3.3536     3.7694     0.0182      0.067      6.147      8.916        535 1.2374e-01   999.5373 0.0000e+00
      6.290    11.8832    -0.9034     -8.316  24.034944     32.498      6.022   286.0374     3.3689     3.7550     0.0182      0.067      6.170      8.949        536 1.2367e-01   999.5455 0.0000e+00
      6.316    11.8425    -0.7709     -7.093  23.986464     32.475      6.024   286.3782     3.3536     3.7838     0.0181      0.073      6.196      8.986        537 1.2375e-01   999.5523 0.0000e+00
      6.346    11.7874    -0.6301     -5.789  24.023184     32.579      6.024   286.6053     5.4136     3.7694     0.0182      0.083      6.226      9.030        538 1.2370e-01   999.5563 0.0000e+00
      6.383    11.7332    -0.4951     -4.545  24.107730     32.691      6.017   287.3624     5.4250     3.7117     0.0182      0.094      6.262      9.082        539 1.2372e-01   999.5611 0.0000e+00
      6.428    11.6822    -0.3703     -3.395  24.325527     33.082      6.011   287.6653     5.4327     3.8126     0.0183      0.105      6.299      9.135        540 1.2374e-01   999.5676 0.0000e+00
      6.457    11.6435    -0.2577     -2.360  24.285276     33.054      6.005   288.2710     5.4517     3.8126     0.0183      0.114      6.325      9.175        541 1.2362e-01   999.5737 0.0000e+00
      6.466    11.6346    -0.1651     -1.509  24.276309     33.062      6.001   287.5517     5.4327     3.7261     0.0183      0.117      6.337      9.192        542 1.2361e-01   999.5794 0.0000e+00
      6.465    11.6463    -0.0912     -0.832  24.425557     33.364      5.998   287.1353    19.9821     4.8653     0.0184      0.110      6.340      9.196        543 1.2370e-01   999.5838 0.0000e+00
      6.464    11.6553    -0.0313     -0.284  24.306877     33.144      5.996   286.2646    20.0050     4.8941     0.0183      0.095      6.342      9.198        544 1.2372e-01   999.5846 0.0000e+00
      6.471    11.6526     0.0170      0.155  24.335153     33.208      5.997   285.0532    20.0012     4.9951     0.0183      0.077      6.348      9.208        545 1.2383e-01   999.5834 0.0000e+00
      6.486    11.6479     0.0557      0.505  24.331129     33.201      5.997   283.9174    20.0165     4.9230     0.0183      0.059      6.363      9.228        546 1.2376e-01   999.5824 0.0000e+00
      6.508    11.6232     0.0788      0.713  24.430354     33.278      5.999   283.2360    28.6874     4.9230     0.0184      0.046      6.383      9.257        547 1.2366e-01   999.5829 0.0000e+00
      6.532    11.5692     0.1025      0.926  24.952129     34.085      6.000   282.7060    28.6531     4.9085     0.0187      0.040      6.406      9.292        548 1.2377e-01   999.5838 0.0000e+00
      6.558    11.5245     0.1257      1.135  25.014623     34.141      5.998   281.7596    28.6760     4.9518     0.0187      0.046      6.431      9.328        549 1.2361e-01   999.5867 0.0000e+00
      6.584    11.4763     0.1367      1.232  24.885723     34.007      5.998   281.6839    28.6760     4.8797     0.0186      0.060      6.456      9.365        550 1.2358e-01   999.5926 0.0000e+00
      6.609    11.4149     0.1525      1.373  24.845990     34.043      5.996   281.2296    20.1080     5.6728     0.0186      0.076      6.484      9.405        551 1.2372e-01   999.5975 0.0000e+00
      6.645    11.3391     0.1672      1.504  25.182563     34.436      5.995   280.7753    20.1309     5.5142     0.0188      0.091      6.517      9.452        552 1.2365e-01   999.6031 0.0000e+00
      6.683    11.2358     0.1758      1.580  27.191947     37.328      5.992   279.9424    20.0966     5.6007     0.0200      0.103      6.551      9.501        553 1.2382e-01   999.6107 0.0000e+00
      6.712    11.1251     0.1824      1.638  29.839707     41.095      5.988   278.5039    20.1156     5.7016     0.0216      0.112      6.578      9.541        554 1.2381e-01   999.6201 0.0000e+00
      6.728    11.0403     0.1899      1.704  30.833827     42.597      5.986   276.4596    11.8910     5.9468     0.0222      0.113      6.597      9.567        555 1.2362e-01   999.6315 0.0000e+00
      6.740    10.9773     0.1844      1.653  30.961500     42.769      5.981   273.6581    11.8300     6.0621     0.0222      0.109      6.611      9.587        556 1.2381e-01   999.6432 0.0000e+00
      6.755    10.9152     0.1921      1.722  31.577019     43.875      5.981   269.4181    11.8643     6.1919     0.0226      0.102      6.626      9.610        557 1.2388e-01   999.6523 0.0000e+00
      6.773    10.8585     0.1912      1.713  32.527034     45.116      5.981   265.7460    11.8529     5.9756     0.0231      0.093      6.644      9.637        558 1.2380e-01   999.6592 0.0000e+00
      6.799    10.8018     0.1910      1.712  33.779263     47.099      5.981   257.9474     9.6594     6.3794     0.0240      0.086      6.668      9.672        559 1.2364e-01   999.6662 0.0000e+00
      6.829    10.7361     0.1979      1.772  34.315135     47.836      5.982   251.2466     9.6785     6.3361     0.0243      0.081      6.694      9.709        560 1.2368e-01   999.6723 0.0000e+00
      6.851    10.6770     0.1963      1.755  34.378859     47.989      5.983   247.1202     9.6327     6.2640     0.0243      0.078      6.716      9.740        561 1.2379e-01   999.6781 0.0000e+00
      6.865    10.6371     0.1927      1.722  34.826030     48.742      5.976   244.3188     9.6556     6.2784     0.0246      0.079      6.733      9.765        562 1.2376e-01   999.6849 0.0000e+00
