Data/DataNotYetUploadedToEDI/CTD_2019/071019_bvr50_b.cnv
* Sea-Bird SBE19plus  Data File:
* FileName = C:\DATA\071019_bvr_0001.hex
* Software version 2.8.0.119
* Temperature SN = 7809
* Conductivity SN = 7809
* System UpLoad Time = Jul 12 2019 13:00:56
* <ApplicationData>
* <Seaterm232>
# nquan = 18
# nvalues = 1220                        
# units = specified
# name 0 = depFM: Depth [fresh water, m]
# name 1 = tv290C: Temperature [ITS-90, deg C]
# name 2 = sbeox0Mg/L: Oxygen, SBE 43 [mg/l]
# name 3 = sbeox0PS: Oxygen, SBE 43 [% saturation]
# name 4 = c0uS/cm: Conductivity [uS/cm]
# name 5 = specc: Specific Conductance [uS/cm]
# name 6 = ph: pH
# name 7 = orp: Oxidation Reduction Potential [mV]
# name 8 = flECO-AFL: Fluorescence, WET Labs ECO-AFL/FL [mg/m^3]
# name 9 = turbWETntu0: Turbidity, WET Labs ECO [NTU]
# name 10 = sal00: Salinity, Practical [PSU]
# name 11 = dz/dtM: Descent Rate [m/s]
# name 12 = prdM: Pressure, Strain Gauge [db]
# name 13 = prdE: Pressure, Strain Gauge [psi]
# name 14 = scan: Scan Count
# name 15 = par/sat/log: PAR/Logarithmic, Satlantic
# name 16 = density00: Density [density, kg/m^3]
# name 17 = flag:  0.000e+00
# span 0 =     -0.673,     10.571       
# span 1 =     8.4238,    31.1131       
# span 2 =    -0.2066,     8.6182       
# span 3 =     -1.909,    109.838       
# span 4 =   0.508873, 110.981674       
# span 5 =      0.389,    167.240       
# span 6 =      5.771,      6.968       
# span 7 = -1240.7455,  1240.2295       
# span 8 =    -0.2628,    22.9500       
# span 9 =    -0.6142,    51.0951       
# span 10 =     0.0138,     0.0773      
# span 11 =     -0.014,      0.143      
# span 12 =     -0.659,     10.366      
# span 13 =     -0.956,     15.034      
# span 14 =          1,       1220      
# span 15 = 1.2180e-01, 7.8857e+02      
# span 16 =   995.3150,   999.9345      
# span 17 = 0.0000e+00, 0.0000e+00      
# interval = seconds: 0.25
# start_time = Jul 10 2019 18:55:45 [Instrument's time stamp, header]
# bad_flag = -9.990e-29
*END*
[from data line 242]
      1.000    27.5710     7.6869     97.461  28.247598     26.859      5.799   258.8181     0.7596     1.2171     0.0211      0.052      0.981      1.422        243 1.4776e+02   996.3744 0.0000e+00
      1.019    27.5680     7.6836     97.426  28.301966     26.915      5.800   259.3859     0.7672     1.1161     0.0211      0.057      1.001      1.451        244 1.4197e+02   996.3758 0.0000e+00
      1.043    27.5657     7.6796     97.385  28.246078     26.863      5.797   259.5752     0.7977     1.0585     0.0211      0.065      1.022      1.483        245 1.5169e+02   996.3768 0.0000e+00
      1.064    27.5649     7.6762     97.343  28.257906     26.865      5.799   259.1588     0.7977     1.0296     0.0211      0.072      1.046      1.517        246 1.2453e+02   996.3777 0.0000e+00
      1.093    27.5639     7.6730     97.290  28.346491     26.972      5.804   259.8024     0.7596     1.1161     0.0211      0.079      1.069      1.550        247 1.1960e+02   996.3785 0.0000e+00
      1.111    27.5634     7.6648     97.177  28.313569     26.919      5.804   260.1052     0.7672     1.1161     0.0211      0.083      1.085      1.573        248 1.3661e+02   996.3788 0.0000e+00
      1.113    27.5636     7.6627     97.150  28.298877     26.920      5.800   260.2945     0.7519     1.0873     0.0211      0.080      1.090      1.582        249 1.1855e+02   996.3790 0.0000e+00
      1.113    27.5643     7.6648     97.183  28.305530     26.920      5.802   260.2945     0.7825     1.0873     0.0211      0.072      1.093      1.586        250 1.1014e+02   996.3792 0.0000e+00
      1.119    27.5648     7.6802     97.381  28.305290     26.920      5.808   260.4081     0.7863     1.0873     0.0211      0.062      1.098      1.593        251 1.3360e+02   996.3792 0.0000e+00
      1.128    27.5653     7.6918     97.529  28.299177     26.920      5.813   260.4081     0.7519     1.0440     0.0211      0.051      1.107      1.606        252 1.0878e+02   996.3790 0.0000e+00
      1.139    27.5669     7.6970     97.600  28.313138     26.920      5.820   260.4081     0.7863     1.0585     0.0211      0.041      1.118      1.622        253 1.1552e+02   996.3790 0.0000e+00
      1.154    27.5705     7.6885     97.497  28.347159     26.972      5.823   261.4681     0.7596     1.1017     0.0211      0.035      1.131      1.640        254 1.5745e+02   996.3789 0.0000e+00
      1.165    27.5763     7.6803     97.395  28.316082     26.918      5.822   260.9002     0.7786     1.0296     0.0211      0.032      1.142      1.656        255 1.3748e+02   996.3785 0.0000e+00
      1.175    27.5772     7.6634     97.179  28.292568     26.917      5.823   260.7488     0.7825     1.0296     0.0211      0.034      1.155      1.674        256 1.2331e+02   996.3775 0.0000e+00
      1.194    27.5704     7.6585     97.104  28.257932     26.861      5.827   261.0895     0.7024     1.0296     0.0211      0.041      1.171      1.698        257 1.1146e+02   996.3760 0.0000e+00
      1.213    27.5650     7.6644     97.168  28.299941     26.913      5.823   261.0138     0.7252     1.0440     0.0211      0.049      1.187      1.720        258 1.0586e+02   996.3758 0.0000e+00
      1.221    27.5646     7.6742     97.286  28.299534     26.917      5.815   261.7709     0.7100     1.1161     0.0211      0.052      1.195      1.732        259 1.2371e+02   996.3777 0.0000e+00
      1.220    27.5676     7.6759     97.301  28.258441     26.866      5.807   261.5817     0.7176     1.0296     0.0211      0.050      1.196      1.734        260 1.3530e+02   996.3793 0.0000e+00
      1.218    27.5696     7.6722     97.247  28.291838     26.920      5.808   261.6195     0.6985     1.1017     0.0211      0.044      1.195      1.733        261 1.5683e+02   996.3794 0.0000e+00
      1.217    27.5702     7.6768     97.301  28.257970     26.865      5.809   261.5438     0.7176     1.0152     0.0211      0.035      1.195      1.734        262 1.3834e+02   996.3785 0.0000e+00
      1.223    27.5734     7.6834     97.382  28.241342     26.864      5.812   261.7331     0.7252     1.0152     0.0211      0.027      1.200      1.741        263 1.0137e+02   996.3779 0.0000e+00
      1.233    27.5759     7.6834     97.381  28.312531     26.917      5.817   261.8467     0.6947     1.1161     0.0211      0.021      1.208      1.753        264 1.0576e+02   996.3779 0.0000e+00
      1.240    27.5773     7.6780     97.312  28.287866     26.915      5.821   262.0738     0.7405     1.1882     0.0211      0.016      1.216      1.764        265 1.1242e+02   996.3770 0.0000e+00
      1.245    27.5758     7.6726     97.243  28.272037     26.861      5.824   262.0359     0.7901     1.3324     0.0211      0.014      1.224      1.775        266 1.2775e+02   996.3763 0.0000e+00
      1.259    27.5689     7.6672     97.174  28.332230     26.966      5.826   261.9224     0.7748     1.2748     0.0211      0.019      1.236      1.792        267 1.2070e+02   996.3759 0.0000e+00
      1.278    27.5626     7.6681     97.178  28.272202     26.861      5.830   262.0359     0.8054     1.3036     0.0211      0.028      1.252      1.815        268 9.7742e+01   996.3765 0.0000e+00
      1.292    27.5589     7.6619     97.089  28.287497     26.917      5.833   262.4902     0.7405     1.0008     0.0211      0.037      1.268      1.840        269 1.0255e+02   996.3785 0.0000e+00
      1.312    27.5552     7.6468     96.894  28.253952     26.867      5.833   262.5281     0.7596     1.0008     0.0211      0.045      1.288      1.868        270 9.1885e+01   996.3803 0.0000e+00
      1.337    27.5512     7.6307     96.690  28.254707     26.869      5.828   262.7552     0.7901     1.1161     0.0211      0.054      1.309      1.898        271 8.6313e+01   996.3815 0.0000e+00
      1.355    27.5482     7.6266     96.638  28.286561     26.924      5.827   262.9824     0.7748     1.0296     0.0211      0.062      1.329      1.927        272 8.5584e+01   996.3826 0.0000e+00
      1.373    27.5468     7.6387     96.788  28.273557     26.873      5.828   262.9445     0.7596     0.8998     0.0211      0.069      1.349      1.956        273 8.1615e+01   996.3838 0.0000e+00
      1.399    27.5463     7.6497     96.917  28.330137     26.981      5.824   262.9824     0.7596     1.1450     0.0211      0.076      1.371      1.988        274 8.5058e+01   996.3848 0.0000e+00
      1.421    27.5458     7.6641     97.090  28.275394     26.876      5.819   263.1338     0.7825     0.9431     0.0211      0.080      1.392      2.019        275 8.3563e+01   996.3853 0.0000e+00
      1.437    27.5458     7.6713     97.179  28.282439     26.929      5.818   263.3231     0.7977     1.1017     0.0211      0.081      1.409      2.043        276 8.2380e+01   996.3855 0.0000e+00
      1.450    27.5448     7.6721     97.191  28.262125     26.876      5.815   263.2852     0.7901     1.0729     0.0211      0.080      1.423      2.063        277 8.4039e+01   996.3856 0.0000e+00
      1.466    27.5406     7.6602     97.044  28.241429     26.876      5.819   263.7017     0.7672     1.1306     0.0211      0.076      1.436      2.081        278 8.4065e+01   996.3858 0.0000e+00
      1.474    27.5354     7.6507     96.923  28.308194     26.930      5.812   263.4745     0.7596     1.0729     0.0211      0.070      1.443      2.093        279 8.3174e+01   996.3861 0.0000e+00
      1.474    27.5326     7.6432     96.826  28.297527     26.932      5.811   263.4367     0.7672     1.0008     0.0211      0.061      1.446      2.097        280 8.6009e+01   996.3872 0.0000e+00
      1.476    27.5326     7.6329     96.692  28.254706     26.881      5.814   263.7017     0.7825     1.1450     0.0211      0.050      1.449      2.102        281 9.2980e+01   996.3886 0.0000e+00
      1.485    27.5331     7.6267     96.610  28.242997     26.883      5.819   263.7017     0.7748     1.0440     0.0211      0.040      1.456      2.112        282 9.7448e+01   996.3894 0.0000e+00
      1.493    27.5306     7.6182     96.496  28.252855     26.883      5.820   263.6638     0.7634     1.0729     0.0211      0.032      1.464      2.124        283 9.6002e+01   996.3895 0.0000e+00
      1.500    27.5247     7.6165     96.469  28.301682     26.936      5.824   263.9667     0.7596     1.1161     0.0211      0.028      1.471      2.134        284 1.0061e+02   996.3894 0.0000e+00
      1.508    27.5195     7.6112     96.387  28.300722     26.937      5.827   263.9667     0.7748     1.0585     0.0211      0.025      1.479      2.145        285 1.0337e+02   996.3901 0.0000e+00
      1.516    27.5179     7.5970     96.191  28.313296     26.940      5.833   264.2695     0.7519     1.0008     0.0211      0.024      1.488      2.158        286 9.9307e+01   996.3919 0.0000e+00
      1.527    27.5194     7.5849     96.032  28.345281     26.996      5.833   264.4210     0.7443     1.0873     0.0211      0.027      1.499      2.173        287 1.0436e+02   996.3934 0.0000e+00
      1.541    27.5212     7.5854     96.025  28.260919     26.890      5.840   264.3831     0.7596     1.0152     0.0211      0.033      1.509      2.189        288 1.0260e+02   996.3938 0.0000e+00
      1.549    27.5212     7.5827     95.985  28.240550     26.890      5.840   264.2695     0.7825     1.0873     0.0211      0.036      1.519      2.203        289 9.8580e+01   996.3935 0.0000e+00
      1.556    27.5198     7.5730     95.874  28.311385     26.942      5.842   264.4967     0.8549     1.1306     0.0211      0.036      1.527      2.214        290 1.0116e+02   996.3930 0.0000e+00
      1.567    27.5182     7.5609     95.731  28.291256     26.942      5.842   264.1938     0.8168     1.0585     0.0211      0.037      1.537      2.229        291 9.7413e+01   996.3931 0.0000e+00
      1.578    27.5158     7.5575     95.678  28.265602     26.889      5.846   264.3831     0.8244     0.9864     0.0211      0.039      1.548      2.245        292 1.0072e+02   996.3935 0.0000e+00
      1.590    27.5122     7.5640     95.740  28.284066     26.943      5.849   264.8752     0.8168     1.0440     0.0211      0.040      1.558      2.260        293 1.0323e+02   996.3940 0.0000e+00
      1.598    27.5083     7.5673     95.759  28.268277     26.891      5.851   264.8374     0.8321     1.0585     0.0211      0.040      1.569      2.275        294 1.0193e+02   996.3947 0.0000e+00
      1.612    27.5000     7.5644     95.699  28.285253     26.947      5.851   264.7995     0.8435     1.0296     0.0211      0.040      1.581      2.293        295 9.9885e+01   996.3957 0.0000e+00
      1.626    27.4915     7.5529     95.532  28.262942     26.895      5.847   264.7995     0.7939     1.0152     0.0211      0.041      1.593      2.311        296 1.0327e+02   996.3969 0.0000e+00
      1.635    27.4868     7.5354     95.291  28.236799     26.900      5.847   264.6102     0.8206     0.9719     0.0211      0.043      1.605      2.329        297 9.6511e+01   996.3992 0.0000e+00
      1.652    27.4799     7.5301     95.210  28.258547     26.904      5.847   264.6102     0.8321     1.0873     0.0211      0.046      1.619      2.349        298 8.5267e+01   996.4017 0.0000e+00
      1.668    27.4763     7.5317     95.215  28.295127     26.959      5.841   264.7995     0.8206     1.2748     0.0211      0.049      1.632      2.367        299 8.9836e+01   996.4031 0.0000e+00
      1.671    27.4828     7.5330     95.217  28.309767     26.963      5.830   265.0645     0.8321     1.2603     0.0211      0.048      1.639      2.377        300 8.6569e+01   996.4050 0.0000e+00
      1.675    27.4891     7.5297     95.171  28.299572     26.965      5.833   264.8374     0.8206     1.2459     0.0211      0.046      1.646      2.387        301 7.9973e+01   996.4060 0.0000e+00
      1.690    27.4836     7.5221     95.075  28.307812     26.962      5.834   264.8752     0.8092     1.2459     0.0211      0.045      1.659      2.407        302 8.7875e+01   996.4044 0.0000e+00
      1.710    27.4713     7.5201     95.040  28.299511     26.958      5.839   264.9510     0.8397     1.3036     0.0211      0.045      1.678      2.434        303 9.1700e+01   996.4028 0.0000e+00
      1.733    27.4581     7.5207     95.029  28.309904     26.961      5.843   264.9888     0.8244     1.3469     0.0211      0.048      1.700      2.465        304 8.3943e+01   996.4043 0.0000e+00
      1.757    27.4445     7.5193     95.007  28.294881     26.967      5.841   265.2160     0.8549     1.3324     0.0211      0.054      1.721      2.496        305 8.8492e+01   996.4078 0.0000e+00
      1.775    27.4315     7.5133     94.924  28.258967     26.921      5.839   265.3295     0.8168     1.2892     0.0211      0.060      1.739      2.523        306 8.2684e+01   996.4116 0.0000e+00
      1.788    27.4207     7.4919     94.645  28.236114     26.928      5.839   265.1781     0.8626     1.3324     0.0211      0.065      1.753      2.543        307 8.1214e+01   996.4155 0.0000e+00
      1.799    27.4119     7.4766     94.445  28.264082     26.935      5.837   265.5567     0.8549     1.3180     0.0211      0.070      1.765      2.560        308 8.6216e+01   996.4192 0.0000e+00
      1.812    27.4023     7.4691     94.346  28.283412     26.994      5.837   265.6324     0.8168     1.2748     0.0211      0.070      1.778      2.580        309 8.3388e+01   996.4222 0.0000e+00
      1.829    27.3946     7.4616     94.238  28.271305     26.945      5.835   265.8974     0.8244     1.2027     0.0211      0.067      1.793      2.600        310 8.5305e+01   996.4247 0.0000e+00
      1.843    27.3923     7.4547     94.144  28.279151     27.003      5.830   265.8217     0.7672     1.3324     0.0211      0.063      1.807      2.620        311 8.1083e+01   996.4275 0.0000e+00
      1.855    27.3925     7.4471     94.040  28.273652     26.954      5.826   265.8595     0.7634     1.2171     0.0211      0.057      1.819      2.638        312 8.0706e+01   996.4297 0.0000e+00
      1.867    27.3861     7.4448     93.998  28.337397     27.061      5.824   266.2381     0.7748     1.2459     0.0211      0.054      1.832      2.657        313 7.6217e+01   996.4304 0.0000e+00
      1.883    27.3759     7.4345     93.866  28.318312     27.008      5.825   266.3517     0.7748     1.2315     0.0211      0.053      1.846      2.677        314 7.7478e+01   996.4304 0.0000e+00
      1.895    27.3720     7.4251     93.747  28.297403     27.011      5.823   266.1245     0.7062     1.3036     0.0211      0.053      1.859      2.697        315 8.3038e+01   996.4322 0.0000e+00
      1.910    27.3688     7.4185     93.659  28.304176     27.017      5.825   266.6924     0.7176     1.2892     0.0211      0.054      1.874      2.718        316 7.8706e+01   996.4352 0.0000e+00
      1.928    27.3633     7.4124     93.576  28.250643     26.965      5.828   266.6924     0.7252     1.2315     0.0211      0.055      1.889      2.739        317 7.5660e+01   996.4363 0.0000e+00
      1.939    27.3600     7.4051     93.478  28.304781     27.020      5.830   266.4274     0.7138     1.2027     0.0211      0.054      1.902      2.759        318 7.0473e+01   996.4372 0.0000e+00
      1.953    27.3562     7.3935     93.327  28.355293     27.076      5.832   267.0331     0.6757     1.3036     0.0211      0.055      1.916      2.779        319 7.1447e+01   996.4389 0.0000e+00
      1.969    27.3493     7.3906     93.292  28.306271     27.025      5.834   266.9574     0.8549     1.1450     0.0211      0.056      1.930      2.799        320 7.6207e+01   996.4398 0.0000e+00
      1.982    27.3449     7.3868     93.250  28.306544     27.026      5.832   267.2224     0.8511     1.0873     0.0211      0.056      1.942      2.816        321 7.2153e+01   996.4409 0.0000e+00
