Data/DataNotYetUploadedToEDI/CTD_2019/071019_bvr50_c.cnv
* Sea-Bird SBE19plus  Data File:
* FileName = C:\DATA\071019_bvr_0002.hex
* Software version 2.8.0.119
* Temperature SN = 7809
* Conductivity SN = 7809
* System UpLoad Time = Jul 12 2019 13:01:20
* <ApplicationData>
* <Seaterm232>
# nquan = 18
# nvalues = 758                         
# units = specified
# name 0 = depFM: Depth [fresh water, m]
# name 1 = tv290C: Temperature [ITS-90, deg C]
# name 2 = sbeox0Mg/L: Oxygen, SBE 43 [mg/l]
# name 3 = sbeox0PS: Oxygen, SBE 43 [% saturation]
# name 4 = c0uS/cm: Conductivity [uS/cm]
# name 5 = specc: Specific Conductance [uS/cm]
# name 6 = ph: pH
# name 7 = orp: Oxidation Reduction Potential [mV]
# name 8 = flECO-AFL: Fluorescence, WET Labs ECO-AFL/FL [mg/m^3]
# name 9 = turbWETntu0: Turbidity, WET Labs ECO [NTU]
# name 10 = sal00: Salinity, Practical [PSU]
# name 11 = dz/dtM: Descent Rate [m/s]
# name 12 = prdM: Pressure, Strain Gauge [db]
# name 13 = prdE: Pressure, Strain Gauge [psi]
# name 14 = scan: Scan Count
# name 15 = par/sat/log: PAR/Logarithmic, Satlantic
# name 16 = density00: Density [density, kg/m^3]
# name 17 = flag:  0.000e+00
# span 0 =     -0.679,     10.586       
# span 1 =     8.4182,    27.6384       
# span 2 =    -1.0572,     8.1896       
# span 3 =     -9.733,    103.960       
# span 4 =   0.398750, 167.961091       
# span 5 =      0.389,    253.002       
# span 6 =      5.799,      7.360       
# span 7 =     8.5059,   502.9595       
# span 8 =    -0.0263,    28.6874       
# span 9 =    -0.3691,    34.6277       
# span 10 =     0.0114,     0.1175      
# span 11 =     -0.027,      0.205      
# span 12 =     -0.665,     10.381      
# span 13 =     -0.965,     15.056      
# span 14 =          1,        758      
# span 15 = 1.2064e-01, 1.9296e-01      
# span 16 =   996.3552,   999.9647      
# span 17 = 0.0000e+00, 0.0000e+00      
# interval = seconds: 0.25
# start_time = Jul 10 2019 21:15:55 [Instrument's time stamp, header]
# bad_flag = -9.990e-29
*END*
[from data line 161]
     -0.088    27.1430     5.2460     65.990  27.147509     26.011      6.124   220.3551     0.8855     0.8133     0.0206      0.008     -0.084     -0.122        162 1.2365e-01   996.4896 0.0000e+00
     -0.073    27.1427     5.3240     67.006  27.173747     26.066      6.128   219.9387     0.9084     0.9864     0.0207      0.013     -0.068     -0.099        163 1.2378e-01   996.4903 0.0000e+00
     -0.048    27.1413     5.4735     68.954  27.139163     26.013      6.119   218.9544     0.9122     0.7556     0.0206      0.023     -0.046     -0.067        164 1.2359e-01   996.4908 0.0000e+00
     -0.021    27.1380     5.6593     71.343  27.042448     25.933      6.083   218.5380     0.9236     0.8998     0.0206      0.037     -0.022     -0.032        165 1.2347e-01   996.4909 0.0000e+00
      0.002    27.1338     5.8138     73.347  27.086766     25.960      6.048   218.4623     0.8969     0.8998     0.0206      0.052      0.002      0.003        166 1.2381e-01   996.4915 0.0000e+00
      0.025    27.1311     5.9261     74.824  27.113630     26.016      6.020   218.3865     0.9122     0.8998     0.0206      0.066      0.026      0.037        167 1.2376e-01   996.4925 0.0000e+00
      0.052    27.1307     5.9842     75.575  27.097878     25.964      6.012   218.5380     0.9122     0.8422     0.0206      0.078      0.052      0.075        168 1.2359e-01   996.4938 0.0000e+00
      0.082    27.1297     5.9962     75.747  27.106372     26.019      6.012   218.5380     0.8511     0.8710     0.0206      0.090      0.079      0.114        169 1.2377e-01   996.4946 0.0000e+00
      0.107    27.1271     5.9561     75.270  27.043820     25.912      6.023   218.6894     0.8321     0.8854     0.0206      0.097      0.105      0.152        170 1.2386e-01   996.4948 0.0000e+00
      0.134    27.1235     5.9147     74.766  27.057242     25.966      6.014   219.3708     0.8511     0.8998     0.0206      0.101      0.130      0.190        171 1.2382e-01   996.4953 0.0000e+00
      0.160    27.1250     6.0639     76.746  27.060050     25.941      6.016   219.4844     0.8664     0.9143     0.0206      0.102      0.155      0.225        172 1.2372e-01   996.4961 0.0000e+00
      0.181    27.1546     6.4601     81.858  27.129188     26.023      6.029   219.5223     0.8549     1.1738     0.0206      0.102      0.179      0.260        173 1.2377e-01   996.4972 0.0000e+00
      0.207    27.2055     6.9502     88.137  27.237787     26.129      6.048   219.9765     0.8244     1.0440     0.0207      0.102      0.207      0.301        174 1.2382e-01   996.4969 0.0000e+00
      0.246    27.2459     7.3743     93.558  27.369207     26.222      6.060   221.1123     0.8549     1.1306     0.0207      0.105      0.242      0.351        175 1.2384e-01   996.4889 0.0000e+00
      0.287    27.2888     7.7325     98.129  27.380318     26.249      6.057   222.0208     0.8702     1.1306     0.0207      0.110      0.276      0.401        176 1.2376e-01   996.4750 0.0000e+00
      0.311    27.3324     7.9829    101.323  27.105462     25.909      6.041   222.6265     0.9503     1.0440     0.0206      0.113      0.301      0.437        177 1.2377e-01   996.4639 0.0000e+00
      0.321    27.3462     8.1409    103.337  27.059589     25.887      6.030   223.0808     0.9351     1.1161     0.0206      0.112      0.319      0.462        178 1.2381e-01   996.4520 0.0000e+00
      0.346    27.3625     8.1896    103.960  27.230044     25.999      6.028   223.4594     0.9389     1.1161     0.0207      0.109      0.339      0.492        179 1.2357e-01   996.4401 0.0000e+00
      0.371    27.3815     8.1321    103.233  27.159907     25.966      6.015   224.0273     0.9694     1.1161     0.0207      0.107      0.358      0.520        180 1.2353e-01   996.4363 0.0000e+00
      0.378    27.4007     8.0067    101.644  27.176488     25.905      6.016   224.2544     0.9198     1.1450     0.0206      0.099      0.369      0.536        181 1.2371e-01   996.4319 0.0000e+00
      0.382    27.4647     7.8793    100.028  27.624096     26.400      6.015   224.6708     0.8931     1.1161     0.0208      0.085      0.374      0.543        182 1.2360e-01   996.4267 0.0000e+00
      0.384    27.5339     7.7815     98.785  27.906181     26.606      6.015   225.3523     0.8740     1.1161     0.0209      0.067      0.379      0.550        183 1.2359e-01   996.4214 0.0000e+00
      0.395    27.5766     7.7099     97.875  27.951030     26.651      6.022   225.7687     0.8969     1.0729     0.0210      0.053      0.388      0.564        184 1.2373e-01   996.4036 0.0000e+00
      0.410    27.6033     7.6698     97.366  27.982962     26.617      6.034   226.2230     0.9198     1.0296     0.0210      0.046      0.399      0.579        185 1.2371e-01   996.3843 0.0000e+00
      0.416    27.6181     7.6434     97.031  27.955284     26.594      6.040   226.3744     0.9122     1.1161     0.0210      0.041      0.406      0.589        186 1.2373e-01   996.3724 0.0000e+00
      0.414    27.6275     7.6248     96.793  27.985459     26.581      6.039   226.1473     0.9045     1.0440     0.0210      0.032      0.411      0.596        187 1.2377e-01   996.3648 0.0000e+00
      0.429    27.6319     7.6168     96.691  28.004644     26.627      6.043   226.6773     0.9236     1.0440     0.0210      0.028      0.424      0.614        188 1.2394e-01   996.3608 0.0000e+00
      0.453    27.6345     7.6163     96.685  27.990648     26.569      6.028   226.9801     0.8855     1.1161     0.0210      0.034      0.439      0.636        189 1.2373e-01   996.3583 0.0000e+00
      0.457    27.6362     7.6217     96.752  28.002874     26.620      6.004   227.5858     0.8244     1.1738     0.0210      0.038      0.445      0.645        190 1.2349e-01   996.3571 0.0000e+00
      0.449    27.6380     7.6269     96.809  27.989427     26.566      6.000   227.8508     0.8015     1.0585     0.0210      0.036      0.442      0.641        191 1.2367e-01   996.3563 0.0000e+00
      0.446    27.6384     7.6357     96.915  27.948136     26.565      6.007   228.1916     0.8244     1.0585     0.0210      0.029      0.439      0.637        192 1.2372e-01   996.3558 0.0000e+00
      0.447    27.6382     7.6349     96.907  27.906150     26.484      6.014   228.3430     0.8282     1.1161     0.0209      0.022      0.438      0.636        193 1.2362e-01   996.3554 0.0000e+00
      0.447    27.6374     7.6410     96.990  27.952815     26.564      6.015   228.8351     0.8397     1.1450     0.0210      0.017      0.439      0.637        194 1.2377e-01   996.3552 0.0000e+00
      0.449    27.6371     7.6461     97.059  27.978927     26.564      6.015   228.9487     0.8092     1.1017     0.0210      0.011      0.441      0.638        195 1.2384e-01   996.3552 0.0000e+00
      0.450    27.6372     7.6502     97.114  27.962518     26.564      6.007   229.1759     0.8397     1.0585     0.0210      0.003      0.441      0.639        196 1.2360e-01   996.3555 0.0000e+00
      0.448    27.6365     7.6513     97.130  27.973235     26.564      6.011   229.4787     0.8321     1.1017     0.0210     -0.003      0.441      0.639        197 1.2364e-01   996.3556 0.0000e+00
      0.450    27.6363     7.6477     97.084  27.965588     26.564      6.017   229.7059     0.9007     1.2171     0.0210     -0.002      0.441      0.640        198 1.2380e-01   996.3555 0.0000e+00
      0.452    27.6364     7.6437     97.032  27.972035     26.565      6.021   230.1980     0.9122     1.1306     0.0210      0.002      0.442      0.641        199 1.2372e-01   996.3557 0.0000e+00
      0.450    27.6346     7.6394     96.976  27.965214     26.565      6.023   230.1601     0.8969     0.9719     0.0210      0.002      0.441      0.639        200 1.2367e-01   996.3558 0.0000e+00
      0.446    27.6302     7.6300     96.856  27.974077     26.565      6.020   230.2737     0.8664     1.2027     0.0210      0.001      0.439      0.637        201 1.2361e-01   996.3558 0.0000e+00
      0.446    27.6272     7.6144     96.657  28.020249     26.618      6.016   230.6901     0.8588     0.8998     0.0210     -0.001      0.439      0.637        202 1.2358e-01   996.3562 0.0000e+00
      0.450    27.6285     7.6041     96.526  28.026242     26.621      6.012   230.7659     0.8397     1.0008     0.0210     -0.001      0.447      0.648        203 1.2369e-01   996.3575 0.0000e+00
      0.471    27.6315     7.6026     96.507  28.025863     26.622      6.009   230.9930     0.8359     0.8133     0.0210      0.005      0.470      0.681        204 1.2364e-01   996.3584 0.0000e+00
      0.517    27.6337     7.6154     96.669  28.020720     26.622      5.994   231.2580     0.8168     0.8566     0.0210      0.022      0.505      0.732        205 1.2359e-01   996.3583 0.0000e+00
      0.553    27.6356     7.6306     96.861  27.973400     26.567      5.982   231.0309     0.8855     1.0873     0.0210      0.043      0.541      0.785        206 1.2360e-01   996.3576 0.0000e+00
      0.586    27.6368     7.6433     97.023  27.966266     26.566      5.976   231.4851     0.8969     1.1882     0.0210      0.066      0.572      0.831        207 1.2372e-01   996.3571 0.0000e+00
      0.614    27.6364     7.6425     97.012  27.970354     26.565      5.976   231.7123     0.9312     1.0729     0.0210      0.089      0.597      0.867        208 1.2378e-01   996.3567 0.0000e+00
      0.625    27.6356     7.6445     97.036  27.968313     26.564      5.974   231.8259     0.8778     1.1450     0.0210      0.103      0.612      0.889        209 1.2375e-01   996.3564 0.0000e+00
      0.636    27.6345     7.6430     97.016  27.968806     26.565      5.974   232.2801     0.8893     1.1017     0.0210      0.107      0.623      0.904        210 1.2377e-01   996.3565 0.0000e+00
      0.645    27.6340     7.6374     96.943  27.969741     26.565      5.975   232.3180     0.8855     1.1306     0.0210      0.101      0.633      0.918        211 1.2366e-01   996.3568 0.0000e+00
      0.652    27.6341     7.6346     96.907  27.967150     26.566      5.982   232.4316     0.9045     1.0729     0.0210      0.086      0.646      0.936        212 1.2368e-01   996.3571 0.0000e+00
      0.678    27.6341     7.6402     96.975  27.972029     26.566      5.987   232.7344     0.9007     1.0440     0.0210      0.071      0.667      0.967        213 1.2371e-01   996.3574 0.0000e+00
      0.709    27.6339     7.6490     97.085  28.022911     26.619      5.989   232.5451     0.8893     1.0585     0.0210      0.065      0.693      1.005        214 1.2374e-01   996.3576 0.0000e+00
      0.732    27.6336     7.6491     97.085  28.022316     26.619      5.984   233.1130     0.8588     1.1882     0.0210      0.065      0.715      1.036        215 1.2374e-01   996.3577 0.0000e+00
      0.744    27.6334     7.6528     97.130  27.972770     26.566      5.983   232.9616     0.8397     1.2027     0.0210      0.067      0.730      1.058        216 1.2362e-01   996.3578 0.0000e+00
      0.756    27.6332     7.6488     97.077  27.966083     26.566      5.983   233.5294     0.8168     1.1306     0.0210      0.071      0.741      1.074        217 1.2352e-01   996.3579 0.0000e+00
      0.765    27.6325     7.6474     97.058  27.971395     26.566      5.982   233.1887     0.8359     1.0585     0.0210      0.071      0.751      1.088        218 1.2366e-01   996.3580 0.0000e+00
      0.774    27.6323     7.6499     97.087  27.966160     26.566      5.978   233.9080     0.8931     0.9864     0.0210      0.068      0.761      1.104        219 1.2377e-01   996.3581 0.0000e+00
      0.790    27.6317     7.6579     97.184  27.972598     26.567      5.975   234.3623     0.9274     1.1161     0.0210      0.064      0.772      1.121        220 1.2367e-01   996.3583 0.0000e+00
      0.798    27.6306     7.6603     97.208  27.963383     26.567      5.963   234.6652     0.8893     1.1450     0.0210      0.054      0.781      1.133        221 1.2364e-01   996.3584 0.0000e+00
      0.802    27.6299     7.6543     97.125  27.977628     26.567      5.959   234.8544     0.8893     1.2171     0.0210      0.044      0.787      1.142        222 1.2370e-01   996.3586 0.0000e+00
      0.809    27.6287     7.6527     97.100  28.014114     26.621      5.961   234.9680     1.0152     0.8710     0.0210      0.039      0.795      1.153        223 1.2381e-01   996.3590 0.0000e+00
      0.821    27.6276     7.6483     97.041  27.977222     26.568      5.969   234.9680     1.0533     0.8133     0.0210      0.037      0.807      1.170        224 1.2382e-01   996.3592 0.0000e+00
      0.838    27.6269     7.6371     96.897  27.964297     26.569      5.979   235.6116     1.0457     0.9719     0.0210      0.038      0.822      1.192        225 1.2379e-01   996.3597 0.0000e+00
      0.854    27.6255     7.6323     96.836  27.970954     26.569      5.980   235.6494     1.0457     0.9143     0.0210      0.041      0.839      1.216        226 1.2378e-01   996.3600 0.0000e+00
      0.873    27.6241     7.6281     96.782  27.968937     26.570      5.984   235.5737     0.9465     1.0873     0.0210      0.045      0.859      1.246        227 1.2384e-01   996.3603 0.0000e+00
      0.901    27.6234     7.6286     96.787  27.966809     26.570      5.982   236.1037     0.9541     1.0873     0.0210      0.052      0.884      1.282        228 1.2380e-01   996.3608 0.0000e+00
      0.929    27.6221     7.6296     96.800  27.973606     26.571      5.976   235.8009     0.9503     1.1594     0.0210      0.064      0.910      1.319        229 1.2372e-01   996.3613 0.0000e+00
      0.952    27.6197     7.6302     96.807  27.960480     26.571      5.975   236.0659     0.9694     1.0729     0.0210      0.075      0.934      1.354        230 1.2374e-01   996.3616 0.0000e+00
      0.976    27.6158     7.6274     96.772  27.894277     26.492      5.969   236.4823     0.9465     1.1450     0.0209      0.084      0.956      1.387        231 1.2365e-01   996.3621 0.0000e+00
      0.999    27.6115     7.6251     96.744  27.967129     26.573      5.959   236.7852     0.9694     1.1306     0.0210      0.090      0.976      1.416        232 1.2364e-01   996.3629 0.0000e+00
      1.012    27.6087     7.6258     96.750  28.017928     26.628      5.955   236.7852     0.9541     1.1161     0.0210      0.091      0.991      1.436        233 1.2384e-01   996.3640 0.0000e+00
      1.020    27.6072     7.6383     96.905  27.979169     26.577      5.953   237.0502     0.9846     1.1738     0.0210      0.087      1.001      1.451        234 1.2387e-01   996.3652 0.0000e+00
      1.030    27.6064     7.6404     96.930  28.015365     26.632      5.958   237.6559     0.9618     1.1161     0.0210      0.078      1.010      1.465        235 1.2372e-01   996.3661 0.0000e+00
      1.041    27.6061     7.6350     96.862  27.972883     26.579      5.968   237.5802     0.9465     1.1594     0.0210      0.067      1.020      1.480        236 1.2364e-01   996.3666 0.0000e+00
      1.051    27.6056     7.6285     96.780  27.972794     26.580      5.973   237.8830     0.9694     1.1017     0.0210      0.058      1.030      1.495        237 1.2370e-01   996.3669 0.0000e+00
      1.063    27.6050     7.6285     96.779  28.015477     26.633      5.979   237.9587     0.9732     1.1306     0.0210      0.050      1.040      1.510        238 1.2373e-01   996.3670 0.0000e+00
      1.069    27.6048     7.6290     96.782  27.979010     26.580      5.980   237.9966     0.9694     1.1738     0.0210      0.043      1.047      1.520        239 1.2368e-01   996.3671 0.0000e+00
      1.074    27.6051     7.6300     96.789  27.958934     26.581      5.981   238.4130     1.0152     1.0873     0.0210      0.038      1.052      1.526        240 1.2374e-01   996.3673 0.0000e+00
      1.077    27.6054     7.6253     96.725  27.981216     26.581      5.980   238.4130     1.0381     1.1738     0.0210      0.034      1.057      1.532        241 1.2375e-01   996.3674 0.0000e+00
