Data/DataNotYetUploadedToEDI/CTD_2019/071019_bvr50_b.cnv
* Sea-Bird SBE19plus  Data File:
* FileName = C:\DATA\071019_bvr_0001.hex
* Software version 2.8.0.119
* Temperature SN = 7809
* Conductivity SN = 7809
* System UpLoad Time = Jul 12 2019 13:00:56
* <ApplicationData>
* <Seaterm232>
# nquan = 18
# nvalues = 1220                        
# units = specified
# name 0 = depFM: Depth [fresh water, m]
# name 1 = tv290C: Temperature [ITS-90, deg C]
# name 2 = sbeox0Mg/L: Oxygen, SBE 43 [mg/l]
# name 3 = sbeox0PS: Oxygen, SBE 43 [% saturation]
# name 4 = c0uS/cm: Conductivity [uS/cm]
# name 5 = specc: Specific Conductance [uS/cm]
# name 6 = ph: pH
# name 7 = orp: Oxidation Reduction Potential [mV]
# name 8 = flECO-AFL: Fluorescence, WET Labs ECO-AFL/FL [mg/m^3]
# name 9 = turbWETntu0: Turbidity, WET Labs ECO [NTU]
# name 10 = sal00: Salinity, Practical [PSU]
# name 11 = dz/dtM: Descent Rate [m/s]
# name 12 = prdM: Pressure, Strain Gauge [db]
# name 13 = prdE: Pressure, Strain Gauge [psi]
# name 14 = scan: Scan Count
# name 15 = par/sat/log: PAR/Logarithmic, Satlantic
# name 16 = density00: Density [density, kg/m^3]
# name 17 = flag:  0.000e+00
# span 0 =     -0.673,     10.571       
# span 1 =     8.4238,    31.1131       
# span 2 =    -0.2066,     8.6182       
# span 3 =     -1.909,    109.838       
# span 4 =   0.508873, 110.981674       
# span 5 =      0.389,    167.240       
# span 6 =      5.771,      6.968       
# span 7 = -1240.7455,  1240.2295       
# span 8 =    -0.2628,    22.9500       
# span 9 =    -0.6142,    51.0951       
# span 10 =     0.0138,     0.0773      
# span 11 =     -0.014,      0.143      
# span 12 =     -0.659,     10.366      
# span 13 =     -0.956,     15.034      
# span 14 =          1,       1220      
# span 15 = 1.2180e-01, 7.8857e+02      
# span 16 =   995.3150,   999.9345      
# span 17 = 0.0000e+00, 0.0000e+00      
# interval = seconds: 0.25
# start_time = Jul 10 2019 18:55:45 [Instrument's time stamp, header]
# bad_flag = -9.990e-29
*END*
[from data line 1207]
     10.509     8.4579     0.0722      0.616  93.400241    139.522      5.892    36.0282     1.1182     3.4377     0.0645      0.016     10.306     14.947       1208 1.2340e-01   999.9216 0.0000e+00
     10.511     8.4441 -9.990e-29 -9.990e-29  94.215251    140.786      5.896    36.0282     1.1449     3.4810     0.0651      0.013     10.308     14.950       1209 1.2362e-01   999.9222 0.0000e+00
     10.515     8.4324 -9.990e-29 -9.990e-29  94.673770    141.416      5.898    35.4224     1.1296     3.3800     0.0653      0.011     10.311     14.954       1210 1.2361e-01   999.9231 0.0000e+00
     10.517     8.4293 -9.990e-29 -9.990e-29  95.415378    142.688      5.900    35.4603     1.1143     3.5819     0.0659      0.010     10.313     14.958       1211 1.2362e-01   999.9245 0.0000e+00
     10.520     8.4307 -9.990e-29 -9.990e-29  95.313438    142.572      5.898    34.8546     1.0457     3.4377     0.0659      0.010     10.316     14.962       1212 1.2353e-01   999.9253 0.0000e+00
     10.522     8.4313 -9.990e-29 -9.990e-29  94.592591    141.412      5.901    34.8546     1.0609     3.4666     0.0653      0.010     10.318     14.966       1213 1.2358e-01   999.9251 0.0000e+00
     10.525     8.4310 -9.990e-29 -9.990e-29  94.826360    141.823      5.902    34.2110     1.0991     3.4810     0.0655      0.010     10.322     14.971       1214 1.2360e-01   999.9252 0.0000e+00
     10.531     8.4293 -9.990e-29 -9.990e-29  95.260288    142.494      5.901    33.6431     1.0991     3.4666     0.0658      0.011     10.329     14.981       1215 1.2354e-01   999.9254 0.0000e+00
     10.542     8.4292 -9.990e-29 -9.990e-29 100.740792    150.158      5.901    33.7189     1.0800     3.6540     0.0694      0.014     10.339     14.995       1216 1.2349e-01   999.9284 0.0000e+00
     10.554     8.4271 -9.990e-29 -9.990e-29 106.765341    160.606      5.904    32.9617     1.0686     3.6108     0.0742      0.019     10.349     15.010       1217 1.2339e-01   999.9319 0.0000e+00
     10.565     8.4244 -9.990e-29 -9.990e-29 109.289664    162.405      5.904    32.9239     1.0686     3.5819     0.0750      0.024     10.359     15.024       1218 1.2341e-01   999.9334 0.0000e+00
     10.570 -9.990e-29 -9.990e-29 -9.990e-29 110.981674    167.240      5.905    32.7346     1.0953     3.6108     0.0773      0.028     10.364     15.032       1219 1.2352e-01   999.9344 0.0000e+00
     10.571 -9.990e-29 -9.990e-29 -9.990e-29 110.697557    164.316      5.902    32.7724     1.1792     3.6829     0.0759      0.030     10.366     15.034       1220 1.2362e-01   999.9345 0.0000e+00
