Data/DataNotYetUploadedToEDI/CTD_2019/071019_bvr50_c.cnv
* Sea-Bird SBE19plus  Data File:
* FileName = C:\DATA\071019_bvr_0002.hex
* Software version 2.8.0.119
* Temperature SN = 7809
* Conductivity SN = 7809
* System UpLoad Time = Jul 12 2019 13:01:20
* <ApplicationData>
* <Seaterm232>
# nquan = 18
# nvalues = 758                         
# units = specified
# name 0 = depFM: Depth [fresh water, m]
# name 1 = tv290C: Temperature [ITS-90, deg C]
# name 2 = sbeox0Mg/L: Oxygen, SBE 43 [mg/l]
# name 3 = sbeox0PS: Oxygen, SBE 43 [% saturation]
# name 4 = c0uS/cm: Conductivity [uS/cm]
# name 5 = specc: Specific Conductance [uS/cm]
# name 6 = ph: pH
# name 7 = orp: Oxidation Reduction Potential [mV]
# name 8 = flECO-AFL: Fluorescence, WET Labs ECO-AFL/FL [mg/m^3]
# name 9 = turbWETntu0: Turbidity, WET Labs ECO [NTU]
# name 10 = sal00: Salinity, Practical [PSU]
# name 11 = dz/dtM: Descent Rate [m/s]
# name 12 = prdM: Pressure, Strain Gauge [db]
# name 13 = prdE: Pressure, Strain Gauge [psi]
# name 14 = scan: Scan Count
# name 15 = par/sat/log: PAR/Logarithmic, Satlantic
# name 16 = density00: Density [density, kg/m^3]
# name 17 = flag:  0.000e+00
# span 0 =     -0.679,     10.586       
# span 1 =     8.4182,    27.6384       
# span 2 =    -1.0572,     8.1896       
# span 3 =     -9.733,    103.960       
# span 4 =   0.398750, 167.961091       
# span 5 =      0.389,    253.002       
# span 6 =      5.799,      7.360       
# span 7 =     8.5059,   502.9595       
# span 8 =    -0.0263,    28.6874       
# span 9 =    -0.3691,    34.6277       
# span 10 =     0.0114,     0.1175      
# span 11 =     -0.027,      0.205      
# span 12 =     -0.665,     10.381      
# span 13 =     -0.965,     15.056      
# span 14 =          1,        758      
# span 15 = 1.2064e-01, 1.9296e-01      
# span 16 =   996.3552,   999.9647      
# span 17 = 0.0000e+00, 0.0000e+00      
# interval = seconds: 0.25
# start_time = Jul 10 2019 21:15:55 [Instrument's time stamp, header]
# bad_flag = -9.990e-29
*END*
[from data line 563]
      6.906    10.5665     0.1970      1.756  34.958422     49.034      5.971   235.5737     6.0201     6.6677     0.0247      0.083      6.775      9.826        564 1.2355e-01   999.6947 0.0000e+00
      6.940    10.5220     0.1893      1.685  35.000387     49.158      5.965   232.2801     6.0278     6.5524     0.0247      0.087      6.804      9.868        565 1.2381e-01   999.6981 0.0000e+00
      6.968    10.4955     0.1922      1.709  35.277027     49.563      5.961   229.6680     6.0316     6.5091     0.0249      0.091      6.831      9.906        566 1.2372e-01   999.7020 0.0000e+00
      6.988    10.4806     0.1915      1.701  35.325381     49.782      5.953   227.3587     6.0239     6.5668     0.0250      0.091      6.851      9.935        567 1.2366e-01   999.7064 0.0000e+00
      7.000    10.4709     0.1857      1.648  35.325474     49.664      5.945   224.4058     4.3836     6.5524     0.0249      0.089      6.866      9.957        568 1.2367e-01   999.7090 0.0000e+00
      7.015    10.4707     0.1896      1.682  35.276926     49.838      5.942   213.8437     4.3912     6.5235     0.0250      0.088      6.882      9.981        569 1.2377e-01   999.7105 0.0000e+00
      7.039    10.4340     0.1865      1.654  35.504342     49.858      5.937   206.6129     4.3645     6.5091     0.0250      0.088      6.902     10.010        570 1.2383e-01   999.7116 0.0000e+00
      7.057    10.3876     0.1805      1.601  36.050047     51.031      5.934   202.2972     4.3950     6.4947     0.0255      0.085      6.922     10.040        571 1.2367e-01   999.7120 0.0000e+00
      7.079    10.3552     0.1732      1.536  36.761169     51.603      5.933   198.3601     3.7694     6.0621     0.0257      0.079      6.945     10.074        572 1.2380e-01   999.7159 0.0000e+00
      7.112    10.3109     0.1761      1.560  38.323939     54.390      5.927   194.0443     3.7465     6.0765     0.0269      0.079      6.973     10.113        573 1.2371e-01   999.7211 0.0000e+00
      7.139    10.2613     0.1724      1.526  39.173250     55.231      5.924   190.9022     3.7770     6.1054     0.0273      0.082      6.999     10.151        574 1.2359e-01   999.7246 0.0000e+00
      7.160    10.2118     0.1677      1.484  39.112633     55.537      5.920   187.8736     3.7694     6.1342     0.0274      0.088      7.022     10.184        575 1.2358e-01   999.7289 0.0000e+00
      7.182    10.1589     0.1586      1.403  38.843988     54.943      5.915   185.4507     3.9563     4.9230     0.0271      0.093      7.043     10.215        576 1.2367e-01   999.7334 0.0000e+00
      7.205    10.1070     0.1606      1.420  39.329766     55.892      5.908   183.4064     3.9487     4.9518     0.0275      0.095      7.066     10.248        577 1.2380e-01   999.7384 0.0000e+00
      7.229    10.0656     0.1689      1.493  41.620452     59.075      5.906   181.5893     3.9602     4.9951     0.0289      0.095      7.089     10.281        578 1.2372e-01   999.7444 0.0000e+00
      7.251    10.0434     0.1618      1.429  45.093827     64.295      5.901   179.7721     3.9411     4.9806     0.0312      0.095      7.109     10.310        579 1.2379e-01   999.7508 0.0000e+00
      7.266    10.0381     0.1635      1.443  47.458609     67.717      5.897   178.3714     3.7694     3.7405     0.0327      0.091      7.125     10.334        580 1.2363e-01   999.7559 0.0000e+00
      7.279    10.0381     0.1610      1.421  47.483153     67.761      5.893   176.9707     3.7885     3.7838     0.0327      0.084      7.140     10.355        581 1.2354e-01   999.7580 0.0000e+00
      7.297    10.0328     0.1647      1.453  46.605084     66.494      5.892   174.8507     3.7809     3.7982     0.0321      0.079      7.156     10.379        582 1.2375e-01   999.7581 0.0000e+00
      7.315    10.0043     0.1606      1.416  45.853104     65.419      5.890   172.3521     3.7770     3.8126     0.0316      0.075      7.172     10.402        583 1.2370e-01   999.7577 0.0000e+00
      7.328     9.9687     0.1564      1.378  46.165518     65.825      5.886   170.3078     3.7770     3.8415     0.0318      0.070      7.182     10.418        584 1.2375e-01   999.7584 0.0000e+00
      7.329     9.9563     0.1523      1.342  46.453494     66.479      5.883   169.0207     3.7236     3.3224     0.0321      0.062      7.187     10.424        585 1.2376e-01   999.7611 0.0000e+00
      7.329     9.9475     0.1541      1.357  46.562147     66.387      5.881   166.9385     3.6969     3.3368     0.0320      0.052      7.191     10.430        586 1.2355e-01   999.7643 0.0000e+00
      7.341     9.9184     0.1513      1.332  47.572187     68.209      5.878   164.4021     3.7198     3.3656     0.0328      0.044      7.203     10.447        587 1.2359e-01   999.7660 0.0000e+00
      7.366     9.8850     0.1470      1.293  47.983781     68.544      5.876   162.9257     3.7046     3.2935     0.0330      0.043      7.223     10.477        588 1.2368e-01   999.7671 0.0000e+00
      7.389     9.8603     0.1479      1.300  48.362799     69.283      5.875   161.7899     3.5215     3.4233     0.0333      0.046      7.244     10.508        589 1.2365e-01   999.7700 0.0000e+00
      7.407     9.8410     0.1458      1.281  49.739711     71.232      5.869   160.5028     3.5176     3.3224     0.0341      0.049      7.264     10.536        590 1.2368e-01   999.7736 0.0000e+00
      7.425     9.8325     0.1535      1.348  50.837100     73.006      5.865   159.1021     3.5253     3.2791     0.0349      0.055      7.284     10.564        591 1.2365e-01   999.7765 0.0000e+00
      7.451     9.8200     0.1447      1.271  51.801408     74.210      5.865   156.6792     3.5100     3.3368     0.0355      0.064      7.307     10.597        592 1.2364e-01   999.7788 0.0000e+00
      7.477     9.7945     0.1447      1.271  53.640875     77.077      5.860   155.2406     3.7046     4.1443     0.0367      0.076      7.330     10.631        593 1.2361e-01   999.7806 0.0000e+00
      7.496     9.7732     0.1457      1.279  54.806176     78.707      5.855   153.3478     3.7160     4.2452     0.0375      0.084      7.350     10.661        594 1.2360e-01   999.7823 0.0000e+00
      7.512     9.7622     0.1417      1.244  54.711387     78.608      5.853   151.7199     3.7046     4.1875     0.0374      0.084      7.368     10.686        595 1.2375e-01   999.7845 0.0000e+00
      7.531     9.7537     0.1436      1.260  54.263100     78.050      5.852   147.5935     3.6893     4.1443     0.0371      0.082      7.388     10.716        596 1.2368e-01   999.7861 0.0000e+00
      7.559     9.7276     0.1369      1.200  55.097116     79.084      5.848   143.6185     3.7122     3.5675     0.0376      0.083      7.413     10.752        597 1.2367e-01   999.7876 0.0000e+00
      7.587     9.6907     0.1447      1.268  57.203524     82.476      5.843   141.0442     3.6817     3.5531     0.0391      0.086      7.438     10.788        598 1.2370e-01   999.7896 0.0000e+00
      7.606     9.6581     0.1401      1.227  57.366993     82.542      5.841   138.9242     3.7351     3.6396     0.0391      0.087      7.459     10.818        599 1.2357e-01   999.7920 0.0000e+00
      7.626     9.6358     0.1346      1.178  57.326220     82.548      5.836   136.8420     3.7236     3.5963     0.0391      0.086      7.479     10.847        600 1.2370e-01   999.7952 0.0000e+00
      7.647     9.6329     0.1397      1.222  58.737677     84.804      5.833   134.6842     3.4833     3.3800     0.0401      0.086      7.497     10.874        601 1.2372e-01   999.7988 0.0000e+00
      7.662     9.6364     0.1363      1.192  59.407981     85.748      5.830   132.4127     3.4681     3.2503     0.0405      0.085      7.512     10.896        602 1.2374e-01   999.8010 0.0000e+00
      7.674     9.6272     0.1377      1.203  59.785266     86.279      5.830   130.6334     3.4528     3.2935     0.0408      0.082      7.526     10.916        603 1.2382e-01   999.8016 0.0000e+00
      7.687     9.6073     0.1331      1.163  60.374726     87.197      5.830   128.7406     3.4757     3.3656     0.0412      0.076      7.540     10.937        604 1.2372e-01   999.8017 0.0000e+00
      7.706     9.5963     0.1296      1.132  60.246943     86.978      5.825   125.1441     3.5787     2.9186     0.0411      0.069      7.558     10.963        605 1.2376e-01   999.8025 0.0000e+00
      7.729     9.5818     0.1289      1.126  59.825610     86.424      5.823   122.9863     3.5939     2.8753     0.0408      0.067      7.580     10.994        606 1.2377e-01   999.8040 0.0000e+00
      7.753     9.5475     0.1320      1.153  59.712255     86.289      5.822   120.8663     3.5825     2.9474     0.0408      0.068      7.601     11.025        607 1.2370e-01   999.8050 0.0000e+00
      7.772     9.5158     0.1309      1.143  59.764943     86.403      5.820   119.2005     3.5825     2.8753     0.0408      0.070      7.620     11.052        608 1.2374e-01   999.8063 0.0000e+00
      7.786     9.4939     0.1276      1.114  59.819395     86.574      5.819   116.7777     3.5978     2.8177     0.0409      0.071      7.636     11.075        609 1.2364e-01   999.8092 0.0000e+00
      7.803     9.4732     0.1276      1.113  60.030227     86.935      5.820   115.6420     2.7394     2.8753     0.0410      0.073      7.651     11.097        610 1.2382e-01   999.8121 0.0000e+00
      7.816     9.4552     0.1280      1.116  60.036659     87.072      5.815   114.4684     2.7471     2.8898     0.0411      0.073      7.666     11.118        611 1.2384e-01   999.8140 0.0000e+00
      7.832     9.4384     0.1239      1.080  59.870753     86.759      5.817   112.2348     2.7127     2.8609     0.0409      0.071      7.686     11.146        612 1.2361e-01   999.8156 0.0000e+00
      7.864     9.4190     0.1263      1.101  60.444413     87.738      5.813   110.4177     2.7280     2.8898     0.0414      0.072      7.711     11.183        613 1.2358e-01   999.8176 0.0000e+00
      7.892     9.4003     0.1258      1.096  61.132708     88.754      5.813   108.8655     2.1825     2.8898     0.0418      0.074      7.734     11.217        614 1.2356e-01   999.8194 0.0000e+00
      7.902     9.3897     0.1233      1.074  61.180213     88.886      5.811   107.7676     2.1748     2.9907     0.0419      0.075      7.747     11.236        615 1.2376e-01   999.8210 0.0000e+00
      7.906     9.3875     0.1234      1.075  61.156778     88.854      5.809   107.2755     2.1748     2.8177     0.0418      0.073      7.754     11.246        616 1.2379e-01   999.8226 0.0000e+00
      7.913     9.3873     0.1287      1.121  61.250904     89.084      5.810   105.9505     2.1901     2.9042     0.0419      0.069      7.763     11.259        617 1.2357e-01   999.8235 0.0000e+00
      7.928     9.3779     0.1245      1.084  61.419151     89.252      5.808   103.6033     1.6370     2.5725     0.0420      0.064      7.778     11.281        618 1.2363e-01   999.8238 0.0000e+00
      7.954     9.3551     0.1204      1.048  61.748563     89.821      5.809   101.6726     1.6293     2.6735     0.0423      0.062      7.800     11.313        619 1.2386e-01   999.8241 0.0000e+00
      7.980     9.3303     0.1192      1.038  61.998206     90.131      5.807   101.0669     1.6446     2.6014     0.0424      0.061      7.821     11.344        620 1.2362e-01   999.8251 0.0000e+00
      7.992     9.3146     0.1182      1.029  61.998680     90.272      5.810   100.1205     1.6560     2.6014     0.0424      0.059      7.836     11.365        621 1.2351e-01   999.8271 0.0000e+00
      7.999     9.3041     0.1194      1.038  62.015051     90.257      5.808    99.1741     1.9956     3.0628     0.0424      0.058      7.848     11.382        622 1.2391e-01   999.8291 0.0000e+00
      8.017     9.2924     0.1139      0.990  62.037198     90.461      5.810    97.0162     2.0032     2.9330     0.0425      0.062      7.865     11.408        623 1.2381e-01   999.8305 0.0000e+00
      8.047     9.2795     0.1147      0.996  62.742654     91.303      5.808    95.6533     2.0070     2.9042     0.0429      0.069      7.888     11.442        624 1.2351e-01   999.8318 0.0000e+00
      8.068     9.2696     0.1177      1.022  63.689156     93.047      5.807    94.5933     1.9917     2.9186     0.0437      0.074      7.907     11.469        625 1.2375e-01   999.8333 0.0000e+00
      8.074     9.2655     0.1113      0.966  63.500375     92.470      5.806    93.2305     2.0528     2.9186     0.0434      0.071      7.917     11.483        626 1.2375e-01   999.8343 0.0000e+00
      8.077     9.2634     0.1164      1.010  63.333684     92.497      5.805    91.4890     2.0909     3.0051     0.0434      0.064      7.923     11.491        627 1.2360e-01   999.8350 0.0000e+00
      8.086     9.2608     0.1159      1.005  63.837255     93.038      5.807    89.8612     2.0680     2.9474     0.0437      0.058      7.933     11.505        628 1.2377e-01   999.8356 0.0000e+00
      8.103     9.2601     0.1197      1.038  64.209121     93.820      5.810    88.2712     2.0680     2.8753     0.0440      0.056      7.951     11.532        629 1.2390e-01   999.8361 0.0000e+00
      8.134     9.2563     0.1171      1.015  64.770203     94.357      5.809    86.8326     2.0451     2.8753     0.0442      0.058      7.984     11.579        630 1.2374e-01   999.8367 0.0000e+00
      8.186     9.2394     0.1166      1.010  66.373899     96.972      5.807    85.8483     1.8926     2.8321     0.0454      0.067      8.029     11.645        631 1.2369e-01   999.8379 0.0000e+00
      8.240     9.2122     0.1216      1.053  67.288454     98.206      5.805    85.1290     1.8620     2.8753     0.0460      0.083      8.074     11.712        632 1.2388e-01   999.8389 0.0000e+00
      8.274     9.1867     0.1155      1.001  66.985850     97.805      5.802    84.5612     1.8773     2.9042     0.0458      0.104      8.109     11.762        633 1.2388e-01   999.8401 0.0000e+00
      8.294     9.1668     0.1252      1.085  66.869214     97.720      5.802    83.8797     1.8887     2.9330     0.0457      0.122      8.134     11.798        634 1.2378e-01   999.8423 0.0000e+00
      8.318     9.1475     0.1156      1.002  66.632247     97.466      5.802    83.1604     1.5263     3.1349     0.0456      0.133      8.157     11.832        635 1.2369e-01   999.8443 0.0000e+00
      8.343     9.1287     0.1245      1.079  66.271641     96.950      5.799    82.5926     1.5263     3.1205     0.0454      0.136      8.179     11.862        636 1.2362e-01   999.8459 0.0000e+00
      8.357     9.1156     0.1104      0.956  66.130797     96.840      5.800    81.7597     1.5035     3.0051     0.0453      0.128      8.194     11.884        637 1.2366e-01   999.8473 0.0000e+00
      8.366     9.1076     0.1151      0.997  66.095227     96.813      5.799    80.5861     1.4844     3.1349     0.0453      0.111      8.204     11.898        638 1.2372e-01   999.8488 0.0000e+00
      8.373     9.0999     0.1107      0.959  66.108168     96.891      5.801    78.6933     1.2784     3.0916     0.0453      0.088      8.213     11.912        639 1.2372e-01   999.8498 0.0000e+00
      8.386     9.0892     0.1075      0.931  66.025665     96.790      5.804    77.4061     1.2784     3.0772     0.0453      0.070      8.226     11.931        640 1.2374e-01   999.8505 0.0000e+00
      8.406     9.0754     0.1143      0.989  65.604323     96.197      5.807    76.5733     1.2784     3.1349     0.0450      0.062      8.244     11.957        641 1.2367e-01   999.8509 0.0000e+00
      8.427     9.0626     0.1046      0.904  65.386008     95.858      5.806    76.1947     1.2708     3.1493     0.0448      0.059      8.264     11.986        642 1.2361e-01   999.8517 0.0000e+00
      8.446     9.0597     0.1064      0.920  65.466355     96.102      5.807    75.8161     1.2593     3.2935     0.0449      0.058      8.284     12.015        643 1.2358e-01   999.8529 0.0000e+00
