Data/DataNotYetUploadedToEDI/CTD_2019/071019_bvr50_b.cnv
* Sea-Bird SBE19plus  Data File:
* FileName = C:\DATA\071019_bvr_0001.hex
* Software version 2.8.0.119
* Temperature SN = 7809
* Conductivity SN = 7809
* System UpLoad Time = Jul 12 2019 13:00:56
* <ApplicationData>
* <Seaterm232>
# nquan = 18
# nvalues = 1220                        
# units = specified
# name 0 = depFM: Depth [fresh water, m]
# name 1 = tv290C: Temperature [ITS-90, deg C]
# name 2 = sbeox0Mg/L: Oxygen, SBE 43 [mg/l]
# name 3 = sbeox0PS: Oxygen, SBE 43 [% saturation]
# name 4 = c0uS/cm: Conductivity [uS/cm]
# name 5 = specc: Specific Conductance [uS/cm]
# name 6 = ph: pH
# name 7 = orp: Oxidation Reduction Potential [mV]
# name 8 = flECO-AFL: Fluorescence, WET Labs ECO-AFL/FL [mg/m^3]
# name 9 = turbWETntu0: Turbidity, WET Labs ECO [NTU]
# name 10 = sal00: Salinity, Practical [PSU]
# name 11 = dz/dtM: Descent Rate [m/s]
# name 12 = prdM: Pressure, Strain Gauge [db]
# name 13 = prdE: Pressure, Strain Gauge [psi]
# name 14 = scan: Scan Count
# name 15 = par/sat/log: PAR/Logarithmic, Satlantic
# name 16 = density00: Density [density, kg/m^3]
# name 17 = flag:  0.000e+00
# span 0 =     -0.673,     10.571       
# span 1 =     8.4238,    31.1131       
# span 2 =    -0.2066,     8.6182       
# span 3 =     -1.909,    109.838       
# span 4 =   0.508873, 110.981674       
# span 5 =      0.389,    167.240       
# span 6 =      5.771,      6.968       
# span 7 = -1240.7455,  1240.2295       
# span 8 =    -0.2628,    22.9500       
# span 9 =    -0.6142,    51.0951       
# span 10 =     0.0138,     0.0773      
# span 11 =     -0.014,      0.143      
# span 12 =     -0.659,     10.366      
# span 13 =     -0.956,     15.034      
# span 14 =          1,       1220      
# span 15 = 1.2180e-01, 7.8857e+02      
# span 16 =   995.3150,   999.9345      
# span 17 = 0.0000e+00, 0.0000e+00      
# interval = seconds: 0.25
# start_time = Jul 10 2019 18:55:45 [Instrument's time stamp, header]
# bad_flag = -9.990e-29
*END*
[from data line 161]
      0.060    28.1814     4.4701     57.290  30.140423     28.351      5.828   241.9716     0.7214     0.9864     0.0218      0.054      0.059      0.087        162 3.3763e+02   996.2065 0.0000e+00
      0.072    28.1814     4.4557     57.106  30.147688     28.346      5.808   241.1766     0.7138     1.1161     0.0218      0.053      0.073      0.107        163 3.2829e+02   996.2034 0.0000e+00
      0.096    28.1836     4.4419     56.934  30.090163     28.286      5.810   241.8580     0.6528     0.7845     0.0218      0.055      0.092      0.134        164 3.0121e+02   996.2003 0.0000e+00
      0.115    28.1759     4.4391     56.907  30.093509     28.288      5.802   242.0095     0.6757     0.8133     0.0218      0.057      0.110      0.159        165 2.8485e+02   996.2005 0.0000e+00
      0.123    28.1657     4.4328     56.833  30.143523     28.337      5.804   242.1987     0.6947     0.8422     0.0218      0.057      0.121      0.175        166 3.2409e+02   996.1999 0.0000e+00
      0.133    28.1643     4.4304     56.807  30.146423     28.343      5.817   242.1230     0.6757     0.8566     0.0218      0.056      0.129      0.187        167 3.3484e+02   996.2021 0.0000e+00
      0.139    28.1648     4.4217     56.702  30.149153     28.348      5.837   242.6152     0.6604     0.8422     0.0218      0.053      0.135      0.196        168 3.1901e+02   996.2051 0.0000e+00
      0.141    28.1640     4.4163     56.641  30.169753     28.375      5.849   243.2588     0.6757     0.8710     0.0218      0.049      0.138      0.200        169 3.2350e+02   996.2054 0.0000e+00
      0.141    28.1622     4.4031     56.476  30.150413     28.348      5.850   243.6752     0.6947     0.8422     0.0218      0.041      0.138      0.200        170 3.1284e+02   996.2053 0.0000e+00
      0.141    28.1670     4.4899     57.564  30.143598     28.349      5.852   243.0316     0.6947     0.8277     0.0218      0.031      0.139      0.201        171 3.0620e+02   996.2055 0.0000e+00
      0.144    28.1742     4.9762     63.682  30.148610     28.350      5.852   243.0316     0.6833     0.8133     0.0218      0.021      0.141      0.204        172 3.4280e+02   996.2060 0.0000e+00
      0.146    28.1766     5.8094     74.231  30.144174     28.347      5.852   243.0316     0.6833     0.8133     0.0218      0.013      0.142      0.205        173 3.5881e+02   996.2047 0.0000e+00
      0.144    28.1808     6.6647     85.076  30.149116     28.343      5.848   243.4480     0.6757     0.8422     0.0218      0.009      0.142      0.205        174 3.3816e+02   996.2027 0.0000e+00
      0.144    28.1897     7.4021     94.434  30.201708     28.394      5.850   243.5995     0.6757     0.7845     0.0218      0.005      0.142      0.206        175 3.3537e+02   996.2020 0.0000e+00
      0.146    28.1968     7.9992    102.007  30.226847     28.418      5.852   244.1295     0.6757     0.8133     0.0218      0.003      0.143      0.207        176 3.3154e+02   996.2007 0.0000e+00
      0.146    28.2004     8.3843    106.887  30.147454     28.335      5.855   244.6595     0.6718     0.8133     0.0218      0.003      0.143      0.207        177 3.4843e+02   996.1983 0.0000e+00
      0.144    28.2086     8.5918    109.512  30.152384     28.331      5.854   244.8109     0.6528     0.7701     0.0218      0.002      0.143      0.207        178 3.3817e+02   996.1962 0.0000e+00
      0.148    28.2148     8.6182    109.838  30.191084     28.382      5.855   244.9623     0.6795     0.8998     0.0218      0.002      0.145      0.210        179 3.1153e+02   996.1951 0.0000e+00
      0.153    28.2207     8.4874    108.156  30.217789     28.378      5.857   245.1895     0.6947     0.8998     0.0218      0.003      0.149      0.215        180 3.2274e+02   996.1928 0.0000e+00
      0.153    28.1909     8.2987    105.720  30.119146     28.321      5.853   245.0759     0.6566     0.8710     0.0218      0.004      0.150      0.217        181 2.8854e+02   996.1910 0.0000e+00
      0.153    28.0944     8.1313    103.569  29.425109     27.637      5.856   245.3030     0.6604     0.7556     0.0215      0.005      0.153      0.221        182 3.0421e+02   996.1891 0.0000e+00
      0.161    28.0038     7.9918    101.765  28.859702     27.099      5.858   245.7573     0.6680     0.7701     0.0213      0.007      0.158      0.229        183 3.2324e+02   996.1976 0.0000e+00
      0.169    27.9504     7.8861    100.376  28.808385     27.152      5.858   246.2116     0.6757     0.8854     0.0213      0.011      0.163      0.237        184 2.5910e+02   996.2252 0.0000e+00
      0.169    27.9155     7.8116     99.382  28.748421     27.091      5.854   246.5145     0.6909     1.0440     0.0213      0.013      0.167      0.243        185 2.7861e+02   996.2510 0.0000e+00
      0.174    27.8922     7.7678     98.795  28.697377     27.119      5.851   246.0980     0.7062     1.0296     0.0213      0.015      0.175      0.253        186 3.4365e+02   996.2661 0.0000e+00
      0.192    27.8754     7.7314     98.314  28.634949     27.031      5.846   246.3630     0.6947     1.1161     0.0212      0.019      0.188      0.273        187 2.6790e+02   996.2760 0.0000e+00
      0.207    27.8650     7.7065     97.982  28.648389     27.096      5.828   246.6659     0.6795     1.0873     0.0212      0.025      0.202      0.293        188 2.5150e+02   996.2828 0.0000e+00
      0.218    27.8597     7.6918     97.767  28.621416     27.052      5.812   247.4230     0.6947     0.9287     0.0212      0.032      0.215      0.311        189 2.2862e+02   996.2876 0.0000e+00
      0.232    27.8511     7.6806     97.601  28.609278     27.057      5.807   247.3095     0.6757     0.8422     0.0212      0.038      0.230      0.333        190 2.3471e+02   996.2905 0.0000e+00
      0.253    27.8355     7.6788     97.563  28.604253     27.060      5.799   247.5366     0.6413     0.8133     0.0212      0.045      0.250      0.362        191 3.5824e+02   996.2921 0.0000e+00
      0.279    27.8242     7.6717     97.466  28.509183     26.958      5.790   248.2181     0.6757     0.8854     0.0212      0.055      0.273      0.396        192 2.6219e+02   996.2947 0.0000e+00
      0.301    27.8098     7.6664     97.405  28.490614     26.967      5.785   247.8016     0.6947     0.8998     0.0212      0.065      0.296      0.430        193 2.6850e+02   996.2992 0.0000e+00
      0.325    27.7854     7.6593     97.326  28.508876     26.972      5.782   248.8616     0.6528     0.8133     0.0212      0.073      0.320      0.465        194 2.9439e+02   996.3025 0.0000e+00
      0.355    27.7601     7.6554     97.282  28.456840     26.953      5.784   249.4295     0.6375     0.8998     0.0212      0.080      0.344      0.500        195 2.1060e+02   996.3066 0.0000e+00
      0.373    27.7425     7.6626     97.387  28.377644     26.860      5.786   249.4673     0.6871     0.8422     0.0211      0.085      0.363      0.527        196 1.9956e+02   996.3136 0.0000e+00
      0.384    27.7329     7.6643     97.420  28.429708     26.952      5.790   249.7323     0.6642     0.8422     0.0212      0.087      0.377      0.548        197 1.6309e+02   996.3208 0.0000e+00
      0.399    27.7232     7.6652     97.414  28.451302     26.961      5.795   249.7702     0.7367     1.0008     0.0212      0.085      0.393      0.570        198 1.2433e+02   996.3258 0.0000e+00
      0.421    27.7074     7.6746     97.511  28.439644     26.966      5.796   250.4895     0.7024     1.0152     0.0212      0.081      0.410      0.595        199 1.1299e+02   996.3286 0.0000e+00
      0.435    27.6935     7.6732     97.481  28.355354     26.891      5.790   250.6409     0.7291     1.1161     0.0211      0.076      0.424      0.614        200 1.1672e+02   996.3313 0.0000e+00
      0.439    27.6852     7.6655     97.381  28.319226     26.847      5.786   250.8302     0.7367     1.1161     0.0211      0.068      0.430      0.623        201 1.2094e+02   996.3359 0.0000e+00
      0.440    27.6816     7.6651     97.361  28.395742     26.960      5.791   250.9816     0.7100     0.9287     0.0211      0.057      0.432      0.626        202 1.2324e+02   996.3398 0.0000e+00
      0.442    27.6849     7.6732     97.448  28.378627     26.911      5.793   251.0573     0.7100     0.7701     0.0211      0.046      0.433      0.628        203 1.3650e+02   996.3421 0.0000e+00
      0.443    27.6908     7.6809     97.534  28.429397     26.992      5.797   250.9059     0.7024     0.7556     0.0212      0.036      0.433      0.628        204 1.5473e+02   996.3432 0.0000e+00
      0.439    27.6948     7.6756     97.467  28.451050     26.991      5.800   251.4359     0.7062     0.9143     0.0212      0.026      0.430      0.624        205 1.4493e+02   996.3422 0.0000e+00
      0.432    27.7024     7.6723     97.434  28.351681     26.908      5.804   251.5116     0.7977     1.0585     0.0211      0.014      0.430      0.623        206 1.2460e+02   996.3405 0.0000e+00
      0.443    27.7079     7.6668     97.371  28.375325     26.906      5.813   252.0038     0.7863     0.9864     0.0211      0.005      0.441      0.640        207 1.2321e+02   996.3394 0.0000e+00
      0.477    27.6992     7.6598     97.278  28.451245     27.008      5.809   252.4959     0.7519     1.0729     0.0212      0.010      0.465      0.674        208 1.3731e+02   996.3375 0.0000e+00
      0.500    27.6853     7.6536     97.194  28.375685     26.899      5.800   252.5338     0.7825     0.9864     0.0211      0.022      0.488      0.707        209 1.1631e+02   996.3360 0.0000e+00
      0.515    27.6794     7.6519     97.160  28.350866     26.904      5.800   252.6852     0.7329     1.1450     0.0211      0.036      0.504      0.731        210 1.0440e+02   996.3386 0.0000e+00
      0.527    27.6773     7.6451     97.062  28.363644     26.911      5.802   252.7609     0.7252     1.0873     0.0211      0.047      0.517      0.750        211 1.1105e+02   996.3425 0.0000e+00
      0.542    27.6690     7.6450     97.050  28.359788     26.914      5.805   253.7831     0.7100     1.0585     0.0211      0.057      0.530      0.769        212 1.0711e+02   996.3441 0.0000e+00
      0.554    27.6591     7.6444     97.029  28.355668     26.915      5.799   253.6316     0.7100     1.0440     0.0211      0.065      0.544      0.788        213 1.0716e+02   996.3447 0.0000e+00
      0.567    27.6531     7.6396     96.961  28.368774     26.919      5.787   253.3288     0.7252     1.0440     0.0211      0.067      0.559      0.811        214 1.0147e+02   996.3473 0.0000e+00
      0.593    27.6528     7.6447     97.023  28.402725     26.977      5.784   253.7452     0.7100     1.1017     0.0211      0.066      0.578      0.838        215 1.0476e+02   996.3501 0.0000e+00
      0.606    27.6583     7.6436     97.008  28.372664     26.928      5.782   254.1238     0.6985     1.0440     0.0211      0.061      0.593      0.860        216 1.0800e+02   996.3519 0.0000e+00
      0.616    27.6617     7.6405     96.968  28.435811     27.007      5.786   254.1995     0.6909     1.0008     0.0212      0.058      0.605      0.877        217 1.1345e+02   996.3520 0.0000e+00
      0.628    27.6600     7.6347     96.894  28.442630     27.004      5.791   254.3509     0.7138     1.1594     0.0212      0.058      0.616      0.893        218 1.1956e+02   996.3505 0.0000e+00
      0.640    27.6562     7.6294     96.819  28.364176     26.923      5.799   254.8809     0.7252     1.1306     0.0211      0.057      0.629      0.911        219 1.3193e+02   996.3496 0.0000e+00
      0.653    27.6497     7.6222     96.714  28.444577     27.003      5.804   255.0702     0.6833     1.0729     0.0212      0.056      0.644      0.933        220 1.3898e+02   996.3501 0.0000e+00
      0.677    27.6425     7.6112     96.566  28.401817     26.979      5.806   254.9188     0.7214     0.9719     0.0211      0.057      0.664      0.961        221 1.1808e+02   996.3514 0.0000e+00
      0.697    27.6362     7.6049     96.482  28.328525     26.876      5.802   255.0702     0.6947     1.0440     0.0211      0.058      0.684      0.991        222 1.0928e+02   996.3533 0.0000e+00
      0.716    27.6294     7.6118     96.566  28.417300     27.012      5.802   255.7138     0.7176     1.0008     0.0212      0.060      0.703      1.019        223 1.0947e+02   996.3553 0.0000e+00
      0.736    27.6247     7.6178     96.634  28.320964     26.883      5.795   256.2059     0.7252     1.0729     0.0211      0.065      0.719      1.042        224 1.1168e+02   996.3571 0.0000e+00
      0.744    27.6232     7.6297     96.775  28.300306     26.886      5.780   256.1302     0.7100     0.9431     0.0211      0.068      0.730      1.058        225 1.1659e+02   996.3591 0.0000e+00
      0.752    27.6223     7.6346     96.829  28.354144     26.942      5.771   256.2816     0.7176     1.0585     0.0211      0.066      0.739      1.072        226 1.0341e+02   996.3605 0.0000e+00
      0.765    27.6220     7.6408     96.908  28.313211     26.890      5.776   256.3195     0.7634     1.1161     0.0211      0.063      0.752      1.090        227 1.1697e+02   996.3609 0.0000e+00
      0.783    27.6220     7.6423     96.932  28.410493     26.996      5.789   256.5088     0.7863     1.1882     0.0211      0.060      0.769      1.115        228 1.1265e+02   996.3613 0.0000e+00
      0.803    27.6173     7.6502     97.033  28.440435     27.023      5.791   256.5845     0.7748     1.1450     0.0212      0.057      0.787      1.141        229 1.4001e+02   996.3615 0.0000e+00
      0.820    27.6094     7.6549     97.085  28.364815     26.943      5.794   256.8874     0.7596     1.0296     0.0211      0.057      0.804      1.166        230 1.9924e+02   996.3615 0.0000e+00
      0.836    27.6043     7.6506     97.021  28.356488     26.946      5.796   257.7581     0.7710     1.1450     0.0211      0.058      0.819      1.188        231 1.4621e+02   996.3629 0.0000e+00
      0.848    27.6021     7.6421     96.906  28.361934     26.950      5.796   257.4552     0.7977     1.1161     0.0211      0.059      0.832      1.207        232 1.1469e+02   996.3652 0.0000e+00
      0.861    27.6000     7.6432     96.914  28.358042     26.952      5.799   257.6445     0.7519     1.0585     0.0211      0.061      0.845      1.225        233 1.3309e+02   996.3667 0.0000e+00
      0.874    27.5957     7.6503     96.999  28.361333     26.953      5.805   257.9095     0.7748     0.9864     0.0211      0.061      0.858      1.245        234 1.4470e+02   996.3673 0.0000e+00
      0.891    27.5895     7.6582     97.094  28.357838     26.955      5.807   258.2124     0.7710     1.0008     0.0211      0.060      0.873      1.266        235 1.4284e+02   996.3680 0.0000e+00
      0.905    27.5853     7.6641     97.168  28.303148     26.904      5.805   258.2124     0.7977     1.1017     0.0211      0.058      0.885      1.284        236 1.0843e+02   996.3693 0.0000e+00
      0.913    27.5855     7.6687     97.225  28.251663     26.854      5.802   258.5909     0.8015     1.0585     0.0211      0.054      0.895      1.298        237 1.4086e+02   996.3710 0.0000e+00
      0.919    27.5878     7.6677     97.211  28.303424     26.909      5.803   258.5152     0.7748     1.1017     0.0211      0.050      0.903      1.310        238 1.4963e+02   996.3723 0.0000e+00
      0.931    27.5882     7.6615     97.134  28.297978     26.909      5.802   258.7045     0.7596     0.9719     0.0211      0.048      0.914      1.326        239 1.3899e+02   996.3722 0.0000e+00
      0.946    27.5845     7.6638     97.164  28.258440     26.855      5.805   258.6288     0.7786     1.2603     0.0211      0.047      0.928      1.346        240 2.0352e+02   996.3717 0.0000e+00
      0.962    27.5788     7.6716     97.264  28.293383     26.907      5.804   258.7802     0.7748     1.3324     0.0211      0.047      0.944      1.370        241 1.6732e+02   996.3716 0.0000e+00
