Data/DataNotYetUploadedToEDI/CTD_2019/071019_bvr50_c.cnv
* Sea-Bird SBE19plus  Data File:
* FileName = C:\DATA\071019_bvr_0002.hex
* Software version 2.8.0.119
* Temperature SN = 7809
* Conductivity SN = 7809
* System UpLoad Time = Jul 12 2019 13:01:20
* <ApplicationData>
* <Seaterm232>
# nquan = 18
# nvalues = 758                         
# units = specified
# name 0 = depFM: Depth [fresh water, m]
# name 1 = tv290C: Temperature [ITS-90, deg C]
# name 2 = sbeox0Mg/L: Oxygen, SBE 43 [mg/l]
# name 3 = sbeox0PS: Oxygen, SBE 43 [% saturation]
# name 4 = c0uS/cm: Conductivity [uS/cm]
# name 5 = specc: Specific Conductance [uS/cm]
# name 6 = ph: pH
# name 7 = orp: Oxidation Reduction Potential [mV]
# name 8 = flECO-AFL: Fluorescence, WET Labs ECO-AFL/FL [mg/m^3]
# name 9 = turbWETntu0: Turbidity, WET Labs ECO [NTU]
# name 10 = sal00: Salinity, Practical [PSU]
# name 11 = dz/dtM: Descent Rate [m/s]
# name 12 = prdM: Pressure, Strain Gauge [db]
# name 13 = prdE: Pressure, Strain Gauge [psi]
# name 14 = scan: Scan Count
# name 15 = par/sat/log: PAR/Logarithmic, Satlantic
# name 16 = density00: Density [density, kg/m^3]
# name 17 = flag:  0.000e+00
# span 0 =     -0.679,     10.586       
# span 1 =     8.4182,    27.6384       
# span 2 =    -1.0572,     8.1896       
# span 3 =     -9.733,    103.960       
# span 4 =   0.398750, 167.961091       
# span 5 =      0.389,    253.002       
# span 6 =      5.799,      7.360       
# span 7 =     8.5059,   502.9595       
# span 8 =    -0.0263,    28.6874       
# span 9 =    -0.3691,    34.6277       
# span 10 =     0.0114,     0.1175      
# span 11 =     -0.027,      0.205      
# span 12 =     -0.665,     10.381      
# span 13 =     -0.965,     15.056      
# span 14 =          1,        758      
# span 15 = 1.2064e-01, 1.9296e-01      
# span 16 =   996.3552,   999.9647      
# span 17 = 0.0000e+00, 0.0000e+00      
# interval = seconds: 0.25
# start_time = Jul 10 2019 21:15:55 [Instrument's time stamp, header]
# bad_flag = -9.990e-29
*END*
[from data line 724]
     10.266     8.4282     0.0942      0.804  95.288714    142.551      5.840    35.6496     1.0457     3.3079     0.0659      0.091     10.065     14.597        725 1.2369e-01   999.9238 0.0000e+00
     10.283     8.4225     0.0853      0.729  95.734585    143.067      5.841    35.3089     1.1029     3.3800     0.0661      0.091     10.081     14.620        726 1.2378e-01   999.9242 0.0000e+00
     10.288     8.4206     0.0881      0.753  95.557332    143.091      5.839    34.9682     1.1258     3.3656     0.0661      0.084     10.089     14.633        727 1.2357e-01   999.9246 0.0000e+00
     10.293     8.4198     0.0868      0.742  95.301255    142.321      5.842    33.5296     1.0915     3.3512     0.0657      0.074     10.098     14.647        728 1.2362e-01   999.9249 0.0000e+00
     10.312     8.4182     0.0861      0.736  96.588325    144.675      5.840    32.0910     1.0953     3.2647     0.0668      0.068     10.115     14.672        729 1.2375e-01   999.9258 0.0000e+00
     10.340     8.4189     0.0933      0.797  97.998081    146.480      5.843    31.0689     1.3051     2.9474     0.0677      0.067     10.140     14.707        730 1.2361e-01   999.9268 0.0000e+00
     10.368     8.4217     0.0926      0.791  97.886640    146.655      5.841    30.2739     1.3203     3.1349     0.0677      0.067     10.166     14.745        731 1.2357e-01   999.9269 0.0000e+00
     10.392     8.4241     0.0919      0.785  97.916028    146.191      5.842    29.2896     1.3547     3.1349     0.0675      0.068     10.191     14.781        732 1.2362e-01   999.9270 0.0000e+00
     10.416     8.4238     0.0897      0.767 101.558748    152.004      5.840    28.4946     1.3394     3.1782     0.0702      0.074     10.213     14.813        733 1.2377e-01   999.9290 0.0000e+00
     10.435     8.4258     0.0900      0.769 104.918547    157.107      5.842    27.6238     1.2021     3.9857     0.0726      0.082     10.233     14.842        734 1.2371e-01   999.9307 0.0000e+00
     10.452     8.4361     0.0878      0.750 108.096157    161.300      5.842    26.2610     1.2402     4.0578     0.0745      0.088     10.251     14.868        735 1.2363e-01   999.9325 0.0000e+00
     10.472     8.4506     0.0910      0.777 112.622861    168.966      5.843    24.9738     1.1983     4.0145     0.0781      0.090     10.269     14.893        736 1.2362e-01   999.9350 0.0000e+00
     10.489     8.4655     0.0914      0.780 113.264532    169.079      5.844    24.5195     1.1983     4.0289     0.0781      0.086     10.284     14.915        737 1.2368e-01   999.9347 0.0000e+00
     10.497     8.4794     0.0919      0.785 114.525821    171.185      5.840    24.1031     1.1906     3.9712     0.0791      0.078     10.294     14.930        738 1.2367e-01   999.9345 0.0000e+00
     10.505     8.4847     0.0963      0.823 115.842981    173.328      5.844    23.4595     1.3318     4.5769     0.0801      0.068     10.302     14.942        739 1.2365e-01   999.9342 0.0000e+00
     10.515     8.4825     0.0930      0.794 115.909454    172.671      5.845    22.2481     1.3089     4.5913     0.0798      0.060     10.312     14.955        740 1.2376e-01   999.9333 0.0000e+00
     10.524     8.4809     0.0944      0.806 118.221790    176.912      5.844    21.3774     1.3470     4.4327     0.0818      0.052     10.320     14.968        741 1.2368e-01   999.9343 0.0000e+00
     10.531     8.4818     0.0939      0.802 120.106533    179.022      5.844    21.1881     1.3242     4.4615     0.0828      0.046     10.327     14.978        742 1.2366e-01   999.9355 0.0000e+00
     10.537     8.4799     0.0920      0.786 124.157907    185.476      5.845    21.2260     1.2212     4.0289     0.0858      0.039     10.334     14.989        743 1.2367e-01   999.9379 0.0000e+00
     10.546     8.4628     0.0860      0.734 129.014087    192.764      5.846    20.7338     1.1983     4.0145     0.0892      0.034     10.343     15.001        744 1.2387e-01   999.9406 0.0000e+00
     10.557     8.4398     0.0859      0.734 145.744118    216.325      5.846    19.4845     1.2173     3.9424     0.1002      0.033     10.353     15.015        745 1.2380e-01   999.9500 0.0000e+00
     10.566     8.4297     0.0855      0.731 167.961091    253.002      5.848    18.3488     1.2440     3.9136     0.1175      0.033     10.360     15.027        746 1.2349e-01   999.9637 0.0000e+00
     10.570     8.4290 -9.990e-29 -9.990e-29 166.965567    248.850      5.844    17.6295     1.2173     4.2308     0.1155      0.032     10.365     15.034        747 1.2373e-01   999.9647 0.0000e+00
     10.574     8.4307 -9.990e-29 -9.990e-29 159.886753    239.173      5.846    17.3645     1.2021     4.2741     0.1109      0.030     10.369     15.038        748 1.2375e-01   999.9614 0.0000e+00
     10.575     8.4360 -9.990e-29 -9.990e-29 157.922875    236.445      5.846    16.8724     1.2021     4.2741     0.1097      0.027     10.371     15.041        749 1.2363e-01   999.9604 0.0000e+00
     10.576     8.4432 -9.990e-29 -9.990e-29 149.761820    223.956      5.847    15.8881     1.2250     4.2020     0.1038      0.024     10.372     15.043        750 1.2366e-01   999.9557 0.0000e+00
     10.577     8.4504 -9.990e-29 -9.990e-29 140.089798    209.393      5.850    14.9795     1.2936     3.7550     0.0969      0.019     10.373     15.045        751 1.2356e-01   999.9500 0.0000e+00
     10.579     8.4531 -9.990e-29 -9.990e-29 134.233701    200.535      5.850    13.7681     1.2669     3.7550     0.0928      0.014     10.374     15.047        752 1.2373e-01   999.9462 0.0000e+00
     10.579     8.4538 -9.990e-29 -9.990e-29 135.958653    202.926      5.853    12.7838     1.2402     3.7550     0.0939      0.010     10.375     15.048        753 1.2363e-01   999.9467 0.0000e+00
     10.580     8.4602 -9.990e-29 -9.990e-29 139.610810    209.199      5.853    12.2159     1.2555     3.7261     0.0969      0.006     10.376     15.049        754 1.2351e-01   999.9486 0.0000e+00
     10.583     8.4718 -9.990e-29 -9.990e-29 138.623735    206.768      5.853    11.1559     1.1334     3.1061     0.0957      0.005     10.378     15.051        755 1.2371e-01   999.9480 0.0000e+00
     10.584     8.4789 -9.990e-29 -9.990e-29 134.178840    201.060      5.858    10.0959     1.1258     3.0916     0.0931      0.005     10.379     15.053        756 1.2382e-01   999.9450 0.0000e+00
     10.586 -9.990e-29 -9.990e-29 -9.990e-29 129.924378    193.326      5.858     9.0738     1.1525     3.0484     0.0894      0.005     10.381     15.055        757 1.2379e-01   999.9419 0.0000e+00
     10.586 -9.990e-29 -9.990e-29 -9.990e-29 128.820926    193.025      5.858     8.5059     1.1449     3.2214     0.0893      0.005     10.381     15.056        758 1.2368e-01   999.9408 0.0000e+00
