Data/DataNotYetUploadedToEDI/CTD_2019/071119_bvr50_d.cnv
* Sea-Bird SBE19plus  Data File:
* FileName = C:\DATA\071019_bvr_0009.hex
* Software version 2.8.0.119
* Temperature SN = 7809
* Conductivity SN = 7809
* System UpLoad Time = Jul 12 2019 13:04:32
* <ApplicationData>
* <Seaterm232>
# nquan = 18
# nvalues = 1374                        
# units = specified
# name 0 = depFM: Depth [fresh water, m]
# name 1 = tv290C: Temperature [ITS-90, deg C]
# name 2 = sbeox0Mg/L: Oxygen, SBE 43 [mg/l]
# name 3 = sbeox0PS: Oxygen, SBE 43 [% saturation]
# name 4 = c0uS/cm: Conductivity [uS/cm]
# name 5 = specc: Specific Conductance [uS/cm]
# name 6 = ph: pH
# name 7 = orp: Oxidation Reduction Potential [mV]
# name 8 = flECO-AFL: Fluorescence, WET Labs ECO-AFL/FL [mg/m^3]
# name 9 = turbWETntu0: Turbidity, WET Labs ECO [NTU]
# name 10 = sal00: Salinity, Practical [PSU]
# name 11 = dz/dtM: Descent Rate [m/s]
# name 12 = prdM: Pressure, Strain Gauge [db]
# name 13 = prdE: Pressure, Strain Gauge [psi]
# name 14 = scan: Scan Count
# name 15 = par/sat/log: PAR/Logarithmic, Satlantic
# name 16 = density00: Density [density, kg/m^3]
# name 17 = flag:  0.000e+00
# span 0 =     -0.691,     10.409       
# span 1 =     8.3986,    27.3849       
# span 2 =     0.0690,     8.1640       
# span 3 =      0.591,    102.193       
# span 4 =   0.672095, 110.111129       
# span 5 =      0.653,    164.860       
# span 6 =      5.993,      7.826       
# span 7 =   -39.8378,   795.5203       
# span 8 =    -0.2132,     9.2512       
# span 9 =    -0.5710,     6.1486       
# span 10 =     0.0120,     0.0762      
# span 11 =     -0.180,      0.219      
# span 12 =     -0.678,     10.207      
# span 13 =     -0.983,     14.804      
# span 14 =          1,       1374      
# span 15 = 1.2179e-01, 4.8759e+02      
# span 16 =   996.4232,   999.9351      
# span 17 = 0.0000e+00, 0.0000e+00      
# interval = seconds: 0.25
# start_time = Jul 11 2019 09:31:14 [Instrument's time stamp, header]
# bad_flag = -9.990e-29
*END*
[from data line 81]
      0.167    27.2939     5.7203     72.117  28.552934     27.305      6.751   282.4031     0.5650     1.0296     0.0212      0.004      0.163      0.237         82 1.8241e+02   996.4538 0.0000e+00
      0.186    27.2962     5.6579     71.329  28.556777     27.301      6.731   281.7217     0.5917     0.9431     0.0212      0.019      0.176      0.254         83 1.7299e+02   996.4518 0.0000e+00
      0.183    27.2784     5.5893     70.461  28.494576     27.246      6.687   291.7160     0.6070     0.8998     0.0212      0.029      0.171      0.248         84 1.8326e+02   996.4504 0.0000e+00
      0.152    27.2579     5.5120     69.486  28.452603     27.191      6.681   291.6025     0.6337     0.8566     0.0211      0.027      0.153      0.223         85 2.0054e+02   996.4496 0.0000e+00
      0.137    27.2472     5.4331     68.489  28.490521     27.254      6.682   290.8832     0.6184     0.9719     0.0212      0.016      0.143      0.208         86 1.9450e+02   996.4545 0.0000e+00
      0.150    27.2427     5.3655     67.631  28.536260     27.291      6.680   291.6782     0.6299     1.0296     0.0212      0.007      0.148      0.215         87 1.8571e+02   996.4603 0.0000e+00
      0.165    27.2467     5.3257     67.124  28.484556     27.270      6.670   291.5646     0.6528     0.9575     0.0212      0.001      0.157      0.228         88 1.8526e+02   996.4633 0.0000e+00
      0.164    27.2512     5.2797     66.541  28.377138     27.139      6.654   291.1103     0.5955     0.8998     0.0211     -0.003      0.160      0.232         89 1.8532e+02   996.4645 0.0000e+00
      0.161    27.2518     5.2381     66.011  28.432963     27.217      6.645   290.7696     0.6108     0.8566     0.0211     -0.008      0.160      0.232         90 1.8578e+02   996.4634 0.0000e+00
      0.165    27.2510     5.2070     65.610  28.444703     27.215      6.639   292.5868     0.6413     0.9287     0.0211     -0.006      0.160      0.232         91 1.7855e+02   996.4622 0.0000e+00
      0.163    27.2499     5.1878     65.355  28.362525     27.134      6.627   292.2082     0.6184     0.8854     0.0211      0.001      0.159      0.231         92 1.8005e+02   996.4620 0.0000e+00
      0.160    27.2483     5.1741     65.177  28.357498     27.135      6.620   292.0189     0.6108     0.8710     0.0211      0.009      0.159      0.231         93 1.7648e+02   996.4621 0.0000e+00
      0.167    27.2462     5.1586     64.979  28.421337     27.189      6.620   291.7160     0.6146     0.8998     0.0211      0.009      0.163      0.237         94 1.7779e+02   996.4626 0.0000e+00
      0.173    27.2456     5.1224     64.520  28.431190     27.216      6.613   292.5868     0.6032     0.8998     0.0211      0.006      0.166      0.241         95 1.7963e+02   996.4631 0.0000e+00
      0.168    27.2437     5.0900     64.109  28.315614     27.084      6.594   291.1860     0.6070     0.8998     0.0211      0.003      0.165      0.239         96 1.7949e+02   996.4636 0.0000e+00
      0.163    27.2387     5.0524     63.631  28.357812     27.137      6.577   291.7160     0.6261     0.8277     0.0211      0.003      0.162      0.235         97 1.8332e+02   996.4637 0.0000e+00
      0.166    27.2342     5.0149     63.156  28.437921     27.219      6.566   292.7382     0.6108     0.8710     0.0211      0.003      0.160      0.232         98 1.8108e+02   996.4642 0.0000e+00
      0.160    27.2311     4.9748     62.648  28.304791     27.088      6.552   292.7760     0.6261     1.0008     0.0211     -0.000      0.154      0.223         99 1.8758e+02   996.4656 0.0000e+00
      0.145    27.2263     4.9395     62.201  28.316135     27.090      6.545   291.8675     0.5955     0.9431     0.0211     -0.005      0.143      0.207        100 1.9104e+02   996.4668 0.0000e+00
      0.133    27.2176     4.8989     61.686  28.394181     27.198      6.550   292.4732     0.6375     0.9719     0.0211     -0.013      0.134      0.193        101 1.8981e+02   996.4676 0.0000e+00
      0.133    27.2078     4.8656     61.263  28.326155     27.094      6.553   291.9432     0.6451     0.8998     0.0211     -0.020      0.130      0.188        102 1.9011e+02   996.4689 0.0000e+00
      0.133    27.2024     4.8321     60.838  28.341549     27.152      6.546   290.9210     0.6222     0.8566     0.0211     -0.023      0.130      0.188        103 1.8893e+02   996.4714 0.0000e+00
      0.133    27.2000     4.8003     60.434  28.375028     27.157      6.542   290.8075     0.6261     0.8422     0.0211     -0.021      0.130      0.188        104 1.8819e+02   996.4741 0.0000e+00
      0.132    27.1979     4.7667     60.007  28.343740     27.160      6.542   292.5868     0.6375     0.9143     0.0211     -0.019      0.130      0.188        105 1.8808e+02   996.4755 0.0000e+00
      0.132    27.1952     4.7347     59.600  28.321243     27.108      6.543   289.8232     0.6070     0.8998     0.0211     -0.016      0.130      0.188        106 1.8452e+02   996.4762 0.0000e+00
      0.131    27.1918     4.7043     59.214  28.343781     27.162      6.538   291.7539     0.6261     0.8566     0.0211     -0.010      0.130      0.188        107 1.8977e+02   996.4768 0.0000e+00
      0.134    27.1890     4.6699     58.777  28.315693     27.110      6.540   291.0346     0.6375     0.9287     0.0211     -0.004      0.132      0.191        108 1.8897e+02   996.4775 0.0000e+00
      0.138    27.1864     4.6417     58.418  28.296955     27.112      6.539   289.3310     0.6871     0.9287     0.0211      0.001      0.134      0.195        109 1.9015e+02   996.4785 0.0000e+00
      0.138    27.1840     4.6165     58.097  28.307856     27.113      6.539   290.0882     0.6909     0.8710     0.0211      0.003      0.135      0.196        110 1.9545e+02   996.4793 0.0000e+00
      0.136    27.1810     4.5905     57.766  28.302129     27.115      6.538   289.2553     0.6833     0.7412     0.0211      0.003      0.135      0.196        111 1.9214e+02   996.4799 0.0000e+00
      0.138    27.1774     4.5714     57.521  28.304085     27.116      6.540   287.0217     0.6604     0.9575     0.0211      0.004      0.136      0.197        112 1.9335e+02   996.4806 0.0000e+00
      0.139    27.1744     4.5524     57.279  28.305422     27.118      6.540   290.2396     0.6833     0.8133     0.0211      0.004      0.136      0.197        113 1.8816e+02   996.4815 0.0000e+00
      0.138    27.1714     4.5375     57.088  28.300464     27.119      6.530   290.3910     0.6184     0.8998     0.0211      0.004      0.136      0.197        114 1.8804e+02   996.4824 0.0000e+00
      0.139    27.1675     4.5184     56.845  28.251011     27.067      6.525   287.3246     0.6375     0.8998     0.0211      0.003      0.136      0.197        115 1.8216e+02   996.4833 0.0000e+00
      0.139    27.1637     4.5030     56.648  28.248479     27.069      6.523   287.8167     0.6222     0.8710     0.0211      0.002      0.137      0.198        116 1.7869e+02   996.4841 0.0000e+00
      0.141    27.1601     4.4852     56.423  28.303617     27.125      6.522   289.6717     0.6642     0.9431     0.0211      0.001      0.138      0.200        117 1.7929e+02   996.4851 0.0000e+00
      0.141    27.1562     4.4713     56.247  28.300883     27.127      6.521   289.7853     0.6261     0.9143     0.0211      0.002      0.138      0.201        118 1.7767e+02   996.4862 0.0000e+00
      0.141    27.1525     4.4603     56.109  28.251883     27.075      6.521   290.3153     0.6261     0.9287     0.0211      0.002      0.138      0.201        119 1.8113e+02   996.4872 0.0000e+00
      0.141    27.1486     4.4506     55.990  28.246108     27.077      6.522   290.7317     0.6337     0.8710     0.0211      0.002      0.139      0.202        120 1.8420e+02   996.4883 0.0000e+00
      0.143    27.1444     4.4366     55.814  28.248826     27.079      6.524   290.4667     0.6261     0.7989     0.0211      0.002      0.140      0.203        121 1.8776e+02   996.4893 0.0000e+00
      0.143    27.1409     4.4249     55.662  28.248504     27.081      6.523   291.7917     0.6261     0.8710     0.0211      0.002      0.141      0.204        122 1.8214e+02   996.4904 0.0000e+00
      0.145    27.1373     4.4169     55.555  28.246510     27.083      6.521   291.2239     0.6375     0.8133     0.0211      0.003      0.142      0.206        123 1.8331e+02   996.4915 0.0000e+00
      0.146    27.1340     4.4059     55.414  28.251308     27.085      6.520   292.0567     0.6299     0.8710     0.0211      0.003      0.143      0.207        124 1.8286e+02   996.4925 0.0000e+00
      0.147    27.1306     4.4162     55.542  28.242535     27.087      6.519   291.9053     0.6299     0.8710     0.0211      0.003      0.145      0.210        125 1.7574e+02   996.4935 0.0000e+00
      0.151    27.1285     4.4220     55.617  28.257430     27.088      6.518   290.1260     0.6947     0.8710     0.0211      0.005      0.148      0.214        126 1.7575e+02   996.4945 0.0000e+00
      0.153    27.1280     4.4265     55.673  28.292017     27.144      6.516   292.4353     0.7214     0.8998     0.0211      0.006      0.149      0.217        127 1.7828e+02   996.4954 0.0000e+00
      0.152    27.1265     4.4309     55.727  28.258738     27.091      6.512   293.0410     0.6909     0.8566     0.0211      0.006      0.150      0.219        128 1.7317e+02   996.4960 0.0000e+00
      0.157    27.1267     4.4297     55.714  28.298847     27.145      6.507   293.1925     0.6833     0.8277     0.0211      0.007      0.154      0.224        129 1.6556e+02   996.4962 0.0000e+00
      0.164    27.1292     4.4170     55.556  28.301346     27.146      6.487   293.2682     0.6261     0.8133     0.0211      0.009      0.158      0.229        130 1.6730e+02   996.4966 0.0000e+00
      0.161    27.1293     4.3957     55.285  28.196382     27.039      6.475   293.3439     0.6375     0.8998     0.0210      0.009      0.158      0.229        131 1.6853e+02   996.4965 0.0000e+00
      0.158    27.1248     4.3740     55.008  28.192495     27.037      6.469   293.4196     0.6108     1.0008     0.0210      0.008      0.156      0.226        132 1.6919e+02   996.4958 0.0000e+00
      0.159    27.1196     4.3481     54.680  28.246941     27.091      6.461   294.1010     0.6299     0.8854     0.0211      0.006      0.156      0.226        133 1.6547e+02   996.4958 0.0000e+00
      0.157    27.1156     4.3412     54.594  28.247114     27.093      6.451   293.0032     0.6375     0.7845     0.0211      0.004      0.156      0.227        134 1.6699e+02   996.4971 0.0000e+00
      0.165    27.1144     4.3606     54.838  28.251523     27.096      6.438   284.5610     0.6947     1.0296     0.0211      0.004      0.161      0.234        135 1.6690e+02   996.4985 0.0000e+00
      0.172    27.1164     4.3762     55.037  28.241456     27.098      6.404   292.4353     0.6947     0.9287     0.0211      0.006      0.167      0.242        136 1.6209e+02   996.4996 0.0000e+00
      0.174    27.1164     4.3858     55.154  28.200401     27.045      6.373   283.7282     0.6757     0.8422     0.0210      0.006      0.172      0.250        137 1.6344e+02   996.4999 0.0000e+00
      0.182    27.1150     4.3933     55.239  28.243372     27.097      6.365   283.0846     0.6642     0.8566     0.0211      0.009      0.179      0.260        138 1.5764e+02   996.4994 0.0000e+00
      0.192    27.1165     4.4016     55.338  28.247223     27.098      6.370   283.0089     0.7100     0.9719     0.0211      0.016      0.186      0.270        139 1.5652e+02   996.4996 0.0000e+00
      0.194    27.1175     4.4164     55.517  28.195609     27.045      6.367   282.4789     0.6985     1.0296     0.0210      0.020      0.189      0.274        140 1.5797e+02   996.4999 0.0000e+00
      0.194    27.1158     4.4309     55.692  28.189116     27.044      6.349   282.2517     0.6833     0.9719     0.0210      0.021      0.189      0.274        141 1.5413e+02   996.4995 0.0000e+00
      0.192    27.1117     4.4204     55.555  28.196057     27.043      6.332   282.3653     0.6871     0.8566     0.0210      0.019      0.189      0.273        142 1.5420e+02   996.4992 0.0000e+00
      0.190    27.1094     4.4121     55.447  28.186970     27.044      6.329   282.0624     0.6757     0.9143     0.0210      0.014      0.190      0.275        143 1.5066e+02   996.4997 0.0000e+00
      0.197    27.1098     4.3992     55.285  28.200427     27.046      6.345   282.0246     0.7329     0.9287     0.0210      0.011      0.197      0.285        144 1.4302e+02   996.5009 0.0000e+00
      0.216    27.1097     4.3953     55.238  28.238557     27.101      6.370   282.4789     0.6757     0.8422     0.0211      0.014      0.209      0.304        145 1.4089e+02   996.5015 0.0000e+00
      0.228    27.1119     4.3880     55.147  28.198763     27.047      6.365   282.1003     0.6909     0.8277     0.0210      0.017      0.219      0.318        146 1.4011e+02   996.5015 0.0000e+00
      0.226    27.1083     4.3778     55.019  28.131461     26.994      6.358   281.4189     0.6680     0.8422     0.0210      0.019      0.221      0.321        147 1.4488e+02   996.5015 0.0000e+00
      0.223    27.0992     4.3568     54.755  28.144580     26.993      6.364   281.4189     0.6947     0.8998     0.0210      0.020      0.221      0.320        148 1.4815e+02   996.5008 0.0000e+00
      0.228    27.0933     4.3361     54.494  28.182436     27.048      6.385   281.6081     0.7100     0.8998     0.0210      0.022      0.224      0.325        149 1.4550e+02   996.5019 0.0000e+00
      0.234    27.0866     4.3123     54.197  28.202839     27.053      6.408   281.4189     0.7062     0.8133     0.0210      0.022      0.229      0.333        150 1.5178e+02   996.5045 0.0000e+00
      0.240    27.0795     4.2806     53.799  28.178437     27.056      6.427   281.4189     0.6375     0.8133     0.0210      0.021      0.234      0.339        151 1.5777e+02   996.5061 0.0000e+00
      0.243    27.0739     4.2629     53.574  28.153564     27.006      6.432   282.1381     0.6489     0.8422     0.0210      0.017      0.237      0.344        152 1.6048e+02   996.5079 0.0000e+00
      0.243    27.0707     4.2741     53.720  28.174552     27.063      6.434   281.9110     0.6604     1.0152     0.0210      0.012      0.240      0.348        153 1.6534e+02   996.5099 0.0000e+00
      0.248    27.0704     4.3495     54.688  28.152321     27.013      6.442   281.7217     0.6222     0.8998     0.0210      0.012      0.245      0.355        154 1.6786e+02   996.5115 0.0000e+00
      0.259    27.0725     4.4628     56.140  28.181232     27.068      6.449   282.1381     0.5994     0.8422     0.0210      0.016      0.255      0.369        155 1.6486e+02   996.5125 0.0000e+00
      0.273    27.0736     4.5781     57.617  28.197817     27.068      6.449   282.6303     0.6299     0.8998     0.0210      0.021      0.265      0.383        156 1.6166e+02   996.5126 0.0000e+00
      0.276    27.0733     4.7099     59.281  28.131681     27.013      6.444   282.3653     0.6299     0.9431     0.0210      0.023      0.271      0.392        157 1.6635e+02   996.5120 0.0000e+00
      0.279    27.0728     4.8558     61.101  28.145048     27.013      6.444   282.5167     0.6375     0.8422     0.0210      0.024      0.272      0.395        158 1.6283e+02   996.5117 0.0000e+00
      0.279    27.0729     4.9913     62.799  28.181183     27.066      6.441   282.4789     0.6261     0.8710     0.0210      0.024      0.271      0.394        159 1.6504e+02   996.5118 0.0000e+00
      0.273    27.0745     5.0919     64.073  28.145957     27.013      6.438   282.3653     0.6757     0.9143     0.0210      0.020      0.264      0.383        160 1.6862e+02   996.5119 0.0000e+00
