Data/DataNotYetUploadedToEDI/CTD_2019/071119_bvr50_d.cnv
* Sea-Bird SBE19plus  Data File:
* FileName = C:\DATA\071019_bvr_0009.hex
* Software version 2.8.0.119
* Temperature SN = 7809
* Conductivity SN = 7809
* System UpLoad Time = Jul 12 2019 13:04:32
* <ApplicationData>
* <Seaterm232>
# nquan = 18
# nvalues = 1374                        
# units = specified
# name 0 = depFM: Depth [fresh water, m]
# name 1 = tv290C: Temperature [ITS-90, deg C]
# name 2 = sbeox0Mg/L: Oxygen, SBE 43 [mg/l]
# name 3 = sbeox0PS: Oxygen, SBE 43 [% saturation]
# name 4 = c0uS/cm: Conductivity [uS/cm]
# name 5 = specc: Specific Conductance [uS/cm]
# name 6 = ph: pH
# name 7 = orp: Oxidation Reduction Potential [mV]
# name 8 = flECO-AFL: Fluorescence, WET Labs ECO-AFL/FL [mg/m^3]
# name 9 = turbWETntu0: Turbidity, WET Labs ECO [NTU]
# name 10 = sal00: Salinity, Practical [PSU]
# name 11 = dz/dtM: Descent Rate [m/s]
# name 12 = prdM: Pressure, Strain Gauge [db]
# name 13 = prdE: Pressure, Strain Gauge [psi]
# name 14 = scan: Scan Count
# name 15 = par/sat/log: PAR/Logarithmic, Satlantic
# name 16 = density00: Density [density, kg/m^3]
# name 17 = flag:  0.000e+00
# span 0 =     -0.691,     10.409       
# span 1 =     8.3986,    27.3849       
# span 2 =     0.0690,     8.1640       
# span 3 =      0.591,    102.193       
# span 4 =   0.672095, 110.111129       
# span 5 =      0.653,    164.860       
# span 6 =      5.993,      7.826       
# span 7 =   -39.8378,   795.5203       
# span 8 =    -0.2132,     9.2512       
# span 9 =    -0.5710,     6.1486       
# span 10 =     0.0120,     0.0762      
# span 11 =     -0.180,      0.219      
# span 12 =     -0.678,     10.207      
# span 13 =     -0.983,     14.804      
# span 14 =          1,       1374      
# span 15 = 1.2179e-01, 4.8759e+02      
# span 16 =   996.4232,   999.9351      
# span 17 = 0.0000e+00, 0.0000e+00      
# interval = seconds: 0.25
# start_time = Jul 11 2019 09:31:14 [Instrument's time stamp, header]
# bad_flag = -9.990e-29
*END*
[from data line 403]
      0.806    27.3579     7.3558     92.888  27.994069     26.705      6.296   289.9367     0.7405     1.0008     0.0210      0.043      0.790      1.146        404 1.8500e+02   996.4348 0.0000e+00
      0.820    27.3566     7.3554     92.879  27.998988     26.759      6.297   289.7475     0.7329     0.8998     0.0210      0.043      0.803      1.164        405 1.5474e+02   996.4349 0.0000e+00
      0.830    27.3555     7.3515     92.825  27.994836     26.706      6.294   290.0882     0.7214     0.8422     0.0210      0.044      0.811      1.176        406 1.5846e+02   996.4353 0.0000e+00
      0.831    27.3536     7.3496     92.799  27.999235     26.760      6.281   290.0125     0.7252     0.8710     0.0210      0.043      0.815      1.182        407 1.6006e+02   996.4357 0.0000e+00
      0.832    27.3505     7.3549     92.865  27.993515     26.707      6.273   289.7853     0.7634     0.8854     0.0210      0.040      0.819      1.189        408 1.7771e+02   996.4360 0.0000e+00
      0.843    27.3470     7.3583     92.907  27.942713     26.708      6.278   289.6717     0.7748     0.8854     0.0210      0.037      0.830      1.204        409 1.5230e+02   996.4366 0.0000e+00
      0.864    27.3436     7.3710     93.068  27.943970     26.656      6.280   289.9367     0.7825     0.8998     0.0209      0.037      0.846      1.227        410 1.2816e+02   996.4375 0.0000e+00
      0.879    27.3404     7.3806     93.191  27.932709     26.712      6.285   290.2396     0.7901     0.8566     0.0210      0.038      0.860      1.247        411 1.4868e+02   996.4385 0.0000e+00
      0.887    27.3391     7.3782     93.161  27.927108     26.633      6.278   290.0882     0.8015     0.8854     0.0209      0.038      0.868      1.259        412 1.6711e+02   996.4395 0.0000e+00
      0.888    27.3401     7.3775     93.152  27.980562     26.768      6.269   290.0882     0.7710     0.8133     0.0210      0.037      0.872      1.265        413 1.5514e+02   996.4405 0.0000e+00
      0.892    27.3406     7.3738     93.104  27.925430     26.636      6.267   289.9746     0.7825     0.8422     0.0209      0.037      0.878      1.274        414 1.3361e+02   996.4408 0.0000e+00
      0.906    27.3384     7.3632     92.972  27.936477     26.715      6.277   290.0125     0.7825     0.8710     0.0210      0.039      0.889      1.290        415 1.5096e+02   996.4405 0.0000e+00
      0.921    27.3356     7.3548     92.864  27.996437     26.715      6.287   290.1639     0.7748     0.9287     0.0210      0.040      0.902      1.308        416 1.7538e+02   996.4406 0.0000e+00
      0.931    27.3342     7.3471     92.766  27.939677     26.716      6.292   290.1639     0.8054     0.9431     0.0210      0.038      0.912      1.321        417 1.3306e+02   996.4412 0.0000e+00
      0.936    27.3336     7.3355     92.618  27.918249     26.637      6.296   290.3153     0.7748     0.9287     0.0209      0.034      0.918      1.330        418 1.1746e+02   996.4419 0.0000e+00
      0.940    27.3333     7.3326     92.579  27.993482     26.771      6.299   290.3153     0.7672     0.8422     0.0210      0.033      0.923      1.337        419 1.3979e+02   996.4423 0.0000e+00
      0.945    27.3337     7.3413     92.688  27.994160     26.718      6.305   290.5803     0.8473     0.9431     0.0210      0.033      0.928      1.345        420 1.2906e+02   996.4426 0.0000e+00
      0.952    27.3347     7.3439     92.721  27.947027     26.719      6.312   290.4289     0.8740     0.9575     0.0210      0.033      0.934      1.354        421 1.3430e+02   996.4427 0.0000e+00
      0.957    27.3350     7.3479     92.771  27.904031     26.638      6.319   290.2396     0.8473     0.7845     0.0209      0.030      0.941      1.364        422 1.3000e+02   996.4426 0.0000e+00
      0.969    27.3347     7.3466     92.753  27.958803     26.718      6.324   290.5425     0.8588     0.8422     0.0210      0.027      0.950      1.378        423 1.1624e+02   996.4424 0.0000e+00
      0.979    27.3345     7.3390     92.658  27.967728     26.718      6.327   290.7317     0.9007     0.8998     0.0210      0.026      0.958      1.390        424 1.0917e+02   996.4423 0.0000e+00
      0.983    27.3345     7.3316     92.564  27.892924     26.638      6.325   290.8075     0.9236     0.9287     0.0209      0.026      0.963      1.396        425 1.1166e+02   996.4424 0.0000e+00
      0.983    27.3342     7.3369     92.631  27.963030     26.718      6.320   290.8832     0.9236     0.8277     0.0210      0.026      0.965      1.400        426 1.1365e+02   996.4425 0.0000e+00
      0.988    27.3333     7.3437     92.717  27.969347     26.718      6.323   290.8075     0.9045     0.8710     0.0210      0.025      0.970      1.406        427 1.1073e+02   996.4425 0.0000e+00
      0.996    27.3322     7.3512     92.812  27.973929     26.718      6.327   290.9589     0.9045     0.8133     0.0210      0.024      0.976      1.416        428 1.1257e+02   996.4426 0.0000e+00
      1.003    27.3313     7.3641     92.976  27.957328     26.719      6.330   290.5803     0.8588     0.9575     0.0210      0.024      0.983      1.426        429 1.1979e+02   996.4429 0.0000e+00
      1.008    27.3307     7.3657     92.995  27.871519     26.612      6.332   290.8075     0.8664     0.8998     0.0209      0.023      0.989      1.434        430 1.2591e+02   996.4432 0.0000e+00
      1.013    27.3304     7.3603     92.926  27.873365     26.640      6.336   290.8453     0.8549     0.8710     0.0209      0.021      0.993      1.441        431 1.0892e+02   996.4435 0.0000e+00
      1.016    27.3300     7.3536     92.842  27.895789     26.640      6.337   290.7317     0.8549     0.8422     0.0209      0.020      0.998      1.448        432 1.1026e+02   996.4437 0.0000e+00
      1.025    27.3296     7.3476     92.765  27.873234     26.640      6.335   291.0725     0.8778     0.9864     0.0209      0.022      1.006      1.459        433 1.3530e+02   996.4438 0.0000e+00
      1.036    27.3297     7.3482     92.769  27.901433     26.640      6.333   291.0346     0.8549     0.9431     0.0209      0.024      1.015      1.473        434 1.2865e+02   996.4439 0.0000e+00
      1.044    27.3294     7.3478     92.762  27.949562     26.721      6.334   291.0725     0.8397     0.8998     0.0210      0.026      1.024      1.486        435 1.0522e+02   996.4441 0.0000e+00
      1.054    27.3295     7.3537     92.835  27.931827     26.667      6.337   291.3375     0.8664     0.8710     0.0209      0.028      1.033      1.499        436 9.9392e+01   996.4441 0.0000e+00
      1.062    27.3296     7.3584     92.894  27.953127     26.721      6.338   291.2996     0.7748     0.9431     0.0210      0.030      1.041      1.510        437 1.0510e+02   996.4442 0.0000e+00
      1.069    27.3297     7.3651     92.980  27.982298     26.721      6.338   291.0725     0.7825     0.8710     0.0210      0.032      1.049      1.521        438 1.0401e+02   996.4443 0.0000e+00
      1.079    27.3301     7.3629     92.953  27.954766     26.721      6.339   291.0725     0.7901     0.9431     0.0210      0.034      1.059      1.536        439 1.0270e+02   996.4442 0.0000e+00
      1.091    27.3300     7.3637     92.964  27.898524     26.640      6.339   291.2617     0.7786     0.8422     0.0209      0.036      1.069      1.551        440 1.1242e+02   996.4443 0.0000e+00
      1.101    27.3299     7.3650     92.980  27.874559     26.640      6.338   291.4510     0.7977     0.9431     0.0209      0.036      1.078      1.564        441 1.0833e+02   996.4442 0.0000e+00
      1.108    27.3297     7.3578     92.890  27.895725     26.640      6.336   291.2617     0.7786     0.9864     0.0209      0.036      1.088      1.577        442 1.0153e+02   996.4442 0.0000e+00
      1.119    27.3287     7.3507     92.800  27.961049     26.720      6.338   291.2996     0.7786     0.9719     0.0210      0.037      1.098      1.591        443 1.0371e+02   996.4444 0.0000e+00
      1.132    27.3271     7.3528     92.825  27.970995     26.720      6.334   291.7539     0.8168     0.8422     0.0210      0.038      1.108      1.606        444 1.0628e+02   996.4445 0.0000e+00
      1.138    27.3256     7.3597     92.912  27.883349     26.641      6.327   291.7160     0.7519     0.7845     0.0209      0.038      1.115      1.617        445 9.7398e+01   996.4448 0.0000e+00
      1.141    27.3247     7.3656     92.986  27.892395     26.642      6.315   291.4889     0.7901     0.9575     0.0209      0.037      1.120      1.624        446 9.7586e+01   996.4453 0.0000e+00
      1.146    27.3246     7.3696     93.038  27.959737     26.723      6.310   291.6403     0.7786     0.9719     0.0210      0.034      1.125      1.632        447 1.0232e+02   996.4456 0.0000e+00
      1.154    27.3251     7.3713     93.058  27.888406     26.643      6.308   291.6403     0.8015     0.9719     0.0209      0.031      1.132      1.642        448 1.0165e+02   996.4459 0.0000e+00
      1.165    27.3258     7.3734     93.084  27.892300     26.643      6.310   291.7539     0.7710     0.8998     0.0209      0.030      1.141      1.655        449 1.0741e+02   996.4460 0.0000e+00
      1.172    27.3263     7.3727     93.075  27.954892     26.723      6.305   291.8675     0.8549     0.8854     0.0210      0.029      1.148      1.665        450 9.3765e+01   996.4459 0.0000e+00
      1.174    27.3264     7.3753     93.106  27.899377     26.642      6.301   291.7160     0.8244     0.8566     0.0209      0.027      1.153      1.672        451 1.0010e+02   996.4457 0.0000e+00
      1.180    27.3267     7.3751     93.103  27.961387     26.722      6.308   291.7160     0.8549     0.8566     0.0210      0.025      1.160      1.682        452 1.1181e+02   996.4456 0.0000e+00
      1.195    27.3263     7.3729     93.075  27.966585     26.722      6.314   291.6782     0.8664     0.8422     0.0210      0.027      1.171      1.699        453 1.0052e+02   996.4457 0.0000e+00
      1.209    27.3257     7.3714     93.057  27.892908     26.642      6.320   291.6782     0.8588     0.7845     0.0209      0.031      1.183      1.717        454 9.2704e+01   996.4456 0.0000e+00
      1.217    27.3253     7.3714     93.055  27.875349     26.642      6.326   292.2460     0.8664     0.8710     0.0209      0.034      1.192      1.729        455 9.5742e+01   996.4458 0.0000e+00
      1.220    27.3253     7.3742     93.090  27.929194     26.669      6.323   291.9053     0.8549     0.8422     0.0209      0.034      1.197      1.735        456 9.6831e+01   996.4460 0.0000e+00
      1.223    27.3256     7.3794     93.155  28.003628     26.776      6.324   292.0567     0.8893     0.8998     0.0210      0.032      1.201      1.740        457 9.4620e+01   996.4461 0.0000e+00
      1.228    27.3252     7.3801     93.164  27.901206     26.643      6.329   291.9432     0.9045     0.8998     0.0209      0.031      1.206      1.748        458 9.8045e+01   996.4461 0.0000e+00
      1.237    27.3249     7.3748     93.094  27.878927     26.642      6.331   292.0189     0.9236     0.8422     0.0209      0.030      1.213      1.759        459 9.1789e+01   996.4460 0.0000e+00
      1.245    27.3246     7.3687     93.018  27.972109     26.723      6.340   291.9810     0.9389     0.8422     0.0210      0.028      1.222      1.771        460 8.7142e+01   996.4461 0.0000e+00
      1.257    27.3240     7.3619     92.932  27.962973     26.723      6.341   291.9810     0.8969     0.8133     0.0210      0.026      1.232      1.786        461 9.5863e+01   996.4463 0.0000e+00
      1.267    27.3237     7.3523     92.810  27.890296     26.643      6.342   292.5489     0.9770     0.9143     0.0209      0.027      1.241      1.800        462 9.6074e+01   996.4465 0.0000e+00
      1.273    27.3234     7.3454     92.723  27.914445     26.670      6.340   292.5868     0.9541     0.9431     0.0209      0.029      1.248      1.810        463 8.9285e+01   996.4467 0.0000e+00
      1.278    27.3233     7.3453     92.721  27.962543     26.724      6.336   292.3596     0.9732     0.8710     0.0210      0.031      1.253      1.818        464 9.0823e+01   996.4468 0.0000e+00
      1.284    27.3232     7.3467     92.740  27.978548     26.724      6.333   292.7003     1.0075     0.8710     0.0210      0.032      1.258      1.826        465 8.8097e+01   996.4469 0.0000e+00
      1.288    27.3226     7.3483     92.759  27.953770     26.724      6.326   292.6246     0.9045     0.8998     0.0210      0.030      1.263      1.832        466 8.9551e+01   996.4469 0.0000e+00
      1.292    27.3221     7.3486     92.761  27.904513     26.644      6.325   292.4353     0.9045     0.8566     0.0209      0.027      1.269      1.840        467 9.1019e+01   996.4470 0.0000e+00
      1.302    27.3218     7.3578     92.877  27.950983     26.724      6.325   293.0410     0.9122     1.0152     0.0210      0.026      1.277      1.853        468 8.8841e+01   996.4472 0.0000e+00
      1.313    27.3210     7.3669     92.991  27.925562     26.671      6.328   292.5110     0.9045     0.8998     0.0209      0.025      1.288      1.868        469 8.8841e+01   996.4474 0.0000e+00
      1.325    27.3209     7.3758     93.104  27.876908     26.644      6.330   292.9653     0.9007     0.9719     0.0209      0.027      1.299      1.884        470 8.5246e+01   996.4475 0.0000e+00
      1.336    27.3208     7.3831     93.196  27.893047     26.645      6.332   293.1925     0.8969     0.8422     0.0209      0.030      1.309      1.899        471 8.4802e+01   996.4477 0.0000e+00
      1.344    27.3206     7.3812     93.171  27.875855     26.645      6.330   293.0032     0.8969     0.8566     0.0209      0.034      1.319      1.913        472 8.6390e+01   996.4478 0.0000e+00
      1.357    27.3206     7.3788     93.140  27.898302     26.645      6.332   292.8896     0.9236     0.9575     0.0209      0.037      1.330      1.930        473 8.2981e+01   996.4479 0.0000e+00
      1.369    27.3203     7.3697     93.025  27.953976     26.725      6.330   293.0410     0.9084     1.0729     0.0210      0.041      1.342      1.948        474 8.2057e+01   996.4481 0.0000e+00
      1.382    27.3203     7.3764     93.110  27.895435     26.645      6.335   293.1546     0.9045     0.8566     0.0209      0.043      1.355      1.966        475 8.4010e+01   996.4481 0.0000e+00
      1.394    27.3200     7.3818     93.177  27.911913     26.672      6.334   292.8518     0.9274     0.8854     0.0209      0.045      1.366      1.982        476 8.2712e+01   996.4482 0.0000e+00
      1.404    27.3193     7.3886     93.262  27.963091     26.725      6.337   293.2682     0.8969     0.9287     0.0210      0.045      1.375      1.995        477 8.1738e+01   996.4483 0.0000e+00
      1.411    27.3191     7.3896     93.275  27.890989     26.645      6.338   293.3439     0.9084     1.0008     0.0209      0.044      1.384      2.007        478 8.1620e+01   996.4484 0.0000e+00
      1.418    27.3186     7.3898     93.278  27.883156     26.646      6.342   293.1546     0.9122     0.7989     0.0209      0.043      1.391      2.018        479 8.1547e+01   996.4486 0.0000e+00
      1.427    27.3182     7.3922     93.307  27.883973     26.646      6.345   293.2682     0.9007     0.8710     0.0209      0.041      1.399      2.029        480 8.3859e+01   996.4487 0.0000e+00
      1.434    27.3183     7.3916     93.301  27.889972     26.646      6.344   293.2682     0.9274     0.8998     0.0209      0.037      1.406      2.039        481 8.4279e+01   996.4489 0.0000e+00
      1.440    27.3180     7.3830     93.192  27.964556     26.726      6.347   293.2303     0.9122     0.9864     0.0210      0.034      1.412      2.048        482 7.7806e+01   996.4490 0.0000e+00
