Data/DataNotYetUploadedToEDI/CTD_2019/071119_bvr50_e.cnv
* Sea-Bird SBE19plus  Data File:
* FileName = C:\DATA\071019_bvr_0010.hex
* Software version 2.8.0.119
* Temperature SN = 7809
* Conductivity SN = 7809
* System UpLoad Time = Jul 12 2019 13:05:16
* <ApplicationData>
* <Seaterm232>
# nquan = 18
# nvalues = 1549                        
# units = specified
# name 0 = depFM: Depth [fresh water, m]
# name 1 = tv290C: Temperature [ITS-90, deg C]
# name 2 = sbeox0Mg/L: Oxygen, SBE 43 [mg/l]
# name 3 = sbeox0PS: Oxygen, SBE 43 [% saturation]
# name 4 = c0uS/cm: Conductivity [uS/cm]
# name 5 = specc: Specific Conductance [uS/cm]
# name 6 = ph: pH
# name 7 = orp: Oxidation Reduction Potential [mV]
# name 8 = flECO-AFL: Fluorescence, WET Labs ECO-AFL/FL [mg/m^3]
# name 9 = turbWETntu0: Turbidity, WET Labs ECO [NTU]
# name 10 = sal00: Salinity, Practical [PSU]
# name 11 = dz/dtM: Descent Rate [m/s]
# name 12 = prdM: Pressure, Strain Gauge [db]
# name 13 = prdE: Pressure, Strain Gauge [psi]
# name 14 = scan: Scan Count
# name 15 = par/sat/log: PAR/Logarithmic, Satlantic
# name 16 = density00: Density [density, kg/m^3]
# name 17 = flag:  0.000e+00
# span 0 =     -0.691,     10.580       
# span 1 =     8.4155,    28.3645       
# span 2 =    -0.7866,     8.0663       
# span 3 =     -7.269,     99.101       
# span 4 =   0.330260, 167.214812       
# span 5 =      0.303,    254.066       
# span 6 =      4.717,      7.685       
# span 7 = -1240.7455,  1085.9612       
# span 8 =    -0.1865,     7.4011       
# span 9 =    -0.7008,   113.5471       
# span 10 =     0.0129,     0.1180      
# span 11 =     -0.167,      0.170      
# span 12 =     -0.678,     10.375      
# span 13 =     -0.983,     15.048      
# span 14 =          1,       1549      
# span 15 = 1.2283e-01, 5.7770e+02      
# span 16 =   996.1378,   999.9641      
# span 17 = 0.0000e+00, 0.0000e+00      
# interval = seconds: 0.25
# start_time = Jul 11 2019 11:30:20 [Instrument's time stamp, header]
# bad_flag = -9.990e-29
*END*
[from data line 563]
      2.318    27.3817     6.5322     82.532  28.140328     26.854      6.363   280.5103     0.9389     0.8710     0.0210      0.031      2.275      3.299        564 3.7520e+01   996.4352 0.0000e+00
      2.329    27.3824     6.6399     83.893  28.128816     26.854      6.367   280.7753     0.9961     0.8422     0.0210      0.029      2.284      3.313        565 3.7297e+01   996.4353 0.0000e+00
      2.342    27.3812     6.7040     84.701  28.090383     26.801      6.369   281.2296     0.9961     0.8277     0.0210      0.029      2.294      3.328        566 3.7130e+01   996.4354 0.0000e+00
      2.348    27.3802     6.7276     84.997  28.128914     26.853      6.370   280.8510     0.9694     0.8277     0.0210      0.028      2.302      3.340        567 3.6896e+01   996.4352 0.0000e+00
      2.355    27.3763     6.7493     85.266  28.140108     26.854      6.374   280.6239     0.9656     0.7845     0.0210      0.029      2.310      3.351        568 3.6592e+01   996.4356 0.0000e+00
      2.364    27.3719     6.7704     85.531  28.135695     26.854      6.376   280.7374     1.0419     0.8998     0.0210      0.031      2.317      3.361        569 3.6258e+01   996.4359 0.0000e+00
      2.370    27.3705     6.7984     85.881  28.134407     26.857      6.375   280.9646     1.0190     0.7268     0.0210      0.032      2.324      3.371        570 3.5906e+01   996.4370 0.0000e+00
      2.377    27.3692     6.8314     86.295  28.082470     26.806      6.379   280.6996     1.0190     0.8998     0.0210      0.032      2.333      3.383        571 3.5557e+01   996.4382 0.0000e+00
      2.389    27.3702     6.8726     86.803  28.081844     26.806      6.381   281.1539     1.0190     0.7412     0.0210      0.033      2.343      3.398        572 3.5177e+01   996.4387 0.0000e+00
      2.399    27.3712     6.9280     87.480  28.135186     26.860      6.383   280.9267     1.0342     0.8710     0.0210      0.032      2.353      3.413        573 3.4939e+01   996.4391 0.0000e+00
      2.409    27.3708     6.9677     87.953  28.134574     26.860      6.383   281.3053     1.0266     0.8854     0.0210      0.033      2.362      3.426        574 3.4753e+01   996.4388 0.0000e+00
      2.416    27.3707     6.9887     88.190  28.082605     26.806      6.381   280.8510     1.0304     0.8133     0.0210      0.034      2.370      3.436        575 3.4613e+01   996.4386 0.0000e+00
      2.422    27.3697     7.0004     88.312  28.081374     26.806      6.381   280.8510     1.0266     0.8566     0.0210      0.034      2.375      3.445        576 3.4614e+01   996.4388 0.0000e+00
      2.428    27.3675     6.9781     88.012  28.136106     26.859      6.382   280.8131     1.0152     0.7845     0.0210      0.033      2.381      3.454        577 3.4538e+01   996.4388 0.0000e+00
      2.436    27.3652     6.9509     87.660  28.132979     26.860      6.383   281.0403     0.8893     0.8133     0.0210      0.033      2.390      3.467        578 3.4352e+01   996.4390 0.0000e+00
      2.450    27.3634     6.9397     87.516  28.085266     26.808      6.387   280.5860     0.8855     0.8422     0.0210      0.033      2.403      3.486        579 3.4201e+01   996.4397 0.0000e+00
      2.468    27.3615     6.9535     87.694  28.076997     26.809      6.387   280.6617     0.9045     0.8710     0.0210      0.035      2.418      3.507        580 3.4178e+01   996.4405 0.0000e+00
      2.480    27.3589     6.9699     87.906  28.084028     26.810      6.379   280.6239     0.9160     0.7845     0.0210      0.038      2.430      3.525        581 3.4060e+01   996.4411 0.0000e+00
      2.488    27.3513     7.0034     88.327  28.135762     26.864      6.378   280.5860     0.9160     0.8854     0.0210      0.040      2.439      3.538        582 3.3881e+01   996.4417 0.0000e+00
      2.497    27.3365     7.0436     88.804  28.131103     26.865      6.378   280.6239     0.9160     0.8133     0.0210      0.043      2.447      3.549        583 3.3781e+01   996.4424 0.0000e+00
      2.503    27.3184     7.0751     89.099  28.089826     26.816      6.377   280.9267     0.8931     0.7845     0.0210      0.043      2.454      3.559        584 3.3590e+01   996.4445 0.0000e+00
      2.508    27.3013     7.0911     89.160  28.127889     26.877      6.381   281.0024     0.9236     0.8133     0.0210      0.042      2.459      3.567        585 3.3471e+01   996.4487 0.0000e+00
      2.513    27.2855     7.0833     88.928  28.142984     26.886      6.380   280.5103     0.9045     0.8710     0.0210      0.037      2.465      3.576        586 3.3391e+01   996.4538 0.0000e+00
      2.521    27.2732     7.0711     88.672  28.130292     26.895      6.384   280.3589     0.9274     0.8566     0.0210      0.032      2.473      3.586        587 3.3256e+01   996.4585 0.0000e+00
      2.528    27.2675     7.0477     88.366  28.143691     26.903      6.384   280.3589     0.9160     0.8133     0.0210      0.028      2.480      3.596        588 3.3238e+01   996.4629 0.0000e+00
      2.536    27.2655     7.0219     88.046  28.126315     26.910      6.387   280.5860     0.9045     0.7989     0.0210      0.027      2.488      3.608        589 3.3201e+01   996.4664 0.0000e+00
      2.548    27.2678     6.9905     87.621  28.092678     26.859      6.389   280.3210     0.9999     0.8998     0.0210      0.028      2.498      3.623        590 3.2985e+01   996.4680 0.0000e+00
      2.558    27.2712     6.9815     87.434  28.126310     26.914      6.389   280.2453     0.9808     0.7701     0.0210      0.030      2.508      3.637        591 3.2774e+01   996.4687 0.0000e+00
      2.566    27.2704     6.9838     87.294  28.143703     26.912      6.386   280.1317     0.9885     0.8998     0.0210      0.032      2.516      3.650        592 3.2582e+01   996.4681 0.0000e+00
      2.574    27.2500     6.9779     87.053  28.130275     26.910      6.391   280.3210     0.9923     0.6980     0.0210      0.034      2.525      3.662        593 3.2424e+01   996.4672 0.0000e+00
      2.584    27.1865     6.9747     86.904  28.143020     26.911      6.391   280.3210     0.9541     0.8998     0.0210      0.035      2.535      3.678        594 3.2273e+01   996.4674 0.0000e+00
      2.600    27.0997     6.9546     86.549  28.187088     26.974      6.394   280.2831     0.9351     0.8422     0.0210      0.038      2.550      3.699        595 3.2054e+01   996.4731 0.0000e+00
      2.618    27.0146     6.9082     85.883  28.312421     27.114      6.390   280.2831     0.8969     0.7412     0.0211      0.042      2.566      3.722        596 3.1905e+01   996.4908 0.0000e+00
      2.633    26.9526     6.8544     85.163  28.431403     27.294      6.389   280.5103     0.8893     0.8422     0.0211      0.046      2.582      3.744        597 3.1743e+01   996.5149 0.0000e+00
      2.647    26.9428     6.8012     84.477  28.483384     27.365      6.387   280.7753     0.8931     0.8133     0.0211      0.049      2.594      3.763        598 3.1651e+01   996.5384 0.0000e+00
      2.656    26.9447     6.7494     83.846  28.484742     27.426      6.385   280.4346     0.8969     0.8133     0.0211      0.051      2.604      3.778        599 3.1621e+01   996.5556 0.0000e+00
      2.665    26.9254     6.6973     83.208  28.459356     27.376      6.387   280.4346     0.9274     0.8710     0.0211      0.052      2.614      3.792        600 3.1486e+01   996.5583 0.0000e+00
      2.677    26.8754     6.6502     82.613  28.426116     27.375      6.387   280.7753     0.9084     0.8566     0.0211      0.052      2.623      3.804        601 3.1487e+01   996.5578 0.0000e+00
      2.681    26.7710     6.6243     82.245  28.466867     27.386      6.381   280.4346     0.9122     0.7701     0.0211      0.048      2.630      3.814        602 3.1684e+01   996.5632 0.0000e+00
      2.687    26.6643     6.6113     81.995  28.527143     27.518      6.380   280.3967     0.8435     0.7701     0.0212      0.042      2.635      3.822        603 3.1877e+01   996.5768 0.0000e+00
      2.693    26.5932     6.6076     81.846  28.528862     27.521      6.380   280.9267     0.8511     0.7845     0.0211      0.036      2.640      3.829        604 3.2052e+01   996.6054 0.0000e+00
      2.696    26.5269     6.6148     81.849  28.553632     27.659      6.379   280.8510     0.8435     0.8422     0.0212      0.031      2.644      3.835        605 3.2182e+01   996.6345 0.0000e+00
      2.700    26.4709     6.6125     81.766  28.525977     27.616      6.380   280.7753     0.8435     0.8133     0.0211      0.026      2.648      3.840        606 3.2338e+01   996.6539 0.0000e+00
      2.704    26.4364     6.6027     81.639  28.533684     27.706      6.377   280.6617     0.7710     0.7701     0.0211      0.023      2.652      3.846        607 3.2542e+01   996.6719 0.0000e+00
      2.707    26.4214     6.5773     81.319  28.514444     27.682      6.379   280.5103     0.7977     0.8566     0.0211      0.019      2.657      3.854        608 3.2579e+01   996.6870 0.0000e+00
      2.717    26.4278     6.5494     80.934  28.490698     27.700      6.382   280.5103     0.7977     0.8277     0.0211      0.018      2.665      3.865        609 3.2590e+01   996.6964 0.0000e+00
      2.728    26.4342     6.5311     80.639  28.504004     27.709      6.383   281.0781     0.7825     0.7845     0.0211      0.020      2.674      3.879        610 3.2558e+01   996.7004 0.0000e+00
      2.736    26.4269     6.5269     80.492  28.468267     27.677      6.381   280.5103     0.8664     0.7124     0.0211      0.023      2.683      3.892        611 3.2505e+01   996.6988 0.0000e+00
      2.744    26.3964     6.5261     80.387  28.505549     27.701      6.385   280.5860     0.8473     0.8710     0.0211      0.026      2.691      3.904        612 3.2434e+01   996.6971 0.0000e+00
      2.752    26.3365     6.5408     80.491  28.546475     27.759      6.385   281.0403     0.8740     0.8998     0.0211      0.029      2.698      3.914        613 3.2366e+01   996.6991 0.0000e+00
      2.759    26.2680     6.5378     80.394  28.506208     27.721      6.384   280.8131     0.8702     0.8422     0.0211      0.031      2.706      3.925        614 3.2353e+01   996.7073 0.0000e+00
      2.767    26.2095     6.5123     80.031  28.496427     27.754      6.389   280.8510     0.8244     0.7556     0.0211      0.032      2.714      3.937        615 3.2251e+01   996.7235 0.0000e+00
      2.777    26.1735     6.5058     79.908  28.499423     27.791      6.388   281.0024     0.8282     0.8998     0.0211      0.033      2.724      3.951        616 3.2175e+01   996.7420 0.0000e+00
      2.788    26.1682     6.5059     79.871  28.502505     27.823      6.388   281.2296     0.8397     0.8566     0.0211      0.033      2.734      3.965        617 3.2182e+01   996.7577 0.0000e+00
      2.798    26.1644     6.5110     79.885  28.522237     27.870      6.389   280.8510     0.8588     0.8277     0.0211      0.034      2.744      3.979        618 3.2294e+01   996.7673 0.0000e+00
      2.807    26.1372     6.5182     79.919  28.504504     27.845      6.389   281.3053     0.8321     0.8566     0.0211      0.035      2.753      3.993        619 3.2352e+01   996.7688 0.0000e+00
      2.816    26.0895     6.5225     79.929  28.494955     27.847      6.393   281.2296     0.7748     0.8422     0.0211      0.036      2.762      4.006        620 3.2301e+01   996.7699 0.0000e+00
      2.826    26.0255     6.5250     79.928  28.504500     27.862      6.388   281.5324     0.7863     0.7268     0.0211      0.037      2.770      4.017        621 3.2373e+01   996.7772 0.0000e+00
      2.830    25.9607     6.5208     79.838  28.492636     27.888      6.387   281.4567     0.8168     0.8422     0.0211      0.036      2.776      4.026        622 3.2470e+01   996.7899 0.0000e+00
      2.836    25.9078     6.5126     79.702  28.450493     27.869      6.388   281.6081     0.8015     0.7701     0.0211      0.035      2.784      4.037        623 3.2327e+01   996.8069 0.0000e+00
      2.850    25.8668     6.4930     79.413  28.468103     27.932      6.387   281.7974     0.8473     0.6980     0.0211      0.034      2.794      4.052        624 3.2203e+01   996.8243 0.0000e+00
      2.859    25.8322     6.4737     79.114  28.441124     27.933      6.382   281.6460     0.8473     0.7845     0.0211      0.034      2.802      4.064        625 3.2263e+01   996.8383 0.0000e+00
      2.862    25.8029     6.4674     78.967  28.365599     27.873      6.377   281.9867     0.8435     0.8133     0.0210      0.032      2.808      4.072        626 3.2281e+01   996.8492 0.0000e+00
      2.869    25.7762     6.4765     78.999  28.354752     27.892      6.372   282.2517     0.8702     0.7701     0.0210      0.031      2.813      4.080        627 3.2202e+01   996.8584 0.0000e+00
      2.873    25.7429     6.4997     79.205  28.365768     27.908      6.368   282.2896     1.0304     1.0873     0.0210      0.029      2.817      4.085        628 3.2259e+01   996.8661 0.0000e+00
      2.874    25.7059     6.5175     79.347  28.292655     27.868      6.366   282.4789     1.0152     1.0008     0.0210      0.026      2.819      4.088        629 3.2389e+01   996.8732 0.0000e+00
      2.876    25.6771     6.5489     79.662  28.268017     27.831      6.365   282.6303     1.0533     1.0440     0.0210      0.023      2.822      4.092        630 3.2321e+01   996.8819 0.0000e+00
      2.882    25.6541     6.5854     80.035  28.337197     27.962      6.366   282.8953     1.0037     1.1161     0.0210      0.020      2.827      4.100        631 3.2261e+01   996.8917 0.0000e+00
      2.889    25.6292     6.6116     80.263  28.265820     27.868      6.369   283.2739     1.1563     1.1017     0.0210      0.017      2.834      4.110        632 3.2176e+01   996.8993 0.0000e+00
      2.898    25.6040     6.6430     80.531  28.179122     27.825      6.372   283.1224     1.1639     1.0585     0.0209      0.017      2.842      4.122        633 3.2061e+01   996.9054 0.0000e+00
      2.908    25.5705     6.6899     80.976  28.208121     27.839      6.376   283.9174     1.1525     1.1161     0.0209      0.020      2.852      4.137        634 3.1906e+01   996.9120 0.0000e+00
      2.919    25.5271     6.7515     81.622  28.170495     27.852      6.377   284.1067     1.1525     1.1017     0.0209      0.024      2.862      4.152        635 3.1662e+01   996.9186 0.0000e+00
      2.930    25.4779     6.7967     82.084  28.048226     27.705      6.378   284.4474     1.1525     1.0008     0.0209      0.029      2.873      4.167        636 3.1465e+01   996.9274 0.0000e+00
      2.940    25.4239     6.8098     82.221  28.004832     27.729      6.379   284.3339     0.8816     1.0585     0.0209      0.034      2.883      4.181        637 3.1307e+01   996.9388 0.0000e+00
      2.949    25.3704     6.8176     82.279  27.928295     27.645      6.377   284.8260     0.9274     1.0008     0.0208      0.037      2.892      4.195        638 3.1171e+01   996.9516 0.0000e+00
      2.958    25.3189     6.8285     82.275  27.817655     27.592      6.378   285.5832     0.9236     1.0440     0.0208      0.039      2.902      4.210        639 3.0970e+01   996.9657 0.0000e+00
      2.972    25.2728     6.8376     82.219  27.787081     27.566      6.381   285.9617     0.9122     1.1161     0.0208      0.040      2.915      4.228        640 3.0768e+01   996.9797 0.0000e+00
      2.988    25.2239     6.8348     82.049  27.818254     27.650      6.380   286.4539     1.1830     0.8277     0.0208      0.042      2.931      4.250        641 3.0520e+01   996.9932 0.0000e+00
      3.006    25.1636     6.8117     81.723  27.778879     27.620      6.379   286.7946     1.1296     0.7701     0.0208      0.046      2.946      4.273        642 3.0232e+01   997.0052 0.0000e+00
      3.019    25.0865     6.7809     81.365  27.658371     27.535      6.377   287.2489     1.1601     0.8710     0.0207      0.049      2.959      4.292        643 3.0059e+01   997.0178 0.0000e+00
