Data/DataNotYetUploadedToEDI/CTD_2019/071119_bvr50_d.cnv
* Sea-Bird SBE19plus  Data File:
* FileName = C:\DATA\071019_bvr_0009.hex
* Software version 2.8.0.119
* Temperature SN = 7809
* Conductivity SN = 7809
* System UpLoad Time = Jul 12 2019 13:04:32
* <ApplicationData>
* <Seaterm232>
# nquan = 18
# nvalues = 1374                        
# units = specified
# name 0 = depFM: Depth [fresh water, m]
# name 1 = tv290C: Temperature [ITS-90, deg C]
# name 2 = sbeox0Mg/L: Oxygen, SBE 43 [mg/l]
# name 3 = sbeox0PS: Oxygen, SBE 43 [% saturation]
# name 4 = c0uS/cm: Conductivity [uS/cm]
# name 5 = specc: Specific Conductance [uS/cm]
# name 6 = ph: pH
# name 7 = orp: Oxidation Reduction Potential [mV]
# name 8 = flECO-AFL: Fluorescence, WET Labs ECO-AFL/FL [mg/m^3]
# name 9 = turbWETntu0: Turbidity, WET Labs ECO [NTU]
# name 10 = sal00: Salinity, Practical [PSU]
# name 11 = dz/dtM: Descent Rate [m/s]
# name 12 = prdM: Pressure, Strain Gauge [db]
# name 13 = prdE: Pressure, Strain Gauge [psi]
# name 14 = scan: Scan Count
# name 15 = par/sat/log: PAR/Logarithmic, Satlantic
# name 16 = density00: Density [density, kg/m^3]
# name 17 = flag:  0.000e+00
# span 0 =     -0.691,     10.409       
# span 1 =     8.3986,    27.3849       
# span 2 =     0.0690,     8.1640       
# span 3 =      0.591,    102.193       
# span 4 =   0.672095, 110.111129       
# span 5 =      0.653,    164.860       
# span 6 =      5.993,      7.826       
# span 7 =   -39.8378,   795.5203       
# span 8 =    -0.2132,     9.2512       
# span 9 =    -0.5710,     6.1486       
# span 10 =     0.0120,     0.0762      
# span 11 =     -0.180,      0.219      
# span 12 =     -0.678,     10.207      
# span 13 =     -0.983,     14.804      
# span 14 =          1,       1374      
# span 15 = 1.2179e-01, 4.8759e+02      
# span 16 =   996.4232,   999.9351      
# span 17 = 0.0000e+00, 0.0000e+00      
# interval = seconds: 0.25
# start_time = Jul 11 2019 09:31:14 [Instrument's time stamp, header]
# bad_flag = -9.990e-29
*END*
     -0.691    25.4252     7.8541     96.098   0.672095      0.680      6.893   590.4855    -0.0873    -0.4700     0.0120      0.000     -0.678     -0.983          1 4.2749e+02   996.9425 0.0000e+00
     -0.691    25.4259     7.7984     96.096   0.679253      0.653      7.014   795.5203    -0.0987    -0.4845     0.0120      0.000     -0.677     -0.982          2 3.7126e+02   996.9425 0.0000e+00
     -0.691    25.4261     7.7478     96.050   1.011107      1.012      7.083   775.4560    -0.1064    -0.5277     0.0120      0.000     -0.677     -0.982          3 3.4834e+02   996.9426 0.0000e+00
     -0.691    25.4259     7.7166     96.056   1.264901      1.261      7.100   761.5245    -0.1026    -0.4412     0.0120      0.000     -0.677     -0.982          4 3.9032e+02   996.9425 0.0000e+00
     -0.690    25.4252     7.6883     95.996   1.280462      1.261      7.105   750.3945    -0.0911    -0.4556     0.0120      0.000     -0.677     -0.982          5 4.1718e+02   996.9424 0.0000e+00
     -0.691    25.4250     7.6686     96.028   1.317148      1.316      7.106   730.5952    -0.1102    -0.5566     0.0120      0.000     -0.677     -0.982          6 3.8838e+02   996.9424 0.0000e+00
     -0.691    25.4247     7.6525     96.073   1.337575      1.316      7.110   716.4744    -0.0949    -0.5566     0.0120      0.000     -0.677     -0.982          7 3.2614e+02   996.9426 0.0000e+00
     -0.691    25.4255     7.6539     96.271   1.314207      1.316      7.108   705.7987    -0.1102    -0.4556     0.0120      0.000     -0.677     -0.982          8 2.8041e+02   996.9426 0.0000e+00
     -0.691    25.4240     7.6726     96.609   1.287065      1.261      7.105   695.6529    -0.1140    -0.4700     0.0120      0.000     -0.677     -0.982          9 2.9853e+02   996.9427 0.0000e+00
     -0.690    25.4284     7.6978     96.981   1.312187      1.316      7.097   682.3272    -0.1216    -0.5710     0.0120      0.000     -0.677     -0.981         10 3.3606e+02   996.9426 0.0000e+00
     -0.691    25.6023     7.7383     97.522   1.282943      1.261      6.625   -39.8378    -0.1102    -0.5133     0.0120     -0.000     -0.672     -0.975         11 3.5713e+02   996.9429 0.0000e+00
     -0.676    25.9772     7.7742     97.998   1.175546      1.178      6.800   335.4412    -0.0987    -0.5277     0.0120      0.004     -0.654     -0.949         12 3.9370e+02   996.9418 0.0000e+00
     -0.633    26.3144     7.7866     98.177   6.860184      6.436      7.073   307.1996    -0.1865    -0.4989     0.0132      0.018     -0.618     -0.896         13 4.2493e+02   996.8976 0.0000e+00
     -0.583    26.5383     7.6834     96.890  19.807498     19.681      7.295   299.5903    -0.1903    -0.5133     0.0179      0.041     -0.568     -0.823         14 4.4410e+02   996.8022 0.0000e+00
     -0.519    26.7114     7.4769     94.299  27.540774     26.950      7.492   297.9625    -0.1789    -0.4989     0.0208      0.074     -0.510     -0.739         15 4.6766e+02   996.7148 0.0000e+00
     -0.458    26.8705     7.2177     91.033  27.732914     26.832      7.630   299.5903    -0.2132    -0.5710     0.0208      0.112     -0.451     -0.653         16 4.8759e+02   996.6546 0.0000e+00
     -0.402    27.0146     7.0534     88.909  27.683041     26.798      7.714   299.7796    -0.1102     3.0628     0.0208      0.149     -0.391     -0.567         17 4.7295e+02   996.6078 0.0000e+00
     -0.333    27.1182     7.0252     88.512  27.839742     26.822      7.750   293.5332    -0.1026     3.0340     0.0209      0.186     -0.331     -0.481         18 4.4792e+02   996.5647 0.0000e+00
     -0.280    27.1791     7.0550     88.854  27.774815     26.695      7.762   295.1989    -0.0949     3.0484     0.0209      0.213     -0.283     -0.411         19 4.5322e+02   996.5254 0.0000e+00
     -0.256    27.2105     7.0797     89.141  27.823032     26.694      7.751   300.3096    -0.0835     3.1061     0.0209      0.219     -0.250     -0.363         20 4.5545e+02   996.4970 0.0000e+00
     -0.229    27.2284     7.0781     89.138  27.779698     26.610      7.778   299.8932     0.5612     0.8998     0.0209      0.209     -0.216     -0.313         21 4.5108e+02   996.4802 0.0000e+00
     -0.175    27.2419     7.0478     88.793  27.769478     26.594      7.818   302.6568     0.5612     0.8422     0.0209      0.198     -0.167     -0.243         22 3.5902e+02   996.4718 0.0000e+00
     -0.108    27.2550     6.9844     88.032  27.776495     26.585      7.826   293.6468     0.5765     0.8422     0.0209      0.191     -0.107     -0.155         23 2.4792e+02   996.4671 0.0000e+00
     -0.045    27.2622     6.9046     87.059  27.830200     26.632      7.824   293.0789     0.5459     0.8422     0.0209      0.190     -0.045     -0.066         24 2.3745e+02   996.4636 0.0000e+00
      0.014    27.2714     6.7874     85.602  27.821123     26.625      7.822   293.6089     0.5574     0.8710     0.0209      0.193      0.012      0.017         25 2.0212e+02   996.4603 0.0000e+00
      0.068    27.2706     6.6564     83.969  27.728544     26.514      7.820   293.5710     0.5841     0.8422     0.0209      0.198      0.062      0.090         26 1.6390e+02   996.4585 0.0000e+00
      0.109    27.2410     6.5241     82.311  27.708438     26.510      7.795   294.2903     0.5498     0.7701     0.0209      0.205      0.099      0.143         27 1.5506e+02   996.4561 0.0000e+00
      0.125    27.2127     6.3983     80.731  27.668415     26.456      7.765   294.7825     0.5765     0.8566     0.0208      0.206      0.117      0.169         28 1.4060e+02   996.4564 0.0000e+00
      0.124    27.1926     6.2902     79.372  27.659870     26.473      7.738   295.5775     0.6375     0.8133     0.0208      0.187      0.118      0.171         29 1.5540e+02   996.4646 0.0000e+00
      0.111    27.1784     6.1933     78.152  27.659839     26.486      7.707   295.1232     0.6489     0.9719     0.0208      0.149      0.111      0.161         30 1.7620e+02   996.4724 0.0000e+00
      0.107    27.1882     6.1098     77.099  27.668464     26.496      7.667   294.3282     0.6184     0.8422     0.0208      0.105      0.106      0.154         31 1.7698e+02   996.4780 0.0000e+00
      0.107    27.2109     6.0277     76.062  27.767629     26.611      7.625   293.6468     0.6413     0.8422     0.0209      0.064      0.105      0.153         32 1.8309e+02   996.4819 0.0000e+00
      0.108    27.2350     5.9455     75.020  27.832647     26.659      7.594   293.1925     0.6375     0.8710     0.0209      0.031      0.106      0.154         33 1.8848e+02   996.4792 0.0000e+00
      0.110    27.2556     5.8670     74.027  27.883761     26.701      7.568   292.2082     0.5765     0.8998     0.0209      0.007      0.109      0.157         34 1.8780e+02   996.4729 0.0000e+00
      0.114    27.2699     5.7920     73.078  27.970605     26.769      7.541   288.8010     0.5536     0.8998     0.0210     -0.004      0.112      0.162         35 1.8416e+02   996.4663 0.0000e+00
      0.119    27.2821     5.7210     72.184  27.961538     26.758      7.514   294.8582     0.5459     0.8710     0.0210     -0.004      0.115      0.167         36 1.7941e+02   996.4606 0.0000e+00
      0.120    27.2904     5.6559     71.365  27.895038     26.671      7.487   294.1010     0.5536     0.8133     0.0209      0.002      0.117      0.170         37 1.7978e+02   996.4567 0.0000e+00
      0.120    27.2955     5.6536     71.336  27.875626     26.665      7.459   294.5175     0.6604     0.9287     0.0209      0.007      0.118      0.171         38 1.7131e+02   996.4532 0.0000e+00
      0.121    27.2988     5.7258     72.250  27.837583     26.607      7.438   294.6689     0.6489     0.8710     0.0209      0.008      0.119      0.173         39 1.7072e+02   996.4508 0.0000e+00
      0.122    27.3003     5.8430     73.730  27.883135     26.658      7.421   294.4796     0.6146     0.9287     0.0209      0.008      0.119      0.173         40 1.7030e+02   996.4496 0.0000e+00
      0.121    27.3009     5.9754     75.404  27.967044     26.736      7.401   294.4039     0.6261     1.0440     0.0210      0.007      0.119      0.173         41 1.7254e+02   996.4486 0.0000e+00
      0.121    27.2998     6.0968     76.937  28.029376     26.789      7.380   294.6689     0.6184     0.9287     0.0210      0.005      0.119      0.173         42 1.7643e+02   996.4482 0.0000e+00
      0.122    27.2971     6.2018     78.257  28.072158     26.842      7.356   294.1389     0.6451     0.8710     0.0210      0.003      0.120      0.174         43 1.7938e+02   996.4481 0.0000e+00
      0.123    27.2945     6.2730     79.152  28.091531     26.842      7.332   294.0632     0.6222     0.8277     0.0210      0.002      0.121      0.175         44 1.8223e+02   996.4484 0.0000e+00
      0.124    27.2934     6.3181     79.721  28.182999     26.951      7.310   294.5175     0.6413     0.8710     0.0210      0.002      0.121      0.176         45 1.7942e+02   996.4492 0.0000e+00
      0.122    27.2945     6.3195     79.739  28.373039     27.112      7.293   294.1768     0.5994     0.8998     0.0211      0.001      0.120      0.175         46 1.8464e+02   996.4500 0.0000e+00
      0.121    27.2957     6.2916     79.392  28.595589     27.353      7.277   293.9496     0.5650     0.8998     0.0212      0.001      0.119      0.173         47 1.7775e+02   996.4503 0.0000e+00
      0.121    27.2964     6.2507     78.881  28.735470     27.459      7.265   294.0632     0.5459     0.8710     0.0212      0.000      0.119      0.172         48 1.7499e+02   996.4500 0.0000e+00
      0.120    27.2978     6.2172     78.460  28.821034     27.565      7.242   294.5175     0.5688     0.8422     0.0213     -0.000      0.118      0.171         49 1.7208e+02   996.4497 0.0000e+00
      0.120    27.2995     6.1900     78.120  28.933449     27.645      7.222   294.7068     0.5727     0.8277     0.0213     -0.001      0.117      0.170         50 1.6507e+02   996.4496 0.0000e+00
      0.117    27.3017     6.1767     77.954  29.010295     27.751      7.200   294.8582     0.6528     0.8422     0.0214     -0.003      0.114      0.166         51 1.7026e+02   996.4492 0.0000e+00
      0.114    27.3016     6.1731     77.905  29.051255     27.750      7.179   294.7446     0.6375     0.9719     0.0214     -0.004      0.113      0.163         52 1.7336e+02   996.4487 0.0000e+00
      0.113    27.2988     6.1699     77.841  29.119461     27.855      7.161   293.9118     0.6528     0.8277     0.0214     -0.005      0.113      0.163         53 1.7631e+02   996.4481 0.0000e+00
      0.117    27.2964     6.1567     77.671  29.162401     27.855      7.143   294.1389     0.5994     0.8422     0.0214     -0.004      0.115      0.167         54 1.8155e+02   996.4481 0.0000e+00
      0.121    27.2959     6.1365     77.423  29.145934     27.884      7.119   294.2146     0.6032     0.9287     0.0214     -0.002      0.119      0.172         55 1.8215e+02   996.4490 0.0000e+00
      0.125    27.2970     6.1257     77.293  29.051084     27.752      7.102   293.8360     0.6413     0.9575     0.0214      0.000      0.121      0.176         56 1.8111e+02   996.4497 0.0000e+00
      0.125    27.3002     6.1326     77.383  29.013830     27.752      7.086   293.2303     0.6375     0.8998     0.0214      0.003      0.122      0.177         57 1.7593e+02   996.4498 0.0000e+00
      0.124    27.3034     6.1467     77.556  28.984933     27.698      7.076   294.0253     0.6261     0.9143     0.0213      0.005      0.122      0.177         58 1.7030e+02   996.4494 0.0000e+00
      0.124    27.3056     6.1438     77.509  28.968552     27.696      7.062   293.7982     0.5688     0.9719     0.0213      0.006      0.121      0.175         59 1.6978e+02   996.4485 0.0000e+00
      0.121    27.3071     6.1165     77.159  28.974968     27.694      7.049   293.7225     0.5612     0.9431     0.0213      0.005      0.118      0.172         60 1.6627e+02   996.4476 0.0000e+00
      0.118    27.3096     6.0616     76.472  28.888079     27.613      7.031   293.8360     0.5727     1.0152     0.0213      0.002      0.118      0.171         61 1.6789e+02   996.4470 0.0000e+00
      0.123    27.3047     5.9838     75.500  28.839698     27.559      7.017   293.4575     0.5650     0.9575     0.0213      0.000      0.123      0.178         62 1.6324e+02   996.4466 0.0000e+00
      0.134    27.2902     5.9218     74.726  28.827814     27.558      7.005   293.9875     0.5727     0.8854     0.0213      0.002      0.131      0.190         63 1.6632e+02   996.4459 0.0000e+00
      0.142    27.2863     5.8737     74.123  28.784375     27.506      6.973   293.6468     0.5765     1.0152     0.0213      0.006      0.138      0.200         64 1.7411e+02   996.4473 0.0000e+00
      0.143    27.2914     5.8483     73.807  28.775266     27.515      6.940   293.3060     0.5727     0.9143     0.0213      0.010      0.139      0.202         65 1.7388e+02   996.4513 0.0000e+00
      0.138    27.2959     5.8461     73.771  28.779909     27.516      6.912   293.0032     0.5536     0.9431     0.0213      0.011      0.136      0.197         66 1.8612e+02   996.4524 0.0000e+00
      0.134    27.2980     5.8487     73.792  28.778601     27.514      6.891   292.5868     0.5498     0.8422     0.0213      0.011      0.134      0.194         67 1.9568e+02   996.4510 0.0000e+00
      0.138    27.2943     5.8538     73.852  28.836139     27.565      6.880   292.3975     0.5650     0.8566     0.0213      0.010      0.137      0.199         68 1.9535e+02   996.4498 0.0000e+00
      0.147    27.2869     5.8643     73.968  28.826794     27.564      6.874   292.0946     0.5650     0.8566     0.0213      0.010      0.143      0.208         69 1.9758e+02   996.4491 0.0000e+00
      0.153    27.2832     5.8669     74.008  28.790230     27.512      6.860   292.0189     0.5688     0.9143     0.0213      0.009      0.148      0.215         70 2.0024e+02   996.4502 0.0000e+00
      0.154    27.2872     5.8674     74.026  28.822397     27.570      6.843   288.0439     0.5650     0.8133     0.0213      0.008      0.151      0.218         71 1.9949e+02   996.4524 0.0000e+00
      0.154    27.2939     5.8565     73.893  28.786765     27.518      6.826   289.9367     0.6261     0.9431     0.0213      0.008      0.151      0.219         72 2.0269e+02   996.4533 0.0000e+00
      0.154    27.2996     5.8302     73.567  28.775329     27.516      6.808   290.7317     0.6222     0.9719     0.0213      0.009      0.150      0.218         73 1.9759e+02   996.4522 0.0000e+00
      0.152    27.3036     5.7916     73.054  28.777382     27.513      6.792   291.4510     0.6108     0.8710     0.0213      0.010      0.147      0.214         74 1.9564e+02   996.4504 0.0000e+00
      0.146    27.3062     5.7416     72.396  28.724962     27.456      6.788   292.5110     0.6299     0.7845     0.0212      0.007      0.142      0.207         75 1.9841e+02   996.4487 0.0000e+00
      0.139    27.3006     5.7261     72.188  28.662827     27.401      6.783   292.4353     0.5955     0.8277     0.0212     -0.000      0.136      0.197         76 1.9880e+02   996.4476 0.0000e+00
      0.130    27.2931     5.7565     72.565  28.676970     27.400      6.785   292.6246     0.6261     0.8422     0.0212     -0.008      0.129      0.186         77 2.0451e+02   996.4468 0.0000e+00
      0.123    27.2870     5.7890     72.981  28.707360     27.456      6.780   292.1325     0.6528     0.8710     0.0212     -0.015      0.125      0.181         78 2.0266e+02   996.4483 0.0000e+00
      0.129    27.2775     5.8088     73.235  28.625007     27.353      6.779   291.1860     0.6261     0.8998     0.0212     -0.016      0.128      0.186         79 2.0234e+02   996.4503 0.0000e+00
      0.139    27.2818     5.8011     73.139  28.601722     27.356      6.768   292.3596     0.5574     0.9287     0.0212     -0.014      0.136      0.198         80 1.9832e+02   996.4521 0.0000e+00
