Data/DataNotYetUploadedToEDI/CTD_2019/071119_bvr50_d.cnv
* Sea-Bird SBE19plus  Data File:
* FileName = C:\DATA\071019_bvr_0009.hex
* Software version 2.8.0.119
* Temperature SN = 7809
* Conductivity SN = 7809
* System UpLoad Time = Jul 12 2019 13:04:32
* <ApplicationData>
* <Seaterm232>
# nquan = 18
# nvalues = 1374                        
# units = specified
# name 0 = depFM: Depth [fresh water, m]
# name 1 = tv290C: Temperature [ITS-90, deg C]
# name 2 = sbeox0Mg/L: Oxygen, SBE 43 [mg/l]
# name 3 = sbeox0PS: Oxygen, SBE 43 [% saturation]
# name 4 = c0uS/cm: Conductivity [uS/cm]
# name 5 = specc: Specific Conductance [uS/cm]
# name 6 = ph: pH
# name 7 = orp: Oxidation Reduction Potential [mV]
# name 8 = flECO-AFL: Fluorescence, WET Labs ECO-AFL/FL [mg/m^3]
# name 9 = turbWETntu0: Turbidity, WET Labs ECO [NTU]
# name 10 = sal00: Salinity, Practical [PSU]
# name 11 = dz/dtM: Descent Rate [m/s]
# name 12 = prdM: Pressure, Strain Gauge [db]
# name 13 = prdE: Pressure, Strain Gauge [psi]
# name 14 = scan: Scan Count
# name 15 = par/sat/log: PAR/Logarithmic, Satlantic
# name 16 = density00: Density [density, kg/m^3]
# name 17 = flag:  0.000e+00
# span 0 =     -0.691,     10.409       
# span 1 =     8.3986,    27.3849       
# span 2 =     0.0690,     8.1640       
# span 3 =      0.591,    102.193       
# span 4 =   0.672095, 110.111129       
# span 5 =      0.653,    164.860       
# span 6 =      5.993,      7.826       
# span 7 =   -39.8378,   795.5203       
# span 8 =    -0.2132,     9.2512       
# span 9 =    -0.5710,     6.1486       
# span 10 =     0.0120,     0.0762      
# span 11 =     -0.180,      0.219      
# span 12 =     -0.678,     10.207      
# span 13 =     -0.983,     14.804      
# span 14 =          1,       1374      
# span 15 = 1.2179e-01, 4.8759e+02      
# span 16 =   996.4232,   999.9351      
# span 17 = 0.0000e+00, 0.0000e+00      
# interval = seconds: 0.25
# start_time = Jul 11 2019 09:31:14 [Instrument's time stamp, header]
# bad_flag = -9.990e-29
*END*
[from data line 1287]
     10.040     8.4671     0.0770      0.658  81.372049    121.620      6.060    24.7467     1.0190     3.0340     0.0563      0.069      9.845     14.278       1288 1.2339e-01   999.9128 0.0000e+00
     10.056     8.4649     0.0760      0.649  81.564222    121.752      6.059    24.5953     1.0419     3.0340     0.0563      0.071      9.862     14.304       1289 1.2355e-01   999.9131 0.0000e+00
     10.074     8.4631     0.0775      0.662  82.032059    122.636      6.059    24.1788     1.0190     3.1349     0.0567      0.072      9.880     14.329       1290 1.2370e-01   999.9136 0.0000e+00
     10.093     8.4616     0.0777      0.664  82.720527    123.482      6.061    23.2703     1.0190     3.1493     0.0571      0.073      9.896     14.353       1291 1.2354e-01   999.9142 0.0000e+00
     10.106     8.4596     0.0797      0.681  83.380766    124.701      6.060    23.1945     1.0571     3.1782     0.0577      0.072      9.910     14.374       1292 1.2367e-01   999.9147 0.0000e+00
     10.118     8.4573     0.0811      0.693  83.735272    124.999      6.058    23.4974     1.0457     3.0484     0.0578      0.069      9.923     14.392       1293 1.2347e-01   999.9150 0.0000e+00
     10.132     8.4558     0.0744      0.635  84.002241    125.634      6.059    23.2703     1.0686     3.1349     0.0581      0.065      9.937     14.412       1294 1.2337e-01   999.9155 0.0000e+00
     10.149     8.4559     0.0789      0.674  83.761465    125.099      6.058    23.0053     1.0457     3.0484     0.0578      0.062      9.952     14.434       1295 1.2366e-01   999.9156 0.0000e+00
     10.163     8.4558     0.0776      0.662  83.886388    125.356      6.058    22.7403     1.0457     3.1061     0.0580      0.060      9.967     14.456       1296 1.2371e-01   999.9158 0.0000e+00
     10.179     8.4540     0.0800      0.683  85.183577    127.280      6.059    23.1567     1.0113     2.9907     0.0588      0.058      9.983     14.479       1297 1.2369e-01   999.9165 0.0000e+00
     10.197     8.4503     0.0802      0.685  86.692363    129.581      6.060    23.3838     1.0228     3.1637     0.0599      0.059     10.000     14.504       1298 1.2353e-01   999.9175 0.0000e+00
     10.215     8.4464     0.0851      0.726  87.207693    130.383      6.056    23.3838     1.0495     3.1349     0.0603      0.060     10.017     14.528       1299 1.2352e-01   999.9180 0.0000e+00
     10.230     8.4438     0.0814      0.695  87.750896    131.026      6.057    23.1945     1.0457     3.1061     0.0606      0.062     10.032     14.551       1300 1.2358e-01   999.9186 0.0000e+00
     10.245     8.4423     0.0754      0.644  87.650455    131.292      6.060    22.8160     1.0533     3.3512     0.0607      0.063     10.048     14.574       1301 1.2352e-01   999.9188 0.0000e+00
     10.263     8.4395     0.0782      0.667  88.461724    131.763      6.057    22.0967     1.0228     3.2791     0.0609      0.064     10.064     14.598       1302 1.2364e-01   999.9196 0.0000e+00
     10.280     8.4344     0.0804      0.686  92.089907    138.132      6.058    21.5288     1.0190     3.3800     0.0638      0.065     10.080     14.620       1303 1.2369e-01   999.9218 0.0000e+00
     10.294     8.4307     0.0827      0.706  93.892265    140.112      6.058    21.5288     1.0457     3.3368     0.0647      0.065     10.094     14.640       1304 1.2374e-01   999.9229 0.0000e+00
     10.304     8.4305     0.0750      0.640  95.163689    142.437      6.058    21.0745     1.0381     3.1926     0.0658      0.062     10.106     14.657       1305 1.2360e-01   999.9240 0.0000e+00
     10.317     8.4322     0.0738      0.630  98.978590    147.816      6.059    20.8474     1.0266     3.0484     0.0683      0.059     10.116     14.672       1306 1.2357e-01   999.9264 0.0000e+00
     10.326     8.4333     0.0770      0.657 102.045781    152.970      6.057    20.4310     1.0648     3.0628     0.0707      0.056     10.124     14.683       1307 1.2372e-01   999.9282 0.0000e+00
     10.328     8.4336     0.0809      0.690 101.870406    152.124      6.057    20.0524     1.0342     3.1637     0.0703      0.050     10.129     14.690       1308 1.2358e-01   999.9280 0.0000e+00
     10.332     8.4334     0.0723      0.617 102.050877    152.664      6.062    19.5224     0.9427     2.8465     0.0705      0.043     10.133     14.696       1309 1.2369e-01   999.9280 0.0000e+00
     10.338     8.4329     0.0697      0.595 103.783593    155.176      6.061    19.0302     0.9465     2.8609     0.0717      0.036     10.138     14.704       1310 1.2369e-01   999.9290 0.0000e+00
     10.343     8.4319     0.0709      0.605 104.441746    156.267      6.060    18.7652     0.9618     2.8898     0.0722      0.029     10.142     14.711       1311 1.2356e-01   999.9294 0.0000e+00
     10.346     8.4306     0.0735      0.627 104.353930    155.976      6.060    18.0838     0.9579     2.8753     0.0721      0.024     10.146     14.717       1312 1.2363e-01   999.9293 0.0000e+00
     10.351     8.4288     0.0721      0.615 104.874160    156.861      6.063    17.6295     0.8931     2.8177     0.0725      0.021     10.151     14.723       1313 1.2370e-01   999.9298 0.0000e+00
     10.357     8.4264     0.0698      0.596 105.429833    157.705      6.065    17.5538     0.8969     2.9474     0.0729      0.018     10.156     14.730       1314 1.2366e-01   999.9302 0.0000e+00
     10.360     8.4240     0.0800      0.682 105.595290    157.881      6.065    17.0238     0.9198     2.9186     0.0729      0.018     10.160     14.736       1315 1.2366e-01   999.9304 0.0000e+00
     10.366     8.4213     0.0794      0.677 106.155129    158.815      6.067    16.8345     0.9274     2.9042     0.0734      0.018     10.165     14.743       1316 1.2358e-01   999.9309 0.0000e+00
     10.371     8.4188     0.0802      0.684 106.547150    159.371      6.066    16.2288     0.8359     2.5581     0.0736      0.019     10.171     14.751       1317 1.2355e-01   999.9313 0.0000e+00
     10.376     8.4167     0.0792      0.676 106.802522    159.762      6.067    16.2667     0.8549     2.6879     0.0738      0.019     10.176     14.758       1318 1.2372e-01   999.9317 0.0000e+00
     10.381     8.4145     0.0753      0.643 107.235068    160.445      6.067    15.4717     0.8435     2.6302     0.0741      0.019     10.180     14.764       1319 1.2367e-01   999.9320 0.0000e+00
     10.383     8.4118     0.0751      0.640 107.436360    160.748      6.069    15.2445     0.8397     2.5437     0.0743      0.019     10.183     14.768       1320 1.2353e-01   999.9323 0.0000e+00
     10.386     8.4081     0.0829      0.708 107.265776    160.507      6.068    13.5409     0.9312     2.8321     0.0741      0.018     10.186     14.773       1321 1.2366e-01   999.9324 0.0000e+00
     10.391     8.4040     0.0810      0.691 107.655542    161.023      6.069    12.4809     0.9389     2.9619     0.0744      0.017     10.190     14.779       1322 1.2370e-01   999.9328 0.0000e+00
     10.394     8.4010     0.0738      0.630 108.646544    162.678      6.074    11.9888     0.9198     2.8753     0.0751      0.016     10.193     14.784       1323 1.2367e-01   999.9337 0.0000e+00
     10.397     8.3992     0.0732      0.625 109.274310    163.494      6.074    11.6859     0.9084     2.8898     0.0755      0.015     10.196     14.788       1324 1.2373e-01   999.9344 0.0000e+00
     10.400     8.3986     0.0800      0.683 109.937758    164.599      6.073    11.4967     0.9122     2.6014     0.0760      0.014     10.199     14.792       1325 1.2355e-01   999.9349 0.0000e+00
     10.402     8.4000     0.0775      0.662 110.111129    164.860      6.075    11.2317     0.9312     2.5725     0.0762      0.013     10.201     14.794       1326 1.2350e-01   999.9351 0.0000e+00
     10.403     8.4038     0.0768      0.656 109.742655    164.234      6.073    11.1938     0.9007     2.5293     0.0759      0.012     10.202     14.796       1327 1.2349e-01   999.9349 0.0000e+00
     10.404     8.4078     0.0764      0.653 109.295802    163.682      6.075    11.0424     0.8893     2.5581     0.0756      0.011     10.203     14.798       1328 1.2365e-01   999.9345 0.0000e+00
     10.405     8.4102     0.0719      0.614 108.763666    162.698      6.076    10.4367     0.9198     2.6735     0.0752      0.009     10.204     14.799       1329 1.2371e-01   999.9340 0.0000e+00
     10.406     8.4116     0.0765      0.653 108.709548    162.762      6.076    10.0581     0.9122     2.8321     0.0752      0.007     10.204     14.800       1330 1.2360e-01   999.9338 0.0000e+00
     10.406     8.4133     0.0738      0.631 108.589839    162.457      6.080     9.8688     0.8855     2.8465     0.0750      0.005     10.204     14.800       1331 1.2356e-01   999.9335 0.0000e+00
     10.406     8.4179     0.0705      0.603 108.377281    162.199      6.080     9.3766     0.9236     2.9763     0.0749      0.004     10.205     14.801       1332 1.2375e-01   999.9333 0.0000e+00
     10.406     8.4248     0.0746      0.638 107.873630    161.435      6.082     8.9224     0.9427     2.9186     0.0746      0.003     10.205     14.801       1333 1.2384e-01   999.9329 0.0000e+00
     10.406     8.4290     0.0766      0.655 106.837358    159.820      6.083     8.6574     0.9122     2.9330     0.0738      0.002     10.205     14.801       1334 1.2361e-01   999.9320 0.0000e+00
     10.407     8.4329     0.0788      0.674 105.265439    157.522      6.082     8.5816     0.9312     2.8898     0.0728      0.002     10.205     14.802       1335 1.2359e-01   999.9307 0.0000e+00
     10.407     8.4416     0.0810      0.692 103.406494    154.569      6.085     8.0516     0.8969     2.8753     0.0714      0.001     10.206     14.803       1336 1.2346e-01   999.9294 0.0000e+00
     10.408     8.4515     0.0821      0.702 102.311506    153.043      6.085     7.5595     0.8931     2.7600     0.0707      0.001     10.207     14.804       1337 1.2344e-01   999.9286 0.0000e+00
     10.408     8.4596     0.0740      0.633 101.394922    151.580      6.085     7.2945     0.9885     2.9042     0.0700      0.001     10.207     14.804       1338 1.2355e-01   999.9275 0.0000e+00
     10.408     8.4684     0.0756      0.647 100.414395    150.067      6.086     7.0674     0.9732     2.9186     0.0693      0.001     10.207     14.804       1339 1.2361e-01   999.9262 0.0000e+00
     10.409     8.4775     0.0743      0.636  99.755926    149.070      6.088     6.4238     0.9694     2.8898     0.0689      0.001     10.207     14.804       1340 1.2356e-01   999.9253 0.0000e+00
     10.408     8.4864     0.0774      0.662  99.598130    148.736      6.089     6.4995     0.9694     2.8609     0.0687      0.001     10.207     14.804       1341 1.2358e-01   999.9246 0.0000e+00
     10.408     8.4931     0.0756      0.647  99.451318    148.613      6.091     6.0074     0.9770     2.8753     0.0687      0.001     10.207     14.804       1342 1.2372e-01   999.9240 0.0000e+00
     10.409     8.4982     0.0753      0.644  98.779218    147.403      6.091     5.9316     0.9465     2.8609     0.0681      0.001     10.207     14.804       1343 1.2365e-01   999.9230 0.0000e+00
     10.408     8.5046     0.0737      0.630  98.204946    146.661      6.090     5.5531     0.9808     2.8321     0.0678      0.000     10.207     14.804       1344 1.2372e-01   999.9222 0.0000e+00
     10.408     8.5045     0.0722      0.618  97.906700    146.055      6.094     4.5309     0.9885     2.8609     0.0675     -0.000     10.206     14.803       1345 1.2366e-01   999.9216 0.0000e+00
     10.407     8.5000     0.0760      0.650  98.169385    146.526      6.093     3.9631     1.0113     3.0484     0.0677     -0.000     10.206     14.803       1346 1.2364e-01   999.9213 0.0000e+00
     10.408     8.5050     0.0722      0.617  98.234749    146.611      6.091     3.7359     0.9999     3.0916     0.0678     -0.000     10.206     14.803       1347 1.2363e-01   999.9214 0.0000e+00
     10.407     8.5220     0.0782      0.669  97.587549    145.629      6.096     3.6602     1.0304     3.0916     0.0673     -0.001     10.206     14.803       1348 1.2372e-01   999.9213 0.0000e+00
     10.407     8.5375     0.0776      0.664  96.864276    144.562      6.097     3.3952     1.0648     3.0628     0.0668     -0.001     10.206     14.803       1349 1.2384e-01   999.9206 0.0000e+00
     10.407     8.5387     0.0784      0.671  95.983975    143.151      6.097     3.3195     0.9198     2.9474     0.0662     -0.001     10.206     14.802       1350 1.2366e-01   999.9189 0.0000e+00
     10.407     8.5288     0.0708      0.606  95.235057    141.956      6.096     3.1681     0.9351     2.9042     0.0656     -0.001     10.206     14.802       1351 1.2362e-01   999.9174 0.0000e+00
     10.407     8.5175     0.0798      0.683  94.823960    141.367      6.099     3.0166     0.9198     2.7600     0.0654     -0.001     10.206     14.802       1352 1.2358e-01   999.9171 0.0000e+00
     10.407     8.5112     0.0801      0.685  94.712232    141.201      6.098     2.7138     0.9351     2.8465     0.0653     -0.001     10.205     14.802       1353 1.2363e-01   999.9178 0.0000e+00
     10.407     8.5102     0.0743      0.636  94.958003    141.666      6.099     2.2595     0.9656     2.8032     0.0655     -0.001     10.205     14.802       1354 1.2357e-01   999.9187 0.0000e+00
     10.407     8.5121     0.0731      0.626  95.409776    142.320      6.101     2.4488     0.9694     2.9763     0.0658     -0.000     10.205     14.802       1355 1.2340e-01   999.9194 0.0000e+00
     10.407     8.5173     0.0717      0.613  95.636130    142.742      6.101     2.4488     0.9618     2.7888     0.0660     -0.000     10.205     14.802       1356 1.2356e-01   999.9196 0.0000e+00
     10.407     8.5248     0.0690      0.591  95.419373    142.316      6.102     2.0323     0.9694     2.8321     0.0658     -0.000     10.206     14.802       1357 1.2365e-01   999.9193 0.0000e+00
     10.407     8.5304     0.0707      0.605  95.114792    141.918      6.104     1.8052     0.9541     2.8465     0.0656      0.000     10.206     14.802       1358 1.2352e-01   999.9188 0.0000e+00
     10.407     8.5339     0.0763      0.653  95.034326    141.676      6.102     1.6916     1.0381     3.1349     0.0655      0.000     10.206     14.802       1359 1.2371e-01   999.9182 0.0000e+00
     10.407     8.5359     0.0726      0.621  94.925059    141.611      6.105     1.5402     1.0304     3.0340     0.0655      0.000     10.206     14.803       1360 1.2362e-01   999.9178 0.0000e+00
     10.407     8.5380     0.0729      0.623  94.507724    140.845      6.108     1.3131     1.0113     3.0772     0.0651      0.000     10.206     14.803       1361 1.2351e-01   999.9173 0.0000e+00
     10.407     8.5381     0.0789      0.676  94.156777    140.419      6.106     1.6159     1.0190     2.9907     0.0649      0.000     10.206     14.803       1362 1.2374e-01   999.9170 0.0000e+00
     10.409     8.5312 -9.990e-29 -9.990e-29  93.846024    139.868      6.107     0.9723     0.9694     2.8753     0.0647      0.001     10.207     14.804       1363 1.2369e-01   999.9167 0.0000e+00
     10.408     8.5248 -9.990e-29 -9.990e-29  93.883944    139.949      6.107     0.3288     0.9656     2.8321     0.0647      0.001     10.207     14.804       1364 1.2351e-01   999.9167 0.0000e+00
     10.408     8.5267 -9.990e-29 -9.990e-29  94.228472    140.522      6.107     0.2909     0.9541     2.9186     0.0650      0.001     10.207     14.804       1365 1.2352e-01   999.9174 0.0000e+00
     10.408     8.5322 -9.990e-29 -9.990e-29  94.635825    141.092      6.112     0.2531     0.9885     2.9186     0.0652      0.001     10.207     14.804       1366 1.2362e-01   999.9181 0.0000e+00
