Data/DataNotYetUploadedToEDI/CTD_2019/071119_bvr50_e.cnv
* Sea-Bird SBE19plus  Data File:
* FileName = C:\DATA\071019_bvr_0010.hex
* Software version 2.8.0.119
* Temperature SN = 7809
* Conductivity SN = 7809
* System UpLoad Time = Jul 12 2019 13:05:16
* <ApplicationData>
* <Seaterm232>
# nquan = 18
# nvalues = 1549                        
# units = specified
# name 0 = depFM: Depth [fresh water, m]
# name 1 = tv290C: Temperature [ITS-90, deg C]
# name 2 = sbeox0Mg/L: Oxygen, SBE 43 [mg/l]
# name 3 = sbeox0PS: Oxygen, SBE 43 [% saturation]
# name 4 = c0uS/cm: Conductivity [uS/cm]
# name 5 = specc: Specific Conductance [uS/cm]
# name 6 = ph: pH
# name 7 = orp: Oxidation Reduction Potential [mV]
# name 8 = flECO-AFL: Fluorescence, WET Labs ECO-AFL/FL [mg/m^3]
# name 9 = turbWETntu0: Turbidity, WET Labs ECO [NTU]
# name 10 = sal00: Salinity, Practical [PSU]
# name 11 = dz/dtM: Descent Rate [m/s]
# name 12 = prdM: Pressure, Strain Gauge [db]
# name 13 = prdE: Pressure, Strain Gauge [psi]
# name 14 = scan: Scan Count
# name 15 = par/sat/log: PAR/Logarithmic, Satlantic
# name 16 = density00: Density [density, kg/m^3]
# name 17 = flag:  0.000e+00
# span 0 =     -0.691,     10.580       
# span 1 =     8.4155,    28.3645       
# span 2 =    -0.7866,     8.0663       
# span 3 =     -7.269,     99.101       
# span 4 =   0.330260, 167.214812       
# span 5 =      0.303,    254.066       
# span 6 =      4.717,      7.685       
# span 7 = -1240.7455,  1085.9612       
# span 8 =    -0.1865,     7.4011       
# span 9 =    -0.7008,   113.5471       
# span 10 =     0.0129,     0.1180      
# span 11 =     -0.167,      0.170      
# span 12 =     -0.678,     10.375      
# span 13 =     -0.983,     15.048      
# span 14 =          1,       1549      
# span 15 = 1.2283e-01, 5.7770e+02      
# span 16 =   996.1378,   999.9641      
# span 17 = 0.0000e+00, 0.0000e+00      
# interval = seconds: 0.25
# start_time = Jul 11 2019 11:30:20 [Instrument's time stamp, header]
# bad_flag = -9.990e-29
*END*
[from data line 1126]
      6.515    11.5583     0.0742      0.672  25.425596     34.727      6.175   249.2781     3.2964     4.5913     0.0190      0.095      6.391      9.268       1127 4.3462e+00   999.5834 0.0000e+00
      6.541    11.5094     0.0638      0.578  25.719928     35.041      6.174   248.9373     3.2964     4.6346     0.0191      0.093      6.412      9.299       1128 4.2590e+00   999.5893 0.0000e+00
      6.558    11.4566     0.0707      0.640  26.590914     36.457      6.173   248.8238     4.5820     5.2690     0.0197      0.088      6.431      9.328       1129 4.1982e+00   999.5945 0.0000e+00
      6.576    11.4251     0.0697      0.631  27.244522     37.232      6.170   249.0509     4.5934     5.3555     0.0200      0.081      6.451      9.356       1130 4.0918e+00   999.6001 0.0000e+00
      6.602    11.4105     0.0693      0.627  27.157757     37.364      6.174   248.7481     4.5972     5.4565     0.0200      0.078      6.473      9.389       1131 4.0166e+00   999.6059 0.0000e+00
      6.625    11.3575     0.0752      0.681  28.209649     38.469      6.173   248.4073     4.5934     5.3411     0.0205      0.080      6.495      9.420       1132 3.9161e+00   999.6098 0.0000e+00
      6.642    11.2428     0.0747      0.675  31.386465     43.314      6.169   248.7481     6.0506     5.2690     0.0226      0.082      6.513      9.447       1133 3.8466e+00   999.6129 0.0000e+00
      6.659    11.1196     0.0760      0.687  33.306877     45.717      6.171   247.9909     6.0201     5.3123     0.0236      0.082      6.530      9.472       1134 3.7895e+00   999.6196 0.0000e+00
      6.677    11.0361     0.0840      0.759  33.908255     46.828      6.172   247.3852     6.0201     5.3267     0.0240      0.080      6.548      9.497       1135 3.7219e+00   999.6320 0.0000e+00
      6.695    10.9923     0.0816      0.737  33.986372     47.065      6.170   247.3095     6.0430     5.4276     0.0241      0.077      6.564      9.520       1136 3.6566e+00   999.6450 0.0000e+00
      6.708    10.9674     0.0850      0.767  33.624556     46.593      6.167   246.5902     5.5166     5.3555     0.0238      0.075      6.576      9.538       1137 3.6227e+00   999.6534 0.0000e+00
      6.716    10.9478     0.0803      0.725  33.973354     47.231      6.162   246.4766     5.5013     5.2979     0.0241      0.069      6.586      9.552       1138 3.6401e+00   999.6581 0.0000e+00
      6.724    10.9355     0.0857      0.774  34.293124     47.652      6.161   245.7195     5.4975     5.2258     0.0242      0.061      6.594      9.563       1139 3.6249e+00   999.6609 0.0000e+00
      6.731    10.9257     0.0887      0.801  34.352646     47.794      6.157   244.5838     5.5089     5.2690     0.0243      0.053      6.600      9.572       1140 3.5905e+00   999.6629 0.0000e+00
      6.736    10.9070     0.0896      0.809  34.373409     47.811      6.156   243.8266     4.6392     5.1537     0.0243      0.046      6.605      9.580       1141 3.5634e+00   999.6642 0.0000e+00
      6.740    10.8822     0.0938      0.847  34.415454     47.901      6.153   243.1073     4.6354     5.2979     0.0243      0.038      6.608      9.585       1142 3.5864e+00   999.6652 0.0000e+00
      6.741    10.8600     0.0953      0.860  34.478123     48.004      6.151   242.5395     4.6430     5.2114     0.0244      0.030      6.610      9.588       1143 3.6388e+00   999.6671 0.0000e+00
      6.743    10.8412     0.0910      0.821  34.413959     47.959      6.148   242.1609     4.6659     5.3555     0.0243      0.023      6.614      9.593       1144 3.6399e+00   999.6696 0.0000e+00
      6.750    10.8225     0.0931      0.840  34.287889     47.795      6.149   241.3280     4.1318     5.3267     0.0243      0.019      6.620      9.601       1145 3.6400e+00   999.6718 0.0000e+00
      6.758    10.7985     0.0914      0.825  34.368330     47.936      6.147   240.4573     4.1242     5.2402     0.0243      0.018      6.627      9.612       1146 3.6427e+00   999.6737 0.0000e+00
      6.766    10.7805     0.0903      0.815  34.462022     48.117      6.146   239.9652     4.1242     5.2834     0.0244      0.018      6.636      9.624       1147 3.6515e+00   999.6757 0.0000e+00
      6.776    10.7816     0.0873      0.789  34.437995     48.071      6.143   239.5109     4.1394     5.2546     0.0243      0.021      6.646      9.639       1148 3.6425e+00   999.6781 0.0000e+00
      6.788    10.7963     0.0935      0.845  34.338975     48.019      6.144   238.8295     4.1356     5.3267     0.0243      0.025      6.657      9.654       1149 3.6684e+00   999.6798 0.0000e+00
      6.798    10.8120     0.0921      0.833  34.081503     47.587      6.140   238.4887     4.3874     5.0816     0.0241      0.030      6.667      9.669       1150 3.7021e+00   999.6797 0.0000e+00
      6.808    10.8285     0.0939      0.849  33.958338     47.451      6.138   238.1859     4.3836     5.0527     0.0241      0.035      6.677      9.684       1151 3.7426e+00   999.6783 0.0000e+00
      6.819    10.8216     0.0961      0.868  33.899599     47.312      6.135   238.0723     4.3836     5.0960     0.0240      0.038      6.688      9.700       1152 3.7877e+00   999.6766 0.0000e+00
      6.831    10.7888     0.0965      0.870  33.887906     47.292      6.135   237.8073     4.3760     5.1393     0.0240      0.040      6.698      9.715       1153 3.8738e+00   999.6751 0.0000e+00
      6.840    10.7694     0.0899      0.810  34.061781     47.531      6.130   237.1259     4.4561     5.1104     0.0241      0.041      6.707      9.728       1154 4.0127e+00   999.6759 0.0000e+00
      6.848    10.7684     0.0940      0.846  34.246231     47.854      6.130   237.2016     4.4408     4.9806     0.0242      0.041      6.716      9.740       1155 4.0642e+00   999.6793 0.0000e+00
      6.856    10.7829     0.0871      0.784  34.251020     47.874      6.127   236.7094     4.4408     5.0239     0.0243      0.040      6.723      9.752       1156 4.1361e+00   999.6812 0.0000e+00
      6.864    10.8098     0.0839      0.754  34.085463     47.647      6.124   236.6716     4.4256     5.0672     0.0241      0.038      6.731      9.763       1157 4.2334e+00   999.6812 0.0000e+00
      6.872    10.8440     0.0855      0.769  33.829987     47.271      6.121   236.3687     3.4757     5.1825     0.0240      0.036      6.740      9.775       1158 4.2814e+00   999.6798 0.0000e+00
      6.881    10.8596     0.0899      0.807  33.679984     47.006      6.121   236.2173     3.4757     5.1537     0.0239      0.035      6.747      9.785       1159 4.3410e+00   999.6771 0.0000e+00
      6.885    10.8602     0.0911      0.818  33.886909     47.268      6.116   235.8009     3.4490     5.1104     0.0240      0.032      6.752      9.793       1160 4.4240e+00   999.6738 0.0000e+00
      6.889    10.8516     0.0964      0.865  33.928042     47.328      6.115   235.7252     3.4375     5.1393     0.0241      0.029      6.758      9.801       1161 4.3881e+00   999.6723 0.0000e+00
      6.900    10.8136     0.0876      0.786  34.102900     47.483      6.114   235.7630     3.6054     4.8941     0.0241      0.029      6.767      9.814       1162 4.2860e+00   999.6723 0.0000e+00
      6.910    10.7591     0.0933      0.838  34.943510     48.778      6.112   234.8166     3.5901     4.8941     0.0247      0.029      6.777      9.828       1163 4.2461e+00   999.6737 0.0000e+00
      6.919    10.7038     0.0937      0.842  35.637815     49.728      6.112   234.3623     3.5863     4.9230     0.0251      0.030      6.787      9.843       1164 4.1296e+00   999.6778 0.0000e+00
      6.932    10.6652     0.0885      0.795  35.876273     50.193      6.111   233.6430     3.5978     4.8797     0.0253      0.032      6.799      9.861       1165 3.9456e+00   999.6833 0.0000e+00
      6.948    10.6396     0.0858      0.772  36.424860     50.938      6.109   232.1666     3.5710     4.8509     0.0256      0.036      6.812      9.880       1166 3.8421e+00   999.6892 0.0000e+00
      6.958    10.6134     0.0854      0.768  37.325997     52.401      6.106   230.6144     3.6473     4.9374     0.0262      0.039      6.823      9.895       1167 3.7454e+00   999.6933 0.0000e+00
      6.966    10.5990     0.0811      0.728  37.777759     52.948      6.105   229.3273     3.6206     4.8509     0.0264      0.043      6.832      9.908       1168 3.6503e+00   999.6961 0.0000e+00
      6.975    10.5981     0.0830      0.743  37.640878     52.909      6.102   228.4187     3.6435     4.9518     0.0264      0.043      6.838      9.919       1169 3.5981e+00   999.6987 0.0000e+00
      6.979    10.5842     0.0820      0.733  37.259257     52.264      6.100   226.9423     3.6397     4.8220     0.0261      0.041      6.843      9.926       1170 3.5429e+00   999.6999 0.0000e+00
      6.982    10.5570     0.0832      0.744  37.304291     52.421      6.098   225.9580     3.5901     4.8364     0.0262      0.037      6.848      9.932       1171 3.4869e+00   999.7000 0.0000e+00
      6.989    10.5485     0.0881      0.788  37.466286     52.638      6.098   225.0873     3.6016     4.9230     0.0262      0.033      6.855      9.942       1172 3.3822e+00   999.7014 0.0000e+00
      6.999    10.5685     0.0895      0.800  37.265125     52.404      6.099   224.1030     3.5978     4.8941     0.0261      0.030      6.864      9.956       1173 3.2576e+00   999.7040 0.0000e+00
      7.010    10.5980     0.0884      0.790  37.228636     52.339      6.094   222.9294     3.6054     4.9085     0.0261      0.028      6.873      9.969       1174 3.2090e+00   999.7049 0.0000e+00
      7.016    10.6173     0.0909      0.812  37.244966     52.387      6.093   222.1723     3.7656     4.6346     0.0261      0.028      6.880      9.979       1175 3.1588e+00   999.7030 0.0000e+00
      7.022    10.6226     0.0905      0.807  37.185519     52.186      6.092   221.8315     3.7618     4.5480     0.0261      0.028      6.887      9.989       1176 3.0492e+00   999.7001 0.0000e+00
      7.031    10.5975     0.0871      0.775  37.065507     52.079      6.091   221.5665     3.7847     4.6778     0.0260      0.029      6.897     10.003       1177 2.9459e+00   999.6982 0.0000e+00
      7.045    10.5326     0.0879      0.782  37.720322     52.817      6.089   221.3394     3.7923     4.7355     0.0263      0.032      6.908     10.018       1178 2.8973e+00   999.6981 0.0000e+00
      7.053    10.4581     0.0880      0.781  38.830564     54.695      6.088   220.8851     3.6016     4.7067     0.0272      0.034      6.918     10.033       1179 2.8517e+00   999.7011 0.0000e+00
      7.064    10.4164     0.0866      0.769  39.329371     55.192      6.089   220.4308     3.5558     4.6922     0.0273      0.036      6.928     10.048       1180 2.7496e+00   999.7076 0.0000e+00
      7.077    10.4130     0.0896      0.795  39.292885     55.582      6.085   220.5065     3.6054     4.6490     0.0275      0.037      6.939     10.064       1181 2.7052e+00   999.7148 0.0000e+00
      7.087    10.4071     0.1012      0.899  38.876011     54.705      6.084   219.7494     3.5978     4.6490     0.0271      0.039      6.949     10.079       1182 2.6990e+00   999.7186 0.0000e+00
      7.095    10.3957     0.0916      0.813  38.840433     54.981      6.081   219.6358     3.2773     3.9424     0.0272      0.041      6.958     10.092       1183 2.6763e+00   999.7189 0.0000e+00
      7.104    10.3805     0.0892      0.792  39.337164     55.387      6.079   220.9608     3.2468     3.8992     0.0274      0.041      6.968     10.107       1184 2.6368e+00   999.7198 0.0000e+00
      7.118    10.3362     0.0942      0.835  39.680560     56.233      6.079   219.4844     3.3002     3.9424     0.0277      0.041      6.980     10.124       1185 2.5437e+00   999.7210 0.0000e+00
      7.130    10.2727     0.0894      0.792  39.924740     56.217      6.077   217.8565     3.2773     3.9712     0.0277      0.041      6.992     10.141       1186 2.4999e+00   999.7226 0.0000e+00
      7.142    10.2118     0.0858      0.760  40.900698     58.026      6.076   215.1308     3.1743     4.0289     0.0285      0.043      7.004     10.158       1187 2.4963e+00   999.7273 0.0000e+00
      7.153    10.1570     0.0876      0.776  41.993432     59.400      6.070   212.9351     3.1667     3.9568     0.0291      0.043      7.015     10.175       1188 2.4568e+00   999.7338 0.0000e+00
      7.167    10.1101     0.0878      0.776  43.159595     61.366      6.067   210.2472     3.1591     3.9424     0.0299      0.044      7.029     10.195       1189 2.4068e+00   999.7400 0.0000e+00
      7.183    10.0815     0.0916      0.810  44.667008     63.449      6.066   207.9379     3.1743     3.9280     0.0308      0.047      7.043     10.215       1190 2.3238e+00   999.7459 0.0000e+00
      7.196    10.0736     0.0912      0.807  45.572512     65.005      6.065   205.5529     3.1400     3.8703     0.0315      0.050      7.054     10.231       1191 2.3029e+00   999.7506 0.0000e+00
      7.200    10.0675     0.0873      0.772  45.323644     64.542      6.063   204.1144     3.7160     4.2164     0.0313      0.049      7.061     10.241       1192 2.3108e+00   999.7530 0.0000e+00
      7.204    10.0598     0.0780      0.689  45.006373     64.156      6.060   202.4486     3.6969     4.1443     0.0311      0.045      7.066     10.248       1193 2.2696e+00   999.7536 0.0000e+00
      7.211    10.0605     0.0845      0.747  44.988947     64.168      6.060   201.6915     3.6969     4.1299     0.0311      0.041      7.072     10.257       1194 2.2503e+00   999.7542 0.0000e+00
      7.219    10.0513     0.0877      0.775  44.633775     63.625      6.057   200.2529     3.7046     4.0722     0.0308      0.037      7.080     10.268       1195 2.2546e+00   999.7548 0.0000e+00
      7.227    10.0237     0.0761      0.673  44.825768     63.901      6.056   198.1329     2.8424     3.5387     0.0310      0.034      7.087     10.279       1196 2.2478e+00   999.7548 0.0000e+00
      7.235     9.9918     0.0775      0.685  45.342986     64.714      6.056   196.0508     2.8386     3.4810     0.0313      0.030      7.095     10.290       1197 2.2211e+00   999.7559 0.0000e+00
      7.242     9.9627     0.0705      0.624  45.680085     65.166      6.054   193.9686     2.8310     3.3800     0.0315      0.027      7.102     10.301       1198 2.2487e+00   999.7586 0.0000e+00
      7.250     9.9330     0.0805      0.712  45.918370     65.663      6.051   191.6215     2.8615     3.3800     0.0317      0.027      7.110     10.313       1199 2.2573e+00   999.7616 0.0000e+00
      7.259     9.9098     0.0803      0.710  46.054548     65.799      6.052   189.6150     2.4724     2.8032     0.0318      0.030      7.118     10.324       1200 2.2557e+00   999.7643 0.0000e+00
      7.265     9.9050     0.0829      0.733  46.340833     66.373      6.049   188.4036     2.5029     2.7888     0.0320      0.031      7.127     10.336       1201 2.2943e+00   999.7671 0.0000e+00
      7.277     9.9049     0.0798      0.705  46.273716     66.261      6.049   186.0564     2.4953     2.8753     0.0319      0.032      7.139     10.354       1202 2.3049e+00   999.7691 0.0000e+00
      7.296     9.9053     0.0807      0.713  46.138086     66.066      6.045   184.0500     2.4915     2.8753     0.0319      0.035      7.154     10.376       1203 2.3224e+00   999.7696 0.0000e+00
      7.312     9.9047     0.0877      0.774  46.391028     66.469      6.044   182.4221     2.1481     3.1061     0.0320      0.040      7.167     10.395       1204 2.3671e+00   999.7698 0.0000e+00
      7.318     9.8999     0.0900      0.795  46.433342     66.507      6.041   180.8321     2.1253     2.9907     0.0321      0.043      7.175     10.407       1205 2.4345e+00   999.7698 0.0000e+00
      7.321     9.9007     0.0895      0.791  46.441232     66.508      6.038   178.4471     2.1062     3.0195     0.0321      0.043      7.180     10.414       1206 2.4800e+00   999.7699 0.0000e+00
