Data/DataNotYetUploadedToEDI/CTD_2019/071119_bvr50_e.cnv
* Sea-Bird SBE19plus  Data File:
* FileName = C:\DATA\071019_bvr_0010.hex
* Software version 2.8.0.119
* Temperature SN = 7809
* Conductivity SN = 7809
* System UpLoad Time = Jul 12 2019 13:05:16
* <ApplicationData>
* <Seaterm232>
# nquan = 18
# nvalues = 1549                        
# units = specified
# name 0 = depFM: Depth [fresh water, m]
# name 1 = tv290C: Temperature [ITS-90, deg C]
# name 2 = sbeox0Mg/L: Oxygen, SBE 43 [mg/l]
# name 3 = sbeox0PS: Oxygen, SBE 43 [% saturation]
# name 4 = c0uS/cm: Conductivity [uS/cm]
# name 5 = specc: Specific Conductance [uS/cm]
# name 6 = ph: pH
# name 7 = orp: Oxidation Reduction Potential [mV]
# name 8 = flECO-AFL: Fluorescence, WET Labs ECO-AFL/FL [mg/m^3]
# name 9 = turbWETntu0: Turbidity, WET Labs ECO [NTU]
# name 10 = sal00: Salinity, Practical [PSU]
# name 11 = dz/dtM: Descent Rate [m/s]
# name 12 = prdM: Pressure, Strain Gauge [db]
# name 13 = prdE: Pressure, Strain Gauge [psi]
# name 14 = scan: Scan Count
# name 15 = par/sat/log: PAR/Logarithmic, Satlantic
# name 16 = density00: Density [density, kg/m^3]
# name 17 = flag:  0.000e+00
# span 0 =     -0.691,     10.580       
# span 1 =     8.4155,    28.3645       
# span 2 =    -0.7866,     8.0663       
# span 3 =     -7.269,     99.101       
# span 4 =   0.330260, 167.214812       
# span 5 =      0.303,    254.066       
# span 6 =      4.717,      7.685       
# span 7 = -1240.7455,  1085.9612       
# span 8 =    -0.1865,     7.4011       
# span 9 =    -0.7008,   113.5471       
# span 10 =     0.0129,     0.1180      
# span 11 =     -0.167,      0.170      
# span 12 =     -0.678,     10.375      
# span 13 =     -0.983,     15.048      
# span 14 =          1,       1549      
# span 15 = 1.2283e-01, 5.7770e+02      
# span 16 =   996.1378,   999.9641      
# span 17 = 0.0000e+00, 0.0000e+00      
# interval = seconds: 0.25
# start_time = Jul 11 2019 11:30:20 [Instrument's time stamp, header]
# bad_flag = -9.990e-29
*END*
[from data line 1287]
      8.090     9.0950     0.0759      0.658  69.678916    102.039      5.973    83.6904     1.0304     2.6302     0.0477      0.035      7.935     11.509       1288 1.8574e+00   999.8510 0.0000e+00
      8.101     9.0944     0.0708      0.614  69.519398    102.026      5.975    83.2361     1.0190     2.6014     0.0476      0.034      7.944     11.522       1289 1.8057e+00   999.8516 0.0000e+00
      8.112     9.0909     0.0703      0.609  69.418796    101.707      5.974    82.8576     1.0037     2.6014     0.0475      0.034      7.955     11.537       1290 1.7984e+00   999.8519 0.0000e+00
      8.122     9.0835     0.0749      0.649  69.299481    101.708      5.975    82.2519     1.0266     2.6590     0.0475      0.033      7.965     11.552       1291 1.7507e+00   999.8520 0.0000e+00
      8.133     9.0767     0.0737      0.639  69.014835    101.144      5.977    81.8733     1.3203     3.2070     0.0472      0.033      7.976     11.567       1292 1.6927e+00   999.8521 0.0000e+00
      8.144     9.0723     0.0778      0.675  68.793465    100.962      5.977    81.3811     1.3165     3.2791     0.0472      0.035      7.986     11.582       1293 1.6525e+00   999.8527 0.0000e+00
      8.152     9.0684     0.0778      0.674  69.129717    101.351      5.981    80.5104     1.3280     3.2647     0.0473      0.037      7.994     11.594       1294 1.6621e+00   999.8534 0.0000e+00
      8.158     9.0666     0.0736      0.638  70.229031    103.088      5.978    79.6776     1.3051     3.3224     0.0481      0.038      8.000     11.604       1295 1.6455e+00   999.8542 0.0000e+00
      8.163     9.0688     0.0808      0.700  71.195406    104.496      5.979    79.4504     1.2135     3.7261     0.0488      0.037      8.004     11.610       1296 1.6220e+00   999.8552 0.0000e+00
      8.166     9.0718     0.0819      0.710  71.637828    105.118      5.981    79.0718     1.2021     3.6973     0.0490      0.033      8.009     11.615       1297 1.6063e+00   999.8555 0.0000e+00
      8.170     9.0741     0.0736      0.637  71.904969    105.562      5.982    78.2390     1.2097     3.8847     0.0492      0.029      8.014     11.623       1298 1.5619e+00   999.8555 0.0000e+00
      8.180     9.0771     0.0736      0.638  72.525478    106.333      5.983    77.5954     1.2326     3.6829     0.0496      0.026      8.023     11.637       1299 1.5538e+00   999.8556 0.0000e+00
      8.193     9.0802     0.0766      0.663  73.775150    108.337      5.987    76.6868     1.1449     3.0628     0.0505      0.026      8.034     11.653       1300 1.4978e+00   999.8562 0.0000e+00
      8.204     9.0818     0.0718      0.622  74.595442    109.396      5.984    76.3461     1.1182     3.0484     0.0510      0.027      8.046     11.670       1301 1.4577e+00   999.8565 0.0000e+00
      8.216     9.0812     0.0712      0.616  74.978473    110.042      5.988    76.1190     1.1411     2.9907     0.0513      0.031      8.058     11.686       1302 1.4335e+00   999.8565 0.0000e+00
      8.228     9.0783     0.0749      0.648  75.376919    110.530      5.989    75.6268     1.1372     2.9619     0.0515      0.035      8.069     11.703       1303 1.3835e+00   999.8566 0.0000e+00
      8.241     9.0731     0.0698      0.605  75.227902    110.450      5.992    75.0968     1.1220     3.0916     0.0515      0.040      8.081     11.720       1304 1.3755e+00   999.8567 0.0000e+00
      8.252     9.0666     0.0733      0.635  75.015459    109.925      5.991    74.9076     1.1525     2.9763     0.0512      0.044      8.091     11.735       1305 1.3320e+00   999.8568 0.0000e+00
      8.259     9.0606     0.0748      0.647  75.017755    110.230      5.990    74.5668     1.1449     3.0340     0.0514      0.045      8.101     11.749       1306 1.3229e+00   999.8573 0.0000e+00
      8.272     9.0546     0.0691      0.598  74.839046    109.675      5.992    75.0211     1.1296     2.9763     0.0511      0.045      8.111     11.764       1307 1.2815e+00   999.8578 0.0000e+00
      8.282     9.0474     0.0696      0.602  75.000325    110.229      5.990    74.5668     1.1449     3.0628     0.0514      0.044      8.120     11.777       1308 1.2352e+00   999.8584 0.0000e+00
      8.286     9.0402     0.0695      0.602  74.846744    109.796      5.991    74.1504     1.1449     3.0340     0.0512      0.041      8.125     11.784       1309 1.2545e+00   999.8587 0.0000e+00
      8.288     9.0338     0.0709      0.613  74.466028    109.409      5.994    74.0747     1.1639     3.0628     0.0510      0.037      8.130     11.790       1310 1.2273e+00   999.8591 0.0000e+00
      8.295     9.0274     0.0695      0.601  74.345826    109.144      5.995    73.7340     1.1754     3.0051     0.0509      0.033      8.135     11.799       1311 1.2027e+00   999.8596 0.0000e+00
      8.302     9.0217     0.0725      0.627  74.254043    109.124      5.995    72.8254     1.1563     2.8032     0.0508      0.029      8.141     11.808       1312 1.1830e+00   999.8601 0.0000e+00
      8.308     9.0165     0.0695      0.601  74.223956    109.021      5.997    72.2197     1.1296     2.7456     0.0508      0.027      8.147     11.817       1313 1.1593e+00   999.8605 0.0000e+00
      8.313     9.0116     0.0762      0.659  74.175434    109.039      5.995    71.3868     1.1220     2.7311     0.0508      0.024      8.152     11.825       1314 1.1276e+00   999.8610 0.0000e+00
      8.319     9.0074     0.0731      0.632  73.898756    108.603      5.996    71.5761     1.1029     2.8609     0.0506      0.022      8.159     11.835       1315 1.0968e+00   999.8613 0.0000e+00
      8.329     9.0039     0.0741      0.641  73.321266    107.796      5.996    71.2354     1.1334     2.7456     0.0502      0.023      8.168     11.847       1316 1.0630e+00   999.8614 0.0000e+00
      8.339     9.0010     0.0741      0.641  73.290819    107.686      5.996    70.1754     1.2135     2.7744     0.0502      0.026      8.176     11.858       1317 1.0276e+00   999.8617 0.0000e+00
      8.343     9.0002     0.0708      0.612  73.491290    108.150      5.998    69.6833     1.1868     2.7888     0.0504      0.027      8.181     11.866       1318 1.0376e+00   999.8621 0.0000e+00
      8.346     9.0005     0.0758      0.655  72.982720    107.254      6.001    69.4561     1.1983     2.7456     0.0500      0.027      8.185     11.872       1319 1.0277e+00   999.8622 0.0000e+00
      8.352     8.9977     0.0743      0.642  72.498620    106.640      6.001    68.7368     1.2097     2.7311     0.0497      0.026      8.190     11.879       1320 1.0196e+00   999.8619 0.0000e+00
      8.358     8.9912     0.0720      0.622  72.371752    106.391      6.003    68.2447     1.0609     2.7600     0.0496      0.025      8.196     11.889       1321 1.0123e+00   999.8618 0.0000e+00
      8.366     8.9832     0.0753      0.651  71.982739    105.907      6.002    67.5254     1.0838     2.7456     0.0494      0.025      8.205     11.901       1322 9.4913e-01   999.8619 0.0000e+00
      8.378     8.9744     0.0731      0.631  71.676455    105.351      6.000    66.6547     1.0915     2.7744     0.0491      0.026      8.215     11.914       1323 9.0167e-01   999.8623 0.0000e+00
      8.385     8.9669     0.0746      0.644  71.713834    105.581      6.003    65.8975     1.0876     2.8465     0.0492      0.026      8.221     11.924       1324 9.1395e-01   999.8630 0.0000e+00
      8.386     8.9623     0.0749      0.647  71.669036    105.403      6.003    65.2161     1.0876     2.5149     0.0491      0.026      8.225     11.929       1325 9.2143e-01   999.8636 0.0000e+00
      8.390     8.9589     0.0658      0.568  71.702528    105.591      6.004    64.5725     1.0800     2.6014     0.0492      0.026      8.231     11.937       1326 8.7043e-01   999.8642 0.0000e+00
      8.404     8.9554     0.0722      0.624  71.790912    105.646      6.005    63.8911     1.0648     2.6590     0.0492      0.027      8.240     11.951       1327 8.5059e-01   999.8647 0.0000e+00
      8.413     8.9520     0.0709      0.612  71.677799    105.575      6.006    63.3232     1.0495     2.7023     0.0492      0.029      8.250     11.965       1328 8.4253e-01   999.8649 0.0000e+00
      8.418     8.9493     0.0833      0.719  71.665172    105.462      6.009    62.7932     1.1525     2.7888     0.0491      0.029      8.257     11.975       1329 8.2398e-01   999.8651 0.0000e+00
      8.426     8.9473     0.0796      0.687  71.569128    105.472      6.006    61.9982     1.1334     2.9042     0.0491      0.029      8.266     11.989       1330 8.1109e-01   999.8654 0.0000e+00
      8.442     8.9444     0.0743      0.641  71.708266    105.481      6.009    61.4304     1.1334     2.8321     0.0491      0.031      8.279     12.007       1331 7.6382e-01   999.8658 0.0000e+00
      8.456     8.9394     0.0739      0.638  71.996719    106.188      6.009    60.7111     1.1372     2.8032     0.0495      0.036      8.291     12.024       1332 7.3753e-01   999.8661 0.0000e+00
      8.461     8.9348     0.0692      0.597  71.774227    105.578      6.009    60.7489     1.1296     2.7311     0.0492      0.039      8.297     12.034       1333 7.3905e-01   999.8662 0.0000e+00
      8.463     8.9308     0.0684      0.591  71.688273    105.718      6.008    59.8025     1.1411     2.7744     0.0492      0.038      8.302     12.040       1334 7.3108e-01   999.8666 0.0000e+00
      8.472     8.9255     0.0677      0.584  71.688059    105.526      6.010    59.0832     1.1716     2.8177     0.0492      0.035      8.308     12.050       1335 7.1276e-01   999.8669 0.0000e+00
      8.480     8.9200     0.0659      0.568  71.418245    105.332      6.011    58.5532     1.1449     2.8898     0.0491      0.034      8.315     12.060       1336 6.8482e-01   999.8671 0.0000e+00
      8.483     8.9160     0.0634      0.547  71.163120    104.771      6.015    58.5154     1.2097     2.7456     0.0488      0.032      8.320     12.067       1337 6.4517e-01   999.8674 0.0000e+00
      8.489     8.9116     0.0749      0.646  71.085258    104.871      6.015    57.5689     1.1945     2.8465     0.0488      0.028      8.326     12.076       1338 6.3723e-01   999.8678 0.0000e+00
      8.499     8.9058     0.0765      0.660  70.802662    104.306      6.015    56.6225     1.2021     2.8609     0.0486      0.025      8.334     12.087       1339 6.4499e-01   999.8680 0.0000e+00
      8.505     8.9012     0.0777      0.670  70.921076    104.566      6.014    56.1682     1.2059     2.8177     0.0487      0.024      8.342     12.099       1340 6.2852e-01   999.8684 0.0000e+00
      8.515     8.8959     0.0729      0.629  71.116017    104.915      6.013    55.5246     1.2021     2.7888     0.0489      0.026      8.352     12.113       1341 6.1854e-01   999.8690 0.0000e+00
      8.531     8.8890     0.0704      0.607  70.649129    104.145      6.018    55.1082     1.1525     3.0340     0.0485      0.030      8.366     12.132       1342 5.7241e-01   999.8692 0.0000e+00
      8.545     8.8833     0.0704      0.607  70.552148    104.079      6.017    54.3132     1.1372     3.0916     0.0485      0.034      8.378     12.151       1343 5.3885e-01   999.8696 0.0000e+00
      8.553     8.8786     0.0732      0.631  70.672671    104.265      6.019    53.9725     1.1258     2.9907     0.0486      0.038      8.388     12.165       1344 5.4595e-01   999.8702 0.0000e+00
      8.562     8.8735     0.0742      0.640  70.439775    103.952      6.022    53.8211     1.1372     2.9619     0.0484      0.041      8.397     12.179       1345 5.1547e-01   999.8706 0.0000e+00
      8.574     8.8688     0.0631      0.544  70.188896    103.554      6.021    53.2153     1.2097     2.9330     0.0482      0.043      8.407     12.192       1346 5.0283e-01   999.8708 0.0000e+00
      8.581     8.8655     0.0682      0.588  70.242742    103.694      6.022    53.1396     1.2097     3.1061     0.0483      0.042      8.413     12.202       1347 5.1292e-01   999.8713 0.0000e+00
      8.582     8.8640     0.0724      0.625  70.313398    103.790      6.023    53.1396     1.2135     3.0195     0.0483      0.040      8.416     12.207       1348 4.9437e-01   999.8717 0.0000e+00
      8.585     8.8627     0.0720      0.621  70.308771    103.801      6.026    52.5718     1.1945     2.9186     0.0483      0.035      8.421     12.213       1349 4.5867e-01   999.8719 0.0000e+00
      8.594     8.8600     0.0696      0.600  70.337561    103.847      6.025    52.3446     1.1372     3.0051     0.0484      0.030      8.429     12.224       1350 4.5641e-01   999.8721 0.0000e+00
      8.605     8.8569     0.0693      0.598  70.455686    104.016      6.027    52.0039     1.1411     2.9907     0.0484      0.027      8.439     12.239       1351 4.4997e-01   999.8723 0.0000e+00
      8.616     8.8538     0.0708      0.611  70.488313    104.107      6.028    51.7768     1.1449     3.0628     0.0485      0.028      8.450     12.255       1352 4.3497e-01   999.8726 0.0000e+00
      8.627     8.8535     0.0680      0.586  70.415703    103.951      6.032    51.6253     1.1449     2.9907     0.0484      0.029      8.460     12.270       1353 4.4879e-01   999.8728 0.0000e+00
      8.636     8.8601     0.0740      0.639  70.427307    104.043      6.032    51.2089     1.0724     3.0772     0.0484      0.031      8.468     12.282       1354 4.3657e-01   999.8731 0.0000e+00
      8.642     8.8699     0.0715      0.616  70.473876    104.045      6.034    51.0575     1.0686     3.0051     0.0484      0.034      8.477     12.294       1355 4.0199e-01   999.8732 0.0000e+00
      8.654     8.8700     0.0659      0.568  70.357749    103.941      6.032    50.1489     1.0838     2.9907     0.0484      0.037      8.487     12.309       1356 3.5625e-01   999.8727 0.0000e+00
      8.667     8.8621     0.0708      0.610  69.532833    102.631      6.032    49.8082     1.0762     3.0484     0.0478      0.039      8.498     12.325       1357 3.6493e-01   999.8716 0.0000e+00
      8.673     8.8606     0.0748      0.644  68.917871    101.679      6.035    49.4675     1.2021     3.0195     0.0474      0.039      8.504     12.335       1358 3.7899e-01   999.8713 0.0000e+00
      8.676     8.8626     0.0689      0.593  69.163867    102.161      6.033    49.3160     1.2250     3.0772     0.0476      0.036      8.509     12.342       1359 3.4191e-01   999.8720 0.0000e+00
      8.684     8.8598     0.0758      0.652  69.137641    102.080      6.037    48.6346     1.2021     3.0051     0.0476      0.034      8.516     12.352       1360 3.4723e-01   999.8721 0.0000e+00
      8.692     8.8551     0.0718      0.618  68.891143    101.704      6.037    48.1803     1.2021     3.2070     0.0474      0.032      8.524     12.363       1361 3.5998e-01   999.8719 0.0000e+00
      8.701     8.8519     0.0711      0.612  68.936319    101.793      6.038    47.6125     1.1258     3.0628     0.0474      0.031      8.534     12.377       1362 3.0936e-01   999.8722 0.0000e+00
      8.712     8.8535     0.0734      0.632  68.873636    101.727      6.040    46.9310     1.1449     3.0628     0.0474      0.032      8.544     12.392       1363 2.6713e-01   999.8725 0.0000e+00
      8.723     8.8575     0.0686      0.590  68.731688    101.486      6.039    46.4389     1.1220     3.0051     0.0473      0.032      8.554     12.407       1364 2.7882e-01   999.8727 0.0000e+00
      8.734     8.8452     0.0693      0.596  68.697404    101.485      6.041    46.0225     1.1334     3.0628     0.0473      0.033      8.567     12.425       1365 2.6464e-01   999.8727 0.0000e+00
      8.751     8.8220     0.0587      0.505  68.530416    101.178      6.041    45.9846     1.1105     3.0195     0.0471      0.038      8.582     12.448       1366 2.5441e-01   999.8724 0.0000e+00
