Data/DataNotYetUploadedToEDI/CTD_2019/071119_bvr50_e.cnv
* Sea-Bird SBE19plus  Data File:
* FileName = C:\DATA\071019_bvr_0010.hex
* Software version 2.8.0.119
* Temperature SN = 7809
* Conductivity SN = 7809
* System UpLoad Time = Jul 12 2019 13:05:16
* <ApplicationData>
* <Seaterm232>
# nquan = 18
# nvalues = 1549                        
# units = specified
# name 0 = depFM: Depth [fresh water, m]
# name 1 = tv290C: Temperature [ITS-90, deg C]
# name 2 = sbeox0Mg/L: Oxygen, SBE 43 [mg/l]
# name 3 = sbeox0PS: Oxygen, SBE 43 [% saturation]
# name 4 = c0uS/cm: Conductivity [uS/cm]
# name 5 = specc: Specific Conductance [uS/cm]
# name 6 = ph: pH
# name 7 = orp: Oxidation Reduction Potential [mV]
# name 8 = flECO-AFL: Fluorescence, WET Labs ECO-AFL/FL [mg/m^3]
# name 9 = turbWETntu0: Turbidity, WET Labs ECO [NTU]
# name 10 = sal00: Salinity, Practical [PSU]
# name 11 = dz/dtM: Descent Rate [m/s]
# name 12 = prdM: Pressure, Strain Gauge [db]
# name 13 = prdE: Pressure, Strain Gauge [psi]
# name 14 = scan: Scan Count
# name 15 = par/sat/log: PAR/Logarithmic, Satlantic
# name 16 = density00: Density [density, kg/m^3]
# name 17 = flag:  0.000e+00
# span 0 =     -0.691,     10.580       
# span 1 =     8.4155,    28.3645       
# span 2 =    -0.7866,     8.0663       
# span 3 =     -7.269,     99.101       
# span 4 =   0.330260, 167.214812       
# span 5 =      0.303,    254.066       
# span 6 =      4.717,      7.685       
# span 7 = -1240.7455,  1085.9612       
# span 8 =    -0.1865,     7.4011       
# span 9 =    -0.7008,   113.5471       
# span 10 =     0.0129,     0.1180      
# span 11 =     -0.167,      0.170      
# span 12 =     -0.678,     10.375      
# span 13 =     -0.983,     15.048      
# span 14 =          1,       1549      
# span 15 = 1.2283e-01, 5.7770e+02      
# span 16 =   996.1378,   999.9641      
# span 17 = 0.0000e+00, 0.0000e+00      
# interval = seconds: 0.25
# start_time = Jul 11 2019 11:30:20 [Instrument's time stamp, header]
# bad_flag = -9.990e-29
*END*
[from data line 965]
      6.771    11.3310     0.2130      1.970  30.008320     41.460      6.241   296.5239     3.9106     4.7932     0.0217      0.069      6.640      9.631        966 2.9770e+00   999.6189 0.0000e+00
      6.779    11.3015     0.2525      2.336  29.429377     40.315      6.238   294.6689     3.8991     4.8941     0.0212      0.066      6.648      9.643        967 2.9422e+00   999.6192 0.0000e+00
      6.791    11.2942     0.3374      3.124  29.501128     40.681      6.234   292.3975     3.8839     4.9662     0.0214      0.062      6.652      9.649        968 2.9069e+00   999.6212 0.0000e+00
      6.783    11.3216     0.4490      4.162  29.504265     40.637      6.231   288.9903     3.7542     4.8220     0.0214      0.054      6.635      9.623        969 3.0785e+00   999.6243 0.0000e+00
      6.722    11.3894     0.5711      5.296  28.803358     39.648      6.225   284.2203     3.7580     4.8653     0.0209      0.029      6.580      9.543        970 3.4892e+00   999.6244 0.0000e+00
      6.620    11.5539     0.6807      6.307  27.588696     38.076      6.219   282.2896     3.7694     4.8509     0.0203     -0.024      6.507      9.437        971 3.7769e+00   999.6205 0.0000e+00
      6.566    11.7509     0.7807      7.224  25.802235     35.326      6.215   279.6774     3.7961     4.9806     0.0191     -0.081      6.458      9.367        972 3.7776e+00   999.6123 0.0000e+00
      6.573    11.8741     0.8519      7.880  25.250307     34.590      6.209   278.6553     3.0980     4.7788     0.0189     -0.116      6.449      9.354        973 3.6793e+00   999.5943 0.0000e+00
      6.587    11.9063     0.9042      8.366  25.135704     34.177      6.206   278.9581     3.1095     4.8076     0.0188     -0.129      6.455      9.363        974 3.6761e+00   999.5727 0.0000e+00
      6.585    11.8897     0.9212      8.526  25.056215     33.948      6.204   279.1474     3.0980     4.9230     0.0187     -0.128      6.457      9.365        975 3.6884e+00   999.5589 0.0000e+00
      6.582    11.8721     0.9229      8.540  25.260330     34.260      6.204   277.6710     3.0980     4.8653     0.0189     -0.114      6.449      9.353        976 3.7189e+00   999.5553 0.0000e+00
      6.562    11.8723     0.9203      8.503  25.562914     34.579      6.205   274.7560     4.1089     5.0816     0.0190     -0.088      6.421      9.313        977 4.0219e+00   999.5572 0.0000e+00
      6.492    11.9022     0.9057      8.352  25.568240     34.784      6.205   274.8696     4.1394     5.0527     0.0191     -0.069      6.378      9.250        978 4.2559e+00   999.5589 0.0000e+00
      6.461    11.9469     0.8910      8.209  25.016758     33.801      6.201   275.3996     4.1356     5.1393     0.0187     -0.058      6.353      9.214        979 4.1326e+00   999.5585 0.0000e+00
      6.484    11.9674     0.8792      8.096  24.857118     33.772      6.204   275.8917     4.1356     5.0816     0.0187     -0.058      6.359      9.223        980 3.9932e+00   999.5551 0.0000e+00
      6.505    11.9305     0.8632      7.947  25.115274     33.883      6.203   276.0810     3.2849     4.5048     0.0188     -0.060      6.374      9.245        981 3.9788e+00   999.5503 0.0000e+00
      6.509    11.8735     0.8402      7.735  25.702530     34.844      6.205   276.6867     3.2888     4.3750     0.0192     -0.056      6.382      9.257        982 3.9697e+00   999.5483 0.0000e+00
      6.512    11.8562     0.8107      7.459  25.844211     34.956      6.203   275.8160     3.3002     4.4038     0.0192     -0.042      6.387      9.263        983 3.9627e+00   999.5525 0.0000e+00
      6.517    11.8691     0.7550      6.936  25.383255     34.443      6.206   275.3617     3.2964     4.4615     0.0190     -0.022      6.392      9.270        984 3.9786e+00   999.5588 0.0000e+00
      6.524    11.8823     0.7028      6.450  25.269126     34.232      6.207   274.6803     3.2888     4.3894     0.0189      0.003      6.401      9.284        985 3.8806e+00   999.5608 0.0000e+00
      6.543    11.8711     0.6318      5.799  25.186521     34.219      6.210   274.3396     3.5405     4.5913     0.0189      0.031      6.416      9.306        986 3.7746e+00   999.5594 0.0000e+00
      6.561    11.8075     0.5671      5.214  25.545294     34.510      6.210   274.4531     3.5176     4.6490     0.0190      0.041      6.431      9.328        987 3.7546e+00   999.5581 0.0000e+00
      6.569    11.7292     0.4974      4.583  26.688711     36.298      6.210   274.6803     3.5329     4.6922     0.0197      0.039      6.441      9.341        988 3.7440e+00   999.5599 0.0000e+00
      6.573    11.6824     0.4342      4.005  26.962579     36.589      6.208   274.2260     3.5291     4.6490     0.0198      0.038      6.446      9.348        989 3.7534e+00   999.5671 0.0000e+00
      6.576    11.6596     0.3814      3.521  26.715142     36.365      6.211   273.9231     3.9563     4.8220     0.0197      0.039      6.451      9.356        990 3.7309e+00   999.5757 0.0000e+00
      6.586    11.6519     0.3316      3.063  26.641210     36.334      6.213   274.1124     3.9830     4.8653     0.0197      0.039      6.458      9.366        991 3.6828e+00   999.5810 0.0000e+00
      6.593    11.6512     0.3070      2.841  26.432556     36.015      6.213   274.3774     3.9487     4.8797     0.0195      0.037      6.465      9.376        992 3.6845e+00   999.5835 0.0000e+00
      6.596    11.6228     0.2888      2.677  25.938083     35.450      6.214   274.1881     3.9373     4.8364     0.0193      0.032      6.471      9.385        993 3.6462e+00   999.5841 0.0000e+00
      6.607    11.5626     0.3067      2.845  26.812266     36.365      6.214   274.0367     3.9182     5.0527     0.0197      0.027      6.476      9.394        994 3.6095e+00   999.5847 0.0000e+00
      6.611    11.5159     0.3350      3.109  28.395738     39.059      6.214   274.3774     3.8915     5.0672     0.0208      0.025      6.476      9.393        995 3.6452e+00   999.5884 0.0000e+00
      6.597    11.5213     0.3786      3.517  28.262727     38.402      6.213   274.1881     3.8877     5.0672     0.0205      0.019      6.458      9.367        996 3.8079e+00   999.5949 0.0000e+00
      6.546    11.5980     0.4330      4.026  27.422113     37.798      6.213   274.4531     3.8762     5.0960     0.0202      0.001      6.421      9.312        997 4.0853e+00   999.5994 0.0000e+00
      6.498    11.6880     0.5157      4.796  26.035314     35.427      6.211   274.6803     3.5482     4.8364     0.0192     -0.027      6.387      9.264        998 4.1336e+00   999.5979 0.0000e+00
      6.501    11.7388     0.6008      5.584  25.397236     34.815      6.208   274.8317     3.5405     4.9806     0.0190     -0.048      6.374      9.245        999 4.0428e+00   999.5893 0.0000e+00
      6.501    11.7654     0.6950      6.455  25.727996     34.958      6.202   274.5667     3.5329     4.8220     0.0191     -0.061      6.357      9.220       1000 4.2123e+00   999.5796 0.0000e+00
      6.443    11.8021     0.7940      7.372  25.919860     35.366      6.203   274.6803     3.5482     4.8653     0.0193     -0.082      6.306      9.146       1001 4.7065e+00   999.5737 0.0000e+00
      6.344    11.8695     0.8977      8.330  25.484266     34.619      6.204   274.6424     3.6054     4.7211     0.0190     -0.117      6.238      9.048       1002 5.0712e+00   999.5702 0.0000e+00
      6.302    11.9412     1.0024      9.297  24.996428     33.942      6.202   274.7560     3.5672     4.7067     0.0187     -0.144      6.197      8.987       1003 4.9974e+00   999.5657 0.0000e+00
      6.313    11.9819     1.1059     10.253  24.957117     33.878      6.200   274.6803     3.5672     4.6346     0.0187     -0.146      6.184      8.969       1004 4.9021e+00   999.5581 0.0000e+00
      6.302    12.0037     1.1742     10.881  25.088877     33.888      6.198   274.1124     3.5672     4.6346     0.0188     -0.136      6.159      8.932       1005 5.3049e+00   999.5500 0.0000e+00
      6.217    12.0425     1.2207     11.308  25.099006     34.038      6.201   273.2417     3.6206     4.6922     0.0188     -0.146      6.106      8.857       1006 5.7644e+00   999.5450 0.0000e+00
      6.167    12.0843     1.2395     11.479  24.648315     33.191      6.201   273.3931     3.1095     4.1154     0.0185     -0.164      6.068      8.802       1007 5.6251e+00   999.5420 0.0000e+00
      6.187    12.0941     1.2232     11.331  24.583470     33.267      6.197   273.0146     3.1056     4.2164     0.0185     -0.153      6.065      8.797       1008 5.4758e+00   999.5376 0.0000e+00
      6.195    12.0669     1.1860     10.991  24.765027     33.306      6.199   272.6360     3.0904     4.1731     0.0186     -0.120      6.072      8.807       1009 5.5202e+00   999.5329 0.0000e+00
      6.193    12.0387     1.1269     10.443  24.985112     33.747      6.201   271.9924     3.1171     4.1587     0.0188     -0.086      6.075      8.811       1010 5.4734e+00   999.5319 0.0000e+00
      6.199    12.0235     1.0583      9.803  24.901948     33.548      6.200   271.5760     3.6473     4.2596     0.0187     -0.066      6.077      8.814       1011 5.4914e+00   999.5351 0.0000e+00
      6.197    12.0007     0.9899      9.166  24.809290     33.498      6.203   271.4245     3.6473     4.1443     0.0186     -0.052      6.078      8.816       1012 5.4838e+00   999.5382 0.0000e+00
      6.200    11.9775     0.9284      8.596  25.070813     33.850      6.205   270.7053     3.6435     4.2020     0.0188     -0.026      6.080      8.818       1013 5.4552e+00   999.5402 0.0000e+00
      6.202    11.9587     0.8731      8.084  25.109634     33.947      6.203   270.2131     3.6702     4.0866     0.0188      0.004      6.081      8.820       1014 5.4556e+00   999.5427 0.0000e+00
      6.200    11.9402     0.8362      7.741  25.057174     33.855      6.207   270.3267     3.7046     4.6922     0.0188      0.012      6.080      8.819       1015 5.4434e+00   999.5454 0.0000e+00
      6.199    11.9228     0.8099      7.497  25.017630     33.872      6.208   270.7053     3.7160     4.7788     0.0188      0.005      6.080      8.818       1016 5.4730e+00   999.5475 0.0000e+00
      6.200    11.9125     0.7896      7.308  25.069995     33.889      6.208   270.0238     3.7275     4.6634     0.0188      0.003      6.081      8.819       1017 5.4612e+00   999.5496 0.0000e+00
      6.202    11.9218     0.7779      7.200  25.080869     34.018      6.206   269.9103     3.7198     4.6490     0.0188      0.003      6.081      8.819       1018 5.4209e+00   999.5516 0.0000e+00
      6.201    11.9384     0.7628      7.063  24.915246     33.688      6.211   269.9103     3.5482     4.6778     0.0187      0.001      6.080      8.819       1019 5.4609e+00   999.5527 0.0000e+00
      6.199    11.9389     0.7513      6.956  24.920687     33.792      6.209   269.4560     3.5062     4.7499     0.0187      0.001      6.079      8.817       1020 5.4747e+00   999.5516 0.0000e+00
      6.198    11.9211     0.7316      6.769  24.955621     33.739      6.209   269.4560     3.5405     4.5913     0.0187     -0.001      6.079      8.817       1021 5.4274e+00   999.5497 0.0000e+00
      6.200    11.9040     0.7034      6.507  25.108718     34.003      6.212   269.8724     3.5520     4.6201     0.0188     -0.001      6.080      8.818       1022 5.4314e+00   999.5498 0.0000e+00
      6.200    11.9008     0.6629      6.135  25.174445     34.095      6.211   269.5695     3.5329     4.7355     0.0188     -0.000      6.080      8.818       1023 5.4411e+00   999.5518 0.0000e+00
      6.201    11.8995     0.6154      5.696  24.992305     33.847      6.212   269.6453     3.5825     4.8797     0.0187     -0.000      6.080      8.819       1024 5.4352e+00   999.5536 0.0000e+00
      6.200    11.8964     0.5670      5.250  24.743014     33.547      6.216   269.4560     3.5749     4.8653     0.0186     -0.000      6.080      8.819       1025 5.4474e+00   999.5539 0.0000e+00
      6.200    11.8906     0.5128      4.749  24.862691     33.624      6.213   269.4938     3.5520     4.8220     0.0186     -0.000      6.080      8.819       1026 5.4323e+00   999.5541 0.0000e+00
      6.200    11.8828     0.4617      4.275  25.228417     34.270      6.215   269.1910     3.6283     4.8653     0.0189      0.000      6.080      8.819       1027 5.4181e+00   999.5546 0.0000e+00
      6.201    11.8895     0.4217      3.903  24.909872     33.707      6.215   269.3803     3.4604     4.6201     0.0187      0.001      6.081      8.820       1028 5.4143e+00   999.5552 0.0000e+00
      6.201    11.9046     0.3946      3.651  24.489030     33.224      6.216   269.0395     3.4452     4.6346     0.0184      0.001      6.081      8.820       1029 5.4296e+00   999.5559 0.0000e+00
      6.200    11.8945     0.3764      3.483  24.360076     32.990      6.214   268.8881     3.4757     4.6201     0.0183      0.000      6.081      8.819       1030 5.4089e+00   999.5550 0.0000e+00
      6.201    11.8680     0.3675      3.401  24.507602     33.203      6.214   268.6988     3.4795     4.5769     0.0184      0.000      6.081      8.819       1031 5.3919e+00   999.5534 0.0000e+00
      6.201    11.8661     0.3727      3.448  24.690471     33.476      6.213   269.0774     3.8877     4.7067     0.0186      0.000      6.081      8.820       1032 5.3891e+00   999.5546 0.0000e+00
      6.201    11.8800     0.3668      3.394  24.576775     33.313      6.211   268.6610     3.9144     4.6346     0.0185      0.000      6.081      8.820       1033 5.3632e+00   999.5576 0.0000e+00
      6.201    11.8900     0.3665      3.390  24.530626     33.275      6.213   268.5095     3.8991     4.6778     0.0185      0.000      6.081      8.820       1034 5.3761e+00   999.5578 0.0000e+00
      6.201    11.8965     0.3658      3.383  24.451721     33.150      6.215   268.6231     3.9067     4.6490     0.0184      0.000      6.081      8.820       1035 5.3596e+00   999.5562 0.0000e+00
      6.202    11.9028     0.3581      3.311  24.289933     32.914      6.213   268.2824     3.9907     4.4471     0.0183      0.000      6.081      8.820       1036 5.3214e+00   999.5549 0.0000e+00
      6.201    11.8999     0.3501      3.237  24.287695     32.908      6.213   268.0174     3.9983     4.4327     0.0183      0.000      6.081      8.820       1037 5.3088e+00   999.5542 0.0000e+00
      6.201    11.8825     0.3329      3.076  24.454505     33.129      6.212   267.9417     4.0097     4.4471     0.0184      0.000      6.081      8.820       1038 5.3450e+00   999.5536 0.0000e+00
      6.201    11.8744     0.3171      2.929  24.496992     33.207      6.211   267.6767     4.0097     4.3894     0.0184      0.000      6.081      8.820       1039 5.3299e+00   999.5539 0.0000e+00
      6.201    11.8778     0.3006      2.775  24.412530     33.072      6.212   268.0931     3.5253     4.3606     0.0184      0.000      6.081      8.820       1040 5.2802e+00   999.5558 0.0000e+00
      6.201    11.8793     0.2888      2.667  24.411530     33.117      6.210   268.5095     3.5100     4.3462     0.0184      0.000      6.081      8.820       1041 5.2808e+00   999.5568 0.0000e+00
      6.201    11.8747     0.2826      2.610  24.350149     33.000      6.211   268.2067     3.5329     4.4471     0.0183      0.000      6.081      8.820       1042 5.2832e+00   999.5564 0.0000e+00
      6.201    11.8647     0.2621      2.422  24.281591     32.923      6.211   267.8281     3.5291     4.4471     0.0183     -0.000      6.081      8.820       1043 5.2843e+00   999.5561 0.0000e+00
      6.201    11.8580     0.2525      2.333  24.348758     33.003      6.210   267.7524     3.4909     4.4038     0.0183     -0.000      6.081      8.820       1044 5.2637e+00   999.5567 0.0000e+00
      6.201    11.8514     0.2430      2.245  24.325798     33.012      6.210   268.0931     2.9759     4.4038     0.0183     -0.000      6.081      8.820       1045 5.2957e+00   999.5578 0.0000e+00
