Data/DataNotYetUploadedToEDI/CTD_2019/072219_fcr10.cnv
* Sea-Bird SBE19plus  Data File:
* FileName = C:\DATA\072219_fcr50_0002.hex
* Software version 2.8.0.119
* Temperature SN = 7809
* Conductivity SN = 7809
* System UpLoad Time = Jul 23 2019 10:43:42
* <ApplicationData>
* <Seaterm232>
# nquan = 18
# nvalues = 267                         
# units = specified
# name 0 = depFM: Depth [fresh water, m]
# name 1 = tv290C: Temperature [ITS-90, deg C]
# name 2 = sbeox0Mg/L: Oxygen, SBE 43 [mg/l]
# name 3 = sbeox0PS: Oxygen, SBE 43 [% saturation]
# name 4 = c0uS/cm: Conductivity [uS/cm]
# name 5 = specc: Specific Conductance [uS/cm]
# name 6 = ph: pH
# name 7 = orp: Oxidation Reduction Potential [mV]
# name 8 = flECO-AFL: Fluorescence, WET Labs ECO-AFL/FL [mg/m^3]
# name 9 = turbWETntu0: Turbidity, WET Labs ECO [NTU]
# name 10 = sal00: Salinity, Practical [PSU]
# name 11 = dz/dtM: Descent Rate [m/s]
# name 12 = prdM: Pressure, Strain Gauge [db]
# name 13 = prdE: Pressure, Strain Gauge [psi]
# name 14 = scan: Scan Count
# name 15 = par/sat/log: PAR/Logarithmic, Satlantic
# name 16 = density00: Density [density, kg/m^3]
# name 17 = flag:  0.000e+00
# span 0 =     -0.610,      2.423       
# span 1 =    22.9262,    30.5671       
# span 2 =    -0.5401,     9.0693       
# span 3 =     -6.377,    113.002       
# span 4 =   1.534131, 200.248806       
# span 5 =      0.656,    208.007       
# span 6 =      6.874,      8.368       
# span 7 =   -25.3006,   728.5130       
# span 8 =    -0.1216,    20.2797       
# span 9 =    -2.2293,    10.5322       
# span 10 =     0.0140,     0.1010      
# span 11 =     -0.006,      0.183      
# span 12 =     -0.591,      2.375      
# span 13 =     -0.857,      3.444      
# span 14 =          1,        267      
# span 15 = 2.9950e+01, 1.3050e+03      
# span 16 =   995.1897,   997.6445      
# span 17 = 0.0000e+00, 0.0000e+00      
# interval = seconds: 0.25
# start_time = Jul 22 2019 15:22:22 [Instrument's time stamp, header]
# bad_flag = -9.990e-29
*END*
     -0.610    30.5671     7.7154     99.682   1.534131      0.656      7.100   -25.3006    -0.1064    -0.5854     0.0140      0.000     -0.591     -0.857          1 8.3477e+02   995.1897 0.0000e+00
     -0.585    29.8625     7.7650    100.274   6.460959      6.519      7.380   728.5130    -0.1216    -0.6142     0.0149      0.006     -0.574     -0.833          2 1.1221e+03   995.2495 0.0000e+00
     -0.568    29.4746     7.8216    100.942  14.926114     12.364      7.580   221.9451    -0.1140    -0.6142     0.0165      0.016     -0.546     -0.792          3 1.1613e+03   995.4862 0.0000e+00
     -0.513    29.2102     7.8637    101.507  29.748741     28.131      7.789   217.9701    -0.1026    -2.1283     0.0221      0.036     -0.501     -0.727          4 1.1803e+03   995.7047 0.0000e+00
     -0.455    29.0708     7.8920    101.969  37.142243     33.512      8.003   224.2166    -0.1102    -2.1427     0.0242      0.066     -0.447     -0.649          5 1.2216e+03   995.8226 0.0000e+00
     -0.402    28.9361     7.9147    102.322  38.693596     36.121      8.157   228.0023    -0.0835    -2.2293     0.0251      0.100     -0.397     -0.577          6 1.2691e+03   995.9019 0.0000e+00
     -0.359    28.8082     7.9158    102.390  39.701086     36.444      8.287   227.2830    -0.0873    -2.1716     0.0252      0.131     -0.357     -0.517          7 1.2298e+03   995.9432 0.0000e+00
     -0.330    28.7152     7.9033    102.293  39.237442     36.536      8.340   232.6966     1.2746    -0.5277     0.0253      0.154     -0.325     -0.471          8 1.0712e+03   995.9828 0.0000e+00
     -0.306    28.6603     7.8282    101.306  39.478133     36.572      8.360   231.4851     1.2708    -0.5277     0.0252      0.164     -0.294     -0.427          9 1.2754e+03   996.0203 0.0000e+00
     -0.263    28.6417     7.9400    102.678  39.342339     36.686      8.358   221.6044     1.2746    -0.5277     0.0253      0.166     -0.253     -0.367         10 1.3050e+03   996.0475 0.0000e+00
     -0.205    28.6315     8.2171    106.145  39.465762     36.725      8.363   215.2822     1.2746    -0.6142     0.0253      0.168     -0.199     -0.287         11 1.1721e+03   996.0638 0.0000e+00
     -0.137    28.6031     8.4507    109.046  39.383844     36.737      8.368   215.5851     1.2669    -0.6431     0.0253      0.169     -0.140     -0.201         12 1.1066e+03   996.0695 0.0000e+00
     -0.083    28.5693     8.5672    110.472  39.385023     36.692      8.362   217.9701     6.2185     2.1976     0.0252      0.174     -0.088     -0.127         13 1.1377e+03   996.0726 0.0000e+00
     -0.048    28.5816     8.6337    111.295  39.345750     36.711      8.350   220.0144     6.1994     2.2986     0.0252      0.178     -0.049     -0.071         14 1.0549e+03   996.0811 0.0000e+00
     -0.015    28.6336     8.7241    112.436  39.314180     36.683      8.347   221.6801     6.2185     2.1688     0.0252      0.183     -0.020     -0.028         15 7.0014e+02   996.0909 0.0000e+00
      0.003    28.6678     8.7546    112.793  39.305771     36.674      8.330   224.1030     6.1956     2.1688     0.0252      0.180     -0.002     -0.002         16 7.3300e+02   996.0875 0.0000e+00
      0.006    28.6988     8.7172    112.286  39.356210     36.689      8.320   224.0273     7.5193     1.8660     0.0252      0.165      0.006      0.009         17 8.5783e+02   996.0724 0.0000e+00
      0.010    28.7315     8.5989    110.766  39.310667     36.615      8.313   220.9230     7.5346     2.0823     0.0252      0.136      0.013      0.019         18 6.5795e+02   996.0625 0.0000e+00
      0.025    28.7253     8.4302    108.596  39.303152     36.594      8.291   170.2321     7.5117     1.9813     0.0252      0.104      0.021      0.031         19 6.0132e+02   996.0536 0.0000e+00
      0.027    28.6833     8.2838    106.696  39.306267     36.570      8.287   217.8187     7.5308     2.0102     0.0252      0.073      0.026      0.038         20 7.0246e+02   996.0440 0.0000e+00
      0.030    28.6219     8.1595    105.079  39.306776     36.576      8.282   219.5223     7.1569     1.9381     0.0252      0.050      0.029      0.043         21 6.2316e+02   996.0459 0.0000e+00
      0.034    28.5607     8.0538    103.712  39.302521     36.604      8.277   220.1280     7.1493     1.9525     0.0252      0.035      0.032      0.046         22 6.5715e+02   996.0581 0.0000e+00
      0.032    28.5208     7.9539    102.427  39.311583     36.646      8.267   221.8694     7.1874     1.9381     0.0252      0.023      0.032      0.046         23 7.4915e+02   996.0759 0.0000e+00
      0.031    28.5027     7.8340    100.881  39.295531     36.688      8.255   186.8893     7.1798     2.0823     0.0252      0.016      0.032      0.047         24 9.1393e+02   996.0936 0.0000e+00
      0.038    28.4902     7.7085     99.264  39.233614     36.637      8.249   171.4814     7.6338     1.9813     0.0252      0.014      0.035      0.052         25 8.8188e+02   996.1052 0.0000e+00
      0.039    28.4723     7.5835     97.659  39.240466     36.676      8.241   174.3207     7.6376     1.9236     0.0252      0.011      0.036      0.052         26 6.2724e+02   996.1104 0.0000e+00
      0.032    28.4600     7.4545     95.987  39.227740     36.658      8.236   223.1566     7.6414     1.9813     0.0252      0.005      0.033      0.049         27 7.0676e+02   996.1139 0.0000e+00
      0.033    28.4612     7.3320     94.390  39.219823     36.670      8.232   223.1566     7.6338     1.9813     0.0252      0.003      0.033      0.049         28 6.7642e+02   996.1191 0.0000e+00
      0.038    28.4630     7.2639     93.498  39.220689     36.679      8.227   175.1536     8.0763     2.0102     0.0252      0.002      0.036      0.052         29 6.1476e+02   996.1227 0.0000e+00
      0.039    28.4558     7.2699     93.566  39.226667     36.678      8.226   223.3837     8.0648     2.0246     0.0252      0.002      0.038      0.055         30 6.9336e+02   996.1223 0.0000e+00
      0.039    28.4473     7.3292     94.323  39.301297     36.755      8.213   175.9107     8.0534     1.9813     0.0252      0.003      0.039      0.056         31 6.3838e+02   996.1218 0.0000e+00
      0.040    28.4443     7.4367     95.709  39.305643     36.760      8.206   174.0557     8.0572     2.0102     0.0252      0.003      0.040      0.057         32 6.1090e+02   996.1239 0.0000e+00
      0.042    28.4446     7.5741     97.476  39.310178     36.766      8.205   224.1408     8.0458     1.9236     0.0252      0.002      0.041      0.060         33 6.1002e+02   996.1263 0.0000e+00
      0.044    28.4437     7.7177     99.317  39.295658     36.768      8.188   178.4471     8.2556     2.0534     0.0252      0.004      0.044      0.064         34 6.2207e+02   996.1273 0.0000e+00
      0.048    28.4436     7.8694    101.260  39.323715     36.768      8.182   216.9101     8.2212     1.9957     0.0252      0.007      0.048      0.069         35 6.2719e+02   996.1272 0.0000e+00
      0.054    28.4451     8.0041    102.984  39.334538     36.821      8.180   225.3523     8.2556     1.9525     0.0253      0.008      0.053      0.076         36 5.8594e+02   996.1275 0.0000e+00
      0.058    28.4396     8.1029    104.248  39.282189     36.716      8.162   226.5637     8.2174     1.9525     0.0252      0.010      0.055      0.079         37 6.1997e+02   996.1275 0.0000e+00
      0.055    28.4274     8.1645    105.035  39.270311     36.767      8.156   227.5101     8.9575     2.0534     0.0252      0.010      0.054      0.078         38 6.3024e+02   996.1271 0.0000e+00
      0.052    28.4183     8.1928    105.399  39.260405     36.693      8.147   228.1916     8.9460     1.9813     0.0252      0.009      0.051      0.074         39 6.5485e+02   996.1286 0.0000e+00
      0.050    28.4125     8.1915    105.381  39.264879     36.780      8.139   228.9109     8.9270     1.8660     0.0252      0.007      0.049      0.070         40 5.9588e+02   996.1321 0.0000e+00
      0.047    28.4097     8.1921    105.386  39.205471     36.655      8.132   228.0780     8.9346     1.9236     0.0252      0.003      0.047      0.068         41 5.5636e+02   996.1348 0.0000e+00
      0.047    28.4107     8.1696    105.097  39.215789     36.737      8.125   229.6301     8.9727     1.7362     0.0252     -0.000      0.047      0.068         42 6.2791e+02   996.1364 0.0000e+00
      0.048    28.4098     8.1554    104.926  39.192767     36.661      8.118   229.9709     8.9613     1.7073     0.0252     -0.003      0.047      0.068         43 6.4167e+02   996.1372 0.0000e+00
      0.047    28.4053     8.1301    104.609  39.204485     36.713      8.110   230.8794     8.9689     1.8660     0.0252     -0.005      0.046      0.067         44 5.9440e+02   996.1369 0.0000e+00
      0.047    28.4003     8.1044    104.283  39.171568     36.661      8.103   230.9173     8.9499     1.6497     0.0252     -0.005      0.046      0.067         45 6.4121e+02   996.1372 0.0000e+00
      0.046    28.3954     8.0812    103.978  39.115182     36.612      8.097   231.0309     9.2779     1.8660     0.0252     -0.004      0.046      0.067         46 6.8776e+02   996.1385 0.0000e+00
      0.046    28.3913     8.0738    103.865  39.185744     36.693      8.090   230.3873     9.2627     1.9813     0.0252     -0.002      0.046      0.067         47 6.0537e+02   996.1399 0.0000e+00
      0.048    28.3889     8.0761    103.881  39.172670     36.671      8.090   230.3494     9.2398     1.9236     0.0252     -0.001      0.047      0.068         48 6.9182e+02   996.1413 0.0000e+00
      0.049    28.3883     8.0788    103.903  39.161092     36.674      8.088   230.3494     9.2627     1.9957     0.0252      0.000      0.048      0.070         49 6.6558e+02   996.1425 0.0000e+00
      0.052    28.3880     8.0732    103.813  39.170517     36.675      8.089   230.2737     9.4916     1.9669     0.0252      0.001      0.050      0.072         50 5.7665e+02   996.1432 0.0000e+00
      0.052    28.3863     8.0426    103.397  39.160943     36.676      8.086   230.6144     9.4763     1.8804     0.0252      0.002      0.051      0.073         51 5.8008e+02   996.1434 0.0000e+00
      0.052    28.3871     8.0014    102.854  39.173008     36.676      8.081   231.1823     9.5068     2.0534     0.0252      0.003      0.052      0.075         52 6.3699e+02   996.1435 0.0000e+00
      0.055    28.3923     7.9382    102.052  39.185140     36.703      8.077   231.6744     9.4916     2.0534     0.0252      0.004      0.054      0.079         53 6.9201e+02   996.1440 0.0000e+00
      0.058    28.3974     7.8663    101.143  39.116206     36.624      8.073   231.7123     9.4687     1.8948     0.0252      0.006      0.057      0.083         54 5.9089e+02   996.1438 0.0000e+00
      0.061    28.4001     7.7935    100.210  39.110603     36.620      8.071   232.0530     9.7853     1.8660     0.0252      0.007      0.060      0.087         55 5.9254e+02   996.1423 0.0000e+00
      0.063    28.3962     7.7403     99.525  39.162472     36.670      8.062   232.7344     9.7929     2.0102     0.0252      0.008      0.062      0.089         56 5.9432e+02   996.1409 0.0000e+00
      0.063    28.3870     7.7054     99.076  39.170205     36.667      8.056   233.3780     9.8272     2.0534     0.0252      0.008      0.062      0.089         57 5.8646e+02   996.1400 0.0000e+00
      0.062    28.3792     7.6840     98.804  39.130616     36.644      8.054   232.8101     9.8120     1.9957     0.0252      0.007      0.061      0.088         58 6.1628e+02   996.1411 0.0000e+00
      0.061    28.3721     7.6709     98.636  39.122829     36.624      8.054   233.6052    10.2850     1.8660     0.0252      0.006      0.060      0.086         59 5.7981e+02   996.1438 0.0000e+00
      0.060    28.3624     7.6495     98.356  39.150263     36.682      8.049   233.4916    10.2583     1.8660     0.0252      0.004      0.059      0.085         60 5.9166e+02   996.1460 0.0000e+00
      0.058    28.3499     7.6182     97.949  39.126117     36.634      8.049   233.6430    10.2698     1.8948     0.0252      0.001      0.057      0.083         61 6.1808e+02   996.1480 0.0000e+00
      0.058    28.3433     7.5634     97.260  39.212159     36.746      8.048   234.0216    10.3079     1.9236     0.0252     -0.001      0.057      0.083         62 5.5602e+02   996.1508 0.0000e+00
      0.059    28.3486     7.4897     96.353  39.191382     36.728      8.046   233.9837     9.6213     1.9525     0.0252     -0.003      0.058      0.084         63 5.3094e+02   996.1545 0.0000e+00
      0.059    28.3566     7.3990     95.215  39.122342     36.654      8.047   233.9459     9.6213     1.9813     0.0252     -0.003      0.058      0.084         64 5.5880e+02   996.1563 0.0000e+00
      0.058    28.3588     7.3105     94.084  39.149890     36.703      8.043   234.0973     9.6098     1.9381     0.0252     -0.002      0.058      0.084         65 5.6682e+02   996.1547 0.0000e+00
      0.059    28.3583     7.2268     93.013  39.127458     36.645      8.039   234.4002     9.6060     2.0102     0.0252     -0.001      0.058      0.084         66 5.4708e+02   996.1525 0.0000e+00
      0.060    28.3587     7.1502     92.030  39.090979     36.644      8.035   234.6273     8.9766     2.0246     0.0252     -0.000      0.059      0.085         67 5.4663e+02   996.1519 0.0000e+00
      0.061    28.3602     7.0968     91.335  39.076734     36.592      8.032   234.5516     8.9422     1.8948     0.0251      0.001      0.060      0.086         68 5.6822e+02   996.1521 0.0000e+00
      0.062    28.3604     7.0586     90.840  39.115548     36.670      8.029   234.3623     8.9918     2.0102     0.0252      0.002      0.061      0.088         69 5.3978e+02   996.1519 0.0000e+00
      0.063    28.3576     7.0308     90.483  39.131589     36.643      8.025   234.4002     8.9537     1.9957     0.0252      0.002      0.061      0.089         70 5.3821e+02   996.1515 0.0000e+00
      0.064    28.3548     7.0085     90.200  39.145683     36.695      8.025   234.5137     9.5488     2.0390     0.0252      0.003      0.062      0.090         71 5.0473e+02   996.1514 0.0000e+00
      0.064    28.3644     6.9840     89.898  39.127647     36.644      8.023   235.4602     9.5640     1.9525     0.0252      0.003      0.062      0.090         72 4.9931e+02   996.1522 0.0000e+00
      0.062    28.3878     6.9417     89.367  39.094761     36.647      8.018   235.4980     9.5678     1.9236     0.0252      0.003      0.061      0.088         73 5.8043e+02   996.1530 0.0000e+00
      0.059    28.4047     6.8968     88.795  39.097694     36.614      8.011   236.0280     9.5564     2.0534     0.0252      0.001      0.058      0.085         74 5.5890e+02   996.1503 0.0000e+00
      0.057    28.4102     6.8540     88.246  39.153629     36.676      8.011   235.2330     9.5564     1.9813     0.0252     -0.001      0.056      0.082         75 5.2376e+02   996.1436 0.0000e+00
      0.056    28.4143     6.8054     87.620  39.173332     36.664      8.009   235.8766     9.0338     1.9813     0.0252     -0.003      0.055      0.080         76 5.6890e+02   996.1386 0.0000e+00
      0.054    28.4150     6.7561     86.995  39.162081     36.661      8.006   235.7252     9.0681     1.9236     0.0252     -0.005      0.053      0.078         77 5.8489e+02   996.1371 0.0000e+00
      0.053    28.4110     6.6993     86.275  39.167626     36.658      8.003   235.0816     9.0719     1.9525     0.0252     -0.006      0.053      0.077         78 5.6637e+02   996.1359 0.0000e+00
      0.055    28.4090     6.6349     85.445  39.136789     36.631      8.003   235.4980     9.0719     2.0390     0.0252     -0.006      0.054      0.078         79 5.3442e+02   996.1357 0.0000e+00
      0.056    28.4092     6.5701     84.619  39.111543     36.608      7.998   234.8166     8.1068     1.9669     0.0252     -0.004      0.055      0.080         80 5.1365e+02   996.1368 0.0000e+00
