Data/DataNotYetUploadedToEDI/CTD_2019/072219_fcr50.cnv
* Sea-Bird SBE19plus  Data File:
* FileName = C:\DATA\072219_fcr50_0001.hex
* Software version 2.8.0.119
* Temperature SN = 7809
* Conductivity SN = 7809
* System UpLoad Time = Jul 23 2019 10:43:31
* <ApplicationData>
* <Seaterm232>
# nquan = 18
# nvalues = 748                         
# units = specified
# name 0 = depFM: Depth [fresh water, m]
# name 1 = tv290C: Temperature [ITS-90, deg C]
# name 2 = sbeox0Mg/L: Oxygen, SBE 43 [mg/l]
# name 3 = sbeox0PS: Oxygen, SBE 43 [% saturation]
# name 4 = c0uS/cm: Conductivity [uS/cm]
# name 5 = specc: Specific Conductance [uS/cm]
# name 6 = ph: pH
# name 7 = orp: Oxidation Reduction Potential [mV]
# name 8 = flECO-AFL: Fluorescence, WET Labs ECO-AFL/FL [mg/m^3]
# name 9 = turbWETntu0: Turbidity, WET Labs ECO [NTU]
# name 10 = sal00: Salinity, Practical [PSU]
# name 11 = dz/dtM: Descent Rate [m/s]
# name 12 = prdM: Pressure, Strain Gauge [db]
# name 13 = prdE: Pressure, Strain Gauge [psi]
# name 14 = scan: Scan Count
# name 15 = par/sat/log: PAR/Logarithmic, Satlantic
# name 16 = density00: Density [density, kg/m^3]
# name 17 = flag:  0.000e+00
# span 0 =     -0.609,      9.562       
# span 1 =    10.8770,    27.4280       
# span 2 =    -0.1946,    12.5806       
# span 3 =     -1.765,    142.619       
# span 4 =   0.267951,  93.465026       
# span 5 =      0.435,    129.841       
# span 6 =      6.243,      8.176       
# span 7 = -1240.7455,  1240.2295       
# span 8 =    -0.1560,    14.8818       
# span 9 =    -0.6142,   127.8371       
# span 10 =     0.0118,     0.0612      
# span 11 =     -0.112,      0.217      
# span 12 =     -0.597,      9.376      
# span 13 =     -0.866,     13.598      
# span 14 =          1,        748      
# span 15 = 1.2209e-01, 3.8979e+02      
# span 16 =   996.4158,   999.7112      
# span 17 = 0.0000e+00, 0.0000e+00      
# interval = seconds: 0.25
# start_time = Jul 22 2019 10:09:47 [Instrument's time stamp, header]
# bad_flag = -9.990e-29
*END*
[from data line 322]
      1.167    27.3002     8.5848    108.208  37.153616     35.516      7.276   254.9566    12.0360     1.8083     0.0245      0.083      1.141      1.655        323 6.9944e+01   996.4551 0.0000e+00
      1.184    27.2965     8.6050    108.467  37.155218     35.516      7.281   254.9188    13.0202     1.8227     0.0245      0.090      1.160      1.683        324 6.8966e+01   996.4553 0.0000e+00
      1.200    27.2947     8.6098    108.529  37.216215     35.570      7.284   254.8809    13.0278     1.7939     0.0245      0.092      1.177      1.707        325 6.7815e+01   996.4556 0.0000e+00
      1.215    27.2883     8.6125    108.568  37.255518     35.626      7.286   254.2374    13.0126     1.7218     0.0245      0.091      1.192      1.729        326 6.7092e+01   996.4567 0.0000e+00
      1.229    27.2773     8.6094    108.532  37.165579     35.520      7.286   254.6159    13.0316     1.8371     0.0245      0.086      1.207      1.750        327 6.6270e+01   996.4573 0.0000e+00
      1.246    27.2700     8.6024    108.442  37.150334     35.524      7.287   255.0324    12.6959     1.7073     0.0245      0.080      1.222      1.773        328 6.5088e+01   996.4591 0.0000e+00
      1.264    27.2597     8.5843    108.204  37.155953     35.533      7.287   254.6159    12.7112     1.7794     0.0245      0.072      1.237      1.795        329 6.4495e+01   996.4622 0.0000e+00
      1.274    27.2446     8.5742    108.059  37.158592     35.537      7.283   255.1081    12.7341     1.7506     0.0245      0.064      1.250      1.812        330 6.4109e+01   996.4643 0.0000e+00
      1.285    27.2342     8.5610    107.877  37.147056     35.544      7.283   255.0324    12.7646     1.9525     0.0245      0.059      1.261      1.829        331 6.3237e+01   996.4672 0.0000e+00
      1.300    27.2335     8.5533    107.757  37.111043     35.501      7.287   253.3288    12.7455     1.8083     0.0244      0.057      1.276      1.851        332 6.2261e+01   996.4714 0.0000e+00
      1.319    27.2365     8.5481    107.656  37.144143     35.562      7.290   253.5181    12.7608     1.6785     0.0245      0.057      1.294      1.877        333 6.1063e+01   996.4745 0.0000e+00
      1.340    27.2384     8.5431    107.565  37.165139     35.562      7.288   254.0481    12.7150     1.7939     0.0245      0.059      1.313      1.904        334 5.9962e+01   996.4748 0.0000e+00
      1.356    27.2396     8.5475    107.605  37.144187     35.560      7.286   254.4645    12.7150     1.7506     0.0245      0.061      1.328      1.926        335 5.9497e+01   996.4740 0.0000e+00
      1.366    27.2419     8.5606    107.748  37.170218     35.559      7.284   254.6159    12.7303     1.8371     0.0245      0.060      1.339      1.942        336 5.9200e+01   996.4735 0.0000e+00
      1.375    27.2438     8.5885    108.009  37.192014     35.611      7.286   253.1774    13.2071     1.8083     0.0245      0.059      1.349      1.957        337 5.8638e+01   996.4732 0.0000e+00
      1.387    27.2425     8.6116    108.168  37.117062     35.503      7.289   253.0259    13.2224     1.7794     0.0244      0.058      1.363      1.977        338 5.7587e+01   996.4726 0.0000e+00
      1.408    27.2374     8.6317    108.269  37.144952     35.555      7.294   253.3288    13.1995     1.8083     0.0245      0.058      1.381      2.003        339 5.6475e+01   996.4722 0.0000e+00
      1.428    27.2285     8.6610    108.479  37.157304     35.556      7.296   254.0481    13.2071     1.7218     0.0245      0.058      1.400      2.031        340 5.5500e+01   996.4726 0.0000e+00
      1.447    27.2203     8.6904    108.761  37.101693     35.506      7.297   254.3509    14.0845     1.7939     0.0244      0.059      1.419      2.058        341 5.4666e+01   996.4742 0.0000e+00
      1.465    27.2080     8.7409    109.330  37.095622     35.512      7.296   254.1616    14.0960     1.9236     0.0244      0.061      1.437      2.084        342 5.3874e+01   996.4766 0.0000e+00
      1.484    27.1902     8.7970    110.010  37.105591     35.518      7.298   253.9345    14.0960     1.7650     0.0244      0.065      1.454      2.109        343 5.2981e+01   996.4790 0.0000e+00
      1.498    27.1754     8.8558    110.745  37.089289     35.526      7.297   253.2909    14.0998     1.7650     0.0244      0.069      1.468      2.129        344 5.2646e+01   996.4825 0.0000e+00
      1.507    27.1680     8.9181    111.458  37.056646     35.485      7.299   253.5938    14.8704     1.8515     0.0244      0.069      1.478      2.145        345 5.2327e+01   996.4874 0.0000e+00
      1.518    27.1550     8.9661    111.940  37.086954     35.548      7.302   253.4045    14.8742     1.8948     0.0244      0.065      1.491      2.164        346 5.1397e+01   996.4916 0.0000e+00
      1.539    27.1094     9.0059    112.296  36.992309     35.446      7.302   253.8966    14.8742     1.7939     0.0244      0.062      1.509      2.189        347 5.0466e+01   996.4937 0.0000e+00
      1.559    27.0418     9.0596    112.710  36.907720     35.374      7.305   253.6316    14.8818     1.6929     0.0244      0.061      1.530      2.219        348 4.9636e+01   996.4974 0.0000e+00
      1.582    26.9625     9.1133    113.072  36.866247     35.379      7.302   254.3509    13.7793     1.7362     0.0243      0.062      1.553      2.252        349 4.8396e+01   996.5101 0.0000e+00
      1.609    26.8845     9.1688    113.470  36.747595     35.291      7.301   253.8966    13.7946     1.8515     0.0243      0.067      1.577      2.286        350 4.7350e+01   996.5288 0.0000e+00
      1.630    26.8373     9.2678    114.389  36.729431     35.344      7.299   254.2374    13.8327     1.7650     0.0243      0.072      1.597      2.316        351 4.6742e+01   996.5507 0.0000e+00
      1.646    26.8074     9.4436    116.238  36.740717     35.399      7.299   254.1616    13.7870     1.7218     0.0243      0.078      1.615      2.341        352 4.6011e+01   996.5722 0.0000e+00
      1.662    26.7956     9.6998    119.022  36.733587     35.429      7.299   253.8209    13.5352     1.7650     0.0243      0.081      1.630      2.364        353 4.5492e+01   996.5852 0.0000e+00
      1.676    26.7948     9.9837    122.116  36.767965     35.478      7.299   255.7895    13.5428     1.7362     0.0243      0.080      1.644      2.384        354 4.4917e+01   996.5935 0.0000e+00
      1.691    26.7612    10.2822    125.396  36.727584     35.459      7.300   255.6002    13.5390     1.9236     0.0243      0.076      1.657      2.403        355 4.4377e+01   996.5968 0.0000e+00
      1.702    26.7047    10.5586    128.440  36.694944     35.405      7.299   255.5245    13.5428     1.7939     0.0243      0.070      1.670      2.422        356 4.4162e+01   996.5970 0.0000e+00
      1.715    26.6326    10.7973    131.102  36.660419     35.428      7.298   254.5024    13.5352     1.7506     0.0243      0.063      1.685      2.444        357 4.3280e+01   996.6062 0.0000e+00
      1.740    26.5082    10.9923    133.286  36.533488     35.305      7.298   255.1459    13.9586     1.7939     0.0242      0.060      1.706      2.475        358 4.2118e+01   996.6217 0.0000e+00
      1.765    26.3593    11.1166    134.614  36.675125     35.515      7.295   255.9409    13.9663     1.8227     0.0243      0.062      1.729      2.508        359 4.1599e+01   996.6415 0.0000e+00
      1.784    26.2173    11.1520    134.841  36.691638     35.629      7.295   257.6445    13.9701     1.8083     0.0243      0.066      1.750      2.538        360 4.0883e+01   996.6753 0.0000e+00
      1.804    26.0704    11.1270    134.298  36.453732     35.461      7.296   257.7202    13.9701     1.8660     0.0242      0.070      1.768      2.564        361 4.0198e+01   996.7155 0.0000e+00
      1.820    25.9175    11.0427    133.056  36.408211     35.559      7.291   257.7202    14.3134     1.6785     0.0242      0.074      1.786      2.590        362 3.9604e+01   996.7537 0.0000e+00
      1.841    25.7486    10.9355    131.556  36.333480     35.552      7.290   257.3795    14.3134     1.7939     0.0242      0.077      1.808      2.622        363 3.8566e+01   996.7930 0.0000e+00
      1.872    25.5741    10.8397    130.205  36.131931     35.494      7.284   258.2124    14.3439     1.8948     0.0241      0.082      1.835      2.662        364 3.7501e+01   996.8337 0.0000e+00
      1.901    25.4125    10.7936    129.505  35.918264     35.365      7.275   259.9538    14.3439     1.7939     0.0240      0.087      1.861      2.700        365 3.6743e+01   996.8784 0.0000e+00
      1.921    25.2739    10.8174    129.765  35.769721     35.377      7.268   260.2567    13.6725     1.8804     0.0240      0.088      1.881      2.728        366 3.6512e+01   996.9243 0.0000e+00
      1.930    25.1735    10.9148    130.973  35.694568     35.379      7.263   259.9538    13.6725     1.7218     0.0239      0.086      1.893      2.746        367 3.6273e+01   996.9665 0.0000e+00
      1.941    25.0985    11.0655    132.801  35.656268     35.477      7.263   259.9917    13.6649     1.7650     0.0239      0.083      1.905      2.764        368 3.5772e+01   997.0026 0.0000e+00
      1.958    25.0266    11.2263    134.652  35.580384     35.437      7.261   260.2188    13.6916     1.8660     0.0239      0.079      1.922      2.788        369 3.5112e+01   997.0286 0.0000e+00
      1.981    24.9443    11.3793    136.284  35.551990     35.489      7.262   260.6352    13.3788     1.8948     0.0239      0.076      1.945      2.821        370 3.4233e+01   997.0479 0.0000e+00
      2.011    24.8489    11.4982    137.345  35.424947     35.401      7.254   260.9759    13.3864     1.7939     0.0238      0.075      1.972      2.860        371 3.3322e+01   997.0666 0.0000e+00
      2.039    24.7566    11.5653    137.679  35.264399     35.291      7.251   263.8152    13.3712     1.7794     0.0238      0.075      2.000      2.901        372 3.2586e+01   997.0877 0.0000e+00
      2.068    24.6715    11.5910    137.482  35.248073     35.360      7.241   265.1781    13.3940     1.7939     0.0238      0.080      2.027      2.941        373 3.1826e+01   997.1123 0.0000e+00
      2.096    24.5887    11.5610    136.800  35.148981     35.312      7.232   266.3517    12.9668     1.8371     0.0237      0.089      2.052      2.976        374 3.1172e+01   997.1358 0.0000e+00
      2.113    24.5297    11.4995    135.873  35.091435     35.317      7.223   267.2602    12.9897     1.8948     0.0237      0.096      2.070      3.003        375 3.0856e+01   997.1574 0.0000e+00
      2.125    24.5173    11.4405    134.967  35.141935     35.432      7.224   267.1467    12.9668     1.7362     0.0237      0.097      2.084      3.023        376 3.0555e+01   997.1785 0.0000e+00
      2.139    24.5342    11.4206    134.437  35.204701     35.532      7.222   266.9195    12.9439     1.7218     0.0237      0.093      2.096      3.041        377 3.0207e+01   997.1934 0.0000e+00
      2.149    24.5403    11.4616    134.538  35.250410     35.596      7.223   268.2824    12.9325     1.7218     0.0238      0.083      2.109      3.059        378 2.9880e+01   997.1967 0.0000e+00
      2.163    24.5103    11.5297    134.935  35.262857     35.584      7.224   268.2067    10.6665     1.6785     0.0238      0.073      2.124      3.080        379 2.9414e+01   997.1924 0.0000e+00
      2.184    24.4281    11.6255    135.694  35.189209     35.522      7.222   266.6545    10.6551     1.5920     0.0237      0.065      2.142      3.108        380 2.8897e+01   997.1909 0.0000e+00
      2.205    24.2889    11.7483    136.781  35.223533     35.545      7.223   266.7681    10.6474     1.4478     0.0237      0.061      2.163      3.138        381 2.8386e+01   997.1986 0.0000e+00
      2.229    24.1041    11.9377    138.593  35.397953     35.828      7.224   265.1024    10.6551     1.4910     0.0238      0.062      2.186      3.171        382 2.7708e+01   997.2195 0.0000e+00
      2.255    23.9131    12.1143    140.283  35.387046     35.875      7.222   266.8438     8.9994     1.5487     0.0238      0.068      2.209      3.204        383 2.7207e+01   997.2544 0.0000e+00
      2.274    23.7836    12.2762    141.825  35.296440     35.951      7.223   268.3960     9.0071     1.5776     0.0238      0.075      2.228      3.232        384 2.6879e+01   997.3004 0.0000e+00
      2.288    23.7056    12.3701    142.563  35.214467     35.981      7.219   268.6610     9.0109     1.5487     0.0238      0.079      2.242      3.252        385 2.6605e+01   997.3476 0.0000e+00
      2.297    23.6225    12.4006    142.619  35.133551     36.017      7.218   269.2288     8.9994     1.5487     0.0237      0.078      2.252      3.267        386 2.6454e+01   997.3794 0.0000e+00
      2.305    23.5059    12.3690    142.027  35.100875     36.018      7.218   269.5695     8.7667     1.5776     0.0237      0.073      2.263      3.282        387 2.6164e+01   997.3985 0.0000e+00
      2.322    23.3560    12.2788    140.772  35.018114     36.021      7.219   268.5095     8.7629     1.5920     0.0237      0.067      2.279      3.306        388 2.5622e+01   997.4188 0.0000e+00
      2.346    23.1987    12.1433    139.052  34.910633     35.964      7.214   269.3424     8.7477     1.6064     0.0236      0.063      2.299      3.334        389 2.5188e+01   997.4472 0.0000e+00
      2.362    23.0585    11.9926    136.975  34.879102     36.076      7.211   269.6453     8.7553     1.6208     0.0237      0.060      2.317      3.360        390 2.4887e+01   997.4833 0.0000e+00
      2.379    22.9236    11.8658    135.076  34.849997     36.136      7.211   270.7053     9.2512     1.5199     0.0236      0.059      2.334      3.386        391 2.4415e+01   997.5212 0.0000e+00
      2.401    22.7765    11.7279    133.066  34.828397     36.241      7.210   271.3867     9.2207     1.5343     0.0236      0.063      2.353      3.413        392 2.4003e+01   997.5547 0.0000e+00
      2.417    22.6408    11.6528    131.849  34.846786     36.342      7.205   271.0081     9.2474     1.5199     0.0236      0.067      2.370      3.438        393 2.3742e+01   997.5867 0.0000e+00
      2.433    22.5183    11.6423    131.402  34.827179     36.456      7.207   270.1753     9.2398     1.6352     0.0236      0.070      2.387      3.462        394 2.3274e+01   997.6215 0.0000e+00
      2.453    22.3907    11.7036    131.777  34.734338     36.442      7.204   270.0995     8.8430     1.5631     0.0236      0.072      2.403      3.486        395 2.2883e+01   997.6533 0.0000e+00
      2.465    22.2846    11.8045    132.634  34.666069     36.477      7.199   270.5538     8.8278     1.6064     0.0236      0.070      2.416      3.505        396 2.2875e+01   997.6817 0.0000e+00
      2.472    22.1972    11.9330    133.859  34.675141     36.575      7.193   271.0081     8.8087     1.5631     0.0236      0.065      2.428      3.521        397 2.2540e+01   997.7114 0.0000e+00
      2.491    22.1213    12.0761    135.258  34.604576     36.600      7.191   272.0303     8.8240     1.5487     0.0236      0.062      2.445      3.546        398 2.1970e+01   997.7359 0.0000e+00
      2.515    22.0521    12.2204    136.741  34.487250     36.516      7.188   272.1060     8.8278     1.5487     0.0235      0.062      2.467      3.578        399 2.1599e+01   997.7560 0.0000e+00
      2.538    21.9241    12.3466    138.064  34.376716     36.490      7.189   273.2796     6.9280     1.5343     0.0235      0.064      2.491      3.613        400 2.1061e+01   997.7735 0.0000e+00
      2.567    21.7493    12.4378    138.907  34.208800     36.331      7.186   273.3174     6.9433     1.5487     0.0234      0.070      2.516      3.649        401 2.0603e+01   997.7893 0.0000e+00
      2.591    21.5814    12.5022    139.341  33.985105     36.226      7.184   273.8853     6.9280     1.5343     0.0233      0.076      2.538      3.680        402 2.0393e+01   997.8184 0.0000e+00
