Data/DataNotYetUploadedToEDI/CTD_2019/072219_fcr10.cnv
* Sea-Bird SBE19plus  Data File:
* FileName = C:\DATA\072219_fcr50_0002.hex
* Software version 2.8.0.119
* Temperature SN = 7809
* Conductivity SN = 7809
* System UpLoad Time = Jul 23 2019 10:43:42
* <ApplicationData>
* <Seaterm232>
# nquan = 18
# nvalues = 267                         
# units = specified
# name 0 = depFM: Depth [fresh water, m]
# name 1 = tv290C: Temperature [ITS-90, deg C]
# name 2 = sbeox0Mg/L: Oxygen, SBE 43 [mg/l]
# name 3 = sbeox0PS: Oxygen, SBE 43 [% saturation]
# name 4 = c0uS/cm: Conductivity [uS/cm]
# name 5 = specc: Specific Conductance [uS/cm]
# name 6 = ph: pH
# name 7 = orp: Oxidation Reduction Potential [mV]
# name 8 = flECO-AFL: Fluorescence, WET Labs ECO-AFL/FL [mg/m^3]
# name 9 = turbWETntu0: Turbidity, WET Labs ECO [NTU]
# name 10 = sal00: Salinity, Practical [PSU]
# name 11 = dz/dtM: Descent Rate [m/s]
# name 12 = prdM: Pressure, Strain Gauge [db]
# name 13 = prdE: Pressure, Strain Gauge [psi]
# name 14 = scan: Scan Count
# name 15 = par/sat/log: PAR/Logarithmic, Satlantic
# name 16 = density00: Density [density, kg/m^3]
# name 17 = flag:  0.000e+00
# span 0 =     -0.610,      2.423       
# span 1 =    22.9262,    30.5671       
# span 2 =    -0.5401,     9.0693       
# span 3 =     -6.377,    113.002       
# span 4 =   1.534131, 200.248806       
# span 5 =      0.656,    208.007       
# span 6 =      6.874,      8.368       
# span 7 =   -25.3006,   728.5130       
# span 8 =    -0.1216,    20.2797       
# span 9 =    -2.2293,    10.5322       
# span 10 =     0.0140,     0.1010      
# span 11 =     -0.006,      0.183      
# span 12 =     -0.591,      2.375      
# span 13 =     -0.857,      3.444      
# span 14 =          1,        267      
# span 15 = 2.9950e+01, 1.3050e+03      
# span 16 =   995.1897,   997.6445      
# span 17 = 0.0000e+00, 0.0000e+00      
# interval = seconds: 0.25
# start_time = Jul 22 2019 15:22:22 [Instrument's time stamp, header]
# bad_flag = -9.990e-29
*END*
[from data line 81]
      0.059    28.4198     6.4419     83.014  39.108908     36.609      7.996   236.1416     8.1335     2.1544     0.0252      0.001      0.057      0.084         82 5.6451e+02   996.1374 0.0000e+00
      0.058    28.4289     6.3716     82.134  39.053791     36.555      7.991   235.8766     8.1259     1.9813     0.0251      0.002      0.057      0.084         83 5.6630e+02   996.1366 0.0000e+00
      0.057    28.4332     6.3084     81.337  39.119447     36.602      7.984   236.8609     8.6218     1.9957     0.0252      0.002      0.057      0.084         84 5.4157e+02   996.1344 0.0000e+00
      0.060    28.4338     6.2562     80.667  39.175386     36.674      7.978   237.0880     8.6294     1.9525     0.0252      0.003      0.059      0.086         85 5.5690e+02   996.1317 0.0000e+00
      0.064    28.4340     6.2103     80.076  39.132362     36.593      7.972   234.7409     8.6409     1.9092     0.0252      0.004      0.063      0.091         86 5.2895e+02   996.1305 0.0000e+00
      0.067    28.4403     6.1690     79.549  39.143350     36.644      7.966   235.0816     8.6561     2.0390     0.0252      0.005      0.065      0.095         87 4.2363e+02   996.1304 0.0000e+00
      0.069    28.4477     6.1255     78.995  39.072797     36.540      7.961   238.3373     8.9422     1.9381     0.0251      0.006      0.066      0.095         88 4.2463e+02   996.1303 0.0000e+00
      0.065    28.4472     6.0780     78.395  39.042334     36.536      7.962   238.4130     8.9308     1.9092     0.0251      0.005      0.063      0.091         89 5.1627e+02   996.1284 0.0000e+00
      0.059    28.4535     6.0391     77.905  39.033068     36.504      7.956   238.5645     8.9422     1.9092     0.0251      0.003      0.059      0.086         90 5.4014e+02   996.1263 0.0000e+00
      0.059    28.4690     6.0045     77.452  38.995413     36.479      7.953   238.2237     8.9651     1.9525     0.0251      0.001      0.059      0.086         91 5.5798e+02   996.1264 0.0000e+00
      0.064    28.4845     6.0205     77.649  39.000279     36.474      7.950   237.9587     8.9041     2.0678     0.0251      0.001      0.062      0.090         92 5.3651e+02   996.1246 0.0000e+00
      0.066    28.5027     6.0979     78.608  38.997370     36.463      7.939   238.0345     8.8850     1.9813     0.0251     -0.000      0.064      0.093         93 5.3250e+02   996.1201 0.0000e+00
      0.067    28.5149     6.2084     79.983  38.999026     36.453      7.936   237.6559     8.8621     1.9525     0.0251     -0.001      0.065      0.095         94 5.6979e+02   996.1156 0.0000e+00
      0.069    28.5170     6.3130     81.299  38.998210     36.440      7.926   238.8673     8.8926     1.9525     0.0251      0.000      0.067      0.098         95 5.3337e+02   996.1104 0.0000e+00
      0.071    28.5177     6.4318     82.813  38.998377     36.432      7.913   238.9430     9.4839     1.9813     0.0251      0.003      0.069      0.100         96 4.8135e+02   996.1070 0.0000e+00
      0.071    28.5216     6.5824     84.746  38.939537     36.379      7.891   240.0787     9.4916     1.8948     0.0251      0.005      0.070      0.101         97 4.7660e+02   996.1063 0.0000e+00
      0.070    28.5270     6.7733     87.203  38.952881     36.378      7.863   240.5330     9.5068     1.8804     0.0251      0.006      0.069      0.100         98 5.2005e+02   996.1061 0.0000e+00
      0.070    28.5368     7.0011     90.137  38.981769     36.428      7.853   240.7602     9.4992     1.9957     0.0251      0.005      0.069      0.100         99 5.2473e+02   996.1050 0.0000e+00
      0.071    28.5437     7.1881     92.544  38.962861     36.372      7.850   240.4195     9.4648     2.1111     0.0251      0.003      0.070      0.102        100 5.1575e+02   996.1035 0.0000e+00
      0.073    28.5401     7.3420     94.516  39.006047     36.444      7.852   239.2837    10.1324     1.9813     0.0251      0.003      0.077      0.112        101 4.6935e+02   996.1006 0.0000e+00
      0.094    28.5316     7.4469     95.860  39.016934     36.412      7.858   233.7566    10.1134     1.8660     0.0251      0.008      0.097      0.142        102 3.7862e+02   996.0987 0.0000e+00
      0.134    28.5043     7.5048     96.601  39.038221     36.468      7.842   194.4986    10.1248     2.0102     0.0251      0.022      0.126      0.183        103 3.3185e+02   996.0999 0.0000e+00
      0.154    28.4687     7.5247     96.839  39.009194     36.420      7.834   191.7729    10.1362     1.8948     0.0251      0.037      0.147      0.214        104 3.2071e+02   996.1024 0.0000e+00
      0.164    28.4471     7.5240     96.832  38.993790     36.440      7.833   190.1829    10.4643     2.0534     0.0251      0.051      0.160      0.232        105 3.4612e+02   996.1104 0.0000e+00
      0.172    28.4361     7.5075     96.662  39.027767     36.490      7.835   189.0850    10.4834     2.0534     0.0251      0.060      0.169      0.245        106 3.3787e+02   996.1208 0.0000e+00
      0.181    28.4321     7.4668     96.143  38.996565     36.479      7.836   188.4036    10.4681     2.0246     0.0251      0.065      0.178      0.257        107 3.4018e+02   996.1269 0.0000e+00
      0.191    28.4318     7.4298     95.653  39.002995     36.486      7.835   187.4193    10.4681     1.9813     0.0251      0.065      0.188      0.272        108 3.5639e+02   996.1302 0.0000e+00
      0.203    28.4324     7.3933     95.146  39.049407     36.541      7.839   186.6622    11.7270     1.9236     0.0251      0.060      0.200      0.290        109 3.4401e+02   996.1314 0.0000e+00
      0.218    28.4315     7.3760     94.876  39.057360     36.541      7.840   186.3214    11.7423     2.0390     0.0251      0.052      0.214      0.311        110 3.0887e+02   996.1316 0.0000e+00
      0.235    28.4264     7.3870     95.006  39.022737     36.515      7.843   185.8293    11.7499     1.9813     0.0251      0.045      0.231      0.335        111 3.0249e+02   996.1315 0.0000e+00
      0.254    28.4221     7.3918     95.020  38.944306     36.437      7.843   185.8293    11.7499     2.0534     0.0251      0.047      0.248      0.360        112 3.4159e+02   996.1318 0.0000e+00
      0.270    28.4197     7.3795     94.840  38.888228     36.388      7.838   185.2614    12.7265     2.0534     0.0251      0.053      0.265      0.384        113 3.7116e+02   996.1333 0.0000e+00
      0.285    28.4088     7.3588     94.565  38.944339     36.443      7.832   184.9586    12.7341     1.8948     0.0251      0.058      0.283      0.411        114 3.9176e+02   996.1347 0.0000e+00
      0.311    28.4110     7.3355     94.256  38.933755     36.445      7.821   185.5643    12.7341     1.8948     0.0251      0.064      0.308      0.446        115 3.4929e+02   996.1354 0.0000e+00
      0.345    28.4336     7.3082     93.901  38.901403     36.400      7.805   185.8672    12.7494     2.0102     0.0251      0.073      0.336      0.487        116 3.0404e+02   996.1387 0.0000e+00
      0.371    28.4385     7.2925     93.704  38.925329     36.452      7.783   185.7914    14.2409     2.2841     0.0251      0.081      0.363      0.527        117 3.1551e+02   996.1382 0.0000e+00
      0.395    28.4298     7.3028     93.850  38.903977     36.382      7.780   186.1322    14.2218     2.1544     0.0251      0.088      0.391      0.568        118 3.3992e+02   996.1318 0.0000e+00
      0.433    28.4064     7.3334     94.270  38.868691     36.380      7.776   186.8893    14.2218     2.1111     0.0251      0.097      0.423      0.614        119 3.4188e+02   996.1305 0.0000e+00
      0.464    28.3817     7.3748     94.814  38.850688     36.334      7.777   186.4729    14.2104     2.1688     0.0251      0.105      0.457      0.662        120 3.1376e+02   996.1332 0.0000e+00
      0.501    28.3705     7.4005     95.135  38.867112     36.401      7.774   187.0407    14.2295     2.3274     0.0251      0.115      0.488      0.708        121 2.9912e+02   996.1400 0.0000e+00
      0.527    28.3461     7.3983     95.093  38.729714     36.263      7.761   186.6243    16.2322     2.3130     0.0250      0.120      0.512      0.743        122 3.0934e+02   996.1472 0.0000e+00
      0.537    28.3303     7.3759     94.812  38.636401     36.189      7.765   186.2079    16.2246     2.1544     0.0250      0.117      0.528      0.765        123 3.0297e+02   996.1505 0.0000e+00
      0.552    28.3266     7.3507     94.512  38.686872     36.261      7.772   187.0407    16.2017     2.2409     0.0250      0.108      0.541      0.784        124 3.0173e+02   996.1576 0.0000e+00
      0.565    28.3199     7.3054     93.926  38.637278     36.218      7.771   187.0407    16.2284     2.3274     0.0250      0.099      0.553      0.801        125 3.0555e+02   996.1621 0.0000e+00
      0.572    28.3175     7.2542     93.248  38.638854     36.221      7.771   186.8893    17.5254     2.2409     0.0250      0.086      0.562      0.814        126 2.9365e+02   996.1632 0.0000e+00
      0.581    28.3197     7.1860     92.365  38.625639     36.225      7.778   187.0029    17.4796     2.1688     0.0250      0.070      0.572      0.829        127 2.9815e+02   996.1652 0.0000e+00
      0.595    28.3289     7.1142     91.442  38.683364     36.253      7.787   186.9650    17.4949     2.1544     0.0250      0.058      0.588      0.852        128 2.9498e+02   996.1659 0.0000e+00
      0.622    28.3448     7.0358     90.441  38.804118     36.408      7.791   187.1922    17.4949     2.1976     0.0251      0.052      0.608      0.882        129 2.8282e+02   996.1655 0.0000e+00
      0.642    28.3517     6.9642     89.523  38.771736     36.324      7.792   187.3436    16.9112     2.0534     0.0250      0.053      0.628      0.911        130 2.7924e+02   996.1629 0.0000e+00
      0.657    28.3457     6.9247     89.025  38.812571     36.391      7.794   187.4193    16.9151     1.9525     0.0251      0.058      0.644      0.934        131 2.7235e+02   996.1585 0.0000e+00
      0.671    28.3380     6.9257     89.029  38.753295     36.308      7.775   187.6086    16.8884     1.9236     0.0250      0.061      0.656      0.951        132 2.6425e+02   996.1565 0.0000e+00
      0.677    28.3423     6.9590     89.393  38.726950     36.286      7.765   187.3057    16.9303     1.8948     0.0250      0.062      0.668      0.968        133 2.5971e+02   996.1583 0.0000e+00
      0.697    28.3561     6.9980     89.846  38.815720     36.396      7.769   188.1007    17.3232     2.1255     0.0251      0.064      0.684      0.991        134 2.5452e+02   996.1606 0.0000e+00
      0.715    28.3538     7.0287     90.190  38.761376     36.315      7.768   187.9114    17.3347     2.1976     0.0250      0.064      0.700      1.015        135 2.5073e+02   996.1594 0.0000e+00
      0.727    28.3426     7.0585     90.524  38.735303     36.305      7.771   187.9493    17.3232     2.2841     0.0250      0.061      0.714      1.036        136 2.4611e+02   996.1555 0.0000e+00
      0.743    28.3381     7.0825     90.774  38.759250     36.307      7.777   188.1386    17.3499     2.1399     0.0250      0.058      0.729      1.057        137 2.4202e+02   996.1562 0.0000e+00
      0.758    28.3382     7.0860     90.760  38.761212     36.341      7.783   188.3279    16.7739     2.0823     0.0250      0.057      0.743      1.077        138 2.3699e+02   996.1594 0.0000e+00
      0.771    28.3423     7.0599     90.383  38.703227     36.265      7.786   188.7822    16.7777     2.1399     0.0250      0.058      0.755      1.095        139 2.3347e+02   996.1609 0.0000e+00
      0.781    28.3442     7.0260     89.930  38.683226     36.265      7.789   188.7443    16.7739     2.2697     0.0250      0.057      0.769      1.115        140 2.3058e+02   996.1609 0.0000e+00
      0.800    28.3508     6.9979     89.562  38.756466     36.315      7.794   189.0093    16.8006     2.2697     0.0250      0.058      0.789      1.144        141 2.1995e+02   996.1599 0.0000e+00
      0.835    28.3422     6.9941     89.506  38.819543     36.392      7.790   189.6529    16.7625     2.2120     0.0251      0.062      0.816      1.183        142 2.1430e+02   996.1595 0.0000e+00
      0.858    28.3054     6.9982     89.559  38.841827     36.388      7.790   189.1986    16.6023     2.2120     0.0251      0.067      0.843      1.222        143 2.0921e+02   996.1576 0.0000e+00
      0.887    28.2727     7.0386     90.078  38.817649     36.392      7.791   189.6150    16.6023     2.2120     0.0251      0.076      0.869      1.260        144 1.9903e+02   996.1602 0.0000e+00
      0.913    28.2430     7.0801     90.587  38.701452     36.289      7.793   189.6150    16.5870     2.1976     0.0250      0.085      0.895      1.298        145 1.9402e+02   996.1708 0.0000e+00
      0.936    28.2112     7.1093     90.934  38.749345     36.361      7.796   189.7286    16.5717     2.2409     0.0250      0.092      0.920      1.334        146 1.8831e+02   996.1804 0.0000e+00
      0.965    28.1761     7.1311     91.203  38.817340     36.462      7.792   189.9557    16.7281     2.1399     0.0251      0.099      0.943      1.368        147 1.8203e+02   996.1890 0.0000e+00
      0.982    28.1392     7.1381     91.302  38.765039     36.404      7.791   189.6907    16.7053     2.1976     0.0250      0.102      0.961      1.393        148 1.7916e+02   996.1982 0.0000e+00
      0.993    28.1128     7.1288     91.184  38.755173     36.455      7.793   190.0315    16.7167     2.1544     0.0250      0.097      0.974      1.412        149 1.7645e+02   996.2083 0.0000e+00
      1.004    28.1000     7.0966     90.764  38.770361     36.453      7.796   189.9179    16.7243     2.1976     0.0250      0.087      0.986      1.431        150 1.7312e+02   996.2188 0.0000e+00
      1.020    28.0948     7.0493     90.164  38.805433     36.551      7.800   190.3722    16.8502     2.1976     0.0251      0.079      1.000      1.451        151 1.7011e+02   996.2264 0.0000e+00
      1.035    28.0901     6.9869     89.368  38.770816     36.480      7.803   190.0315    16.8311     2.1976     0.0250      0.070      1.016      1.474        152 1.6644e+02   996.2302 0.0000e+00
      1.054    28.0912     6.9160     88.470  38.813450     36.563      7.807   190.4857    16.8464     2.1399     0.0251      0.065      1.035      1.501        153 1.6099e+02   996.2318 0.0000e+00
      1.079    28.0913     6.8476     87.597  38.841293     36.566      7.806   190.2965    16.8311     2.1111     0.0251      0.063      1.055      1.531        154 1.5716e+02   996.2332 0.0000e+00
      1.094    28.0779     6.7864     86.822  38.825079     36.566      7.808   190.1829    16.8655     2.1688     0.0251      0.063      1.071      1.554        155 1.5592e+02   996.2329 0.0000e+00
      1.105    28.0614     6.7320     86.122  38.744715     36.486      7.808   190.7507    16.8617     2.1688     0.0250      0.064      1.084      1.572        156 1.5486e+02   996.2330 0.0000e+00
      1.116    28.0559     6.6956     85.668  38.763482     36.496      7.811   191.1672    16.8311     2.2265     0.0250      0.064      1.097      1.592        157 1.5088e+02   996.2368 0.0000e+00
      1.137    28.0617     6.6726     85.375  38.801730     36.586      7.810   191.5836    16.8197     2.2409     0.0251      0.065      1.113      1.615        158 1.4889e+02   996.2416 0.0000e+00
      1.151    28.0616     6.6608     85.227  38.726760     36.458      7.809   191.6593    17.4529     2.1111     0.0250      0.064      1.129      1.638        159 1.4701e+02   996.2432 0.0000e+00
      1.168    28.0578     6.6484     85.050  38.797509     36.586      7.811   191.6593    17.4873     2.2553     0.0251      0.063      1.146      1.662        160 1.4322e+02   996.2417 0.0000e+00
