Data/DataNotYetUploadedToEDI/CTD_2019/072219_fcr50.cnv
* Sea-Bird SBE19plus  Data File:
* FileName = C:\DATA\072219_fcr50_0001.hex
* Software version 2.8.0.119
* Temperature SN = 7809
* Conductivity SN = 7809
* System UpLoad Time = Jul 23 2019 10:43:31
* <ApplicationData>
* <Seaterm232>
# nquan = 18
# nvalues = 748                         
# units = specified
# name 0 = depFM: Depth [fresh water, m]
# name 1 = tv290C: Temperature [ITS-90, deg C]
# name 2 = sbeox0Mg/L: Oxygen, SBE 43 [mg/l]
# name 3 = sbeox0PS: Oxygen, SBE 43 [% saturation]
# name 4 = c0uS/cm: Conductivity [uS/cm]
# name 5 = specc: Specific Conductance [uS/cm]
# name 6 = ph: pH
# name 7 = orp: Oxidation Reduction Potential [mV]
# name 8 = flECO-AFL: Fluorescence, WET Labs ECO-AFL/FL [mg/m^3]
# name 9 = turbWETntu0: Turbidity, WET Labs ECO [NTU]
# name 10 = sal00: Salinity, Practical [PSU]
# name 11 = dz/dtM: Descent Rate [m/s]
# name 12 = prdM: Pressure, Strain Gauge [db]
# name 13 = prdE: Pressure, Strain Gauge [psi]
# name 14 = scan: Scan Count
# name 15 = par/sat/log: PAR/Logarithmic, Satlantic
# name 16 = density00: Density [density, kg/m^3]
# name 17 = flag:  0.000e+00
# span 0 =     -0.609,      9.562       
# span 1 =    10.8770,    27.4280       
# span 2 =    -0.1946,    12.5806       
# span 3 =     -1.765,    142.619       
# span 4 =   0.267951,  93.465026       
# span 5 =      0.435,    129.841       
# span 6 =      6.243,      8.176       
# span 7 = -1240.7455,  1240.2295       
# span 8 =    -0.1560,    14.8818       
# span 9 =    -0.6142,   127.8371       
# span 10 =     0.0118,     0.0612      
# span 11 =     -0.112,      0.217      
# span 12 =     -0.597,      9.376      
# span 13 =     -0.866,     13.598      
# span 14 =          1,        748      
# span 15 = 1.2209e-01, 3.8979e+02      
# span 16 =   996.4158,   999.7112      
# span 17 = 0.0000e+00, 0.0000e+00      
# interval = seconds: 0.25
# start_time = Jul 22 2019 10:09:47 [Instrument's time stamp, header]
# bad_flag = -9.990e-29
*END*
[from data line 724]
      9.132    10.9547     0.0344      0.311  65.127472     89.511      6.512   334.1919     1.1678    22.6881     0.0428      0.102      8.957     12.992        725 1.2367e-01   999.6895 0.0000e+00
      9.182    10.9711     0.0546      0.494  81.343154    113.756      6.493   324.7654     1.1334    22.7602     0.0538      0.115      9.006     13.062        726 1.2370e-01   999.6977 0.0000e+00
      9.237    10.9752     0.0663      0.599  93.227131    129.841      6.466   303.3382     1.0838    24.4762     0.0612      0.132      9.056     13.134        727 1.2367e-01   999.7028 0.0000e+00
      9.285    10.9662     0.0833      0.754  93.465026    129.818      6.432   283.3496     1.0915    24.4762     0.0612      0.150      9.102     13.201        728 1.2363e-01   999.7015 0.0000e+00
      9.324    10.9487     0.0961      0.870  92.693579    128.871      6.401   267.5631     1.0762    24.6059     0.0608      0.164      9.141     13.258        729 1.2346e-01   999.7009 0.0000e+00
      9.358    10.9303     0.1053      0.953  91.453101    127.150      6.366   254.2752     1.1029    24.4473     0.0600      0.171      9.175     13.307        730 1.2352e-01   999.7013 0.0000e+00
      9.387    10.9145     0.1145      1.036  90.610619    125.889      6.344   245.4545     2.8195    26.4228     0.0594      0.171      9.203     13.348        731 1.2366e-01   999.7028 0.0000e+00
      9.409    10.8996     0.1197      1.084  90.651523    126.305      6.322   237.4287     2.8119    26.3507     0.0596      0.163      9.227     13.382        732 1.2374e-01   999.7049 0.0000e+00
      9.429    10.8904     0.1234      1.117  90.243308    125.463      6.305   234.0216     2.8195    26.3796     0.0592      0.147      9.247     13.411        733 1.2371e-01   999.7064 0.0000e+00
      9.449    10.8851     0.1307      1.183  90.375778    125.985      6.291   228.9866     2.8043    26.3796     0.0594      0.128      9.265     13.438        734 1.2366e-01   999.7080 0.0000e+00
      9.464    10.8785     0.1408      1.275  90.456964    125.938      6.282   224.7087     3.5100    24.1157     0.0594      0.109      9.280     13.460        735 1.2385e-01   999.7090 0.0000e+00
      9.477    10.8770     0.1346      1.220  91.063462    126.854      6.270   221.1880     3.5405    24.0580     0.0598      0.092      9.294     13.480        736 1.2368e-01   999.7099 0.0000e+00
      9.493    10.8855 -9.990e-29 -9.990e-29  91.909145    128.165      6.264   217.6294     3.5176    24.1878     0.0604      0.080      9.309     13.502        737 1.2359e-01   999.7112 0.0000e+00
      9.510    10.8980 -9.990e-29 -9.990e-29  91.544102    127.508      6.260   213.6165     3.5405    24.1301     0.0601      0.071      9.324     13.523        738 1.2369e-01   999.7112 0.0000e+00
      9.520    10.9045 -9.990e-29 -9.990e-29  91.458308    127.437      6.253   210.0958     4.5629    15.1754     0.0601      0.065      9.334     13.538        739 1.2365e-01   999.7103 0.0000e+00
      9.524    10.9002 -9.990e-29 -9.990e-29  91.540433    127.510      6.252   204.6065     4.5972    15.1754     0.0601      0.058      9.340     13.547        740 1.2374e-01   999.7091 0.0000e+00
      9.528    10.8970 -9.990e-29 -9.990e-29  91.917355    127.915      6.248   195.8615     4.5705    15.1033     0.0603      0.050      9.344     13.553        741 1.2361e-01   999.7087 0.0000e+00
      9.533    10.8991 -9.990e-29 -9.990e-29  92.742558    129.258      6.247   191.0915     4.5629    15.0456     0.0609      0.043      9.349     13.559        742 1.2347e-01   999.7095 0.0000e+00
      9.539    10.9044 -9.990e-29 -9.990e-29  92.207389    128.412      6.244   188.1764     4.5476    15.0312     0.0605      0.036      9.354     13.567        743 1.2358e-01   999.7096 0.0000e+00
      9.545    10.9150 -9.990e-29 -9.990e-29  91.067788    126.804      6.245   181.3243     5.1847    11.4263     0.0598      0.030      9.360     13.575        744 1.2364e-01   999.7089 0.0000e+00
      9.550    10.9317 -9.990e-29 -9.990e-29  90.446163    125.968      6.245   177.6143     5.1961    11.4840     0.0594      0.025      9.366     13.584        745 1.2369e-01   999.7080 0.0000e+00
      9.556    10.9426 -9.990e-29 -9.990e-29  90.068817    125.343      6.245   176.8571     5.2038    11.4551     0.0591      0.021      9.371     13.591        746 1.2363e-01   999.7068 0.0000e+00
      9.559 -9.990e-29 -9.990e-29 -9.990e-29  89.397908    124.471      6.244   173.5257     5.2114    11.4840     0.0587      0.020      9.375     13.596        747 1.2353e-01   999.7048 0.0000e+00
      9.562 -9.990e-29 -9.990e-29 -9.990e-29  88.814825    123.413      6.243   170.6485     5.6959     8.7586     0.0583      0.020      9.376     13.598        748 1.2357e-01   999.7034 0.0000e+00
