Data/DataNotYetUploadedToEDI/CTD_2019/072219_fcr10.cnv
* Sea-Bird SBE19plus  Data File:
* FileName = C:\DATA\072219_fcr50_0002.hex
* Software version 2.8.0.119
* Temperature SN = 7809
* Conductivity SN = 7809
* System UpLoad Time = Jul 23 2019 10:43:42
* <ApplicationData>
* <Seaterm232>
# nquan = 18
# nvalues = 267                         
# units = specified
# name 0 = depFM: Depth [fresh water, m]
# name 1 = tv290C: Temperature [ITS-90, deg C]
# name 2 = sbeox0Mg/L: Oxygen, SBE 43 [mg/l]
# name 3 = sbeox0PS: Oxygen, SBE 43 [% saturation]
# name 4 = c0uS/cm: Conductivity [uS/cm]
# name 5 = specc: Specific Conductance [uS/cm]
# name 6 = ph: pH
# name 7 = orp: Oxidation Reduction Potential [mV]
# name 8 = flECO-AFL: Fluorescence, WET Labs ECO-AFL/FL [mg/m^3]
# name 9 = turbWETntu0: Turbidity, WET Labs ECO [NTU]
# name 10 = sal00: Salinity, Practical [PSU]
# name 11 = dz/dtM: Descent Rate [m/s]
# name 12 = prdM: Pressure, Strain Gauge [db]
# name 13 = prdE: Pressure, Strain Gauge [psi]
# name 14 = scan: Scan Count
# name 15 = par/sat/log: PAR/Logarithmic, Satlantic
# name 16 = density00: Density [density, kg/m^3]
# name 17 = flag:  0.000e+00
# span 0 =     -0.610,      2.423       
# span 1 =    22.9262,    30.5671       
# span 2 =    -0.5401,     9.0693       
# span 3 =     -6.377,    113.002       
# span 4 =   1.534131, 200.248806       
# span 5 =      0.656,    208.007       
# span 6 =      6.874,      8.368       
# span 7 =   -25.3006,   728.5130       
# span 8 =    -0.1216,    20.2797       
# span 9 =    -2.2293,    10.5322       
# span 10 =     0.0140,     0.1010      
# span 11 =     -0.006,      0.183      
# span 12 =     -0.591,      2.375      
# span 13 =     -0.857,      3.444      
# span 14 =          1,        267      
# span 15 = 2.9950e+01, 1.3050e+03      
# span 16 =   995.1897,   997.6445      
# span 17 = 0.0000e+00, 0.0000e+00      
# interval = seconds: 0.25
# start_time = Jul 22 2019 15:22:22 [Instrument's time stamp, header]
# bad_flag = -9.990e-29
*END*
[from data line 242]
      2.303    23.6526     1.5765     18.728 117.079424    120.177      7.296   238.2616    20.0546     4.4904     0.0605      0.058      2.257      3.273        243 3.4120e+01   997.4291 0.0000e+00
      2.305    23.6874     1.6578     19.685 104.644696    107.308      7.269   238.7537    20.0699     4.4183     0.0547      0.053      2.261      3.279        244 3.4450e+01   997.4339 0.0000e+00
      2.309    23.7946     1.6861     20.012  96.176240     99.051      7.243   239.1323    20.0546     4.4327     0.0510      0.045      2.265      3.284        245 3.4645e+01   997.4321 0.0000e+00
      2.312    23.8922     1.6777     19.901  89.561868     91.628      7.216   239.2459    20.0584     4.3317     0.0477      0.036      2.268      3.289        246 3.4742e+01   997.4213 0.0000e+00
      2.316    23.9424     1.6297     19.315  89.485314     91.759      7.189   239.7759    20.2530     4.1875     0.0478      0.028      2.271      3.294        247 3.4893e+01   997.3950 0.0000e+00
      2.319    23.9990     1.5558     18.419  87.297085     89.576      7.171   240.3437    20.2606     4.2020     0.0468      0.022      2.275      3.299        248 3.4917e+01   997.3703 0.0000e+00
      2.324    24.0678     1.4559     17.199  85.125036     86.252      7.150   241.4795    20.2797     4.3029     0.0454      0.018      2.280      3.306        249 3.4678e+01   997.3572 0.0000e+00
      2.331    24.0801     1.3223     15.565  88.504547     91.069      7.131   241.4795    20.2720     4.2164     0.0475      0.015      2.285      3.314        250 3.4626e+01   997.3444 0.0000e+00
      2.334    24.0353     1.1234     13.163  86.478053     87.598      7.116   241.8959    20.2225     4.1731     0.0460      0.016      2.289      3.320        251 3.4499e+01   997.3267 0.0000e+00
      2.338    24.0026     0.8792     10.268  85.329406     87.121      7.101   241.9716    20.1309     4.1875     0.0458      0.016      2.293      3.325        252 3.4286e+01   997.3234 0.0000e+00
      2.340    23.9845     0.6308      7.357  85.091461     86.804      7.085   242.2366    20.1233     4.1587     0.0456      0.016      2.295      3.329        253 3.4169e+01   997.3344 0.0000e+00
      2.344    23.9593     0.3857      4.496  85.942418     87.318      7.071   242.4259    20.1423     4.0578     0.0459      0.016      2.298      3.333        254 3.4112e+01   997.3427 0.0000e+00
      2.347    23.9369     0.1854      2.159  89.410190     91.779      7.060   242.6152    20.1233     4.1587     0.0478      0.016      2.302      3.338        255 3.4045e+01   997.3483 0.0000e+00
      2.350    23.9058 -9.990e-29 -9.990e-29  92.125270     93.428      7.051   243.1830    20.0966     4.8076     0.0486      0.015      2.305      3.343        256 3.3980e+01   997.3556 0.0000e+00
      2.354    23.8597 -9.990e-29 -9.990e-29  94.003301     96.848      7.040   243.2209    20.1156     4.5625     0.0501      0.014      2.309      3.349        257 3.3859e+01   997.3618 0.0000e+00
      2.360    23.7956 -9.990e-29 -9.990e-29 100.684562    101.658      7.031   243.5238    20.0699     4.6778     0.0522      0.013      2.316      3.358        258 3.3638e+01   997.3718 0.0000e+00
      2.369    23.6770 -9.990e-29 -9.990e-29 110.239675    114.349      7.019   243.8645    20.0699     4.5625     0.0579      0.015      2.326      3.374        259 3.2765e+01   997.3865 0.0000e+00
      2.387    23.4797 -9.990e-29 -9.990e-29 129.044303    129.831      7.005   240.3437    17.2469    10.4313     0.0649      0.021      2.341      3.396        260 3.1514e+01   997.4090 0.0000e+00
      2.406    23.2396 -9.990e-29 -9.990e-29 163.800464    170.503      6.987   239.3595    17.2584    10.5178     0.0836      0.029      2.355      3.417        261 3.1320e+01   997.4506 0.0000e+00
      2.413    23.0617 -9.990e-29 -9.990e-29 189.341132    193.628      6.965   234.0594    17.2355    10.4601     0.0943      0.035      2.364      3.430        262 3.1430e+01   997.5081 0.0000e+00
      2.415    22.9999 -9.990e-29 -9.990e-29 195.529436    204.768      6.942   216.1151    17.2737    10.5322     0.0995      0.039      2.369      3.435        263 3.0906e+01   997.5684 0.0000e+00
      2.418    22.9612 -9.990e-29 -9.990e-29 190.872555    196.585      6.921   182.8007    14.6949     7.0282     0.0957      0.039      2.371      3.439        264 3.0243e+01   997.6094 0.0000e+00
      2.420    22.9262 -9.990e-29 -9.990e-29 194.807881    204.206      6.905   159.6699    14.6720     7.2013     0.0992      0.037      2.373      3.441        265 2.9950e+01   997.6257 0.0000e+00
      2.421 -9.990e-29 -9.990e-29 -9.990e-29 200.248806    208.007      6.890   149.8649    14.7140     7.1292     0.1010      0.031      2.374      3.443        266 3.0212e+01   997.6369 0.0000e+00
      2.423 -9.990e-29 -9.990e-29 -9.990e-29 198.109012    207.268      6.874   139.9842    14.7140     7.1292     0.1006      0.023      2.375      3.444        267 3.0514e+01   997.6445 0.0000e+00
