Data/DataNotYetUploadedToEDI/CTD_2019/072219_fcr50.cnv
* Sea-Bird SBE19plus  Data File:
* FileName = C:\DATA\072219_fcr50_0001.hex
* Software version 2.8.0.119
* Temperature SN = 7809
* Conductivity SN = 7809
* System UpLoad Time = Jul 23 2019 10:43:31
* <ApplicationData>
* <Seaterm232>
# nquan = 18
# nvalues = 748                         
# units = specified
# name 0 = depFM: Depth [fresh water, m]
# name 1 = tv290C: Temperature [ITS-90, deg C]
# name 2 = sbeox0Mg/L: Oxygen, SBE 43 [mg/l]
# name 3 = sbeox0PS: Oxygen, SBE 43 [% saturation]
# name 4 = c0uS/cm: Conductivity [uS/cm]
# name 5 = specc: Specific Conductance [uS/cm]
# name 6 = ph: pH
# name 7 = orp: Oxidation Reduction Potential [mV]
# name 8 = flECO-AFL: Fluorescence, WET Labs ECO-AFL/FL [mg/m^3]
# name 9 = turbWETntu0: Turbidity, WET Labs ECO [NTU]
# name 10 = sal00: Salinity, Practical [PSU]
# name 11 = dz/dtM: Descent Rate [m/s]
# name 12 = prdM: Pressure, Strain Gauge [db]
# name 13 = prdE: Pressure, Strain Gauge [psi]
# name 14 = scan: Scan Count
# name 15 = par/sat/log: PAR/Logarithmic, Satlantic
# name 16 = density00: Density [density, kg/m^3]
# name 17 = flag:  0.000e+00
# span 0 =     -0.609,      9.562       
# span 1 =    10.8770,    27.4280       
# span 2 =    -0.1946,    12.5806       
# span 3 =     -1.765,    142.619       
# span 4 =   0.267951,  93.465026       
# span 5 =      0.435,    129.841       
# span 6 =      6.243,      8.176       
# span 7 = -1240.7455,  1240.2295       
# span 8 =    -0.1560,    14.8818       
# span 9 =    -0.6142,   127.8371       
# span 10 =     0.0118,     0.0612      
# span 11 =     -0.112,      0.217      
# span 12 =     -0.597,      9.376      
# span 13 =     -0.866,     13.598      
# span 14 =          1,        748      
# span 15 = 1.2209e-01, 3.8979e+02      
# span 16 =   996.4158,   999.7112      
# span 17 = 0.0000e+00, 0.0000e+00      
# interval = seconds: 0.25
# start_time = Jul 22 2019 10:09:47 [Instrument's time stamp, header]
# bad_flag = -9.990e-29
*END*
[from data line 161]
      0.234    27.2974     7.0702     89.197  36.891482     35.251      7.781   268.2445    12.6769     1.9381     0.0243      0.002      0.229      0.331        162 1.7041e+02   996.4521 0.0000e+00
      0.234    27.2992     7.0591     89.055  36.887501     35.278      7.771   267.9795    12.6959     1.8371     0.0244      0.002      0.230      0.333        163 1.7015e+02   996.4518 0.0000e+00
      0.236    27.2999     7.0343     88.741  36.923456     35.278      7.760   268.4338    12.6731     1.7650     0.0244      0.002      0.232      0.337        164 1.6909e+02   996.4521 0.0000e+00
      0.240    27.2940     6.9971     88.269  36.965277     35.357      7.756   268.0931    12.7722     1.6064     0.0244      0.003      0.236      0.342        165 1.6775e+02   996.4516 0.0000e+00
      0.246    27.2843     6.9470     87.633  36.924360     35.276      7.754   267.9417    12.7608     1.5776     0.0244      0.005      0.241      0.350        166 1.6711e+02   996.4514 0.0000e+00
      0.252    27.2797     6.9008     87.042  36.974375     35.361      7.750   266.4652    12.7722     1.5487     0.0244      0.007      0.246      0.357        167 1.6738e+02   996.4531 0.0000e+00
      0.256    27.2788     6.8593     86.511  36.991940     35.367      7.747   266.0488    12.7951     1.5920     0.0244      0.012      0.250      0.363        168 1.6490e+02   996.4558 0.0000e+00
      0.259    27.2798     6.8208     86.019  36.902504     35.290      7.740   265.8974    12.9096     1.8948     0.0244      0.015      0.254      0.368        169 1.6402e+02   996.4571 0.0000e+00
      0.262    27.2823     6.7922     85.651  36.907870     35.291      7.732   265.9352    12.8943     1.7362     0.0244      0.016      0.256      0.371        170 1.6440e+02   996.4574 0.0000e+00
      0.261    27.2859     6.7944     85.667  36.985263     35.370      7.714   266.2381    12.9363     1.8515     0.0244      0.015      0.256      0.371        171 1.6391e+02   996.4571 0.0000e+00
      0.262    27.2865     6.9524     87.704  37.043271     35.422      7.702   266.2381    12.9286     1.8804     0.0244      0.014      0.257      0.372        172 1.6370e+02   996.4564 0.0000e+00
      0.262    27.2856     7.3068     92.223  37.043125     35.420      7.687   265.5188    13.0126     1.8227     0.0244      0.011      0.257      0.372        173 1.6475e+02   996.4554 0.0000e+00
      0.261    27.2845     7.7487     97.835  36.985442     35.366      7.682   265.1024    13.0126     1.7362     0.0244      0.007      0.257      0.373        174 1.6486e+02   996.4553 0.0000e+00
      0.265    27.2828     8.1590    103.041  36.996516     35.367      7.678   265.2160    13.0507     1.8371     0.0244      0.005      0.259      0.376        175 1.6363e+02   996.4556 0.0000e+00
      0.266    27.2800     8.5251    107.684  37.029345     35.420      7.676   265.0267    13.0431     1.8948     0.0244      0.004      0.261      0.379        176 1.6392e+02   996.4559 0.0000e+00
      0.269    27.2756     8.8241    111.479  37.063128     35.422      7.671   264.8374    12.7226     1.7650     0.0244      0.004      0.263      0.382        177 1.6327e+02   996.4563 0.0000e+00
      0.270    27.2697     9.0231    114.007  37.073014     35.477      7.667   265.4052    12.7226     1.7939     0.0244      0.004      0.265      0.384        178 1.6240e+02   996.4571 0.0000e+00
      0.270    27.2671     9.1133    115.156  37.076312     35.427      7.659   264.9510    12.7226     1.7650     0.0244      0.005      0.265      0.384        179 1.6256e+02   996.4583 0.0000e+00
      0.271    27.2600     9.1062    115.074  36.999756     35.430      7.651   264.5724    12.7074     1.8371     0.0244      0.005      0.266      0.385        180 1.6238e+02   996.4599 0.0000e+00
      0.272    27.2556     9.0309    114.125  37.109020     35.433      7.647   264.1181    12.3869     1.7939     0.0244      0.005      0.266      0.386        181 1.6138e+02   996.4608 0.0000e+00
      0.272    27.2810     8.9348    112.908  37.888682     36.291      7.642   264.0424    12.3717     1.8660     0.0248      0.005      0.266      0.386        182 1.6125e+02   996.4630 0.0000e+00
      0.272    27.3120     8.8520    111.857  38.370723     36.697      7.635   263.7774    12.3831     1.8371     0.0249      0.004      0.267      0.387        183 1.6182e+02   996.4642 0.0000e+00
      0.273    27.3310     8.7773    110.908  38.435484     36.758      7.628   264.1181    12.4022     1.7362     0.0250      0.003      0.268      0.389        184 1.6171e+02   996.4573 0.0000e+00
      0.273    27.3453     8.7177    110.153  38.578636     36.870      7.624   264.1938    12.3717     1.7650     0.0250      0.002      0.268      0.389        185 1.6157e+02   996.4487 0.0000e+00
      0.274    27.3552     8.6767    109.636  38.637117     36.910      7.620   263.9667    12.3450     1.8227     0.0250      0.002      0.269      0.390        186 1.6197e+02   996.4434 0.0000e+00
      0.274    27.3645     8.6580    109.402  38.629432     36.900      7.614   263.4367    12.3374     1.8515     0.0250      0.002      0.269      0.390        187 1.6256e+02   996.4395 0.0000e+00
      0.274    27.3713     8.6570    109.394  38.647467     36.893      7.610   263.5881    12.2992     1.8371     0.0250      0.002      0.269      0.390        188 1.6238e+02   996.4367 0.0000e+00
      0.275    27.3759     8.6394    109.176  38.762855     37.020      7.607   263.6260    12.3068     1.8515     0.0251      0.002      0.270      0.391        189 1.6183e+02   996.4341 0.0000e+00
      0.275    27.3797     8.6248    108.994  38.693293     36.935      7.605   263.4745    12.4861     1.7362     0.0250      0.002      0.270      0.392        190 1.6133e+02   996.4322 0.0000e+00
      0.276    27.3811     8.6413    109.204  38.585844     36.825      7.605   262.9824    12.4976     1.7939     0.0250      0.002      0.271      0.393        191 1.6060e+02   996.4308 0.0000e+00
      0.277    27.3795     8.6423    109.223  38.570556     36.822      7.599   262.6417    12.4899     1.8371     0.0250      0.002      0.271      0.394        192 1.6074e+02   996.4298 0.0000e+00
      0.277    27.3771     8.6304    109.090  38.534491     36.768      7.593   262.1495    12.4861     1.8515     0.0250      0.002      0.271      0.394        193 1.5946e+02   996.4295 0.0000e+00
      0.278    27.3747     8.6241    109.018  38.452905     36.716      7.589   262.1117    12.5929     1.7939     0.0250      0.002      0.272      0.395        194 1.5772e+02   996.4299 0.0000e+00
      0.279    27.3737     8.6327    109.136  38.346082     36.584      7.585   262.1117    12.6158     1.7073     0.0249      0.002      0.274      0.397        195 1.5744e+02   996.4305 0.0000e+00
      0.280    27.3745     8.6426    109.261  38.341421     36.612      7.580   261.5438    12.5929     1.7794     0.0249      0.003      0.274      0.397        196 1.5640e+02   996.4312 0.0000e+00
      0.279    27.3756     8.6345    109.143  38.280882     36.533      7.578   261.5438    12.6273     1.8371     0.0249      0.002      0.274      0.398        197 1.5561e+02   996.4315 0.0000e+00
      0.280    27.3778     8.6495    109.308  38.273238     36.533      7.572   261.8088    12.6464     1.7218     0.0249      0.002      0.275      0.399        198 1.5537e+02   996.4313 0.0000e+00
      0.281    27.3803     8.6224    108.964  38.350935     36.612      7.568   261.7709    12.6502     1.8515     0.0249      0.002      0.275      0.399        199 1.5577e+02   996.4309 0.0000e+00
      0.280    27.3817     8.6289    109.050  38.332373     36.584      7.568   261.7709    12.6769     1.7650     0.0249      0.002      0.276      0.400        200 1.5523e+02   996.4303 0.0000e+00
      0.282    27.3819     8.6289    109.059  38.266699     36.529      7.564   261.6195    12.6578     1.9525     0.0249      0.002      0.278      0.403        201 1.5385e+02   996.4296 0.0000e+00
      0.287    27.3859     8.6348    109.141  38.284479     36.528      7.565   261.6574    12.5243     1.7218     0.0249      0.003      0.283      0.410        202 1.5197e+02   996.4293 0.0000e+00
      0.297    27.3937     8.6334    109.125  38.339883     36.607      7.561   261.4681    12.4785     1.8227     0.0249      0.006      0.290      0.420        203 1.5193e+02   996.4292 0.0000e+00
      0.302    27.3988     8.6277    109.044  38.434846     36.658      7.549   260.8624    12.4556     1.7794     0.0249      0.010      0.296      0.428        204 1.5225e+02   996.4282 0.0000e+00
      0.305    27.4025     8.6248    108.992  38.403393     36.679      7.536   261.5817    12.4785     1.7362     0.0249      0.014      0.300      0.434        205 1.5155e+02   996.4260 0.0000e+00
      0.309    27.4032     8.6335    109.092  38.141927     36.356      7.509   261.3545    12.3946     1.8371     0.0248      0.016      0.300      0.435        206 1.5152e+02   996.4245 0.0000e+00
      0.305    27.3942     8.6338    109.091  38.137859     36.406      7.475   261.6574    12.3641     1.7794     0.0248      0.016      0.292      0.423        207 1.5354e+02   996.4235 0.0000e+00
      0.281    27.3828     8.6289    109.024  38.112086     36.353      7.477   259.0452    12.3641     1.7939     0.0248      0.008      0.267      0.388        208 1.6045e+02   996.4232 0.0000e+00
      0.230    27.3808     8.6174    108.874  37.788727     36.066      7.495   258.0231    12.3717     1.8227     0.0247     -0.013      0.231      0.334        209 1.6739e+02   996.4254 0.0000e+00
      0.195    27.3839     8.6394    109.147  37.651185     35.914      7.507   257.7581    12.3755     1.7362     0.0246     -0.040      0.202      0.292        210 1.6914e+02   996.4284 0.0000e+00
      0.193    27.3881     8.6349    109.096  37.720168     36.022      7.511   257.7959    12.3259     1.5199     0.0247     -0.060      0.193      0.279        211 1.6835e+02   996.4290 0.0000e+00
      0.201    27.3920     8.6337    109.090  37.702878     35.966      7.485   257.9474    12.3107     1.5776     0.0247     -0.068      0.195      0.282        212 1.6898e+02   996.4281 0.0000e+00
      0.200    27.3924     8.6366    109.135  37.672702     35.963      7.440   257.6066    12.3145     1.5199     0.0247     -0.069      0.193      0.280        213 1.7200e+02   996.4269 0.0000e+00
      0.191    27.3883     8.6408    109.193  37.757722     36.014      7.406   258.0231    12.3068     1.5487     0.0247     -0.064      0.182      0.264        214 1.7226e+02   996.4258 0.0000e+00
      0.168    27.3803     8.6442    109.240  37.863796     36.147      7.396   257.6445    12.7494     1.8948     0.0247     -0.057      0.158      0.229        215 1.8627e+02   996.4256 0.0000e+00
      0.123    27.3751     8.6604    109.447  37.807418     36.070      7.420   254.9566    12.7150     1.8948     0.0247     -0.054      0.123      0.179        216 1.9068e+02   996.4265 0.0000e+00
      0.087    27.3726     8.6703    109.571  37.738976     36.022      7.437   255.7516    12.7532     1.7794     0.0247     -0.056      0.090      0.131        217 2.0410e+02   996.4286 0.0000e+00
      0.067    27.3704     8.6655    109.509  37.800793     36.079      7.446   255.4109    12.7188     1.8660     0.0247     -0.067      0.068      0.099        218 1.9442e+02   996.4300 0.0000e+00
      0.054    27.3680     8.6676    109.537  37.878672     36.161      7.441   255.4488    13.0774     1.7506     0.0247     -0.082      0.050      0.072        219 2.1884e+02   996.4307 0.0000e+00
      0.031    27.3657     8.6692    109.559  37.879148     36.162      7.412   255.8274    13.0850     1.8227     0.0247     -0.095      0.025      0.037        220 2.7970e+02   996.4312 0.0000e+00
     -0.007    27.3679     8.6670    109.533  37.800203     36.084      7.411   255.1459    13.0736     1.8371     0.0247     -0.104     -0.007     -0.010        221 2.5075e+02   996.4317 0.0000e+00
     -0.046    27.3730     8.6595    109.442  37.739830     36.032      7.419   253.4045    13.0774     1.7362     0.0247     -0.110     -0.041     -0.059        222 2.5809e+02   996.4321 0.0000e+00
     -0.072    27.3770     8.6570    109.419  37.687555     35.977      7.419   253.5181    13.3635     1.7794     0.0247     -0.111     -0.068     -0.098        223 2.6462e+02   996.4313 0.0000e+00
     -0.089    27.3798     8.6565    109.420  37.687439     35.974      7.421   253.4802    13.3826     1.8948     0.0247     -0.105     -0.089     -0.128        224 2.5619e+02   996.4298 0.0000e+00
     -0.111    27.3819     8.6602    109.469  37.680700     35.971      7.421   254.2752    13.3864     1.8515     0.0247     -0.104     -0.113     -0.163        225 2.6204e+02   996.4286 0.0000e+00
     -0.147    27.3829     8.6712    109.605  37.636668     35.916      7.421   253.3666    13.3864     1.8083     0.0246     -0.108     -0.143     -0.207        226 2.4861e+02   996.4277 0.0000e+00
     -0.178    27.3825     8.6792    109.704  37.623690     35.914      7.420   252.3066    13.3635     1.8371     0.0246     -0.112     -0.172     -0.250        227 2.5395e+02   996.4269 0.0000e+00
     -0.203    27.3820     8.6760    109.663  37.637577     35.914      7.410   251.5495    13.3063     1.7362     0.0246     -0.110     -0.194     -0.281        228 2.5467e+02   996.4266 0.0000e+00
     -0.212    27.3825     8.6549    109.393  37.619384     35.914      7.403   251.5495    13.3025     1.7218     0.0246     -0.102     -0.204     -0.295        229 2.5353e+02   996.4266 0.0000e+00
     -0.206    27.3836     8.6325    109.110  37.646331     35.914      7.374   252.3445    13.3178     1.7650     0.0246     -0.089     -0.208     -0.301        230 2.5059e+02   996.4268 0.0000e+00
     -0.220    27.3844     8.5551    108.135  37.663315     35.967      7.316   251.8523    13.3216     1.7939     0.0247     -0.079     -0.218     -0.315        231 2.4542e+02   996.4266 0.0000e+00
     -0.239    27.3861     8.4841    107.247  37.598248     35.860      7.301   251.4738    13.4322     1.7794     0.0246     -0.071     -0.229     -0.332        232 2.4550e+02   996.4262 0.0000e+00
     -0.239    27.3904     8.4315    106.590  37.608761     35.913      7.305   251.8145    13.4436     1.8515     0.0246     -0.057     -0.234     -0.339        233 2.4452e+02   996.4260 0.0000e+00
     -0.238    27.3948     8.3885    106.049  37.590959     35.858      7.309   251.1331    13.4169     1.7939     0.0246     -0.041     -0.234     -0.340        234 2.4300e+02   996.4255 0.0000e+00
     -0.239    27.3955     8.3557    105.640  37.620401     35.909      7.316   251.3223    13.4360     1.8371     0.0246     -0.029     -0.238     -0.346        235 2.4233e+02   996.4243 0.0000e+00
     -0.250    27.3939     8.3575    105.671  37.631390     35.906      7.290   251.0952    13.3788     1.7650     0.0246     -0.023     -0.252     -0.367        236 2.3702e+02   996.4231 0.0000e+00
     -0.285    27.3931     8.3835    106.008  37.577280     35.852      7.284   250.3381    13.3635     1.7073     0.0246     -0.030     -0.279     -0.405        237 2.3368e+02   996.4227 0.0000e+00
     -0.320    27.3924     8.4074    106.312  37.628468     35.906      7.302   252.0038    13.3864     1.8371     0.0246     -0.044     -0.307     -0.445        238 2.2963e+02   996.4230 0.0000e+00
     -0.332    27.3912     8.4294    106.594  37.626961     35.907      7.310   251.2088    13.3788     1.8515     0.0246     -0.052     -0.324     -0.470        239 2.2937e+02   996.4232 0.0000e+00
     -0.342    27.3907     8.4256    106.549  37.579155     35.854      7.309   251.0573    11.8605     8.5856     0.0246     -0.059     -0.331     -0.480        240 2.3001e+02   996.4233 0.0000e+00
     -0.339    27.3927     8.4230    106.518  37.569417     35.855      7.304   250.9816    11.8605     8.5423     0.0246     -0.063     -0.327     -0.475        241 2.3130e+02   996.4237 0.0000e+00
