Data/DataNotYetUploadedToEDI/CTD_2019/072219_fcr30.cnv
* Sea-Bird SBE19plus  Data File:
* FileName = C:\DATA\072219_fcr50_0004.hex
* Software version 2.8.0.119
* Temperature SN = 7809
* Conductivity SN = 7809
* System UpLoad Time = Jul 23 2019 10:44:06
* <ApplicationData>
* <Seaterm232>
# nquan = 18
# nvalues = 345                         
# units = specified
# name 0 = depFM: Depth [fresh water, m]
# name 1 = tv290C: Temperature [ITS-90, deg C]
# name 2 = sbeox0Mg/L: Oxygen, SBE 43 [mg/l]
# name 3 = sbeox0PS: Oxygen, SBE 43 [% saturation]
# name 4 = c0uS/cm: Conductivity [uS/cm]
# name 5 = specc: Specific Conductance [uS/cm]
# name 6 = ph: pH
# name 7 = orp: Oxidation Reduction Potential [mV]
# name 8 = flECO-AFL: Fluorescence, WET Labs ECO-AFL/FL [mg/m^3]
# name 9 = turbWETntu0: Turbidity, WET Labs ECO [NTU]
# name 10 = sal00: Salinity, Practical [PSU]
# name 11 = dz/dtM: Descent Rate [m/s]
# name 12 = prdM: Pressure, Strain Gauge [db]
# name 13 = prdE: Pressure, Strain Gauge [psi]
# name 14 = scan: Scan Count
# name 15 = par/sat/log: PAR/Logarithmic, Satlantic
# name 16 = density00: Density [density, kg/m^3]
# name 17 = flag:  0.000e+00
# span 0 =     -0.327,      5.293       
# span 1 =    11.2311,    28.2346       
# span 2 =    -0.3101,    13.3449       
# span 3 =     -3.018,    155.048       
# span 4 =  30.256466,  61.630388       
# span 5 =     34.294,     78.459       
# span 6 =      7.689,      8.797       
# span 7 =   165.9921,   263.5881       
# span 8 =     0.5574,    24.0982       
# span 9 =     1.0296,    14.8870       
# span 10 =     0.0218,     0.0393      
# span 11 =     -0.084,      0.162      
# span 12 =     -0.307,      5.190      
# span 13 =     -0.446,      7.527      
# span 14 =          1,        345      
# span 15 = 3.1904e-01, 7.1640e+02      
# span 16 =   996.1871,   999.6250      
# span 17 = 0.0000e+00, 0.0000e+00      
# interval = seconds: 0.25
# start_time = Jul 22 2019 15:47:48 [Instrument's time stamp, header]
# bad_flag = -9.990e-29
*END*
[from data line 322]
      5.154    12.1502     4.3815     40.098  33.180967     44.525      7.736   213.3137     1.0190     9.5661     0.0234     -0.055      5.054      7.330        323 5.1787e-01   999.5102 0.0000e+00
      5.166    12.0854     4.5385     41.512  32.954603     44.257      7.734   213.1622     1.0381     9.6526     0.0233     -0.025      5.065      7.346        324 4.7964e-01   999.5171 0.0000e+00
      5.175    11.9572     4.6771     42.770  32.696517     44.031      7.731   212.7458     1.0266     9.5950     0.0232      0.003      5.075      7.361        325 4.9601e-01   999.5242 0.0000e+00
      5.186    11.7973     4.7984     43.859  32.050302     43.201      7.726   212.5187     1.0228     9.5661     0.0228      0.021      5.084      7.375        326 4.7655e-01   999.5315 0.0000e+00
      5.194    11.6985     4.8999     44.801  31.595882     42.709      7.726   212.9351     0.7825     9.4508     0.0225      0.029      5.092      7.385        327 4.7305e-01   999.5460 0.0000e+00
      5.196    11.6498     4.9885     45.619  31.573223     42.938      7.719   213.0487     0.7863     9.4652     0.0226      0.033      5.097      7.392        328 4.4040e-01   999.5640 0.0000e+00
      5.203    11.6229     5.0652     46.309  31.485985     42.859      7.722   212.6322     0.7977     9.4508     0.0225      0.035      5.102      7.400        329 4.2243e-01   999.5750 0.0000e+00
      5.208    11.5974     5.1285     46.877  31.378579     42.843      7.721   212.8215     0.7786     9.5373     0.0225      0.032      5.105      7.405        330 4.5994e-01   999.5803 0.0000e+00
      5.207    11.5599     5.1590     47.170  31.232859     42.604      7.719   214.0708     0.7825     9.1912     0.0223      0.026      5.110      7.411        331 4.2858e-01   999.5832 0.0000e+00
      5.217    11.4826     5.1737     47.336  31.134038     42.559      7.717   213.9194     0.7863     9.2056     0.0223      0.023      5.120      7.426        332 3.8412e-01   999.5861 0.0000e+00
      5.241    11.3929     5.1676     47.298  30.820132     42.143      7.716   214.1844     0.7710     9.1768     0.0221      0.026      5.138      7.452        333 3.8743e-01   999.5901 0.0000e+00
      5.260    11.3660 -9.990e-29 -9.990e-29  30.527309     41.811      7.715   214.7901     0.7519     9.2200     0.0219      0.032      5.155      7.477        334 3.6335e-01   999.5985 0.0000e+00
      5.269    11.3564 -9.990e-29 -9.990e-29  30.668912     42.149      7.713   215.1308     0.7748     9.1335     0.0220      0.038      5.165      7.492        335 3.5113e-01   999.6081 0.0000e+00
      5.273    11.3390 -9.990e-29 -9.990e-29  30.821701     42.369      7.710   215.1308     0.7939     9.2345     0.0221      0.042      5.170      7.499        336 3.6192e-01   999.6110 0.0000e+00
      5.275    11.3495 -9.990e-29 -9.990e-29  30.929727     42.533      7.706   215.2444     0.7748     9.2345     0.0222      0.043      5.173      7.503        337 3.4702e-01   999.6122 0.0000e+00
      5.278    11.3581 -9.990e-29 -9.990e-29  31.038151     42.710      7.708   215.6987     0.7825     9.1047     0.0223      0.041      5.176      7.507        338 3.5442e-01   999.6141 0.0000e+00
      5.282    11.3470 -9.990e-29 -9.990e-29  31.101561     42.771      7.703   216.0394     0.7825     9.1047     0.0223      0.037      5.179      7.512        339 3.5016e-01   999.6130 0.0000e+00
      5.284    11.3385 -9.990e-29 -9.990e-29  31.087836     42.762      7.701   216.4937     0.9389     9.6671     0.0223      0.028      5.182      7.516        340 3.3059e-01   999.6120 0.0000e+00
      5.286    11.3509 -9.990e-29 -9.990e-29  31.055231     42.698      7.698   216.9101     0.9465     9.6671     0.0223      0.018      5.184      7.519        341 3.4337e-01   999.6132 0.0000e+00
      5.288    11.3794 -9.990e-29 -9.990e-29  31.082883     42.786      7.697   217.2887     0.9694     9.5661     0.0223      0.013      5.186      7.522        342 3.4838e-01   999.6142 0.0000e+00
      5.290    11.3948 -9.990e-29 -9.990e-29  31.171937     42.847      7.695   217.7051     0.9389     9.5373     0.0223      0.010      5.188      7.525        343 3.2575e-01   999.6129 0.0000e+00
      5.292 -9.990e-29 -9.990e-29 -9.990e-29  31.388821     43.159      7.690   217.4780     1.0037     9.9410     0.0225      0.010      5.190      7.527        344 3.1904e-01   999.6100 0.0000e+00
      5.293 -9.990e-29 -9.990e-29 -9.990e-29  31.524040     43.293      7.689   217.9322     1.0266     9.9122     0.0225      0.009      5.190      7.527        345 3.2681e-01   999.6084 0.0000e+00
