Data/DataNotYetUploadedToEDI/CTD_2019/072219_fcr30.cnv
* Sea-Bird SBE19plus  Data File:
* FileName = C:\DATA\072219_fcr50_0004.hex
* Software version 2.8.0.119
* Temperature SN = 7809
* Conductivity SN = 7809
* System UpLoad Time = Jul 23 2019 10:44:06
* <ApplicationData>
* <Seaterm232>
# nquan = 18
# nvalues = 345                         
# units = specified
# name 0 = depFM: Depth [fresh water, m]
# name 1 = tv290C: Temperature [ITS-90, deg C]
# name 2 = sbeox0Mg/L: Oxygen, SBE 43 [mg/l]
# name 3 = sbeox0PS: Oxygen, SBE 43 [% saturation]
# name 4 = c0uS/cm: Conductivity [uS/cm]
# name 5 = specc: Specific Conductance [uS/cm]
# name 6 = ph: pH
# name 7 = orp: Oxidation Reduction Potential [mV]
# name 8 = flECO-AFL: Fluorescence, WET Labs ECO-AFL/FL [mg/m^3]
# name 9 = turbWETntu0: Turbidity, WET Labs ECO [NTU]
# name 10 = sal00: Salinity, Practical [PSU]
# name 11 = dz/dtM: Descent Rate [m/s]
# name 12 = prdM: Pressure, Strain Gauge [db]
# name 13 = prdE: Pressure, Strain Gauge [psi]
# name 14 = scan: Scan Count
# name 15 = par/sat/log: PAR/Logarithmic, Satlantic
# name 16 = density00: Density [density, kg/m^3]
# name 17 = flag:  0.000e+00
# span 0 =     -0.327,      5.293       
# span 1 =    11.2311,    28.2346       
# span 2 =    -0.3101,    13.3449       
# span 3 =     -3.018,    155.048       
# span 4 =  30.256466,  61.630388       
# span 5 =     34.294,     78.459       
# span 6 =      7.689,      8.797       
# span 7 =   165.9921,   263.5881       
# span 8 =     0.5574,    24.0982       
# span 9 =     1.0296,    14.8870       
# span 10 =     0.0218,     0.0393      
# span 11 =     -0.084,      0.162      
# span 12 =     -0.307,      5.190      
# span 13 =     -0.446,      7.527      
# span 14 =          1,        345      
# span 15 = 3.1904e-01, 7.1640e+02      
# span 16 =   996.1871,   999.6250      
# span 17 = 0.0000e+00, 0.0000e+00      
# interval = seconds: 0.25
# start_time = Jul 22 2019 15:47:48 [Instrument's time stamp, header]
# bad_flag = -9.990e-29
*END*
     -0.327    28.0118     6.5760     84.257  38.792449     36.873      8.418   232.3180     0.5574     1.0296     0.0251 1.0527e-16     -0.307     -0.446          1 7.1640e+02   996.3694 0.0000e+00
     -0.279    28.1122     6.6986     85.810  38.983898     36.919      8.567   236.0280     0.5841     1.0873     0.0251      0.012     -0.280     -0.406          2 6.9620e+02   996.3092 0.0000e+00
     -0.257    28.1776     6.9499     89.032  39.089261     36.859      8.671   240.8359     0.5803     1.0585     0.0252      0.028     -0.255     -0.369          3 6.6685e+02   996.2498 0.0000e+00
     -0.243    28.2129     7.2684     93.130  39.046520     36.759      8.731   243.9023     9.8349     1.7362     0.0252      0.042     -0.236     -0.343          4 6.9319e+02   996.2211 0.0000e+00
     -0.226    28.2266     7.5985     97.382  39.007387     36.664      8.758   239.0945     9.8501     1.7073     0.0251      0.055     -0.207     -0.301          5 6.4650e+02   996.2025 0.0000e+00
     -0.163    28.2321     7.9074    101.369  38.989735     36.638      8.775   237.4287     9.8196     1.8515     0.0251      0.078     -0.152     -0.221          6 4.5824e+02   996.1927 0.0000e+00
     -0.075    28.2346     8.2472    105.754  38.890640     36.525      8.793   237.3530     9.8692     1.8515     0.0251      0.114     -0.085     -0.124          7 3.2017e+02   996.1892 0.0000e+00
     -0.026    28.2141     8.5010    109.025  38.775048     36.416      8.797   241.2902    13.4436     1.7939     0.0250      0.145     -0.036     -0.052          8 2.5323e+02   996.1878 0.0000e+00
     -0.009    28.1907     8.6243    110.608  38.689021     36.335      8.796   243.1073    13.4398     1.7650     0.0250      0.162     -0.012     -0.017          9 2.3194e+02   996.1871 0.0000e+00
      0.003    28.1742     8.6162    110.504  38.582776     36.245      8.784   243.6373    13.4398     1.7650     0.0250      0.161      0.002      0.003         10 2.2380e+02   996.1929 0.0000e+00
      0.014    28.1583     8.5102    109.150  38.640540     36.313      8.767   243.1452    13.4513     1.7939     0.0250      0.156      0.012      0.017         11 2.1583e+02   996.1997 0.0000e+00
      0.020    28.1475     8.3527    107.136  38.735696     36.430      8.754   244.2052    13.4589     1.8948     0.0250      0.142      0.016      0.024         12 2.2169e+02   996.2045 0.0000e+00
      0.015    28.1491     8.1794    104.913  38.760740     36.440      8.744   245.7195    16.1750     1.7650     0.0250      0.112      0.015      0.021         13 2.3132e+02   996.2091 0.0000e+00
      0.010    28.1594     8.0116    102.758  38.816843     36.527      8.728   246.2873    16.1292     1.8371     0.0251      0.070      0.011      0.016         14 2.4271e+02   996.2122 0.0000e+00
      0.010    28.1728     7.8394    100.538  38.843706     36.525      8.723   245.9088    16.1445     1.7362     0.0251      0.034      0.011      0.015         15 2.3432e+02   996.2117 0.0000e+00
      0.012    28.1884     7.6917     98.617  38.875497     36.571      8.713   246.2873    16.1521     1.7650     0.0251      0.015      0.012      0.017         16 2.3211e+02   996.2088 0.0000e+00
      0.014    28.2037     7.5771     97.118  38.836550     36.509      8.704   246.1738    15.3472     1.7650     0.0251      0.007      0.014      0.019         17 2.3676e+02   996.2049 0.0000e+00
      0.015    28.2120     7.4492     95.448  38.832892     36.499      8.700   246.7795    15.3358     1.8227     0.0251      0.002      0.015      0.021         18 2.2820e+02   996.2005 0.0000e+00
      0.016    28.2130     7.3615     94.291  38.820766     36.488      8.694   247.1580    15.3358     1.5776     0.0251     -0.001      0.015      0.022         19 2.2128e+02   996.1961 0.0000e+00
      0.017    28.2134     7.3211     93.745  38.762721     36.404      8.686   247.5366    15.3510     1.7650     0.0250      0.000      0.016      0.023         20 2.2188e+02   996.1937 0.0000e+00
      0.016    28.2162     7.3580     94.191  38.727299     36.403      8.682   247.8773    15.2862     1.7218     0.0250      0.003      0.016      0.024         21 2.1993e+02   996.1935 0.0000e+00
      0.017    28.2190     7.4680     95.572  38.657384     36.298      8.674   248.1423    15.2862     1.8371     0.0250      0.004      0.017      0.024         22 2.1902e+02   996.1933 0.0000e+00
      0.017    28.2193     7.6476     97.851  38.731177     36.401      8.670   248.0666    15.2862     1.6929     0.0250      0.003      0.017      0.024         23 2.2430e+02   996.1925 0.0000e+00
      0.017    28.2177     7.8378    100.281  38.754013     36.399      8.666   248.4073    15.2595     1.8371     0.0250      0.002      0.017      0.024         24 2.3019e+02   996.1917 0.0000e+00
      0.017    28.2112     8.0151    102.554  38.777152     36.425      8.662   248.4831    14.7368     1.6785     0.0250      0.001      0.016      0.024         25 2.2768e+02   996.1916 0.0000e+00
      0.016    28.1963     8.1632    104.455  38.820931     36.478      8.661   248.8995    14.7407     1.7073     0.0251      0.001      0.016      0.023         26 2.3051e+02   996.1921 0.0000e+00
      0.016    28.1785     8.2480    105.541  38.758808     36.404      8.654   248.8616    14.7445     1.8804     0.0250     -0.000      0.015      0.022         27 2.3410e+02   996.1940 0.0000e+00
      0.014    28.1601     8.2677    105.753  38.735918     36.414      8.652   249.2781    14.7216     1.7073     0.0250     -0.001      0.014      0.020         28 2.3007e+02   996.1982 0.0000e+00
      0.014    28.1407     8.2074    104.929  38.701236     36.374      8.649   249.5052    14.7445     1.7362     0.0250     -0.001      0.014      0.020         29 2.2886e+02   996.2033 0.0000e+00
      0.015    28.1233     8.0976    103.477  38.653789     36.360      8.645   249.5052    13.6687     1.7794     0.0250     -0.002      0.014      0.021         30 2.2786e+02   996.2086 0.0000e+00
      0.016    28.1073     7.9720    101.835  38.587513     36.295      8.641   250.0731    13.6649     1.7506     0.0250     -0.001      0.016      0.023         31 2.2528e+02   996.2140 0.0000e+00
      0.019    28.0916     7.8710    100.520  38.576265     36.307      8.636   248.7859    13.6458     1.7650     0.0250     -0.000      0.022      0.032         32 2.3318e+02   996.2191 0.0000e+00
      0.033    28.0798     7.8065     99.684  38.578884     36.318      8.634   247.9909    13.6649     1.7506     0.0250      0.005      0.033      0.047         33 2.2596e+02   996.2237 0.0000e+00
      0.047    28.0777     7.7840     99.386  38.524988     36.276      8.630   248.9752    13.8938     1.7939     0.0250      0.012      0.044      0.063         34 2.0282e+02   996.2281 0.0000e+00
      0.052    28.0803     7.7990     99.570  38.495160     36.258      8.628   249.3538    13.9090     1.7362     0.0249      0.019      0.050      0.072         35 2.0385e+02   996.2315 0.0000e+00
      0.052    28.0844     7.8404    100.091  38.467824     36.233      8.619   249.3538    13.9357     1.7362     0.0249      0.023      0.050      0.073         36 2.1299e+02   996.2322 0.0000e+00
      0.050    28.0829     7.8819    100.617  38.470098     36.231      8.615   249.8838    13.9014     1.6929     0.0249      0.023      0.049      0.071         37 2.1365e+02   996.2315 0.0000e+00
      0.048    28.0628     7.9097    100.975  38.521966     36.281      8.610   249.8081    14.1532     1.6641     0.0250      0.021      0.047      0.068         38 2.1331e+02   996.2303 0.0000e+00
      0.046    28.0340     7.9278    101.210  38.521822     36.281      8.606   250.2245    14.1456     1.7939     0.0250      0.016      0.045      0.065         39 2.2164e+02   996.2306 0.0000e+00
      0.044    28.0083     7.9380    101.347  38.529555     36.296      8.604   250.0352    14.1494     1.7650     0.0250      0.009      0.043      0.062         40 2.2731e+02   996.2363 0.0000e+00
      0.042    27.9876     7.9457    101.448  38.541990     36.341      8.600   250.2245    14.1417     1.8948     0.0250      0.000      0.041      0.060         41 2.2174e+02   996.2445 0.0000e+00
      0.042    27.9741     7.9460    101.449  38.476722     36.280      8.594   250.4138    14.5156     1.7939     0.0249     -0.005      0.041      0.060         42 2.1521e+02   996.2519 0.0000e+00
      0.042    27.9665     7.9324    101.270  38.462607     36.294      8.591   250.2623    14.5156     1.6929     0.0249     -0.006      0.041      0.059         43 2.2022e+02   996.2578 0.0000e+00
      0.041    27.9607     7.9187    101.089  38.411382     36.251      8.590   251.1331    14.4660     1.7073     0.0249     -0.006      0.040      0.058         44 2.2061e+02   996.2615 0.0000e+00
      0.040    27.9558     7.9162    101.051  38.362656     36.203      8.586   251.0952    14.5232     1.8371     0.0249     -0.005      0.040      0.058         45 2.1334e+02   996.2637 0.0000e+00
      0.043    27.9523     7.9225    101.122  38.375065     36.234      8.583   250.8302    14.8246     1.7939     0.0249     -0.003      0.042      0.060         46 2.1454e+02   996.2653 0.0000e+00
      0.045    27.9502     7.9350    101.278  38.366305     36.211      8.583   251.2088    14.8169     1.8371     0.0249     -0.001      0.043      0.063         47 2.1569e+02   996.2667 0.0000e+00
      0.044    27.9514     7.9494    101.457  38.343924     36.213      8.579   251.2088    14.7788     1.6497     0.0249      0.001      0.043      0.063         48 2.1820e+02   996.2677 0.0000e+00
      0.044    27.9543     7.9635    101.633  38.284373     36.135      8.579   251.2845    14.7788     1.7362     0.0249      0.001      0.043      0.062         49 2.1829e+02   996.2682 0.0000e+00
      0.044    27.9572     7.9700    101.708  38.262593     36.134      8.580   250.9059    14.9734     1.9813     0.0249      0.002      0.043      0.062         50 2.1756e+02   996.2679 0.0000e+00
      0.044    27.9589     7.9570    101.528  38.282117     36.133      8.576   251.0573    15.0001     1.9525     0.0249      0.002      0.043      0.062         51 2.1887e+02   996.2671 0.0000e+00
      0.045    27.9577     7.9100    100.911  38.319349     36.183      8.576   251.3981    15.0001     1.8948     0.0249      0.002      0.044      0.063         52 2.1951e+02   996.2663 0.0000e+00
      0.046    27.9545     7.8237     99.796  38.364442     36.208      8.574   251.0573    14.9924     2.0823     0.0249      0.002      0.046      0.067         53 2.1416e+02   996.2658 0.0000e+00
      0.050    27.9513     7.7170     98.427  38.344546     36.209      8.573   251.2845    14.9886     1.9381     0.0249      0.002      0.049      0.072         54 2.0759e+02   996.2662 0.0000e+00
      0.056    27.9475     7.6011     96.941  38.284835     36.132      8.569   251.3981    15.2862     1.9813     0.0249      0.004      0.054      0.079         55 2.0205e+02   996.2671 0.0000e+00
      0.061    27.9429     7.4736     95.308  38.349843     36.214      8.570   251.8145    15.2900     2.0102     0.0249      0.008      0.058      0.085         56 1.9875e+02   996.2681 0.0000e+00
      0.062    27.9399     7.3748     94.040  38.382194     36.243      8.567   251.9659    15.3014     1.9669     0.0249      0.010      0.060      0.087         57 2.0192e+02   996.2691 0.0000e+00
      0.061    27.9381     7.2906     92.958  38.274213     36.140      8.565   252.2309    15.2556     1.9092     0.0249      0.011      0.059      0.086         58 2.0373e+02   996.2705 0.0000e+00
      0.060    27.9358     7.2226     92.086  38.217493     36.090      8.564   252.1173    15.1412     1.7073     0.0248      0.010      0.059      0.086         59 2.0658e+02   996.2713 0.0000e+00
      0.060    27.9310     7.1805     91.545  38.215689     36.091      8.562   251.8523    15.1603     1.7939     0.0248      0.009      0.059      0.086         60 2.0320e+02   996.2718 0.0000e+00
      0.061    27.9231     7.1520     91.180  38.276461     36.145      8.560   252.1173    15.1565     1.8083     0.0249      0.006      0.059      0.086         61 1.9872e+02   996.2725 0.0000e+00
      0.061    27.9137     7.1333     90.939  38.319684     36.201      8.558   252.3445    15.1374     1.7939     0.0249      0.004      0.059      0.086         62 2.0065e+02   996.2738 0.0000e+00
      0.060    27.9060     7.1265     90.849  38.280447     36.154      8.554   252.4959    14.8627     1.6785     0.0249      0.001      0.058      0.085         63 2.0320e+02   996.2761 0.0000e+00
      0.059    27.9009     7.1103     90.640  38.266022     36.160      8.550   252.4202    14.8437     1.7506     0.0249     -0.001      0.057      0.084         64 2.0295e+02   996.2787 0.0000e+00
      0.057    27.8968     7.0870     90.340  38.278366     36.166      8.548   252.7988    14.8818     1.7218     0.0249     -0.002      0.057      0.082         65 2.0507e+02   996.2809 0.0000e+00
      0.058    27.8930     7.0558     89.939  38.265089     36.169      8.542   252.6095    14.8704     1.8804     0.0249     -0.001      0.056      0.082         66 2.0523e+02   996.2823 0.0000e+00
      0.056    27.8881     7.0244     89.536  38.223276     36.119      8.539   253.1774    14.8551     1.7073     0.0248     -0.002      0.055      0.080         67 2.0584e+02   996.2834 0.0000e+00
      0.053    27.8831     6.9910     89.109  38.182219     36.095      8.537   253.2531    14.8704     1.7650     0.0248     -0.003      0.052      0.075         68 2.1328e+02   996.2845 0.0000e+00
      0.050    27.8797     6.9591     88.699  38.108726     36.019      8.539   252.9124    14.8589     1.7218     0.0248     -0.005      0.049      0.071         69 2.1440e+02   996.2859 0.0000e+00
      0.048    27.8775     6.9245     88.257  38.107282     36.023      8.537   252.9881    14.8475     1.8515     0.0248     -0.006      0.047      0.068         70 2.1422e+02   996.2873 0.0000e+00
      0.047    27.8759     6.9047     88.002  38.154383     36.078      8.537   252.6852    14.8780     1.7650     0.0248     -0.007      0.046      0.066         71 2.1692e+02   996.2882 0.0000e+00
      0.047    27.8743     6.9078     88.030  38.168659     36.079      8.538   252.6095    14.8704     1.6352     0.0248     -0.007      0.046      0.066         72 2.2031e+02   996.2889 0.0000e+00
      0.047    27.8727     6.9282     88.285  38.178428     36.107      8.538   252.9124    14.8551     1.7218     0.0248     -0.007      0.046      0.066         73 2.1797e+02   996.2894 0.0000e+00
      0.046    27.8707     6.9439     88.492  38.112590     36.029      8.538   253.1774    14.8513     1.7506     0.0248     -0.006      0.045      0.065         74 2.1607e+02   996.2899 0.0000e+00
      0.045    27.8688     6.9321     88.350  38.043137     35.977      8.539   253.1395    14.8665     1.7362     0.0248     -0.005      0.044      0.063         75 2.1793e+02   996.2902 0.0000e+00
      0.043    27.8670     6.9032     87.987  38.057406     35.978      8.537   253.0638    15.3281     1.8227     0.0248     -0.004      0.043      0.063         76 2.1640e+02   996.2908 0.0000e+00
      0.045    27.8652     6.8479     87.279  38.094834     36.033      8.537   252.9881    15.3281     1.6641     0.0248     -0.002      0.044      0.065         77 2.1267e+02   996.2913 0.0000e+00
      0.048    27.8640     6.7889     86.520  38.115106     36.034      8.537   253.0638    15.3358     1.7073     0.0248     -0.001      0.047      0.068         78 2.1213e+02   996.2919 0.0000e+00
      0.050    27.8622     6.7292     85.752  38.121088     36.061      8.538   253.2152    15.3129     1.6497     0.0248      0.001      0.050      0.073         79 2.1193e+02   996.2925 0.0000e+00
      0.055    27.8613     6.6658     84.939  38.057754     35.983      8.537   253.2531    15.4998     2.0534     0.0248      0.003      0.054      0.079         80 2.0455e+02   996.2927 0.0000e+00
