Data/DataNotYetUploadedToEDI/CTD_2019/072219_fcr30.cnv
* Sea-Bird SBE19plus  Data File:
* FileName = C:\DATA\072219_fcr50_0004.hex
* Software version 2.8.0.119
* Temperature SN = 7809
* Conductivity SN = 7809
* System UpLoad Time = Jul 23 2019 10:44:06
* <ApplicationData>
* <Seaterm232>
# nquan = 18
# nvalues = 345                         
# units = specified
# name 0 = depFM: Depth [fresh water, m]
# name 1 = tv290C: Temperature [ITS-90, deg C]
# name 2 = sbeox0Mg/L: Oxygen, SBE 43 [mg/l]
# name 3 = sbeox0PS: Oxygen, SBE 43 [% saturation]
# name 4 = c0uS/cm: Conductivity [uS/cm]
# name 5 = specc: Specific Conductance [uS/cm]
# name 6 = ph: pH
# name 7 = orp: Oxidation Reduction Potential [mV]
# name 8 = flECO-AFL: Fluorescence, WET Labs ECO-AFL/FL [mg/m^3]
# name 9 = turbWETntu0: Turbidity, WET Labs ECO [NTU]
# name 10 = sal00: Salinity, Practical [PSU]
# name 11 = dz/dtM: Descent Rate [m/s]
# name 12 = prdM: Pressure, Strain Gauge [db]
# name 13 = prdE: Pressure, Strain Gauge [psi]
# name 14 = scan: Scan Count
# name 15 = par/sat/log: PAR/Logarithmic, Satlantic
# name 16 = density00: Density [density, kg/m^3]
# name 17 = flag:  0.000e+00
# span 0 =     -0.327,      5.293       
# span 1 =    11.2311,    28.2346       
# span 2 =    -0.3101,    13.3449       
# span 3 =     -3.018,    155.048       
# span 4 =  30.256466,  61.630388       
# span 5 =     34.294,     78.459       
# span 6 =      7.689,      8.797       
# span 7 =   165.9921,   263.5881       
# span 8 =     0.5574,    24.0982       
# span 9 =     1.0296,    14.8870       
# span 10 =     0.0218,     0.0393      
# span 11 =     -0.084,      0.162      
# span 12 =     -0.307,      5.190      
# span 13 =     -0.446,      7.527      
# span 14 =          1,        345      
# span 15 = 3.1904e-01, 7.1640e+02      
# span 16 =   996.1871,   999.6250      
# span 17 = 0.0000e+00, 0.0000e+00      
# interval = seconds: 0.25
# start_time = Jul 22 2019 15:47:48 [Instrument's time stamp, header]
# bad_flag = -9.990e-29
*END*
[from data line 161]
      1.777    27.3127     7.4908     94.198  37.990094     36.276      8.387   217.8187    18.8148     2.4572     0.0248      0.106      1.741      2.526        162 4.1430e+01   996.4418 0.0000e+00
      1.815    27.2868     7.4943     94.200  37.884714     36.184      8.372   217.6294    18.8224     2.3851     0.0247      0.116      1.774      2.574        163 4.0369e+01   996.4478 0.0000e+00
      1.834    27.2660     7.4858     94.066  37.794876     36.122      8.360   219.9008    21.3173     2.5149     0.0247      0.121      1.798      2.609        164 3.9666e+01   996.4551 0.0000e+00
      1.854    27.2479     7.4572     93.669  37.805547     36.140      8.358   220.9608    21.3173     2.4860     0.0247      0.124      1.819      2.639        165 3.8340e+01   996.4623 0.0000e+00
      1.878    27.2287     7.4224     93.209  37.841810     36.208      8.348   220.9608    21.2944     2.5725     0.0247      0.122      1.840      2.669        166 3.7412e+01   996.4683 0.0000e+00
      1.898    27.2089     7.3855     92.716  37.809031     36.167      8.347   223.2323    21.3173     2.5725     0.0247      0.115      1.860      2.698        167 3.6775e+01   996.4733 0.0000e+00
      1.915    27.1887     7.3619     92.377  37.787079     36.180      8.341   224.3301    22.4121     3.0340     0.0247      0.104      1.880      2.727        168 3.5847e+01   996.4788 0.0000e+00
      1.940    27.1685     7.3617     92.258  37.750595     36.140      8.336   225.5794    22.3740     2.9907     0.0247      0.094      1.903      2.761        169 3.4486e+01   996.4844 0.0000e+00
      1.968    27.1435     7.3793     92.322  37.676629     36.101      8.329   225.4658    22.3816     2.9619     0.0247      0.088      1.929      2.797        170 3.3677e+01   996.4901 0.0000e+00
      1.992    27.1237     7.4951     92.786  37.642051     36.061      8.323   225.6551    22.3740     2.9474     0.0246      0.086      1.955      2.835        171 3.2672e+01   996.4957 0.0000e+00
      2.021    27.1044     7.7622     94.186  37.675094     36.132      8.323   226.0716    22.8737     3.5531     0.0247      0.090      1.981      2.873        172 3.1746e+01   996.5028 0.0000e+00
      2.045    27.0821     8.2081     98.095  37.635519     36.093      8.315   226.1094    22.9042     3.4666     0.0246      0.094      2.007      2.910        173 3.0859e+01   996.5083 0.0000e+00
      2.073    27.0628     8.9078    105.475  37.572769     36.051      8.311   226.6394    22.8775     3.5387     0.0246      0.097      2.033      2.948        174 2.9944e+01   996.5138 0.0000e+00
      2.098    27.0438     9.8046    115.697  37.516108     36.015      8.307   226.9801    22.8699     3.5098     0.0246      0.101      2.059      2.986        175 2.8960e+01   996.5200 0.0000e+00
      2.128    27.0258    10.7940    127.282  37.528227     36.026      8.300   227.4723    24.0525     3.0051     0.0246      0.104      2.086      3.025        176 2.8021e+01   996.5256 0.0000e+00
      2.151    27.0137    11.6439    137.276  37.498426     36.042      8.297   227.6237    24.0601     3.1205     0.0246      0.104      2.111      3.062        177 2.7285e+01   996.5309 0.0000e+00
      2.180    26.9807    12.3989    145.700  37.405026     35.917      8.294   228.5323    24.0982     3.0340     0.0245      0.104      2.138      3.100        178 2.6228e+01   996.5359 0.0000e+00
      2.208    26.9186    12.9402    151.314  37.348114     35.929      8.288   228.9866    24.0334     2.9186     0.0245      0.105      2.167      3.142        179 2.5222e+01   996.5393 0.0000e+00
      2.241    26.8129    13.2367    154.277  37.421083     35.947      8.281   230.1223    24.0296     2.9763     0.0245      0.107      2.197      3.186        180 2.4397e+01   996.5487 0.0000e+00
      2.269    26.2157    13.3449    155.048  37.314235     35.996      8.277   230.5387    22.4159     2.5870     0.0246      0.109      2.226      3.228        181 2.3500e+01   996.5657 0.0000e+00
      2.299    25.1551    13.2900    153.748  36.147557     34.849      8.271   231.4851    22.4121     2.5149     0.0241      0.111      2.254      3.269        182 2.2464e+01   996.5946 0.0000e+00
      2.328    24.3104    13.1363    151.235  35.168817     34.294      8.270   231.5987    22.3740     2.6014     0.0237      0.113      2.281      3.309        183 2.1783e+01   996.7557 0.0000e+00
      2.350    23.8316    12.9501    148.243  35.183935     35.100      8.273   232.2423    22.3664     2.6302     0.0237      0.112      2.303      3.341        184 2.1183e+01   997.0347 0.0000e+00
      2.369    23.6327    12.7442    145.305  35.210553     35.685      8.269   231.8637    16.3505     2.2409     0.0238      0.110      2.322      3.367        185 2.0764e+01   997.2495 0.0000e+00
      2.382    23.6043    12.5171    142.214  35.254615     36.105      8.272   233.0752    16.3352     2.1976     0.0238      0.102      2.337      3.389        186 2.0385e+01   997.3679 0.0000e+00
      2.398    23.5812    12.2389    138.525  35.307139     36.298      8.270   234.0216    16.3429     2.1976     0.0238      0.094      2.354      3.413        187 1.9734e+01   997.4168 0.0000e+00
      2.421    23.4140    11.9307    134.469  35.263828     36.269      8.266   234.8544    16.3657     2.1544     0.0238      0.086      2.374      3.443        188 1.9164e+01   997.4237 0.0000e+00
      2.444    23.1562    11.5691    129.873  35.308548     36.335      8.263   235.5737    13.2071     1.9525     0.0238      0.081      2.396      3.474        189 1.8711e+01   997.4295 0.0000e+00
      2.462    22.9822    11.1695    125.113  35.310779     36.465      8.262   236.6337    13.2071     2.0246     0.0238      0.076      2.416      3.504        190 1.8257e+01   997.4700 0.0000e+00
      2.484    22.8123    10.7435    120.257  35.261126     36.604      8.261   236.6337    13.2033     1.9669     0.0238      0.075      2.437      3.535        191 1.7800e+01   997.5319 0.0000e+00
      2.510    22.5929    10.3509    115.539  35.311182     36.794      8.261   237.3909    13.2186     2.0390     0.0238      0.078      2.461      3.570        192 1.7276e+01   997.5734 0.0000e+00
      2.537    22.3313     9.9579    110.637  35.307847     36.922      8.257   237.8073     9.2474     1.9236     0.0238      0.083      2.488      3.609        193 1.6733e+01   997.6136 0.0000e+00
      2.567    22.0451     9.6326    106.496  35.443163     37.214      8.252   238.4887     9.2436     1.9381     0.0239      0.090      2.515      3.647        194 1.6263e+01   997.6652 0.0000e+00
      2.588    21.8296     9.3029    102.600  35.646655     37.679      8.247   238.9052     9.2512     1.9236     0.0240      0.093      2.538      3.680        195 1.5924e+01   997.7259 0.0000e+00
      2.609    21.6515     8.9228     98.309  35.588131     37.798      8.246   239.4730     9.2283     1.9957     0.0240      0.094      2.561      3.713        196 1.5524e+01   997.7915 0.0000e+00
      2.637    21.4521     8.4941     93.329  35.605025     38.025      8.240   240.7602     7.3972     1.9813     0.0240      0.097      2.587      3.752        197 1.5014e+01   997.8405 0.0000e+00
      2.669    21.2381     8.0548     88.078  35.685008     38.234      8.237   241.3659     7.4049     1.9381     0.0241      0.100      2.617      3.794        198 1.4521e+01   997.8806 0.0000e+00
      2.698    21.0321     7.5972     82.644  35.696123     38.425      8.234   240.9116     7.3972     1.8948     0.0241      0.103      2.643      3.833        199 1.4209e+01   997.9252 0.0000e+00
      2.717    20.9245     7.1905     77.974  35.739459     38.635      8.227   240.7223     7.3972     1.8660     0.0241      0.102      2.664      3.864        200 1.3970e+01   997.9724 0.0000e+00
      2.735    20.8792     6.7953     73.432  35.720082     38.808      8.227   241.4037     7.2714     2.0534     0.0241      0.100      2.682      3.890        201 1.3691e+01   998.0174 0.0000e+00
      2.752    20.7429     6.3583     68.334  35.690695     38.841      8.220   241.4795     7.2904     1.9669     0.0241      0.095      2.701      3.917        202 1.3477e+01   998.0409 0.0000e+00
      2.774    20.5032     5.9005     63.093  35.894625     39.115      8.217   242.0852     7.2714     1.9813     0.0242      0.093      2.721      3.947        203 1.3063e+01   998.0508 0.0000e+00
      2.800    20.2601     5.3826     57.294  36.207186     39.572      8.213   242.2366     7.2866     2.0823     0.0243      0.090      2.744      3.981        204 1.2786e+01   998.0803 0.0000e+00
      2.822    20.1340     4.8747     51.759  36.338983     39.932      8.207   242.9938     7.2561     1.9236     0.0244      0.086      2.767      4.013        205 1.2569e+01   998.1315 0.0000e+00
      2.842    20.0795     4.3055     45.713  36.323403     40.121      8.205   245.2273     8.7629     1.8371     0.0244      0.083      2.788      4.043        206 1.2224e+01   998.1828 0.0000e+00
      2.864    19.9432     3.7017     39.188  36.315589     40.231      8.200   245.0002     8.7324     1.5920     0.0244      0.083      2.809      4.074        207 1.1980e+01   998.2092 0.0000e+00
      2.887    19.7005     3.0930     32.578  36.319141     40.276      8.197   246.5145     8.7172     1.6785     0.0244      0.085      2.833      4.109        208 1.1732e+01   998.2206 0.0000e+00
      2.915    19.4469     2.5934     27.180  36.378297     40.462      8.191   246.6659     8.7515     1.7073     0.0245      0.088      2.862      4.150        209 1.1357e+01   998.2489 0.0000e+00
      2.952    19.2851     2.2021     22.972  36.627297     40.962      8.187   246.7416     6.9853     1.4334     0.0246      0.094      2.894      4.198        210 1.0980e+01   998.2988 0.0000e+00
      2.985    19.1096     1.9434     20.200  36.631712     41.232      8.180   247.3095     6.9853     1.4334     0.0246      0.100      2.927      4.245        211 1.0725e+01   998.3502 0.0000e+00
      3.016    18.8436     1.7367     18.018  36.669269     41.347      8.172   248.5588     6.9776     1.4334     0.0246      0.106      2.957      4.290        212 1.0461e+01   998.3828 0.0000e+00
      3.047    18.5908     1.5592     16.170  37.173367     42.174      8.167   250.3381     6.9547     1.5487     0.0249      0.113      2.989      4.336        213 1.0217e+01   998.4178 0.0000e+00
      3.083    18.3683     1.4120     14.620  37.545535     42.785      8.162   250.4895     5.3335     1.2748     0.0251      0.120      3.023      4.385        214 9.9229e+00   998.4701 0.0000e+00
      3.118    18.2515     1.2695     13.074  37.717681     43.288      8.154   251.2088     5.3258     1.2459     0.0252      0.126      3.057      4.435        215 9.6867e+00   998.5192 0.0000e+00
      3.152    18.2370     1.2131     12.425  37.640904     43.381      8.148   251.3223     5.2953     1.2748     0.0252      0.130      3.092      4.486        216 9.4688e+00   998.5616 0.0000e+00
      3.191    18.1021     1.2349     12.593  37.374459     43.214      8.138   253.4424     5.3182     1.3036     0.0251      0.133      3.129      4.539        217 9.1848e+00   998.5837 0.0000e+00
      3.230    17.8539     1.3835     14.075  37.041687     42.828      8.135   253.4802     4.7117     1.2892     0.0249      0.135      3.165      4.591        218 9.0079e+00   998.5865 0.0000e+00
      3.262    17.6113     1.6103     16.313  36.869618     42.742      8.127   254.6916     4.7078     1.2459     0.0249      0.138      3.199      4.641        219 8.8275e+00   998.6118 0.0000e+00
      3.298    17.3871     1.8181     18.319  37.381214     43.609      8.121   255.5245     4.7193     1.3036     0.0251      0.140      3.233      4.689        220 8.6523e+00   998.6580 0.0000e+00
      3.330    17.2150     1.9206     19.277  37.649853     44.218      8.114   255.5245     4.7269     1.2459     0.0253      0.140      3.265      4.736        221 8.4773e+00   998.7024 0.0000e+00
      3.361    17.1218     1.8707     18.743  37.068879     43.694      8.111   256.1302     4.2577     1.5343     0.0250      0.138      3.293      4.777        222 8.2967e+00   998.7426 0.0000e+00
      3.384    17.1059     1.6737     16.746  36.563256     43.312      8.107   256.2059     4.2615     1.5055     0.0248      0.133      3.316      4.811        223 8.2949e+00   998.7730 0.0000e+00
      3.400    17.0211     1.3246     13.206  36.441748     43.240      8.100   257.2281     4.2882     1.5487     0.0247      0.124      3.341      4.847        224 8.1320e+00   998.7894 0.0000e+00
      3.441    16.7776     0.8869      8.795  35.501309     42.230      8.094   257.4174     4.2692     1.5487     0.0243      0.119      3.375      4.895        225 7.8634e+00   998.7921 0.0000e+00
      3.480    16.5052     0.4748      4.693  34.088686     40.445      8.086   258.4017     4.2615     1.5199     0.0235      0.118      3.416      4.955        226 7.6586e+00   998.8065 0.0000e+00
      3.530    16.3097     0.1195      1.176  34.614149     41.429      8.080   259.9538     3.7694     2.2120     0.0238      0.123      3.463      5.023        227 7.3643e+00   998.8489 0.0000e+00
      3.586    16.1829    -0.1266     -1.239  36.180982     43.609      8.075   260.1052     3.7809     2.0967     0.0247      0.134      3.509      5.089        228 7.2307e+00   998.8962 0.0000e+00
      3.615    15.9879    -0.2743     -2.677  37.295220     45.112      8.073   260.8245     3.8037     2.2697     0.0253      0.143      3.546      5.143        229 7.0799e+00   998.9295 0.0000e+00
      3.649    15.7332    -0.3101     -3.018  43.482543     52.458      8.073   260.9759     3.7542     2.2841     0.0284      0.151      3.581      5.194        230 6.8016e+00   998.9532 0.0000e+00
      3.694    15.5565    -0.2868     -2.776  50.744106     62.500      8.070   261.2409     2.9607     2.6014     0.0327      0.160      3.617      5.245        231 6.5797e+00   998.9882 0.0000e+00
      3.719    15.4693    -0.2115     -2.042  50.524096     61.653      8.067   261.5438     2.9759     2.6014     0.0322      0.161      3.645      5.286        232 6.5273e+00   999.0294 0.0000e+00
      3.736    15.4051    -0.1444     -1.393  49.686289     61.411      8.057   262.4145     2.9645     2.5725     0.0321      0.149      3.672      5.325        233 6.3224e+00   999.0572 0.0000e+00
      3.781    15.2328    -0.0678     -0.654  49.147523     60.742      8.049   262.7174     2.9836     2.6735     0.0317      0.141      3.707      5.376        234 5.9290e+00   999.0708 0.0000e+00
      3.823    15.0016    -0.0062     -0.060  47.161775     58.248      8.037   263.1717     2.8272     2.8609     0.0306      0.135      3.744      5.430        235 5.7787e+00   999.0802 0.0000e+00
      3.847    14.8409     0.0500      0.480  45.011474     56.127      8.029   263.5881     2.7928     2.7167     0.0296      0.129      3.778      5.479        236 5.6237e+00   999.1061 0.0000e+00
      3.888    14.6349     0.0917      0.875  44.915099     55.704      8.014   262.5659     2.7814     2.8609     0.0294      0.131      3.820      5.540        237 5.0703e+00   999.1415 0.0000e+00
      3.954    14.3911     0.1231      1.173  54.725855     68.636      8.002   260.3324     2.8081     2.7600     0.0350      0.140      3.871      5.614        238 4.4850e+00   999.1702 0.0000e+00
      3.996    14.2598     0.1483      1.413  61.630388     78.459      7.991   251.4738     2.9988     5.2690     0.0393      0.149      3.913      5.675        239 4.3554e+00   999.2039 0.0000e+00
      4.019    14.1183     0.1657      1.578  58.509108     73.583      7.979   235.4223     2.9759     5.3844     0.0370      0.157      3.943      5.719        240 4.1451e+00   999.2382 0.0000e+00
      4.051    13.8929     0.1824      1.737  57.422964     73.622      7.969   226.0337     2.9836     5.1681     0.0370      0.159      3.970      5.758        241 3.8479e+00   999.2567 0.0000e+00
