Data/DataNotYetUploadedToEDI/CTD_2019/072219_fcr10.cnv
* Sea-Bird SBE19plus  Data File:
* FileName = C:\DATA\072219_fcr50_0002.hex
* Software version 2.8.0.119
* Temperature SN = 7809
* Conductivity SN = 7809
* System UpLoad Time = Jul 23 2019 10:43:42
* <ApplicationData>
* <Seaterm232>
# nquan = 18
# nvalues = 267                         
# units = specified
# name 0 = depFM: Depth [fresh water, m]
# name 1 = tv290C: Temperature [ITS-90, deg C]
# name 2 = sbeox0Mg/L: Oxygen, SBE 43 [mg/l]
# name 3 = sbeox0PS: Oxygen, SBE 43 [% saturation]
# name 4 = c0uS/cm: Conductivity [uS/cm]
# name 5 = specc: Specific Conductance [uS/cm]
# name 6 = ph: pH
# name 7 = orp: Oxidation Reduction Potential [mV]
# name 8 = flECO-AFL: Fluorescence, WET Labs ECO-AFL/FL [mg/m^3]
# name 9 = turbWETntu0: Turbidity, WET Labs ECO [NTU]
# name 10 = sal00: Salinity, Practical [PSU]
# name 11 = dz/dtM: Descent Rate [m/s]
# name 12 = prdM: Pressure, Strain Gauge [db]
# name 13 = prdE: Pressure, Strain Gauge [psi]
# name 14 = scan: Scan Count
# name 15 = par/sat/log: PAR/Logarithmic, Satlantic
# name 16 = density00: Density [density, kg/m^3]
# name 17 = flag:  0.000e+00
# span 0 =     -0.610,      2.423       
# span 1 =    22.9262,    30.5671       
# span 2 =    -0.5401,     9.0693       
# span 3 =     -6.377,    113.002       
# span 4 =   1.534131, 200.248806       
# span 5 =      0.656,    208.007       
# span 6 =      6.874,      8.368       
# span 7 =   -25.3006,   728.5130       
# span 8 =    -0.1216,    20.2797       
# span 9 =    -2.2293,    10.5322       
# span 10 =     0.0140,     0.1010      
# span 11 =     -0.006,      0.183      
# span 12 =     -0.591,      2.375      
# span 13 =     -0.857,      3.444      
# span 14 =          1,        267      
# span 15 = 2.9950e+01, 1.3050e+03      
# span 16 =   995.1897,   997.6445      
# span 17 = 0.0000e+00, 0.0000e+00      
# interval = seconds: 0.25
# start_time = Jul 22 2019 15:22:22 [Instrument's time stamp, header]
# bad_flag = -9.990e-29
*END*
[from data line 161]
      1.200    28.0623     6.6177     84.612  38.727675     36.510      7.812   192.1515    17.4377     2.1832     0.0250      0.061      1.177      1.708        162 1.3955e+02   996.2429 0.0000e+00
      1.215    28.0659     6.5803     84.133  38.764953     36.508      7.813   191.8865    17.4262     2.3274     0.0250      0.062      1.191      1.728        163 1.3772e+02   996.2425 0.0000e+00
      1.228    28.0694     6.5331     83.538  38.815480     36.586      7.813   191.7350    17.6246     2.2409     0.0251      0.062      1.205      1.748        164 1.3561e+02   996.2418 0.0000e+00
      1.243    28.0718     6.4842     82.921  38.842618     36.582      7.813   192.0757    17.6399     2.2120     0.0251      0.061      1.219      1.768        165 1.3385e+02   996.2408 0.0000e+00
      1.258    28.0727     6.4524     82.531  38.820092     36.581      7.814   192.3407    17.6284     2.2697     0.0251      0.059      1.235      1.791        166 1.3128e+02   996.2398 0.0000e+00
      1.277    28.0774     6.4330     82.276  38.754601     36.499      7.811   192.6436    17.6208     2.2265     0.0250      0.060      1.252      1.816        167 1.2882e+02   996.2393 0.0000e+00
      1.294    28.0802     6.4314     82.248  38.746294     36.500      7.813   192.3786    17.6093     2.1399     0.0250      0.060      1.270      1.841        168 1.2656e+02   996.2391 0.0000e+00
      1.313    28.0802     6.4431     82.350  38.741514     36.495      7.812   193.5143    17.6246     2.2409     0.0250      0.062      1.287      1.866        169 1.2444e+02   996.2379 0.0000e+00
      1.328    28.0696     6.4464     82.334  38.760546     36.495      7.809   193.4765    17.6361     2.2265     0.0250      0.064      1.302      1.888        170 1.2304e+02   996.2371 0.0000e+00
      1.342    28.0515     6.5370     83.324  38.811520     36.572      7.807   193.8172    17.6093     2.2409     0.0251      0.064      1.315      1.907        171 1.2116e+02   996.2372 0.0000e+00
      1.352    28.0395     6.9853     88.560  38.707717     36.449      7.799   193.7793    18.1091     2.3851     0.0250      0.064      1.325      1.922        172 1.2085e+02   996.2403 0.0000e+00
      1.359    28.0386     7.7183     97.400  38.682271     36.461      7.801   193.7036    18.1053     2.3995     0.0250      0.059      1.334      1.934        173 1.1982e+02   996.2454 0.0000e+00
      1.370    28.0432     8.3782    105.404  38.695009     36.469      7.804   194.1958    18.1167     2.4860     0.0250      0.055      1.343      1.948        174 1.1880e+02   996.2489 0.0000e+00
      1.381    28.0513     8.8453    110.801  38.691871     36.470      7.809   194.6500    18.1053     2.5004     0.0250      0.049      1.356      1.967        175 1.1658e+02   996.2492 0.0000e+00
      1.401    28.0601     9.0517    113.002  38.775089     36.545      7.809   195.4072    18.0366     2.1399     0.0250      0.048      1.373      1.992        176 1.1411e+02   996.2480 0.0000e+00
      1.419    28.0573     9.0693    112.984  38.739630     36.515      7.808   195.7858    18.0442     2.2409     0.0250      0.048      1.393      2.020        177 1.1226e+02   996.2458 0.0000e+00
      1.442    28.0502     8.9594    111.489  38.706357     36.454      7.805   196.9593    18.0442     2.2409     0.0250      0.053      1.413      2.049        178 1.0890e+02   996.2433 0.0000e+00
      1.460    28.0184     8.8069    109.532  38.668306     36.458      7.799   197.7165    18.0519     2.3130     0.0250      0.058      1.429      2.072        179 1.0730e+02   996.2442 0.0000e+00
      1.468    27.9793     8.6484    107.524  38.668436     36.409      7.789   198.3601    17.8077     2.1688     0.0250      0.062      1.439      2.086        180 1.0785e+02   996.2462 0.0000e+00
      1.472    27.8590     8.4954    105.568  38.617291     36.457      7.776   198.5493    17.8039     2.2120     0.0250      0.062      1.444      2.095        181 1.0712e+02   996.2552 0.0000e+00
      1.480    27.5654     8.4134    104.533  37.902138     35.747      7.769   199.0415    17.7467     2.2120     0.0247      0.058      1.452      2.107        182 1.0476e+02   996.2662 0.0000e+00
      1.493    27.3057     8.3698    103.971  37.394989     35.348      7.760   199.1929    17.7734     2.1399     0.0245      0.053      1.465      2.125        183 1.0306e+02   996.3002 0.0000e+00
      1.509    27.1250     8.3274    103.378  37.499958     35.684      7.755   199.6851    17.8001     2.2265     0.0246      0.049      1.481      2.149        184 1.0107e+02   996.3830 0.0000e+00
      1.530    26.8935     8.2627    102.553  37.830904     36.130      7.747   200.0636    17.6971     2.2697     0.0247      0.047      1.499      2.175        185 9.8941e+01   996.4558 0.0000e+00
      1.547    26.6993     8.1653    101.312  38.494716     36.945      7.741   200.1015    17.6589     2.1255     0.0250      0.048      1.518      2.201        186 9.6273e+01   996.5061 0.0000e+00
      1.567    26.5857     8.0283     99.452  38.896727     37.466      7.731   200.7451    17.6742     2.1399     0.0251      0.053      1.534      2.226        187 9.4697e+01   996.5700 0.0000e+00
      1.580    26.5205     7.8708     97.314  38.931130     37.657      7.718   202.1458    17.6742     2.1544     0.0252      0.059      1.549      2.247        188 9.3463e+01   996.6231 0.0000e+00
      1.592    26.4920     7.6974     94.957  38.955841     37.743      7.710   205.4772    17.8077     2.3995     0.0252      0.063      1.561      2.264        189 9.1846e+01   996.6541 0.0000e+00
      1.602    26.4705     7.5194     92.675  38.925314     37.788      7.698   208.9979    17.8459     2.4572     0.0252      0.063      1.572      2.280        190 9.0780e+01   996.6718 0.0000e+00
      1.615    26.4453     7.3794     90.890  38.909880     37.756      7.689   210.2094    17.8001     2.3851     0.0252      0.060      1.586      2.300        191 8.8420e+01   996.6796 0.0000e+00
      1.634    26.4350     7.3247     90.125  39.004707     37.906      7.681   210.1715    17.7810     2.4860     0.0252      0.058      1.602      2.324        192 8.6700e+01   996.6855 0.0000e+00
      1.651    26.4236     7.3302     90.147  38.955506     37.845      7.670   211.0422    17.8993     2.3851     0.0252      0.057      1.619      2.349        193 8.4513e+01   996.6924 0.0000e+00
      1.670    26.3898     7.3746     90.600  39.060033     37.960      7.660   210.4744    17.9374     2.4139     0.0252      0.057      1.633      2.369        194 8.3031e+01   996.6953 0.0000e+00
      1.676    26.3784     7.4325     91.262  39.200653     38.131      7.643   211.6101    17.9450     2.4139     0.0253      0.056      1.642      2.382        195 8.3015e+01   996.6984 0.0000e+00
      1.679    26.3555     7.5209     92.225  39.136176     38.048      7.639   214.2222    17.9031     2.3418     0.0253      0.054      1.652      2.395        196 8.0963e+01   996.7075 0.0000e+00
      1.700    26.2736     7.5864     92.760  39.347757     38.302      7.632   216.4937    18.6584     2.5437     0.0254      0.054      1.667      2.418        197 7.8352e+01   996.7108 0.0000e+00
      1.720    26.1614     7.6204     92.958  39.530124     38.479      7.618   217.5537    18.6431     2.5004     0.0254      0.055      1.687      2.446        198 7.6210e+01   996.7170 0.0000e+00
      1.740    26.0448     7.6695     93.400  39.650205     38.654      7.612   217.4022    18.6660     2.7023     0.0255      0.057      1.707      2.476        199 7.3447e+01   996.7392 0.0000e+00
      1.764    25.9894     7.7488     94.240  39.820778     38.925      7.602   218.9165    18.6584     2.6302     0.0256      0.059      1.726      2.503        200 7.2307e+01   996.7695 0.0000e+00
      1.775    25.9521     7.8609     95.508  39.792135     38.965      7.594   220.8094    18.5020     2.7023     0.0255      0.062      1.741      2.525        201 7.0734e+01   996.8006 0.0000e+00
      1.790    25.9011     7.9814     96.963  39.834103     39.059      7.590   221.6801    18.5249     2.6590     0.0256      0.065      1.755      2.545        202 6.8488e+01   996.8154 0.0000e+00
      1.804    25.8672     8.0929     98.453  39.798225     39.059      7.577   221.5665    18.5402     2.8465     0.0256      0.068      1.768      2.564        203 6.7526e+01   996.8253 0.0000e+00
      1.813    25.8171     8.2018     99.845  39.718253     38.992      7.572   223.0430    18.5516     2.8032     0.0255      0.067      1.779      2.581        204 6.5619e+01   996.8388 0.0000e+00
      1.828    25.7832     8.2875    100.953  39.755815     39.095      7.562   222.8537    18.5096     2.7600     0.0256      0.062      1.791      2.598        205 6.4485e+01   996.8480 0.0000e+00
      1.836    25.7091     8.3369    101.610  39.662583     39.001      7.557   223.5351    19.4023     2.9330     0.0255      0.056      1.802      2.614        206 6.3306e+01   996.8612 0.0000e+00
      1.851    25.5558     8.3626    101.880  39.004416     38.447      7.557   224.6708    19.4290     3.0051     0.0253      0.052      1.815      2.632        207 6.1344e+01   996.8700 0.0000e+00
      1.865    25.4260     8.3589    101.635  38.085314     37.483      7.548   224.3680    19.4175     3.0628     0.0249      0.049      1.828      2.651        208 6.0070e+01   996.8893 0.0000e+00
      1.875    25.3346     8.3321    101.100  37.901942     37.517      7.547   224.2166    19.4290     3.1637     0.0248      0.049      1.840      2.668        209 5.8568e+01   996.9295 0.0000e+00
      1.889    25.2631     8.2953    100.524  37.810100     37.474      7.542   224.6708    19.9249     3.6684     0.0248      0.048      1.852      2.686        210 5.7232e+01   996.9635 0.0000e+00
      1.901    25.2061     8.2605    100.013  37.636584     37.376      7.538   224.5194    19.9516     3.7261     0.0247      0.048      1.864      2.703        211 5.6000e+01   996.9873 0.0000e+00
      1.912    25.2067     8.2397     99.661  37.614113     37.429      7.536   225.0494    19.9478     3.6540     0.0247      0.049      1.875      2.719        212 5.4851e+01   997.0059 0.0000e+00
      1.922    25.2731     8.2451     99.706  37.778830     37.582      7.530   224.7466    19.9707     3.7261     0.0248      0.048      1.884      2.732        213 5.3905e+01   997.0207 0.0000e+00
      1.928    25.3163     8.2706     99.962  38.024349     37.919      7.524   226.0716    18.4791     3.5098     0.0249      0.046      1.892      2.744        214 5.2340e+01   997.0206 0.0000e+00
      1.939    25.3473     8.2825    100.088  37.990206     37.724      7.521   226.5637    18.4753     3.4666     0.0248      0.043      1.901      2.757        215 5.1157e+01   997.0035 0.0000e+00
      1.947    25.3793     8.2698     99.953  38.117663     37.918      7.516   227.3587    18.4677     3.4089     0.0249      0.041      1.910      2.770        216 5.0315e+01   996.9923 0.0000e+00
      1.955    25.3522     8.2292     99.397  38.132439     37.836      7.514   228.1916    18.4867     3.4666     0.0249      0.039      1.918      2.782        217 4.9499e+01   996.9843 0.0000e+00
      1.966    25.2496     8.1324     97.981  38.149620     37.870      7.511   228.1916    19.0742     3.4666     0.0249      0.037      1.928      2.797        218 4.8861e+01   996.9761 0.0000e+00
      1.977    25.1353     7.9191     95.149  38.066635     37.804      7.508   229.0623    19.0933     3.4954     0.0249      0.036      1.938      2.812        219 4.8177e+01   996.9831 0.0000e+00
      1.988    25.0680     7.5277     90.225  37.820814     37.607      7.505   229.2137    19.0590     3.4377     0.0248      0.037      1.947      2.825        220 4.8017e+01   997.0097 0.0000e+00
      1.992    25.0142     6.9237     82.788  37.714670     37.635      7.500   229.4030    19.0666     3.4666     0.0248      0.036      1.955      2.835        221 4.7662e+01   997.0392 0.0000e+00
      2.001    24.9666     6.1117     72.941  37.606055     37.520      7.498   230.1980    19.9669     3.6973     0.0247      0.036      1.963      2.847        222 4.7139e+01   997.0565 0.0000e+00
      2.011    24.9487     5.0407     60.061  37.659661     37.669      7.493   230.2737    19.9631     3.6829     0.0248      0.036      1.973      2.862        223 4.6751e+01   997.0705 0.0000e+00
      2.022    24.9259     3.9522     47.026  37.914712     37.905      7.491   231.3337    19.9592     3.6540     0.0248      0.036      1.985      2.879        224 4.5892e+01   997.0829 0.0000e+00
      2.041    24.9130     2.8720     34.148  38.177765     38.249      7.485   231.8259    19.9821     3.8126     0.0250      0.039      2.000      2.901        225 4.4943e+01   997.0876 0.0000e+00
      2.055    24.9241     1.7622     20.941  38.310324     38.327      7.480   231.5987    19.9440     3.6684     0.0250      0.042      2.014      2.921        226 4.4630e+01   997.0935 0.0000e+00
      2.064    24.8838     0.8957     10.642  38.549958     38.642      7.476   232.0909    20.1538     4.0433     0.0251      0.044      2.027      2.940        227 4.3873e+01   997.0969 0.0000e+00
      2.082    24.7523     0.2658      3.155  39.272522     39.278      7.470   233.5673    20.1538     3.9424     0.0254      0.048      2.042      2.962        228 4.2528e+01   997.0943 0.0000e+00
      2.100    24.6024    -0.1883     -2.231  40.552808     40.678      7.459   233.4159    20.1462     3.8992     0.0260      0.053      2.059      2.987        229 4.1585e+01   997.1052 0.0000e+00
      2.117    24.4702    -0.4166     -4.930  41.491560     41.688      7.455   234.4002    20.1309     4.0145     0.0263      0.057      2.077      3.014        230 4.0273e+01   997.1390 0.0000e+00
      2.139    24.3426    -0.5370     -6.345  43.173000     43.445      7.447   234.7409    20.1347     4.1587     0.0270      0.062      2.096      3.040        231 3.9431e+01   997.1776 0.0000e+00
      2.153    24.2394    -0.5401     -6.377  43.529314     44.211      7.442   235.4223    20.1118     4.1875     0.0273      0.064      2.111      3.062        232 3.8774e+01   997.2111 0.0000e+00
      2.166    24.1495    -0.4715     -5.566  45.257720     45.402      7.438   236.3687    20.1385     4.2164     0.0278      0.064      2.125      3.082        233 3.7719e+01   997.2437 0.0000e+00
      2.181    24.0784    -0.3757     -4.438  56.293656     57.301      7.430   236.9744    20.1385     4.1731     0.0328      0.065      2.138      3.101        234 3.7415e+01   997.2732 0.0000e+00
      2.191    24.0351    -0.2505     -2.966  61.143021     62.723      7.419   237.2773    19.7380     4.3029     0.0351      0.064      2.149      3.117        235 3.7214e+01   997.2972 0.0000e+00
      2.202    24.0094    -0.1003     -1.190  61.468365     61.677      7.412   237.5044    19.7075     4.3750     0.0347      0.059      2.161      3.134        236 3.6454e+01   997.3150 0.0000e+00
      2.217    23.9916     0.1143      1.356  69.628138     71.879      7.407   238.0345    19.7532     4.2885     0.0391      0.056      2.176      3.156        237 3.5805e+01   997.3285 0.0000e+00
      2.237    23.9373     0.3723      4.423  77.879057     78.600      7.400   237.6937    19.7456     4.4183     0.0420      0.055      2.193      3.182        238 3.4955e+01   997.3378 0.0000e+00
      2.257    23.8582     0.6724      8.001  90.898515     93.277      7.388   237.8830    19.3336     4.4471     0.0485      0.055      2.210      3.207        239 3.4535e+01   997.3468 0.0000e+00
      2.269    23.7777     0.9727     11.575 101.609643    103.743      7.372   238.0345    19.3145     4.4327     0.0532      0.057      2.225      3.227        240 3.4476e+01   997.3639 0.0000e+00
      2.282    23.6944     1.2293     14.616 111.447410    113.690      7.351   237.8073    19.3412     4.4615     0.0576      0.058      2.238      3.246        241 3.3798e+01   997.3869 0.0000e+00
