Data/DataNotYetUploadedToEDI/CTD_2019/072219_fcr50.cnv
* Sea-Bird SBE19plus  Data File:
* FileName = C:\DATA\072219_fcr50_0001.hex
* Software version 2.8.0.119
* Temperature SN = 7809
* Conductivity SN = 7809
* System UpLoad Time = Jul 23 2019 10:43:31
* <ApplicationData>
* <Seaterm232>
# nquan = 18
# nvalues = 748                         
# units = specified
# name 0 = depFM: Depth [fresh water, m]
# name 1 = tv290C: Temperature [ITS-90, deg C]
# name 2 = sbeox0Mg/L: Oxygen, SBE 43 [mg/l]
# name 3 = sbeox0PS: Oxygen, SBE 43 [% saturation]
# name 4 = c0uS/cm: Conductivity [uS/cm]
# name 5 = specc: Specific Conductance [uS/cm]
# name 6 = ph: pH
# name 7 = orp: Oxidation Reduction Potential [mV]
# name 8 = flECO-AFL: Fluorescence, WET Labs ECO-AFL/FL [mg/m^3]
# name 9 = turbWETntu0: Turbidity, WET Labs ECO [NTU]
# name 10 = sal00: Salinity, Practical [PSU]
# name 11 = dz/dtM: Descent Rate [m/s]
# name 12 = prdM: Pressure, Strain Gauge [db]
# name 13 = prdE: Pressure, Strain Gauge [psi]
# name 14 = scan: Scan Count
# name 15 = par/sat/log: PAR/Logarithmic, Satlantic
# name 16 = density00: Density [density, kg/m^3]
# name 17 = flag:  0.000e+00
# span 0 =     -0.609,      9.562       
# span 1 =    10.8770,    27.4280       
# span 2 =    -0.1946,    12.5806       
# span 3 =     -1.765,    142.619       
# span 4 =   0.267951,  93.465026       
# span 5 =      0.435,    129.841       
# span 6 =      6.243,      8.176       
# span 7 = -1240.7455,  1240.2295       
# span 8 =    -0.1560,    14.8818       
# span 9 =    -0.6142,   127.8371       
# span 10 =     0.0118,     0.0612      
# span 11 =     -0.112,      0.217      
# span 12 =     -0.597,      9.376      
# span 13 =     -0.866,     13.598      
# span 14 =          1,        748      
# span 15 = 1.2209e-01, 3.8979e+02      
# span 16 =   996.4158,   999.7112      
# span 17 = 0.0000e+00, 0.0000e+00      
# interval = seconds: 0.25
# start_time = Jul 22 2019 10:09:47 [Instrument's time stamp, header]
# bad_flag = -9.990e-29
*END*
[from data line 563]
      5.667    11.2216     5.1145     46.606  30.186717     41.684      6.815   328.0590     1.4729    10.8495     0.0218      0.133      5.559      8.061        564 2.9288e-01   999.6273 0.0000e+00
      5.693    11.2201     5.0961     46.435  30.209203     41.688      6.812   328.4754     1.4310    10.7630     0.0218      0.127      5.584      8.098        565 2.6329e-01   999.6278 0.0000e+00
      5.721    11.2182     5.0781     46.276  30.179550     41.651      6.810   328.2104     1.4462    10.6764     0.0218      0.120      5.609      8.135        566 2.4760e-01   999.6281 0.0000e+00
      5.744    11.2150     5.0590     46.107  30.253247     41.769      6.809   328.2483     1.4195    10.8351     0.0218      0.112      5.631      8.168        567 2.3331e-01   999.6285 0.0000e+00
      5.762    11.2117     5.0470     45.996  30.265623     41.771      6.805   328.4376     1.4691    11.0658     0.0218      0.103      5.651      8.196        568 1.9903e-01   999.6287 0.0000e+00
      5.780    11.2090     5.0322     45.858  30.253029     41.775      6.808   328.2861     1.4691    11.0225     0.0218      0.095      5.668      8.221        569 2.0063e-01   999.6291 0.0000e+00
      5.797    11.2088     5.0228     45.770  30.268922     41.779      6.806   328.0969     1.4615    10.9648     0.0218      0.089      5.684      8.244        570 1.8086e-01   999.6295 0.0000e+00
      5.810    11.2131     5.0162     45.708  30.334727     41.898      6.807   328.0969     1.4386    11.0225     0.0219      0.083      5.699      8.264        571 1.5648e-01   999.6298 0.0000e+00
      5.824    11.2151     5.0074     45.625  30.348897     41.898      6.802   328.3997     1.6103     9.9410     0.0219      0.076      5.714      8.287        572 1.7824e-01   999.6300 0.0000e+00
      5.847    11.2103     5.0048     45.604  30.340167     41.893      6.803   329.0811     1.5683     9.9410     0.0219      0.071      5.734      8.315        573 1.6903e-01   999.6297 0.0000e+00
      5.869    11.2041     5.0102     45.655  30.345591     41.890      6.801   328.9676     1.5988     9.9410     0.0219      0.069      5.754      8.345        574 1.5110e-01   999.6295 0.0000e+00
      5.886    11.2019     5.0197     45.737  30.401401     41.973      6.802   329.2704     1.5569     9.7968     0.0219      0.068      5.774      8.374        575 1.3088e-01   999.6301 0.0000e+00
      5.908    11.2063     5.0337     45.863  30.389221     41.980      6.800   329.5354     1.2250     9.4796     0.0219      0.071      5.794      8.404        576 1.2681e-01   999.6309 0.0000e+00
      5.932    11.2107     5.0587     46.093  30.271870     41.790      6.801   329.6111     1.2288     9.5229     0.0218      0.074      5.817      8.437        577 1.3293e-01   999.6312 0.0000e+00
      5.954    11.2099     5.0703     46.210  30.340056     41.900      6.797   330.0276     1.1945     9.3787     0.0219      0.079      5.841      8.471        578 1.2209e-01   999.6308 0.0000e+00
      5.981    11.2069     5.0855     46.361  30.333991     41.895      6.795   330.6333     1.2135     9.5373     0.0219      0.084      5.866      8.508        579 1.2499e-01   999.6305 0.0000e+00
      6.010    11.2042     5.1032     46.526  30.160910     41.627      6.793   331.6554     0.9808     9.6238     0.0217      0.089      5.894      8.548        580 1.2650e-01   999.6307 0.0000e+00
      6.038    11.2021     5.1142     46.623  30.140680     41.630      6.792   331.5419     0.9732     9.7536     0.0217      0.093      5.921      8.588        581 1.2443e-01   999.6311 0.0000e+00
      6.065    11.2006     5.1138     46.614  30.151783     41.633      6.790   331.8447     0.9808     9.7247     0.0217      0.098      5.949      8.628        582 1.2302e-01   999.6315 0.0000e+00
      6.095    11.2025     5.1161     46.626  30.087839     41.558      6.786   332.2990     0.9618     9.6238     0.0217      0.103      5.976      8.667        583 1.2399e-01   999.6319 0.0000e+00
      6.120    11.2031     5.1091     46.550  30.101752     41.560      6.784   332.3747     0.9122     9.4652     0.0217      0.106      5.999      8.701        584 1.2339e-01   999.6321 0.0000e+00
      6.138    11.1996     5.1094     46.542  30.164097     41.674      6.782   331.9961     0.8816     9.4796     0.0218      0.105      6.019      8.729        585 1.2372e-01   999.6320 0.0000e+00
      6.156    11.1979     5.1005     46.455  30.158382     41.634      6.778   332.2990     0.9579     9.5373     0.0217      0.102      6.036      8.754        586 1.2350e-01   999.6320 0.0000e+00
      6.171    11.2004     5.0938     46.391  30.138490     41.639      6.779   332.0340     0.9122     9.5229     0.0217      0.095      6.051      8.776        587 1.2368e-01   999.6324 0.0000e+00
      6.183    11.2107     5.0814     46.277  30.159229     41.640      6.777   332.1854     0.9160     9.4508     0.0217      0.086      6.065      8.796        588 1.2357e-01   999.6327 0.0000e+00
      6.199    11.2224     5.0635     46.111  30.191828     41.715      6.777   332.6776     0.8511     9.7392     0.0218      0.077      6.080      8.818        589 1.2368e-01   999.6325 0.0000e+00
      6.216    11.2260     5.0461     45.947  30.157172     41.625      6.775   332.4883     0.8397     9.7392     0.0217      0.070      6.095      8.840        590 1.2360e-01   999.6315 0.0000e+00
      6.228    11.2230     5.0156     45.665  30.202354     41.689      6.772   332.7533     0.8282     9.7536     0.0218      0.063      6.109      8.860        591 1.2361e-01   999.6304 0.0000e+00
      6.244    11.2175     4.9836     45.371  30.224477     41.723      6.773   330.7469     0.8549     9.6959     0.0218      0.060      6.125      8.884        592 1.2366e-01   999.6301 0.0000e+00
      6.265    11.2092     4.9520     45.080  30.159266     41.612      6.770   331.3147     1.0457     9.6671     0.0217      0.060      6.144      8.912        593 1.2366e-01   999.6305 0.0000e+00
      6.286    11.1980     4.9281     44.864  30.194628     41.695      6.770   331.6554     1.0266     9.7247     0.0218      0.063      6.165      8.941        594 1.2364e-01   999.6312 0.0000e+00
      6.307    11.1886     4.9112     44.712  30.210097     41.704      6.768   332.7154     1.0113     9.7247     0.0218      0.066      6.185      8.970        595 1.2353e-01   999.6321 0.0000e+00
      6.327    11.1828     4.9053     44.661  30.199272     41.717      6.770   332.8669     1.0304     9.7247     0.0218      0.071      6.204      8.999        596 1.2351e-01   999.6333 0.0000e+00
      6.346    11.1805     4.9063     44.669  30.208106     41.728      6.767   333.2454     0.9656     9.6238     0.0218      0.073      6.224      9.028        597 1.2350e-01   999.6344 0.0000e+00
      6.368    11.1794     4.9063     44.666  30.228736     41.774      6.764   330.9740     0.9618     9.6815     0.0218      0.076      6.247      9.061        598 1.2360e-01   999.6352 0.0000e+00
      6.398    11.1764     4.9130     44.722  30.262480     41.815      6.761   331.8447     0.9618     9.6671     0.0218      0.082      6.275      9.102        599 1.2379e-01   999.6356 0.0000e+00
      6.431    11.1709     4.9157     44.745  30.254992     41.816      6.761   331.8826     0.9885     9.6526     0.0218      0.088      6.305      9.146        600 1.2372e-01   999.6358 0.0000e+00
      6.460    11.1668     4.9127     44.715  30.208429     41.742      6.756   333.0183     1.0190     9.4508     0.0218      0.094      6.332      9.184        601 1.2365e-01   999.6362 0.0000e+00
      6.479    11.1638     4.9045     44.640  30.201922     41.749      6.755   332.5262     1.0342     9.4796     0.0218      0.097      6.351      9.212        602 1.2365e-01   999.6369 0.0000e+00
      6.492    11.1616     4.9022     44.618  30.203840     41.753      6.754   332.7533     1.0571     9.4508     0.0218      0.097      6.364      9.231        603 1.2367e-01   999.6374 0.0000e+00
      6.501    11.1619     4.8887     44.495  30.176417     41.718      6.753   331.4283     1.0304     9.5373     0.0218      0.093      6.374      9.245        604 1.2374e-01   999.6378 0.0000e+00
      6.507    11.1643     4.8799     44.419  30.206423     41.760      6.751   331.6554     0.9808     9.4796     0.0218      0.084      6.382      9.256        605 1.2361e-01   999.6380 0.0000e+00
      6.516    11.1667     4.8690     44.322  30.255379     41.836      6.748   331.8069     0.9732     9.4075     0.0218      0.071      6.392      9.270        606 1.2366e-01   999.6380 0.0000e+00
      6.531    11.1659     4.8664     44.297  30.263625     41.834      6.748   332.2990     0.9885     9.4219     0.0218      0.059      6.404      9.289        607 1.2363e-01   999.6379 0.0000e+00
      6.544    11.1624     4.8607     44.244  30.255413     41.830      6.747   332.4504     0.9808     9.5084     0.0218      0.049      6.418      9.309        608 1.2353e-01   999.6377 0.0000e+00
      6.558    11.1588     4.8618     44.253  30.265599     41.832      6.748   333.0183     0.9465     9.4075     0.0218      0.045      6.432      9.329        609 1.2378e-01   999.6378 0.0000e+00
      6.575    11.1563     4.8645     44.279  30.280577     41.874      6.742   333.1319     1.0266     9.7103     0.0218      0.045      6.448      9.352        610 1.2370e-01   999.6383 0.0000e+00
      6.592    11.1544     4.8574     44.217  30.266401     41.840      6.743   333.3212     1.0075     9.6959     0.0218      0.049      6.463      9.375        611 1.2346e-01   999.6387 0.0000e+00
      6.605    11.1536     4.8476     44.133  30.253615     41.843      6.742   332.5262     1.0190     9.6959     0.0218      0.053      6.479      9.398        612 1.2365e-01   999.6390 0.0000e+00
      6.625    11.1526     4.8191     43.876  30.266865     41.845      6.741   332.9426     1.0457     9.7247     0.0218      0.059      6.498      9.425        613 1.2378e-01   999.6393 0.0000e+00
      6.649    11.1532     4.7667     43.401  30.338792     41.961      6.739   332.9426     0.8855     9.4075     0.0219      0.064      6.520      9.457        614 1.2370e-01   999.6395 0.0000e+00
      6.671    11.1567     4.7153     42.930  30.341863     41.963      6.739   332.8669     0.9160     9.4219     0.0219      0.068      6.542      9.488        615 1.2369e-01   999.6397 0.0000e+00
      6.691    11.1585     4.6481     42.314  30.263043     41.846      6.735   333.5104     0.9236     9.5084     0.0218      0.073      6.563      9.519        616 1.2371e-01   999.6398 0.0000e+00
      6.715    11.1579     4.5884     41.766  30.288749     41.881      6.738   334.1540     0.8893     9.4940     0.0218      0.077      6.586      9.553        617 1.2367e-01   999.6395 0.0000e+00
      6.743    11.1566     4.5349     41.276  30.339500     41.956      6.735   334.3433     0.9084     9.7392     0.0219      0.082      6.611      9.588        618 1.2364e-01   999.6395 0.0000e+00
      6.764    11.1559     4.4965     40.924  30.348018     41.957      6.732   334.2297     0.9236     9.6815     0.0219      0.087      6.633      9.619        619 1.2374e-01   999.6397 0.0000e+00
      6.783    11.1567     4.4557     40.553  30.633673     42.344      6.733   334.2297     0.8931     9.6094     0.0220      0.089      6.653      9.648        620 1.2370e-01   999.6401 0.0000e+00
      6.804    11.1600     4.4241     40.266  30.843195     42.693      6.730   334.4947     0.9122     9.6094     0.0222      0.089      6.673      9.678        621 1.2350e-01   999.6403 0.0000e+00
      6.826    11.1636     4.3837     39.898  30.709442     42.421      6.729   334.2676     1.0037     9.4075     0.0221      0.087      6.691      9.704        622 1.2348e-01   999.6402 0.0000e+00
      6.838    11.1670     4.3309     39.417  30.651987     42.418      6.727   334.6462     0.9732     9.4796     0.0221      0.084      6.703      9.722        623 1.2367e-01   999.6400 0.0000e+00
      6.843    11.1690     4.2847     38.997  30.588795     42.259      6.726   334.4190     0.9427     9.4652     0.0220      0.077      6.713      9.737        624 1.2359e-01   999.6395 0.0000e+00
      6.857    11.1658     4.2282     38.483  30.669574     42.409      6.724   334.5704     0.9465     9.4796     0.0221      0.069      6.727      9.756        625 1.2355e-01   999.6393 0.0000e+00
      6.878    11.1614     4.1721     37.970  30.877359     42.677      6.719   334.4190     0.9808     9.4508     0.0222      0.064      6.745      9.782        626 1.2366e-01   999.6393 0.0000e+00
      6.897    11.1576     4.1323     37.603  30.922759     42.758      6.721   334.4569     0.9732     9.4363     0.0222      0.061      6.764      9.810        627 1.2363e-01   999.6397 0.0000e+00
      6.917    11.1532     4.0901     37.214  30.938978     42.763      6.718   334.2297     0.9618     9.4940     0.0222      0.061      6.784      9.839        628 1.2382e-01   999.6403 0.0000e+00
      6.938    11.1514     4.0593     36.930  31.034943     42.922      6.713   334.1162     0.9694     9.4075     0.0223      0.063      6.805      9.869        629 1.2376e-01   999.6408 0.0000e+00
      6.960    11.1520     4.0375     36.728  31.099612     43.005      6.713   334.3054     0.9808     9.6671     0.0223      0.067      6.825      9.899        630 1.2362e-01   999.6414 0.0000e+00
      6.981    11.1521     4.0328     36.683  31.095522     43.007      6.715   334.4569     0.9770     9.7247     0.0223      0.074      6.845      9.926        631 1.2368e-01   999.6417 0.0000e+00
      6.996    11.1514     4.0350     36.702  31.099290     43.006      6.713   334.1919     0.9656     9.6959     0.0223      0.078      6.860      9.949        632 1.2373e-01   999.6417 0.0000e+00
      7.008    11.1507     4.0499     36.837  31.094924     43.006      6.707   334.3812     0.9656     9.6094     0.0223      0.076      6.873      9.969        633 1.2375e-01   999.6417 0.0000e+00
      7.022    11.1515     4.0692     37.012  31.160211     43.084      6.714   334.5704     0.9618     9.7392     0.0223      0.073      6.888      9.991        634 1.2375e-01   999.6419 0.0000e+00
      7.044    11.1526     4.0884     37.187  31.195808     43.162      6.710   334.4569     1.0457     9.9699     0.0224      0.070      6.908     10.020        635 1.2371e-01   999.6421 0.0000e+00
      7.068    11.1502     4.1101     37.383  31.109881     43.007      6.706   334.7976     1.0266     9.9122     0.0223      0.070      6.931     10.052        636 1.2368e-01   999.6421 0.0000e+00
      7.092    11.1444     4.1271     37.536  31.089380     43.005      6.703   334.3812     1.0228     9.8401     0.0223      0.071      6.955     10.087        637 1.2370e-01   999.6421 0.0000e+00
      7.116    11.1380     4.1366     37.621  30.984299     42.854      6.701   334.9490     1.0152     9.8978     0.0222      0.074      6.976     10.118        638 1.2375e-01   999.6424 0.0000e+00
      7.133    11.1331     4.1480     37.725  30.944374     42.783      6.698   334.4569     1.0342    10.4746     0.0222      0.077      6.994     10.143        639 1.2370e-01   999.6431 0.0000e+00
      7.146    11.1296     4.1642     37.879  31.020557     42.946      6.696   334.6083     1.0533    10.3736     0.0223      0.079      7.010     10.167        640 1.2347e-01   999.6438 0.0000e+00
      7.165    11.1271     4.1948     38.161  31.008005     42.874      6.696   334.7976     1.0075    10.2871     0.0222      0.080      7.029     10.194        641 1.2362e-01   999.6443 0.0000e+00
      7.190    11.1253     4.2332     38.514  31.078509     43.033      6.693   334.9490     1.0266    10.3160     0.0223      0.081      7.049     10.224        642 1.2364e-01   999.6449 0.0000e+00
      7.208    11.1248     4.2721     38.868  31.169840     43.113      6.691   334.6083     0.9694    10.3160     0.0223      0.079      7.068     10.252        643 1.2353e-01   999.6453 0.0000e+00
