Data/DataNotYetUploadedToEDI/CTD_2019/072219_fcr30.cnv
* Sea-Bird SBE19plus  Data File:
* FileName = C:\DATA\072219_fcr50_0004.hex
* Software version 2.8.0.119
* Temperature SN = 7809
* Conductivity SN = 7809
* System UpLoad Time = Jul 23 2019 10:44:06
* <ApplicationData>
* <Seaterm232>
# nquan = 18
# nvalues = 345                         
# units = specified
# name 0 = depFM: Depth [fresh water, m]
# name 1 = tv290C: Temperature [ITS-90, deg C]
# name 2 = sbeox0Mg/L: Oxygen, SBE 43 [mg/l]
# name 3 = sbeox0PS: Oxygen, SBE 43 [% saturation]
# name 4 = c0uS/cm: Conductivity [uS/cm]
# name 5 = specc: Specific Conductance [uS/cm]
# name 6 = ph: pH
# name 7 = orp: Oxidation Reduction Potential [mV]
# name 8 = flECO-AFL: Fluorescence, WET Labs ECO-AFL/FL [mg/m^3]
# name 9 = turbWETntu0: Turbidity, WET Labs ECO [NTU]
# name 10 = sal00: Salinity, Practical [PSU]
# name 11 = dz/dtM: Descent Rate [m/s]
# name 12 = prdM: Pressure, Strain Gauge [db]
# name 13 = prdE: Pressure, Strain Gauge [psi]
# name 14 = scan: Scan Count
# name 15 = par/sat/log: PAR/Logarithmic, Satlantic
# name 16 = density00: Density [density, kg/m^3]
# name 17 = flag:  0.000e+00
# span 0 =     -0.327,      5.293       
# span 1 =    11.2311,    28.2346       
# span 2 =    -0.3101,    13.3449       
# span 3 =     -3.018,    155.048       
# span 4 =  30.256466,  61.630388       
# span 5 =     34.294,     78.459       
# span 6 =      7.689,      8.797       
# span 7 =   165.9921,   263.5881       
# span 8 =     0.5574,    24.0982       
# span 9 =     1.0296,    14.8870       
# span 10 =     0.0218,     0.0393      
# span 11 =     -0.084,      0.162      
# span 12 =     -0.307,      5.190      
# span 13 =     -0.446,      7.527      
# span 14 =          1,        345      
# span 15 = 3.1904e-01, 7.1640e+02      
# span 16 =   996.1871,   999.6250      
# span 17 = 0.0000e+00, 0.0000e+00      
# interval = seconds: 0.25
# start_time = Jul 22 2019 15:47:48 [Instrument's time stamp, header]
# bad_flag = -9.990e-29
*END*
[from data line 81]
      0.071    27.8527     6.5908     83.985  38.106400     36.038      8.535   252.9502    15.4807     1.9813     0.0248      0.011      0.073      0.105         82 1.9625e+02   996.2936 0.0000e+00
      0.092    27.8492     6.6015     84.121  38.160087     36.091      8.521   252.6473    15.4769     2.0102     0.0248      0.020      0.088      0.128         83 1.8675e+02   996.2941 0.0000e+00
      0.105    27.8537     6.6480     84.716  38.127113     36.070      8.505   252.3066    15.3968     1.9813     0.0248      0.029      0.100      0.145         84 1.7595e+02   996.2961 0.0000e+00
      0.108    27.8594     6.7132     85.539  37.939983     35.888      8.488   252.2309    15.3853     2.0534     0.0247      0.034      0.104      0.150         85 1.7310e+02   996.2971 0.0000e+00
      0.105    27.8622     6.7686     86.244  37.800241     35.752      8.478   233.5294    15.3853     2.0390     0.0247      0.035      0.102      0.148         86 1.8149e+02   996.2958 0.0000e+00
      0.100    27.8602     6.8157     86.846  37.797201     35.748      8.480   210.3987    15.4006     2.0246     0.0247      0.031      0.102      0.148         87 1.7994e+02   996.2941 0.0000e+00
      0.109    27.8556     6.8645     87.470  37.795583     35.746      8.488   208.2787    15.5532     1.8083     0.0247      0.027      0.109      0.158         88 1.7654e+02   996.2934 0.0000e+00
      0.126    27.8512     6.9055     87.985  37.802253     35.748      8.494   206.9158    15.6028     1.7506     0.0247      0.026      0.122      0.176         89 1.7783e+02   996.2941 0.0000e+00
      0.136    27.8480     6.9276     88.251  37.907445     35.857      8.502   205.4394    15.5685     1.7939     0.0247      0.023      0.133      0.192         90 1.6650e+02   996.2955 0.0000e+00
      0.145    27.8478     6.9227     88.188  37.931402     35.886      8.507   204.6822    15.5799     1.7650     0.0247      0.022      0.143      0.207         91 1.7068e+02   996.2967 0.0000e+00
      0.156    27.8486     6.8891     87.769  37.950258     35.888      8.512   203.3194    15.5303     1.7218     0.0247      0.026      0.155      0.225         92 1.6966e+02   996.2977 0.0000e+00
      0.173    27.8494     6.8637     87.439  38.032163     35.994      8.517   202.5622    15.5494     1.7939     0.0248      0.035      0.170      0.248         93 1.6092e+02   996.2979 0.0000e+00
      0.192    27.8497     6.9264     88.227  38.066567     35.993      8.516   201.9186    15.5227     1.7939     0.0248      0.045      0.190      0.275         94 1.5624e+02   996.2977 0.0000e+00
      0.216    27.8460     7.0378     89.645  38.055626     36.020      8.511   200.9343    15.5418     1.8371     0.0248      0.054      0.211      0.305         95 1.5387e+02   996.2975 0.0000e+00
      0.234    27.8442     7.1899     91.579  38.016141     35.940      8.503   200.4043    15.5227     1.7650     0.0248      0.060      0.231      0.335         96 1.5507e+02   996.2976 0.0000e+00
      0.256    27.8463     7.3599     93.739  38.086068     36.048      8.503   200.1772    15.7592     1.8948     0.0248      0.065      0.254      0.368         97 1.5193e+02   996.2987 0.0000e+00
      0.287    27.8469     7.5331     95.932  38.116787     36.049      8.501   200.2151    15.7477     1.9813     0.0248      0.074      0.281      0.407         98 1.5045e+02   996.2993 0.0000e+00
      0.315    27.8418     7.6822     97.817  38.155734     36.101      8.502   200.3286    15.7706     2.1111     0.0248      0.084      0.308      0.446         99 1.4716e+02   996.2989 0.0000e+00
      0.339    27.8328     7.7690     98.916  38.185783     36.127      8.497   200.4422    15.7783     2.0102     0.0248      0.091      0.328      0.477        100 1.4629e+02   996.2988 0.0000e+00
      0.350    27.8323     7.8028     99.340  38.049754     35.998      8.495   200.3665    16.1788     1.9525     0.0248      0.092      0.341      0.495        101 1.4263e+02   996.3002 0.0000e+00
      0.354    27.8375     7.7743     98.974  37.791565     35.767      8.495   200.2908    16.1597     2.0390     0.0247      0.086      0.347      0.504        102 1.4487e+02   996.3028 0.0000e+00
      0.356    27.8336     7.7098     98.149  37.825462     35.767      8.498   200.2151    16.1788     2.0246     0.0247      0.076      0.359      0.522        103 1.4642e+02   996.3030 0.0000e+00
      0.392    27.8268     7.6322     97.156  38.185392     36.159      8.502   201.2372    16.1674     2.0534     0.0248      0.072      0.389      0.565        104 1.3641e+02   996.3017 0.0000e+00
      0.442    27.8258     7.5396     95.976  38.232731     36.162      8.505   201.1615    16.5794     2.0390     0.0248      0.075      0.429      0.623        105 1.3229e+02   996.3030 0.0000e+00
      0.477    27.8244     7.4517     94.852  38.181460     36.141      8.511   200.9722    16.5717     1.9236     0.0248      0.082      0.464      0.674        106 1.2981e+02   996.3052 0.0000e+00
      0.502    27.8204     7.3890     94.051  38.160290     36.115      8.518   201.0101    16.5450     2.0102     0.0248      0.090      0.493      0.715        107 1.2739e+02   996.3056 0.0000e+00
      0.531    27.8132     7.3412     93.439  38.170169     36.116      8.522   201.4643    16.5794     2.0823     0.0248      0.101      0.519      0.753        108 1.2490e+02   996.3060 0.0000e+00
      0.556    27.8059     7.3077     93.008  38.139533     36.118      8.525   201.4643    15.8851     1.9813     0.0248      0.113      0.542      0.787        109 1.2221e+02   996.3073 0.0000e+00
      0.572    27.8014     7.3016     92.920  38.020601     35.965      8.526   201.3886    15.8660     2.0246     0.0248      0.118      0.561      0.814        110 1.2165e+02   996.3093 0.0000e+00
      0.589    27.7986     7.3085     92.994  38.051452     36.049      8.526   201.3129    15.8660     2.0823     0.0248      0.115      0.580      0.840        111 1.1890e+02   996.3115 0.0000e+00
      0.611    27.7965     7.3215     93.146  38.071504     36.026      8.529   201.6158    15.8698     1.9669     0.0248      0.102      0.601      0.872        112 1.1831e+02   996.3128 0.0000e+00
      0.640    27.7940     7.3180     93.079  38.084558     36.080      8.532   201.8051    15.8050     2.0102     0.0248      0.092      0.626      0.908        113 1.1547e+02   996.3138 0.0000e+00
      0.665    27.7918     7.3046     92.888  38.064846     36.029      8.527   202.2972    15.8355     1.9813     0.0248      0.089      0.649      0.941        114 1.1334e+02   996.3145 0.0000e+00
      0.679    27.7902     7.2662     92.384  37.977490     35.978      8.524   201.7293    15.8279     1.9236     0.0248      0.086      0.666      0.965        115 1.1410e+02   996.3152 0.0000e+00
      0.692    27.7879     7.2070     91.618  37.956178     35.926      8.525   201.8808    15.8088     1.9813     0.0247      0.082      0.681      0.988        116 1.1122e+02   996.3159 0.0000e+00
      0.713    27.7856     7.1513     90.892  38.002459     36.007      8.525   202.1836    15.8164     1.9092     0.0248      0.080      0.700      1.015        117 1.0977e+02   996.3165 0.0000e+00
      0.735    27.7836     7.0817     89.996  38.008805     35.982      8.528   202.0322    15.3205     1.7506     0.0248      0.080      0.720      1.044        118 1.0835e+02   996.3172 0.0000e+00
      0.752    27.7808     7.0241     89.253  37.977919     35.984      8.529   202.7136    15.3663     1.7650     0.0248      0.078      0.740      1.074        119 1.0537e+02   996.3179 0.0000e+00
      0.778    27.7742     6.9887     88.794  38.070536     36.038      8.529   202.8272    15.3434     1.7650     0.0248      0.077      0.765      1.110        120 1.0277e+02   996.3186 0.0000e+00
      0.812    27.7664     6.9850     88.738  38.189914     36.198      8.524   203.0543    15.3319     1.6352     0.0248      0.080      0.795      1.153        121 1.0029e+02   996.3197 0.0000e+00
      0.841    27.7577     6.9979     88.892  38.244271     36.203      8.523   202.9786    15.0306     2.0102     0.0248      0.086      0.826      1.199        122 9.7029e+01   996.3216 0.0000e+00
      0.877    27.7444     7.0254     89.227  38.328898     36.341      8.518   203.2815    15.0382     2.0102     0.0249      0.097      0.859      1.246        123 9.3591e+01   996.3239 0.0000e+00
      0.911    27.7315     7.0587     89.638  38.380970     36.346      8.515   204.0765    15.0573     1.9813     0.0249      0.107      0.890      1.290        124 9.1467e+01   996.3266 0.0000e+00
      0.934    27.7226     7.0902     90.029  38.327657     36.356      8.515   203.5465    15.0496     1.9813     0.0249      0.113      0.914      1.325        125 9.0133e+01   996.3304 0.0000e+00
      0.952    27.7136     7.1144     90.326  38.247066     36.232      8.516   203.4329    15.0382     1.9813     0.0248      0.114      0.934      1.355        126 8.8315e+01   996.3342 0.0000e+00
      0.973    27.7033     7.1172     90.351  38.244175     36.291      8.518   203.6601    15.0306     2.0246     0.0249      0.112      0.953      1.381        127 8.6616e+01   996.3368 0.0000e+00
      0.989    27.6951     7.1275     90.469  38.153440     36.165      8.516   203.1679    15.0496     1.9236     0.0248      0.105      0.969      1.405        128 8.6401e+01   996.3394 0.0000e+00
      1.001    27.6890     7.1302     90.487  38.093259     36.146      8.520   203.4329    15.0687     2.0246     0.0248      0.094      0.984      1.428        129 8.5175e+01   996.3422 0.0000e+00
      1.023    27.6829     7.1333     90.501  38.170892     36.204      8.523   203.7358    15.1565     1.9957     0.0248      0.085      1.004      1.456        130 8.3280e+01   996.3447 0.0000e+00
      1.047    27.6772     7.1271     90.402  38.205016     36.262      8.526   203.7358    15.1526     1.9381     0.0248      0.078      1.025      1.486        131 8.2440e+01   996.3465 0.0000e+00
      1.063    27.6710     7.1000     90.050  38.169342     36.213      8.524   203.8494    15.1412     1.9813     0.0248      0.073      1.042      1.512        132 8.2142e+01   996.3482 0.0000e+00
      1.078    27.6623     7.0582     89.507  38.215292     36.270      8.524   203.9251    15.1679     2.0102     0.0248      0.072      1.059      1.536        133 8.1172e+01   996.3500 0.0000e+00
      1.100    27.6547     6.9828     88.541  38.207110     36.274      8.523   204.3036    15.1145     2.1111     0.0248      0.072      1.078      1.563        134 7.9879e+01   996.3518 0.0000e+00
      1.118    27.6490     6.9013     87.502  38.120254     36.174      8.521   204.5308    15.1069     1.9525     0.0248      0.073      1.096      1.589        135 7.9113e+01   996.3544 0.0000e+00
      1.133    27.6431     6.8159     86.412  38.145566     36.232      8.519   205.1365    15.0992     1.9092     0.0248      0.073      1.112      1.612        136 7.8448e+01   996.3566 0.0000e+00
      1.150    27.6359     6.7329     85.352  38.175613     36.236      8.520   205.6286    15.1069     1.9669     0.0248      0.072      1.130      1.639        137 7.6889e+01   996.3582 0.0000e+00
      1.174    27.6280     6.6811     84.678  38.260686     36.346      8.517   206.5751    15.1069     1.9092     0.0249      0.071      1.153      1.672        138 7.4652e+01   996.3600 0.0000e+00
      1.202    27.6177     6.6761     84.580  38.276793     36.351      8.512   206.1586    14.9276     2.0102     0.0249      0.074      1.179      1.710        139 7.3337e+01   996.3621 0.0000e+00
      1.230    27.6019     6.7105     84.985  38.274120     36.357      8.507   206.7644    14.9505     1.9236     0.0249      0.080      1.207      1.750        140 7.1026e+01   996.3646 0.0000e+00
      1.259    27.5895     6.7601     85.585  38.264017     36.364      8.502   207.4836    14.9009     1.9669     0.0249      0.087      1.234      1.789        141 6.8732e+01   996.3676 0.0000e+00
      1.285    27.5838     6.8060     86.140  38.170823     36.268      8.499   208.1272    14.9009     2.0534     0.0248      0.092      1.255      1.821        142 6.8005e+01   996.3720 0.0000e+00
      1.295    27.5768     6.8326     86.454  38.093736     36.224      8.495   208.1651    15.1641     2.1688     0.0248      0.094      1.268      1.840        143 6.7498e+01   996.3755 0.0000e+00
      1.301    27.5701     6.8423     86.558  38.033953     36.148      8.494   208.1651    15.1794     2.2409     0.0248      0.091      1.277      1.852        144 6.7100e+01   996.3772 0.0000e+00
      1.310    27.5663     6.8393     86.502  38.037771     36.180      8.494   208.2029    15.1717     2.1544     0.0248      0.083      1.288      1.869        145 6.6157e+01   996.3791 0.0000e+00
      1.330    27.5621     6.8303     86.381  38.059352     36.184      8.492   208.6194    15.1565     2.1111     0.0248      0.074      1.306      1.894        146 6.4663e+01   996.3811 0.0000e+00
      1.354    27.5567     6.8066     86.070  38.096009     36.240      8.489   208.8465    15.8393     2.5004     0.0248      0.067      1.328      1.927        147 6.3444e+01   996.3823 0.0000e+00
      1.378    27.5443     6.7920     85.863  38.169975     36.296      8.484   209.1115    15.8279     2.4139     0.0248      0.064      1.354      1.964        148 6.2081e+01   996.3836 0.0000e+00
      1.410    27.5228     6.7982     85.907  38.204398     36.353      8.481   209.9065    15.8088     2.5437     0.0249      0.067      1.384      2.008        149 5.9899e+01   996.3853 0.0000e+00
      1.448    27.5018     6.8373     86.372  38.171720     36.308      8.473   210.3229    15.8546     2.2409     0.0248      0.078      1.417      2.055        150 5.8238e+01   996.3889 0.0000e+00
      1.475    27.4834     6.9125     87.288  38.151376     36.323      8.467   210.7772    17.0524     2.3130     0.0248      0.092      1.446      2.097        151 5.7218e+01   996.3950 0.0000e+00
      1.501    27.4657     7.0131     88.518  38.170455     36.337      8.464   211.1937    17.0448     2.4428     0.0248      0.104      1.473      2.136        152 5.5543e+01   996.4010 0.0000e+00
      1.531    27.4520     7.0976     89.543  38.147989     36.351      8.458   211.4587    17.0715     2.3851     0.0248      0.112      1.499      2.173        153 5.4212e+01   996.4063 0.0000e+00
      1.552    27.4398     7.1599     90.295  38.120070     36.309      8.452   211.7237    17.0600     2.4139     0.0248      0.113      1.522      2.207        154 5.3627e+01   996.4114 0.0000e+00
      1.573    27.4287     7.2119     90.922  38.175572     36.399      8.446   212.5944    18.4829     2.3851     0.0248      0.110      1.545      2.241        155 5.1600e+01   996.4153 0.0000e+00
      1.604    27.4232     7.2481     91.346  38.108562     36.327      8.441   213.0865    18.5096     2.4139     0.0248      0.108      1.569      2.276        156 5.0476e+01   996.4188 0.0000e+00
      1.622    27.4162     7.2824     91.748  37.996012     36.229      8.439   213.5787    18.5020     2.4428     0.0248      0.102      1.590      2.306        157 5.0017e+01   996.4219 0.0000e+00
      1.640    27.4005     7.3121     92.087  38.048915     36.285      8.433   213.9951    18.4944     2.4139     0.0248      0.095      1.610      2.336        158 4.8689e+01   996.4235 0.0000e+00
      1.665    27.3796     7.3613     92.674  38.102004     36.344      8.427   216.1908    18.5287     2.2986     0.0248      0.092      1.635      2.372        159 4.7224e+01   996.4256 0.0000e+00
      1.699    27.3598     7.4122     93.273  38.078132     36.328      8.415   216.5694    18.8148     2.3707     0.0248      0.093      1.667      2.418        160 4.5144e+01   996.4302 0.0000e+00
