Data/DataNotYetUploadedToEDI/CTD_2019/072919_fcr50.cnv
* Sea-Bird SBE19plus  Data File:
* FileName = C:\DATA\072919_fcr50_0001.hex
* Software version 2.8.0.119 SB_Terminal.dll
* Temperature SN = 7809
* Conductivity SN = 7809
* System UpLoad Time = Jul 29 2019 09:51:23
* <ApplicationData>
* <Seaterm232>
# nquan = 16
# nvalues = 668                         
# units = specified
# name 0 = depFM: Depth [fresh water, m]
# name 1 = dz/dtM: Descent Rate [m/s]
# name 2 = sbeox0Mg/L: Oxygen, SBE 43 [mg/l]
# name 3 = sbeox0PS: Oxygen, SBE 43 [% saturation]
# name 4 = specc: Specific Conductance [uS/cm]
# name 5 = c0uS/cm: Conductivity [uS/cm]
# name 6 = flECO-AFL: Fluorescence, WET Labs ECO-AFL/FL [mg/m^3]
# name 7 = ph: pH
# name 8 = orp: Oxidation Reduction Potential [mV]
# name 9 = par/sat/log: PAR/Logarithmic, Satlantic
# name 10 = turbWETntu0: Turbidity, WET Labs ECO [NTU]
# name 11 = prdM: Pressure, Strain Gauge [db]
# name 12 = prdE: Pressure, Strain Gauge [psi]
# name 13 = tv290C: Temperature [ITS-90, deg C]
# name 14 = density00: Density [density, kg/m^3]
# name 15 = flag:  0.000e+00
# span 0 =     -0.556,      9.635       
# span 1 =     -0.118,      4.239       
# span 2 =     0.0156,    10.4107       
# span 3 =      0.141,    122.220       
# span 4 =      1.827,    231.511       
# span 5 =   1.858579, 166.617752       
# span 6 =    -1.9458,    37.2942       
# span 7 =      6.779,     11.562       
# span 8 = -1003.8975,   489.9254       
# span 9 = 1.2354e-01, 1.4550e+03       
# span 10 =    -0.5401,    17.9334      
# span 11 =     -0.546,      9.450      
# span 12 =     -0.792,     13.705      
# span 13 =    10.8429,    26.2517      
# span 14 =   996.7363,   999.7439      
# span 15 = 0.0000e+00, 0.0000e+00      
# interval = seconds: 0.25
# start_time = Jul 29 2019 09:43:15 [Instrument's time stamp, header]
# bad_flag = -9.990e-29
*END*
[from data line 362]
      2.477      0.072    10.0622    117.092     36.873  35.326424    33.1450      8.337   242.5024 3.6283e+01     2.4668      2.428      3.521    23.2065   997.5199 0.0000e+00
      2.495      0.072     9.9701    115.852     37.001  35.392324    34.2141      8.330   242.8851 3.5394e+01     2.4417      2.447      3.549    23.1117   997.5426 0.0000e+00
      2.513      0.073     9.8951    114.767     37.107  35.421508    36.1588      8.322   243.3123 3.4573e+01     2.4724      2.465      3.575    23.0181   997.5649 0.0000e+00
      2.530      0.074     9.8315    113.788     37.197  35.425308    37.2123      8.314   243.7107 3.3742e+01     2.4778      2.481      3.599    22.9552   997.5798 0.0000e+00
      2.549      0.075     9.7640    112.761     37.300  35.438149    37.2942      8.309   243.7432 3.2823e+01     2.4734      2.499      3.624    22.9055   997.5917 0.0000e+00
      2.570      0.076     9.6986    111.763     37.402  35.449699    37.2873      8.302   243.5332 3.1869e+01     2.4851      2.520      3.655    22.8306   997.6095 0.0000e+00
      2.591      0.079     9.6446    110.907     37.477  35.437901    37.1630      8.293   243.7527 3.1023e+01     2.4891      2.542      3.686    22.7281   997.6337 0.0000e+00
      2.609      0.083     9.5941    110.104     37.543  35.422325    36.9182      8.285   244.4184 3.0249e+01     2.5213      2.559      3.712    22.6134   997.6606 0.0000e+00
      2.629      0.086     9.5425    109.297     37.588  35.388205    36.7725      8.277   245.0439 2.9387e+01     2.5460      2.577      3.737    22.4990   997.6873 0.0000e+00
      2.651      0.088     9.4864    108.416     37.563  35.279133    36.7025      8.270   245.6361 2.8445e+01     2.4933      2.600      3.770    22.3846   997.7139 0.0000e+00
      2.676      0.088     9.4167    107.330     37.504  35.118916    36.0725      8.265   246.3302 2.7499e+01     2.3754      2.624      3.806    22.2730   997.7397 0.0000e+00
      2.701      0.087     9.3355    106.069     37.481  34.974134    34.9115      8.260   246.8973 2.6601e+01     2.2679      2.650      3.843    22.1677   997.7639 0.0000e+00
      2.726      0.086     9.2500    104.748     37.499  34.861235    34.2732      8.255   247.2451 2.5849e+01     2.2428      2.674      3.879    22.0717   997.7860 0.0000e+00
      2.746      0.083     9.1634    103.419     37.539  34.769168    34.1290      8.251   247.6100 2.5232e+01     2.2683      2.694      3.907    21.9645   997.8104 0.0000e+00
      2.764      0.081     9.0812    102.139     37.593  34.685858    33.1156      8.246   248.1254 2.4626e+01     2.2813      2.710      3.930    21.8237   997.8423 0.0000e+00
      2.783      0.081     8.9999    100.867     37.664  34.615365    31.2630      8.239   248.1427 2.3969e+01     2.2685      2.728      3.957    21.6527   997.8807 0.0000e+00
      2.803      0.082     8.9170     99.590     37.740  34.551325    30.2314      8.233   247.5615 2.3285e+01     2.2443      2.748      3.986    21.4763   997.9200 0.0000e+00
      2.825      0.084     8.8436     98.450     37.802  34.482569    29.9193      8.228   247.6368 2.2589e+01     2.2185      2.770      4.017    21.3077   997.9573 0.0000e+00
      2.848      0.086     8.7835     97.493     37.856  34.418530    27.5059      8.224   248.3648 2.1914e+01     2.1535      2.793      4.051    21.1312   997.9960 0.0000e+00
      2.872      0.086     8.7358     96.705     37.891  34.348086    23.1074      8.219   248.7919 2.1304e+01     2.0478      2.817      4.086    20.9474   998.0361 0.0000e+00
      2.894      0.086     8.6988     96.055     37.905  34.265355    20.7120      8.213   249.1878 2.0742e+01     1.9892      2.838      4.117    20.7651   998.0754 0.0000e+00
      2.914      0.085     8.6655     95.457     37.912  34.179699    20.4002      8.206   249.0216 2.0213e+01     2.0021      2.858      4.145    20.5986   998.1110 0.0000e+00
      2.935      0.083     8.6287     94.824     37.897  34.073892    19.2587      8.201   247.7284 1.9679e+01     1.9089      2.877      4.174    20.4516   998.1422 0.0000e+00
      2.956      0.082     8.5862     94.127     37.849  33.937910    17.1933      8.197   246.8880 1.9122e+01     1.6809      2.899      4.205    20.3161   998.1708 0.0000e+00
      2.978      0.082     8.5364     93.349     37.804  33.804725    16.0618      8.192   247.0345 1.8616e+01     1.5402      2.922      4.237    20.1931   998.1966 0.0000e+00
      2.999      0.082     8.4724     92.423     37.756  33.669279    15.9553      8.187   247.6929 1.8163e+01     1.5188      2.941      4.266    20.0737   998.2215 0.0000e+00
      3.019      0.082     8.3863     91.265     37.674  33.505929    15.9582      8.181   248.5678 1.7710e+01     1.5533      2.961      4.295    19.9525   998.2466 0.0000e+00
      3.040      0.082     8.2769     89.861     37.602  33.352690    16.0621      8.176   249.0082 1.7257e+01     1.5973      2.981      4.324    19.8298   998.2719 0.0000e+00
      3.061      0.083     8.1581     88.357     37.547  33.212554    16.2409      8.171   248.9740 1.6805e+01     1.5910      3.002      4.354    19.7047   998.2975 0.0000e+00
      3.082      0.084     8.0511     86.987     37.500  33.080694    16.3168      8.166   248.9292 1.6364e+01     1.5759      3.022      4.383    19.5804   998.3227 0.0000e+00
      3.103      0.085     7.9670     85.878     37.465  32.964048    16.1730      8.161   249.1545 1.5934e+01     1.5793      3.043      4.413    19.4618   998.3465 0.0000e+00
      3.125      0.085     7.9095     85.063     37.395  32.817482    14.5455      8.156   249.3753 1.5515e+01     1.5001      3.065      4.444    19.3464   998.3697 0.0000e+00
      3.148      0.085     7.8801     84.553     37.290  32.641157    11.5507      8.152   249.5333 1.5134e+01     1.3724      3.087      4.477    19.2233   998.3943 0.0000e+00
      3.171      0.084     7.8686     84.235     37.205  32.481997     9.9091      8.150   250.7214 1.4785e+01     1.3456      3.110      4.510    19.1010   998.4185 0.0000e+00
      3.193      0.083     7.8676     84.024     37.156  32.352579     9.7486      8.147   252.7269 1.4438e+01     1.3726      3.131      4.540    18.9875   998.4409 0.0000e+00
      3.213      0.082     7.8778     83.933     37.101  32.218555     9.7049      8.144   253.7342 1.4094e+01     1.3721      3.151      4.570    18.8746   998.4630 0.0000e+00
      3.232      0.082     7.8929     83.901     37.023  32.067142     9.6498      8.141   253.9529 1.3772e+01     1.3393      3.170      4.597    18.7625   998.4847 0.0000e+00
      3.251      0.083     7.9021     83.806     36.946  31.917859     9.6029      8.137   253.9952 1.3475e+01     1.3039      3.188      4.623    18.6509   998.5062 0.0000e+00
      3.272      0.086     7.9022     83.611     36.846  31.746124     9.5456      8.134   253.9010 1.3178e+01     1.3048      3.209      4.654    18.5322   998.5291 0.0000e+00
      3.295      0.089     7.8988     83.371     36.751  31.577057     9.0437      8.130   254.6206 1.2876e+01     1.2838      3.231      4.687    18.4121   998.5519 0.0000e+00
      3.318      0.093     7.8967     83.140     36.719  31.460023     8.1297      8.126   255.8983 1.2562e+01     1.2139      3.254      4.720    18.3019   998.5728 0.0000e+00
      3.343      0.094     7.8977     82.941     36.691  31.346284     7.6404      8.123   256.6160 1.2246e+01     1.1474      3.277      4.754    18.1917   998.5935 0.0000e+00
      3.368      0.094     7.8986     82.746     36.644  31.217048     7.5749      8.122   256.6735 1.1972e+01     1.1024      3.302      4.789    18.0765   998.6151 0.0000e+00
      3.394      0.092     7.8974     82.536     36.609  31.103005     7.2867      8.119   256.4220 1.1725e+01     1.0959      3.329      4.828    17.9586   998.6370 0.0000e+00
      3.419      0.089     7.8958     82.333     36.635  31.046061     6.7652      8.116   256.3285 1.1473e+01     1.1022      3.354      4.865    17.8351   998.6598 0.0000e+00
      3.441      0.086     7.8872     82.069     36.712  31.036096     6.4800      8.114   256.5752 1.1254e+01     1.1132      3.375      4.896    17.7107   998.6825 0.0000e+00
      3.460      0.083     7.8640     81.659     36.735  30.982424     6.4563      8.112   256.9092 1.1075e+01     1.1302      3.393      4.921    17.5900   998.7044 0.0000e+00
      3.479      0.081     7.8275     81.113     36.729  30.904678     6.4440      8.109   257.1842 1.0906e+01     1.1115      3.411      4.947    17.4743   998.7253 0.0000e+00
      3.499      0.081     7.7809     80.470     36.755  30.857446     6.3752      8.107   257.4042 1.0738e+01     1.1161      3.431      4.977    17.3648   998.7449 0.0000e+00
      3.520      0.082     7.7274     79.762     36.759  30.791998     6.2658      8.104   257.5912 1.0568e+01     1.1533      3.451      5.007    17.2651   998.7627 0.0000e+00
      3.542      0.084     7.6699     79.016     36.711  30.684364     6.2137      8.102   257.6373 1.0409e+01     1.1348      3.474      5.038    17.1670   998.7801 0.0000e+00
      3.564      0.084     7.6066     78.216     36.655  30.571254     6.2138      8.100   257.6179 1.0258e+01     1.0893      3.495      5.069    17.0651   998.7979 0.0000e+00
      3.585      0.085     7.5336     77.318     36.653  30.503049     6.3108      8.097   257.9585 1.0100e+01     1.0618      3.516      5.100    16.9716   998.8143 0.0000e+00
      3.607      0.085     7.4521     76.325     36.729  30.494171     6.5094      8.093   258.5726 9.9448e+00     1.0651      3.538      5.131    16.8807   998.8301 0.0000e+00
      3.629      0.086     7.3701     75.315     36.787  30.463825     6.6216      8.091   259.0198 9.8072e+00     1.0962      3.560      5.161    16.7855   998.8466 0.0000e+00
      3.650      0.087     7.2843     74.262     36.797  30.389850     6.6191      8.089   259.4081 9.6801e+00     1.1105      3.579      5.191    16.6971   998.8618 0.0000e+00
      3.672      0.087     7.1805     73.037     36.859  30.361110     6.4961      8.086   259.5678 9.5447e+00     1.1074      3.600      5.222    16.6095   998.8767 0.0000e+00
      3.695      0.087     7.0619     71.676     36.962  30.370042     6.2776      8.084   259.4024 9.4211e+00     1.1239      3.624      5.256    16.5111   998.8934 0.0000e+00
      3.718      0.087     6.9322     70.212     37.053  30.370848     6.1626      8.082   260.0755 9.3141e+00     1.1459      3.647      5.289    16.4027   998.9117 0.0000e+00
      3.740      0.086     6.7840     68.561     37.146  30.370765     6.1463      8.078   261.5974 9.1994e+00     1.1444      3.668      5.320    16.2878   998.9310 0.0000e+00
      3.761      0.084     6.6208     66.757     37.243  30.368947     6.0198      8.075   262.5735 9.0833e+00     1.1378      3.688      5.349    16.1786   998.9491 0.0000e+00
      3.783      0.082     6.4484     64.873     37.314  30.348770     5.7866      8.073   263.0156 8.9755e+00     1.1315      3.710      5.380    16.0778   998.9657 0.0000e+00
      3.804      0.081     6.2684     62.942     37.357  30.317066     5.6673      8.070   263.2431 8.8630e+00     1.1013      3.730      5.411    15.9808   998.9816 0.0000e+00
      3.824      0.080     6.0818     60.965     37.412  30.302812     5.6695      8.066   263.1741 8.7606e+00     1.0671      3.751      5.439    15.8799   998.9980 0.0000e+00
      3.843      0.080     5.8831     58.859     37.498  30.303264     5.6489      8.063   263.1268 8.6659e+00     1.0787      3.769      5.467    15.7673   999.0162 0.0000e+00
      3.863      0.080     5.6734     56.627     37.625  30.322451     5.5915      8.061   263.4456 8.5469e+00     1.0779      3.788      5.494    15.6551   999.0342 0.0000e+00
      3.884      0.081     5.4637     54.397     37.761  30.344338     5.5564      8.058   264.1040 8.4267e+00     1.0571      3.809      5.524    15.5672   999.0482 0.0000e+00
      3.904      0.084     5.2522     52.165     37.908  30.377430     5.5535      8.053   264.6335 8.3353e+00     1.0897      3.829      5.553    15.5021   999.0584 0.0000e+00
      3.924      0.085     5.0309     49.850     38.126  30.468641     5.5569      8.047   265.2022 8.2382e+00     1.1116      3.848      5.580    15.4123   999.0725 0.0000e+00
      3.947      0.082     4.8026     47.475     38.345  30.558695     5.5711      8.042   265.9893 8.1042e+00     1.1576      3.869      5.612    15.2922   999.0914 0.0000e+00
      3.972      0.076     4.5719     45.089     38.474  30.577793     5.6044      8.038   266.4076 7.9642e+00     1.2859      3.895      5.651    15.1752   999.1095 0.0000e+00
      3.996      0.068     4.3334     42.655     38.551  30.572553     5.6297      8.034   265.5270 7.8482e+00     1.3524      3.921      5.687    15.0617   999.1269 0.0000e+00
      4.013      0.060     4.0845     40.155     38.668  30.622171     5.6254      8.030   263.7741 7.7657e+00     1.3381      3.938      5.712    14.9555   999.1431 0.0000e+00
      4.023      0.055     3.8325     37.644     38.929  30.796931     5.6130      8.027   263.1097 7.7286e+00     1.2775      3.947      5.724    14.8454   999.1596 0.0000e+00
      4.029      0.054     3.5821     35.147     39.362  31.099125     5.6102      8.022   263.9470 7.7188e+00     1.1759      3.952      5.731    14.7261   999.1773 0.0000e+00
      4.037      0.057     3.3397     32.714     39.847  31.420386     5.6178      8.018   265.2940 7.6735e+00     1.1261      3.957      5.738    14.6359   999.1907 0.0000e+00
      4.052      0.064     3.1112     30.410     40.304  31.698706     5.6270      8.014   266.1467 7.5590e+00     1.1344      3.969      5.758    14.5860   999.1980 0.0000e+00
      4.074      0.073     2.8976     28.253     40.709  31.925836     5.5991      8.010   265.7390 7.4141e+00     1.2425      3.995      5.795    14.5557   999.2026 0.0000e+00
      4.098      0.083     2.7059     26.320     41.009  32.072331     5.5330      8.005   264.4938 7.2736e+00     1.4510      4.019      5.829    14.5124   999.2092 0.0000e+00
      4.120      0.091     2.5472     24.724     41.275  32.200668     5.4955      7.999   263.9105 7.1282e+00     1.5575      4.040      5.860    14.4327   999.2210 0.0000e+00
      4.142      0.096     2.4139     23.381     41.549  32.335167     5.5009      7.993   264.1928 6.9745e+00     1.5475      4.061      5.892    14.3263   999.2365 0.0000e+00
      4.166      0.098     2.2828     22.059     41.704  32.365777     5.4505      7.988   264.8103 6.8083e+00     1.5929      4.084      5.924    14.2076   999.2536 0.0000e+00
      4.193      0.100     2.1391     20.617     41.687  32.253363     5.3275      7.982   265.6969 6.6219e+00     1.6801      4.111      5.961    14.0942   999.2698 0.0000e+00
      4.222      0.102     1.9743     18.978     41.559  32.054696     5.2545      7.976   266.3951 6.4616e+00     1.7171      4.141      6.006    14.0034   999.2826 0.0000e+00
      4.249      0.102     1.7908     17.169     41.362  31.803949     5.2438      7.970   266.7140 6.3401e+00     1.7441      4.168      6.045    13.9170   999.2948 0.0000e+00
      4.274      0.102     1.6038     15.337     41.183  31.569503     5.2332      7.965   266.9718 6.2073e+00     1.8428      4.191      6.078    13.8058   999.3103 0.0000e+00
      4.299      0.101     1.4188     13.534     41.137  31.440988     5.2213      7.959   267.4478 6.0609e+00     1.9606      4.215      6.113    13.6806   999.3273 0.0000e+00
      4.325      0.098     1.2400     11.799     41.191  31.392234     5.2132      7.954   267.9085 5.9180e+00     1.9881      4.241      6.151    13.5606   999.3435 0.0000e+00
      4.351      0.096     1.0815     10.268     41.261  31.360674     5.2045      7.950   268.2390 5.7805e+00     1.9789      4.268      6.190    13.4415   999.3593 0.0000e+00
