Data/DataNotYetUploadedToEDI/CTD_2019/072919_fcr50.cnv
* Sea-Bird SBE19plus  Data File:
* FileName = C:\DATA\072919_fcr50_0001.hex
* Software version 2.8.0.119 SB_Terminal.dll
* Temperature SN = 7809
* Conductivity SN = 7809
* System UpLoad Time = Jul 29 2019 09:51:23
* <ApplicationData>
* <Seaterm232>
# nquan = 16
# nvalues = 668                         
# units = specified
# name 0 = depFM: Depth [fresh water, m]
# name 1 = dz/dtM: Descent Rate [m/s]
# name 2 = sbeox0Mg/L: Oxygen, SBE 43 [mg/l]
# name 3 = sbeox0PS: Oxygen, SBE 43 [% saturation]
# name 4 = specc: Specific Conductance [uS/cm]
# name 5 = c0uS/cm: Conductivity [uS/cm]
# name 6 = flECO-AFL: Fluorescence, WET Labs ECO-AFL/FL [mg/m^3]
# name 7 = ph: pH
# name 8 = orp: Oxidation Reduction Potential [mV]
# name 9 = par/sat/log: PAR/Logarithmic, Satlantic
# name 10 = turbWETntu0: Turbidity, WET Labs ECO [NTU]
# name 11 = prdM: Pressure, Strain Gauge [db]
# name 12 = prdE: Pressure, Strain Gauge [psi]
# name 13 = tv290C: Temperature [ITS-90, deg C]
# name 14 = density00: Density [density, kg/m^3]
# name 15 = flag:  0.000e+00
# span 0 =     -0.556,      9.635       
# span 1 =     -0.118,      4.239       
# span 2 =     0.0156,    10.4107       
# span 3 =      0.141,    122.220       
# span 4 =      1.827,    231.511       
# span 5 =   1.858579, 166.617752       
# span 6 =    -1.9458,    37.2942       
# span 7 =      6.779,     11.562       
# span 8 = -1003.8975,   489.9254       
# span 9 = 1.2354e-01, 1.4550e+03       
# span 10 =    -0.5401,    17.9334      
# span 11 =     -0.546,      9.450      
# span 12 =     -0.792,     13.705      
# span 13 =    10.8429,    26.2517      
# span 14 =   996.7363,   999.7439      
# span 15 = 0.0000e+00, 0.0000e+00      
# interval = seconds: 0.25
# start_time = Jul 29 2019 09:43:15 [Instrument's time stamp, header]
# bad_flag = -9.990e-29
*END*
[from data line 181]
     -0.082 2.2972e-14     6.9100     85.562     36.373  37.283502     5.3115      8.721   230.0068 1.4529e+03     2.5001     -0.080     -0.116    26.1974   996.7508 0.0000e+00
     -0.082 2.5269e-13     7.7613     96.109     36.369  37.283559     5.3105      8.718   230.3246 1.4520e+03     2.5276     -0.080     -0.116    26.2043   996.7490 0.0000e+00
     -0.082 2.7796e-12     8.5319    105.653     36.391  37.306448     5.3006      8.716   230.8469 1.4515e+03     2.5071     -0.080     -0.116    26.2209   996.7446 0.0000e+00
     -0.082 3.0576e-11     9.1298    113.054     36.392  37.306344     5.2779      8.714   230.9005 1.4521e+03     2.4483     -0.080     -0.116    26.2383   996.7399 0.0000e+00
     -0.082 3.3633e-10     9.5258    117.955     36.370  37.282307     5.2618      8.711   230.5439 1.4526e+03     2.4400     -0.080     -0.116    26.2483   996.7372 0.0000e+00
     -0.082 3.6997e-09     9.7153    120.298     36.358  37.269717     5.2619      8.708   230.2342 1.4529e+03     2.4717     -0.079     -0.115    26.2516   996.7363 0.0000e+00
     -0.082 4.0697e-08     9.7113    120.247     36.370  37.281059     5.2879      8.704   230.2536 1.4532e+03     2.5037     -0.080     -0.116    26.2517   996.7363 0.0000e+00
     -0.082 4.4766e-07     9.5753    118.561     36.381  37.292495     5.3247      8.700   230.5197 1.4532e+03     2.5325     -0.080     -0.116    26.2503   996.7367 0.0000e+00
     -0.082      0.000     9.3863    116.219     36.371  37.281050     5.3336      8.699   230.6984 1.4530e+03     2.5247     -0.080     -0.116    26.2487   996.7372 0.0000e+00
     -0.082      0.000     9.1987    113.893     36.361  37.269612     5.3176      8.698   230.6936 1.4526e+03     2.4757     -0.080     -0.116    26.2474   996.7375 0.0000e+00
     -0.082      0.001     9.0389    111.912     36.373  37.281151     5.2705      8.694   230.3758 1.4525e+03     2.4637     -0.080     -0.116    26.2462   996.7378 0.0000e+00
     -0.082      0.002     8.9127    110.348     36.386  37.293619     5.1975      8.685   229.8682 1.4530e+03     2.5114     -0.080     -0.116    26.2454   996.7380 0.0000e+00
     -0.082      0.002     8.8107    109.083     36.386  37.293409     5.1544      8.675   229.4601 1.4527e+03     2.5282     -0.080     -0.116    26.2444   996.7383 0.0000e+00
     -0.081      0.003     8.7278    108.055     36.372  37.278613     5.1306      8.665   229.1415 1.4516e+03     2.5031     -0.078     -0.115    26.2432   996.7386 0.0000e+00
     -0.079      0.004     8.6664    107.292     36.337  37.241673     5.1098      8.653   228.9405 1.4513e+03     2.5025     -0.076     -0.111    26.2418   996.7390 0.0000e+00
     -0.077      0.000     8.6225    106.744     36.325  37.227606     5.1021      8.639   228.5785 1.4516e+03     2.5206     -0.076     -0.110    26.2412   996.7392 0.0000e+00
     -0.077     -0.012     8.5895    106.330     36.335  37.235475     5.0889      8.635   228.2063 1.4513e+03     2.5254     -0.076     -0.110    26.2409   996.7392 0.0000e+00
     -0.075     -0.034     8.5616    105.980     36.312  37.209866     5.0812      8.639   227.7103 1.4513e+03     2.5269     -0.074     -0.108    26.2400   996.7394 0.0000e+00
     -0.074     -0.063     8.5290    105.576     36.274  37.171867     5.0777      8.642   226.7963 1.4538e+03     2.5072     -0.068     -0.099    26.2386   996.7399 0.0000e+00
     -0.088     -0.091     8.4865    105.053     36.259  37.156882     4.9685      8.645   226.3628 1.4550e+03     2.4177     -0.076     -0.110    26.2359   996.7406 0.0000e+00
     -0.123     -0.110     8.4340    104.407     36.257  37.155632     4.7749      8.645   226.5122 1.4480e+03     2.2968     -0.117     -0.169    26.2325   996.7414 0.0000e+00
     -0.173     -0.118     8.3665    103.572     36.258  37.156756     4.6792      8.642   226.7096 1.4353e+03     2.2256     -0.170     -0.246    26.2295   996.7418 0.0000e+00
     -0.221     -0.112     8.2860    102.569     36.273  37.170470     4.6612      8.638   226.7709 1.4223e+03     2.2118     -0.223     -0.322    26.2295   996.7416 0.0000e+00
     -0.255     -0.093     8.2085    101.604     36.299  37.194486     4.5568      8.637   226.5653 1.4140e+03     2.2616     -0.259     -0.375    26.2319   996.7408 0.0000e+00
     -0.269     -0.064     8.1491    100.864     36.300  37.193236     4.3709      8.638   226.3746 1.4100e+03     2.3691     -0.268     -0.388    26.2341   996.7402 0.0000e+00
     -0.272     -0.033     8.1116    100.396     36.264  37.155360     4.2689      8.634   226.4437 1.4066e+03     2.4628     -0.267     -0.387    26.2347   996.7400 0.0000e+00
     -0.271     -0.008     8.0842    100.055     36.228  37.117370     4.2679      8.622   226.6272 1.4051e+03     2.5092     -0.266     -0.386    26.2312   996.7409 0.0000e+00
     -0.270      0.008     8.0489     99.615     36.226  37.114749     4.3156      8.609   226.7856 1.4076e+03     2.5041     -0.265     -0.384    26.2267   996.7422 0.0000e+00
     -0.266      0.016     7.9969     98.971     36.235  37.123669     4.3950      8.602   226.8964 1.4141e+03     2.4665     -0.262     -0.380    26.2241   996.7429 0.0000e+00
     -0.259      0.019     7.9293     98.134     36.210  37.098260     4.4400      8.600   227.0200 1.4214e+03     2.4475     -0.255     -0.369    26.2224   996.7434 0.0000e+00
     -0.251      0.020     7.8460     97.103     36.174  37.061424     4.4433      8.600   227.1622 1.4264e+03     2.4718     -0.245     -0.356    26.2212   996.7437 0.0000e+00
     -0.245      0.020     7.7443     95.844     36.172  37.059133     4.3819      8.599   227.2383 1.4279e+03     2.4980     -0.240     -0.347    26.2207   996.7439 0.0000e+00
     -0.241      0.017     7.6278     94.402     36.184  37.070559     4.2700      8.594   227.3381 1.4227e+03     2.4693     -0.236     -0.342    26.2203   996.7440 0.0000e+00
     -0.237      0.011     7.5083     92.922     36.186  37.072629     4.2091      8.583   227.4226 1.3751e+03     2.4526     -0.231     -0.336    26.2199   996.7441 0.0000e+00
     -0.233      0.004     7.3978     91.553     36.197  37.084159     4.2016      8.575   227.2279 1.1082e+03     2.4921     -0.228     -0.330    26.2196   996.7442 0.0000e+00
     -0.231     -0.004     7.3024     90.373     36.197  37.083014     4.2562      8.577   226.8770 7.9868e+02     2.4882     -0.226     -0.328    26.2191   996.7443 0.0000e+00
     -0.233     -0.012     7.2246     89.410     36.174  37.058790     4.3657      8.586   226.7065 9.2931e+02     2.4378     -0.227     -0.330    26.2190   996.7443 0.0000e+00
     -0.238     -0.018     7.1641     88.660     36.160  37.045170     4.4332      8.595   226.7150 1.2717e+03     2.4080     -0.232     -0.336    26.2187   996.7444 0.0000e+00
     -0.246     -0.021     7.1204     88.119     36.160  37.045274     4.4484      8.604   226.8946 1.4086e+03     2.4231     -0.241     -0.350    26.2181   996.7446 0.0000e+00
     -0.256     -0.021     7.0909     87.754     36.175  37.060049     4.4453      8.610   227.0716 1.4196e+03     2.4890     -0.252     -0.366    26.2179   996.7446 0.0000e+00
     -0.263     -0.019     7.0659     87.445     36.211  37.096864     4.4736      8.615   226.7901 1.4205e+03     2.5167     -0.259     -0.376    26.2175   996.7446 0.0000e+00
     -0.266     -0.014     7.0382     87.101     36.223  37.109557     4.5395      8.618   226.2439 1.4197e+03     2.4955     -0.262     -0.380    26.2171   996.7447 0.0000e+00
     -0.268     -0.009     7.0073     86.719     36.202  37.086579     4.5660      8.621   225.9733 1.4164e+03     2.4952     -0.263     -0.382    26.2172   996.7447 0.0000e+00
     -0.268     -0.005     6.9740     86.306     36.188  37.072929     4.5603      8.624   226.1002 1.4128e+03     2.4802     -0.263     -0.382    26.2171   996.7447 0.0000e+00
     -0.268     -0.001     6.9372     85.851     36.187  37.071471     4.5395      8.626   226.4878 1.4126e+03     2.4449     -0.263     -0.381    26.2171   996.7447 0.0000e+00
     -0.268      0.001     6.8978     85.364     36.184  37.068943     4.4875      8.628   226.4433 1.4163e+03     2.4289     -0.263     -0.381    26.2167   996.7448 0.0000e+00
     -0.268      0.003     6.8577     84.868     36.158  37.042366     4.4526      8.630   225.8206 1.4195e+03     2.4179     -0.262     -0.381    26.2161   996.7450 0.0000e+00
     -0.268      0.008     6.8199     84.400     36.121  37.004022     4.4469      8.628   225.4966 1.4208e+03     2.4103     -0.263     -0.382    26.2163   996.7450 0.0000e+00
     -0.267      0.017     6.7853     83.971     36.103  36.986169     4.4188      8.623   225.6237 1.4223e+03     2.4680     -0.262     -0.380    26.2166   996.7448 0.0000e+00
     -0.265      0.030     6.7482     83.511     36.071  36.953445     4.3648      8.614   225.5514 1.4246e+03     2.5917     -0.261     -0.378    26.2168   996.7448 0.0000e+00
     -0.260      0.045     6.7042     82.966     36.045  36.925731     4.3309      8.604   225.0522 1.4289e+03     2.6604     -0.258     -0.375    26.2170   996.7447 0.0000e+00
     -0.247      0.060     6.6541     82.346     36.087  36.968440     4.3294      8.594   224.6637 1.4374e+03     2.6433     -0.245     -0.357    26.2168   996.7448 0.0000e+00
     -0.224      0.074     6.6051     81.739     36.143  37.025521     4.3635      8.586   224.4686 1.4459e+03     2.6136     -0.221     -0.321    26.2163   996.7451 0.0000e+00
     -0.198      0.083     6.5692     81.294     36.161  37.044645     4.4230      8.581   224.0692 1.4500e+03     2.5964     -0.194     -0.282    26.2157   996.7453 0.0000e+00
     -0.173      0.087     6.5564     81.133     36.191  37.072717     4.4591      8.576   223.4486 1.4509e+03     2.5991     -0.170     -0.247    26.2151   996.7456 0.0000e+00
     -0.149      0.087     6.5814     81.435     36.232  37.111045     4.4702      8.570   222.7297 1.4491e+03     2.6132     -0.145     -0.210    26.2147   996.7458 0.0000e+00
     -0.127      0.083     6.6702     82.524     36.252  37.127216     4.5751      8.562   222.6900 1.4456e+03     2.6038     -0.123     -0.178    26.2148   996.7459 0.0000e+00
     -0.109      0.079     6.8322     84.523     36.268  37.141276     4.7823      8.555   223.3128 1.4416e+03     2.5834     -0.107     -0.155    26.2151   996.7459 0.0000e+00
     -0.091      0.075     7.0417     87.111     36.283  37.154097     4.9043      8.550   223.3773 1.4358e+03     2.5963     -0.090     -0.130    26.2135   996.7464 0.0000e+00
     -0.072      0.073     7.2763     90.012     36.284  37.155282     4.9136      8.545   222.6957 1.4322e+03     2.6290     -0.070     -0.100    26.2081   996.7480 0.0000e+00
     -0.054      0.071     7.5285     93.131     36.284  37.155605     4.9031      8.543   221.6972 1.4382e+03     2.6177     -0.052     -0.077    26.2013   996.7499 0.0000e+00
     -0.036      0.071     7.7866     96.327     36.285  37.157998     4.9340      8.540   221.0257 1.4486e+03     2.5913     -0.036     -0.052    26.1961   996.7513 0.0000e+00
     -0.017      0.071     8.0467     99.556     36.306  37.184218     5.0010      8.537   221.2027 1.4532e+03     2.6041     -0.016     -0.023    26.1946   996.7518 0.0000e+00
      0.001      0.071     8.2898    102.579     36.335  37.218743     5.0276      8.536   221.6857 1.4386e+03     2.6087      0.000      0.001    26.1946   996.7519 0.0000e+00
      0.017      0.071     8.4778    104.920     36.305  37.194600     5.0305      8.534   221.7898 1.2573e+03     2.6137      0.016      0.024    26.1930   996.7524 0.0000e+00
      0.035      0.070     8.5981    106.419     36.254  37.146214     5.1835      8.531   221.6866 9.8579e+02     2.5993      0.035      0.050    26.1952   996.7519 0.0000e+00
      0.054      0.068     8.6552    107.132     36.247  37.141502     5.4725      8.530   221.3840 8.5061e+02     2.5335      0.053      0.077    26.2021   996.7502 0.0000e+00
      0.073      0.067     8.6442    106.995     36.245  37.137632     5.6298      8.531   221.0560 7.3242e+02     2.5063      0.072      0.104    26.2105   996.7480 0.0000e+00
      0.090      0.065     8.5629    105.981     36.210  37.099416     5.6719      8.531   221.3347 6.5592e+02     2.5323      0.090      0.130    26.2192   996.7457 0.0000e+00
      0.106      0.064     8.4210    104.216     36.175  37.060272     5.8855      8.531   221.8287 7.2385e+02     2.5198      0.104      0.151    26.2249   996.7443 0.0000e+00
      0.120      0.063     8.2335    101.888     36.163  37.045182     6.2446      8.529   222.1243 7.8235e+02     2.4539      0.116      0.170    26.2278   996.7436 0.0000e+00
      0.135      0.063     8.0211     99.255     36.164  37.043903     6.4255      8.524   222.5000 8.0909e+02     2.4240      0.131      0.191    26.2273   996.7438 0.0000e+00
      0.152      0.064     7.8062     96.592     36.166  37.044809     6.4335      8.519   222.9296 9.0950e+02     2.4531      0.149      0.216    26.2224   996.7452 0.0000e+00
      0.169      0.065     7.5986     94.020     36.179  37.056129     6.4539      8.513   222.4142 9.3257e+02     2.5104      0.166      0.242    26.2167   996.7468 0.0000e+00
      0.186      0.067     7.4059     91.633     36.177  37.053831     6.4904      8.508   221.2591 8.1887e+02     2.5921      0.183      0.265    26.2126   996.7480 0.0000e+00
      0.203      0.069     7.2399     89.578     36.142  37.017015     6.5023      8.503   221.0946 7.6175e+02     2.6549      0.200      0.290    26.2104   996.7487 0.0000e+00
      0.220      0.070     7.1046     87.903     36.117  36.991825     6.4848      8.500   221.8880 7.4360e+02     2.6471      0.215      0.312    26.2082   996.7492 0.0000e+00
      0.238      0.070     6.9973     86.575     36.128  37.003155     6.4268      8.499   222.8508 6.9269e+02     2.5959      0.232      0.336    26.2063   996.7498 0.0000e+00
      0.258      0.070     6.9099     85.493     36.152  37.027067     6.3383      8.499   222.4969 6.4475e+02     2.5602      0.253      0.367    26.2054   996.7502 0.0000e+00
      0.278      0.071     6.8379     84.603     36.152  37.027047     6.2897      8.496   220.9640 6.1519e+02     2.5107      0.274      0.397    26.2047   996.7504 0.0000e+00
      0.295      0.072     6.7863     83.965     36.129  37.002915     6.2820      8.493   220.5783 5.9878e+02     2.4567      0.289      0.421    26.2045   996.7505 0.0000e+00
      0.310      0.073     6.7516     83.535     36.115  36.989170     6.2798      8.488   221.6189 5.8333e+02     2.4635      0.303      0.440    26.2044   996.7507 0.0000e+00
      0.327      0.076     6.7241     83.194     36.114  36.987801     6.2806      8.483   222.9632 5.5310e+02     2.5277      0.319      0.463    26.2041   996.7508 0.0000e+00
      0.347      0.080     6.6986     82.879     36.113  36.986371     6.2738      8.478   223.9263 5.1191e+02     2.6100      0.341      0.494    26.2039   996.7509 0.0000e+00
      0.369      0.085     6.6750     82.587     36.098  36.971873     6.2588      8.470   224.4017 4.7388e+02     2.6397      0.362      0.524    26.2038   996.7511 0.0000e+00
      0.392      0.090     6.6542     82.327     36.067  36.939456     6.2543      8.461   224.4962 4.4066e+02     2.6248      0.383      0.555    26.2037   996.7512 0.0000e+00
      0.416      0.092     6.6345     82.082     36.042  36.911781     6.2636      8.455   224.4660 4.0898e+02     2.6268      0.407      0.590    26.2037   996.7513 0.0000e+00
      0.442      0.092     6.6148     81.835     36.023  36.891155     6.2758      8.450   224.5528 3.8336e+02     2.6629      0.433      0.628    26.2035   996.7515 0.0000e+00
      0.467      0.091     6.5968     81.609     36.014  36.880474     6.2807      8.445   224.7713 3.6940e+02     2.6688      0.458      0.665    26.2030   996.7517 0.0000e+00
      0.490      0.088     6.5818     81.421     36.044  36.909583     6.2789      8.441   225.7298 3.6090e+02     2.6325      0.481      0.698    26.2022   996.7521 0.0000e+00
