Data/DataNotYetUploadedToEDI/CTD_2019/072919_fcr50.cnv
* Sea-Bird SBE19plus  Data File:
* FileName = C:\DATA\072919_fcr50_0001.hex
* Software version 2.8.0.119 SB_Terminal.dll
* Temperature SN = 7809
* Conductivity SN = 7809
* System UpLoad Time = Jul 29 2019 09:51:23
* <ApplicationData>
* <Seaterm232>
# nquan = 16
# nvalues = 668                         
# units = specified
# name 0 = depFM: Depth [fresh water, m]
# name 1 = dz/dtM: Descent Rate [m/s]
# name 2 = sbeox0Mg/L: Oxygen, SBE 43 [mg/l]
# name 3 = sbeox0PS: Oxygen, SBE 43 [% saturation]
# name 4 = specc: Specific Conductance [uS/cm]
# name 5 = c0uS/cm: Conductivity [uS/cm]
# name 6 = flECO-AFL: Fluorescence, WET Labs ECO-AFL/FL [mg/m^3]
# name 7 = ph: pH
# name 8 = orp: Oxidation Reduction Potential [mV]
# name 9 = par/sat/log: PAR/Logarithmic, Satlantic
# name 10 = turbWETntu0: Turbidity, WET Labs ECO [NTU]
# name 11 = prdM: Pressure, Strain Gauge [db]
# name 12 = prdE: Pressure, Strain Gauge [psi]
# name 13 = tv290C: Temperature [ITS-90, deg C]
# name 14 = density00: Density [density, kg/m^3]
# name 15 = flag:  0.000e+00
# span 0 =     -0.556,      9.635       
# span 1 =     -0.118,      4.239       
# span 2 =     0.0156,    10.4107       
# span 3 =      0.141,    122.220       
# span 4 =      1.827,    231.511       
# span 5 =   1.858579, 166.617752       
# span 6 =    -1.9458,    37.2942       
# span 7 =      6.779,     11.562       
# span 8 = -1003.8975,   489.9254       
# span 9 = 1.2354e-01, 1.4550e+03       
# span 10 =    -0.5401,    17.9334      
# span 11 =     -0.546,      9.450      
# span 12 =     -0.792,     13.705      
# span 13 =    10.8429,    26.2517      
# span 14 =   996.7363,   999.7439      
# span 15 = 0.0000e+00, 0.0000e+00      
# interval = seconds: 0.25
# start_time = Jul 29 2019 09:43:15 [Instrument's time stamp, header]
# bad_flag = -9.990e-29
*END*
[from data line 452]
      4.397      0.095     0.8843      8.358     41.336  31.261505     5.1351      7.940   270.3931 5.5262e+00     2.3782      4.312      6.255    13.2113   999.3895 0.0000e+00
      4.420      0.095     0.8712      8.218     41.407  31.244052     5.0334      7.935   271.1511 5.3983e+00     2.7128      4.335      6.287    13.1013   999.4038 0.0000e+00
      4.444      0.095     0.9151      8.618     41.466  31.228947     4.9778      7.930   271.6599 5.2543e+00     2.8479      4.358      6.319    12.9982   999.4170 0.0000e+00
      4.469      0.096     1.0092      9.491     41.418  31.142249     4.9570      7.926   272.1567 5.1022e+00     2.8971      4.382      6.355    12.9014   999.4294 0.0000e+00
      4.495      0.098     1.1511     10.808     41.332  31.020686     4.8256      7.921   272.4264 4.9556e+00     3.2422      4.408      6.393    12.8107   999.4408 0.0000e+00
      4.520      0.098     1.3349     12.511     41.347  30.964774     4.5947      7.916   272.7704 4.7954e+00     3.8747      4.433      6.429    12.7196   999.4521 0.0000e+00
      4.545      0.099     1.5514     14.513     41.448  30.973801     4.4711      7.910   273.2176 4.6271e+00     4.2524      4.457      6.464    12.6448   999.4615 0.0000e+00
      4.570      0.099     1.7878     16.698     41.566  31.002849     4.4408      7.904   273.4455 4.4843e+00     4.3018      4.482      6.500    12.5971   999.4674 0.0000e+00
      4.594      0.099     2.0287     18.927     41.705  31.062092     4.2193      7.899   273.4617 4.3546e+00     4.5700      4.505      6.534    12.5287   999.4758 0.0000e+00
      4.619      0.099     2.2666     21.128     41.911  31.182392     3.8221      7.895   273.4987 4.2128e+00     5.1037      4.529      6.569    12.4406   999.4865 0.0000e+00
      4.646      0.098     2.5065     23.342     42.222  31.378578     3.6083      7.891   273.6355 4.0646e+00     5.3804      4.556      6.609    12.3588   999.4964 0.0000e+00
      4.672      0.096     2.7527     25.606     42.823  31.784210     3.5938      7.888   273.8248 3.9217e+00     5.3924      4.584      6.648    12.2826   999.5055 0.0000e+00
      4.697      0.096     2.9947     27.829     43.973  32.596530     3.5869      7.884   273.9811 3.7915e+00     5.4446      4.607      6.682    12.2303   999.5118 0.0000e+00
      4.720      0.096     3.2158     29.857     45.613  33.775233     3.5589      7.878   274.0622 3.6763e+00     5.5206      4.628      6.712    12.2019   999.5153 0.0000e+00
      4.741      0.095     3.4038     31.578     47.560  35.183370     3.5416      7.873   274.0308 3.5585e+00     5.5569      4.649      6.743    12.1605   999.5204 0.0000e+00
      4.765      0.095     3.5534     32.944     49.787  36.801544     3.5252      7.868   273.8591 3.4177e+00     5.5883      4.672      6.776    12.1064   999.5269 0.0000e+00
      4.791      0.095     3.6663     33.972     52.016  38.424184     3.3350      7.862   273.8792 3.2760e+00     5.7039      4.699      6.815    12.0606   999.5327 0.0000e+00
      4.817      0.096     3.7451     34.686     53.423  39.440909     2.9929      7.854   274.7051 3.1415e+00     5.9056      4.725      6.853    12.0196   999.5381 0.0000e+00
      4.841      0.096     3.7839     35.029     53.718  39.635999     2.8136      7.845   275.9285 2.9991e+00     6.0280      4.748      6.886    11.9844   999.5429 0.0000e+00
      4.865      0.095     3.7711     34.894     53.668  39.576836     2.8055      7.835   276.5399 2.8640e+00     6.0360      4.771      6.920    11.9551   999.5471 0.0000e+00
      4.889      0.094     3.6990     34.210     53.662  39.550855     2.8000      7.825   276.7631 2.7385e+00     6.0364      4.795      6.954    11.9310   999.5508 0.0000e+00
      4.913      0.093     3.5625     32.935     53.378  39.321838     2.7213      7.815   276.6481 2.6122e+00     6.1630      4.818      6.988    11.9111   999.5538 0.0000e+00
      4.938      0.093     3.3557     31.011     53.264  39.220140     2.5813      7.805   277.0425 2.4874e+00     6.3872      4.842      7.023    11.8896   999.5562 0.0000e+00
      4.962      0.094     3.0782     28.433     53.712  39.527360     2.5035      7.794   278.7788 2.3733e+00     6.5185      4.867      7.058    11.8691   999.5585 0.0000e+00
      4.984      0.094     2.7458     25.349     54.118  39.798724     2.4922      7.784   280.0038 2.2694e+00     6.5714      4.888      7.089    11.8486   999.5611 0.0000e+00
      5.007      0.094     2.3833     21.990     54.375  39.961822     2.4361      7.774   279.4634 2.1653e+00     6.8620      4.909      7.120    11.8291   999.5631 0.0000e+00
      5.031      0.091     2.0214     18.641     54.513  40.039173     2.3183      7.765   276.1174 2.0563e+00     7.4437      4.933      7.155    11.8155   999.5646 0.0000e+00
      5.058      0.086     1.6879     15.558     54.540  40.035616     2.2472      7.757   268.7148 1.9520e+00     7.8039      4.960      7.194    11.7953   999.5674 0.0000e+00
      5.084      0.082     1.4020     12.917     54.931  40.299700     2.2353      7.749   260.0808 1.8627e+00     7.9397      4.987      7.233    11.7666   999.5708 0.0000e+00
      5.104      0.079     1.1823     10.889     55.494  40.692675     2.1493      7.741   254.2359 1.7932e+00     9.1838      5.008      7.264    11.7425   999.5736 0.0000e+00
      5.118      0.076     1.0312      9.494     55.384  40.596875     1.9879      7.734   251.3027 1.7456e+00    11.4743      5.019      7.280    11.7219   999.5761 0.0000e+00
      5.131      0.075     0.9374      8.628     54.112  39.649285     1.8961      7.727   249.5676 1.6874e+00    12.7271      5.030      7.294    11.7001   999.5784 0.0000e+00
      5.151      0.075     0.8895      8.183     52.836  38.694551     1.8792      7.721   247.7115 1.6054e+00    12.8933      5.050      7.324    11.6783   999.5810 0.0000e+00
      5.175      0.077     0.8748      8.045     52.441  38.385302     1.8359      7.715   244.6063 1.5304e+00    13.4181      5.076      7.361    11.6604   999.5834 0.0000e+00
      5.196      0.082     0.8851      8.136     51.163  37.433835     1.7539      7.707   241.1041 1.4625e+00    14.3535      5.096      7.391    11.6476   999.5851 0.0000e+00
      5.216      0.086     0.9147      8.405     48.983  35.823264     1.7033      7.699   239.3511 1.3950e+00    14.8630      5.116      7.418    11.6349   999.5860 0.0000e+00
      5.237      0.088     0.9547      8.768     47.933  35.034792     1.6926      7.693   239.3281 1.3384e+00    14.9576      5.135      7.448    11.6165   999.5873 0.0000e+00
      5.259      0.089     0.9970      9.152     47.927  35.009522     1.6759      7.687   239.2774 1.2841e+00    15.4313      5.156      7.478    11.5931   999.5903 0.0000e+00
      5.284      0.091     1.0432      9.573     48.122  35.136890     1.6572      7.681   236.6744 1.2179e+00    16.2654      5.181      7.514    11.5791   999.5914 0.0000e+00
      5.309      0.093     1.1005     10.095     48.545  35.432303     1.6577      7.676   232.2042 1.1472e+00    16.6857      5.207      7.552    11.5682   999.5915 0.0000e+00
      5.333      0.096     1.1712     10.740     49.055  35.788599     1.6556      7.672   229.5390 1.0937e+00    16.7110      5.230      7.586    11.5424   999.5943 0.0000e+00
      5.355      0.098     1.2592     11.542     49.478  36.080831     1.6318      7.670   228.7988 1.0520e+00    16.9979      5.251      7.617    11.5174   999.5973 0.0000e+00
      5.379      0.099     1.3721     12.573     49.710  36.236299     1.6040      7.667   228.2451 9.9815e-01    17.5644      5.274      7.649    11.5052   999.5987 0.0000e+00
      5.405      0.101     1.5136     13.865     49.340  35.954542     1.5803      7.664   228.0060 9.4265e-01    17.8911      5.300      7.687    11.4930   999.6002 0.0000e+00
      5.433      0.103     1.6816     15.399     48.688  35.466909     1.5698      7.660   228.4889 8.9399e-01    17.9334      5.328      7.728    11.4759   999.6025 0.0000e+00
      5.460      0.102     1.8661     17.084     48.377  35.227728     1.5728      7.657   228.5777 8.4432e-01    17.9116      5.354      7.766    11.4580   999.6045 0.0000e+00
      5.487      0.097     2.0495     18.758     48.381  35.220649     1.5471      7.654   227.7031 7.8793e-01    17.5951      5.380      7.803    11.4432   999.6064 0.0000e+00
      5.514      0.092     2.2145     20.266     48.611  35.381306     1.4932      7.651   226.7763 7.2755e-01    17.0558      5.408      7.845    11.4324   999.6075 0.0000e+00
      5.539      0.088     2.3468     21.475     49.419  35.964265     1.4673      7.648   226.3195 6.8501e-01    16.7659      5.435      7.883    11.4201   999.6086 0.0000e+00
      5.556      0.086     2.4345     22.275     50.501  36.746955     1.4603      7.645   226.3098 6.6235e-01    16.6795      5.451      7.906    11.4052   999.6103 0.0000e+00
      5.571      0.087     2.4760     22.652     50.732  36.910484     1.4594      7.642   227.1752 6.3429e-01    16.5028      5.460      7.920    11.3946   999.6115 0.0000e+00
      5.591      0.090     2.4784     22.671     50.411  36.672049     1.4834      7.637   228.6948 6.0030e-01    16.2344      5.479      7.947    11.3899   999.6120 0.0000e+00
      5.617      0.099     2.4479     22.390     50.397  36.656993     1.5069      7.632   229.6270 5.6922e-01    16.0559      5.509      7.991    11.3848   999.6130 0.0000e+00
      5.645      0.112     2.3931     21.886     50.763  36.918875     1.5095      7.626   229.6705 5.3001e-01    16.0164      5.537      8.031    11.3787   999.6145 0.0000e+00
      5.673      0.125     2.3238     21.251     51.467  37.426337     1.4460      7.621   229.3069 4.8537e-01    16.0185      5.561      8.066    11.3748   999.6149 0.0000e+00
      5.705      0.133     2.2449     20.527     51.956  37.777981     1.3282      7.615   229.4468 4.3255e-01    16.0162      5.592      8.110    11.3712   999.6151 0.0000e+00
      5.743      0.138     2.1575     19.726     51.827  37.679314     1.2649      7.610   230.0712 3.8326e-01    16.0213      5.630      8.166    11.3656   999.6161 0.0000e+00
      5.784      0.140     2.0686     18.910     51.243  37.249015     1.2609      7.605   230.3173 3.5261e-01    16.0479      5.674      8.229    11.3606   999.6169 0.0000e+00
      5.824      0.139     1.9844     18.138     50.413  36.637806     1.2536      7.601   230.2709 3.1863e-01    16.0426      5.715      8.287    11.3570   999.6177 0.0000e+00
      5.859      0.137     1.9083     17.439     49.988  36.319434     1.2286      7.597   230.1124 2.7788e-01    15.9898      5.748      8.335    11.3535   999.6185 0.0000e+00
      5.890      0.132     1.8453     16.859     50.264  36.509872     1.2111      7.593   229.9506 2.4761e-01    15.9669      5.776      8.379    11.3486   999.6191 0.0000e+00
      5.920      0.124     1.7927     16.375     50.475  36.655287     1.2069      7.591   229.8626 2.2117e-01    15.9952      5.804      8.419    11.3429   999.6196 0.0000e+00
      5.953      0.118     1.7472     15.957     49.993  36.300349     1.2207      7.588   229.7374 1.8792e-01    15.8071      5.836      8.464    11.3358   999.6201 0.0000e+00
      5.987      0.114     1.7095     15.611     49.012  35.582444     1.2570      7.585   229.6407 1.7287e-01    15.3975      5.873      8.519    11.3261   999.6211 0.0000e+00
      6.016      0.110     1.6780     15.321     48.075  34.893684     1.2729      7.582   229.6404 1.7450e-01    15.1712      5.902      8.560    11.3149   999.6227 0.0000e+00
      6.038      0.108     1.6512     15.073     47.472  34.446646     1.2648      7.582   229.6470 1.6443e-01    15.1362      5.921      8.587    11.3056   999.6239 0.0000e+00
      6.061      0.105     1.6305     14.881     47.284  34.302827     1.2633      7.580   229.5488 1.4843e-01    15.1379      5.942      8.619    11.3024   999.6242 0.0000e+00
      6.089      0.101     1.6153     14.741     47.369  34.360687     1.2901      7.578   229.3994 1.3333e-01    15.1591      5.971      8.660    11.2986   999.6243 0.0000e+00
      6.118      0.100     1.6066     14.661     47.313  34.321132     1.3373      7.576   229.3038 1.2454e-01    15.1306      6.000      8.704    11.2892   999.6250 0.0000e+00
      6.145      0.100     1.6092     14.685     46.978  34.078430     1.3569      7.574   229.2528 1.2379e-01    15.0878      6.028      8.743    11.2783   999.6260 0.0000e+00
      6.169      0.100     1.6252     14.831     46.739  33.901417     1.3452      7.573   229.2129 1.2374e-01    15.1000      6.050      8.775    11.2681   999.6272 0.0000e+00
      6.192      0.099     1.6584     15.131     46.652  33.831028     1.3170      7.572   229.1653 1.2372e-01    15.2132      6.071      8.805    11.2641   999.6278 0.0000e+00
      6.216      0.098     1.7109     15.606     46.444  33.671621     1.2847      7.570   229.3655 1.2374e-01    15.4073      6.095      8.840    11.2670   999.6277 0.0000e+00
      6.242      0.098     1.7781     16.216     46.214  33.497213     1.2750      7.568   229.9127 1.2375e-01    15.5135      6.120      8.877    11.2700   999.6272 0.0000e+00
      6.268      0.097     1.8541     16.906     45.963  33.308914     1.2779      7.567   230.3609 1.2371e-01    15.5145      6.147      8.915    11.2662   999.6277 0.0000e+00
      6.295      0.096     1.9310     17.605     45.695  33.108444     1.2499      7.565   230.6556 1.2366e-01    15.4190      6.175      8.956    11.2555   999.6289 0.0000e+00
      6.320      0.095     2.0028     18.257     45.699  33.104207     1.1886      7.564   230.8941 1.2363e-01    15.2437      6.198      8.991    11.2459   999.6299 0.0000e+00
      6.342      0.094     2.0671     18.839     45.920  33.257670     1.1525      7.563   231.0942 1.2358e-01    15.1320      6.219      9.019    11.2383   999.6308 0.0000e+00
      6.363      0.093     2.1232     19.348     46.006  33.313873     1.1598      7.562   231.5265 1.2358e-01    15.0843      6.240      9.050    11.2309   999.6316 0.0000e+00
      6.387      0.093     2.1670     19.744     45.961  33.276042     1.1991      7.559   232.0769 1.2360e-01    15.0604      6.263      9.084    11.2248   999.6322 0.0000e+00
      6.412      0.093     2.1971     20.017     45.920  33.244505     1.2546      7.557   232.5002 1.2363e-01    15.0729      6.289      9.121    11.2178   999.6330 0.0000e+00
      6.437      0.095     2.2194     20.220     45.755  33.122946     1.2845      7.555   232.7731 1.2367e-01    15.1034      6.314      9.158    11.2097   999.6342 0.0000e+00
      6.460      0.097     2.2399     20.405     45.518  32.948631     1.2836      7.555   233.0536 1.2370e-01    15.1017      6.335      9.188    11.2021   999.6351 0.0000e+00
      6.482      0.097     2.2616     20.600     45.301  32.786929     1.2694      7.554   233.3968 1.2371e-01    15.0522      6.356      9.218    11.1972   999.6356 0.0000e+00
      6.507      0.096     2.2850     20.810     45.000  32.564008     1.2600      7.553   233.0498 1.2365e-01    14.9634      6.381      9.254    11.1948   999.6360 0.0000e+00
      6.535      0.094     2.3045     20.984     44.796  32.411031     1.2738      7.551   232.2144 1.2356e-01    14.8803      6.409      9.296    11.1935   999.6362 0.0000e+00
      6.562      0.090     2.3155     21.082     44.781  32.396928     1.2898      7.549   232.1586 1.2355e-01    14.8667      6.436      9.335    11.1912   999.6365 0.0000e+00
      6.584      0.084     2.3231     21.150     44.780  32.393491     1.2881      7.547   232.6336 1.2358e-01    14.8973      6.458      9.368    11.1860   999.6371 0.0000e+00
      6.604      0.077     2.3273     21.188     44.750  32.369464     1.2968      7.546   233.3965 1.2362e-01    14.9562      6.477      9.395    11.1791   999.6378 0.0000e+00
      6.622      0.072     2.3254     21.169     44.741  32.360269     1.3251      7.545   234.4130 1.2365e-01    15.0547      6.494      9.419    11.1729   999.6384 0.0000e+00
