Data/DataNotYetUploadedToEDI/CTD_2019/072919_fcr50.cnv
* Sea-Bird SBE19plus  Data File:
* FileName = C:\DATA\072919_fcr50_0001.hex
* Software version 2.8.0.119 SB_Terminal.dll
* Temperature SN = 7809
* Conductivity SN = 7809
* System UpLoad Time = Jul 29 2019 09:51:23
* <ApplicationData>
* <Seaterm232>
# nquan = 16
# nvalues = 668                         
# units = specified
# name 0 = depFM: Depth [fresh water, m]
# name 1 = dz/dtM: Descent Rate [m/s]
# name 2 = sbeox0Mg/L: Oxygen, SBE 43 [mg/l]
# name 3 = sbeox0PS: Oxygen, SBE 43 [% saturation]
# name 4 = specc: Specific Conductance [uS/cm]
# name 5 = c0uS/cm: Conductivity [uS/cm]
# name 6 = flECO-AFL: Fluorescence, WET Labs ECO-AFL/FL [mg/m^3]
# name 7 = ph: pH
# name 8 = orp: Oxidation Reduction Potential [mV]
# name 9 = par/sat/log: PAR/Logarithmic, Satlantic
# name 10 = turbWETntu0: Turbidity, WET Labs ECO [NTU]
# name 11 = prdM: Pressure, Strain Gauge [db]
# name 12 = prdE: Pressure, Strain Gauge [psi]
# name 13 = tv290C: Temperature [ITS-90, deg C]
# name 14 = density00: Density [density, kg/m^3]
# name 15 = flag:  0.000e+00
# span 0 =     -0.556,      9.635       
# span 1 =     -0.118,      4.239       
# span 2 =     0.0156,    10.4107       
# span 3 =      0.141,    122.220       
# span 4 =      1.827,    231.511       
# span 5 =   1.858579, 166.617752       
# span 6 =    -1.9458,    37.2942       
# span 7 =      6.779,     11.562       
# span 8 = -1003.8975,   489.9254       
# span 9 = 1.2354e-01, 1.4550e+03       
# span 10 =    -0.5401,    17.9334      
# span 11 =     -0.546,      9.450      
# span 12 =     -0.792,     13.705      
# span 13 =    10.8429,    26.2517      
# span 14 =   996.7363,   999.7439      
# span 15 = 0.0000e+00, 0.0000e+00      
# interval = seconds: 0.25
# start_time = Jul 29 2019 09:43:15 [Instrument's time stamp, header]
# bad_flag = -9.990e-29
*END*
[from data line 633]
      9.017      0.110     0.1156      1.045    132.010  94.677574     3.7080      6.922   194.4321 1.2378e-01     2.3133      8.841     12.823    10.8768   999.7068 0.0000e+00
      9.048      0.112     0.1148      1.038    134.405  96.393632     3.6688      6.915   193.0868 1.2372e-01     2.4231      8.874     12.870    10.8697   999.7085 0.0000e+00
      9.078      0.112     0.1158      1.047    135.837  97.420953     3.6691      6.908   191.8984 1.2363e-01     2.4531      8.904     12.914    10.8631   999.7100 0.0000e+00
      9.106      0.112     0.1165      1.054    136.727  98.058593     3.7106      6.900   191.4205 1.2364e-01     2.3801      8.930     12.952    10.8589   999.7116 0.0000e+00
      9.133      0.111     0.1159      1.048    138.060  99.009910     3.7985      6.893   191.6113 1.2370e-01     2.1962      8.957     12.991    10.8569   999.7131 0.0000e+00
      9.160      0.111     0.1141      1.032    141.592 101.537449     3.8465      6.886   191.7963 1.2367e-01     2.0656      8.983     13.029    10.8564   999.7142 0.0000e+00
      9.187      0.111     0.1129      1.020    147.745 105.948880     3.8406      6.878   190.8169 1.2361e-01     2.0136      9.009     13.067    10.8570   999.7147 0.0000e+00
      9.217      0.110     0.1124      1.016    153.376 109.995618     3.8143      6.870   189.7513 1.2361e-01     1.9266      9.039     13.109    10.8572   999.7151 0.0000e+00
      9.247      0.110     0.1108      1.002    156.053 111.929938     3.7632      6.863   189.2365 1.2370e-01     1.8008      9.070     13.154    10.8554   999.7156 0.0000e+00
      9.276      0.111     0.1104      0.999    156.683 112.391034     3.7252      6.855   187.9470 1.2375e-01     1.7381      9.098     13.196    10.8526   999.7170 0.0000e+00
      9.302      0.111     0.1119      1.012    156.856 112.512546     3.7097      6.845   186.2917 1.2373e-01     1.7584      9.123     13.231    10.8513   999.7202 0.0000e+00
      9.328      0.112     0.1116      1.010    157.133 112.698266     3.6287      6.836   184.5372 1.2368e-01     1.8164      9.147     13.266    10.8545   999.7224 0.0000e+00
      9.357      0.113     0.1108      1.002    157.283 112.788827     3.4904      6.828   182.3934 1.2364e-01     1.8500      9.175     13.309    10.8606   999.7226 0.0000e+00
      9.388      0.114     0.1103      0.997    158.002 113.288927     3.4251      6.820   181.1934 1.2364e-01     1.8374      9.206     13.353    10.8647   999.7225 0.0000e+00
      9.418      0.114     0.1082      0.977    160.027 114.730673     3.4198      6.813   179.9226 1.2364e-01     1.8269      9.235     13.396    10.8637   999.7227 0.0000e+00
      9.448      0.111     0.1062      0.960    161.989 116.138838     3.3571      6.808   177.1805 1.2365e-01     1.8216      9.266     13.439    10.8584   999.7235 0.0000e+00
      9.478      0.105     0.1049      0.948    162.728 116.678542     3.2400      6.803   174.4521 1.2368e-01     1.8061      9.295     13.481    10.8528   999.7242 0.0000e+00
      9.506      0.096     0.1032      0.933    163.147 116.986695     3.1740      6.800   172.3158 1.2371e-01     1.8033      9.324     13.523    10.8472   999.7248 0.0000e+00
      9.530      0.085     0.1024      0.926    164.758 118.144041     3.1655      6.797   171.0548 1.2376e-01     1.7875      9.348     13.558    10.8429   999.7265 0.0000e+00
      9.549      0.073     0.1030      0.932    170.483 122.259458     3.1455      6.794   170.3903 1.2377e-01     1.7475      9.366     13.584    10.8439   999.7275 0.0000e+00
      9.565      0.061     0.1028      0.931    182.314 130.793094     3.1146      6.792   169.5292 1.2375e-01     1.7451      9.381     13.607    10.8488   999.7270 0.0000e+00
      9.580      0.050     0.1018      0.921    195.070 140.024674     3.1044      6.790   168.1283 1.2375e-01     1.7581      9.396     13.627    10.8516   999.7269 0.0000e+00
      9.590      0.041     0.1020      0.923    201.861 144.966390     3.1179      6.788   166.0999 1.2374e-01     1.7412      9.406     13.642    10.8513   999.7272 0.0000e+00
      9.598      0.035     0.1028      0.931    207.330 148.947525     3.2164      6.785   164.6223 1.2370e-01     1.7372      9.413     13.652    10.8496   999.7288 0.0000e+00
      9.604      0.030     0.1028      0.932    219.509 157.775373     3.3856      6.783   163.5973 1.2367e-01     1.7747      9.419     13.660    10.8616   999.7328 0.0000e+00
      9.611      0.026     0.1016      0.922    231.269 166.335463     3.4728      6.782   161.8810 1.2364e-01     1.8023      9.425     13.670    10.8906   999.7362 0.0000e+00
      9.618      0.022     0.1005      0.912    231.511 166.617752     3.4813      6.781   159.7881 1.2364e-01     1.8088      9.432     13.681    10.9072   999.7363 0.0000e+00
      9.624      0.018     0.0993      0.901    224.566 161.701516     3.4720      6.779   157.7369 1.2369e-01     1.8853      9.440     13.691    10.9143   999.7354 0.0000e+00
      9.629      0.015     0.0979      0.889    219.268 157.931192     3.4460      6.779   155.8370 1.2371e-01     2.0059      9.443     13.696    10.9316   999.7398 0.0000e+00
      9.631      0.011     0.0974      0.884    213.512 153.796230     3.4277      6.779   154.3686 1.2368e-01     2.0551      9.445     13.699    10.9582   999.7439 0.0000e+00
      9.633      0.009     0.0972      0.882    209.497 150.904130     3.4233      6.779   153.7491 1.2364e-01     2.0537      9.447     13.701    10.9850   999.7402 0.0000e+00
      9.634 -9.990e-29 -9.990e-29 -9.990e-29 -9.990e-29 -9.990e-29 -9.990e-29 -9.990e-29 -9.990e-29 1.2364e-01 -9.990e-29      9.448     13.702    11.0039   999.7333 0.0000e+00
      9.634 -9.990e-29 -9.990e-29 -9.990e-29 -9.990e-29 -9.990e-29 -9.990e-29 -9.990e-29 -9.990e-29 1.2364e-01 -9.990e-29      9.448     13.703    11.0137   999.7320 0.0000e+00
      9.635 -9.990e-29 -9.990e-29 -9.990e-29 -9.990e-29 -9.990e-29 -9.990e-29 -9.990e-29 -9.990e-29 1.2368e-01 -9.990e-29      9.449     13.704    11.0142   999.7298 0.0000e+00
      9.635 -9.990e-29 -9.990e-29 -9.990e-29 -9.990e-29 -9.990e-29 -9.990e-29 -9.990e-29 -9.990e-29 1.2373e-01 -9.990e-29      9.450     13.705    11.0123   999.7258 0.0000e+00
