Data/DataNotYetUploadedToEDI/CTD_2019/081219_fcr50.cnv
* Sea-Bird SBE19plus  Data File:
* FileName = C:\DATA\081219_fcr50_0001.hex
* Software version 2.8.0.119 SB_Terminal.dll
* Temperature SN = 7809
* Conductivity SN = 7809
* System UpLoad Time = Aug 12 2019 09:50:32
* <ApplicationData>
* <Seaterm232>
# nquan = 16
# nvalues = 889                         
# units = specified
# name 0 = depFM: Depth [fresh water, m]
# name 1 = dz/dtM: Descent Rate [m/s]
# name 2 = sbeox0Mg/L: Oxygen, SBE 43 [mg/l]
# name 3 = sbeox0PS: Oxygen, SBE 43 [% saturation]
# name 4 = specc: Specific Conductance [uS/cm]
# name 5 = c0uS/cm: Conductivity [uS/cm]
# name 6 = flECO-AFL: Fluorescence, WET Labs ECO-AFL/FL [mg/m^3]
# name 7 = ph: pH
# name 8 = orp: Oxidation Reduction Potential [mV]
# name 9 = par/sat/log: PAR/Logarithmic, Satlantic
# name 10 = turbWETntu0: Turbidity, WET Labs ECO [NTU]
# name 11 = prdM: Pressure, Strain Gauge [db]
# name 12 = prdE: Pressure, Strain Gauge [psi]
# name 13 = tv290C: Temperature [ITS-90, deg C]
# name 14 = density00: Density [density, kg/m^3]
# name 15 = flag:  0.000e+00
# span 0 =     -0.580,      9.662       
# span 1 =     -0.160,      0.156       
# span 2 =     0.0781,     9.4577       
# span 3 =      0.786,    115.414       
# span 4 =      3.752,     78.043       
# span 5 =   3.630594,  57.255169       
# span 6 =    -0.5471,     6.8645       
# span 7 =     -2.177,      9.163       
# span 8 =   -92.2913,  1186.7571       
# span 9 = 1.2356e-01, 1.3757e+03       
# span 10 =    -1.2401,    58.2761      
# span 11 =     -0.569,      9.478      
# span 12 =     -0.826,     13.747      
# span 13 =    11.6598,    25.4751      
# span 14 =   996.9410,   999.6173      
# span 15 = 0.0000e+00, 0.0000e+00      
# interval = seconds: 0.25
# start_time = Aug 12 2019 09:37:12 [Instrument's time stamp, header]
# bad_flag = -9.990e-29
*END*
[from data line 91]
     -0.035 1.1558e-14     7.9341     96.731     36.162  36.452370     2.6961      8.851   262.1312 1.3723e+03     3.5884     -0.034     -0.050    25.3928   996.9632 0.0000e+00
     -0.035 1.0503e-15     7.9152     96.501     36.163  36.453928     2.7086      8.847   261.7547 1.3709e+03     3.5840     -0.034     -0.050    25.3934   996.9631 0.0000e+00
     -0.035 9.1036e-17     7.8810     96.084     36.197  36.488537     2.7180      8.844   261.5744 1.3702e+03     3.5327     -0.035     -0.050    25.3944   996.9628 0.0000e+00
     -0.035 -4.069e-17     7.8331     95.500     36.198  36.489992     2.7325      8.839   261.2417 1.3690e+03     3.4930     -0.034     -0.049    25.3951   996.9626 0.0000e+00
     -0.035 -5.423e-16     7.7767     94.811     36.181  36.471512     2.8400      8.835   260.8295 1.3651e+03     3.5300     -0.034     -0.050    25.3958   996.9624 0.0000e+00
     -0.035 -5.974e-15     7.7147     94.051     36.168  36.455521     3.0381      8.831   260.6347 1.3592e+03     3.5869     -0.034     -0.049    25.3957   996.9624 0.0000e+00
     -0.035 -6.572e-14     7.6511     93.268     36.139  36.423582     3.1506      8.826   260.6070 1.3553e+03     3.5906     -0.034     -0.049    25.3959   996.9624 0.0000e+00
     -0.035 -1.199e-13     7.5913     92.528     36.123  36.402687     3.1686      8.821   260.4953 1.3539e+03     3.5755     -0.034     -0.050    25.3964   996.9623 0.0000e+00
     -0.034 -5.783e-14     7.5345     91.826     36.117  36.393296     3.1957      8.816   260.4021 1.3528e+03     3.6005     -0.034     -0.049    25.3953   996.9625 0.0000e+00
     -0.034 8.1687e-14     7.4783     91.132     36.101  36.373503     3.2434      8.812   260.5131 1.3550e+03     3.6301     -0.034     -0.049    25.3932   996.9631 0.0000e+00
     -0.034 9.6379e-13     7.4242     90.466     36.084  36.353779     3.2769      8.808   260.5461 1.3616e+03     3.6059     -0.034     -0.049    25.3880   996.9644 0.0000e+00
     -0.034 1.0608e-11     7.3709     89.810     36.079  36.345226     3.2808      8.805   260.2855 1.3677e+03     3.5707     -0.034     -0.050    25.3809   996.9663 0.0000e+00
     -0.034 1.1668e-10     7.3150     89.123     36.070  36.333562     3.2468      8.801   259.9431 1.3709e+03     3.5649     -0.033     -0.049    25.3756   996.9677 0.0000e+00
     -0.035 1.2835e-09     7.2525     88.355     36.079  36.339689     3.1866      8.797   259.8476 1.3714e+03     3.5686     -0.034     -0.048    25.3709   996.9688 0.0000e+00
     -0.035 1.4119e-08     7.1823     87.494     36.097  36.355830     3.1506      8.794   259.9050 1.3691e+03     3.5824     -0.034     -0.049    25.3666   996.9699 0.0000e+00
     -0.035 1.5531e-07     7.1103     86.613     36.082  36.338301     3.1499      8.791   259.6913 1.3653e+03     3.6006     -0.034     -0.049    25.3627   996.9709 0.0000e+00
     -0.035 2.8473e-07     7.0388     85.738     36.064  36.318153     3.1608      8.787   259.1560 1.3615e+03     3.5922     -0.034     -0.049    25.3587   996.9720 0.0000e+00
     -0.035 1.5531e-07     6.9683     84.874     36.050  36.302638     3.1176      8.782   258.5947 1.3574e+03     3.5135     -0.034     -0.049    25.3550   996.9730 0.0000e+00
     -0.034 1.4119e-08     6.9014     84.056     36.028  36.277646     3.0264      8.778   258.3256 1.3538e+03     3.4021     -0.034     -0.049    25.3518   996.9739 0.0000e+00
     -0.034 1.2869e-09     6.8376     83.276     36.022  36.269861     2.9860      8.774   258.4845 1.3527e+03     3.3603     -0.034     -0.049    25.3489   996.9746 0.0000e+00
     -0.034 1.5383e-10     6.7768     82.531     36.025  36.271977     2.9938      8.769   258.7949 1.3533e+03     3.3687     -0.034     -0.049    25.3463   996.9752 0.0000e+00
     -0.034 4.1922e-10     6.7219     81.859     35.995  36.239764     3.0516      8.765   258.7224 1.3542e+03     3.3399     -0.033     -0.048    25.3436   996.9760 0.0000e+00
     -0.034 4.4956e-09     6.6724     81.253     35.955  36.197729     3.1554      8.762   258.2967 1.3534e+03     3.3066     -0.034     -0.049    25.3410   996.9766 0.0000e+00
     -0.034 4.9442e-08     6.6245     80.666     35.967  36.208019     3.2171      8.760   257.7774 1.3382e+03     3.3270     -0.033     -0.048    25.3386   996.9772 0.0000e+00
     -0.034 5.4386e-07     6.5771     80.085     35.998  36.237237     3.2342      8.759   257.2615 1.2806e+03     3.3572     -0.033     -0.048    25.3360   996.9779 0.0000e+00
     -0.034      0.000     6.5300     79.507     35.997  36.233638     3.3107      8.756   257.0497 1.1624e+03     3.4083     -0.034     -0.049    25.3338   996.9785 0.0000e+00
     -0.034      0.000     6.4829     78.928     35.994  36.227982     3.4480      8.754   257.0231 1.0042e+03     3.4872     -0.034     -0.049    25.3315   996.9791 0.0000e+00
     -0.034      0.001     6.4367     78.360     36.001  36.232317     3.5241      8.752   256.7686 8.5264e+02     3.5246     -0.034     -0.049    25.3290   996.9797 0.0000e+00
     -0.034      0.003     6.3921     77.811     35.994  36.222577     3.5293      8.750   256.3807 7.3988e+02     3.5324     -0.034     -0.049    25.3261   996.9804 0.0000e+00
     -0.034      0.008     6.3501     77.295     36.011  36.237156     3.4674      8.744   255.9468 6.7463e+02     3.6149     -0.033     -0.048    25.3230   996.9813 0.0000e+00
     -0.034      0.013     6.3137     76.850     36.056  36.281642     3.3566      8.730   255.3082 6.5266e+02     3.7348     -0.034     -0.049    25.3192   996.9822 0.0000e+00
     -0.032      0.018     6.2872     76.528     36.091  36.316157     3.2993      8.715   254.7682 6.5650e+02     3.7692     -0.033     -0.048    25.3157   996.9832 0.0000e+00
     -0.025      0.021     6.2695     76.317     36.109  36.337110     3.2863      8.707   254.6657 6.8875e+02     3.7693     -0.027     -0.039    25.3117   996.9843 0.0000e+00
     -0.014      0.021     6.2540     76.132     36.114  36.344571     3.2687      8.703   254.8431 7.1629e+02     3.7362     -0.012     -0.018    25.3085   996.9852 0.0000e+00
     -0.005      0.019     6.2351     75.904     36.112  36.342909     3.2425      8.700   255.0204 6.2127e+02     3.6314     -0.002     -0.002    25.3063   996.9858 0.0000e+00
     -0.001      0.016     6.2101     75.597     36.087  36.317013     3.2210      8.698   255.0025 4.4422e+02     3.5501     -0.001     -0.001    25.3050   996.9862 0.0000e+00
     -0.001      0.011     6.1777     75.197     36.058  36.285345     3.2160      8.698   254.5413 4.4863e+02     3.5403     -0.001     -0.002    25.3099   996.9849 0.0000e+00
     -0.001      0.007     6.1414     74.748     36.054  36.277372     3.2262      8.697   253.8315 7.4726e+02     3.5455     -0.001     -0.001    25.3143   996.9837 0.0000e+00
     -0.001      0.005     6.1047     74.294     36.065  36.284082     3.3351      8.694   253.5619 1.1166e+03     3.5471     -0.001     -0.001    25.3148   996.9836 0.0000e+00
      0.000      0.005     6.0670     73.828     36.088  36.302992     3.5275      8.690   253.6904 1.3152e+03     3.5591      0.000      0.001    25.3135   996.9839 0.0000e+00
      0.003      0.006     6.0299     73.371     36.103  36.315591     3.6281      8.686   253.7513 1.3622e+03     3.5279      0.003      0.005    25.3096   996.9849 0.0000e+00
      0.006      0.006     5.9939     72.929     36.100  36.309462     3.6408      8.684   253.4368 1.3673e+03     3.4977      0.006      0.008    25.3040   996.9864 0.0000e+00
      0.008      0.006     5.9579     72.486     36.085  36.292358     3.6633      8.681   252.8135 1.3664e+03     3.5213      0.008      0.011    25.2977   996.9881 0.0000e+00
      0.008      0.006     5.9250     72.080     36.094  36.299198     3.7008      8.678   252.4105 1.3406e+03     3.5509      0.008      0.012    25.2923   996.9894 0.0000e+00
      0.009      0.005     5.8956     71.717     36.126  36.328683     3.7208      8.674   252.3487 1.1943e+03     3.5607      0.008      0.012    25.2882   996.9905 0.0000e+00
      0.010      0.005     5.8659     71.351     36.131  36.331501     3.7150      8.672   252.3255 8.4719e+02     3.5416      0.009      0.013    25.2847   996.9914 0.0000e+00
      0.012      0.004     5.8359     70.981     36.135  36.333270     3.7250      8.671   252.2158 5.2089e+02     3.6148      0.011      0.017    25.2813   996.9923 0.0000e+00
      0.014      0.004     5.8050     70.602     36.154  36.350069     3.7558      8.669   252.1411 5.7079e+02     3.7901      0.014      0.021    25.2774   996.9933 0.0000e+00
      0.015      0.004     5.7730     70.209     36.151  36.344196     3.7757      8.665   252.0241 9.3251e+02     3.8585      0.015      0.022    25.2734   996.9944 0.0000e+00
      0.015      0.004     5.7440     69.851     36.136  36.325728     3.7832      8.661   251.7474 1.2392e+03     3.8191      0.015      0.021    25.2698   996.9953 0.0000e+00
      0.015      0.003     5.7191     69.543     36.131  36.317184     3.7949      8.658   251.4626 1.3358e+03     3.7403      0.015      0.021    25.2671   996.9960 0.0000e+00
      0.015      0.003     5.6951     69.243     36.122  36.304368     3.8216      8.654   251.3341 1.2449e+03     3.6261      0.015      0.021    25.2647   996.9966 0.0000e+00
      0.017      0.003     5.6716     68.952     36.119  36.297699     3.8463      8.651   251.5704 1.0559e+03     3.5851      0.016      0.024    25.2611   996.9976 0.0000e+00
      0.019      0.003     5.6510     68.696     36.124  36.300014     3.8508      8.648   251.9109 9.4897e+02     3.6060      0.019      0.027    25.2567   996.9987 0.0000e+00
      0.021      0.003     5.6329     68.471     36.096  36.268880     3.7971      8.645   251.8375 9.4236e+02     3.6493      0.020      0.029    25.2518   997.0000 0.0000e+00
      0.021      0.003     5.6169     68.270     36.070  36.238618     3.6999      8.642   251.5432 9.4213e+02     3.7149      0.020      0.029    25.2467   997.0013 0.0000e+00
      0.021      0.002     5.6031     68.098     36.085  36.251465     3.6557      8.638   251.1059 9.3675e+02     3.7437      0.020      0.029    25.2421   997.0026 0.0000e+00
      0.021     -0.001     5.5925     67.965     36.133  36.297261     3.6532      8.634   250.5931 9.2964e+02     3.7686      0.020      0.030    25.2377   997.0037 0.0000e+00
      0.022     -0.007     5.5835     67.854     36.248  36.411501     3.6434      8.632   250.4201 9.2222e+02     3.7861      0.021      0.030    25.2330   997.0048 0.0000e+00
      0.023     -0.019     5.5727     67.714     36.457  36.617195     3.5807      8.629   250.3051 9.3457e+02     3.7263      0.024      0.035    25.2283   997.0061 0.0000e+00
      0.022     -0.036     5.5627     67.557     36.677  36.816656     3.4673      8.624   249.9756 9.8151e+02     3.6022      0.024      0.035    25.2238   997.0072 0.0000e+00
      0.014     -0.059     5.5612     67.467     36.820  36.918975     3.4167      8.620   249.7069 1.0268e+03     3.5317      0.016      0.024    25.2213   997.0078 0.0000e+00
     -0.002     -0.084     5.5732     67.532     36.915  36.965637     3.4287      8.615   249.4654 1.0370e+03     3.5294      0.002      0.003    25.2198   997.0082 0.0000e+00
     -0.029     -0.109     5.5980     67.766     36.989  36.999928     3.4467      8.611   249.1194 1.0384e+03     3.5089     -0.023     -0.035    25.2207   997.0080 0.0000e+00
     -0.065     -0.133     5.6339     68.151     37.034  37.016172     3.4612      8.606   248.7942 1.0335e+03     3.5120     -0.063     -0.092    25.1989   997.0135 0.0000e+00
     -0.105     -0.151     5.6806     68.689     37.069  37.035051     3.4562      8.601   248.3725 1.0145e+03     3.6331     -0.103     -0.150    25.1291   997.0313 0.0000e+00
     -0.147     -0.160     5.7450     69.454     37.143  37.101221     3.4221      8.594   247.9783 9.9203e+02     4.5142     -0.142     -0.205    25.0559   997.0500 0.0000e+00
     -0.193     -0.155     5.8366     70.557     37.227  37.181480     3.0226      8.582   248.1579 9.4645e+02    13.7718     -0.187     -0.272    25.0045   997.0629 0.0000e+00
     -0.241     -0.128     5.9566     72.019     37.283  37.243765     2.2746      8.563   248.4787 8.0725e+02    30.7190     -0.238     -0.346    24.9627   997.0735 0.0000e+00
     -0.283     -0.083     6.1167     73.989     37.367  37.346527     1.8695      8.545   248.2441 5.4803e+02    39.8901     -0.279     -0.405    24.9429   997.0784 0.0000e+00
     -0.316     -0.027     6.3382     76.719     37.593  37.598820     1.8527      8.534   247.6439 3.3374e+02    39.8776     -0.318     -0.461    24.9381   997.0795 0.0000e+00
     -0.321      0.030     6.6117     80.082     38.039  38.072617     2.0718      8.527   247.0726 3.5883e+02    30.6993     -0.333     -0.482    24.9289   997.0817 0.0000e+00
     -0.288      0.080     6.9016     83.637     38.702  38.758825     2.4906      8.523   246.7569 5.9215e+02    13.7630     -0.290     -0.419    24.9341   997.0806 0.0000e+00
     -0.235      0.115     7.1766     86.998     39.539  39.611411     2.7198      8.520   246.5797 8.4081e+02     4.5024     -0.226     -0.328    24.9634   997.0734 0.0000e+00
     -0.186      0.131     7.4162     89.918     40.365  40.446127     2.7357      8.515   246.3932 9.6992e+02     3.6434     -0.178     -0.259    25.0011   997.0640 0.0000e+00
     -0.149      0.125     7.6133     92.311     41.023  41.106445     2.7265      8.509   246.3087 1.0012e+03     3.5724     -0.143     -0.209    25.0415   997.0541 0.0000e+00
     -0.121      0.104     7.7645     94.138     41.483  41.564184     2.7039      8.502   246.3319 1.0085e+03     3.5793     -0.116     -0.170    25.0713   997.0467 0.0000e+00
     -0.101      0.078     7.8554     95.229     41.714  41.790477     2.6875      8.496   246.3296 1.0140e+03     3.5625     -0.096     -0.140    25.0875   997.0429 0.0000e+00
     -0.086      0.056     7.8788     95.502     41.803  41.874406     2.6849      8.490   246.1952 1.0179e+03     3.5005     -0.083     -0.121    25.0975   997.0406 0.0000e+00
     -0.076      0.039     7.8469     95.106     41.877  41.944070     2.6892      8.485   246.0829 1.0212e+03     3.4846     -0.073     -0.107    25.0978   997.0408 0.0000e+00
     -0.071      0.027     7.7765     94.245     41.934  41.997889     2.7135      8.481   246.3489 1.0211e+03     3.5346     -0.069     -0.100    25.0925   997.0424 0.0000e+00
     -0.067      0.019     7.6820     93.092     41.957  42.017203     2.7621      8.477   246.8304 1.0199e+03     3.5806     -0.066     -0.095    25.0857   997.0442 0.0000e+00
     -0.064      0.014     7.5716     91.747     41.995  42.050609     2.8004      8.474   247.0870 1.0217e+03     3.5817     -0.063     -0.091    25.0791   997.0460 0.0000e+00
     -0.062      0.011     7.4528     90.298     42.033  42.084358     2.8038      8.470   246.9568 1.0232e+03     3.5479     -0.061     -0.089    25.0740   997.0472 0.0000e+00
     -0.061      0.010     7.3360     88.873     41.871  41.917333     2.7688      8.467   246.5466 1.0226e+03     3.5333     -0.060     -0.087    25.0698   997.0483 0.0000e+00
     -0.058      0.009     7.2265     87.538     40.879  40.919962     2.7146      8.464   246.5141 1.0215e+03     3.5354     -0.057     -0.082    25.0659   997.0493 0.0000e+00
     -0.054      0.009     7.1297     86.372     38.872  38.913062     2.6858      8.459   246.9951 1.0196e+03     3.5414     -0.052     -0.076    25.0605   997.0507 0.0000e+00
     -0.051      0.008     7.0838     85.882     37.134  37.204391     2.6809      8.455   247.2860 1.0177e+03     3.5403     -0.050     -0.073    25.0561   997.0519 0.0000e+00
     -0.050      0.007     7.1695     87.068     36.502  36.638101     2.6636      8.452   247.1920 1.0170e+03     3.5217     -0.050     -0.073    25.0493   997.0537 0.0000e+00
