Data/DataNotYetUploadedToEDI/CTD_2019/081219_fcr50.cnv
* Sea-Bird SBE19plus  Data File:
* FileName = C:\DATA\081219_fcr50_0001.hex
* Software version 2.8.0.119 SB_Terminal.dll
* Temperature SN = 7809
* Conductivity SN = 7809
* System UpLoad Time = Aug 12 2019 09:50:32
* <ApplicationData>
* <Seaterm232>
# nquan = 16
# nvalues = 889                         
# units = specified
# name 0 = depFM: Depth [fresh water, m]
# name 1 = dz/dtM: Descent Rate [m/s]
# name 2 = sbeox0Mg/L: Oxygen, SBE 43 [mg/l]
# name 3 = sbeox0PS: Oxygen, SBE 43 [% saturation]
# name 4 = specc: Specific Conductance [uS/cm]
# name 5 = c0uS/cm: Conductivity [uS/cm]
# name 6 = flECO-AFL: Fluorescence, WET Labs ECO-AFL/FL [mg/m^3]
# name 7 = ph: pH
# name 8 = orp: Oxidation Reduction Potential [mV]
# name 9 = par/sat/log: PAR/Logarithmic, Satlantic
# name 10 = turbWETntu0: Turbidity, WET Labs ECO [NTU]
# name 11 = prdM: Pressure, Strain Gauge [db]
# name 12 = prdE: Pressure, Strain Gauge [psi]
# name 13 = tv290C: Temperature [ITS-90, deg C]
# name 14 = density00: Density [density, kg/m^3]
# name 15 = flag:  0.000e+00
# span 0 =     -0.580,      9.662       
# span 1 =     -0.160,      0.156       
# span 2 =     0.0781,     9.4577       
# span 3 =      0.786,    115.414       
# span 4 =      3.752,     78.043       
# span 5 =   3.630594,  57.255169       
# span 6 =    -0.5471,     6.8645       
# span 7 =     -2.177,      9.163       
# span 8 =   -92.2913,  1186.7571       
# span 9 = 1.2356e-01, 1.3757e+03       
# span 10 =    -1.2401,    58.2761      
# span 11 =     -0.569,      9.478      
# span 12 =     -0.826,     13.747      
# span 13 =    11.6598,    25.4751      
# span 14 =   996.9410,   999.6173      
# span 15 = 0.0000e+00, 0.0000e+00      
# interval = seconds: 0.25
# start_time = Aug 12 2019 09:37:12 [Instrument's time stamp, header]
# bad_flag = -9.990e-29
*END*
[from data line 543]
      3.999      0.069     0.1383      1.367     51.461  41.009375     5.0383      7.253   300.6926 6.8437e+00     2.4966      3.922      5.689    15.0970   999.1250 0.0000e+00
      4.013      0.064     0.1369      1.352     52.440  41.725592     5.2782      7.249   300.1336 6.7534e+00     2.5661      3.936      5.708    15.0093   999.1385 0.0000e+00
      4.028      0.057     0.1382      1.363     52.639  41.823644     5.6839      7.245   299.6094 6.6608e+00     2.6430      3.951      5.729    14.9430   999.1487 0.0000e+00
      4.045      0.049     0.1388      1.367     52.434  41.623468     5.8948      7.241   298.8282 6.5623e+00     2.6725      3.966      5.752    14.8974   999.1558 0.0000e+00
      4.060      0.044     0.1384      1.363     52.094  41.336933     5.8942      7.238   298.0013 6.4935e+00     2.6605      3.985      5.779    14.8478   999.1638 0.0000e+00
      4.069      0.043     0.1380      1.359     51.641  40.962220     5.7368      7.236   297.5272 6.4705e+00     2.6619      3.994      5.792    14.7814   999.1742 0.0000e+00
      4.073      0.043     0.1379      1.357     51.277  40.648189     5.4483      7.234   297.3975 6.4464e+00     2.6888      3.993      5.791    14.7143   999.1841 0.0000e+00
      4.079      0.044     0.1370      1.347     51.145  40.523896     5.2843      7.231   297.2945 6.3774e+00     2.6912      3.998      5.799    14.6783   999.1893 0.0000e+00
      4.092      0.047     0.1347      1.324     51.168  40.538661     5.2537      7.228   296.7978 6.2670e+00     2.6581      4.010      5.817    14.6720   999.1902 0.0000e+00
      4.110      0.052     0.1315      1.293     51.308  40.636250     5.1564      7.225   295.7800 6.1570e+00     2.6157      4.031      5.846    14.6647   999.1912 0.0000e+00
      4.127      0.057     0.1277      1.254     51.595  40.815004     4.9927      7.221   294.5390 6.0825e+00     2.6053      4.049      5.873    14.6305   999.1961 0.0000e+00
      4.141      0.061     0.1261      1.237     51.911  40.985734     4.9130      7.217   293.4076 6.0070e+00     2.6313      4.061      5.890    14.6021   999.2002 0.0000e+00
      4.154      0.066     0.1279      1.252     52.026  40.986277     4.9035      7.213   292.5108 5.8974e+00     2.6347      4.073      5.907    14.6143   999.1986 0.0000e+00
      4.169      0.072     0.1302      1.272     51.850  40.757969     4.8785      7.207   291.5262 5.7855e+00     2.6464      4.088      5.929    14.6107   999.1992 0.0000e+00
      4.186      0.083     0.1320      1.287     51.907  40.701187     4.6447      7.199   290.2787 5.6684e+00     2.7390      4.104      5.952    14.5630   999.2064 0.0000e+00
      4.207      0.097     0.1332      1.296     52.522  41.061455     4.2100      7.191   288.9557 5.5114e+00     2.8695      4.123      5.979    14.4756   999.2192 0.0000e+00
      4.233      0.109     0.1336      1.295     53.015  41.304508     3.9750      7.183   287.4040 5.3145e+00     2.9143      4.150      6.019    14.3839   999.2326 0.0000e+00
      4.264      0.115     0.1348      1.303     53.110  41.227219     3.9354      7.176   285.6280 5.0590e+00     2.8876      4.179      6.062    14.3055   999.2439 0.0000e+00
      4.301      0.114     0.1380      1.331     53.239  41.206091     3.7134      7.172   283.8290 4.7547e+00     3.0378      4.215      6.115    14.2112   999.2573 0.0000e+00
      4.340      0.106     0.1405      1.353     53.522  41.366364     3.3291      7.168   282.0860 4.5060e+00     3.3545      4.261      6.180    14.0941   999.2744 0.0000e+00
      4.371      0.096     0.1406      1.353     54.062  41.768237     3.1300      7.163   280.5572 4.3747e+00     3.5372      4.293      6.225    13.9592   999.2935 0.0000e+00
      4.387      0.086     0.1400      1.347     55.271  42.700093     3.1175      7.158   279.3691 4.3110e+00     3.5760      4.303      6.242    13.8009   999.3152 0.0000e+00
      4.397      0.077     0.1379      1.327     56.638  43.744236     3.1698      7.154   278.4750 4.2482e+00     3.5276      4.310      6.252    13.6672   999.3335 0.0000e+00
      4.412      0.071     0.1355      1.302     56.857  43.852698     3.2767      7.151   277.9205 4.1589e+00     3.4114      4.324      6.271    13.6275   999.3389 0.0000e+00
      4.432      0.071     0.1354      1.299     55.548  42.741613     3.3439      7.147   277.5696 4.0605e+00     3.3508      4.345      6.302    13.6248   999.3395 0.0000e+00
      4.453      0.076     0.1349      1.291     52.785  40.532644     3.3484      7.142   276.9849 3.9755e+00     3.3523      4.369      6.336    13.6227   999.3403 0.0000e+00
      4.473      0.082     0.1331      1.272     49.613  38.031874     3.2014      7.137   276.1851 3.8884e+00     3.4619      4.388      6.364    13.6324   999.3399 0.0000e+00
      4.493      0.086     0.1333      1.270     47.790  36.501790     2.9189      7.132   275.3853 3.7884e+00     3.6602      4.405      6.389    13.5833   999.3465 0.0000e+00
      4.515      0.090     0.1392      1.319     47.346  35.934306     2.7591      7.129   274.6283 3.7030e+00     3.7836      4.427      6.420    13.4552   999.3633 0.0000e+00
      4.539      0.093     0.1526      1.438     47.429  35.740336     2.7352      7.127   274.0873 3.6247e+00     3.8401      4.450      6.455    13.3703   999.3735 0.0000e+00
      4.564      0.097     0.1815      1.700     47.642  35.679557     2.6819      7.127   273.8340 3.5243e+00     3.9819      4.476      6.492    13.3578   999.3738 0.0000e+00
      4.590      0.098     0.2460      2.295     47.810  35.643496     2.5825      7.128   273.5451 3.4308e+00     4.1870      4.503      6.529    13.2323   999.3898 0.0000e+00
      4.617      0.096     0.3596      3.347     47.927  35.621499     2.5137      7.129   273.0036 3.3472e+00     4.2564      4.527      6.565    12.9519   999.4257 0.0000e+00
      4.642      0.092     0.5188      4.822     48.004  35.603890     2.4910      7.129   272.2762 3.2591e+00     4.2309      4.553      6.604    12.6584   999.4623 0.0000e+00
      4.667      0.087     0.7123      6.612     48.018  35.557440     2.4812      7.129   271.4614 3.1911e+00     4.2392      4.579      6.641    12.4198   999.4914 0.0000e+00
      4.687      0.083     0.9293      8.617     48.011  35.504126     2.4390      7.130   270.6375 3.1324e+00     4.2917      4.597      6.668    12.2527   999.5113 0.0000e+00
      4.705      0.079     1.1560     10.708     48.021  35.466992     2.3625      7.130   269.9721 3.0560e+00     4.3741      4.612      6.690    12.1476   999.5237 0.0000e+00
      4.724      0.076     1.3757     12.730     48.025  35.425768     2.3189      7.130   269.6104 2.9814e+00     4.4155      4.632      6.719    12.0745   999.5322 0.0000e+00
      4.743      0.074     1.5737     14.550     48.026  35.386467     2.3094      7.131   269.3617 2.9249e+00     4.4644      4.653      6.747    12.0189   999.5387 0.0000e+00
      4.762      0.073     1.7420     16.095     48.047  35.372596     2.2824      7.131   269.2887 2.8571e+00     4.9980      4.669      6.771    11.9726   999.5440 0.0000e+00
      4.782      0.074     1.8860     17.418     48.088  35.384959     2.2362      7.130   269.6736 2.7805e+00     5.9524      4.689      6.801    11.9263   999.5494 0.0000e+00
      4.800      0.077     2.0140     18.596     48.136  35.408974     2.2102      7.130   270.2298 2.7280e+00     6.4671      4.709      6.829    11.8784   999.5549 0.0000e+00
      4.817      0.079     2.1251     19.618     48.148  35.409068     2.2025      7.129   270.5936 2.6832e+00     6.5017      4.722      6.849    11.8344   999.5599 0.0000e+00
      4.836      0.081     2.2190     20.480     48.126  35.386093     2.1603      7.128   270.8031 2.6142e+00     6.4358      4.739      6.874    11.8035   999.5634 0.0000e+00
      4.860      0.082     2.3008     21.233     48.131  35.385063     2.0816      7.126   271.1282 2.5272e+00     6.3588      4.766      6.912    11.7869   999.5654 0.0000e+00
      4.885      0.084     2.3703     21.874     48.148  35.396604     2.0314      7.125   271.5986 2.4596e+00     6.3575      4.793      6.951    11.7762   999.5667 0.0000e+00
      4.905      0.084     2.4257     22.386     48.151  35.398685     2.0126      7.124   272.0163 2.4078e+00     6.4199      4.810      6.976    11.7673   999.5678 0.0000e+00
      4.925      0.080     2.4660     22.756     48.170  35.410226     1.9746      7.122   272.5656 2.3448e+00     7.3098      4.828      7.002    11.7594   999.5688 0.0000e+00
      4.947      0.073     2.4881     22.957     48.175  35.409197     1.9201      7.120   273.2491 2.2817e+00     9.0558      4.852      7.037    11.7543   999.5695 0.0000e+00
      4.968      0.066     2.4936     23.007     48.146  35.386232     1.8908      7.119   273.8277 2.2360e+00    10.0624      4.875      7.069    11.7542   999.5696 0.0000e+00
      4.983      0.060     2.4865     22.944     48.141  35.386449     1.8806      7.118   274.2267 2.2043e+00    10.2054      4.889      7.090    11.7560   999.5694 0.0000e+00
      4.995      0.053     2.4689     22.788     48.158  35.411826     1.8485      7.117   274.4604 2.1775e+00    10.5556      4.898      7.104    11.7529   999.5698 0.0000e+00
      5.006      0.046     2.4434     22.561     48.177  35.439188     1.7968      7.114   274.9322 2.1505e+00    11.1501      4.909      7.120    11.7477   999.5705 0.0000e+00
      5.018      0.041     2.4164     22.314     48.203  35.463411     1.7677      7.112   275.7149 2.1180e+00    11.4305      4.921      7.137    11.7439   999.5709 0.0000e+00
      5.029      0.041     2.3914     22.084     48.185  35.450831     1.7653      7.112   276.3527 2.0951e+00    11.4546      4.933      7.155    11.7462   999.5707 0.0000e+00
      5.037      0.042     2.3668     21.858     48.131  35.414016     1.7498      7.111   276.7939 2.0895e+00    11.5068      4.940      7.164    11.7635   999.5689 0.0000e+00
      5.045      0.044     2.3428     21.639     48.105  35.399119     1.6246      7.110   277.1779 2.0727e+00    11.7010      4.945      7.172    11.7824   999.5667 0.0000e+00
      5.056      0.047     2.3219     21.446     48.101  35.397660     1.4043      7.108   277.4672 2.0369e+00    12.0330      4.957      7.190    11.7840   999.5666 0.0000e+00
      5.070      0.052     2.3045     21.282     48.108  35.396384     1.2886      7.107   277.7111 2.0053e+00    12.2103      4.973      7.212    11.7809   999.5671 0.0000e+00
      5.084      0.057     2.2906     21.146     48.110  35.383682     1.2828      7.106   277.9757 1.9710e+00    12.2393      4.985      7.231    11.7863   999.5665 0.0000e+00
      5.099      0.062     2.2799     21.040     48.112  35.370998     1.2728      7.104   278.3434 1.9270e+00    12.5145      5.000      7.252    11.7922   999.5660 0.0000e+00
      5.116      0.064     2.2711     20.955     48.124  35.369958     1.2635      7.102   278.9732 1.8810e+00    13.0150      5.018      7.277    11.7963   999.5655 0.0000e+00
      5.134      0.064     2.2640     20.886     48.133  35.371093     1.2661      7.101   279.5672 1.8347e+00    13.2760      5.035      7.302    11.7897   999.5664 0.0000e+00
      5.153      0.063     2.2597     20.845     48.158  35.384714     1.2699      7.100   279.7612 1.7959e+00    13.3108      5.053      7.329    11.7704   999.5686 0.0000e+00
      5.169      0.061     2.2566     20.815     48.193  35.407698     1.2752      7.097   279.8565 1.7634e+00    13.3706      5.071      7.354    11.7544   999.5704 0.0000e+00
      5.184      0.056     2.2536     20.786     48.179  35.395110     1.2772      7.094   280.2895 1.7388e+00    13.4420      5.083      7.373    11.7450   999.5716 0.0000e+00
      5.197      0.051     2.2531     20.780     48.132  35.359451     1.2775      7.092   280.9525 1.7115e+00    13.4859      5.095      7.390    11.7395   999.5723 0.0000e+00
      5.211      0.048     2.2547     20.794     48.130  35.357361     1.2873      7.091   281.4200 1.6782e+00    13.5072      5.110      7.412    11.7355   999.5728 0.0000e+00
      5.222      0.047     2.2563     20.810     48.147  35.369846     1.3091      7.090   281.6390 1.6615e+00    13.4712      5.123      7.430    11.7320   999.5733 0.0000e+00
      5.229      0.047     2.2578     20.824     48.163  35.383466     1.3327      7.088   281.7949 1.6474e+00    13.3786      5.127      7.436    11.7298   999.5735 0.0000e+00
      5.238      0.047     2.2603     20.848     48.177  35.395098     1.3379      7.085   281.9283 1.6134e+00    13.3047      5.133      7.444    11.7281   999.5736 0.0000e+00
      5.254      0.047     2.2646     20.888     48.161  35.383558     1.3297      7.083   282.1329 1.5754e+00    13.2665      5.152      7.473    11.7274   999.5738 0.0000e+00
      5.271      0.048     2.2695     20.933     48.146  35.370865     1.3551      7.082   282.4618 1.5539e+00    13.2112      5.173      7.502    11.7279   999.5739 0.0000e+00
      5.282      0.048     2.2734     20.968     48.144  35.368566     1.4189      7.081   282.8083 1.5505e+00    13.1277      5.180      7.512    11.7298   999.5737 0.0000e+00
      5.291      0.048     2.2765     20.998     48.123  35.355769     1.4597      7.081   283.1385 1.5356e+00    13.0755      5.186      7.522    11.7319   999.5735 0.0000e+00
      5.303      0.048     2.2794     21.027     48.100  35.343074     1.4674      7.079   283.6146 1.4957e+00    13.0719      5.201      7.544    11.7318   999.5736 0.0000e+00
      5.316      0.048     2.2804     21.037     48.097  35.342025     1.4332      7.076   284.1764 1.4601e+00    13.1819      5.214      7.561    11.7303   999.5738 0.0000e+00
      5.327      0.051     2.2804     21.035     48.102  35.343085     1.3402      7.074   284.5107 1.4310e+00    13.3903      5.223      7.575    11.7281   999.5742 0.0000e+00
      5.341      0.054     2.2819     21.046     48.125  35.355885     1.2536      7.073   284.7314 1.3933e+00    13.4939      5.237      7.596    11.7306   999.5739 0.0000e+00
      5.355      0.055     2.2819     21.046     48.145  35.369837     1.2182      7.072   285.0389 1.3557e+00    13.5175      5.252      7.619    11.7387   999.5730 0.0000e+00
      5.370      0.055     2.2756     20.990     48.162  35.384838     1.2171      7.069   285.4747 1.3112e+00    13.5440      5.265      7.636    11.7401   999.5730 0.0000e+00
      5.386      0.055     2.2681     20.924     48.189  35.410320     1.2481      7.067   285.9569 1.2588e+00    13.4870      5.282      7.661    11.7342   999.5737 0.0000e+00
      5.401      0.054     2.2636     20.886     48.198  35.424064     1.2989      7.065   286.3094 1.2258e+00    13.3853      5.298      7.684    11.7300   999.5743 0.0000e+00
      5.412      0.053     2.2606     20.861     48.190  35.424074     1.3276      7.063   286.6391 1.2025e+00    13.3300      5.308      7.697    11.7283   999.5745 0.0000e+00
      5.423      0.053     2.2590     20.848     48.168  35.410455     1.3347      7.062   286.8464 1.1588e+00    13.3104      5.316      7.711    11.7307   999.5742 0.0000e+00
      5.437      0.053     2.2587     20.844     48.137  35.386335     1.3166      7.061   286.8361 1.0982e+00    13.4108      5.333      7.734    11.7382   999.5735 0.0000e+00
      5.452      0.053     2.2603     20.858     48.140  35.386325     1.2649      7.059   287.2033 1.0482e+00    13.6260      5.348      7.756    11.7468   999.5727 0.0000e+00
      5.465      0.052     2.2644     20.894     48.174  35.410341     1.2289      7.057   288.0170 1.0180e+00    13.7491      5.359      7.771    11.7541   999.5719 0.0000e+00
      5.480      0.050     2.2679     20.926     48.193  35.422816     1.2204      7.057   288.5862 9.9578e-01    13.7847      5.374      7.794    11.7559   999.5717 0.0000e+00
