Data/DataNotYetUploadedToEDI/CTD_2019/081219_fcr45.cnv
* Sea-Bird SBE19plus  Data File:
* FileName = C:\DATA\081219_fcr_0004.hex
* Software version 2.8.0.119 SB_Terminal.dll
* Temperature SN = 7809
* Conductivity SN = 7809
* System UpLoad Time = Aug 12 2019 16:27:20
* <ApplicationData>
* <Seaterm232>
# nquan = 16
# nvalues = 2238                        
# units = specified
# name 0 = depFM: Depth [fresh water, m]
# name 1 = dz/dtM: Descent Rate [m/s]
# name 2 = sbeox0Mg/L: Oxygen, SBE 43 [mg/l]
# name 3 = sbeox0PS: Oxygen, SBE 43 [% saturation]
# name 4 = specc: Specific Conductance [uS/cm]
# name 5 = c0uS/cm: Conductivity [uS/cm]
# name 6 = flECO-AFL: Fluorescence, WET Labs ECO-AFL/FL [mg/m^3]
# name 7 = ph: pH
# name 8 = orp: Oxidation Reduction Potential [mV]
# name 9 = par/sat/log: PAR/Logarithmic, Satlantic
# name 10 = turbWETntu0: Turbidity, WET Labs ECO [NTU]
# name 11 = prdM: Pressure, Strain Gauge [db]
# name 12 = prdE: Pressure, Strain Gauge [psi]
# name 13 = tv290C: Temperature [ITS-90, deg C]
# name 14 = density00: Density [density, kg/m^3]
# name 15 = flag:  0.000e+00
# span 0 =     -0.538,      7.525       
# span 1 =     -0.027,      0.178       
# span 2 =     0.0638,    10.6240       
# span 3 =      0.600,    132.095       
# span 4 =     35.182,    100.930       
# span 5 =  35.090489,  73.562699       
# span 6 =    -2.2070,     7.3255       
# span 7 =      6.545,      8.801       
# span 8 =   120.7531,   301.5089       
# span 9 = 1.2347e-01, 2.4198e+03       
# span 10 =     1.3788,    23.3877      
# span 11 =     -0.536,      7.380      
# span 12 =     -0.778,     10.704      
# span 13 =    11.4331,    26.6379      
# span 14 =   996.6325,   999.6341      
# span 15 = 0.0000e+00, 0.0000e+00      
# interval = seconds: 0.25
# start_time = Aug 12 2019 12:30:14 [Instrument's time stamp, header]
# bad_flag = -9.990e-29
*END*
[from data line 1628]
      4.761      0.016     1.0375      9.635     48.647  36.035463     1.9519      7.066   274.5972 3.9135e+00     4.9684      4.667      6.770    12.0061   999.5406 0.0000e+00
      4.769      0.019     1.0710      9.943     48.539  35.941448     1.9335      7.067   274.6462 3.8786e+00     4.9817      4.677      6.783    12.0151   999.5395 0.0000e+00
      4.777      0.020     1.0757      9.983     48.517  35.904055     1.8889      7.067   274.5577 3.8526e+00     5.0373      4.686      6.796    12.0299   999.5378 0.0000e+00
      4.784      0.020     1.0596      9.829     48.541  35.900688     1.8112      7.066   274.2150 3.8249e+00     5.2147      4.692      6.805    12.0437   999.5363 0.0000e+00
      4.789      0.019     1.0344      9.592     48.558  35.900716     1.7747      7.066   273.7720 3.7988e+00     5.3565      4.697      6.812    12.0374   999.5370 0.0000e+00
      4.792      0.016     1.0094      9.359     48.568  35.904373     1.7772      7.066   273.5031 3.7923e+00     5.3760      4.700      6.817    12.0241   999.5384 0.0000e+00
      4.794      0.014     0.9968      9.244     48.617  35.944894     1.8152      7.067   273.4601 3.7905e+00     5.3524      4.701      6.819    11.9997   999.5412 0.0000e+00
      4.797      0.014     1.0031      9.305     48.689  36.009832     1.8961      7.068   273.5101 3.7679e+00     5.3330      4.705      6.823    11.9714   999.5444 0.0000e+00
      4.801      0.014     1.0219      9.481     48.649  35.991346     1.9402      7.069   273.5045 3.7458e+00     5.3376      4.709      6.830    11.9602   999.5458 0.0000e+00
      4.805      0.014     1.0473      9.716     48.544  35.911811     1.9406      7.068   273.4780 3.7379e+00     5.3753      4.712      6.834    11.9565   999.5462 0.0000e+00
      4.808      0.014     1.0776      9.995     48.510  35.873326     1.9271      7.067   273.6205 3.7269e+00     5.5924      4.715      6.838    11.9608   999.5458 0.0000e+00
      4.813      0.013     1.1068     10.262     48.490  35.843381     1.8976      7.068   273.8507 3.7053e+00     5.9964      4.720      6.846    11.9768   999.5440 0.0000e+00
      4.818      0.011     1.1290     10.465     48.451  35.803607     1.8794      7.069   274.0251 3.6908e+00     6.2293      4.725      6.854    11.9925   999.5422 0.0000e+00
      4.821      0.010     1.1433     10.595     48.421  35.773253     1.8888      7.069   274.0946 3.6915e+00     6.2449      4.728      6.858    11.9920   999.5423 0.0000e+00
      4.821      0.010     1.1498     10.653     48.371  35.730250     1.9681      7.069   274.0883 3.6922e+00     6.3494      4.729      6.858    11.9724   999.5444 0.0000e+00
      4.821      0.011     1.1509     10.663     48.289  35.664493     2.1010      7.072   274.1209 3.6941e+00     6.5427      4.728      6.858    11.9545   999.5464 0.0000e+00
      4.822      0.013     1.1539     10.689     48.229  35.612904     2.1695      7.073   274.2309 3.6963e+00     6.6483      4.728      6.857    11.9446   999.5477 0.0000e+00
      4.827      0.015     1.1641     10.780     48.245  35.614259     2.1718      7.066   274.3861 3.6842e+00     6.6760      4.732      6.863    11.9359   999.5487 0.0000e+00
      4.834      0.017     1.1793     10.919     48.257  35.617386     2.1637      7.055   274.5343 3.6655e+00     6.7135      4.740      6.875    11.9296   999.5494 0.0000e+00
      4.840      0.017     1.1970     11.084     48.214  35.587246     2.0540      7.051   274.6461 3.6568e+00     6.9053      4.748      6.886    11.9266   999.5497 0.0000e+00
      4.845      0.016     1.2189     11.288     48.184  35.567191     1.8342      7.054   274.7912 3.6530e+00     7.2252      4.753      6.893    11.9206   999.5504 0.0000e+00
      4.847      0.015     1.2453     11.532     48.183  35.565313     1.7082      7.056   274.9977 3.6497e+00     7.4022      4.754      6.895    11.9044   999.5522 0.0000e+00
      4.849      0.013     1.2729     11.786     48.189  35.564539     1.7095      7.058   275.2511 3.6456e+00     7.4390      4.755      6.897    11.8974   999.5530 0.0000e+00
      4.852      0.013     1.2989     12.025     48.188  35.557829     1.7632      7.058   275.5321 3.6320e+00     7.6052      4.758      6.900    11.9025   999.5524 0.0000e+00
      4.855      0.014     1.3219     12.237     48.179  35.547654     1.8463      7.058   275.8131 3.6056e+00     7.9040      4.761      6.905    11.9057   999.5521 0.0000e+00
      4.860      0.015     1.3420     12.422     48.126  35.504975     1.8813      7.059   276.1537 3.5822e+00     8.0690      4.766      6.913    11.9064   999.5520 0.0000e+00
      4.864      0.017     1.3618     12.602     48.027  35.422630     1.8751      7.059   276.3805 3.5744e+00     8.0937      4.770      6.918    11.8984   999.5529 0.0000e+00
      4.867      0.018     1.3818     12.782     47.988  35.377139     1.8401      7.059   276.4050 3.5729e+00     8.2355      4.772      6.922    11.8901   999.5539 0.0000e+00
      4.872      0.018     1.4009     12.952     48.043  35.399224     1.7618      7.058   276.4504 3.5674e+00     8.5379      4.778      6.929    11.8888   999.5541 0.0000e+00
      4.878      0.018     1.4213     13.137     48.111  35.435758     1.7087      7.056   276.4981 3.5502e+00     8.7354      4.784      6.937    11.8870   999.5542 0.0000e+00
      4.883      0.017     1.4431     13.337     48.122  35.438032     1.7011      7.054   276.4651 3.5267e+00     8.7875      4.790      6.947    11.8787   999.5552 0.0000e+00
      4.888      0.015     1.4662     13.550     48.109  35.426708     1.7130      7.053   276.5687 3.5133e+00     8.9712      4.794      6.954    11.8584   999.5575 0.0000e+00
      4.891      0.013     1.4920     13.789     48.108  35.425782     1.7397      7.053   276.8040 3.5120e+00     9.2849      4.796      6.958    11.8361   999.5601 0.0000e+00
      4.893      0.011     1.5180     14.029     48.103  35.426832     1.7645      7.052   276.9869 3.5098e+00     9.4339      4.798      6.959    11.8213   999.5617 0.0000e+00
      4.895      0.009     1.5430     14.264     48.111  35.439411     1.7693      7.052   277.2310 3.5068e+00     9.4289      4.801      6.963    11.8162   999.5623 0.0000e+00
      4.897      0.009     1.5668     14.486     48.118  35.450941     1.7197      7.051   277.4330 3.5050e+00     9.4879      4.803      6.966    11.8163   999.5623 0.0000e+00
      4.899      0.009     1.5865     14.669     48.096  35.439296     1.6334      7.049   277.5361 3.4925e+00     9.6220      4.804      6.968    11.8145   999.5625 0.0000e+00
      4.902      0.010     1.6020     14.812     48.080  35.425561     1.5928      7.048   277.7896 3.4847e+00     9.7065      4.807      6.972    11.8188   999.5620 0.0000e+00
      4.904      0.012     1.6159     14.937     48.077  35.411818     1.5935      7.049   278.0887 3.4786e+00     9.6905      4.809      6.975    11.8289   999.5609 0.0000e+00
      4.906      0.014     1.6273     15.037     48.083  35.400061     1.5892      7.049   278.1415 3.4490e+00     9.6905      4.809      6.976    11.8350   999.5602 0.0000e+00
      4.911      0.015     1.6362     15.114     48.115  35.410335     1.5838      7.048   277.9973 3.4213e+00     9.9689      4.815      6.983    11.8408   999.5596 0.0000e+00
      4.917      0.015     1.6451     15.194     48.120  35.409076     1.5894      7.046   277.9802 3.4045e+00    10.4683      4.821      6.993    11.8423   999.5595 0.0000e+00
      4.922      0.016     1.6555     15.289     48.090  35.384833     1.5964      7.046   278.1923 3.3980e+00    10.7473      4.827      7.002    11.8279   999.5611 0.0000e+00
      4.925      0.017     1.6729     15.448     48.075  35.371100     1.5907      7.045   278.4111 3.4041e+00    10.7527      4.830      7.006    11.8065   999.5635 0.0000e+00
      4.926      0.017     1.6989     15.688     48.078  35.369965     1.5807      7.044   278.5609 3.3911e+00    10.4687      4.830      7.006    11.7910   999.5653 0.0000e+00
      4.930      0.018     1.7292     15.966     48.084  35.371110     1.5802      7.043   278.7989 3.3626e+00     9.9678      4.835      7.012    11.7883   999.5656 0.0000e+00
      4.936      0.020     1.7627     16.274     48.111  35.384939     1.5841      7.042   279.0525 3.3378e+00     9.7106      4.841      7.021    11.7890   999.5656 0.0000e+00
      4.942      0.020     1.7986     16.602     48.156  35.410223     1.5842      7.041   279.2179 3.3155e+00     9.7186      4.846      7.027    11.7834   999.5662 0.0000e+00
      4.948      0.020     1.8316     16.904     48.182  35.422927     1.5804      7.040   279.3361 3.2964e+00    10.0315      4.852      7.038    11.7806   999.5665 0.0000e+00
      4.955      0.019     1.8596     17.160     48.172  35.411597     1.5729      7.040   279.3621 3.2751e+00    10.6425      4.860      7.049    11.7793   999.5667 0.0000e+00
      4.960      0.017     1.8832     17.379     48.157  35.400161     1.5728      7.040   279.4467 3.2550e+00    11.0107      4.865      7.055    11.7726   999.5674 0.0000e+00
      4.963      0.015     1.9017     17.550     48.169  35.411597     1.5789      7.039   279.6707 3.2450e+00    11.0757      4.867      7.058    11.7632   999.5685 0.0000e+00
      4.965      0.013     1.9155     17.679     48.178  35.422928     1.5778      7.039   279.8338 3.2407e+00    11.3297      4.869      7.062    11.7561   999.5694 0.0000e+00
      4.968      0.011     1.9281     17.799     48.153  35.410224     1.5762      7.039   280.0420 3.2352e+00    11.8196      4.871      7.065    11.7522   999.5697 0.0000e+00
      4.971      0.010     1.9400     17.909     48.113  35.384950     1.5768      7.038   280.2947 3.2209e+00    12.1160      4.875      7.071    11.7507   999.5699 0.0000e+00
      4.975      0.009     1.9500     18.002     48.094  35.371225     1.5775      7.036   280.3948 3.2067e+00    12.1615      4.879      7.076    11.7535   999.5696 0.0000e+00
      4.977      0.008     1.9605     18.099     48.094  35.371226     1.5757      7.035   280.4781 3.2081e+00    12.0094      4.881      7.079    11.7596   999.5690 0.0000e+00
      4.979      0.008     1.9699     18.186     48.111  35.384959     1.5716      7.035   280.6130 3.2085e+00    11.6864      4.882      7.081    11.7674   999.5682 0.0000e+00
      4.980      0.008     1.9752     18.236     48.144  35.410328     1.5721      7.034   280.8211 3.2001e+00    11.4995      4.884      7.083    11.7716   999.5677 0.0000e+00
      4.980      0.009     1.9780     18.261     48.162  35.424071     1.5729      7.033   281.0154 3.1906e+00    11.4869      4.884      7.084    11.7697   999.5679 0.0000e+00
      4.982      0.011     1.9796     18.276     48.162  35.424184     1.5728      7.032   281.0698 3.1771e+00    11.5000      4.885      7.086    11.7697   999.5680 0.0000e+00
      4.986      0.014     1.9792     18.271     48.149  35.411700     1.5703      7.031   281.2202 3.1536e+00    11.6580      4.890      7.092    11.7718   999.5677 0.0000e+00
      4.991      0.017     1.9784     18.262     48.142  35.400066     1.5685      7.030   281.4574 3.1309e+00    11.9560      4.895      7.099    11.7734   999.5675 0.0000e+00
      4.996      0.020     1.9788     18.261     48.168  35.410455     1.5774      7.030   281.6150 3.1256e+00    12.1211      4.900      7.106    11.7740   999.5675 0.0000e+00
      5.001      0.022     1.9794     18.263     48.181  35.410351     1.5910      7.029   281.8341 3.1142e+00    12.1799      4.903      7.113    11.7738   999.5675 0.0000e+00
      5.007      0.026     1.9793     18.258     48.176  35.398802     1.5943      7.028   282.1281 3.0884e+00    12.5351      4.909      7.120    11.7716   999.5678 0.0000e+00
      5.014      0.032     1.9799     18.262     48.180  35.397753     1.5913      7.028   282.4170 3.0668e+00    13.1383      4.917      7.131    11.7644   999.5686 0.0000e+00
      5.021      0.037     1.9845     18.302     48.186  35.397668     1.5898      7.027   282.6590 3.0501e+00    13.4433      4.925      7.143    11.7543   999.5698 0.0000e+00
      5.029      0.039     1.9948     18.395     48.195  35.397764     1.5846      7.026   282.8173 3.0077e+00    13.4705      4.929      7.149    11.7433   999.5711 0.0000e+00
      5.043      0.038     2.0088     18.521     48.204  35.398909     1.5803      7.025   282.9545 2.9336e+00    13.4343      4.942      7.168    11.7346   999.5721 0.0000e+00
      5.060      0.034     2.0238     18.660     48.223  35.411510     1.5811      7.023   283.1141 2.8889e+00    13.3331      4.966      7.203    11.7326   999.5724 0.0000e+00
      5.070      0.028     2.0417     18.827     48.231  35.423173     1.5767      7.022   283.1986 2.8846e+00    13.2631      4.975      7.216    11.7293   999.5727 0.0000e+00
      5.073      0.023     2.0633     19.030     48.206  35.412985     1.5624      7.022   283.2873 2.8824e+00    13.2436      4.976      7.216    11.7201   999.5738 0.0000e+00
      5.074      0.018     2.0871     19.252     48.201  35.415283     1.4950      7.022   283.4976 2.8860e+00    13.2931      4.977      7.218    11.7129   999.5747 0.0000e+00
      5.074      0.016     2.1107     19.471     48.246  35.450962     1.3774      7.021   283.6763 2.8975e+00    13.3710      4.975      7.215    11.7112   999.5749 0.0000e+00
      5.077      0.016     2.1352     19.697     48.263  35.463552     1.3099      7.021   283.8133 2.8909e+00    13.3655      4.978      7.218    11.7181   999.5741 0.0000e+00
      5.084      0.017     2.1571     19.899     48.233  35.440567     1.2951      7.020   283.9504 2.8648e+00    13.3258      4.985      7.229    11.7290   999.5729 0.0000e+00
      5.091      0.019     2.1696     20.013     48.216  35.426937     1.3107      7.019   284.0429 2.8436e+00    13.3166      4.994      7.243    11.7361   999.5721 0.0000e+00
      5.097      0.019     2.1747     20.059     48.216  35.425698     1.3599      7.019   284.1566 2.8263e+00    13.3200      5.000      7.252    11.7383   999.5719 0.0000e+00
      5.101      0.018     2.1753     20.065     48.219  35.425586     1.3958      7.018   284.3790 2.8067e+00    13.3345      5.002      7.254    11.7367   999.5721 0.0000e+00
      5.104      0.016     2.1713     20.028     48.220  35.425576     1.4070      7.016   284.5818 2.7967e+00    13.3279      5.006      7.260    11.7358   999.5722 0.0000e+00
      5.108      0.016     2.1643     19.963     48.219  35.425575     1.4081      7.015   284.7163 2.7902e+00    13.2728      5.009      7.265    11.7357   999.5723 0.0000e+00
      5.112      0.017     2.1574     19.899     48.219  35.425575     1.4171      7.015   284.9725 2.7710e+00    13.1927      5.013      7.271    11.7343   999.5724 0.0000e+00
      5.114      0.020     2.1513     19.841     48.222  35.425575     1.4387      7.014   285.2697 2.7465e+00    13.1458      5.015      7.274    11.7315   999.5728 0.0000e+00
      5.118      0.024     2.1472     19.801     48.229  35.425575     1.4527      7.013   285.3843 2.7219e+00    13.1316      5.017      7.277    11.7296   999.5730 0.0000e+00
      5.126      0.028     2.1464     19.791     48.238  35.425566     1.4473      7.011   285.4126 2.6919e+00    13.0860      5.027      7.292    11.7309   999.5729 0.0000e+00
      5.135      0.031     2.1464     19.787     48.248  35.425463     1.3650      7.011   285.4394 2.6641e+00    13.0860      5.037      7.306    11.7318   999.5728 0.0000e+00
      5.144      0.034     2.1477     19.796     48.256  35.424320     1.2213      7.010   285.3640 2.6352e+00    13.1985      5.044      7.317    11.7296   999.5731 0.0000e+00
      5.154      0.035     2.1512     19.826     48.246  35.411730     1.1483      7.009   285.3614 2.5994e+00    13.2990      5.054      7.331    11.7235   999.5738 0.0000e+00
