Data/DataNotYetUploadedToEDI/CTD_2019/081219_fcr50.cnv
* Sea-Bird SBE19plus  Data File:
* FileName = C:\DATA\081219_fcr50_0001.hex
* Software version 2.8.0.119 SB_Terminal.dll
* Temperature SN = 7809
* Conductivity SN = 7809
* System UpLoad Time = Aug 12 2019 09:50:32
* <ApplicationData>
* <Seaterm232>
# nquan = 16
# nvalues = 889                         
# units = specified
# name 0 = depFM: Depth [fresh water, m]
# name 1 = dz/dtM: Descent Rate [m/s]
# name 2 = sbeox0Mg/L: Oxygen, SBE 43 [mg/l]
# name 3 = sbeox0PS: Oxygen, SBE 43 [% saturation]
# name 4 = specc: Specific Conductance [uS/cm]
# name 5 = c0uS/cm: Conductivity [uS/cm]
# name 6 = flECO-AFL: Fluorescence, WET Labs ECO-AFL/FL [mg/m^3]
# name 7 = ph: pH
# name 8 = orp: Oxidation Reduction Potential [mV]
# name 9 = par/sat/log: PAR/Logarithmic, Satlantic
# name 10 = turbWETntu0: Turbidity, WET Labs ECO [NTU]
# name 11 = prdM: Pressure, Strain Gauge [db]
# name 12 = prdE: Pressure, Strain Gauge [psi]
# name 13 = tv290C: Temperature [ITS-90, deg C]
# name 14 = density00: Density [density, kg/m^3]
# name 15 = flag:  0.000e+00
# span 0 =     -0.580,      9.662       
# span 1 =     -0.160,      0.156       
# span 2 =     0.0781,     9.4577       
# span 3 =      0.786,    115.414       
# span 4 =      3.752,     78.043       
# span 5 =   3.630594,  57.255169       
# span 6 =    -0.5471,     6.8645       
# span 7 =     -2.177,      9.163       
# span 8 =   -92.2913,  1186.7571       
# span 9 = 1.2356e-01, 1.3757e+03       
# span 10 =    -1.2401,    58.2761      
# span 11 =     -0.569,      9.478      
# span 12 =     -0.826,     13.747      
# span 13 =    11.6598,    25.4751      
# span 14 =   996.9410,   999.6173      
# span 15 = 0.0000e+00, 0.0000e+00      
# interval = seconds: 0.25
# start_time = Aug 12 2019 09:37:12 [Instrument's time stamp, header]
# bad_flag = -9.990e-29
*END*
[from data line 181]
     -0.047      0.005     7.8384     95.491     36.284  36.543858     2.6126      8.445   246.8257 1.0171e+03     3.6062     -0.046     -0.067    25.0344   997.0566 0.0000e+00
     -0.046      0.004     8.2884    101.053     36.249  36.540166     2.6101      8.441   246.8381 1.0172e+03     3.6244     -0.046     -0.066    25.0651   997.0480 0.0000e+00
     -0.045      0.004     8.7017    106.138     36.220  36.528374     2.6545      8.438   246.9528 1.0173e+03     3.5706     -0.044     -0.064    25.1804   997.0183 0.0000e+00
     -0.044      0.003     9.0392    110.278     36.211  36.528256     2.7331      8.433   247.0940 1.0179e+03     3.5122     -0.043     -0.062    25.2928   996.9892 0.0000e+00
     -0.043      0.002     9.2853    113.293     36.217  36.538744     2.7802      8.429   247.3414 1.0200e+03     3.5410     -0.042     -0.061    25.3605   996.9716 0.0000e+00
     -0.043      0.002     9.4248    115.004     36.204  36.528252     2.7992      8.426   247.5358 1.0226e+03     3.5910     -0.042     -0.061    25.4033   996.9605 0.0000e+00
     -0.043      0.001     9.4577    115.414     36.201  36.528346     2.8069      8.422   247.2072 1.0226e+03     3.6255     -0.042     -0.061    25.4237   996.9552 0.0000e+00
     -0.043      0.001     9.4125    114.870     36.210  36.539886     2.8033      8.418   246.5511 1.0005e+03     3.6959     -0.042     -0.061    25.4334   996.9526 0.0000e+00
     -0.043      0.000     9.3317    113.889     36.209  36.540841     2.7993      8.416   246.2283 9.0017e+02     3.7542     -0.041     -0.060    25.4382   996.9514 0.0000e+00
     -0.043 1.8811e-08     9.2478    112.868     36.206  36.539886     2.7928      8.413   246.2298 6.9225e+02     3.7724     -0.042     -0.060    25.4425   996.9503 0.0000e+00
     -0.043 2.0692e-07     9.1769    112.004     36.195  36.528356     2.7860      8.410   246.3970 4.5303e+02     3.7847     -0.041     -0.060    25.4469   996.9491 0.0000e+00
     -0.043 2.1000e-07     9.1201    111.310     36.195  36.528366     2.7772      8.408   246.2707 2.9694e+02     3.8054     -0.042     -0.060    25.4509   996.9481 0.0000e+00
     -0.043 5.6038e-08     9.0760    110.770     36.207  36.540012     2.7563      8.407   245.7354 2.8355e+02     3.7939     -0.042     -0.061    25.4532   996.9474 0.0000e+00
     -0.043 4.1152e-07     9.0446    110.386     36.210  36.542215     2.7410      8.405   245.5166 4.2324e+02     3.7756     -0.042     -0.061    25.4547   996.9471 0.0000e+00
     -0.043      0.000     9.0231    110.123     36.223  36.555003     2.7395      8.402   245.6045 6.6398e+02     3.8137     -0.041     -0.060    25.4553   996.9469 0.0000e+00
     -0.043      0.000     9.0111    109.975     36.236  36.567696     2.7387      8.399   245.8525 8.8468e+02     3.8285     -0.042     -0.060    25.4545   996.9470 0.0000e+00
     -0.043      0.001     9.0039    109.887     36.237  36.568737     2.7400      8.396   246.1917 1.0018e+03     3.7915     -0.042     -0.060    25.4537   996.9473 0.0000e+00
     -0.043      0.001     8.9984    109.819     36.236  36.567583     2.7376      8.393   246.0055 1.0346e+03     3.7590     -0.042     -0.060    25.4532   996.9474 0.0000e+00
     -0.042      0.001     8.9957    109.783     36.223  36.553745     2.7365      8.390   245.4088 1.0382e+03     3.7307     -0.041     -0.060    25.4526   996.9477 0.0000e+00
     -0.042      0.001     8.9954    109.774     36.200  36.528367     2.7864      8.388   245.1712 1.0395e+03     3.6792     -0.041     -0.060    25.4522   996.9478 0.0000e+00
     -0.042      0.001     8.9978    109.797     36.189  36.514623     2.8725      8.386   245.2840 1.0417e+03     3.5946     -0.041     -0.059    25.4523   996.9477 0.0000e+00
     -0.042      0.001     8.9993    109.812     36.189  36.514509     2.9198      8.385   245.4815 1.0436e+03     3.5268     -0.041     -0.060    25.4521   996.9478 0.0000e+00
     -0.041      0.001     8.9969    109.781     36.202  36.526983     2.9418      8.382   245.7525 1.0434e+03     3.5156     -0.040     -0.059    25.4500   996.9483 0.0000e+00
     -0.041      0.000     8.9938    109.740     36.215  36.538499     2.9824      8.380   245.8078 1.0419e+03     3.5245     -0.041     -0.058    25.4473   996.9490 0.0000e+00
     -0.041     -0.004     8.9940    109.739     36.205  36.526812     3.0292      8.376   245.4620 1.0417e+03     3.5359     -0.040     -0.059    25.4452   996.9495 0.0000e+00
     -0.041     -0.013     8.9973    109.778     36.191  36.512620     3.0486      8.368   244.9261 1.0420e+03     3.5549     -0.040     -0.058    25.4430   996.9501 0.0000e+00
     -0.041     -0.029     9.0008    109.825     36.171  36.493840     3.0441      8.358   244.5775 1.0391e+03     3.5579     -0.040     -0.058    25.4415   996.9505 0.0000e+00
     -0.044     -0.051     9.0033    109.868     36.163  36.490169     2.9744      8.344   244.6027 1.0366e+03     3.4732     -0.041     -0.059    25.4403   996.9508 0.0000e+00
     -0.055     -0.077     9.0054    109.909     36.199  36.531713     2.8391      8.332   244.8859 1.0366e+03     3.3180     -0.048     -0.070    25.4388   996.9511 0.0000e+00
     -0.079     -0.101     9.0087    109.964     36.214  36.551854     2.7597      8.323   245.1620 1.0268e+03     3.2216     -0.071     -0.105    25.4376   996.9513 0.0000e+00
     -0.116     -0.121     9.0135    110.031     36.202  36.543288     2.7516      8.314   245.1027 9.5796e+02     3.1922     -0.112     -0.162    25.4383   996.9510 0.0000e+00
     -0.160     -0.135     9.0160    110.066     36.212  36.555088     2.7843      8.308   244.7712 7.6319e+02     3.4873     -0.158     -0.229    25.4451   996.9491 0.0000e+00
     -0.200     -0.136     9.0102    109.996     36.224  36.567588     3.1726      8.300   244.5950 4.9660e+02     7.4124     -0.198     -0.288    25.4550   996.9463 0.0000e+00
     -0.235     -0.117     8.9934    109.792     36.224  36.567474     3.8917      8.287   244.7789 3.5049e+02    14.6333     -0.232     -0.335    25.4621   996.9442 0.0000e+00
     -0.268     -0.080     8.9663    109.464     36.209  36.553715     4.2829      8.272   245.1019 4.5714e+02    18.5642     -0.262     -0.380    25.4662   996.9431 0.0000e+00
     -0.299     -0.035     8.9333    109.066     36.182  36.528180     4.2534      8.259   245.2309 7.2650e+02    19.0875     -0.298     -0.433    25.4683   996.9424 0.0000e+00
     -0.312      0.007     8.8982    108.640     36.166  36.512616     3.4658      8.249   244.9616 9.4295e+02    21.1246     -0.320     -0.465    25.4680   996.9423 0.0000e+00
     -0.293      0.041     8.8588    108.156     36.147  36.492474     2.0079      8.244   244.5998 1.0242e+03    24.8095     -0.296     -0.429    25.4678   996.9425 0.0000e+00
     -0.252      0.065     8.8204    107.680     36.132  36.475049     1.2173      8.243   244.3844 1.0401e+03    26.7728     -0.245     -0.355    25.4697   996.9422 0.0000e+00
     -0.216      0.076     8.7903    107.305     36.152  36.492349     1.1808      8.243   244.2499 1.0428e+03    26.4449     -0.204     -0.297    25.4731   996.9415 0.0000e+00
     -0.197      0.072     8.7692    107.043     36.173  36.511233     1.5225      8.241   244.3494 1.0421e+03    20.7130     -0.189     -0.275    25.4751   996.9410 0.0000e+00
     -0.189      0.056     8.7570    106.890     36.176  36.512951     2.1584      8.240   244.3831 1.0411e+03    10.1344     -0.188     -0.272    25.4724   996.9418 0.0000e+00
     -0.181      0.040     8.7539    106.850     36.177  36.513115     2.5149      8.238   244.1407 1.0385e+03     4.3617     -0.177     -0.257    25.4681   996.9429 0.0000e+00
     -0.174      0.032     8.7611    106.937     36.177  36.513219     2.5634      8.234   243.7417 1.0365e+03     3.8752     -0.167     -0.241    25.4646   996.9439 0.0000e+00
     -0.171      0.031     8.7754    107.111     36.178  36.514208     2.5810      8.230   243.2597 1.0371e+03     3.8921     -0.168     -0.243    25.4618   996.9447 0.0000e+00
     -0.166      0.033     8.7914    107.306     36.189  36.525067     2.5972      8.227   243.0442 1.0369e+03     3.9431     -0.166     -0.240    25.4596   996.9453 0.0000e+00
     -0.154      0.036     8.8092    107.520     36.182  36.517567     2.6126      8.226   243.1154 1.0320e+03     3.9670     -0.152     -0.220    25.4587   996.9455 0.0000e+00
     -0.141      0.039     8.8300    107.769     36.154  36.486999     2.6276      8.225   243.1743 1.0249e+03     3.9853     -0.137     -0.198    25.4585   996.9456 0.0000e+00
     -0.131      0.042     8.8506    108.017     36.141  36.472825     2.7450      8.221   243.1540 1.0240e+03     4.0333     -0.129     -0.187    25.4583   996.9457 0.0000e+00
     -0.121      0.043     8.8685    108.236     36.142  36.473134     2.9645      8.216   243.1279 1.0286e+03     4.0553     -0.119     -0.173    25.4587   996.9457 0.0000e+00
     -0.110      0.043     8.8818    108.397     36.159  36.490741     3.0887      8.212   243.1166 1.0356e+03     4.0220     -0.107     -0.155    25.4578   996.9460 0.0000e+00
     -0.099      0.042     8.8844    108.427     36.164  36.495293     3.1111      8.208   243.1896 1.0445e+03     3.9918     -0.097     -0.141    25.4545   996.9469 0.0000e+00
     -0.088      0.042     8.8758    108.316     36.136  36.464702     3.2353      8.204   243.3216 1.0394e+03     3.9847     -0.087     -0.126    25.4522   996.9475 0.0000e+00
     -0.077      0.041     8.8646    108.170     36.113  36.438219     3.4632      8.200   243.4227 9.0397e+02     4.0015     -0.075     -0.108    25.4523   996.9475 0.0000e+00
     -0.066      0.040     8.8544    108.036     36.108  36.428959     3.5862      8.196   243.5513 7.7293e+02     4.0311     -0.064     -0.092    25.4528   996.9475 0.0000e+00
     -0.056      0.039     8.8431    107.888     36.098  36.416214     3.5955      8.191   243.5860 8.9636e+02     4.0149     -0.055     -0.080    25.4525   996.9476 0.0000e+00
     -0.047      0.038     8.8330    107.753     36.098  36.411058     3.5930      8.186   243.5840 1.0418e+03     3.9693     -0.046     -0.067    25.4490   996.9485 0.0000e+00
     -0.037      0.038     8.8265    107.661     36.121  36.430079     3.5474      8.181   243.6126 1.0606e+03     3.9722     -0.036     -0.052    25.4430   996.9501 0.0000e+00
     -0.028      0.039     8.8228    107.606     36.150  36.455783     3.4601      8.176   243.5021 1.0625e+03     4.0164     -0.026     -0.039    25.4387   996.9513 0.0000e+00
     -0.018      0.039     8.8228    107.600     36.164  36.467948     3.4136      8.169   243.3664 1.0640e+03     4.0447     -0.019     -0.026    25.4348   996.9524 0.0000e+00
     -0.008      0.039     8.8250    107.626     36.147  36.450223     3.4016      8.159   243.2628 1.0685e+03     4.0524     -0.008     -0.012    25.4279   996.9542 0.0000e+00
      0.003      0.038     8.8240    107.618     36.128  36.431883     3.3058      8.149   243.1954 1.1129e+03     4.0443      0.003      0.004    25.4202   996.9562 0.0000e+00
      0.014      0.035     8.8182    107.552     36.131  36.436613     3.1394      8.141   243.3261 1.1074e+03     4.0452      0.014      0.022    25.4150   996.9576 0.0000e+00
      0.024      0.033     8.8094    107.448     36.136  36.443943     3.0543      8.136   243.2950 9.6383e+02     4.0627      0.024      0.035    25.4127   996.9583 0.0000e+00
      0.031      0.031     8.8001    107.338     36.149  36.457046     3.0489      8.133   242.7332 8.6938e+02     4.0589      0.032      0.046    25.4125   996.9584 0.0000e+00
      0.036      0.029     8.7914    107.233     36.159  36.468102     3.0906      8.130   242.1255 8.7390e+02     3.9993      0.036      0.052    25.4147   996.9578 0.0000e+00
      0.041      0.029     8.7843    107.144     36.143  36.450677     3.1781      8.127   241.6265 9.0670e+02     3.8992      0.039      0.056    25.4174   996.9571 0.0000e+00
      0.049      0.032     8.7833    107.124     36.131  36.436768     3.2315      8.124   241.1745 9.9012e+02     3.8326      0.049      0.070    25.4193   996.9566 0.0000e+00
      0.059      0.038     8.7894    107.189     36.125  36.426865     3.2500      8.118   241.1335 1.0123e+03     3.8168      0.059      0.085    25.4210   996.9563 0.0000e+00
      0.067      0.046     8.8000    107.306     36.098  36.394405     3.3415      8.107   241.3900 9.0135e+02     3.8713      0.066      0.095    25.4212   996.9563 0.0000e+00
      0.076      0.052     8.8142    107.467     36.069  36.361655     3.5046      8.099   241.6081 7.5446e+02     3.9679      0.072      0.104    25.4203   996.9565 0.0000e+00
      0.091      0.056     8.8282    107.628     36.059  36.348231     3.6011      8.094   241.7049 6.7090e+02     4.0345      0.086      0.124    25.4176   996.9573 0.0000e+00
      0.112      0.059     8.8354    107.709     36.072  36.359033     3.6237      8.088   241.7855 5.8907e+02     4.0531      0.112      0.162    25.4116   996.9589 0.0000e+00
      0.131      0.060     8.8352    107.699     36.081  36.365311     3.6915      8.081   241.8950 4.8889e+02     4.0288      0.132      0.192    25.4047   996.9608 0.0000e+00
      0.146      0.059     8.8331    107.662     36.081  36.360675     3.8136      8.076   241.9104 5.3816e+02     4.0038      0.142      0.206    25.3986   996.9625 0.0000e+00
      0.159      0.055     8.8308    107.622     36.091  36.366436     3.8776      8.072   241.9723 7.0112e+02     4.0128      0.156      0.226    25.3937   996.9638 0.0000e+00
      0.172      0.051     8.8263    107.560     36.099  36.371486     3.8849      8.069   242.2987 7.5793e+02     4.0392      0.170      0.247    25.3908   996.9647 0.0000e+00
      0.183      0.047     8.8209    107.492     36.086  36.358263     3.9015      8.069   242.7595 7.0063e+02     4.0282      0.179      0.259    25.3879   996.9654 0.0000e+00
      0.195      0.045     8.8154    107.427     36.061  36.333499     3.9489      8.069   243.0697 6.7197e+02     4.0104      0.191      0.277    25.3811   996.9672 0.0000e+00
      0.208      0.042     8.8109    107.371     36.054  36.325950     4.0235      8.070   242.7800 6.6424e+02     4.0214      0.205      0.297    25.3738   996.9692 0.0000e+00
      0.219      0.038     8.8113    107.372     36.060  36.330463     4.0666      8.070   242.0959 6.4397e+02     4.0299      0.214      0.311    25.3703   996.9701 0.0000e+00
      0.228      0.036     8.8170    107.436     36.056  36.324583     4.0713      8.066   241.9399 6.3845e+02     4.0474      0.224      0.325    25.3704   996.9702 0.0000e+00
      0.236      0.033     8.8230    107.504     36.052  36.318329     4.0549      8.059   242.2700 6.3045e+02     4.0035      0.233      0.338    25.3719   996.9699 0.0000e+00
      0.242      0.030     8.8256    107.532     36.053  36.318319     4.0239      8.055   242.5596 6.1625e+02     3.8599      0.236      0.343    25.3711   996.9700 0.0000e+00
      0.249      0.029     8.8254    107.528     36.060  36.324458     4.0091      8.057   242.4301 6.0150e+02     3.7521      0.243      0.353    25.3685   996.9707 0.0000e+00
      0.258      0.031     8.8243    107.513     36.065  36.329079     4.0156      8.061   241.9948 5.9694e+02     3.7487      0.254      0.369    25.3658   996.9715 0.0000e+00
      0.264      0.034     8.8242    107.512     36.047  36.310719     4.1189      8.061   241.8561 5.9053e+02     3.8520      0.259      0.376    25.3633   996.9722 0.0000e+00
      0.270      0.037     8.8272    107.548     36.030  36.292889     4.3126      8.056   242.0446 5.7364e+02     3.9847      0.262      0.381    25.3613   996.9726 0.0000e+00
      0.280      0.038     8.8334    107.624     36.041  36.303909     4.4155      8.054   242.3806 5.5964e+02     4.0428      0.272      0.394    25.3604   996.9729 0.0000e+00
      0.295      0.038     8.8419    107.728     36.053  36.317019     4.4272      8.054   242.8212 5.3625e+02     4.0631      0.289      0.420    25.3602   996.9731 0.0000e+00
