Data/DataNotYetUploadedToEDI/CTD_2019/081219_fcr50.cnv
* Sea-Bird SBE19plus  Data File:
* FileName = C:\DATA\081219_fcr50_0001.hex
* Software version 2.8.0.119 SB_Terminal.dll
* Temperature SN = 7809
* Conductivity SN = 7809
* System UpLoad Time = Aug 12 2019 09:50:32
* <ApplicationData>
* <Seaterm232>
# nquan = 16
# nvalues = 889                         
# units = specified
# name 0 = depFM: Depth [fresh water, m]
# name 1 = dz/dtM: Descent Rate [m/s]
# name 2 = sbeox0Mg/L: Oxygen, SBE 43 [mg/l]
# name 3 = sbeox0PS: Oxygen, SBE 43 [% saturation]
# name 4 = specc: Specific Conductance [uS/cm]
# name 5 = c0uS/cm: Conductivity [uS/cm]
# name 6 = flECO-AFL: Fluorescence, WET Labs ECO-AFL/FL [mg/m^3]
# name 7 = ph: pH
# name 8 = orp: Oxidation Reduction Potential [mV]
# name 9 = par/sat/log: PAR/Logarithmic, Satlantic
# name 10 = turbWETntu0: Turbidity, WET Labs ECO [NTU]
# name 11 = prdM: Pressure, Strain Gauge [db]
# name 12 = prdE: Pressure, Strain Gauge [psi]
# name 13 = tv290C: Temperature [ITS-90, deg C]
# name 14 = density00: Density [density, kg/m^3]
# name 15 = flag:  0.000e+00
# span 0 =     -0.580,      9.662       
# span 1 =     -0.160,      0.156       
# span 2 =     0.0781,     9.4577       
# span 3 =      0.786,    115.414       
# span 4 =      3.752,     78.043       
# span 5 =   3.630594,  57.255169       
# span 6 =    -0.5471,     6.8645       
# span 7 =     -2.177,      9.163       
# span 8 =   -92.2913,  1186.7571       
# span 9 = 1.2356e-01, 1.3757e+03       
# span 10 =    -1.2401,    58.2761      
# span 11 =     -0.569,      9.478      
# span 12 =     -0.826,     13.747      
# span 13 =    11.6598,    25.4751      
# span 14 =   996.9410,   999.6173      
# span 15 = 0.0000e+00, 0.0000e+00      
# interval = seconds: 0.25
# start_time = Aug 12 2019 09:37:12 [Instrument's time stamp, header]
# bad_flag = -9.990e-29
*END*
[from data line 633]
      5.505      0.047     2.2735     20.979     48.140  35.385056     1.1287      7.055   288.8090 9.5448e-01    13.8711      5.400      7.831    11.7503   999.5725 0.0000e+00
      5.513      0.049     2.2776     21.018     48.120  35.372361     1.0964      7.053   289.0255 9.3681e-01    13.9213      5.407      7.841    11.7496   999.5726 0.0000e+00
      5.522      0.053     2.2807     21.044     48.141  35.383684     1.0911      7.050   289.3898 9.0498e-01    13.9755      5.414      7.852    11.7493   999.5727 0.0000e+00
      5.536      0.058     2.2830     21.061     48.167  35.395007     1.0736      7.047   289.6865 8.6307e-01    14.0024      5.427      7.871    11.7467   999.5730 0.0000e+00
      5.553      0.065     2.2847     21.073     48.161  35.382312     1.0409      7.046   289.9450 8.2133e-01    13.9835      5.447      7.899    11.7489   999.5729 0.0000e+00
      5.573      0.071     2.2862     21.083     48.137  35.357134     1.0257      7.044   290.2790 7.8808e-01    13.9766      5.466      7.927    11.7555   999.5722 0.0000e+00
      5.593      0.073     2.2887     21.102     48.130  35.344450     1.0283      7.043   290.5412 7.5479e-01    14.0176      5.484      7.954    11.7488   999.5730 0.0000e+00
      5.613      0.073     2.2929     21.138     48.154  35.355887     1.0208      7.040   290.5345 7.0509e-01    14.0526      5.503      7.982    11.7380   999.5743 0.0000e+00
      5.633      0.069     2.3004     21.205     48.177  35.368467     0.9950      7.038   290.4555 6.7246e-01    14.0397      5.526      8.014    11.7314   999.5752 0.0000e+00
      5.653      0.064     2.3091     21.284     48.182  35.369611     0.9756      7.037   290.6182 6.6586e-01    13.9930      5.546      8.043    11.7231   999.5762 0.0000e+00
      5.668      0.059     2.3178     21.363     48.185  35.369715     0.9778      7.035   290.9531 6.5655e-01    13.9791      5.558      8.062    11.7146   999.5772 0.0000e+00
      5.680      0.055     2.3269     21.446     48.187  35.369725     0.9787      7.033   291.3215 6.4335e-01    14.0022      5.571      8.080    11.7078   999.5780 0.0000e+00
      5.691      0.053     2.3344     21.515     48.187  35.369726     0.9687      7.033   291.5443 6.3654e-01    14.0107      5.581      8.095    11.7039   999.5785 0.0000e+00
      5.702      0.053     2.3409     21.575     48.188  35.369726     0.9611      7.032   291.4961 6.2470e-01    14.0157      5.589      8.108    11.7014   999.5788 0.0000e+00
      5.717      0.054     2.3478     21.638     48.188  35.369727     0.9564      7.029   291.4275 5.9895e-01    14.0305      5.605      8.129    11.6991   999.5792 0.0000e+00
      5.734      0.056     2.3543     21.698     48.188  35.369727     0.9549      7.027   291.5748 5.7683e-01    14.0255      5.623      8.155    11.6976   999.5794 0.0000e+00
      5.749      0.059     2.3576     21.729     48.187  35.369726     0.9782      7.025   291.9005 5.5805e-01    13.9882      5.639      8.179    11.6973   999.5795 0.0000e+00
      5.762      0.062     2.3586     21.739     48.185  35.369716     1.0127      7.025   292.4403 5.3130e-01    13.9396      5.651      8.196    11.6971   999.5796 0.0000e+00
      5.776      0.065     2.3630     21.780     48.183  35.369612     1.0247      7.024   293.1113 5.0710e-01    13.8967      5.664      8.214    11.6965   999.5797 0.0000e+00
      5.793      0.069     2.3695     21.840     48.180  35.368467     1.0281      7.022   293.3881 4.9323e-01    13.8959      5.681      8.239    11.6963   999.5798 0.0000e+00
      5.811      0.077     2.3740     21.882     48.160  35.355878     1.0457      7.018   293.2069 4.8182e-01    13.9958      5.698      8.265    11.6976   999.5797 0.0000e+00
      5.830      0.087     2.3761     21.902     48.144  35.344339     1.0721      7.016   293.1570 4.5503e-01    14.1546      5.716      8.291    11.7000   999.5796 0.0000e+00
      5.852      0.095     2.3759     21.901     48.161  35.355889     1.0871      7.014   293.3012 4.0945e-01    14.2422      5.737      8.321    11.7007   999.5796 0.0000e+00
      5.879      0.098     2.3761     21.902     48.179  35.368581     1.0888      7.013   293.4875 3.6770e-01    14.2367      5.764      8.358    11.7020   999.5796 0.0000e+00
      5.910      0.098     2.3768     21.909     48.180  35.370860     1.0757      7.012   293.7750 3.3060e-01    14.2183      5.796      8.406    11.7048   999.5794 0.0000e+00
      5.941      0.095     2.3759     21.902     48.194  35.383449     1.0492      7.010   294.0237 3.0007e-01    14.2164      5.830      8.454    11.7043   999.5796 0.0000e+00
      5.966      0.089     2.3751     21.897     48.202  35.393854     1.0374      7.007   294.1714 3.0073e-01    14.1804      5.855      8.491    11.7029   999.5799 0.0000e+00
      5.984      0.082     2.3755     21.903     48.162  35.369725     1.0364      7.005   294.1852 3.0388e-01    14.1443      5.868      8.511    11.7026   999.5800 0.0000e+00
      5.999      0.073     2.3757     21.905     48.127  35.345586     1.0200      7.004   294.1903 2.7676e-01    14.1724      5.881      8.529    11.7031   999.5800 0.0000e+00
      6.017      0.067     2.3758     21.907     48.142  35.355876     0.9949      7.003   294.3185 2.4905e-01    14.2254      5.900      8.557    11.7057   999.5798 0.0000e+00
      6.036      0.064     2.3756     21.904     48.160  35.367206     0.9842      7.001   294.7020 2.4048e-01    14.2932      5.920      8.587    11.7114   999.5793 0.0000e+00
      6.052      0.064     2.3751     21.898     48.149  35.355639     0.9868      6.999   295.2997 2.3950e-01    14.3368      5.935      8.608    11.7170   999.5787 0.0000e+00
      6.067      0.063     2.3749     21.894     48.135  35.342953     0.9828      6.998   295.6092 2.2607e-01    14.2943      5.949      8.628    11.7194   999.5785 0.0000e+00
      6.082      0.060     2.3739     21.884     48.134  35.340760     0.9706      6.997   295.6051 1.9640e-01    14.3031      5.964      8.650    11.7183   999.5787 0.0000e+00
      6.098      0.057     2.3721     21.867     48.118  35.329116     0.9606      6.996   295.5941 1.8435e-01    14.4108      5.980      8.673    11.7150   999.5792 0.0000e+00
      6.113      0.055     2.3702     21.850     48.117  35.329106     0.9659      6.994   295.7341 1.9879e-01    14.4503      5.996      8.695    11.7123   999.5795 0.0000e+00
      6.126      0.055     2.3699     21.849     48.129  35.340645     0.9833      6.992   296.2651 2.0070e-01    14.4525      6.008      8.714    11.7088   999.5799 0.0000e+00
      6.138      0.055     2.3711     21.861     48.127  35.341693     1.0145      6.991   297.0251 1.8087e-01    14.4705      6.019      8.730    11.7067   999.5803 0.0000e+00
      6.150      0.057     2.3728     21.877     48.127  35.341778     1.0656      6.990   297.5226 1.6591e-01    14.4382      6.030      8.746    11.7078   999.5802 0.0000e+00
      6.164      0.060     2.3745     21.891     48.131  35.341683     1.0977      6.988   297.7203 1.5739e-01    14.4223      6.044      8.767    11.7092   999.5801 0.0000e+00
      6.180      0.064     2.3768     21.910     48.134  35.340530     1.0995      6.987   297.7807 1.4711e-01    14.4091      6.061      8.791    11.7115   999.5799 0.0000e+00
      6.197      0.066     2.3792     21.930     48.121  35.327838     1.0960      6.985   297.8229 1.3819e-01    14.3112      6.076      8.813    11.7152   999.5795 0.0000e+00
      6.217      0.066     2.3792     21.930     48.107  35.315154     1.0901      6.983   297.8870 1.3019e-01    14.2218      6.096      8.841    11.7154   999.5796 0.0000e+00
      6.237      0.068     2.3783     21.921     48.107  35.314114     1.0810      6.981   298.0385 1.2969e-01    14.2132      6.119      8.873    11.7114   999.5802 0.0000e+00
      6.254      0.071     2.3800     21.935     48.111  35.315269     1.0806      6.980   298.2789 1.3457e-01    14.2398      6.135      8.898    11.7070   999.5808 0.0000e+00
      6.267      0.075     2.3830     21.962     48.133  35.329107     1.0857      6.980   298.5564 1.3181e-01    14.3477      6.145      8.913    11.7040   999.5811 0.0000e+00
      6.282      0.079     2.3864     21.992     48.172  35.354485     1.0813      6.979   298.8989 1.2596e-01    14.5664      6.156      8.930    11.7022   999.5813 0.0000e+00
      6.304      0.081     2.3910     22.034     48.193  35.368227     1.0796      6.976   298.8929 1.2412e-01    14.7211      6.180      8.964    11.7006   999.5816 0.0000e+00
      6.332      0.084     2.3950     22.070     48.193  35.368322     1.0824      6.974   298.5691 1.2542e-01    14.7113      6.212      9.009    11.6992   999.5819 0.0000e+00
      6.357      0.085     2.3970     22.089     48.176  35.355631     1.0545      6.972   298.5112 1.2680e-01    14.5456      6.236      9.044    11.6966   999.5824 0.0000e+00
      6.378      0.085     2.3997     22.114     48.158  35.341717     1.0034      6.971   298.6230 1.2541e-01    14.2915      6.255      9.072    11.6934   999.5829 0.0000e+00
      6.397      0.082     2.4018     22.133     48.139  35.327030     0.9754      6.970   298.8029 1.2385e-01    14.1617      6.273      9.099    11.6918   999.5831 0.0000e+00
      6.415      0.077     2.4003     22.117     48.112  35.304990     0.9754      6.968   299.0513 1.2369e-01    14.1893      6.290      9.123    11.6914   999.5832 0.0000e+00
      6.435      0.073     2.3969     22.084     48.148  35.329110     0.9780      6.966   298.9595 1.2368e-01    14.2317      6.310      9.152    11.6914   999.5833 0.0000e+00
      6.457      0.069     2.3944     22.060     48.198  35.364780     0.9724      6.965   298.6391 1.2367e-01    14.2809      6.333      9.186    11.6912   999.5834 0.0000e+00
      6.476      0.066     2.3929     22.047     48.185  35.355442     0.9683      6.964   298.6195 1.2367e-01    14.3594      6.354      9.216    11.6906   999.5836 0.0000e+00
      6.490      0.062     2.3927     22.046     48.167  35.343157     0.9631      6.962   298.9797 1.2368e-01    14.3937      6.365      9.232    11.6879   999.5839 0.0000e+00
      6.502      0.060     2.3950     22.067     48.166  35.343184     0.9617      6.960   299.4674 1.2367e-01    14.4001      6.375      9.246    11.6844   999.5844 0.0000e+00
      6.516      0.062     2.3996     22.110     48.183  35.355765     0.9859      6.960   299.7845 1.2370e-01    14.4371      6.390      9.268    11.6833   999.5846 0.0000e+00
      6.530      0.070     2.4070     22.179     48.199  35.368336     1.0220      6.958   299.8017 1.2376e-01    14.4478      6.404      9.289    11.6845   999.5845 0.0000e+00
      6.545      0.080     2.4170     22.271     48.199  35.368232     1.0336      6.957   299.6752 1.2377e-01    14.4305      6.415      9.304    11.6854   999.5845 0.0000e+00
      6.565      0.089     2.4253     22.347     48.180  35.354497     1.0305      6.957   299.6324 1.2375e-01    14.3917      6.434      9.333    11.6861   999.5845 0.0000e+00
      6.594      0.095     2.4309     22.399     48.145  35.329222     1.0196      6.956   299.8002 1.2375e-01    14.3071      6.466      9.378    11.6869   999.5845 0.0000e+00
      6.626      0.100     2.4349     22.435     48.128  35.316521     0.9876      6.953   300.0692 1.2372e-01    14.2601      6.500      9.428    11.6870   999.5847 0.0000e+00
      6.654      0.102     2.4379     22.463     48.145  35.327861     0.9646      6.951   300.2168 1.2370e-01    14.2489      6.528      9.468    11.6872   999.5848 0.0000e+00
      6.678      0.100     2.4390     22.472     48.162  35.339392     0.9591      6.951   300.5524 1.2370e-01    14.2053      6.548      9.497    11.6871   999.5849 0.0000e+00
      6.701      0.098     2.4376     22.459     48.150  35.328996     0.9553      6.950   301.0294 1.2368e-01    14.2241      6.571      9.530    11.6872   999.5850 0.0000e+00
      6.724      0.097     2.4380     22.463     48.151  35.329109     0.9618      6.948   301.0814 1.2368e-01    14.3446      6.595      9.565    11.6874   999.5851 0.0000e+00
      6.747      0.097     2.4399     22.479     48.167  35.340754     0.9691      6.946   301.0943 1.2371e-01    14.4500      6.615      9.594    11.6866   999.5853 0.0000e+00
      6.773      0.097     2.4409     22.489     48.169  35.342843     0.9652      6.944   301.2708 1.2371e-01    14.4830      6.640      9.630    11.6851   999.5856 0.0000e+00
      6.802      0.097     2.4424     22.504     48.182  35.354374     0.9747      6.943   301.5813 1.2369e-01    14.4810      6.672      9.676    11.6839   999.5858 0.0000e+00
      6.828      0.097     2.4446     22.525     48.177  35.353239     1.0069      6.943   302.0097 1.2367e-01    14.4589      6.698      9.715    11.6833   999.5860 0.0000e+00
      6.849      0.096     2.4465     22.543     48.142  35.329110     1.0333      6.942   302.0620 1.2368e-01    14.4126      6.715      9.739    11.6832   999.5861 0.0000e+00
      6.871      0.094     2.4484     22.561     48.125  35.316521     1.0427      6.941   302.1278 1.2371e-01    14.4125      6.736      9.770    11.6829   999.5862 0.0000e+00
      6.896      0.093     2.4497     22.573     48.141  35.327965     1.0332      6.940   302.2895 1.2371e-01    14.4568      6.763      9.808    11.6846   999.5862 0.0000e+00
      6.920      0.093     2.4489     22.566     48.160  35.340537     0.9890      6.938   302.1237 1.2366e-01    14.4569      6.787      9.844    11.6886   999.5860 0.0000e+00
      6.944      0.091     2.4474     22.551     48.162  35.341585     0.9323      6.936   302.3597 1.2361e-01    14.4140      6.810      9.877    11.6901   999.5858 0.0000e+00
      6.967      0.086     2.4463     22.541     48.161  35.340640     0.9018      6.934   303.1643 1.2360e-01    14.3971      6.831      9.908    11.6897   999.5859 0.0000e+00
      6.992      0.081     2.4459     22.538     48.142  35.329110     0.8980      6.931   303.7646 1.2360e-01    14.4158      6.857      9.945    11.6891   999.5862 0.0000e+00
      7.013      0.077     2.4460     22.541     48.138  35.329120     0.9040      6.930   304.0247 1.2364e-01    14.3788      6.881      9.979    11.6883   999.5864 0.0000e+00
      7.028      0.076     2.4452     22.534     48.151  35.340764     0.9054      6.929   303.9864 1.2371e-01    14.3096      6.894      9.998    11.6873   999.5865 0.0000e+00
      7.042      0.075     2.4438     22.522     48.153  35.342956     0.9054      6.929   303.8180 1.2374e-01    14.2999      6.903     10.012    11.6872   999.5866 0.0000e+00
      7.060      0.074     2.4435     22.519     48.173  35.355622     0.9129      6.928   303.8811 1.2375e-01    14.2947      6.921     10.038    11.6894   999.5865 0.0000e+00
      7.083      0.074     2.4443     22.524     48.193  35.366963     0.9188      6.927   304.0612 1.2373e-01    14.3120      6.946     10.074    11.6928   999.5862 0.0000e+00
      7.106      0.074     2.4446     22.525     48.178  35.353136     0.9158      6.926   304.1883 1.2370e-01    14.3783      6.970     10.109    11.6956   999.5860 0.0000e+00
      7.125      0.073     2.4449     22.527     48.128  35.315377     0.9111      6.925   304.3858 1.2366e-01    14.4087      6.988     10.135    11.6962   999.5860 0.0000e+00
      7.142      0.071     2.4469     22.545     48.096  35.291247     0.9132      6.924   304.6422 1.2362e-01    14.4168      7.004     10.158    11.6938   999.5863 0.0000e+00
      7.159      0.070     2.4506     22.580     48.129  35.315263     0.9337      6.923   304.4488 1.2362e-01    14.4106      7.021     10.182    11.6899   999.5868 0.0000e+00
      7.174      0.070     2.4546     22.617     48.178  35.351868     0.9594      6.921   303.8546 1.2366e-01    14.3999      7.035     10.204    11.6867   999.5872 0.0000e+00
      7.190      0.070     2.4569     22.638     48.180  35.353002     0.9634      6.919   303.6536 1.2369e-01    14.4505      7.050     10.225    11.6856   999.5874 0.0000e+00
