Data/DataNotYetUploadedToEDI/CTD_2019/081219_fcr45.cnv
* Sea-Bird SBE19plus  Data File:
* FileName = C:\DATA\081219_fcr_0004.hex
* Software version 2.8.0.119 SB_Terminal.dll
* Temperature SN = 7809
* Conductivity SN = 7809
* System UpLoad Time = Aug 12 2019 16:27:20
* <ApplicationData>
* <Seaterm232>
# nquan = 16
# nvalues = 2238                        
# units = specified
# name 0 = depFM: Depth [fresh water, m]
# name 1 = dz/dtM: Descent Rate [m/s]
# name 2 = sbeox0Mg/L: Oxygen, SBE 43 [mg/l]
# name 3 = sbeox0PS: Oxygen, SBE 43 [% saturation]
# name 4 = specc: Specific Conductance [uS/cm]
# name 5 = c0uS/cm: Conductivity [uS/cm]
# name 6 = flECO-AFL: Fluorescence, WET Labs ECO-AFL/FL [mg/m^3]
# name 7 = ph: pH
# name 8 = orp: Oxidation Reduction Potential [mV]
# name 9 = par/sat/log: PAR/Logarithmic, Satlantic
# name 10 = turbWETntu0: Turbidity, WET Labs ECO [NTU]
# name 11 = prdM: Pressure, Strain Gauge [db]
# name 12 = prdE: Pressure, Strain Gauge [psi]
# name 13 = tv290C: Temperature [ITS-90, deg C]
# name 14 = density00: Density [density, kg/m^3]
# name 15 = flag:  0.000e+00
# span 0 =     -0.538,      7.525       
# span 1 =     -0.027,      0.178       
# span 2 =     0.0638,    10.6240       
# span 3 =      0.600,    132.095       
# span 4 =     35.182,    100.930       
# span 5 =  35.090489,  73.562699       
# span 6 =    -2.2070,     7.3255       
# span 7 =      6.545,      8.801       
# span 8 =   120.7531,   301.5089       
# span 9 = 1.2347e-01, 2.4198e+03       
# span 10 =     1.3788,    23.3877      
# span 11 =     -0.536,      7.380      
# span 12 =     -0.778,     10.704      
# span 13 =    11.4331,    26.6379      
# span 14 =   996.6325,   999.6341      
# span 15 = 0.0000e+00, 0.0000e+00      
# interval = seconds: 0.25
# start_time = Aug 12 2019 12:30:14 [Instrument's time stamp, header]
# bad_flag = -9.990e-29
*END*
[from data line 814]
      1.358      0.009     8.8691    106.911     36.052  35.897676     6.1475      8.791   215.5877 1.6955e+02     4.8867      1.331      1.931    24.7758   997.1278 0.0000e+00
      1.362      0.009     8.8651    106.855     36.043  35.884974     6.1487      8.790   215.8080 1.7036e+02     4.9022      1.336      1.938    24.7772   997.1276 0.0000e+00
      1.365      0.010     8.8635    106.805     36.042  35.873436     6.1828      8.789   215.8173 1.6865e+02     4.9585      1.339      1.942    24.7789   997.1272 0.0000e+00
      1.366      0.012     8.8576    106.684     36.072  35.885093     6.2390      8.787   215.6994 1.6724e+02     5.0430      1.339      1.942    24.7796   997.1269 0.0000e+00
      1.368      0.014     8.8409    106.429     36.106  35.898944     6.2651      8.784   215.7600 1.6823e+02     5.1043      1.341      1.946    24.7802   997.1269 0.0000e+00
      1.372      0.015     8.8107    106.023     36.137  35.913939     6.2637      8.781   215.9484 1.6733e+02     5.1104      1.344      1.951    24.7795   997.1270 0.0000e+00
      1.377      0.015     8.7663    105.463     36.172  35.939432     6.2569      8.776   216.0842 1.6473e+02     5.1166      1.349      1.955    24.7643   997.1309 0.0000e+00
      1.383      0.014     8.7006    104.660     36.191  35.953281     6.2259      8.771   216.1981 1.6139e+02     5.1461      1.356      1.968    24.7352   997.1383 0.0000e+00
      1.388      0.012     8.6031    103.485     36.193  35.954437     6.1753      8.767   216.2922 1.5907e+02     5.1400      1.362      1.976    24.7057   997.1459 0.0000e+00
      1.390      0.010     8.4741    101.934     36.192  35.953407     6.1480      8.763   216.3614 1.5869e+02     5.1083      1.364      1.978    24.6827   997.1516 0.0000e+00
      1.390      0.008     8.3220    100.107     36.178  35.940828     6.1387      8.760   216.4325 1.5723e+02     5.0901      1.364      1.978    24.6697   997.1550 0.0000e+00
      1.390      0.006     8.1586     98.150     36.162  35.929288     6.0797      8.756   216.5497 1.5761e+02     5.0837      1.362      1.976    24.6637   997.1565 0.0000e+00
      1.391      0.005     7.9974     96.228     36.167  35.940827     5.9731      8.752   216.7452 1.5950e+02     5.0964      1.363      1.978    24.6634   997.1566 0.0000e+00
      1.394      0.005     7.8478     94.439     36.175  35.953415     5.9159      8.749   216.9041 1.6045e+02     5.1132      1.367      1.982    24.6652   997.1561 0.0000e+00
      1.396      0.006     7.7212     92.909     36.179  35.954560     5.9171      8.746   216.9223 1.5945e+02     5.1222      1.370      1.986    24.6650   997.1562 0.0000e+00
      1.398      0.008     7.6324     91.817     36.189  35.954667     5.9963      8.743   216.8798 1.5953e+02     5.1071      1.371      1.988    24.6685   997.1554 0.0000e+00
      1.398      0.009     7.5809     91.163     36.204  35.954690     6.1547      8.738   216.9058 1.6149e+02     5.0940      1.371      1.988    24.6814   997.1521 0.0000e+00
      1.400      0.009     7.5536     90.806     36.217  35.954812     6.2537      8.733   216.9788 1.6244e+02     5.1284      1.372      1.990    24.6919   997.1494 0.0000e+00
      1.404      0.009     7.5453     90.693     36.224  35.956129     6.2828      8.728   217.0734 1.6182e+02     5.1293      1.376      1.996    24.6883   997.1504 0.0000e+00
      1.408      0.009     7.5525     90.775     36.240  35.970607     6.3324      8.724   217.1899 1.6070e+02     5.0401      1.381      2.004    24.6725   997.1544 0.0000e+00
      1.410      0.009     7.5650     90.923     36.274  36.002918     6.4029      8.720   217.2679 1.5963e+02     4.9348      1.383      2.006    24.6484   997.1604 0.0000e+00
      1.410      0.010     7.5710     90.988     36.304  36.029447     6.4419      8.717   217.3294 1.5789e+02     4.8719      1.383      2.006    24.6286   997.1655 0.0000e+00
      1.411      0.010     7.5606     90.855     36.316  36.037479     6.4483      8.713   217.3311 1.5821e+02     4.8697      1.384      2.007    24.6222   997.1671 0.0000e+00
      1.414      0.010     7.5341     90.529     36.318  36.036559     6.4712      8.709   217.2878 1.5857e+02     4.8754      1.387      2.011    24.6219   997.1672 0.0000e+00
      1.419      0.010     7.4972     90.081     36.302  36.018314     6.5196      8.705   217.4088 1.5755e+02     4.8423      1.392      2.018    24.6205   997.1676 0.0000e+00
      1.423      0.011     7.4480     89.486     36.292  36.007289     6.5567      8.700   217.6750 1.5753e+02     4.8298      1.395      2.024    24.6166   997.1686 0.0000e+00
      1.425      0.011     7.3806     88.673     36.317  36.030199     6.5652      8.695   217.9261 1.5767e+02     4.8219      1.397      2.026    24.6103   997.1702 0.0000e+00
      1.426      0.011     7.3004     87.708     36.328  36.041435     6.5356      8.690   218.1212 1.5568e+02     4.8788      1.398      2.027    24.6055   997.1714 0.0000e+00
      1.428      0.011     7.2198     86.740     36.303  36.016205     6.4756      8.686   218.2270 1.5351e+02     5.0261      1.400      2.031    24.6035   997.1719 0.0000e+00
      1.432      0.010     7.1461     85.855     36.265  35.979023     6.4380      8.682   218.3453 1.5302e+02     5.0946      1.405      2.038    24.6015   997.1724 0.0000e+00
      1.436      0.009     7.0829     85.096     36.258  35.972691     6.4370      8.677   218.6047 1.5268e+02     5.0853      1.409      2.043    24.5989   997.1731 0.0000e+00
      1.438      0.008     7.0368     84.547     36.287  36.003111     6.4462      8.672   218.9547 1.5298e+02     5.0773      1.410      2.045    24.5984   997.1732 0.0000e+00
      1.440      0.008     7.0166     84.309     36.312  36.029481     6.5227      8.668   219.3082 1.5368e+02     5.0299      1.412      2.048    24.5993   997.1730 0.0000e+00
      1.441      0.009     7.0200     84.353     36.319  36.037654     6.6687      8.664   219.5225 1.5338e+02     4.9385      1.414      2.050    24.5992   997.1731 0.0000e+00
      1.441      0.010     7.0386     84.583     36.317  36.038457     6.7453      8.660   219.6533 1.5270e+02     4.8900      1.413      2.049    24.5983   997.1733 0.0000e+00
      1.444      0.012     7.0670     84.930     36.314  36.039201     6.7474      8.654   219.8564 1.5243e+02     4.9023      1.415      2.052    24.6016   997.1724 0.0000e+00
      1.449      0.014     7.0991     85.314     36.323  36.046656     6.7369      8.648   220.0003 1.5086e+02     4.9232      1.421      2.060    24.6064   997.1713 0.0000e+00
      1.454      0.015     7.1296     85.665     36.348  36.065122     6.7141      8.643   220.1885 1.4889e+02     4.9131      1.426      2.068    24.6063   997.1713 0.0000e+00
      1.459      0.016     7.1471     85.855     36.365  36.072048     6.6971      8.638   220.9279 1.4682e+02     4.8794      1.431      2.075    24.6106   997.1703 0.0000e+00
      1.463      0.017     7.1375     85.722     36.367  36.066913     6.6792      8.633   222.3145 1.4538e+02     4.8762      1.435      2.082    24.6184   997.1683 0.0000e+00
      1.465      0.017     7.0990     85.242     36.375  36.066501     6.6267      8.628   223.7900 1.4663e+02     4.9070      1.437      2.084    24.6179   997.1684 0.0000e+00
      1.469      0.017     7.0384     84.491     36.387  36.067041     6.5563      8.623   225.0011 1.4745e+02     4.9243      1.439      2.087    24.6059   997.1715 0.0000e+00
      1.474      0.017     6.9594     83.516     36.406  36.073429     6.5221      8.618   226.0313 1.4633e+02     4.9218      1.444      2.095    24.5902   997.1755 0.0000e+00
      1.480      0.018     6.8702     82.424     36.423  36.080249     6.5172      8.614   226.7817 1.4574e+02     4.9090      1.451      2.105    24.5808   997.1780 0.0000e+00
      1.485      0.019     6.7843     81.377     36.437  36.086015     6.4879      8.610   227.1910 1.4576e+02     4.8345      1.457      2.113    24.5723   997.1802 0.0000e+00
      1.489      0.018     6.7110     80.483     36.438  36.079660     6.4287      8.605   227.5385 1.4420e+02     4.7423      1.460      2.118    24.5546   997.1846 0.0000e+00
      1.493      0.017     6.6548     79.795     36.432  36.066871     6.3908      8.600   228.0582 1.4233e+02     4.7113      1.463      2.123    24.5353   997.1895 0.0000e+00
      1.499      0.015     6.6148     79.306     36.428  36.058321     6.3844      8.596   228.6563 1.4151e+02     4.7231      1.469      2.131    24.5226   997.1927 0.0000e+00
      1.504      0.015     6.5867     78.962     36.412  36.039743     6.3516      8.591   229.1769 1.4142e+02     4.7863      1.474      2.140    24.5127   997.1952 0.0000e+00
      1.507      0.016     6.5651     78.697     36.409  36.032655     6.2976      8.585   229.6211 1.4078e+02     4.8851      1.477      2.143    24.5022   997.1978 0.0000e+00
      1.508      0.016     6.5400     78.380     36.420  36.036084     6.2779      8.579   229.8969 1.3942e+02     4.9344      1.477      2.143    24.4921   997.2004 0.0000e+00
      1.511      0.015     6.5014     77.892     36.415  36.017720     6.2780      8.572   230.0164 1.3838e+02     4.9237      1.480      2.146    24.4852   997.2021 0.0000e+00
      1.518      0.014     6.4474     77.218     36.412  36.001011     6.2727      8.566   230.2919 1.3762e+02     4.9192      1.489      2.160    24.4822   997.2029 0.0000e+00
      1.525      0.014     6.3813     76.410     36.444  36.024451     6.2834      8.561   230.7322 1.3747e+02     4.9130      1.496      2.170    24.4798   997.2035 0.0000e+00
      1.528      0.013     6.3072     75.515     36.471  36.047232     6.3119      8.557   231.0384 1.3730e+02     4.8819      1.500      2.175    24.4696   997.2061 0.0000e+00
      1.529      0.013     6.2289     74.567     36.452  36.022573     6.3313      8.554   231.1545 1.3750e+02     4.8709      1.499      2.174    24.4489   997.2113 0.0000e+00
      1.529      0.012     6.1497     73.599     36.420  35.980177     6.3358      8.551   231.1905 1.3737e+02     4.8779      1.498      2.173    24.4263   997.2169 0.0000e+00
      1.532      0.012     6.0728     72.656     36.430  35.978892     6.2886      8.547   231.3871 1.3589e+02     4.7704      1.502      2.178    24.4151   997.2198 0.0000e+00
      1.537      0.012     6.0048     71.823     36.470  36.007026     6.1940      8.542   231.9827 1.3439e+02     4.5539      1.507      2.185    24.4144   997.2200 0.0000e+00
      1.542      0.012     5.9513     71.169     36.473  36.002970     6.1452      8.537   232.7139 1.3388e+02     4.4235      1.513      2.194    24.4082   997.2216 0.0000e+00
      1.546      0.011     5.9088     70.656     36.467  35.993313     6.1411      8.533   233.1720 1.3398e+02     4.4060      1.517      2.200    24.3922   997.2257 0.0000e+00
      1.548      0.009     5.8671     70.163     36.487  36.017196     6.1010      8.529   233.4785 1.3390e+02     4.3760      1.519      2.202    24.3737   997.2302 0.0000e+00
      1.549      0.008     5.8181     69.594     36.498  36.037862     6.0242      8.526   233.8382 1.3373e+02     4.2897      1.519      2.203    24.3585   997.2341 0.0000e+00
      1.549      0.008     5.7596     68.917     36.500  36.052791     5.9761      8.523   234.1662 1.3317e+02     4.2138      1.519      2.203    24.3482   997.2366 0.0000e+00
      1.550      0.009     5.6954     68.170     36.507  36.070785     5.9699      8.520   234.4330 1.3248e+02     4.1801      1.519      2.203    24.3420   997.2382 0.0000e+00
      1.553      0.011     5.6339     67.445     36.495  36.065029     5.9750      8.516   234.7400 1.3184e+02     4.2092      1.523      2.208    24.3467   997.2371 0.0000e+00
      1.558      0.012     5.5853     66.856     36.480  36.046672     5.9778      8.512   235.0388 1.3143e+02     4.3042      1.529      2.217    24.3623   997.2332 0.0000e+00
      1.562      0.014     5.5597     66.521     36.489  36.039240     5.9769      8.509   235.2070 1.3091e+02     4.3787      1.532      2.224    24.3810   997.2285 0.0000e+00
      1.565      0.014     5.5665     66.562     36.512  36.038620     5.9736      8.505   235.3967 1.2992e+02     4.3897      1.535      2.226    24.4002   997.2237 0.0000e+00
      1.568      0.013     5.6117     67.064     36.536  36.039135     5.9892      8.500   235.7841 1.3005e+02     4.3051      1.537      2.230    24.4115   997.2209 0.0000e+00
      1.571      0.010     5.6902     67.970     36.561  36.045437     6.0268      8.496   236.1901 1.3066e+02     4.1419      1.541      2.235    24.4071   997.2220 0.0000e+00
      1.575      0.008     5.7770     68.978     36.583  36.051314     6.0469      8.493   236.4345 1.3013e+02     4.0227      1.546      2.241    24.3816   997.2284 0.0000e+00
      1.578      0.007     5.8414     69.723     36.593  36.046695     6.0420      8.489   236.5888 1.2989e+02     3.9776      1.548      2.245    24.3434   997.2380 0.0000e+00
      1.578      0.007     5.8701     70.049     36.609  36.053044     6.0366      8.486   236.7652 1.3039e+02     3.9571      1.548      2.245    24.3111   997.2460 0.0000e+00
      1.578      0.007     5.8569     69.883     36.625  36.064584     6.0515      8.484   237.0181 1.3044e+02     3.9069      1.548      2.245    24.2880   997.2518 0.0000e+00
      1.579      0.007     5.8003     69.201     36.623  36.059287     6.0745      8.481   237.3240 1.3034e+02     3.8292      1.548      2.246    24.2660   997.2574 0.0000e+00
      1.581      0.008     5.7114     68.134     36.620  36.052463     6.0806      8.477   237.7102 1.2979e+02     3.8036      1.550      2.248    24.2462   997.2623 0.0000e+00
      1.584      0.011     5.6078     66.889     36.619  36.045551     6.0818      8.474   238.0737 1.2859e+02     3.7945      1.553      2.253    24.2322   997.2658 0.0000e+00
      1.588      0.013     5.5030     65.634     36.615  36.039168     6.1070      8.469   238.2781 1.2825e+02     3.8168      1.558      2.260    24.2275   997.2670 0.0000e+00
      1.591      0.013     5.4053     64.478     36.609  36.038751     6.1418      8.465   238.4602 1.2845e+02     3.9423      1.560      2.263    24.2244   997.2677 0.0000e+00
      1.595      0.012     5.3219     63.505     36.597  36.040517     6.1469      8.463   238.6406 1.2803e+02     4.0338      1.564      2.268    24.2187   997.2692 0.0000e+00
      1.599      0.011     5.2572     62.757     36.602  36.060548     6.1346      8.461   238.9101 1.2747e+02     4.0381      1.569      2.276    24.2123   997.2708 0.0000e+00
      1.602      0.009     5.2126     62.244     36.621  36.090549     6.1056      8.458   239.3109 1.2742e+02     4.0281      1.572      2.280    24.2014   997.2735 0.0000e+00
      1.604      0.009     5.1878     61.956     36.611  36.085923     6.0560      8.455   239.5279 1.2757e+02     4.0110      1.573      2.281    24.2101   997.2714 0.0000e+00
      1.604      0.008     5.1788     61.847     36.594  36.068093     6.0289      8.454   239.6413 1.2703e+02     3.9945      1.573      2.281    24.2341   997.2654 0.0000e+00
      1.605      0.007     5.1818     61.879     36.593  36.065380     6.0301      8.450   239.9077 1.2595e+02     3.9921      1.574      2.282    24.2547   997.2602 0.0000e+00
      1.608      0.007     5.1951     62.035     36.582  36.053111     6.0439      8.446   240.2538 1.2521e+02     3.9823      1.577      2.287    24.2749   997.2553 0.0000e+00
      1.611      0.007     5.2168     62.293     36.576  36.046699     6.0657      8.442   240.5567 1.2551e+02     3.9416      1.580      2.291    24.2819   997.2536 0.0000e+00
      1.614      0.007     5.2419     62.591     36.582  36.051315     6.0777      8.439   240.8158 1.2553e+02     3.9265      1.582      2.295    24.2759   997.2550 0.0000e+00
