Data/DataNotYetUploadedToEDI/CTD_2019/081219_fcr45.cnv
* Sea-Bird SBE19plus  Data File:
* FileName = C:\DATA\081219_fcr_0004.hex
* Software version 2.8.0.119 SB_Terminal.dll
* Temperature SN = 7809
* Conductivity SN = 7809
* System UpLoad Time = Aug 12 2019 16:27:20
* <ApplicationData>
* <Seaterm232>
# nquan = 16
# nvalues = 2238                        
# units = specified
# name 0 = depFM: Depth [fresh water, m]
# name 1 = dz/dtM: Descent Rate [m/s]
# name 2 = sbeox0Mg/L: Oxygen, SBE 43 [mg/l]
# name 3 = sbeox0PS: Oxygen, SBE 43 [% saturation]
# name 4 = specc: Specific Conductance [uS/cm]
# name 5 = c0uS/cm: Conductivity [uS/cm]
# name 6 = flECO-AFL: Fluorescence, WET Labs ECO-AFL/FL [mg/m^3]
# name 7 = ph: pH
# name 8 = orp: Oxidation Reduction Potential [mV]
# name 9 = par/sat/log: PAR/Logarithmic, Satlantic
# name 10 = turbWETntu0: Turbidity, WET Labs ECO [NTU]
# name 11 = prdM: Pressure, Strain Gauge [db]
# name 12 = prdE: Pressure, Strain Gauge [psi]
# name 13 = tv290C: Temperature [ITS-90, deg C]
# name 14 = density00: Density [density, kg/m^3]
# name 15 = flag:  0.000e+00
# span 0 =     -0.538,      7.525       
# span 1 =     -0.027,      0.178       
# span 2 =     0.0638,    10.6240       
# span 3 =      0.600,    132.095       
# span 4 =     35.182,    100.930       
# span 5 =  35.090489,  73.562699       
# span 6 =    -2.2070,     7.3255       
# span 7 =      6.545,      8.801       
# span 8 =   120.7531,   301.5089       
# span 9 = 1.2347e-01, 2.4198e+03       
# span 10 =     1.3788,    23.3877      
# span 11 =     -0.536,      7.380      
# span 12 =     -0.778,     10.704      
# span 13 =    11.4331,    26.6379      
# span 14 =   996.6325,   999.6341      
# span 15 = 0.0000e+00, 0.0000e+00      
# interval = seconds: 0.25
# start_time = Aug 12 2019 12:30:14 [Instrument's time stamp, header]
# bad_flag = -9.990e-29
*END*
[from data line 1989]
      6.440      0.020     2.1085     19.398     47.907  35.090489     0.7774      6.824   298.7867 1.8083e-01    13.7028      6.316      9.161    11.6357   999.5894 0.0000e+00
      6.445      0.021     2.1081     19.391     47.920  35.090596     0.7862      6.824   298.7429 1.7301e-01    13.7000      6.320      9.166    11.6355   999.5894 0.0000e+00
      6.451      0.022     2.1086     19.392     47.931  35.091864     0.8380      6.824   298.7389 1.6401e-01    13.6882      6.326      9.174    11.6341   999.5895 0.0000e+00
      6.458      0.023     2.1083     19.389     47.953  35.105818     0.9178      6.824   298.7375 1.6468e-01    13.5924      6.334      9.185    11.6299   999.5901 0.0000e+00
      6.465      0.024     2.1078     19.384     47.988  35.132359     0.9617      6.823   298.7262 1.6829e-01    13.4927      6.340      9.195    11.6215   999.5910 0.0000e+00
      6.471      0.024     2.1061     19.369     48.024  35.158899     0.9613      6.822   298.7749 1.6092e-01    13.4656      6.346      9.203    11.6104   999.5923 0.0000e+00
      6.477      0.025     2.1010     19.321     48.043  35.172833     0.9743      6.821   298.8955 1.5334e-01    13.4946      6.351      9.211    11.6020   999.5932 0.0000e+00
      6.482      0.027     2.0930     19.247     48.047  35.173884     1.0149      6.822   298.9795 1.5288e-01    13.5481      6.357      9.220    11.6007   999.5934 0.0000e+00
      6.487      0.029     2.0850     19.172     48.048  35.171607     1.0360      6.822   299.0168 1.4899e-01    13.5879      6.362      9.227    11.6032   999.5932 0.0000e+00
      6.494      0.030     2.0770     19.097     48.018  35.145294     1.0210      6.821   299.0882 1.4377e-01    13.5830      6.367      9.234    11.6030   999.5931 0.0000e+00
      6.504      0.029     2.0686     19.018     47.973  35.109616     0.9817      6.821   299.1540 1.4057e-01    13.5546      6.377      9.248    11.6026   999.5933 0.0000e+00
      6.517      0.026     2.0589     18.929     47.990  35.121051     0.9328      6.821   299.2101 1.3940e-01    13.5389      6.393      9.273    11.6024   999.5934 0.0000e+00
      6.526      0.021     2.0485     18.834     48.036  35.156606     0.9063      6.820   299.2503 1.3945e-01    13.5243      6.403      9.286    11.5975   999.5940 0.0000e+00
      6.528      0.016     2.0420     18.776     48.035  35.158685     0.8959      6.819   299.2105 1.4220e-01    13.5084      6.402      9.286    11.5920   999.5946 0.0000e+00
      6.528      0.011     2.0348     18.711     48.014  35.146199     0.9023      6.819   299.1590 1.4835e-01    13.5118      6.403      9.287    11.5899   999.5948 0.0000e+00
      6.528      0.008     2.0235     18.607     47.993  35.132579     0.9323      6.819   299.1439 1.4589e-01    13.5328      6.401      9.284    11.5888   999.5949 0.0000e+00
      6.528      0.008     2.0135     18.516     47.976  35.120945     0.9544      6.819   299.1142 1.4098e-01    13.5326      6.400      9.284    11.5898   999.5949 0.0000e+00
      6.531      0.010     2.0047     18.436     47.990  35.132476     0.9615      6.818   299.2298 1.4043e-01    13.5087      6.405      9.289    11.5945   999.5943 0.0000e+00
      6.535      0.013     1.9979     18.374     48.007  35.145064     0.9575      6.817   299.4236 1.3849e-01    13.5069      6.408      9.295    11.5980   999.5940 0.0000e+00
      6.540      0.014     1.9943     18.341     48.008  35.146208     0.9499      6.817   299.4777 1.3879e-01    13.5099      6.413      9.302    11.5987   999.5939 0.0000e+00
      6.544      0.014     1.9908     18.308     48.007  35.146312     0.9554      6.816   299.5400 1.3732e-01    13.5121      6.418      9.308    11.6002   999.5937 0.0000e+00
      6.548      0.011     1.9881     18.284     48.004  35.146322     0.9632      6.815   299.5752 1.3533e-01    13.5012      6.422      9.314    11.6016   999.5936 0.0000e+00
      6.552      0.007     1.9902     18.304     48.001  35.146323     0.9663      6.814   299.5588 1.3555e-01    13.4769      6.427      9.321    11.6020   999.5936 0.0000e+00
      6.554      0.005     1.9938     18.338     47.999  35.146323     1.0108      6.814   299.5989 1.3995e-01    13.4809      6.429      9.324    11.6021   999.5936 0.0000e+00
      6.552      0.006     1.9953     18.353     47.997  35.146323     1.0940      6.814   299.6301 1.4463e-01    13.4839      6.426      9.320    11.6026   999.5935 0.0000e+00
      6.549      0.010     1.9978     18.377     47.997  35.146333     1.1399      6.814   299.6788 1.4078e-01    13.4801      6.422      9.314    11.6045   999.5933 0.0000e+00
      6.549      0.017     2.0015     18.410     47.997  35.146448     1.1494      6.814   299.7574 1.3563e-01    13.4996      6.421      9.312    11.6072   999.5930 0.0000e+00
      6.554      0.027     2.0051     18.441     48.002  35.147707     1.1656      6.813   299.8061 1.3377e-01    13.4586      6.427      9.320    11.6094   999.5928 0.0000e+00
      6.564      0.038     2.0086     18.471     48.031  35.161557     1.1882      6.812   299.8374 1.3544e-01    13.3438      6.436      9.335    11.6104   999.5927 0.0000e+00
      6.577      0.047     2.0105     18.484     48.077  35.186946     1.1974      6.811   299.9633 1.4086e-01    13.2919      6.449      9.353    11.6107   999.5928 0.0000e+00
      6.593      0.051     2.0105     18.483     48.104  35.200796     1.1906      6.809   300.1241 1.4033e-01    13.3227      6.466      9.379    11.6123   999.5927 0.0000e+00
      6.609      0.050     2.0100     18.476     48.111  35.202063     1.1316      6.808   300.1461 1.3090e-01    13.3887      6.480      9.399    11.6096   999.5930 0.0000e+00
      6.625      0.045     2.0075     18.453     48.113  35.202272     1.0216      6.808   300.1446 1.2630e-01    13.4667      6.497      9.422    11.6004   999.5942 0.0000e+00
      6.640      0.037     2.0036     18.417     48.115  35.203313     0.9606      6.808   300.1915 1.2888e-01    13.5114      6.516      9.451    11.5909   999.5953 0.0000e+00
      6.646      0.028     1.9971     18.357     48.130  35.214655     0.9591      6.807   300.1980 1.3009e-01    13.5034      6.519      9.455    11.5845   999.5961 0.0000e+00
      6.647      0.019     1.9862     18.257     48.126  35.212462     0.9677      6.806   300.2220 1.2845e-01    13.5021      6.517      9.452    11.5809   999.5964 0.0000e+00
      6.649      0.013     1.9734     18.140     48.077  35.176803     0.9695      6.806   300.2239 1.2548e-01    13.5286      6.522      9.459    11.5797   999.5965 0.0000e+00
      6.652      0.011     1.9617     18.033     48.059  35.164328     0.9556      6.806   300.1350 1.2378e-01    13.5277      6.524      9.462    11.5799   999.5965 0.0000e+00
      6.654      0.013     1.9525     17.948     48.091  35.188571     0.9463      6.805   300.0927 1.2355e-01    13.5248      6.525      9.464    11.5802   999.5965 0.0000e+00
      6.656      0.017     1.9449     17.878     48.126  35.216038     0.9522      6.804   300.1435 1.2352e-01    13.5262      6.527      9.467    11.5809   999.5964 0.0000e+00
      6.659      0.022     1.9382     17.817     48.161  35.242551     0.9749      6.804   300.2329 1.2357e-01    13.5117      6.528      9.469    11.5816   999.5963 0.0000e+00
      6.666      0.027     1.9348     17.786     48.179  35.255253     1.0041      6.804   300.3126 1.2355e-01    13.5131      6.536      9.481    11.5818   999.5963 0.0000e+00
      6.674      0.032     1.9349     17.787     48.161  35.242673     1.0111      6.804   300.3337 1.2350e-01    13.5107      6.545      9.493    11.5824   999.5963 0.0000e+00
      6.684      0.032     1.9350     17.788     48.126  35.217390     1.0071      6.803   300.3152 1.2355e-01    13.5150      6.552      9.504    11.5847   999.5961 0.0000e+00
      6.696      0.030     1.9345     17.783     48.107  35.203448     0.9911      6.803   300.3474 1.2357e-01    13.5320      6.567      9.525    11.5860   999.5961 0.0000e+00
      6.707      0.025     1.9315     17.756     48.104  35.201037     0.9644      6.803   300.3790 1.2350e-01    13.5204      6.581      9.544    11.5844   999.5963 0.0000e+00
      6.712      0.019     1.9253     17.700     48.086  35.188229     0.9622      6.802   300.3538 1.2347e-01    13.5063      6.584      9.548    11.5850   999.5962 0.0000e+00
      6.712      0.014     1.9193     17.645     48.068  35.175534     0.9724      6.800   300.3859 1.2355e-01    13.5249      6.582      9.546    11.5871   999.5960 0.0000e+00
      6.712      0.012     1.9111     17.570     48.066  35.174484     1.0104      6.799   300.5096 1.2367e-01    13.5493      6.582      9.546    11.5859   999.5961 0.0000e+00
      6.714      0.012     1.9020     17.486     48.067  35.175532     1.0929      6.799   300.6443 1.2368e-01    13.5714      6.584      9.550    11.5851   999.5962 0.0000e+00
      6.717      0.015     1.8984     17.452     48.085  35.188207     1.1449      6.798   300.6383 1.2365e-01    13.5959      6.587      9.553    11.5864   999.5961 0.0000e+00
      6.721      0.020     1.8988     17.455     48.103  35.200797     1.1458      6.797   300.5231 1.2365e-01    13.5828      6.591      9.558    11.5870   999.5960 0.0000e+00
      6.727      0.024     1.9008     17.474     48.105  35.200817     1.1117      6.797   300.4554 1.2366e-01    13.5438      6.597      9.568    11.5873   999.5960 0.0000e+00
      6.735      0.027     1.9060     17.520     48.092  35.188449     1.0535      6.796   300.5079 1.2367e-01    13.5180      6.605      9.580    11.5877   999.5960 0.0000e+00
      6.743      0.027     1.9117     17.571     48.082  35.178198     1.0237      6.795   300.6420 1.2363e-01    13.4998      6.613      9.591    11.5871   999.5961 0.0000e+00
      6.752      0.026     1.9152     17.602     48.121  35.203806     1.0201      6.795   300.6995 1.2362e-01    13.4876      6.622      9.604    11.5863   999.5963 0.0000e+00
      6.759      0.026     1.9187     17.634     48.178  35.244188     1.0446      6.795   300.6871 1.2362e-01    13.5020      6.631      9.617    11.5857   999.5964 0.0000e+00
      6.764      0.026     1.9227     17.670     48.237  35.285628     1.1027      6.795   300.6644 1.2359e-01    13.5105      6.633      9.620    11.5823   999.5968 0.0000e+00
      6.768      0.028     1.9248     17.689     48.291  35.324024     1.1416      6.795   300.5975 1.2362e-01    13.4908      6.634      9.623    11.5780   999.5972 0.0000e+00
      6.773      0.030     1.9262     17.701     48.298  35.327600     1.1508      6.795   300.5670 1.2364e-01    13.4935      6.641      9.632    11.5753   999.5975 0.0000e+00
      6.782      0.031     1.9267     17.705     48.303  35.328871     1.1451      6.794   300.5526 1.2364e-01    13.5104      6.650      9.644    11.5733   999.5978 0.0000e+00
      6.794      0.031     1.9252     17.690     48.320  35.339382     1.1246      6.793   300.5101 1.2368e-01    13.4986      6.662      9.662    11.5725   999.5980 0.0000e+00
      6.806      0.029     1.9204     17.646     48.306  35.327748     1.1018      6.791   300.5694 1.2371e-01    13.4819      6.677      9.684    11.5716   999.5982 0.0000e+00
      6.814      0.026     1.9088     17.539     48.289  35.315141     1.0950      6.791   300.6678 1.2374e-01    13.5056      6.685      9.695    11.5690   999.5986 0.0000e+00
      6.817      0.022     1.8900     17.366     48.288  35.313891     1.1029      6.791   300.7529 1.2371e-01    13.5553      6.685      9.696    11.5666   999.5988 0.0000e+00
      6.819      0.017     1.8666     17.151     48.286  35.312644     1.1196      6.790   300.8238 1.2362e-01    13.5584      6.687      9.698    11.5654   999.5989 0.0000e+00
      6.822      0.014     1.8385     16.893     48.269  35.300055     1.1407      6.789   300.8369 1.2359e-01    13.5430      6.690      9.702    11.5641   999.5991 0.0000e+00
      6.827      0.014     1.8090     16.621     48.254  35.288627     1.1501      6.788   300.9110 1.2359e-01    13.5663      6.695      9.710    11.5633   999.5992 0.0000e+00
      6.831      0.015     1.7831     16.382     48.272  35.301405     1.1544      6.787   301.0318 1.2354e-01    13.5779      6.700      9.718    11.5632   999.5992 0.0000e+00
      6.834      0.017     1.7613     16.182     48.308  35.327616     1.1758      6.786   301.0928 1.2352e-01    13.5525      6.702      9.721    11.5633   999.5992 0.0000e+00
      6.837      0.018     1.7438     16.021     48.342  35.351651     1.2010      6.785   301.0459 1.2357e-01    13.5206      6.703      9.722    11.5626   999.5993 0.0000e+00
      6.842      0.018     1.7326     15.918     48.324  35.338125     1.2071      6.785   300.9811 1.2362e-01    13.5200      6.709      9.731    11.5625   999.5993 0.0000e+00
      6.848      0.019     1.7287     15.883     48.259  35.291020     1.2147      6.785   300.9981 1.2362e-01    13.5121      6.716      9.741    11.5628   999.5993 0.0000e+00
      6.854      0.021     1.7295     15.891     48.258  35.289876     1.2761      6.785   300.9934 1.2362e-01    13.5564      6.722      9.748    11.5622   999.5994 0.0000e+00
      6.859      0.023     1.7330     15.922     48.306  35.324297     1.3766      6.785   301.0100 1.2360e-01    13.6949      6.727      9.756    11.5615   999.5996 0.0000e+00
      6.864      0.023     1.7368     15.956     48.311  35.326377     1.4329      6.785   301.1133 1.2355e-01    13.7454      6.731      9.763    11.5613   999.5996 0.0000e+00
      6.870      0.023     1.7401     15.986     48.296  35.315016     1.4371      6.784   301.2092 1.2349e-01    13.7077      6.736      9.770    11.5611   999.5996 0.0000e+00
      6.876      0.022     1.7426     16.009     48.295  35.313881     1.4187      6.783   301.2235 1.2352e-01    13.6973      6.743      9.781    11.5607   999.5997 0.0000e+00
      6.883      0.021     1.7429     16.013     48.293  35.312642     1.3925      6.781   301.2000 1.2359e-01    13.7186      6.751      9.792    11.5601   999.5998 0.0000e+00
      6.889      0.021     1.7408     15.993     48.276  35.300033     1.3803      6.781   301.2687 1.2359e-01    13.7357      6.757      9.800    11.5589   999.6000 0.0000e+00
      6.893      0.020     1.7345     15.935     48.259  35.288378     1.3843      6.781   301.3667 1.2361e-01    13.7406      6.760      9.805    11.5577   999.6001 0.0000e+00
      6.897      0.018     1.7263     15.860     48.273  35.298660     1.4152      6.780   301.3519 1.2364e-01    13.8759      6.763      9.810    11.5575   999.6001 0.0000e+00
      6.901      0.016     1.7193     15.796     48.271  35.297410     1.4848      6.779   301.2615 1.2359e-01    14.1263      6.768      9.816    11.5579   999.6001 0.0000e+00
      6.906      0.014     1.7132     15.740     48.237  35.273271     1.5500      6.779   301.2202 1.2360e-01    14.2441      6.772      9.823    11.5583   999.6001 0.0000e+00
      6.911      0.013     1.7086     15.698     48.220  35.260681     1.5701      6.779   301.2832 1.2364e-01    14.2187      6.778      9.830    11.5586   999.6001 0.0000e+00
      6.915      0.011     1.7065     15.679     48.235  35.272126     1.5628      6.778   301.3343 1.2361e-01    14.1800      6.782      9.835    11.5591   999.6000 0.0000e+00
      6.916      0.010     1.7064     15.678     48.251  35.284706     1.5406      6.777   301.3219 1.2361e-01    14.1704      6.782      9.836    11.5597   999.6000 0.0000e+00
      6.917      0.010     1.7071     15.685     48.252  35.285851     1.5176      6.777   301.3059 1.2362e-01    14.2004      6.782      9.837    11.5599   999.5999 0.0000e+00
      6.918      0.010     1.7088     15.700     48.253  35.285966     1.5108      6.776   301.3131 1.2363e-01    14.2148      6.784      9.840    11.5600   999.5999 0.0000e+00
      6.921      0.011     1.7104     15.715     48.253  35.286089     1.5094      6.775   301.3226 1.2364e-01    14.1814      6.787      9.844    11.5605   999.5999 0.0000e+00
