Data/DataNotYetUploadedToEDI/CTD_2019/081219_fcr45.cnv
* Sea-Bird SBE19plus  Data File:
* FileName = C:\DATA\081219_fcr_0004.hex
* Software version 2.8.0.119 SB_Terminal.dll
* Temperature SN = 7809
* Conductivity SN = 7809
* System UpLoad Time = Aug 12 2019 16:27:20
* <ApplicationData>
* <Seaterm232>
# nquan = 16
# nvalues = 2238                        
# units = specified
# name 0 = depFM: Depth [fresh water, m]
# name 1 = dz/dtM: Descent Rate [m/s]
# name 2 = sbeox0Mg/L: Oxygen, SBE 43 [mg/l]
# name 3 = sbeox0PS: Oxygen, SBE 43 [% saturation]
# name 4 = specc: Specific Conductance [uS/cm]
# name 5 = c0uS/cm: Conductivity [uS/cm]
# name 6 = flECO-AFL: Fluorescence, WET Labs ECO-AFL/FL [mg/m^3]
# name 7 = ph: pH
# name 8 = orp: Oxidation Reduction Potential [mV]
# name 9 = par/sat/log: PAR/Logarithmic, Satlantic
# name 10 = turbWETntu0: Turbidity, WET Labs ECO [NTU]
# name 11 = prdM: Pressure, Strain Gauge [db]
# name 12 = prdE: Pressure, Strain Gauge [psi]
# name 13 = tv290C: Temperature [ITS-90, deg C]
# name 14 = density00: Density [density, kg/m^3]
# name 15 = flag:  0.000e+00
# span 0 =     -0.538,      7.525       
# span 1 =     -0.027,      0.178       
# span 2 =     0.0638,    10.6240       
# span 3 =      0.600,    132.095       
# span 4 =     35.182,    100.930       
# span 5 =  35.090489,  73.562699       
# span 6 =    -2.2070,     7.3255       
# span 7 =      6.545,      8.801       
# span 8 =   120.7531,   301.5089       
# span 9 = 1.2347e-01, 2.4198e+03       
# span 10 =     1.3788,    23.3877      
# span 11 =     -0.536,      7.380      
# span 12 =     -0.778,     10.704      
# span 13 =    11.4331,    26.6379      
# span 14 =   996.6325,   999.6341      
# span 15 = 0.0000e+00, 0.0000e+00      
# interval = seconds: 0.25
# start_time = Aug 12 2019 12:30:14 [Instrument's time stamp, header]
# bad_flag = -9.990e-29
*END*
[from data line 1266]
      3.108      0.012     0.9375     10.233     42.226  37.679611     4.0510      7.563   289.7633 1.8233e+01     2.2221      3.048      4.421    19.5490   998.3304 0.0000e+00
      3.110      0.010     0.9713     10.617     42.153  37.672441     4.1356      7.561   289.8942 1.8208e+01     2.2576      3.050      4.423    19.4983   998.3406 0.0000e+00
      3.111      0.010     0.9833     10.758     42.095  37.661396     4.1338      7.560   290.0679 1.8202e+01     2.2164      3.050      4.424    19.4837   998.3436 0.0000e+00
      3.112      0.011     0.9743     10.664     42.085  37.673082     4.1332      7.559   290.1430 1.8185e+01     2.2479      3.052      4.427    19.5323   998.3340 0.0000e+00
      3.115      0.012     0.9474     10.374     42.084  37.686810     4.1359      7.557   290.2006 1.8128e+01     2.3754      3.054      4.429    19.6142   998.3175 0.0000e+00
      3.119      0.014     0.9084      9.949     42.086  37.700438     4.1320      7.555   290.3340 1.8042e+01     2.4806      3.058      4.435    19.6895   998.3022 0.0000e+00
      3.124      0.015     0.8645      9.470     42.094  37.710928     4.1290      7.553   290.4654 1.7967e+01     2.5031      3.064      4.444    19.7397   998.2920 0.0000e+00
      3.128      0.015     0.8210      8.992     42.070  37.686693     4.1260      7.553   290.6706 1.7907e+01     2.4836      3.068      4.449    19.7547   998.2890 0.0000e+00
      3.131      0.015     0.7811      8.553     42.058  37.661304     4.0709      7.552   290.8365 1.7840e+01     2.5079      3.070      4.453    19.7711   998.2856 0.0000e+00
      3.135      0.014     0.7479      8.184     42.083  37.657846     3.9651      7.551   290.9220 1.7789e+01     2.5999      3.075      4.460    19.7909   998.2816 0.0000e+00
      3.138      0.013     0.7214      7.888     42.103  37.644853     3.9049      7.551   291.1020 1.7744e+01     2.6457      3.078      4.464    19.7904   998.2818 0.0000e+00
      3.141      0.013     0.7018      7.668     42.122  37.631112     3.8973      7.550   291.2061 1.7677e+01     2.6361      3.080      4.467    19.7894   998.2819 0.0000e+00
      3.144      0.012     0.6915      7.552     42.131  37.618616     3.8644      7.549   291.2342 1.7579e+01     2.6144      3.083      4.472    19.7763   998.2846 0.0000e+00
      3.148      0.010     0.6887      7.521     42.137  37.620694     3.8012      7.548   291.3559 1.7460e+01     2.5801      3.088      4.479    19.7389   998.2922 0.0000e+00
      3.152      0.009     0.6905      7.542     42.165  37.656232     3.7757      7.547   291.4734 1.7374e+01     2.5811      3.091      4.483    19.7020   998.2998 0.0000e+00
      3.154      0.008     0.6976      7.624     42.154  37.667454     3.7816      7.546   291.4509 1.7342e+01     2.5936      3.093      4.486    19.6611   998.3081 0.0000e+00
      3.154      0.008     0.7077      7.739     42.089  37.629460     3.7768      7.545   291.4274 1.7339e+01     2.5356      3.093      4.487    19.6308   998.3143 0.0000e+00
      3.154      0.009     0.7146      7.814     42.030  37.577731     3.7702      7.543   291.6198 1.7308e+01     2.4370      3.093      4.486    19.6308   998.3142 0.0000e+00
      3.156      0.010     0.7158      7.821     42.035  37.549822     3.7716      7.541   291.8834 1.7220e+01     2.4180      3.094      4.488    19.6439   998.3116 0.0000e+00
      3.160      0.013     0.7128      7.778     42.089  37.545879     3.7836      7.539   292.1199 1.7119e+01     2.4686      3.098      4.494    19.6722   998.3059 0.0000e+00
      3.165      0.017     0.7053      7.689     42.118  37.529984     3.8459      7.537   292.3289 1.7050e+01     2.5250      3.104      4.503    19.7052   998.2992 0.0000e+00
      3.169      0.019     0.6959      7.582     42.098  37.484519     3.9527      7.536   292.3447 1.6992e+01     2.5755      3.108      4.508    19.7146   998.2973 0.0000e+00
      3.174      0.021     0.6908      7.520     42.085  37.440471     4.0091      7.536   292.2253 1.6906e+01     2.5880      3.112      4.513    19.6724   998.3059 0.0000e+00
      3.180      0.021     0.6921      7.526     42.130  37.441691     4.0074      7.535   292.0891 1.6808e+01     2.5770      3.119      4.524    19.5885   998.3229 0.0000e+00
      3.187      0.020     0.7004      7.611     42.160  37.435743     3.9762      7.533   291.9891 1.6711e+01     2.5742      3.125      4.533    19.5392   998.3328 0.0000e+00
      3.192      0.018     0.7154      7.772     42.102  37.368517     3.9263      7.532   291.9631 1.6598e+01     2.5869      3.130      4.540    19.5225   998.3362 0.0000e+00
      3.197      0.016     0.7345      7.979     41.983  37.263599     3.8979      7.532   291.9462 1.6498e+01     2.5994      3.136      4.549    19.4808   998.3446 0.0000e+00
      3.200      0.016     0.7543      8.194     41.816  37.119321     3.8933      7.530   291.8707 1.6436e+01     2.5943      3.139      4.553    19.4280   998.3552 0.0000e+00
      3.202      0.017     0.7716      8.378     41.654  36.957052     3.9054      7.527   291.6525 1.6386e+01     2.5912      3.139      4.553    19.3845   998.3640 0.0000e+00
      3.204      0.018     0.7846      8.507     41.577  36.824990     3.9835      7.526   291.4594 1.6322e+01     2.5936      3.142      4.557    19.3648   998.3680 0.0000e+00
      3.209      0.021     0.7931      8.578     41.587  36.728499     4.1175      7.526   291.4280 1.6247e+01     2.5902      3.147      4.563    19.3743   998.3660 0.0000e+00
      3.215      0.024     0.7981      8.607     41.668  36.678878     4.1900      7.525   291.5314 1.6169e+01     2.5834      3.153      4.573    19.3866   998.3636 0.0000e+00
      3.223      0.025     0.8029      8.633     41.796  36.669185     4.1932      7.525   291.7631 1.6098e+01     2.6097      3.161      4.585    19.3799   998.3649 0.0000e+00
      3.232      0.025     0.8087      8.671     41.932  36.674618     4.1825      7.524   291.9067 1.6033e+01     2.7112      3.170      4.598    19.3037   998.3800 0.0000e+00
      3.240      0.024     0.8155      8.724     42.043  36.680945     4.1637      7.523   291.8908 1.5968e+01     2.8272      3.178      4.609    19.1570   998.4091 0.0000e+00
      3.246      0.021     0.8205      8.765     42.118  36.682097     4.1483      7.521   291.8288 1.5920e+01     2.8662      3.184      4.618    19.0100   998.4381 0.0000e+00
      3.250      0.018     0.8165      8.713     42.176  36.688460     4.1266      7.521   291.7602 1.5895e+01     2.8548      3.187      4.623    18.8609   998.4672 0.0000e+00
      3.253      0.015     0.7996      8.524     42.225  36.694355     4.0492      7.520   291.6629 1.5864e+01     2.8536      3.190      4.626    18.7147   998.4956 0.0000e+00
      3.256      0.013     0.7689      8.191     42.257  36.689850     3.9398      7.519   291.5986 1.5819e+01     2.8520      3.193      4.631    18.6064   998.5163 0.0000e+00
      3.260      0.012     0.7268      7.739     42.287  36.697411     3.8874      7.517   291.6718 1.5787e+01     2.8351      3.197      4.637    18.5336   998.5303 0.0000e+00
      3.263      0.010     0.6791      7.230     42.326  36.722280     3.8670      7.516   291.7731 1.5763e+01     2.8460      3.200      4.641    18.4884   998.5389 0.0000e+00
      3.265      0.009     0.6294      6.700     42.345  36.736640     3.6756      7.514   291.7915 1.5740e+01     2.8845      3.203      4.644    18.4465   998.5469 0.0000e+00
      3.267      0.008     0.5812      6.188     42.344  36.744084     3.3252      7.513   291.8083 1.5732e+01     2.9082      3.205      4.648    18.4022   998.5554 0.0000e+00
      3.269      0.006     0.5408      5.759     42.344  36.748823     3.1325      7.513   291.8043 1.5713e+01     2.9027      3.206      4.650    18.3805   998.5595 0.0000e+00
      3.270      0.006     0.5113      5.442     42.344  36.730476     3.1064      7.512   291.7425 1.5668e+01     2.8502      3.207      4.651    18.3771   998.5601 0.0000e+00
      3.271      0.006     0.4918      5.232     42.357  36.712651     3.0789      7.510   291.7485 1.5636e+01     2.7985      3.208      4.653    18.3653   998.5624 0.0000e+00
      3.272      0.006     0.4807      5.112     42.382  36.723672     3.0514      7.509   291.7917 1.5617e+01     2.8352      3.209      4.654    18.3802   998.5595 0.0000e+00
      3.274      0.005     0.4732      5.033     42.382  36.736771     3.0507      7.507   291.8349 1.5569e+01     2.9004      3.211      4.657    18.4067   998.5546 0.0000e+00
      3.277      0.005     0.4665      4.964     42.371  36.744099     3.0529      7.505   291.8407 1.5520e+01     2.8980      3.214      4.662    18.3726   998.5611 0.0000e+00
      3.278      0.005     0.4620      4.918     42.365  36.748827     3.0346      7.504   291.7760 1.5505e+01     2.8717      3.215      4.664    18.3213   998.5706 0.0000e+00
      3.278      0.006     0.4593      4.889     42.339  36.730480     3.0111      7.503   291.7408 1.5502e+01     2.8778      3.216      4.664    18.3080   998.5732 0.0000e+00
      3.278      0.007     0.4583      4.878     42.321  36.712688     2.9947      7.502   291.7593 1.5484e+01     2.9059      3.214      4.662    18.3342   998.5683 0.0000e+00
      3.280      0.007     0.4600      4.897     42.342  36.724126     2.9926      7.500   291.7410 1.5448e+01     2.9171      3.215      4.664    18.3620   998.5630 0.0000e+00
      3.284      0.008     0.4653      4.952     42.360  36.741812     3.0023      7.496   291.6920 1.5394e+01     2.8819      3.221      4.671    18.3674   998.5620 0.0000e+00
      3.288      0.008     0.4723      5.027     42.350  36.736112     3.0433      7.494   291.7688 1.5344e+01     2.7759      3.224      4.676    18.3759   998.5604 0.0000e+00
      3.290      0.008     0.4779      5.085     42.335  36.718687     3.1148      7.493   291.8950 1.5324e+01     2.6503      3.226      4.679    18.3742   998.5608 0.0000e+00
      3.290      0.008     0.4806      5.114     42.343  36.721544     3.1572      7.492   292.0137 1.5315e+01     2.6090      3.227      4.680    18.3531   998.5648 0.0000e+00
      3.291      0.009     0.4806      5.115     42.328  36.707175     3.1568      7.491   292.1709 1.5301e+01     2.6372      3.227      4.681    18.3623   998.5630 0.0000e+00
      3.292      0.010     0.4803      5.110     42.297  36.671901     3.0663      7.490   292.2478 1.5279e+01     2.5976      3.229      4.683    18.3762   998.5604 0.0000e+00
      3.295      0.013     0.4804      5.110     42.319  36.675874     2.8956      7.488   292.2548 1.5253e+01     2.4907      3.231      4.687    18.3598   998.5636 0.0000e+00
      3.299      0.016     0.4779      5.081     42.353  36.691727     2.8009      7.486   292.2555 1.5190e+01     2.4586      3.234      4.692    18.3536   998.5647 0.0000e+00
      3.305      0.018     0.4727      5.025     42.340  36.673134     2.7969      7.485   292.2569 1.5084e+01     2.4716      3.240      4.699    18.3608   998.5634 0.0000e+00
      3.311      0.018     0.4667      4.960     42.306  36.641482     2.8208      7.485   292.3567 1.5001e+01     2.4196      3.247      4.710    18.3513   998.5652 0.0000e+00
      3.317      0.017     0.4610      4.899     42.294  36.626382     2.8477      7.484   292.5165 1.4948e+01     2.3203      3.254      4.719    18.3257   998.5700 0.0000e+00
      3.321      0.015     0.4564      4.849     42.297  36.617517     2.8536      7.482   292.6401 1.4911e+01     2.2543      3.258      4.724    18.3107   998.5729 0.0000e+00
      3.323      0.013     0.4512      4.792     42.291  36.597744     2.8574      7.481   292.6464 1.4901e+01     2.2452      3.259      4.727    18.3006   998.5748 0.0000e+00
      3.325      0.013     0.4439      4.713     42.286  36.577716     2.8933      7.481   292.5925 1.4900e+01     2.3086      3.261      4.729    18.3025   998.5745 0.0000e+00
      3.327      0.014     0.4363      4.630     42.299  36.565763     2.9579      7.481   292.6769 1.4875e+01     2.4308      3.262      4.731    18.3008   998.5748 0.0000e+00
      3.330      0.016     0.4307      4.568     42.276  36.516660     2.9973      7.481   292.8065 1.4823e+01     2.5103      3.266      4.736    18.2800   998.5787 0.0000e+00
      3.335      0.018     0.4275      4.530     42.217  36.428293     2.9967      7.480   292.9551 1.4771e+01     2.4825      3.271      4.744    18.2662   998.5813 0.0000e+00
      3.341      0.019     0.4250      4.497     42.238  36.385902     2.9770      7.479   293.1831 1.4730e+01     2.4226      3.277      4.752    18.2496   998.5845 0.0000e+00
      3.347      0.019     0.4214      4.449     42.333  36.384873     2.8887      7.478   293.3264 1.4682e+01     2.3759      3.283      4.761    18.2218   998.5897 0.0000e+00
      3.353      0.018     0.4173      4.398     42.378  36.352274     2.7529      7.477   293.3969 1.4631e+01     2.3119      3.289      4.770    18.1857   998.5964 0.0000e+00
      3.358      0.017     0.4133      4.352     42.377  36.309023     2.6869      7.476   293.5187 1.4591e+01     2.2701      3.294      4.777    18.1509   998.6030 0.0000e+00
      3.361      0.016     0.4080      4.293     42.402  36.306184     2.6808      7.475   293.5948 1.4574e+01     2.2636      3.296      4.780    18.0840   998.6154 0.0000e+00
      3.364      0.014     0.3990      4.198     42.425  36.317913     2.6705      7.473   293.5431 1.4554e+01     2.3322      3.298      4.784    17.9630   998.6378 0.0000e+00
      3.368      0.012     0.3874      4.077     42.419  36.323878     2.6491      7.472   293.4957 1.4507e+01     2.4451      3.303      4.790    17.8697   998.6550 0.0000e+00
      3.372      0.010     0.3749      3.947     42.382  36.314848     2.6303      7.472   293.5372 1.4470e+01     2.4811      3.307      4.795    17.8317   998.6620 0.0000e+00
      3.374      0.010     0.3651      3.847     42.302  36.272241     2.6173      7.471   293.6157 1.4467e+01     2.4724      3.309      4.800    17.8011   998.6676 0.0000e+00
      3.375      0.010     0.3606      3.801     42.259  36.253059     2.6208      7.469   293.6705 1.4487e+01     2.4709      3.310      4.801    17.7886   998.6699 0.0000e+00
      3.376      0.010     0.3586      3.781     42.271  36.273367     2.6552      7.467   293.6832 1.4471e+01     2.4951      3.310      4.800    17.8065   998.6666 0.0000e+00
      3.379      0.010     0.3600      3.796     42.254  36.263907     2.6866      7.467   293.7692 1.4416e+01     2.5359      3.313      4.805    17.8366   998.6612 0.0000e+00
      3.383      0.011     0.3650      3.848     42.183  36.202156     2.6969      7.466   293.9359 1.4385e+01     2.5383      3.319      4.813    17.8746   998.6542 0.0000e+00
      3.386      0.013     0.3720      3.922     42.072  36.097987     2.7104      7.464   294.0643 1.4374e+01     2.4910      3.321      4.816    17.8943   998.6505 0.0000e+00
      3.389      0.015     0.3804      4.007     42.008  36.019951     2.7284      7.463   294.1172 1.4341e+01     2.4562      3.324      4.821    17.9006   998.6494 0.0000e+00
      3.392      0.016     0.3888      4.092     42.047  36.020264     2.7327      7.463   294.1457 1.4284e+01     2.4778      3.326      4.824    17.9114   998.6474 0.0000e+00
      3.397      0.016     0.3968      4.175     42.091  36.038260     2.7286      7.462   294.2361 1.4210e+01     2.4902      3.330      4.830    17.9074   998.6481 0.0000e+00
      3.402      0.016     0.4044      4.256     42.105  36.047091     2.7817      7.459   294.3499 1.4138e+01     2.4744      3.337      4.840    17.9020   998.6491 0.0000e+00
      3.407      0.016     0.4136      4.352     42.128  36.063570     2.8982      7.456   294.4026 1.4082e+01     2.4834      3.342      4.847    17.8766   998.6538 0.0000e+00
