Data/DataNotYetUploadedToEDI/Raw_CTD/2019_RawDownloads/062019_bvr50.cnv
* Sea-Bird SBE19plus  Data File:
* FileName = C:\DATA\06202019_BVR_50.xm1_0001.hex
* Software version 2.8.0.119 SB_Terminal.dll
* Temperature SN = 7809
* Conductivity SN = 7809
* System UpLoad Time = Jun 20 2019 10:53:56
* <ApplicationData>
* <Seaterm232>
# nquan = 16
# nvalues = 1162                        
# units = specified
# name 0 = depFM: Depth [fresh water, m]
# name 1 = dz/dtM: Descent Rate [m/s]
# name 2 = sbeox0Mg/L: Oxygen, SBE 43 [mg/l]
# name 3 = sbeox0PS: Oxygen, SBE 43 [% saturation]
# name 4 = specc: Specific Conductance [uS/cm]
# name 5 = c0uS/cm: Conductivity [uS/cm]
# name 6 = flECO-AFL: Fluorescence, WET Labs ECO-AFL/FL [mg/m^3]
# name 7 = ph: pH
# name 8 = orp: Oxidation Reduction Potential [mV]
# name 9 = par/sat/log: PAR/Logarithmic, Satlantic
# name 10 = turbWETntu0: Turbidity, WET Labs ECO [NTU]
# name 11 = prdM: Pressure, Strain Gauge [db]
# name 12 = prdE: Pressure, Strain Gauge [psi]
# name 13 = tv290C: Temperature [ITS-90, deg C]
# name 14 = density00: Density [density, kg/m^3]
# name 15 = flag:  0.000e+00
# span 0 =     -0.774,     10.283       
# span 1 =     -0.080,      0.175       
# span 2 =    -0.4936,     9.5183       
# span 3 =     -4.366,    105.560       
# span 4 =      1.551,    112.378       
# span 5 =   1.525366,  74.925421       
# span 6 =    -0.7492,    13.9944       
# span 7 =      6.999,     10.234       
# span 8 = -1240.7455,   337.1345       
# span 9 = 1.2349e-01, 2.3383e+03       
# span 10 =   -11.8704,    32.4282      
# span 11 =     -0.759,     10.085      
# span 12 =     -1.102,     14.627      
# span 13 =     8.3173,    24.5558      
# span 14 =   997.1733,   999.9200      
# span 15 = 0.0000e+00, 0.0000e+00      
# interval = seconds: 0.25
# start_time = Jun 20 2019 10:39:00 [Instrument's time stamp, header]
# bad_flag = -9.990e-29
*END*
[from data line 633]
      0.835      0.035     7.8502     94.209     25.697  25.463848     0.4549      8.108   298.4677 6.3378e+02     0.6679      0.817      1.186    24.5411   997.1818 0.0000e+00
      0.846      0.031     7.8586     94.311     25.692  25.458809     0.4795      8.112   298.5016 5.5403e+02     0.6649      0.832      1.205    24.5409   997.1819 0.0000e+00
      0.854      0.028     7.8688     94.433     25.704  25.470872     0.4984      8.114   298.4470 5.1201e+02     0.6885      0.841      1.219    24.5408   997.1820 0.0000e+00
      0.859      0.025     7.8757     94.516     25.716  25.482822     0.5014      8.116   298.4093 5.9962e+02     0.6915      0.842      1.222    24.5408   997.1820 0.0000e+00
      0.863      0.023     7.8780     94.543     25.710  25.476431     0.4976      8.117   298.4759 7.7782e+02     0.6355      0.846      1.227    24.5407   997.1820 0.0000e+00
      0.868      0.023     7.8786     94.552     25.690  25.457032     0.4963      8.118   298.5636 7.3532e+02     0.6019      0.851      1.235    24.5410   997.1820 0.0000e+00
      0.873      0.026     7.8795     94.563     25.671  25.438577     0.4948      8.119   298.6088 5.3748e+02     0.6455      0.856      1.242    24.5411   997.1820 0.0000e+00
      0.879      0.031     7.8779     94.543     25.676  25.443612     0.4879      8.120   298.7648 4.6843e+02     0.6705      0.862      1.250    24.5409   997.1821 0.0000e+00
      0.888      0.037     7.8704     94.454     25.687  25.454469     0.4828      8.118   298.9013 5.0217e+02     0.6427      0.870      1.262    24.5413   997.1820 0.0000e+00
      0.898      0.042     7.8563     94.285     25.675  25.442967     0.4847      8.117   298.8825 5.6112e+02     0.6364      0.879      1.275    24.5418   997.1819 0.0000e+00
      0.911      0.046     7.8382     94.068     25.663  25.431418     0.4931      8.116   298.8817 6.0131e+02     0.6595      0.892      1.294    24.5420   997.1819 0.0000e+00
      0.925      0.051     7.8162     93.804     25.673  25.441713     0.5064      8.114   298.9776 7.1183e+02     0.6602      0.908      1.316    24.5422   997.1819 0.0000e+00
      0.938      0.057     7.7893     93.481     25.672  25.440570     0.5157      8.109   299.0958 8.3711e+02     0.6462      0.920      1.334    24.5421   997.1820 0.0000e+00
      0.950      0.062     7.7653     93.193     25.650  25.417597     0.5182      8.105   299.1928 7.1070e+02     0.6538      0.932      1.351    24.5424   997.1820 0.0000e+00
      0.965      0.067     7.7547     93.065     25.650  25.417702     0.5283      8.102   299.2896 5.3641e+02     0.6534      0.944      1.369    24.5425   997.1820 0.0000e+00
      0.984      0.071     7.7573     93.097     25.674  25.441827     0.5432      8.097   299.3197 5.1665e+02     0.6414      0.963      1.398    24.5422   997.1822 0.0000e+00
      1.006      0.071     7.7650     93.190     25.688  25.455544     0.5512      8.093   299.2982 4.5503e+02     0.6400      0.988      1.433    24.5424   997.1822 0.0000e+00
      1.028      0.067     7.7723     93.277     25.689  25.456677     0.5636      8.093   299.3747 4.1578e+02     0.6356      1.007      1.460    24.5425   997.1823 0.0000e+00
      1.048      0.057     7.7792     93.360     25.688  25.455533     0.5895      8.094   299.4696 4.3560e+02     0.6538      1.029      1.492    24.5423   997.1824 0.0000e+00
      1.064      0.044     7.7847     93.426     25.674  25.441713     0.6121      8.095   299.4991 3.6814e+02     0.6968      1.047      1.519    24.5423   997.1825 0.0000e+00
      1.071      0.033     7.7832     93.407     25.649  25.416453     0.6210      8.099   299.5593 3.3049e+02     0.6965      1.051      1.525    24.5420   997.1826 0.0000e+00
      1.073      0.027     7.7739     93.297     25.636  25.403861     0.6100      8.102   299.6809 3.7127e+02     0.6500      1.052      1.526    24.5418   997.1827 0.0000e+00
      1.073      0.027     7.7659     93.200     25.648  25.416339     0.5827      8.103   299.8510 4.1573e+02     0.6260      1.053      1.527    24.5420   997.1826 0.0000e+00
      1.075      0.032     7.7651     93.190     25.672  25.440446     0.5682      8.102   299.9815 4.8638e+02     0.6356      1.052      1.525    24.5421   997.1826 0.0000e+00
      1.083      0.041     7.7692     93.238     25.673  25.441590     0.5648      8.101   299.9681 5.0703e+02     0.6681      1.060      1.537    24.5423   997.1826 0.0000e+00
      1.098      0.050     7.7752     93.311     25.662  25.430170     0.5682      8.101   300.0334 4.7076e+02     0.6914      1.077      1.561    24.5423   997.1826 0.0000e+00
      1.116      0.058     7.7824     93.398     25.661  25.429235     0.5917      8.102   300.2547 5.0632e+02     0.6549      1.095      1.588    24.5423   997.1827 0.0000e+00
      1.135      0.062     7.7910     93.501     25.662  25.430294     0.6155      8.102   300.4074 6.3152e+02     0.6202      1.114      1.615    24.5421   997.1828 0.0000e+00
      1.152      0.062     7.8002     93.612     25.675  25.442974     0.6219      8.103   300.4168 6.5500e+02     0.6322      1.132      1.641    24.5419   997.1830 0.0000e+00
      1.167      0.060     7.8071     93.694     25.688  25.455665     0.6164      8.105   300.3678 5.0935e+02     0.6359      1.145      1.660    24.5420   997.1830 0.0000e+00
      1.181      0.058     7.8095     93.723     25.689  25.456870     0.6099      8.106   300.4178 4.7617e+02     0.6326      1.159      1.680    24.5421   997.1831 0.0000e+00
      1.195      0.057     7.8057     93.678     25.690  25.457547     0.6133      8.105   300.5053 5.5555e+02     0.6579      1.172      1.700    24.5421   997.1831 0.0000e+00
      1.208      0.057     7.7936     93.533     25.696  25.463847     0.6223      8.105   300.5656 5.6600e+02     0.6795      1.185      1.718    24.5422   997.1832 0.0000e+00
      1.223      0.058     7.7725     93.279     25.702  25.469604     0.6315      8.104   300.7164 5.5747e+02     0.6646      1.199      1.738    24.5420   997.1833 0.0000e+00
      1.239      0.059     7.7472     92.975     25.696  25.463724     0.6555      8.103   300.8649 5.7427e+02     0.6415      1.216      1.763    24.5419   997.1834 0.0000e+00
      1.255      0.058     7.7241     92.698     25.689  25.456187     0.6871      8.101   300.8992 5.9538e+02     0.6297      1.231      1.785    24.5420   997.1834 0.0000e+00
      1.270      0.057     7.7065     92.485     25.675  25.441902     0.7104      8.100   300.8722 6.1288e+02     0.6193      1.245      1.806    24.5420   997.1835 0.0000e+00
      1.286      0.055     7.6996     92.403     25.650  25.417891     0.7292      8.100   300.9687 6.2703e+02     0.6150      1.262      1.830    24.5418   997.1836 0.0000e+00
      1.300      0.055     7.7055     92.474     25.652  25.419612     0.7316      8.100   301.2065 6.8302e+02     0.6764      1.276      1.851    24.5417   997.1837 0.0000e+00
      1.311      0.056     7.7183     92.628     25.695  25.462707     0.7226      8.098   301.3383 7.8252e+02     0.8038      1.286      1.865    24.5416   997.1838 0.0000e+00
      1.322      0.058     7.7320     92.793     25.728  25.494888     0.7159      8.096   301.3568 7.1657e+02     0.8768      1.295      1.879    24.5412   997.1839 0.0000e+00
      1.337      0.063     7.7447     92.945     25.724  25.491531     0.7115      8.094   301.3450 5.8426e+02     0.8712      1.310      1.899    24.5411   997.1840 0.0000e+00
      1.354      0.069     7.7555     93.075     25.719  25.485552     0.7035      8.093   301.2815 5.7205e+02     0.8016      1.328      1.925    24.5413   997.1840 0.0000e+00
      1.374      0.075     7.7646     93.184     25.719  25.486039     0.6883      8.092   301.2777 5.2872e+02     0.6584      1.346      1.952    24.5414   997.1841 0.0000e+00
      1.396      0.080     7.7723     93.276     25.729  25.497418     0.6835      8.091   301.3842 4.5631e+02     0.5812      1.367      1.984    24.5418   997.1841 0.0000e+00
      1.418      0.082     7.7766     93.327     25.728  25.496260     0.6891      8.090   301.4512 4.1255e+02     0.6224      1.391      2.019    24.5418   997.1842 0.0000e+00
      1.439      0.082     7.7748     93.307     25.704  25.472038     0.6871      8.090   301.4857 4.6389e+02     0.6317      1.410      2.046    24.5419   997.1843 0.0000e+00
      1.460      0.079     7.7673     93.218     25.690  25.458303     0.6761      8.091   301.5427 5.6189e+02     0.5955      1.431      2.076    24.5421   997.1843 0.0000e+00
      1.482      0.074     7.7617     93.151     25.689  25.457054     0.6691      8.091   301.6242 4.9937e+02     0.6108      1.456      2.111    24.5421   997.1844 0.0000e+00
      1.501      0.069     7.7654     93.195     25.689  25.456940     0.6717      8.091   301.6967 4.0298e+02     0.6531      1.473      2.137    24.5422   997.1845 0.0000e+00
      1.516      0.063     7.7759     93.322     25.689  25.456930     0.6724      8.092   301.6456 4.5308e+02     0.6808      1.487      2.156    24.5426   997.1844 0.0000e+00
      1.531      0.057     7.7864     93.447     25.689  25.456928     0.6781      8.093   301.6082 5.2413e+02     0.6837      1.501      2.177    24.5430   997.1844 0.0000e+00
      1.545      0.054     7.7921     93.516     25.689  25.456919     0.6969      8.095   301.6749 5.1745e+02     0.6561      1.516      2.198    24.5429   997.1845 0.0000e+00
      1.557      0.053     7.7924     93.519     25.689  25.456815     0.7092      8.095   301.6782 4.9116e+02     0.6413      1.528      2.216    24.5430   997.1845 0.0000e+00
      1.567      0.054     7.7865     93.449     25.688  25.455670     0.7143      8.094   301.4753 4.5236e+02     0.6686      1.535      2.227    24.5430   997.1845 0.0000e+00
      1.580      0.055     7.7757     93.319     25.675  25.443078     0.7153      8.094   301.2004 4.5476e+02     0.7237      1.547      2.244    24.5428   997.1847 0.0000e+00
      1.597      0.055     7.7663     93.205     25.664  25.431441     0.7119      8.094   301.1940 4.8091e+02     0.7838      1.568      2.274    24.5428   997.1848 0.0000e+00
      1.614      0.054     7.7613     93.143     25.674  25.441836     0.7175      8.094   301.3971 4.2673e+02     0.8380      1.584      2.297    24.5428   997.1848 0.0000e+00
      1.628      0.054     7.7588     93.114     25.674  25.441887     0.7221      8.094   301.5051 3.8758e+02     0.8867      1.598      2.317    24.5428   997.1849 0.0000e+00
      1.641      0.053     7.7588     93.114     25.664  25.432059     0.7336      8.093   301.5536 3.9089e+02     0.8492      1.610      2.336    24.5425   997.1850 0.0000e+00
      1.651      0.050     7.7589     93.115     25.682  25.449883     0.7602      8.092   301.6394 4.0238e+02     0.7122      1.618      2.347    24.5419   997.1852 0.0000e+00
      1.663      0.048     7.7599     93.127     25.700  25.467089     0.7750      8.092   301.6817 4.2510e+02     0.6392      1.629      2.363    24.5416   997.1853 0.0000e+00
      1.677      0.048     7.7667     93.209     25.682  25.449780     0.7738      8.091   301.7210 3.9524e+02     0.6537      1.645      2.386    24.5417   997.1854 0.0000e+00
      1.691      0.049     7.7747     93.304     25.663  25.430915     0.7544      8.091   301.7715 3.3951e+02     0.6597      1.659      2.407    24.5419   997.1854 0.0000e+00
      1.702      0.052     7.7715     93.265     25.662  25.429305     0.7223      8.090   301.7753 3.0866e+02     0.6452      1.669      2.420    24.5418   997.1854 0.0000e+00
      1.713      0.055     7.7528     93.041     25.663  25.430301     0.7058      8.088   301.7669 3.0354e+02     0.6418      1.678      2.434    24.5415   997.1856 0.0000e+00
      1.726      0.058     7.7272     92.734     25.676  25.442965     0.7112      8.085   301.7566 3.3377e+02     0.6520      1.692      2.454    24.5416   997.1856 0.0000e+00
      1.742      0.063     7.7043     92.459     25.689  25.455546     0.7095      8.082   301.7370 3.6686e+02     0.6707      1.708      2.477    24.5414   997.1857 0.0000e+00
      1.759      0.069     7.6883     92.266     25.689  25.455545     0.6864      8.079   301.7883 3.7675e+02     0.7041      1.724      2.501    24.5412   997.1858 0.0000e+00
      1.779      0.077     7.6786     92.149     25.676  25.442953     0.6748      8.075   301.8605 3.8448e+02     0.7277      1.745      2.531    24.5411   997.1859 0.0000e+00
      1.797      0.083     7.6742     92.096     25.664  25.430172     0.6815      8.071   301.8346 3.8054e+02     0.7272      1.763      2.557    24.5409   997.1861 0.0000e+00
      1.817      0.087     7.6810     92.177     25.662  25.427875     0.6806      8.068   301.8194 3.6077e+02     0.6976      1.778      2.579    24.5410   997.1861 0.0000e+00
      1.842      0.086     7.7040     92.452     25.649  25.415187     0.6731      8.068   301.8498 3.5044e+02     0.6642      1.804      2.616    24.5407   997.1864 0.0000e+00
      1.872      0.081     7.7368     92.847     25.637  25.403635     0.6776      8.069   301.8571 3.5729e+02     0.6516      1.839      2.667    24.5403   997.1866 0.0000e+00
      1.897      0.075     7.7648     93.182     25.648  25.415074     0.6828      8.070   301.8217 3.9472e+02     0.6432      1.866      2.706    24.5397   997.1868 0.0000e+00
      1.912      0.067     7.7778     93.337     25.660  25.426616     0.6755      8.072   301.7662 4.2117e+02     0.6615      1.877      2.722    24.5393   997.1870 0.0000e+00
      1.922      0.059     7.7782     93.343     25.650  25.416320     0.6843      8.074   301.7020 4.0311e+02     0.6762      1.884      2.732    24.5394   997.1870 0.0000e+00
      1.933      0.052     7.7741     93.293     25.651  25.417461     0.7116      8.074   301.6471 4.0721e+02     0.6572      1.895      2.749    24.5393   997.1871 0.0000e+00
      1.946      0.049     7.7704     93.247     25.675  25.440407     0.7191      8.073   301.7054 4.2436e+02     0.6606      1.908      2.768    24.5392   997.1872 0.0000e+00
      1.960      0.050     7.7695     93.233     25.675  25.440017     0.7138      8.071   301.8040 4.1785e+02     0.6518      1.923      2.789    24.5389   997.1873 0.0000e+00
      1.973      0.053     7.7747     93.286     25.650  25.412743     0.7172      8.069   301.8932 4.4633e+02     0.6160      1.935      2.805    24.5392   997.1873 0.0000e+00
      1.984      0.058     7.7850     93.381     25.610  25.364385     0.7172      8.069   302.0962 4.8173e+02     0.6218      1.946      2.820    24.5387   997.1875 0.0000e+00
      1.999      0.064     7.7973     93.430     25.510  25.235937     0.7142      8.070   302.2792 4.3929e+02     0.6229      1.960      2.842    24.5389   997.1874 0.0000e+00
      2.015      0.072     7.8131     93.387     25.405  25.064932     0.7147      8.073   302.2992 3.7775e+02     0.5968      1.976      2.865    24.5375   997.1879 0.0000e+00
      2.033      0.080     7.8307     93.240     25.390  24.946024     0.7234      8.077   302.2519 3.5849e+02     0.6008      1.992      2.889    24.5322   997.1893 0.0000e+00
      2.055      0.085     7.8430     92.987     25.439  24.876479     0.7329      8.081   302.3099 3.7216e+02     0.6389      2.013      2.920    24.5246   997.1913 0.0000e+00
      2.082      0.087     7.8477     92.669     25.533  24.858254     0.7254      8.083   302.4844 3.9051e+02     0.6646      2.041      2.959    24.4895   997.2002 0.0000e+00
      2.110      0.086     7.8379     92.274     25.611  24.852387     0.7202      8.083   302.6410 3.6854e+02     0.6490      2.071      3.004    24.3550   997.2340 0.0000e+00
      2.133      0.082     7.8088     91.758     25.616  24.805416     0.7296      8.084   302.8264 3.4549e+02     0.6463      2.094      3.037    24.1222   997.2921 0.0000e+00
      2.151      0.076     7.7793     91.247     25.593  24.734311     0.7354      8.086   303.0048 3.5640e+02     0.6657      2.109      3.059    23.8867   997.3502 0.0000e+00
