Data/DataNotYetUploadedToEDI/Raw_CTD/2019_RawDownloads/062019_bvr50.cnv
* Sea-Bird SBE19plus  Data File:
* FileName = C:\DATA\06202019_BVR_50.xm1_0001.hex
* Software version 2.8.0.119 SB_Terminal.dll
* Temperature SN = 7809
* Conductivity SN = 7809
* System UpLoad Time = Jun 20 2019 10:53:56
* <ApplicationData>
* <Seaterm232>
# nquan = 16
# nvalues = 1162                        
# units = specified
# name 0 = depFM: Depth [fresh water, m]
# name 1 = dz/dtM: Descent Rate [m/s]
# name 2 = sbeox0Mg/L: Oxygen, SBE 43 [mg/l]
# name 3 = sbeox0PS: Oxygen, SBE 43 [% saturation]
# name 4 = specc: Specific Conductance [uS/cm]
# name 5 = c0uS/cm: Conductivity [uS/cm]
# name 6 = flECO-AFL: Fluorescence, WET Labs ECO-AFL/FL [mg/m^3]
# name 7 = ph: pH
# name 8 = orp: Oxidation Reduction Potential [mV]
# name 9 = par/sat/log: PAR/Logarithmic, Satlantic
# name 10 = turbWETntu0: Turbidity, WET Labs ECO [NTU]
# name 11 = prdM: Pressure, Strain Gauge [db]
# name 12 = prdE: Pressure, Strain Gauge [psi]
# name 13 = tv290C: Temperature [ITS-90, deg C]
# name 14 = density00: Density [density, kg/m^3]
# name 15 = flag:  0.000e+00
# span 0 =     -0.774,     10.283       
# span 1 =     -0.080,      0.175       
# span 2 =    -0.4936,     9.5183       
# span 3 =     -4.366,    105.560       
# span 4 =      1.551,    112.378       
# span 5 =   1.525366,  74.925421       
# span 6 =    -0.7492,    13.9944       
# span 7 =      6.999,     10.234       
# span 8 = -1240.7455,   337.1345       
# span 9 = 1.2349e-01, 2.3383e+03       
# span 10 =   -11.8704,    32.4282      
# span 11 =     -0.759,     10.085      
# span 12 =     -1.102,     14.627      
# span 13 =     8.3173,    24.5558      
# span 14 =   997.1733,   999.9200      
# span 15 = 0.0000e+00, 0.0000e+00      
# interval = seconds: 0.25
# start_time = Jun 20 2019 10:39:00 [Instrument's time stamp, header]
# bad_flag = -9.990e-29
*END*
[from data line 724]
      2.184      0.063     7.7962     91.058     25.695  24.718160     0.7121      8.086   303.1066 4.2942e+02     0.6288      2.141      3.106    23.4823   997.4489 0.0000e+00
      2.199      0.057     7.8200     91.214     25.769  24.752993     0.7060      8.086   303.2665 4.0107e+02     0.6312      2.156      3.126    23.4179   997.4646 0.0000e+00
      2.214      0.052     7.8346     91.344     25.759  24.730869     0.7164      8.088   303.5489 3.8071e+02     0.6487      2.172      3.150    23.3307   997.4856 0.0000e+00
      2.227      0.047     7.8476     91.486     25.734  24.704387     0.7169      8.089   303.7674 3.9051e+02     0.6439      2.186      3.171    23.1999   997.5169 0.0000e+00
      2.237      0.044     7.8651     91.661     25.724  24.686537     0.7109      8.091   303.9299 3.8584e+02     0.6393      2.195      3.182    23.0800   997.5456 0.0000e+00
      2.246      0.043     7.8855     91.843     25.694  24.641914     0.7129      8.091   304.0514 3.8105e+02     0.6592      2.202      3.195    23.0016   997.5642 0.0000e+00
      2.255      0.044     7.9054     91.997     25.684  24.608870     0.7409      8.090   304.1176 3.5695e+02     0.7205      2.212      3.208    22.9943   997.5660 0.0000e+00
      2.265      0.047     7.9222     92.108     25.705  24.604144     0.7987      8.090   304.2145 3.4001e+02     0.8228      2.220      3.220    23.0021   997.5642 0.0000e+00
      2.278      0.051     7.9370     92.189     25.713  24.584735     0.8302      8.091   304.3616 3.6580e+02     0.8798      2.232      3.238    22.9823   997.5689 0.0000e+00
      2.294      0.055     7.9524     92.269     25.722  24.564468     0.8274      8.091   304.5201 3.7713e+02     0.8854      2.250      3.262    22.9526   997.5760 0.0000e+00
      2.310      0.057     7.9696     92.379     25.733  24.549357     0.8173      8.091   304.6684 3.7063e+02     0.8909      2.264      3.284    22.9021   997.5880 0.0000e+00
      2.325      0.058     7.9890     92.520     25.738  24.528861     0.7942      8.092   304.7773 3.7099e+02     0.9129      2.280      3.308    22.8533   997.5996 0.0000e+00
      2.340      0.058     8.0077     92.635     25.745  24.506927     0.7736      8.093   304.8045 3.5040e+02     0.9219      2.296      3.331    22.8071   997.6105 0.0000e+00
      2.354      0.057     8.0194     92.662     25.744  24.474427     0.7672      8.093   304.8245 3.3343e+02     0.9024      2.309      3.348    22.7397   997.6264 0.0000e+00
      2.368      0.056     8.0233     92.606     25.753  24.453022     0.7518      8.093   304.9344 3.3876e+02     0.9062      2.323      3.368    22.6921   997.6376 0.0000e+00
      2.382      0.056     8.0222     92.508     25.763  24.438386     0.7269      8.093   305.0149 3.3120e+02     0.9352      2.336      3.388    22.6524   997.6469 0.0000e+00
      2.397      0.056     8.0163     92.368     25.771  24.424289     0.7175      8.091   305.0227 3.2314e+02     0.9259      2.350      3.409    22.5910   997.6613 0.0000e+00
      2.411      0.057     8.0018     92.136     25.775  24.409421     0.7160      8.089   305.0294 3.3028e+02     0.8919      2.364      3.429    22.5251   997.6766 0.0000e+00
      2.424      0.058     7.9743     91.760     25.768  24.385460     0.7165      8.088   305.0957 3.3941e+02     0.8843      2.377      3.448    22.4675   997.6901 0.0000e+00
      2.439      0.060     7.9361     91.265     25.788  24.388292     0.7244      8.087   305.2222 3.4389e+02     0.8994      2.392      3.469    22.4203   997.7011 0.0000e+00
      2.455      0.062     7.8988     90.780     25.797  24.380211     0.7247      8.086   305.3542 3.3726e+02     0.9103      2.408      3.492    22.3801   997.7104 0.0000e+00
      2.471      0.063     7.8737     90.438     25.783  24.351161     0.7201      8.085   305.4016 3.2271e+02     0.8848      2.423      3.514    22.3446   997.7186 0.0000e+00
      2.488      0.063     7.8627     90.260     25.803  24.354193     0.7204      8.085   305.3648 3.1653e+02     0.8535      2.439      3.537    22.3120   997.7262 0.0000e+00
      2.506      0.061     7.8623     90.208     25.817  24.353427     0.7284      8.085   305.4248 3.3000e+02     0.8597      2.459      3.565    22.2788   997.7340 0.0000e+00
      2.523      0.058     7.8673     90.227     25.817  24.341867     0.7472      8.086   305.5250 3.3795e+02     0.8609      2.478      3.592    22.2469   997.7414 0.0000e+00
      2.537      0.054     7.8752     90.289     25.826  24.341282     0.7665      8.088   305.6296 3.2365e+02     0.8358      2.489      3.610    22.2164   997.7484 0.0000e+00
      2.549      0.053     7.8860     90.384     25.840  24.346333     0.7799      8.088   305.8301 3.0828e+02     0.8508      2.500      3.625    22.1872   997.7552 0.0000e+00
      2.559      0.053     7.8953     90.458     25.843  24.339489     0.8139      8.089   305.9701 2.9287e+02     0.8783      2.511      3.641    22.1575   997.7620 0.0000e+00
      2.570      0.055     7.8986     90.458     25.836  24.321961     0.8737      8.090   306.0316 2.8236e+02     0.8737      2.520      3.655    22.1346   997.7672 0.0000e+00
      2.583      0.059     7.8961     90.389     25.852  24.324690     0.9045      8.089   306.1427 2.7921e+02     0.8603      2.532      3.672    22.1214   997.7704 0.0000e+00
      2.601      0.061     7.8917     90.293     25.850  24.309026     0.9001      8.089   306.2816 2.6216e+02     0.8483      2.551      3.699    22.1057   997.7740 0.0000e+00
      2.621      0.063     7.8852     90.167     25.813  24.259426     0.9081      8.089   306.3348 2.3936e+02     0.8592      2.573      3.730    22.0869   997.7784 0.0000e+00
      2.639      0.063     7.8699     89.938     25.802  24.232429     0.9315      8.090   306.3553 2.2504e+02     0.8611      2.590      3.757    22.0648   997.7835 0.0000e+00
      2.654      0.062     7.8449     89.601     25.822  24.236319     0.9480      8.090   306.4438 2.1347e+02     0.8385      2.604      3.777    22.0413   997.7888 0.0000e+00
      2.668      0.060     7.8212     89.275     25.847  24.243004     0.9519      8.090   306.5443 2.1085e+02     0.8152      2.616      3.794    22.0173   997.7944 0.0000e+00
      2.682      0.058     7.8063     89.042     25.875  24.249800     0.9350      8.090   306.7100 2.1335e+02     0.8096      2.629      3.814    21.9852   997.8017 0.0000e+00
      2.698      0.058     7.7947     88.847     25.900  24.255034     0.9088      8.090   306.8980 2.1521e+02     0.8357      2.645      3.837    21.9519   997.8094 0.0000e+00
      2.714      0.058     7.7788     88.617     25.903  24.242822     0.8957      8.090   307.0114 2.2651e+02     0.8355      2.662      3.861    21.9246   997.8156 0.0000e+00
      2.729      0.057     7.7618     88.373     25.904  24.228984     0.8974      8.089   307.1340 2.3514e+02     0.8071      2.676      3.881    21.8946   997.8225 0.0000e+00
      2.743      0.056     7.7513     88.196     25.908  24.214570     0.9208      8.088   307.2626 2.3499e+02     0.8211      2.690      3.900    21.8539   997.8317 0.0000e+00
      2.757      0.054     7.7496     88.116     25.907  24.195385     0.9537      8.088   307.3613 2.4493e+02     0.8726      2.704      3.922    21.8153   997.8405 0.0000e+00
      2.770      0.054     7.7496     88.063     25.916  24.187305     0.9742      8.088   307.4674 2.5409e+02     0.9052      2.716      3.941    21.7900   997.8462 0.0000e+00
      2.782      0.054     7.7475     87.995     25.923  24.180282     0.9773      8.088   307.5988 2.5420e+02     0.8887      2.727      3.956    21.7647   997.8520 0.0000e+00
      2.796      0.056     7.7477     87.961     25.928  24.173888     0.9653      8.087   307.7451 2.5662e+02     0.8695      2.742      3.977    21.7263   997.8606 0.0000e+00
      2.810      0.059     7.7501     87.948     25.940  24.173417     0.9857      8.086   307.8597 2.5373e+02     0.8687      2.756      3.998    21.6888   997.8691 0.0000e+00
      2.825      0.063     7.7511     87.903     25.960  24.174562     1.0418      8.083   307.9522 2.5067e+02     0.8793      2.768      4.015    21.6595   997.8757 0.0000e+00
      2.841      0.067     7.7470     87.793     25.995  24.187713     1.0714      8.081   308.0890 2.5243e+02     0.9002      2.786      4.039    21.6316   997.8821 0.0000e+00
      2.859      0.069     7.7369     87.617     26.034  24.205525     1.0750      8.081   308.3091 2.5473e+02     0.8917      2.805      4.067    21.6131   997.8863 0.0000e+00
      2.878      0.072     7.7279     87.458     26.047  24.199604     1.0767      8.080   308.4624 2.5589e+02     0.8744      2.823      4.094    21.5956   997.8902 0.0000e+00
      2.898      0.075     7.7254     87.379     26.042  24.179526     1.0829      8.079   308.4808 2.5194e+02     0.8889      2.842      4.122    21.5584   997.8985 0.0000e+00
      2.917      0.076     7.7217     87.291     26.028  24.153049     1.0807      8.079   308.5307 2.5233e+02     0.9028      2.861      4.150    21.5170   997.9078 0.0000e+00
      2.936      0.075     7.7090     87.092     26.025  24.133188     1.0671      8.080   308.6361 2.5854e+02     0.8777      2.877      4.174    21.4834   997.9154 0.0000e+00
      2.957      0.072     7.6895     86.813     26.041  24.129669     1.0396      8.081   308.7227 2.5831e+02     0.8477      2.898      4.204    21.4468   997.9236 0.0000e+00
      2.978      0.068     7.6650     86.489     26.036  24.110479     0.9920      8.082   308.8036 2.5486e+02     0.8353      2.924      4.240    21.4177   997.9301 0.0000e+00
      2.995      0.064     7.6327     86.102     26.023  24.091435     0.9683      8.082   308.9248 2.5295e+02     0.8259      2.939      4.263    21.3957   997.9351 0.0000e+00
      3.008      0.062     7.5951     85.666     26.025  24.089704     0.9694      8.081   309.0698 2.4915e+02     0.8327      2.949      4.277    21.3611   997.9427 0.0000e+00
      3.020      0.060     7.5614     85.266     26.032  24.089547     0.9614      8.080   309.2659 2.4358e+02     0.8519      2.960      4.293    21.3207   997.9517 0.0000e+00
      3.034      0.058     7.5392     84.983     26.043  24.089525     0.9592      8.080   309.4899 2.3862e+02     0.8609      2.975      4.314    21.2914   997.9581 0.0000e+00
      3.051      0.057     7.5284     84.835     26.052  24.089421     0.9684      8.080   309.6277 2.3823e+02     0.8434      2.992      4.339    21.2801   997.9607 0.0000e+00
      3.068      0.055     7.5270     84.807     26.055  24.088277     0.9684      8.079   309.7265 2.4171e+02     0.8376      3.009      4.365    21.2795   997.9610 0.0000e+00
      3.084      0.050     7.5356     84.900     26.043  24.075685     0.9502      8.079   309.8237 2.4828e+02     0.8565      3.025      4.387    21.2680   997.9636 0.0000e+00
      3.097      0.046     7.5535     85.102     26.030  24.064037     0.9219      8.079   309.9437 2.5000e+02     0.8740      3.039      4.407    21.2427   997.9691 0.0000e+00
      3.106      0.044     7.5750     85.344     26.041  24.074313     0.9040      8.079   310.1446 2.4090e+02     0.9186      3.048      4.421    21.2246   997.9732 0.0000e+00
      3.111      0.046     7.5943     85.544     26.045  24.073064     0.8995      8.079   310.2744 2.4100e+02     0.9369      3.050      4.424    21.2192   997.9745 0.0000e+00
      3.117      0.051     7.6077     85.646     26.035  24.048931     0.8933      8.079   310.3083 2.4367e+02     0.8994      3.053      4.429    21.2180   997.9747 0.0000e+00
      3.131      0.057     7.6154     85.667     26.044  24.036238     0.8896      8.078   310.2954 2.4204e+02     0.8907      3.068      4.449    21.2179   997.9747 0.0000e+00
      3.151      0.063     7.6211     85.666     26.078  24.046431     0.8976      8.078   310.2913 2.4377e+02     0.8967      3.091      4.482    21.2211   997.9742 0.0000e+00
      3.173      0.065     7.6230     85.631     26.096  24.045271     0.9034      8.078   310.4298 2.3532e+02     0.8745      3.112      4.513    21.2166   997.9753 0.0000e+00
      3.194      0.064     7.6146     85.501     26.082  24.022186     0.8988      8.078   310.5077 2.2791e+02     0.8515      3.132      4.543    21.1839   997.9824 0.0000e+00
      3.212      0.060     7.5934     85.250     26.085  24.021034     0.8936      8.078   310.4585 2.1916e+02     0.8481      3.153      4.574    21.1389   997.9924 0.0000e+00
      3.222      0.055     7.5611     84.887     26.096  24.031337     0.8927      8.078   310.5245 2.0918e+02     0.8657      3.162      4.586    21.0994   998.0010 0.0000e+00
      3.230      0.052     7.5257     84.485     26.085  24.019900     0.8968      8.077   310.7032 2.1328e+02     0.9015      3.165      4.591    21.0619   998.0093 0.0000e+00
      3.241      0.050     7.4945     84.111     26.082  24.009606     0.9003      8.075   310.8973 2.1073e+02     0.9190      3.178      4.609    21.0400   998.0141 0.0000e+00
      3.256      0.050     7.4680     83.775     26.122  24.033732     0.9008      8.075   311.0648 2.0796e+02     0.9145      3.192      4.630    21.0359   998.0150 0.0000e+00
      3.272      0.051     7.4490     83.531     26.159  24.057849     0.9026      8.075   311.1796 2.1428e+02     0.9122      3.208      4.654    21.0383   998.0146 0.0000e+00
      3.287      0.053     7.4398     83.417     26.151  24.047460     0.9045      8.075   311.3396 2.1134e+02     0.8908      3.226      4.678    21.0410   998.0140 0.0000e+00
      3.298      0.057     7.4390     83.402     26.141  24.034973     0.9060      8.073   311.5358 2.0854e+02     0.8523      3.236      4.693    21.0264   998.0172 0.0000e+00
      3.307      0.062     7.4484     83.474     26.151  24.033735     0.9032      8.070   311.6597 2.1140e+02     0.8406      3.242      4.702    20.9939   998.0243 0.0000e+00
      3.320      0.067     7.4636     83.578     26.172  24.032480     0.8971      8.070   311.7185 2.1386e+02     0.8803      3.252      4.718    20.9725   998.0290 0.0000e+00
      3.340      0.071     7.4741     83.619     26.185  24.019780     0.9011      8.070   311.7305 2.0978e+02     0.9066      3.271      4.745    20.9714   998.0293 0.0000e+00
      3.367      0.073     7.4778     83.601     26.192  24.007000     0.9082      8.069   311.8051 1.9819e+02     0.8628      3.301      4.787    20.9736   998.0290 0.0000e+00
      3.392      0.073     7.4793     83.581     26.202  24.004810     0.9052      8.069   311.9323 1.8539e+02     0.8433      3.332      4.831    20.9569   998.0327 0.0000e+00
      3.409      0.069     7.4794     83.560     26.197  23.993277     0.8995      8.069   311.9782 1.7430e+02     0.9002      3.345      4.852    20.9090   998.0431 0.0000e+00
      3.422      0.060     7.4769     83.514     26.205  23.994411     0.8999      8.069   312.0153 1.7718e+02     0.9280      3.354      4.865    20.8556   998.0547 0.0000e+00
      3.435      0.051     7.4730     83.454     26.237  24.018516     0.9022      8.070   312.1236 1.8903e+02     0.8845      3.370      4.887    20.8190   998.0626 0.0000e+00
      3.447      0.046     7.4714     83.425     26.254  24.030994     0.9003      8.070   312.2549 1.8853e+02     0.8657      3.382      4.906    20.7987   998.0670 0.0000e+00
      3.457      0.044     7.4740     83.448     26.243  24.018403     0.8858      8.069   312.3126 1.8394e+02     0.9624      3.391      4.918    20.7886   998.0692 0.0000e+00
      3.466      0.045     7.4784     83.480     26.221  23.993144     0.8657      8.069   312.3902 1.9134e+02     1.1030      3.398      4.928    20.7776   998.0717 0.0000e+00
      3.476      0.049     7.4821     83.494     26.216  23.979315     0.8572      8.069   312.5910 1.9264e+02     1.1244      3.408      4.941    20.7645   998.0745 0.0000e+00
