Data/DataNotYetUploadedToEDI/Raw_CTD/2019_RawDownloads/062019_bvr50.cnv
* Sea-Bird SBE19plus  Data File:
* FileName = C:\DATA\06202019_BVR_50.xm1_0001.hex
* Software version 2.8.0.119 SB_Terminal.dll
* Temperature SN = 7809
* Conductivity SN = 7809
* System UpLoad Time = Jun 20 2019 10:53:56
* <ApplicationData>
* <Seaterm232>
# nquan = 16
# nvalues = 1162                        
# units = specified
# name 0 = depFM: Depth [fresh water, m]
# name 1 = dz/dtM: Descent Rate [m/s]
# name 2 = sbeox0Mg/L: Oxygen, SBE 43 [mg/l]
# name 3 = sbeox0PS: Oxygen, SBE 43 [% saturation]
# name 4 = specc: Specific Conductance [uS/cm]
# name 5 = c0uS/cm: Conductivity [uS/cm]
# name 6 = flECO-AFL: Fluorescence, WET Labs ECO-AFL/FL [mg/m^3]
# name 7 = ph: pH
# name 8 = orp: Oxidation Reduction Potential [mV]
# name 9 = par/sat/log: PAR/Logarithmic, Satlantic
# name 10 = turbWETntu0: Turbidity, WET Labs ECO [NTU]
# name 11 = prdM: Pressure, Strain Gauge [db]
# name 12 = prdE: Pressure, Strain Gauge [psi]
# name 13 = tv290C: Temperature [ITS-90, deg C]
# name 14 = density00: Density [density, kg/m^3]
# name 15 = flag:  0.000e+00
# span 0 =     -0.774,     10.283       
# span 1 =     -0.080,      0.175       
# span 2 =    -0.4936,     9.5183       
# span 3 =     -4.366,    105.560       
# span 4 =      1.551,    112.378       
# span 5 =   1.525366,  74.925421       
# span 6 =    -0.7492,    13.9944       
# span 7 =      6.999,     10.234       
# span 8 = -1240.7455,   337.1345       
# span 9 = 1.2349e-01, 2.3383e+03       
# span 10 =   -11.8704,    32.4282      
# span 11 =     -0.759,     10.085      
# span 12 =     -1.102,     14.627      
# span 13 =     8.3173,    24.5558      
# span 14 =   997.1733,   999.9200      
# span 15 = 0.0000e+00, 0.0000e+00      
# interval = seconds: 0.25
# start_time = Jun 20 2019 10:39:00 [Instrument's time stamp, header]
# bad_flag = -9.990e-29
*END*
[from data line 904]
      4.902      0.070     9.2162     89.521     26.434  20.643459     9.1770      8.086   324.4530 8.1718e+01     2.0466      4.807      6.972    14.4917   999.2116 0.0000e+00
      4.919      0.071     9.2308     89.485     26.462  20.616826     9.1486      8.086   324.5541 8.0225e+01     2.1153      4.822      6.994    14.3243   999.2358 0.0000e+00
      4.939      0.070     9.2598     89.609     26.497  20.602775     8.8461      8.087   324.6274 7.8444e+01     2.1235      4.844      7.025    14.2178   999.2509 0.0000e+00
      4.960      0.068     9.3014     89.879     26.540  20.600368     8.3107      8.088   324.6507 7.6254e+01     2.0809      4.865      7.056    14.1392   999.2621 0.0000e+00
      4.978      0.066     9.3554     90.293     26.560  20.587674     8.0252      8.088   324.7502 7.4828e+01     2.0584      4.883      7.082    14.0449   999.2755 0.0000e+00
      4.993      0.066     9.4114     90.763     26.569  20.576114     8.0031      8.087   324.9700 7.4634e+01     2.0813      4.899      7.104    13.9479   999.2890 0.0000e+00
      5.005      0.066     9.4565     91.168     26.594  20.587416     7.9917      8.087   325.1567 7.4263e+01     2.0955      4.908      7.117    13.8699   999.2998 0.0000e+00
      5.019      0.067     9.4890     91.458     26.615  20.597481     7.8871      8.088   325.2877 7.3445e+01     2.1313      4.919      7.135    13.8047   999.3088 0.0000e+00
      5.038      0.070     9.5091     91.600     26.598  20.570949     7.6926      8.088   325.4352 7.2221e+01     2.2194      4.940      7.165    13.7454   999.3169 0.0000e+00
      5.060      0.075     9.5181     91.596     26.563  20.520306     7.5735      8.088   325.7346 7.0649e+01     2.2765      4.963      7.199    13.7087   999.3220 0.0000e+00
      5.080      0.081     9.5183     91.467     26.572  20.492518     7.5310      8.088   326.1541 6.9780e+01     2.2966      4.982      7.226    13.7034   999.3229 0.0000e+00
      5.100      0.089     9.5098     91.233     26.620  20.488627     7.2300      8.084   326.3777 6.8986e+01     2.3649      5.001      7.253    13.6975   999.3237 0.0000e+00
      5.120      0.096     9.4916     90.918     26.647  20.473202     6.6657      8.080   326.4596 6.7811e+01     2.4460      5.021      7.282    13.6726   999.3272 0.0000e+00
      5.143      0.101     9.4605     90.513     26.632  20.432824     6.3526      8.078   326.5426 6.6586e+01     2.4582      5.042      7.312    13.6290   999.3332 0.0000e+00
      5.172      0.103     9.4189     90.014     26.599  20.380924     6.3234      8.077   326.5209 6.4806e+01     2.4797      5.070      7.353    13.5615   999.3423 0.0000e+00
      5.206      0.102     9.3743     89.464     26.606  20.353041     6.3036      8.077   326.5412 6.3006e+01     2.5417      5.106      7.407    13.4790   999.3535 0.0000e+00
      5.238      0.101     9.3288     88.895     26.649  20.349351     6.2778      8.077   326.7022 6.2048e+01     2.5527      5.140      7.455    13.4029   999.3638 0.0000e+00
      5.262      0.098     9.2816     88.321     26.676  20.336271     6.2710      8.077   326.8325 6.1546e+01     2.5152      5.163      7.488    13.3569   999.3698 0.0000e+00
      5.279      0.095     9.2348     87.758     26.699  20.321697     6.3251      8.077   326.9115 6.0802e+01     2.5140      5.176      7.507    13.3168   999.3751 0.0000e+00
      5.298      0.093     9.1942     87.255     26.712  20.299945     6.9753      8.076   327.0550 5.9598e+01     2.6355      5.193      7.532    13.2472   999.3842 0.0000e+00
      5.323      0.092     9.1644     86.864     26.703  20.263510     8.1678      8.076   327.2776 5.8210e+01     2.8049      5.219      7.570    13.1735   999.3939 0.0000e+00
      5.350      0.093     9.1441     86.585     26.732  20.261667     8.8227      8.077   327.4517 5.6784e+01     2.8582      5.246      7.609    13.1138   999.4017 0.0000e+00
      5.376      0.094     9.1303     86.393     26.776  20.277640     8.9973      8.078   327.5253 5.5331e+01     2.8547      5.273      7.648    13.0552   999.4093 0.0000e+00
      5.401      0.092     9.1199     86.235     26.782  20.266350    10.2880      8.079   327.5654 5.3967e+01     2.9582      5.299      7.685    12.9933   999.4173 0.0000e+00
      5.423      0.089     9.1126     86.087     26.792  20.251975    12.6379      8.079   327.5917 5.2705e+01     3.1593      5.318      7.713    12.9346   999.4248 0.0000e+00
      5.444      0.085     9.1091     85.970     26.795  20.230666    13.9045      8.080   327.5857 5.1542e+01     3.2876      5.339      7.744    12.8882   999.4307 0.0000e+00
      5.465      0.083     9.1039     85.850     26.779  20.198947    13.9944      8.081   327.5789 5.0645e+01     3.2964      5.361      7.776    12.8617   999.4341 0.0000e+00
      5.485      0.081     9.0896     85.641     26.789  20.185555    13.9502      8.081   327.6823 4.9843e+01     3.2990      5.380      7.803    12.8380   999.4372 0.0000e+00
      5.505      0.080     9.0646     85.323     26.833  20.195562    13.3092      8.081   327.8892 4.8872e+01     3.2855      5.398      7.829    12.7926   999.4429 0.0000e+00
      5.526      0.080     9.0271     84.909     26.853  20.193076    12.0962      8.080   328.1869 4.8125e+01     3.1993      5.420      7.861    12.7415   999.4494 0.0000e+00
      5.547      0.082     8.9804     84.414     26.823  20.155480    11.4300      8.079   328.5288 4.7623e+01     3.1413      5.441      7.892    12.7111   999.4531 0.0000e+00
      5.567      0.087     8.9352     83.890     26.816  20.121519    11.3580      8.079   328.7530 4.6846e+01     3.1413      5.459      7.917    12.6783   999.4572 0.0000e+00
      5.587      0.095     8.8919     83.348     26.838  20.099529    11.2083      8.079   328.9190 4.5847e+01     3.1343      5.478      7.944    12.6212   999.4644 0.0000e+00
      5.609      0.104     8.8493     82.815     26.863  20.079826    10.9472      8.079   329.0732 4.4804e+01     3.1218      5.499      7.976    12.5925   999.4680 0.0000e+00
      5.636      0.112     8.8123     82.348     26.901  20.073509    10.7922      8.079   329.1552 4.3529e+01     3.0883      5.524      8.013    12.5819   999.4693 0.0000e+00
      5.669      0.118     8.7833     81.968     26.961  20.086538    10.7572      8.079   329.2216 4.2042e+01     3.0563      5.558      8.061    12.5227   999.4766 0.0000e+00
      5.706      0.121     8.7604     81.668     27.026  20.110475    10.7227      8.079   329.3606 4.0559e+01     3.1288      5.597      8.119    12.4402   999.4868 0.0000e+00
      5.741      0.122     8.7403     81.428     27.045  20.109213    10.6706      8.079   329.5451 3.9219e+01     3.2441      5.632      8.168    12.3688   999.4955 0.0000e+00
      5.770      0.119     8.7228     81.221     27.012  20.071266    10.6391      8.079   329.7319 3.7995e+01     3.2714      5.659      8.207    12.3050   999.5032 0.0000e+00
      5.796      0.114     8.7057     80.979     26.992  20.032176    10.6268      8.078   329.8975 3.6697e+01     3.2948      5.682      8.242    12.2451   999.5104 0.0000e+00
      5.824      0.108     8.6795     80.609     27.022  20.017094    10.5484      8.077   329.9988 3.5398e+01     3.3957      5.710      8.282    12.1939   999.5165 0.0000e+00
      5.854      0.103     8.6420     80.129     27.073  20.015718    10.4106      8.077   330.1832 3.4357e+01     3.5079      5.741      8.327    12.1705   999.5194 0.0000e+00
      5.881      0.102     8.5941     79.579     27.115  20.015493    10.3310      8.077   330.4917 3.3477e+01     3.5365      5.770      8.368    12.1588   999.5208 0.0000e+00
      5.903      0.103     8.5339     78.933     27.150  20.014342    10.3140      8.076   330.7174 3.2615e+01     3.5124      5.789      8.396    12.1168   999.5257 0.0000e+00
      5.925      0.103     8.4650     78.213     27.168  20.001764    10.2736      8.076   330.7615 3.1730e+01     3.5112      5.808      8.424    12.0357   999.5352 0.0000e+00
      5.952      0.103     8.3968     77.502     27.186  19.990236     9.8253      8.075   330.7660 3.0675e+01     3.5557      5.836      8.464    11.9561   999.5443 0.0000e+00
      5.982      0.104     8.3367     76.872     27.233  20.001770     9.0034      8.074   330.8585 2.9693e+01     3.6570      5.867      8.508    11.9028   999.5505 0.0000e+00
      6.010      0.105     8.2897     76.367     27.280  20.014353     8.5556      8.073   330.9336 2.9008e+01     3.7521      5.895      8.551    11.8558   999.5561 0.0000e+00
      6.036      0.105     8.2596     76.011     27.315  20.015499     8.5033      8.073   331.0718 2.8280e+01     3.7879      5.920      8.586    11.8084   999.5614 0.0000e+00
      6.062      0.105     8.2441     75.786     27.351  20.015605     8.4318      8.073   331.3253 2.7487e+01     3.7953      5.944      8.622    11.7633   999.5665 0.0000e+00
      6.088      0.106     8.2387     75.668     27.380  20.015608     8.3148      8.073   331.4168 2.6870e+01     3.8092      5.972      8.661    11.7196   999.5716 0.0000e+00
      6.113      0.106     8.2378     75.614     27.400  20.015506     8.2418      8.073   331.3186 2.6187e+01     3.7915      5.994      8.693    11.6818   999.5759 0.0000e+00
      6.140      0.105     8.2392     75.591     27.414  20.014365     8.2084      8.073   331.1698 2.5317e+01     3.7785      6.019      8.729    11.6386   999.5807 0.0000e+00
      6.171      0.105     8.2422     75.581     27.413  20.001796     7.9884      8.072   331.1658 2.4473e+01     3.8485      6.054      8.780    11.5835   999.5869 0.0000e+00
      6.201      0.105     8.2446     75.557     27.417  19.990370     7.5856      8.071   331.3563 2.3698e+01     3.9495      6.084      8.824    11.5432   999.5914 0.0000e+00
      6.225      0.108     8.2482     75.537     27.457  20.003047     7.3693      8.070   331.4947 2.3076e+01     4.0173      6.106      8.856    11.5200   999.5941 0.0000e+00
      6.247      0.110     8.2523     75.517     27.517  20.028209     7.3501      8.068   331.6350 2.2574e+01     4.0448      6.125      8.883    11.5012   999.5962 0.0000e+00
      6.272      0.112     8.2508     75.442     27.562  20.040887     7.3447      8.068   331.8478 2.1885e+01     4.2173      6.147      8.916    11.4815   999.5984 0.0000e+00
      6.304      0.114     8.2402     75.281     27.574  20.029462     7.3463      8.067   332.0020 2.1043e+01     4.5291      6.181      8.964    11.4555   999.6014 0.0000e+00
      6.340      0.115     8.2246     75.075     27.585  20.016894     7.3354      8.067   332.1235 2.0324e+01     4.6686      6.220      9.020    11.4233   999.6050 0.0000e+00
      6.373      0.114     8.2071     74.846     27.614  20.015744     7.2999      8.066   332.2846 1.9701e+01     4.6911      6.251      9.067    11.3902   999.6087 0.0000e+00
      6.401      0.110     8.1805     74.538     27.642  20.015539     7.0824      8.065   332.4871 1.9076e+01     4.9325      6.277      9.104    11.3547   999.6125 0.0000e+00
      6.427      0.104     8.1420     74.141     27.661  20.014398     6.6902      8.065   332.6793 1.8510e+01     5.3591      6.304      9.143    11.3154   999.6169 0.0000e+00
      6.450      0.099     8.0949     73.684     27.656  20.001933     6.4770      8.064   332.8012 1.8035e+01     5.5881      6.327      9.176    11.2815   999.6206 0.0000e+00
      6.473      0.096     8.0423     73.181     27.653  19.991662     6.4545      8.063   332.9286 1.7570e+01     5.6048      6.347      9.206    11.2403   999.6249 0.0000e+00
      6.497      0.093     7.9858     72.637     27.703  20.017042     6.4190      8.063   333.1009 1.7038e+01     5.6268      6.371      9.241    11.1960   999.6297 0.0000e+00
      6.522      0.090     7.9236     72.029     27.776  20.055097     6.1780      8.063   333.1634 1.6491e+01     5.7553      6.397      9.277    11.1708   999.6325 0.0000e+00
      6.547      0.088     7.8579     71.370     27.826  20.071229     5.7510      8.062   333.1688 1.5983e+01     5.9456      6.420      9.312    11.1585   999.6338 0.0000e+00
      6.569      0.088     7.7929     70.713     27.877  20.085227     5.5126      8.060   333.2515 1.5548e+01     6.0275      6.444      9.346    11.1450   999.6353 0.0000e+00
      6.589      0.088     7.7323     70.100     27.923  20.097478     5.4719      8.060   333.3885 1.5138e+01     6.0575      6.463      9.374    11.1294   999.6370 0.0000e+00
      6.608      0.088     7.6787     69.554     27.945  20.092479     5.2510      8.060   333.5359 1.4603e+01     6.2744      6.478      9.396    11.1054   999.6396 0.0000e+00
      6.631      0.089     7.6294     69.039     27.973  20.088184     4.8437      8.059   333.6572 1.3991e+01     6.6177      6.501      9.428    11.0663   999.6437 0.0000e+00
      6.657      0.091     7.5749     68.479     28.035  20.108954     4.6226      8.057   333.8225 1.3453e+01     6.7678      6.529      9.470    11.0206   999.6485 0.0000e+00
      6.682      0.094     7.5009     67.756     28.124  20.153312     4.5976      8.057   333.9860 1.2979e+01     6.7453      6.554      9.505    10.9833   999.6524 0.0000e+00
      6.704      0.098     7.3985     66.785     28.185  20.180523     4.5497      8.056   334.1713 1.2515e+01     6.8385      6.575      9.536    10.9506   999.6558 0.0000e+00
      6.727      0.099     7.2622     65.508     28.214  20.184256     4.4777      8.054   334.4274 1.2030e+01     7.0745      6.597      9.568    10.9050   999.6605 0.0000e+00
      6.752      0.098     7.0832     63.848     28.259  20.198430     4.4381      8.053   334.5878 1.1465e+01     7.2069      6.620      9.601    10.8578   999.6653 0.0000e+00
      6.780      0.095     6.8610     61.806     28.318  20.225034     4.4087      8.053   334.6479 1.0865e+01     7.2260      6.649      9.644    10.8258   999.6686 0.0000e+00
      6.809      0.093     6.6025     59.441     28.376  20.252210     4.2263      8.053   334.7244 1.0384e+01     7.6005      6.680      9.689    10.7994   999.6714 0.0000e+00
      6.833      0.091     6.3225     56.884     28.516  20.336728     3.9056      8.051   334.9090 1.0033e+01     8.3273      6.703      9.722    10.7681   999.6746 0.0000e+00
      6.851      0.088     6.0435     54.336     28.749  20.485823     3.7311      8.049   335.1605 9.7149e+00     8.7380      6.719      9.745    10.7337   999.6781 0.0000e+00
      6.868      0.084     5.7742     51.871     28.934  20.596141     3.7029      8.047   335.3562 9.3616e+00     8.7974      6.733      9.766    10.7085   999.6806 0.0000e+00
      6.890      0.081     5.5099     49.445     29.055  20.655760     3.6163      8.047   335.4684 8.9144e+00     8.9803      6.754      9.796    10.6851   999.6829 0.0000e+00
      6.916      0.080     5.2502     47.064     29.153  20.699238     3.4561      8.046   335.5707 8.4615e+00     9.3107      6.784      9.839    10.6546   999.6861 0.0000e+00
      6.939      0.082     4.9916     44.703     29.246  20.741250     3.3341      8.044   335.7323 8.1713e+00     9.4822      6.808      9.874    10.6284   999.6890 0.0000e+00
      6.956      0.084     4.7142     42.182     29.427  20.846578     3.2865      8.042   335.8729 7.9331e+00     9.4806      6.821      9.893    10.5931   999.6925 0.0000e+00
      6.972      0.085     4.3814     39.168     29.797  21.084764     3.2795      8.041   335.9814 7.5796e+00     9.4885      6.834      9.913    10.5429   999.6973 0.0000e+00
      6.994      0.085     3.9640     35.403     30.279  21.401208     3.3441      8.039   336.0977 7.1760e+00     9.9380      6.857      9.946    10.4964   999.7019 0.0000e+00
      7.021      0.086     3.4605     30.878     30.725  21.691583     3.4613      8.037   336.2465 6.7833e+00    10.7861      6.885      9.986    10.4575   999.7057 0.0000e+00
      7.047      0.087     2.8864     25.732     31.189  21.995108     3.5258      8.035   336.4898 6.4333e+00    11.2216      6.912     10.026    10.4195   999.7093 0.0000e+00
