Data/DataNotYetUploadedToEDI/Raw_CTD/2019_RawDownloads/062019_bvr50.cnv
* Sea-Bird SBE19plus  Data File:
* FileName = C:\DATA\06202019_BVR_50.xm1_0001.hex
* Software version 2.8.0.119 SB_Terminal.dll
* Temperature SN = 7809
* Conductivity SN = 7809
* System UpLoad Time = Jun 20 2019 10:53:56
* <ApplicationData>
* <Seaterm232>
# nquan = 16
# nvalues = 1162                        
# units = specified
# name 0 = depFM: Depth [fresh water, m]
# name 1 = dz/dtM: Descent Rate [m/s]
# name 2 = sbeox0Mg/L: Oxygen, SBE 43 [mg/l]
# name 3 = sbeox0PS: Oxygen, SBE 43 [% saturation]
# name 4 = specc: Specific Conductance [uS/cm]
# name 5 = c0uS/cm: Conductivity [uS/cm]
# name 6 = flECO-AFL: Fluorescence, WET Labs ECO-AFL/FL [mg/m^3]
# name 7 = ph: pH
# name 8 = orp: Oxidation Reduction Potential [mV]
# name 9 = par/sat/log: PAR/Logarithmic, Satlantic
# name 10 = turbWETntu0: Turbidity, WET Labs ECO [NTU]
# name 11 = prdM: Pressure, Strain Gauge [db]
# name 12 = prdE: Pressure, Strain Gauge [psi]
# name 13 = tv290C: Temperature [ITS-90, deg C]
# name 14 = density00: Density [density, kg/m^3]
# name 15 = flag:  0.000e+00
# span 0 =     -0.774,     10.283       
# span 1 =     -0.080,      0.175       
# span 2 =    -0.4936,     9.5183       
# span 3 =     -4.366,    105.560       
# span 4 =      1.551,    112.378       
# span 5 =   1.525366,  74.925421       
# span 6 =    -0.7492,    13.9944       
# span 7 =      6.999,     10.234       
# span 8 = -1240.7455,   337.1345       
# span 9 = 1.2349e-01, 2.3383e+03       
# span 10 =   -11.8704,    32.4282      
# span 11 =     -0.759,     10.085      
# span 12 =     -1.102,     14.627      
# span 13 =     8.3173,    24.5558      
# span 14 =   997.1733,   999.9200      
# span 15 = 0.0000e+00, 0.0000e+00      
# interval = seconds: 0.25
# start_time = Jun 20 2019 10:39:00 [Instrument's time stamp, header]
# bad_flag = -9.990e-29
*END*
[from data line 272]
     -0.199     -0.006     8.0284     96.350     25.703  25.470944     0.5443      8.745   282.8931 1.8517e+03     0.7220     -0.195     -0.283    24.5402   997.1774 0.0000e+00
     -0.199     -0.004     8.0301     96.371     25.716  25.483746     0.5463      8.742   283.1118 1.8581e+03     0.5333     -0.195     -0.284    24.5409   997.1773 0.0000e+00
     -0.199     -0.004     8.0271     96.333     25.719  25.486620     0.5430      8.740   283.1474 1.8160e+03     0.4202     -0.195     -0.283    24.5418   997.1771 0.0000e+00
     -0.200     -0.004     8.0194     96.241     25.738  25.505691     0.5394      8.737   283.1522 1.7713e+03     0.4038     -0.196     -0.284    24.5420   997.1770 0.0000e+00
     -0.201     -0.004     8.0102     96.131     25.757  25.524031     0.5457      8.733   283.2552 1.6822e+03     0.4653     -0.196     -0.285    24.5418   997.1770 0.0000e+00
     -0.202     -0.005     7.9997     96.006     25.751  25.518056     0.5589      8.731   283.4466 1.6052e+03     0.6074     -0.199     -0.288    24.5417   997.1771 0.0000e+00
     -0.204     -0.006     7.9862     95.843     25.730  25.496886     0.5601      8.729   283.7455 1.7337e+03     0.6806     -0.201     -0.291    24.5414   997.1771 0.0000e+00
     -0.205     -0.008     7.9715     95.667     25.690  25.458371     0.5520      8.728   283.9441 1.8936e+03     0.6623     -0.201     -0.292    24.5413   997.1771 0.0000e+00
     -0.205     -0.008     7.9590     95.517     25.665  25.433008     0.5635      8.726   283.8690 1.8699e+03     0.6807     -0.201     -0.291    24.5416   997.1771 0.0000e+00
     -0.207     -0.007     7.9521     95.435     25.676  25.443964     0.5954      8.721   283.7837 1.8767e+03     0.7718     -0.203     -0.293    24.5418   997.1770 0.0000e+00
     -0.212     -0.005     7.9518     95.431     25.696  25.463971     0.6170      8.715   283.8595 1.9930e+03     0.8460     -0.209     -0.302    24.5418   997.1770 0.0000e+00
     -0.217     -0.002     7.9554     95.477     25.716  25.484599     0.6163      8.706   283.9242 2.0519e+03     0.8570     -0.215     -0.311    24.5417   997.1770 0.0000e+00
     -0.217      0.001     7.9616     95.552     25.735  25.503061     0.5968      8.695   283.9641 2.0718e+03     0.8381     -0.214     -0.310    24.5417   997.1770 0.0000e+00
     -0.213      0.004     7.9688     95.639     25.728  25.496883     0.5631      8.681   284.0836 2.1065e+03     0.8473     -0.208     -0.303    24.5419   997.1770 0.0000e+00
     -0.209      0.006     7.9768     95.735     25.704  25.473346     0.5466      8.669   284.1651 2.1260e+03     0.9030     -0.204     -0.296    24.5424   997.1768 0.0000e+00
     -0.206      0.006     7.9829     95.809     25.704  25.472211     0.5540      8.660   284.1752 2.0820e+03     0.9218     -0.202     -0.293    24.5433   997.1766 0.0000e+00
     -0.205      0.005     7.9843     95.825     25.714  25.483168     0.5913      8.653   284.2912 2.0183e+03     0.8781     -0.201     -0.291    24.5439   997.1765 0.0000e+00
     -0.205      0.002     7.9825     95.805     25.709  25.478956     0.6510      8.647   284.4500 1.9593e+03     0.8665     -0.201     -0.291    24.5442   997.1764 0.0000e+00
     -0.205     -0.000     7.9803     95.779     25.715  25.484712     0.6774      8.642   284.5457 1.8535e+03     0.8799     -0.201     -0.292    24.5446   997.1763 0.0000e+00
     -0.206     -0.002     7.9803     95.780     25.720  25.489334     0.6764      8.638   284.6743 1.8215e+03     0.8762     -0.202     -0.293    24.5449   997.1762 0.0000e+00
     -0.206     -0.002     7.9828     95.809     25.702  25.471405     0.6737      8.635   284.8005 1.9018e+03     0.8549     -0.202     -0.294    24.5455   997.1761 0.0000e+00
     -0.207     -0.002     7.9867     95.856     25.688  25.458241     0.6703      8.630   284.8671 1.9795e+03     0.7862     -0.202     -0.294    24.5457   997.1760 0.0000e+00
     -0.208     -0.002     7.9938     95.942     25.687  25.457044     0.6706      8.625   284.8770 2.0184e+03     0.7003     -0.204     -0.296    24.5458   997.1760 0.0000e+00
     -0.209     -0.001     8.0050     96.078     25.687  25.456935     0.6683      8.619   284.8335 1.9884e+03     0.6354     -0.205     -0.297    24.5460   997.1759 0.0000e+00
     -0.209      0.000     8.0179     96.233     25.687  25.456925     0.6599      8.613   284.8575 1.9702e+03     0.5914     -0.204     -0.297    24.5459   997.1760 0.0000e+00
     -0.209      0.001     8.0264     96.336     25.687  25.456925     0.6298      8.609   284.9953 2.0563e+03     0.5954     -0.205     -0.298    24.5460   997.1759 0.0000e+00
     -0.208      0.002     8.0251     96.320     25.687  25.456935     0.5823      8.609   285.1228 2.1271e+03     0.6173     -0.204     -0.296    24.5462   997.1759 0.0000e+00
     -0.207      0.002     8.0154     96.203     25.687  25.457040     0.5618      8.609   285.1948 2.0523e+03     0.6267     -0.203     -0.295    24.5465   997.1758 0.0000e+00
     -0.206      0.002     8.0018     96.041     25.687  25.458199     0.5643      8.609   285.2636 1.8942e+03     0.6437     -0.202     -0.294    24.5467   997.1758 0.0000e+00
     -0.206      0.001     7.9878     95.873     25.700  25.470947     0.5594      8.608   285.2669 1.7602e+03     0.7245     -0.202     -0.293    24.5470   997.1757 0.0000e+00
     -0.206      0.000     7.9765     95.738     25.713  25.484302     0.5556      8.607   285.2347 1.6854e+03     0.8502     -0.201     -0.292    24.5472   997.1757 0.0000e+00
     -0.206     -0.001     7.9706     95.668     25.722  25.492795     0.5535      8.605   285.3041 1.7271e+03     0.8852     -0.202     -0.293    24.5473   997.1756 0.0000e+00
     -0.207     -0.001     7.9741     95.709     25.739  25.510200     0.5505      8.602   285.4169 1.8184e+03     0.8522     -0.203     -0.294    24.5476   997.1756 0.0000e+00
     -0.207     -0.001     7.9856     95.847     25.734  25.504433     0.5550      8.598   285.5668 1.8472e+03     0.8457     -0.203     -0.294    24.5479   997.1755 0.0000e+00
     -0.208     -0.001     7.9967     95.980     25.716  25.486505     0.5636      8.594   285.7405 1.8615e+03     0.8715     -0.204     -0.296    24.5482   997.1754 0.0000e+00
     -0.208     -0.001     8.0006     96.027     25.714  25.483746     0.5685      8.592   285.7962 1.9067e+03     0.8696     -0.204     -0.296    24.5484   997.1753 0.0000e+00
     -0.208     -0.001     7.9979     95.994     25.701  25.471066     0.5620      8.588   285.8101 1.9448e+03     0.8224     -0.204     -0.296    24.5484   997.1754 0.0000e+00
     -0.208      0.000     7.9918     95.920     25.689  25.460071     0.5366      8.584   285.9077 1.9556e+03     0.8253     -0.204     -0.296    24.5481   997.1754 0.0000e+00
     -0.208 -2.201e-08     7.9859     95.850     25.707  25.477686     0.5043      8.580   286.0310 1.9676e+03     0.9041     -0.204     -0.296    24.5476   997.1755 0.0000e+00
     -0.208 -2.422e-07     7.9798     95.776     25.723  25.493739     0.4920      8.577   286.0964 1.9876e+03     0.9554     -0.204     -0.296    24.5475   997.1756 0.0000e+00
     -0.208 -6.147e-07     7.9719     95.682     25.693  25.463856     0.4930      8.573   286.1813 1.9654e+03     0.9216     -0.204     -0.297    24.5475   997.1756 0.0000e+00
     -0.207     -0.000     7.9662     95.613     25.663  25.433552     0.4893      8.570   286.3690 1.8889e+03     0.8553     -0.203     -0.296    24.5473   997.1756 0.0000e+00
     -0.207     -0.000     7.9636     95.583     25.674  25.444519     0.4996      8.566   286.5594 1.8209e+03     0.7776     -0.203     -0.295    24.5473   997.1756 0.0000e+00
     -0.207     -0.001     7.9640     95.588     25.699  25.469580     0.5311      8.562   286.6766 1.8080e+03     0.7035     -0.204     -0.296    24.5474   997.1756 0.0000e+00
     -0.208     -0.001     7.9692     95.651     25.712  25.482815     0.5494      8.559   286.6685 1.8899e+03     0.6794     -0.203     -0.295    24.5476   997.1755 0.0000e+00
     -0.209     -0.001     7.9794     95.773     25.707  25.477675     0.5470      8.558   286.6332 2.0198e+03     0.6824     -0.204     -0.296    24.5477   997.1755 0.0000e+00
     -0.210     -0.001     7.9929     95.935     25.700  25.470868     0.5542      8.554   286.6799 2.0814e+03     0.6751     -0.205     -0.298    24.5479   997.1755 0.0000e+00
     -0.210     -0.001     8.0059     96.091     25.693  25.463949     0.5668      8.550   286.7167 2.0854e+03     0.6565     -0.205     -0.298    24.5482   997.1754 0.0000e+00
     -0.210     -0.001     8.0151     96.202     25.686  25.457449     0.5607      8.548   286.7347 2.0882e+03     0.6543     -0.205     -0.298    24.5484   997.1753 0.0000e+00
     -0.210      0.000     8.0203     96.264     25.685  25.455729     0.5497      8.547   286.8109 2.0906e+03     0.6813     -0.206     -0.299    24.5483   997.1754 0.0000e+00
     -0.210      0.000     8.0220     96.284     25.672  25.443146     0.5548      8.543   286.9494 2.0901e+03     0.6877     -0.206     -0.299    24.5481   997.1754 0.0000e+00
     -0.210      0.001     8.0202     96.264     25.661  25.432179     0.5703      8.539   287.1188 2.0846e+03     0.6658     -0.207     -0.300    24.5482   997.1754 0.0000e+00
     -0.210      0.001     8.0177     96.234     25.679  25.450003     0.5729      8.536   287.3108 2.0185e+03     0.6794     -0.206     -0.299    24.5481   997.1754 0.0000e+00
     -0.209      0.001     8.0173     96.230     25.697  25.468343     0.5604      8.532   287.3775 1.9319e+03     0.6885     -0.204     -0.297    24.5480   997.1754 0.0000e+00
     -0.209      0.001     8.0183     96.241     25.692  25.463615     0.5665      8.527   287.4095 1.9534e+03     0.6445     -0.204     -0.297    24.5483   997.1754 0.0000e+00
     -0.209      0.000     8.0173     96.230     25.684  25.456284     0.5949      8.521   287.6111 1.9864e+03     0.6389     -0.205     -0.297    24.5486   997.1752 0.0000e+00
     -0.209     -0.001     8.0139     96.190     25.671  25.443140     0.6172      8.517   287.7497 1.9056e+03     0.6859     -0.204     -0.296    24.5489   997.1752 0.0000e+00
     -0.210     -0.001     8.0110     96.156     25.660  25.431555     0.6196      8.515   287.7951 1.8183e+03     0.7211     -0.205     -0.297    24.5492   997.1751 0.0000e+00
     -0.210     -0.001     8.0087     96.129     25.671  25.443085     0.6075      8.511   287.9021 1.8192e+03     0.7366     -0.206     -0.299    24.5494   997.1751 0.0000e+00
     -0.210     -0.001     8.0034     96.064     25.684  25.455676     0.5826      8.503   287.9244 1.8326e+03     0.7104     -0.206     -0.299    24.5497   997.1750 0.0000e+00
     -0.210     -0.001     7.9945     95.956     25.685  25.456925     0.5613      8.493   287.8919 1.8249e+03     0.6661     -0.206     -0.299    24.5500   997.1749 0.0000e+00
     -0.211     -0.001     7.9851     95.844     25.686  25.458182     0.5588      8.482   287.9404 1.8637e+03     0.6600     -0.207     -0.300    24.5501   997.1748 0.0000e+00
     -0.211     -0.001     7.9772     95.749     25.699  25.470878     0.5600      8.473   287.9946 1.9076e+03     0.6698     -0.207     -0.300    24.5501   997.1749 0.0000e+00
     -0.211     -0.001     7.9716     95.683     25.712  25.483557     0.5769      8.469   288.0312 1.8906e+03     0.6860     -0.207     -0.300    24.5501   997.1749 0.0000e+00
     -0.212     -0.001     7.9721     95.689     25.713  25.484606     0.6070      8.469   288.1247 1.8680e+03     0.6918     -0.208     -0.301    24.5500   997.1749 0.0000e+00
     -0.212     -0.001     7.9782     95.761     25.712  25.483558     0.6196      8.473   288.1788 1.8387e+03     0.6740     -0.208     -0.301    24.5499   997.1749 0.0000e+00
     -0.212     -0.000     7.9839     95.829     25.699  25.470878     0.6173      8.477   288.0823 1.7848e+03     0.6678     -0.208     -0.301    24.5501   997.1749 0.0000e+00
     -0.212      0.000     7.9861     95.855     25.687  25.458182     0.6227      8.481   288.0771 1.7902e+03     0.7151     -0.209     -0.302    24.5504   997.1748 0.0000e+00
     -0.212      0.001     7.9835     95.823     25.686  25.456926     0.6490      8.483   288.2876 1.8213e+03     0.8202     -0.208     -0.302    24.5505   997.1748 0.0000e+00
     -0.212      0.001     7.9775     95.752     25.685  25.455687     0.6760      8.483   288.4769 1.8113e+03     0.9230     -0.208     -0.301    24.5499   997.1750 0.0000e+00
     -0.211      0.000     7.9731     95.700     25.672  25.443204     0.6798      8.483   288.5584 1.8172e+03     0.9742     -0.207     -0.300    24.5497   997.1750 0.0000e+00
     -0.211     -0.000     7.9721     95.687     25.662  25.432866     0.6697      8.482   288.5845 1.8283e+03     0.8825     -0.207     -0.300    24.5495   997.1750 0.0000e+00
     -0.211     -0.001     7.9733     95.701     25.687  25.457564     0.6666      8.481   288.5342 1.8183e+03     0.7311     -0.206     -0.299    24.5491   997.1752 0.0000e+00
     -0.212     -0.001     7.9774     95.751     25.717  25.488076     0.6762      8.480   288.4670 1.8172e+03     0.6837     -0.207     -0.300    24.5493   997.1751 0.0000e+00
     -0.213     -0.002     7.9846     95.838     25.713  25.484597     0.6820      8.478   288.5468 1.8510e+03     0.6700     -0.209     -0.302    24.5492   997.1751 0.0000e+00
     -0.213     -0.002     7.9933     95.944     25.707  25.478933     0.6581      8.477   288.7247 1.9104e+03     0.6644     -0.209     -0.302    24.5489   997.1752 0.0000e+00
     -0.213     -0.002     8.0030     96.060     25.711  25.483042     0.6217      8.476   288.7250 1.9339e+03     0.6819     -0.209     -0.303    24.5490   997.1751 0.0000e+00
     -0.214     -0.002     8.0119     96.167     25.699  25.470833     0.6149      8.475   288.5496 1.9197e+03     0.6854     -0.210     -0.304    24.5495   997.1751 0.0000e+00
     -0.215     -0.001     8.0177     96.238     25.686  25.458189     0.6197      8.474   288.4981 1.8895e+03     0.6727     -0.210     -0.305    24.5497   997.1750 0.0000e+00
     -0.216      0.000     8.0192     96.256     25.685  25.457039     0.6105      8.473   288.7041 1.8507e+03     0.6602     -0.212     -0.307    24.5501   997.1749 0.0000e+00
     -0.216      0.001     8.0145     96.200     25.684  25.456935     0.6072      8.470   288.9750 1.8352e+03     0.6973     -0.212     -0.307    24.5504   997.1748 0.0000e+00
     -0.215      0.002     8.0043     96.078     25.684  25.456925     0.6145      8.467   289.1064 1.7802e+03     0.7937     -0.211     -0.306    24.5506   997.1748 0.0000e+00
     -0.213      0.003     7.9901     95.909     25.684  25.456924     0.6212      8.465   289.0885 1.6633e+03     0.8750     -0.209     -0.303    24.5508   997.1747 0.0000e+00
     -0.212      0.003     7.9765     95.745     25.684  25.456924     0.6276      8.462   289.1027 1.6105e+03     0.8941     -0.208     -0.301    24.5510   997.1747 0.0000e+00
     -0.211      0.002     7.9691     95.655     25.684  25.456924     0.6306      8.460   289.1918 1.6000e+03     0.8614     -0.207     -0.300    24.5511   997.1746 0.0000e+00
     -0.211      0.002     7.9678     95.639     25.684  25.456924     0.6307      8.457   289.2195 1.5639e+03     0.8401     -0.206     -0.299    24.5513   997.1745 0.0000e+00
     -0.211      0.001     7.9689     95.653     25.684  25.456925     0.6293      8.453   289.2655 1.5669e+03     0.8656     -0.207     -0.300    24.5518   997.1744 0.0000e+00
     -0.211      0.000     7.9646     95.601     25.684  25.456934     0.6232      8.451   289.4035 1.5963e+03     0.9071     -0.208     -0.301    24.5518   997.1745 0.0000e+00
     -0.211 -3.896e-07     7.9481     95.403     25.684  25.457038     0.5996      8.448   289.5980 1.5664e+03     0.9162     -0.207     -0.300    24.5520   997.1744 0.0000e+00
