Data/DataNotYetUploadedToEDI/Raw_CTD/2019_RawDownloads/071519_fcr50.cnv
* Sea-Bird SBE19plus  Data File:
* FileName = C:\DATA\071519_fcr50_0001.hex
* Software version 2.8.0.119 SB_Terminal.dll
* Temperature SN = 7809
* Conductivity SN = 7809
* System UpLoad Time = Jul 15 2019 09:55:34
* <ApplicationData>
* <Seaterm232>
# nquan = 16
# nvalues = 831                         
# units = specified
# name 0 = depFM: Depth [fresh water, m]
# name 1 = dz/dtM: Descent Rate [m/s]
# name 2 = sbeox0Mg/L: Oxygen, SBE 43 [mg/l]
# name 3 = sbeox0PS: Oxygen, SBE 43 [% saturation]
# name 4 = specc: Specific Conductance [uS/cm]
# name 5 = c0uS/cm: Conductivity [uS/cm]
# name 6 = flECO-AFL: Fluorescence, WET Labs ECO-AFL/FL [mg/m^3]
# name 7 = ph: pH
# name 8 = orp: Oxidation Reduction Potential [mV]
# name 9 = par/sat/log: PAR/Logarithmic, Satlantic
# name 10 = turbWETntu0: Turbidity, WET Labs ECO [NTU]
# name 11 = prdM: Pressure, Strain Gauge [db]
# name 12 = prdE: Pressure, Strain Gauge [psi]
# name 13 = tv290C: Temperature [ITS-90, deg C]
# name 14 = density00: Density [density, kg/m^3]
# name 15 = flag:  0.000e+00
# span 0 =     -0.540,      9.688       
# span 1 =     -0.656,      0.186       
# span 2 =     1.1959,    14.4142       
# span 3 =     11.016,    166.555       
# span 4 =      0.327,     41.400       
# span 5 =   0.348787,  39.055808       
# span 6 =    -0.1386,     6.5059       
# span 7 =      6.332,      7.840       
# span 8 = -1240.7455,   427.0536       
# span 9 = 1.2346e-01, 2.2161e+02       
# span 10 =    -0.6245,    55.0074      
# span 11 =     -0.529,      9.501      
# span 12 =     -0.768,     13.780      
# span 13 =    10.9711,    28.3099      
# span 14 =   996.1541,   999.6713      
# span 15 = 0.0000e+00, 0.0000e+00      
# interval = seconds: 0.25
# start_time = Jul 15 2019 09:44:04 [Instrument's time stamp, header]
# bad_flag = -9.990e-29
*END*
     -0.540 3.6112e-49     7.4106     95.194      0.437   0.466580    -0.1293      6.477 -1240.7455 2.1434e+02    -0.5841     -0.529     -0.768    28.3099   996.1541 0.0000e+00
     -0.540 3.9723e-48     7.4107     95.195      0.457   0.487013    -0.1190      6.477 -1240.7455 2.1460e+02    -0.5641     -0.529     -0.767    28.3094   996.1543 0.0000e+00
     -0.540 4.3695e-47     7.4108     95.195      0.443   0.472039    -0.1191      6.475 -1240.7455 2.1265e+02    -0.4812     -0.529     -0.768    28.3091   996.1544 0.0000e+00
     -0.540 4.8065e-46     7.4098     95.181      0.387   0.412246    -0.1302      6.476 -1240.7455 2.0800e+02    -0.4670     -0.529     -0.768    28.3082   996.1546 0.0000e+00
     -0.539 5.2871e-45     7.4086     95.165      0.373   0.397636    -0.1238      6.477 -1240.7455 2.0000e+02    -0.4908     -0.529     -0.767    28.3076   996.1548 0.0000e+00
     -0.539 5.8158e-44     7.4082     95.159      0.396   0.422111    -0.1104      6.474 -1240.7455 1.8934e+02    -0.4748     -0.529     -0.767    28.3073   996.1549 0.0000e+00
     -0.539 6.3974e-43     7.4075     95.150      0.426   0.454739    -0.1160      6.473 -1240.7455 1.7684e+02    -0.4688     -0.529     -0.767    28.3068   996.1550 0.0000e+00
     -0.539 7.0372e-42     7.4079     95.153      0.386   0.411994    -0.1312      6.473 -1240.7455 1.6216e+02    -0.5168     -0.529     -0.767    28.3066   996.1552 0.0000e+00
     -0.539 7.7409e-41     7.4090     95.166      0.327   0.348787    -0.1386      6.473 -1240.7455 1.5011e+02    -0.5308     -0.529     -0.767    28.3066   996.1551 0.0000e+00
     -0.539 8.5150e-40     7.4090     95.166      0.364   0.387438    -0.1269      6.477 -1240.7455 1.4426e+02    -0.4738     -0.529     -0.767    28.3060   996.1553 0.0000e+00
     -0.539 9.3664e-39     7.4097     95.174      0.409   0.435821    -0.1203      6.477 -1240.7455 1.4290e+02    -0.4507     -0.528     -0.766    28.3052   996.1555 0.0000e+00
     -0.539 1.0303e-37     7.4117     95.199      0.460   0.490277    -0.1276      6.472 -1240.7455 1.4287e+02    -0.4814     -0.529     -0.767    28.3040   996.1559 0.0000e+00
     -0.540 1.1333e-36     7.4129     95.213      0.506   0.539012    -0.1290      6.467 -1240.7455 1.4282e+02    -0.4844     -0.529     -0.768    28.3032   996.1562 0.0000e+00
     -0.540 1.2467e-35     7.4125     95.206      0.486   0.518205    -0.1286      6.471 -1240.7455 1.4266e+02    -0.4540     -0.529     -0.768    28.3029   996.1562 0.0000e+00
     -0.539 1.3713e-34     7.4115     95.192      0.461   0.492131    -0.1227      6.463 -1240.7455 1.4072e+02    -0.4740     -0.529     -0.767    28.3026   996.1563 0.0000e+00
     -0.539 1.5085e-33     7.4107     95.181      0.447   0.477184    -0.1091      6.442 -1240.7455 1.3654e+02    -0.5298     -0.529     -0.767    28.3024   996.1563 0.0000e+00
     -0.540 1.6593e-32     7.4103     95.176      0.435   0.464203    -0.1028      6.443 -1240.7455 1.3089e+02    -0.5058     -0.529     -0.768    28.3015   996.1566 0.0000e+00
     -0.540 1.8253e-31     7.4102     95.174      0.433   0.461890    -0.1073      6.455 -1240.7455 1.2615e+02    -0.4461     -0.529     -0.768    28.3003   996.1569 0.0000e+00
     -0.540 2.0078e-30     7.4104     95.175      0.421   0.449217    -0.1115      6.459 -1240.7455 1.2566e+02    -0.4634     -0.529     -0.767    28.2995   996.1571 0.0000e+00
     -0.540 2.2086e-29     7.4111     95.184      0.410   0.437687    -0.1110      6.459 -1240.7455 1.2624e+02    -0.5184     -0.529     -0.768    28.2991   996.1572 0.0000e+00
     -0.540 2.4294e-28     7.4124     95.199      0.421   0.449196    -0.1086      6.461 -1240.7455 1.2309e+02    -0.5539     -0.529     -0.767    28.2988   996.1574 0.0000e+00
     -0.540 2.6724e-27     7.4140     95.217      0.433   0.461648    -0.1089      6.465 -1240.7455 1.1919e+02    -0.5654     -0.529     -0.768    28.2985   996.1575 0.0000e+00
     -0.539 2.9396e-26     7.4140     95.216      0.433   0.461535    -0.1141      6.470 -1240.7455 1.1834e+02    -0.5593     -0.529     -0.767    28.2979   996.1576 0.0000e+00
     -0.539 3.2336e-25     7.4132     95.204      0.420   0.447826    -0.1206      6.474 -1240.7455 1.1932e+02    -0.5458     -0.529     -0.767    28.2974   996.1578 0.0000e+00
     -0.539 3.5569e-24     7.4129     95.199      0.397   0.422617    -0.1175      6.484 -1240.7455 1.2174e+02    -0.5328     -0.529     -0.767    28.2969   996.1579 0.0000e+00
     -0.539 3.9126e-23     7.4128     95.197      0.385   0.410166    -0.1029      6.502 -1240.7455 1.2817e+02    -0.5330     -0.529     -0.767    28.2959   996.1582 0.0000e+00
     -0.539 4.3039e-22     7.4129     95.197      0.398   0.423987    -0.1003      6.497 -1240.7455 1.3737e+02    -0.5152     -0.529     -0.767    28.2952   996.1584 0.0000e+00
     -0.539 4.7342e-21     7.4127     95.193      0.435   0.463019    -0.1122      6.464 -1240.7455 1.4437e+02    -0.4819     -0.529     -0.767    28.2943   996.1586 0.0000e+00
     -0.539 5.2077e-20     7.4116     95.178      0.471   0.501957    -0.1164      6.448 -1240.7455 1.4711e+02    -0.4914     -0.529     -0.768    28.2933   996.1589 0.0000e+00
     -0.539 5.7284e-19     7.4117     95.180      0.483   0.514637    -0.1167      6.454 -1240.7455 1.4937e+02    -0.5311     -0.529     -0.767    28.2926   996.1591 0.0000e+00
     -0.539 6.3013e-18     7.4131     95.196      0.460   0.489617    -0.1245      6.465 -1240.7455 1.5534e+02    -0.5355     -0.529     -0.767    28.2920   996.1593 0.0000e+00
     -0.539 6.9314e-17     7.4136     95.203      0.425   0.452871    -0.1242      6.472 -1240.7455 1.5037e+02    -0.5121     -0.529     -0.767    28.2913   996.1595 0.0000e+00
     -0.539 7.6245e-16     7.4144     95.213      0.422   0.450485    -0.1123      6.469 -1240.7455 1.1787e+02    -0.5110     -0.529     -0.767    28.2908   996.1596 0.0000e+00
     -0.539 8.3870e-15     7.4154     95.224      0.432   0.460768    -0.1111      6.463 -1240.7455 7.8902e+01    -0.5221     -0.528     -0.766    28.2906   996.1597 0.0000e+00
     -0.539 9.2257e-14     7.4156     95.225      0.422   0.450485    -0.1180      6.463 -1240.7455 5.9455e+01    -0.5154     -0.529     -0.767    28.2900   996.1599 0.0000e+00
     -0.539 1.0148e-12     7.4152     95.220      0.424   0.452873    -0.1181      6.467 -1240.7455 5.5117e+01    -0.4953     -0.529     -0.767    28.2895   996.1600 0.0000e+00
     -0.539 1.1163e-11     7.4145     95.210      0.459   0.489640    -0.1216      6.469 -1240.7455 5.7773e+01    -0.5078     -0.528     -0.766    28.2891   996.1601 0.0000e+00
     -0.539 1.2279e-10     7.4148     95.213      0.484   0.514889    -0.1339      6.469 -1240.7455 6.6932e+01    -0.5364     -0.529     -0.767    28.2886   996.1602 0.0000e+00
     -0.539 1.3507e-09     7.4156     95.222      0.474   0.504720    -0.1363      6.470 -1240.7454 7.9686e+01    -0.5460     -0.528     -0.766    28.2881   996.1604 0.0000e+00
     -0.539 1.4858e-08     7.4149     95.212      0.463   0.493403    -0.1241      6.471 -1240.7441 8.9689e+01    -0.5913     -0.528     -0.766    28.2874   996.1606 0.0000e+00
     -0.539 1.6344e-07     7.4137     95.196      0.474   0.504777    -0.1170      6.471 -1240.7299 9.3381e+01    -0.6245     -0.529     -0.767    28.2868   996.1608 0.0000e+00
     -0.539      0.000     7.4140     95.198      0.484   0.515529    -0.1202      6.472 -1240.5742 9.3830e+01    -0.5543     -0.528     -0.766    28.2863   996.1609 0.0000e+00
     -0.539      0.000     7.4155     95.215      0.466   0.496685    -0.1188      6.472 -1238.8608 9.4652e+01    -0.4965     -0.529     -0.767    28.2861   996.1610 0.0000e+00
     -0.539      0.000     7.4164     95.223      0.498   0.530365    -0.1174      6.476 -1220.0138 9.8674e+01    -0.5480     -0.529     -0.767    28.2854   996.1611 0.0000e+00
     -0.539      0.002     7.4162     95.214      1.105   1.176181    -0.1204      6.665 -1012.6971 1.1240e+02    -0.5870     -0.528     -0.766    28.2851   996.1613 0.0000e+00
     -0.539      0.011     7.4183     95.207      4.410   4.693673    -0.1204      7.020  -281.9509 1.3418e+02    -0.5429     -0.528     -0.766    28.2841   996.1616 0.0000e+00
     -0.538      0.030     7.4259     95.214     12.485  13.274346    -0.1177      7.215   427.0536 1.5324e+02    -0.4730     -0.528     -0.766    28.2827   996.1619 0.0000e+00
     -0.537      0.055     7.4368     95.226     23.586  25.050601    -0.1136      7.282   379.8403 1.6853e+02    -0.3315     -0.528     -0.766    28.2792   996.1630 0.0000e+00
     -0.530      0.085     7.4455     95.233     32.343  34.321891    -0.0972      7.394   145.2518 1.8317e+02     0.9381     -0.528     -0.765    28.2789   996.1630 0.0000e+00
     -0.503      0.115     7.4509     95.233     35.665  37.822715     0.0113      7.537   125.1221 1.9334e+02    15.0417     -0.501     -0.728    28.2740   996.1646 0.0000e+00
     -0.458      0.144     7.4549     95.239     36.088  38.251894     0.2016      7.677   125.4415 1.9946e+02    40.9398     -0.448     -0.649    28.2124   996.1843 0.0000e+00
     -0.409      0.168     7.4589     95.262     36.209  38.368445     0.3220      7.777   127.8616 2.0636e+02    54.9734     -0.401     -0.581    28.1157   996.2158 0.0000e+00
     -0.361      0.183     7.4653     95.329     36.250  38.406696     0.4260      7.826   129.9487 2.1202e+02    55.0074     -0.355     -0.515    28.0526   996.2371 0.0000e+00
     -0.313      0.185     7.4788     95.494     36.244  38.396992     1.3805      7.840   132.3497 2.1605e+02    41.4822     -0.307     -0.446    28.0153   996.2484 0.0000e+00
     -0.263      0.177     7.5011     95.769     36.230  38.378066     3.1329      7.836   135.0383 2.1915e+02    16.5327     -0.258     -0.375    27.9888   996.2559 0.0000e+00
     -0.213      0.167     7.5288     96.110     36.226  38.368286     4.0919      7.833   137.6767 2.2034e+02     2.9392     -0.206     -0.298    27.9734   996.2606 0.0000e+00
     -0.170      0.157     7.5591     96.482     36.207  38.342212     4.1850      7.835   139.9877 2.2028e+02     1.6918     -0.164     -0.237    27.9664   996.2628 0.0000e+00
     -0.135      0.147     7.5919     96.888     36.188  38.316706     4.1979      7.834   141.3843 2.1875e+02     1.5485     -0.130     -0.189    27.9644   996.2635 0.0000e+00
     -0.106      0.138     7.6257     97.311     36.189  38.313796     4.1964      7.824   142.6035 2.1762e+02     1.5339     -0.106     -0.154    27.9594   996.2650 0.0000e+00
     -0.075      0.129     7.6576     97.717     36.183  38.307019     4.1841      7.805   144.8355 2.1876e+02     1.5479     -0.076     -0.111    27.9503   996.2678 0.0000e+00
     -0.038      0.122     7.6866     98.095     36.171  38.298239     4.1704      7.774   147.3765 2.2125e+02     1.5546     -0.036     -0.052    27.9408   996.2706 0.0000e+00
     -0.003      0.114     7.7101     98.405     36.142  38.271114     4.1691      7.739   149.1497 2.2161e+02     1.5486     -0.001     -0.001    27.9343   996.2726 0.0000e+00
      0.025      0.105     7.7272     98.627     36.104  38.232974     4.1690      7.710   150.4441 1.9401e+02     1.5421      0.026      0.037    27.9279   996.2746 0.0000e+00
      0.050      0.094     7.7403     98.787     36.093  38.217946     4.1510      7.685   151.4971 1.4805e+02     1.5406      0.050      0.072    27.9254   996.2754 0.0000e+00
      0.072      0.079     7.7493     98.883     36.099  38.216365     4.1253      7.668   152.0734 1.2901e+02     1.5313      0.073      0.106    27.9332   996.2733 0.0000e+00
      0.089      0.063     7.7475     98.834     36.106  38.213850     4.1185      7.661   152.7651 1.1997e+02     1.5270      0.087      0.127    27.9410   996.2711 0.0000e+00
      0.105      0.049     7.7244     98.514     36.091  38.187515     4.1299      7.647   153.5798 1.1283e+02     1.5211      0.103      0.150    27.9433   996.2705 0.0000e+00
      0.118      0.037     7.6683     97.779     36.066  38.151842     4.1415      7.624   154.2673 1.1878e+02     1.5259      0.122      0.177    27.9394   996.2717 0.0000e+00
      0.123      0.025     7.5672     96.475     36.083  38.163375     4.1470      7.605   155.3128 1.2252e+02     1.5859      0.121      0.176    27.9270   996.2752 0.0000e+00
      0.123      0.014     7.4214     94.608     36.120  38.199993     4.1436      7.594   156.4982 1.2535e+02     1.6229      0.118      0.171    27.9114   996.2796 0.0000e+00
      0.127      0.004     7.2491     92.407     36.135  38.213728     4.1520      7.589   158.1900 1.2858e+02     1.5802      0.126      0.183    27.8963   996.2839 0.0000e+00
      0.128     -0.001     7.0852     90.315     36.125  38.202492     4.1791      7.586   160.5389 1.3017e+02     1.5607      0.127      0.185    27.8834   996.2877 0.0000e+00
      0.125     -0.002     6.9713     88.864     36.115  38.191083     4.1938      7.582   162.2695 1.3276e+02     1.5844      0.123      0.178    27.8753   996.2898 0.0000e+00
      0.121     -0.002     6.9255     88.282     36.125  38.202739     4.1904      7.574   163.2836 1.3427e+02     1.5714      0.119      0.172    27.8716   996.2909 0.0000e+00
      0.119     -0.002     6.9357     88.415     36.137  38.216477     4.2160      7.561   164.3684 1.3580e+02     1.5689      0.115      0.166    27.8693   996.2915 0.0000e+00
      0.120     -0.001     6.9776     88.950     36.150  38.230237     4.2783      7.549   165.8359 1.3751e+02     1.5859      0.117      0.169    27.8675   996.2921 0.0000e+00
      0.124      0.000     7.0255     89.562     36.161  38.242153     4.3194      7.539   166.5711 1.3835e+02     1.5799      0.122      0.177    27.8674   996.2921 0.0000e+00
      0.124      0.001     7.0573     89.971     36.151  38.233598     4.3323      7.533   166.2026 1.4185e+02     1.5945      0.121      0.176    27.8689   996.2917 0.0000e+00
      0.123      0.001     7.0580     89.983     36.168  38.253754     4.3300      7.527   168.1781 1.4732e+02     1.5992      0.120      0.174    27.8702   996.2914 0.0000e+00
      0.122      0.000     7.0172     89.468     36.205  38.295433     4.3180      7.520   174.5393 1.5031e+02     1.5719      0.120      0.173    27.8710   996.2911 0.0000e+00
      0.122 4.0642e-07     6.9327     88.396     36.200  38.293193     4.3160      7.511   179.9620 1.5062e+02     1.5594      0.119      0.172    27.8723   996.2907 0.0000e+00
      0.122      0.000     6.8149     86.900     36.195  38.290163     4.3231      7.499   178.7649 1.4953e+02     1.5783      0.120      0.174    27.8741   996.2902 0.0000e+00
      0.122      0.000     6.6851     85.253     36.222  38.322269     4.3178      7.483   173.7453 1.4818e+02     1.6034      0.120      0.174    27.8766   996.2895 0.0000e+00
      0.122      0.001     6.5735     83.838     36.257  38.364010     4.2872      7.468   169.9471 1.4886e+02     1.6007      0.120      0.173    27.8802   996.2884 0.0000e+00
      0.123      0.001     6.5084     83.016     36.300  38.413991     4.2567      7.453   168.4621 1.5084e+02     1.6117      0.120      0.174    27.8839   996.2874 0.0000e+00
      0.123      0.000     6.5069     83.003     36.362  38.482257     4.2518      7.438   168.1799 1.5077e+02     1.6375      0.120      0.174    27.8878   996.2863 0.0000e+00
      0.123 1.8473e-08     6.5682     83.791     36.429  38.554636     4.2618      7.424   167.6538 1.4954e+02     1.6180      0.121      0.175    27.8931   996.2848 0.0000e+00
      0.123 2.0320e-07     6.6774     85.188     36.461  38.590869     4.2824      7.411   167.1771 1.4897e+02     1.5737      0.121      0.175    27.8992   996.2831 0.0000e+00
      0.123 2.0320e-07     6.8121     86.911     36.470  38.602965     4.3100      7.402   167.6646 1.4857e+02     1.5604      0.121      0.175    27.9046   996.2816 0.0000e+00
      0.123 1.8472e-08     6.9461     88.623     36.501  38.637415     4.3268      7.396   168.4716 1.4897e+02     1.5874      0.120      0.174    27.9090   996.2804 0.0000e+00
