Data/DataNotYetUploadedToEDI/Raw_CTD/2019_RawDownloads/071519_fcr50.cnv
* Sea-Bird SBE19plus  Data File:
* FileName = C:\DATA\071519_fcr50_0001.hex
* Software version 2.8.0.119 SB_Terminal.dll
* Temperature SN = 7809
* Conductivity SN = 7809
* System UpLoad Time = Jul 15 2019 09:55:34
* <ApplicationData>
* <Seaterm232>
# nquan = 16
# nvalues = 831                         
# units = specified
# name 0 = depFM: Depth [fresh water, m]
# name 1 = dz/dtM: Descent Rate [m/s]
# name 2 = sbeox0Mg/L: Oxygen, SBE 43 [mg/l]
# name 3 = sbeox0PS: Oxygen, SBE 43 [% saturation]
# name 4 = specc: Specific Conductance [uS/cm]
# name 5 = c0uS/cm: Conductivity [uS/cm]
# name 6 = flECO-AFL: Fluorescence, WET Labs ECO-AFL/FL [mg/m^3]
# name 7 = ph: pH
# name 8 = orp: Oxidation Reduction Potential [mV]
# name 9 = par/sat/log: PAR/Logarithmic, Satlantic
# name 10 = turbWETntu0: Turbidity, WET Labs ECO [NTU]
# name 11 = prdM: Pressure, Strain Gauge [db]
# name 12 = prdE: Pressure, Strain Gauge [psi]
# name 13 = tv290C: Temperature [ITS-90, deg C]
# name 14 = density00: Density [density, kg/m^3]
# name 15 = flag:  0.000e+00
# span 0 =     -0.540,      9.688       
# span 1 =     -0.656,      0.186       
# span 2 =     1.1959,    14.4142       
# span 3 =     11.016,    166.555       
# span 4 =      0.327,     41.400       
# span 5 =   0.348787,  39.055808       
# span 6 =    -0.1386,     6.5059       
# span 7 =      6.332,      7.840       
# span 8 = -1240.7455,   427.0536       
# span 9 = 1.2346e-01, 2.2161e+02       
# span 10 =    -0.6245,    55.0074      
# span 11 =     -0.529,      9.501      
# span 12 =     -0.768,     13.780      
# span 13 =    10.9711,    28.3099      
# span 14 =   996.1541,   999.6713      
# span 15 = 0.0000e+00, 0.0000e+00      
# interval = seconds: 0.25
# start_time = Jul 15 2019 09:44:04 [Instrument's time stamp, header]
# bad_flag = -9.990e-29
*END*
[from data line 272]
      0.190      0.054     8.3161    105.916     36.385  38.442773     4.3863      6.645   196.0535 1.3599e+02     1.5257      0.186      0.269    27.8298   996.3031 0.0000e+00
      0.206      0.055     8.3112    105.841     36.360  38.411346     4.3788      6.643   195.8378 1.3240e+02     1.5486      0.201      0.292    27.8304   996.3030 0.0000e+00
      0.222      0.053     8.3122    105.837     36.331  38.374048     4.3800      6.636   195.4066 1.2920e+02     1.5702      0.220      0.319    27.8294   996.3034 0.0000e+00
      0.236      0.050     8.3182    105.894     36.277  38.309184     4.3743      6.632   195.4006 1.2685e+02     1.5910      0.232      0.337    27.8255   996.3045 0.0000e+00
      0.248      0.048     8.3283    106.002     36.240  38.261836     4.3447      6.638   195.7652 1.2472e+02     1.6691      0.243      0.352    27.8204   996.3060 0.0000e+00
      0.259      0.047     8.3365    106.089     36.231  38.245896     4.3169      6.648   196.0301 1.2301e+02     1.7278      0.256      0.371    27.8146   996.3077 0.0000e+00
      0.267      0.047     8.3394    106.112     36.234  38.243397     4.3072      6.658   196.1935 1.2186e+02     1.7432      0.262      0.380    27.8056   996.3102 0.0000e+00
      0.277      0.051     8.3384    106.087     36.227  38.231612     4.3132      6.666   196.4498 1.2056e+02     1.7567      0.268      0.389    27.7933   996.3137 0.0000e+00
      0.291      0.056     8.3353    106.036     36.230  38.230352     4.3378      6.669   196.8922 1.1876e+02     1.7931      0.285      0.413    27.7825   996.3169 0.0000e+00
      0.308      0.060     8.3317    105.981     36.232  38.228148     4.3704      6.670   197.4126 1.1657e+02     1.8228      0.302      0.439    27.7737   996.3194 0.0000e+00
      0.325      0.064     8.3292    105.941     36.212  38.204961     4.3872      6.672   197.8377 1.1429e+02     1.7882      0.317      0.461    27.7658   996.3218 0.0000e+00
      0.343      0.066     8.3270    105.908     36.213  38.203902     4.3842      6.673   198.2457 1.1194e+02     1.7346      0.337      0.489    27.7596   996.3236 0.0000e+00
      0.361      0.067     8.3210    105.829     36.225  38.215338     4.3784      6.669   198.8188 1.0930e+02     1.7324      0.355      0.516    27.7536   996.3252 0.0000e+00
      0.377      0.068     8.3130    105.723     36.228  38.216274     4.3771      6.663   199.3466 1.0705e+02     1.7942      0.370      0.536    27.7482   996.3269 0.0000e+00
      0.392      0.069     8.3071    105.643     36.228  38.215214     4.3866      6.660   199.7225 1.0506e+02     1.8589      0.384      0.556    27.7443   996.3281 0.0000e+00
      0.410      0.072     8.3011    105.562     36.217  38.202519     4.3978      6.658   200.0942 1.0280e+02     1.8593      0.400      0.581    27.7419   996.3288 0.0000e+00
      0.430      0.076     8.2934    105.460     36.207  38.189730     4.3911      6.654   200.4860 1.0066e+02     1.8322      0.423      0.613    27.7401   996.3293 0.0000e+00
      0.448      0.080     8.2867    105.370     36.207  38.187536     4.3831      6.649   200.8457 9.8727e+01     1.8262      0.440      0.637    27.7382   996.3300 0.0000e+00
      0.468      0.081     8.2841    105.329     36.199  38.175986     4.3877      6.643   201.1740 9.6747e+01     1.8189      0.457      0.663    27.7355   996.3309 0.0000e+00
      0.492      0.079     8.2836    105.314     36.203  38.177026     4.3865      6.643   201.7882 9.4906e+01     1.8104      0.484      0.702    27.7334   996.3316 0.0000e+00
      0.517      0.076     8.2834    105.303     36.228  38.200107     4.3337      6.648   202.4217 9.3413e+01     1.8205      0.509      0.738    27.7321   996.3321 0.0000e+00
      0.537      0.071     8.2854    105.324     36.231  38.201151     4.2433      6.653   202.5525 9.2256e+01     1.8435      0.528      0.767    27.7291   996.3330 0.0000e+00
      0.552      0.066     8.2862    105.333     36.221  38.189643     4.2048      6.658   202.4226 9.1367e+01     1.8584      0.541      0.785    27.7243   996.3344 0.0000e+00
      0.565      0.061     8.2831    105.292     36.219  38.187916     4.2138      6.660   202.4006 9.0347e+01     1.8369      0.553      0.802    27.7192   996.3359 0.0000e+00
      0.578      0.059     8.2768    105.210     36.213  38.180267     4.2659      6.655   202.9742 8.9281e+01     1.7804      0.568      0.824    27.7142   996.3374 0.0000e+00
      0.591      0.059     8.2689    105.109     36.195  38.160640     4.3574      6.649   204.0236 8.8252e+01     1.7320      0.579      0.839    27.7120   996.3380 0.0000e+00
      0.607      0.062     8.2642    105.045     36.177  38.141029     4.4014      6.644   204.6778 8.6872e+01     1.7436      0.594      0.861    27.7117   996.3381 0.0000e+00
      0.624      0.066     8.2650    105.049     36.172  38.133584     4.3992      6.642   204.9476 8.5494e+01     1.7893      0.613      0.889    27.7109   996.3384 0.0000e+00
      0.641      0.068     8.2699    105.106     36.174  38.134094     4.3999      6.646   205.0490 8.4315e+01     1.7934      0.628      0.910    27.7104   996.3387 0.0000e+00
      0.660      0.069     8.2726    105.136     36.189  38.147185     4.4449      6.655   204.9575 8.3196e+01     1.7604      0.647      0.939    27.7098   996.3389 0.0000e+00
      0.679      0.068     8.2703    105.102     36.207  38.164911     4.5364      6.664   205.2180 8.2170e+01     1.7513      0.668      0.969    27.7079   996.3395 0.0000e+00
      0.697      0.067     8.2662    105.046     36.202  38.157986     4.5953      6.670   206.0480 8.0973e+01     1.7816      0.682      0.990    27.7045   996.3406 0.0000e+00
      0.713      0.065     8.2604    104.968     36.174  38.126935     4.6109      6.675   206.8185 7.9669e+01     1.7988      0.700      1.014    27.7011   996.3416 0.0000e+00
      0.729      0.064     8.2530    104.868     36.158  38.106852     4.6038      6.677   207.0494 7.8484e+01     1.7961      0.716      1.038    27.6985   996.3424 0.0000e+00
      0.743      0.065     8.2412    104.711     36.159  38.105596     4.5784      6.677   206.9465 7.7424e+01     1.7809      0.729      1.057    27.6963   996.3430 0.0000e+00
      0.758      0.066     8.2217    104.456     36.167  38.111736     4.5639      6.672   206.6068 7.6355e+01     1.7790      0.743      1.077    27.6948   996.3436 0.0000e+00
      0.775      0.068     8.2026    104.201     36.177  38.117606     4.5584      6.665   206.2116 7.5100e+01     1.8055      0.760      1.101    27.6926   996.3443 0.0000e+00
      0.794      0.068     8.1911    104.035     36.180  38.113090     4.5459      6.658   206.2984 7.3714e+01     1.8063      0.778      1.128    27.6896   996.3452 0.0000e+00
      0.814      0.067     8.1826    103.897     36.199  38.120594     4.5179      6.656   206.7953 7.2361e+01     1.7888      0.799      1.158    27.6862   996.3463 0.0000e+00
      0.834      0.066     8.1772    103.795     36.235  38.144841     4.4884      6.658   207.3150 7.1246e+01     1.7580      0.819      1.188    27.6813   996.3477 0.0000e+00
      0.850      0.064     8.1852    103.865     36.254  38.152334     4.4927      6.663   206.9899 7.0479e+01     1.7292      0.835      1.211    27.6761   996.3492 0.0000e+00
      0.863      0.064     8.2137    104.205     36.257  38.147703     4.5616      6.666   205.7902 6.9933e+01     1.7685      0.847      1.228    27.6667   996.3519 0.0000e+00
      0.877      0.064     8.2660    104.860     36.265  38.152310     4.6623      6.667   205.3710 6.9247e+01     1.8394      0.859      1.245    27.6489   996.3570 0.0000e+00
      0.892      0.065     8.3404    105.791     36.262  38.144552     4.7128      6.669   205.8785 6.8285e+01     1.8324      0.874      1.267    27.6284   996.3629 0.0000e+00
      0.910      0.068     8.4258    106.820     36.256  38.117367     4.7214      6.673   206.5929 6.7114e+01     1.7824      0.891      1.293    27.6103   996.3680 0.0000e+00
      0.930      0.071     8.5068    107.731     36.260  38.077492     4.7401      6.677   207.3829 6.5823e+01     1.7915      0.912      1.323    27.5957   996.3721 0.0000e+00
      0.949      0.073     8.5766    108.449     36.286  38.043218     4.7666      6.681   207.1713 6.4673e+01     1.8116      0.933      1.353    27.5950   996.3726 0.0000e+00
      0.967      0.076     8.6411    109.077     36.331  38.020252     4.7811      6.681   205.9272 6.3578e+01     1.7960      0.948      1.376    27.5990   996.3715 0.0000e+00
      0.985      0.077     8.7143    109.830     36.363  37.990126     4.7852      6.679   205.1603 6.2366e+01     1.8002      0.966      1.402    27.5725   996.3789 0.0000e+00
      1.005      0.077     8.8108    110.907     36.418  37.996244     4.7817      6.679   205.0398 6.1134e+01     1.8293      0.986      1.429    27.5106   996.3964 0.0000e+00
      1.025      0.076     8.9328    112.337     36.488  38.030662     4.7899      6.684   205.2445 5.9830e+01     1.8197      1.005      1.457    27.4183   996.4222 0.0000e+00
      1.048      0.075     9.0712    114.008     36.506  38.025359     4.8244      6.691   205.9155 5.8637e+01     1.7828      1.029      1.494    27.3143   996.4513 0.0000e+00
      1.069      0.072     9.2127    115.731     36.496  37.995559     4.8516      6.699   206.4415 5.7859e+01     1.8090      1.050      1.523    27.2259   996.4759 0.0000e+00
      1.085      0.069     9.3425    117.316     36.503  37.987709     4.8593      6.705   206.3564 5.7211e+01     1.8420      1.063      1.542    27.1555   996.4954 0.0000e+00
      1.100      0.066     9.4562    118.732     36.513  37.993908     4.9093      6.710   206.1766 5.6416e+01     1.8207      1.078      1.564    27.0996   996.5110 0.0000e+00
      1.115      0.065     9.5551    119.969     36.527  38.007020     5.0130      6.715   206.0739 5.5576e+01     1.8143      1.095      1.587    27.0720   996.5187 0.0000e+00
      1.131      0.066     9.6352    120.919     36.557  38.019292     5.0732      6.715   205.8893 5.4641e+01     1.7969      1.109      1.608    27.0509   996.5245 0.0000e+00
      1.149      0.069     9.6897    121.496     36.588  38.015304     5.0742      6.711   206.3533 5.3610e+01     1.7748      1.127      1.634    27.0158   996.5343 0.0000e+00
      1.166      0.071     9.7184    121.732     36.635  38.022224     5.0506      6.706   207.4683 5.2588e+01     1.8417      1.143      1.658    27.0173   996.5339 0.0000e+00
      1.185      0.074     9.7333    121.783     36.696  38.039420     5.0134      6.703   207.9283 5.1498e+01     1.9502      1.161      1.683    27.0310   996.5303 0.0000e+00
      1.205      0.075     9.7500    121.839     36.739  38.032723     5.0050      6.700   207.4398 5.0527e+01     2.0049      1.184      1.717    27.0023   996.5383 0.0000e+00
      1.225      0.074     9.7780    122.039     36.761  38.004642     5.0190      6.704   206.7243 4.9773e+01     2.0114      1.201      1.743    26.9446   996.5542 0.0000e+00
      1.244      0.072     9.8204    122.444     36.751  37.953721     5.0353      6.713   206.8488 4.8998e+01     2.0286      1.219      1.767    26.8870   996.5701 0.0000e+00
      1.264      0.070     9.8778    123.054     36.695  37.861308     5.0631      6.723   207.8273 4.8258e+01     2.0498      1.242      1.802    26.8295   996.5859 0.0000e+00
      1.281      0.068     9.9518    123.874     36.645  37.775901     5.0867      6.729   208.4023 4.7616e+01     2.0055      1.257      1.823    26.7540   996.6067 0.0000e+00
      1.296      0.066    10.0427    124.910     36.646  37.746204     5.1042      6.733   208.3815 4.6978e+01     1.9522      1.270      1.841    26.6800   996.6269 0.0000e+00
      1.311      0.063    10.1473    126.127     36.682  37.756099     5.2051      6.738   208.3497 4.6234e+01     1.9618      1.285      1.864    26.6270   996.6413 0.0000e+00
      1.328      0.059    10.2661    127.534     36.715  37.768543     5.3876      6.743   208.4472 4.5390e+01     1.9905      1.303      1.889    26.5830   996.6534 0.0000e+00
      1.346      0.056    10.4066    129.222     36.734  37.769677     5.4903      6.748   208.2706 4.4728e+01     2.0041      1.322      1.917    26.5361   996.6662 0.0000e+00
      1.360      0.053    10.5722    131.222     36.752  37.769783     5.5015      6.753   208.0201 4.4296e+01     1.9958      1.335      1.936    26.4931   996.6778 0.0000e+00
      1.371      0.049    10.7518    133.400     36.767  37.769807     5.4965      6.756   208.1725 4.3811e+01     1.9876      1.343      1.948    26.4549   996.6882 0.0000e+00
      1.382      0.047    10.9270    135.542     36.776  37.769928     5.4916      6.758   208.3062 4.3245e+01     2.0036      1.355      1.965    26.4256   996.6961 0.0000e+00
      1.393      0.049    11.0855    137.502     36.779  37.771238     5.4942      6.760   208.2600 4.2726e+01     1.9924      1.366      1.981    26.4041   996.7020 0.0000e+00
      1.403      0.053    11.2321    139.319     36.793  37.785650     5.4930      6.765   207.7858 4.2214e+01     1.9509      1.376      1.995    26.3792   996.7087 0.0000e+00
      1.415      0.058    11.3653    140.969     36.825  37.817230     5.4938      6.771   207.0473 4.1584e+01     1.9606      1.385      2.009    26.3548   996.7153 0.0000e+00
      1.431      0.062    11.4679    142.233     36.845  37.835685     5.5385      6.776   206.9016 4.0807e+01     2.1093      1.402      2.033    26.3396   996.7196 0.0000e+00
      1.451      0.064    11.5354    143.035     36.838  37.818365     5.6177      6.780   207.0569 3.9980e+01     2.3403      1.424      2.065    26.3436   996.7186 0.0000e+00
      1.470      0.064    11.5684    143.391     36.833  37.798222     5.6624      6.785   207.2904 3.9168e+01     2.4597      1.442      2.091    26.3433   996.7186 0.0000e+00
      1.487      0.063    11.5686    143.335     36.834  37.782534     5.6802      6.790   207.7461 3.8514e+01     2.4711      1.460      2.118    26.3402   996.7196 0.0000e+00
      1.502      0.062    11.5461    142.992     36.826  37.755615     5.7635      6.795   207.6625 3.8010e+01     2.5436      1.474      2.138    26.3448   996.7184 0.0000e+00
      1.515      0.061    11.5076    142.448     36.816  37.726620     5.9068      6.801   206.9680 3.7448e+01     2.7137      1.485      2.153    26.3263   996.7235 0.0000e+00
      1.529      0.061    11.4584    141.765     36.797  37.685823     5.9817      6.806   206.5759 3.6806e+01     2.8566      1.499      2.174    26.3028   996.7299 0.0000e+00
      1.545      0.066    11.4104    141.073     36.784  37.643165     5.9841      6.810   206.7079 3.6124e+01     2.8950      1.515      2.197    26.2833   996.7352 0.0000e+00
      1.562      0.074    11.3729    140.500     36.764  37.591655     6.0137      6.812   206.8421 3.5451e+01     3.0144      1.532      2.222    26.2560   996.7426 0.0000e+00
      1.578      0.083    11.3545    140.169     36.648  37.443812     6.0713      6.814   206.6502 3.4740e+01     3.2840      1.545      2.241    26.2302   996.7496 0.0000e+00
      1.599      0.089    11.3722    140.260     36.434  37.188541     6.1003      6.815   206.4530 3.3829e+01     3.4670      1.564      2.269    26.2066   996.7559 0.0000e+00
      1.627      0.092    11.4287    140.791     36.275  36.980621     6.1127      6.816   206.4371 3.2800e+01     3.5228      1.595      2.314    26.1657   996.7669 0.0000e+00
      1.657      0.091    11.5058    141.581     36.238  36.897484     6.2128      6.819   206.4576 3.1891e+01     3.5006      1.626      2.359    26.1154   996.7806 0.0000e+00
      1.684      0.086    11.5918    142.513     36.257  36.881465     6.3912      6.823   206.4425 3.1186e+01     3.4598      1.652      2.396    26.0843   996.7889 0.0000e+00
