Data/DataNotYetUploadedToEDI/Raw_CTD/2019_RawDownloads/071519_fcr50.cnv
* Sea-Bird SBE19plus  Data File:
* FileName = C:\DATA\071519_fcr50_0001.hex
* Software version 2.8.0.119 SB_Terminal.dll
* Temperature SN = 7809
* Conductivity SN = 7809
* System UpLoad Time = Jul 15 2019 09:55:34
* <ApplicationData>
* <Seaterm232>
# nquan = 16
# nvalues = 831                         
# units = specified
# name 0 = depFM: Depth [fresh water, m]
# name 1 = dz/dtM: Descent Rate [m/s]
# name 2 = sbeox0Mg/L: Oxygen, SBE 43 [mg/l]
# name 3 = sbeox0PS: Oxygen, SBE 43 [% saturation]
# name 4 = specc: Specific Conductance [uS/cm]
# name 5 = c0uS/cm: Conductivity [uS/cm]
# name 6 = flECO-AFL: Fluorescence, WET Labs ECO-AFL/FL [mg/m^3]
# name 7 = ph: pH
# name 8 = orp: Oxidation Reduction Potential [mV]
# name 9 = par/sat/log: PAR/Logarithmic, Satlantic
# name 10 = turbWETntu0: Turbidity, WET Labs ECO [NTU]
# name 11 = prdM: Pressure, Strain Gauge [db]
# name 12 = prdE: Pressure, Strain Gauge [psi]
# name 13 = tv290C: Temperature [ITS-90, deg C]
# name 14 = density00: Density [density, kg/m^3]
# name 15 = flag:  0.000e+00
# span 0 =     -0.540,      9.688       
# span 1 =     -0.656,      0.186       
# span 2 =     1.1959,    14.4142       
# span 3 =     11.016,    166.555       
# span 4 =      0.327,     41.400       
# span 5 =   0.348787,  39.055808       
# span 6 =    -0.1386,     6.5059       
# span 7 =      6.332,      7.840       
# span 8 = -1240.7455,   427.0536       
# span 9 = 1.2346e-01, 2.2161e+02       
# span 10 =    -0.6245,    55.0074      
# span 11 =     -0.529,      9.501      
# span 12 =     -0.768,     13.780      
# span 13 =    10.9711,    28.3099      
# span 14 =   996.1541,   999.6713      
# span 15 = 0.0000e+00, 0.0000e+00      
# interval = seconds: 0.25
# start_time = Jul 15 2019 09:44:04 [Instrument's time stamp, header]
# bad_flag = -9.990e-29
*END*
[from data line 543]
      4.791      0.080     5.3401     48.522     41.094  29.654986     2.8790      6.676   261.0131 1.2476e+00     6.5030      4.699      6.815    11.1457   999.6315 0.0000e+00
      4.812      0.080     5.3624     48.716     41.109  29.660216     2.8729      6.673   260.9216 1.2099e+00     6.4316      4.719      6.844    11.1158   999.6346 0.0000e+00
      4.834      0.079     5.3529     48.621     41.134  29.672168     2.8579      6.671   260.5081 1.1773e+00     6.3433      4.741      6.876    11.0985   999.6364 0.0000e+00
      4.854      0.076     5.3236     48.349     41.141  29.672585     2.8615      6.669   260.3161 1.1554e+00     6.3203      4.762      6.906    11.0868   999.6378 0.0000e+00
      4.872      0.074     5.2843     47.987     41.135  29.665248     2.8648      6.666   260.9223 1.1202e+00     6.3829      4.778      6.929    11.0797   999.6386 0.0000e+00
      4.889      0.073     5.2469     47.645     41.112  29.646903     2.7682      6.662   262.0730 1.0780e+00     6.7732      4.793      6.952    11.0717   999.6395 0.0000e+00
      4.907      0.072     5.2176     47.378     41.106  29.641135     2.5952      6.660   262.9581 1.0432e+00     7.4332      4.813      6.981    11.0644   999.6403 0.0000e+00
      4.926      0.069     5.1930     47.151     41.134  29.658965     2.5070      6.658   263.3651 1.0013e+00     7.7766      4.832      7.008    11.0584   999.6410 0.0000e+00
      4.945      0.067     5.1714     46.954     41.154  29.672117     2.4998      6.656   263.5519 9.6295e-01     7.8444      4.848      7.032    11.0549   999.6415 0.0000e+00
      4.963      0.065     5.1558     46.813     41.156  29.673251     2.4995      6.655   263.5816 9.3653e-01     7.8932      4.866      7.060    11.0532   999.6417 0.0000e+00
      4.979      0.065     5.1443     46.710     41.153  29.672673     2.4949      6.654   263.5519 9.1689e-01     8.0053      4.884      7.084    11.0517   999.6419 0.0000e+00
      4.992      0.065     5.1345     46.624     41.140  29.665131     2.4864      6.652   263.6233 8.9868e-01     8.2163      4.895      7.100    11.0492   999.6422 0.0000e+00
      5.006      0.066     5.1265     46.551     41.112  29.645521     2.4843      6.650   263.8425 8.6531e-01     8.3146      4.907      7.117    11.0470   999.6425 0.0000e+00
      5.024      0.067     5.1193     46.481     41.089  29.625918     2.4863      6.648   264.2235 8.2947e-01     8.3093      4.926      7.144    11.0468   999.6427 0.0000e+00
      5.043      0.067     5.1114     46.404     41.084  29.618476     2.3895      6.646   264.6164 8.0678e-01     8.4144      4.947      7.174    11.0485   999.6426 0.0000e+00
      5.062      0.066     5.1008     46.306     41.087  29.618985     2.1892      6.645   264.8937 7.8502e-01     8.6348      4.965      7.201    11.0519   999.6423 0.0000e+00
      5.081      0.063     5.0878     46.193     41.100  29.632069     2.0767      6.643   265.0806 7.5671e-01     8.7787      4.983      7.227    11.0540   999.6422 0.0000e+00
      5.096      0.059     5.0754     46.091     41.112  29.649778     2.0697      6.641   264.5529 7.2992e-01     8.8104      4.999      7.250    11.0485   999.6428 0.0000e+00
      5.108      0.058     5.0665     46.020     41.092  29.642751     2.0262      6.640   263.5042 7.0753e-01     8.8868      5.009      7.265    11.0416   999.6435 0.0000e+00
      5.120      0.058     5.0652     46.009     41.047  29.610562     1.9312      6.639   263.1556 6.8533e-01     9.0478      5.020      7.281    11.0394   999.6438 0.0000e+00
      5.133      0.060     5.0708     46.051     41.012  29.577855     1.8839      6.637   263.3495 6.6841e-01     9.1505      5.032      7.300    11.0434   999.6435 0.0000e+00
      5.147      0.064     5.0769     46.097     41.004  29.564541     1.8973      6.635   263.9561 6.4206e-01     9.1775      5.046      7.318    11.0563   999.6422 0.0000e+00
      5.166      0.068     5.0824     46.138     41.030  29.576485     1.9367      6.633   264.8966 6.0178e-01     9.2100      5.065      7.346    11.0703   999.6409 0.0000e+00
      5.187      0.070     5.0899     46.197     41.065  29.595350     1.9791      6.631   264.8270 5.7560e-01     9.2162      5.087      7.380    11.0707   999.6409 0.0000e+00
      5.207      0.069     5.0988     46.270     41.083  29.602270     1.9930      6.630   263.8887 5.6291e-01     9.1877      5.107      7.407    11.0571   999.6424 0.0000e+00
      5.225      0.067     5.1076     46.343     41.082  29.596702     2.0012      6.628   263.5327 5.4790e-01     9.1925      5.125      7.433    11.0469   999.6436 0.0000e+00
      5.241      0.064     5.1174     46.427     41.080  29.591468     2.0257      6.626   263.7914 5.3153e-01     9.1769      5.141      7.456    11.0404   999.6443 0.0000e+00
      5.256      0.060     5.1253     46.496     41.099  29.602437     2.0472      6.624   264.3503 5.1378e-01     9.0643      5.154      7.476    11.0324   999.6452 0.0000e+00
      5.270      0.056     5.1291     46.528     41.101  29.602427     2.0522      6.621   264.9555 4.9695e-01     8.9775      5.168      7.495    11.0246   999.6461 0.0000e+00
      5.284      0.052     5.1330     46.562     41.087  29.591344     2.0517      6.619   265.1715 4.8211e-01     8.9797      5.181      7.516    11.0177   999.6468 0.0000e+00
      5.299      0.051     5.1376     46.603     41.094  29.595331     2.0499      6.618   265.3276 4.6856e-01     8.9927      5.196      7.538    11.0134   999.6473 0.0000e+00
      5.312      0.052     5.1409     46.633     41.083  29.587179     2.0398      6.617   265.6372 4.5661e-01     8.9706      5.209      7.556    11.0109   999.6476 0.0000e+00
      5.322      0.056     5.1427     46.649     41.039  29.556229     2.0251      6.615   265.9907 4.4006e-01     8.9421      5.218      7.568    11.0094   999.6478 0.0000e+00
      5.332      0.063     5.1436     46.658     41.014  29.538384     2.0191      6.612   266.3317 4.2058e-01     8.9435      5.227      7.582    11.0079   999.6480 0.0000e+00
      5.347      0.071     5.1445     46.666     41.046  29.561778     2.0193      6.608   266.4909 4.0220e-01     8.9871      5.241      7.601    11.0067   999.6482 0.0000e+00
      5.367      0.078     5.1453     46.675     41.077  29.585268     2.0186      6.605   266.6253 3.8206e-01     9.1415      5.261      7.630    11.0063   999.6483 0.0000e+00
      5.392      0.084     5.1455     46.677     41.054  29.568586     2.0194      6.601   267.1821 3.5621e-01     9.3358      5.287      7.669    11.0067   999.6484 0.0000e+00
      5.419      0.087     5.1458     46.680     41.029  29.550439     2.0203      6.599   267.8884 3.2856e-01     9.4023      5.315      7.709    11.0070   999.6485 0.0000e+00
      5.444      0.087     5.1448     46.671     41.037  29.556218     2.0205      6.597   268.1108 3.0495e-01     9.3885      5.341      7.746    11.0079   999.6485 0.0000e+00
      5.465      0.084     5.1416     46.642     41.063  29.575003     2.0309      6.596   268.0637 2.8782e-01     9.3327      5.360      7.774    11.0090   999.6485 0.0000e+00
      5.482      0.078     5.1404     46.631     41.080  29.587213     2.0503      6.595   268.0937 2.8270e-01     9.2192      5.376      7.797    11.0094   999.6486 0.0000e+00
      5.501      0.070     5.1407     46.634     41.066  29.576933     2.0554      6.592   268.1287 2.8078e-01     9.1628      5.394      7.823    11.0089   999.6487 0.0000e+00
      5.521      0.064     5.1379     46.608     41.066  29.577613     2.0583      6.590   268.1432 2.6486e-01     9.2078      5.416      7.855    11.0091   999.6488 0.0000e+00
      5.540      0.061     5.1344     46.576     41.091  29.595443     2.0592      6.588   268.6129 2.4107e-01     9.2727      5.436      7.884    11.0098   999.6488 0.0000e+00
      5.552      0.063     5.1331     46.565     41.100  29.602157     2.0404      6.586   269.6779 2.2985e-01     9.2913      5.445      7.899    11.0095   999.6489 0.0000e+00
      5.561      0.069     5.1345     46.578     41.090  29.595331     2.0220      6.581   270.4373 2.2878e-01     9.2365      5.451      7.907    11.0091   999.6489 0.0000e+00
      5.572      0.077     5.1370     46.601     41.063  29.576362     2.0100      6.577   270.3954 2.2635e-01     9.1670      5.461      7.921    11.0091   999.6490 0.0000e+00
      5.592      0.085     5.1370     46.599     41.047  29.563163     1.9817      6.575   270.1181 2.1922e-01     9.1401      5.479      7.947    11.0089   999.6491 0.0000e+00
      5.622      0.090     5.1357     46.586     41.048  29.562643     1.9314      6.574   270.0952 2.0517e-01     9.1409      5.511      7.993    11.0088   999.6493 0.0000e+00
      5.657      0.091     5.1381     46.606     41.060  29.570074     1.8962      6.573   270.1191 1.8491e-01     9.1762      5.551      8.051    11.0102   999.6493 0.0000e+00
      5.685      0.086     5.1435     46.655     41.089  29.589562     1.8854      6.571   270.0627 1.5842e-01     9.2064      5.579      8.092    11.0111   999.6493 0.0000e+00
      5.703      0.079     5.1470     46.685     41.115  29.607917     1.8796      6.570   270.0147 1.4331e-01     9.2434      5.595      8.115    11.0089   999.6496 0.0000e+00
      5.715      0.071     5.1470     46.684     41.107  29.601629     1.8694      6.569   269.9696 1.4904e-01     9.5581      5.606      8.131    11.0066   999.6499 0.0000e+00
      5.727      0.066     5.1456     46.671     41.072  29.576987     1.8483      6.568   269.9485 1.5516e-01    10.0619      5.615      8.144    11.0057   999.6501 0.0000e+00
      5.742      0.064     5.1430     46.649     41.052  29.563786     1.8242      6.567   270.0174 1.5023e-01    10.3206      5.629      8.164    11.0048   999.6502 0.0000e+00
      5.761      0.064     5.1391     46.615     41.058  29.568930     1.8118      6.566   270.5438 1.3837e-01    10.3591      5.649      8.194    11.0034   999.6505 0.0000e+00
      5.781      0.063     5.1332     46.562     41.067  29.575729     1.8024      6.565   271.3230 1.2822e-01    10.1345      5.671      8.225    11.0029   999.6507 0.0000e+00
      5.800      0.061     5.1261     46.498     41.077  29.582536     1.7799      6.564   271.6094 1.2754e-01     9.7024      5.690      8.252    11.0036   999.6506 0.0000e+00
      5.815      0.056     5.1216     46.458     41.083  29.587779     1.7655      6.564   271.5109 1.3027e-01     9.4927      5.703      8.272    11.0042   999.6507 0.0000e+00
      5.827      0.051     5.1198     46.444     41.064  29.575676     1.7582      6.563   271.3369 1.2880e-01     9.4681      5.714      8.288    11.0059   999.6506 0.0000e+00
      5.837      0.048     5.1204     46.451     41.044  29.563100     1.7085      6.561   271.2265 1.2696e-01     9.4048      5.725      8.304    11.0071   999.6505 0.0000e+00
      5.847      0.047     5.1244     46.490     41.042  29.562627     1.6329      6.560   271.3809 1.2526e-01     9.2840      5.733      8.315    11.0061   999.6506 0.0000e+00
      5.857      0.048     5.1292     46.537     41.047  29.569959     1.5981      6.559   272.1712 1.2372e-01     9.1876      5.743      8.328    11.0069   999.6506 0.0000e+00
      5.871      0.051     5.1331     46.578     41.067  29.588303     1.5914      6.559   273.3818 1.2360e-01     9.1565      5.758      8.351    11.0095   999.6504 0.0000e+00
      5.886      0.055     5.1364     46.611     41.072  29.594072     1.5864      6.559   273.8869 1.2360e-01     9.1706      5.773      8.373    11.0111   999.6503 0.0000e+00
      5.900      0.057     5.1394     46.635     41.050  29.576257     1.5816      6.557   273.5464 1.2363e-01     9.2269      5.787      8.393    11.0118   999.6502 0.0000e+00
      5.915      0.057     5.1413     46.648     41.037  29.563265     1.5760      6.556   273.1369 1.2364e-01     9.2472      5.800      8.412    11.0156   999.6499 0.0000e+00
      5.931      0.054     5.1408     46.640     41.042  29.563890     1.5800      6.555   273.1512 1.2361e-01     9.2199      5.815      8.434    11.0230   999.6492 0.0000e+00
      5.948      0.053     5.1402     46.637     41.068  29.583804     1.6038      6.554   273.6337 1.2356e-01     9.2572      5.835      8.462    11.0258   999.6490 0.0000e+00
      5.961      0.053     5.1397     46.643     41.098  29.613685     1.6376      6.552   274.3248 1.2352e-01     9.3697      5.849      8.482    11.0226   999.6495 0.0000e+00
      5.970      0.053     5.1385     46.644     41.077  29.607925     1.6502      6.551   274.8818 1.2350e-01     9.4329      5.854      8.490    11.0167   999.6501 0.0000e+00
      5.980      0.053     5.1382     46.643     41.034  29.577617     1.6523      6.549   275.2918 1.2352e-01     9.4327      5.861      8.501    11.0132   999.6505 0.0000e+00
      5.995      0.056     5.1367     46.621     41.024  29.564512     1.6552      6.547   275.5825 1.2355e-01     9.4322      5.878      8.526    11.0121   999.6507 0.0000e+00
      6.012      0.061     5.1337     46.586     41.048  29.576371     1.7021      6.547   275.5580 1.2361e-01     9.4923      5.897      8.553    11.0230   999.6497 0.0000e+00
      6.027      0.067     5.1293     46.542     41.077  29.594083     1.8118      6.546   275.2539 1.2365e-01     9.6027      5.911      8.573    11.0431   999.6477 0.0000e+00
      6.043      0.072     5.1234     46.487     41.071  29.588303     1.8809      6.544   275.0025 1.2357e-01     9.6519      5.924      8.593    11.0424   999.6478 0.0000e+00
      6.062      0.075     5.1207     46.460     41.047  29.569938     1.8877      6.542   275.1846 1.2356e-01     9.6284      5.944      8.621    11.0291   999.6492 0.0000e+00
      6.084      0.076     5.1215     46.463     41.041  29.562398     1.8855      6.541   275.7356 1.2363e-01     9.5479      5.967      8.654    11.0220   999.6501 0.0000e+00
      6.105      0.078     5.1235     46.476     41.044  29.560573     1.8884      6.538   276.2438 1.2367e-01     9.4659      5.988      8.685    11.0196   999.6505 0.0000e+00
      6.125      0.079     5.1291     46.522     41.031  29.547875     1.8965      6.536   276.6829 1.2367e-01     9.4564      6.008      8.714    11.0191   999.6506 0.0000e+00
      6.144      0.078     5.1372     46.594     41.016  29.535760     1.8967      6.534   277.0869 1.2367e-01     9.4658      6.025      8.739    11.0174   999.6508 0.0000e+00
      6.164      0.076     5.1432     46.648     41.023  29.541002     1.8910      6.532   276.5686 1.2364e-01     9.4158      6.044      8.766    11.0134   999.6513 0.0000e+00
      6.185      0.074     5.1485     46.697     41.033  29.547810     1.8888      6.530   275.4073 1.2360e-01     9.3098      6.066      8.799    11.0079   999.6520 0.0000e+00
      6.204      0.072     5.1552     46.757     41.043  29.554620     1.8872      6.529   275.1764 1.2363e-01     9.2662      6.085      8.826    11.0029   999.6526 0.0000e+00
      6.221      0.071     5.1581     46.782     41.052  29.559877     1.8888      6.528   275.5836 1.2365e-01     9.2818      6.101      8.849    11.0018   999.6528 0.0000e+00
      6.238      0.070     5.1577     46.777     41.037  29.547925     1.8734      6.527   276.0288 1.2364e-01     9.2696      6.117      8.872    11.0022   999.6528 0.0000e+00
      6.255      0.070     5.1601     46.798     41.022  29.537013     1.8402      6.524   276.6022 1.2364e-01     9.2496      6.134      8.897    11.0017   999.6529 0.0000e+00
      6.273      0.072     5.1635     46.828     41.048  29.554847     1.8251      6.522   276.4073 1.2364e-01     9.2371      6.152      8.923    11.0015   999.6530 0.0000e+00
      6.291      0.077     5.1645     46.837     41.074  29.573192     1.8210      6.521   275.3925 1.2366e-01     9.2483      6.170      8.949    11.0008   999.6532 0.0000e+00
