Data/DataNotYetUploadedToEDI/Raw_CTD/2019_RawDownloads/071519_fcr50.cnv
* Sea-Bird SBE19plus  Data File:
* FileName = C:\DATA\071519_fcr50_0001.hex
* Software version 2.8.0.119 SB_Terminal.dll
* Temperature SN = 7809
* Conductivity SN = 7809
* System UpLoad Time = Jul 15 2019 09:55:34
* <ApplicationData>
* <Seaterm232>
# nquan = 16
# nvalues = 831                         
# units = specified
# name 0 = depFM: Depth [fresh water, m]
# name 1 = dz/dtM: Descent Rate [m/s]
# name 2 = sbeox0Mg/L: Oxygen, SBE 43 [mg/l]
# name 3 = sbeox0PS: Oxygen, SBE 43 [% saturation]
# name 4 = specc: Specific Conductance [uS/cm]
# name 5 = c0uS/cm: Conductivity [uS/cm]
# name 6 = flECO-AFL: Fluorescence, WET Labs ECO-AFL/FL [mg/m^3]
# name 7 = ph: pH
# name 8 = orp: Oxidation Reduction Potential [mV]
# name 9 = par/sat/log: PAR/Logarithmic, Satlantic
# name 10 = turbWETntu0: Turbidity, WET Labs ECO [NTU]
# name 11 = prdM: Pressure, Strain Gauge [db]
# name 12 = prdE: Pressure, Strain Gauge [psi]
# name 13 = tv290C: Temperature [ITS-90, deg C]
# name 14 = density00: Density [density, kg/m^3]
# name 15 = flag:  0.000e+00
# span 0 =     -0.540,      9.688       
# span 1 =     -0.656,      0.186       
# span 2 =     1.1959,    14.4142       
# span 3 =     11.016,    166.555       
# span 4 =      0.327,     41.400       
# span 5 =   0.348787,  39.055808       
# span 6 =    -0.1386,     6.5059       
# span 7 =      6.332,      7.840       
# span 8 = -1240.7455,   427.0536       
# span 9 = 1.2346e-01, 2.2161e+02       
# span 10 =    -0.6245,    55.0074      
# span 11 =     -0.529,      9.501      
# span 12 =     -0.768,     13.780      
# span 13 =    10.9711,    28.3099      
# span 14 =   996.1541,   999.6713      
# span 15 = 0.0000e+00, 0.0000e+00      
# interval = seconds: 0.25
# start_time = Jul 15 2019 09:44:04 [Instrument's time stamp, header]
# bad_flag = -9.990e-29
*END*
[from data line 633]
      6.331      0.087     5.1672     46.860     41.058  29.561131     1.8652      6.517   274.9406 1.2362e-01     9.2141      6.207      9.003    10.9986   999.6536 0.0000e+00
      6.354      0.091     5.1673     46.861     41.040  29.547979     1.8814      6.515   275.3532 1.2356e-01     9.1851      6.230      9.036    10.9980   999.6538 0.0000e+00
      6.380      0.093     5.1654     46.844     41.024  29.536348     1.8914      6.514   275.9465 1.2354e-01     9.2317      6.256      9.074    10.9971   999.6540 0.0000e+00
      6.408      0.093     5.1639     46.831     41.039  29.547413     1.8991      6.512   276.3496 1.2359e-01     9.2537      6.284      9.115    10.9964   999.6542 0.0000e+00
      6.433      0.091     5.1631     46.825     41.049  29.554849     1.9226      6.511   276.4416 1.2361e-01     9.1889      6.310      9.151    10.9962   999.6543 0.0000e+00
      6.454      0.086     5.1631     46.824     41.059  29.562810     1.9765      6.510   276.3704 1.2360e-01     9.1688      6.330      9.181    10.9962   999.6544 0.0000e+00
      6.475      0.079     5.1608     46.804     41.082  29.580220     2.0133      6.508   276.2634 1.2359e-01     9.2078      6.349      9.209    10.9967   999.6544 0.0000e+00
      6.495      0.072     5.1548     46.749     41.075  29.574990     2.0201      6.508   276.2661 1.2356e-01     9.2336      6.370      9.239    10.9974   999.6545 0.0000e+00
      6.513      0.067     5.1489     46.696     41.058  29.563029     1.9897      6.507   276.3178 1.2355e-01     9.3170      6.389      9.267    10.9977   999.6546 0.0000e+00
      6.528      0.064     5.1451     46.664     41.055  29.562509     1.9239      6.504   276.4579 1.2352e-01     9.4632      6.403      9.286    10.9980   999.6546 0.0000e+00
      6.541      0.063     5.1422     46.640     41.062  29.568703     1.8911      6.502   277.0992 1.2347e-01     9.5263      6.413      9.301    10.9983   999.6546 0.0000e+00
      6.555      0.066     5.1403     46.624     41.068  29.574463     1.8970      6.500   277.9636 1.2347e-01     9.4896      6.427      9.322    10.9978   999.6547 0.0000e+00
      6.571      0.073     5.1412     46.634     41.058  29.568704     1.9263      6.499   278.3048 1.2352e-01     9.4460      6.445      9.348    10.9977   999.6548 0.0000e+00
      6.589      0.081     5.1455     46.675     41.048  29.562520     1.9765      6.497   278.3855 1.2357e-01     9.4243      6.459      9.370    11.0008   999.6545 0.0000e+00
      6.610      0.088     5.1512     46.725     41.050  29.563144     2.0014      6.495   278.5086 1.2358e-01     9.4238      6.478      9.396    11.0036   999.6544 0.0000e+00
      6.637      0.093     5.1580     46.784     41.071  29.576250     2.0101      6.493   278.5029 1.2358e-01     9.4401      6.508      9.439    11.0036   999.6546 0.0000e+00
      6.667      0.095     5.1660     46.854     41.099  29.594075     2.0386      6.491   278.7468 1.2356e-01     9.3920      6.539      9.484    11.0059   999.6544 0.0000e+00
      6.694      0.094     5.1729     46.914     41.093  29.588307     2.0680      6.489   279.3926 1.2356e-01     9.2684      6.565      9.522    11.0084   999.6543 0.0000e+00
      6.717      0.088     5.1758     46.939     41.069  29.569952     2.0712      6.487   279.7723 1.2361e-01     9.1912      6.587      9.553    11.0067   999.6546 0.0000e+00
      6.738      0.078     5.1750     46.932     41.059  29.562516     2.0601      6.486   279.8098 1.2361e-01     9.1793      6.608      9.583    11.0032   999.6550 0.0000e+00
      6.759      0.070     5.1737     46.920     41.058  29.561845     2.0200      6.486   279.8453 1.2360e-01     9.1898      6.630      9.616    11.0003   999.6555 0.0000e+00
      6.774      0.064     5.1713     46.899     41.058  29.561836     1.9425      6.486   279.7725 1.2361e-01     9.1874      6.645      9.637    10.9985   999.6557 0.0000e+00
      6.784      0.060     5.1666     46.857     41.058  29.562413     1.8942      6.485   279.4455 1.2363e-01     9.1500      6.652      9.648    10.9975   999.6558 0.0000e+00
      6.797      0.056     5.1610     46.809     41.063  29.568819     1.8865      6.485   279.2469 1.2363e-01     9.1305      6.665      9.667    10.9974   999.6559 0.0000e+00
      6.813      0.055     5.1558     46.765     41.068  29.575835     1.8849      6.484   279.5225 1.2362e-01     9.1487      6.682      9.691    10.9973   999.6560 0.0000e+00
      6.828      0.056     5.1520     46.735     41.075  29.583797     1.9009      6.483   279.7663 1.2360e-01     9.2388      6.697      9.713    10.9969   999.6561 0.0000e+00
      6.843      0.057     5.1482     46.705     41.096  29.601630     1.9322      6.482   279.7856 1.2361e-01     9.3685      6.712      9.734    10.9974   999.6561 0.0000e+00
      6.857      0.059     5.1448     46.677     41.092  29.601100     1.9507      6.482   279.8411 1.2362e-01     9.4059      6.724      9.753    11.0009   999.6558 0.0000e+00
      6.870      0.059     5.1436     46.665     41.061  29.577394     1.9516      6.481   279.8356 1.2358e-01     9.3964      6.736      9.770    11.0058   999.6554 0.0000e+00
      6.885      0.059     5.1431     46.656     41.053  29.568808     1.9077      6.479   279.8059 1.2357e-01     9.3840      6.751      9.791    11.0089   999.6552 0.0000e+00
      6.903      0.060     5.1413     46.635     41.047  29.560733     1.8278      6.478   279.9114 1.2357e-01     9.3213      6.769      9.818    11.0128   999.6549 0.0000e+00
      6.919      0.061     5.1395     46.614     41.027  29.543210     1.7828      6.477   279.9932 1.2360e-01     9.2617      6.786      9.842    11.0168   999.6545 0.0000e+00
      6.933      0.063     5.1371     46.590     41.036  29.547300     1.7719      6.477   280.0203 1.2361e-01     9.2531      6.800      9.862    11.0151   999.6547 0.0000e+00
      6.948      0.063     5.1331     46.552     41.037  29.546732     1.7565      6.475   280.0665 1.2356e-01     9.3480      6.813      9.881    11.0093   999.6554 0.0000e+00
      6.963      0.063     5.1319     46.539     41.024  29.536338     1.7349      6.473   280.0364 1.2353e-01     9.5247      6.827      9.902    11.0050   999.6559 0.0000e+00
      6.981      0.062     5.1324     46.543     41.042  29.548537     1.7100      6.473   280.0006 1.2353e-01     9.6196      6.845      9.929    11.0018   999.6563 0.0000e+00
      6.998      0.060     5.1322     46.539     41.070  29.567321     1.6903      6.473   280.3224 1.2351e-01     9.6438      6.863      9.954    10.9990   999.6567 0.0000e+00
      7.015      0.057     5.1352     46.566     41.079  29.573090     1.7383      6.471   280.8293 1.2359e-01     9.6207      6.879      9.977    10.9975   999.6569 0.0000e+00
      7.031      0.055     5.1422     46.629     41.054  29.554841     1.8398      6.468   280.9673 1.2372e-01     9.5363      6.896     10.002    10.9967   999.6570 0.0000e+00
      7.043      0.054     5.1482     46.683     41.029  29.537026     1.8864      6.468   280.8716 1.2373e-01     9.4759      6.908     10.019    10.9951   999.6573 0.0000e+00
      7.052      0.054     5.1527     46.724     41.044  29.548043     1.8858      6.468   280.7051 1.2371e-01     9.4474      6.914     10.028    10.9929   999.6576 0.0000e+00
      7.063      0.058     5.1589     46.779     41.063  29.561149     1.9278      6.467   280.6747 1.2363e-01     9.3876      6.924     10.043    10.9922   999.6577 0.0000e+00
      7.079      0.064     5.1654     46.839     41.074  29.568581     2.0132      6.465   281.2787 1.2351e-01     9.2777      6.941     10.067    10.9930   999.6577 0.0000e+00
      7.097      0.072     5.1680     46.862     41.082  29.574454     2.0680      6.464   282.1570 1.2354e-01     9.2333      6.959     10.094    10.9928   999.6577 0.0000e+00
      7.116      0.078     5.1657     46.841     41.074  29.568694     2.0789      6.462   282.6041 1.2368e-01     9.2434      6.977     10.119    10.9918   999.6579 0.0000e+00
      7.138      0.083     5.1625     46.813     41.065  29.562397     2.0669      6.460   282.7271 1.2372e-01     9.2038      6.999     10.152    10.9917   999.6581 0.0000e+00
      7.163      0.085     5.1605     46.795     41.064  29.561762     2.0019      6.459   282.7835 1.2365e-01     9.1809      7.026     10.190    10.9918   999.6582 0.0000e+00
      7.186      0.085     5.1591     46.782     41.063  29.561024     1.8989      6.459   282.7704 1.2360e-01     9.1958      7.049     10.224    10.9917   999.6583 0.0000e+00
      7.207      0.084     5.1572     46.765     41.053  29.553469     1.8444      6.458   282.9123 1.2365e-01     9.2196      7.068     10.251    10.9917   999.6584 0.0000e+00
      7.227      0.084     5.1551     46.745     41.026  29.533867     1.8383      6.456   283.4666 1.2367e-01     9.2400      7.086     10.279    10.9923   999.6584 0.0000e+00
      7.247      0.085     5.1556     46.748     41.000  29.514368     1.8593      6.454   283.9663 1.2364e-01     9.2123      7.108     10.309    10.9926   999.6585 0.0000e+00
      7.267      0.085     5.1593     46.782     40.992  29.508075     1.9071      6.452   284.0494 1.2364e-01     9.1794      7.125     10.334    10.9916   999.6587 0.0000e+00
      7.289      0.084     5.1647     46.831     41.009  29.521228     1.9397      6.451   284.0406 1.2367e-01     9.1702      7.145     10.364    10.9915   999.6588 0.0000e+00
      7.315      0.081     5.1691     46.872     41.044  29.546494     1.9506      6.452   284.0329 1.2364e-01     9.1657      7.175     10.407    10.9913   999.6590 0.0000e+00
      7.339      0.077     5.1715     46.893     41.062  29.559760     1.9692      6.452   283.9569 1.2357e-01     9.1907      7.200     10.444    10.9902   999.6592 0.0000e+00
      7.356      0.074     5.1731     46.908     41.055  29.554716     1.9994      6.449   283.5512 1.2357e-01     9.2440      7.215     10.465    10.9902   999.6592 0.0000e+00
      7.370      0.072     5.1756     46.930     41.047  29.548958     2.0129      6.448   282.9993 1.2362e-01     9.2859      7.226     10.481    10.9910   999.6592 0.0000e+00
      7.385      0.073     5.1781     46.954     41.054  29.553591     2.0025      6.446   283.0493 1.2364e-01     9.2712      7.240     10.501    10.9914   999.6592 0.0000e+00
      7.402      0.078     5.1796     46.966     41.046  29.547285     1.9337      6.443   283.4673 1.2359e-01     9.2622      7.258     10.527    10.9917   999.6593 0.0000e+00
      7.422      0.086     5.1788     46.959     41.031  29.536165     1.8231      6.440   283.9233 1.2352e-01     9.3416      7.279     10.557    10.9916   999.6594 0.0000e+00
      7.445      0.092     5.1767     46.939     41.045  29.546037     1.7750      6.440   284.4320 1.2352e-01     9.4120      7.299     10.587    10.9914   999.6595 0.0000e+00
      7.472      0.094     5.1745     46.920     41.036  29.539739     1.7763      6.438   283.9400 1.2352e-01     9.4259      7.326     10.626    10.9912   999.6597 0.0000e+00
      7.503      0.094     5.1715     46.892     41.014  29.523473     1.7693      6.436   282.5342 1.2347e-01     9.3778      7.360     10.675    10.9902   999.6599 0.0000e+00
      7.529      0.092     5.1679     46.858     41.037  29.539728     1.7607      6.436   281.8897 1.2349e-01     9.2562      7.387     10.713    10.9895   999.6601 0.0000e+00
      7.548      0.089     5.1651     46.832     41.047  29.545922     1.7578      6.436   281.9982 1.2352e-01     9.2005      7.402     10.736    10.9897   999.6602 0.0000e+00
      7.567      0.084     5.1634     46.816     41.032  29.534906     1.7612      6.435   282.4691 1.2355e-01     9.2291      7.419     10.761    10.9899   999.6603 0.0000e+00
      7.588      0.080     5.1628     46.811     41.030  29.533432     1.7759      6.435   283.2817 1.2360e-01     9.2413      7.441     10.792    10.9893   999.6604 0.0000e+00
      7.609      0.077     5.1633     46.814     41.023  29.528097     1.7974      6.435   283.4767 1.2365e-01     9.2499      7.463     10.824    10.9885   999.6606 0.0000e+00
      7.630      0.075     5.1626     46.808     41.032  29.533867     1.8121      6.434   282.8485 1.2365e-01     9.2677      7.483     10.854    10.9879   999.6608 0.0000e+00
      7.649      0.073     5.1604     46.788     41.039  29.539740     1.8231      6.433   282.3113 1.2364e-01     9.2602      7.502     10.881    10.9873   999.6609 0.0000e+00
      7.667      0.071     5.1607     46.791     41.033  29.535650     1.8360      6.431   282.2299 1.2362e-01     9.2241      7.519     10.906    10.9868   999.6611 0.0000e+00
      7.682      0.069     5.1638     46.821     41.049  29.547868     1.8807      6.431   282.2941 1.2358e-01     9.2242      7.533     10.926    10.9866   999.6611 0.0000e+00
      7.698      0.068     5.1658     46.840     41.065  29.560568     1.9656      6.430   282.3127 1.2354e-01     9.3277      7.548     10.947    10.9866   999.6612 0.0000e+00
      7.717      0.065     5.1656     46.840     41.065  29.562289     2.0130      6.429   282.2835 1.2356e-01     9.4595      7.568     10.977    10.9871   999.6612 0.0000e+00
      7.736      0.063     5.1654     46.841     41.073  29.568687     2.0113      6.428   282.7160 1.2363e-01     9.5072      7.587     11.004    10.9877   999.6612 0.0000e+00
      7.752      0.061     5.1666     46.853     41.079  29.574465     2.0141      6.427   283.4970 1.2368e-01     9.4781      7.603     11.027    10.9884   999.6613 0.0000e+00
      7.767      0.060     5.1700     46.887     41.067  29.568698     2.0207      6.427   283.7250 1.2360e-01     9.4351      7.618     11.049    10.9899   999.6612 0.0000e+00
      7.778      0.059     5.1741     46.932     41.051  29.562418     2.0215      6.427   283.6661 1.2356e-01     9.4461      7.628     11.063    10.9915   999.6611 0.0000e+00
      7.791      0.058     5.1746     46.943     41.042  29.561991     2.0149      6.426   283.6446 1.2361e-01     9.4811      7.639     11.078    10.9926   999.6610 0.0000e+00
      7.809      0.058     5.1737     46.939     41.041  29.563541     2.0012      6.426   283.6381 1.2361e-01     9.3983      7.658     11.106    10.9943   999.6610 0.0000e+00
      7.826      0.058     5.1756     46.954     41.069  29.581167     1.9947      6.425   284.3620 1.2359e-01     9.2308      7.677     11.135    10.9968   999.6608 0.0000e+00
      7.841      0.059     5.1760     46.951     41.080  29.584743     1.9973      6.423   285.5997 1.2360e-01     9.1611      7.690     11.153    11.0038   999.6601 0.0000e+00
      7.854      0.060     5.1720     46.908     41.029  29.543317     1.9985      6.422   286.2137 1.2360e-01     9.1780      7.702     11.171    11.0140   999.6591 0.0000e+00
      7.868      0.060     5.1666     46.852     41.010  29.524447     1.9913      6.422   286.2787 1.2357e-01     9.2387      7.716     11.191    11.0164   999.6589 0.0000e+00
      7.883      0.061     5.1621     46.806     41.047  29.546943     1.9703      6.421   286.3859 1.2358e-01     9.3382      7.730     11.210    11.0118   999.6595 0.0000e+00
      7.899      0.061     5.1594     46.777     41.071  29.561505     1.9531      6.419   286.3911 1.2364e-01     9.3969      7.745     11.233    11.0067   999.6601 0.0000e+00
      7.917      0.060     5.1600     46.781     41.090  29.573609     1.9570      6.417   286.1697 1.2366e-01     9.4573      7.764     11.262    11.0004   999.6608 0.0000e+00
      7.935      0.060     5.1629     46.806     41.082  29.566380     1.9565      6.416   286.2907 1.2362e-01     9.4783      7.783     11.289    10.9938   999.6616 0.0000e+00
      7.950      0.062     5.1660     46.832     41.042  29.537548     1.9049      6.415   286.8215 1.2358e-01     9.3566      7.797     11.309    10.9885   999.6622 0.0000e+00
      7.961      0.066     5.1710     46.877     41.050  29.542268     1.8187      6.414   287.1671 1.2361e-01     9.2307      7.807     11.324    10.9854   999.6626 0.0000e+00
