Data/DataNotYetUploadedToEDI/Raw_CTD/2019_RawDownloads/081419_bvr50.cnv
* Sea-Bird SBE19plus  Data File:
* FileName = C:\DATA\081419_bvr50_0002.hex
* Software version 2.8.0.119 SB_Terminal.dll
* Temperature SN = 7809
* Conductivity SN = 7809
* System UpLoad Time = Aug 14 2019 13:53:58
* <ApplicationData>
* <Seaterm232>
# nquan = 16
# nvalues = 1145                        
# units = specified
# name 0 = depFM: Depth [fresh water, m]
# name 1 = dz/dtM: Descent Rate [m/s]
# name 2 = sbeox0Mg/L: Oxygen, SBE 43 [mg/l]
# name 3 = sbeox0PS: Oxygen, SBE 43 [% saturation]
# name 4 = specc: Specific Conductance [uS/cm]
# name 5 = c0uS/cm: Conductivity [uS/cm]
# name 6 = flECO-AFL: Fluorescence, WET Labs ECO-AFL/FL [mg/m^3]
# name 7 = ph: pH
# name 8 = orp: Oxidation Reduction Potential [mV]
# name 9 = par/sat/log: PAR/Logarithmic, Satlantic
# name 10 = turbWETntu0: Turbidity, WET Labs ECO [NTU]
# name 11 = prdM: Pressure, Strain Gauge [db]
# name 12 = prdE: Pressure, Strain Gauge [psi]
# name 13 = tv290C: Temperature [ITS-90, deg C]
# name 14 = density00: Density [density, kg/m^3]
# name 15 = flag:  0.000e+00
# span 0 =     -0.712,     10.427       
# span 1 =     -0.013,      0.127       
# span 2 =     0.0553,     8.3994       
# span 3 =      0.476,    106.443       
# span 4 =      0.997,    175.564       
# span 5 =   1.131508, 118.608113       
# span 6 =    -0.5408,    28.9731       
# span 7 =      6.443,      9.288       
# span 8 = -1240.7455,   377.7653       
# span 9 = 1.2336e-01, 2.8991e+03       
# span 10 =    -1.0029,     9.5801      
# span 11 =     -0.698,     10.226      
# span 12 =     -1.013,     14.832      
# span 13 =     8.7296,    31.7728      
# span 14 =   995.1075,   999.9159      
# span 15 = 0.0000e+00, 0.0000e+00      
# interval = seconds: 0.25
# start_time = Aug 14 2019 13:39:39 [Instrument's time stamp, header]
# bad_flag = -9.990e-29
*END*
[from data line 362]
      0.938      0.031     7.5064     94.876     27.140  28.441651     1.8992      7.463   275.8136 7.1059e+02     1.1063      0.921      1.335    27.3933   996.4260 0.0000e+00
      0.945      0.036     7.5011     94.805     27.143  28.443787     1.8997      7.463   275.7713 6.7694e+02     1.0823      0.925      1.342    27.3941   996.4258 0.0000e+00
      0.956      0.041     7.4930     94.698     27.149  28.448504     1.9388      7.462   275.8388 6.6624e+02     1.0131      0.936      1.358    27.3951   996.4256 0.0000e+00
      0.968      0.046     7.4865     94.609     27.138  28.435239     2.0253      7.460   275.9415 6.7024e+02     0.9897      0.950      1.378    27.3942   996.4259 0.0000e+00
      0.979      0.050     7.4792     94.508     27.118  28.410283     2.0698      7.456   275.9803 6.4017e+02     1.0287      0.959      1.392    27.3920   996.4266 0.0000e+00
      0.991      0.052     7.4742     94.428     27.113  28.400552     2.0703      7.454   276.0507 6.1625e+02     1.0593      0.971      1.408    27.3901   996.4272 0.0000e+00
      1.006      0.051     7.4797     94.479     27.101  28.381013     2.0395      7.452   276.1898 6.3764e+02     1.0651      0.986      1.430    27.3864   996.4283 0.0000e+00
      1.023      0.047     7.4937     94.639     27.090  28.364372     1.9832      7.451   276.1988 6.5445e+02     1.0658      1.006      1.459    27.3827   996.4294 0.0000e+00
      1.038      0.041     7.5059     94.783     27.117  28.389677     1.9537      7.450   276.0742 6.1130e+02     1.0679      1.021      1.481    27.3785   996.4305 0.0000e+00
      1.048      0.033     7.5108     94.840     27.160  28.433184     1.9596      7.450   275.9738 5.9210e+02     1.0907      1.029      1.492    27.3682   996.4335 0.0000e+00
      1.053      0.027     7.5076     94.798     27.173  28.446279     1.9590      7.449   275.9313 6.3429e+02     1.1119      1.034      1.499    27.3552   996.4372 0.0000e+00
      1.056      0.024     7.4991     94.691     27.149  28.421124     1.9293      7.448   276.0770 6.8954e+02     1.0948      1.036      1.503    27.3450   996.4400 0.0000e+00
      1.058      0.026     7.4906     94.585     27.112  28.382820     1.9042      7.445   276.3583 7.0432e+02     1.0812      1.038      1.505    27.3386   996.4418 0.0000e+00
      1.061      0.033     7.4845     94.505     27.095  28.363830     1.9072      7.442   276.4934 6.8627e+02     1.0778      1.039      1.507    27.3360   996.4425 0.0000e+00
      1.068      0.042     7.4798     94.435     27.115  28.381847     1.9225      7.441   276.5924 6.8397e+02     1.0540      1.044      1.515    27.3360   996.4426 0.0000e+00
      1.083      0.052     7.4759     94.371     27.147  28.410317     1.9926      7.438   276.7814 6.2517e+02     1.0224      1.060      1.538    27.3371   996.4424 0.0000e+00
      1.102      0.061     7.4735     94.326     27.133  28.390820     2.1140      7.433   276.8850 5.8133e+02     0.9914      1.082      1.570    27.3378   996.4422 0.0000e+00
      1.121      0.067     7.4762     94.350     27.083  28.336445     2.1846      7.430   276.8984 5.9216e+02     0.9731      1.100      1.596    27.3368   996.4426 0.0000e+00
      1.138      0.068     7.4840     94.443     27.073  28.323870     2.2053      7.429   276.8578 5.5661e+02     0.9977      1.115      1.618    27.3313   996.4442 0.0000e+00
      1.156      0.064     7.4900     94.518     27.114  28.365669     2.2516      7.428   276.8236 5.3529e+02     1.0269      1.133      1.642    27.3204   996.4473 0.0000e+00
      1.175      0.057     7.4905     94.525     27.144  28.397716     2.3277      7.427   276.9154 5.4105e+02     1.0319      1.153      1.673    27.3110   996.4500 0.0000e+00
      1.192      0.048     7.4877     94.491     27.140  28.394121     2.3713      7.425   277.0209 5.7789e+02     1.0571      1.170      1.697    27.3050   996.4517 0.0000e+00
      1.203      0.038     7.4851     94.459     27.132  28.385646     2.3800      7.424   277.0670 6.2160e+02     1.1030      1.181      1.713    27.3018   996.4526 0.0000e+00
      1.209      0.031     7.4834     94.442     27.105  28.358689     2.3905      7.422   277.2154 5.5835e+02     1.1284      1.187      1.722    27.3017   996.4527 0.0000e+00
      1.212      0.027     7.4823     94.433     27.068  28.321976     2.3940      7.419   277.4383 4.7418e+02     1.1022      1.188      1.724    27.3024   996.4526 0.0000e+00
      1.213      0.028     7.4785     94.388     27.068  28.322430     2.3872      7.416   277.6105 4.6355e+02     1.0477      1.189      1.725    27.3033   996.4523 0.0000e+00
      1.218      0.034     7.4700     94.278     27.108  28.364177     2.3770      7.413   277.7492 4.9125e+02     1.0268      1.192      1.729    27.3040   996.4521 0.0000e+00
      1.228      0.042     7.4611     94.159     27.128  28.382614     2.2889      7.411   277.8242 5.0189e+02     1.0448      1.202      1.744    27.3051   996.4518 0.0000e+00
      1.242      0.050     7.4567     94.094     27.104  28.355014     2.1199      7.411   277.8291 4.8411e+02     1.0691      1.219      1.766    27.3098   996.4505 0.0000e+00
      1.258      0.056     7.4594     94.118     27.101  28.347683     2.0240      7.411   277.8089 4.7487e+02     1.0593      1.234      1.789    27.3140   996.4495 0.0000e+00
      1.276      0.058     7.4672     94.206     27.114  28.357418     2.0049      7.411   277.8384 4.7022e+02     1.0246      1.253      1.817    27.3098   996.4508 0.0000e+00
      1.293      0.058     7.4751     94.298     27.104  28.345814     1.9668      7.411   277.8414 4.7715e+02     1.0430      1.270      1.841    27.3052   996.4521 0.0000e+00
      1.307      0.057     7.4819     94.381     27.094  28.334274     1.9192      7.411   277.7587 4.7895e+02     1.0855      1.281      1.858    27.3023   996.4529 0.0000e+00
      1.320      0.056     7.4902     94.483     27.105  28.344777     1.8973      7.411   277.6983 4.6087e+02     1.0792      1.295      1.878    27.2932   996.4555 0.0000e+00
      1.333      0.057     7.4985     94.583     27.107  28.345912     1.8923      7.410   277.7142 4.6332e+02     1.0652      1.308      1.897    27.2859   996.4577 0.0000e+00
      1.344      0.059     7.5008     94.605     27.112  28.348002     1.8943      7.410   277.7785 4.7340e+02     1.0805      1.317      1.911    27.2835   996.4584 0.0000e+00
      1.358      0.063     7.4963     94.540     27.136  28.370032     1.9123      7.410   277.8745 4.7358e+02     1.0998      1.330      1.929    27.2816   996.4588 0.0000e+00
      1.376      0.070     7.4897     94.449     27.127  28.358487     1.9363      7.408   278.1005 4.8828e+02     1.1014      1.350      1.957    27.2802   996.4594 0.0000e+00
      1.396      0.080     7.4865     94.401     27.106  28.335304     1.9508      7.404   278.3600 4.9073e+02     1.1000      1.370      1.989    27.2783   996.4600 0.0000e+00
      1.415      0.090     7.4881     94.418     27.115  28.343501     1.9568      7.398   278.6024 4.5605e+02     1.1160      1.386      2.011    27.2744   996.4611 0.0000e+00
      1.438      0.100     7.4911     94.453     27.104  28.330709     1.9747      7.393   278.7937 4.2565e+02     1.0971      1.407      2.039    27.2681   996.4630 0.0000e+00
      1.467      0.106     7.4932     94.478     27.083  28.307525     2.0112      7.388   278.7797 4.0925e+02     1.0690      1.439      2.087    27.2621   996.4648 0.0000e+00
      1.499      0.105     7.4944     94.491     27.092  28.316960     2.0248      7.386   278.6919 3.9800e+02     1.1040      1.471      2.133    27.2587   996.4659 0.0000e+00
      1.532      0.098     7.4958     94.508     27.093  28.317904     2.0184      7.386   278.5931 3.8701e+02     1.1268      1.501      2.177    27.2573   996.4664 0.0000e+00
      1.562      0.084     7.4991     94.550     27.094  28.318935     2.0980      7.386   278.5306 3.8087e+02     1.1152      1.534      2.226    27.2562   996.4669 0.0000e+00
      1.584      0.066     7.5028     94.598     27.104  28.329429     2.2503      7.387   278.6249 3.8322e+02     1.0952      1.559      2.261    27.2550   996.4673 0.0000e+00
      1.594      0.049     7.5055     94.633     27.093  28.317904     2.3257      7.389   278.7864 3.7352e+02     1.0489      1.566      2.271    27.2540   996.4676 0.0000e+00
      1.596      0.036     7.5066     94.647     27.082  28.306464     2.3336      7.389   278.9351 3.6490e+02     1.0460      1.565      2.270    27.2534   996.4678 0.0000e+00
      1.599      0.029     7.5058     94.638     27.092  28.318009     2.3797      7.389   279.0470 3.6210e+02     1.0938      1.567      2.273    27.2534   996.4678 0.0000e+00
      1.604      0.029     7.5056     94.635     27.104  28.330594     2.4587      7.389   279.1069 3.5580e+02     1.1026      1.573      2.280    27.2537   996.4678 0.0000e+00
      1.611      0.035     7.5069     94.651     27.105  28.331749     2.5007      7.388   279.1422 3.5250e+02     1.0865      1.579      2.291    27.2541   996.4677 0.0000e+00
      1.621      0.043     7.5078     94.662     27.105  28.331966     2.5058      7.386   279.2158 3.5004e+02     1.0625      1.588      2.305    27.2548   996.4675 0.0000e+00
      1.634      0.051     7.5052     94.630     27.107  28.333224     2.5117      7.385   279.3085 3.4631e+02     1.0424      1.600      2.321    27.2552   996.4675 0.0000e+00
      1.649      0.056     7.5002     94.565     27.121  28.346953     2.5191      7.385   279.3169 3.4378e+02     1.0739      1.616      2.344    27.2552   996.4676 0.0000e+00
      1.666      0.060     7.4975     94.530     27.144  28.371072     2.5172      7.384   279.3168 3.4210e+02     1.1150      1.634      2.370    27.2553   996.4676 0.0000e+00
      1.683      0.063     7.4983     94.538     27.144  28.371054     2.5065      7.383   279.3934 3.3936e+02     1.1130      1.650      2.394    27.2552   996.4677 0.0000e+00
      1.699      0.064     7.5014     94.577     27.122  28.346736     2.4945      7.382   279.4694 3.3471e+02     1.0826      1.666      2.417    27.2549   996.4678 0.0000e+00
      1.715      0.062     7.5066     94.643     27.107  28.330825     2.4669      7.381   279.4615 3.3162e+02     1.0749      1.681      2.439    27.2542   996.4681 0.0000e+00
      1.731      0.059     7.5090     94.672     27.082  28.305561     2.4239      7.381   279.4699 3.2949e+02     1.0850      1.698      2.462    27.2534   996.4684 0.0000e+00
      1.747      0.055     7.5025     94.589     27.072  28.295056     2.3905      7.381   279.5709 3.2599e+02     1.0745      1.714      2.486    27.2525   996.4687 0.0000e+00
      1.762      0.053     7.4916     94.452     27.107  28.330701     2.3666      7.381   279.6497 3.2475e+02     1.0790      1.730      2.508    27.2519   996.4689 0.0000e+00
      1.773      0.051     7.4835     94.350     27.131  28.355867     2.3427      7.381   279.7343 3.2308e+02     1.1063      1.740      2.523    27.2518   996.4690 0.0000e+00
      1.783      0.051     7.4780     94.280     27.121  28.345561     2.3282      7.382   279.8195 3.2209e+02     1.1090      1.748      2.534    27.2515   996.4692 0.0000e+00
      1.795      0.052     7.4757     94.252     27.109  28.332986     2.3288      7.383   279.8198 3.2287e+02     1.0790      1.759      2.550    27.2511   996.4693 0.0000e+00
      1.810      0.053     7.4783     94.285     27.107  28.330708     2.3331      7.384   279.7370 3.1957e+02     1.0391      1.774      2.573    27.2509   996.4695 0.0000e+00
      1.825      0.053     7.4811     94.320     27.094  28.318020     2.3891      7.384   279.6796 3.1807e+02     1.0196      1.790      2.596    27.2509   996.4695 0.0000e+00
      1.840      0.052     7.4788     94.290     27.083  28.306465     2.5024      7.383   279.7279 3.2027e+02     1.0397      1.804      2.616    27.2509   996.4696 0.0000e+00
      1.855      0.049     7.4711     94.193     27.095  28.317895     2.5675      7.383   279.8048 3.1774e+02     1.0858      1.820      2.640    27.2513   996.4695 0.0000e+00
      1.867      0.048     7.4618     94.075     27.106  28.329327     2.5777      7.383   280.0072 3.1082e+02     1.1183      1.832      2.658    27.2519   996.4694 0.0000e+00
      1.875      0.048     7.4568     94.012     27.095  28.317792     2.5917      7.382   280.2819 3.0729e+02     1.1050      1.837      2.666    27.2517   996.4695 0.0000e+00
      1.883      0.050     7.4579     94.024     27.083  28.305322     2.6157      7.382   280.3734 3.0696e+02     1.0889      1.844      2.675    27.2513   996.4696 0.0000e+00
      1.895      0.053     7.4614     94.069     27.083  28.305437     2.6329      7.380   280.4245 3.0465e+02     1.1208      1.857      2.693    27.2509   996.4698 0.0000e+00
      1.911      0.057     7.4678     94.149     27.096  28.319174     2.6355      7.377   280.5557 3.0199e+02     1.1299      1.874      2.717    27.2505   996.4700 0.0000e+00
      1.929      0.061     7.4787     94.285     27.121  28.344533     2.6299      7.375   280.6695 2.9918e+02     1.1007      1.892      2.744    27.2505   996.4701 0.0000e+00
      1.947      0.063     7.4906     94.433     27.135  28.358259     2.6258      7.374   280.7681 2.9498e+02     1.0951      1.911      2.771    27.2499   996.4703 0.0000e+00
      1.963      0.063     7.4997     94.545     27.135  28.358249     2.6290      7.373   280.8867 2.9541e+02     1.0949      1.926      2.793    27.2494   996.4705 0.0000e+00
      1.978      0.062     7.5063     94.626     27.123  28.344417     2.6337      7.373   281.0722 3.0259e+02     1.0982      1.940      2.813    27.2493   996.4706 0.0000e+00
      1.993      0.060     7.5103     94.673     27.099  28.317907     2.6316      7.372   281.2033 3.0979e+02     1.1023      1.953      2.834    27.2494   996.4707 0.0000e+00
      2.008      0.059     7.5103     94.672     27.074  28.291491     2.6292      7.372   281.1817 3.1016e+02     1.1123      1.968      2.856    27.2481   996.4711 0.0000e+00
      2.024      0.056     7.5054     94.610     27.062  28.278801     2.6312      7.372   281.0691 3.0174e+02     1.1203      1.986      2.880    27.2461   996.4718 0.0000e+00
      2.039      0.053     7.4945     94.472     27.074  28.291366     2.6292      7.372   281.0461 2.9564e+02     1.0998      2.001      2.902    27.2442   996.4723 0.0000e+00
      2.053      0.049     7.4815     94.309     27.098  28.316524     2.6224      7.373   281.1611 2.9841e+02     1.0948      2.014      2.920    27.2430   996.4726 0.0000e+00
      2.066      0.048     7.4706     94.172     27.110  28.329203     2.6177      7.373   281.1701 3.1083e+02     1.0921      2.028      2.940    27.2424   996.4729 0.0000e+00
      2.075      0.050     7.4604     94.043     27.099  28.317772     2.6245      7.372   281.1542 3.1969e+02     1.0681      2.036      2.953    27.2418   996.4731 0.0000e+00
      2.082      0.055     7.4527     93.947     27.087  28.305197     2.6350      7.370   281.3134 3.0534e+02     1.0664      2.040      2.958    27.2415   996.4732 0.0000e+00
      2.093      0.060     7.4520     93.939     27.086  28.304054     2.6320      7.370   281.5459 2.9522e+02     1.0711      2.050      2.973    27.2414   996.4733 0.0000e+00
      2.113      0.065     7.4569     93.999     27.086  28.303950     2.6061      7.370   281.6430 3.0182e+02     1.0597      2.071      3.004    27.2418   996.4733 0.0000e+00
      2.137      0.067     7.4618     94.058     27.087  28.303940     2.5731      7.370   281.6265 3.0830e+02     1.0595      2.097      3.042    27.2420   996.4733 0.0000e+00
      2.159      0.067     7.4666     94.113     27.088  28.303940     2.5627      7.370   281.6052 3.0652e+02     1.0682      2.119      3.074    27.2424   996.4733 0.0000e+00
