Data/DataNotYetUploadedToEDI/Raw_CTD/2019_RawDownloads/081419_bvr50.cnv
* Sea-Bird SBE19plus  Data File:
* FileName = C:\DATA\081419_bvr50_0002.hex
* Software version 2.8.0.119 SB_Terminal.dll
* Temperature SN = 7809
* Conductivity SN = 7809
* System UpLoad Time = Aug 14 2019 13:53:58
* <ApplicationData>
* <Seaterm232>
# nquan = 16
# nvalues = 1145                        
# units = specified
# name 0 = depFM: Depth [fresh water, m]
# name 1 = dz/dtM: Descent Rate [m/s]
# name 2 = sbeox0Mg/L: Oxygen, SBE 43 [mg/l]
# name 3 = sbeox0PS: Oxygen, SBE 43 [% saturation]
# name 4 = specc: Specific Conductance [uS/cm]
# name 5 = c0uS/cm: Conductivity [uS/cm]
# name 6 = flECO-AFL: Fluorescence, WET Labs ECO-AFL/FL [mg/m^3]
# name 7 = ph: pH
# name 8 = orp: Oxidation Reduction Potential [mV]
# name 9 = par/sat/log: PAR/Logarithmic, Satlantic
# name 10 = turbWETntu0: Turbidity, WET Labs ECO [NTU]
# name 11 = prdM: Pressure, Strain Gauge [db]
# name 12 = prdE: Pressure, Strain Gauge [psi]
# name 13 = tv290C: Temperature [ITS-90, deg C]
# name 14 = density00: Density [density, kg/m^3]
# name 15 = flag:  0.000e+00
# span 0 =     -0.712,     10.427       
# span 1 =     -0.013,      0.127       
# span 2 =     0.0553,     8.3994       
# span 3 =      0.476,    106.443       
# span 4 =      0.997,    175.564       
# span 5 =   1.131508, 118.608113       
# span 6 =    -0.5408,    28.9731       
# span 7 =      6.443,      9.288       
# span 8 = -1240.7455,   377.7653       
# span 9 = 1.2336e-01, 2.8991e+03       
# span 10 =    -1.0029,     9.5801      
# span 11 =     -0.698,     10.226      
# span 12 =     -1.013,     14.832      
# span 13 =     8.7296,    31.7728      
# span 14 =   995.1075,   999.9159      
# span 15 = 0.0000e+00, 0.0000e+00      
# interval = seconds: 0.25
# start_time = Aug 14 2019 13:39:39 [Instrument's time stamp, header]
# bad_flag = -9.990e-29
*END*
[from data line 181]
     -0.205      0.000     6.4318     81.621     27.137  28.563344     1.7693      8.392   259.4482 2.6036e+03     1.0819     -0.200     -0.291    27.8443   996.2945 0.0000e+00
     -0.206 4.4704e-07     7.1161     90.245     27.162  28.567953     1.7673      8.388   259.5202 2.6521e+03     1.0781     -0.202     -0.293    27.8369   996.2965 0.0000e+00
     -0.207      0.000     7.6713     97.249     27.168  28.562091     1.7367      8.385   259.6079 2.6950e+03     1.0566     -0.203     -0.294    27.7619   996.3178 0.0000e+00
     -0.207      0.000     8.0732    102.323     27.168  28.555895     1.6849      8.380   259.6479 2.7302e+03     1.0180     -0.203     -0.294    27.6719   996.3431 0.0000e+00
     -0.206      0.001     8.3173    105.408     27.171  28.556471     1.6608      8.375   259.6602 2.7559e+03     1.0055     -0.203     -0.294    27.6137   996.3594 0.0000e+00
     -0.205      0.002     8.3994    106.443     27.185  28.569046     1.6621      8.368   259.7567 2.7750e+03     1.0358     -0.201     -0.292    27.5760   996.3700 0.0000e+00
     -0.204      0.002     8.3394    105.677     27.198  28.581045     1.6571      8.362   259.9540 2.7882e+03     1.0564     -0.200     -0.291    27.5555   996.3757 0.0000e+00
     -0.203      0.002     8.1902    103.779     27.194  28.574657     1.6354      8.358   260.0671 2.7955e+03     1.0579     -0.199     -0.290    27.5452   996.3787 0.0000e+00
     -0.203      0.001     8.0119    101.517     27.176  28.555255     1.6082      8.354   260.0911 2.7985e+03     1.0535     -0.199     -0.289    27.5415   996.3797 0.0000e+00
     -0.203      0.001     7.8472     99.433     27.158  28.536799     1.5964      8.350   260.1589 2.7979e+03     1.0691     -0.199     -0.289    27.5395   996.3803 0.0000e+00
     -0.203      0.001     7.7147     97.757     27.162  28.541838     1.5972      8.347   260.1989 2.7950e+03     1.0836     -0.199     -0.289    27.5363   996.3812 0.0000e+00
     -0.203      0.001     7.6102     96.435     27.171  28.552738     1.5827      8.343   260.2303 2.7922e+03     1.0646     -0.199     -0.289    27.5316   996.3824 0.0000e+00
     -0.203      0.002     7.5239     95.342     27.160  28.541705     1.5516      8.340   260.2803 2.7889e+03     1.0686     -0.200     -0.290    27.5304   996.3828 0.0000e+00
     -0.202      0.002     7.4505     94.413     27.154  28.535322     1.5332      8.335   260.2870 2.7834e+03     1.0992     -0.199     -0.289    27.5321   996.3823 0.0000e+00
     -0.201      0.003     7.3934     93.692     27.157  28.539010     1.5247      8.331   260.3974 2.7754e+03     1.1069     -0.198     -0.287    27.5341   996.3817 0.0000e+00
     -0.200      0.003     7.3615     93.290     27.141  28.522850     1.5102      8.328   260.5821 2.7649e+03     1.0961     -0.196     -0.285    27.5353   996.3814 0.0000e+00
     -0.199      0.002     7.3533     93.187     27.148  28.530276     1.4887      8.324   260.6278 2.7545e+03     1.0993     -0.195     -0.283    27.5361   996.3812 0.0000e+00
     -0.199      0.000     7.3549     93.205     27.182  28.565355     1.4723      8.321   260.6056 2.7437e+03     1.0805     -0.195     -0.282    27.5372   996.3809 0.0000e+00
     -0.199     -0.001     7.3589     93.252     27.184  28.566309     1.4675      8.318   260.6583 2.7298e+03     1.0658     -0.195     -0.283    27.5387   996.3805 0.0000e+00
     -0.200     -0.001     7.3692     93.381     27.161  28.541813     1.4831      8.316   260.7487 2.7175e+03     1.0859     -0.196     -0.284    27.5405   996.3800 0.0000e+00
     -0.201     -0.001     7.3806     93.526     27.143  28.522953     1.5128      8.313   260.7519 2.7095e+03     1.0613     -0.197     -0.287    27.5407   996.3799 0.0000e+00
     -0.202      0.000     7.3830     93.556     27.148  28.528618     1.5235      8.310   260.7824 2.7023e+03     1.0296     -0.199     -0.288    27.5390   996.3804 0.0000e+00
     -0.201      0.000     7.3750     93.458     27.165  28.546857     1.5251      8.306   260.9466 2.6952e+03     1.0309     -0.198     -0.286    27.5366   996.3810 0.0000e+00
     -0.200      0.001     7.3601     93.273     27.170  28.553144     1.5500      8.303   261.0159 2.6895e+03     1.0440     -0.196     -0.285    27.5350   996.3814 0.0000e+00
     -0.199      0.001     7.3428     93.057     27.157  28.541194     1.5818      8.299   261.0174 2.6852e+03     1.0575     -0.196     -0.284    27.5350   996.3815 0.0000e+00
     -0.199      0.001     7.3262     92.851     27.144  28.529263     1.5886      8.294   261.1377 2.6823e+03     1.0622     -0.195     -0.283    27.5364   996.3811 0.0000e+00
     -0.199      0.000     7.3136     92.696     27.149  28.535770     1.5810      8.289   261.2658 2.6813e+03     1.0678     -0.195     -0.283    27.5376   996.3808 0.0000e+00
     -0.199 2.1998e-08     7.3064     92.611     27.167  28.556428     1.5761      8.284   261.2753 2.6810e+03     1.0608     -0.195     -0.283    27.5395   996.3802 0.0000e+00
     -0.200 2.4198e-07     7.3034     92.576     27.196  28.588708     1.5818      8.280   261.2532 2.6799e+03     1.0430     -0.196     -0.284    27.5422   996.3795 0.0000e+00
     -0.200 6.1425e-07     7.3036     92.583     27.214  28.608843     1.5976      8.275   261.3424 2.6768e+03     1.0157     -0.197     -0.286    27.5443   996.3789 0.0000e+00
     -0.200      0.000     7.3071     92.631     27.213  28.609537     1.6017      8.271   261.4944 2.6742e+03     0.9931     -0.197     -0.285    27.5472   996.3781 0.0000e+00
     -0.199      0.000     7.3167     92.756     27.201  28.597100     1.5976      8.268   261.6283 2.6739e+03     0.9993     -0.196     -0.284    27.5505   996.3771 0.0000e+00
     -0.199      0.001     7.3295     92.919     27.190  28.585361     1.5997      8.264   261.7565 2.6721e+03     0.9921     -0.195     -0.283    27.5530   996.3764 0.0000e+00
     -0.199      0.001     7.3348     92.986     27.199  28.594496     1.6009      8.260   261.7533 2.6667e+03     0.9714     -0.195     -0.283    27.5563   996.3757 0.0000e+00
     -0.199      0.001     7.3315     92.942     27.186  28.580663     1.5952      8.256   261.6758 2.6602e+03     1.0106     -0.195     -0.283    27.5592   996.3748 0.0000e+00
     -0.199      0.000     7.3241     92.846     27.152  28.544998     1.5832      8.252   261.7660 2.6525e+03     1.0733     -0.196     -0.284    27.5606   996.3743 0.0000e+00
     -0.199 1.8919e-08     7.3146     92.722     27.152  28.543944     1.5507      8.247   261.8965 2.6392e+03     1.0748     -0.195     -0.283    27.5604   996.3744 0.0000e+00
     -0.199 2.0811e-07     7.3095     92.655     27.176  28.567916     1.4962      8.242   261.9634 2.6173e+03     1.0611     -0.195     -0.283    27.5598   996.3746 0.0000e+00
     -0.199 2.4170e-07     7.3150     92.721     27.190  28.581055     1.4546      8.238   262.0586 2.5888e+03     1.0712     -0.195     -0.283    27.5593   996.3748 0.0000e+00
     -0.199 4.2503e-07     7.3283     92.888     27.186  28.575905     1.4460      8.234   262.1015 2.5556e+03     1.0663     -0.195     -0.283    27.5571   996.3753 0.0000e+00
     -0.199      0.000     7.3437     93.080     27.180  28.569096     1.4521      8.232   262.0517 2.5166e+03     1.0670     -0.196     -0.284    27.5551   996.3759 0.0000e+00
     -0.199      0.000     7.3564     93.239     27.174  28.562185     1.4502      8.230   262.0594 2.4701e+03     1.0804     -0.196     -0.284    27.5536   996.3763 0.0000e+00
     -0.199      0.001     7.3659     93.357     27.168  28.555790     1.4407      8.227   262.1946 2.4181e+03     1.0634     -0.195     -0.283    27.5518   996.3768 0.0000e+00
     -0.199      0.001     7.3750     93.474     27.168  28.555219     1.4240      8.223   262.3957 2.3629e+03     1.0262     -0.195     -0.283    27.5508   996.3771 0.0000e+00
     -0.198      0.000     7.3835     93.583     27.168  28.555269     1.4139      8.221   262.5120 2.3051e+03     1.0231     -0.194     -0.282    27.5499   996.3773 0.0000e+00
     -0.198 5.5733e-08     7.3856     93.608     27.169  28.556399     1.4219      8.218   262.4819 2.2491e+03     1.0589     -0.194     -0.281    27.5476   996.3780 0.0000e+00
     -0.198 6.1306e-07     7.3776     93.505     27.181  28.568879     1.4255      8.215   262.5483 2.2019e+03     1.0649     -0.194     -0.281    27.5456   996.3786 0.0000e+00
     -0.199      0.000     7.3636     93.328     27.191  28.579271     1.4135      8.212   262.7115 2.1649e+03     1.0307     -0.195     -0.282    27.5468   996.3782 0.0000e+00
     -0.199      0.000     7.3519     93.179     27.169  28.555151     1.3993      8.209   262.8212 2.1337e+03     1.0062     -0.196     -0.284    27.5483   996.3777 0.0000e+00
     -0.199      0.001     7.3472     93.120     27.145  28.531040     1.3837      8.207   262.9284 2.1073e+03     1.0311     -0.195     -0.283    27.5473   996.3781 0.0000e+00
     -0.198      0.001     7.3474     93.122     27.155  28.541536     1.3637      8.203   262.9748 2.0884e+03     1.0691     -0.194     -0.282    27.5465   996.3783 0.0000e+00
     -0.198      0.001     7.3452     93.094     27.168  28.555160     1.3482      8.198   262.9518 2.0768e+03     1.0731     -0.194     -0.281    27.5458   996.3785 0.0000e+00
     -0.197      0.001     7.3349     92.963     27.181  28.568879     1.3345      8.192   262.9085 2.0708e+03     1.0794     -0.193     -0.280    27.5449   996.3788 0.0000e+00
     -0.197      0.002     7.3188     92.759     27.192  28.580518     1.3024      8.186   262.9680 2.0722e+03     1.0799     -0.193     -0.279    27.5458   996.3784 0.0000e+00
     -0.197      0.004     7.3076     92.616     27.182  28.568992     1.2539      8.181   263.1547 2.0809e+03     1.0788     -0.193     -0.280    27.5463   996.3783 0.0000e+00
     -0.197      0.004     7.3068     92.605     27.171  28.556408     1.2258      8.175   263.2728 2.0898e+03     1.0988     -0.194     -0.281    27.5460   996.3784 0.0000e+00
     -0.196      0.004     7.3117     92.667     27.169  28.555258     1.2230      8.168   263.2788 2.0995e+03     1.0928     -0.193     -0.279    27.5462   996.3784 0.0000e+00
     -0.193      0.004     7.3175     92.742     27.169  28.555093     1.2370      8.161   263.2264 2.1179e+03     1.0713     -0.188     -0.273    27.5462   996.3784 0.0000e+00
     -0.191      0.004     7.3209     92.783     27.168  28.554406     1.2649      8.154   263.1551 2.1415e+03     1.0685     -0.185     -0.268    27.5447   996.3788 0.0000e+00
     -0.191      0.004     7.3167     92.725     27.163  28.546960     1.2825      8.148   263.1050 2.1634e+03     1.0921     -0.186     -0.270    27.5435   996.3792 0.0000e+00
     -0.192      0.004     7.3063     92.584     27.148  28.528504     1.2855      8.141   263.2238 2.1884e+03     1.1264     -0.189     -0.273    27.5443   996.3789 0.0000e+00
     -0.192      0.004     7.3023     92.524     27.144  28.521594     1.3008      8.131   263.4732 2.2203e+03     1.1224     -0.188     -0.274    27.5451   996.3787 0.0000e+00
     -0.190      0.004     7.3102     92.614     27.153  28.526843     1.3382      8.121   263.5386 2.2526e+03     1.1093     -0.186     -0.270    27.5445   996.3789 0.0000e+00
     -0.186      0.003     7.3177     92.702     27.157  28.528516     1.3647      8.113   263.4125 2.2810e+03     1.0999     -0.182     -0.264    27.5419   996.3796 0.0000e+00
     -0.184      0.002     7.3121     92.630     27.170  28.541819     1.3604      8.106   263.4105 2.3069e+03     1.0739     -0.179     -0.259    27.5366   996.3811 0.0000e+00
     -0.184      0.000     7.2926     92.385     27.187  28.560804     1.3307      8.101   263.6012 2.3298e+03     1.0572     -0.180     -0.260    27.5296   996.3830 0.0000e+00
     -0.186     -0.001     7.2726     92.134     27.192  28.567716     1.3001      8.096   263.7382 2.3513e+03     1.0618     -0.183     -0.264    27.5225   996.3850 0.0000e+00
     -0.188     -0.001     7.2640     92.029     27.186  28.561949     1.2926      8.092   263.7769 2.3740e+03     1.0635     -0.185     -0.268    27.5177   996.3864 0.0000e+00
     -0.189     -0.002     7.2623     92.010     27.179  28.554522     1.2929      8.087   263.8118 2.3997e+03     1.0450     -0.187     -0.271    27.5173   996.3864 0.0000e+00
     -0.188     -0.002     7.2637     92.030     27.165  28.541371     1.2867      8.083   263.8150 2.4323e+03     1.0360     -0.185     -0.268    27.5197   996.3858 0.0000e+00
     -0.186     -0.001     7.2741     92.161     27.154  28.529836     1.2786      8.078   263.8162 2.4704e+03     1.0530     -0.181     -0.262    27.5217   996.3853 0.0000e+00
     -0.186      0.000     7.2930     92.399     27.166  28.541939     1.2807      8.072   263.8262 2.5044e+03     1.0858     -0.182     -0.263    27.5230   996.3849 0.0000e+00
     -0.188      0.001     7.3157     92.687     27.185  28.560814     1.2950      8.067   263.9359 2.5326e+03     1.1049     -0.185     -0.268    27.5250   996.3843 0.0000e+00
     -0.190      0.002     7.3403     93.000     27.190  28.567716     1.3038      8.062   264.1103 2.5631e+03     1.0875     -0.187     -0.271    27.5265   996.3839 0.0000e+00
     -0.190      0.004     7.3624     93.281     27.184  28.561949     1.3005      8.055   264.1283 2.5989e+03     1.0730     -0.187     -0.271    27.5261   996.3841 0.0000e+00
     -0.188      0.007     7.3804     93.510     27.177  28.554526     1.2986      8.045   264.1523 2.6385e+03     1.0930     -0.184     -0.267    27.5252   996.3843 0.0000e+00
     -0.184      0.012     7.3954     93.699     27.165  28.541413     1.2982      8.034   264.2296 2.6767e+03     1.1003     -0.180     -0.260    27.5257   996.3842 0.0000e+00
     -0.181      0.016     7.4026     93.789     27.155  28.530292     1.2868      8.023   264.2886 2.7024e+03     1.0950     -0.177     -0.256    27.5268   996.3839 0.0000e+00
     -0.177      0.018     7.3994     93.742     27.172  28.546961     1.2650      8.011   264.4355 2.7081e+03     1.0939     -0.175     -0.253    27.5274   996.3837 0.0000e+00
     -0.172      0.020     7.3904     93.621     27.180  28.552615     1.2421      7.999   264.5425 2.7041e+03     1.0870     -0.170     -0.246    27.5278   996.3836 0.0000e+00
     -0.165      0.020     7.3807     93.491     27.166  28.535198     1.2276      7.989   264.5499 2.7142e+03     1.0773     -0.162     -0.235    27.5281   996.3836 0.0000e+00
     -0.158      0.020     7.3742     93.402     27.160  28.526713     1.2283      7.979   264.6113 2.7378e+03     1.0426     -0.153     -0.224    27.5271   996.3839 0.0000e+00
     -0.153      0.019     7.3725     93.376     27.148  28.513465     1.3032      7.969   265.1993 2.7476e+03     1.0281     -0.149     -0.217    27.5238   996.3849 0.0000e+00
     -0.150      0.019     7.3734     93.385     27.138  28.501912     1.4394      7.961   265.8087 2.7349e+03     1.0653     -0.147     -0.214    27.5194   996.3861 0.0000e+00
     -0.147      0.019     7.3770     93.430     27.150  28.513908     1.5141      7.952   266.1277 2.6619e+03     1.0983     -0.145     -0.211    27.5139   996.3876 0.0000e+00
     -0.143      0.022     7.3835     93.509     27.168  28.531622     1.5212      7.940   274.4772 2.4352e+03     1.1006     -0.140     -0.204    27.5095   996.3889 0.0000e+00
     -0.138      0.027     7.3934     93.630     27.164  28.525752     1.4642      7.925   285.8844 2.1622e+03     1.0928     -0.135     -0.196    27.5073   996.3896 0.0000e+00
     -0.132      0.034     7.4125     93.867     27.147  28.506370     1.3536      7.910   290.0497 2.0703e+03     1.0697     -0.129     -0.188    27.5061   996.3899 0.0000e+00
     -0.123      0.043     7.4413     94.227     27.130  28.487612     1.2943      7.898   296.6182 2.1655e+03     1.0507     -0.123     -0.178    27.5059   996.3900 0.0000e+00
     -0.111      0.050     7.4712     94.600     27.134  28.489295     1.2852      7.888   303.2693 2.1628e+03     1.0925     -0.111     -0.159    27.5041   996.3905 0.0000e+00
