Data/DataNotYetUploadedToEDI/Raw_CTD/2019_RawDownloads/081419_bvr50.cnv
* Sea-Bird SBE19plus  Data File:
* FileName = C:\DATA\081419_bvr50_0002.hex
* Software version 2.8.0.119 SB_Terminal.dll
* Temperature SN = 7809
* Conductivity SN = 7809
* System UpLoad Time = Aug 14 2019 13:53:58
* <ApplicationData>
* <Seaterm232>
# nquan = 16
# nvalues = 1145                        
# units = specified
# name 0 = depFM: Depth [fresh water, m]
# name 1 = dz/dtM: Descent Rate [m/s]
# name 2 = sbeox0Mg/L: Oxygen, SBE 43 [mg/l]
# name 3 = sbeox0PS: Oxygen, SBE 43 [% saturation]
# name 4 = specc: Specific Conductance [uS/cm]
# name 5 = c0uS/cm: Conductivity [uS/cm]
# name 6 = flECO-AFL: Fluorescence, WET Labs ECO-AFL/FL [mg/m^3]
# name 7 = ph: pH
# name 8 = orp: Oxidation Reduction Potential [mV]
# name 9 = par/sat/log: PAR/Logarithmic, Satlantic
# name 10 = turbWETntu0: Turbidity, WET Labs ECO [NTU]
# name 11 = prdM: Pressure, Strain Gauge [db]
# name 12 = prdE: Pressure, Strain Gauge [psi]
# name 13 = tv290C: Temperature [ITS-90, deg C]
# name 14 = density00: Density [density, kg/m^3]
# name 15 = flag:  0.000e+00
# span 0 =     -0.712,     10.427       
# span 1 =     -0.013,      0.127       
# span 2 =     0.0553,     8.3994       
# span 3 =      0.476,    106.443       
# span 4 =      0.997,    175.564       
# span 5 =   1.131508, 118.608113       
# span 6 =    -0.5408,    28.9731       
# span 7 =      6.443,      9.288       
# span 8 = -1240.7455,   377.7653       
# span 9 = 1.2336e-01, 2.8991e+03       
# span 10 =    -1.0029,     9.5801      
# span 11 =     -0.698,     10.226      
# span 12 =     -1.013,     14.832      
# span 13 =     8.7296,    31.7728      
# span 14 =   995.1075,   999.9159      
# span 15 = 0.0000e+00, 0.0000e+00      
# interval = seconds: 0.25
# start_time = Aug 14 2019 13:39:39 [Instrument's time stamp, header]
# bad_flag = -9.990e-29
*END*
[from data line 814]
      6.729      0.050     0.0828      0.771     56.008  41.647768     3.0510      6.743   292.2993 1.6110e+00     3.2170      6.601      9.574    12.4233   999.5030 0.0000e+00
      6.738      0.039     0.0846      0.788     55.659  41.389259     2.9491      6.742   292.0704 1.5955e+00     2.7702      6.608      9.583    12.3265   999.5147 0.0000e+00
      6.745      0.031     0.0829      0.773     55.191  41.070691     2.8895      6.739   291.6215 1.5757e+00     2.5142      6.614      9.593    12.2528   999.5236 0.0000e+00
      6.751      0.027     0.0796      0.743     54.404  40.526057     2.8760      6.736   291.1739 1.5651e+00     2.4820      6.622      9.604    12.1977   999.5302 0.0000e+00
      6.755      0.029     0.0767      0.716     54.341  40.518033     2.8468      6.732   290.8742 1.5621e+00     2.4459      6.624      9.608    12.1666   999.5336 0.0000e+00
      6.760      0.037     0.0741      0.693     55.860  41.671934     2.7969      6.727   290.5788 1.5525e+00     2.4385      6.628      9.613    12.1677   999.5334 0.0000e+00
      6.766      0.047     0.0721      0.674     57.492  42.859193     2.7659      6.722   290.2696 1.5342e+00     2.4250      6.633      9.620    12.1999   999.5297 0.0000e+00
      6.778      0.056     0.0691      0.645     58.140  43.254207     2.7669      6.717   289.6309 1.4992e+00     2.4140      6.643      9.635    12.2476   999.5237 0.0000e+00
      6.799      0.061     0.0685      0.637     58.297  43.273217     2.7662      6.713   288.1908 1.4446e+00     2.4041      6.667      9.668    12.2789   999.5198 0.0000e+00
      6.824      0.063     0.0724      0.673     58.576  43.406408     2.7570      6.711   286.1064 1.3913e+00     2.3046      6.694      9.708    12.3140   999.5168 0.0000e+00
      6.844      0.061     0.0764      0.709     59.262  43.848587     2.7593      6.707   283.7881 1.3608e+00     2.2270      6.714      9.738    12.2975   999.5195 0.0000e+00
      6.856      0.056     0.0787      0.729     60.251  44.492159     2.7603      6.701   281.4984 1.3551e+00     2.2190      6.725      9.754    12.1942   999.5317 0.0000e+00
      6.864      0.050     0.0792      0.733     61.213  45.091809     2.6556      6.696   279.3290 1.3414e+00     2.1430      6.731      9.762    12.0998   999.5427 0.0000e+00
      6.874      0.044     0.0786      0.726     61.845  45.447253     2.4560      6.692   277.2624 1.3114e+00     2.0285      6.740      9.775    12.0453   999.5491 0.0000e+00
      6.886      0.042     0.0801      0.738     62.096  45.551088     2.3413      6.688   275.2677 1.2843e+00     2.0153      6.752      9.793    12.0018   999.5544 0.0000e+00
      6.898      0.045     0.0811      0.747     62.288  45.648660     2.3180      6.685   273.1927 1.2600e+00     2.0491      6.765      9.812    11.9292   999.5630 0.0000e+00
      6.908      0.050     0.0793      0.730     63.136  46.245920     2.3126      6.681   271.0160 1.2459e+00     2.0767      6.775      9.826    11.8293   999.5748 0.0000e+00
      6.918      0.056     0.0787      0.724     64.899  47.501472     2.3194      6.676   268.5671 1.2389e+00     2.1520      6.784      9.840    11.7306   999.5860 0.0000e+00
      6.931      0.063     0.0801      0.736     66.719  48.762914     2.3220      6.672   265.3511 1.2207e+00     2.2059      6.795      9.856    11.6629   999.5935 0.0000e+00
      6.950      0.071     0.0796      0.731     68.208  49.748432     2.3180      6.666   261.5572 1.1861e+00     2.2042      6.813      9.881    11.6339   999.5968 0.0000e+00
      6.972      0.078     0.0781      0.715     69.962  50.906213     2.3055      6.658   257.9713 1.1486e+00     2.1964      6.838      9.916    11.6243   999.5982 0.0000e+00
      6.994      0.084     0.0789      0.720     71.942  52.217276     2.2582      6.651   255.0328 1.1169e+00     2.1447      6.858      9.947    11.6069   999.6010 0.0000e+00
      7.016      0.085     0.0806      0.735     73.134  52.959359     2.1792      6.644   252.6148 1.0851e+00     2.0382      6.879      9.977    11.5497   999.6080 0.0000e+00
      7.040      0.082     0.0816      0.743     73.168  52.890899     2.1398      6.638   250.3312 1.0584e+00     1.9575      6.904     10.013    11.4700   999.6171 0.0000e+00
      7.064      0.075     0.0811      0.738     72.920  52.659985     2.1370      6.632   247.7271 1.0357e+00     1.9220      6.929     10.050    11.3824   999.6271 0.0000e+00
      7.084      0.067     0.0791      0.719     73.010  52.708405     2.1020      6.627   244.7893 1.0163e+00     1.9042      6.949     10.078    11.2892   999.6379 0.0000e+00
      7.099      0.058     0.0780      0.709     73.271  52.904582     2.0467      6.622   241.9133 9.9459e-01     1.8736      6.963     10.099    11.1972   999.6482 0.0000e+00
      7.110      0.052     0.0780      0.710     73.646  53.189706     2.0228      6.617   238.9375 9.5478e-01     1.8145      6.972     10.113    11.1279   999.6552 0.0000e+00
      7.119      0.047     0.0767      0.699     74.843  54.059441     2.0213      6.611   235.7390 9.0653e-01     1.7464      6.981     10.125    11.0985   999.6581 0.0000e+00
      7.128      0.045     0.0753      0.686     76.661  55.352094     2.0111      6.606   232.4949 8.5703e-01     1.7716      6.989     10.138    11.0869   999.6593 0.0000e+00
      7.139      0.047     0.0750      0.681     78.051  56.303286     2.0027      6.601   229.2247 8.0250e-01     1.8897      7.000     10.153    11.0980   999.6585 0.0000e+00
      7.152      0.050     0.0740      0.671     79.702  57.427824     2.0066      6.595   226.1408 7.4047e-01     1.9620      7.014     10.174    11.1122   999.6570 0.0000e+00
      7.166      0.054     0.0733      0.664     81.764  58.845747     2.0156      6.590   223.4288 6.7027e-01     1.9894      7.029     10.193    11.1166   999.6569 0.0000e+00
      7.180      0.057     0.0740      0.670     82.819  59.531382     2.0336      6.585   220.9543 5.8839e-01     1.9914      7.040     10.210    11.1116   999.6586 0.0000e+00
      7.195      0.058     0.0751      0.680     82.755  59.426879     2.0599      6.580   218.6783 4.9369e-01     1.9539      7.054     10.231    11.0666   999.6634 0.0000e+00
      7.212      0.057     0.0750      0.678     82.439  59.170813     2.0723      6.576   216.6455 4.1021e-01     1.9294      7.073     10.259    11.0226   999.6685 0.0000e+00
      7.229      0.056     0.0732      0.662     82.734  59.358428     2.0716      6.572   214.6165 3.4493e-01     1.9569      7.091     10.284    10.9873   999.6733 0.0000e+00
      7.242      0.056     0.0712      0.643     83.843  60.106568     2.0602      6.567   212.4716 2.9062e-01     1.9920      7.103     10.302    10.9345   999.6790 0.0000e+00
      7.254      0.057     0.0697      0.630     84.872  60.781325     2.0377      6.563   210.4146 2.5787e-01     1.9928      7.113     10.317    10.8932   999.6830 0.0000e+00
      7.266      0.059     0.0697      0.629     85.480  61.161875     2.0172      6.559   208.6744 2.3711e-01     1.9993      7.124     10.334    10.8837   999.6838 0.0000e+00
      7.281      0.062     0.0701      0.633     85.876  61.403008     2.0035      6.554   207.0900 2.2081e-01     2.0063      7.138     10.354    10.8786   999.6844 0.0000e+00
      7.299      0.064     0.0708      0.639     86.018  61.472460     2.0443      6.549   205.4540 2.0521e-01     2.0113      7.157     10.380    10.8461   999.6884 0.0000e+00
      7.318      0.065     0.0707      0.637     86.168  61.556720     2.1377      6.545   204.0374 1.9219e-01     2.0270      7.177     10.409    10.8015   999.6932 0.0000e+00
      7.337      0.064     0.0694      0.625     86.509  61.786216     2.1963      6.541   202.8677 1.9003e-01     1.9986      7.196     10.436    10.7704   999.6965 0.0000e+00
      7.353      0.061     0.0684      0.616     86.855  62.022873     2.2069      6.537   201.7221 1.8254e-01     1.9629      7.213     10.461    10.7475   999.6990 0.0000e+00
      7.368      0.056     0.0687      0.619     87.215  62.257258     2.2049      6.533   200.5106 1.7187e-01     1.9559      7.226     10.481    10.7268   999.7011 0.0000e+00
      7.380      0.051     0.0710      0.639     87.818  62.649891     2.1987      6.530   199.2327 1.6897e-01     1.9470      7.237     10.497    10.7149   999.7023 0.0000e+00
      7.392      0.047     0.0723      0.651     88.573  63.147381     2.1926      6.527   198.0592 1.6152e-01     1.9535      7.249     10.514    10.7070   999.7033 0.0000e+00
      7.404      0.046     0.0708      0.638     89.214  63.569058     2.1920      6.524   196.9032 1.4534e-01     1.9693      7.261     10.532    10.7048   999.7038 0.0000e+00
      7.414      0.046     0.0710      0.638     89.772  63.934758     2.1920      6.521   195.5814 1.3598e-01     1.9747      7.271     10.546    10.6941   999.7049 0.0000e+00
      7.425      0.049     0.0727      0.652     90.280  64.263847     2.1831      6.519   194.2093 1.3407e-01     1.9852      7.281     10.560    10.6677   999.7077 0.0000e+00
      7.436      0.054     0.0737      0.662     90.569  64.433490     2.1634      6.517   192.8748 1.2842e-01     1.9984      7.293     10.577    10.6435   999.7105 0.0000e+00
      7.449      0.060     0.0740      0.664     90.572  64.396812     2.1439      6.513   191.6628 1.2385e-01     2.0031      7.304     10.594    10.6237   999.7127 0.0000e+00
      7.465      0.065     0.0711      0.637     90.625  64.392389     2.1290      6.511   190.5685 1.2347e-01     2.0086      7.318     10.614    10.6073   999.7145 0.0000e+00
      7.485      0.070     0.0691      0.619     90.934  64.570659     2.0786      6.510   189.3664 1.2362e-01     2.0324      7.339     10.645    10.5891   999.7165 0.0000e+00
      7.507      0.072     0.0695      0.623     91.182  64.708881     1.9941      6.509   188.1408 1.2449e-01     2.0288      7.363     10.679    10.5694   999.7187 0.0000e+00
      7.527      0.071     0.0686      0.615     91.347  64.792325     1.9486      6.507   187.0213 1.2533e-01     1.9648      7.383     10.708    10.5489   999.7207 0.0000e+00
      7.546      0.068     0.0673      0.603     92.231  65.388835     1.9442      6.505   185.8116 1.2601e-01     1.9475      7.400     10.733    10.5238   999.7231 0.0000e+00
      7.562      0.064     0.0673      0.603     94.312  66.835870     1.9322      6.504   184.5267 1.2932e-01     2.0484      7.417     10.757    10.5006   999.7256 0.0000e+00
      7.575      0.062     0.0697      0.624     96.688  68.493810     1.9080      6.502   183.3601 1.3095e-01     2.1684      7.430     10.776    10.4800   999.7277 0.0000e+00
      7.588      0.062     0.0727      0.650     98.380  69.668888     1.8939      6.501   182.3745 1.2694e-01     2.1865      7.440     10.791    10.4612   999.7295 0.0000e+00
      7.604      0.061     0.0729      0.651     99.394  70.362770     1.8916      6.499   181.5584 1.2378e-01     2.1690      7.455     10.813    10.4460   999.7311 0.0000e+00
      7.622      0.060     0.0711      0.636    100.108  70.843365     1.8457      6.497   180.8059 1.2354e-01     2.1538      7.474     10.841    10.4307   999.7336 0.0000e+00
      7.641      0.057     0.0691      0.619    100.491  71.092521     1.7551      6.497   179.8153 1.2384e-01     2.0674      7.493     10.868    10.4169   999.7360 0.0000e+00
      7.657      0.054     0.0669      0.599    100.323  70.959120     1.7070      6.497   178.5291 1.2713e-01     2.0099      7.510     10.892    10.4058   999.7376 0.0000e+00
      7.669      0.053     0.0664      0.594    100.036  70.756405     1.7055      6.495   177.2998 1.3042e-01     2.0154      7.522     10.910    10.3932   999.7392 0.0000e+00
      7.677      0.053     0.0686      0.614    100.194  70.866931     1.7462      6.493   176.2223 1.2876e-01     2.0037      7.528     10.919    10.3805   999.7407 0.0000e+00
      7.685      0.055     0.0708      0.633    100.548  71.087386     1.8344      6.490   175.2243 1.2842e-01     1.9986      7.534     10.927    10.3694   999.7419 0.0000e+00
      7.700      0.060     0.0719      0.642    100.422  70.942136     1.8876      6.486   174.3524 1.2914e-01     1.9858      7.549     10.949    10.3590   999.7429 0.0000e+00
      7.719      0.066     0.0713      0.636    100.082  70.636653     1.8874      6.484   173.5963 1.2625e-01     1.9475      7.570     10.980    10.3617   999.7425 0.0000e+00
      7.738      0.071     0.0693      0.618    100.086  70.572888     1.8843      6.481   172.8795 1.2405e-01     1.9295      7.589     11.007    10.3696   999.7418 0.0000e+00
      7.758      0.072     0.0699      0.622    100.145  70.552597     1.8673      6.479   172.1388 1.2367e-01     1.9651      7.607     11.034    10.3525   999.7439 0.0000e+00
      7.779      0.070     0.0715      0.636    100.259  70.581998     1.8195      6.477   171.4380 1.2352e-01     2.0173      7.629     11.065    10.3201   999.7469 0.0000e+00
      7.799      0.066     0.0700      0.623    100.535  70.737571     1.7837      6.476   170.7733 1.2357e-01     2.0027      7.650     11.095    10.2876   999.7497 0.0000e+00
      7.814      0.063     0.0673      0.599    100.650  70.780445     1.7729      6.475   170.0384 1.2356e-01     1.9529      7.664     11.116    10.2528   999.7531 0.0000e+00
      7.826      0.060     0.0668      0.594    100.720  70.782440     1.7498      6.473   169.3488 1.2353e-01     1.9403      7.675     11.131    10.2202   999.7561 0.0000e+00
      7.839      0.057     0.0689      0.612    100.951  70.888804     1.7198      6.473   168.7161 1.2354e-01     1.9479      7.687     11.148    10.1950   999.7584 0.0000e+00
      7.854      0.053     0.0717      0.637    101.256  71.049091     1.7141      6.473   167.8953 1.2359e-01     1.9469      7.702     11.170    10.1777   999.7603 0.0000e+00
      7.871      0.052     0.0711      0.631    101.887  71.448733     1.7161      6.472   166.9958 1.2362e-01     1.9602      7.720     11.196    10.1618   999.7617 0.0000e+00
      7.885      0.052     0.0686      0.609    102.859  72.096443     1.6919      6.471   166.1865 1.2355e-01     1.9456      7.736     11.219    10.1376   999.7640 0.0000e+00
      7.894      0.052     0.0671      0.595    103.420  72.458281     1.6647      6.471   165.4240 1.2344e-01     1.8358      7.742     11.228    10.1077   999.7669 0.0000e+00
      7.904      0.048     0.0656      0.582    103.183  72.262792     1.6638      6.471   164.6591 1.2340e-01     1.7464      7.746     11.236    10.0793   999.7695 0.0000e+00
      7.920      0.043     0.0653      0.579    102.667  71.894746     1.6641      6.471   163.7361 1.2344e-01     1.7504      7.767     11.264    10.0579   999.7717 0.0000e+00
      7.937      0.041     0.0670      0.594    102.897  72.077830     1.6431      6.471   162.7816 1.2348e-01     1.7849      7.788     11.295    10.0443   999.7735 0.0000e+00
      7.947      0.042     0.0681      0.604    104.026  72.886705     1.6081      6.470   161.9797 1.2349e-01     1.8040      7.795     11.306    10.0295   999.7751 0.0000e+00
      7.949      0.046     0.0669      0.593    105.066  73.599094     1.5882      6.468   161.2687 1.2348e-01     1.7845      7.794     11.305    10.0101   999.7766 0.0000e+00
      7.953      0.048     0.0664      0.588    105.632  73.950766     1.5838      6.468   160.5511 1.2350e-01     1.7460      7.795     11.306    10.0035   999.7768 0.0000e+00
      7.967      0.052     0.0682      0.603    105.911  74.086280     1.5812      6.468   159.7569 1.2356e-01     1.6986      7.809     11.326    10.0229   999.7752 0.0000e+00
      7.989      0.057     0.0698      0.617    106.006  74.092851     1.5831      6.468   158.9784 1.2358e-01     1.6703      7.835     11.364    10.0385   999.7747 0.0000e+00
