Data/DataNotYetUploadedToEDI/Raw_CTD/2019_RawDownloads/081419_bvr50.cnv
* Sea-Bird SBE19plus  Data File:
* FileName = C:\DATA\081419_bvr50_0002.hex
* Software version 2.8.0.119 SB_Terminal.dll
* Temperature SN = 7809
* Conductivity SN = 7809
* System UpLoad Time = Aug 14 2019 13:53:58
* <ApplicationData>
* <Seaterm232>
# nquan = 16
# nvalues = 1145                        
# units = specified
# name 0 = depFM: Depth [fresh water, m]
# name 1 = dz/dtM: Descent Rate [m/s]
# name 2 = sbeox0Mg/L: Oxygen, SBE 43 [mg/l]
# name 3 = sbeox0PS: Oxygen, SBE 43 [% saturation]
# name 4 = specc: Specific Conductance [uS/cm]
# name 5 = c0uS/cm: Conductivity [uS/cm]
# name 6 = flECO-AFL: Fluorescence, WET Labs ECO-AFL/FL [mg/m^3]
# name 7 = ph: pH
# name 8 = orp: Oxidation Reduction Potential [mV]
# name 9 = par/sat/log: PAR/Logarithmic, Satlantic
# name 10 = turbWETntu0: Turbidity, WET Labs ECO [NTU]
# name 11 = prdM: Pressure, Strain Gauge [db]
# name 12 = prdE: Pressure, Strain Gauge [psi]
# name 13 = tv290C: Temperature [ITS-90, deg C]
# name 14 = density00: Density [density, kg/m^3]
# name 15 = flag:  0.000e+00
# span 0 =     -0.712,     10.427       
# span 1 =     -0.013,      0.127       
# span 2 =     0.0553,     8.3994       
# span 3 =      0.476,    106.443       
# span 4 =      0.997,    175.564       
# span 5 =   1.131508, 118.608113       
# span 6 =    -0.5408,    28.9731       
# span 7 =      6.443,      9.288       
# span 8 = -1240.7455,   377.7653       
# span 9 = 1.2336e-01, 2.8991e+03       
# span 10 =    -1.0029,     9.5801      
# span 11 =     -0.698,     10.226      
# span 12 =     -1.013,     14.832      
# span 13 =     8.7296,    31.7728      
# span 14 =   995.1075,   999.9159      
# span 15 = 0.0000e+00, 0.0000e+00      
# interval = seconds: 0.25
# start_time = Aug 14 2019 13:39:39 [Instrument's time stamp, header]
# bad_flag = -9.990e-29
*END*
[from data line 633]
      4.312      0.060     0.3990      4.506     29.729  27.558212    23.4134      7.135   308.0418 5.5255e+01     4.8944      4.228      6.132    21.6035   997.8959 0.0000e+00
      4.332      0.064     0.3989      4.501     29.687  27.494542    21.4382      7.132   308.1303 5.2915e+01     4.5905      4.249      6.163    21.5457   997.9089 0.0000e+00
      4.352      0.066     0.3977      4.485     29.639  27.427372    20.3627      7.130   308.1615 5.0840e+01     4.4757      4.270      6.193    21.4679   997.9263 0.0000e+00
      4.369      0.065     0.3976      4.480     29.687  27.443918    20.2331      7.128   308.3328 4.9145e+01     4.4899      4.286      6.216    21.3961   997.9422 0.0000e+00
      4.384      0.062     0.3974      4.472     29.786  27.504222    19.8882      7.126   308.5670 4.7695e+01     4.3692      4.299      6.235    21.3360   997.9556 0.0000e+00
      4.398      0.061     0.3949      4.440     29.909  27.585457    19.2881      7.124   308.7557 4.6200e+01     4.1307      4.313      6.255    21.3015   997.9632 0.0000e+00
      4.412      0.063     0.3902      4.382     30.101  27.728196    18.9763      7.122   308.9799 4.4702e+01     3.9979      4.327      6.277    21.2686   997.9705 0.0000e+00
      4.427      0.066     0.3822      4.286     30.258  27.834237    18.9535      7.119   309.2131 4.3115e+01     3.9774      4.341      6.296    21.2170   997.9819 0.0000e+00
      4.444      0.070     0.3693      4.138     30.324  27.852421    18.9175      7.116   309.4241 4.1111e+01     4.0124      4.356      6.317    21.1628   997.9938 0.0000e+00
      4.464      0.075     0.3513      3.930     30.409  27.884550    18.8614      7.112   309.5523 3.8920e+01     4.1268      4.376      6.347    21.1120   998.0050 0.0000e+00
      4.485      0.077     0.3278      3.661     30.554  27.968858    18.8391      7.108   309.6448 3.6829e+01     4.1809      4.398      6.379    21.0559   998.0174 0.0000e+00
      4.506      0.077     0.3013      3.359     30.692  28.046918    18.8386      7.104   309.7679 3.4836e+01     4.1422      4.418      6.408    20.9927   998.0312 0.0000e+00
      4.527      0.073     0.2733      3.043     30.765  28.066962    18.8197      7.102   309.8361 3.2899e+01     4.1178      4.439      6.439    20.9220   998.0465 0.0000e+00
      4.548      0.066     0.2461      2.737     30.829  28.084252    18.6280      7.101   309.9535 3.1163e+01     4.0166      4.461      6.471    20.8444   998.0634 0.0000e+00
      4.565      0.059     0.2213      2.458     31.054  28.255912    18.2722      7.100   310.1546 2.9974e+01     3.8357      4.480      6.496    20.7657   998.0805 0.0000e+00
      4.576      0.053     0.1966      2.182     31.628  28.746603    18.0809      7.099   310.3751 2.9139e+01     3.7653      4.490      6.511    20.6860   998.0976 0.0000e+00
      4.585      0.050     0.1709      1.894     32.650  29.639205    18.1183      7.098   310.7259 2.8280e+01     3.7553      4.496      6.521    20.6058   998.1148 0.0000e+00
      4.595      0.050     0.1467      1.624     34.046  30.863146    18.7243      7.096   311.0413 2.7348e+01     3.7156      4.505      6.534    20.5388   998.1290 0.0000e+00
      4.606      0.054     0.1272      1.406     35.354  31.996578    19.8344      7.092   311.0913 2.6209e+01     3.7121      4.516      6.550    20.4886   998.1397 0.0000e+00
      4.621      0.061     0.1122      1.238     36.044  32.555795    20.4349      7.088   311.1587 2.4914e+01     3.7449      4.530      6.571    20.4423   998.1498 0.0000e+00
      4.638      0.067     0.1007      1.109     36.047  32.484382    20.4878      7.083   311.3387 2.3590e+01     3.7523      4.547      6.595    20.3907   998.1610 0.0000e+00
      4.658      0.071     0.0922      1.013     35.549  31.957994    20.5517      7.078   311.3754 2.2254e+01     3.6701      4.567      6.624    20.3258   998.1753 0.0000e+00
      4.679      0.072     0.0864      0.947     35.014  31.394808    20.6701      7.073   311.3441 2.1019e+01     3.5699      4.589      6.657    20.2531   998.1911 0.0000e+00
      4.699      0.070     0.0840      0.919     34.957  31.259147    20.7311      7.069   311.4775 1.9986e+01     3.5574      4.609      6.685    20.1637   998.2100 0.0000e+00
      4.717      0.066     0.0843      0.920     35.344  31.523316    20.7256      7.064   311.6975 1.9107e+01     3.5517      4.627      6.710    20.0522   998.2332 0.0000e+00
      4.733      0.062     0.0850      0.925     35.806  31.860091    20.6642      7.059   311.8518 1.8338e+01     3.5658      4.643      6.733    19.9442   998.2553 0.0000e+00
      4.748      0.058     0.0852      0.925     36.285  32.221541    20.5528      7.054   312.1392 1.7702e+01     3.6623      4.657      6.754    19.8290   998.2787 0.0000e+00
      4.759      0.056     0.0857      0.929     36.985  32.783986    20.4968      7.051   312.5060 1.7101e+01     3.7363      4.667      6.769    19.7022   998.3045 0.0000e+00
      4.772      0.056     0.0873      0.945     37.900  33.520178    20.5592      7.049   312.6725 1.6407e+01     3.7728      4.678      6.783    19.5880   998.3280 0.0000e+00
      4.787      0.058     0.0901      0.973     38.574  34.014865    21.2643      7.045   312.7751 1.5713e+01     3.7423      4.694      6.808    19.4797   998.3500 0.0000e+00
      4.802      0.063     0.0943      1.016     38.617  33.941802    22.5459      7.040   312.8871 1.5133e+01     3.6302      4.710      6.832    19.3882   998.3686 0.0000e+00
      4.817      0.066     0.0986      1.060     38.256  33.525172    23.2401      7.035   312.9078 1.4556e+01     3.5634      4.722      6.849    19.3262   998.3812 0.0000e+00
      4.834      0.068     0.1012      1.085     37.571  32.848630    23.3114      7.030   312.7672 1.3876e+01     3.5244      4.739      6.873    19.2349   998.3997 0.0000e+00
      4.856      0.070     0.1037      1.109     36.509  31.854046    23.4519      7.025   312.3054 1.3264e+01     3.4865      4.763      6.909    19.0918   998.4284 0.0000e+00
      4.876      0.071     0.1064      1.135     35.415  30.828230    24.8775      7.018   311.9703 1.2870e+01     3.5636      4.785      6.940    18.9360   998.4589 0.0000e+00
      4.891      0.071     0.1069      1.138     34.753  30.154415    27.4651      7.012   312.1569 1.2558e+01     3.7040      4.796      6.957    18.7987   998.4855 0.0000e+00
      4.908      0.068     0.1070      1.136     34.556  29.862021    28.8586      7.008   312.0667 1.2184e+01     3.7415      4.810      6.976    18.7051   998.5035 0.0000e+00
      4.928      0.063     0.1093      1.156     34.511  29.703979    28.9731      7.005   311.3959 1.1854e+01     3.7216      4.833      7.010    18.6208   998.5194 0.0000e+00
      4.947      0.058     0.1118      1.178     34.556  29.639334    28.9193      7.003   310.7573 1.1715e+01     3.6601      4.855      7.042    18.5326   998.5359 0.0000e+00
      4.960      0.053     0.1132      1.190     34.672  29.651340    28.7884      7.001   310.3686 1.1654e+01     3.5555      4.864      7.056    18.4003   998.5608 0.0000e+00
      4.971      0.049     0.1142      1.198     34.762  29.658678    28.7085      7.000   310.0520 1.1581e+01     3.5055      4.874      7.070    18.1961   998.5993 0.0000e+00
      4.982      0.047     0.1142      1.195     34.837  29.664516    28.6818      6.999   309.7678 1.1595e+01     3.4810      4.887      7.088    18.0206   998.6319 0.0000e+00
      4.991      0.046     0.1137      1.189     34.898  29.658397    28.5694      6.998   309.5136 1.1607e+01     3.4895      4.893      7.097    17.8777   998.6583 0.0000e+00
      5.001      0.046     0.1134      1.183     34.958  29.648075    28.3805      6.999   309.2156 1.1519e+01     3.5428      4.902      7.108    17.7435   998.6830 0.0000e+00
      5.016      0.046     0.1121      1.167     35.033  29.666537    28.2705      7.000   308.8321 1.1420e+01     3.5363      4.918      7.133    17.6480   998.7004 0.0000e+00
      5.032      0.047     0.1097      1.142     35.010  29.627762    28.1770      6.999   308.3185 1.1362e+01     3.4761      4.936      7.160    17.5753   998.7136 0.0000e+00
      5.043      0.047     0.1066      1.109     34.875  29.496487    27.2849      6.997   307.8238 1.1361e+01     3.4050      4.947      7.174    17.4935   998.7284 0.0000e+00
      5.051      0.045     0.1042      1.083     34.812  29.411757    25.6509      6.996   307.4972 1.1356e+01     3.3317      4.953      7.182    17.3921   998.7465 0.0000e+00
      5.061      0.044     0.1032      1.072     34.712  29.301232    24.7542      6.996   307.2079 1.1281e+01     3.2779      4.962      7.197    17.3173   998.7599 0.0000e+00
      5.074      0.046     0.1022      1.062     34.432  29.048399    24.6275      6.996   306.8215 1.1207e+01     3.2132      4.977      7.218    17.3082   998.7616 0.0000e+00
      5.085      0.051     0.1010      1.048     34.219  28.829321    24.1625      6.995   306.4391 1.1145e+01     3.1064      4.989      7.235    17.3030   998.7624 0.0000e+00
      5.095      0.055     0.1003      1.038     34.201  28.746174    23.3275      6.993   306.0264 1.1003e+01     2.9696      4.995      7.244    17.2318   998.7750 0.0000e+00
      5.109      0.058     0.1002      1.035     34.282  28.740930    22.8723      6.992   305.5304 1.0737e+01     2.8700      5.008      7.262    17.1878   998.7829 0.0000e+00
      5.129      0.059     0.0997      1.029     34.385  28.765829    22.8283      6.991   305.0884 1.0407e+01     2.8190      5.031      7.296    17.1998   998.7807 0.0000e+00
      5.149      0.061     0.0992      1.022     34.469  28.793352    22.7790      6.991   304.7260 1.0152e+01     2.7797      5.053      7.329    17.1387   998.7916 0.0000e+00
      5.163      0.062     0.0977      1.006     34.529  28.819853    22.3278      6.991   304.2460 1.0000e+01     2.7227      5.065      7.347    17.0219   998.8119 0.0000e+00
      5.173      0.059     0.0947      0.974     34.558  28.832429    21.5175      6.990   303.6729 9.8075e+00     2.6548      5.071      7.355    16.9082   998.8317 0.0000e+00
      5.188      0.053     0.0934      0.961     34.549  28.818495    21.0712      6.989   303.3893 9.4894e+00     2.6136      5.085      7.375    16.8133   998.8481 0.0000e+00
      5.206      0.048     0.0940      0.967     34.508  28.778265    20.9282      6.988   303.3122 9.1820e+00     2.6182      5.107      7.407    16.7544   998.8583 0.0000e+00
      5.221      0.046     0.0937      0.962     34.460  28.726714    19.8146      6.988   303.1710 9.0192e+00     2.6446      5.123      7.432    16.7229   998.8638 0.0000e+00
      5.229      0.044     0.0918      0.942     34.468  28.702773    17.7932      6.989   303.0585 8.9249e+00     2.6381      5.129      7.439    16.7102   998.8661 0.0000e+00
      5.235      0.042     0.0906      0.928     34.581  28.742549    16.6897      6.989   302.9843 8.7861e+00     2.6375      5.132      7.443    16.7019   998.8674 0.0000e+00
      5.244      0.042     0.0911      0.932     34.761  28.826883    16.3988      6.989   302.7898 8.5925e+00     2.6378      5.141      7.457    16.6949   998.8687 0.0000e+00
      5.256      0.044     0.0912      0.931     34.919  28.897519    14.2497      6.988   302.4275 8.3984e+00     2.6084      5.155      7.476    16.6872   998.8701 0.0000e+00
      5.268      0.047     0.0900      0.917     35.054  28.962036    10.3425      6.987   302.1318 8.2221e+00     2.6101      5.166      7.493    16.6494   998.8765 0.0000e+00
      5.282      0.048     0.0901      0.917     35.183  29.035841     8.2064      6.985   302.0538 8.0363e+00     2.6257      5.179      7.512    16.5595   998.8918 0.0000e+00
      5.296      0.048     0.0910      0.926     35.278  29.091900     7.9472      6.985   302.0009 7.8703e+00     2.6334      5.195      7.533    16.4563   998.9094 0.0000e+00
      5.309      0.047     0.0910      0.926     35.427  29.195664     7.1477      6.985   301.9219 7.7300e+00     2.7682      5.206      7.551    16.3680   998.9242 0.0000e+00
      5.321      0.046     0.0909      0.924     35.714  29.402115     5.7007      6.985   301.8737 7.5969e+00     3.0432      5.218      7.568    16.2987   998.9358 0.0000e+00
      5.331      0.045     0.0902      0.915     36.042  29.621065     4.9212      6.985   301.7617 7.4918e+00     3.2382      5.229      7.584    16.2533   998.9434 0.0000e+00
      5.341      0.044     0.0898      0.910     36.275  29.749013     4.8677      6.985   301.6006 7.3987e+00     3.2910      5.238      7.597    16.2265   998.9479 0.0000e+00
      5.352      0.042     0.0916      0.926     36.418  29.806901     4.9233      6.983   301.4743 7.2750e+00     3.2879      5.247      7.610    16.2063   998.9513 0.0000e+00
      5.364      0.040     0.0927      0.936     36.563  29.876744     5.0219      6.980   301.3537 7.1386e+00     3.2667      5.260      7.629    16.1718   998.9572 0.0000e+00
      5.375      0.039     0.0913      0.921     36.708  29.958893     5.0713      6.980   301.2604 7.0486e+00     3.2640      5.273      7.648    16.0973   998.9695 0.0000e+00
      5.385      0.040     0.0897      0.904     36.916  30.102125     5.0784      6.980   301.2063 6.9897e+00     3.2881      5.282      7.661    15.9972   998.9859 0.0000e+00
      5.391      0.041     0.0902      0.909     37.315  30.402909     5.0733      6.979   301.1300 6.9169e+00     3.2955      5.287      7.668    15.9110   998.9999 0.0000e+00
      5.399      0.042     0.0907      0.914     37.779  30.740174     4.9318      6.977   301.1123 6.8236e+00     3.4194      5.293      7.677    15.8481   999.0101 0.0000e+00
      5.411      0.045     0.0896      0.901     38.106  30.943715     4.6669      6.974   301.0787 6.7011e+00     3.7047      5.306      7.695    15.7976   999.0183 0.0000e+00
      5.425      0.047     0.0890      0.892     38.290  31.023614     4.5237      6.972   300.9817 6.5653e+00     3.8935      5.320      7.716    15.7632   999.0239 0.0000e+00
      5.440      0.047     0.0894      0.895     38.419  31.071573     4.5017      6.969   300.9709 6.4612e+00     3.9652      5.335      7.738    15.7458   999.0269 0.0000e+00
      5.454      0.047     0.0894      0.894     38.556  31.142776     4.3395      6.967   300.9480 6.3949e+00     4.1129      5.349      7.759    15.6951   999.0352 0.0000e+00
      5.465      0.048     0.0888      0.888     38.727  31.249916     4.0279      6.965   300.8774 6.3404e+00     4.3029      5.360      7.775    15.6004   999.0504 0.0000e+00
      5.473      0.051     0.0882      0.880     38.972  31.415102     3.8471      6.962   300.8921 6.2872e+00     4.3946      5.366      7.784    15.5018   999.0661 0.0000e+00
      5.482      0.055     0.0871      0.869     39.274  31.617007     3.8185      6.959   301.0393 6.2217e+00     4.4349      5.373      7.794    15.4240   999.0783 0.0000e+00
      5.497      0.059     0.0866      0.863     39.547  31.787329     3.6896      6.957   301.4531 6.1281e+00     4.6272      5.388      7.816    15.3788   999.0853 0.0000e+00
      5.517      0.063     0.0878      0.873     39.736  31.887932     3.4425      6.954   302.1090 6.0321e+00     4.9498      5.410      7.847    15.3461   999.0905 0.0000e+00
      5.537      0.067     0.0888      0.882     39.865  31.944894     3.3010      6.950   302.5169 5.9606e+00     5.0907      5.431      7.877    15.3055   999.0971 0.0000e+00
      5.555      0.070     0.0887      0.880     40.026  32.031781     3.2799      6.947   302.5137 5.9128e+00     5.0847      5.449      7.902    15.2516   999.1056 0.0000e+00
      5.570      0.072     0.0893      0.885     40.342  32.240374     3.2216      6.944   302.5002 5.8669e+00     5.0090      5.462      7.922    15.1856   999.1158 0.0000e+00
      5.587      0.073     0.0905      0.895     40.727  32.499649     3.1157      6.939   302.6125 5.8051e+00     4.8307      5.477      7.944    15.1183   999.1262 0.0000e+00
