Data/DataNotYetUploadedToEDI/Raw_CTD/2019_RawDownloads/081519_fcr50.cnv
* Sea-Bird SBE19plus  Data File:
* FileName = C:\DATA\081519_fcr50b_0004.hex
* Software version 2.8.0.119 SB_Terminal.dll
* Temperature SN = 7809
* Conductivity SN = 7809
* System UpLoad Time = Aug 15 2019 15:10:50
* <ApplicationData>
* <Seaterm232>
# nquan = 16
# nvalues = 826                         
# units = specified
# name 0 = depFM: Depth [fresh water, m]
# name 1 = dz/dtM: Descent Rate [m/s]
# name 2 = sbeox0Mg/L: Oxygen, SBE 43 [mg/l]
# name 3 = sbeox0PS: Oxygen, SBE 43 [% saturation]
# name 4 = specc: Specific Conductance [uS/cm]
# name 5 = c0uS/cm: Conductivity [uS/cm]
# name 6 = flECO-AFL: Fluorescence, WET Labs ECO-AFL/FL [mg/m^3]
# name 7 = ph: pH
# name 8 = orp: Oxidation Reduction Potential [mV]
# name 9 = par/sat/log: PAR/Logarithmic, Satlantic
# name 10 = turbWETntu0: Turbidity, WET Labs ECO [NTU]
# name 11 = prdM: Pressure, Strain Gauge [db]
# name 12 = prdE: Pressure, Strain Gauge [psi]
# name 13 = tv290C: Temperature [ITS-90, deg C]
# name 14 = density00: Density [density, kg/m^3]
# name 15 = flag:  0.000e+00
# span 0 =     -0.591,      9.671       
# span 1 =     -0.270,      0.448       
# span 2 =     0.1831,    10.9651       
# span 3 =      1.854,    136.904       
# span 4 =      1.266,     68.022       
# span 5 =   1.326925,  52.880514       
# span 6 =    -0.1107,     7.4212       
# span 7 =      6.932,      9.480       
# span 8 =   234.3772,   409.7892       
# span 9 = 1.2347e-01, 3.8600e+02       
# span 10 =    -0.4974,    83.6420      
# span 11 =     -0.579,      9.485      
# span 12 =     -0.840,     13.756      
# span 13 =    11.8420,    27.4092      
# span 14 =   996.4085,   999.5814      
# span 15 = 0.0000e+00, 0.0000e+00      
# interval = seconds: 0.25
# start_time = Aug 15 2019 11:55:46 [Instrument's time stamp, header]
# bad_flag = -9.990e-29
*END*
     -0.591 5.6109e-16     7.4342     93.983      1.266   1.326925    -0.1006      6.937   409.7892 3.7307e+02    -0.2598     -0.579     -0.840    27.4041   996.4100 0.0000e+00
     -0.591 6.1720e-15     7.4338     93.979      1.308   1.371320    -0.1024      6.936   405.7040 3.8238e+02    -0.2891     -0.579     -0.839    27.4046   996.4098 0.0000e+00
     -0.591 6.7892e-14     7.4338     93.979      1.370   1.436203    -0.1107      6.934   402.4778 3.8600e+02    -0.2795     -0.579     -0.840    27.4051   996.4097 0.0000e+00
     -0.591 1.4486e-13     7.4361     94.008      1.410   1.477811    -0.1067      6.934   398.9160 3.7508e+02    -0.2420     -0.579     -0.840    27.4056   996.4095 0.0000e+00
     -0.591 3.3489e-13     7.4376     94.028      1.426   1.494237    -0.0969      6.934   395.0745 3.5005e+02    -0.2623     -0.579     -0.839    27.4059   996.4094 0.0000e+00
     -0.591 2.9674e-12     7.4354     93.999      1.439   1.508082    -0.0967      6.934   391.3076 3.2075e+02    -0.2953     -0.579     -0.840    27.4060   996.4094 0.0000e+00
     -0.591 3.2576e-11     7.4324     93.962      1.449   1.518490    -0.1039      6.934   387.7859 2.9779e+02    -0.2799     -0.579     -0.840    27.4065   996.4093 0.0000e+00
     -0.591 3.5833e-10     7.4331     93.972      1.425   1.493355    -0.1059      6.934   384.6719 2.7926e+02    -0.3057     -0.579     -0.840    27.4069   996.4092 0.0000e+00
     -0.590 3.9417e-09     7.4364     94.014      1.390   1.457625    -0.1033      6.933   381.6201 2.6315e+02    -0.4105     -0.579     -0.840    27.4069   996.4092 0.0000e+00
     -0.590 4.3358e-08     7.4374     94.027      1.399   1.466643    -0.0983      6.933   378.5918 2.5994e+02    -0.4653     -0.579     -0.840    27.4071   996.4091 0.0000e+00
     -0.590 4.7694e-07     7.4364     94.014      1.408   1.475676    -0.0973      6.932   376.0194 2.7551e+02    -0.4438     -0.579     -0.840    27.4072   996.4091 0.0000e+00
     -0.590      0.000     7.4352     93.999      1.374   1.440113    -0.1004      6.932   373.6622 2.9351e+02    -0.4454     -0.578     -0.839    27.4074   996.4090 0.0000e+00
     -0.590      0.000     7.4332     93.975      1.351   1.416827    -0.1011      6.932   371.3432 2.9112e+02    -0.4850     -0.578     -0.839    27.4075   996.4090 0.0000e+00
     -0.590      0.001     7.4313     93.951      1.380   1.447564    -0.1057      6.933   369.2315 2.5590e+02    -0.4974     -0.578     -0.839    27.4078   996.4089 0.0000e+00
     -0.590      0.002     7.4303     93.939      1.849   1.938469    -0.1043      6.945   368.8658 1.9595e+02    -0.4629     -0.578     -0.839    27.4080   996.4089 0.0000e+00
     -0.590      0.012     7.4302     93.939      7.134   7.479039    -0.1011      7.082   380.8599 1.4627e+02    -0.3959     -0.578     -0.839    27.4082   996.4088 0.0000e+00
     -0.590      0.050     7.4317     93.954     20.114  21.083220    -0.1023      7.516   401.2824 1.3107e+02    -0.3111     -0.578     -0.839    27.4081   996.4088 0.0000e+00
     -0.589      0.124     7.4383     94.014     32.288  33.834475    -0.0923      8.158   407.2320 1.4422e+02    -0.0930     -0.578     -0.838    27.4085   996.4087 0.0000e+00
     -0.586      0.217     7.4627     94.244     36.685  38.409170    -0.0145      8.712   400.1407 1.7484e+02     1.8159     -0.577     -0.837    27.4087   996.4085 0.0000e+00
     -0.551      0.308     7.5229     94.848     37.032  38.704669     0.8384      9.069   391.9452 2.1864e+02    22.4745     -0.577     -0.838    27.4092   996.4087 0.0000e+00
     -0.432      0.390     7.6190     95.844     37.034  38.613312     2.4082      9.282   383.6828 2.6465e+02    60.3296     -0.456     -0.661    27.4089   996.4138 0.0000e+00
     -0.253      0.446     7.7354     97.091     37.084  38.573993     3.2639      9.398   376.1277 2.9261e+02    80.9672     -0.224     -0.325    27.4018   996.4214 0.0000e+00
     -0.101      0.448     7.8557     98.449     37.119  38.546508     3.3384      9.457   369.5134 2.6689e+02    82.6771     -0.084     -0.120    27.3626   996.4332 0.0000e+00
      0.016      0.381     7.9581     99.678     37.069  38.471321     3.3608      9.480   363.8520 1.9290e+02    81.1670      0.008      0.011    27.2652   996.4605 0.0000e+00
      0.131      0.262     8.0228    100.498     37.023  38.426610     3.4744      9.480   359.1276 1.3987e+02    63.1020      0.138      0.198    27.1270   996.4994 0.0000e+00
      0.211      0.136     8.0428    100.763     37.040  38.450273     3.6624      9.466   354.8089 1.3393e+02    29.9845      0.244      0.353    26.9865   996.5385 0.0000e+00
      0.208      0.041     8.0260    100.549     37.032  38.440049     3.7619      9.446   350.8688 1.6252e+02    11.8763      0.234      0.339    26.8927   996.5643 0.0000e+00
      0.138     -0.022     7.9871    100.052     36.965  38.366468     3.7679      9.426   347.4528 2.0332e+02    10.1488      0.128      0.187    26.8700   996.5700 0.0000e+00
      0.074     -0.058     7.9382     99.440     36.922  38.322330     3.7865      9.407   344.3079 2.1290e+02     9.2614      0.049      0.072    26.8904   996.5641 0.0000e+00
      0.057     -0.062     7.8884     98.831     36.943  38.350720     3.8213      9.391   341.2368 1.9485e+02     7.8326      0.045      0.066    26.9039   996.5604 0.0000e+00
      0.072     -0.038     7.8431     98.281     36.977  38.392350     3.8422      9.378   337.5083 1.8547e+02     7.0304      0.074      0.107    26.8955   996.5627 0.0000e+00
      0.085     -0.010     7.8009     97.759     37.024  38.444828     3.8487      9.367   333.4716 1.8593e+02     6.9035      0.087      0.128    26.8866   996.5652 0.0000e+00
      0.090      0.003     7.7656     97.311     37.118  38.540895     3.8392      9.354   330.5450 1.8878e+02     6.4948      0.088      0.129    26.8870   996.5651 0.0000e+00
      0.090     -0.002     7.7765     97.434     37.182  38.601721     3.8308      9.343   328.5365 1.9615e+02     5.7919      0.090      0.131    26.8990   996.5618 0.0000e+00
      0.083     -0.013     7.8628     98.499     37.196  38.608961     3.8342      9.334   326.7392 2.0352e+02     5.3859      0.085      0.123    26.9108   996.5586 0.0000e+00
      0.071     -0.020     7.9806     99.963     37.220  38.628424     3.8448      9.323   324.3017 2.0419e+02     5.2882      0.065      0.095    26.9137   996.5578 0.0000e+00
      0.066     -0.021     8.0768    101.161     37.240  38.646604     3.8724      9.308   321.1768 2.0502e+02     5.0043      0.063      0.091    26.9119   996.5583 0.0000e+00
      0.062     -0.020     8.1632    102.236     37.235  38.638332     3.9002      9.294   318.5534 2.0847e+02     4.5095      0.066      0.095    26.9037   996.5606 0.0000e+00
      0.055     -0.017     8.2726    103.603     37.192  38.591883     3.9118      9.284   316.6733 2.0523e+02     4.2550      0.051      0.072    26.8914   996.5638 0.0000e+00
      0.052     -0.014     8.4054    105.264     37.132  38.529341     3.9083      9.276   315.2223 2.0328e+02     4.2533      0.048      0.069    26.8843   996.5658 0.0000e+00
      0.053     -0.010     8.5468    107.033     37.120  38.516911     3.8930      9.269   313.7426 2.0609e+02     4.2596      0.056      0.081    26.8815   996.5666 0.0000e+00
      0.050     -0.002     8.6725    108.607     37.109  38.505072     3.8829      9.259   311.8611 2.0731e+02     4.2665      0.049      0.071    26.8781   996.5675 0.0000e+00
      0.044      0.008     8.7515    109.595     37.057  38.449674     3.8894      9.248   309.8526 2.1153e+02     4.2709      0.042      0.061    26.8753   996.5682 0.0000e+00
      0.042      0.015     8.7700    109.825     37.027  38.418400     3.9030      9.240   308.1283 2.1555e+02     4.2790      0.038      0.054    26.8748   996.5682 0.0000e+00
      0.050      0.019     8.7257    109.270     37.052  38.444328     3.9003      9.232   306.5867 2.1352e+02     4.2997      0.043      0.062    26.8751   996.5682 0.0000e+00
      0.066      0.022     8.6226    107.978     37.115  38.509253     3.8913      9.224   305.1511 2.1066e+02     4.2915      0.068      0.098    26.8741   996.5686 0.0000e+00
      0.077      0.023     8.4734    106.110     37.172  38.568623     3.8988      9.217   304.6227 2.0784e+02     4.2450      0.079      0.115    26.8741   996.5687 0.0000e+00
      0.079      0.020     8.2926    103.844     37.193  38.590865     3.9041      9.209   304.7585 2.0312e+02     4.2300      0.077      0.111    26.8732   996.5689 0.0000e+00
      0.080      0.014     8.0936    101.349     37.192  38.587742     3.9023      9.202   304.0398 1.9780e+02     4.2739      0.079      0.115    26.8720   996.5692 0.0000e+00
      0.081      0.009     7.8898     98.794     37.200  38.594339     3.9032      9.196   302.3859 1.9695e+02     4.3494      0.080      0.115    26.8723   996.5691 0.0000e+00
      0.082      0.006     7.7015     96.431     37.215  38.607151     3.8981      9.190   300.5925 2.0185e+02     4.4219      0.080      0.116    26.8726   996.5691 0.0000e+00
      0.084      0.006     7.5602     94.657     37.225  38.615694     3.8926      9.185   299.7359 2.0565e+02     4.4613      0.082      0.120    26.8724   996.5692 0.0000e+00
      0.086      0.006     7.4957     93.847     37.244  38.634147     3.8968      9.179   299.7717 2.0593e+02     4.4978      0.084      0.122    26.8708   996.5696 0.0000e+00
      0.088      0.005     7.5166     94.106     37.250  38.639826     3.9059      9.174   299.2187 2.0504e+02     4.5042      0.086      0.125    26.8679   996.5704 0.0000e+00
      0.090      0.004     7.6081     95.249     37.233  38.620877     3.9069      9.170   298.0404 2.0469e+02     4.4397      0.089      0.129    26.8648   996.5713 0.0000e+00
      0.092      0.002     7.7448     96.957     37.210  38.595476     3.9001      9.168   296.5386 2.0491e+02     4.4070      0.090      0.131    26.8622   996.5720 0.0000e+00
      0.092      0.001     7.9039     98.947     37.202  38.586621     3.9016      9.165   294.8262 2.0624e+02     4.4355      0.090      0.131    26.8600   996.5726 0.0000e+00
      0.091      0.000     8.0671    100.989     37.194  38.577279     3.9086      9.162   293.7691 2.0865e+02     4.4569      0.089      0.130    26.8585   996.5730 0.0000e+00
      0.090     -0.001     8.2166    102.859     37.164  38.546003     3.9061      9.158   293.2224 2.0950e+02     4.4699      0.087      0.126    26.8577   996.5732 0.0000e+00
      0.090     -0.001     8.3393    104.394     37.145  38.525853     3.8978      9.154   292.4309 2.0867e+02     4.4614      0.088      0.127    26.8563   996.5736 0.0000e+00
      0.090     -0.001     8.4266    105.484     37.145  38.524082     3.8952      9.149   291.4268 2.0822e+02     4.4522      0.089      0.129    26.8543   996.5741 0.0000e+00
      0.090     -0.001     8.4746    106.079     37.146  38.524592     3.9087      9.145   290.4599 2.0817e+02     4.5218      0.088      0.128    26.8537   996.5743 0.0000e+00
      0.090      0.000     8.4906    106.277     37.154  38.532007     3.9398      9.142   289.1722 2.0831e+02     4.6482      0.089      0.129    26.8533   996.5744 0.0000e+00
      0.089      0.000     8.4861    106.219     37.172  38.550263     3.9598      9.138   287.5596 2.0916e+02     4.7346      0.088      0.128    26.8527   996.5746 0.0000e+00
      0.088      0.000     8.4675    105.987     37.177  38.554883     3.9589      9.132   286.5342 2.0929e+02     4.7472      0.087      0.126    26.8510   996.5750 0.0000e+00
      0.088      0.001     8.4402    105.645     37.148  38.524394     3.9635      9.126   286.2382 2.0836e+02     4.7021      0.086      0.124    26.8477   996.5759 0.0000e+00
      0.090      0.002     8.4089    105.253     37.123  38.499013     3.9726      9.120   286.0459 2.0844e+02     4.6808      0.088      0.128    26.8466   996.5763 0.0000e+00
      0.091      0.003     8.3801    104.895     37.126  38.501917     3.9740      9.113   284.8980 2.0896e+02     4.7192      0.090      0.131    26.8466   996.5762 0.0000e+00
      0.091      0.003     8.3574    104.612     37.119  38.496028     3.9719      9.108   282.9417 2.0848e+02     4.7403      0.089      0.129    26.8466   996.5763 0.0000e+00
      0.092      0.003     8.3339    104.320     37.114  38.491288     3.9639      9.104   281.7514 2.0771e+02     4.7395      0.089      0.129    26.8465   996.5763 0.0000e+00
      0.093      0.003     8.3057    103.970     37.129  38.508076     3.9379      9.100   281.6054 2.0734e+02     4.7422      0.092      0.134    26.8459   996.5764 0.0000e+00
      0.094      0.003     8.2752    103.591     37.128  38.508585     3.9091      9.095   281.6926 2.0729e+02     4.7402      0.092      0.133    26.8465   996.5762 0.0000e+00
      0.094      0.003     8.2418    103.174     37.117  38.497450     3.9024      9.089   281.2568 2.0734e+02     4.7492      0.091      0.133    26.8484   996.5757 0.0000e+00
      0.095      0.003     8.2025    102.683     37.120  38.500400     3.9080      9.083   280.1222 2.0707e+02     4.7520      0.093      0.135    26.8493   996.5755 0.0000e+00
      0.096      0.003     8.1600    102.149     37.102  38.480774     3.9250      9.079   278.7289 2.0677e+02     4.6747      0.093      0.135    26.8505   996.5752 0.0000e+00
      0.097      0.004     8.1213    101.660     37.074  38.450590     3.9435      9.076   277.5740 2.0677e+02     4.5362      0.094      0.137    26.8527   996.5746 0.0000e+00
      0.098      0.006     8.0922    101.289     37.078  38.452835     3.9494      9.073   276.7415 2.0616e+02     4.4527      0.097      0.139    26.8541   996.5742 0.0000e+00
      0.099      0.015     8.0788    101.118     37.072  38.444431     3.9532      9.068   276.0634 2.0511e+02     4.4525      0.098      0.142    26.8543   996.5742 0.0000e+00
      0.099      0.031     8.0879    101.231     36.981  38.348977     3.9710      9.059   275.6558 2.0519e+02     4.4689      0.097      0.141    26.8530   996.5745 0.0000e+00
      0.100      0.049     8.1244    101.689     36.825  38.187385     4.0092      9.051   275.1684 2.0488e+02     4.4543      0.098      0.142    26.8499   996.5754 0.0000e+00
      0.109      0.057     8.1972    102.604     36.717  38.077555     4.0342      9.047   274.1275 1.9843e+02     4.4402      0.098      0.143    26.8467   996.5762 0.0000e+00
      0.137      0.053     8.3141    104.081     36.672  38.036660     4.0307      9.043   273.2232 1.8443e+02     4.4945      0.125      0.182    26.8438   996.5771 0.0000e+00
      0.179      0.039     8.4625    105.956     36.640  38.010315     3.9931      9.038   272.4943 1.7362e+02     4.4884      0.186      0.270    26.8435   996.5775 0.0000e+00
      0.201      0.019     8.6154    107.885     36.637  38.012949     3.9262      9.034   271.6821 1.7500e+02     4.3334      0.213      0.309    26.8438   996.5775 0.0000e+00
      0.190      0.001     8.7387    109.437     36.688  38.068516     3.8895      9.029   272.0074 1.8275e+02     4.2255      0.190      0.275    26.8437   996.5774 0.0000e+00
      0.165     -0.009     8.7935    110.122     36.729  38.110884     3.8950      9.020   272.9857 1.8976e+02     4.2339      0.160      0.231    26.8529   996.5748 0.0000e+00
      0.143     -0.004     8.7608    109.702     36.704  38.080870     3.9235      9.008   272.8408 1.9504e+02     4.4677      0.138      0.199    26.8642   996.5715 0.0000e+00
      0.133      0.020     8.6604    108.432     36.653  38.022996     3.9662      8.997   271.7191 1.9606e+02     4.8883      0.123      0.178    26.8720   996.5693 0.0000e+00
      0.142      0.054     8.5327    106.820     36.619  37.982413     3.9857      8.990   270.5224 1.8921e+02     5.0917      0.129      0.187    26.8769   996.5681 0.0000e+00
      0.173      0.085     8.4038    105.203     36.610  37.971033     3.9776      8.985   270.5027 1.7684e+02     5.0587      0.168      0.244    26.8753   996.5686 0.0000e+00
