Data/DataNotYetUploadedToEDI/Raw_CTD/2019_RawDownloads/081519_fcr50.cnv
* Sea-Bird SBE19plus  Data File:
* FileName = C:\DATA\081519_fcr50b_0004.hex
* Software version 2.8.0.119 SB_Terminal.dll
* Temperature SN = 7809
* Conductivity SN = 7809
* System UpLoad Time = Aug 15 2019 15:10:50
* <ApplicationData>
* <Seaterm232>
# nquan = 16
# nvalues = 826                         
# units = specified
# name 0 = depFM: Depth [fresh water, m]
# name 1 = dz/dtM: Descent Rate [m/s]
# name 2 = sbeox0Mg/L: Oxygen, SBE 43 [mg/l]
# name 3 = sbeox0PS: Oxygen, SBE 43 [% saturation]
# name 4 = specc: Specific Conductance [uS/cm]
# name 5 = c0uS/cm: Conductivity [uS/cm]
# name 6 = flECO-AFL: Fluorescence, WET Labs ECO-AFL/FL [mg/m^3]
# name 7 = ph: pH
# name 8 = orp: Oxidation Reduction Potential [mV]
# name 9 = par/sat/log: PAR/Logarithmic, Satlantic
# name 10 = turbWETntu0: Turbidity, WET Labs ECO [NTU]
# name 11 = prdM: Pressure, Strain Gauge [db]
# name 12 = prdE: Pressure, Strain Gauge [psi]
# name 13 = tv290C: Temperature [ITS-90, deg C]
# name 14 = density00: Density [density, kg/m^3]
# name 15 = flag:  0.000e+00
# span 0 =     -0.591,      9.671       
# span 1 =     -0.270,      0.448       
# span 2 =     0.1831,    10.9651       
# span 3 =      1.854,    136.904       
# span 4 =      1.266,     68.022       
# span 5 =   1.326925,  52.880514       
# span 6 =    -0.1107,     7.4212       
# span 7 =      6.932,      9.480       
# span 8 =   234.3772,   409.7892       
# span 9 = 1.2347e-01, 3.8600e+02       
# span 10 =    -0.4974,    83.6420      
# span 11 =     -0.579,      9.485      
# span 12 =     -0.840,     13.756      
# span 13 =    11.8420,    27.4092      
# span 14 =   996.4085,   999.5814      
# span 15 = 0.0000e+00, 0.0000e+00      
# interval = seconds: 0.25
# start_time = Aug 15 2019 11:55:46 [Instrument's time stamp, header]
# bad_flag = -9.990e-29
*END*
[from data line 633]
      6.289      0.052     2.4820     22.995     49.085  36.251677     0.9160      7.710   285.3081 1.8716e-01    14.8909      6.169      8.948    11.9347   999.5557 0.0000e+00
      6.297      0.057     2.4756     22.937     49.115  36.277481     0.8653      7.707   285.4769 1.8756e-01    14.9087      6.175      8.956    11.9340   999.5559 0.0000e+00
      6.306      0.063     2.4714     22.902     49.142  36.304421     0.8567      7.705   285.6262 1.8854e-01    14.8944      6.181      8.965    11.9304   999.5563 0.0000e+00
      6.323      0.071     2.4713     22.902     49.164  36.323507     0.8725      7.704   285.9939 1.6994e-01    14.8491      6.198      8.989    11.9259   999.5569 0.0000e+00
      6.348      0.077     2.4748     22.935     49.155  36.317841     0.9091      7.701   286.5680 1.4722e-01    14.7863      6.225      9.029    11.9220   999.5575 0.0000e+00
      6.374      0.082     2.4788     22.975     49.122  36.299391     0.9350      7.697   286.9745 1.3177e-01    14.7250      6.253      9.069    11.9264   999.5571 0.0000e+00
      6.397      0.081     2.4806     22.997     49.101  36.290851     0.9350      7.695   287.1235 1.2441e-01    14.6658      6.275      9.101    11.9382   999.5559 0.0000e+00
      6.417      0.074     2.4821     23.012     49.081  36.278061     0.9345      7.692   287.2507 1.2376e-01    14.6926      6.292      9.127    11.9396   999.5558 0.0000e+00
      6.437      0.064     2.4853     23.037     49.084  36.271705     0.9552      7.690   287.5657 1.2367e-01    14.8201      6.312      9.154    11.9354   999.5564 0.0000e+00
      6.454      0.057     2.4873     23.047     49.109  36.277462     0.9769      7.688   288.0075 1.2362e-01    14.8967      6.332      9.184    11.9447   999.5554 0.0000e+00
      6.465      0.057     2.4841     23.014     49.128  36.284178     0.9892      7.686   288.3766 1.2353e-01    14.8648      6.344      9.201    11.9552   999.5543 0.0000e+00
      6.470      0.065     2.4777     22.957     49.130  36.289418     1.0163      7.683   288.5875 1.2352e-01    14.7948      6.344      9.202    11.9584   999.5538 0.0000e+00
      6.477      0.076     2.4714     22.904     49.099  36.277354     1.0621      7.680   288.5783 1.2360e-01    14.7386      6.346      9.205    11.9494   999.5549 0.0000e+00
      6.498      0.087     2.4665     22.862     49.074  36.265284     1.0919      7.678   288.5231 1.2362e-01    14.7102      6.367      9.235    11.9302   999.5573 0.0000e+00
      6.533      0.097     2.4637     22.832     49.089  36.270431     1.0991      7.676   288.6082 1.2360e-01    14.7137      6.406      9.291    11.9199   999.5585 0.0000e+00
      6.570      0.107     2.4633     22.822     49.114  36.276098     1.0891      7.675   288.7475 1.2360e-01    14.7471      6.447      9.349    11.9260   999.5580 0.0000e+00
      6.600      0.115     2.4649     22.832     49.117  36.270310     1.0567      7.672   288.8306 1.2357e-01    14.8195      6.475      9.392    11.9423   999.5564 0.0000e+00
      6.622      0.118     2.4674     22.857     49.107  36.263915     1.0372      7.669   289.0109 1.2359e-01    14.9006      6.493      9.417    11.9525   999.5553 0.0000e+00
      6.645      0.118     2.4707     22.891     49.097  36.262249     1.0442      7.667   289.3785 1.2367e-01    14.9415      6.512      9.445    11.9444   999.5563 0.0000e+00
      6.676      0.116     2.4738     22.921     49.077  36.250179     1.0464      7.666   289.6617 1.2367e-01    14.9198      6.544      9.492    11.9259   999.5586 0.0000e+00
      6.714      0.112     2.4766     22.946     49.072  36.244929     1.0037      7.664   289.8539 1.2366e-01    14.8021      6.586      9.551    11.9143   999.5601 0.0000e+00
      6.750      0.105     2.4796     22.970     49.104  36.262241     0.9346      7.663   290.0674 1.2364e-01    14.6988      6.622      9.605    11.9186   999.5598 0.0000e+00
      6.778      0.096     2.4792     22.962     49.123  36.269066     0.9130      7.660   290.1784 1.2361e-01    14.7202      6.651      9.646    11.9275   999.5589 0.0000e+00
      6.798      0.086     2.4749     22.921     49.121  36.263967     0.9254      7.657   290.1637 1.2358e-01    14.7660      6.669      9.673    11.9314   999.5585 0.0000e+00
      6.811      0.078     2.4712     22.888     49.117  36.264061     0.9368      7.654   290.1476 1.2356e-01    14.7927      6.679      9.687    11.9295   999.5587 0.0000e+00
      6.824      0.073     2.4689     22.869     49.119  36.270198     0.9553      7.651   290.3281 1.2356e-01    14.8465      6.688      9.700    11.9215   999.5597 0.0000e+00
      6.842      0.074     2.4700     22.879     49.127  36.274707     0.9671      7.650   290.7110 1.2355e-01    14.8923      6.707      9.728    11.9132   999.5608 0.0000e+00
      6.865      0.083     2.4745     22.919     49.105  36.255098     0.9763      7.648   291.0770 1.2355e-01    14.8876      6.733      9.765    11.9066   999.5617 0.0000e+00
      6.886      0.094     2.4782     22.953     49.062  36.223523     0.9706      7.645   291.3119 1.2357e-01    14.8225      6.753      9.795    11.9113   999.5612 0.0000e+00
      6.907      0.104     2.4804     22.975     49.037  36.210308     0.9415      7.643   291.4866 1.2362e-01    14.7279      6.772      9.821    11.9211   999.5602 0.0000e+00
      6.936      0.109     2.4816     22.988     49.048  36.222262     0.9277      7.642   291.6402 1.2362e-01    14.6619      6.799      9.861    11.9180   999.5607 0.0000e+00
      6.970      0.112     2.4817     22.990     49.074  36.241123     0.9335      7.640   291.7063 1.2352e-01    14.6145      6.836      9.914    11.9108   999.5616 0.0000e+00
      7.003      0.112     2.4811     22.984     49.084  36.247932     0.9254      7.637   291.6838 1.2352e-01    14.6126      6.869      9.963    11.9107   999.5618 0.0000e+00
      7.032      0.109     2.4809     22.980     49.078  36.241113     0.8986      7.634   291.7128 1.2361e-01    14.6716      6.896     10.002    11.9189   999.5610 0.0000e+00
      7.058      0.103     2.4821     22.989     49.062  36.222138     0.8782      7.632   291.8843 1.2359e-01    14.7051      6.921     10.039    11.9254   999.5603 0.0000e+00
      7.084      0.098     2.4848     23.010     49.053  36.208925     0.8787      7.631   292.1233 1.2351e-01    14.6905      6.948     10.078    11.9222   999.5609 0.0000e+00
      7.106      0.093     2.4879     23.040     49.051  36.208291     0.9571      7.629   292.3650 1.2351e-01    14.6920      6.970     10.109    11.9208   999.5612 0.0000e+00
      7.126      0.088     2.4903     23.063     49.055  36.214486     1.0980      7.626   292.3120 1.2357e-01    14.7232      6.986     10.133    11.9222   999.5610 0.0000e+00
      7.150      0.085     2.4926     23.083     49.065  36.220351     1.1688      7.623   291.9120 1.2360e-01    14.7401      7.010     10.167    11.9121   999.5623 0.0000e+00
      7.175      0.085     2.4949     23.103     49.063  36.215729     1.1621      7.621   291.8310 1.2362e-01    14.7321      7.038     10.207    11.9008   999.5638 0.0000e+00
      7.195      0.089     2.4950     23.105     49.069  36.222066     1.1480      7.620   292.1927 1.2362e-01    14.6924      7.058     10.237    11.9046   999.5635 0.0000e+00
      7.212      0.093     2.4933     23.091     49.079  36.233502     1.0932      7.618   292.5005 1.2360e-01    14.7189      7.071     10.255    11.9131   999.5625 0.0000e+00
      7.232      0.096     2.4921     23.080     49.070  36.227060     0.9929      7.615   292.4551 1.2362e-01    14.8562      7.089     10.282    11.9085   999.5631 0.0000e+00
      7.261      0.097     2.4915     23.072     49.051  36.207647     0.9415      7.613   292.0738 1.2365e-01    14.9423      7.119     10.326    11.9005   999.5641 0.0000e+00
      7.293      0.098     2.4915     23.068     49.038  36.189192     0.9313      7.611   291.8482 1.2365e-01    14.9085      7.153     10.375    11.9068   999.5636 0.0000e+00
      7.321      0.097     2.4927     23.076     49.053  36.194340     0.9038      7.609   291.8787 1.2364e-01    14.8076      7.182     10.416    11.9135   999.5630 0.0000e+00
      7.344      0.092     2.4940     23.086     49.073  36.206400     0.8787      7.608   291.9255 1.2361e-01    14.7051      7.202     10.446    11.9128   999.5631 0.0000e+00
      7.365      0.087     2.4953     23.097     49.077  36.208064     0.8697      7.605   292.1562 1.2360e-01    14.6528      7.222     10.474    11.9067   999.5639 0.0000e+00
      7.385      0.084     2.4974     23.117     49.084  36.214458     0.8732      7.602   292.6032 1.2364e-01    14.6669      7.244     10.507    11.8941   999.5654 0.0000e+00
      7.404      0.084     2.4986     23.130     49.085  36.220238     0.9036      7.600   292.9417 1.2363e-01    14.7453      7.261     10.530    11.8877   999.5662 0.0000e+00
      7.423      0.084     2.4976     23.124     49.071  36.214473     0.9513      7.599   292.9789 1.2358e-01    14.8462      7.277     10.555    11.8874   999.5663 0.0000e+00
      7.446      0.083     2.4966     23.116     49.061  36.208229     0.9815      7.597   292.8810 1.2360e-01    14.9039      7.301     10.589    11.8849   999.5668 0.0000e+00
      7.471      0.079     2.4970     23.119     49.062  36.208220     0.9925      7.594   292.7905 1.2360e-01    14.9178      7.328     10.628    11.8854   999.5668 0.0000e+00
      7.495      0.074     2.4961     23.109     49.072  36.214369     0.9800      7.591   293.2618 1.2353e-01    14.9167      7.353     10.665    11.8924   999.5662 0.0000e+00
      7.514      0.069     2.4923     23.074     49.081  36.219094     0.9420      7.589   294.2770 1.2349e-01    14.8908      7.371     10.691    11.8985   999.5655 0.0000e+00
      7.526      0.064     2.4885     23.039     49.057  36.201879     0.9150      7.587   294.8268 1.2352e-01    14.8673      7.381     10.706    11.8994   999.5654 0.0000e+00
      7.536      0.060     2.4867     23.023     49.047  36.196637     0.9136      7.585   295.0050 1.2355e-01    14.8941      7.389     10.717    11.8978   999.5657 0.0000e+00
      7.550      0.060     2.4839     22.997     49.078  36.219198     0.9341      7.583   294.9695 1.2359e-01    14.8872      7.402     10.735    11.8964   999.5659 0.0000e+00
      7.567      0.064     2.4807     22.967     49.080  36.220759     0.9633      7.581   294.6546 1.2362e-01    14.7833      7.422     10.764    11.8935   999.5664 0.0000e+00
      7.585      0.069     2.4792     22.956     49.067  36.215508     0.9714      7.580   294.9840 1.2359e-01    14.6864      7.439     10.789    11.8938   999.5664 0.0000e+00
      7.601      0.074     2.4781     22.949     49.063  36.219197     0.9719      7.578   295.9403 1.2359e-01    14.6343      7.453     10.810    11.8988   999.5660 0.0000e+00
      7.621      0.074     2.4786     22.954     49.039  36.201887     0.9774      7.575   296.4956 1.2364e-01    14.6111      7.473     10.839    11.8962   999.5663 0.0000e+00
      7.644      0.072     2.4805     22.968     49.042  36.196638     0.9772      7.574   296.6215 1.2364e-01    14.5698      7.497     10.874    11.8934   999.5668 0.0000e+00
      7.666      0.072     2.4814     22.971     49.086  36.219200     0.9782      7.573   296.7743 1.2357e-01    14.4968      7.520     10.907    11.9003   999.5661 0.0000e+00
      7.682      0.076     2.4828     22.980     49.096  36.220770     0.9814      7.570   296.9665 1.2354e-01    14.4816      7.536     10.931    11.9108   999.5650 0.0000e+00
      7.694      0.080     2.4848     22.999     49.088  36.215615     0.9816      7.568   296.7944 1.2352e-01    14.4842      7.544     10.942    11.9122   999.5648 0.0000e+00
      7.710      0.082     2.4860     23.012     49.090  36.220345     1.0056      7.567   296.4147 1.2347e-01    14.5938      7.556     10.961    11.9015   999.5661 0.0000e+00
      7.735      0.085     2.4865     23.016     49.085  36.214485     1.0637      7.564   296.6777 1.2349e-01    14.8571      7.584     11.000    11.8895   999.5676 0.0000e+00
      7.766      0.090     2.4857     23.007     49.081  36.208244     1.1027      7.562   297.2203 1.2355e-01    15.0456      7.618     11.049    11.8819   999.5686 0.0000e+00
      7.792      0.094     2.4850     23.002     49.079  36.208346     1.1049      7.561   297.2962 1.2357e-01    15.1352      7.645     11.088    11.8844   999.5685 0.0000e+00
      7.812      0.094     2.4853     23.007     49.082  36.215723     1.0739      7.559   296.4772 1.2357e-01    15.1217      7.661     11.111    11.8914   999.5677 0.0000e+00
      7.832      0.090     2.4851     23.006     49.103  36.233963     1.0221      7.557   295.2342 1.2360e-01    15.0136      7.679     11.137    11.8882   999.5682 0.0000e+00
      7.857      0.084     2.4848     23.003     49.113  36.238476     0.9894      7.555   294.9998 1.2362e-01    14.9417      7.704     11.173    11.8812   999.5691 0.0000e+00
      7.882      0.076     2.4848     23.000     49.074  36.206806     0.9737      7.553   295.3639 1.2359e-01    14.9079      7.731     11.213    11.8830   999.5690 0.0000e+00
      7.904      0.068     2.4841     22.991     49.026  36.168411     0.9714      7.550   295.8518 1.2354e-01    15.0967      7.753     11.245    11.8917   999.5681 0.0000e+00
      7.921      0.059     2.4821     22.971     49.012  36.155093     0.9785      7.548   296.5971 1.2355e-01    15.5204      7.769     11.268    11.8953   999.5678 0.0000e+00
      7.932      0.053     2.4801     22.951     49.040  36.172715     0.9810      7.546   296.4601 1.2361e-01    15.7700      7.781     11.285    11.8902   999.5684 0.0000e+00
      7.938      0.052     2.4785     22.936     49.068  36.191057     0.9849      7.543   295.3996 1.2362e-01    15.7880      7.785     11.291    11.8870   999.5688 0.0000e+00
      7.946      0.057     2.4774     22.927     49.060  36.186439     1.0259      7.541   294.7004 1.2362e-01    15.6080      7.790     11.299    11.8847   999.5691 0.0000e+00
      7.958      0.063     2.4794     22.948     49.044  36.180347     1.1124      7.539   294.6316 1.2362e-01    15.2969      7.801     11.315    11.8813   999.5695 0.0000e+00
      7.978      0.069     2.4819     22.975     49.038  36.180886     1.1727      7.538   294.7393 1.2358e-01    15.1404      7.820     11.342    11.8772   999.5701 0.0000e+00
      8.005      0.075     2.4834     22.987     49.057  36.192957     1.1828      7.537   295.0560 1.2358e-01    15.1243      7.850     11.386    11.8746   999.5705 0.0000e+00
      8.030      0.084     2.4852     23.001     49.072  36.199352     1.1734      7.536   295.9665 1.2364e-01    15.1024      7.879     11.428    11.8752   999.5706 0.0000e+00
      8.047      0.094     2.4863     23.012     49.065  36.194727     1.1026      7.535   296.8858 1.2366e-01    15.0067      7.894     11.449    11.8821   999.5698 0.0000e+00
      8.060      0.103     2.4871     23.022     49.064  36.200501     0.9851      7.534   297.0505 1.2366e-01    14.8852      7.900     11.458    11.8916   999.5688 0.0000e+00
      8.083      0.110     2.4887     23.038     49.068  36.205702     0.9322      7.533   296.7540 1.2362e-01    14.8453      7.920     11.486    11.8879   999.5693 0.0000e+00
      8.122      0.118     2.4909     23.055     49.062  36.194145     0.9316      7.531   296.3985 1.2362e-01    14.8524      7.964     11.551    11.8780   999.5706 0.0000e+00
      8.163      0.130     2.4899     23.041     49.065  36.187704     0.9511      7.531   297.1402 1.2368e-01    14.8726      8.011     11.619    11.8784   999.5708 0.0000e+00
      8.197      0.141     2.4844     22.988     49.073  36.191276     1.0038      7.531   298.9244 1.2368e-01    14.8930      8.042     11.663    11.8906   999.5696 0.0000e+00
      8.226      0.148     2.4802     22.952     49.044  36.173861     1.0396      7.530   299.8168 1.2364e-01    14.9018      8.065     11.696    11.8963   999.5691 0.0000e+00
