Data/DataNotYetUploadedToEDI/Raw_CTD/2019_RawDownloads/081519_fcr50.cnv
* Sea-Bird SBE19plus  Data File:
* FileName = C:\DATA\081519_fcr50b_0004.hex
* Software version 2.8.0.119 SB_Terminal.dll
* Temperature SN = 7809
* Conductivity SN = 7809
* System UpLoad Time = Aug 15 2019 15:10:50
* <ApplicationData>
* <Seaterm232>
# nquan = 16
# nvalues = 826                         
# units = specified
# name 0 = depFM: Depth [fresh water, m]
# name 1 = dz/dtM: Descent Rate [m/s]
# name 2 = sbeox0Mg/L: Oxygen, SBE 43 [mg/l]
# name 3 = sbeox0PS: Oxygen, SBE 43 [% saturation]
# name 4 = specc: Specific Conductance [uS/cm]
# name 5 = c0uS/cm: Conductivity [uS/cm]
# name 6 = flECO-AFL: Fluorescence, WET Labs ECO-AFL/FL [mg/m^3]
# name 7 = ph: pH
# name 8 = orp: Oxidation Reduction Potential [mV]
# name 9 = par/sat/log: PAR/Logarithmic, Satlantic
# name 10 = turbWETntu0: Turbidity, WET Labs ECO [NTU]
# name 11 = prdM: Pressure, Strain Gauge [db]
# name 12 = prdE: Pressure, Strain Gauge [psi]
# name 13 = tv290C: Temperature [ITS-90, deg C]
# name 14 = density00: Density [density, kg/m^3]
# name 15 = flag:  0.000e+00
# span 0 =     -0.591,      9.671       
# span 1 =     -0.270,      0.448       
# span 2 =     0.1831,    10.9651       
# span 3 =      1.854,    136.904       
# span 4 =      1.266,     68.022       
# span 5 =   1.326925,  52.880514       
# span 6 =    -0.1107,     7.4212       
# span 7 =      6.932,      9.480       
# span 8 =   234.3772,   409.7892       
# span 9 = 1.2347e-01, 3.8600e+02       
# span 10 =    -0.4974,    83.6420      
# span 11 =     -0.579,      9.485      
# span 12 =     -0.840,     13.756      
# span 13 =    11.8420,    27.4092      
# span 14 =   996.4085,   999.5814      
# span 15 = 0.0000e+00, 0.0000e+00      
# interval = seconds: 0.25
# start_time = Aug 15 2019 11:55:46 [Instrument's time stamp, header]
# bad_flag = -9.990e-29
*END*
[from data line 543]
      3.840      0.113     0.1831      1.863     54.147  44.609462     3.7783      8.038   270.8567 9.3327e+00     1.7742      3.761      5.455    16.7802   998.8527 0.0000e+00
      3.865      0.117     0.1832      1.854     55.425  45.389982     3.7873      8.028   272.5629 9.0948e+00     1.8254      3.785      5.490    16.6494   998.8753 0.0000e+00
      3.902      0.124     0.1854      1.865     56.858  46.229468     3.8293      8.018   273.5183 8.8079e+00     1.9669      3.825      5.548    16.5252   998.8969 0.0000e+00
      3.943      0.133     0.1867      1.866     58.321  47.075339     3.8607      8.007   273.7188 8.5470e+00     2.0754      3.868      5.611    16.3856   998.9209 0.0000e+00
      3.981      0.143     0.1882      1.870     59.856  47.996262     3.8642      7.995   273.0940 8.3261e+00     2.0887      3.907      5.666    16.2175   998.9494 0.0000e+00
      4.013      0.148     0.1917      1.895     61.448  48.980709     3.8885      7.981   272.5026 8.1277e+00     2.0956      3.937      5.709    15.9691   998.9905 0.0000e+00
      4.046      0.149     0.1952      1.920     62.703  49.705174     3.9380      7.965   273.2793 7.9085e+00     2.1913      3.965      5.752    15.6531   999.0418 0.0000e+00
      4.086      0.149     0.1981      1.940     63.518  50.086448     3.9603      7.950   273.7957 7.6502e+00     2.2630      4.005      5.809    15.3467   999.0905 0.0000e+00
      4.130      0.150     0.2008      1.958     64.753  50.795674     3.9326      7.936   272.6367 7.3871e+00     2.2737      4.051      5.875    15.0848   999.1314 0.0000e+00
      4.171      0.150     0.2022      1.964     66.923  52.245652     3.5507      7.922   270.6237 7.1433e+00     2.3858      4.091      5.935    14.8520   999.1671 0.0000e+00
      4.209      0.148     0.2041      1.975     68.022  52.880514     2.8369      7.907   268.8163 6.9318e+00     2.5699      4.128      5.987    14.6273   999.2009 0.0000e+00
      4.244      0.144     0.2066      1.992     65.335  50.594544     2.4364      7.892   267.5606 6.7344e+00     2.6319      4.163      6.037    14.4257   999.2305 0.0000e+00
      4.279      0.140     0.2088      2.006     59.410  45.820598     2.3844      7.878   266.5403 6.5312e+00     2.6108      4.196      6.086    14.2183   999.2606 0.0000e+00
      4.314      0.137     0.2112      2.021     53.842  41.330201     2.3482      7.867   265.6863 6.3377e+00     2.5440      4.231      6.136    14.0256   999.2888 0.0000e+00
      4.349      0.135     0.2134      2.032     50.972  38.909336     2.3012      7.862   263.7738 6.1664e+00     2.3817      4.266      6.187    13.8632   999.3122 0.0000e+00
      4.383      0.134     0.2144      2.031     50.081  38.009253     2.2762      7.862   260.6247 6.0116e+00     2.2542      4.299      6.234    13.7065   999.3327 0.0000e+00
      4.416      0.132     0.2139      2.019     49.815  37.620518     2.2624      7.865   258.1539 5.8689e+00     2.2147      4.330      6.281    13.5553   999.3506 0.0000e+00
      4.450      0.129     0.2142      2.016     49.591  37.319413     2.2128      7.868   256.7864 5.7233e+00     2.1667      4.364      6.330    13.3787   999.3719 0.0000e+00
      4.484      0.124     0.2179      2.046     49.338  37.034524     2.1349      7.871   255.7924 5.5719e+00     2.0999      4.398      6.378    13.1657   999.3989 0.0000e+00
      4.517      0.117     0.2299      2.154     49.204  36.841864     2.0842      7.873   254.9964 5.4361e+00     2.0621      4.429      6.425    12.9299   999.4290 0.0000e+00
      4.548      0.108     0.2628      2.457     49.237  36.767204     2.0678      7.875   254.6469 5.3111e+00     2.0375      4.461      6.470    12.7342   999.4534 0.0000e+00
      4.575      0.101     0.3325      3.103     49.345  36.766455     2.0664      7.877   254.4063 5.2018e+00     2.1633      4.490      6.511    12.6091   999.4688 0.0000e+00
      4.596      0.095     0.4476      4.173     49.405  36.769243     2.0494      7.878   254.4104 5.1148e+00     2.5997      4.509      6.539    12.5292   999.4784 0.0000e+00
      4.616      0.092     0.6102      5.687     49.384  36.737387     2.0019      7.879   254.8694 5.0196e+00     3.0863      4.525      6.562    12.4431   999.4889 0.0000e+00
      4.636      0.089     0.8193      7.634     49.347  36.698643     1.9686      7.879   255.1379 4.8887e+00     3.2954      4.545      6.592    12.3268   999.5028 0.0000e+00
      4.660      0.087     1.0716      9.982     49.345  36.681642     1.9673      7.879   255.3329 4.7279e+00     3.3909      4.568      6.625    12.2324   999.5140 0.0000e+00
      4.688      0.087     1.3614     12.674     49.348  36.658759     1.9519      7.879   256.5384 4.5905e+00     4.3060      4.597      6.668    12.1999   999.5181 0.0000e+00
      4.713      0.092     1.6675     15.516     49.318  36.612370     1.9129      7.878   258.3573 4.5139e+00     5.9700      4.626      6.709    12.1931   999.5190 0.0000e+00
      4.731      0.098     1.9539     18.176     49.267  36.565041     1.8939      7.878   259.3427 4.4642e+00     6.8623      4.643      6.732    12.1823   999.5203 0.0000e+00
      4.746      0.106     2.1946     20.414     49.224  36.530822     1.8880      7.878   259.6763 4.3762e+00     7.0000      4.650      6.744    12.1711   999.5216 0.0000e+00
      4.771      0.116     2.3808     22.141     49.218  36.516002     1.7714      7.877   259.9822 4.2256e+00     8.1259      4.674      6.779    12.1405   999.5252 0.0000e+00
      4.810      0.129     2.5138     23.372     49.229  36.512783     1.5499      7.875   261.3210 4.0604e+00    10.2506      4.717      6.841    12.1086   999.5291 0.0000e+00
      4.850      0.145     2.5981     24.154     49.205  36.491888     1.4294      7.874   263.6459 3.9219e+00    11.4206      4.758      6.900    12.1021   999.5300 0.0000e+00
      4.888      0.160     2.6361     24.505     49.159  36.453783     1.4155      7.872   265.1191 3.7986e+00    11.5559      4.793      6.952    12.1118   999.5291 0.0000e+00
      4.927      0.165     2.6384     24.524     49.138  36.432899     1.3649      7.871   265.7977 3.6644e+00    12.1154      4.829      7.005    12.0931   999.5314 0.0000e+00
      4.973      0.159     2.6224     24.375     49.135  36.429803     1.2764      7.868   266.1718 3.4969e+00    13.1724      4.873      7.068    12.0747   999.5338 0.0000e+00
      5.023      0.147     2.6034     24.193     49.129  36.416356     1.2300      7.864   266.2010 3.3194e+00    13.7504      4.927      7.145    12.0818   999.5332 0.0000e+00
      5.070      0.135     2.5905     24.058     49.140  36.397250     1.2290      7.862   267.0115 3.1905e+00    13.8270      4.978      7.220    12.0751   999.5342 0.0000e+00
      5.100      0.124     2.5841     23.986     49.160  36.389174     1.1862      7.859   268.6584 3.1258e+00    14.0005      5.008      7.264    12.0640   999.5356 0.0000e+00
      5.116      0.114     2.5767     23.915     49.156  36.382160     1.0862      7.857   269.8524 3.0666e+00    14.2760      5.017      7.276    12.0703   999.5349 0.0000e+00
      5.132      0.108     2.5645     23.801     49.147  36.375916     1.0251      7.854   270.5205 2.9554e+00    14.4366      5.027      7.291    12.0699   999.5350 0.0000e+00
      5.158      0.108     2.5526     23.688     49.156  36.377156     1.0284      7.852   271.1437 2.7993e+00    14.4675      5.055      7.332    12.0298   999.5397 0.0000e+00
      5.193      0.114     2.5431     23.598     49.189  36.397142     1.0305      7.849   271.2787 2.6119e+00    14.4857      5.093      7.386    11.9965   999.5437 0.0000e+00
      5.228      0.120     2.5336     23.507     49.234  36.427132     1.0068      7.846   270.9480 2.4068e+00    14.4932      5.127      7.437    12.0037   999.5430 0.0000e+00
      5.262      0.123     2.5216     23.395     49.231  36.422392     0.9851      7.843   271.1032 2.2296e+00    14.4602      5.161      7.486    12.0087   999.5427 0.0000e+00
      5.293      0.121     2.5076     23.267     49.201  36.403303     0.9758      7.840   272.0357 2.1030e+00    14.4466      5.192      7.531    11.9966   999.5442 0.0000e+00
      5.321      0.116     2.4970     23.171     49.172  36.386749     0.9817      7.838   273.1892 1.9730e+00    14.4599      5.217      7.567    11.9940   999.5446 0.0000e+00
      5.349      0.110     2.4912     23.117     49.122  36.349196     0.9955      7.834   273.8653 1.8218e+00    14.4902      5.245      7.607    11.9921   999.5449 0.0000e+00
      5.379      0.103     2.4896     23.098     49.107  36.330090     0.9946      7.830   273.4133 1.7059e+00    14.5828      5.276      7.653    11.9860   999.5457 0.0000e+00
      5.406      0.096     2.4902     23.100     49.138  36.346150     0.9805      7.827   272.2840 1.6300e+00    14.6630      5.303      7.692    11.9911   999.5453 0.0000e+00
      5.429      0.089     2.4912     23.110     49.147  36.352960     0.9638      7.823   271.9992 1.5552e+00    14.6730      5.326      7.724    11.9983   999.5446 0.0000e+00
      5.449      0.082     2.4960     23.158     49.133  36.348947     0.9486      7.821   272.6362 1.4786e+00    14.6711      5.345      7.752    11.9992   999.5446 0.0000e+00
      5.468      0.078     2.5032     23.226     49.146  36.361111     0.9265      7.818   273.4474 1.4210e+00    14.6723      5.363      7.778    11.9885   999.5459 0.0000e+00
      5.486      0.078     2.5096     23.284     49.163  36.373086     0.9053      7.815   274.1493 1.3840e+00    14.6546      5.382      7.805    11.9757   999.5474 0.0000e+00
      5.502      0.080     2.5152     23.336     49.155  36.366787     0.9088      7.813   274.3255 1.3410e+00    14.6207      5.396      7.826    11.9785   999.5472 0.0000e+00
      5.520      0.084     2.5187     23.367     49.135  36.348418     0.9423      7.810   274.1151 1.2621e+00    14.6561      5.409      7.846    11.9901   999.5458 0.0000e+00
      5.545      0.089     2.5195     23.370     49.136  36.341404     0.9815      7.806   274.1875 1.1697e+00    14.7878      5.437      7.886    11.9923   999.5457 0.0000e+00
      5.573      0.094     2.5161     23.337     49.146  36.345444     0.9930      7.804   274.5985 1.1058e+00    14.8699      5.468      7.930    11.9868   999.5466 0.0000e+00
      5.597      0.098     2.5094     23.276     49.126  36.333788     0.9858      7.801   275.1270 1.0603e+00    14.8616      5.489      7.961    11.9911   999.5463 0.0000e+00
      5.621      0.099     2.5037     23.224     49.115  36.327431     0.9804      7.798   276.0178 1.0033e+00    14.8191      5.512      7.994    11.9889   999.5465 0.0000e+00
      5.647      0.097     2.5006     23.192     49.128  36.332051     0.9795      7.795   277.0227 9.3830e-01    14.8147      5.538      8.033    11.9749   999.5482 0.0000e+00
      5.674      0.095     2.4961     23.146     49.131  36.326169     0.9835      7.791   277.4690 8.8479e-01    14.8745      5.566      8.072    11.9710   999.5489 0.0000e+00
      5.699      0.095     2.4921     23.106     49.131  36.319774     0.9771      7.788   277.6279 8.4611e-01    14.8859      5.590      8.107    11.9779   999.5482 0.0000e+00
      5.721      0.097     2.4929     23.112     49.131  36.318203     0.9635      7.786   277.7399 8.0863e-01    14.8209      5.611      8.138    11.9832   999.5476 0.0000e+00
      5.743      0.102     2.4914     23.103     49.105  36.307172     0.9487      7.783   277.7898 7.5899e-01    14.7445      5.633      8.168    11.9742   999.5488 0.0000e+00
      5.765      0.107     2.4879     23.078     49.096  36.313357     0.9279      7.779   278.7474 7.1264e-01    14.6835      5.652      8.198    11.9648   999.5499 0.0000e+00
      5.793      0.112     2.4888     23.089     49.110  36.329514     0.9202      7.777   280.4565 6.7541e-01    14.6404      5.678      8.237    11.9580   999.5508 0.0000e+00
      5.828      0.117     2.4870     23.070     49.091  36.312112     0.9250      7.776   281.4179 6.2122e-01    14.6163      5.715      8.289    11.9531   999.5516 0.0000e+00
      5.863      0.120     2.4805     23.006     49.076  36.293375     0.9340      7.774   281.5101 5.6002e-01    14.6222      5.751      8.341    11.9645   999.5504 0.0000e+00
      5.895      0.120     2.4756     22.956     49.086  36.293385     0.9592      7.771   281.4858 5.1175e-01    14.6453      5.781      8.386    11.9828   999.5485 0.0000e+00
      5.924      0.119     2.4693     22.896     49.118  36.312210     0.9879      7.769   281.8984 4.7056e-01    14.6667      5.811      8.427    11.9897   999.5479 0.0000e+00
      5.952      0.115     2.4622     22.830     49.141  36.330555     0.9949      7.766   282.6265 4.3588e-01    14.6845      5.837      8.465    11.9818   999.5489 0.0000e+00
      5.979      0.109     2.4589     22.800     49.132  36.324783     0.9822      7.763   283.1484 4.1079e-01    14.6636      5.861      8.502    11.9753   999.5497 0.0000e+00
      6.009      0.103     2.4577     22.787     49.113  36.305895     0.9737      7.760   283.4761 3.9616e-01    14.6106      5.893      8.547    11.9656   999.5510 0.0000e+00
      6.039      0.096     2.4586     22.792     49.106  36.292596     0.9863      7.756   283.7497 3.7965e-01    14.6333      5.925      8.593    11.9568   999.5521 0.0000e+00
      6.063      0.090     2.4617     22.817     49.112  36.290924     1.0049      7.752   283.9608 3.5396e-01    14.7092      5.948      8.628    11.9635   999.5514 0.0000e+00
      6.082      0.084     2.4633     22.832     49.103  36.285674     1.0083      7.750   283.7053 3.2911e-01    14.7094      5.965      8.652    11.9674   999.5511 0.0000e+00
      6.099      0.079     2.4664     22.865     49.102  36.292587     1.0016      7.748   283.1568 3.1563e-01    14.6679      5.980      8.673    11.9604   999.5520 0.0000e+00
      6.118      0.074     2.4743     22.942     49.118  36.311051     0.9927      7.744   283.1786 3.0283e-01    14.6661      6.000      8.701    11.9502   999.5532 0.0000e+00
      6.138      0.070     2.4827     23.020     49.129  36.318504     0.9877      7.741   283.5383 2.8128e-01    14.6874      6.019      8.730    11.9410   999.5544 0.0000e+00
      6.157      0.067     2.4886     23.071     49.140  36.319234     0.9754      7.738   283.9789 2.5840e-01    14.7289      6.038      8.758    11.9416   999.5544 0.0000e+00
      6.174      0.063     2.4919     23.096     49.151  36.319859     0.9396      7.734   284.5474 2.4117e-01    14.8077      6.057      8.784    11.9550   999.5529 0.0000e+00
      6.189      0.058     2.4948     23.121     49.165  36.326046     0.9101      7.732   284.4761 2.4189e-01    14.8542      6.070      8.804    11.9632   999.5521 0.0000e+00
      6.203      0.053     2.4987     23.155     49.179  36.330568     0.9050      7.729   283.8051 2.4578e-01    14.8647      6.082      8.823    11.9631   999.5522 0.0000e+00
      6.216      0.050     2.5003     23.166     49.159  36.311058     0.9380      7.725   283.6619 2.3676e-01    14.9016      6.098      8.843    11.9533   999.5533 0.0000e+00
      6.225      0.049     2.4984     23.149     49.117  36.280561     1.0064      7.723   284.2068 2.2837e-01    14.9071      6.106      8.856    11.9409   999.5548 0.0000e+00
      6.234      0.049     2.4960     23.128     49.112  36.279198     1.0472      7.721   284.8009 2.1756e-01    14.8666      6.112      8.865    11.9417   999.5547 0.0000e+00
      6.248      0.048     2.4935     23.106     49.132  36.294579     1.0498      7.718   285.0806 2.0493e-01    14.8380      6.126      8.885    11.9354   999.5556 0.0000e+00
      6.263      0.047     2.4899     23.071     49.111  36.276110     1.0382      7.715   285.0940 2.0162e-01    14.8225      6.143      8.910    11.9253   999.5567 0.0000e+00
