Data/DataNotYetUploadedToEDI/Raw_CTD/2019_RawDownloads/081519_fcr50.cnv
* Sea-Bird SBE19plus  Data File:
* FileName = C:\DATA\081519_fcr50b_0004.hex
* Software version 2.8.0.119 SB_Terminal.dll
* Temperature SN = 7809
* Conductivity SN = 7809
* System UpLoad Time = Aug 15 2019 15:10:50
* <ApplicationData>
* <Seaterm232>
# nquan = 16
# nvalues = 826                         
# units = specified
# name 0 = depFM: Depth [fresh water, m]
# name 1 = dz/dtM: Descent Rate [m/s]
# name 2 = sbeox0Mg/L: Oxygen, SBE 43 [mg/l]
# name 3 = sbeox0PS: Oxygen, SBE 43 [% saturation]
# name 4 = specc: Specific Conductance [uS/cm]
# name 5 = c0uS/cm: Conductivity [uS/cm]
# name 6 = flECO-AFL: Fluorescence, WET Labs ECO-AFL/FL [mg/m^3]
# name 7 = ph: pH
# name 8 = orp: Oxidation Reduction Potential [mV]
# name 9 = par/sat/log: PAR/Logarithmic, Satlantic
# name 10 = turbWETntu0: Turbidity, WET Labs ECO [NTU]
# name 11 = prdM: Pressure, Strain Gauge [db]
# name 12 = prdE: Pressure, Strain Gauge [psi]
# name 13 = tv290C: Temperature [ITS-90, deg C]
# name 14 = density00: Density [density, kg/m^3]
# name 15 = flag:  0.000e+00
# span 0 =     -0.591,      9.671       
# span 1 =     -0.270,      0.448       
# span 2 =     0.1831,    10.9651       
# span 3 =      1.854,    136.904       
# span 4 =      1.266,     68.022       
# span 5 =   1.326925,  52.880514       
# span 6 =    -0.1107,     7.4212       
# span 7 =      6.932,      9.480       
# span 8 =   234.3772,   409.7892       
# span 9 = 1.2347e-01, 3.8600e+02       
# span 10 =    -0.4974,    83.6420      
# span 11 =     -0.579,      9.485      
# span 12 =     -0.840,     13.756      
# span 13 =    11.8420,    27.4092      
# span 14 =   996.4085,   999.5814      
# span 15 = 0.0000e+00, 0.0000e+00      
# interval = seconds: 0.25
# start_time = Aug 15 2019 11:55:46 [Instrument's time stamp, header]
# bad_flag = -9.990e-29
*END*
[from data line 91]
      0.253      0.118     8.1768    102.381     36.538  37.905007     4.0015      8.972   272.0321 1.5750e+02     5.0232      0.252      0.366    26.8629   996.5724 0.0000e+00
      0.283      0.113     8.0858    101.241     36.519  37.884895     4.0601      8.966   271.7399 1.5375e+02     5.0907      0.284      0.413    26.8541   996.5749 0.0000e+00
      0.305      0.098     8.0116    100.307     36.531  37.896130     4.0902      8.961   271.3896 1.4862e+02     5.1430      0.293      0.424    26.8486   996.5765 0.0000e+00
      0.332      0.082     7.9477     99.506     36.549  37.913894     4.0879      8.956   270.9798 1.4254e+02     5.1308      0.325      0.473    26.8584   996.5739 0.0000e+00
      0.356      0.069     7.8832     98.699     36.544  37.909250     4.1109      8.951   270.5706 1.4021e+02     5.0740      0.359      0.521    26.8682   996.5714 0.0000e+00
      0.366      0.061     7.8097     97.780     36.537  37.903463     4.1693      8.946   270.4858 1.3900e+02     5.0138      0.359      0.520    26.8651   996.5722 0.0000e+00
      0.371      0.057     7.7222     96.686     36.541  37.907403     4.2037      8.939   270.4708 1.3706e+02     4.9923      0.361      0.524    26.8601   996.5736 0.0000e+00
      0.383      0.053     7.6214     95.426     36.526  37.893401     4.2147      8.933   270.4749 1.3510e+02     4.9783      0.375      0.544    26.8600   996.5737 0.0000e+00
      0.398      0.051     7.5144     94.086     36.495  37.861120     4.2856      8.929   270.6221 1.3249e+02     5.0093      0.390      0.565    26.8615   996.5734 0.0000e+00
      0.417      0.051     7.4060     92.730     36.470  37.834475     4.3931      8.925   269.8414 1.2975e+02     5.1045      0.409      0.592    26.8625   996.5732 0.0000e+00
      0.434      0.049     7.2985     91.386     36.461  37.825138     4.4399      8.921   268.0907 1.2795e+02     5.1782      0.428      0.621    26.8634   996.5730 0.0000e+00
      0.445      0.044     7.1980     90.128     36.447  37.811709     4.4523      8.917   267.0069 1.2680e+02     5.1796      0.437      0.633    26.8644   996.5728 0.0000e+00
      0.453      0.037     7.1092     89.018     36.434  37.799050     4.5256      8.913   266.9756 1.2590e+02     5.1871      0.443      0.642    26.8647   996.5727 0.0000e+00
      0.462      0.028     7.0352     88.093     36.434  37.799034     4.6511      8.910   267.1954 1.2569e+02     5.3027      0.454      0.658    26.8643   996.5728 0.0000e+00
      0.469      0.021     6.9748     87.338     36.444  37.811519     4.7207      8.907   266.7393 1.2584e+02     5.3973      0.461      0.669    26.8652   996.5726 0.0000e+00
      0.472      0.016     6.9246     86.712     36.454  37.823050     4.7337      8.903   265.6772 1.2579e+02     5.3799      0.463      0.672    26.8664   996.5723 0.0000e+00
      0.475      0.011     6.8832     86.196     36.442  37.811507     4.7651      8.899   264.9371 1.2611e+02     5.3542      0.466      0.675    26.8671   996.5721 0.0000e+00
      0.477      0.007     6.8492     85.772     36.429  37.798917     4.8145      8.896   264.6726 1.2668e+02     5.3492      0.468      0.679    26.8680   996.5719 0.0000e+00
      0.477      0.004     6.8198     85.407     36.427  37.797773     4.8450      8.894   264.7163 1.2686e+02     5.3518      0.468      0.679    26.8692   996.5716 0.0000e+00
      0.477      0.002     6.7904     85.042     36.425  37.797668     4.8568      8.892   264.9501 1.2710e+02     5.3863      0.468      0.679    26.8706   996.5712 0.0000e+00
      0.477      0.001     6.7576     84.633     36.425  37.797658     4.8621      8.889   265.0903 1.2741e+02     5.4054      0.469      0.680    26.8721   996.5707 0.0000e+00
      0.477      0.000     6.7224     84.194     36.424  37.797658     4.8562      8.886   264.9486 1.2745e+02     5.3864      0.468      0.679    26.8737   996.5703 0.0000e+00
      0.477      0.000     6.6854     83.731     36.423  37.797665     4.8467      8.884   264.6140 1.2750e+02     5.3860      0.468      0.678    26.8756   996.5698 0.0000e+00
      0.478      0.001     6.6443     83.217     36.423  37.797750     4.8426      8.879   264.2278 1.2759e+02     5.4008      0.468      0.679    26.8772   996.5693 0.0000e+00
      0.478      0.001     6.6001     82.665     36.423  37.798676     4.8411      8.873   263.7203 1.2738e+02     5.4015      0.468      0.679    26.8783   996.5691 0.0000e+00
      0.478      0.001     6.5541     82.090     36.433  37.808871     4.7856      8.868   263.8989 1.2707e+02     5.2957      0.468      0.679    26.8793   996.5689 0.0000e+00
      0.479     -0.001     6.5072     81.503     36.418  37.794066     4.6823      8.863   264.6655 1.2702e+02     5.0717      0.469      0.681    26.8802   996.5686 0.0000e+00
      0.479     -0.011     6.4654     80.983     36.370  37.746616     4.6241      8.858   264.2994 1.2696e+02     4.9213      0.470      0.681    26.8809   996.5684 0.0000e+00
      0.479     -0.035     6.4434     80.727     36.357  37.742960     4.6109      8.850   262.9134 1.2695e+02     4.8868      0.470      0.681    26.8816   996.5682 0.0000e+00
      0.478     -0.073     6.4615     81.004     36.340  37.749877     4.5319      8.840   261.4157 1.2772e+02     4.8176      0.470      0.682    26.8818   996.5681 0.0000e+00
      0.469     -0.118     6.5304     81.934     36.265  37.703337     4.3700      8.828   260.3019 1.3123e+02     4.6431      0.467      0.679    26.8830   996.5678 0.0000e+00
      0.440     -0.157     6.6484     83.462     36.227  37.688110     4.2747      8.815   260.2880 1.4084e+02     4.4810      0.443      0.642    26.8832   996.5676 0.0000e+00
      0.380     -0.179     6.8170     85.588     36.227  37.692755     4.2647      8.801   260.8170 1.5898e+02     4.4298      0.382      0.555    26.8887   996.5658 0.0000e+00
      0.297     -0.186     7.0371     88.321     36.182  37.632559     4.2138      8.790   260.6757 1.8158e+02     4.4503      0.289      0.419    26.9268   996.5550 0.0000e+00
      0.222     -0.181     7.2815     91.343     36.166  37.595024     4.1095      8.781   259.7841 1.9629e+02     4.4678      0.200      0.288    26.9833   996.5390 0.0000e+00
      0.185     -0.166     7.4970     94.016     36.202  37.619737     4.0445      8.774   258.8986 1.9792e+02     4.4770      0.170      0.247    27.0199   996.5288 0.0000e+00
      0.174     -0.141     7.6468     95.886     36.261  37.677432     4.0347      8.768   258.2285 1.9930e+02     4.4961      0.177      0.257    27.0259   996.5272 0.0000e+00
      0.154     -0.109     7.7368     97.005     36.369  37.784811     4.0442      8.762   257.5330 2.1218e+02     4.5349      0.160      0.232    27.0019   996.5337 0.0000e+00
      0.117     -0.081     7.7927     97.683     36.430  37.838965     4.0726      8.756   257.1150 2.2356e+02     4.6175      0.114      0.166    26.9643   996.5438 0.0000e+00
      0.081     -0.061     7.8262     98.077     36.365  37.760907     4.0917      8.750   257.1324 2.2141e+02     4.6758      0.072      0.105    26.9442   996.5491 0.0000e+00
      0.062     -0.043     7.8347     98.161     36.282  37.666178     4.0850      8.743   257.2264 2.1785e+02     4.6836      0.053      0.077    26.9487   996.5479 0.0000e+00
      0.064     -0.020     7.8164     97.913     36.270  37.645723     4.0776      8.735   256.9611 2.1688e+02     4.6795      0.058      0.085    26.9444   996.5491 0.0000e+00
      0.076      0.003     7.7718     97.339     36.271  37.640526     4.0808      8.729   255.7318 2.1193e+02     4.6256      0.078      0.113    26.9271   996.5539 0.0000e+00
      0.084      0.018     7.7026     96.462     36.240  37.603333     4.0886      8.725   254.0646 2.0898e+02     4.5234      0.085      0.124    26.9129   996.5578 0.0000e+00
      0.088      0.023     7.6111     95.309     36.217  37.576871     4.1019      8.721   253.2364 2.1091e+02     4.4591      0.084      0.122    26.9000   996.5613 0.0000e+00
      0.094      0.019     7.4978     93.887     36.216  37.574466     4.1122      8.718   252.9445 2.1018e+02     4.4383      0.090      0.131    26.8882   996.5646 0.0000e+00
      0.100      0.014     7.3688     92.275     36.215  37.574247     4.1170      8.717   252.8595 2.0775e+02     4.4683      0.100      0.146    26.8797   996.5670 0.0000e+00
      0.105      0.011     7.2373     90.631     36.213  37.574226     4.1342      8.717   252.3802 2.0621e+02     4.5598      0.104      0.151    26.8742   996.5685 0.0000e+00
      0.105      0.010     7.1184     89.148     36.211  37.574224     4.1472      8.717   251.0209 2.0467e+02     4.6603      0.104      0.151    26.8699   996.5696 0.0000e+00
      0.104      0.007     7.0246     87.978     36.209  37.574223     4.1445      8.716   250.1053 2.0413e+02     4.7329      0.101      0.147    26.8675   996.5703 0.0000e+00
      0.104      0.005     6.9584     87.151     36.207  37.574211     4.0844      8.715   249.8272 2.0247e+02     4.6839      0.100      0.146    26.8691   996.5699 0.0000e+00
      0.107      0.004     6.9189     86.659     36.207  37.574088     3.9660      8.713   249.6376 2.0000e+02     4.5596      0.106      0.155    26.8728   996.5689 0.0000e+00
      0.110      0.002     6.9005     86.429     36.205  37.572734     3.9086      8.711   249.5334 1.9955e+02     4.5079      0.108      0.157    26.8758   996.5681 0.0000e+00
      0.112     -0.003     6.8912     86.316     36.190  37.557845     3.9110      8.706   249.3419 1.9934e+02     4.4841      0.109      0.158    26.8792   996.5671 0.0000e+00
      0.112     -0.013     6.8796     86.178     36.151  37.521010     3.8918      8.701   249.1280 1.9872e+02     4.4035      0.110      0.160    26.8813   996.5666 0.0000e+00
      0.110     -0.023     6.8594     85.933     36.134  37.508230     3.8580      8.695   248.9264 2.0124e+02     4.2867      0.110      0.160    26.8822   996.5664 0.0000e+00
      0.104     -0.029     6.8354     85.642     36.152  37.530270     3.8404      8.688   248.5385 2.0762e+02     4.2190      0.104      0.152    26.8819   996.5663 0.0000e+00
      0.089     -0.030     6.8228     85.487     36.153  37.533607     3.8436      8.680   248.0530 2.1892e+02     4.2406      0.089      0.130    26.8838   996.5657 0.0000e+00
      0.072     -0.027     6.8306     85.583     36.169  37.548578     3.8976      8.674   248.4757 2.2225e+02     4.3836      0.068      0.098    26.8894   996.5641 0.0000e+00
      0.062     -0.019     6.8511     85.834     36.206  37.584328     3.9895      8.669   249.6061 2.1337e+02     4.6048      0.054      0.079    26.8956   996.5624 0.0000e+00
      0.063     -0.007     6.8737     86.110     36.209  37.585012     4.0265      8.665   249.8466 2.1402e+02     4.7520      0.062      0.090    26.9020   996.5607 0.0000e+00
      0.068      0.006     6.8991     86.422     36.184  37.556837     4.0159      8.663   249.1467 2.1843e+02     4.7869      0.069      0.099    26.9051   996.5598 0.0000e+00
      0.072      0.014     6.9341     86.857     36.129  37.497563     4.0183      8.663   248.3717 2.1480e+02     4.7316      0.068      0.100    26.9024   996.5606 0.0000e+00
      0.078      0.017     6.9808     87.439     36.074  37.439603     4.0548      8.663   247.9610 2.1209e+02     4.6409      0.075      0.110    26.8977   996.5619 0.0000e+00
      0.086      0.015     7.0366     88.138     36.063  37.427320     4.1194      8.663   248.2242 2.1274e+02     4.6074      0.086      0.125    26.8934   996.5632 0.0000e+00
      0.090      0.012     7.0960     88.883     36.048  37.412516     4.1569      8.663   248.9742 2.1379e+02     4.6220      0.091      0.132    26.8892   996.5643 0.0000e+00
      0.091      0.008     7.1497     89.557     36.024  37.387563     4.1534      8.664   249.2850 2.1439e+02     4.6533      0.089      0.129    26.8870   996.5649 0.0000e+00
      0.091      0.004     7.1908     90.072     36.016  37.379514     4.1641      8.664   249.1426 2.1392e+02     4.6580      0.088      0.128    26.8862   996.5651 0.0000e+00
      0.091      0.002     7.2169     90.400     36.014  37.378679     4.2000      8.662   248.9736 2.1335e+02     4.5809      0.089      0.129    26.8857   996.5652 0.0000e+00
      0.091      0.002     7.2249     90.504     36.011  37.377467     4.2146      8.659   248.5318 2.1399e+02     4.5076      0.089      0.129    26.8861   996.5651 0.0000e+00
      0.091      0.002     7.2103     90.330     35.996  37.364862     4.2011      8.659   248.1884 2.1316e+02     4.4593      0.089      0.129    26.8865   996.5650 0.0000e+00
      0.093      0.001     7.1738     89.882     35.980  37.353216     4.1669      8.661   248.3500 2.1109e+02     4.4233      0.091      0.132    26.8869   996.5649 0.0000e+00
      0.094      0.000     7.1213     89.234     35.986  37.363618     4.1224      8.663   248.5074 2.1100e+02     4.4654      0.093      0.134    26.8877   996.5647 0.0000e+00
      0.093 8.8039e-07     7.0608     88.481     35.984  37.363685     4.0958      8.665   248.4564 2.1215e+02     4.5098      0.092      0.133    26.8891   996.5643 0.0000e+00
      0.092      0.000     6.9989     87.708     35.973  37.354033     4.0883      8.666   248.4214 2.1273e+02     4.5008      0.089      0.130    26.8939   996.5629 0.0000e+00
      0.091      0.000     6.9405     86.977     35.992  37.373859     4.1014      8.669   247.8262 2.1278e+02     4.4883      0.089      0.129    26.9019   996.5607 0.0000e+00
      0.091      0.001     6.8879     86.318     36.030  37.412988     4.1326      8.671   246.6797 2.1197e+02     4.4896      0.090      0.130    26.9081   996.5591 0.0000e+00
      0.092      0.003     6.8427     85.750     36.063  37.446291     4.1536      8.671   246.0887 2.1047e+02     4.5171      0.090      0.130    26.9114   996.5582 0.0000e+00
      0.093      0.004     6.8053     85.280     36.076  37.459142     4.1561      8.671   246.2727 2.0956e+02     4.5250      0.092      0.133    26.9129   996.5577 0.0000e+00
      0.095      0.004     6.7717     84.858     36.059  37.441427     4.1543      8.672   246.6685 2.0937e+02     4.5526      0.093      0.135    26.9132   996.5577 0.0000e+00
      0.096      0.003     6.7381     84.436     36.041  37.422520     4.1487      8.673   246.2276 2.0919e+02     4.6540      0.094      0.136    26.9126   996.5579 0.0000e+00
      0.097      0.003     6.7033     83.999     36.040  37.420955     4.1404      8.673   244.9857 2.0922e+02     4.7024      0.095      0.138    26.9119   996.5580 0.0000e+00
      0.098      0.002     6.6658     83.530     36.042  37.422514     4.1411      8.674   244.3004 2.0944e+02     4.6789      0.096      0.139    26.9109   996.5583 0.0000e+00
      0.098      0.001     6.6257     83.027     36.060  37.441360     4.1479      8.674   244.3090 2.0938e+02     4.6650      0.096      0.139    26.9102   996.5585 0.0000e+00
      0.097      0.001     6.5846     82.512     36.076  37.458404     4.1622      8.674   244.4870 2.0932e+02     4.6656      0.095      0.138    26.9099   996.5586 0.0000e+00
      0.097      0.001     6.5451     82.016     36.241  37.628586     4.1918      8.673   244.5592 2.0944e+02     4.6864      0.095      0.138    26.9096   996.5587 0.0000e+00
      0.098      0.002     6.5312     81.829     36.704  38.102561     4.2114      8.673   244.5799 2.0975e+02     4.7194      0.096      0.139    26.9097   996.5586 0.0000e+00
      0.099      0.002     6.6409     83.155     37.162  38.555429     4.2088      8.673   244.5663 2.0975e+02     4.7372      0.096      0.140    26.9096   996.5587 0.0000e+00
      0.100      0.002     7.0177     87.795     37.360  38.724253     4.1768      8.672   244.3086 2.0877e+02     4.6719      0.098      0.142    26.9098   996.5587 0.0000e+00
