Data/DataNotYetUploadedToEDI/Raw_CTD/2019_RawDownloads/081919_fcr30.cnv
* Sea-Bird SBE19plus  Data File:
* FileName = C:\DATA\081919_fcr_0005.hex
* Software version 2.8.0.119 SB_Terminal.dll
* Temperature SN = 7809
* Conductivity SN = 7809
* System UpLoad Time = Aug 20 2019 10:49:22
* <ApplicationData>
* <Seaterm232>
# nquan = 16
# nvalues = 661                         
# units = specified
# name 0 = depFM: Depth [fresh water, m]
# name 1 = dz/dtM: Descent Rate [m/s]
# name 2 = sbeox0Mg/L: Oxygen, SBE 43 [mg/l]
# name 3 = sbeox0PS: Oxygen, SBE 43 [% saturation]
# name 4 = specc: Specific Conductance [uS/cm]
# name 5 = c0uS/cm: Conductivity [uS/cm]
# name 6 = flECO-AFL: Fluorescence, WET Labs ECO-AFL/FL [mg/m^3]
# name 7 = ph: pH
# name 8 = orp: Oxidation Reduction Potential [mV]
# name 9 = par/sat/log: PAR/Logarithmic, Satlantic
# name 10 = turbWETntu0: Turbidity, WET Labs ECO [NTU]
# name 11 = prdM: Pressure, Strain Gauge [db]
# name 12 = prdE: Pressure, Strain Gauge [psi]
# name 13 = tv290C: Temperature [ITS-90, deg C]
# name 14 = density00: Density [density, kg/m^3]
# name 15 = flag:  0.000e+00
# span 0 =     -0.555,      5.472       
# span 1 =     -0.011,      0.151       
# span 2 =     0.0961,    11.0731       
# span 3 =      0.906,    141.342       
# span 4 =      3.029,     86.667       
# span 5 =   3.072415,  68.003577       
# span 6 =    -0.8801,    13.6562       
# span 7 =      7.306,      9.155       
# span 8 =   -47.1383,   227.9987       
# span 9 = 5.0635e-01, 2.1656e+03       
# span 10 =    -4.8339,   106.5539      
# span 11 =     -0.545,      5.367      
# span 12 =     -0.791,      7.784      
# span 13 =    11.9869,    28.1145      
# span 14 =   996.2217,   999.5461      
# span 15 = 0.0000e+00, 0.0000e+00      
# interval = seconds: 0.25
# start_time = Aug 19 2019 11:39:37 [Instrument's time stamp, header]
# bad_flag = -9.990e-29
*END*
[from data line 91]
     -0.078     -0.000     8.0456    102.951     37.520  39.839215     2.3301      8.978   173.0228 2.0838e+03     6.0440     -0.076     -0.111    28.0934   996.2275 0.0000e+00
     -0.076      0.001     7.9734    102.038     37.551  39.877303     2.3573      8.979   180.7755 2.0858e+03     6.0724     -0.074     -0.107    28.0980   996.2262 0.0000e+00
     -0.075      0.002     7.8870    100.946     37.573  39.906042     2.3781      8.980   188.8744 2.0828e+03     6.0956     -0.074     -0.107    28.0891   996.2287 0.0000e+00
     -0.076      0.002     7.8037     99.891     37.594  39.932776     2.3831      8.980   189.2083 2.0798e+03     6.0951     -0.075     -0.108    28.0792   996.2315 0.0000e+00
     -0.077      0.003     7.7317     98.978     37.603  39.946627     2.3910      8.981   188.9419 2.0821e+03     6.0671     -0.076     -0.110    28.0817   996.2308 0.0000e+00
     -0.077      0.004     7.6736     98.240     37.601  39.946554     2.4127      8.982   190.5571 2.0868e+03     6.0520     -0.075     -0.109    28.0905   996.2283 0.0000e+00
     -0.076      0.005     7.6311     97.694     37.588  39.931902     2.4377      8.982   190.4115 2.0904e+03     6.0767     -0.074     -0.108    28.0982   996.2262 0.0000e+00
     -0.074      0.005     7.6051     97.350     37.558  39.896437     2.4509      8.982   180.2995 2.0923e+03     6.0703     -0.072     -0.105    28.1048   996.2243 0.0000e+00
     -0.071      0.004     7.5966     97.226     37.567  39.898622     2.4680      8.983   163.9690 2.0939e+03     5.9741     -0.070     -0.100    28.1097   996.2229 0.0000e+00
     -0.067      0.004     7.6147     97.450     37.627  39.958307     2.4895      8.984   163.1463 2.0977e+03     5.8640     -0.065     -0.094    28.1127   996.2221 0.0000e+00
     -0.066      0.005     7.6667     98.114     37.651  39.983269     2.4936      8.983   177.8371 2.0965e+03     5.8215     -0.063     -0.091    28.1145   996.2217 0.0000e+00
     -0.069      0.007     7.7415     99.067     37.618  39.946502     2.4916      8.976   183.9703 2.0878e+03     5.8208     -0.068     -0.100    28.1068   996.2238 0.0000e+00
     -0.071      0.009     7.8172    100.025     37.574  39.894655     2.4992      8.968   175.4407 2.0881e+03     5.8224     -0.073     -0.105    28.0931   996.2276 0.0000e+00
     -0.068      0.011     7.8796    100.809     37.551  39.864237     2.5505      8.963   163.4992 2.1025e+03     5.9062     -0.068     -0.099    28.0898   996.2286 0.0000e+00
     -0.060      0.011     7.9306    101.454     37.584  39.896119     2.6358      8.965   163.0532 2.1177e+03     6.1124     -0.059     -0.086    28.0912   996.2282 0.0000e+00
     -0.053      0.011     7.9819    102.111     37.646  39.962721     2.6719      8.971   176.1564 2.1237e+03     6.2516     -0.050     -0.073    28.0905   996.2284 0.0000e+00
     -0.050      0.010     8.0385    102.837     37.653  39.971223     2.6660      8.975   188.3958 2.1187e+03     6.2456     -0.047     -0.068    28.0842   996.2302 0.0000e+00
     -0.051      0.007     8.0892    103.481     37.621  39.935433     2.6689      8.976   193.5088 2.1101e+03     6.1712     -0.050     -0.072    28.0719   996.2337 0.0000e+00
     -0.052      0.002     8.1146    103.791     37.604  39.910875     2.6721      8.978   195.3021 2.1069e+03     6.0729     -0.053     -0.077    28.0672   996.2350 0.0000e+00
     -0.052     -0.001     8.1071    103.679     37.567  39.864723     2.6698      8.980   196.4846 2.1117e+03     6.0073     -0.052     -0.076    28.0707   996.2341 0.0000e+00
     -0.051     -0.002     8.0807    103.333     37.529  39.821774     2.6751      8.982   197.8257 2.1179e+03     5.9998     -0.049     -0.071    28.0731   996.2335 0.0000e+00
     -0.050     -0.001     8.0573    103.034     37.542  39.835957     2.7026      8.984   198.9549 2.1169e+03     6.0163     -0.048     -0.069    28.0705   996.2342 0.0000e+00
     -0.052      0.000     8.0493    102.933     37.551  39.845770     2.7338      8.986   199.8125 2.1098e+03     6.0093     -0.051     -0.073    28.0611   996.2367 0.0000e+00
     -0.056      0.001     8.0551    103.001     37.523  39.813457     2.7406      8.987   200.5383 2.1046e+03     5.9810     -0.056     -0.081    28.0495   996.2400 0.0000e+00
     -0.056      0.001     8.0611    103.065     37.480  39.762666     2.7416      8.988   201.1914 2.1073e+03     5.9695     -0.057     -0.082    28.0452   996.2412 0.0000e+00
     -0.053      0.001     8.0526    102.947     37.462  39.739495     2.7622      8.989   201.7717 2.1156e+03     6.0015     -0.052     -0.076    28.0476   996.2406 0.0000e+00
     -0.049      0.002     8.0277    102.630     37.507  39.787222     2.7908      8.990   202.1342 2.1195e+03     6.0399     -0.048     -0.069    28.0500   996.2399 0.0000e+00
     -0.048      0.002     7.9930    102.192     37.547  39.831882     2.8010      8.992   202.4774 2.1141e+03     6.0409     -0.046     -0.066    28.0472   996.2407 0.0000e+00
     -0.050      0.002     7.9547    101.704     37.549  39.835104     2.7988      8.994   202.9101 2.1079e+03     6.0129     -0.049     -0.071    28.0371   996.2437 0.0000e+00
     -0.051      0.000     7.9153    101.194     37.543  39.826188     2.8071      8.994   203.4080 2.1079e+03     5.9969     -0.052     -0.075    28.0305   996.2455 0.0000e+00
     -0.051     -0.002     7.8709    100.617     37.511  39.787558     2.8322      8.995   203.9375 2.1119e+03     6.0101     -0.051     -0.074    28.0326   996.2449 0.0000e+00
     -0.050     -0.002     7.8219     99.985     37.477  39.748915     2.8594      8.995   204.3221 2.1138e+03     6.0418     -0.048     -0.070    28.0372   996.2436 0.0000e+00
     -0.049     -0.002     7.7765     99.406     37.467  39.739838     2.8673      8.996   204.6164 2.1116e+03     6.0526     -0.047     -0.068    28.0394   996.2429 0.0000e+00
     -0.051     -0.002     7.7445     99.005     37.466  39.741297     2.8583      8.998   204.9144 2.1077e+03     6.0431     -0.050     -0.072    28.0354   996.2442 0.0000e+00
     -0.054     -0.002     7.7326     98.858     37.487  39.766559     2.8371      8.999   205.2588 2.1032e+03     6.0571     -0.053     -0.078    28.0275   996.2463 0.0000e+00
     -0.055     -0.001     7.7383     98.932     37.510  39.791351     2.8108      9.000   205.6820 2.1032e+03     6.0582     -0.055     -0.080    28.0233   996.2474 0.0000e+00
     -0.054      0.000     7.7532     99.122     37.506  39.787139     2.8008      9.002   206.0736 2.1076e+03     6.0564     -0.054     -0.079    28.0261   996.2467 0.0000e+00
     -0.053      0.002     7.7673     99.304     37.499  39.779113     2.8020      9.004   206.3807 2.1103e+03     6.0677     -0.052     -0.075    28.0311   996.2453 0.0000e+00
     -0.051      0.003     7.7741     99.391     37.479  39.757779     2.7990      9.005   205.9536 2.1099e+03     6.0645     -0.050     -0.072    28.0346   996.2443 0.0000e+00
     -0.050      0.002     7.7729     99.372     37.444  39.719640     2.7905      9.006   197.7257 2.1090e+03     6.0507     -0.049     -0.071    28.0354   996.2441 0.0000e+00
     -0.050     -0.001     7.7654     99.267     37.427  39.698862     2.7868      9.008   189.9253 2.1115e+03     6.0321     -0.049     -0.071    28.0343   996.2444 0.0000e+00
     -0.050     -0.003     7.7543     99.120     37.428  39.696997     2.7973      9.009   197.5071 2.1166e+03     6.0356     -0.048     -0.070    28.0341   996.2445 0.0000e+00
     -0.050     -0.003     7.7438     98.982     37.430  39.697085     2.8048      9.007   206.2835 2.1141e+03     6.1254     -0.048     -0.069    28.0359   996.2440 0.0000e+00
     -0.054     -0.002     7.7354     98.867     37.435  39.699923     2.7993      9.003   207.6771 2.0976e+03     6.2654     -0.053     -0.077    28.0343   996.2444 0.0000e+00
     -0.056     -0.001     7.7268     98.740     37.471  39.731298     2.8013      8.999   208.1620 2.0865e+03     6.3196     -0.058     -0.084    28.0270   996.2465 0.0000e+00
     -0.055     -0.001     7.7144     98.560     37.506  39.759025     2.8104      8.999   208.5332 2.0966e+03     6.2896     -0.055     -0.080    28.0228   996.2476 0.0000e+00
     -0.052      0.000     7.6939     98.285     37.473  39.717752     2.8239      9.002   208.9812 2.1108e+03     6.2628     -0.050     -0.073    28.0226   996.2477 0.0000e+00
     -0.051      0.001     7.6641     97.897     37.436  39.676624     2.8509      9.004   209.3628 2.1105e+03     6.2581     -0.049     -0.071    28.0210   996.2482 0.0000e+00
     -0.052      0.001     7.6296     97.454     37.465  39.706117     2.8770      9.005   209.6193 2.1016e+03     6.2656     -0.051     -0.073    28.0111   996.2510 0.0000e+00
     -0.054      0.000     7.5966     97.030     37.514  39.756939     2.8874      9.008   209.8467 2.0969e+03     6.2878     -0.053     -0.078    27.9951   996.2555 0.0000e+00
     -0.054     -0.001     7.5692     96.675     37.542  39.783257     2.8896      9.010   209.5306 2.0983e+03     6.2970     -0.054     -0.079    27.9860   996.2581 0.0000e+00
     -0.054     -0.001     7.5497     96.420     37.532  39.770401     2.8951      9.011   203.9041 2.1035e+03     6.2786     -0.053     -0.077    27.9846   996.2585 0.0000e+00
     -0.053     -0.000     7.5388     96.273     37.496  39.728450     2.9021      9.013   198.4311 2.1071e+03     6.2626     -0.052     -0.075    27.9843   996.2586 0.0000e+00
     -0.053      0.001     7.5346     96.210     37.492  39.720401     2.9140      9.018   200.8315 2.1052e+03     6.2662     -0.052     -0.075    27.9826   996.2591 0.0000e+00
     -0.053      0.001     7.5324     96.171     37.512  39.736558     2.9263      9.021   201.0062 2.1042e+03     6.2894     -0.052     -0.076    27.9795   996.2600 0.0000e+00
     -0.053      0.001     7.5277     96.102     37.513  39.733343     2.9291      9.022   200.7157 2.1056e+03     6.3140     -0.053     -0.076    27.9750   996.2613 0.0000e+00
     -0.053      0.002     7.5195     95.988     37.528  39.745012     2.9307      9.024   206.4391 2.1056e+03     6.3019     -0.052     -0.076    27.9705   996.2625 0.0000e+00
     -0.052      0.004     7.5140     95.912     37.536  39.750669     2.9287      9.025   210.4956 2.1038e+03     6.2744     -0.051     -0.074    27.9655   996.2639 0.0000e+00
     -0.052      0.006     7.5209     95.989     37.528  39.738263     2.9217      9.023   210.6156 2.1036e+03     6.2760     -0.051     -0.074    27.9585   996.2660 0.0000e+00
     -0.052      0.007     7.5414     96.232     37.520  39.721966     2.9246      9.020   202.2114 2.1068e+03     6.2886     -0.051     -0.074    27.9517   996.2679 0.0000e+00
     -0.049      0.007     7.5632     96.487     37.491  39.680572     2.9374      9.019   187.6063 2.1143e+03     6.2961     -0.049     -0.071    27.9472   996.2692 0.0000e+00
     -0.044      0.006     7.5731     96.599     37.499  39.682125     2.9382      9.021   180.4650 2.1283e+03     6.2672     -0.042     -0.060    27.9443   996.2700 0.0000e+00
     -0.040      0.004     7.5744     96.611     37.556  39.740725     2.9257      9.024   177.3846 2.1348e+03     6.2350     -0.037     -0.054    27.9411   996.2709 0.0000e+00
     -0.041      0.003     7.5816     96.702     37.569  39.754283     2.9327      9.025   173.0766 2.1167e+03     6.2666     -0.040     -0.057    27.9291   996.2743 0.0000e+00
     -0.044      0.002     7.6033     96.976     37.537  39.719100     2.9627      9.026   170.5367 2.0982e+03     6.2891     -0.043     -0.062    27.9110   996.2795 0.0000e+00
     -0.045      0.000     7.6328     97.341     37.519  39.696216     2.9856      9.028   169.2172 2.1060e+03     6.2777     -0.045     -0.065    27.9023   996.2819 0.0000e+00
     -0.044      0.000     7.6566     97.633     37.498  39.668026     2.9930      9.029   168.3938 2.1202e+03     6.2594     -0.044     -0.064    27.9019   996.2821 0.0000e+00
     -0.042      0.001     7.6704     97.808     37.464  39.632182     3.0083      9.030   167.8073 2.1256e+03     6.1994     -0.040     -0.060    27.9024   996.2820 0.0000e+00
     -0.041      0.002     7.6849     98.003     37.471  39.643707     3.0399      9.032   167.2888 2.1265e+03     6.1098     -0.039     -0.056    27.9021   996.2819 0.0000e+00
     -0.042      0.002     7.7149     98.396     37.502  39.680419     3.0542      9.034   166.8580 2.1209e+03     6.0602     -0.041     -0.059    27.8956   996.2838 0.0000e+00
     -0.042      0.002     7.7636     99.020     37.514  39.695184     3.0428      9.037   166.5558 2.1158e+03     6.0585     -0.042     -0.061    27.8846   996.2870 0.0000e+00
     -0.042      0.001     7.8227     99.771     37.515  39.695278     3.0059      9.040   166.7322 2.1189e+03     6.0897     -0.041     -0.060    27.8837   996.2872 0.0000e+00
     -0.041      0.001     7.8769    100.456     37.505  39.681546     2.9463      9.041   167.0118 2.1215e+03     6.1752     -0.040     -0.058    27.8927   996.2846 0.0000e+00
     -0.040      0.001     7.9108    100.883     37.483  39.656120     2.9209      9.042   167.1831 2.1185e+03     6.2400     -0.039     -0.056    27.9002   996.2825 0.0000e+00
     -0.040      0.001     7.9207    101.004     37.471  39.641775     2.9329      9.040   168.3736 2.1090e+03     6.2830     -0.040     -0.057    27.9023   996.2819 0.0000e+00
     -0.041      0.000     7.9123    100.895     37.466  39.635057     2.9176      9.033   176.3291 2.0846e+03     6.3685     -0.040     -0.058    27.8992   996.2828 0.0000e+00
     -0.041     -0.001     7.8940    100.657     37.411  39.574896     2.8746      9.024   184.9915 2.0595e+03     6.4200     -0.040     -0.058    27.8948   996.2840 0.0000e+00
     -0.041     -0.002     7.8713    100.353     37.272  39.422209     2.8550      9.019   180.3586 2.0703e+03     6.4471     -0.040     -0.058    27.8913   996.2850 0.0000e+00
     -0.041     -0.002     7.8443     99.988     37.117  39.248977     2.8629      9.019   172.0229 2.1057e+03     6.4991     -0.040     -0.057    27.8897   996.2855 0.0000e+00
     -0.042     -0.001     7.8095     99.529     37.011  39.130837     2.8669      9.022   169.5568 2.1108e+03     6.4924     -0.041     -0.058    27.8886   996.2859 0.0000e+00
     -0.043      0.001     7.7656     98.967     36.957  39.072925     2.8857      9.025   168.8676 2.0793e+03     6.3994     -0.042     -0.062    27.8876   996.2861 0.0000e+00
     -0.044      0.002     7.7147     98.324     36.940  39.056596     2.9432      9.026   168.5079 2.0508e+03     6.2922     -0.044     -0.065    27.8801   996.2882 0.0000e+00
     -0.043      0.003     7.6544     97.562     36.941  39.060375     2.9888      9.030   168.9929 2.0525e+03     6.2452     -0.045     -0.063    27.8638   996.2927 0.0000e+00
     -0.040      0.004     7.5826     96.651     36.934  39.055140     2.9949      9.035   179.0332 2.0693e+03     6.2576     -0.039     -0.056    27.8544   996.2954 0.0000e+00
     -0.037      0.005     7.5057     95.673     36.934  39.056784     2.9912      9.040   198.4446 2.0616e+03     6.2454     -0.035     -0.051    27.8548   996.2952 0.0000e+00
     -0.036      0.005     7.4323     94.735     37.137  39.270696     2.9872      9.043   209.5905 2.0223e+03     6.1626     -0.035     -0.050    27.8584   996.2941 0.0000e+00
     -0.037      0.004     7.3854     94.134     37.640  39.800596     2.9810      9.043   206.7650 1.9819e+03     6.0758     -0.037     -0.054    27.8627   996.2930 0.0000e+00
     -0.037      0.003     7.4588     95.073     38.132  40.321782     2.9772      9.043   195.8577 1.9704e+03     6.0472     -0.038     -0.055    27.8663   996.2920 0.0000e+00
     -0.036      0.002     7.7831     99.230     38.346  40.557237     2.9499      9.047   183.8838 1.9802e+03     6.0466     -0.035     -0.051    27.8673   996.2917 0.0000e+00
