Data/DataNotYetUploadedToEDI/Raw_CTD/2019_RawDownloads/081919_fcr45.cnv
* Sea-Bird SBE19plus  Data File:
* FileName = C:\DATA\081919_fcr_0006.hex
* Software version 2.8.0.119 SB_Terminal.dll
* Temperature SN = 7809
* Conductivity SN = 7809
* System UpLoad Time = Aug 20 2019 10:49:46
* <ApplicationData>
* <Seaterm232>
# nquan = 16
# nvalues = 804                         
# units = specified
# name 0 = depFM: Depth [fresh water, m]
# name 1 = dz/dtM: Descent Rate [m/s]
# name 2 = sbeox0Mg/L: Oxygen, SBE 43 [mg/l]
# name 3 = sbeox0PS: Oxygen, SBE 43 [% saturation]
# name 4 = specc: Specific Conductance [uS/cm]
# name 5 = c0uS/cm: Conductivity [uS/cm]
# name 6 = flECO-AFL: Fluorescence, WET Labs ECO-AFL/FL [mg/m^3]
# name 7 = ph: pH
# name 8 = orp: Oxidation Reduction Potential [mV]
# name 9 = par/sat/log: PAR/Logarithmic, Satlantic
# name 10 = turbWETntu0: Turbidity, WET Labs ECO [NTU]
# name 11 = prdM: Pressure, Strain Gauge [db]
# name 12 = prdE: Pressure, Strain Gauge [psi]
# name 13 = tv290C: Temperature [ITS-90, deg C]
# name 14 = density00: Density [density, kg/m^3]
# name 15 = flag:  0.000e+00
# span 0 =     -0.550,      6.688       
# span 1 =     -0.009,      0.177       
# span 2 =     0.0902,    11.3178       
# span 3 =      0.867,    144.562       
# span 4 =      3.661,     75.636       
# span 5 =   3.409684,  58.888378       
# span 6 =    -0.6347,    12.9549       
# span 7 =      7.395,      9.127       
# span 8 =    82.6988,   252.7003       
# span 9 = 1.2354e-01, 1.8111e+03       
# span 10 =    -5.8443,    34.5588      
# span 11 =     -0.540,      6.559      
# span 12 =     -0.783,      9.513      
# span 13 =    11.9055,    28.3619      
# span 14 =   996.1509,   999.5618      
# span 15 = 0.0000e+00, 0.0000e+00      
# interval = seconds: 0.25
# start_time = Aug 19 2019 11:44:57 [Instrument's time stamp, header]
# bad_flag = -9.990e-29
*END*
     -0.549 3.3070e-24     7.4347     84.315      4.169   3.881864    -0.1240      7.609   106.3720 1.8762e+02    -0.5151     -0.538     -0.780    21.5430   997.8808 0.0000e+00
     -0.549 3.6377e-23     7.4218     84.171      3.770   3.510755    -0.1213      7.616   104.7056 1.9609e+02    -0.5137     -0.538     -0.781    21.5496   997.8792 0.0000e+00
     -0.549 4.0014e-22     7.4019     83.949      3.661   3.409684    -0.1153      7.622   102.9068 2.0222e+02    -0.5163     -0.538     -0.781    21.5549   997.8781 0.0000e+00
     -0.549 4.4016e-21     7.3844     83.753      4.149   3.863831    -0.1218      7.627   101.4872 2.0404e+02    -0.5136     -0.538     -0.781    21.5572   997.8775 0.0000e+00
     -0.549 4.8417e-20     7.3770     83.673      7.419   6.910625    -0.1299      7.629   101.2213 2.0403e+02    -0.4816     -0.538     -0.781    21.5595   997.8769 0.0000e+00
     -0.549 5.3259e-19     7.3732     83.636     14.425  13.436629    -0.1268      7.630   101.5846 2.0344e+02    -0.4556     -0.539     -0.782    21.5607   997.8764 0.0000e+00
     -0.549 5.8585e-18     7.3638     83.540     20.595  19.186267    -0.1190      7.634   101.5774 2.0092e+02    -0.4945     -0.539     -0.781    21.5627   997.8761 0.0000e+00
     -0.549 6.4444e-17     7.3471     83.383     20.034  18.668427    -0.1225      7.639   101.1348 1.9309e+02    -0.5595     -0.539     -0.781    21.5638   997.8757 0.0000e+00
     -0.549 7.0888e-16     7.3254     83.246     14.688  13.703504    -0.1342      7.643   100.4492 1.8298e+02    -0.5530     -0.539     -0.781    21.5672   997.8755 0.0000e+00
     -0.549 7.7977e-15     7.3089     83.243     11.715  10.960790    -0.1388      7.644    99.4820 1.7754e+02    -0.4815     -0.539     -0.782    21.5679   997.8777 0.0000e+00
     -0.549 8.5774e-14     7.3107     83.419     11.257  10.554284    -0.1344      7.642    98.5609 1.7720e+02    -0.4490     -0.539     -0.781    21.5743   997.8789 0.0000e+00
     -0.549 9.4352e-13     7.3311     83.729     12.267  11.514274    -0.1240      7.638    97.4869 1.7919e+02    -0.4870     -0.539     -0.781    21.5768   997.8782 0.0000e+00
     -0.550 1.0379e-11     7.3611     84.113     13.702  12.867177    -0.1179      7.636    95.4437 1.8206e+02    -0.5480     -0.539     -0.782    21.6354   997.8620 0.0000e+00
     -0.550 1.1417e-10     7.3966     84.570     12.987  12.203567    -0.1207      7.632    94.1623 1.8547e+02    -0.5641     -0.539     -0.782    21.7933   997.8264 0.0000e+00
     -0.550 1.2558e-09     7.4396     85.125     12.341  11.606459    -0.1234      7.627    95.7596 1.9056e+02    -0.5509     -0.539     -0.781    21.8988   997.8026 0.0000e+00
     -0.550 1.3814e-08     7.4896     85.746     12.066  11.354524    -0.1511      7.623    98.7535 1.9768e+02    -0.5523     -0.539     -0.782    21.9289   997.7958 0.0000e+00
     -0.550 1.5195e-07     7.5407     86.359     11.276  10.615597    -0.2045      7.621   101.4518 2.0732e+02    -0.5147     -0.539     -0.782    21.9455   997.7935 0.0000e+00
     -0.550      0.000     7.5876     86.912     10.378   9.772146    -0.2315      7.618   104.1214 2.4411e+02    -0.4570     -0.539     -0.782    21.9739   997.7859 0.0000e+00
     -0.550      0.000     7.6276     87.379      8.834   8.319273    -0.1819      7.615   105.9934 3.3580e+02    -0.5763     -0.540     -0.783    22.0243   997.7745 0.0000e+00
     -0.550      0.000     7.6600     87.760      8.031   7.564139     0.3941      7.596    96.9846 3.9274e+02    -1.9567     -0.539     -0.782    22.0554   997.7675 0.0000e+00
     -0.550      0.002     7.6850     88.089      8.614   8.121188     1.4365      7.595    82.6988 4.3443e+02    -4.3982     -0.539     -0.782    22.0653   997.7647 0.0000e+00
     -0.550      0.009     7.6763     88.357     10.310   9.793861     2.0002      7.699   115.3237 5.9729e+02    -5.7145     -0.539     -0.782    22.0779   997.7621 0.0000e+00
     -0.550      0.024     7.5891     88.478     16.835  16.315136     2.0507      7.899   189.7093 6.8340e+02    -5.8443     -0.539     -0.782    22.0776   997.7614 0.0000e+00
     -0.549      0.046     7.4413     88.436     27.980  27.614700     1.9952      8.099   231.9124 6.1705e+02    -5.7711     -0.540     -0.783    22.0904   997.7583 0.0000e+00
     -0.543      0.073     7.2979     88.298     35.993  36.051720     1.3118      8.253   239.5395 7.1256e+02    -4.9936     -0.538     -0.781    22.0759   997.7619 0.0000e+00
     -0.521      0.101     7.1814     88.101     38.373  38.957757     0.0746      8.366   243.4691 9.7590e+02    -3.6209     -0.518     -0.752    22.1196   997.7522 0.0000e+00
     -0.484      0.129     7.0824     87.861     38.720  39.776789    -0.5919      8.446   245.4389 1.1644e+03    -2.8073     -0.475     -0.691    22.8466   997.5848 0.0000e+00
     -0.439      0.154     6.9918     87.572     38.774  40.241986    -0.6347      8.494   228.6821 1.2651e+03    -1.8745     -0.430     -0.624    24.1064   997.2858 0.0000e+00
     -0.394      0.171     6.9048     87.227     38.567  40.393217    -0.3995      8.520   211.8245 1.3580e+03     7.5922     -0.387     -0.561    25.0740   997.0448 0.0000e+00
     -0.348      0.177     6.8306     86.888     38.170  40.272733     0.0583      8.544   231.0732 1.4526e+03    24.9388     -0.343     -0.498    25.7809   996.8607 0.0000e+00
     -0.300      0.172     6.7794     86.634     37.718  39.991871     0.3137      8.563   251.7387 1.5316e+03    34.3654     -0.296     -0.429    26.3887   996.6993 0.0000e+00
     -0.251      0.157     6.7514     86.504     37.363  39.727390     0.3557      8.572   252.7003 1.5865e+03    34.5588     -0.245     -0.355    26.8934   996.5624 0.0000e+00
     -0.206      0.136     6.7438     86.495     37.155  39.550883     0.7137      8.575   249.9272 1.6369e+03    27.2772     -0.199     -0.289    27.3969   996.4235 0.0000e+00
     -0.170      0.110     6.7515     86.576     37.064  39.444835     1.3921      8.575   230.2548 1.6787e+03    13.8348     -0.161     -0.235    27.8056   996.3089 0.0000e+00
     -0.147      0.084     6.7663     86.715     36.983  39.333880     1.7694      8.572   195.4392 1.6890e+03     6.5251     -0.140     -0.202    28.0438   996.2414 0.0000e+00
     -0.136      0.060     6.7810     86.876     36.834  39.161485     1.8162      8.574   193.6097 1.6752e+03     5.8822     -0.132     -0.191    28.1881   996.2001 0.0000e+00
     -0.131      0.041     6.7940     87.012     36.705  39.010882     1.8282      8.583   224.3957 1.6637e+03     5.7666     -0.129     -0.187    28.2477   996.1831 0.0000e+00
     -0.127      0.030     6.8089     87.113     36.710  38.972957     1.8276      8.584   223.5998 1.6717e+03     5.6519     -0.127     -0.184    28.2079   996.1944 0.0000e+00
     -0.121      0.026     6.8241     87.184     36.870  39.083745     1.8174      8.576   190.0952 1.7043e+03     5.6095     -0.120     -0.174    28.1623   996.2075 0.0000e+00
     -0.112      0.029     6.8324     87.235     37.072  39.271156     1.8094      8.573   171.7097 1.7415e+03     5.6141     -0.109     -0.156    28.1492   996.2112 0.0000e+00
     -0.107      0.033     6.8329     87.291     37.229  39.461454     1.8088      8.577   184.7383 1.7546e+03     5.6420     -0.105     -0.152    28.1526   996.2102 0.0000e+00
     -0.101      0.035     6.8279     87.330     37.379  39.670695     1.8183      8.579   201.4428 1.7596e+03     5.7175     -0.103     -0.150    28.0922   996.2275 0.0000e+00
     -0.089      0.035     6.8233     87.370     37.487  39.833258     1.8295      8.575   189.3862 1.7757e+03     5.7740     -0.088     -0.128    27.9711   996.2620 0.0000e+00
     -0.075      0.033     6.8419     87.673     37.524  39.903517     1.8221      8.572   170.4309 1.7798e+03     5.7676     -0.071     -0.104    27.9320   996.2732 0.0000e+00
     -0.065      0.029     6.9118     88.613     37.547  39.948906     1.8160      8.573   165.3283 1.7566e+03     5.7381     -0.061     -0.089    27.9814   996.2592 0.0000e+00
     -0.060      0.022     7.0158     89.988     37.577  40.001191     1.8338      8.574   164.1723 1.7143e+03     5.7452     -0.058     -0.084    28.0594   996.2372 0.0000e+00
     -0.055      0.013     7.1138     91.274     37.589  40.027869     1.8641      8.574   163.5087 1.6538e+03     5.7882     -0.055     -0.079    28.1338   996.2161 0.0000e+00
     -0.053      0.007     7.2105     92.532     37.572  40.017556     1.8785      8.573   163.1549 1.5208e+03     5.7994     -0.048     -0.070    28.1703   996.2057 0.0000e+00
     -0.055      0.006     7.3139     93.882     37.549  40.003479     1.8692      8.571   162.9059 1.3737e+03     5.7820     -0.053     -0.077    28.1891   996.2004 0.0000e+00
     -0.058      0.008     7.4124     95.175     37.520  39.984641     1.8476      8.570   162.5636 1.2115e+03     5.7742     -0.060     -0.086    28.2237   996.1904 0.0000e+00
     -0.058      0.013     7.4903     96.193     37.449  39.916769     1.8249      8.572   162.1995 1.0778e+03     5.7709     -0.058     -0.083    28.2423   996.1851 0.0000e+00
     -0.053      0.017     7.5346     96.765     37.354  39.817676     1.8209      8.577   161.8599 1.2408e+03     5.7753     -0.053     -0.078    28.2432   996.1848 0.0000e+00
     -0.044      0.019     7.5680     97.185     37.284  39.738745     1.8241      8.583   161.5541 1.4528e+03     5.7936     -0.044     -0.064    28.2613   996.1797 0.0000e+00
     -0.034      0.018     7.6168     97.811     37.270  39.724190     1.8291      8.590   161.4266 1.3929e+03     5.7636     -0.033     -0.047    28.2800   996.1744 0.0000e+00
     -0.027      0.014     7.6698     98.508     37.305  39.768655     1.8554      8.595   161.5236 1.2518e+03     5.6736     -0.025     -0.036    28.2918   996.1710 0.0000e+00
     -0.024      0.008     7.7053     98.976     37.300  39.768526     1.8814      8.599   161.5217 1.1152e+03     5.6236     -0.022     -0.031    28.2959   996.1698 0.0000e+00
     -0.027      0.003     7.7148     99.092     37.260  39.722646     1.8928      8.604   161.4038 8.7718e+02     5.6184     -0.026     -0.039    28.2831   996.1734 0.0000e+00
     -0.032     -0.002     7.6994     98.883     37.264  39.721767     1.8805      8.609   161.3891 6.8597e+02     5.6429     -0.033     -0.048    28.2806   996.1740 0.0000e+00
     -0.033     -0.004     7.6659     98.448     37.299  39.757887     1.8448      8.614   161.4304 7.4431e+02     5.7242     -0.034     -0.049    28.2965   996.1696 0.0000e+00
     -0.032     -0.004     7.6205     97.866     37.318  39.778489     1.8260      8.618   161.4725 8.7466e+02     5.8145     -0.031     -0.044    28.3073   996.1665 0.0000e+00
     -0.032     -0.004     7.5684     97.199     37.318  39.780412     1.8263      8.622   161.5538 8.7088e+02     5.8492     -0.030     -0.045    28.2998   996.1685 0.0000e+00
     -0.033     -0.005     7.5235     96.629     37.317  39.781138     1.8223      8.626   161.7254 8.1925e+02     5.7517     -0.032     -0.047    28.2882   996.1719 0.0000e+00
     -0.034     -0.005     7.5002     96.337     37.320  39.787277     1.8127      8.629   161.9125 7.6272e+02     5.5857     -0.032     -0.047    28.2885   996.1718 0.0000e+00
     -0.036     -0.005     7.5072     96.440     37.318  39.791162     1.8054      8.632   162.0087 6.5692e+02     5.5126     -0.035     -0.051    28.2898   996.1715 0.0000e+00
     -0.039     -0.003     7.5510     97.017     37.288  39.764633     1.8043      8.635   162.0282 5.5564e+02     5.5231     -0.039     -0.056    28.2913   996.1711 0.0000e+00
     -0.041     -0.001     7.6268     97.999     37.243  39.720458     1.8072      8.637   162.0627 5.4020e+02     5.5494     -0.041     -0.060    28.2949   996.1700 0.0000e+00
     -0.041      0.002     7.7221     99.226     37.223  39.701414     1.8493      8.640   162.1687 6.3567e+02     5.6013     -0.042     -0.061    28.2978   996.1692 0.0000e+00
     -0.038      0.005     7.8295    100.613     37.242  39.724826     1.9322      8.643   162.2760 7.4227e+02     5.6914     -0.037     -0.054    28.3055   996.1670 0.0000e+00
     -0.035      0.007     7.9385    102.027     37.261  39.749606     1.9847      8.646   162.3277 7.9314e+02     5.7540     -0.033     -0.048    28.3171   996.1637 0.0000e+00
     -0.033      0.007     8.0327    103.250     37.255  39.747109     2.0077      8.649   162.3640 8.4699e+02     5.7687     -0.032     -0.046    28.3214   996.1624 0.0000e+00
     -0.031      0.006     8.1032    104.164     37.262  39.758126     2.0457      8.653   162.4565 9.2109e+02     5.7705     -0.030     -0.044    28.3197   996.1629 0.0000e+00
     -0.031      0.005     8.1514    104.788     37.258  39.755851     2.0891      8.658   162.5869 9.3367e+02     5.7437     -0.029     -0.042    28.3249   996.1615 0.0000e+00
     -0.031      0.004     8.1829    105.190     37.225  39.719615     2.1069      8.663   162.7349 9.0410e+02     5.7066     -0.030     -0.043    28.3328   996.1592 0.0000e+00
     -0.030      0.002     8.2046    105.458     37.211  39.700880     2.1052      8.666   162.9559 9.3795e+02     5.7143     -0.030     -0.044    28.3395   996.1572 0.0000e+00
     -0.028      0.000     8.2235    105.701     37.229  39.719764     2.1117      8.666   163.2797 1.0413e+03     5.8042     -0.027     -0.040    28.3443   996.1558 0.0000e+00
     -0.025     -0.001     8.2448    105.992     37.258  39.757499     2.1248      8.667   163.5525 1.0953e+03     5.9413     -0.023     -0.033    28.3474   996.1549 0.0000e+00
     -0.026      0.000     8.2664    106.287     37.269  39.776247     2.1256      8.667   163.6730 9.4831e+02     5.9965     -0.024     -0.034    28.3472   996.1551 0.0000e+00
     -0.031      0.002     8.2810    106.470     37.252  39.756022     2.1214      8.668   163.7903 7.3285e+02     5.9794     -0.031     -0.045    28.3365   996.1581 0.0000e+00
     -0.034      0.003     8.2818    106.443     37.216  39.703398     2.1259      8.670   163.9378 7.5429e+02     5.9642     -0.036     -0.052    28.3332   996.1590 0.0000e+00
     -0.031      0.004     8.2673    106.217     37.179  39.647804     2.1279      8.675   164.0808 9.8477e+02     5.9104     -0.033     -0.047    28.3471   996.1551 0.0000e+00
     -0.025      0.005     8.2427    105.891     37.190  39.655134     2.1197      8.680   164.1415 1.1830e+03     5.8213     -0.024     -0.035    28.3610   996.1512 0.0000e+00
     -0.020      0.006     8.2146    105.547     37.252  39.728544     2.1137      8.684   164.0700 1.2251e+03     5.7393     -0.018     -0.026    28.3619   996.1509 0.0000e+00
     -0.019      0.006     8.1871    105.214     37.287  39.773626     2.0972      8.687   164.0767 1.1320e+03     5.7375     -0.018     -0.027    28.3358   996.1583 0.0000e+00
     -0.022      0.005     8.1557    104.819     37.267  39.755861     2.0590      8.692   164.3091 1.0510e+03     5.7990     -0.021     -0.032    28.3045   996.1673 0.0000e+00
     -0.023      0.003     8.1131    104.269     37.219  39.704198     2.0345      8.697   164.4710 1.0843e+03     5.7949     -0.023     -0.034    28.3025   996.1679 0.0000e+00
     -0.021      0.002     8.0611    103.593     37.177  39.656825     2.0176      8.702   164.4845 1.1758e+03     5.7536     -0.021     -0.030    28.3176   996.1636 0.0000e+00
     -0.018      0.002     8.0080    102.906     37.152  39.627447     1.9930      8.706   164.6447 1.2375e+03     5.7263     -0.017     -0.024    28.3298   996.1601 0.0000e+00
     -0.017      0.001     7.9628    102.328     37.128  39.602914     1.9803      8.710   164.8593 1.2186e+03     5.6614     -0.015     -0.022    28.3356   996.1584 0.0000e+00
     -0.018      0.000     7.9331    101.949     37.138  39.614114     1.9679      8.714   165.0144 1.1423e+03     5.5909     -0.017     -0.025    28.3327   996.1592 0.0000e+00
     -0.019     -0.003     7.9216    101.801     37.158  39.635906     1.9469      8.717   165.2297 1.0613e+03     5.5619     -0.019     -0.027    28.3258   996.1612 0.0000e+00
