Data/DataNotYetUploadedToEDI/Raw_CTD/2019_RawDownloads/081919_fcr30.cnv
* Sea-Bird SBE19plus  Data File:
* FileName = C:\DATA\081919_fcr_0005.hex
* Software version 2.8.0.119 SB_Terminal.dll
* Temperature SN = 7809
* Conductivity SN = 7809
* System UpLoad Time = Aug 20 2019 10:49:22
* <ApplicationData>
* <Seaterm232>
# nquan = 16
# nvalues = 661                         
# units = specified
# name 0 = depFM: Depth [fresh water, m]
# name 1 = dz/dtM: Descent Rate [m/s]
# name 2 = sbeox0Mg/L: Oxygen, SBE 43 [mg/l]
# name 3 = sbeox0PS: Oxygen, SBE 43 [% saturation]
# name 4 = specc: Specific Conductance [uS/cm]
# name 5 = c0uS/cm: Conductivity [uS/cm]
# name 6 = flECO-AFL: Fluorescence, WET Labs ECO-AFL/FL [mg/m^3]
# name 7 = ph: pH
# name 8 = orp: Oxidation Reduction Potential [mV]
# name 9 = par/sat/log: PAR/Logarithmic, Satlantic
# name 10 = turbWETntu0: Turbidity, WET Labs ECO [NTU]
# name 11 = prdM: Pressure, Strain Gauge [db]
# name 12 = prdE: Pressure, Strain Gauge [psi]
# name 13 = tv290C: Temperature [ITS-90, deg C]
# name 14 = density00: Density [density, kg/m^3]
# name 15 = flag:  0.000e+00
# span 0 =     -0.555,      5.472       
# span 1 =     -0.011,      0.151       
# span 2 =     0.0961,    11.0731       
# span 3 =      0.906,    141.342       
# span 4 =      3.029,     86.667       
# span 5 =   3.072415,  68.003577       
# span 6 =    -0.8801,    13.6562       
# span 7 =      7.306,      9.155       
# span 8 =   -47.1383,   227.9987       
# span 9 = 5.0635e-01, 2.1656e+03       
# span 10 =    -4.8339,   106.5539      
# span 11 =     -0.545,      5.367      
# span 12 =     -0.791,      7.784      
# span 13 =    11.9869,    28.1145      
# span 14 =   996.2217,   999.5461      
# span 15 = 0.0000e+00, 0.0000e+00      
# interval = seconds: 0.25
# start_time = Aug 19 2019 11:39:37 [Instrument's time stamp, header]
# bad_flag = -9.990e-29
*END*
[from data line 452]
      3.369      0.032     0.1121      1.192     49.896  43.196666     3.4508      8.049   188.9200 1.0336e+01     5.9696      3.304      4.792    18.2987   998.5778 0.0000e+00
      3.376      0.029     0.1094      1.162     49.902  43.200107     3.3118      8.046   188.4024 1.0207e+01     6.0545      3.311      4.802    18.2774   998.5818 0.0000e+00
      3.384      0.028     0.1082      1.150     49.862  43.169064     3.3038      8.042   187.8737 1.0065e+01     6.0699      3.319      4.814    18.2765   998.5820 0.0000e+00
      3.391      0.028     0.1074      1.142     49.817  43.138799     3.3032      8.038   187.3461 9.9462e+00     6.0255      3.327      4.825    18.2848   998.5805 0.0000e+00
      3.397      0.030     0.1061      1.127     49.817  43.151659     3.3122      8.037   186.8419 9.8617e+00     5.8129      3.332      4.833    18.2836   998.5808 0.0000e+00
      3.402      0.034     0.1051      1.116     49.859  43.197587     3.3350      8.036   186.5089 9.7705e+00     5.4976      3.335      4.838    18.2776   998.5820 0.0000e+00
      3.409      0.041     0.1046      1.111     49.943  43.249667     3.3535      8.035   186.3311 9.6107e+00     5.3587      3.341      4.846    18.2816   998.5812 0.0000e+00
      3.420      0.050     0.1036      1.099     49.987  43.209869     3.3538      8.032   186.1541 9.3810e+00     5.3465      3.352      4.862    18.2917   998.5793 0.0000e+00
      3.434      0.059     0.1021      1.081     50.149  43.224245     3.3207      8.029   185.9182 9.1044e+00     5.1530      3.367      4.884    18.3032   998.5772 0.0000e+00
      3.452      0.066     0.1021      1.078     50.612  43.486815     3.2659      8.025   185.6300 8.7537e+00     4.8225      3.384      4.907    18.3252   998.5731 0.0000e+00
      3.473      0.069     0.1019      1.073     50.948  43.654114     3.2458      8.022   185.3369 8.3574e+00     4.6601      3.405      4.938    18.3206   998.5742 0.0000e+00
      3.495      0.068     0.1012      1.064     50.848  43.469031     3.2425      8.018   185.0412 8.0044e+00     4.6646      3.429      4.973    18.2350   998.5904 0.0000e+00
      3.515      0.063     0.1025      1.075     50.645  43.217218     3.1309      8.015   184.7215 7.7527e+00     4.5167      3.448      5.001    18.0943   998.6168 0.0000e+00
      3.530      0.057     0.1050      1.100     50.639  43.149172     2.9280      8.012   184.4840 7.6002e+00     4.1828      3.462      5.022    17.9515   998.6435 0.0000e+00
      3.540      0.050     0.1082      1.132     50.782  43.217665     2.8185      8.008   184.3200 7.4780e+00     4.0027      3.472      5.036    17.8291   998.6661 0.0000e+00
      3.550      0.045     0.1108      1.158     50.919  43.283362     2.8122      8.003   184.1149 7.3226e+00     3.9782      3.480      5.048    17.7319   998.6838 0.0000e+00
      3.560      0.040     0.1097      1.146     51.081  43.371989     2.8337      7.998   183.8979 7.1493e+00     3.7553      3.491      5.063    17.6560   998.6975 0.0000e+00
      3.571      0.037     0.1075      1.122     51.991  44.098704     2.8623      7.993   183.6748 6.9872e+00     3.3395      3.502      5.079    17.5975   998.7081 0.0000e+00
      3.581      0.036     0.1085      1.132     54.321  46.037583     2.8633      7.989   183.3104 6.8464e+00     3.0790      3.513      5.094    17.5465   998.7174 0.0000e+00
      3.589      0.036     0.1099      1.146     57.371  48.589688     2.8552      7.986   182.9332 6.7308e+00     3.0313      3.521      5.107    17.4982   998.7262 0.0000e+00
      3.597      0.035     0.1088      1.133     59.980  50.759693     2.8772      7.983   182.8138 6.6073e+00     2.9919      3.527      5.115    17.4493   998.7349 0.0000e+00
      3.605      0.035     0.1065      1.108     61.670  52.141009     2.9123      7.981   182.9001 6.4650e+00     2.8975      3.535      5.127    17.4013   998.7436 0.0000e+00
      3.615      0.036     0.1054      1.095     62.559  52.841212     2.9243      7.978   183.0298 6.3172e+00     2.8405      3.545      5.142    17.3692   998.7503 0.0000e+00
      3.625      0.037     0.1061      1.102     62.949  53.127514     2.9175      7.974   182.9188 6.1809e+00     2.8272      3.555      5.155    17.3468   998.7556 0.0000e+00
      3.635      0.038     0.1066      1.107     63.209  53.315714     2.9078      7.971   182.5915 6.0690e+00     2.8675      3.563      5.169    17.3134   998.7625 0.0000e+00
      3.645      0.039     0.1054      1.094     63.795  53.782619     2.8507      7.967   182.3416 5.9637e+00     3.1637      3.574      5.185    17.2710   998.7706 0.0000e+00
      3.654      0.040     0.1035      1.073     64.415  54.262320     2.7473      7.965   182.1345 5.8600e+00     3.5907      3.584      5.198    17.2273   998.7786 0.0000e+00
      3.663      0.041     0.1025      1.062     64.454  54.224018     2.6975      7.962   181.8934 5.7473e+00     3.7702      3.591      5.208    17.1899   998.7854 0.0000e+00
      3.674      0.041     0.1023      1.058     64.165  53.891202     2.7082      7.958   181.5777 5.6236e+00     3.7601      3.602      5.223    17.1675   998.7893 0.0000e+00
      3.687      0.040     0.1019      1.053     64.084  53.732232     2.7813      7.954   181.1567 5.5123e+00     3.6653      3.616      5.245    17.1540   998.7920 0.0000e+00
      3.698      0.038     0.1012      1.045     64.364  53.890031     2.9143      7.949   180.6751 5.4268e+00     3.5418      3.627      5.261    17.1251   998.7975 0.0000e+00
      3.707      0.036     0.1008      1.040     65.120  54.464946     2.9901      7.942   180.2285 5.3671e+00     3.5455      3.636      5.273    17.0649   998.8080 0.0000e+00
      3.715      0.035     0.1012      1.043     66.460  55.537467     3.0031      7.933   179.8869 5.3241e+00     3.5785      3.645      5.285    16.9895   998.8210 0.0000e+00
      3.721      0.035     0.1016      1.046     68.588  57.264390     3.0893      7.924   179.5555 5.2773e+00     3.6461      3.649      5.292    16.9157   998.8337 0.0000e+00
      3.728      0.038     0.1021      1.050     72.050  60.096018     3.2429      7.913   179.1473 5.2065e+00     3.8376      3.654      5.301    16.8532   998.8446 0.0000e+00
      3.738      0.042     0.1023      1.052     75.862  63.212260     3.3260      7.903   178.8238 5.1210e+00     3.9932      3.665      5.316    16.8112   998.8521 0.0000e+00
      3.750      0.047     0.1012      1.039     78.098  65.009700     3.3320      7.894   178.7412 5.0220e+00     4.0540      3.677      5.333    16.7802   998.8579 0.0000e+00
      3.764      0.051     0.0992      1.018     79.230  65.875871     3.2024      7.884   178.7511 4.9045e+00     4.0476      3.690      5.353    16.7440   998.8647 0.0000e+00
      3.779      0.053     0.0980      1.005     80.548  66.883512     2.9474      7.875   178.6849 4.7808e+00     3.9812      3.706      5.376    16.7024   998.8732 0.0000e+00
      3.794      0.053     0.0980      1.003     81.744  67.784810     2.8053      7.866   178.6292 4.6630e+00     3.9390      3.721      5.397    16.6600   998.8822 0.0000e+00
      3.807      0.052     0.0985      1.007     82.039  67.937048     2.7857      7.854   178.9379 4.5615e+00     3.8988      3.733      5.414    16.6195   998.8898 0.0000e+00
      3.820      0.052     0.0999      1.020     81.179  67.134820     2.7273      7.841   179.2338 4.4753e+00     3.5281      3.746      5.433    16.5725   998.8979 0.0000e+00
      3.832      0.052     0.1019      1.040     79.415  65.586286     2.6278      7.827   178.5078 4.3972e+00     2.8644      3.758      5.451    16.5147   998.9083 0.0000e+00
      3.844      0.052     0.1028      1.047     77.256  63.707004     2.5795      7.814   177.1289 4.3197e+00     2.4948      3.769      5.466    16.4577   998.9184 0.0000e+00
      3.857      0.052     0.1022      1.039     75.188  61.892033     2.5765      7.801   175.8122 4.2433e+00     2.4670      3.782      5.484    16.4012   998.9281 0.0000e+00
      3.872      0.051     0.1003      1.018     73.468  60.356908     2.6092      7.789   174.3745 4.1714e+00     2.4297      3.797      5.507    16.3456   998.9371 0.0000e+00
      3.888      0.049     0.0989      1.003     72.267  59.254231     2.6897      7.778   172.8236 4.1146e+00     2.3058      3.814      5.532    16.2903   998.9457 0.0000e+00
      3.900      0.048     0.1007      1.019     71.666  58.663591     2.7428      7.768   171.3434 4.0768e+00     2.2474      3.826      5.549    16.2296   998.9549 0.0000e+00
      3.909      0.047     0.1027      1.038     71.324  58.299026     2.7571      7.758   169.8993 4.0415e+00     2.2480      3.833      5.560    16.1572   998.9661 0.0000e+00
      3.919      0.045     0.1031      1.040     71.028  57.959804     2.7670      7.749   168.5263 4.0000e+00     2.2147      3.842      5.573    16.0717   998.9796 0.0000e+00
      3.931      0.044     0.1027      1.035     70.819  57.675516     2.7925      7.742   167.2195 3.9454e+00     2.2713      3.855      5.591    15.9864   998.9930 0.0000e+00
      3.943      0.043     0.1031      1.037     70.470  57.276145     2.8407      7.736   165.7137 3.8933e+00     2.4076      3.868      5.610    15.9193   999.0038 0.0000e+00
      3.955      0.041     0.1049      1.054     70.041  56.816169     2.8649      7.731   163.4835 3.8620e+00     2.4540      3.878      5.625    15.8703   999.0118 0.0000e+00
      3.966      0.038     0.1066      1.069     69.852  56.561559     2.8602      7.726   160.0439 3.8312e+00     2.4389      3.888      5.640    15.8031   999.0224 0.0000e+00
      3.976      0.033     0.1071      1.072     69.931  56.548445     2.8524      7.722   155.7877 3.8119e+00     2.3894      3.901      5.658    15.7147   999.0365 0.0000e+00
      3.985      0.029     0.1062      1.062     70.357  56.848130     2.8401      7.719   151.6857 3.8181e+00     2.2817      3.910      5.671    15.6340   999.0492 0.0000e+00
      3.990      0.025     0.1047      1.047     70.965  57.325756     2.8237      7.716   148.1324 3.8155e+00     2.2181      3.913      5.675    15.5541   999.0616 0.0000e+00
      3.994      0.023     0.1042      1.042     71.555  57.812147     2.8196      7.713   144.9189 3.7954e+00     2.2095      3.916      5.679    15.4758   999.0739 0.0000e+00
      3.999      0.023     0.1049      1.049     72.839  58.853117     2.9372      7.711   141.9988 3.7743e+00     2.2105      3.921      5.687    15.4189   999.0828 0.0000e+00
      4.004      0.027     0.1046      1.046     75.564  61.015854     3.1621      7.709   139.4111 3.7658e+00     2.2309      3.927      5.695    15.3882   999.0877 0.0000e+00
      4.009      0.032     0.1015      1.014     78.994  63.689311     3.2841      7.709   137.0337 3.7510e+00     2.2593      3.930      5.701    15.3797   999.0894 0.0000e+00
      4.017      0.036     0.0988      0.985     81.555  65.628487     3.2936      7.708   134.9357 3.7129e+00     2.2589      3.937      5.711    15.3926   999.0875 0.0000e+00
      4.029      0.039     0.0988      0.983     82.844  66.538084     3.3038      7.706   133.1458 3.6790e+00     2.2258      3.951      5.730    15.4087   999.0853 0.0000e+00
      4.043      0.041     0.0994      0.988     83.478  66.932000     3.3294      7.704   131.4810 3.6537e+00     2.1866      3.966      5.751    15.3856   999.0900 0.0000e+00
      4.055      0.042     0.1001      0.993     83.877  67.149145     3.3516      7.701   129.8635 3.6329e+00     2.1777      3.977      5.769    15.3172   999.1022 0.0000e+00
      4.064      0.042     0.1006      0.997     84.209  67.319922     3.3651      7.697   128.2155 3.6094e+00     2.2176      3.986      5.781    15.2324   999.1163 0.0000e+00
      4.073      0.042     0.1007      0.997     84.593  67.534610     3.4221      7.692   126.5265 3.5709e+00     2.2748      3.994      5.793    15.1518   999.1289 0.0000e+00
      4.082      0.043     0.1001      0.990     85.016  67.774101     3.5298      7.685   124.9293 3.5406e+00     2.3452      4.002      5.804    15.0838   999.1395 0.0000e+00
      4.092      0.044     0.0998      0.985     85.350  67.926887     3.5920      7.679   123.6160 3.5206e+00     2.4142      4.012      5.818    15.0235   999.1488 0.0000e+00
      4.106      0.045     0.1014      0.999     85.492  67.919630     3.5930      7.672   122.6940 3.4816e+00     2.4530      4.027      5.840    14.9673   999.1574 0.0000e+00
      4.120      0.047     0.1025      1.009     85.333  67.686212     3.5766      7.665   122.0404 3.4368e+00     2.4872      4.043      5.862    14.9150   999.1654 0.0000e+00
      4.132      0.048     0.1027      1.010     84.838  67.202401     3.5504      7.659   121.4777 3.4110e+00     2.5002      4.053      5.879    14.8611   999.1737 0.0000e+00
      4.142      0.049     0.1029      1.011     84.250  66.646922     3.5355      7.652   120.9672 3.3822e+00     2.4779      4.061      5.890    14.7919   999.1842 0.0000e+00
      4.153      0.050     0.1019      1.000     83.950  66.309722     3.5353      7.645   120.6001 3.3359e+00     2.4466      4.072      5.905    14.7154   999.1956 0.0000e+00
      4.166      0.052     0.1008      0.988     84.400  66.557925     3.5316      7.638   120.1361 3.2874e+00     2.4166      4.086      5.926    14.6522   999.2050 0.0000e+00
      4.181      0.054     0.1012      0.990     85.559  67.359279     3.5160      7.631   119.5724 3.2436e+00     2.4106      4.100      5.946    14.6032   999.2119 0.0000e+00
      4.196      0.054     0.1009      0.985     86.507  67.988858     3.4935      7.625   119.1193 3.2111e+00     2.4405      4.115      5.968    14.5524   999.2191 0.0000e+00
      4.211      0.053     0.0990      0.965     86.667  68.003577     3.4770      7.620   118.2719 3.1732e+00     2.4822      4.131      5.991    14.4908   999.2280 0.0000e+00
      4.226      0.050     0.0978      0.953     86.350  67.664257     3.4644      7.615   116.8982 3.1244e+00     2.4890      4.144      6.012    14.4276   999.2373 0.0000e+00
      4.237      0.046     0.0985      0.959     86.012  67.318987     3.4009      7.609   115.4154 3.0866e+00     2.4573      4.155      6.027    14.3625   999.2473 0.0000e+00
      4.248      0.043     0.1002      0.974     85.810  67.071023     3.2908      7.604   113.8509 3.0490e+00     2.4268      4.165      6.041    14.2930   999.2577 0.0000e+00
      4.258      0.042     0.1006      0.977     85.764  66.954578     3.2335      7.599   112.3514 3.0097e+00     2.4156      4.176      6.057    14.2230   999.2676 0.0000e+00
      4.267      0.045     0.0997      0.968     85.454  66.673808     3.2288      7.595   111.2236 2.9779e+00     2.4203      4.185      6.069    14.1725   999.2746 0.0000e+00
      4.277      0.051     0.1002      0.973     84.169  65.646833     3.2600      7.591   110.3667 2.9384e+00     2.3852      4.194      6.083    14.1365   999.2796 0.0000e+00
      4.288      0.058     0.1013      0.982     81.914  63.818124     3.3243      7.587   109.5623 2.8846e+00     2.2855      4.204      6.098    14.0762   999.2880 0.0000e+00
      4.303      0.064     0.1009      0.976     79.567  61.851839     3.3561      7.584   108.7253 2.8198e+00     2.1985      4.218      6.118    14.0185   999.2962 0.0000e+00
      4.323      0.068     0.0997      0.963     77.960  60.431265     3.3506      7.581   107.7315 2.7380e+00     2.1857      4.238      6.147    14.0030   999.2984 0.0000e+00
      4.346      0.069     0.0984      0.948     76.765  59.352473     3.3175      7.576   106.7532 2.6515e+00     2.2938      4.262      6.182    14.0052   999.2977 0.0000e+00
      4.368      0.068     0.0978      0.941     75.366  58.149554     3.2684      7.572   106.1027 2.5886e+00     2.4567      4.287      6.217    13.9682   999.3021 0.0000e+00
      4.384      0.065     0.0975      0.936     73.698  56.752769     3.2425      7.571   105.5458 2.5518e+00     2.5162      4.302      6.239    13.8714   999.3146 0.0000e+00
