Data/DataNotYetUploadedToEDI/Raw_CTD/2019_RawDownloads/081919_fcr30.cnv
* Sea-Bird SBE19plus  Data File:
* FileName = C:\DATA\081919_fcr_0005.hex
* Software version 2.8.0.119 SB_Terminal.dll
* Temperature SN = 7809
* Conductivity SN = 7809
* System UpLoad Time = Aug 20 2019 10:49:22
* <ApplicationData>
* <Seaterm232>
# nquan = 16
# nvalues = 661                         
# units = specified
# name 0 = depFM: Depth [fresh water, m]
# name 1 = dz/dtM: Descent Rate [m/s]
# name 2 = sbeox0Mg/L: Oxygen, SBE 43 [mg/l]
# name 3 = sbeox0PS: Oxygen, SBE 43 [% saturation]
# name 4 = specc: Specific Conductance [uS/cm]
# name 5 = c0uS/cm: Conductivity [uS/cm]
# name 6 = flECO-AFL: Fluorescence, WET Labs ECO-AFL/FL [mg/m^3]
# name 7 = ph: pH
# name 8 = orp: Oxidation Reduction Potential [mV]
# name 9 = par/sat/log: PAR/Logarithmic, Satlantic
# name 10 = turbWETntu0: Turbidity, WET Labs ECO [NTU]
# name 11 = prdM: Pressure, Strain Gauge [db]
# name 12 = prdE: Pressure, Strain Gauge [psi]
# name 13 = tv290C: Temperature [ITS-90, deg C]
# name 14 = density00: Density [density, kg/m^3]
# name 15 = flag:  0.000e+00
# span 0 =     -0.555,      5.472       
# span 1 =     -0.011,      0.151       
# span 2 =     0.0961,    11.0731       
# span 3 =      0.906,    141.342       
# span 4 =      3.029,     86.667       
# span 5 =   3.072415,  68.003577       
# span 6 =    -0.8801,    13.6562       
# span 7 =      7.306,      9.155       
# span 8 =   -47.1383,   227.9987       
# span 9 = 5.0635e-01, 2.1656e+03       
# span 10 =    -4.8339,   106.5539      
# span 11 =     -0.545,      5.367      
# span 12 =     -0.791,      7.784      
# span 13 =    11.9869,    28.1145      
# span 14 =   996.2217,   999.5461      
# span 15 = 0.0000e+00, 0.0000e+00      
# interval = seconds: 0.25
# start_time = Aug 19 2019 11:39:37 [Instrument's time stamp, header]
# bad_flag = -9.990e-29
*END*
     -0.553 -1.060e-13     7.1752     87.775      5.150   5.210355    -0.1762      7.405   180.8698 1.8350e+02     0.5612     -0.542     -0.787    25.5624   996.9084 0.0000e+00
     -0.553 -1.166e-12     7.1685     87.699      5.076   5.136400    -0.1772      7.410   175.4907 1.7868e+02     0.6480     -0.543     -0.787    25.5686   996.9067 0.0000e+00
     -0.553 -1.283e-11     7.1661     87.676      5.471   5.536384    -0.1899      7.419   171.9722 1.6226e+02     0.6745     -0.543     -0.787    25.5754   996.9048 0.0000e+00
     -0.553 -1.411e-10     7.1653     87.671      6.546   6.624316    -0.1730      7.434   170.7649 1.5809e+02     0.4878     -0.543     -0.787    25.5805   996.9033 0.0000e+00
     -0.554 -1.552e-09     7.1669     87.695      8.241   8.340306    -0.1295      7.449   170.2710 2.0772e+02     0.1602     -0.543     -0.788    25.5849   996.9021 0.0000e+00
     -0.554 -1.707e-08     7.1710     87.750     10.063  10.185557    -0.1137      7.462   169.7001 2.8402e+02    -0.0418     -0.543     -0.788    25.5883   996.9012 0.0000e+00
     -0.554 -1.878e-07     7.1748     87.800     11.365  11.504045    -0.1213      7.473   169.0255 3.2998e+02    -0.0872     -0.543     -0.787    25.5916   996.9004 0.0000e+00
     -0.554 -1.878e-07     7.1776     87.839     11.651  11.794239    -0.1257      7.483   168.1370 3.4855e+02    -0.0937     -0.544     -0.788    25.5946   996.8998 0.0000e+00
     -0.554 -1.707e-08     7.1798     87.870     11.211  11.348798    -0.1232      7.489   167.2171 3.4595e+02    -0.0876     -0.543     -0.788    25.5976   996.8995 0.0000e+00
     -0.554 -1.552e-09     7.1818     87.898     10.678  10.809339    -0.1172      7.489   166.8510 3.3550e+02    -0.0452     -0.543     -0.788    25.6002   996.8993 0.0000e+00
     -0.554 -1.411e-10     7.1842     87.932     10.154  10.279646    -0.1143      7.487   167.3245 3.3203e+02    -0.0078     -0.543     -0.787    25.6027   996.8991 0.0000e+00
     -0.554 -1.283e-11     7.1857     87.953      9.642   9.761948    -0.1142      7.487   168.2087 2.7954e+02    -0.0284     -0.543     -0.788    25.6053   996.8984 0.0000e+00
     -0.554 -1.166e-12     7.1868     87.971      9.252   9.367410    -0.1160      7.490   168.8522 1.8376e+02    -0.0647     -0.544     -0.788    25.6077   996.8975 0.0000e+00
     -0.554 -1.060e-13     7.1887     87.998      8.884   8.995610    -0.1185      7.492   169.3412 1.8606e+02    -0.0858     -0.544     -0.788    25.6102   996.8968 0.0000e+00
     -0.554 -9.640e-15     7.1898     88.016      8.393   8.499200    -0.1190      7.492   170.1634 2.9729e+02    -0.0877     -0.544     -0.788    25.6126   996.8960 0.0000e+00
     -0.554 -8.760e-16     7.1900     88.022      7.893   7.992387    -0.1127      7.492   171.3079 3.8146e+02    -0.0879     -0.543     -0.788    25.6152   996.8952 0.0000e+00
     -0.554 -7.965e-17     7.1892     88.016      7.526   7.621493    -0.1035      7.490   172.3370 4.0444e+02    -0.0884     -0.543     -0.788    25.6177   996.8945 0.0000e+00
     -0.554 -7.240e-18     7.1868     87.991      7.281   7.373965    -0.1024      7.489   173.0560 4.0195e+02    -0.0936     -0.544     -0.788    25.6205   996.8937 0.0000e+00
     -0.554 -6.585e-19     7.1849     87.972      7.127   7.217859    -0.1085      7.492   173.8075 3.8955e+02    -0.1175     -0.543     -0.787    25.6228   996.8929 0.0000e+00
     -0.554 -5.985e-20     7.1856     87.986      7.101   7.191764    -0.1165      7.493   174.7980 3.6429e+02    -0.1483     -0.543     -0.788    25.6253   996.8921 0.0000e+00
     -0.554 -5.440e-21     7.1856     87.990      7.281   7.375341    -0.1217      7.494   175.7402 3.0813e+02    -0.2038     -0.544     -0.788    25.6277   996.8914 0.0000e+00
     -0.554 -4.946e-22     7.1832     87.965      7.377   7.472697    -0.1188      7.494   176.6809 2.2318e+02    -0.2644     -0.543     -0.788    25.6303   996.8907 0.0000e+00
     -0.554 -4.496e-23     7.1810     87.942      7.010   7.101273    -0.1068      7.489   177.9128 1.4890e+02    -0.2908     -0.543     -0.788    25.6332   996.8899 0.0000e+00
     -0.554 -4.088e-24     7.1795     87.928      6.413   6.497101    -0.1163      7.478   179.1909 1.1617e+02    -0.3594     -0.544     -0.789    25.6356   996.8892 0.0000e+00
     -0.554 -3.716e-25     7.1786     87.922      5.921   5.998504    -0.3201      7.469   180.3477 1.1025e+02    -1.1587     -0.543     -0.788    25.6385   996.8885 0.0000e+00
     -0.554 -3.378e-26     7.1781     87.920      5.562   5.635893    -0.6895      7.472   181.5750 1.0923e+02    -2.6468     -0.544     -0.788    25.6415   996.8879 0.0000e+00
     -0.554 -3.071e-27     7.1770     87.912      5.275   5.344933    -0.8801      7.481   182.5868 1.0944e+02    -3.4741     -0.544     -0.789    25.6443   996.8870 0.0000e+00
     -0.554 -2.764e-28     7.1748     87.890      5.074   5.142228    -0.7867      7.490   182.8583 1.1259e+02    -3.4925     -0.544     -0.788    25.6470   996.8861 0.0000e+00
     -0.554 5.7548e-30     7.1736     87.882      5.144   5.212956     0.4050      7.495   182.8790 1.2760e+02    -3.0659     -0.544     -0.789    25.6499   996.8853 0.0000e+00
     -0.555 3.4017e-28     7.1744     87.897      5.492   5.566362     2.5875      7.498   183.5250 2.4746e+02    -2.3473     -0.544     -0.788    25.6529   996.8844 0.0000e+00
     -0.555 3.7671e-27     7.1747     87.904      5.725   5.802921     3.7702      7.499   184.6462 4.5842e+02    -1.9480     -0.544     -0.789    25.6560   996.8835 0.0000e+00
     -0.555 4.1440e-26     7.1734     87.893      5.526   5.601591     3.7895      7.495   185.8528 5.6177e+02    -1.7780     -0.544     -0.789    25.6592   996.8826 0.0000e+00
     -0.555 4.5584e-25     7.1719     87.880      5.028   5.096690     2.8128      7.484   187.3594 5.5746e+02    -0.4549     -0.544     -0.788    25.6624   996.8818 0.0000e+00
     -0.555 5.0142e-24     7.1706     87.868      4.517   4.577947     0.9947      7.471   188.9241 5.5454e+02     1.9560     -0.544     -0.789    25.6658   996.8810 0.0000e+00
     -0.555 5.5157e-23     7.1701     87.867      4.152   4.209170    -0.0045      7.466   189.8867 5.5234e+02     3.2518     -0.544     -0.788    25.6692   996.8802 0.0000e+00
     -0.555 6.0672e-22     7.1704     87.875      3.942   3.996485    -0.0861      7.468   190.5658 5.5217e+02     3.1849     -0.544     -0.789    25.6722   996.8793 0.0000e+00
     -0.555 6.6740e-21     7.1700     87.873      3.792   3.844114     0.0422      7.468   191.4560 5.7070e+02     1.1477     -0.544     -0.789    25.6750   996.8785 0.0000e+00
     -0.555 7.3414e-20     7.1695     87.872      3.647   3.697609     0.2903      7.461   192.5627 6.0169e+02    -2.6348     -0.544     -0.789    25.6777   996.8777 0.0000e+00
     -0.555 8.0755e-19     7.1692     87.872      3.569   3.619211     0.4257      7.454   193.7091 6.1410e+02    -4.6962     -0.544     -0.789    25.6806   996.8768 0.0000e+00
     -0.555 8.8830e-18     7.1688     87.871      3.544   3.593265     0.4396      7.453   194.6481 5.9060e+02    -4.8339     -0.544     -0.788    25.6833   996.8761 0.0000e+00
     -0.555 9.7713e-17     7.1698     87.887      3.462   3.510626     0.4231      7.458   195.5695 5.5435e+02    -4.6605     -0.544     -0.789    25.6861   996.8753 0.0000e+00
     -0.555 1.0748e-15     7.1705     87.899      3.333   3.380455     0.1745      7.467   196.7621 5.3840e+02    -2.6662     -0.544     -0.789    25.6886   996.8746 0.0000e+00
     -0.555 1.1823e-14     7.1691     87.886      3.241   3.286725    -0.2777      7.474   198.4845 5.3815e+02     1.0587     -0.544     -0.789    25.6910   996.8740 0.0000e+00
     -0.555 1.3006e-13     7.1686     87.883      3.219   3.264480    -0.5188      7.475   200.6496 5.2817e+02     3.1145     -0.544     -0.789    25.6933   996.8734 0.0000e+00
     -0.555 1.4306e-12     7.1692     87.895      3.193   3.238232    -0.5384      7.471   202.7215 5.1646e+02     3.1496     -0.545     -0.790    25.6954   996.8728 0.0000e+00
     -0.555 1.5737e-11     7.1697     87.904      3.115   3.159457    -0.4281      7.461   204.3490 5.2806e+02     1.3517     -0.544     -0.789    25.6976   996.8722 0.0000e+00
     -0.555 1.7311e-10     7.1704     87.915      3.029   3.072415    -0.2000      7.437   204.3241 5.8468e+02    -1.9757     -0.544     -0.789    25.6998   996.8716 0.0000e+00
     -0.555 1.9042e-09     7.1716     87.933      3.030   3.072951    -0.0690      7.397   189.4281 6.9376e+02    -3.7520     -0.544     -0.789    25.7021   996.8711 0.0000e+00
     -0.555 2.0946e-08     7.1740     87.966      3.246   3.292671    -0.0492      7.364   162.5081 8.2576e+02    -3.5095     -0.544     -0.789    25.7041   996.8705 0.0000e+00
     -0.555 2.3040e-07     7.1750     87.981      3.524   3.574551    -0.0727      7.351   153.1301 9.3128e+02     0.3986     -0.544     -0.789    25.7060   996.8700 0.0000e+00
     -0.555      0.000     7.1737     87.968      3.578   3.629608    -0.1367      7.337   160.6156 9.9731e+02     7.5492     -0.545     -0.790    25.7088   996.8693 0.0000e+00
     -0.555      0.000     7.1728     87.962      3.465   3.514793    -0.1730      7.321   166.7176 1.0708e+03    11.5050     -0.545     -0.790    25.7103   996.8688 0.0000e+00
     -0.555      0.000     7.1722     87.962      3.466   3.517053    -0.1383      7.312   165.3907 1.1801e+03    11.6874     -0.544     -0.789    25.7132   996.8680 0.0000e+00
     -0.555      0.003     7.1689     87.963      3.974   4.037148     0.3259      7.306   106.5428 1.3093e+03     9.0325     -0.544     -0.789    25.7141   996.8680 0.0000e+00
     -0.555      0.012     7.1491     87.927      6.749   6.888255     1.1829      7.369     0.9400 1.4367e+03     4.0833     -0.545     -0.790    25.7179   996.8670 0.0000e+00
     -0.555      0.028     7.0993     87.795     14.086  14.475155     1.6494      7.594   -47.1383 1.5300e+03     1.3648     -0.545     -0.791    25.7168   996.8672 0.0000e+00
     -0.553      0.050     7.0316     87.590     25.349  26.222539     1.6653      7.924   -11.8772 1.5613e+03     1.1029     -0.545     -0.790    25.7243   996.8653 0.0000e+00
     -0.543      0.074     6.9685     87.383     35.065  36.472042     1.3406      8.240    62.9889 1.4499e+03     1.3106     -0.538     -0.781    25.7181   996.8669 0.0000e+00
     -0.518      0.099     6.9200     87.217     38.700  40.437147     0.7319      8.495   117.1782 1.0952e+03     1.7785     -0.513     -0.744    25.7979   996.8463 0.0000e+00
     -0.481      0.122     6.8849     87.096     38.822  40.720692     0.4001      8.678   136.2049 8.1691e+02     2.0413     -0.471     -0.683    26.1451   996.7560 0.0000e+00
     -0.441      0.139     6.8629     87.063     38.710  40.725909     0.3813      8.798   147.0308 1.0520e+03     2.2598     -0.431     -0.625    26.6049   996.6363 0.0000e+00
     -0.403      0.149     6.8593     87.238     38.572  40.690863     0.4266      8.874   154.5486 1.5460e+03     4.6828     -0.397     -0.577    26.9823   996.5373 0.0000e+00
     -0.362      0.151     6.8829     87.736     38.408  40.614553     0.8441      8.918   158.6144 1.8660e+03    31.3039     -0.356     -0.516    27.2601   996.4611 0.0000e+00
     -0.320      0.148     6.9328     88.511     38.236  40.501725     1.6054      8.938   157.8167 1.9944e+03    80.0792     -0.311     -0.453    27.4567   996.4063 0.0000e+00
     -0.283      0.143     6.9915     89.342     38.049  40.342520     2.0284      8.950   152.4749 2.0469e+03   106.4743     -0.277     -0.402    27.5993   996.3667 0.0000e+00
     -0.248      0.133     7.0463     90.088     37.907  40.213270     2.0740      8.963   141.0902 2.0813e+03   106.5539     -0.244     -0.353    27.7417   996.3266 0.0000e+00
     -0.214      0.119     7.0919     90.699     37.830  40.145188     2.1047      8.978   126.7690 2.1013e+03    81.2709     -0.209     -0.304    27.8823   996.2871 0.0000e+00
     -0.181      0.103     7.1245     91.136     37.770  40.090720     2.1558      8.991   119.5621 2.0858e+03    34.5440     -0.176     -0.256    27.9700   996.2623 0.0000e+00
     -0.154      0.087     7.1455     91.414     37.739  40.062571     2.1805      8.998   119.0840 2.0373e+03     9.0136     -0.147     -0.214    28.0145   996.2497 0.0000e+00
     -0.137      0.072     7.1566     91.557     37.735  40.058784     2.1878      9.001   119.6112 1.9948e+03     6.6776     -0.132     -0.191    28.0388   996.2429 0.0000e+00
     -0.126      0.057     7.1595     91.591     37.723  40.044930     2.2355      9.001   120.0867 1.9895e+03     6.3643     -0.124     -0.179    28.0554   996.2382 0.0000e+00
     -0.116      0.045     7.1595     91.580     37.707  40.022025     2.3227      9.000   120.6167 2.0184e+03     6.1108     -0.114     -0.164    28.0688   996.2344 0.0000e+00
     -0.107      0.038     7.1623     91.598     37.727  40.035760     2.3756      9.000   122.5773 2.0639e+03     5.9720     -0.104     -0.150    28.0738   996.2330 0.0000e+00
     -0.097      0.033     7.1700     91.682     37.778  40.084029     2.3801      8.999   124.6058 2.1178e+03     5.9643     -0.096     -0.138    28.0725   996.2334 0.0000e+00
     -0.088      0.031     7.1936     91.977     37.795  40.097766     2.4131      8.997   125.0101 2.1616e+03     6.0175     -0.086     -0.124    28.0729   996.2334 0.0000e+00
     -0.081      0.028     7.2531     92.728     37.778  40.074883     2.4800      8.997   135.6388 2.1656e+03     6.0912     -0.080     -0.114    28.0666   996.2352 0.0000e+00
     -0.075      0.024     7.3662     94.168     37.768  40.061270     2.5120      8.997   156.4949 2.1344e+03     6.1014     -0.074     -0.107    28.0507   996.2397 0.0000e+00
     -0.068      0.018     7.5480     96.494     37.766  40.060135     2.5051      8.996   158.7253 2.0977e+03     6.0750     -0.067     -0.097    28.0430   996.2419 0.0000e+00
     -0.063      0.011     7.7613     99.231     37.762  40.061166     2.5002      8.994   141.5278 2.0789e+03     6.0680     -0.061     -0.088    28.0408   996.2426 0.0000e+00
     -0.058      0.002     7.9186    101.254     37.769  40.073746     2.5051      8.994   131.3939 2.0816e+03     6.0810     -0.057     -0.082    28.0332   996.2448 0.0000e+00
     -0.058     -0.005     7.9738    101.974     37.775  40.085274     2.5045      8.994   130.4109 2.0890e+03     6.0690     -0.056     -0.081    28.0278   996.2464 0.0000e+00
     -0.063     -0.010     7.9391    101.542     37.758  40.073594     2.5006      8.993   130.3301 2.0867e+03     6.0218     -0.060     -0.087    28.0295   996.2458 0.0000e+00
     -0.071     -0.011     7.8556    100.490     37.739  40.059504     2.5016      8.990   130.4169 2.0779e+03     6.0016     -0.069     -0.101    28.0368   996.2437 0.0000e+00
     -0.079     -0.010     7.7871     99.627     37.718  40.041885     2.4729      8.988   130.7715 2.0744e+03     6.0202     -0.079     -0.115    28.0445   996.2414 0.0000e+00
     -0.082     -0.007     7.7734     99.458     37.664  39.987532     2.4138      8.987   132.2949 2.0771e+03     6.0505     -0.082     -0.119    28.0514   996.2395 0.0000e+00
     -0.079     -0.004     7.8020     99.828     37.590  39.910189     2.3763      8.989   144.5345 2.0816e+03     6.0410     -0.077     -0.111    28.0582   996.2376 0.0000e+00
     -0.075     -0.001     7.8534    100.493     37.547  39.868520     2.3664      8.989   166.9940 2.0859e+03     6.0035     -0.071     -0.104    28.0677   996.2349 0.0000e+00
     -0.073      0.000     7.9236    101.404     37.539  39.864620     2.3558      8.986   180.5791 2.0845e+03     6.0223     -0.070     -0.102    28.0770   996.2323 0.0000e+00
     -0.076      0.000     8.0016    102.405     37.535  39.863036     2.3339      8.981   183.6896 2.0784e+03     6.0392     -0.074     -0.106    28.0792   996.2316 0.0000e+00
     -0.080     -0.001     8.0621    103.170     37.526  39.849375     2.3186      8.978   184.7281 2.0759e+03     6.0115     -0.079     -0.115    28.0788   996.2317 0.0000e+00
