Data/DataNotYetUploadedToEDI/Raw_CTD/2019_RawDownloads/081919_fcr45.cnv
* Sea-Bird SBE19plus  Data File:
* FileName = C:\DATA\081919_fcr_0006.hex
* Software version 2.8.0.119 SB_Terminal.dll
* Temperature SN = 7809
* Conductivity SN = 7809
* System UpLoad Time = Aug 20 2019 10:49:46
* <ApplicationData>
* <Seaterm232>
# nquan = 16
# nvalues = 804                         
# units = specified
# name 0 = depFM: Depth [fresh water, m]
# name 1 = dz/dtM: Descent Rate [m/s]
# name 2 = sbeox0Mg/L: Oxygen, SBE 43 [mg/l]
# name 3 = sbeox0PS: Oxygen, SBE 43 [% saturation]
# name 4 = specc: Specific Conductance [uS/cm]
# name 5 = c0uS/cm: Conductivity [uS/cm]
# name 6 = flECO-AFL: Fluorescence, WET Labs ECO-AFL/FL [mg/m^3]
# name 7 = ph: pH
# name 8 = orp: Oxidation Reduction Potential [mV]
# name 9 = par/sat/log: PAR/Logarithmic, Satlantic
# name 10 = turbWETntu0: Turbidity, WET Labs ECO [NTU]
# name 11 = prdM: Pressure, Strain Gauge [db]
# name 12 = prdE: Pressure, Strain Gauge [psi]
# name 13 = tv290C: Temperature [ITS-90, deg C]
# name 14 = density00: Density [density, kg/m^3]
# name 15 = flag:  0.000e+00
# span 0 =     -0.550,      6.688       
# span 1 =     -0.009,      0.177       
# span 2 =     0.0902,    11.3178       
# span 3 =      0.867,    144.562       
# span 4 =      3.661,     75.636       
# span 5 =   3.409684,  58.888378       
# span 6 =    -0.6347,    12.9549       
# span 7 =      7.395,      9.127       
# span 8 =    82.6988,   252.7003       
# span 9 = 1.2354e-01, 1.8111e+03       
# span 10 =    -5.8443,    34.5588      
# span 11 =     -0.540,      6.559      
# span 12 =     -0.783,      9.513      
# span 13 =    11.9055,    28.3619      
# span 14 =   996.1509,   999.5618      
# span 15 = 0.0000e+00, 0.0000e+00      
# interval = seconds: 0.25
# start_time = Aug 19 2019 11:44:57 [Instrument's time stamp, header]
# bad_flag = -9.990e-29
*END*
[from data line 272]
      1.005      0.058     9.9168    124.478     37.828  39.349262     3.6545      9.110   190.1312 2.5342e+02     6.1595      0.986      1.430    27.0839   996.5154 0.0000e+00
      1.017      0.049     9.8902    124.132     37.820  39.336472     3.6472      9.111   190.1791 2.4940e+02     6.0000      0.998      1.447    27.0489   996.5250 0.0000e+00
      1.025      0.042     9.8780    123.971     37.835  39.347901     3.6650      9.111   190.3643 2.4679e+02     6.0291      1.005      1.457    27.0177   996.5336 0.0000e+00
      1.032      0.038     9.8766    123.959     37.845  39.360484     3.6789      9.110   190.5640 2.4376e+02     6.0530      1.011      1.466    27.0046   996.5374 0.0000e+00
      1.040      0.035     9.8829    124.046     37.843  39.361648     3.6853      9.110   190.7012 2.4057e+02     6.0267      1.020      1.480    27.0064   996.5368 0.0000e+00
      1.050      0.033     9.8948    124.198     37.842  39.361980     3.6903      9.111   190.8184 2.3723e+02     6.0058      1.030      1.494    26.9971   996.5394 0.0000e+00
      1.060      0.031     9.9092    124.370     37.847  39.364496     3.6963      9.111   190.8623 2.3376e+02     6.0302      1.042      1.510    26.9904   996.5414 0.0000e+00
      1.070      0.031     9.9261    124.555     37.882  39.392069     3.6880      9.112   190.8880 2.3147e+02     6.1256      1.052      1.525    26.9964   996.5398 0.0000e+00
      1.075      0.031     9.9493    124.795     37.947  39.441422     3.6681      9.112   191.0425 2.3014e+02     6.2406      1.055      1.530    27.0010   996.5385 0.0000e+00
      1.079      0.035     9.9790    125.105     37.979  39.453343     3.6639      9.111   191.4403 2.2803e+02     6.2746      1.056      1.532    27.0026   996.5380 0.0000e+00
      1.085      0.044    10.0105    125.435     37.958  39.409221     3.6627      9.109   191.9123 2.2465e+02     6.2412      1.063      1.540    27.0015   996.5383 0.0000e+00
      1.095      0.056    10.0426    125.735     37.874  39.288791     3.6801      9.106   192.1888 2.2014e+02     6.3284      1.073      1.556    26.9911   996.5413 0.0000e+00
      1.110      0.069    10.0839    126.066     37.729  39.076350     3.7354      9.104   192.3744 2.1343e+02     6.5744      1.086      1.575    26.9647   996.5486 0.0000e+00
      1.131      0.077    10.1462    126.584     37.615  38.871865     3.7759      9.103   192.6075 2.0427e+02     6.7256      1.106      1.605    26.9320   996.5577 0.0000e+00
      1.160      0.079    10.2274    127.323     37.617  38.784101     3.7804      9.105   192.8565 1.9434e+02     6.7146      1.138      1.650    26.9100   996.5639 0.0000e+00
      1.189      0.074    10.3191    128.248     37.678  38.776814     3.7632      9.107   193.0616 1.8619e+02     6.6372      1.169      1.695    26.8766   996.5731 0.0000e+00
      1.210      0.065    10.4274    129.463     37.664  38.720173     3.7409      9.108   193.2810 1.8158e+02     6.4458      1.191      1.727    26.7931   996.5960 0.0000e+00
      1.222      0.055    10.5602    131.030     37.579  38.607024     3.7280      9.108   193.4441 1.7982e+02     6.2032      1.200      1.742    26.6667   996.6304 0.0000e+00
      1.227      0.046    10.7130    132.852     37.485  38.487836     3.7198      9.107   193.4854 1.7845e+02     6.0963      1.202      1.744    26.5351   996.6661 0.0000e+00
      1.232      0.039    10.8707    134.724     37.383  38.358171     3.7113      9.105   193.6081 1.7571e+02     6.0704      1.207      1.750    26.4353   996.6931 0.0000e+00
      1.242      0.034    11.0125    136.370     37.368  38.308772     3.7029      9.104   193.8090 1.7208e+02     6.0219      1.218      1.766    26.3888   996.7057 0.0000e+00
      1.255      0.030    11.1199    137.591     37.488  38.398320     3.6967      9.104   193.9354 1.6858e+02     6.0010      1.231      1.786    26.3618   996.7130 0.0000e+00
      1.267      0.026    11.1846    138.350     37.651  38.552153     3.6976      9.103   194.0177 1.6626e+02     6.0146      1.244      1.805    26.3300   996.7216 0.0000e+00
      1.273      0.020    11.2042    138.650     37.787  38.708740     3.7043      9.103   194.1159 1.6554e+02     6.0225      1.251      1.815    26.3033   996.7288 0.0000e+00
      1.275      0.015    11.1783    138.457     37.869  38.831632     3.7436      9.102   194.2622 1.6546e+02     5.9650      1.251      1.814    26.2528   996.7422 0.0000e+00
      1.275      0.010    11.1164    137.835     37.888  38.895468     3.8252      9.101   194.4100 1.6548e+02     5.8435      1.250      1.813    26.1957   996.7577 0.0000e+00
      1.275      0.008    11.0401    137.018     37.863  38.909345     3.8853      9.101   194.4410 1.6548e+02     5.7664      1.250      1.813    26.1759   996.7630 0.0000e+00
      1.275      0.009    10.9731    136.274     37.801  38.872515     3.9063      9.101   194.4642 1.6474e+02     5.7861      1.249      1.812    26.2028   996.7559 0.0000e+00
      1.278      0.011    10.9290    135.759     37.690  38.767601     3.9308      9.101   194.5181 1.6338e+02     5.8851      1.253      1.817    26.2630   996.7398 0.0000e+00
      1.283      0.015    10.9095    135.495     37.588  38.656511     3.9654      9.101   194.6631 1.6221e+02     5.9807      1.259      1.827    26.3252   996.7232 0.0000e+00
      1.288      0.019    10.9110    135.442     37.501  38.544977     3.9871      9.101   194.8413 1.6104e+02     5.9916      1.263      1.832    26.3811   996.7081 0.0000e+00
      1.292      0.021    10.9309    135.574     37.366  38.371192     4.0021      9.101   194.7788 1.5973e+02     5.9836      1.267      1.837    26.4189   996.6979 0.0000e+00
      1.297      0.022    10.9618    135.808     37.249  38.205648     4.0166      9.102   194.7682 1.5822e+02     6.1137      1.271      1.845    26.4311   996.6946 0.0000e+00
      1.304      0.021    10.9940    136.037     37.225  38.130271     4.0153      9.104   194.9710 1.5628e+02     6.3524      1.278      1.853    26.4213   996.6972 0.0000e+00
      1.312      0.019    11.0185    136.190     37.297  38.157980     4.0038      9.104   195.0798 1.5443e+02     6.4774      1.287      1.866    26.3915   996.7052 0.0000e+00
      1.318      0.018    11.0193    136.123     37.446  38.286693     3.9992      9.103   195.2239 1.5328e+02     6.4774      1.293      1.877    26.3433   996.7182 0.0000e+00
      1.321      0.018    10.9854    135.723     37.567  38.416954     4.0121      9.102   195.5945 1.5307e+02     6.4514      1.296      1.880    26.2810   996.7349 0.0000e+00
      1.321      0.020    10.9183    134.977     37.526  38.399944     4.0559      9.098   195.8620 1.5317e+02     6.3260      1.296      1.880    26.2079   996.7545 0.0000e+00
      1.323      0.024    10.8272    133.931     37.376  38.271497     4.1114      9.093   195.8764 1.5229e+02     6.1090      1.296      1.880    26.1361   996.7738 0.0000e+00
      1.329      0.028    10.7242    132.674     37.299  38.196976     4.1373      9.089   195.8545 1.4970e+02     5.9900      1.301      1.886    26.1013   996.7831 0.0000e+00
      1.340      0.030    10.6229    131.397     37.306  38.197171     4.1521      9.088   196.0270 1.4597e+02     6.0016      1.312      1.903    26.1143   996.7797 0.0000e+00
      1.355      0.031    10.5430    130.381     37.266  38.146883     4.2988      9.087   196.4132 1.4312e+02     6.0852      1.331      1.930    26.1579   996.7681 0.0000e+00
      1.365      0.031    10.4997    129.786     37.111  37.969799     4.5678      9.085   196.8248 1.4193e+02     6.2149      1.342      1.945    26.2057   996.7553 0.0000e+00
      1.370      0.030    10.4857    129.479     36.956  37.769903     4.7078      9.081   197.3042 1.4139e+02     6.2909      1.344      1.949    26.2050   996.7556 0.0000e+00
      1.373      0.030    10.4764    129.163     36.885  37.634166     4.7254      9.076   197.7350 1.4061e+02     6.2839      1.346      1.952    26.1830   996.7615 0.0000e+00
      1.377      0.031    10.4525    128.658     36.853  37.534555     4.9194      9.067   197.9903 1.3902e+02     6.1955      1.350      1.957    26.1832   996.7614 0.0000e+00
      1.385      0.035    10.4099    127.965     36.826  37.454062     5.2859      9.058   198.5836 1.3659e+02     6.0748      1.358      1.969    26.1633   996.7667 0.0000e+00
      1.397      0.040    10.3561    127.140     36.784  37.359071     5.4894      9.049   199.6602 1.3388e+02     6.0364      1.370      1.988    26.1070   996.7817 0.0000e+00
      1.410      0.045    10.2862    126.065     36.770  37.274591     5.5059      9.039   200.7696 1.3145e+02     6.0260      1.384      2.007    26.0118   996.8070 0.0000e+00
      1.422      0.047    10.1769    124.480     36.832  37.257677     5.5637      9.030   201.9298 1.2910e+02     5.8181      1.395      2.023    25.9066   996.8350 0.0000e+00
      1.435      0.046    10.0149    122.290     36.923  37.281394     5.6942      9.021   203.2773 1.2631e+02     5.4894      1.406      2.039    25.8442   996.8517 0.0000e+00
      1.448      0.043     9.8007    119.535     36.995  37.307357     5.7747      9.011   204.4999 1.2372e+02     5.3623      1.421      2.061    25.7898   996.8660 0.0000e+00
      1.460      0.039     9.5481    116.392     37.026  37.317620     5.7921      9.001   205.4417 1.2195e+02     5.3625      1.433      2.079    25.6871   996.8930 0.0000e+00
      1.468      0.037     9.2760    113.072     36.988  37.278504     5.8520      8.990   206.1476 1.2065e+02     5.2294      1.441      2.090    25.5652   996.9252 0.0000e+00
      1.475      0.036     8.9951    109.642     36.928  37.215249     5.9531      8.978   206.1510 1.1942e+02     4.9985      1.447      2.099    25.4696   996.9501 0.0000e+00
      1.482      0.036     8.7227    106.277     36.917  37.187554     6.0088      8.966   205.6547 1.1796e+02     4.8646      1.453      2.107    25.4038   996.9673 0.0000e+00
      1.491      0.038     8.4846    103.322     36.948  37.197516     6.0226      8.954   206.0842 1.1595e+02     4.8553      1.461      2.119    25.3732   996.9753 0.0000e+00
      1.502      0.041     8.3065    101.101     36.979  37.208716     6.0239      8.942   206.7839 1.1355e+02     4.8534      1.473      2.136    25.3895   996.9712 0.0000e+00
      1.514      0.044     8.1951     99.678     36.994  37.196003     5.9981      8.930   206.5429 1.1138e+02     4.6782      1.486      2.155    25.3948   996.9698 0.0000e+00
      1.526      0.048     8.1255     98.752     37.001  37.170700     5.9626      8.917   206.8700 1.0940e+02     4.3757      1.496      2.170    25.3594   996.9790 0.0000e+00
      1.537      0.051     8.0655     97.953     37.015  37.156626     5.9511      8.905   208.1577 1.0730e+02     4.2107      1.507      2.187    25.3291   996.9869 0.0000e+00
      1.550      0.053     8.0026     97.121     37.040  37.152750     5.9544      8.894   209.1197 1.0506e+02     4.1902      1.519      2.205    25.3092   996.9922 0.0000e+00
      1.565      0.055     7.9292     96.143     37.048  37.123789     5.8893      8.884   209.4672 1.0274e+02     4.0959      1.533      2.225    25.2715   997.0020 0.0000e+00
      1.580      0.055     7.8311     94.848     37.029  37.060302     5.7539      8.875   209.6923 1.0047e+02     3.8896      1.550      2.248    25.2180   997.0159 0.0000e+00
      1.595      0.054     7.7061     93.215     37.040  37.019812     5.6690      8.867   210.1209 9.8052e+01     3.7604      1.563      2.267    25.1841   997.0247 0.0000e+00
      1.610      0.052     7.5561     91.288     37.085  37.014983     5.6515      8.860   210.6058 9.5573e+01     3.7140      1.579      2.290    25.1516   997.0332 0.0000e+00
      1.625      0.049     7.3772     89.032     37.115  37.001841     5.6125      8.852   211.1672 9.3708e+01     3.5906      1.594      2.313    25.0999   997.0465 0.0000e+00
      1.636      0.046     7.1733     86.497     37.136  36.987806     5.5359      8.845   211.8318 9.2344e+01     3.4150      1.604      2.327    25.0406   997.0618 0.0000e+00
      1.646      0.043     6.9456     83.706     37.141  36.972174     5.4960      8.839   212.4470 9.1037e+01     3.3270      1.614      2.341    24.9652   997.0812 0.0000e+00
      1.655      0.041     6.6935     80.643     37.120  36.939747     5.5039      8.832   212.9271 8.9698e+01     3.2811      1.623      2.354    24.8942   997.0994 0.0000e+00
      1.664      0.040     6.4304     77.433     37.115  36.913087     5.5705      8.825   213.3348 8.8164e+01     3.1871      1.631      2.366    24.8409   997.1130 0.0000e+00
      1.675      0.040     6.1661     74.187     37.141  36.903702     5.6940      8.818   213.7628 8.6569e+01     3.0759      1.643      2.383    24.7893   997.1262 0.0000e+00
      1.687      0.040     5.9076     71.013     37.163  36.889688     5.7744      8.812   214.1443 8.5044e+01     3.0176      1.654      2.400    24.7576   997.1343 0.0000e+00
      1.698      0.039     5.6696     68.099     37.175  36.870530     5.8141      8.807   214.5059 8.3764e+01     3.0069      1.665      2.416    24.7573   997.1344 0.0000e+00
      1.707      0.039     5.4658     65.600     37.197  36.862441     6.0528      8.802   214.9516 8.2811e+01     2.9796      1.675      2.430    24.7324   997.1409 0.0000e+00
      1.716      0.040     5.2978     63.538     37.219  36.855312     6.4849      8.795   215.3176 8.1793e+01     2.9171      1.682      2.440    24.6713   997.1564 0.0000e+00
      1.725      0.041     5.1514     61.744     37.237  36.847766     6.7211      8.788   215.5742 8.0619e+01     2.8405      1.691      2.453    24.6242   997.1683 0.0000e+00
      1.735      0.044     5.0110     60.030     37.245  36.834639     6.7409      8.780   215.9029 7.9337e+01     2.8074      1.701      2.467    24.5855   997.1781 0.0000e+00
      1.747      0.046     4.8696     58.306     37.254  36.823506     6.7500      8.772   216.1953 7.7860e+01     2.8118      1.713      2.483    24.5436   997.1887 0.0000e+00
      1.760      0.048     4.7214     56.503     37.292  36.840082     6.8579      8.765   216.4423 7.6343e+01     2.7632      1.727      2.505    24.5033   997.1989 0.0000e+00
      1.774      0.049     4.5622     54.577     37.312  36.844606     7.0483      8.758   216.8248 7.4954e+01     2.6787      1.740      2.524    24.4685   997.2078 0.0000e+00
      1.788      0.049     4.3931     52.547     37.286  36.814710     7.1444      8.751   217.2923 7.3659e+01     2.6415      1.753      2.542    24.4433   997.2142 0.0000e+00
      1.799      0.050     4.2143     50.407     37.269  36.795972     7.1528      8.744   217.7070 7.2524e+01     2.6414      1.765      2.560    24.4172   997.2207 0.0000e+00
      1.810      0.051     4.0280     48.166     37.292  36.808458     7.2017      8.737   217.9670 7.1403e+01     2.6122      1.774      2.573    24.3856   997.2287 0.0000e+00
      1.822      0.051     3.8430     45.935     37.340  36.838721     7.2931      8.730   218.1132 6.9977e+01     2.5497      1.785      2.590    24.3604   997.2350 0.0000e+00
      1.837      0.051     3.6749     43.910     37.360  36.844488     7.3473      8.723   218.3555 6.8415e+01     2.5090      1.801      2.612    24.3603   997.2351 0.0000e+00
      1.852      0.051     3.5403     42.292     37.339  36.814693     7.3633      8.716   218.7453 6.7046e+01     2.4809      1.817      2.636    24.3665   997.2337 0.0000e+00
      1.867      0.051     3.4419     41.107     37.329  36.795825     7.3910      8.710   219.1276 6.6023e+01     2.4059      1.832      2.657    24.3491   997.2381 0.0000e+00
      1.878      0.051     3.3683     40.212     37.357  36.806762     7.4309      8.704   219.3639 6.5223e+01     2.2913      1.842      2.671    24.3199   997.2454 0.0000e+00
