Data/DataNotYetUploadedToEDI/Raw_CTD/2019_RawDownloads/081919_fcr45.cnv
* Sea-Bird SBE19plus  Data File:
* FileName = C:\DATA\081919_fcr_0006.hex
* Software version 2.8.0.119 SB_Terminal.dll
* Temperature SN = 7809
* Conductivity SN = 7809
* System UpLoad Time = Aug 20 2019 10:49:46
* <ApplicationData>
* <Seaterm232>
# nquan = 16
# nvalues = 804                         
# units = specified
# name 0 = depFM: Depth [fresh water, m]
# name 1 = dz/dtM: Descent Rate [m/s]
# name 2 = sbeox0Mg/L: Oxygen, SBE 43 [mg/l]
# name 3 = sbeox0PS: Oxygen, SBE 43 [% saturation]
# name 4 = specc: Specific Conductance [uS/cm]
# name 5 = c0uS/cm: Conductivity [uS/cm]
# name 6 = flECO-AFL: Fluorescence, WET Labs ECO-AFL/FL [mg/m^3]
# name 7 = ph: pH
# name 8 = orp: Oxidation Reduction Potential [mV]
# name 9 = par/sat/log: PAR/Logarithmic, Satlantic
# name 10 = turbWETntu0: Turbidity, WET Labs ECO [NTU]
# name 11 = prdM: Pressure, Strain Gauge [db]
# name 12 = prdE: Pressure, Strain Gauge [psi]
# name 13 = tv290C: Temperature [ITS-90, deg C]
# name 14 = density00: Density [density, kg/m^3]
# name 15 = flag:  0.000e+00
# span 0 =     -0.550,      6.688       
# span 1 =     -0.009,      0.177       
# span 2 =     0.0902,    11.3178       
# span 3 =      0.867,    144.562       
# span 4 =      3.661,     75.636       
# span 5 =   3.409684,  58.888378       
# span 6 =    -0.6347,    12.9549       
# span 7 =      7.395,      9.127       
# span 8 =    82.6988,   252.7003       
# span 9 = 1.2354e-01, 1.8111e+03       
# span 10 =    -5.8443,    34.5588      
# span 11 =     -0.540,      6.559      
# span 12 =     -0.783,      9.513      
# span 13 =    11.9055,    28.3619      
# span 14 =   996.1509,   999.5618      
# span 15 = 0.0000e+00, 0.0000e+00      
# interval = seconds: 0.25
# start_time = Aug 19 2019 11:44:57 [Instrument's time stamp, header]
# bad_flag = -9.990e-29
*END*
[from data line 362]
      1.899      0.052     3.2405     38.638     37.429  36.828429     7.4549      8.687   220.1111 6.3243e+01     2.2697      1.861      2.700    24.2931   997.2522 0.0000e+00
      1.914      0.056     3.1803     37.893     37.478  36.845628     7.3892      8.678   220.5315 6.2040e+01     2.2976      1.876      2.721    24.2851   997.2543 0.0000e+00
      1.929      0.061     3.1221     37.163     37.509  36.837456     7.2765      8.670   220.6629 6.0811e+01     2.2837      1.893      2.745    24.2616   997.2602 0.0000e+00
      1.944      0.065     3.0475     36.235     37.509  36.793032     7.2270      8.665   220.7528 5.9527e+01     2.2659      1.907      2.765    24.2277   997.2687 0.0000e+00
      1.961      0.067     2.9423     34.944     37.516  36.752753     7.2333      8.659   220.9308 5.8123e+01     2.2797      1.922      2.788    24.1928   997.2775 0.0000e+00
      1.981      0.066     2.8037     33.257     37.545  36.731212     7.3181      8.653   221.0940 5.6729e+01     2.2211      1.943      2.818    24.1550   997.2870 0.0000e+00
      2.001      0.065     2.6320     31.183     37.586  36.722927     7.4814      8.648   221.1772 5.5495e+01     2.0810      1.964      2.848    24.1027   997.3001 0.0000e+00
      2.018      0.062     2.4236     28.684     37.621  36.715979     7.5693      8.642   221.2480 5.4437e+01     1.9945      1.980      2.872    24.0404   997.3156 0.0000e+00
      2.032      0.058     2.1684     25.642     37.651  36.710619     7.5745      8.636   221.4339 5.3568e+01     1.9955      1.994      2.891    23.9777   997.3311 0.0000e+00
      2.045      0.054     1.8703     22.101     37.692  36.721549     7.5702      8.630   221.6179 5.2737e+01     2.0266      2.005      2.908    23.9106   997.3476 0.0000e+00
      2.058      0.052     1.5562     18.379     37.717  36.721137     7.4824      8.624   221.6657 5.1890e+01     2.0429      2.018      2.928    23.8430   997.3643 0.0000e+00
      2.070      0.052     1.2529     14.791     37.720  36.705599     7.3104      8.618   221.6685 5.1215e+01     2.0294      2.031      2.946    23.7869   997.3781 0.0000e+00
      2.082      0.052     0.9793     11.557     37.750  36.724074     7.2158      8.613   221.6521 5.0519e+01     1.9936      2.040      2.959    23.7434   997.3888 0.0000e+00
      2.095      0.052     0.7503      8.852     37.789  36.754080     7.1882      8.607   221.6392 4.9521e+01     1.9716      2.052      2.977    23.7047   997.3983 0.0000e+00
      2.111      0.050     0.5695      6.717     37.794  36.751027     6.8988      8.601   221.7703 4.8493e+01     1.9930      2.070      3.004    23.6713   997.4065 0.0000e+00
      2.126      0.047     0.4367      5.151     37.798  36.750621     6.3609      8.595   222.0323 4.7694e+01     1.9900      2.086      3.027    23.6460   997.4128 0.0000e+00
      2.138      0.042     0.3520      4.152     37.795  36.749164     6.0679      8.589   222.3123 4.7092e+01     1.9346      2.098      3.043    23.6341   997.4157 0.0000e+00
      2.148      0.037     0.3040      3.586     37.775  36.733423     6.0442      8.583   222.5749 4.6694e+01     1.9135      2.109      3.058    23.6243   997.4181 0.0000e+00
      2.155      0.032     0.2804      3.307     37.798  36.750715     6.0576      8.576   222.7986 4.6444e+01     1.9313      2.114      3.066    23.6127   997.4210 0.0000e+00
      2.160      0.029     0.2819      3.324     37.829  36.767812     6.0825      8.570   222.9518 4.6142e+01     1.9530      2.117      3.070    23.6068   997.4224 0.0000e+00
      2.166      0.029     0.3057      3.602     37.834  36.749710     6.0853      8.564   223.0505 4.5709e+01     1.9790      2.124      3.080    23.6086   997.4220 0.0000e+00
      2.174      0.031     0.3430      4.038     37.842  36.722230     6.0568      8.559   223.1315 4.5271e+01     1.9844      2.133      3.094    23.6220   997.4188 0.0000e+00
      2.182      0.035     0.3895      4.580     37.851  36.689387     5.8674      8.554   223.1566 4.4846e+01     1.9851      2.140      3.103    23.6131   997.4210 0.0000e+00
      2.191      0.040     0.4368      5.132     37.872  36.669914     5.5289      8.551   223.1826 4.4323e+01     1.9878      2.147      3.113    23.5939   997.4257 0.0000e+00
      2.202      0.044     0.4753      5.580     37.916  36.677148     5.3461      8.546   223.2739 4.3710e+01     1.9835      2.159      3.130    23.5715   997.4312 0.0000e+00
      2.214      0.047     0.4993      5.858     37.978  36.713333     5.3214      8.541   223.3997 4.3080e+01     1.9985      2.171      3.149    23.5150   997.4449 0.0000e+00
      2.227      0.049     0.5051      5.924     38.076  36.790023     5.3168      8.534   223.4992 4.2449e+01     2.0053      2.183      3.167    23.4579   997.4587 0.0000e+00
      2.241      0.049     0.4931      5.779     38.160  36.842697     5.3421      8.528   223.5297 4.1838e+01     2.0006      2.198      3.188    23.4090   997.4706 0.0000e+00
      2.255      0.045     0.4688      5.489     38.202  36.842383     5.3677      8.523   223.5970 4.1234e+01     2.0080      2.212      3.208    23.3539   997.4840 0.0000e+00
      2.269      0.039     0.4379      5.123     38.250  36.849638     5.3751      8.517   223.7965 4.0698e+01     2.0289      2.225      3.227    23.3246   997.4911 0.0000e+00
      2.279      0.033     0.4049      4.733     38.292  36.866893     5.3792      8.512   223.9627 4.0366e+01     2.0563      2.236      3.244    23.3135   997.4939 0.0000e+00
      2.285      0.029     0.3739      4.370     38.291  36.860555     5.4259      8.507   224.0580 4.0237e+01     2.0448      2.242      3.252    23.2756   997.5029 0.0000e+00
      2.287      0.029     0.3493      4.084     38.253  36.836475     5.5150      8.503   224.2606 4.0188e+01     2.0203      2.243      3.253    23.2128   997.5180 0.0000e+00
      2.290      0.033     0.3325      3.889     38.227  36.829645     5.5645      8.498   224.4337 4.0015e+01     2.0230      2.244      3.255    23.1548   997.5320 0.0000e+00
      2.297      0.039     0.3215      3.760     38.239  36.841478     5.5726      8.494   224.4301 3.9488e+01     2.0112      2.250      3.264    23.1253   997.5389 0.0000e+00
      2.310      0.045     0.3157      3.690     38.344  36.916081     5.6917      8.489   224.3894 3.8691e+01     2.0416      2.263      3.283    23.1183   997.5407 0.0000e+00
      2.327      0.050     0.3149      3.677     38.572  37.096886     5.9291      8.484   224.4570 3.7886e+01     2.1606      2.282      3.310    23.1372   997.5362 0.0000e+00
      2.345      0.050     0.3167      3.695     38.836  37.313723     6.0766      8.480   224.6455 3.7175e+01     2.2711      2.301      3.337    23.1780   997.5266 0.0000e+00
      2.360      0.049     0.3198      3.729     39.071  37.506607     6.1219      8.475   224.8610 3.6665e+01     2.2962      2.315      3.359    23.1821   997.5257 0.0000e+00
      2.370      0.046     0.3241      3.774     39.260  37.651680     6.3551      8.470   225.0843 3.6382e+01     2.2676      2.325      3.372    23.1365   997.5366 0.0000e+00
      2.377      0.044     0.3261      3.794     39.392  37.734754     6.7810      8.465   225.2807 3.6120e+01     2.2529      2.331      3.379    23.0802   997.5501 0.0000e+00
      2.385      0.042     0.3235      3.761     39.448  37.749272     7.0151      8.461   225.3426 3.5704e+01     2.2489      2.337      3.390    23.0307   997.5620 0.0000e+00
      2.396      0.042     0.3164      3.675     39.423  37.700207     7.0790      8.458   225.3170 3.5156e+01     2.2529      2.349      3.408    22.9951   997.5706 0.0000e+00
      2.411      0.043     0.3047      3.538     39.380  37.649286     7.4835      8.454   225.3145 3.4636e+01     2.3011      2.365      3.431    22.9511   997.5811 0.0000e+00
      2.423      0.044     0.2885      3.350     39.373  37.641384     8.2035      8.449   225.3995 3.4285e+01     2.4056      2.378      3.450    22.8884   997.5960 0.0000e+00
      2.432      0.047     0.2682      3.115     39.466  37.731614     8.5977      8.444   225.6564 3.4037e+01     2.4669      2.386      3.461    22.8352   997.6086 0.0000e+00
      2.441      0.049     0.2461      2.858     39.800  38.042013     8.6432      8.439   226.0108 3.3695e+01     2.4524      2.392      3.469    22.8025   997.6163 0.0000e+00
      2.453      0.052     0.2252      2.613     40.351  38.537916     8.7277      8.434   226.2423 3.3182e+01     2.4600      2.403      3.486    22.7919   997.6187 0.0000e+00
      2.468      0.057     0.2089      2.421     40.787  38.903159     8.8731      8.428   226.3911 3.2557e+01     2.4601      2.419      3.509    22.7955   997.6180 0.0000e+00
      2.485      0.060     0.1979      2.291     40.779  38.839762     8.9452      8.423   226.6061 3.1920e+01     2.4541      2.437      3.535    22.8005   997.6169 0.0000e+00
      2.502      0.061     0.1901      2.198     40.509  38.533053     8.9661      8.418   226.7764 3.1355e+01     2.4856      2.455      3.561    22.7973   997.6179 0.0000e+00
      2.519      0.061     0.1837      2.122     40.444  38.432140     9.2038      8.412   226.8154 3.0849e+01     2.4801      2.470      3.584    22.7593   997.6270 0.0000e+00
      2.535      0.060     0.1776      2.049     40.702  38.635253    10.0857      8.406   226.9060 3.0401e+01     2.4539      2.487      3.608    22.6862   997.6444 0.0000e+00
      2.548      0.060     0.1728      1.991     41.104  38.957494    11.2535      8.401   227.0973 3.0006e+01     2.4642      2.500      3.626    22.6137   997.6615 0.0000e+00
      2.561      0.060     0.1690      1.945     41.593  39.344714    11.7924      8.397   227.2350 2.9545e+01     2.4733      2.509      3.640    22.5498   997.6762 0.0000e+00
      2.576      0.062     0.1632      1.874     42.463  40.079462    11.8416      8.393   227.2809 2.8982e+01     2.4656      2.525      3.663    22.5080   997.6860 0.0000e+00
      2.594      0.066     0.1558      1.786     43.594  41.048394    11.9526      8.388   227.3082 2.8428e+01     2.4695      2.544      3.690    22.4690   997.6951 0.0000e+00
      2.611      0.071     0.1498      1.713     44.285  41.600574    12.1376      8.383   227.3931 2.7950e+01     2.4867      2.560      3.714    22.3897   997.7137 0.0000e+00
      2.628      0.073     0.1462      1.668     44.532  41.740285    12.2405      8.378   227.5328 2.7413e+01     2.4772      2.576      3.737    22.2963   997.7354 0.0000e+00
      2.648      0.073     0.1445      1.645     44.807  41.912145    12.2175      8.373   227.7064 2.6688e+01     2.4529      2.596      3.764    22.1965   997.7586 0.0000e+00
      2.670      0.069     0.1429      1.624     45.078  42.091160    11.7117      8.368   227.7709 2.5917e+01     2.3900      2.619      3.799    22.0763   997.7866 0.0000e+00
      2.691      0.063     0.1407      1.597     45.110  42.063445    10.7812      8.362   227.5384 2.5298e+01     2.2737      2.641      3.831    21.9605   997.8132 0.0000e+00
      2.707      0.054     0.1399      1.587     44.974  41.894414    10.2779      8.356   227.1324 2.4817e+01     2.2261      2.656      3.852    21.8574   997.8366 0.0000e+00
      2.718      0.044     0.1414      1.603     44.862  41.761593    10.2652      8.348   226.7344 2.4427e+01     2.2415      2.667      3.868    21.7596   997.8588 0.0000e+00
      2.726      0.035     0.1424      1.613     44.843  41.727259    10.6357      8.342   226.0819 2.4151e+01     2.2300      2.675      3.880    21.6756   997.8777 0.0000e+00
      2.732      0.031     0.1411      1.598     44.858  41.733226    11.3238      8.337   225.0065 2.3952e+01     2.2184      2.678      3.884    21.6114   997.8921 0.0000e+00
      2.737      0.033     0.1401      1.588     44.829  41.706747    11.7013      8.332   223.9712 2.3798e+01     2.2314      2.684      3.893    21.5667   997.9020 0.0000e+00
      2.741      0.040     0.1401      1.588     44.767  41.661061    11.7588      8.325   223.0290 2.3618e+01     2.2559      2.688      3.899    21.5352   997.9090 0.0000e+00
      2.748      0.049     0.1394      1.580     44.786  41.688764    12.0274      8.317   221.7885 2.3197e+01     2.2863      2.691      3.903    21.5183   997.9127 0.0000e+00
      2.764      0.055     0.1371      1.554     44.910  41.787755    12.5039      8.310   220.1565 2.2476e+01     2.2708      2.707      3.926    21.5094   997.9148 0.0000e+00
      2.787      0.058     0.1335      1.511     45.018  41.842108    12.7517      8.303   218.1820 2.1751e+01     2.1997      2.735      3.966    21.5067   997.9155 0.0000e+00
      2.809      0.058     0.1296      1.466     45.067  41.837964    12.7604      8.296   216.2405 2.1269e+01     2.1798      2.758      4.000    21.5234   997.9119 0.0000e+00
      2.823      0.056     0.1266      1.431     45.127  41.864564    12.6356      8.291   214.8367 2.0984e+01     2.2280      2.770      4.018    21.5478   997.9065 0.0000e+00
      2.831      0.053     0.1248      1.410     45.325  42.036699    12.3869      8.285   213.9419 2.0775e+01     2.2576      2.776      4.027    21.5351   997.9095 0.0000e+00
      2.839      0.049     0.1229      1.388     45.660  42.331974    12.2420      8.278   213.1664 2.0507e+01     2.2430      2.782      4.035    21.4686   997.9243 0.0000e+00
      2.851      0.048     0.1217      1.374     45.963  42.577613    12.2274      8.271   212.3433 2.0090e+01     2.2149      2.794      4.052    21.4005   997.9393 0.0000e+00
      2.866      0.048     0.1216      1.371     46.176  42.720973    12.2453      8.266   211.5610 1.9611e+01     2.2126      2.811      4.077    21.3715   997.9458 0.0000e+00
      2.882      0.048     0.1206      1.359     46.320  42.795413    12.4318      8.261   211.1069 1.9216e+01     2.2809      2.828      4.101    21.3701   997.9463 0.0000e+00
      2.895      0.048     0.1199      1.350     46.356  42.779175    12.7744      8.257   210.9817 1.8918e+01     2.3854      2.841      4.120    21.3588   997.9490 0.0000e+00
      2.905      0.047     0.1201      1.350     46.322  42.715048    12.9549      8.253   210.7361 1.8658e+01     2.4269      2.849      4.133    21.3208   997.9574 0.0000e+00
      2.915      0.046     0.1198      1.345     46.292  42.654932    12.9144      8.248   210.2033 1.8398e+01     2.4229      2.857      4.144    21.2543   997.9722 0.0000e+00
      2.925      0.046     0.1190      1.334     46.338  42.623709    12.4237      8.241   209.6153 1.8088e+01     2.3697      2.867      4.158    21.1864   997.9871 0.0000e+00
      2.938      0.045     0.1190      1.331     46.516  42.654885    11.5395      8.235   209.3057 1.7726e+01     2.2751      2.881      4.178    21.1301   997.9994 0.0000e+00
      2.952      0.043     0.1184      1.320     46.749  42.714242    11.0494      8.231   209.2125 1.7367e+01     2.2301      2.894      4.199    21.0953   998.0072 0.0000e+00
      2.965      0.041     0.1172      1.302     46.951  42.769749    10.9110      8.227   208.9191 1.7090e+01     2.2177      2.908      4.219    21.0870   998.0090 0.0000e+00
      2.975      0.040     0.1168      1.296     47.096  42.817895     9.9347      8.222   208.3388 1.6938e+01     2.2569      2.920      4.235    21.0156   998.0246 0.0000e+00
      2.981      0.042     0.1172      1.300     47.174  42.851820     8.1586      8.218   207.7890 1.6839e+01     2.3430      2.924      4.241    20.8529   998.0598 0.0000e+00
      2.986      0.046     0.1185      1.315     47.186  42.862416     7.1917      8.213   207.4338 1.6646e+01     2.4075      2.927      4.246    20.6669   998.0997 0.0000e+00
      2.996      0.052     0.1199      1.330     47.193  42.882525     7.1390      8.208   207.1415 1.6281e+01     2.4470      2.936      4.258    20.5231   998.1304 0.0000e+00
