Data/DataNotYetUploadedToEDI/Raw_CTD/2019_RawDownloads/081919_fcr30.cnv
* Sea-Bird SBE19plus  Data File:
* FileName = C:\DATA\081919_fcr_0005.hex
* Software version 2.8.0.119 SB_Terminal.dll
* Temperature SN = 7809
* Conductivity SN = 7809
* System UpLoad Time = Aug 20 2019 10:49:22
* <ApplicationData>
* <Seaterm232>
# nquan = 16
# nvalues = 661                         
# units = specified
# name 0 = depFM: Depth [fresh water, m]
# name 1 = dz/dtM: Descent Rate [m/s]
# name 2 = sbeox0Mg/L: Oxygen, SBE 43 [mg/l]
# name 3 = sbeox0PS: Oxygen, SBE 43 [% saturation]
# name 4 = specc: Specific Conductance [uS/cm]
# name 5 = c0uS/cm: Conductivity [uS/cm]
# name 6 = flECO-AFL: Fluorescence, WET Labs ECO-AFL/FL [mg/m^3]
# name 7 = ph: pH
# name 8 = orp: Oxidation Reduction Potential [mV]
# name 9 = par/sat/log: PAR/Logarithmic, Satlantic
# name 10 = turbWETntu0: Turbidity, WET Labs ECO [NTU]
# name 11 = prdM: Pressure, Strain Gauge [db]
# name 12 = prdE: Pressure, Strain Gauge [psi]
# name 13 = tv290C: Temperature [ITS-90, deg C]
# name 14 = density00: Density [density, kg/m^3]
# name 15 = flag:  0.000e+00
# span 0 =     -0.555,      5.472       
# span 1 =     -0.011,      0.151       
# span 2 =     0.0961,    11.0731       
# span 3 =      0.906,    141.342       
# span 4 =      3.029,     86.667       
# span 5 =   3.072415,  68.003577       
# span 6 =    -0.8801,    13.6562       
# span 7 =      7.306,      9.155       
# span 8 =   -47.1383,   227.9987       
# span 9 = 5.0635e-01, 2.1656e+03       
# span 10 =    -4.8339,   106.5539      
# span 11 =     -0.545,      5.367      
# span 12 =     -0.791,      7.784      
# span 13 =    11.9869,    28.1145      
# span 14 =   996.2217,   999.5461      
# span 15 = 0.0000e+00, 0.0000e+00      
# interval = seconds: 0.25
# start_time = Aug 19 2019 11:39:37 [Instrument's time stamp, header]
# bad_flag = -9.990e-29
*END*
[from data line 543]
      4.408      0.057     0.0989      0.947     69.503  53.324622     3.2386      7.571   104.4310 2.4512e+00     2.3235      4.322      6.267    13.6442   999.3448 0.0000e+00
      4.423      0.055     0.1024      0.978     67.104  51.386003     3.2336      7.572   104.0632 2.3966e+00     2.2212      4.337      6.290    13.5742   999.3537 0.0000e+00
      4.439      0.055     0.1038      0.989     64.390  49.201076     3.2302      7.574   103.6602 2.3575e+00     2.2022      4.354      6.315    13.4990   999.3632 0.0000e+00
      4.454      0.055     0.1040      0.989     61.625  46.978231     3.2229      7.576   103.1716 2.3240e+00     2.2253      4.369      6.337    13.4236   999.3726 0.0000e+00
      4.466      0.054     0.1046      0.994     59.197  45.023651     3.1722      7.577   102.7156 2.2847e+00     2.2704      4.380      6.353    13.3581   999.3805 0.0000e+00
      4.479      0.052     0.1047      0.994     57.869  43.921102     3.0935      7.579   102.3631 2.2423e+00     2.2565      4.393      6.371    13.2872   999.3890 0.0000e+00
      4.493      0.050     0.1049      0.994     58.069  43.997942     3.0518      7.582   102.0924 2.2098e+00     2.2203      4.407      6.392    13.2025   999.3991 0.0000e+00
      4.506      0.050     0.1054      0.998     58.529  44.301698     3.0404      7.585   101.8521 2.1916e+00     2.2259      4.420      6.411    13.1092   999.4101 0.0000e+00
      4.517      0.049     0.1049      0.993     57.860  43.783856     3.0338      7.588   101.6943 2.1750e+00     2.2261      4.430      6.425    13.0200   999.4205 0.0000e+00
      4.529      0.047     0.1044      0.988     56.908  43.070500     3.0149      7.592   101.8193 2.1413e+00     2.2229      4.441      6.441    12.9397   999.4302 0.0000e+00
      4.543      0.045     0.1048      0.991     57.198  43.296188     2.9684      7.596   102.0734 2.1107e+00     2.2199      4.456      6.463    12.8733   999.4389 0.0000e+00
      4.556      0.043     0.1047      0.990     58.345  44.163266     2.9315      7.601   102.0990 2.1035e+00     2.2233      4.469      6.481    12.8314   999.4446 0.0000e+00
      4.566      0.041     0.1042      0.985     59.010  44.664681     2.9159      7.608   102.0434 2.0902e+00     2.2304      4.478      6.495    12.8267   999.4449 0.0000e+00
      4.575      0.041     0.1030      0.974     58.497  44.278914     2.8831      7.616   102.1739 2.0631e+00     2.2412      4.487      6.507    12.8419   999.4423 0.0000e+00
      4.583      0.041     0.1008      0.953     56.797  42.991352     2.8384      7.624   102.3870 2.0439e+00     2.2873      4.494      6.518    12.8471   999.4419 0.0000e+00
      4.592      0.042     0.0992      0.938     54.752  41.415059     2.8176      7.631   102.6410 2.0272e+00     2.2968      4.502      6.529    12.8435   999.4431 0.0000e+00
      4.604      0.042     0.0979      0.924     53.326  40.267809     2.7971      7.637   103.0088 1.9876e+00     2.2577      4.514      6.547    12.8395   999.4438 0.0000e+00
      4.619      0.043     0.0961      0.906     52.717  39.722626     2.6077      7.644   103.3921 1.9436e+00     2.3389      4.530      6.571    12.8429   999.4434 0.0000e+00
      4.631      0.045     0.0962      0.906     52.457  39.457697     2.2695      7.651   103.8346 1.9202e+00     2.5248      4.542      6.588    12.8536   999.4414 0.0000e+00
      4.640      0.047     0.0988      0.929     51.871  38.969025     2.0892      7.657   104.4002 1.9072e+00     2.6376      4.550      6.599    12.8333   999.4431 0.0000e+00
      4.649      0.047     0.1009      0.947     50.983  38.257818     2.0672      7.662   104.8101 1.8900e+00     2.6866      4.557      6.610    12.7585   999.4519 0.0000e+00
      4.660      0.047     0.1066      0.999     50.335  37.714460     1.9860      7.667   105.0055 1.8591e+00     3.0516      4.568      6.627    12.6641   999.4634 0.0000e+00
      4.674      0.049     0.1244      1.164     50.019  37.414168     1.8525      7.671   105.2998 1.8218e+00     3.7403      4.585      6.650    12.5968   999.4718 0.0000e+00
      4.689      0.051     0.1550      1.449     49.840  37.229528     1.7875      7.675   105.7878 1.7829e+00     4.1326      4.600      6.672    12.5594   999.4762 0.0000e+00
      4.701      0.053     0.1999      1.868     49.666  37.068866     1.7817      7.677   106.4309 1.7512e+00     4.2221      4.610      6.687    12.5226   999.4803 0.0000e+00
      4.713      0.055     0.2639      2.466     49.511  36.931543     1.7904      7.680   107.2254 1.7274e+00     4.6251      4.621      6.704    12.4643   999.4871 0.0000e+00
      4.728      0.055     0.3466      3.237     49.418  36.838661     1.8155      7.683   107.9949 1.7046e+00     5.3355      4.637      6.724    12.3911   999.4959 0.0000e+00
      4.743      0.055     0.4464      4.166     49.365  36.770995     1.8331      7.685   108.7658 1.6796e+00     5.7315      4.651      6.746    12.3366   999.5023 0.0000e+00
      4.759      0.055     0.5643      5.261     49.374  36.748120     1.8305      7.686   109.7488 1.6569e+00     5.8087      4.666      6.768    12.3130   999.5051 0.0000e+00
      4.774      0.054     0.6979      6.504     49.410  36.752479     1.8099      7.687   110.8462 1.6391e+00     5.9417      4.681      6.791    12.2950   999.5072 0.0000e+00
      4.787      0.051     0.8436      7.860     49.435  36.760204     1.7144      7.688   111.8807 1.6141e+00     7.1429      4.695      6.810    12.2712   999.5101 0.0000e+00
      4.799      0.047     1.0013      9.330     49.459  36.778033     1.5596      7.688   112.7942 1.5933e+00     9.3863      4.707      6.826    12.2419   999.5136 0.0000e+00
      4.810      0.044     1.1657     10.864     49.451  36.777614     1.4817      7.687   113.7170 1.5841e+00    10.6512      4.717      6.842    12.2085   999.5176 0.0000e+00
      4.821      0.040     1.3303     12.399     49.415  36.755147     1.4659      7.687   114.7781 1.5704e+00    10.8346      4.729      6.857    12.1837   999.5205 0.0000e+00
      4.831      0.038     1.4964     13.947     49.420  36.760293     1.3947      7.687   115.9014 1.5506e+00    11.5060      4.738      6.872    12.1726   999.5219 0.0000e+00
      4.840      0.037     1.6562     15.435     49.446  36.776356     1.2797      7.686   116.9739 1.5370e+00    12.7384      4.746      6.883    12.1766   999.5214 0.0000e+00
      4.849      0.034     1.7928     16.705     49.432  36.758938     1.2284      7.686   118.0235 1.5350e+00    13.4126      4.756      6.897    12.1837   999.5206 0.0000e+00
      4.858      0.033     1.9004     17.703     49.420  36.740106     1.2346      7.686   119.1279 1.5231e+00    13.5301      4.764      6.910    12.1890   999.5201 0.0000e+00
      4.867      0.033     1.9800     18.443     49.426  36.739086     1.2158      7.686   120.1740 1.5021e+00    14.0602      4.773      6.922    12.1907   999.5199 0.0000e+00
      4.874      0.036     2.0342     18.948     49.434  36.746598     1.1745      7.685   121.1224 1.4974e+00    14.9720      4.780      6.933    12.1871   999.5204 0.0000e+00
      4.879      0.042     2.0692     19.274     49.460  36.767463     1.1512      7.684   122.0768 1.4940e+00    15.4444      4.784      6.940    12.1798   999.5213 0.0000e+00
      4.887      0.048     2.0867     19.434     49.517  36.800931     1.1509      7.683   123.1089 1.4729e+00    15.4458      4.790      6.947    12.1670   999.5227 0.0000e+00
      4.901      0.055     2.0889     19.449     49.581  36.833873     1.1629      7.681   124.1377 1.4382e+00    14.8575      4.805      6.969    12.1590   999.5237 0.0000e+00
      4.920      0.060     2.0833     19.392     49.612  36.848358     1.1654      7.680   124.9652 1.4068e+00    13.7058      4.826      6.998    12.1629   999.5234 0.0000e+00
      4.940      0.063     2.0744     19.307     49.621  36.849108     1.1550      7.680   125.7149 1.3902e+00    13.0883      4.845      7.026    12.1728   999.5224 0.0000e+00
      4.957      0.063     2.0629     19.198     49.619  36.842945     1.1504      7.679   126.5769 1.3751e+00    13.0613      4.862      7.052    12.1593   999.5240 0.0000e+00
      4.972      0.061     2.0482     19.058     49.620  36.837300     1.1095      7.677   127.3855 1.3510e+00    12.9218      4.877      7.073    12.1380   999.5266 0.0000e+00
      4.986      0.057     2.0317     18.901     49.639  36.844321     1.0327      7.675   128.0928 1.3313e+00    12.6468      4.890      7.092    12.1334   999.5272 0.0000e+00
      5.000      0.054     2.0136     18.731     49.672  36.864357     0.9857      7.673   128.8479 1.3253e+00    12.4559      4.904      7.112    12.1265   999.5281 0.0000e+00
      5.014      0.052     1.9932     18.540     49.711  36.889123     0.9662      7.672   129.6324 1.3183e+00    12.3837      4.917      7.132    12.1237   999.5284 0.0000e+00
      5.026      0.049     1.9729     18.347     49.721  36.889863     0.9521      7.670   130.5224 1.2924e+00    12.3642      4.930      7.149    12.1180   999.5291 0.0000e+00
      5.039      0.045     1.9553     18.181     49.710  36.873292     0.9452      7.668   131.4357 1.2561e+00    12.4157      4.941      7.166    12.1065   999.5305 0.0000e+00
      5.052      0.039     1.9438     18.073     49.725  36.879180     0.9439      7.665   132.1574 1.2345e+00    12.5154      4.955      7.186    12.1055   999.5307 0.0000e+00
      5.064      0.032     1.9390     18.028     49.747  36.897565     0.9360      7.662   132.8819 1.2260e+00    12.5532      4.968      7.205    12.1009   999.5314 0.0000e+00
      5.071      0.025     1.9426     18.064     49.747  36.905160     0.9108      7.659   133.6563 1.2205e+00    12.5781      4.974      7.214    12.0933   999.5322 0.0000e+00
      5.073      0.020     1.9599     18.227     49.745  36.907553     0.8822      7.658   134.3792 1.2155e+00    12.6196      4.975      7.215    12.0865   999.5330 0.0000e+00
      5.074      0.015     1.9899     18.507     49.766  36.926499     0.8677      7.655   135.0833 1.2039e+00    12.6296      4.976      7.217    12.0759   999.5342 0.0000e+00
      5.077      0.012     2.0275     18.860     49.781  36.943805     0.8653      7.652   135.7163 1.1945e+00    12.6326      4.979      7.221    12.0793   999.5339 0.0000e+00
      5.080      0.011     2.0696     19.254     49.751  36.926380     0.8623      7.649   136.2685 1.1910e+00    12.5904      4.982      7.224    12.0925   999.5324 0.0000e+00
      5.084      0.011     2.1122     19.648     49.726  36.906251     0.8822      7.646   136.8559 1.1831e+00    12.4799      4.986      7.230    12.0952   999.5320 0.0000e+00
      5.088      0.011     2.1497     19.996     49.709  36.890851     0.9331      7.644   137.5695 1.1806e+00    12.3783      4.989      7.237    12.0939   999.5322 0.0000e+00
      5.090      0.010     2.1797     20.278     49.672  36.867136     0.9664      7.642   138.2715 1.1860e+00    12.3452      4.992      7.241    12.1037   999.5311 0.0000e+00
      5.092      0.009     2.2007     20.476     49.671  36.873415     0.9814      7.639   138.8041 1.1869e+00    12.3417      4.994      7.243    12.1134   999.5300 0.0000e+00
      5.094      0.009     2.2108     20.573     49.703  36.903305     1.0104      7.637   139.1906 1.1808e+00    12.2704      4.995      7.245    12.1059   999.5309 0.0000e+00
      5.095      0.012     2.2126     20.591     49.715  36.911159     1.0399      7.635   139.5897 1.1712e+00    12.1719      4.997      7.247    12.1008   999.5314 0.0000e+00
      5.097      0.017     2.2082     20.546     49.715  36.904896     1.0427      7.634   140.1031 1.1495e+00    12.1660      4.998      7.249    12.1062   999.5308 0.0000e+00
      5.099      0.026     2.1994     20.461     49.705  36.891046     1.0275      7.634   140.6655 1.1185e+00    12.1997      5.000      7.251    12.1146   999.5299 0.0000e+00
      5.105      0.037     2.1903     20.373     49.686  36.870651     0.9597      7.634   141.2266 1.0948e+00    12.2845      5.004      7.257    12.1240   999.5288 0.0000e+00
      5.116      0.047     2.1827     20.297     49.674  36.848722     0.8392      7.633   141.8110 1.0660e+00    12.4702      5.014      7.273    12.1237   999.5289 0.0000e+00
      5.132      0.057     2.1751     20.218     49.654  36.816314     0.7747      7.632   142.3973 1.0338e+00    12.6087      5.033      7.299    12.1113   999.5304 0.0000e+00
      5.151      0.062     2.1665     20.131     49.647  36.796166     0.7783      7.630   142.8953 1.0040e+00    12.6157      5.052      7.327    12.1057   999.5311 0.0000e+00
      5.171      0.064     2.1593     20.059     49.660  36.795522     0.7874      7.629   143.3573 9.6479e-01    12.5880      5.070      7.354    12.1058   999.5312 0.0000e+00
      5.189      0.064     2.1501     19.972     49.683  36.808517     0.7722      7.628   143.8542 9.2905e-01    12.7658      5.090      7.384    12.0894   999.5333 0.0000e+00
      5.204      0.061     2.1378     19.857     49.708  36.826338     0.7416      7.626   144.2577 9.0243e-01    13.0943      5.104      7.403    12.0680   999.5357 0.0000e+00
      5.216      0.057     2.1291     19.777     49.700  36.820566     0.7298      7.624   144.4494 8.6941e-01    13.2164      5.115      7.417    12.0536   999.5374 0.0000e+00
      5.231      0.055     2.1261     19.747     49.680  36.802200     0.7333      7.622   144.6236 8.3128e-01    13.1942      5.130      7.440    12.0425   999.5388 0.0000e+00
      5.246      0.054     2.1268     19.751     49.677  36.794700     0.7497      7.621   144.9011 7.9594e-01    13.2184      5.146      7.464    12.0381   999.5394 0.0000e+00
      5.259      0.054     2.1298     19.776     49.684  36.793347     0.7722      7.620   145.2232 7.7002e-01    13.2473      5.157      7.481    12.0403   999.5393 0.0000e+00
      5.271      0.053     2.1373     19.842     49.683  36.785837     0.7801      7.618   145.5929 7.5707e-01    13.2488      5.169      7.496    12.0410   999.5391 0.0000e+00
      5.285      0.052     2.1514     19.970     49.666  36.767367     0.7845      7.617   145.9294 7.4390e-01    13.2361      5.183      7.517    12.0370   999.5396 0.0000e+00
      5.300      0.051     2.1694     20.136     49.662  36.760443     0.8076      7.616   146.1086 7.2179e-01    13.1925      5.199      7.540    12.0311   999.5404 0.0000e+00
      5.314      0.049     2.1858     20.288     49.672  36.765589     0.8423      7.613   146.1251 6.9521e-01    13.1142      5.212      7.559    12.0246   999.5412 0.0000e+00
      5.326      0.047     2.1993     20.413     49.671  36.766117     0.8576      7.611   146.2143 6.7411e-01    13.0762      5.223      7.575    12.0174   999.5421 0.0000e+00
      5.337      0.044     2.2119     20.532     49.667  36.766827     0.8531      7.610   146.4984 6.5848e-01    13.0936      5.234      7.591    12.0115   999.5427 0.0000e+00
      5.347      0.042     2.2251     20.655     49.676  36.774176     0.8662      7.608   146.8937 6.4493e-01    13.1281      5.244      7.606    12.0071   999.5433 0.0000e+00
      5.357      0.041     2.2391     20.784     49.703  36.791497     0.9035      7.606   147.2938 6.3355e-01    13.1323      5.252      7.619    12.0043   999.5437 0.0000e+00
      5.368      0.038     2.2497     20.881     49.701  36.785821     0.9136      7.604   147.5514 6.1628e-01    13.0789      5.264      7.634    12.0060   999.5437 0.0000e+00
      5.378      0.036     2.2562     20.939     49.684  36.769021     0.8927      7.602   147.6850 6.0011e-01    13.0728      5.275      7.651    12.0109   999.5431 0.0000e+00
      5.388      0.034     2.2615     20.985     49.703  36.778794     0.8509      7.601   147.7902 5.9989e-01    13.2220      5.285      7.665    12.0129   999.5429 0.0000e+00
