Data/DataNotYetUploadedToEDI/Raw_CTD/2019_RawDownloads/081919_fcr45.cnv
* Sea-Bird SBE19plus  Data File:
* FileName = C:\DATA\081919_fcr_0006.hex
* Software version 2.8.0.119 SB_Terminal.dll
* Temperature SN = 7809
* Conductivity SN = 7809
* System UpLoad Time = Aug 20 2019 10:49:46
* <ApplicationData>
* <Seaterm232>
# nquan = 16
# nvalues = 804                         
# units = specified
# name 0 = depFM: Depth [fresh water, m]
# name 1 = dz/dtM: Descent Rate [m/s]
# name 2 = sbeox0Mg/L: Oxygen, SBE 43 [mg/l]
# name 3 = sbeox0PS: Oxygen, SBE 43 [% saturation]
# name 4 = specc: Specific Conductance [uS/cm]
# name 5 = c0uS/cm: Conductivity [uS/cm]
# name 6 = flECO-AFL: Fluorescence, WET Labs ECO-AFL/FL [mg/m^3]
# name 7 = ph: pH
# name 8 = orp: Oxidation Reduction Potential [mV]
# name 9 = par/sat/log: PAR/Logarithmic, Satlantic
# name 10 = turbWETntu0: Turbidity, WET Labs ECO [NTU]
# name 11 = prdM: Pressure, Strain Gauge [db]
# name 12 = prdE: Pressure, Strain Gauge [psi]
# name 13 = tv290C: Temperature [ITS-90, deg C]
# name 14 = density00: Density [density, kg/m^3]
# name 15 = flag:  0.000e+00
# span 0 =     -0.550,      6.688       
# span 1 =     -0.009,      0.177       
# span 2 =     0.0902,    11.3178       
# span 3 =      0.867,    144.562       
# span 4 =      3.661,     75.636       
# span 5 =   3.409684,  58.888378       
# span 6 =    -0.6347,    12.9549       
# span 7 =      7.395,      9.127       
# span 8 =    82.6988,   252.7003       
# span 9 = 1.2354e-01, 1.8111e+03       
# span 10 =    -5.8443,    34.5588      
# span 11 =     -0.540,      6.559      
# span 12 =     -0.783,      9.513      
# span 13 =    11.9055,    28.3619      
# span 14 =   996.1509,   999.5618      
# span 15 = 0.0000e+00, 0.0000e+00      
# interval = seconds: 0.25
# start_time = Aug 19 2019 11:44:57 [Instrument's time stamp, header]
# bad_flag = -9.990e-29
*END*
[from data line 724]
      6.166      0.049     2.3102     21.430     49.559  36.655762     0.7121      7.556   208.7535 1.4185e-01    13.5067      6.046      8.769    11.9726   999.5511 0.0000e+00
      6.182      0.052     2.3098     21.421     49.584  36.663617     0.6975      7.555   208.8483 1.3483e-01    13.4925      6.062      8.793    11.9819   999.5501 0.0000e+00
      6.198      0.056     2.3096     21.416     49.629  36.691892     0.6821      7.553   208.9593 1.2750e-01    13.4842      6.080      8.818    11.9925   999.5489 0.0000e+00
      6.211      0.058     2.3100     21.418     49.618  36.680247     0.6734      7.552   209.1495 1.2393e-01    13.4717      6.092      8.836    11.9930   999.5490 0.0000e+00
      6.223      0.058     2.3060     21.380     49.581  36.649759     0.6791      7.552   209.3410 1.2361e-01    13.4726      6.102      8.850    11.9788   999.5506 0.0000e+00
      6.237      0.057     2.2975     21.300     49.571  36.640646     0.6982      7.550   209.3816 1.2372e-01    13.5273      6.115      8.869    11.9669   999.5520 0.0000e+00
      6.254      0.056     2.2882     21.212     49.564  36.633533     0.7222      7.548   209.4688 1.2528e-01    13.5758      6.133      8.895    11.9627   999.5527 0.0000e+00
      6.270      0.055     2.2788     21.125     49.558  36.627225     0.7272      7.547   209.7925 1.2668e-01    13.5673      6.151      8.921    11.9599   999.5530 0.0000e+00
      6.285      0.052     2.2708     21.049     49.562  36.627846     0.7067      7.547   210.1121 1.2527e-01    13.5559      6.165      8.941    11.9564   999.5535 0.0000e+00
      6.297      0.047     2.2651     20.995     49.582  36.641051     0.6831      7.546   210.3216 1.2375e-01    13.5691      6.176      8.959    11.9544   999.5537 0.0000e+00
      6.307      0.043     2.2596     20.944     49.610  36.659923     0.6753      7.543   210.5187 1.2358e-01    13.5627      6.185      8.971    11.9534   999.5539 0.0000e+00
      6.316      0.040     2.2548     20.899     49.619  36.665598     0.6813      7.543   210.6890 1.2358e-01    13.5444      6.194      8.984    11.9514   999.5542 0.0000e+00
      6.325      0.038     2.2538     20.889     49.594  36.646194     0.6952      7.541   210.7452 1.2366e-01    13.5446      6.203      8.996    11.9491   999.5545 0.0000e+00
      6.335      0.038     2.2542     20.892     49.554  36.615736     0.7138      7.536   210.7681 1.2366e-01    13.5647      6.211      9.009    11.9468   999.5548 0.0000e+00
      6.345      0.039     2.2527     20.878     49.554  36.614696     0.7333      7.535   210.8799 1.2359e-01    13.5581      6.223      9.025    11.9452   999.5550 0.0000e+00
      6.355      0.042     2.2502     20.854     49.580  36.633624     0.7473      7.534   210.9784 1.2358e-01    13.5306      6.233      9.040    11.9442   999.5552 0.0000e+00
      6.365      0.044     2.2485     20.838     49.609  36.654164     0.7447      7.532   211.0137 1.2358e-01    13.5936      6.241      9.053    11.9430   999.5554 0.0000e+00
      6.375      0.045     2.2481     20.834     49.634  36.672629     0.7285      7.533   211.0486 1.2357e-01    13.6968      6.252      9.067    11.9417   999.5555 0.0000e+00
      6.389      0.044     2.2471     20.826     49.624  36.666452     0.7164      7.536   211.1416 1.2356e-01    13.7621      6.266      9.087    11.9415   999.5556 0.0000e+00
      6.403      0.041     2.2449     20.807     49.589  36.642956     0.7191      7.534   211.3639 1.2359e-01    13.7927      6.281      9.108    11.9410   999.5558 0.0000e+00
      6.415      0.038     2.2447     20.805     49.588  36.642445     0.7270      7.528   211.5849 1.2362e-01    13.7712      6.292      9.126    11.9392   999.5560 0.0000e+00
      6.423      0.038     2.2468     20.825     49.612  36.660277     0.7251      7.529   211.6629 1.2362e-01    13.6996      6.300      9.137    11.9393   999.5561 0.0000e+00
      6.428      0.041     2.2473     20.830     49.620  36.668137     0.7219      7.534   211.7054 1.2363e-01    13.5829      6.304      9.142    11.9422   999.5557 0.0000e+00
      6.433      0.048     2.2454     20.814     49.625  36.674007     0.7234      7.537   211.7541 1.2360e-01    13.5072      6.307      9.148    11.9445   999.5555 0.0000e+00
      6.444      0.057     2.2418     20.779     49.620  36.667773     0.7252      7.538   211.7346 1.2357e-01    13.5054      6.315      9.160    11.9440   999.5556 0.0000e+00
      6.463      0.065     2.2364     20.726     49.613  36.656234     0.7439      7.537   211.6423 1.2359e-01    13.5283      6.335      9.189    11.9428   999.5558 0.0000e+00
      6.487      0.071     2.2334     20.696     49.628  36.661429     0.7768      7.535   211.5847 1.2360e-01    13.5208      6.362      9.228    11.9460   999.5556 0.0000e+00
      6.510      0.073     2.2343     20.703     49.641  36.667099     0.7925      7.532   211.5537 1.2360e-01    13.4809      6.385      9.261    11.9501   999.5552 0.0000e+00
      6.530      0.071     2.2336     20.695     49.637  36.661310     0.7959      7.525   211.4400 1.2358e-01    13.4722      6.405      9.289    11.9467   999.5557 0.0000e+00
      6.546      0.066     2.2329     20.686     49.632  36.654915     0.8437      7.515   211.3289 1.2356e-01    13.4486      6.420      9.311    11.9389   999.5567 0.0000e+00
      6.560      0.059     2.2360     20.713     49.635  36.653242     0.9272      7.512   211.3288 1.2357e-01    13.3593      6.433      9.329    11.9322   999.5575 0.0000e+00
      6.575      0.052     2.2404     20.752     49.623  36.641078     0.9652      7.514   211.3524 1.2356e-01    13.2775      6.448      9.352    11.9293   999.5579 0.0000e+00
      6.589      0.045     2.2445     20.789     49.618  36.634788     0.9557      7.515   211.4430 1.2354e-01    13.2783      6.463      9.373    11.9277   999.5581 0.0000e+00
      6.600      0.039     2.2454     20.797     49.627  36.640664     0.8912      7.509   211.6493 1.2359e-01    13.3687      6.473      9.388    11.9237   999.5586 0.0000e+00
      6.608      0.034     2.2414     20.759     49.639  36.648639     0.7831      7.497   211.7814 1.2364e-01    13.4859      6.481      9.400    11.9191   999.5592 0.0000e+00
      6.614      0.029     2.2364     20.713     49.665  36.667739     0.7246      7.494   211.8360 1.2364e-01    13.5155      6.486      9.409    11.9157   999.5596 0.0000e+00
      6.619      0.025     2.2331     20.682     49.684  36.681181     0.7125      7.501   211.8791 1.2363e-01    13.4644      6.491      9.415    11.9138   999.5599 0.0000e+00
      6.625      0.022     2.2309     20.662     49.689  36.684208     0.7150      7.508   211.9584 1.2363e-01    13.4586      6.497      9.423    11.9130   999.5600 0.0000e+00
      6.632      0.020     2.2280     20.634     49.718  36.704348     0.7282      7.510   212.1070 1.2361e-01    13.5101      6.505      9.434    11.9128   999.5600 0.0000e+00
      6.638      0.017     2.2251     20.606     49.760  36.734260     0.7335      7.510   212.1265 1.2362e-01    13.5302      6.510      9.443    11.9122   999.5602 0.0000e+00
      6.642      0.014     2.2212     20.570     49.754  36.728495     0.7358      7.508   212.1086 1.2366e-01    13.5047      6.515      9.449    11.9111   999.5603 0.0000e+00
      6.645      0.011     2.2156     20.519     49.709  36.698120     0.7299      7.503   212.2348 1.2365e-01    13.4979      6.517      9.451    11.9103   999.5604 0.0000e+00
      6.646      0.007     2.2081     20.453     49.681  36.684375     0.7149      7.498   212.3621 1.2360e-01    13.5455      6.517      9.452    11.9098   999.5604 0.0000e+00
      6.647      0.005     2.1976     20.359     49.679  36.689265     0.7096      7.496   212.4427 1.2359e-01    13.5885      6.518      9.454    11.9089   999.5606 0.0000e+00
      6.648      0.005     2.1853     20.247     49.679  36.693772     0.7182      7.496   212.5215 1.2357e-01    13.5599      6.520      9.456    11.9055   999.5610 0.0000e+00
      6.649      0.005     2.1729     20.133     49.652  36.675401     0.7323      7.495   212.6261 1.2356e-01    13.4934      6.521      9.457    11.9085   999.5607 0.0000e+00
      6.650      0.006     2.1634     20.045     49.627  36.657570     0.7247      7.495   212.6756 1.2361e-01    13.4074      6.522      9.459    11.9176   999.5596 0.0000e+00
      6.651      0.006     2.1567     19.985     49.638  36.668600     0.6956      7.494   212.6886 1.2362e-01    13.3072      6.524      9.461    11.9233   999.5589 0.0000e+00
      6.654      0.007     2.1536     19.960     49.642  36.681824     0.6836      7.491   212.8701 1.2356e-01    13.2981      6.526      9.464    11.9289   999.5583 0.0000e+00
      6.656      0.008     2.1537     19.967     49.635  36.690516     0.6913      7.489   213.1495 1.2355e-01    13.3616      6.527      9.466    11.9309   999.5580 0.0000e+00
      6.658      0.009     2.1548     19.979     49.660  36.710239     0.7023      7.488   213.3129 1.2359e-01    13.3872      6.529      9.469    11.9301   999.5582 0.0000e+00
      6.659      0.011     2.1580     20.004     49.699  36.729874     0.7124      7.485   213.2971 1.2361e-01    13.4120      6.530      9.471    11.9288   999.5583 0.0000e+00
      6.662      0.013     2.1624     20.043     49.714  36.737482     0.7274      7.483   213.2173 1.2364e-01    13.4635      6.532      9.474    11.9406   999.5570 0.0000e+00
      6.666      0.014     2.1667     20.088     49.699  36.738740     0.7444      7.481   213.2941 1.2369e-01    13.4861      6.536      9.480    11.9637   999.5544 0.0000e+00
      6.671      0.014     2.1684     20.115     49.675  36.745096     0.7276      7.478   213.4507 1.2372e-01    13.4884      6.542      9.488    11.9641   999.5543 0.0000e+00
      6.675      0.014     2.1662     20.104     49.656  36.750882     0.6706      7.475   213.5617 1.2367e-01    13.4914      6.547      9.495    11.9466   999.5565 0.0000e+00
      6.679      0.013     2.1607     20.058     49.634  36.745245     0.6282      7.471   213.6911 1.2362e-01    13.4904      6.550      9.500    11.9399   999.5572 0.0000e+00
      6.682      0.010     2.1513     19.974     49.619  36.740432     0.6224      7.467   213.8097 1.2357e-01    13.5089      6.553      9.504    11.9529   999.5557 0.0000e+00
      6.684      0.007     2.1415     19.882     49.644  36.756172     0.6622      7.445   213.8770 1.2356e-01    13.5182      6.555      9.507    11.9847   999.5521 0.0000e+00
      6.686      0.005     2.1334     19.798     49.740  36.808604     0.7362      7.406   213.9028 1.2358e-01    13.5038      6.556      9.509    12.0083   999.5494 0.0000e+00
      6.686      0.003     2.1269     19.726     50.025  36.993511     0.7795      7.395   213.9502 1.2361e-01    13.4993      6.557      9.510    12.0114   999.5490 0.0000e+00
      6.686      0.002     2.1232     19.682     50.611  37.404929     0.7870      7.417   214.0189 1.2362e-01    13.4966      6.557      9.510    12.0232   999.5477 0.0000e+00
      6.687      0.001     2.1217     19.660     51.236  37.847426     0.7749      7.439   214.1316 1.2361e-01    13.5039      6.558      9.511    12.0263   999.5473 0.0000e+00
      6.687      0.000     2.1215     19.651     51.586  38.090669     0.7463      7.450   214.2804 1.2359e-01    13.5217      6.558      9.511    11.9995   999.5504 0.0000e+00
      6.687 2.0506e-08     2.1219     19.651     51.729  38.187665     0.7268      7.455   214.4416 1.2362e-01    13.5155      6.558      9.511    11.9694   999.5539 0.0000e+00
      6.687 2.2557e-07     2.1200     19.633     51.825  38.258430     0.7214      7.456   214.6178 1.2367e-01    13.4950      6.557      9.510    11.9498   999.5564 0.0000e+00
      6.687 2.2557e-07     2.1092     19.536     51.889  38.311480     0.7155      7.456   214.6903 1.2364e-01    13.4704      6.558      9.511    11.9311   999.5588 0.0000e+00
      6.687 2.0534e-08     2.0861     19.326     51.889  38.321256     0.6905      7.452   214.7160 1.2359e-01    13.5128      6.558      9.511    11.9144   999.5608 0.0000e+00
      6.687 2.1720e-09     2.0532     19.026     51.863  38.313163     0.6525      7.436   214.7564 1.2356e-01    13.6469      6.558      9.511    11.9056   999.5618 0.0000e+00
      6.687 3.5563e-09     2.0125     18.653     51.799  38.277122     0.6298      7.414   214.7485 1.2356e-01    13.7154      6.558      9.511    11.9059   999.5618 0.0000e+00
      6.687 3.7271e-08     1.9677     18.241     51.686  38.202903     0.6242      7.411   214.7926 1.2358e-01    13.6858      6.558      9.512    11.9140   999.5609 0.0000e+00
      6.687 4.0981e-07     1.9228     17.828     51.558  38.114080     0.6453      7.421   214.9451 1.2361e-01    13.6163      6.558      9.511    11.9229   999.5599 0.0000e+00
      6.687      0.000     1.8809     17.441     51.439  38.028408     0.6943      7.428   215.2157 1.2362e-01    13.5304      6.558      9.511    11.9332   999.5587 0.0000e+00
      6.687      0.000     1.8487     17.142     51.391  37.992290     0.7308      7.431   215.5697 1.2361e-01    13.5002      6.558      9.512    11.9456   999.5573 0.0000e+00
      6.687      0.001     1.8286     16.955     51.394  37.994776     0.7394      7.433   215.7836 1.2361e-01    13.5126      6.558      9.511    11.9548   999.5562 0.0000e+00
      6.687      0.001     1.8211     16.886     51.394  37.994982     0.7387      7.433   215.8226 1.2365e-01    13.5163      6.558      9.512    11.9610   999.5555 0.0000e+00
      6.687 -9.990e-29 -9.990e-29 -9.990e-29 -9.990e-29 -9.990e-29 -9.990e-29 -9.990e-29 -9.990e-29 1.2363e-01 -9.990e-29      6.558      9.511    11.9644   999.5550 0.0000e+00
      6.688 -9.990e-29 -9.990e-29 -9.990e-29 -9.990e-29 -9.990e-29 -9.990e-29 -9.990e-29 -9.990e-29 1.2357e-01 -9.990e-29      6.559      9.512    11.9604   999.5555 0.0000e+00
      6.688 -9.990e-29 -9.990e-29 -9.990e-29 -9.990e-29 -9.990e-29 -9.990e-29 -9.990e-29 -9.990e-29 1.2354e-01 -9.990e-29      6.559      9.513    11.9600   999.5556 0.0000e+00
      6.688 -9.990e-29 -9.990e-29 -9.990e-29 -9.990e-29 -9.990e-29 -9.990e-29 -9.990e-29 -9.990e-29 1.2354e-01 -9.990e-29      6.559      9.513    11.9638   999.5551 0.0000e+00
