Data/DataNotYetUploadedToEDI/Raw_CTD/2019_RawDownloads/082219_fcr50.cnv
* Sea-Bird SBE19plus  Data File:
* FileName = C:\DATA\082219_fcr50_0001.hex
* Software version 2.8.0.119 SB_Terminal.dll
* Temperature SN = 7809
* Conductivity SN = 7809
* System UpLoad Time = Aug 22 2019 09:46:41
* <ApplicationData>
* <Seaterm232>
# nquan = 16
# nvalues = 582                         
# units = specified
# name 0 = depFM: Depth [fresh water, m]
# name 1 = dz/dtM: Descent Rate [m/s]
# name 2 = sbeox0Mg/L: Oxygen, SBE 43 [mg/l]
# name 3 = sbeox0PS: Oxygen, SBE 43 [% saturation]
# name 4 = specc: Specific Conductance [uS/cm]
# name 5 = c0uS/cm: Conductivity [uS/cm]
# name 6 = flECO-AFL: Fluorescence, WET Labs ECO-AFL/FL [mg/m^3]
# name 7 = ph: pH
# name 8 = orp: Oxidation Reduction Potential [mV]
# name 9 = par/sat/log: PAR/Logarithmic, Satlantic
# name 10 = turbWETntu0: Turbidity, WET Labs ECO [NTU]
# name 11 = prdM: Pressure, Strain Gauge [db]
# name 12 = prdE: Pressure, Strain Gauge [psi]
# name 13 = tv290C: Temperature [ITS-90, deg C]
# name 14 = density00: Density [density, kg/m^3]
# name 15 = flag:  0.000e+00
# span 0 =     -0.585,      9.610       
# span 1 =     -0.196,      0.296       
# span 2 =    -0.1742,    10.4891       
# span 3 =     -1.613,    131.754       
# span 4 =      2.220,    231.402       
# span 5 =   2.100669, 170.565398       
# span 6 =    -0.1188,     9.7392       
# span 7 =      6.556,      9.395       
# span 8 = -1240.2555,   454.1273       
# span 9 = 1.2358e-01, 9.8279e+02       
# span 10 =    -0.5263,   352.1531      
# span 11 =     -0.574,      9.425      
# span 12 =     -0.833,     13.669      
# span 13 =    11.7187,    27.3053      
# span 14 =   996.4507,   999.6484      
# span 15 = 0.0000e+00, 0.0000e+00      
# interval = seconds: 0.25
# start_time = Aug 22 2019 09:26:00 [Instrument's time stamp, header]
# bad_flag = -9.990e-29
*END*
[from data line 91]
      0.017      0.002     7.0044     87.685     37.171  38.554405     2.9283      9.179   201.3307 2.7708e+02     6.0657      0.017      0.024    26.9027   996.5606 0.0000e+00
      0.017      0.003     6.9575     87.084     37.155  38.530866     2.9624      9.174   201.2245 2.7982e+02     6.2158      0.016      0.024    26.8888   996.5645 0.0000e+00
      0.018      0.004     6.9133     86.518     37.139  38.507791     2.9685      9.169   201.0894 2.9013e+02     6.2881      0.017      0.025    26.8753   996.5681 0.0000e+00
      0.020      0.004     6.8700     85.964     37.104  38.465841     2.9585      9.164   200.9874 3.1616e+02     6.2514      0.020      0.030    26.8633   996.5714 0.0000e+00
      0.022      0.003     6.8263     85.406     37.049  38.404502     2.9195      9.161   200.9378 3.3958e+02     6.1000      0.022      0.032    26.8535   996.5741 0.0000e+00
      0.022      0.003     6.7816     84.838     36.989  38.337442     2.8441      9.161   201.0053 3.3186e+02     5.8997      0.022      0.032    26.8448   996.5765 0.0000e+00
      0.022      0.002     6.7384     84.289     36.947  38.289788     2.8014      9.160   201.0293 3.1160e+02     5.8292      0.022      0.032    26.8365   996.5788 0.0000e+00
      0.023      0.001     6.6986     83.784     36.934  38.272656     2.7929      9.157   200.9698 3.1166e+02     5.8377      0.022      0.033    26.8287   996.5808 0.0000e+00
      0.023      0.001     6.6621     83.319     36.923  38.257251     2.7848      9.153   200.8887 3.0467e+02     5.8056      0.022      0.033    26.8216   996.5827 0.0000e+00
      0.023      0.001     6.6261     82.860     36.902  38.230470     2.7821      9.150   200.7362 2.7778e+02     5.7357      0.023      0.033    26.8156   996.5844 0.0000e+00
      0.023      0.001     6.5911     82.414     36.879  38.202749     2.7851      9.147   200.6755 2.7086e+02     5.6812      0.022      0.032    26.8104   996.5858 0.0000e+00
      0.023      0.001     6.5605     82.022     36.857  38.175975     2.7959      9.144   200.8430 2.9964e+02     5.6712      0.023      0.033    26.8053   996.5872 0.0000e+00
      0.023      0.001     6.5330     81.670     36.847  38.160652     2.8260      9.142   201.0400 3.5760e+02     5.7128      0.023      0.034    26.8000   996.5887 0.0000e+00
      0.024      0.001     6.5067     81.334     36.835  38.144431     2.8711      9.140   201.0780 4.3681e+02     5.7910      0.023      0.033    26.7944   996.5901 0.0000e+00
      0.025      0.001     6.4815     81.011     36.802  38.106794     2.8998      9.140   200.9587 5.4791e+02     5.8304      0.024      0.035    26.7881   996.5918 0.0000e+00
      0.025      0.001     6.4565     80.691     36.786  38.086429     2.9122      9.141   200.8032 6.6294e+02     5.8283      0.024      0.035    26.7816   996.5936 0.0000e+00
      0.025      0.001     6.4313     80.367     36.792  38.088632     2.9254      9.143   200.7465 7.0779e+02     5.7321      0.024      0.035    26.7758   996.5952 0.0000e+00
      0.025      0.001     6.4074     80.059     36.779  38.069952     2.9304      9.144   200.7033 7.2772e+02     5.5197      0.025      0.036    26.7707   996.5966 0.0000e+00
      0.025      0.001     6.3854     79.774     36.766  38.050994     2.9294      9.146   200.6241 7.4318e+02     5.3898      0.025      0.036    26.7658   996.5978 0.0000e+00
      0.025      0.001     6.3651     79.509     36.771  38.049828     2.9301      9.146   200.6498 7.1046e+02     5.4071      0.024      0.035    26.7608   996.5992 0.0000e+00
      0.025      0.001     6.3460     79.257     36.783  38.055842     2.9217      9.146   200.6705 6.9913e+02     5.5330      0.024      0.035    26.7553   996.6008 0.0000e+00
      0.025      0.001     6.3266     79.002     36.794  38.060227     2.9146      9.146   200.5296 7.2063e+02     5.7325      0.025      0.036    26.7484   996.6027 0.0000e+00
      0.026      0.001     6.3092     78.773     36.780  38.039358     2.9219      9.146   200.4089 7.1962e+02     5.8528      0.025      0.037    26.7408   996.6047 0.0000e+00
      0.026      0.001     6.2947     78.580     36.743  37.993934     2.9234      9.146   200.5020 7.1478e+02     5.8730      0.025      0.037    26.7329   996.6069 0.0000e+00
      0.026      0.001     6.2807     78.390     36.712  37.955330     2.9145      9.146   200.7085 7.1952e+02     5.8775      0.026      0.037    26.7241   996.6093 0.0000e+00
      0.026      0.001     6.2683     78.222     36.717  37.953446     2.9279      9.146   200.7540 7.0807e+02     5.9737      0.026      0.037    26.7148   996.6118 0.0000e+00
      0.026      0.001     6.2580     78.079     36.742  37.971155     2.9635      9.145   200.5364 6.9138e+02     6.1833      0.025      0.037    26.7058   996.6143 0.0000e+00
      0.027      0.001     6.2477     77.935     36.757  37.978996     2.9812      9.144   200.2287 6.8000e+02     6.3147      0.026      0.038    26.6968   996.6167 0.0000e+00
      0.027      0.001     6.2389     77.808     36.771  37.984762     2.9782      9.144   200.0452 6.8092e+02     6.3167      0.027      0.039    26.6873   996.6193 0.0000e+00
      0.027      0.001     6.2319     77.703     36.773  37.977384     2.9868      9.145   200.0383 7.0575e+02     6.4043      0.026      0.038    26.6774   996.6220 0.0000e+00
      0.027      0.001     6.2245     77.590     36.760  37.953254     3.0163      9.146   200.1458 6.9240e+02     6.6204      0.027      0.039    26.6671   996.6248 0.0000e+00
      0.027      0.000     6.2167     77.470     36.765  37.946899     3.0402      9.147   200.1399 6.5037e+02     6.7346      0.026      0.038    26.6561   996.6278 0.0000e+00
      0.028 1.8628e-08     6.2086     77.345     36.794  37.964008     3.0413      9.148   199.8814 6.7262e+02     6.7034      0.027      0.039    26.6443   996.6310 0.0000e+00
      0.028 2.0490e-07     6.2009     77.222     36.814  37.969667     3.0295      9.148   199.6016 7.2601e+02     6.5378      0.027      0.039    26.6314   996.6345 0.0000e+00
      0.027 2.0490e-07     6.1948     77.117     36.811  37.951818     3.0278      9.148   199.5097 7.2160e+02     6.2392      0.027      0.039    26.6175   996.6383 0.0000e+00
      0.027 1.8627e-08     6.1873     76.991     36.815  37.938604     3.0388      9.148   199.5442 7.0869e+02     6.0431      0.027      0.039    26.6019   996.6426 0.0000e+00
      0.027 1.6934e-09     6.1776     76.837     36.831  37.936828     3.0401      9.148   199.5886 7.4731e+02     6.0349      0.027      0.039    26.5839   996.6474 0.0000e+00
      0.027 1.5395e-10     6.1685     76.687     36.843  37.930313     3.0441      9.148   199.6170 7.7547e+02     6.0734      0.026      0.038    26.5640   996.6528 0.0000e+00
      0.027 1.3995e-11     6.1609     76.555     36.856  37.923278     3.0706      9.148   199.5430 7.6217e+02     6.0833      0.027      0.039    26.5426   996.6586 0.0000e+00
      0.027 1.2732e-12     6.1533     76.422     36.868  37.915205     3.1000      9.148   199.3823 7.4047e+02     6.0894      0.027      0.039    26.5199   996.6648 0.0000e+00
      0.028 1.2525e-13     6.1435     76.261     36.870  37.896151     3.1127      9.148   199.2221 7.3896e+02     6.0818      0.027      0.039    26.4958   996.6713 0.0000e+00
      0.028 1.1595e-13     6.1340     76.105     36.878  37.883293     3.1121      9.148   199.1553 7.5255e+02     6.0241      0.027      0.039    26.4701   996.6782 0.0000e+00
      0.027 1.1607e-12     6.1268     75.977     36.901  37.886668     3.0922      9.148   199.3489 7.4380e+02     6.0473      0.027      0.039    26.4425   996.6857 0.0000e+00
      0.027 1.2757e-11     6.1198     75.853     36.907  37.873447     3.0544      9.149   199.5840 7.2456e+02     6.1978      0.027      0.039    26.4139   996.6934 0.0000e+00
      0.027 1.4033e-10     6.1130     75.734     36.903  37.850358     3.0365      9.149   199.5881 7.4680e+02     6.3037      0.027      0.039    26.3855   996.7010 0.0000e+00
      0.027 1.5436e-09     6.1068     75.624     36.931  37.861372     3.0486      9.149   199.4849 7.9297e+02     6.3113      0.027      0.039    26.3572   996.7086 0.0000e+00
      0.027 1.6980e-08     6.1006     75.517     36.965  37.879644     3.0713      9.150   199.3688 7.7774e+02     6.2895      0.027      0.039    26.3294   996.7161 0.0000e+00
      0.028 1.8678e-07     6.0940     75.406     36.982  37.880829     3.0939      9.150   199.3033 7.3022e+02     6.3032      0.027      0.039    26.3021   996.7235 0.0000e+00
      0.028 3.4243e-07     6.0862     75.281     36.993  37.875676     3.1057      9.150   199.5527 7.3598e+02     6.3461      0.027      0.039    26.2765   996.7303 0.0000e+00
      0.027 1.8678e-07     6.0793     75.166     37.013  37.880796     3.1092      9.150   199.9749 7.4740e+02     6.3482      0.026      0.038    26.2527   996.7367 0.0000e+00
      0.027 1.6980e-08     6.0750     75.085     37.026  37.879229     3.1097      9.150   200.0205 7.2364e+02     6.2635      0.026      0.038    26.2302   996.7428 0.0000e+00
      0.027 1.5436e-09     6.0705     75.003     37.017  37.856712     3.1033      9.149   199.6743 7.0237e+02     6.1405      0.027      0.039    26.2088   996.7485 0.0000e+00
      0.027 1.4033e-10     6.0644     74.901     37.037  37.862423     3.1022      9.148   199.4025 7.0457e+02     6.1076      0.027      0.039    26.1877   996.7541 0.0000e+00
      0.027 1.2757e-11     6.0574     74.789     37.073  37.884782     3.1051      9.148   199.4869 6.9837e+02     6.1611      0.026      0.038    26.1667   996.7597 0.0000e+00
      0.028 1.1598e-12     6.0504     74.677     37.076  37.873131     3.1029      9.147   199.7486 6.8836e+02     6.2297      0.027      0.039    26.1461   996.7653 0.0000e+00
      0.028 1.0545e-13     6.0428     74.557     37.066  37.848476     3.1016      9.146   199.8990 7.0687e+02     6.2820      0.027      0.039    26.1265   996.7705 0.0000e+00
      0.028 9.7588e-15     6.0341     74.426     37.071  37.840571     3.0986      9.145   199.8434 7.1640e+02     6.3017      0.027      0.040    26.1078   996.7755 0.0000e+00
      0.028 2.7830e-15     6.0256     74.298     37.083  37.841003     3.1002      9.145   199.6788 7.1008e+02     6.3034      0.026      0.039    26.0889   996.7805 0.0000e+00
      0.028 2.1107e-14     6.0176     74.178     37.108  37.853687     3.0781      9.145   199.5436 7.3116e+02     6.2373      0.027      0.039    26.0693   996.7857 0.0000e+00
      0.028 2.3132e-13     6.0101     74.063     37.133  37.866955     3.0222      9.144   199.4992 7.5387e+02     6.1249      0.027      0.040    26.0502   996.7908 0.0000e+00
      0.028 2.5444e-12     6.0034     73.958     37.152  37.874459     2.9879      9.144   199.4863 7.3641e+02     6.0922      0.028      0.039    26.0322   996.7956 0.0000e+00
      0.028 2.7989e-11     5.9973     73.862     37.169  37.880918     2.9838      9.144   199.4742 7.2677e+02     6.1357      0.027      0.040    26.0151   996.8002 0.0000e+00
      0.028 3.0787e-10     5.9917     73.774     37.181  37.881558     2.9992      9.144   199.4384 7.2766e+02     6.2573      0.027      0.039    25.9984   996.8046 0.0000e+00
      0.028 3.3866e-09     5.9867     73.693     37.192  37.882184     3.0262      9.144   199.3105 7.0435e+02     6.4485      0.027      0.040    25.9815   996.8091 0.0000e+00
      0.028 3.7253e-08     5.9810     73.605     37.208  37.888472     3.0415      9.143   199.1328 7.0146e+02     6.5473      0.028      0.040    25.9655   996.8134 0.0000e+00
      0.028 4.0978e-07     5.9750     73.512     37.224  37.894088     3.0461      9.143   199.0113 7.1692e+02     6.5348      0.027      0.039    25.9503   996.8174 0.0000e+00
      0.028      0.000     5.9700     73.433     37.226  37.886606     3.0470      9.143   199.0450 7.1802e+02     6.4937      0.027      0.040    25.9357   996.8213 0.0000e+00
      0.028      0.000     5.9659     73.365     37.210  37.861463     3.0692      9.143   199.0247 7.2104e+02     6.4757      0.028      0.040    25.9218   996.8250 0.0000e+00
      0.028      0.001     5.9608     73.285     37.202  37.843981     3.1237      9.142   198.9372 7.4326e+02     6.5144      0.027      0.039    25.9081   996.8286 0.0000e+00
      0.029      0.001     5.9550     73.197     37.233  37.865651     3.1599      9.141   198.8478 7.5847e+02     6.5682      0.028      0.041    25.8944   996.8323 0.0000e+00
      0.029      0.001     5.9501     73.119     37.247  37.869546     3.1601      9.140   198.6327 7.4305e+02     6.6021      0.028      0.041    25.8809   996.8358 0.0000e+00
      0.029      0.001     5.9457     73.047     37.215  37.827579     3.1431      9.138   198.4872 7.5731e+02     6.6295      0.028      0.041    25.8683   996.8391 0.0000e+00
      0.029      0.000     5.9411     72.974     37.200  37.802550     3.1203      9.138   198.5512 7.9910e+02     6.7020      0.028      0.041    25.8557   996.8425 0.0000e+00
      0.029 1.8934e-08     5.9369     72.906     37.228  37.820812     3.1094      9.138   198.7186 7.8708e+02     6.7580      0.028      0.041    25.8427   996.8459 0.0000e+00
      0.029 2.0828e-07     5.9327     72.837     37.273  37.857947     3.1060      9.138   198.7891 7.3092e+02     6.7492      0.028      0.041    25.8295   996.8494 0.0000e+00
      0.029 2.4215e-07     5.9287     72.773     37.295  37.870677     3.1143      9.137   198.6298 7.0778e+02     6.6277      0.028      0.041    25.8163   996.8529 0.0000e+00
      0.029 4.2843e-07     5.9251     72.713     37.281  37.847752     3.1400      9.136   198.3421 7.3301e+02     6.4041      0.028      0.041    25.8035   996.8563 0.0000e+00
      0.029      0.000     5.9199     72.633     37.276  37.834661     3.1568      9.135   198.2355 7.8530e+02     6.3071      0.029      0.042    25.7908   996.8596 0.0000e+00
      0.029      0.000     5.9140     72.548     37.288  37.839331     3.1620      9.135   198.3733 8.1369e+02     6.3401      0.028      0.041    25.7783   996.8629 0.0000e+00
      0.030      0.001     5.9096     72.480     37.297  37.840736     3.1503      9.134   198.4597 7.6244e+02     6.4421      0.029      0.042    25.7663   996.8661 0.0000e+00
      0.030      0.001     5.9067     72.433     37.315  37.851634     3.1198      9.133   198.4193 6.9539e+02     6.6230      0.029      0.043    25.7544   996.8692 0.0000e+00
      0.030      0.001     5.9052     72.403     37.314  37.844135     3.0963      9.133   198.3149 6.8244e+02     6.7577      0.029      0.042    25.7429   996.8723 0.0000e+00
      0.030      0.001     5.9025     72.358     37.291  37.813532     3.0832      9.132   198.2306 7.1629e+02     6.7929      0.029      0.043    25.7320   996.8751 0.0000e+00
      0.031      0.001     5.8976     72.285     37.283  37.798977     3.0738      9.131   198.2604 7.2938e+02     6.7855      0.030      0.044    25.7222   996.8777 0.0000e+00
      0.031      0.001     5.8951     72.244     37.285  37.795102     3.0605      9.129   198.3299 6.9932e+02     6.7670      0.030      0.044    25.7127   996.8802 0.0000e+00
      0.031      0.001     5.8956     72.247     37.509  38.020567     3.0436      9.127   198.3839 6.7985e+02     6.7340      0.030      0.044    25.7041   996.8825 0.0000e+00
      0.031      0.000     5.9074     72.460     38.187  38.747686     3.0344      9.125   198.5687 6.8897e+02     6.7140      0.030      0.044    25.6948   996.8849 0.0000e+00
      0.031 1.8934e-08     6.0019     73.907     38.810  39.540581     3.0362      9.121   198.8434 7.1679e+02     6.7206      0.030      0.043    25.6863   996.8871 0.0000e+00
      0.031 2.0828e-07     6.3249     78.405     38.858  39.863153     3.0732      9.116   198.9524 7.3336e+02     6.8150      0.031      0.045    25.6769   996.8896 0.0000e+00
