Data/DataNotYetUploadedToEDI/Raw_CTD/2019_RawDownloads/082219_fcr50.cnv
* Sea-Bird SBE19plus  Data File:
* FileName = C:\DATA\082219_fcr50_0001.hex
* Software version 2.8.0.119 SB_Terminal.dll
* Temperature SN = 7809
* Conductivity SN = 7809
* System UpLoad Time = Aug 22 2019 09:46:41
* <ApplicationData>
* <Seaterm232>
# nquan = 16
# nvalues = 582                         
# units = specified
# name 0 = depFM: Depth [fresh water, m]
# name 1 = dz/dtM: Descent Rate [m/s]
# name 2 = sbeox0Mg/L: Oxygen, SBE 43 [mg/l]
# name 3 = sbeox0PS: Oxygen, SBE 43 [% saturation]
# name 4 = specc: Specific Conductance [uS/cm]
# name 5 = c0uS/cm: Conductivity [uS/cm]
# name 6 = flECO-AFL: Fluorescence, WET Labs ECO-AFL/FL [mg/m^3]
# name 7 = ph: pH
# name 8 = orp: Oxidation Reduction Potential [mV]
# name 9 = par/sat/log: PAR/Logarithmic, Satlantic
# name 10 = turbWETntu0: Turbidity, WET Labs ECO [NTU]
# name 11 = prdM: Pressure, Strain Gauge [db]
# name 12 = prdE: Pressure, Strain Gauge [psi]
# name 13 = tv290C: Temperature [ITS-90, deg C]
# name 14 = density00: Density [density, kg/m^3]
# name 15 = flag:  0.000e+00
# span 0 =     -0.585,      9.610       
# span 1 =     -0.196,      0.296       
# span 2 =    -0.1742,    10.4891       
# span 3 =     -1.613,    131.754       
# span 4 =      2.220,    231.402       
# span 5 =   2.100669, 170.565398       
# span 6 =    -0.1188,     9.7392       
# span 7 =      6.556,      9.395       
# span 8 = -1240.2555,   454.1273       
# span 9 = 1.2358e-01, 9.8279e+02       
# span 10 =    -0.5263,   352.1531      
# span 11 =     -0.574,      9.425      
# span 12 =     -0.833,     13.669      
# span 13 =    11.7187,    27.3053      
# span 14 =   996.4507,   999.6484      
# span 15 = 0.0000e+00, 0.0000e+00      
# interval = seconds: 0.25
# start_time = Aug 22 2019 09:26:00 [Instrument's time stamp, header]
# bad_flag = -9.990e-29
*END*
[from data line 452]
      6.376      0.131     1.9621     18.197     49.784  36.813570     0.5950      7.178   190.8886 1.2361e-01    13.0841      6.253      9.069    11.9833   999.5509 0.0000e+00
      6.409      0.125     1.9515     18.098     49.812  36.832236     0.5607      7.177   192.3463 1.2371e-01    13.0726      6.285      9.116    11.9787   999.5516 0.0000e+00
      6.443      0.112     1.9425     18.014     49.792  36.817329     0.5649      7.175   192.9087 1.2378e-01    13.0833      6.319      9.165    11.9755   999.5522 0.0000e+00
      6.476      0.095     1.9325     17.921     49.800  36.823764     0.5858      7.173   192.9552 1.2377e-01    13.1154      6.352      9.213    11.9730   999.5525 0.0000e+00
      6.503      0.079     1.9205     17.810     49.830  36.846555     0.6138      7.171   192.9097 1.2372e-01    13.1333      6.382      9.257    11.9703   999.5530 0.0000e+00
      6.519      0.067     1.9031     17.650     49.818  36.838996     0.6258      7.170   192.6157 1.2367e-01    13.1361      6.399      9.280    11.9684   999.5533 0.0000e+00
      6.523      0.060     1.8783     17.420     49.844  36.859326     0.6348      7.168   193.0148 1.2365e-01    13.1481      6.397      9.279    11.9677   999.5533 0.0000e+00
      6.527      0.058     1.8508     17.165     49.903  36.901933     0.6797      7.167   193.9488 1.2370e-01    13.1484      6.397      9.279    11.9680   999.5533 0.0000e+00
      6.540      0.063     1.8248     16.923     49.917  36.909819     0.7445      7.164   194.3584 1.2379e-01    13.1067      6.410      9.296    11.9691   999.5533 0.0000e+00
      6.562      0.072     1.8027     16.717     49.896  36.891196     0.7764      7.162   194.3536 1.2378e-01    13.0689      6.434      9.331    11.9710   999.5532 0.0000e+00
      6.587      0.082     1.7831     16.533     49.869  36.867188     0.7880      7.159   194.3214 1.2375e-01    13.0852      6.460      9.370    11.9730   999.5530 0.0000e+00
      6.612      0.089     1.7641     16.357     49.881  36.873443     0.7891      7.157   194.3126 1.2381e-01    13.1082      6.484      9.405    11.9719   999.5533 0.0000e+00
      6.636      0.093     1.7478     16.205     49.923  36.903343     0.7211      7.155   194.4194 1.2384e-01    13.1819      6.508      9.438    11.9684   999.5538 0.0000e+00
      6.659      0.095     1.7341     16.079     49.929  36.911322     0.6158      7.153   194.5804 1.2384e-01    13.3536      6.532      9.473    11.9648   999.5544 0.0000e+00
      6.680      0.097     1.7218     15.966     49.919  36.906447     0.5728      7.151   194.7107 1.2384e-01    13.4803      6.550      9.500    11.9616   999.5548 0.0000e+00
      6.702      0.098     1.7108     15.863     49.923  36.907878     0.5746      7.149   194.8766 1.2379e-01    13.5344      6.569      9.526    11.9578   999.5553 0.0000e+00
      6.731      0.097     1.7009     15.770     49.958  36.928622     0.6203      7.146   195.0375 1.2373e-01    13.5487      6.600      9.573    11.9555   999.5558 0.0000e+00
      6.762      0.096     1.6926     15.690     50.016  36.966817     0.7173      7.144   195.0220 1.2369e-01    13.5228      6.634      9.622    11.9607   999.5553 0.0000e+00
      6.788      0.095     1.6868     15.636     50.051  36.988840     0.7763      7.143   194.9463 1.2365e-01    13.5159      6.658      9.657    11.9660   999.5548 0.0000e+00
      6.809      0.097     1.6812     15.583     50.076  37.004465     0.7795      7.140   195.0690 1.2365e-01    13.5302      6.678      9.686    11.9619   999.5554 0.0000e+00
      6.827      0.101     1.6697     15.477     50.111  37.028778     0.7565      7.136   195.2141 1.2365e-01    13.5979      6.695      9.709    11.9558   999.5562 0.0000e+00
      6.846      0.103     1.6509     15.302     50.113  37.028897     0.7140      7.133   195.2387 1.2366e-01    13.7118      6.709      9.731    11.9517   999.5567 0.0000e+00
      6.876      0.103     1.6251     15.062     50.082  37.005911     0.6908      7.133   195.2808 1.2373e-01    13.7594      6.738      9.773    11.9480   999.5573 0.0000e+00
      6.913      0.098     1.5929     14.764     50.079  37.004751     0.6927      7.131   195.3789 1.2374e-01    13.7809      6.781      9.836    11.9453   999.5578 0.0000e+00
      6.948      0.089     1.5561     14.424     50.088  37.014872     0.6672      7.128   195.5640 1.2369e-01    13.8729      6.819      9.890    11.9432   999.5582 0.0000e+00
      6.971      0.078     1.5158     14.051     50.065  37.001339     0.6085      7.126   195.7971 1.2371e-01    13.9872      6.841      9.922    11.9426   999.5584 0.0000e+00
      6.981      0.067     1.4756     13.679     50.019  36.968084     0.5724      7.125   195.9616 1.2374e-01    14.0165      6.848      9.933    11.9424   999.5584 0.0000e+00
      6.985      0.061     1.4406     13.354     49.968  36.930167     0.5686      7.124   196.0902 1.2373e-01    13.9643      6.848      9.932    11.9430   999.5584 0.0000e+00
      6.994      0.066     1.4137     13.104     49.960  36.923738     0.5800      7.122   196.3194 1.2368e-01    13.9132      6.855      9.943    11.9472   999.5579 0.0000e+00
      7.011      0.083     1.3960     12.939     50.092  37.017302     0.6062      7.118   196.5821 1.2365e-01    13.9233      6.874      9.970    11.9516   999.5575 0.0000e+00
      7.033      0.107     1.3875     12.859     50.484  37.299726     0.6254      7.116   196.7716 1.2365e-01    13.9878      6.897     10.003    11.9514   999.5577 0.0000e+00
      7.061      0.129     1.3860     12.843     50.999  37.672461     0.6307      7.114   196.9751 1.2363e-01    14.0044      6.920     10.036    11.9508   999.5578 0.0000e+00
      7.101      0.144     1.3905     12.882     51.325  37.905780     0.6353      7.112   197.1504 1.2361e-01    13.9608      6.959     10.093    11.9519   999.5578 0.0000e+00
      7.151      0.154     1.3979     12.948     51.496  38.025974     0.6981      7.109   197.1697 1.2368e-01    13.9518      7.015     10.174    11.9474   999.5587 0.0000e+00
      7.198      0.158     1.3954     12.925     51.616  38.110046     0.8173      7.106   197.1225 1.2373e-01    13.9945      7.062     10.243    11.9400   999.5598 0.0000e+00
      7.237      0.156     1.3634     12.628     51.602  38.097048     0.8884      7.104   197.0953 1.2369e-01    14.0176      7.098     10.295    11.9326   999.5611 0.0000e+00
      7.272      0.147     1.2817     11.870     51.555  38.059245     0.9074      7.103   197.0135 1.2372e-01    14.0017      7.132     10.344    11.9235   999.5624 0.0000e+00
      7.308      0.136     1.1415     10.571     51.610  38.097330     0.9260      7.100   196.9943 1.2371e-01    13.9342      7.166     10.393    11.9170   999.5633 0.0000e+00
      7.343      0.125     0.9527      8.822     51.720  38.176645     0.9484      7.097   197.1213 1.2367e-01    13.8242      7.203     10.448    11.9140   999.5639 0.0000e+00
      7.376      0.115     0.7305      6.765     51.829  38.256481     0.9617      7.094   196.8284 1.2369e-01    13.7861      7.236     10.495    11.9112   999.5643 0.0000e+00
      7.403      0.106     0.4935      4.571     51.889  38.300853     0.9741      7.092   196.1203 1.2373e-01    13.8006      7.261     10.531    11.9080   999.5648 0.0000e+00
      7.428      0.101     0.2723      2.522     51.931  38.332271     1.0380      7.090   195.8723 1.2371e-01    13.7706      7.285     10.566    11.9054   999.5653 0.0000e+00
      7.450      0.102     0.0897      0.831     52.085  38.445916     1.1446      7.087   196.1533 1.2363e-01    13.7177      7.307     10.597    11.9044   999.5655 0.0000e+00
      7.469      0.109    -0.0451     -0.417     52.377  38.659228     1.2143      7.084   196.4207 1.2358e-01    13.7186      7.323     10.622    11.9035   999.5657 0.0000e+00
      7.492      0.121    -0.1290     -1.194     52.681  38.880001     1.2657      7.082   196.0078 1.2360e-01    13.7819      7.343     10.652    11.9030   999.5659 0.0000e+00
      7.525      0.132    -0.1686     -1.561     52.877  39.020370     1.6967      7.079   195.0328 1.2367e-01    13.9912      7.376     10.699    11.9044   999.5658 0.0000e+00
      7.567      0.139    -0.1742     -1.613     52.973  39.086773     2.4977      7.077   194.5264 1.2372e-01    14.3153      7.420     10.761    11.9049   999.5661 0.0000e+00
      7.612      0.142    -0.1559     -1.443     53.012  39.111525     2.9479      7.074   194.6171 1.2377e-01    14.4562      7.467     10.829    11.9030   999.5667 0.0000e+00
      7.653      0.140    -0.1237     -1.145     53.038  39.129188     3.0474      7.071   194.6664 1.2379e-01    14.4490      7.508     10.889    11.8989   999.5674 0.0000e+00
      7.687      0.133    -0.0899     -0.832     53.271  39.300334     3.6668      7.069   194.5197 1.2379e-01    14.6223      7.540     10.937    11.8950   999.5681 0.0000e+00
      7.715      0.124    -0.0614     -0.568     53.841  39.720718     4.8012      7.066   194.2204 1.2381e-01    14.9786      7.567     10.975    11.8904   999.5687 0.0000e+00
      7.743      0.117    -0.0339     -0.314     54.681  40.339471     5.4229      7.062   193.7149 1.2381e-01    15.1517      7.593     11.012    11.8857   999.5694 0.0000e+00
      7.771      0.115    -0.0068     -0.063     56.445  41.639285     5.4792      7.059   193.2255 1.2378e-01    15.1088      7.620     11.052    11.8840   999.5697 0.0000e+00
      7.799      0.116     0.0154      0.142     59.914  44.198810     5.4993      7.056   192.8636 1.2376e-01    15.0834      7.648     11.093    11.8848   999.5698 0.0000e+00
      7.828      0.119     0.0315      0.292     64.353  47.475242     5.6916      7.051   193.2116 1.2378e-01    15.0410      7.676     11.133    11.8852   999.5701 0.0000e+00
      7.859      0.121     0.0441      0.408     68.898  50.836061     6.0451      7.045   194.0768 1.2376e-01    14.9565      7.707     11.178    11.8826   999.5708 0.0000e+00
      7.892      0.122     0.0553      0.512     74.670  55.109632     6.2439      7.037   194.1186 1.2370e-01    14.9139      7.740     11.225    11.8810   999.5715 0.0000e+00
      7.924      0.122     0.0661      0.612     83.090  61.346845     6.2569      7.026   193.4592 1.2369e-01    14.8865      7.771     11.270    11.8819   999.5729 0.0000e+00
      7.956      0.122     0.0753      0.698     93.911  69.376234     6.1075      7.011   193.4173 1.2369e-01    14.8535      7.803     11.317    11.8824   999.5748 0.0000e+00
      7.987      0.123     0.0812      0.753    104.745  77.436841     5.8245      6.991   194.0419 1.2374e-01    14.8436      7.834     11.362    11.8875   999.5757 0.0000e+00
      8.016      0.123     0.0843      0.783    112.115  82.945241     5.6785      6.967   193.7842 1.2377e-01    14.8656      7.862     11.402    11.8972   999.5765 0.0000e+00
      8.046      0.122     0.0887      0.823    115.380  85.410922     5.6776      6.942   193.3990 1.2373e-01    14.9216      7.889     11.442    11.9086   999.5783 0.0000e+00
      8.079      0.120     0.0940      0.872    116.394  86.190659     5.6496      6.915   194.2882 1.2370e-01    15.0299      7.923     11.490    11.9292   999.5802 0.0000e+00
      8.114      0.118     0.0966      0.897    115.885  85.819258     5.5915      6.887   195.0713 1.2368e-01    15.1923      7.958     11.543    11.9594   999.5815 0.0000e+00
      8.145      0.115     0.0985      0.914    114.878  85.056136     5.5636      6.862   194.8655 1.2367e-01    15.2793      7.990     11.588    11.9891   999.5809 0.0000e+00
      8.172      0.111     0.1011      0.939    115.256  85.299139     5.5643      6.837   194.4668 1.2366e-01    15.2617      8.014     11.623    12.0131   999.5790 0.0000e+00
      8.198      0.106     0.1030      0.956    116.461  86.148623     5.5824      6.817   194.7245 1.2368e-01    14.9470      8.038     11.659    12.0266   999.5780 0.0000e+00
      8.224      0.102     0.1040      0.966    116.181  85.910028     5.6266      6.801   194.9704 1.2371e-01    14.3259      8.065     11.697    12.0278   999.5779 0.0000e+00
      8.249      0.100     0.1055      0.978    114.065  84.323017     5.6654      6.787   195.3753 1.2369e-01    13.9779      8.089     11.732    12.0207   999.5778 0.0000e+00
      8.275      0.099     0.1070      0.992    112.475  83.121297     5.6699      6.776   197.2975 1.2369e-01    13.9842      8.114     11.768    12.0023   999.5804 0.0000e+00
      8.300      0.098     0.1081      1.002    112.731  83.278003     5.5941      6.767   198.3361 1.2368e-01    13.9104      8.141     11.806    11.9804   999.5839 0.0000e+00
      8.325      0.098     0.1076      0.997    113.216  83.609271     5.4604      6.758   197.1776 1.2368e-01    13.6763      8.165     11.841    11.9679   999.5853 0.0000e+00
      8.349      0.098     0.1065      0.986    112.056  82.736738     5.3881      6.752   196.4551 1.2370e-01    13.5130      8.188     11.875    11.9607   999.5851 0.0000e+00
      8.373      0.099     0.1079      0.999    109.637  80.934991     5.3702      6.747   195.8810 1.2365e-01    13.3448      8.211     11.910    11.9497   999.5856 0.0000e+00
      8.398      0.102     0.1094      1.012    107.744  79.510026     5.2784      6.743   194.2802 1.2361e-01    11.5452      8.234     11.943    11.9328   999.5882 0.0000e+00
      8.423      0.105     0.1085      1.004    106.319  78.421264     5.1196      6.739   193.1026 1.2366e-01     8.1722      8.260     11.979    11.9191   999.5902 0.0000e+00
      8.451      0.109     0.1065      0.986    105.213  77.566304     5.0366      6.736   192.8277 1.2374e-01     6.2849      8.288     12.021    11.9145   999.5905 0.0000e+00
      8.480      0.111     0.1052      0.973    104.753  77.187035     5.0294      6.734   192.4196 1.2373e-01     6.0623      8.316     12.062    11.9107   999.5897 0.0000e+00
      8.510      0.113     0.1053      0.973    104.486  76.952096     5.0322      6.733   191.4378 1.2368e-01     5.9726      8.346     12.104    11.8961   999.5910 0.0000e+00
      8.540      0.115     0.1063      0.982    104.443  76.888099     5.0788      6.733   190.3352 1.2374e-01     5.4291      8.376     12.148    11.8768   999.5928 0.0000e+00
      8.568      0.116     0.1066      0.984    104.441  76.858473     5.1600      6.734   189.7562 1.2382e-01     4.4066      8.403     12.187    11.8595   999.5943 0.0000e+00
      8.597      0.116     0.1060      0.979    104.640  76.975502     5.1988      6.734   189.4284 1.2373e-01     3.8346      8.430     12.226    11.8391   999.5969 0.0000e+00
      8.628      0.117     0.1067      0.985    105.099  77.285432     5.2009      6.734   188.6947 1.2365e-01     3.7896      8.461     12.272    11.8198   999.5988 0.0000e+00
      8.658      0.117     0.1069      0.987    105.581  77.616483     5.1769      6.733   188.2842 1.2367e-01     3.6335      8.491     12.315    11.8053   999.6008 0.0000e+00
      8.688      0.117     0.1054      0.973    106.891  78.561254     5.1168      6.732   188.4236 1.2368e-01     3.3235      8.519     12.356    11.7927   999.6022 0.0000e+00
      8.718      0.118     0.1049      0.968    109.895  80.757643     5.0806      6.732   187.7981 1.2374e-01     3.1554      8.550     12.401    11.7782   999.6039 0.0000e+00
      8.747      0.120     0.1046      0.965    113.890  83.689647     5.0772      6.732   186.8306 1.2379e-01     3.0760      8.580     12.444    11.7645   999.6059 0.0000e+00
      8.777      0.123     0.1041      0.960    117.409  86.274266     5.1017      6.727   186.5344 1.2372e-01     2.8219      8.605     12.482    11.7536   999.6073 0.0000e+00
      8.807      0.125     0.1033      0.953    120.223  88.339266     5.1604      6.722   186.1949 1.2369e-01     2.4750      8.636     12.525    11.7443   999.6088 0.0000e+00
      8.841      0.127     0.1015      0.936    122.857  90.267132     5.1977      6.717   185.3932 1.2372e-01     2.3225      8.669     12.573    11.7389   999.6107 0.0000e+00
