Data/DataNotYetUploadedToEDI/Raw_CTD/2019_RawDownloads/082219_fcr50.cnv
* Sea-Bird SBE19plus  Data File:
* FileName = C:\DATA\082219_fcr50_0001.hex
* Software version 2.8.0.119 SB_Terminal.dll
* Temperature SN = 7809
* Conductivity SN = 7809
* System UpLoad Time = Aug 22 2019 09:46:41
* <ApplicationData>
* <Seaterm232>
# nquan = 16
# nvalues = 582                         
# units = specified
# name 0 = depFM: Depth [fresh water, m]
# name 1 = dz/dtM: Descent Rate [m/s]
# name 2 = sbeox0Mg/L: Oxygen, SBE 43 [mg/l]
# name 3 = sbeox0PS: Oxygen, SBE 43 [% saturation]
# name 4 = specc: Specific Conductance [uS/cm]
# name 5 = c0uS/cm: Conductivity [uS/cm]
# name 6 = flECO-AFL: Fluorescence, WET Labs ECO-AFL/FL [mg/m^3]
# name 7 = ph: pH
# name 8 = orp: Oxidation Reduction Potential [mV]
# name 9 = par/sat/log: PAR/Logarithmic, Satlantic
# name 10 = turbWETntu0: Turbidity, WET Labs ECO [NTU]
# name 11 = prdM: Pressure, Strain Gauge [db]
# name 12 = prdE: Pressure, Strain Gauge [psi]
# name 13 = tv290C: Temperature [ITS-90, deg C]
# name 14 = density00: Density [density, kg/m^3]
# name 15 = flag:  0.000e+00
# span 0 =     -0.585,      9.610       
# span 1 =     -0.196,      0.296       
# span 2 =    -0.1742,    10.4891       
# span 3 =     -1.613,    131.754       
# span 4 =      2.220,    231.402       
# span 5 =   2.100669, 170.565398       
# span 6 =    -0.1188,     9.7392       
# span 7 =      6.556,      9.395       
# span 8 = -1240.2555,   454.1273       
# span 9 = 1.2358e-01, 9.8279e+02       
# span 10 =    -0.5263,   352.1531      
# span 11 =     -0.574,      9.425      
# span 12 =     -0.833,     13.669      
# span 13 =    11.7187,    27.3053      
# span 14 =   996.4507,   999.6484      
# span 15 = 0.0000e+00, 0.0000e+00      
# interval = seconds: 0.25
# start_time = Aug 22 2019 09:26:00 [Instrument's time stamp, header]
# bad_flag = -9.990e-29
*END*
[from data line 362]
      3.873      0.107     0.1746      1.730     65.364  52.238833     2.6705      7.432   186.4040 1.8016e+00     2.8450      3.798      5.509    15.5163   999.0642 0.0000e+00
      3.899      0.106     0.1762      1.741     66.126  52.695296     2.6411      7.423   185.8340 1.7326e+00     2.6976      3.823      5.545    15.3649   999.0881 0.0000e+00
      3.926      0.104     0.1755      1.731     66.917  53.186311     2.6111      7.413   185.9950 1.6769e+00     2.4087      3.849      5.583    15.2174   999.1114 0.0000e+00
      3.953      0.102     0.1744      1.716     67.678  53.665153     2.6113      7.403   187.0599 1.6218e+00     2.2363      3.877      5.624    15.0812   999.1327 0.0000e+00
      3.980      0.100     0.1731      1.700     68.296  54.037890     2.6262      7.393   187.4384 1.5753e+00     2.2523      3.903      5.661    14.9531   999.1524 0.0000e+00
      4.005      0.098     0.1721      1.687     68.880  54.389428     2.6092      7.383   186.8725 1.5358e+00     2.2413      3.927      5.696    14.8387   999.1699 0.0000e+00
      4.029      0.097     0.1733      1.697     69.536  54.802470     2.5697      7.373   186.6700 1.4935e+00     2.1357      3.951      5.731    14.7333   999.1860 0.0000e+00
      4.052      0.095     0.1736      1.697     70.121  55.156437     2.5567      7.363   187.3136 1.4502e+00     2.0570      3.973      5.764    14.6418   999.1997 0.0000e+00
      4.075      0.095     0.1693      1.652     70.530  55.365426     2.5644      7.354   187.8564 1.4166e+00     2.0433      3.996      5.796    14.5577   999.2123 0.0000e+00
      4.100      0.095     0.1641      1.598     70.667  55.359682     2.5500      7.345   187.6406 1.3929e+00     2.1013      4.021      5.832    14.4746   999.2247 0.0000e+00
      4.125      0.095     0.1602      1.558     70.460  55.086846     2.5126      7.335   186.8554 1.3689e+00     2.2014      4.046      5.868    14.4035   999.2353 0.0000e+00
      4.149      0.096     0.1572      1.526     69.984  54.607771     2.4939      7.325   185.7616 1.3379e+00     2.2373      4.069      5.902    14.3284   999.2464 0.0000e+00
      4.173      0.097     0.1549      1.501     69.277  53.950791     2.4970      7.316   184.9128 1.3047e+00     2.2406      4.092      5.935    14.2460   999.2584 0.0000e+00
      4.198      0.098     0.1528      1.478     68.504  53.242087     2.4986      7.307   184.8531 1.2740e+00     2.2420      4.117      5.970    14.1649   999.2700 0.0000e+00
      4.223      0.098     0.1514      1.463     67.874  52.645686     2.4951      7.299   185.2111 1.2432e+00     2.1884      4.140      6.005    14.0858   999.2811 0.0000e+00
      4.248      0.095     0.1504      1.450     67.596  52.329925     2.4899      7.293   184.8531 1.2110e+00     2.1169      4.164      6.040    14.0110   999.2915 0.0000e+00
      4.276      0.088     0.1495      1.440     67.635  52.282752     2.4884      7.287   183.9663 1.1766e+00     2.0658      4.194      6.083    13.9345   999.3020 0.0000e+00
      4.302      0.079     0.1484      1.428     67.339  52.011715     2.4848      7.280   183.6096 1.1489e+00     2.0284      4.222      6.124    13.8572   999.3124 0.0000e+00
      4.322      0.073     0.1459      1.404     66.333  51.212545     2.4809      7.275   183.6376 1.1300e+00     2.0263      4.241      6.150    13.7777   999.3231 0.0000e+00
      4.334      0.071     0.1425      1.370     64.959  50.115536     2.4854      7.270   183.1000 1.1247e+00     2.0395      4.252      6.166    13.6990   999.3337 0.0000e+00
      4.341      0.074     0.1402      1.346     63.403  48.847296     2.4956      7.265   181.7557 1.1220e+00     2.0566      4.256      6.172    13.6356   999.3425 0.0000e+00
      4.355      0.079     0.1400      1.342     61.689  47.437964     2.4996      7.261   180.8063 1.0938e+00     2.0691      4.266      6.187    13.6085   999.3461 0.0000e+00
      4.380      0.088     0.1389      1.330     60.062  46.095015     2.5259      7.259   180.7412 1.0528e+00     2.0606      4.293      6.227    13.6054   999.3462 0.0000e+00
      4.411      0.097     0.1369      1.308     58.488  44.803028     2.5879      7.257   180.8821 1.0148e+00     2.0517      4.326      6.276    13.5815   999.3491 0.0000e+00
      4.441      0.103     0.1361      1.299     56.805  43.437458     2.6254      7.256   180.7031 9.9146e-01     2.0607      4.356      6.319    13.5232   999.3564 0.0000e+00
      4.468      0.104     0.1355      1.292     55.307  42.220048     2.6231      7.256   180.2117 9.7505e-01     2.1030      4.382      6.355    13.4454   999.3662 0.0000e+00
      4.493      0.102     0.1350      1.285     54.384  41.448895     2.5521      7.257   179.7586 9.4470e-01     2.2351      4.406      6.390    13.3657   999.3763 0.0000e+00
      4.518      0.098     0.1342      1.276     54.338  41.351478     2.4258      7.257   179.3541 9.1449e-01     2.4458      4.431      6.426    13.2943   999.3853 0.0000e+00
      4.543      0.097     0.1337      1.269     54.160  41.169093     2.3701      7.259   179.1075 8.9932e-01     2.5856      4.455      6.461    13.2289   999.3932 0.0000e+00
      4.567      0.098     0.1326      1.258     52.505  39.878353     2.3716      7.262   179.2711 8.9552e-01     2.6474      4.479      6.496    13.1623   999.4014 0.0000e+00
      4.590      0.100     0.1299      1.231     50.506  38.315393     2.3149      7.265   179.5260 8.7024e-01     2.8981      4.502      6.528    13.1042   999.4085 0.0000e+00
      4.614      0.101     0.1280      1.211     49.534  37.507520     2.2049      7.268   179.3504 8.2011e-01     3.3227      4.524      6.562    13.0443   999.4163 0.0000e+00
      4.641      0.103     0.1277      1.206     49.339  37.283590     2.1338      7.271   178.9539 7.8156e-01     3.5215      4.552      6.602    12.9933   999.4233 0.0000e+00
      4.670      0.103     0.1285      1.211     49.477  37.321685     2.1229      7.275   178.6906 7.5809e-01     3.5315      4.581      6.644    12.9793   999.4243 0.0000e+00
      4.698      0.103     0.1304      1.228     49.815  37.523704     2.1251      7.277   178.4039 7.4044e-01     3.6080      4.607      6.682    12.9411   999.4284 0.0000e+00
      4.724      0.102     0.1386      1.305     50.189  37.758324     2.0652      7.280   178.0679 7.2138e-01     4.0859      4.633      6.720    12.8573   999.4388 0.0000e+00
      4.749      0.100     0.1665      1.565     50.409  37.873209     1.9451      7.283   177.8120 6.9391e-01     4.9176      4.658      6.756    12.7749   999.4491 0.0000e+00
      4.773      0.099     0.2238      2.100     50.510  37.897057     1.8786      7.286   177.7190 6.6512e-01     5.3404      4.682      6.790    12.7071   999.4577 0.0000e+00
      4.798      0.099     0.3128      2.933     50.521  37.856176     1.8672      7.286   177.8898 6.4680e-01     5.3955      4.704      6.823    12.6574   999.4640 0.0000e+00
      4.823      0.100     0.4315      4.042     50.452  37.759731     1.7899      7.286   178.0709 6.3964e-01     5.9774      4.728      6.858    12.6159   999.4694 0.0000e+00
      4.849      0.101     0.5727      5.360     50.490  37.746555     1.6545      7.284   178.1009 6.3530e-01     7.0340      4.755      6.897    12.5647   999.4757 0.0000e+00
      4.876      0.104     0.7259      6.789     50.729  37.887256     1.5917      7.282   177.9953 6.1958e-01     7.6183      4.781      6.935    12.5101   999.4825 0.0000e+00
      4.902      0.106     0.8769      8.194     50.927  38.000878     1.5852      7.282   177.8256 5.9797e-01     7.7330      4.808      6.972    12.4613   999.4885 0.0000e+00
      4.928      0.108     1.0113      9.444     50.936  37.977689     1.5152      7.282   177.7697 5.8495e-01     8.3883      4.832      7.008    12.4172   999.4938 0.0000e+00
      4.956      0.109     1.1246     10.496     50.897  37.924242     1.3962      7.281   177.7501 5.6562e-01     9.6103      4.859      7.047    12.3764   999.4988 0.0000e+00
      4.986      0.110     1.2166     11.351     50.839  37.862471     1.3337      7.280   177.5025 5.3824e-01    10.2830      4.889      7.091    12.3384   999.5036 0.0000e+00
      5.015      0.111     1.2845     11.980     50.780  37.802108     1.3237      7.279   177.1860 5.1937e-01    10.3936      4.918      7.134    12.3050   999.5077 0.0000e+00
      5.043      0.114     1.3284     12.385     50.839  37.829163     1.2922      7.276   177.2785 5.1403e-01    11.0127      4.945      7.173    12.2752   999.5113 0.0000e+00
      5.069      0.116     1.3488     12.570     51.603  38.380007     1.2391      7.273   177.6742 5.0607e-01    12.1647      4.970      7.209    12.2506   999.5144 0.0000e+00
      5.099      0.117     1.3489     12.567     53.062  39.447221     1.2110      7.271   177.9261 4.8519e-01    12.8196      4.999      7.251    12.2347   999.5162 0.0000e+00
      5.130      0.118     1.3353     12.436     53.665  39.877268     1.2123      7.269   178.0016 4.5583e-01    12.9006      5.031      7.296    12.2197   999.5181 0.0000e+00
      5.163      0.117     1.3153     12.243     52.778  39.199412     1.2020      7.266   178.5874 4.1992e-01    13.2111      5.064      7.344    12.2025   999.5203 0.0000e+00
      5.195      0.112     1.2954     12.053     51.592  38.297911     1.1734      7.262   179.5889 3.9348e-01    13.8201      5.094      7.389    12.1857   999.5225 0.0000e+00
      5.225      0.104     1.2794     11.899     51.120  37.928236     1.1617      7.258   180.2151 3.8667e-01    14.1685      5.124      7.431    12.1680   999.5256 0.0000e+00
      5.252      0.098     1.2709     11.816     51.105  37.903745     1.1646      7.255   180.6528 3.8235e-01    14.2112      5.153      7.473    12.1516   999.5280 0.0000e+00
      5.273      0.097     1.2739     11.842     50.990  37.811341     1.1641      7.251   181.1809 3.6664e-01    14.2382      5.174      7.505    12.1341   999.5295 0.0000e+00
      5.288      0.101     1.2977     12.062     50.760  37.636205     1.1916      7.247   181.7821 3.4856e-01    14.4621      5.186      7.522    12.1124   999.5315 0.0000e+00
      5.307      0.107     1.3515     12.560     50.500  37.436623     1.2454      7.245   182.6739 3.1869e-01    14.8861      5.199      7.540    12.0919   999.5338 0.0000e+00
      5.337      0.115     1.4309     13.295     50.161  37.175572     1.2772      7.244   183.7892 2.7434e-01    15.1371      5.230      7.585    12.0784   999.5357 0.0000e+00
      5.377      0.124     1.5222     14.140     49.879  36.955444     1.2985      7.242   184.5982 2.4366e-01    15.1701      5.273      7.649    12.0726   999.5364 0.0000e+00
      5.415      0.130     1.6153     15.002     49.775  36.869796     1.4768      7.241   184.8839 2.2851e-01    15.2535      5.313      7.706    12.0707   999.5367 0.0000e+00
      5.449      0.131     1.7052     15.834     49.741  36.838228     1.8030      7.239   184.9210 2.1451e-01    15.4572      5.344      7.751    12.0647   999.5376 0.0000e+00
      5.480      0.129     1.7914     16.633     49.734  36.827658     1.9821      7.236   184.9608 1.9589e-01    15.6007      5.374      7.794    12.0533   999.5389 0.0000e+00
      5.510      0.125     1.8749     17.406     49.709  36.805457     1.9871      7.233   185.2792 1.7434e-01    15.6118      5.403      7.837    12.0411   999.5403 0.0000e+00
      5.540      0.121     1.9515     18.116     49.653  36.760224     1.8636      7.231   186.0171 1.5879e-01    15.4933      5.433      7.880    12.0324   999.5414 0.0000e+00
      5.572      0.117     2.0189     18.740     49.610  36.725071     1.6409      7.231   186.6561 1.4754e-01    15.2493      5.463      7.924    12.0276   999.5421 0.0000e+00
      5.606      0.115     2.0786     19.293     49.577  36.697796     1.5234      7.230   187.0679 1.3826e-01    15.0875      5.498      7.975    12.0221   999.5429 0.0000e+00
      5.636      0.115     2.1356     19.821     49.561  36.684344     1.5179      7.229   187.4684 1.3577e-01    15.0771      5.530      8.020    12.0171   999.5436 0.0000e+00
      5.660      0.114     2.1894     20.320     49.570  36.689364     1.5485      7.227   187.1970 1.3420e-01    14.9595      5.550      8.050    12.0138   999.5440 0.0000e+00
      5.685      0.113     2.2322     20.716     49.581  36.695019     1.6074      7.226   186.4540 1.2815e-01    14.6489      5.571      8.081    12.0107   999.5445 0.0000e+00
      5.716      0.114     2.2636     21.007     49.576  36.689244     1.6394      7.223   186.4003 1.2413e-01    14.4346      5.606      8.130    12.0081   999.5449 0.0000e+00
      5.748      0.118     2.2849     21.204     49.570  36.683000     1.6333      7.221   186.7195 1.2378e-01    14.4010      5.639      8.179    12.0067   999.5452 0.0000e+00
      5.776      0.123     2.2934     21.282     49.572  36.683001     1.5333      7.219   187.0438 1.2372e-01    14.3076      5.664      8.215    12.0051   999.5455 0.0000e+00
      5.806      0.127     2.2953     21.299     49.583  36.689254     1.3399      7.217   186.8794 1.2370e-01    14.1252      5.691      8.254    12.0018   999.5460 0.0000e+00
      5.840      0.129     2.2953     21.298     49.593  36.695125     1.2290      7.215   185.8513 1.2373e-01    14.0304      5.726      8.305    11.9992   999.5464 0.0000e+00
      5.876      0.131     2.2882     21.231     49.588  36.690510     1.2073      7.214   185.4538 1.2374e-01    14.0130      5.763      8.359    11.9983   999.5468 0.0000e+00
      5.911      0.134     2.2764     21.121     49.597  36.696935     1.0594      7.212   185.9457 1.2373e-01    13.8821      5.798      8.410    11.9969   999.5471 0.0000e+00
      5.944      0.136     2.2649     21.016     49.612  36.709328     0.7932      7.210   186.6354 1.2375e-01    13.5952      5.829      8.454    11.9947   999.5475 0.0000e+00
      5.976      0.136     2.2525     20.901     49.617  36.713405     0.6511      7.208   187.4257 1.2380e-01    13.3958      5.860      8.499    11.9924   999.5480 0.0000e+00
      6.011      0.136     2.2377     20.764     49.661  36.746220     0.6327      7.205   187.6722 1.2380e-01    13.3384      5.894      8.549    11.9916   999.5482 0.0000e+00
      6.047      0.135     2.2222     20.619     49.721  36.788723     0.6225      7.202   187.3785 1.2376e-01    13.2945      5.931      8.600    11.9924   999.5482 0.0000e+00
      6.084      0.134     2.2046     20.455     49.716  36.782969     0.6231      7.200   187.3156 1.2373e-01    13.2255      5.967      8.653    11.9932   999.5483 0.0000e+00
      6.119      0.131     2.1832     20.256     49.661  36.740120     0.6321      7.198   187.5148 1.2372e-01    13.1268      6.001      8.704    11.9946   999.5484 0.0000e+00
      6.152      0.127     2.1610     20.050     49.628  36.714968     0.6359      7.196   187.8082 1.2372e-01    13.0518      6.033      8.751    11.9942   999.5486 0.0000e+00
      6.183      0.124     2.1375     19.831     49.652  36.732754     0.6348      7.195   188.7980 1.2369e-01    13.0403      6.064      8.795    11.9925   999.5490 0.0000e+00
      6.211      0.124     2.1081     19.557     49.697  36.764742     0.6524      7.193   190.1040 1.2368e-01    13.0854      6.092      8.836    11.9907   999.5493 0.0000e+00
      6.240      0.125     2.0718     19.220     49.727  36.784353     0.6927      7.190   190.5210 1.2367e-01    13.1055      6.118      8.874    11.9879   999.5497 0.0000e+00
      6.272      0.126     2.0354     18.881     49.726  36.779435     0.7146      7.186   190.2258 1.2363e-01    13.0540      6.149      8.918    11.9866   999.5500 0.0000e+00
      6.307      0.129     2.0037     18.586     49.716  36.768746     0.7096      7.184   189.8906 1.2360e-01    13.0203      6.184      8.969    11.9873   999.5501 0.0000e+00
