Data/DataNotYetUploadedToEDI/Raw_CTD/2019_RawDownloads/082219_fcr50.cnv
* Sea-Bird SBE19plus  Data File:
* FileName = C:\DATA\082219_fcr50_0001.hex
* Software version 2.8.0.119 SB_Terminal.dll
* Temperature SN = 7809
* Conductivity SN = 7809
* System UpLoad Time = Aug 22 2019 09:46:41
* <ApplicationData>
* <Seaterm232>
# nquan = 16
# nvalues = 582                         
# units = specified
# name 0 = depFM: Depth [fresh water, m]
# name 1 = dz/dtM: Descent Rate [m/s]
# name 2 = sbeox0Mg/L: Oxygen, SBE 43 [mg/l]
# name 3 = sbeox0PS: Oxygen, SBE 43 [% saturation]
# name 4 = specc: Specific Conductance [uS/cm]
# name 5 = c0uS/cm: Conductivity [uS/cm]
# name 6 = flECO-AFL: Fluorescence, WET Labs ECO-AFL/FL [mg/m^3]
# name 7 = ph: pH
# name 8 = orp: Oxidation Reduction Potential [mV]
# name 9 = par/sat/log: PAR/Logarithmic, Satlantic
# name 10 = turbWETntu0: Turbidity, WET Labs ECO [NTU]
# name 11 = prdM: Pressure, Strain Gauge [db]
# name 12 = prdE: Pressure, Strain Gauge [psi]
# name 13 = tv290C: Temperature [ITS-90, deg C]
# name 14 = density00: Density [density, kg/m^3]
# name 15 = flag:  0.000e+00
# span 0 =     -0.585,      9.610       
# span 1 =     -0.196,      0.296       
# span 2 =    -0.1742,    10.4891       
# span 3 =     -1.613,    131.754       
# span 4 =      2.220,    231.402       
# span 5 =   2.100669, 170.565398       
# span 6 =    -0.1188,     9.7392       
# span 7 =      6.556,      9.395       
# span 8 = -1240.2555,   454.1273       
# span 9 = 1.2358e-01, 9.8279e+02       
# span 10 =    -0.5263,   352.1531      
# span 11 =     -0.574,      9.425      
# span 12 =     -0.833,     13.669      
# span 13 =    11.7187,    27.3053      
# span 14 =   996.4507,   999.6484      
# span 15 = 0.0000e+00, 0.0000e+00      
# interval = seconds: 0.25
# start_time = Aug 22 2019 09:26:00 [Instrument's time stamp, header]
# bad_flag = -9.990e-29
*END*
     -0.585      0.000     8.1930     94.263      2.220   2.100669    -0.1188      6.729 -1240.2555 8.1674e+02    -0.5263     -0.574     -0.832    22.3007   997.7089 0.0000e+00
     -0.585      0.000     8.1917     94.251      2.327   2.201998    -0.1095      6.729 -1235.3571 4.3085e+02    -0.5057     -0.574     -0.832    22.3018   997.7086 0.0000e+00
     -0.585      0.000     8.1916     94.256      2.734   2.588500    -0.1020      6.737 -1181.4736 2.0889e+02    -0.4490     -0.574     -0.833    22.3029   997.7084 0.0000e+00
     -0.585      0.004     8.1921     94.294      6.205   5.886723    -0.0284      6.878  -588.7542 3.5032e+02    -0.2342     -0.574     -0.833    22.3048   997.7080 0.0000e+00
     -0.585      0.020     8.1675     94.318     18.182  17.361948     0.1041      7.295   292.5793 6.7371e+02     0.1908     -0.573     -0.831    22.3066   997.7077 0.0000e+00
     -0.585      0.056     8.0745     94.292     33.800  32.643119     0.1988      7.878   454.1273 6.8887e+02     0.4951     -0.574     -0.832    22.3083   997.7070 0.0000e+00
     -0.584      0.109     7.9249     94.242     41.059  40.316434     0.4058      8.401   257.9570 4.2259e+02     1.2820     -0.573     -0.832    22.3093   997.7072 0.0000e+00
     -0.571      0.169     7.7813     94.196     40.976  40.984758     2.5032      8.772   233.6940 4.5154e+02     9.9997     -0.573     -0.831    22.3122   997.7059 0.0000e+00
     -0.521      0.225     7.6775     94.220     39.993  40.598103     6.3377      9.017   227.0164 7.6991e+02    26.0012     -0.530     -0.769    22.3159   997.7092 0.0000e+00
     -0.430      0.269     7.6170     94.364     39.334  40.340290     8.4122      9.178   223.3352 9.6159e+02    34.6959     -0.424     -0.616    22.9062   997.5787 0.0000e+00
     -0.324      0.295     7.5976     94.671     38.909  40.153613     8.4605      9.284   220.7626 9.8279e+02    34.8673     -0.314     -0.456    24.1187   997.2874 0.0000e+00
     -0.228      0.296     7.6078     95.142     38.601  39.991936     6.9301      9.347   219.3141 8.9940e+02    27.6797     -0.215     -0.312    25.0977   997.0402 0.0000e+00
     -0.155      0.267     7.6356     95.701     38.368  39.845797     4.0835      9.379   218.7270 7.4040e+02    14.3197     -0.146     -0.210    25.8343   996.8480 0.0000e+00
     -0.098      0.217     7.6760     96.288     38.212  39.719933     2.5233      9.392   218.5680 7.1964e+02     7.0107     -0.101     -0.145    26.3594   996.7083 0.0000e+00
     -0.045      0.162     7.7202     96.842     38.109  39.612850     2.3881      9.395   218.4238 8.1821e+02     6.3594     -0.037     -0.054    26.6235   996.6370 0.0000e+00
     -0.006      0.114     7.7592     97.309     38.013  39.503283     2.4309      9.393   217.7576 8.0891e+02     6.3131      0.005      0.008    26.8232   996.5828 0.0000e+00
      0.008      0.074     7.7875     97.644     37.933  39.410840     2.5124      9.388   216.7079 7.4176e+02     6.2864      0.010      0.016    26.9498   996.5480 0.0000e+00
      0.011      0.043     7.8017     97.806     37.913  39.383847     2.5502      9.381   215.9707 7.1126e+02     6.2665      0.011      0.015    26.9853   996.5383 0.0000e+00
      0.012      0.020     7.8027     97.824     37.956  39.430821     2.5494      9.373   215.7276 7.0223e+02     6.2688      0.012      0.017    26.9663   996.5434 0.0000e+00
      0.013      0.007     7.7948     97.751     37.984  39.470965     2.5468      9.366   215.5754 7.1231e+02     6.2162      0.013      0.018    26.9523   996.5472 0.0000e+00
      0.013      0.002     7.7901     97.713     37.992  39.488360     2.5538      9.359   215.0773 7.7321e+02     6.1222      0.013      0.018    26.9428   996.5498 0.0000e+00
      0.014      0.001     7.8268     98.182     38.013  39.514186     2.5548      9.352   214.4368 8.1337e+02     6.0828      0.013      0.019    26.9286   996.5537 0.0000e+00
      0.014      0.001     7.9237     99.407     38.023  39.529314     2.5425      9.347   214.1126 7.3684e+02     6.0681      0.014      0.020    26.9298   996.5534 0.0000e+00
      0.014      0.000     8.0255    100.706     38.029  39.544309     2.5256      9.343   213.8238 6.6479e+02     6.0429      0.013      0.019    26.9542   996.5467 0.0000e+00
      0.014 4.2508e-07     8.0883    101.521     38.041  39.568554     2.4980      9.340   213.3543 6.5634e+02     6.0402      0.013      0.019    26.9677   996.5429 0.0000e+00
      0.014      0.000     8.1193    101.940     38.029  39.568540     2.4773      9.335   212.9958 6.5552e+02     6.0676      0.014      0.020    26.9667   996.5432 0.0000e+00
      0.014      0.000     8.1212    101.994     37.994  39.544165     2.4748      9.330   212.6730 6.6730e+02     6.0791      0.013      0.019    26.9701   996.5424 0.0000e+00
      0.014      0.001     8.0952    101.696     37.967  39.527783     2.4853      9.325   212.2050 6.9493e+02     6.0806      0.014      0.020    26.9845   996.5384 0.0000e+00
      0.014      0.001     8.0489    101.136     37.929  39.497449     2.5699      9.320   211.8106 7.0203e+02     6.1524      0.013      0.020    27.0009   996.5338 0.0000e+00
      0.014      0.000     7.9841    100.333     37.861  39.431338     2.7179      9.314   211.5177 6.9437e+02     6.2580      0.014      0.019    27.0165   996.5296 0.0000e+00
      0.015 1.8474e-08     7.9070     99.363     37.796  39.363253     2.7918      9.308   211.1589 6.7062e+02     6.3095      0.015      0.021    27.0342   996.5247 0.0000e+00
      0.015 2.0321e-07     7.8240     98.315     37.746  39.309039     2.7953      9.302   210.7424 5.4447e+02     6.3155      0.014      0.022    27.0509   996.5200 0.0000e+00
      0.014 2.0321e-07     7.7319     97.158     37.722  39.283677     2.8386      9.296   210.3530 4.0645e+02     6.2986      0.014      0.020    27.0626   996.5169 0.0000e+00
      0.014 1.8474e-08     7.6337     95.933     37.743  39.310526     2.9247      9.290   210.0645 4.5012e+02     6.3016      0.014      0.020    27.0696   996.5149 0.0000e+00
      0.014 1.6794e-09     7.5399     94.767     37.804  39.379756     2.9779      9.284   209.7500 6.0391e+02     6.3187      0.014      0.020    27.0682   996.5153 0.0000e+00
      0.014 1.5267e-10     7.4572     93.738     37.901  39.485940     2.9792      9.279   209.3893 7.0937e+02     6.3088      0.014      0.020    27.0611   996.5172 0.0000e+00
      0.015 1.3880e-11     7.3852     92.841     37.988  39.578703     2.9407      9.275   208.9728 7.4575e+02     6.3130      0.015      0.021    27.0615   996.5171 0.0000e+00
      0.015 1.2618e-12     7.3230     92.064     38.018  39.612614     2.8852      9.271   208.5855 7.3543e+02     6.3367      0.014      0.021    27.0695   996.5149 0.0000e+00
      0.015 1.1471e-13     7.2762     91.482     38.043  39.642039     2.8638      9.268   208.4920 7.1744e+02     6.3659      0.015      0.021    27.0778   996.5127 0.0000e+00
      0.015 1.0428e-14     7.2524     91.192     38.077  39.680553     2.8633      9.265   208.4445 7.0928e+02     6.3712      0.014      0.021    27.0843   996.5109 0.0000e+00
      0.015 9.4800e-16     7.2563     91.250     38.089  39.697400     2.8183      9.262   208.2695 6.9164e+02     6.3021      0.014      0.021    27.0881   996.5098 0.0000e+00
      0.015 8.6180e-17     7.2944     91.738     38.105  39.718787     2.7276      9.260   208.0975 7.2762e+02     6.2524      0.014      0.020    27.0902   996.5093 0.0000e+00
      0.015 7.8345e-18     7.3752     92.762     38.131  39.748699     2.6683      9.258   207.8270 7.8105e+02     6.2944      0.014      0.021    27.0936   996.5084 0.0000e+00
      0.015 7.1225e-19     7.4972     94.301     38.121  39.741669     2.6651      9.258   207.4090 7.4735e+02     6.3175      0.015      0.022    27.0994   996.5068 0.0000e+00
      0.015 6.4750e-20     7.6443     96.158     38.075  39.697274     2.6968      9.256   207.0008 7.0816e+02     6.1715      0.015      0.021    27.1060   996.5049 0.0000e+00
      0.015 5.8865e-21     7.7961     98.073     38.034  39.656294     2.7317      9.255   206.7638 7.1172e+02     5.9383      0.015      0.022    27.1117   996.5034 0.0000e+00
      0.015 5.3510e-22     7.9357     99.833     38.005  39.627074     2.7397      9.254   206.6073 7.1998e+02     5.8250      0.014      0.021    27.1157   996.5023 0.0000e+00
      0.015 4.8647e-23     8.0501    101.269     37.978  39.597900     2.7330      9.253   206.4857 7.0794e+02     5.8178      0.015      0.022    27.1188   996.5014 0.0000e+00
      0.015 4.4224e-24     8.1286    102.245     37.943  39.557473     2.7290      9.251   206.4122 6.8549e+02     5.8184      0.015      0.021    27.1229   996.5003 0.0000e+00
      0.015 4.0204e-25     8.1681    102.730     37.912  39.519154     2.7778      9.248   206.2340 6.9221e+02     5.8646      0.015      0.022    27.1270   996.4991 0.0000e+00
      0.015 3.6549e-26     8.1743    102.795     37.913  39.515472     2.8634      9.245   205.9669 7.2515e+02     5.9831      0.015      0.022    27.1285   996.4987 0.0000e+00
      0.015 3.3227e-27     8.1558    102.551     37.914  39.512946     2.9055      9.244   205.7636 7.6245e+02     6.0394      0.015      0.022    27.1270   996.4991 0.0000e+00
      0.015 3.0227e-28     8.1217    102.115     37.894  39.488602     2.9141      9.242   205.8406 7.5240e+02     6.0209      0.014      0.021    27.1210   996.5007 0.0000e+00
      0.015 2.9748e-29     8.0804    101.591     37.883  39.475055     2.9414      9.238   206.0376 7.2167e+02     5.9881      0.015      0.021    27.1126   996.5031 0.0000e+00
      0.015 2.7668e-29     8.0388    101.065     37.886  39.476106     3.0014      9.235   205.9092 7.2844e+02     5.9053      0.015      0.022    27.1056   996.5050 0.0000e+00
      0.015 2.7711e-28     8.0004    100.583     37.910  39.501298     3.0418      9.233   205.5785 7.2714e+02     5.8392      0.015      0.022    27.1004   996.5065 0.0000e+00
      0.015 3.0458e-27     7.9663    100.156     37.933  39.525726     3.0397      9.230   205.3084 7.1030e+02     5.8447      0.015      0.022    27.0965   996.5075 0.0000e+00
      0.015 3.3503e-26     7.9367     99.787     37.924  39.517542     3.0107      9.229   205.0524 6.9418e+02     6.0367      0.015      0.021    27.0936   996.5083 0.0000e+00
      0.015 3.6854e-25     7.9081     99.432     37.933  39.529312     2.9691      9.228   204.9780 6.6727e+02     6.3914      0.015      0.022    27.0917   996.5088 0.0000e+00
      0.015 4.0539e-24     7.8780     99.059     37.941  39.541084     2.9435      9.227   205.1834 6.6733e+02     6.5604      0.015      0.021    27.0915   996.5089 0.0000e+00
      0.015 4.4593e-23     7.8498     98.713     37.931  39.532910     2.9262      9.226   205.2998 7.0661e+02     6.5399      0.015      0.022    27.0925   996.5086 0.0000e+00
      0.016 4.9052e-22     7.8268     98.433     37.951  39.557450     2.8820      9.225   205.1802 7.3831e+02     6.4391      0.016      0.023    27.0940   996.5081 0.0000e+00
      0.016 5.3957e-21     7.8091     98.217     37.973  39.583889     2.8242      9.223   204.9415 7.4197e+02     6.2257      0.015      0.022    27.0970   996.5074 0.0000e+00
      0.016 5.9353e-20     7.7979     98.079     37.987  39.598656     2.8084      9.220   204.7367 7.2101e+02     6.0907      0.015      0.022    27.1012   996.5062 0.0000e+00
      0.016 6.5288e-19     7.7969     98.065     37.997  39.609033     2.8217      9.220   204.6827 7.1900e+02     6.1174      0.015      0.022    27.1059   996.5049 0.0000e+00
      0.016 7.1817e-18     7.8039     98.150     37.973  39.582401     2.8371      9.219   204.6334 7.5545e+02     6.1874      0.015      0.022    27.1112   996.5035 0.0000e+00
      0.016 7.8999e-17     7.8146     98.282     37.924  39.530569     2.8558      9.215   204.4847 7.6326e+02     6.2493      0.015      0.022    27.1153   996.5023 0.0000e+00
      0.016 8.6899e-16     7.8295     98.467     37.886  39.490182     2.8570      9.211   204.2614 7.3356e+02     6.3088      0.016      0.023    27.1169   996.5019 0.0000e+00
      0.016 9.5589e-15     7.8468     98.680     37.873  39.474968     2.8515      9.207   203.9987 7.4087e+02     6.3821      0.016      0.023    27.1159   996.5022 0.0000e+00
      0.016 1.0515e-13     7.8609     98.849     37.875  39.473575     2.8595      9.205   203.8034 7.7474e+02     6.4151      0.015      0.022    27.1134   996.5029 0.0000e+00
      0.016 1.1566e-12     7.8649     98.888     37.879  39.473335     2.9012      9.204   203.7072 7.6703e+02     6.3467      0.015      0.022    27.1113   996.5034 0.0000e+00
      0.016 1.2723e-11     7.8551     98.752     37.883  39.472054     2.9739      9.203   203.6093 7.3393e+02     6.2758      0.016      0.023    27.1107   996.5036 0.0000e+00
      0.016 1.3995e-10     7.8324     98.454     37.876  39.458078     3.0195      9.202   203.4808 7.2497e+02     6.2790      0.016      0.023    27.1094   996.5040 0.0000e+00
      0.016 1.5395e-09     7.7990     98.018     37.857  39.431311     3.0278      9.199   203.3574 7.2744e+02     6.2870      0.015      0.022    27.1048   996.5052 0.0000e+00
      0.016 1.6934e-08     7.7575     97.478     37.837  39.402336     2.9873      9.198   203.1497 7.2470e+02     6.2750      0.016      0.023    27.0977   996.5072 0.0000e+00
      0.017 1.8627e-07     7.7101     96.861     37.807  39.361654     2.9023      9.197   202.9482 7.2960e+02     6.2967      0.017      0.024    27.0905   996.5092 0.0000e+00
      0.017 1.8627e-07     7.6613     96.227     37.776  39.320299     2.8506      9.195   202.9864 7.3346e+02     6.3212      0.016      0.024    27.0835   996.5112 0.0000e+00
      0.016 1.6934e-08     7.6161     95.641     37.748  39.283178     2.8476      9.194   203.0089 7.3213e+02     6.3092      0.016      0.023    27.0745   996.5136 0.0000e+00
      0.016 1.5395e-09     7.5743     95.098     37.704  39.230210     2.8401      9.193   202.8754 7.3019e+02     6.3475      0.016      0.023    27.0628   996.5168 0.0000e+00
      0.016 1.3995e-10     7.5343     94.576     37.672  39.187695     2.8114      9.190   202.7496 7.2872e+02     6.4237      0.016      0.023    27.0501   996.5203 0.0000e+00
      0.016 1.2746e-11     7.4963     94.078     37.645  39.149996     2.7952      9.188   202.6061 7.3113e+02     6.4444      0.016      0.023    27.0378   996.5236 0.0000e+00
      0.016 1.4111e-12     7.4604     93.605     37.598  39.091780     2.8007      9.187   202.4318 7.2821e+02     6.4664      0.016      0.023    27.0269   996.5266 0.0000e+00
      0.016 2.9040e-12     7.4244     93.132     37.572  39.055115     2.8337      9.186   202.2764 7.2555e+02     6.5594      0.016      0.023    27.0170   996.5293 0.0000e+00
      0.016 3.0797e-11     7.3861     92.631     37.551  39.024069     2.8907      9.186   202.1902 7.2236e+02     6.6508      0.016      0.023    27.0057   996.5324 0.0000e+00
      0.016 3.3866e-10     7.3434     92.076     37.508  38.970305     2.9188      9.186   202.0776 6.7788e+02     6.6873      0.016      0.023    26.9928   996.5361 0.0000e+00
      0.016 3.7253e-09     7.2974     91.478     37.462  38.912876     2.9128      9.185   201.9473 5.9454e+02     6.7049      0.016      0.023    26.9798   996.5396 0.0000e+00
      0.016 4.0978e-08     7.2514     90.879     37.399  38.837519     2.9128      9.183   201.9055 5.0129e+02     6.5680      0.016      0.023    26.9670   996.5430 0.0000e+00
      0.017 4.5076e-07     7.2044     90.269     37.332  38.757420     2.9202      9.182   201.8304 4.0572e+02     6.2785      0.016      0.024    26.9548   996.5464 0.0000e+00
      0.017      0.000     7.1556     89.635     37.292  38.706136     2.9151      9.182   201.6417 3.3475e+02     6.0885      0.016      0.024    26.9428   996.5496 0.0000e+00
      0.017      0.000     7.1056     88.988     37.259  38.661781     2.9029      9.182   201.4304 2.9378e+02     6.0070      0.016      0.024    26.9301   996.5532 0.0000e+00
