Data/DataNotYetUploadedToEDI/Raw_CTD/2019_RawDownloads/082819_fcr45.cnv
* Sea-Bird SBE19plus  Data File:
* FileName = C:\DATA\082819_fcr_0004.hex
* Software version 2.8.0.119 SB_Terminal.dll
* Temperature SN = 7809
* Conductivity SN = 7809
* System UpLoad Time = Aug 28 2019 11:50:16
* <ApplicationData>
* <Seaterm232>
# nquan = 15
# nvalues = 578                         
# units = specified
# name 0 = depFM: Depth [fresh water, m]
# name 1 = dz/dtM: Descent Rate [m/s]
# name 2 = sbeox0ML/L: Oxygen, SBE 43 [ml/l]
# name 3 = sbeox0PS: Oxygen, SBE 43 [% saturation]
# name 4 = specc: Specific Conductance [uS/cm]
# name 5 = c0uS/cm: Conductivity [uS/cm]
# name 6 = flECO-AFL: Fluorescence, WET Labs ECO-AFL/FL [mg/m^3]
# name 7 = ph: pH
# name 8 = orp: Oxidation Reduction Potential [mV]
# name 9 = par/sat/log: PAR/Logarithmic, Satlantic
# name 10 = turbWETntu0: Turbidity, WET Labs ECO [NTU]
# name 11 = prdM: Pressure, Strain Gauge [db]
# name 12 = prdE: Pressure, Strain Gauge [psi]
# name 13 = tv290C: Temperature [ITS-90, deg C]
# name 14 = flag:  0.000e+00
# span 0 =     -0.261,      6.539       
# span 1 =     -0.006,      0.137       
# span 2 =    -0.0861,     6.0506       
# span 3 =     -1.245,    101.189       
# span 4 =     35.705,     75.703       
# span 5 =  34.484509,  59.849671       
# span 6 =     0.9661,     9.8871       
# span 7 =      6.549,      7.725       
# span 8 =   169.8244,   237.7503       
# span 9 = 1.2355e-01, 6.7810e+02       
# span 10 =     1.2952,    10.1403      
# span 11 =     -0.261,      6.413      
# span 12 =     -0.378,      9.301      
# span 13 =    11.8621,    23.5575      
# span 14 = 0.0000e+00, 0.0000e+00      
# interval = seconds: 0.25
# start_time = Aug 28 2019 11:08:00 [Instrument's time stamp, header]
# bad_flag = -9.990e-29
*END*
[from data line 386]
      3.989      0.068     0.0880      1.273     70.302  56.408208     2.8037      6.644   189.4660 3.8907e-01     2.0102      3.913      5.675    15.3717 0.0000e+00
      4.008      0.068     0.0882      1.255     70.442  56.486601     2.8185      6.644   188.5435 3.7211e-01     2.0276      3.930      5.701    15.2979 0.0000e+00
      4.028      0.066     0.0908      1.217     70.810  56.759770     2.7724      6.642   187.6883 3.6093e-01     1.9081      3.950      5.729    15.2176 0.0000e+00
      4.045      0.062     0.0897      1.193     71.359  57.169535     2.6709      6.640   187.0418 3.6167e-01     1.6805      3.968      5.756    15.1447 0.0000e+00
      4.058      0.060     0.0897      1.173     71.843  57.501645     2.6139      6.638   186.6634 3.6564e-01     1.5686      3.979      5.773    15.1100 0.0000e+00
      4.070      0.058     0.0899      1.152     72.305  57.788873     2.6036      6.636   186.2960 3.5691e-01     1.5713      3.990      5.788    15.0870 0.0000e+00
      4.084      0.057     0.0842      1.150     73.006  58.227745     2.6153      6.634   185.7835 3.4438e-01     1.6486      4.004      5.807    15.0768 0.0000e+00
      4.099      0.057     0.0842      1.156     73.996  58.868257     2.6509      6.631   185.1991 3.2277e-01     1.7819      4.019      5.829    15.0639 0.0000e+00
      4.115      0.059     0.0831      1.164     74.967  59.496442     2.6708      6.629   184.5644 3.0124e-01     1.8393      4.036      5.854    15.0180 0.0000e+00
      4.130      0.062     0.0803      1.163     75.573  59.849671     2.6649      6.628   184.0458 2.9810e-01     1.8184      4.052      5.876    14.9703 0.0000e+00
      4.144      0.065     0.0816      1.160     75.703  59.834555     2.6663      6.625   183.6611 3.0010e-01     1.7587      4.063      5.892    14.8843 0.0000e+00
      4.160      0.068     0.0815      1.164     75.437  59.504184     2.6614      6.621   183.1822 2.9666e-01     1.6741      4.079      5.915    14.7711 0.0000e+00
      4.178      0.071     0.0832      1.162     74.912  58.968821     2.6315      6.617   182.6439 2.9398e-01     1.6155      4.098      5.943    14.6751 0.0000e+00
      4.198      0.074     0.0828      1.149     74.317  58.381462     2.6092      6.612   182.1433 2.8589e-01     1.5744      4.115      5.969    14.5915 0.0000e+00
      4.218      0.075     0.0823      1.137     73.724  57.803571     2.6084      6.607   181.6886 2.7073e-01     1.5369      4.136      5.998    14.5163 0.0000e+00
      4.238      0.075     0.0834      1.140     73.080  57.191893     2.6560      6.603   181.2766 2.5938e-01     1.5889      4.157      6.030    14.4376 0.0000e+00
      4.257      0.074     0.0835      1.152     72.510  56.640656     2.7518      6.600   180.9469 2.4937e-01     1.7109      4.176      6.057    14.3536 0.0000e+00
      4.276      0.073     0.0823      1.155     72.108  56.221572     2.8133      6.598   180.6281 2.4594e-01     1.7669      4.194      6.082    14.2734 0.0000e+00
      4.293      0.071     0.0811      1.150     71.798  55.873338     2.8173      6.597   180.0893 2.4837e-01     1.7743      4.210      6.106    14.1989 0.0000e+00
      4.311      0.068     0.0815      1.155     71.672  55.670387     2.8010      6.595   179.4219 2.4894e-01     1.7344      4.227      6.132    14.1248 0.0000e+00
      4.330      0.064     0.0834      1.165     71.868  55.737175     2.7900      6.593   178.9261 2.4561e-01     1.6456      4.246      6.159    14.0534 0.0000e+00
      4.347      0.059     0.0837      1.162     72.240  55.981882     2.7961      6.593   178.7404 2.3649e-01     1.5860      4.263      6.183    13.9815 0.0000e+00
      4.362      0.055     0.0826      1.147     72.378  56.087664     2.8056      6.593   178.6398 2.2989e-01     1.5703      4.279      6.205    13.9072 0.0000e+00
      4.374      0.053     0.0832      1.123     71.830  55.681930     2.8360      6.593   178.2257 2.2934e-01     1.6523      4.291      6.222    13.8301 0.0000e+00
      4.384      0.052     0.0852      1.088     70.555  54.697654     2.8942      6.592   177.6059 2.2879e-01     1.7909      4.298      6.234    13.7625 0.0000e+00
      4.394      0.054     0.0846      1.065     69.100  53.526131     2.9200      6.592   176.9964 2.2351e-01     1.8368      4.308      6.249    13.7318 0.0000e+00
      4.407      0.056     0.0832      1.067     68.234  52.761842     2.9134      6.591   176.3626 2.1801e-01     1.8142      4.321      6.268    13.7381 0.0000e+00
      4.424      0.056     0.0819      1.067     68.363  52.762236     2.9189      6.591   175.7067 2.1439e-01     1.8132      4.338      6.291    13.7591 0.0000e+00
      4.444      0.056     0.0786      1.048     69.114  53.276686     2.9260      6.591   175.0022 2.1529e-01     1.8237      4.358      6.320    13.7733 0.0000e+00
      4.461      0.054     0.0759      1.024     69.693  53.709255     2.9211      6.591   174.2977 2.1969e-01     1.8111      4.377      6.348    13.7435 0.0000e+00
      4.473      0.051     0.0777      1.010     69.449  53.545469     2.9116      6.591   173.7281 2.1528e-01     1.7910      4.387      6.364    13.6587 0.0000e+00
      4.482      0.047     0.0784      1.014     68.079  52.503397     2.8628      6.593   173.2780 2.0427e-01     1.7447      4.394      6.373    13.5771 0.0000e+00
      4.492      0.044     0.0764      1.018     66.539  51.273599     2.7818      6.596   172.8988 1.8795e-01     1.6450      4.406      6.390    13.5258 0.0000e+00
      4.502      0.043     0.0744      1.009     65.807  50.618419     2.7478      6.597   172.5848 1.7383e-01     1.5682      4.416      6.405    13.5173 0.0000e+00
      4.513      0.045     0.0727      0.989     64.850  49.790339     2.7468      6.598   172.2358 1.7978e-01     1.5374      4.425      6.418    13.5494 0.0000e+00
      4.525      0.050     0.0741      0.970     63.362  48.565520     2.7352      6.599   171.8614 1.8706e-01     1.5347      4.438      6.436    13.5745 0.0000e+00
      4.537      0.054     0.0743      0.964     62.411  47.749845     2.6855      6.600   171.5003 1.7628e-01     1.6010      4.450      6.454    13.5437 0.0000e+00
      4.551      0.059     0.0741      0.964     61.923  47.295416     2.6049      6.603   171.2250 1.6905e-01     1.7161      4.462      6.470    13.4515 0.0000e+00
      4.567      0.064     0.0723      0.971     61.388  46.817994     2.5670      6.604   171.0279 1.7102e-01     1.7800      4.478      6.495    13.3808 0.0000e+00
      4.585      0.066     0.0702      0.974     61.200  46.613319     2.5563      6.603   170.7521 1.6899e-01     1.7831      4.497      6.522    13.3247 0.0000e+00
      4.604      0.066     0.0710      0.974     61.577  46.852818     2.4583      6.602   170.3852 1.6958e-01     1.6889      4.514      6.547    13.2482 0.0000e+00
      4.624      0.063     0.0703      0.986     61.851  47.046441     2.2839      6.602   170.0332 1.6566e-01     1.4596      4.534      6.577    13.1809 0.0000e+00
      4.643      0.059     0.0716      0.994     61.249  46.604653     2.1910      6.606   169.8516 1.4938e-01     1.3046      4.555      6.607    13.1283 0.0000e+00
      4.655      0.057     0.0719      0.994     59.461  45.257944     2.1932      6.610   169.8244 1.4207e-01     1.3221      4.568      6.625    13.0778 0.0000e+00
      4.664      0.057     0.0708      0.988     57.386  43.654638     2.1981      6.612   169.8764 1.4759e-01     1.3439      4.572      6.631    13.0297 0.0000e+00
      4.675      0.057     0.0732      0.981     56.064  42.586191     2.1895      6.615   169.9636 1.5099e-01     1.3064      4.582      6.646    13.0178 0.0000e+00
      4.691      0.058     0.0734      0.974     55.711  42.244739     2.1846      6.618   170.0191 1.4785e-01     1.2952      4.600      6.672    13.0415 0.0000e+00
      4.709      0.059     0.0733      0.963     56.057  42.446829     2.1821      6.620   170.0311 1.4570e-01     1.3059      4.618      6.697    13.0697 0.0000e+00
      4.728      0.061     0.0729      0.963     55.906  42.299360     2.1936      6.622   170.0229 1.4475e-01     1.3045      4.637      6.725    13.0474 0.0000e+00
      4.744      0.062     0.0719      0.977     54.497  41.223453     2.2283      6.625   170.0914 1.4225e-01     1.3441      4.654      6.749    12.9760 0.0000e+00
      4.757      0.062     0.0726      0.980     53.041  40.104453     2.2462      6.629   170.2569 1.4473e-01     1.3917      4.665      6.766    12.9084 0.0000e+00
      4.769      0.062     0.0707      0.967     52.374  39.562705     2.2371      6.632   170.3037 1.4620e-01     1.3885      4.675      6.781    12.8482 0.0000e+00
      4.785      0.063     0.0707      0.954     51.919  39.180651     2.2036      6.635   170.1405 1.3857e-01     1.4358      4.691      6.805    12.8156 0.0000e+00
      4.804      0.065     0.0728      0.944     51.271  38.659185     2.1531      6.641   170.0908 1.2856e-01     1.5381      4.711      6.835    12.8245 0.0000e+00
      4.822      0.067     0.0730      0.939     50.551  38.082278     2.1304      6.647   170.3055 1.2466e-01     1.5771      4.729      6.859    12.8127 0.0000e+00
      4.839      0.068     0.0715      0.958     50.226  37.791544     2.1279      6.650   170.4993 1.2611e-01     1.5463      4.744      6.881    12.7640 0.0000e+00
      4.856      0.067     0.0705      0.986     50.405  37.873513     2.1239      6.652   170.5414 1.2710e-01     1.5258      4.761      6.905    12.7254 0.0000e+00
      4.874      0.066     0.0705      1.036     50.540  37.930678     2.1157      6.654   170.5556 1.2533e-01     1.5592      4.779      6.932    12.6987 0.0000e+00
      4.891      0.064     0.0684      1.173     50.392  37.784407     2.0982      6.656   170.5849 1.2385e-01     1.5563      4.798      6.959    12.6696 0.0000e+00
      4.907      0.061     0.0714      1.437     50.311  37.691897     2.0854      6.658   170.6380 1.2463e-01     1.5236      4.813      6.980    12.6222 0.0000e+00
      4.922      0.056     0.0735      1.855     50.431  37.764290     2.0739      6.661   170.7680 1.2552e-01     1.5573      4.826      7.000    12.5618 0.0000e+00
      4.936      0.052     0.0742      2.460     50.521  37.834457     2.0383      6.664   170.8655 1.2506e-01     1.6367      4.841      7.022    12.5183 0.0000e+00
      4.949      0.050     0.0843      3.214     50.345  37.715071     1.9839      6.666   170.9569 1.2605e-01     1.7288      4.854      7.041    12.4885 0.0000e+00
      4.959      0.049     0.1035      4.016     50.011  37.463420     1.9538      6.667   171.2707 1.2736e-01     1.7866      4.863      7.054    12.4513 0.0000e+00
      4.970      0.050     0.1332      4.807     49.781  37.267396     1.9518      6.670   171.6478 1.2561e-01     1.7787      4.873      7.068    12.4290 0.0000e+00
      4.981      0.052     0.1788      5.548     49.720  37.185781     1.9851      6.671   171.9036 1.2382e-01     1.8299      4.884      7.084    12.4375 0.0000e+00
      4.995      0.055     0.2396      6.203     49.833  37.238309     2.0451      6.672   172.1258 1.2363e-01     1.9794      4.897      7.102    12.4588 0.0000e+00
      5.010      0.056     0.2997      6.781     49.985  37.331171     2.0701      6.674   172.3563 1.2367e-01     2.0780      4.911      7.124    12.4632 0.0000e+00
      5.027      0.056     0.3599      7.293     50.029  37.356390     2.0621      6.675   172.6244 1.2367e-01     2.1055      4.930      7.151    12.4310 0.0000e+00
      5.044      0.054     0.4176      7.769     50.019  37.352797     1.9832      6.673   172.9589 1.2365e-01     2.2786      4.949      7.178    12.3899 0.0000e+00
      5.058      0.050     0.4656      8.273     50.008  37.351209     1.8353      6.668   173.2167 1.2363e-01     2.6311      4.961      7.196    12.3571 0.0000e+00
      5.069      0.045     0.5092      8.794     49.984  37.337197     1.7563      6.666   173.4195 1.2360e-01     2.8608      4.972      7.211    12.3332 0.0000e+00
      5.078      0.040     0.5475      9.258     49.953  37.310336     1.7477      6.667   173.6904 1.2363e-01     2.9254      4.981      7.225    12.3276 0.0000e+00
      5.087      0.037     0.5801      9.635     49.928  37.280337     1.6884      6.669   173.9101 1.2372e-01     3.1498      4.989      7.236    12.3363 0.0000e+00
      5.095      0.036     0.6177      9.896     49.878  37.228382     1.5769      6.671   174.0971 1.2374e-01     3.5425      4.996      7.246    12.3428 0.0000e+00
      5.104      0.036     0.6604     10.018     49.847  37.189945     1.5172      6.671   174.3164 1.2368e-01     3.7410      5.005      7.260    12.3486 0.0000e+00
      5.114      0.036     0.6944     10.024     49.873  37.196442     1.5130      6.671   174.5829 1.2367e-01     3.7474      5.015      7.273    12.3472 0.0000e+00
      5.125      0.037     0.7241      9.952     49.863  37.179969     1.4830      6.670   174.9105 1.2368e-01     3.8162      5.025      7.289    12.3318 0.0000e+00
      5.135      0.040     0.7451      9.856     49.788  37.117712     1.4229      6.670   175.1801 1.2370e-01     3.9176      5.036      7.306    12.3169 0.0000e+00
      5.143      0.044     0.7530      9.774     49.748  37.078461     1.3844      6.669   175.4327 1.2372e-01     3.9241      5.043      7.315    12.3013 0.0000e+00
      5.152      0.049     0.7535      9.742     49.775  37.086236     1.3822      6.667   175.8139 1.2369e-01     3.9282      5.050      7.325    12.2873 0.0000e+00
      5.165      0.055     0.7459      9.777     49.785  37.084749     1.3957      6.666   176.1762 1.2365e-01     4.0325      5.063      7.344    12.2784 0.0000e+00
      5.181      0.060     0.7384      9.865     49.758  37.060474     1.4094      6.666   176.3708 1.2364e-01     4.4972      5.080      7.368    12.2743 0.0000e+00
      5.199      0.063     0.7311     10.015     49.744  37.046622     1.4259      6.667   176.4459 1.2364e-01     5.2860      5.099      7.395    12.2658 0.0000e+00
      5.218      0.064     0.7283     10.230     49.749  37.044219     1.4397      6.667   176.5681 1.2366e-01     5.7377      5.117      7.422    12.2484 0.0000e+00
      5.236      0.063     0.7323     10.475     49.745  37.031413     1.4466      6.665   176.9020 1.2367e-01     5.7964      5.136      7.449    12.2393 0.0000e+00
      5.251      0.061     0.7381     10.714     49.743  37.018718     1.4652      6.664   177.3000 1.2363e-01     5.7990      5.151      7.470    12.2383 0.0000e+00
      5.265      0.056     0.7491     10.937     49.757  37.017668     1.4908      6.663   177.5945 1.2362e-01     5.8020      5.162      7.487    12.2364 0.0000e+00
      5.279      0.051     0.7664     11.131     49.770  37.018708     1.5051      6.662   177.8813 1.2367e-01     5.7999      5.176      7.507    12.2299 0.0000e+00
      5.293      0.046     0.7867     11.310     49.793  37.031280     1.5083      6.661   178.1866 1.2374e-01     5.8067      5.192      7.531    12.2189 0.0000e+00
      5.304      0.042     0.8041     11.512     49.810  37.042715     1.4853      6.661   178.3601 1.2370e-01     5.9158      5.203      7.547    12.2075 0.0000e+00
      5.312      0.040     0.8220     11.717     49.795  37.030019     1.4354      6.660   178.4311 1.2363e-01     6.0704      5.209      7.555    12.1944 0.0000e+00
      5.320      0.040     0.8368     11.879     49.768  37.004720     1.3995      6.659   178.6146 1.2363e-01     6.1037      5.217      7.567    12.1851 0.0000e+00
      5.329      0.041     0.8479     12.021     49.765  36.990725     1.3896      6.658   178.9443 1.2365e-01     6.0882      5.226      7.579    12.1818 0.0000e+00
      5.339      0.045     0.8640     12.168     49.781  36.987752     1.4023      6.657   179.3201 1.2361e-01     6.3092      5.235      7.593    12.1809 0.0000e+00
