Data/DataNotYetUploadedToEDI/Raw_CTD/2019_RawDownloads/082819_fcr45.cnv
* Sea-Bird SBE19plus  Data File:
* FileName = C:\DATA\082819_fcr_0004.hex
* Software version 2.8.0.119 SB_Terminal.dll
* Temperature SN = 7809
* Conductivity SN = 7809
* System UpLoad Time = Aug 28 2019 11:50:16
* <ApplicationData>
* <Seaterm232>
# nquan = 15
# nvalues = 578                         
# units = specified
# name 0 = depFM: Depth [fresh water, m]
# name 1 = dz/dtM: Descent Rate [m/s]
# name 2 = sbeox0ML/L: Oxygen, SBE 43 [ml/l]
# name 3 = sbeox0PS: Oxygen, SBE 43 [% saturation]
# name 4 = specc: Specific Conductance [uS/cm]
# name 5 = c0uS/cm: Conductivity [uS/cm]
# name 6 = flECO-AFL: Fluorescence, WET Labs ECO-AFL/FL [mg/m^3]
# name 7 = ph: pH
# name 8 = orp: Oxidation Reduction Potential [mV]
# name 9 = par/sat/log: PAR/Logarithmic, Satlantic
# name 10 = turbWETntu0: Turbidity, WET Labs ECO [NTU]
# name 11 = prdM: Pressure, Strain Gauge [db]
# name 12 = prdE: Pressure, Strain Gauge [psi]
# name 13 = tv290C: Temperature [ITS-90, deg C]
# name 14 = flag:  0.000e+00
# span 0 =     -0.261,      6.539       
# span 1 =     -0.006,      0.137       
# span 2 =    -0.0861,     6.0506       
# span 3 =     -1.245,    101.189       
# span 4 =     35.705,     75.703       
# span 5 =  34.484509,  59.849671       
# span 6 =     0.9661,     9.8871       
# span 7 =      6.549,      7.725       
# span 8 =   169.8244,   237.7503       
# span 9 = 1.2355e-01, 6.7810e+02       
# span 10 =     1.2952,    10.1403      
# span 11 =     -0.261,      6.413      
# span 12 =     -0.378,      9.301      
# span 13 =    11.8621,    23.5575      
# span 14 = 0.0000e+00, 0.0000e+00      
# interval = seconds: 0.25
# start_time = Aug 28 2019 11:08:00 [Instrument's time stamp, header]
# bad_flag = -9.990e-29
*END*
     -0.261      0.069     5.7901     97.674     36.275  35.176893     1.9800      7.725   223.5235 6.7810e+02     7.7829     -0.261     -0.378    23.2424 0.0000e+00
     -0.241      0.095     5.7857     97.999     36.225  35.133797     1.9927      7.722   223.1595 6.3678e+02     7.4638     -0.244     -0.352    23.3337 0.0000e+00
     -0.206      0.119     5.7875     98.382     36.213  35.116299     2.0062      7.716   222.9080 5.6374e+02     7.4341     -0.205     -0.297    23.4157 0.0000e+00
     -0.162      0.135     5.7948     98.792     36.200  35.092257     2.1249      7.707   222.5485 5.1427e+02     7.4238     -0.158     -0.228    23.4589 0.0000e+00
     -0.119      0.137     5.8068     99.197     36.217  35.096958     2.3528      7.697   222.0814 4.8502e+02     7.4042     -0.118     -0.171    23.4861 0.0000e+00
     -0.079      0.125     5.8255     99.606     36.306  35.173118     2.4813      7.688   221.4765 4.2877e+02     7.3932     -0.076     -0.112    23.4946 0.0000e+00
     -0.043      0.102     5.8501    100.103     36.394  35.251482     2.4916      7.681   220.9139 3.5996e+02     7.4227     -0.037     -0.054    23.4818 0.0000e+00
     -0.018      0.075     5.8780    100.758     36.429  35.282822     2.4677      7.674   220.6134 3.3407e+02     7.3351     -0.013     -0.018    23.4628 0.0000e+00
     -0.007      0.050     5.9032    101.189     36.439  35.298165     2.4263      7.665   220.4243 3.3580e+02     7.0541     -0.004     -0.005    23.4479 0.0000e+00
     -0.005      0.029     5.9284    100.604     36.438  35.310056     2.4082      7.657   220.2616 3.3222e+02     6.8767     -0.004     -0.006    23.4322 0.0000e+00
     -0.006      0.014     5.9541     98.729     36.412  35.299690     2.4136      7.649   220.1943 3.3545e+02     6.8618     -0.006     -0.010    23.4236 0.0000e+00
     -0.006      0.006     5.9991     95.928     36.400  35.299783     2.3960      7.642   220.0417 3.4027e+02     6.7102     -0.007     -0.011    23.4169 0.0000e+00
     -0.004      0.004     6.0506     92.684     36.403  35.311197     2.3350      7.636   219.7922 3.3914e+02     6.4206     -0.004     -0.005    23.4242 0.0000e+00
     -0.002      0.005     6.0175     89.360     36.398  35.310768     2.2902      7.631   219.5871 3.3616e+02     6.2767     -0.002     -0.002    23.4454 0.0000e+00
     -0.001      0.006     5.8916     86.199     36.378  35.294612     2.2887      7.626   219.3692 3.3069e+02     6.2815     -0.001     -0.001    23.4678 0.0000e+00
      0.000      0.006     5.7136     83.483     36.322  35.242797     2.3249      7.622   219.0504 3.3034e+02     6.2821      0.000      0.001    23.4851 0.0000e+00
      0.002      0.005     5.5108     81.476     36.267  35.192024     2.3898      7.617   218.7441 3.3460e+02     6.2512      0.002      0.003    23.4961 0.0000e+00
      0.004      0.004     5.3099     80.157     36.259  35.188467     2.4228      7.612   218.5914 3.3374e+02     6.2024      0.004      0.006    23.5017 0.0000e+00
      0.005      0.003     5.1152     79.250     36.267  35.199796     2.4121      7.607   218.4080 3.3062e+02     6.1835      0.005      0.007    23.5057 0.0000e+00
      0.005      0.001     4.9458     78.512     36.266  35.202074     2.3902      7.602   218.2479 3.2852e+02     6.2200      0.005      0.008    23.5092 0.0000e+00
      0.005      0.000     4.8268     77.812     36.278  35.216013     2.3755      7.596   218.2041 3.2634e+02     6.2823      0.006      0.009    23.5119 0.0000e+00
      0.005     -0.002     4.7563     77.121     36.304  35.241388     2.3732      7.590   218.0500 3.2620e+02     6.2816      0.005      0.008    23.5176 0.0000e+00
      0.004     -0.002     4.7065     76.489     36.318  35.255019     2.3707      7.586   217.8474 3.2853e+02     6.2116      0.003      0.005    23.5243 0.0000e+00
      0.003     -0.002     4.6646     75.953     36.316  35.253885     2.3375      7.582   217.6477 3.3018e+02     6.2221      0.002      0.003    23.5290 0.0000e+00
      0.003     -0.002     4.6239     75.524     36.288  35.227676     2.2832      7.578   217.3565 3.3136e+02     6.3102      0.003      0.003    23.5318 0.0000e+00
      0.003     -0.001     4.5805     75.275     36.249  35.192008     2.2519      7.574   217.0801 3.3312e+02     6.3275      0.003      0.004    23.5319 0.0000e+00
      0.002     -0.001     4.5424     75.346     36.258  35.203435     2.2363      7.569   216.9730 3.3512e+02     6.2665      0.002      0.003    23.5308 0.0000e+00
      0.002      0.000     4.5112     75.859     36.292  35.238902     2.2244      7.565   216.9214 3.3583e+02     6.2277      0.001      0.002    23.5315 0.0000e+00
      0.002      0.001     4.4837     76.789     36.291  35.240035     2.2119      7.561   216.7144 3.3483e+02     6.2522      0.002      0.003    23.5334 0.0000e+00
      0.001      0.002     4.4657     77.971     36.266  35.217145     2.1980      7.557   216.5350 3.3569e+02     6.3007      0.001      0.002    23.5361 0.0000e+00
      0.001      0.004     4.4661     79.235     36.265  35.216009     2.1860      7.554   216.5591 3.3659e+02     6.3217      0.001      0.001    23.5397 0.0000e+00
      0.002      0.006     4.4966     80.423     36.276  35.226301     2.1711      7.549   216.5766 3.3384e+02     6.2779      0.002      0.003    23.5437 0.0000e+00
      0.005      0.006     4.5564     81.410     36.263  35.214649     2.1836      7.544   216.4880 3.3007e+02     6.1642      0.005      0.008    23.5472 0.0000e+00
      0.009      0.005     4.6293     82.131     36.248  35.202060     2.2234      7.539   216.3476 3.2711e+02     6.0605      0.008      0.012    23.5485 0.0000e+00
      0.011      0.003     4.7080     82.555     36.246  35.201028     2.2452      7.534   216.1694 3.2642e+02     6.0408      0.010      0.015    23.5487 0.0000e+00
      0.011      0.001     4.7816     82.681     36.246  35.202171     2.2481      7.529   215.9686 3.2972e+02     6.0573      0.012      0.017    23.5483 0.0000e+00
      0.010     -0.001     4.8408     82.557     36.259  35.215884     2.2496      7.524   215.8116 3.3407e+02     6.1611      0.011      0.016    23.5489 0.0000e+00
      0.008     -0.002     4.8845     82.281     36.283  35.239898     2.2455      7.519   215.7343 3.3825e+02     6.3786      0.008      0.011    23.5511 0.0000e+00
      0.006     -0.002     4.9093     81.952     36.282  35.238649     2.2416      7.514   215.7225 3.3976e+02     6.4915      0.006      0.008    23.5533 0.0000e+00
      0.006     -0.001     4.9158     81.625     36.243  35.200788     2.2463      7.509   215.7553 3.3552e+02     6.4769      0.005      0.007    23.5556 0.0000e+00
      0.007      0.000     4.9061     81.311     36.204  35.162926     2.2598      7.504   215.7005 3.3022e+02     6.3654      0.006      0.008    23.5570 0.0000e+00
      0.008      0.002     4.8871     80.985     36.204  35.161678     2.2824      7.501   215.5766 3.2888e+02     6.1601      0.008      0.011    23.5575 0.0000e+00
      0.009      0.002     4.8669     80.628     36.230  35.185693     2.3038      7.496   215.4619 3.3008e+02     6.0594      0.009      0.013    23.5572 0.0000e+00
      0.009      0.001     4.8469     80.241     36.245  35.199416     2.3096      7.492   215.3458 3.2876e+02     6.0654      0.010      0.015    23.5561 0.0000e+00
      0.009      0.000     4.8292     79.819     36.246  35.200664     2.2836      7.488   215.2050 3.2674e+02     6.1009      0.009      0.014    23.5557 0.0000e+00
      0.009     -0.001     4.8106     79.379     36.246  35.200776     2.2403      7.483   215.0508 3.2531e+02     6.1612      0.008      0.012    23.5554 0.0000e+00
      0.008     -0.001     4.7888     78.950     36.246  35.200776     2.2195      7.478   214.9431 3.2350e+02     6.2048      0.008      0.011    23.5539 0.0000e+00
      0.007     -0.001     4.7668     78.558     36.246  35.200663     2.2230      7.473   214.8499 3.2630e+02     6.2673      0.007      0.010    23.5520 0.0000e+00
      0.006      0.000     4.7413     78.268     36.246  35.199404     2.2311      7.469   214.7844 3.3269e+02     6.3263      0.006      0.009    23.5514 0.0000e+00
      0.006      0.001     4.7139     78.129     36.234  35.185557     2.2472      7.465   214.7527 3.3437e+02     6.2965      0.006      0.009    23.5522 0.0000e+00
      0.007      0.003     4.6888     78.136     36.210  35.160171     2.2699      7.461   214.7250 3.3039e+02     6.2670      0.006      0.009    23.5529 0.0000e+00
      0.008      0.006     4.6637     78.286     36.198  35.146333     2.2810      7.458   214.7080 3.2694e+02     6.3302      0.008      0.011    23.5527 0.0000e+00
      0.009      0.008     4.6447     78.546     36.198  35.145177     2.2864      7.454   214.6333 3.2437e+02     6.3731      0.009      0.013    23.5517 0.0000e+00
      0.012      0.010     4.6380     78.826     36.200  35.146196     2.2917      7.450   214.4245 3.2196e+02     6.3271      0.011      0.016    23.5484 0.0000e+00
      0.015      0.012     4.6383     79.046     36.213  35.158646     2.2928      7.445   214.1621 3.2260e+02     6.2967      0.014      0.021    23.5446 0.0000e+00
      0.019      0.013     4.6476     79.152     36.225  35.168770     2.2917      7.440   214.0413 3.2401e+02     6.3011      0.019      0.027    23.5429 0.0000e+00
      0.023      0.013     4.6660     79.102     36.200  35.141666     2.2949      7.436   213.9971 3.2324e+02     6.2828      0.023      0.032    23.5409 0.0000e+00
      0.027      0.012     4.6842     78.861     36.148  35.084807     2.3231      7.431   213.7996 3.2381e+02     6.2716      0.027      0.038    23.5386 0.0000e+00
      0.031      0.009     4.6985     78.440     36.121  35.052491     2.3627      7.427   213.6316 3.2800e+02     6.2638      0.032      0.046    23.5381 0.0000e+00
      0.034      0.006     4.7055     77.884     36.140  35.068266     2.3753      7.422   213.6860 3.2975e+02     6.2543      0.035      0.050    23.5380 0.0000e+00
      0.034      0.002     4.7040     77.243     36.159  35.085137     2.3722      7.418   213.8557 3.2714e+02     6.2547      0.034      0.049    23.5337 0.0000e+00
      0.033      0.000     4.6904     76.577     36.140  35.066070     2.3867      7.413   213.9631 3.2771e+02     6.2358      0.032      0.046    23.5228 0.0000e+00
      0.031     -0.002     4.6646     75.915     36.101  35.028135     2.4107      7.410   213.9513 3.3231e+02     6.2228      0.031      0.045    23.5136 0.0000e+00
      0.031     -0.003     4.6315     75.261     36.080  35.007267     2.4199      7.407   213.9713 3.3316e+02     6.2285      0.030      0.044    23.5106 0.0000e+00
      0.030     -0.003     4.5916     74.649     36.079  35.004163     2.4192      7.402   213.9473 3.3068e+02     6.2386      0.030      0.043    23.5100 0.0000e+00
      0.030     -0.002     4.5513     74.085     36.068  34.990603     2.4374      7.397   213.8326 3.3245e+02     6.2141      0.029      0.043    23.5099 0.0000e+00
      0.030     -0.002     4.5128     73.516     36.051  34.970236     2.4758      7.393   213.7892 3.3513e+02     6.1287      0.029      0.042    23.5092 0.0000e+00
      0.029     -0.002     4.4727     72.924     36.034  34.948310     2.4928      7.388   213.7671 3.3639e+02     6.0591      0.028      0.041    23.5075 0.0000e+00
      0.029     -0.003     4.4362     72.348     36.007  34.915895     2.4873      7.384   213.7369 3.3939e+02     6.0273      0.028      0.041    23.5048 0.0000e+00
      0.028     -0.003     4.4045     71.790     35.992  34.895629     2.4868      7.382   213.7680 3.4032e+02     6.0388      0.028      0.040    23.5010 0.0000e+00
      0.027     -0.003     4.3722     71.227     35.996  34.893674     2.5138      7.380   213.8850 3.4169e+02     6.1659      0.026      0.038    23.4956 0.0000e+00
      0.025     -0.003     4.3355     70.661     36.000  34.892249     2.5701      7.377   214.0333 3.4436e+02     6.3513      0.025      0.036    23.4877 0.0000e+00
      0.024     -0.003     4.3022     70.089     35.991  34.878387     2.6045      7.374   214.0983 3.4276e+02     6.4448      0.024      0.034    23.4787 0.0000e+00
      0.024     -0.003     4.2712     69.533     35.971  34.852992     2.5990      7.371   214.1551 3.4075e+02     6.4455      0.023      0.033    23.4705 0.0000e+00
      0.023     -0.002     4.2369     69.009     35.963  34.839060     2.5913      7.367   214.2038 3.4206e+02     6.3923      0.023      0.033    23.4632 0.0000e+00
      0.022     -0.000     4.2050     68.507     35.966  34.836867     2.5987      7.362   214.1706 3.4236e+02     6.3258      0.022      0.032    23.4560 0.0000e+00
      0.022      0.001     4.1704     68.025     35.960  34.826464     2.6098      7.357   214.1840 3.3995e+02     6.2968      0.022      0.031    23.4479 0.0000e+00
      0.023      0.002     4.1376     67.566     35.979  34.840206     2.6132      7.352   214.1945 3.3819e+02     6.2709      0.022      0.032    23.4398 0.0000e+00
      0.024      0.003     4.1078     67.149     36.020  34.876082     2.6051      7.348   214.0388 3.3695e+02     6.2422      0.023      0.033    23.4322 0.0000e+00
      0.025      0.005     4.0780     66.771     36.027  34.879428     2.6067      7.343   213.7643 3.3812e+02     6.2452      0.025      0.035    23.4246 0.0000e+00
      0.026      0.008     4.0502     66.436     36.030  34.880667     2.6241      7.338   213.4559 3.4355e+02     6.2739      0.026      0.037    23.4181 0.0000e+00
      0.027      0.011     4.0224     66.193     36.040  34.891060     2.6166      7.334   213.1499 3.4161e+02     6.2953      0.027      0.039    23.4120 0.0000e+00
      0.030      0.014     3.9981     66.036     36.027  34.878158     2.5847      7.331   212.9034 3.2913e+02     6.4043      0.029      0.042    23.4060 0.0000e+00
      0.035      0.017     3.9770     65.908     36.001  34.851600     2.5597      7.326   212.7998 3.2293e+02     6.6085      0.033      0.048    23.4015 0.0000e+00
      0.040      0.019     3.9547     65.803     35.975  34.823811     2.5477      7.322   212.8429 3.2612e+02     6.7324      0.039      0.057    23.3994 0.0000e+00
      0.046      0.020     3.9404     65.693     35.950  34.796021     2.5522      7.318   212.9947 3.2638e+02     6.7552      0.045      0.065    23.3999 0.0000e+00
      0.052      0.019     3.9336     65.537     35.927  34.769460     2.5891      7.313   213.1719 3.2253e+02     6.7864      0.051      0.074    23.4004 0.0000e+00
      0.057      0.018     3.9247     65.337     35.919  34.756527     2.6470      7.308   213.2654 3.1825e+02     6.8809      0.057      0.083    23.3994 0.0000e+00
      0.062      0.015     3.9196     65.076     35.934  34.766579     2.6796      7.302   213.3503 3.1024e+02     6.9466      0.061      0.089    23.3966 0.0000e+00
      0.066      0.013     3.9152     64.755     35.936  34.764052     2.6804      7.295   213.4236 2.9764e+02     6.9585      0.065      0.094    23.3906 0.0000e+00
      0.068      0.010     3.9052     64.435     35.901  34.725962     2.6736      7.290   213.4632 2.8423e+02     6.9599      0.067      0.097    23.3829 0.0000e+00
      0.069      0.008     3.8948     64.149     35.865  34.686832     2.6578      7.285   213.5708 2.7046e+02     6.8971      0.068      0.098    23.3757 0.0000e+00
      0.071      0.006     3.8804     63.896     35.853  34.671736     2.6287      7.281   213.6071 2.5815e+02     6.7886      0.070      0.102    23.3691 0.0000e+00
      0.073      0.004     3.8591     63.658     35.855  34.670364     2.6160      7.278   213.5584 2.5248e+02     6.7299      0.071      0.103    23.3628 0.0000e+00
      0.074      0.003     3.8404     63.412     35.857  34.670240     2.6259      7.275   213.5836 2.5053e+02     6.7119      0.073      0.105    23.3570 0.0000e+00
      0.074      0.002     3.8236     63.137     35.859  34.670230     2.6444      7.273   213.6540 2.4813e+02     6.8003      0.074      0.107    23.3512 0.0000e+00
