Data/DataNotYetUploadedToEDI/Raw_CTD/2019_RawDownloads/082819_fcr45.cnv
* Sea-Bird SBE19plus  Data File:
* FileName = C:\DATA\082819_fcr_0004.hex
* Software version 2.8.0.119 SB_Terminal.dll
* Temperature SN = 7809
* Conductivity SN = 7809
* System UpLoad Time = Aug 28 2019 11:50:16
* <ApplicationData>
* <Seaterm232>
# nquan = 15
# nvalues = 578                         
# units = specified
# name 0 = depFM: Depth [fresh water, m]
# name 1 = dz/dtM: Descent Rate [m/s]
# name 2 = sbeox0ML/L: Oxygen, SBE 43 [ml/l]
# name 3 = sbeox0PS: Oxygen, SBE 43 [% saturation]
# name 4 = specc: Specific Conductance [uS/cm]
# name 5 = c0uS/cm: Conductivity [uS/cm]
# name 6 = flECO-AFL: Fluorescence, WET Labs ECO-AFL/FL [mg/m^3]
# name 7 = ph: pH
# name 8 = orp: Oxidation Reduction Potential [mV]
# name 9 = par/sat/log: PAR/Logarithmic, Satlantic
# name 10 = turbWETntu0: Turbidity, WET Labs ECO [NTU]
# name 11 = prdM: Pressure, Strain Gauge [db]
# name 12 = prdE: Pressure, Strain Gauge [psi]
# name 13 = tv290C: Temperature [ITS-90, deg C]
# name 14 = flag:  0.000e+00
# span 0 =     -0.261,      6.539       
# span 1 =     -0.006,      0.137       
# span 2 =    -0.0861,     6.0506       
# span 3 =     -1.245,    101.189       
# span 4 =     35.705,     75.703       
# span 5 =  34.484509,  59.849671       
# span 6 =     0.9661,     9.8871       
# span 7 =      6.549,      7.725       
# span 8 =   169.8244,   237.7503       
# span 9 = 1.2355e-01, 6.7810e+02       
# span 10 =     1.2952,    10.1403      
# span 11 =     -0.261,      6.413      
# span 12 =     -0.378,      9.301      
# span 13 =    11.8621,    23.5575      
# span 14 = 0.0000e+00, 0.0000e+00      
# interval = seconds: 0.25
# start_time = Aug 28 2019 11:08:00 [Instrument's time stamp, header]
# bad_flag = -9.990e-29
*END*
[from data line 290]
      2.552      0.055     0.1066      1.782     44.414  41.808101     3.7421      6.933   234.9629 5.9578e+00     3.1032      2.503      3.631    22.0502 0.0000e+00
      2.566      0.052     0.1091      1.762     44.454  41.836810     3.7837      6.931   234.9456 5.8533e+00     3.0797      2.517      3.650    22.0376 0.0000e+00
      2.579      0.048     0.1115      1.744     44.517  41.886569     3.9808      6.929   235.2407 5.7601e+00     3.1772      2.530      3.669    22.0537 0.0000e+00
      2.591      0.046     0.1094      1.752     44.690  42.028775     4.3401      6.926   235.4335 5.6681e+00     3.3969      2.541      3.686    22.0746 0.0000e+00
      2.602      0.045     0.1090      1.767     44.935  42.222902     4.5378      6.924   235.3836 5.5941e+00     3.5398      2.552      3.702    22.0637 0.0000e+00
      2.612      0.044     0.1082      1.777     45.112  42.328990     4.5422      6.922   235.2406 5.5383e+00     3.5617      2.561      3.714    22.0490 0.0000e+00
      2.622      0.044     0.1053      1.799     45.235  42.359040     4.4442      6.920   235.0801 5.4754e+00     3.5972      2.570      3.727    22.0458 0.0000e+00
      2.634      0.045     0.1073      1.819     45.308  42.332154     4.2811      6.917   234.9918 5.3950e+00     3.7065      2.583      3.747    22.0239 0.0000e+00
      2.647      0.045     0.1085      1.818     45.314  42.257733     4.2002      6.913   234.9474 5.3032e+00     3.7688      2.597      3.766    21.9855 0.0000e+00
      2.658      0.045     0.1082      1.790     45.329  42.220993     4.2119      6.910   234.8871 5.2132e+00     3.7280      2.607      3.781    21.9233 0.0000e+00
      2.669      0.045     0.1106      1.742     45.266  42.141838     4.3877      6.908   234.8648 5.1351e+00     3.7698      2.617      3.796    21.8198 0.0000e+00
      2.681      0.046     0.1125      1.687     44.992  41.872049     4.7044      6.905   234.9358 5.0756e+00     3.9138      2.629      3.813    21.7042 0.0000e+00
      2.691      0.050     0.1126      1.639     44.702  41.562055     4.8765      6.902   235.1443 5.0176e+00     3.9937      2.639      3.827    21.6094 0.0000e+00
      2.702      0.056     0.1108      1.602     44.583  41.377665     4.9080      6.900   235.4058 4.9270e+00     4.0156      2.648      3.841    21.5539 0.0000e+00
      2.716      0.063     0.1078      1.576     44.523  41.229714     5.0163      6.897   235.6029 4.7924e+00     4.0466      2.662      3.862    21.5409 0.0000e+00
      2.733      0.069     0.1039      1.563     44.503  41.106297     6.1859      6.894   235.8073 4.6423e+00     4.1068      2.679      3.885    21.5374 0.0000e+00
      2.753      0.073     0.1008      1.568     44.543  41.028076     8.3511      6.891   236.0706 4.4696e+00     4.1870      2.698      3.914    21.4999 0.0000e+00
      2.777      0.075     0.0991      1.578     44.602  40.982147     9.5383      6.889   236.2042 4.2761e+00     4.2296      2.724      3.951    21.4030 0.0000e+00
      2.799      0.074     0.0973      1.575     44.692  40.995243     9.6518      6.888   236.1325 4.1289e+00     4.2609      2.748      3.986    21.2991 0.0000e+00
      2.817      0.071     0.0969      1.575     44.728  40.995862     9.7225      6.887   236.0649 4.0237e+00     4.4342      2.763      4.008    21.1870 0.0000e+00
      2.831      0.066     0.0973      1.570     44.653  40.926103     9.8287      6.885   235.9881 3.9162e+00     4.7187      2.776      4.026    21.0414 0.0000e+00
      2.846      0.061     0.0995      1.547     44.572  40.850143     9.8871      6.882   235.8059 3.8196e+00     4.8829      2.791      4.049    20.9230 0.0000e+00
      2.862      0.058     0.0981      1.534     44.589  40.839269     9.8653      6.880   235.6691 3.7440e+00     4.9774      2.806      4.070    20.8474 0.0000e+00
      2.877      0.056     0.0985      1.534     44.667  40.858085     9.4866      6.879   235.6249 3.6650e+00     5.4024      2.822      4.093    20.8062 0.0000e+00
      2.892      0.054     0.0993      1.526     44.795  40.887114     8.7938      6.879   235.6149 3.5862e+00     6.0897      2.837      4.115    20.8217 0.0000e+00
      2.905      0.052     0.0960      1.518     45.060  40.999674     8.4168      6.878   235.4631 3.5234e+00     6.4375      2.850      4.133    20.8346 0.0000e+00
      2.917      0.050     0.0957      1.530     45.445  41.203080     8.3954      6.876   235.2526 3.4564e+00     6.4950      2.860      4.149    20.7957 0.0000e+00
      2.929      0.049     0.0964      1.550     45.858  41.441663     8.6219      6.874   235.2204 3.3895e+00     6.5877      2.872      4.166    20.7465 0.0000e+00
      2.941      0.049     0.0961      1.557     46.158  41.598604     9.0489      6.873   235.2449 3.3413e+00     6.6741      2.884      4.183    20.6550 0.0000e+00
      2.953      0.050     0.0947      1.557     46.309  41.640254     9.2753      6.872   235.2914 3.2863e+00     6.7204      2.896      4.199    20.4946 0.0000e+00
      2.967      0.050     0.0965      1.563     46.453  41.691168     9.2775      6.870   235.2659 3.2202e+00     6.7214      2.910      4.221    20.3216 0.0000e+00
      2.980      0.049     0.0988      1.564     46.611  41.769678     9.1025      6.868   235.1087 3.1599e+00     6.6532      2.922      4.239    20.1727 0.0000e+00
      2.993      0.049     0.0990      1.547     46.938  42.018014     8.7724      6.867   235.1119 3.0960e+00     6.5514      2.935      4.257    20.0483 0.0000e+00
      3.006      0.050     0.0988      1.527     48.050  42.979486     8.5897      6.866   235.3040 3.0317e+00     6.5067      2.949      4.276    19.9476 0.0000e+00
      3.017      0.055     0.0998      1.509     49.954  44.632580     8.5747      6.863   235.5389 2.9819e+00     6.5060      2.959      4.291    19.8655 0.0000e+00
      3.027      0.062     0.1005      1.490     51.296  45.750285     8.5476      6.858   235.8010 2.9399e+00     6.4765      2.969      4.306    19.7934 0.0000e+00
      3.041      0.070     0.0990      1.480     51.497  45.825739     8.2191      6.854   235.9788 2.8627e+00     6.4120      2.980      4.322    19.7482 0.0000e+00
      3.061      0.075     0.0973      1.475     51.659  45.862321     7.6196      6.850   235.9670 2.7384e+00     6.3498      2.998      4.349    19.7263 0.0000e+00
      3.087      0.077     0.0970      1.462     52.335  46.382953     7.2909      6.844   235.8300 2.6097e+00     6.3140      3.028      4.391    19.6840 0.0000e+00
      3.114      0.075     0.0952      1.457     52.758  46.722731     7.1921      6.838   235.7851 2.5066e+00     6.3065      3.056      4.433    19.5981 0.0000e+00
      3.134      0.070     0.0949      1.452     52.493  46.477778     6.3637      6.832   235.8550 2.4385e+00     6.5544      3.077      4.463    19.4907 0.0000e+00
      3.149      0.062     0.0957      1.438     52.341  46.342450     4.8524      6.827   235.9009 2.3864e+00     7.0819      3.089      4.481    19.3765 0.0000e+00
      3.161      0.055     0.0937      1.417     52.785  46.737619     4.0394      6.822   235.9101 2.3283e+00     7.4089      3.100      4.495    19.2891 0.0000e+00
      3.171      0.050     0.0943      1.386     53.385  47.254938     3.9809      6.818   235.8805 2.2824e+00     7.4600      3.110      4.511    19.2690 0.0000e+00
      3.181      0.050     0.0939      1.360     54.090  47.834366     4.1029      6.814   235.8001 2.2444e+00     7.5035      3.118      4.523    19.2656 0.0000e+00
      3.193      0.053     0.0930      1.351     55.040  48.599197     4.3439      6.809   235.7136 2.1884e+00     7.5750      3.129      4.537    19.2595 0.0000e+00
      3.208      0.056     0.0919      1.351     55.905  49.262203     4.4758      6.805   235.6949 2.1213e+00     7.6028      3.145      4.561    19.2741 0.0000e+00
      3.225      0.058     0.0893      1.356     56.584  49.753479     4.4838      6.802   235.7452 2.0541e+00     7.6098      3.163      4.587    19.2662 0.0000e+00
      3.241      0.060     0.0873      1.363     57.227  50.220070     4.3879      6.802   235.8920 2.0057e+00     7.7908      3.179      4.610    19.2218 0.0000e+00
      3.256      0.062     0.0871      1.365     57.762  50.584537     4.1932      6.800   236.1794 1.9680e+00     8.1204      3.194      4.631    19.1559 0.0000e+00
      3.271      0.064     0.0876      1.370     58.313  50.920744     4.0800      6.795   236.4667 1.9057e+00     8.2854      3.206      4.649    19.0567 0.0000e+00
      3.286      0.067     0.0878      1.375     58.963  51.299574     4.0671      6.789   236.6123 1.8322e+00     8.2779      3.222      4.673    18.9537 0.0000e+00
      3.302      0.069     0.0892      1.373     59.323  51.417061     4.1154      6.784   236.8213 1.7681e+00     8.3569      3.239      4.697    18.8747 0.0000e+00
      3.321      0.069     0.0886      1.381     59.262  51.197672     4.2131      6.779   237.1013 1.7159e+00     8.5194      3.255      4.721    18.7972 0.0000e+00
      3.343      0.068     0.0895      1.394     59.034  50.869930     4.2609      6.774   237.2437 1.6662e+00     8.5720      3.279      4.756    18.6748 0.0000e+00
      3.363      0.067     0.0906      1.387     58.806  50.566633     4.2597      6.769   237.4243 1.6089e+00     8.5341      3.300      4.787    18.4990 0.0000e+00
      3.378      0.064     0.0900      1.385     58.713  50.388713     4.2163      6.764   237.6505 1.5659e+00     8.4213      3.314      4.806    18.3207 0.0000e+00
      3.392      0.061     0.0906      1.400     58.881  50.433553     4.1263      6.760   237.7415 1.5373e+00     8.2241      3.326      4.824    18.1793 0.0000e+00
      3.406      0.057     0.0936      1.407     59.491  50.854595     4.0809      6.756   237.7503 1.4907e+00     8.1157      3.339      4.842    18.0742 0.0000e+00
      3.421      0.056     0.0914      1.408     60.407  51.541212     4.0844      6.752   237.6707 1.4353e+00     8.0940      3.354      4.864    17.9881 0.0000e+00
      3.436      0.056     0.0911      1.407     61.049  52.002179     4.0726      6.750   237.5542 1.4071e+00     8.0603      3.370      4.888    17.9076 0.0000e+00
      3.450      0.057     0.0939      1.405     61.245  52.108595     4.0078      6.748   237.4599 1.3913e+00     7.7412      3.383      4.908    17.8232 0.0000e+00
      3.463      0.058     0.0934      1.387     61.292  52.129066     3.9163      6.744   237.1327 1.3646e+00     7.1192      3.395      4.924    17.7368 0.0000e+00
      3.477      0.057     0.0945      1.358     61.430  52.249663     3.8770      6.741   236.6962 1.3295e+00     6.7673      3.409      4.945    17.6558 0.0000e+00
      3.493      0.056     0.0933      1.329     62.018  52.740933     3.8795      6.739   236.4838 1.2785e+00     6.7636      3.424      4.967    17.5810 0.0000e+00
      3.509      0.056     0.0948      1.295     63.183  53.685758     3.8423      6.736   236.2850 1.2328e+00     6.9111      3.443      4.994    17.5211 0.0000e+00
      3.524      0.057     0.0931      1.267     64.515  54.716195     3.7572      6.732   235.9270 1.2110e+00     7.1079      3.459      5.016    17.5117 0.0000e+00
      3.534      0.058     0.0904      1.254     65.591  55.479821     3.7077      6.730   235.5115 1.1852e+00     7.1765      3.465      5.025    17.5301 0.0000e+00
      3.547      0.058     0.0895      1.260     66.087  55.739439     3.7212      6.727   234.9609 1.1427e+00     7.1836      3.477      5.042    17.5258 0.0000e+00
      3.564      0.058     0.0860      1.279     65.825  55.377236     3.8163      6.722   234.2594 1.0952e+00     7.1615      3.496      5.070    17.4977 0.0000e+00
      3.583      0.059     0.0848      1.290     64.882  54.467516     3.9730      6.717   233.2252 1.0563e+00     7.0727      3.514      5.097    17.4190 0.0000e+00
      3.598      0.061     0.0838      1.301     63.712  53.380119     4.0638      6.713   231.1459 1.0328e+00     6.9939      3.530      5.119    17.2898 0.0000e+00
      3.611      0.063     0.0844      1.311     62.965  52.648150     4.0652      6.708   228.2197 1.0130e+00     6.8978      3.541      5.135    17.1613 0.0000e+00
      3.625      0.063     0.0868      1.290     62.970  52.541585     3.9112      6.701   225.6352 9.8068e-01     6.2051      3.554      5.154    17.0526 0.0000e+00
      3.642      0.064     0.0874      1.258     63.472  52.853804     3.6324      6.695   223.4718 9.3325e-01     4.9762      3.572      5.180    16.9660 0.0000e+00
      3.660      0.064     0.0873      1.248     63.882  53.119750     3.4865      6.691   221.0770 8.7331e-01     4.3299      3.589      5.206    16.8886 0.0000e+00
      3.678      0.062     0.0907      1.250     64.029  53.216028     3.4730      6.688   218.5335 8.2248e-01     4.2565      3.607      5.231    16.8046 0.0000e+00
      3.697      0.057     0.0879      1.250     64.071  53.255548     3.4265      6.686   216.1218 8.0764e-01     3.8268      3.627      5.259    16.7163 0.0000e+00
      3.712      0.052     0.0846      1.236     64.078  53.279957     3.3406      6.685   213.8570 8.0340e-01     3.0676      3.642      5.282    16.6238 0.0000e+00
      3.723      0.047     0.0852      1.207     64.068  53.320603     3.2925      6.684   211.6270 7.8802e-01     2.6794      3.653      5.298    16.5550 0.0000e+00
      3.731      0.044     0.0853      1.180     64.122  53.429420     3.2875      6.683   209.4643 7.7075e-01     2.6400      3.659      5.307    16.5439 0.0000e+00
      3.738      0.044     0.0858      1.165     64.443  53.706366     3.2615      6.682   207.5833 7.4842e-01     2.5590      3.664      5.314    16.5576 0.0000e+00
      3.748      0.048     0.0847      1.148     65.015  54.064525     3.2045      6.680   205.9205 7.2063e-01     2.3878      3.675      5.331    16.5590 0.0000e+00
      3.761      0.054     0.0824      1.132     65.551  54.265688     3.1625      6.678   204.4162 6.9388e-01     2.2733      3.689      5.350    16.5994 0.0000e+00
      3.775      0.061     0.0797      1.139     65.925  54.295963     3.1528      6.676   203.1612 6.7052e-01     2.2893      3.701      5.368    16.6731 0.0000e+00
      3.793      0.066     0.0796      1.159     66.221  54.303168     3.1563      6.674   201.9314 6.4441e-01     2.3196      3.718      5.393    16.7043 0.0000e+00
      3.814      0.071     0.0785      1.182     66.502  54.352524     3.1689      6.671   200.5593 6.1856e-01     2.3777      3.742      5.428    16.6187 0.0000e+00
      3.834      0.074     0.0764      1.211     66.873  54.511331     3.1927      6.669   199.3914 5.8835e-01     2.4674      3.762      5.456    16.3944 0.0000e+00
      3.851      0.074     0.0782      1.242     67.335  54.761921     3.2102      6.666   198.5653 5.4915e-01     2.4862      3.775      5.475    16.1589 0.0000e+00
      3.869      0.072     0.0801      1.269     67.725  54.968061     3.2152      6.664   197.7113 5.1868e-01     2.4737      3.793      5.501    15.9833 0.0000e+00
      3.890      0.068     0.0816      1.287     68.161  55.224734     3.1501      6.661   196.5526 5.0029e-01     2.4148      3.816      5.535    15.8521 0.0000e+00
      3.909      0.066     0.0839      1.286     68.789  55.641574     3.0117      6.659   195.2246 4.8974e-01     2.2651      3.836      5.564    15.7513 0.0000e+00
      3.924      0.066     0.0866      1.269     69.438  56.068847     2.9387      6.657   194.0436 4.7969e-01     2.1387      3.849      5.582    15.6573 0.0000e+00
      3.936      0.066     0.0885      1.267     69.883  56.324534     2.9349      6.654   192.9416 4.6129e-01     2.0664      3.859      5.597    15.5731 0.0000e+00
      3.951      0.066     0.0903      1.279     70.085  56.382121     2.8963      6.650   191.7089 4.3622e-01     2.0137      3.874      5.618    15.5062 0.0000e+00
