Data/DataNotYetUploadedToEDI/Raw_CTD/2019_RawDownloads/082819_fcr45.cnv
* Sea-Bird SBE19plus  Data File:
* FileName = C:\DATA\082819_fcr_0004.hex
* Software version 2.8.0.119 SB_Terminal.dll
* Temperature SN = 7809
* Conductivity SN = 7809
* System UpLoad Time = Aug 28 2019 11:50:16
* <ApplicationData>
* <Seaterm232>
# nquan = 15
# nvalues = 578                         
# units = specified
# name 0 = depFM: Depth [fresh water, m]
# name 1 = dz/dtM: Descent Rate [m/s]
# name 2 = sbeox0ML/L: Oxygen, SBE 43 [ml/l]
# name 3 = sbeox0PS: Oxygen, SBE 43 [% saturation]
# name 4 = specc: Specific Conductance [uS/cm]
# name 5 = c0uS/cm: Conductivity [uS/cm]
# name 6 = flECO-AFL: Fluorescence, WET Labs ECO-AFL/FL [mg/m^3]
# name 7 = ph: pH
# name 8 = orp: Oxidation Reduction Potential [mV]
# name 9 = par/sat/log: PAR/Logarithmic, Satlantic
# name 10 = turbWETntu0: Turbidity, WET Labs ECO [NTU]
# name 11 = prdM: Pressure, Strain Gauge [db]
# name 12 = prdE: Pressure, Strain Gauge [psi]
# name 13 = tv290C: Temperature [ITS-90, deg C]
# name 14 = flag:  0.000e+00
# span 0 =     -0.261,      6.539       
# span 1 =     -0.006,      0.137       
# span 2 =    -0.0861,     6.0506       
# span 3 =     -1.245,    101.189       
# span 4 =     35.705,     75.703       
# span 5 =  34.484509,  59.849671       
# span 6 =     0.9661,     9.8871       
# span 7 =      6.549,      7.725       
# span 8 =   169.8244,   237.7503       
# span 9 = 1.2355e-01, 6.7810e+02       
# span 10 =     1.2952,    10.1403      
# span 11 =     -0.261,      6.413      
# span 12 =     -0.378,      9.301      
# span 13 =    11.8621,    23.5575      
# span 14 = 0.0000e+00, 0.0000e+00      
# interval = seconds: 0.25
# start_time = Aug 28 2019 11:08:00 [Instrument's time stamp, header]
# bad_flag = -9.990e-29
*END*
[from data line 193]
      1.181      0.057     5.5265     88.775     36.569  35.453291     3.2857      7.115   215.2824 4.7127e+01     7.3927      1.157      1.678    23.4700 0.0000e+00
      1.198      0.060     5.4439     88.227     36.581  35.464727     3.2937      7.114   215.3575 4.5725e+01     7.4041      1.175      1.704    23.4697 0.0000e+00
      1.217      0.061     5.3774     87.848     36.580  35.463686     3.2857      7.113   215.5140 4.4422e+01     7.3911      1.195      1.733    23.4691 0.0000e+00
      1.235      0.059     5.3207     87.610     36.557  35.440703     3.2586      7.113   215.7123 4.3287e+01     7.3010      1.212      1.758    23.4689 0.0000e+00
      1.250      0.054     5.2768     87.481     36.557  35.440703     3.2341      7.113   215.7766 4.2288e+01     7.2005      1.226      1.779    23.4685 0.0000e+00
      1.263      0.049     5.2450     87.424     36.581  35.463686     3.2239      7.113   215.9476 4.1367e+01     7.1583      1.238      1.797    23.4682 0.0000e+00
      1.273      0.044     5.2227     87.383     36.582  35.464717     3.2229      7.114   216.3166 4.0592e+01     7.1183      1.249      1.812    23.4680 0.0000e+00
      1.282      0.044     5.2096     87.326     36.571  35.453169     3.2385      7.114   216.5391 4.0022e+01     6.9460      1.259      1.827    23.4677 0.0000e+00
      1.290      0.047     5.2022     87.273     36.569  35.450993     3.2736      7.113   216.6576 3.9469e+01     6.6815      1.265      1.835    23.4675 0.0000e+00
      1.298      0.053     5.2005     87.248     36.557  35.438413     3.3013      7.112   216.8034 3.8602e+01     6.5419      1.271      1.844    23.4671 0.0000e+00
      1.313      0.058     5.1992     87.227     36.547  35.428000     3.3051      7.112   216.9264 3.7370e+01     6.5359      1.286      1.865    23.4665 0.0000e+00
      1.333      0.062     5.1947     87.129     36.573  35.452023     3.3282      7.112   217.0257 3.6058e+01     6.5767      1.306      1.894    23.4663 0.0000e+00
      1.354      0.064     5.1911     86.944     36.597  35.474998     3.3987      7.111   217.1437 3.4915e+01     6.6419      1.328      1.927    23.4660 0.0000e+00
      1.373      0.063     5.1896     86.716     36.573  35.451910     3.4547      7.111   217.3200 3.4026e+01     6.7022      1.348      1.955    23.4645 0.0000e+00
      1.388      0.060     5.1918     86.478     36.547  35.426741     3.4667      7.112   217.5228 3.3290e+01     6.7479      1.362      1.975    23.4631 0.0000e+00
      1.401      0.057     5.1857     86.277     36.545  35.424556     3.4663      7.113   217.7023 3.2654e+01     6.8012      1.375      1.993    23.4623 0.0000e+00
      1.412      0.057     5.1731     86.128     36.547  35.425492     3.4669      7.112   217.8572 3.2118e+01     6.8878      1.385      2.009    23.4617 0.0000e+00
      1.423      0.059     5.1600     86.053     36.560  35.438065     3.4652      7.110   218.1052 3.1453e+01     6.9426      1.393      2.022    23.4614 0.0000e+00
      1.438      0.062     5.1436     86.080     36.572  35.449629     3.4637      7.108   218.3763 3.0543e+01     6.9400      1.409      2.044    23.4607 0.0000e+00
      1.457      0.065     5.1323     86.178     36.562  35.438369     3.4741      7.108   218.5538 2.9578e+01     6.8888      1.429      2.072    23.4603 0.0000e+00
      1.477      0.067     5.1229     86.255     36.552  35.428859     3.4962      7.107   218.7885 2.8697e+01     6.7819      1.450      2.102    23.4602 0.0000e+00
      1.497      0.068     5.1170     86.237     36.586  35.461579     3.5145      7.105   219.0634 2.7940e+01     6.7296      1.469      2.131    23.4596 0.0000e+00
      1.512      0.068     5.1197     86.117     36.643  35.516648     3.5214      7.104   219.1239 2.7326e+01     6.7485      1.485      2.153    23.4593 0.0000e+00
      1.527      0.066     5.1278     85.944     36.651  35.523468     3.5360      7.103   219.0908 2.6643e+01     6.6497      1.495      2.169    23.4587 0.0000e+00
      1.544      0.062     5.1345     85.753     36.608  35.480571     3.5617      7.102   219.2654 2.5819e+01     6.4196      1.512      2.193    23.4579 0.0000e+00
      1.564      0.061     5.1333     85.540     36.568  35.442261     3.5721      7.102   219.5140 2.5179e+01     6.2601      1.535      2.227    23.4576 0.0000e+00
      1.579      0.061     5.1249     85.317     36.568  35.441075     3.5751      7.101   219.6871 2.4720e+01     6.2286      1.549      2.247    23.4573 0.0000e+00
      1.591      0.060     5.1135     85.097     36.595  35.466230     3.5797      7.101   219.8100 2.4175e+01     6.2681      1.558      2.261    23.4566 0.0000e+00
      1.604      0.058     5.1032     84.886     36.623  35.492532     3.5237      7.101   219.8813 2.3540e+01     6.3453      1.572      2.280    23.4557 0.0000e+00
      1.621      0.056     5.0899     84.708     36.638  35.505214     3.4101      7.101   219.9480 2.2886e+01     6.4080      1.589      2.305    23.4548 0.0000e+00
      1.637      0.054     5.0764     84.558     36.626  35.492624     3.3420      7.102   220.0136 2.2335e+01     6.4361      1.608      2.332    23.4542 0.0000e+00
      1.652      0.053     5.0638     84.416     36.600  35.467248     3.3335      7.103   220.0727 2.1944e+01     6.4554      1.621      2.352    23.4525 0.0000e+00
      1.664      0.051     5.0503     84.268     36.585  35.452278     3.3594      7.103   220.2324 2.1565e+01     6.4776      1.631      2.366    23.4499 0.0000e+00
      1.675      0.051     5.0402     84.090     36.572  35.438551     3.3942      7.103   220.4819 2.1177e+01     6.5078      1.642      2.382    23.4483 0.0000e+00
      1.685      0.051     5.0318     83.855     36.562  35.428206     3.3994      7.103   220.6797 2.0825e+01     6.5259      1.653      2.397    23.4477 0.0000e+00
      1.698      0.053     5.0237     83.641     36.590  35.454137     3.3960      7.102   220.8172 2.0406e+01     6.4999      1.665      2.414    23.4476 0.0000e+00
      1.713      0.057     5.0150     83.576     36.637  35.498208     3.4306      7.100   221.0259 1.9926e+01     6.4555      1.679      2.436    23.4470 0.0000e+00
      1.729      0.061     5.0065     83.682     36.657  35.516775     3.4971      7.099   221.3108 1.9488e+01     6.4485      1.695      2.459    23.4457 0.0000e+00
      1.745      0.063     4.9907     83.919     36.630  35.488221     3.5329      7.098   221.5946 1.9045e+01     6.4801      1.711      2.482    23.4442 0.0000e+00
      1.763      0.063     4.9736     84.232     36.613  35.470302     3.5255      7.097   221.7899 1.8574e+01     6.5103      1.728      2.506    23.4421 0.0000e+00
      1.780      0.062     4.9709     84.538     36.634  35.490525     3.4689      7.095   221.8639 1.8159e+01     6.5182      1.746      2.533    23.4402 0.0000e+00
      1.796      0.059     4.9780     84.760     36.623  35.478861     3.3765      7.093   221.9736 1.7783e+01     6.5112      1.761      2.554    23.4379 0.0000e+00
      1.810      0.055     4.9935     84.861     36.600  35.456215     3.3365      7.091   222.1696 1.7414e+01     6.5240      1.775      2.573    23.4355 0.0000e+00
      1.823      0.051     5.0141     84.838     36.615  35.470585     3.3490      7.091   222.2557 1.7067e+01     6.5083      1.788      2.593    23.4341 0.0000e+00
      1.836      0.048     5.0344     84.686     36.673  35.525665     3.3540      7.091   222.2394 1.6749e+01     6.4201      1.801      2.612    23.4332 0.0000e+00
      1.847      0.047     5.0480     84.408     36.833  35.677902     3.3460      7.092   222.3164 1.6488e+01     6.3422      1.812      2.628    23.4327 0.0000e+00
      1.857      0.048     5.0542     84.045     37.085  35.914932     3.3388      7.093   222.4130 1.6243e+01     6.2870      1.820      2.639    23.4317 0.0000e+00
      1.867      0.051     5.0528     83.625     37.297  36.106647     3.3362      7.093   222.5468 1.5925e+01     6.2440      1.829      2.652    23.4308 0.0000e+00
      1.880      0.055     5.0444     82.967     37.428  36.218722     3.3411      7.093   222.8160 1.5565e+01     6.2485      1.842      2.672    23.4296 0.0000e+00
      1.896      0.059     5.0266     81.529     37.543  36.317937     3.3884      7.093   223.0869 1.5199e+01     6.2756      1.859      2.697    23.4286 0.0000e+00
      1.913      0.060     5.0046     78.679     37.657  36.417631     3.4747      7.093   223.2410 1.4809e+01     6.3099      1.876      2.722    23.4200 0.0000e+00
      1.930      0.059     4.9833     74.121     37.726  36.472025     3.5268      7.092   223.3028 1.4453e+01     6.3358      1.894      2.746    23.3993 0.0000e+00
      1.947      0.054     4.9592     68.141     37.733  36.467813     3.5327      7.092   223.4035 1.4144e+01     6.3261      1.910      2.770    23.3785 0.0000e+00
      1.962      0.049     4.8910     61.481     37.768  36.493633     3.5275      7.092   223.5982 1.3857e+01     6.2587      1.925      2.792    23.3623 0.0000e+00
      1.975      0.044     4.7286     54.876     37.878  36.593780     3.5255      7.091   223.7643 1.3677e+01     6.1435      1.938      2.812    23.3487 0.0000e+00
      1.981      0.042     4.4537     49.050     38.027  36.726590     3.5346      7.090   223.8631 1.3600e+01     6.0801      1.945      2.821    23.3337 0.0000e+00
      1.986      0.042     4.0771     44.534     38.217  36.893440     3.5426      7.089   224.0179 1.3469e+01     6.0822      1.946      2.823    23.3147 0.0000e+00
      1.995      0.046     3.6682     41.268     38.382  37.024289     3.5259      7.086   224.2589 1.3244e+01     6.1352      1.954      2.835    23.3059 0.0000e+00
      2.008      0.052     3.2585     38.736     38.435  37.039162     3.4886      7.083   224.4539 1.2957e+01     6.2306      1.968      2.854    23.3017 0.0000e+00
      2.025      0.058     2.8961     36.237     38.434  37.009738     3.4647      7.078   224.6556 1.2616e+01     6.2854      1.984      2.878    23.2865 0.0000e+00
      2.043      0.063     2.6317     33.196     38.490  37.049330     3.4621      7.074   224.9764 1.2300e+01     6.3057      2.003      2.906    23.2715 0.0000e+00
      2.060      0.065     2.4496     29.582     38.598  37.137003     3.4051      7.072   225.3214 1.2033e+01     6.3114      2.021      2.930    23.2334 0.0000e+00
      2.076      0.065     2.3165     25.829     38.667  37.181122     3.2867      7.068   225.6440 1.1760e+01     6.2892      2.036      2.953    23.1725 0.0000e+00
      2.094      0.063     2.1841     22.383     38.707  37.201893     3.2188      7.064   225.8658 1.1474e+01     6.2671      2.053      2.977    23.1339 0.0000e+00
      2.112      0.058     2.0025     19.432     38.777  37.261167     3.2174      7.062   226.0246 1.1213e+01     6.2726      2.071      3.004    23.1237 0.0000e+00
      2.127      0.053     1.7736     16.967     38.919  37.390002     3.2531      7.061   226.3594 1.1020e+01     6.3570      2.088      3.028    23.1090 0.0000e+00
      2.139      0.048     1.5409     15.139     39.240  37.680539     3.3125      7.059   226.8156 1.0856e+01     6.4683      2.098      3.042    23.0702 0.0000e+00
      2.148      0.045     1.3293     14.020     39.791  38.171493     3.3459      7.056   227.3251 1.0689e+01     6.5037      2.107      3.056    23.0426 0.0000e+00
      2.157      0.044     1.1580     13.304     40.397  38.692205     3.3435      7.054   227.9591 1.0551e+01     6.4897      2.116      3.069    23.0410 0.0000e+00
      2.167      0.046     1.0042     12.620     40.884  39.088520     3.3351      7.052   228.5450 1.0405e+01     6.4625      2.123      3.079    23.0354 0.0000e+00
      2.178      0.051     0.8896     11.643     41.218  39.344869     3.3138      7.049   228.9885 1.0203e+01     6.3717      2.134      3.095    23.0159 0.0000e+00
      2.192      0.058     0.8349     10.157     41.436  39.506312     3.2679      7.045   229.2771 9.9704e+00     6.1784      2.149      3.117    22.9730 0.0000e+00
      2.208      0.066     0.7991      8.173     41.676  39.707334     3.2313      7.039   229.4532 9.7209e+00     6.0263      2.164      3.139    22.8893 0.0000e+00
      2.225      0.071     0.7667      5.835     41.931  39.934381     3.2178      7.032   229.7421 9.4708e+00     6.0071      2.182      3.164    22.7950 0.0000e+00
      2.245      0.072     0.7151      3.452     41.982  39.966123     3.2176      7.025   230.1886 9.2211e+00     6.1427      2.201      3.192    22.7169 0.0000e+00
      2.267      0.067     0.6239      1.415     41.930  39.900660     3.2290      7.020   230.6356 8.9562e+00     6.3888      2.222      3.222    22.6553 0.0000e+00
      2.289      0.061     0.5023     -0.076     42.075  40.031607     3.2436      7.016   230.9307 8.7182e+00     6.5253      2.246      3.258    22.6252 0.0000e+00
      2.305      0.053     0.3551     -0.959     42.408  40.343198     3.2464      7.013   231.0036 8.5773e+00     6.5139      2.264      3.285    22.6171 0.0000e+00
      2.313      0.045     0.1991     -1.245     42.779  40.684327     3.2624      7.009   230.9152 8.5187e+00     6.3818      2.270      3.292    22.5941 0.0000e+00
      2.318      0.039     0.0742     -1.018     43.116  40.981901     3.3073      7.006   230.8073 8.4495e+00     6.1738      2.271      3.295    22.5683 0.0000e+00
      2.325      0.036    -0.0178     -0.420     43.398  41.211219     3.3380      7.003   230.8181 8.3481e+00     6.0632      2.279      3.306    22.5672 0.0000e+00
      2.335      0.037    -0.0710      0.338     43.607  41.361875     3.3482      7.000   231.1315 8.2301e+00     6.0602      2.290      3.321    22.5648 0.0000e+00
      2.345      0.041    -0.0861      1.052     43.702  41.406685     3.3185      6.995   231.6713 8.0905e+00     6.0069      2.299      3.335    22.5509 0.0000e+00
      2.355      0.046    -0.0705      1.560     43.699  41.372022     3.2474      6.989   232.0967 7.9510e+00     5.8775      2.309      3.349    22.5281 0.0000e+00
      2.367      0.049    -0.0281      1.842     43.664  41.323647     3.2079      6.984   232.4030 7.7932e+00     5.8073      2.321      3.366    22.4796 0.0000e+00
      2.382      0.050     0.0211      1.969     43.671  41.329664     3.2134      6.979   232.6220 7.6201e+00     5.8135      2.336      3.388    22.4175 0.0000e+00
      2.396      0.051     0.0694      1.979     43.791  41.444774     3.2459      6.974   232.6794 7.4946e+00     5.8211      2.352      3.411    22.3645 0.0000e+00
      2.409      0.051     0.1001      1.911     44.001  41.636143     3.2797      6.969   232.7522 7.3921e+00     5.8010      2.363      3.427    22.3252 0.0000e+00
      2.421      0.051     0.1145      1.826     44.263  41.865813     3.2834      6.965   232.8999 7.2628e+00     5.7998      2.374      3.443    22.3076 0.0000e+00
      2.433      0.052     0.1225      1.756     44.439  41.999545     3.2819      6.960   233.1759 7.1116e+00     5.8390      2.386      3.461    22.3140 0.0000e+00
      2.446      0.053     0.1221      1.709     44.335  41.856280     3.2786      6.956   233.7664 6.9502e+00     5.8164      2.398      3.478    22.3201 0.0000e+00
      2.460      0.056     0.1163      1.704     44.109  41.593795     3.1563      6.952   234.4459 6.7828e+00     5.3946      2.412      3.499    22.3116 0.0000e+00
      2.475      0.058     0.1105      1.727     44.048  41.492323     2.9227      6.948   234.8530 6.6208e+00     4.6395      2.427      3.521    22.2931 0.0000e+00
      2.491      0.060     0.1068      1.752     44.176  41.581651     2.7950      6.944   235.0760 6.4872e+00     4.2245      2.443      3.543    22.2556 0.0000e+00
      2.506      0.060     0.1029      1.783     44.336  41.721482     2.8077      6.940   235.2482 6.3607e+00     4.1783      2.459      3.566    22.2000 0.0000e+00
      2.521      0.059     0.1033      1.804     44.397  41.786254     3.0507      6.938   235.3004 6.2153e+00     3.9172      2.473      3.586    22.1416 0.0000e+00
