Data/DataNotYetUploadedToEDI/Raw_CTD/2019_RawDownloads/092719_fcr10.cnv
* Sea-Bird SBE19plus  Data File:
* FileName = C:\DATA\092719_fcr_0004.hex
* Software version 2.8.0.119 SB_Terminal.dll
* Temperature SN = 7809
* Conductivity SN = 7809
* System UpLoad Time = Sep 28 2019 13:25:53
* <ApplicationData>
* <Seaterm232>
# nquan = 16
# nvalues = 392                         
# units = specified
# name 0 = depFM: Depth [fresh water, m]
# name 1 = dz/dtM: Descent Rate [m/s]
# name 2 = sbeox0ML/L: Oxygen, SBE 43 [ml/l]
# name 3 = sbeox0PS: Oxygen, SBE 43 [% saturation]
# name 4 = specc: Specific Conductance [uS/cm]
# name 5 = c0uS/cm: Conductivity [uS/cm]
# name 6 = flECO-AFL: Fluorescence, WET Labs ECO-AFL/FL [mg/m^3]
# name 7 = ph: pH
# name 8 = orp: Oxidation Reduction Potential [mV]
# name 9 = par/sat/log: PAR/Logarithmic, Satlantic
# name 10 = turbWETntu0: Turbidity, WET Labs ECO [NTU]
# name 11 = prdM: Pressure, Strain Gauge [db]
# name 12 = prdE: Pressure, Strain Gauge [psi]
# name 13 = tv290C: Temperature [ITS-90, deg C]
# name 14 = density00: Density [density, kg/m^3]
# name 15 = flag:  0.000e+00
# span 0 =     -0.556,      2.335       
# span 1 =     -0.165,      0.146       
# span 2 =     4.7494,     6.4784       
# span 3 =     79.003,    106.315       
# span 4 =      1.021,     40.227       
# span 5 =   1.093043,  38.708614       
# span 6 =    -0.6669,     4.5124       
# span 7 =     -2.092,      8.177       
# span 8 = -1240.7455,   456.8746       
# span 9 = 2.3498e+01, 2.5149e+03       
# span 10 =    -1.1439,    63.2463      
# span 11 =     -0.545,      2.291      
# span 12 =     -0.791,      3.323      
# span 13 =    21.4773,    28.5317      
# span 14 =   996.0902,   997.9180      
# span 15 = 0.0000e+00, 0.0000e+00      
# interval = seconds: 0.25
# start_time = Sep 27 2019 12:39:27 [Instrument's time stamp, header]
# bad_flag = -9.990e-29
*END*
[from data line 362]
      2.156      0.032     5.6991     92.346     39.224  36.558019     4.2589      6.822   153.6231 2.6157e+01     6.8922      2.115      3.067    21.5994   997.8903 0.0000e+00
      2.163      0.032     5.6985     92.307     39.221  36.543009     4.2519      6.821   153.6799 2.6006e+01     6.9025      2.121      3.077    21.5987   997.8905 0.0000e+00
      2.170      0.033     5.6961     92.240     39.237  36.541552     4.1490      6.818   153.6582 2.5805e+01     6.8181      2.128      3.086    21.6015   997.8899 0.0000e+00
      2.178      0.034     5.6935     92.148     39.252  36.540380     3.9597      6.816   153.7050 2.5476e+01     6.6254      2.135      3.096    21.6035   997.8894 0.0000e+00
      2.187      0.036     5.6934     91.980     39.251  36.528820     3.8525      6.813   153.8157 2.5083e+01     6.5059      2.144      3.109    21.6001   997.8903 0.0000e+00
      2.198      0.038     5.6933     91.728     39.258  36.528715     3.8419      6.810   153.9640 2.4757e+01     6.4879      2.156      3.126    21.5845   997.8938 0.0000e+00
      2.208      0.040     5.6907     91.481     39.276  36.539103     3.8836      6.806   154.0352 2.4456e+01     6.5062      2.166      3.142    21.5590   997.8995 0.0000e+00
      2.218      0.040     5.6895     91.265     39.269  36.527459     3.9664      6.803   153.9031 2.4127e+01     6.5630      2.175      3.154    21.5375   997.9044 0.0000e+00
      2.229      0.039     5.6816     91.039     39.260  36.514870     4.0192      6.801   153.7432 2.3856e+01     6.5857      2.186      3.170    21.5246   997.9072 0.0000e+00
      2.240      0.037     5.6627     90.780     39.265  36.513830     4.0284      6.801   153.7372 2.3665e+01     6.5515      2.197      3.186    21.5181   997.9087 0.0000e+00
      2.250      0.034     5.6483     90.495     39.272  36.514872     4.0953      6.800   153.8292 2.3538e+01     6.6076      2.206      3.200    21.5104   997.9105 0.0000e+00
      2.258      0.031     5.6375     90.210     39.289  36.527462     4.2376      6.799   153.9097 2.3498e+01     6.7396      2.215      3.212    21.5036   997.9120 0.0000e+00
      2.265      0.028     5.6240     89.947     39.300  36.539106     4.3269      6.798   153.9367 2.3510e+01     6.7715      2.222      3.221    21.4993   997.9130 0.0000e+00
      2.272      0.026     5.6088     89.702     39.284  36.528720     4.3424      6.798   153.9834 2.3544e+01     6.7308      2.228      3.230    21.4925   997.9145 0.0000e+00
      2.278      0.024     5.5912     89.462     39.281  36.528834     4.3827      6.798   154.0440 2.3604e+01     6.6086      2.234      3.239    21.4845   997.9163 0.0000e+00
      2.283      0.022     5.5739     89.283     39.292  36.540489     4.4670      6.798   154.0674 2.3674e+01     6.4411      2.239      3.247    21.4773   997.9180 0.0000e+00
      2.289      0.019     5.5573     89.240     39.292  36.542693     4.5124      6.796   154.0937 2.3744e+01     6.3761      2.245      3.256    21.4807   997.9172 0.0000e+00
      2.294      0.017     5.5421     89.286     39.302  36.555481     4.5064      6.796   154.1042 2.3827e+01     6.3468      2.251      3.264    21.4902   997.9152 0.0000e+00
      2.299      0.014     5.5259     89.323     39.311  36.568173     4.4556      6.796   154.1080 2.3954e+01     6.3166      2.255      3.271    21.4913   997.9150 0.0000e+00
      2.302      0.012     5.5116     89.332     39.306  36.569213     4.3659      6.796   154.2257 2.4146e+01     6.3066      2.257      3.274    21.4920   997.9149 0.0000e+00
      2.303      0.011     5.5105     89.360     39.302  36.568059     4.3240      6.796   154.3224 2.4403e+01     6.3233      2.258      3.275    21.4949   997.9142 0.0000e+00
      2.304      0.011     5.5160     89.439     39.285  36.554219     4.3296      6.796   154.3309 2.4678e+01     6.3881      2.260      3.278    21.4996   997.9132 0.0000e+00
      2.307      0.012     5.5173     89.578     39.256  36.528831     4.3301      6.796   154.4149 2.4888e+01     6.4016      2.262      3.281    21.5072   997.9115 0.0000e+00
      2.310      0.014     5.5157     89.804     39.242  36.514982     4.3205      6.797   154.4774 2.5030e+01     6.3881      2.265      3.285    21.5146   997.9099 0.0000e+00
      2.315      0.016     5.5162     90.054     39.246  36.513725     4.3090      6.797   154.4844 2.5178e+01     6.4535      2.270      3.292    21.5170   997.9093 0.0000e+00
      2.320      0.017     5.5218     90.164     39.250  36.513622     4.3045      6.797   154.4992 2.5350e+01     6.5050      2.275      3.300    21.5191   997.9089 0.0000e+00
      2.325 -9.990e-29     5.5281 -9.990e-29 -9.990e-29 -9.990e-29 -9.990e-29 -9.990e-29 -9.990e-29 2.5412e+01 -9.990e-29      2.280      3.307    21.5217   997.9083 0.0000e+00
      2.330 -9.990e-29     5.5429 -9.990e-29 -9.990e-29 -9.990e-29 -9.990e-29 -9.990e-29 -9.990e-29 2.5338e+01 -9.990e-29      2.286      3.315    21.5224   997.9081 0.0000e+00
      2.334 -9.990e-29     5.5650 -9.990e-29 -9.990e-29 -9.990e-29 -9.990e-29 -9.990e-29 -9.990e-29 2.5353e+01 -9.990e-29      2.290      3.321    21.5137   997.9101 0.0000e+00
      2.335 -9.990e-29     5.5741 -9.990e-29 -9.990e-29 -9.990e-29 -9.990e-29 -9.990e-29 -9.990e-29 2.5422e+01 -9.990e-29      2.291      3.323    21.5033   997.9124 0.0000e+00
