Data/DataNotYetUploadedToEDI/Raw_CTD/2019_RawDownloads/092719_fcr20.cnv
* Sea-Bird SBE19plus  Data File:
* FileName = C:\DATA\092719_fcr_0005.hex
* Software version 2.8.0.119 SB_Terminal.dll
* Temperature SN = 7809
* Conductivity SN = 7809
* System UpLoad Time = Sep 28 2019 13:26:10
* <ApplicationData>
* <Seaterm232>
# nquan = 16
# nvalues = 482                         
# units = specified
# name 0 = depFM: Depth [fresh water, m]
# name 1 = dz/dtM: Descent Rate [m/s]
# name 2 = sbeox0ML/L: Oxygen, SBE 43 [ml/l]
# name 3 = sbeox0PS: Oxygen, SBE 43 [% saturation]
# name 4 = specc: Specific Conductance [uS/cm]
# name 5 = c0uS/cm: Conductivity [uS/cm]
# name 6 = flECO-AFL: Fluorescence, WET Labs ECO-AFL/FL [mg/m^3]
# name 7 = ph: pH
# name 8 = orp: Oxidation Reduction Potential [mV]
# name 9 = par/sat/log: PAR/Logarithmic, Satlantic
# name 10 = turbWETntu0: Turbidity, WET Labs ECO [NTU]
# name 11 = prdM: Pressure, Strain Gauge [db]
# name 12 = prdE: Pressure, Strain Gauge [psi]
# name 13 = tv290C: Temperature [ITS-90, deg C]
# name 14 = density00: Density [density, kg/m^3]
# name 15 = flag:  0.000e+00
# span 0 =     -0.551,      3.053       
# span 1 =     -0.208,      0.269       
# span 2 =     4.1462,     6.8138       
# span 3 =     69.107,    112.286       
# span 4 =      1.504,     39.752       
# span 5 =   1.448525,  38.200921       
# span 6 =    -1.7704,     4.4687       
# span 7 =      6.385,      8.478       
# span 8 =    23.4391,   148.9447       
# span 9 = 1.4284e+01, 2.1306e+03       
# span 10 =    -0.8317,   893.8638      
# span 11 =     -0.541,      2.994      
# span 12 =     -0.784,      4.343      
# span 13 =    21.2810,    23.1960      
# span 14 =   997.4993,   997.9646      
# span 15 = 0.0000e+00, 0.0000e+00      
# interval = seconds: 0.25
# start_time = Sep 27 2019 13:01:37 [Instrument's time stamp, header]
# bad_flag = -9.990e-29
*END*
[from data line 362]
      1.977      0.079     6.0757     98.230     39.076  36.435345     4.0671      7.130   138.4940 5.8866e+01     6.5673      1.937      2.810    21.6763   997.8722 0.0000e+00
      2.005      0.085     6.0822     97.909     39.076  36.428950     4.0898      7.129   138.6253 5.6591e+01     6.5736      1.966      2.851    21.6553   997.8771 0.0000e+00
      2.033      0.086     6.0797     97.509     39.066  36.414800     4.1465      7.128   138.7074 5.4646e+01     6.6090      1.996      2.895    21.6384   997.8810 0.0000e+00
      2.057      0.082     6.0680     97.082     39.042  36.391199     4.1800      7.126   138.7977 5.3181e+01     6.6023      2.020      2.930    21.6258   997.8839 0.0000e+00
      2.075      0.073     6.0559     96.659     39.049  36.397480     4.1752      7.122   138.9422 5.2147e+01     6.5582      2.037      2.953    21.6151   997.8864 0.0000e+00
      2.090      0.062     6.0374     96.260     39.084  36.427278     4.1138      7.120   139.0792 5.1198e+01     6.4677      2.049      2.972    21.6059   997.8885 0.0000e+00
      2.104      0.050     6.0116     95.945     39.095  36.434113     4.0094      7.118   139.0771 5.0253e+01     6.3607      2.062      2.992    21.6000   997.8899 0.0000e+00
      2.118      0.039     5.9844     95.714     39.079  36.416648     3.9529      7.117   139.0882 4.9562e+01     6.3467      2.078      3.013    21.6010   997.8897 0.0000e+00
      2.128      0.029     5.9590     95.529     39.068  36.406522     3.9343      7.117   139.2139 4.9170e+01     6.3641      2.088      3.028    21.6015   997.8896 0.0000e+00
      2.133      0.021     5.9321     95.405     39.102  36.438621     3.9153      7.117   139.3065 4.9016e+01     6.3412      2.093      3.037    21.5967   997.8908 0.0000e+00
      2.134      0.015     5.9135     95.338     39.153  36.487392     3.8963      7.117   139.3479 4.9114e+01     6.2667      2.095      3.039    21.5912   997.8920 0.0000e+00
      2.133      0.013     5.9019     95.307     39.153  36.488433     3.8776      7.116   139.4561 4.9250e+01     6.1509      2.091      3.033    21.5878   997.8927 0.0000e+00
      2.134      0.013     5.8885     95.317     39.113  36.451212     3.8714      7.115   139.5821 4.9122e+01     6.0883      2.091      3.033    21.5880   997.8926 0.0000e+00
      2.138      0.016     5.8814     95.368     39.077  36.418189     3.8818      7.114   139.6661 4.8795e+01     6.0667      2.096      3.040    21.5901   997.8922 0.0000e+00
      2.144      0.023     5.8779     95.447     39.063  36.406509     3.9170      7.113   139.8695 4.8390e+01     6.1197      2.102      3.048    21.5913   997.8920 0.0000e+00
      2.151      0.034     5.8755     95.552     39.096  36.436935     3.9585      7.110   140.2353 4.7968e+01     6.2705      2.109      3.059    21.5913   997.8920 0.0000e+00
      2.158      0.048     5.8758     95.652     39.132  36.468707     3.9757      7.105   140.5611 4.7631e+01     6.3491      2.117      3.071    21.5918   997.8920 0.0000e+00
      2.166      0.062     5.8799     95.706     39.141  36.473304     3.9870      7.100   140.7106 4.6931e+01     6.3165      2.121      3.078    21.5934   997.8916 0.0000e+00
      2.182      0.075     5.8839     95.742     39.166  36.492502     4.0254      7.095   140.7526 4.5373e+01     6.2367      2.135      3.097    21.5943   997.8914 0.0000e+00
      2.209      0.085     5.8907     95.762     39.190  36.510409     4.0762      7.092   140.8111 4.3409e+01     6.1378      2.165      3.140    21.5948   997.8915 0.0000e+00
      2.239      0.090     5.8995     95.707     39.180  36.499397     4.0989      7.087   140.9015 4.1729e+01     6.0713      2.197      3.187    21.5935   997.8919 0.0000e+00
      2.266      0.089     5.9013     95.562     39.167  36.486297     4.0909      7.082   140.9854 4.0280e+01     6.0551      2.223      3.224    21.5872   997.8935 0.0000e+00
      2.291      0.080     5.9043     95.332     39.159  36.478952     4.0062      7.080   141.0518 3.8943e+01     6.0408      2.247      3.259    21.5803   997.8951 0.0000e+00
      2.312      0.065     5.9085     95.029     39.154  36.474065     3.8546      7.080   141.1011 3.7993e+01     5.9965      2.270      3.292    21.5760   997.8962 0.0000e+00
      2.326      0.049     5.9050     94.711     39.172  36.490685     3.7663      7.081   141.1512 3.7492e+01     5.9453      2.283      3.312    21.5734   997.8968 0.0000e+00
      2.333      0.034     5.8960     94.442     39.171  36.489488     3.7542      7.082   141.2279 3.7275e+01     5.9140      2.290      3.321    21.5723   997.8971 0.0000e+00
      2.337      0.024     5.8825     94.262     39.139  36.459583     3.7602      7.083   141.4263 3.7211e+01     5.9123      2.293      3.325    21.5717   997.8973 0.0000e+00
      2.338      0.019     5.8618     94.156     39.124  36.446468     3.7605      7.083   141.5715 3.7176e+01     5.8925      2.294      3.327    21.5715   997.8973 0.0000e+00
      2.339      0.017     5.8408     94.097     39.136  36.457864     3.7487      7.084   141.6070 3.6964e+01     5.8390      2.293      3.326    21.5714   997.8973 0.0000e+00
      2.344      0.017     5.8232     94.101     39.149  36.470431     3.7396      7.085   141.8542 3.6520e+01     5.8215      2.298      3.333    21.5716   997.8973 0.0000e+00
      2.352      0.020     5.8123     94.156     39.149  36.471470     3.7362      7.085   142.2380 3.6114e+01     5.8447      2.308      3.347    21.5723   997.8971 0.0000e+00
      2.359      0.030     5.8074     94.243     39.147  36.470415     3.7425      7.082   142.7200 3.5920e+01     5.8579      2.314      3.357    21.5733   997.8969 0.0000e+00
      2.362      0.045     5.8019     94.362     39.134  36.457678     3.7555      7.075   143.2078 3.5804e+01     5.8829      2.316      3.360    21.5733   997.8970 0.0000e+00
      2.367      0.065     5.8032     94.464     39.123  36.444409     3.7549      7.068   143.4042 3.5409e+01     5.8844      2.319      3.363    21.5732   997.8971 0.0000e+00
      2.380      0.085     5.8072     94.486     39.121  36.436924     3.7527      7.063   143.5458 3.4312e+01     5.8432      2.328      3.377    21.5741   997.8969 0.0000e+00
      2.409      0.102     5.8113     94.423     39.121  36.430644     3.8417      7.060   143.8017 3.2497e+01     5.9091      2.356      3.417    21.5760   997.8966 0.0000e+00
      2.450      0.114     5.8199     94.297     39.131  36.431932     4.0159      7.055   143.9171 3.0595e+01     6.0590      2.402      3.484    21.5775   997.8964 0.0000e+00
      2.490      0.115     5.8288     94.121     39.165  36.452495     4.1158      7.051   143.9081 2.9155e+01     6.1475      2.446      3.548    21.5733   997.8976 0.0000e+00
      2.523      0.104     5.8309     93.928     39.215  36.488843     4.1135      7.050   143.9514 2.8048e+01     6.1598      2.476      3.592    21.5637   997.8999 0.0000e+00
      2.549      0.083     5.8271     93.731     39.222  36.490561     4.0135      7.051   144.0097 2.7184e+01     6.0111      2.502      3.629    21.5556   997.9018 0.0000e+00
      2.568      0.058     5.8206     93.494     39.203  36.473265     3.8520      7.054   144.0966 2.6782e+01     5.7924      2.523      3.658    21.5481   997.9035 0.0000e+00
      2.577      0.035     5.8100     93.160     39.196  36.470130     3.7745      7.058   144.2284 2.6747e+01     5.7441      2.530      3.669    21.5322   997.9071 0.0000e+00
      2.578      0.020     5.7997     92.732     39.172  36.452664     3.7615      7.062   144.2260 2.6869e+01     5.7550      2.530      3.668    21.5161   997.9106 0.0000e+00
      2.575      0.012     5.7888     92.288     39.167  36.452508     3.7983      7.064   144.2396 2.7063e+01     5.7596      2.525      3.662    21.5123   997.9115 0.0000e+00
      2.572      0.009     5.7760     91.928     39.185  36.468243     3.9067      7.066   144.4796 2.7114e+01     5.8327      2.520      3.655    21.5129   997.9113 0.0000e+00
      2.574      0.012     5.7550     91.694     39.172  36.452497     3.9799      7.066   144.6319 2.6879e+01     5.8857      2.522      3.657    21.5166   997.9105 0.0000e+00
      2.581      0.015     5.7254     91.560     39.177  36.452537     3.9993      7.067   144.6189 2.6571e+01     5.9082      2.531      3.671    21.5255   997.9086 0.0000e+00
      2.588      0.016     5.6948     91.460     39.197  36.468716     4.0534      7.068   144.6665 2.6329e+01     5.9080      2.537      3.681    21.5315   997.9072 0.0000e+00
      2.595      0.016     5.6719     91.393     39.185  36.457700     4.1494      7.068   144.7778 2.6108e+01     5.8500      2.544      3.691    21.5293   997.9078 0.0000e+00
      2.600      0.016     5.6585     91.411     39.171  36.446287     4.2058      7.069   144.8452 2.6057e+01     5.7979      2.553      3.702    21.5238   997.9091 0.0000e+00
      2.601      0.019     5.6531     91.479     39.181  36.457673     4.2237      7.070   144.8788 2.6170e+01     5.8024      2.552      3.701    21.5172   997.9105 0.0000e+00
      2.600      0.028     5.6481     91.550     39.191  36.468433     4.2446      7.067   145.0121 2.6157e+01     5.8379      2.547      3.693    21.5115   997.9117 0.0000e+00
      2.602      0.041     5.6406     91.633     39.173  36.449435     4.2847      7.061   145.3381 2.5897e+01     5.8989      2.550      3.698    21.5136   997.9112 0.0000e+00
      2.612      0.056     5.6434     91.719     39.148  36.418377     4.3541      7.055   145.7241 2.5355e+01     5.9834      2.559      3.712    21.5180   997.9104 0.0000e+00
      2.632      0.068     5.6486     91.780     39.150  36.410269     4.3991      7.050   145.8938 2.4432e+01     6.0401      2.577      3.737    21.5205   997.9099 0.0000e+00
      2.660      0.075     5.6516     91.796     39.164  36.414850     4.3945      7.048   145.9266 2.3349e+01     6.0601      2.608      3.782    21.5233   997.9094 0.0000e+00
      2.689      0.076     5.6575     91.729     39.167  36.410286     4.2630      7.048   146.0350 2.2582e+01     6.0295      2.640      3.830    21.5209   997.9101 0.0000e+00
      2.709      0.071     5.6649     91.517     39.184  36.418554     4.0155      7.048   146.1718 2.2211e+01     5.9316      2.660      3.859    21.5094   997.9127 0.0000e+00
      2.721      0.063     5.6704     91.157     39.229  36.451331     3.8807      7.049   146.2034 2.1926e+01     5.8918      2.669      3.870    21.4959   997.9157 0.0000e+00
      2.732      0.054     5.6731     90.694     39.281  36.489216     3.8814      7.050   146.2459 2.1575e+01     5.9420      2.678      3.885    21.4844   997.9184 0.0000e+00
      2.745      0.047     5.6722     90.155     39.303  36.495769     3.9029      7.050   146.4270 2.1204e+01     5.9163      2.692      3.904    21.4764   997.9201 0.0000e+00
      2.757      0.043     5.6598     89.533     39.289  36.467074     3.9248      7.046   146.5870 2.0865e+01     5.7773      2.705      3.923    21.4678   997.9222 0.0000e+00
      2.768      0.039     5.6375     88.820     39.290  36.459605     3.9282      7.042   146.7174 2.0574e+01     5.6704      2.715      3.938    21.4552   997.9250 0.0000e+00
      2.778      0.033     5.6095     88.031     39.296  36.468917     3.9187      7.040   146.8852 2.0267e+01     5.6726      2.723      3.951    21.4433   997.9277 0.0000e+00
      2.788      0.026     5.5784     87.209     39.266  36.452737     3.8966      7.038   146.9804 2.0016e+01     5.7061      2.736      3.969    21.4262   997.9315 0.0000e+00
      2.795      0.021     5.5431     86.425     39.253  36.454401     3.8512      7.038   147.0089 1.9979e+01     5.7137      2.744      3.981    21.4006   997.9372 0.0000e+00
      2.795      0.020     5.5001     85.800     39.283  36.489054     3.8205      7.038   147.1439 2.0041e+01     5.6994      2.742      3.977    21.3866   997.9403 0.0000e+00
      2.794      0.025     5.4495     85.450     39.290  36.490902     3.8205      7.037   147.4075 2.0002e+01     5.6649      2.738      3.972    21.3932   997.9389 0.0000e+00
      2.797      0.033     5.3954     85.379     39.292  36.476741     3.8765      7.034   147.7016 1.9822e+01     5.7226      2.740      3.976    21.4123   997.9346 0.0000e+00
      2.806      0.046     5.3423     85.537     39.342  36.508219     3.9866      7.030   147.8606 1.9431e+01     5.8732      2.749      3.986    21.4329   997.9301 0.0000e+00
      2.823      0.061     5.2982     85.817     39.405  36.554123     4.0502      7.025   147.6947 1.8897e+01     5.9450      2.768      4.014    21.4443   997.9277 0.0000e+00
      2.843      0.073     5.2784     86.007     39.458  36.587432     4.0570      7.020   147.4164 1.8381e+01     5.9359      2.788      4.043    21.4397   997.9288 0.0000e+00
      2.864      0.082     5.2780     85.936     39.485  36.593572     4.0507      7.017   147.4209 1.7766e+01     5.8935      2.805      4.069    21.4111   997.9352 0.0000e+00
      2.889      0.086     5.2910     85.523     39.470  36.564856     4.0263      7.013   147.5775 1.7111e+01     5.7607      2.833      4.109    21.3888   997.9402 0.0000e+00
      2.915      0.084     5.3154     84.679     39.474  36.557579     3.9960      7.010   147.5892 1.6625e+01     5.5750      2.860      4.150    21.3812   997.9421 0.0000e+00
      2.935      0.079     5.3336     83.416     39.495  36.569037     3.9791      7.009   147.5623 1.6192e+01     5.4831      2.878      4.176    21.3587   997.9472 0.0000e+00
      2.955      0.069     5.3320     81.905     39.508  36.576434     3.9790      7.008   147.5962 1.5752e+01     5.4689      2.898      4.203    21.3312   997.9533 0.0000e+00
      2.975      0.057     5.3118     80.350     39.518  36.583543     4.0032      7.007   147.5693 1.5438e+01     5.4036      2.920      4.234    21.3123   997.9575 0.0000e+00
      2.989      0.044     5.2612     78.948     39.527  36.591516     4.0374      7.005   147.4951 1.5242e+01     5.2831      2.933      4.254    21.2994   997.9605 0.0000e+00
      2.997      0.033     5.1784     77.823     39.544  36.609357     4.0544      7.004   147.4735 1.5109e+01     5.2250      2.940      4.265    21.2897   997.9626 0.0000e+00
      3.001      0.024     5.0817     77.015     39.541  36.608846     4.0605      7.003   147.4803 1.5076e+01     5.2255      2.944      4.271    21.2833   997.9641 0.0000e+00
      3.003      0.017     4.9803     76.517     39.513  36.585340     4.0943      7.003   147.4043 1.5078e+01     5.2891      2.945      4.270    21.2810   997.9646 0.0000e+00
      3.005      0.014     4.8909     76.291     39.503  36.579040     4.1678      7.002   147.3297 1.5010e+01     5.4697      2.946      4.272    21.2812   997.9645 0.0000e+00
      3.008      0.014     4.8202     76.275     39.518  36.596151     4.2214      7.001   147.4382 1.4898e+01     5.6076      2.950      4.279    21.2841   997.9639 0.0000e+00
      3.013      0.016     4.7699     76.432     39.518  36.601812     4.2317      7.000   147.5120 1.4810e+01     5.6449      2.955      4.285    21.2876   997.9632 0.0000e+00
      3.017      0.018     4.7394     76.737     39.493  36.584018     4.1697      6.999   147.4477 1.4748e+01     5.5925      2.958      4.291    21.2904   997.9625 0.0000e+00
      3.022      0.020     4.7271     77.127     39.474  36.571436     4.0447      6.998   147.4351 1.4662e+01     5.4665      2.963      4.297    21.2931   997.9620 0.0000e+00
      3.027      0.020     4.7265     77.566     39.477  36.576638     3.9770      6.996   147.4455 1.4541e+01     5.3990      2.969      4.304    21.2970   997.9612 0.0000e+00
      3.034      0.019     4.7353     78.048     39.485  36.583444     3.9756      6.995   147.4016 1.4450e+01     5.3987      2.976      4.317    21.3040   997.9596 0.0000e+00
