Data/DataNotYetUploadedToEDI/Raw_CTD/2019_RawDownloads/092719_fcr10.cnv
* Sea-Bird SBE19plus  Data File:
* FileName = C:\DATA\092719_fcr_0004.hex
* Software version 2.8.0.119 SB_Terminal.dll
* Temperature SN = 7809
* Conductivity SN = 7809
* System UpLoad Time = Sep 28 2019 13:25:53
* <ApplicationData>
* <Seaterm232>
# nquan = 16
# nvalues = 392                         
# units = specified
# name 0 = depFM: Depth [fresh water, m]
# name 1 = dz/dtM: Descent Rate [m/s]
# name 2 = sbeox0ML/L: Oxygen, SBE 43 [ml/l]
# name 3 = sbeox0PS: Oxygen, SBE 43 [% saturation]
# name 4 = specc: Specific Conductance [uS/cm]
# name 5 = c0uS/cm: Conductivity [uS/cm]
# name 6 = flECO-AFL: Fluorescence, WET Labs ECO-AFL/FL [mg/m^3]
# name 7 = ph: pH
# name 8 = orp: Oxidation Reduction Potential [mV]
# name 9 = par/sat/log: PAR/Logarithmic, Satlantic
# name 10 = turbWETntu0: Turbidity, WET Labs ECO [NTU]
# name 11 = prdM: Pressure, Strain Gauge [db]
# name 12 = prdE: Pressure, Strain Gauge [psi]
# name 13 = tv290C: Temperature [ITS-90, deg C]
# name 14 = density00: Density [density, kg/m^3]
# name 15 = flag:  0.000e+00
# span 0 =     -0.556,      2.335       
# span 1 =     -0.165,      0.146       
# span 2 =     4.7494,     6.4784       
# span 3 =     79.003,    106.315       
# span 4 =      1.021,     40.227       
# span 5 =   1.093043,  38.708614       
# span 6 =    -0.6669,     4.5124       
# span 7 =     -2.092,      8.177       
# span 8 = -1240.7455,   456.8746       
# span 9 = 2.3498e+01, 2.5149e+03       
# span 10 =    -1.1439,    63.2463      
# span 11 =     -0.545,      2.291      
# span 12 =     -0.791,      3.323      
# span 13 =    21.4773,    28.5317      
# span 14 =   996.0902,   997.9180      
# span 15 = 0.0000e+00, 0.0000e+00      
# interval = seconds: 0.25
# start_time = Sep 27 2019 12:39:27 [Instrument's time stamp, header]
# bad_flag = -9.990e-29
*END*
     -0.554 3.0807e-44     5.2498     96.652      1.021   1.093043    -0.1027      5.745 -1240.7455 1.9235e+03    -0.3008     -0.544     -0.789    28.5161   996.0947 0.0000e+00
     -0.554 3.3888e-43     5.2491     96.654      1.044   1.118286    -0.1046      5.432 -1240.7455 1.8805e+03    -0.2853     -0.543     -0.788    28.5163   996.0947 0.0000e+00
     -0.554 3.7277e-42     5.2470     96.669      1.069   1.144708    -0.1167      5.647 -1240.7455 1.8201e+03    -0.2613     -0.544     -0.788    28.5165   996.0946 0.0000e+00
     -0.554 4.1004e-41     5.2467     96.676      1.083   1.159069    -0.1281      6.011 -1240.7455 1.7872e+03    -0.2735     -0.544     -0.789    28.5167   996.0945 0.0000e+00
     -0.554 4.5105e-40     5.2450     96.687      1.089   1.165211    -0.1292      6.182 -1240.7455 1.7868e+03    -0.3011     -0.544     -0.789    28.5168   996.0945 0.0000e+00
     -0.555 4.9615e-39     5.2451     96.704      1.139   1.218972    -0.1210      6.251 -1240.7455 1.6957e+03    -0.3336     -0.544     -0.789    28.5170   996.0945 0.0000e+00
     -0.555 5.4577e-38     5.2472     96.716      1.276   1.365563    -0.1157      6.278 -1240.7455 1.6269e+03    -0.3384     -0.544     -0.789    28.5167   996.0945 0.0000e+00
     -0.555 6.0035e-37     5.2465     96.724      1.442   1.543703    -0.1177      6.285 -1240.7455 1.9157e+03    -0.3586     -0.544     -0.789    28.5168   996.0945 0.0000e+00
     -0.555 6.6038e-36     5.2472     96.720      1.552   1.662113    -0.1106      6.282 -1240.7455 2.3431e+03    -0.4141     -0.544     -0.788    28.5171   996.0944 0.0000e+00
     -0.555 7.2642e-35     5.2488     96.710      1.607   1.720121    -0.0899      6.214 -1240.7455 2.5149e+03    -0.4197     -0.544     -0.789    28.5167   996.0945 0.0000e+00
     -0.555 7.9906e-34     5.2487     96.709      1.625   1.738179    -0.0843      5.473 -1240.7455 2.5017e+03    -0.4263     -0.544     -0.789    28.5163   996.0947 0.0000e+00
     -0.555 8.7897e-33     5.2500     96.709      1.580   1.690361    -0.1029      3.056 -1240.7455 2.4664e+03    -0.4609     -0.544     -0.789    28.5153   996.0949 0.0000e+00
     -0.555 9.6686e-32     5.2496     96.710      1.481   1.585492    -0.1248     -0.099 -1240.7455 2.4432e+03    -0.4783     -0.544     -0.788    28.5141   996.0953 0.0000e+00
     -0.555 1.0635e-30     5.2486     96.715      1.386   1.483993    -0.1321     -1.829 -1240.7455 2.3822e+03    -0.5058     -0.544     -0.789    28.5130   996.0957 0.0000e+00
     -0.555 1.1699e-29     5.2492     96.724      1.320   1.413556    -0.1217     -2.092 -1240.7455 2.0520e+03    -0.4980     -0.544     -0.789    28.5131   996.0956 0.0000e+00
     -0.555 1.2869e-28     5.2487     96.726      1.277   1.367456    -0.1202     -1.166 -1240.7455 1.5072e+03    -0.2857     -0.545     -0.790    28.5151   996.0950 0.0000e+00
     -0.555 1.4156e-27     5.2487     96.716      1.221   1.306759    -0.1228      1.039 -1240.7455 1.0940e+03     0.1279     -0.544     -0.789    28.5177   996.0943 0.0000e+00
     -0.555 1.5571e-26     5.2485     96.702      1.168   1.249913    -0.1104      3.105 -1240.7455 8.9792e+02     0.4060     -0.544     -0.789    28.5205   996.0935 0.0000e+00
     -0.555 1.7129e-25     5.2491     96.695      1.168   1.250377    -0.1085      4.140 -1240.7455 1.0109e+03     0.4223     -0.545     -0.790    28.5231   996.0927 0.0000e+00
     -0.555 1.8841e-24     5.2490     96.683      1.167   1.249014    -0.1176      4.720 -1240.7455 1.2886e+03     0.4555     -0.545     -0.790    28.5250   996.0922 0.0000e+00
     -0.555 2.0726e-23     5.2483     96.658      1.152   1.233438    -0.1161      5.316 -1240.7455 1.5366e+03     0.6112     -0.545     -0.790    28.5266   996.0917 0.0000e+00
     -0.555 2.2798e-22     5.2470     96.657      1.170   1.252119    -0.1159      5.795 -1240.7455 1.7803e+03     0.6664     -0.544     -0.789    28.5282   996.0913 0.0000e+00
     -0.555 2.5078e-21     5.2465     96.676      1.200   1.284807    -0.1332      6.045 -1240.7455 1.8886e+03     0.6319     -0.545     -0.790    28.5291   996.0910 0.0000e+00
     -0.556 2.7586e-20     5.2471     96.686      1.225   1.311866    -0.1428      6.170 -1240.7455 1.7095e+03     0.6529     -0.545     -0.791    28.5290   996.0910 0.0000e+00
     -0.556 3.0344e-19     5.2438     96.683      1.239   1.325845    -0.1197      6.228 -1240.7455 1.2430e+03     0.4613     -0.545     -0.790    28.5288   996.0911 0.0000e+00
     -0.555 3.3379e-18     5.2442     96.682      1.240   1.327106    -0.0963      6.255 -1240.7455 8.4403e+02     0.0184     -0.545     -0.790    28.5290   996.0910 0.0000e+00
     -0.555 3.6717e-17     5.2462     96.695      1.240   1.327107    -0.1024      6.282 -1240.7455 7.7054e+02    -0.2775     -0.545     -0.790    28.5293   996.0909 0.0000e+00
     -0.555 4.0388e-16     5.2464     96.697      1.239   1.325861    -0.1156      6.312 -1240.7455 8.1397e+02    -0.3635     -0.544     -0.789    28.5299   996.0907 0.0000e+00
     -0.555 4.4427e-15     5.2463     96.675      1.226   1.312038    -0.1179      6.327 -1240.7455 7.9537e+02    -0.3980     -0.545     -0.790    28.5298   996.0908 0.0000e+00
     -0.556 4.8870e-14     5.2453     96.668      1.202   1.286695    -0.1213      6.328 -1240.7455 7.5726e+02    -0.4661     -0.545     -0.790    28.5294   996.0909 0.0000e+00
     -0.556 5.3757e-13     5.2471     96.684      1.188   1.272880    -0.1306      6.325 -1240.7455 7.3322e+02    -0.5320     -0.545     -0.790    28.5297   996.0908 0.0000e+00
     -0.556 5.9132e-12     5.2478     96.701      1.187   1.271728    -0.1350      6.322 -1240.7455 7.5525e+02    -0.5392     -0.544     -0.789    28.5301   996.0907 0.0000e+00
     -0.556 6.5046e-11     5.2450     96.704      1.188   1.272767    -0.1304      6.323 -1240.7455 8.1923e+02    -0.5200     -0.545     -0.790    28.5302   996.0906 0.0000e+00
     -0.556 7.1550e-10     5.2445     96.685      1.200   1.285440    -0.1275      6.334 -1240.7451 1.1569e+03    -0.4961     -0.545     -0.791    28.5301   996.0907 0.0000e+00
     -0.556 7.8705e-09     5.2462     96.675      1.212   1.298235    -0.1257      6.344 -1240.7415 1.4830e+03    -0.4798     -0.545     -0.790    28.5307   996.0906 0.0000e+00
     -0.555 8.6576e-08     5.2470     96.693      1.214   1.300751    -0.1178      6.340 -1240.7010 1.2765e+03    -0.4858     -0.544     -0.789    28.5313   996.0903 0.0000e+00
     -0.555 9.5233e-07     5.2478     96.696      1.229   1.315865    -0.1187      6.322 -1240.2555 1.3540e+03    -0.4712     -0.544     -0.789    28.5313   996.0903 0.0000e+00
     -0.556      0.000     5.2460     96.680      1.265   1.354248    -0.1273      6.260 -1235.3552 1.8715e+03    -0.4012     -0.545     -0.790    28.5311   996.0904 0.0000e+00
     -0.556      0.000     5.2442     96.680      1.413   1.511397    -0.1270      5.765 -1181.4522 1.8123e+03    -0.3278     -0.545     -0.790    28.5317   996.0902 0.0000e+00
     -0.555      0.001     5.2471     96.698      2.893   3.089227    -0.1239      5.311  -588.5196 1.3344e+03    -0.2722     -0.545     -0.790    28.5309   996.0904 0.0000e+00
     -0.555      0.009     5.2475     96.722      9.160   9.722489    -0.1333      5.822   295.1600 1.2377e+03    -0.2852     -0.544     -0.788    28.5310   996.0904 0.0000e+00
     -0.555      0.028     5.2450     96.765     21.159  22.190949    -0.2661      6.564   456.8746 1.4193e+03    -0.5514     -0.545     -0.790    28.5292   996.0908 0.0000e+00
     -0.555      0.057     5.2456     96.845     32.172  33.233225    -0.5151      6.961   252.8941 1.3799e+03    -0.9666     -0.544     -0.789    28.5310   996.0905 0.0000e+00
     -0.550      0.088     5.2471     96.935     36.754  37.361940    -0.6558      7.284   220.6544 1.4301e+03    -1.1439     -0.545     -0.791    28.5276   996.0913 0.0000e+00
     -0.525      0.116     5.2479     96.996     37.678  37.782341    -0.6669      7.562   211.7849 1.6318e+03    -0.7293     -0.529     -0.768    28.5291   996.0920 0.0000e+00
     -0.472      0.136     5.2973     97.048     38.145  37.871126    -0.6323      7.777   208.1175 1.3862e+03     4.2429     -0.463     -0.672    28.0130   996.2437 0.0000e+00
     -0.415      0.146     5.4188     97.107     38.504  37.927074    -0.5751      7.926   205.3087 1.1550e+03    13.3564     -0.399     -0.579    26.7956   996.5871 0.0000e+00
     -0.372      0.142     5.5306     97.153     38.775  37.950560    -0.5476      8.028   202.6027 1.2297e+03    18.3861     -0.364     -0.527    25.7326   996.8735 0.0000e+00
     -0.337      0.126     5.6001     97.190     38.976  37.964316    -0.4989      8.074   200.4373 1.1432e+03    19.8645     -0.328     -0.475    25.0727   997.0448 0.0000e+00
     -0.311      0.102     5.6511     97.235     39.189  38.029651     0.0486      8.083   198.9162 8.6711e+02    31.2643     -0.301     -0.436    24.6063   997.1643 0.0000e+00
     -0.294      0.081     5.6957     97.293     39.453  38.169033     1.0429      8.098   196.4278 6.3246e+02    52.0367     -0.289     -0.419    24.2260   997.2595 0.0000e+00
     -0.281      0.066     5.7332     97.388     39.701  38.316385     1.5778      8.130   192.2905 5.4904e+02    63.2463     -0.276     -0.400    23.8989   997.3407 0.0000e+00
     -0.266      0.058     5.7578     97.540     39.871  38.414636     1.6267      8.160   187.6970 4.8423e+02    62.9758     -0.260     -0.378    23.6810   997.3939 0.0000e+00
     -0.252      0.057     5.7804     97.759     39.948  38.468181     1.7122      8.170   184.3373 4.1153e+02    48.6350     -0.246     -0.357    23.5044   997.4370 0.0000e+00
     -0.241      0.061     5.7988     98.058     39.943  38.519414     1.8659      8.170   181.9548 3.7005e+02    22.1879     -0.235     -0.341    23.3577   997.4723 0.0000e+00
     -0.228      0.068     5.8169     98.390     39.882  38.589816     1.9419      8.174   179.7113 3.3817e+02     7.7436     -0.226     -0.329    23.2383   997.5012 0.0000e+00
     -0.210      0.077     5.8361     98.712     39.781  38.621346     1.9376      8.176   177.6888 3.3284e+02     6.3899     -0.207     -0.299    23.1537   997.5215 0.0000e+00
     -0.189      0.088     5.8530     99.037     39.726  38.646913     1.9530      8.177   175.4837 3.5338e+02     6.2131     -0.186     -0.269    23.1039   997.5335 0.0000e+00
     -0.164      0.099     5.8657     99.357     39.762  38.708614     1.9894      8.176   169.2249 3.7351e+02     6.1308     -0.163     -0.237    23.1670   997.5186 0.0000e+00
     -0.136      0.109     5.8635     99.665     39.734  38.669138     2.0126      8.171   159.1440 3.8996e+02     6.0830     -0.134     -0.195    23.3809   997.4675 0.0000e+00
     -0.105      0.116     5.8606     99.940     39.579  38.486987     2.0175      8.160   153.0578 4.0752e+02     6.0617     -0.104     -0.152    23.5658   997.4229 0.0000e+00
     -0.074      0.121     5.8706    100.150     39.417  38.283596     2.0137      8.144   151.3904 4.1692e+02     6.0367     -0.072     -0.104    23.6593   997.4003 0.0000e+00
     -0.043      0.121     5.8859    100.306     39.317  38.114231     2.0707      8.133   150.2552 3.9589e+02     5.9450     -0.042     -0.061    23.6894   997.3932 0.0000e+00
     -0.010      0.120     5.9082    100.182     39.259  37.962557     2.1868      8.126   149.3987 3.4254e+02     5.7718     -0.011     -0.017    23.6579   997.4010 0.0000e+00
      0.023      0.118     5.9297     99.033     39.244  37.846071     2.2469      8.108   148.6060 2.8843e+02     5.6468      0.025      0.036    23.6184   997.4107 0.0000e+00
      0.052      0.112     5.9478     96.773     39.278  37.784763     2.2596      8.079   147.4676 2.4806e+02     5.6132      0.053      0.076    23.5705   997.4224 0.0000e+00
      0.078      0.101     5.9654     94.589     39.305  37.728973     2.3500      8.058   146.3892 2.6414e+02     5.6614      0.075      0.108    23.4773   997.4450 0.0000e+00
      0.107      0.086     5.9971     93.206     39.323  37.679205     2.5151      8.050   145.8060 3.5073e+02     5.7701      0.104      0.151    23.3459   997.4767 0.0000e+00
      0.134      0.071     5.9567     92.312     39.391  37.690732     2.6082      8.049   145.5781 5.4148e+02     5.8133      0.137      0.198    23.2083   997.5099 0.0000e+00
      0.149      0.058     5.7893     91.421     39.494  37.741331     2.6271      8.046   145.4415 8.4057e+02     5.7898      0.151      0.219    23.0879   997.5387 0.0000e+00
      0.152      0.045     5.6551     90.298     39.585  37.783112     2.6739      8.038   145.3583 1.0087e+03     5.7814      0.149      0.215    22.9826   997.5636 0.0000e+00
      0.157      0.033     5.5960     89.143     39.659  37.814974     2.7490      8.027   145.3467 8.8293e+02     5.8094      0.151      0.218    22.8965   997.5839 0.0000e+00
      0.167      0.027     5.5575     88.266     39.681  37.809137     2.7985      8.013   145.2151 6.1957e+02     5.8343      0.164      0.239    22.8351   997.5985 0.0000e+00
      0.177      0.032     5.5185     87.553     39.661  37.775980     2.8042      7.994   145.2302 5.1511e+02     5.8201      0.177      0.257    22.7753   997.6127 0.0000e+00
      0.180      0.048     5.4503     86.640     39.752  37.858384     2.7480      7.969   145.5285 5.5926e+02     5.8015      0.178      0.258    22.7150   997.6269 0.0000e+00
      0.181      0.064     5.3751     85.669     39.950  38.043747     2.6575      7.944   145.7246 6.2199e+02     5.8063      0.176      0.255    22.6649   997.6386 0.0000e+00
      0.192      0.074     5.3284     85.234     40.017  38.112883     2.6196      7.927   145.8802 7.4220e+02     5.8119      0.177      0.257    22.6318   997.6463 0.0000e+00
      0.226      0.076     5.3016     85.551     39.870  37.996060     2.6280      7.915   146.2053 8.0625e+02     5.8042      0.213      0.310    22.6122   997.6510 0.0000e+00
      0.271      0.070     5.2436     86.331     39.680  37.837355     2.6469      7.905   146.3862 8.2197e+02     5.7452      0.276      0.401    22.6128   997.6512 0.0000e+00
      0.299      0.057     5.1643     87.253     39.560  37.717472     2.6656      7.894   146.2612 9.2306e+02     5.6241      0.304      0.440    22.6101   997.6520 0.0000e+00
      0.303      0.038     5.1354     88.111     39.501  37.625649     2.6723      7.878   146.1565 9.7776e+02     5.5517      0.298      0.432    22.6002   997.6542 0.0000e+00
      0.297      0.019     5.1603     88.777     39.537  37.615734     2.6755      7.853   146.3245 9.2421e+02     5.5584      0.292      0.423    22.6444   997.6439 0.0000e+00
      0.289      0.008     5.2097     89.259     39.690  37.724489     2.6871      7.824   146.5711 8.6356e+02     5.5740      0.285      0.413    22.6893   997.6333 0.0000e+00
      0.282      0.008     5.2697     89.618     39.865  37.861447     2.8210      7.800   146.6439 7.6595e+02     5.6090      0.272      0.394    22.6814   997.6352 0.0000e+00
      0.284      0.016     5.3308     89.817     39.908  37.875153     3.0721      7.781   146.6018 8.0659e+02     5.6865      0.274      0.396    22.6252   997.6482 0.0000e+00
      0.298      0.025     5.3780     89.847     39.815  37.763223     3.2091      7.765   146.5778 9.1691e+02     5.7585      0.295      0.426    22.5567   997.6642 0.0000e+00
      0.313      0.030     5.4070     89.732     39.715  37.650648     3.2286      7.752   146.6132 7.8830e+02     5.7903      0.309      0.447    22.5180   997.6733 0.0000e+00
      0.323      0.030     5.4362     89.431     39.665  37.593088     3.3076      7.738   146.6852 6.2657e+02     5.7429      0.317      0.460    22.4808   997.6821 0.0000e+00
      0.329      0.023     5.4514     88.896     39.650  37.575069     3.4449      7.722   146.6737 5.0374e+02     5.6115      0.325      0.470    22.4449   997.6904 0.0000e+00
      0.334      0.012     5.4547     88.087     39.639  37.559734     3.5185      7.705   146.4743 3.5010e+02     5.5128      0.328      0.476    22.4170   997.6968 0.0000e+00
