Data/DataNotYetUploadedToEDI/Raw_CTD/2019_RawDownloads/092719_fcr20.cnv
* Sea-Bird SBE19plus  Data File:
* FileName = C:\DATA\092719_fcr_0005.hex
* Software version 2.8.0.119 SB_Terminal.dll
* Temperature SN = 7809
* Conductivity SN = 7809
* System UpLoad Time = Sep 28 2019 13:26:10
* <ApplicationData>
* <Seaterm232>
# nquan = 16
# nvalues = 482                         
# units = specified
# name 0 = depFM: Depth [fresh water, m]
# name 1 = dz/dtM: Descent Rate [m/s]
# name 2 = sbeox0ML/L: Oxygen, SBE 43 [ml/l]
# name 3 = sbeox0PS: Oxygen, SBE 43 [% saturation]
# name 4 = specc: Specific Conductance [uS/cm]
# name 5 = c0uS/cm: Conductivity [uS/cm]
# name 6 = flECO-AFL: Fluorescence, WET Labs ECO-AFL/FL [mg/m^3]
# name 7 = ph: pH
# name 8 = orp: Oxidation Reduction Potential [mV]
# name 9 = par/sat/log: PAR/Logarithmic, Satlantic
# name 10 = turbWETntu0: Turbidity, WET Labs ECO [NTU]
# name 11 = prdM: Pressure, Strain Gauge [db]
# name 12 = prdE: Pressure, Strain Gauge [psi]
# name 13 = tv290C: Temperature [ITS-90, deg C]
# name 14 = density00: Density [density, kg/m^3]
# name 15 = flag:  0.000e+00
# span 0 =     -0.551,      3.053       
# span 1 =     -0.208,      0.269       
# span 2 =     4.1462,     6.8138       
# span 3 =     69.107,    112.286       
# span 4 =      1.504,     39.752       
# span 5 =   1.448525,  38.200921       
# span 6 =    -1.7704,     4.4687       
# span 7 =      6.385,      8.478       
# span 8 =    23.4391,   148.9447       
# span 9 = 1.4284e+01, 2.1306e+03       
# span 10 =    -0.8317,   893.8638      
# span 11 =     -0.541,      2.994      
# span 12 =     -0.784,      4.343      
# span 13 =    21.2810,    23.1960      
# span 14 =   997.4993,   997.9646      
# span 15 = 0.0000e+00, 0.0000e+00      
# interval = seconds: 0.25
# start_time = Sep 27 2019 13:01:37 [Instrument's time stamp, header]
# bad_flag = -9.990e-29
*END*
[from data line 452]
      3.044      0.014     4.7797     79.011     39.495  36.595502     3.9612      6.994   147.3239 1.4365e+01     5.6275      2.985      4.330    21.3198   997.9563 0.0000e+00
      3.046      0.010     4.8067     79.391     39.479  36.583432     3.9385      6.992   147.4434 1.4325e+01     5.6420      2.987      4.333    21.3218   997.9558 0.0000e+00
      3.048      0.007     4.8371     79.632     39.464  36.571258     3.9271      6.992   147.5757 1.4305e+01     5.6385      2.989      4.335    21.3202   997.9562 0.0000e+00
      3.049      0.005     4.8697     79.747     39.465  36.575259     3.9183      6.992   147.7187 1.4299e+01     5.6182      2.990      4.336    21.3198   997.9563 0.0000e+00
      3.050      0.003     4.8985     79.813     39.452  36.568344     3.9010      6.992   147.8826 1.4285e+01     5.5280      2.991      4.338    21.3236   997.9554 0.0000e+00
      3.050      0.002     4.9237     79.862     39.427  36.551127     3.8828      6.991   147.8358 1.4284e+01     5.4654      2.991      4.338    21.3272   997.9546 0.0000e+00
      3.051      0.002     4.9387     79.924     39.427  36.557516     3.8639      6.991   147.7554 1.4308e+01     5.4186      2.992      4.339    21.3286   997.9543 0.0000e+00
      3.051      0.001     4.9420     80.076     39.447  36.582122     3.8634      6.990   147.7713 1.4320e+01     5.3881      2.992      4.340    21.3324   997.9535 0.0000e+00
      3.051      0.001     4.9458     80.345     39.456  36.594754     3.9371      6.989   147.7694 1.4312e+01     5.4895      2.992      4.340    21.3396   997.9519 0.0000e+00
      3.051      0.001     4.9478     80.733     39.438  36.583312     4.0534      6.989   147.8181 1.4329e+01     5.6950      2.992      4.340    21.3486   997.9499 0.0000e+00
      3.052      0.001     4.9477     81.216     39.419  36.570731     4.1077      6.988   147.9297 1.4374e+01     5.8071      2.993      4.341    21.3568   997.9481 0.0000e+00
      3.052      0.001     4.9567     81.703     39.413  36.569586     4.1167      6.987   147.9999 1.4397e+01     5.7966      2.993      4.341    21.3633   997.9466 0.0000e+00
      3.052      0.001     4.9730     82.141     39.410  36.569482     4.1785      6.985   148.0651 1.4387e+01     5.6996      2.993      4.341    21.3694   997.9453 0.0000e+00
      3.052      0.000     4.9957     82.528     39.409  36.569472     4.2921      6.984   148.2021 1.4377e+01     5.5187      2.993      4.342    21.3753   997.9440 0.0000e+00
      3.052 1.8628e-08     5.0286     82.854     39.409  36.569470     4.3549      6.983   148.2803 1.4383e+01     5.4119      2.993      4.342    21.3817   997.9426 0.0000e+00
      3.052 2.0490e-07     5.0590     83.093     39.412  36.569461     4.3568      6.983   148.3220 1.4409e+01     5.3917      2.993      4.341    21.3882   997.9411 0.0000e+00
      3.052 2.0490e-07     5.0852     83.231     39.414  36.569358     4.3665      6.982   148.3618 1.4440e+01     5.4385      2.994      4.342    21.3912   997.9405 0.0000e+00
      3.052 1.8627e-08     5.1094     83.281     39.414  36.568213     4.3939      6.981   148.3310 1.4466e+01     5.5836      2.993      4.341    21.3931   997.9401 0.0000e+00
      3.052 1.6934e-09     5.1301     83.263     39.400  36.555623     4.4114      6.981   148.3800 1.4501e+01     5.6718      2.993      4.341    21.3933   997.9401 0.0000e+00
      3.052 1.5395e-10     5.1461     83.245     39.387  36.544073     4.4126      6.981   148.6105 1.4531e+01     5.6525      2.993      4.342    21.3876   997.9413 0.0000e+00
      3.053 1.3995e-11     5.1542     83.275     39.397  36.555508     4.4090      6.981   148.7941 1.4541e+01     5.5466      2.994      4.342    21.3840   997.9421 0.0000e+00
      3.053 1.2723e-12     5.1574     83.299     39.407  36.566943     4.4022      6.980   148.8786 1.4554e+01     5.4077      2.994      4.342    21.3854   997.9419 0.0000e+00
      3.053 1.1567e-13     5.1546     83.269     39.390  36.555392     4.4088      6.979   148.9447 1.4584e+01     5.3832      2.993      4.342    21.3854   997.9418 0.0000e+00
      3.053 1.0516e-14     5.1511     83.202     39.374  36.542802     4.4283      6.978   148.9051 1.4609e+01     5.4138      2.994      4.342    21.3856   997.9417 0.0000e+00
      3.053 9.6380e-16     5.1553     83.138     39.372  36.541658     4.4303      6.978   148.8299 1.4624e+01     5.3843      2.993      4.342    21.3878   997.9413 0.0000e+00
      3.053 1.7380e-16     5.1578     83.113     39.372  36.541563     4.4233      6.978   148.8094 1.4652e+01     5.3548      2.994      4.342    21.3907   997.9406 0.0000e+00
      3.053 -9.990e-29     5.1544 -9.990e-29 -9.990e-29 -9.990e-29 -9.990e-29 -9.990e-29 -9.990e-29 1.4691e+01 -9.990e-29      2.993      4.342    21.3963   997.9393 0.0000e+00
      3.053 -9.990e-29     5.1491 -9.990e-29 -9.990e-29 -9.990e-29 -9.990e-29 -9.990e-29 -9.990e-29 1.4715e+01 -9.990e-29      2.994      4.343    21.4007   997.9384 0.0000e+00
      3.053 -9.990e-29     5.1440 -9.990e-29 -9.990e-29 -9.990e-29 -9.990e-29 -9.990e-29 -9.990e-29 1.4732e+01 -9.990e-29      2.993      4.342    21.4009   997.9383 0.0000e+00
      3.053 -9.990e-29     5.1425 -9.990e-29 -9.990e-29 -9.990e-29 -9.990e-29 -9.990e-29 -9.990e-29 1.4744e+01 -9.990e-29      2.994      4.343    21.4006   997.9384 0.0000e+00
