Data/DataNotYetUploadedToEDI/Raw_CTD/2019_RawDownloads/092719_fcr20.cnv
* Sea-Bird SBE19plus  Data File:
* FileName = C:\DATA\092719_fcr_0005.hex
* Software version 2.8.0.119 SB_Terminal.dll
* Temperature SN = 7809
* Conductivity SN = 7809
* System UpLoad Time = Sep 28 2019 13:26:10
* <ApplicationData>
* <Seaterm232>
# nquan = 16
# nvalues = 482                         
# units = specified
# name 0 = depFM: Depth [fresh water, m]
# name 1 = dz/dtM: Descent Rate [m/s]
# name 2 = sbeox0ML/L: Oxygen, SBE 43 [ml/l]
# name 3 = sbeox0PS: Oxygen, SBE 43 [% saturation]
# name 4 = specc: Specific Conductance [uS/cm]
# name 5 = c0uS/cm: Conductivity [uS/cm]
# name 6 = flECO-AFL: Fluorescence, WET Labs ECO-AFL/FL [mg/m^3]
# name 7 = ph: pH
# name 8 = orp: Oxidation Reduction Potential [mV]
# name 9 = par/sat/log: PAR/Logarithmic, Satlantic
# name 10 = turbWETntu0: Turbidity, WET Labs ECO [NTU]
# name 11 = prdM: Pressure, Strain Gauge [db]
# name 12 = prdE: Pressure, Strain Gauge [psi]
# name 13 = tv290C: Temperature [ITS-90, deg C]
# name 14 = density00: Density [density, kg/m^3]
# name 15 = flag:  0.000e+00
# span 0 =     -0.551,      3.053       
# span 1 =     -0.208,      0.269       
# span 2 =     4.1462,     6.8138       
# span 3 =     69.107,    112.286       
# span 4 =      1.504,     39.752       
# span 5 =   1.448525,  38.200921       
# span 6 =    -1.7704,     4.4687       
# span 7 =      6.385,      8.478       
# span 8 =    23.4391,   148.9447       
# span 9 = 1.4284e+01, 2.1306e+03       
# span 10 =    -0.8317,   893.8638      
# span 11 =     -0.541,      2.994      
# span 12 =     -0.784,      4.343      
# span 13 =    21.2810,    23.1960      
# span 14 =   997.4993,   997.9646      
# span 15 = 0.0000e+00, 0.0000e+00      
# interval = seconds: 0.25
# start_time = Sep 27 2019 13:01:37 [Instrument's time stamp, header]
# bad_flag = -9.990e-29
*END*
[from data line 181]
      0.142      0.010     6.1548    101.791     39.086  37.229543     1.7895      7.135   119.2481 8.6242e+02     6.0758      0.138      0.201    22.5790   997.6583 0.0000e+00
      0.144      0.017     6.1554    101.815     39.125  37.266254     1.7840      7.135   119.4244 8.2769e+02     6.0138      0.139      0.202    22.5903   997.6557 0.0000e+00
      0.151      0.027     6.1585    101.854     39.155  37.291417     1.7976      7.135   119.5705 8.5292e+02     6.0703      0.146      0.212    22.5978   997.6538 0.0000e+00
      0.161      0.036     6.1541    101.867     39.145  37.279875     1.8241      7.134   119.7246 8.6507e+02     6.2341      0.158      0.228    22.6121   997.6505 0.0000e+00
      0.173      0.041     6.1523    101.824     39.120  37.253654     1.8427      7.133   119.7391 8.4047e+02     6.3225      0.170      0.247    22.6237   997.6479 0.0000e+00
      0.186      0.043     6.1540    101.713     39.096  37.228277     1.8502      7.132   119.6598 8.6873e+02     6.2873      0.181      0.264    22.6217   997.6485 0.0000e+00
      0.199      0.043     6.1585    101.521     39.096  37.226936     1.8805      7.129   119.7977 1.1137e+03     6.1692      0.196      0.284    22.6148   997.6501 0.0000e+00
      0.210      0.038     6.1603    101.290     39.110  37.237438     1.9404      7.126   120.0292 1.5269e+03     6.0737      0.207      0.302    22.6111   997.6510 0.0000e+00
      0.219      0.031     6.1579    101.098     39.101  37.228300     1.9754      7.123   120.1361 1.5704e+03     6.0834      0.214      0.312    22.6087   997.6517 0.0000e+00
      0.228      0.024     6.1523    100.988     39.114  37.243395     1.9747      7.121   120.1444 1.3004e+03     6.0902      0.225      0.326    22.6066   997.6521 0.0000e+00
      0.233      0.018     6.1401    100.948     39.159  37.293007     1.9667      7.121   120.0433 1.1399e+03     6.0570      0.230      0.334    22.6038   997.6528 0.0000e+00
      0.235      0.015     6.1244    100.961     39.176  37.320370     1.9654      7.121   120.0320 9.2944e+02     6.0754      0.231      0.335    22.5995   997.6538 0.0000e+00
      0.235      0.015     6.1117    101.014     39.164  37.320360     1.9676      7.122   120.2663 8.7996e+02     6.1163      0.230      0.334    22.5970   997.6544 0.0000e+00
      0.235      0.017     6.1060    101.124     39.132  37.292891     1.9675      7.123   120.4663 1.1808e+03     6.0928      0.229      0.333    22.6002   997.6537 0.0000e+00
      0.239      0.020     6.1019    101.258     39.088  37.242153     1.9546      7.122   120.5581 1.2526e+03     5.9873      0.233      0.338    22.6099   997.6514 0.0000e+00
      0.247      0.020     6.1024    101.325     39.077  37.214678     1.9255      7.121   120.6020 1.1552e+03     5.8573      0.241      0.349    22.6252   997.6479 0.0000e+00
      0.258      0.017     6.1022    101.325     39.091  37.214566     1.9100      7.123   120.5663 1.2892e+03     5.8316      0.254      0.369    22.6440   997.6435 0.0000e+00
      0.267      0.012     6.1077    101.318     39.121  37.240776     1.9142      7.125   120.5571 1.2338e+03     5.9064      0.265      0.384    22.6532   997.6415 0.0000e+00
      0.271      0.007     6.1217    101.365     39.152  37.277684     1.9161      7.126   120.6626 1.1018e+03     5.9422      0.268      0.388    22.6376   997.6451 0.0000e+00
      0.266      0.007     6.1278    101.473     39.144  37.279979     1.9241      7.125   120.8954 1.1570e+03     5.9371      0.262      0.380    22.6093   997.6517 0.0000e+00
      0.257      0.012     6.1289    101.583     39.124  37.268542     1.9493      7.124   121.0493 1.0138e+03     5.9759      0.251      0.364    22.5895   997.6563 0.0000e+00
      0.254      0.018     6.1273    101.632     39.119  37.266358     1.9693      7.123   120.9747 8.0759e+02     6.0495      0.245      0.355    22.5861   997.6570 0.0000e+00
      0.263      0.024     6.1283    101.562     39.106  37.253569     1.9762      7.123   120.9394 8.1071e+02     6.1064      0.253      0.367    22.5985   997.6542 0.0000e+00
      0.282      0.030     6.1349    101.346     39.092  37.240864     1.9713      7.124   121.0532 8.3229e+02     6.0743      0.277      0.402    22.6160   997.6502 0.0000e+00
      0.299      0.034     6.1412    101.062     39.087  37.239689     1.9534      7.125   121.2322 7.4397e+02     5.9235      0.301      0.435    22.6277   997.6476 0.0000e+00
      0.305      0.036     6.1451    100.784     39.083  37.239375     1.9428      7.124   121.5544 7.7470e+02     5.7908      0.300      0.435    22.6291   997.6472 0.0000e+00
      0.305      0.037     6.1431    100.519     39.079  37.237065     1.9548      7.119   122.0236 8.3393e+02     5.8132      0.297      0.431    22.6240   997.6485 0.0000e+00
      0.310      0.040     6.1272    100.336     39.056  37.211770     1.9859      7.113   122.5173 7.1219e+02     6.0302      0.304      0.440    22.6255   997.6482 0.0000e+00
      0.319      0.046     6.1065    100.285     39.045  37.187422     2.0159      7.108   122.8776 6.0156e+02     6.3502      0.310      0.449    22.6316   997.6467 0.0000e+00
      0.334      0.053     6.0915    100.311     39.080  37.196554     2.0223      7.103   123.0243 5.4290e+02     6.5362      0.324      0.469    22.6367   997.6457 0.0000e+00
      0.355      0.056     6.0722    100.377     39.105  37.195194     2.0203      7.103   123.1729 5.3235e+02     6.5425      0.349      0.507    22.6407   997.6448 0.0000e+00
      0.376      0.053     6.0592    100.457     39.093  37.170940     2.0273      7.105   123.4697 5.8848e+02     6.4586      0.371      0.538    22.6385   997.6454 0.0000e+00
      0.391      0.047     6.0611    100.547     39.081  37.157184     2.0286      7.109   123.7737 6.3321e+02     6.3420      0.387      0.561    22.6229   997.6491 0.0000e+00
      0.400      0.039     6.0667    100.701     39.081  37.155820     2.0187      7.112   124.0954 6.2666e+02     6.2800      0.394      0.572    22.5863   997.6577 0.0000e+00
      0.403      0.032     6.0760    100.931     39.085  37.154448     2.0122      7.116   124.4337 5.9173e+02     6.2982      0.395      0.573    22.5458   997.6671 0.0000e+00
      0.407      0.030     6.0838    101.184     39.081  37.140589     2.0449      7.118   124.7668 6.9615e+02     6.4960      0.398      0.577    22.5307   997.6706 0.0000e+00
      0.412      0.033     6.0863    101.401     39.070  37.115187     2.1109      7.120   125.2837 8.1186e+02     6.8365      0.404      0.585    22.5330   997.6701 0.0000e+00
      0.420      0.039     6.0956    101.556     39.074  37.101190     2.1503      7.123   125.7794 7.0073e+02     7.0073      0.410      0.595    22.5330   997.6702 0.0000e+00
      0.433      0.045     6.1117    101.689     39.088  37.098275     2.1572      7.125   125.9413 5.9753e+02     6.9878      0.423      0.613    22.5281   997.6713 0.0000e+00
      0.449      0.050     6.1296    101.824     39.083  37.079920     2.1594      7.127   126.0365 5.7582e+02     6.9611      0.441      0.639    22.5147   997.6744 0.0000e+00
      0.465      0.054     6.1465    101.924     39.020  37.006181     2.2034      7.129   126.2425 5.7491e+02     7.0126      0.457      0.663    22.4944   997.6792 0.0000e+00
      0.478      0.057     6.1572    101.985     38.945  36.904903     2.2896      7.131   126.4533 7.6104e+02     7.1508      0.470      0.681    22.4699   997.6850 0.0000e+00
      0.489      0.059     6.1666    102.017     38.960  36.870918     2.3349      7.133   126.6928 8.8202e+02     7.2234      0.478      0.693    22.4456   997.6907 0.0000e+00
      0.504      0.060     6.1793    102.025     39.052  36.912565     2.3349      7.133   126.9866 6.9547e+02     7.2025      0.492      0.715    22.4303   997.6943 0.0000e+00
      0.522      0.061     6.1853    102.063     39.136  36.964075     2.3507      7.133   127.2523 5.0869e+02     7.2255      0.513      0.745    22.4228   997.6960 0.0000e+00
      0.539      0.061     6.1926    102.143     39.166  36.985888     2.3868      7.133   127.4967 4.4560e+02     7.2720      0.529      0.768    22.3884   997.7040 0.0000e+00
      0.554      0.061     6.2050    102.258     39.157  36.985873     2.4074      7.133   127.6187 4.6518e+02     7.2738      0.543      0.788    22.3107   997.7220 0.0000e+00
      0.570      0.059     6.2104    102.445     39.125  36.963909     2.4091      7.133   127.5225 5.4919e+02     7.2468      0.560      0.812    22.2454   997.7372 0.0000e+00
      0.586      0.056     6.2174    102.711     39.068  36.910759     2.4507      7.133   127.3655 5.3589e+02     7.2733      0.575      0.834    22.2104   997.7453 0.0000e+00
      0.600      0.053     6.2240    102.992     39.014  36.851032     2.5380      7.133   127.2698 4.4578e+02     7.3976      0.589      0.854    22.2034   997.7469 0.0000e+00
      0.612      0.049     6.2267    103.227     38.994  36.812998     2.5894      7.132   127.3114 4.1843e+02     7.4712      0.600      0.872    22.2235   997.7424 0.0000e+00
      0.624      0.043     6.2363    103.402     39.035  36.831713     2.6032      7.129   127.4388 4.1619e+02     7.4417      0.612      0.888    22.2369   997.7393 0.0000e+00
      0.636      0.036     6.2542    103.516     39.105  36.886866     2.6441      7.128   127.6048 4.0570e+02     7.3689      0.625      0.906    22.2393   997.7388 0.0000e+00
      0.647      0.028     6.2740    103.565     39.128  36.908565     2.7111      7.130   127.7698 4.0915e+02     7.2804      0.636      0.922    22.2281   997.7414 0.0000e+00
      0.654      0.020     6.2922    103.563     39.114  36.903651     2.7548      7.133   127.8862 3.9696e+02     7.2554      0.642      0.931    22.1978   997.7484 0.0000e+00
      0.656      0.015     6.3061    103.519     39.090  36.890945     2.7651      7.135   127.9790 3.8299e+02     7.2637      0.644      0.934    22.1682   997.7552 0.0000e+00
      0.655      0.013     6.3154    103.421     39.075  36.881890     2.7828      7.138   128.0320 3.8128e+02     7.2827      0.643      0.932    22.1531   997.7586 0.0000e+00
      0.654      0.015     6.3178    103.311     39.057  36.857653     2.8130      7.143   128.0960 3.9131e+02     7.3535      0.640      0.929    22.1542   997.7583 0.0000e+00
      0.657      0.022     6.3152    103.257     39.002  36.788307     2.8190      7.146   128.1515 3.9820e+02     7.3985      0.642      0.931    22.1673   997.7554 0.0000e+00
      0.663      0.031     6.3118    103.268     38.981  36.741619     2.8107      7.145   128.1862 3.7461e+02     7.4013      0.649      0.941    22.1849   997.7514 0.0000e+00
      0.673      0.040     6.3035    103.290     39.005  36.737431     2.8175      7.145   128.1713 3.5941e+02     7.4199      0.658      0.954    22.1945   997.7492 0.0000e+00
      0.688      0.046     6.2958    103.283     39.026  36.737630     2.8580      7.147   128.0582 3.5998e+02     7.3941      0.673      0.976    22.1847   997.7516 0.0000e+00
      0.705      0.051     6.2955    103.269     39.045  36.743996     2.9195      7.150   128.1085 3.5348e+02     7.3188      0.693      1.007    22.1597   997.7573 0.0000e+00
      0.717      0.051     6.3019    103.253     39.060  36.750908     2.9450      7.152   128.3498 3.4336e+02     7.2957      0.705      1.023    22.1231   997.7657 0.0000e+00
      0.727      0.049     6.3098    103.203     39.070  36.757723     2.9500      7.153   128.4807 3.3653e+02     7.3109      0.711      1.031    22.0833   997.7749 0.0000e+00
      0.740      0.045     6.3109    103.144     39.072  36.762915     2.9884      7.153   128.4863 3.4479e+02     7.3398      0.726      1.053    22.0590   997.7804 0.0000e+00
      0.754      0.044     6.3111    103.104     39.054  36.750220     3.0451      7.153   128.5036 3.4776e+02     7.3823      0.742      1.076    22.0462   997.7835 0.0000e+00
      0.763      0.044     6.3135    103.056     39.035  36.731179     3.0719      7.153   128.6033 3.4904e+02     7.3997      0.748      1.086    22.0357   997.7859 0.0000e+00
      0.771      0.044     6.3095    102.971     39.035  36.723105     3.0782      7.152   128.7459 3.6337e+02     7.4181      0.754      1.094    22.0334   997.7864 0.0000e+00
      0.782      0.043     6.3038    102.846     39.039  36.716069     3.1649      7.149   128.9368 3.7408e+02     7.4406      0.766      1.111    22.0401   997.7849 0.0000e+00
      0.796      0.042     6.3017    102.702     39.044  36.709562     3.3129      7.147   129.1908 3.7807e+02     7.4434      0.781      1.132    22.0488   997.7830 0.0000e+00
      0.808      0.041     6.2994    102.547     39.053  36.707881     3.3764      7.147   129.3220 3.5134e+02     7.4187      0.792      1.150    22.0473   997.7834 0.0000e+00
      0.819      0.039     6.2957    102.360     39.047  36.695726     3.3779      7.149   129.3187 3.0465e+02     7.4043      0.805      1.166    22.0348   997.7863 0.0000e+00
      0.829      0.034     6.2896    102.175     39.042  36.689540     3.4270      7.153   129.3222 2.9077e+02     7.3993      0.813      1.180    22.0202   997.7896 0.0000e+00
      0.837      0.029     6.2816    102.045     39.047  36.696560     3.5100      7.158   129.2788 3.1214e+02     7.3267      0.820      1.191    22.0037   997.7935 0.0000e+00
      0.844      0.027     6.2759    101.990     39.065  36.717127     3.5500      7.162   129.3103 3.4252e+02     7.2473      0.829      1.202    21.9895   997.7967 0.0000e+00
      0.849      0.030     6.2638    102.038     39.091  36.747803     3.5541      7.163   129.5309 3.5978e+02     7.2257      0.833      1.207    21.9821   997.7984 0.0000e+00
      0.852      0.036     6.2511    102.168     39.083  36.750099     3.5685      7.158   129.7085 3.4541e+02     7.2297      0.834      1.210    21.9801   997.7989 0.0000e+00
      0.858      0.043     6.2434    102.313     39.070  36.744904     3.5766      7.153   129.8232 3.1645e+02     7.2628      0.839      1.216    21.9844   997.7979 0.0000e+00
      0.870      0.050     6.2374    102.433     39.077  36.748475     3.5656      7.151   129.8853 3.0289e+02     7.2988      0.850      1.232    21.9902   997.7965 0.0000e+00
      0.891      0.056     6.2405    102.529     39.063  36.729804     3.5570      7.154   129.8571 3.0009e+02     7.2710      0.873      1.266    21.9946   997.7957 0.0000e+00
      0.911      0.061     6.2484    102.609     39.050  36.709563     3.5508      7.159   129.9126 2.8839e+02     7.1892      0.897      1.301    22.0121   997.7919 0.0000e+00
      0.926      0.065     6.2565    102.654     39.047  36.694147     3.5337      7.164   130.0405 2.7411e+02     7.0955      0.908      1.318    22.0258   997.7888 0.0000e+00
      0.938      0.063     6.2647    102.637     39.037  36.670339     3.5154      7.167   130.1126 2.6897e+02     7.0232      0.918      1.332    22.0161   997.7910 0.0000e+00
      0.953      0.054     6.2713    102.598     39.057  36.675572     3.5119      7.171   130.0967 2.5947e+02     7.0033      0.933      1.353    22.0083   997.7929 0.0000e+00
      0.973      0.044     6.2774    102.637     39.084  36.693922     3.5173      7.175   130.0197 2.5170e+02     6.9867      0.953      1.383    22.0007   997.7948 0.0000e+00
      0.990      0.036     6.2836    102.799     39.093  36.701781     3.5288      7.178   129.9560 2.5401e+02     6.8553      0.976      1.416    21.9825   997.7990 0.0000e+00
      0.996      0.030     6.2842    103.028     39.094  36.707126     3.5463      7.180   130.0148 2.5393e+02     6.6590      0.981      1.423    21.9624   997.8035 0.0000e+00
      0.993      0.025     6.2810    103.240     39.077  36.695073     3.5550      7.181   130.2139 2.5750e+02     6.5791      0.972      1.409    21.9436   997.8078 0.0000e+00
      0.991      0.020     6.2833    103.406     39.062  36.683004     3.5566      7.181   130.2989 2.6355e+02     6.5776      0.968      1.404    21.9338   997.8099 0.0000e+00
