Data/DataNotYetUploadedToEDI/Raw_CTD/2019_RawDownloads/092719_fcr10.cnv
* Sea-Bird SBE19plus  Data File:
* FileName = C:\DATA\092719_fcr_0004.hex
* Software version 2.8.0.119 SB_Terminal.dll
* Temperature SN = 7809
* Conductivity SN = 7809
* System UpLoad Time = Sep 28 2019 13:25:53
* <ApplicationData>
* <Seaterm232>
# nquan = 16
# nvalues = 392                         
# units = specified
# name 0 = depFM: Depth [fresh water, m]
# name 1 = dz/dtM: Descent Rate [m/s]
# name 2 = sbeox0ML/L: Oxygen, SBE 43 [ml/l]
# name 3 = sbeox0PS: Oxygen, SBE 43 [% saturation]
# name 4 = specc: Specific Conductance [uS/cm]
# name 5 = c0uS/cm: Conductivity [uS/cm]
# name 6 = flECO-AFL: Fluorescence, WET Labs ECO-AFL/FL [mg/m^3]
# name 7 = ph: pH
# name 8 = orp: Oxidation Reduction Potential [mV]
# name 9 = par/sat/log: PAR/Logarithmic, Satlantic
# name 10 = turbWETntu0: Turbidity, WET Labs ECO [NTU]
# name 11 = prdM: Pressure, Strain Gauge [db]
# name 12 = prdE: Pressure, Strain Gauge [psi]
# name 13 = tv290C: Temperature [ITS-90, deg C]
# name 14 = density00: Density [density, kg/m^3]
# name 15 = flag:  0.000e+00
# span 0 =     -0.556,      2.335       
# span 1 =     -0.165,      0.146       
# span 2 =     4.7494,     6.4784       
# span 3 =     79.003,    106.315       
# span 4 =      1.021,     40.227       
# span 5 =   1.093043,  38.708614       
# span 6 =    -0.6669,     4.5124       
# span 7 =     -2.092,      8.177       
# span 8 = -1240.7455,   456.8746       
# span 9 = 2.3498e+01, 2.5149e+03       
# span 10 =    -1.1439,    63.2463      
# span 11 =     -0.545,      2.291      
# span 12 =     -0.791,      3.323      
# span 13 =    21.4773,    28.5317      
# span 14 =   996.0902,   997.9180      
# span 15 = 0.0000e+00, 0.0000e+00      
# interval = seconds: 0.25
# start_time = Sep 27 2019 12:39:27 [Instrument's time stamp, header]
# bad_flag = -9.990e-29
*END*
[from data line 181]
      0.471      0.093     6.1125    101.085     39.223  36.904097     3.5228      6.905   146.3310 4.7473e+02     6.0408      0.466      0.676    22.0695   997.7769 0.0000e+00
      0.494      0.079     6.1260    101.376     39.208  36.892793     3.5386      6.906   146.3970 4.7714e+02     6.0581      0.486      0.705    22.0543   997.7805 0.0000e+00
      0.509      0.065     6.1398    101.669     39.213  36.901800     3.5454      6.908   146.4265 4.9164e+02     6.1693      0.500      0.727    22.0446   997.7828 0.0000e+00
      0.520      0.054     6.1597    101.952     39.259  36.949531     3.5358      6.912   146.4305 5.0569e+02     6.4024      0.510      0.741    22.0382   997.7843 0.0000e+00
      0.529      0.049     6.1805    102.143     39.269  36.962120     3.5268      6.915   146.5310 5.2992e+02     6.5178      0.520      0.755    22.0358   997.7849 0.0000e+00
      0.538      0.049     6.1964    102.230     39.230  36.927063     3.5319      6.916   146.6946 5.6644e+02     6.5153      0.527      0.764    22.0409   997.7837 0.0000e+00
      0.548      0.053     6.2129    102.270     39.211  36.906503     3.5374      6.917   146.6880 5.7530e+02     6.5686      0.533      0.774    22.0495   997.7818 0.0000e+00
      0.563      0.062     6.2329    102.270     39.215  36.903953     3.5314      6.914   146.7093 5.5197e+02     6.6710      0.551      0.799    22.0547   997.7808 0.0000e+00
      0.582      0.075     6.2442    102.239     39.217  36.896220     3.5204      6.909   146.9521 5.4030e+02     6.7383      0.572      0.829    22.0585   997.7799 0.0000e+00
      0.600      0.090     6.2464    102.234     39.208  36.876475     3.5164      6.904   147.1291 5.4790e+02     6.7261      0.588      0.852    22.0618   997.7792 0.0000e+00
      0.620      0.102     6.2505    102.310     39.199  36.855613     3.5271      6.901   147.0424 5.4366e+02     6.6874      0.605      0.877    22.0578   997.7802 0.0000e+00
      0.650      0.106     6.2512    102.500     39.189  36.834380     3.5631      6.901   146.5924 4.9211e+02     6.6301      0.633      0.918    22.0485   997.7825 0.0000e+00
      0.688      0.101     6.2493    102.834     39.171  36.810145     3.6141      6.903   145.9891 4.1382e+02     6.5579      0.675      0.979    22.0373   997.7852 0.0000e+00
      0.726      0.091     6.2493    103.280     39.180  36.816482     3.6396      6.908   145.7711 3.7717e+02     6.5028      0.717      1.040    22.0221   997.7888 0.0000e+00
      0.752      0.077     6.2558    103.740     39.212  36.847532     3.6383      6.913   145.8500 3.7433e+02     6.4557      0.743      1.078    22.0056   997.7926 0.0000e+00
      0.762      0.062     6.2682    104.135     39.232  36.868188     3.6417      6.916   145.8244 3.6477e+02     6.3497      0.750      1.088    21.9895   997.7964 0.0000e+00
      0.764      0.050     6.2902    104.439     39.235  36.875822     3.6545      6.915   145.8063 3.5153e+02     6.2036      0.749      1.086    21.9777   997.7991 0.0000e+00
      0.768      0.045     6.3212    104.663     39.230  36.876359     3.6628      6.910   145.9746 3.3493e+02     6.1316      0.751      1.089    21.9772   997.7991 0.0000e+00
      0.778      0.045     6.3499    104.789     39.226  36.874696     3.6559      6.905   146.1388 3.1815e+02     6.1015      0.762      1.104    21.9790   997.7988 0.0000e+00
      0.794      0.048     6.3752    104.813     39.207  36.855712     3.6409      6.902   146.0704 3.1350e+02     6.0682      0.778      1.128    21.9804   997.7986 0.0000e+00
      0.814      0.049     6.3916    104.798     39.192  36.837247     3.6371      6.902   145.8361 3.2140e+02     6.0570      0.798      1.158    21.9876   997.7971 0.0000e+00
      0.830      0.049     6.4050    104.770     39.203  36.841855     3.6450      6.906   145.7151 3.3095e+02     6.0649      0.816      1.183    21.9959   997.7953 0.0000e+00
      0.841      0.048     6.4136    104.739     39.216  36.847936     3.6494      6.911   145.7252 3.3016e+02     6.0987      0.826      1.198    21.9998   997.7944 0.0000e+00
      0.847      0.047     6.4121    104.718     39.223  36.847292     3.6469      6.915   145.7868 3.2217e+02     6.1702      0.830      1.205    21.9970   997.7951 0.0000e+00
      0.854      0.049     6.4124    104.676     39.218  36.834058     3.6491      6.917   145.9438 3.0985e+02     6.2415      0.836      1.212    21.9903   997.7966 0.0000e+00
      0.866      0.053     6.4116    104.596     39.207  36.814866     3.6592      6.917   145.9888 2.8713e+02     6.2725      0.847      1.229    21.9821   997.7985 0.0000e+00
      0.882      0.056     6.4095    104.506     39.203  36.805646     3.6642      6.916   145.8138 2.6300e+02     6.2828      0.863      1.252    21.9752   997.8001 0.0000e+00
      0.903      0.057     6.4105    104.427     39.186  36.786041     3.6404      6.915   145.6357 2.4404e+02     6.2682      0.885      1.284    21.9682   997.8019 0.0000e+00
      0.923      0.057     6.4098    104.342     39.171  36.768248     3.5968      6.913   145.5558 2.2728e+02     6.2590      0.908      1.317    21.9564   997.8046 0.0000e+00
      0.936      0.053     6.4059    104.232     39.191  36.780914     3.5788      6.913   145.5361 2.1335e+02     6.2698      0.920      1.334    21.9419   997.8079 0.0000e+00
      0.945      0.047     6.4004    104.133     39.233  36.812231     3.5885      6.915   145.5692 1.9867e+02     6.2680      0.926      1.343    21.9349   997.8096 0.0000e+00
      0.955      0.041     6.3964    104.073     39.258  36.829529     3.6014      6.918   145.6123 1.8412e+02     6.2696      0.935      1.357    21.9340   997.8098 0.0000e+00
      0.965      0.037     6.3926    104.032     39.230  36.799629     3.6564      6.921   145.5408 1.7480e+02     6.2573      0.947      1.373    21.9291   997.8109 0.0000e+00
      0.974      0.036     6.3857    103.999     39.198  36.768073     3.7592      6.923   145.3934 1.7001e+02     6.2500      0.956      1.386    21.9209   997.8128 0.0000e+00
      0.982      0.037     6.3797    103.967     39.196  36.765350     3.8216      6.926   145.3791 1.6723e+02     6.2790      0.963      1.396    21.9098   997.8154 0.0000e+00
      0.990      0.038     6.3787    103.932     39.199  36.766711     3.8385      6.929   145.5396 1.6605e+02     6.3126      0.971      1.407    21.8997   997.8178 0.0000e+00
      1.000      0.040     6.3766    103.926     39.220  36.784523     3.8503      6.930   145.7843 1.6540e+02     6.3613      0.979      1.421    21.8953   997.8188 0.0000e+00
      1.011      0.041     6.3747    103.942     39.229  36.790292     3.8438      6.931   145.9288 1.6235e+02     6.4421      0.992      1.439    21.8945   997.8190 0.0000e+00
      1.023      0.041     6.3737    103.926     39.213  36.772986     3.8290      6.931   145.8248 1.5750e+02     6.5040      1.004      1.457    21.8941   997.8190 0.0000e+00
      1.035      0.040     6.3703    103.868     39.208  36.765694     3.8266      6.932   145.7315 1.5364e+02     6.5196      1.015      1.472    21.8913   997.8198 0.0000e+00
      1.045      0.038     6.3700    103.774     39.211  36.765600     3.8156      6.933   145.7465 1.4984e+02     6.5646      1.025      1.486    21.8895   997.8203 0.0000e+00
      1.054      0.035     6.3737    103.636     39.219  36.771835     3.7906      6.933   145.8342 1.4451e+02     6.6551      1.034      1.500    21.8872   997.8208 0.0000e+00
      1.062      0.032     6.3727    103.508     39.226  36.777610     3.7758      6.933   146.1032 1.3864e+02     6.6961      1.042      1.511    21.8831   997.8218 0.0000e+00
      1.069      0.028     6.3688    103.436     39.221  36.771944     3.7668      6.934   146.2462 1.3294e+02     6.6992      1.048      1.520    21.8795   997.8226 0.0000e+00
      1.077      0.024     6.3654    103.402     39.215  36.766808     3.7257      6.935   146.1868 1.2778e+02     6.6937      1.056      1.532    21.8755   997.8236 0.0000e+00
      1.084      0.022     6.3547    103.398     39.227  36.778983     3.6516      6.935   146.1588 1.2348e+02     6.6293      1.064      1.543    21.8745   997.8238 0.0000e+00
      1.089      0.022     6.3454    103.413     39.239  36.792207     3.6078      6.934   146.0802 1.1993e+02     6.5442      1.069      1.550    21.8739   997.8240 0.0000e+00
      1.091      0.022     6.3429    103.418     39.247  36.799755     3.6029      6.934   145.9252 1.1721e+02     6.5492      1.070      1.552    21.8716   997.8244 0.0000e+00
      1.095      0.023     6.3402    103.426     39.256  36.806765     3.6277      6.934   145.8330 1.1511e+02     6.7549      1.073      1.556    21.8724   997.8243 0.0000e+00
      1.101      0.026     6.3397    103.443     39.268  36.813486     3.6825      6.935   145.8257 1.1334e+02     7.0654      1.079      1.565    21.8749   997.8239 0.0000e+00
      1.108      0.030     6.3420    103.435     39.281  36.817537     3.7186      6.937   145.8376 1.1184e+02     7.2228      1.087      1.577    21.8763   997.8236 0.0000e+00
      1.118      0.034     6.3411    103.359     39.262  36.792263     3.7256      6.937   145.8904 1.1072e+02     7.2160      1.096      1.590    21.8778   997.8233 0.0000e+00
      1.128      0.037     6.3416    103.219     39.236  36.761786     3.7244      6.936   145.9482 1.0983e+02     7.1792      1.106      1.604    21.8760   997.8237 0.0000e+00
      1.139      0.037     6.3443    103.075     39.245  36.766407     3.7467      6.933   145.9339 1.0912e+02     7.0735      1.117      1.619    21.8703   997.8250 0.0000e+00
      1.149      0.036     6.3462    102.913     39.269  36.784653     3.8045      6.932   145.9758 1.0858e+02     6.8879      1.127      1.634    21.8589   997.8277 0.0000e+00
      1.158      0.035     6.3437    102.688     39.280  36.791974     3.8425      6.932   146.0241 1.0787e+02     6.7704      1.136      1.648    21.8471   997.8304 0.0000e+00
      1.167      0.033     6.3326    102.415     39.284  36.791444     3.8430      6.931   145.9160 1.0706e+02     6.7347      1.145      1.660    21.8426   997.8314 0.0000e+00
      1.174      0.032     6.3254    102.115     39.275  36.778229     3.8537      6.931   145.8728 1.0619e+02     6.6847      1.152      1.670    21.8362   997.8329 0.0000e+00
      1.181      0.032     6.3183    101.817     39.258  36.759141     3.8852      6.930   146.0180 1.0494e+02     6.6251      1.159      1.680    21.8308   997.8341 0.0000e+00
      1.189      0.033     6.3031    101.554     39.253  36.751064     3.9023      6.928   146.1237 1.0334e+02     6.6037      1.166      1.690    21.8283   997.8347 0.0000e+00
      1.197      0.033     6.2875    101.318     39.247  36.744039     3.9045      6.928   146.1183 1.0164e+02     6.5575      1.173      1.702    21.8219   997.8362 0.0000e+00
      1.206      0.033     6.2689    101.101     39.239  36.737683     3.8947      6.927   146.1244 9.9977e+01     6.4918      1.183      1.715    21.8161   997.8375 0.0000e+00
      1.216      0.033     6.2500    100.922     39.237  36.737683     3.8708      6.926   146.1110 9.8509e+01     6.4979      1.193      1.730    21.8111   997.8387 0.0000e+00
      1.225      0.033     6.2354    100.821     39.242  36.744039     3.8496      6.924   146.0425 9.7275e+01     6.5333      1.202      1.744    21.8060   997.8399 0.0000e+00
      1.232      0.032     6.2209    100.804     39.250  36.751064     3.8377      6.921   146.0709 9.6218e+01     6.5265      1.209      1.753    21.8047   997.8403 0.0000e+00
      1.239      0.032     6.2071    100.847     39.260  36.759142     3.7967      6.919   146.1963 9.5249e+01     6.3498      1.216      1.763    21.8079   997.8395 0.0000e+00
      1.247      0.032     6.1943    100.938     39.282  36.778232     3.7175      6.918   146.3541 9.4362e+01     6.0357      1.222      1.773    21.8110   997.8388 0.0000e+00
      1.255      0.032     6.1880    101.053     39.299  36.791456     3.6686      6.917   146.5165 9.3517e+01     5.8746      1.231      1.785    21.8121   997.8386 0.0000e+00
      1.264      0.032     6.1878    101.157     39.302  36.792091     3.6572      6.916   146.6101 9.2752e+01     5.8763      1.240      1.798    21.8119   997.8387 0.0000e+00
      1.273      0.032     6.1907    101.229     39.297  36.785896     3.6400      6.913   146.7126 9.2132e+01     5.8606      1.248      1.810    21.8107   997.8390 0.0000e+00
      1.282      0.031     6.1970    101.246     39.293  36.780031     3.6169      6.911   146.8083 9.1488e+01     5.8151      1.257      1.823    21.8078   997.8397 0.0000e+00
      1.289      0.030     6.2056    101.204     39.299  36.784648     3.6029      6.911   146.9073 9.0834e+01     5.7858      1.264      1.834    21.8042   997.8406 0.0000e+00
      1.296      0.029     6.2124    101.140     39.294  36.778243     3.5923      6.909   147.1354 9.0344e+01     5.8011      1.272      1.844    21.8021   997.8411 0.0000e+00
      1.303      0.029     6.2175    101.089     39.282  36.766069     3.5840      6.906   147.4159 8.9827e+01     5.8357      1.278      1.853    21.7998   997.8417 0.0000e+00
      1.311      0.029     6.2198    101.063     39.281  36.764395     3.5975      6.904   147.6313 8.9105e+01     5.8770      1.285      1.863    21.7973   997.8422 0.0000e+00
      1.318      0.029     6.2156    101.076     39.275  36.758000     3.6268      6.902   147.7610 8.8306e+01     5.9395      1.292      1.874    21.7951   997.8428 0.0000e+00
      1.325      0.029     6.2116    101.136     39.270  36.752210     3.6431      6.900   147.7787 8.7496e+01     5.9693      1.300      1.884    21.7926   997.8434 0.0000e+00
      1.333      0.029     6.2083    101.215     39.275  36.757870     3.6551      6.899   147.7597 8.6749e+01     6.0075      1.307      1.895    21.7913   997.8437 0.0000e+00
      1.341      0.029     6.2066    101.299     39.280  36.762959     3.6685      6.899   147.7889 8.6058e+01     6.1386      1.315      1.907    21.7910   997.8438 0.0000e+00
      1.348      0.028     6.2068    101.390     39.266  36.750274     3.6663      6.899   147.7872 8.5307e+01     6.2443      1.322      1.918    21.7897   997.8441 0.0000e+00
      1.355      0.027     6.2119    101.490     39.246  36.731441     3.6545      6.898   147.7401 8.4625e+01     6.2371      1.329      1.928    21.7889   997.8443 0.0000e+00
      1.362      0.026     6.2169    101.605     39.240  36.725666     3.6470      6.897   147.7354 8.4125e+01     6.2156      1.336      1.938    21.7900   997.8441 0.0000e+00
      1.368      0.024     6.2216    101.740     39.260  36.743922     3.6629      6.896   147.8163 8.3721e+01     6.2788      1.342      1.946    21.7907   997.8440 0.0000e+00
      1.374      0.024     6.2275    101.884     39.280  36.761753     3.6997      6.895   147.9438 8.3357e+01     6.4114      1.347      1.954    21.7906   997.8440 0.0000e+00
      1.380      0.023     6.2330    101.989     39.268  36.750836     3.7189      6.895   148.1582 8.2952e+01     6.5072      1.353      1.962    21.7908   997.8440 0.0000e+00
      1.386      0.023     6.2407    102.037     39.256  36.738870     3.7215      6.894   148.4292 8.2482e+01     6.4864      1.358      1.971    21.7905   997.8442 0.0000e+00
      1.391      0.023     6.2482    102.022     39.262  36.744025     3.7314      6.894   148.5538 8.2042e+01     6.3903      1.364      1.978    21.7895   997.8444 0.0000e+00
      1.397      0.023     6.2593    101.927     39.267  36.749691     3.7513      6.893   148.5463 8.1693e+01     6.3280      1.370      1.987    21.7899   997.8443 0.0000e+00
      1.403      0.022     6.2657    101.799     39.260  36.743907     3.7716      6.890   148.5972 8.1390e+01     6.2897      1.376      1.996    21.7900   997.8443 0.0000e+00
      1.410      0.021     6.2681    101.688     39.252  36.737559     3.7770      6.886   148.7396 8.1051e+01     6.2550      1.383      2.006    21.7892   997.8445 0.0000e+00
