Data/DataNotYetUploadedToEDI/Raw_CTD/2019_RawDownloads/092719_fcr20.cnv
* Sea-Bird SBE19plus  Data File:
* FileName = C:\DATA\092719_fcr_0005.hex
* Software version 2.8.0.119 SB_Terminal.dll
* Temperature SN = 7809
* Conductivity SN = 7809
* System UpLoad Time = Sep 28 2019 13:26:10
* <ApplicationData>
* <Seaterm232>
# nquan = 16
# nvalues = 482                         
# units = specified
# name 0 = depFM: Depth [fresh water, m]
# name 1 = dz/dtM: Descent Rate [m/s]
# name 2 = sbeox0ML/L: Oxygen, SBE 43 [ml/l]
# name 3 = sbeox0PS: Oxygen, SBE 43 [% saturation]
# name 4 = specc: Specific Conductance [uS/cm]
# name 5 = c0uS/cm: Conductivity [uS/cm]
# name 6 = flECO-AFL: Fluorescence, WET Labs ECO-AFL/FL [mg/m^3]
# name 7 = ph: pH
# name 8 = orp: Oxidation Reduction Potential [mV]
# name 9 = par/sat/log: PAR/Logarithmic, Satlantic
# name 10 = turbWETntu0: Turbidity, WET Labs ECO [NTU]
# name 11 = prdM: Pressure, Strain Gauge [db]
# name 12 = prdE: Pressure, Strain Gauge [psi]
# name 13 = tv290C: Temperature [ITS-90, deg C]
# name 14 = density00: Density [density, kg/m^3]
# name 15 = flag:  0.000e+00
# span 0 =     -0.551,      3.053       
# span 1 =     -0.208,      0.269       
# span 2 =     4.1462,     6.8138       
# span 3 =     69.107,    112.286       
# span 4 =      1.504,     39.752       
# span 5 =   1.448525,  38.200921       
# span 6 =    -1.7704,     4.4687       
# span 7 =      6.385,      8.478       
# span 8 =    23.4391,   148.9447       
# span 9 = 1.4284e+01, 2.1306e+03       
# span 10 =    -0.8317,   893.8638      
# span 11 =     -0.541,      2.994      
# span 12 =     -0.784,      4.343      
# span 13 =    21.2810,    23.1960      
# span 14 =   997.4993,   997.9646      
# span 15 = 0.0000e+00, 0.0000e+00      
# interval = seconds: 0.25
# start_time = Sep 27 2019 13:01:37 [Instrument's time stamp, header]
# bad_flag = -9.990e-29
*END*
[from data line 91]
      0.096      0.019     4.7188     76.746     39.074  37.322107     1.7339      7.435   111.3059 5.3267e+02     5.7567      0.095      0.138    22.7402   997.6204 0.0000e+00
      0.108      0.019     4.6930     76.265     39.054  37.309515     1.7595      7.425   111.5696 6.9875e+02     5.6629      0.108      0.158    22.7422   997.6199 0.0000e+00
      0.113      0.016     4.6742     75.728     39.039  37.297974     1.7626      7.419   111.7231 8.5220e+02     5.6114      0.113      0.164    22.7436   997.6197 0.0000e+00
      0.112      0.011     4.6545     75.168     39.051  37.309515     1.7547      7.416   111.8701 9.3789e+02     5.6252      0.111      0.161    22.7428   997.6198 0.0000e+00
      0.109      0.007     4.6294     74.641     39.065  37.322105     1.7511      7.412   112.1430 7.8493e+02     5.6982      0.105      0.154    22.7523   997.6176 0.0000e+00
      0.107      0.006     4.5988     74.175     39.066  37.323249     1.7366      7.407   112.2697 5.4549e+02     5.8057      0.103      0.150    22.7636   997.6149 0.0000e+00
      0.110      0.008     4.5660     73.750     39.066  37.323343     1.7181      7.402   112.3688 7.1489e+02     5.8435      0.106      0.154    22.7660   997.6143 0.0000e+00
      0.115      0.010     4.5305     73.332     39.065  37.323238     1.7095      7.394   112.5678 1.0890e+03     5.8271      0.113      0.163    22.7640   997.6149 0.0000e+00
      0.121      0.011     4.4982     72.899     39.062  37.321979     1.7362      7.385   112.6102 1.0910e+03     5.9029      0.119      0.173    22.7630   997.6151 0.0000e+00
      0.124      0.010     4.4708     72.447     39.045  37.308131     1.7984      7.378   112.7092 7.6822e+02     6.0389      0.122      0.177    22.7638   997.6149 0.0000e+00
      0.126      0.008     4.4461     72.020     39.018  37.282752     1.8454      7.374   112.9050 5.3396e+02     6.1284      0.124      0.180    22.7635   997.6150 0.0000e+00
      0.127      0.007     4.4209     71.670     39.005  37.269017     1.8543      7.370   112.9987 5.3772e+02     6.1648      0.125      0.182    22.7645   997.6148 0.0000e+00
      0.126      0.008     4.3950     71.389     39.006  37.269017     1.8453      7.366   113.1544 6.8369e+02     6.2170      0.123      0.179    22.7684   997.6139 0.0000e+00
      0.126      0.009     4.3666     71.168     39.021  37.282750     1.8491      7.359   113.3239 7.5103e+02     6.3336      0.122      0.177    22.7720   997.6130 0.0000e+00
      0.129      0.009     4.3385     70.983     39.046  37.308119     1.8567      7.349   113.2419 7.6601e+02     6.3952      0.126      0.182    22.7719   997.6131 0.0000e+00
      0.135      0.008     4.3196     70.818     39.059  37.321854     1.8498      7.339   113.1088 9.1203e+02     6.3395      0.132      0.192    22.7687   997.6138 0.0000e+00
      0.141      0.005     4.3016     70.653     39.055  37.321863     1.8443      7.332   113.1771 9.1161e+02     6.2495      0.139      0.202    22.7661   997.6144 0.0000e+00
      0.142      0.001     4.2897     70.467     39.036  37.308231     1.8424      7.328   113.3799 7.8029e+02     6.1914      0.142      0.206    22.7677   997.6141 0.0000e+00
      0.139     -0.001     4.2784     70.313     39.008  37.283996     1.8434      7.325   113.6683 7.1445e+02     6.1611      0.137      0.199    22.7686   997.6139 0.0000e+00
      0.134     -0.002     4.2684     70.228     39.005  37.282738     1.8480      7.321   113.9105 5.2489e+02     6.1136      0.130      0.189    22.7693   997.6137 0.0000e+00
      0.131     -0.002     4.2599     70.184     39.014  37.293019     1.8464      7.318   114.0709 4.3059e+02     6.0756      0.126      0.184    22.7764   997.6120 0.0000e+00
      0.132      0.000     4.2453     70.115     39.002  37.281364     1.8404      7.315   114.1458 6.7369e+02     6.0617      0.129      0.187    22.7831   997.6105 0.0000e+00
      0.135      0.003     4.2354     69.989     38.990  37.268764     1.8370      7.311   114.2142 9.4224e+02     6.0762      0.132      0.192    22.7854   997.6100 0.0000e+00
      0.137      0.005     4.2306     69.820     38.989  37.267619     1.8405      7.308   114.2948 1.1118e+03     6.1197      0.134      0.196    22.7870   997.6096 0.0000e+00
      0.138      0.006     4.2298     69.617     38.988  37.267516     1.8480      7.306   114.3466 1.1157e+03     6.1292      0.136      0.197    22.7892   997.6090 0.0000e+00
      0.139      0.005     4.2265     69.357     38.988  37.267516     1.8576      7.302   114.4962 8.3194e+02     6.1585      0.135      0.196    22.7888   997.6091 0.0000e+00
      0.140      0.003     4.2183     69.107     38.990  37.267630     1.8700      7.296   114.6412 7.7901e+02     6.2441      0.137      0.199    22.7869   997.6096 0.0000e+00
      0.142     -0.002     4.2078     69.478     39.003  37.268890     1.8858      7.290   114.6362 8.5719e+02     6.3128      0.139      0.202    22.7865   997.6097 0.0000e+00
      0.142     -0.010     4.1960     71.689     39.038  37.282732     1.9009      7.286   114.6074 7.3263e+02     6.3334      0.140      0.204    22.7876   997.6094 0.0000e+00
      0.142     -0.016     4.1816     76.527     39.084  37.308020     1.8617      7.284   114.7244 6.8641e+02     6.1989      0.142      0.205    22.7893   997.6089 0.0000e+00
      0.137     -0.020     4.1567     83.518     39.112  37.320717     1.7670      7.280   114.9316 7.3743e+02     5.9635      0.137      0.199    22.7905   997.6087 0.0000e+00
      0.125     -0.020     4.1462     91.273     39.108  37.309273     1.7098      7.273   115.1346 8.3368e+02     5.8472      0.124      0.179    22.7780   997.6116 0.0000e+00
      0.113     -0.015     4.2602     98.425     39.101  37.296589     1.7081      7.263   115.3716 8.5664e+02     5.8415      0.109      0.157    22.7462   997.6190 0.0000e+00
      0.108     -0.009     4.5678    104.328     39.103  37.294302     1.7465      7.253   115.5599 8.0862e+02     5.9604      0.103      0.149    22.7184   997.6255 0.0000e+00
      0.109     -0.001     5.0244    108.731     39.096  37.281618     1.8100      7.245   115.6045 7.7952e+02     6.1713      0.105      0.153    22.7032   997.6290 0.0000e+00
      0.116      0.005     5.5284    111.386     39.093  37.270176     1.8428      7.240   115.6527 6.6302e+02     6.2940      0.114      0.164    22.6937   997.6313 0.0000e+00
      0.122      0.008     5.9699    112.286     39.116  37.282882     1.8478      7.236   115.7123 4.5861e+02     6.3291      0.121      0.175    22.6873   997.6329 0.0000e+00
      0.126      0.004     6.3291    111.802     39.148  37.308282     1.8793      7.232   115.7223 3.1983e+02     6.3008      0.125      0.181    22.6827   997.6339 0.0000e+00
      0.126     -0.007     6.6042    110.540     39.164  37.323385     1.9374      7.226   115.6886 2.7499e+02     6.2139      0.124      0.179    22.6758   997.6355 0.0000e+00
      0.125     -0.034     6.7666    109.084     39.174  37.338544     1.9693      7.222   115.6490 3.9675e+02     6.1307      0.123      0.179    22.6637   997.6384 0.0000e+00
      0.120     -0.078     6.8138    107.752     39.189  37.364633     1.9707      7.222   115.7595 6.2276e+02     6.0814      0.119      0.173    22.6503   997.6415 0.0000e+00
      0.112     -0.130     6.7722    106.627     39.193  37.384941     1.9537      7.223   115.9915 6.4696e+02     6.0104      0.112      0.161    22.6414   997.6435 0.0000e+00
      0.087     -0.175     6.6817    105.749     39.181  37.393684     1.9115      7.223   116.2176 5.2131e+02     5.8952      0.102      0.148    22.6422   997.6434 0.0000e+00
      0.022     -0.203     6.5861    105.094     39.171  37.406900     1.8685      7.220   116.4280 3.9887e+02     5.8357      0.037      0.054    22.6505   997.6411 0.0000e+00
     -0.075     -0.208     6.5046    104.616     39.161  37.417820     1.8413      7.213   116.6423 4.1749e+02     5.8481     -0.080     -0.117    22.6645   997.6372 0.0000e+00
     -0.160     -0.190     6.4313    104.274     39.128  37.398790     1.8255      7.205   116.9164 7.8439e+02     5.8808     -0.171     -0.249    22.6871   997.6316 0.0000e+00
     -0.209     -0.153     6.3764    103.969     39.093  37.367252     1.7897      7.196   117.1604 1.2824e+03     5.9037     -0.216     -0.313    22.7144   997.6250 0.0000e+00
     -0.226     -0.104     6.3350    103.638     39.084  37.353877     1.7207      7.191   117.2699 1.5084e+03     5.8957     -0.227     -0.331    22.7426   997.6184 0.0000e+00
     -0.226     -0.057     6.3020    103.318     39.099  37.364014     1.6759      7.189   117.3806 1.5258e+03     5.8497     -0.224     -0.325    22.7729   997.6113 0.0000e+00
     -0.221     -0.025     6.2823    103.044     39.102  37.362860     1.6735      7.187   117.5523 1.5281e+03     5.8066     -0.215     -0.311    22.7924   997.6068 0.0000e+00
     -0.221     -0.008     6.2660    102.804     39.082  37.339925     1.6911      7.181   117.7106 1.5120e+03     5.8327     -0.212     -0.307    22.7905   997.6072 0.0000e+00
     -0.229     -0.002     6.2454    102.608     39.087  37.340602     1.7154      7.170   117.9188 1.5031e+03     5.9032     -0.225     -0.327    22.7809   997.6093 0.0000e+00
     -0.236      0.002     6.2257    102.472     39.121  37.371038     1.7242      7.158   118.1763 1.4691e+03     5.9378     -0.235     -0.341    22.7748   997.6107 0.0000e+00
     -0.235      0.006     6.2110    102.402     39.139  37.390545     1.7282      7.153   118.1565 1.3059e+03     5.9241     -0.231     -0.335    22.7713   997.6116 0.0000e+00
     -0.230      0.004     6.1961    102.412     39.131  37.386037     1.7893      7.159   117.5077 1.2249e+03     5.8354     -0.224     -0.325    22.7669   997.6127 0.0000e+00
     -0.223     -0.013     6.1849    102.462     39.121  37.380014     1.9001      7.167   116.3537 1.4075e+03     5.6847     -0.222     -0.321    22.7599   997.6143 0.0000e+00
     -0.211     -0.039     6.1776    102.492     39.120  37.381209     1.9586      7.173   115.7334 1.5514e+03     5.6423     -0.207     -0.301    22.7551   997.6156 0.0000e+00
     -0.208     -0.061     6.1715    102.470     39.138  37.400490     1.9068      7.173   116.7194 1.5498e+03     5.7815     -0.189     -0.275    22.7597   997.6146 0.0000e+00
     -0.237     -0.060     6.1726    102.348     39.159  37.422718     1.2559      7.163   118.2083 1.4404e+03     6.8440     -0.220     -0.320    22.7668   997.6127 0.0000e+00
     -0.293     -0.029     6.1770    102.062     39.130  37.396069     0.0707      7.152   118.3343 1.0537e+03     8.7549     -0.292     -0.423    22.7701   997.6116 0.0000e+00
     -0.340      0.025     6.1787    101.596     39.069  37.332176    -0.5704      7.148   117.6411 6.5899e+02     9.8128     -0.349     -0.505    22.7730   997.6107 0.0000e+00
     -0.343      0.090     6.1779    100.951     39.036  37.284929    -0.6259      7.152   117.2262 7.8689e+02     9.9008     -0.361     -0.523    22.7746   997.6103 0.0000e+00
     -0.285      0.153     6.1726    100.155     39.046  37.269105    -0.5838      7.157   117.0177 1.2520e+03     9.7870     -0.297     -0.430    22.7773   997.6099 0.0000e+00
     -0.187      0.197     6.1546     99.340     39.075  37.267764    -0.0268      7.160   117.0117 1.5174e+03     8.8302     -0.177     -0.257    22.7802   997.6098 0.0000e+00
     -0.096      0.209     6.1268     98.672     39.100  37.268677     0.9940      7.162   117.1542 1.5435e+03     7.1147     -0.080     -0.117    22.7764   997.6111 0.0000e+00
     -0.037      0.188     6.0906     98.266     39.125  37.280114     1.5533      7.162   117.1064 1.5228e+03     6.1857     -0.028     -0.041    22.7586   997.6155 0.0000e+00
     -0.006      0.145     6.0434     98.212     39.129  37.279075     1.6115      7.162   117.0363 1.5179e+03     6.1179      0.001      0.001    22.7204   997.6246 0.0000e+00
      0.009      0.097     5.9948     98.534     39.107  37.256108     1.6460      7.162   117.1667 1.5256e+03     6.0653      0.010      0.015    22.6779   997.6345 0.0000e+00
      0.019      0.061     5.9561     99.120     39.109  37.256317     1.7025      7.161   117.3058 1.5138e+03     5.9429      0.017      0.024    22.6488   997.6413 0.0000e+00
      0.029      0.039     5.9313     99.806     39.134  37.281600     1.7307      7.157   117.3421 1.3361e+03     5.8838      0.028      0.040    22.6336   997.6449 0.0000e+00
      0.039      0.028     5.9267    100.462     39.154  37.307915     1.7266      7.154   117.3471 1.0731e+03     5.9073      0.038      0.055    22.6305   997.6458 0.0000e+00
      0.045      0.024     5.9498    101.007     39.154  37.320599     1.7225      7.151   117.4517 9.4070e+02     5.9980      0.047      0.067    22.6288   997.6461 0.0000e+00
      0.047      0.026     5.9895    101.427     39.128  37.308015     1.7164      7.146   117.6610 1.0057e+03     6.1286      0.046      0.066    22.6254   997.6470 0.0000e+00
      0.048      0.033     6.0335    101.708     39.093  37.282739     1.7135      7.141   117.8990 1.2504e+03     6.2089      0.045      0.065    22.6250   997.6471 0.0000e+00
      0.052      0.041     6.0743    101.807     39.079  37.268900     1.7135      7.137   118.0925 1.2381e+03     6.2795      0.048      0.071    22.6340   997.6449 0.0000e+00
      0.063      0.047     6.1046    101.699     39.088  37.267633     1.7334      7.135   118.1080 9.2904e+02     6.3268      0.056      0.082    22.6533   997.6405 0.0000e+00
      0.084      0.049     6.1278    101.423     39.103  37.267407     1.7724      7.135   117.9994 7.3864e+02     6.2890      0.080      0.116    22.6715   997.6364 0.0000e+00
      0.108      0.047     6.1451    101.108     39.114  37.266148     1.7860      7.138   117.9834 6.5749e+02     6.2488      0.111      0.161    22.6831   997.6338 0.0000e+00
      0.123      0.039     6.1512    100.896     39.106  37.252393     1.7854      7.139   118.0010 8.1770e+02     6.2673      0.125      0.182    22.6843   997.6335 0.0000e+00
      0.128      0.028     6.1463    100.818     39.088  37.228034     1.8077      7.140   118.0408 1.1322e+03     6.2837      0.127      0.184    22.6680   997.6374 0.0000e+00
      0.127      0.018     6.1294    100.865     39.096  37.225519     1.8382      7.142   118.1213 1.1602e+03     6.2824      0.125      0.181    22.6442   997.6430 0.0000e+00
      0.126      0.012     6.1076    101.013     39.104  37.221965     1.8425      7.144   118.1993 1.0677e+03     6.2848      0.123      0.178    22.6303   997.6462 0.0000e+00
      0.127      0.011     6.0961    101.201     39.078  37.185047     1.8340      7.144   118.3819 1.0376e+03     6.2796      0.123      0.179    22.6250   997.6475 0.0000e+00
      0.131      0.012     6.0922    101.396     39.062  37.159972     1.8222      7.143   118.6079 8.9850e+02     6.2850      0.128      0.186    22.6181   997.6490 0.0000e+00
      0.137      0.013     6.0965    101.583     39.079  37.172675     1.8039      7.141   118.7805 7.0954e+02     6.2845      0.135      0.195    22.6037   997.6524 0.0000e+00
      0.143      0.011     6.1097    101.707     39.113  37.211684     1.7949      7.139   119.0056 6.5274e+02     6.3067      0.141      0.205    22.5874   997.6563 0.0000e+00
      0.148      0.008     6.1232    101.747     39.143  37.250788     1.7823      7.137   119.2647 8.1350e+02     6.3571      0.146      0.212    22.5731   997.6596 0.0000e+00
      0.149      0.004     6.1363    101.776     39.148  37.264645     1.7814      7.135   119.4185 9.6616e+02     6.3366      0.147      0.213    22.5577   997.6632 0.0000e+00
      0.147      0.002     6.1503    101.803     39.126  37.252292     1.8018      7.135   119.4028 8.8614e+02     6.2556      0.144      0.209    22.5496   997.6650 0.0000e+00
