Data/DataNotYetUploadedToEDI/Raw_CTD/2019_RawDownloads/092719_fcr10.cnv
* Sea-Bird SBE19plus  Data File:
* FileName = C:\DATA\092719_fcr_0004.hex
* Software version 2.8.0.119 SB_Terminal.dll
* Temperature SN = 7809
* Conductivity SN = 7809
* System UpLoad Time = Sep 28 2019 13:25:53
* <ApplicationData>
* <Seaterm232>
# nquan = 16
# nvalues = 392                         
# units = specified
# name 0 = depFM: Depth [fresh water, m]
# name 1 = dz/dtM: Descent Rate [m/s]
# name 2 = sbeox0ML/L: Oxygen, SBE 43 [ml/l]
# name 3 = sbeox0PS: Oxygen, SBE 43 [% saturation]
# name 4 = specc: Specific Conductance [uS/cm]
# name 5 = c0uS/cm: Conductivity [uS/cm]
# name 6 = flECO-AFL: Fluorescence, WET Labs ECO-AFL/FL [mg/m^3]
# name 7 = ph: pH
# name 8 = orp: Oxidation Reduction Potential [mV]
# name 9 = par/sat/log: PAR/Logarithmic, Satlantic
# name 10 = turbWETntu0: Turbidity, WET Labs ECO [NTU]
# name 11 = prdM: Pressure, Strain Gauge [db]
# name 12 = prdE: Pressure, Strain Gauge [psi]
# name 13 = tv290C: Temperature [ITS-90, deg C]
# name 14 = density00: Density [density, kg/m^3]
# name 15 = flag:  0.000e+00
# span 0 =     -0.556,      2.335       
# span 1 =     -0.165,      0.146       
# span 2 =     4.7494,     6.4784       
# span 3 =     79.003,    106.315       
# span 4 =      1.021,     40.227       
# span 5 =   1.093043,  38.708614       
# span 6 =    -0.6669,     4.5124       
# span 7 =     -2.092,      8.177       
# span 8 = -1240.7455,   456.8746       
# span 9 = 2.3498e+01, 2.5149e+03       
# span 10 =    -1.1439,    63.2463      
# span 11 =     -0.545,      2.291      
# span 12 =     -0.791,      3.323      
# span 13 =    21.4773,    28.5317      
# span 14 =   996.0902,   997.9180      
# span 15 = 0.0000e+00, 0.0000e+00      
# interval = seconds: 0.25
# start_time = Sep 27 2019 12:39:27 [Instrument's time stamp, header]
# bad_flag = -9.990e-29
*END*
[from data line 91]
      0.335     -0.003     5.4361     85.783     39.627  37.525178     3.4600      7.685   146.5914 2.5203e+02     5.6652      0.330      0.478    22.3787   997.7056 0.0000e+00
      0.330     -0.003     5.4045     84.751     39.686  37.572636     3.3514      7.680   147.0253 2.5536e+02     5.7936      0.324      0.470    22.3780   997.7058 0.0000e+00
      0.323      0.001     5.3565     84.195     39.846  37.727551     3.2916      7.671   147.2842 2.7198e+02     5.8073      0.314      0.456    22.3752   997.7064 0.0000e+00
      0.321      0.002     5.2895     84.232     40.063  37.938302     3.2752      7.659   147.0546 2.9383e+02     5.7660      0.310      0.450    22.3600   997.7098 0.0000e+00
      0.326     -0.006     5.2091     84.752     40.227  38.089569     3.2314      7.648   146.3138 3.1549e+02     5.6216      0.317      0.460    22.3402   997.7144 0.0000e+00
      0.337     -0.031     5.1413     85.478     40.224  38.096528     3.1603      7.637   145.6403 3.3888e+02     5.3393      0.331      0.481    22.3260   997.7177 0.0000e+00
      0.342     -0.070     5.1040     86.162     39.972  37.895501     3.1266      7.622   145.4508 3.9749e+02     5.1713      0.341      0.495    22.3324   997.7164 0.0000e+00
      0.332     -0.113     5.1066     86.743     39.647  37.626806     3.1186      7.607   145.5718 5.0058e+02     5.1638      0.335      0.487    22.3543   997.7114 0.0000e+00
      0.293     -0.148     5.1473     87.241     39.498  37.513824     3.0903      7.592   145.7263 6.8694e+02     5.3137      0.301      0.438    22.3329   997.7162 0.0000e+00
      0.223     -0.165     5.1986     87.628     39.574  37.608583     3.0610      7.573   145.8562 9.9352e+02     5.6392      0.224      0.324    22.3270   997.7172 0.0000e+00
      0.146     -0.160     5.2330     87.904     39.780  37.820426     3.0503      7.548   145.8519 1.1181e+03     5.8229      0.133      0.192    22.4024   997.6994 0.0000e+00
      0.092     -0.135     5.2610     88.064     39.941  37.980510     3.0475      7.522   145.6744 8.5547e+02     5.7984      0.078      0.114    22.4537   997.6871 0.0000e+00
      0.070     -0.095     5.2907     88.095     39.981  38.020715     3.0450      7.499   145.5160 7.1605e+02     5.7689      0.061      0.089    22.4831   997.6802 0.0000e+00
      0.068     -0.051     5.3101     88.077     39.939  37.989150     3.0893      7.483   145.4862 1.0169e+03     5.7935      0.064      0.094    22.5160   997.6726 0.0000e+00
      0.074     -0.016     5.3241     88.087     39.845  37.916269     3.1845      7.472   145.5722 1.0780e+03     5.8341      0.073      0.106    22.5355   997.6682 0.0000e+00
      0.079      0.003     5.3350     88.084     39.750  37.837785     3.2419      7.462   145.6949 6.4714e+02     5.8338      0.078      0.115    22.5466   997.6657 0.0000e+00
      0.081      0.009     5.3345     87.996     39.710  37.801943     3.2462      7.449   145.7658 3.5127e+02     5.8227      0.080      0.117    22.5383   997.6677 0.0000e+00
      0.082      0.010     5.3302     87.762     39.709  37.800284     3.2537      7.434   145.8270 3.0587e+02     5.8629      0.080      0.116    22.5481   997.6654 0.0000e+00
      0.083      0.009     5.3291     87.287     39.729  37.817727     3.2727      7.417   145.8334 2.9303e+02     5.9598      0.081      0.118    22.5796   997.6581 0.0000e+00
      0.085      0.008     5.3294     86.504     39.736  37.822422     3.2848      7.402   145.6706 2.9515e+02     6.0438      0.082      0.120    22.5940   997.6546 0.0000e+00
      0.088      0.008     5.3249     85.441     39.707  37.793566     3.2954      7.391   145.4933 3.1874e+02     6.0596      0.085      0.125    22.5924   997.6550 0.0000e+00
      0.092      0.008     5.3132     84.172     39.701  37.786214     3.3057      7.377   145.4966 4.8255e+02     5.9869      0.091      0.132    22.5909   997.6554 0.0000e+00
      0.095      0.007     5.2872     82.865     39.716  37.796999     3.3049      7.360   145.6236 8.9934e+02     5.8854      0.095      0.137    22.5895   997.6558 0.0000e+00
      0.095      0.005     5.2381     81.721     39.720  37.797004     3.2943      7.342   145.6523 1.2809e+03     5.8492      0.093      0.135    22.5864   997.6565 0.0000e+00
      0.095      0.002     5.1733     80.808     39.710  37.786279     3.2823      7.325   145.5856 1.2626e+03     5.8442      0.091      0.133    22.5861   997.6566 0.0000e+00
      0.096     -0.001     5.0933     80.054     39.588  37.667320     3.2725      7.315   145.5052 1.0553e+03     5.9225      0.094      0.138    22.5839   997.6570 0.0000e+00
      0.096     -0.002     5.0082     79.334     39.357  37.437761     3.2714      7.310   145.3690 1.0377e+03     6.1079      0.095      0.138    22.5776   997.6585 0.0000e+00
      0.094     -0.002     4.9398     79.003     39.237  37.295813     3.2765      7.308   145.3159 1.1671e+03     6.2174      0.093      0.135    22.5725   997.6596 0.0000e+00
      0.092     -0.001     4.8845     80.108     39.271  37.283973     3.2738      7.307   145.3790 1.2969e+03     6.2305      0.091      0.130    22.5736   997.6594 0.0000e+00
      0.091      0.000     4.8452     83.199     39.318  37.294544     3.2738      7.303   145.4436 1.4448e+03     6.2669      0.089      0.128    22.5688   997.6606 0.0000e+00
      0.092      0.003     4.8003     87.653     39.333  37.296630     3.2843      7.294   145.4948 1.5206e+03     6.2966      0.089      0.129    22.5642   997.6615 0.0000e+00
      0.093      0.007     4.7494     92.499     39.351  37.309185     3.2887      7.279   145.4818 1.4246e+03     6.2949      0.091      0.133    22.5355   997.6682 0.0000e+00
      0.095      0.009     4.8074     97.101     39.366  37.319381     3.2847      7.258   145.4586 1.2789e+03     6.3115      0.094      0.136    22.4561   997.6866 0.0000e+00
      0.098      0.009     5.0205    101.073     39.341  37.292964     3.3045      7.237   145.5581 1.4719e+03     6.3008      0.096      0.140    22.4093   997.6975 0.0000e+00
      0.103      0.008     5.3151    104.073     39.293  37.243673     3.3462      7.221   145.6530 1.6924e+03     6.2646      0.101      0.146    22.4043   997.6986 0.0000e+00
      0.106      0.005     5.6218    105.837     39.283  37.231197     3.3640      7.211   145.7458 1.2173e+03     6.2675      0.105      0.151    22.3993   997.6997 0.0000e+00
      0.107     -0.003     5.9078    106.315     39.325  37.269064     3.3547      7.211   146.4209 5.8889e+02     6.2700      0.105      0.152    22.3951   997.7007 0.0000e+00
      0.107     -0.013     6.1577    105.826     39.376  37.320665     3.3384      7.212   152.8689 4.2626e+02     6.2289      0.105      0.152    22.3917   997.7015 0.0000e+00
      0.105     -0.024     6.3455    104.886     39.392  37.347302     3.2795      7.212   164.5995 4.4250e+02     6.0978      0.106      0.154    22.3889   997.7022 0.0000e+00
      0.097     -0.034     6.4566    103.870     39.365  37.337244     3.1798      7.207   170.8976 3.6155e+02     5.9303      0.098      0.141    22.3830   997.7034 0.0000e+00
      0.084     -0.043     6.4784    102.964     39.337  37.326039     3.1209      7.199   170.6838 2.8245e+02     5.8426      0.083      0.121    22.3777   997.7046 0.0000e+00
      0.069     -0.053     6.4344    102.225     39.340  37.338795     3.0973      7.190   164.9400 2.8678e+02     5.7914      0.069      0.101    22.3803   997.7040 0.0000e+00
      0.051     -0.064     6.3685    101.645     39.359  37.364538     2.9891      7.182   157.3757 2.9942e+02     5.8019      0.047      0.068    22.3969   997.7000 0.0000e+00
      0.038     -0.074     6.2998    101.190     39.369  37.383413     2.8011      7.176   159.4988 5.3367e+02     5.8719      0.034      0.050    22.4197   997.6947 0.0000e+00
      0.027     -0.077     6.2421    100.846     39.352  37.376592     2.6970      7.168   166.7770 1.0676e+03     5.8847      0.035      0.051    22.4407   997.6899 0.0000e+00
      0.002     -0.073     6.1956    100.617     39.313  37.345553     2.6844      7.156   169.5755 1.3817e+03     5.8578      0.007      0.011    22.4537   997.6868 0.0000e+00
     -0.033     -0.066     6.1609    100.467     39.292  37.325515     2.6920      7.144   169.3299 1.1114e+03     5.8414     -0.040     -0.057    22.4607   997.6850 0.0000e+00
     -0.057     -0.056     6.1323    100.356     39.295  37.324735     2.7189      7.135   168.6255 5.9214e+02     5.8500     -0.064     -0.091    22.4719   997.6822 0.0000e+00
     -0.063     -0.041     6.1086    100.266     39.311  37.336118     2.7415      7.126   168.1141 3.1974e+02     5.8635     -0.063     -0.092    22.4865   997.6788 0.0000e+00
     -0.063     -0.020     6.0954    100.206     39.315  37.336189     2.7565      7.115   167.7074 2.7355e+02     5.8742     -0.060     -0.086    22.4958   997.6767 0.0000e+00
     -0.065      0.001     6.0871    100.190     39.311  37.325584     2.7877      7.104   167.1487 2.5682e+02     5.8810     -0.063     -0.091    22.4942   997.6770 0.0000e+00
     -0.066      0.015     6.0818    100.195     39.333  37.334837     2.8242      7.094   166.6074 2.5081e+02     5.8468     -0.068     -0.099    22.4870   997.6786 0.0000e+00
     -0.061      0.022     6.0766    100.180     39.329  37.321103     2.8425      7.087   166.1535 2.4397e+02     5.8215     -0.061     -0.090    22.4811   997.6801 0.0000e+00
     -0.049      0.025     6.0724    100.120     39.299  37.286464     2.8611      7.080   165.6181 2.3587e+02     5.8376     -0.047     -0.068    22.4808   997.6803 0.0000e+00
     -0.038      0.025     6.0730    100.023     39.312  37.296860     2.9026      7.075   164.5216 2.3091e+02     5.8440     -0.036     -0.053    22.4734   997.6820 0.0000e+00
     -0.028      0.020     6.0768     99.927     39.335  37.319846     2.9539      7.071   160.2953 2.2796e+02     5.8330     -0.027     -0.039    22.4531   997.6867 0.0000e+00
     -0.022      0.014     6.0780     99.884     39.325  37.310491     2.9783      7.069   156.5914 2.2690e+02     5.8367     -0.020     -0.028    22.4396   997.6898 0.0000e+00
     -0.022      0.009     6.0748     99.898     39.326  37.310698     2.9810      7.066   156.2196 2.3054e+02     5.8562     -0.020     -0.030    22.4330   997.6913 0.0000e+00
     -0.027      0.006     6.0689     99.937     39.339  37.322352     2.9858      7.060   155.7991 2.4324e+02     5.8716     -0.027     -0.041    22.4294   997.6922 0.0000e+00
     -0.029      0.006     6.0607     99.985     39.340  37.324445     2.9844      7.050   157.7020 2.7084e+02     5.8601     -0.031     -0.044    22.4321   997.6916 0.0000e+00
     -0.026      0.009     6.0581    100.029     39.350  37.335996     2.9818      7.037   157.0290 3.4482e+02     5.8146     -0.026     -0.038    22.4342   997.6910 0.0000e+00
     -0.021      0.012     6.0604    100.057     39.345  37.335070     2.9798      7.028   150.9325 4.5033e+02     5.7803     -0.021     -0.031    22.4324   997.6915 0.0000e+00
     -0.015      0.011     6.0628    100.065     39.320  37.313252     2.9784      7.024   146.9704 7.6131e+02     5.8053     -0.015     -0.023    22.4305   997.6920 0.0000e+00
     -0.010      0.002     6.0662    100.047     39.331  37.326103     2.9654      7.020   145.9475 1.1606e+03     5.7240     -0.010     -0.015    22.4317   997.6917 0.0000e+00
     -0.005     -0.011     6.0685     99.983     39.365  37.363499     2.9346      7.016   145.4481 1.3506e+03     5.4857     -0.005     -0.006    22.4353   997.6910 0.0000e+00
     -0.004     -0.021     6.0698     99.883     39.378  37.384567     2.9182      7.010   144.9767 1.5867e+03     5.3494      0.003      0.004    22.4400   997.6900 0.0000e+00
     -0.017     -0.024     6.0699     99.810     39.372  37.390431     2.9137      7.002   144.6357 1.7938e+03     5.3539     -0.010     -0.016    22.4435   997.6890 0.0000e+00
     -0.040     -0.019     6.0692     99.826     39.341  37.370931     2.8719      6.993   144.4217 1.8167e+03     5.5397     -0.044     -0.064    22.4449   997.6885 0.0000e+00
     -0.055     -0.004     6.0650     99.923     39.303  37.339236     2.7941      6.987   144.1102 1.8104e+03     5.8597     -0.061     -0.088    22.4496   997.6875 0.0000e+00
     -0.055      0.017     6.0557    100.060     39.293  37.324589     2.7536      6.983   143.7083 1.7975e+03     6.0117     -0.058     -0.084    22.4627   997.6844 0.0000e+00
     -0.040      0.043     6.0473    100.206     39.298  37.320771     2.7552      6.980   143.2626 1.7874e+03     6.0333     -0.043     -0.062    22.4790   997.6806 0.0000e+00
     -0.019      0.069     6.0474    100.354     39.282  37.293071     2.8227      6.977   142.9372 1.8030e+03     6.1212     -0.018     -0.027    22.4934   997.6774 0.0000e+00
      0.004      0.091     6.0534    100.479     39.249  37.243542     2.9626      6.971   142.8712 1.7986e+03     6.2550      0.004      0.005    22.5006   997.6758 0.0000e+00
      0.029      0.105     6.0635    100.520     39.259  37.229693     3.0416      6.963   142.8951 1.7520e+03     6.3065      0.027      0.041    22.4921   997.6779 0.0000e+00
      0.057      0.111     6.0738    100.441     39.304  37.252548     3.0501      6.956   142.8822 1.6240e+03     6.2857      0.053      0.077    22.4786   997.6812 0.0000e+00
      0.089      0.112     6.0844    100.278     39.325  37.265948     3.0826      6.951   142.8016 1.5814e+03     6.2985      0.087      0.127    22.4662   997.6843 0.0000e+00
      0.124      0.110     6.0965    100.082     39.322  37.264751     3.1301      6.947   142.6948 1.6204e+03     6.3297      0.125      0.182    22.4424   997.6899 0.0000e+00
      0.153      0.106     6.1042     99.885     39.295  37.238071     3.1482      6.944   142.7090 1.3947e+03     6.3356      0.152      0.220    22.4079   997.6980 0.0000e+00
      0.177      0.100     6.1017     99.732     39.266  37.197270     3.1545      6.940   142.8011 1.2203e+03     6.3047      0.174      0.252    22.3784   997.7049 0.0000e+00
      0.200      0.092     6.0909     99.614     39.242  37.152250     3.1626      6.938   142.8619 1.2462e+03     6.2510      0.197      0.286    22.3715   997.7066 0.0000e+00
      0.221      0.086     6.0784     99.509     39.192  37.074555     3.1775      6.936   143.0144 1.1064e+03     6.1777      0.217      0.314    22.3815   997.7044 0.0000e+00
      0.242      0.083     6.0638     99.453     39.177  37.019514     3.2123      6.934   143.3542 9.7290e+02     6.1065      0.238      0.344    22.3845   997.7038 0.0000e+00
      0.263      0.083     6.0574     99.469     39.195  36.994487     3.2366      6.929   143.7867 1.0739e+03     6.0781      0.257      0.373    22.3645   997.7085 0.0000e+00
      0.284      0.085     6.0553     99.562     39.194  36.962314     3.2380      6.924   144.2852 1.1053e+03     6.0646      0.278      0.403    22.3350   997.7154 0.0000e+00
      0.304      0.089     6.0507     99.712     39.204  36.947843     3.2636      6.919   144.9938 1.0266e+03     6.1389      0.299      0.433    22.3009   997.7232 0.0000e+00
      0.325      0.095     6.0542     99.881     39.224  36.946425     3.3210      6.914   145.7295 9.2842e+02     6.3541      0.316      0.459    22.2416   997.7370 0.0000e+00
      0.349      0.102     6.0619    100.059     39.239  36.945149     3.3507      6.911   146.0393 7.0815e+02     6.5362      0.341      0.495    22.1801   997.7511 0.0000e+00
      0.376      0.107     6.0723    100.254     39.238  36.932392     3.3542      6.909   146.0732 5.5622e+02     6.5716      0.369      0.534    22.1431   997.7596 0.0000e+00
      0.406      0.107     6.0861    100.485     39.233  36.919113     3.3975      6.908   146.1389 5.2616e+02     6.4211      0.396      0.574    22.1167   997.7658 0.0000e+00
