Data/DataNotYetUploadedToEDI/Raw_CTD/2019_RawDownloads/102319_fcr45.cnv
* Sea-Bird SBE19plus  Data File:
* FileName = C:\DATA\102319_fcr_0004.hex
* Software version 2.8.0.119 SB_Terminal.dll
* Temperature SN = 7809
* Conductivity SN = 7809
* System UpLoad Time = Oct 23 2019 15:56:36
* <ApplicationData>
* <Seaterm232>
# nquan = 16
# nvalues = 910                         
# units = specified
# name 0 = depFM: Depth [fresh water, m]
# name 1 = dz/dtM: Descent Rate [m/s]
# name 2 = sbeox0ML/L: Oxygen, SBE 43 [ml/l]
# name 3 = sbeox0PS: Oxygen, SBE 43 [% saturation]
# name 4 = specc: Specific Conductance [uS/cm]
# name 5 = c0uS/cm: Conductivity [uS/cm]
# name 6 = flECO-AFL: Fluorescence, WET Labs ECO-AFL/FL [mg/m^3]
# name 7 = ph: pH
# name 8 = orp: Oxidation Reduction Potential [mV]
# name 9 = par/sat/log: PAR/Logarithmic, Satlantic
# name 10 = turbWETntu0: Turbidity, WET Labs ECO [NTU]
# name 11 = prdM: Pressure, Strain Gauge [db]
# name 12 = prdE: Pressure, Strain Gauge [psi]
# name 13 = tv290C: Temperature [ITS-90, deg C]
# name 14 = density00: Density [density, kg/m^3]
# name 15 = flag:  0.000e+00
# span 0 =     -0.228,      6.494       
# span 1 =     -0.029,      0.167       
# span 2 =     2.8311,     7.0708       
# span 3 =     38.940,     99.788       
# span 4 =     40.572,     59.660       
# span 5 =  32.134448,  46.065626       
# span 6 =     0.2185,     3.5012       
# span 7 =      6.432,      7.490       
# span 8 =   281.9183,   318.5052       
# span 9 = 1.2357e-01, 1.2958e+03       
# span 10 =     4.6585,    14.5834      
# span 11 =     -0.238,      6.369      
# span 12 =     -0.346,      9.237      
# span 13 =    13.6002,    14.8982      
# span 14 =   999.1342,   999.3542      
# span 15 = 0.0000e+00, 0.0000e+00      
# interval = seconds: 0.25
# start_time = Oct 23 2019 11:26:01 [Instrument's time stamp, header]
# bad_flag = -9.990e-29
*END*
[from data line 272]
      1.432      0.055     6.0233     84.590     40.730  32.215645     2.7587      6.990   286.6837 5.0005e+01     9.4423      1.405      2.038    14.5537   999.1914 0.0000e+00
      1.447      0.056     6.0261     84.539     40.734  32.216946     2.7857      6.987   286.6132 4.8530e+01     9.6330      1.419      2.059    14.5521   999.1917 0.0000e+00
      1.462      0.054     6.0295     84.448     40.693  32.182594     2.7910      6.985   286.5279 4.7134e+01     9.7110      1.433      2.078    14.5501   999.1920 0.0000e+00
      1.477      0.049     6.0305     84.308     40.692  32.181057     2.8046      6.984   286.5987 4.5682e+01     9.5650      1.449      2.102    14.5474   999.1925 0.0000e+00
      1.491      0.043     6.0270     84.158     40.715  32.198367     2.8301      6.983   286.6091 4.4637e+01     9.2119      1.463      2.124    14.5445   999.1930 0.0000e+00
      1.500      0.036     6.0251     83.995     40.720  32.201501     2.8386      6.983   286.5673 4.4054e+01     9.0469      1.472      2.135    14.5417   999.1935 0.0000e+00
      1.507      0.028     6.0197     83.796     40.742  32.218949     2.8291      6.984   286.5233 4.3513e+01     9.0448      1.477      2.143    14.5399   999.1938 0.0000e+00
      1.512      0.022     6.0074     83.593     40.742  32.218947     2.8279      6.985   286.5074 4.3021e+01     9.0221      1.484      2.152    14.5387   999.1941 0.0000e+00
      1.517      0.018     5.9975     83.430     40.720  32.201485     2.8599      6.984   286.4619 4.2703e+01     9.0679      1.489      2.161    14.5377   999.1942 0.0000e+00
      1.519      0.016     5.9875     83.307     40.716  32.198195     2.8954      6.984   286.4025 4.2444e+01     9.1723      1.490      2.162    14.5370   999.1942 0.0000e+00
      1.520      0.015     5.9719     83.228     40.691  32.179170     2.9014      6.984   286.3918 4.2095e+01     9.2363      1.490      2.161    14.5362   999.1944 0.0000e+00
      1.525      0.015     5.9559     83.208     40.669  32.161835     2.8970      6.984   286.3326 4.1663e+01     9.2513      1.494      2.167    14.5362   999.1944 0.0000e+00
      1.531      0.016     5.9446     83.231     40.690  32.178984     2.8684      6.985   286.2889 4.1186e+01     9.1245      1.502      2.178    14.5366   999.1944 0.0000e+00
      1.536      0.018     5.9362     83.274     40.711  32.196134     2.8157      6.985   286.2941 4.0756e+01     8.8828      1.507      2.186    14.5369   999.1944 0.0000e+00
      1.539      0.018     5.9289     83.322     40.690  32.178814     2.7893      6.985   286.3092 4.0476e+01     8.7869      1.509      2.189    14.5373   999.1943 0.0000e+00
      1.543      0.018     5.9290     83.364     40.666  32.159946     2.8000      6.984   286.3865 4.0235e+01     8.8169      1.512      2.194    14.5379   999.1942 0.0000e+00
      1.548      0.018     5.9306     83.404     40.665  32.158385     2.8504      6.983   286.3677 4.0013e+01     8.8844      1.519      2.203    14.5384   999.1942 0.0000e+00
      1.553      0.019     5.9341     83.459     40.667  32.159936     2.9213      6.980   286.2538 3.9812e+01     9.0467      1.524      2.211    14.5386   999.1942 0.0000e+00
      1.558      0.022     5.9380     83.514     40.691  32.178699     2.9552      6.978   286.3008 3.9372e+01     9.1728      1.527      2.214    14.5384   999.1942 0.0000e+00
      1.563      0.025     5.9410     83.532     40.712  32.194859     2.9563      6.979   286.4192 3.8786e+01     9.1967      1.533      2.223    14.5381   999.1943 0.0000e+00
      1.570      0.028     5.9433     83.529     40.675  32.164957     2.9433      6.980   286.3939 3.8428e+01     9.2706      1.540      2.234    14.5372   999.1945 0.0000e+00
      1.577      0.031     5.9470     83.517     40.637  32.134448     2.9196      6.982   286.2532 3.8010e+01     9.4108      1.546      2.242    14.5365   999.1946 0.0000e+00
      1.585      0.034     5.9536     83.487     40.648  32.143282     2.9040      6.983   286.1811 3.7198e+01     9.4825      1.554      2.253    14.5363   999.1946 0.0000e+00
      1.595      0.037     5.9532     83.440     40.651  32.144842     2.9022      6.984   286.2101 3.6375e+01     9.4829      1.565      2.271    14.5362   999.1948 0.0000e+00
      1.605      0.039     5.9527     83.385     40.662  32.153315     2.9233      6.984   286.2601 3.5779e+01     9.5132      1.575      2.285    14.5356   999.1948 0.0000e+00
      1.615      0.041     5.9528     83.337     40.699  32.182265     2.9509      6.984   286.2701 3.5144e+01     9.6199      1.582      2.294    14.5350   999.1949 0.0000e+00
      1.625      0.041     5.9502     83.297     40.694  32.177569     2.9594      6.983   286.2440 3.4373e+01     9.7244      1.593      2.311    14.5346   999.1951 0.0000e+00
      1.637      0.039     5.9470     83.260     40.672  32.159995     2.9554      6.982   286.2880 3.3592e+01     9.7271      1.606      2.330    14.5343   999.1952 0.0000e+00
      1.649      0.036     5.9423     83.223     40.672  32.160166     2.9459      6.982   286.3728 3.2846e+01     9.6857      1.617      2.346    14.5342   999.1952 0.0000e+00
      1.660      0.032     5.9392     83.147     40.697  32.179643     2.9148      6.980   286.4086 3.2270e+01     9.6167      1.629      2.362    14.5336   999.1954 0.0000e+00
      1.667      0.028     5.9368     83.028     40.729  32.205103     2.8653      6.979   286.2910 3.1987e+01     9.5166      1.636      2.373    14.5327   999.1955 0.0000e+00
      1.670      0.025     5.9334     82.920     40.740  32.214161     2.8336      6.979   286.1550 3.1841e+01     9.4586      1.638      2.375    14.5324   999.1956 0.0000e+00
      1.674      0.023     5.9330     82.858     40.755  32.225701     2.8346      6.979   286.2277 3.1610e+01     9.4386      1.640      2.379    14.5322   999.1956 0.0000e+00
      1.679      0.023     5.9276     82.843     40.745  32.217706     2.8778      6.979   286.3095 3.1251e+01     9.5044      1.646      2.387    14.5321   999.1957 0.0000e+00
      1.686      0.024     5.9168     82.840     40.698  32.180961     2.9391      6.979   286.2827 3.0824e+01     9.5987      1.654      2.398    14.5323   999.1957 0.0000e+00
      1.694      0.026     5.9089     82.838     40.674  32.162171     2.9606      6.979   286.3343 3.0344e+01     9.5957      1.661      2.409    14.5327   999.1957 0.0000e+00
      1.701      0.028     5.9035     82.844     40.699  32.180904     2.9472      6.979   286.4173 2.9899e+01     9.5988      1.668      2.419    14.5329   999.1957 0.0000e+00
      1.707      0.029     5.9045     82.887     40.745  32.217079     2.9237      6.978   286.3395 2.9586e+01     9.6047      1.674      2.428    14.5329   999.1957 0.0000e+00
      1.713      0.030     5.9042     82.982     40.747  32.218794     2.9020      6.978   286.2545 2.9298e+01     9.5354      1.680      2.437    14.5328   999.1958 0.0000e+00
      1.721      0.031     5.9035     83.022     40.725  32.201643     2.9020      6.977   286.3358 2.8867e+01     9.4824      1.687      2.448    14.5326   999.1958 0.0000e+00
      1.731      0.032     5.9043     82.946     40.724  32.200085     2.9062      6.977   286.3759 2.8331e+01     9.4551      1.698      2.462    14.5323   999.1959 0.0000e+00
      1.740      0.032     5.9043     82.813     40.724  32.199958     2.8835      6.977   286.3091 2.7851e+01     9.5003      1.707      2.475    14.5321   999.1960 0.0000e+00
      1.748      0.032     5.9165     82.677     40.724  32.200102     2.8520      6.976   286.3036 2.7400e+01     9.6357      1.714      2.486    14.5318   999.1961 0.0000e+00
      1.757      0.030     5.9215     82.569     40.726  32.201832     2.8467      6.976   286.3085 2.6940e+01     9.6829      1.723      2.499    14.5315   999.1961 0.0000e+00
      1.764      0.027     5.9121     82.478     40.750  32.220870     2.8551      6.976   286.2826 2.6531e+01     9.6449      1.730      2.510    14.5311   999.1963 0.0000e+00
      1.771      0.024     5.9034     82.420     40.775  32.239908     2.8400      6.976   286.3346 2.6202e+01     9.4705      1.737      2.519    14.5308   999.1963 0.0000e+00
      1.777      0.021     5.8908     82.426     40.777  32.241638     2.8111      6.976   286.4206 2.6002e+01     9.1477      1.744      2.530    14.5307   999.1964 0.0000e+00
      1.781      0.019     5.8857     82.508     40.777  32.241781     2.8013      6.976   286.3771 2.5817e+01     8.9862      1.748      2.535    14.5306   999.1964 0.0000e+00
      1.785      0.018     5.8775     82.633     40.777  32.241640     2.7989      6.976   286.2376 2.5575e+01     8.9926      1.750      2.539    14.5307   999.1964 0.0000e+00
      1.789      0.020     5.8725     82.721     40.775  32.239933     2.7907      6.975   286.1962 2.5384e+01     8.9956      1.754      2.545    14.5308   999.1964 0.0000e+00
      1.793      0.024     5.8733     82.784     40.751  32.221141     2.7807      6.974   286.3076 2.5179e+01     9.1546      1.757      2.549    14.5306   999.1965 0.0000e+00
      1.798      0.029     5.8781     82.843     40.731  32.204807     2.7818      6.973   286.4657 2.4827e+01     9.4725      1.762      2.555    14.5305   999.1965 0.0000e+00
      1.806      0.033     5.8924     82.850     40.766  32.232829     2.7952      6.970   286.5592 2.4322e+01     9.6604      1.770      2.567    14.5304   999.1966 0.0000e+00
      1.817      0.035     5.8963     82.824     40.779  32.242649     2.7871      6.967   286.5781 2.3727e+01     9.6891      1.781      2.583    14.5304   999.1966 0.0000e+00
      1.830      0.035     5.8995     82.815     40.720  32.196624     2.7263      6.964   286.5211 2.3140e+01     9.6894      1.795      2.604    14.5305   999.1967 0.0000e+00
      1.842      0.033     5.9070     82.803     40.705  32.184022     2.6415      6.961   286.4727 2.2715e+01     9.6960      1.808      2.623    14.5303   999.1967 0.0000e+00
      1.849      0.029     5.9062     82.783     40.747  32.217207     2.6021      6.961   286.5095 2.2507e+01     9.7033      1.815      2.631    14.5303   999.1968 0.0000e+00
      1.854      0.024     5.9020     82.803     40.747  32.217090     2.6058      6.963   286.5357 2.2412e+01     9.7122      1.818      2.637    14.5301   999.1968 0.0000e+00
      1.857      0.021     5.9030     82.823     40.704  32.182607     2.6169      6.964   286.5309 2.2298e+01     9.7052      1.821      2.641    14.5298   999.1968 0.0000e+00
      1.860      0.020     5.9030     82.775     40.702  32.181046     2.6327      6.965   286.5374 2.2090e+01     9.6855      1.824      2.645    14.5297   999.1969 0.0000e+00
      1.865      0.021     5.8984     82.714     40.724  32.198213     2.6493      6.966   286.5294 2.1835e+01     9.7033      1.829      2.653    14.5297   999.1969 0.0000e+00
      1.871      0.022     5.9011     82.677     40.727  32.199787     2.6614      6.966   286.4336 2.1608e+01     9.7230      1.835      2.661    14.5295   999.1970 0.0000e+00
      1.878      0.025     5.9070     82.641     40.727  32.200072     2.6930      6.967   286.3260 2.1383e+01     9.6941      1.842      2.671    14.5293   999.1970 0.0000e+00
      1.884      0.027     5.8996     82.618     40.729  32.201659     2.7449      6.968   286.3463 2.1148e+01     9.6486      1.848      2.680    14.5291   999.1971 0.0000e+00
      1.890      0.029     5.8943     82.613     40.751  32.218982     2.7772      6.968   286.4204 2.0873e+01     9.6326      1.853      2.688    14.5287   999.1972 0.0000e+00
      1.898      0.029     5.8940     82.614     40.751  32.219138     2.7889      6.968   286.4482 2.0505e+01     9.6641      1.860      2.698    14.5284   999.1972 0.0000e+00
      1.907      0.028     5.8897     82.635     40.731  32.203546     2.7730      6.967   286.4249 2.0103e+01     9.6360      1.870      2.713    14.5281   999.1973 0.0000e+00
      1.916      0.027     5.8883     82.676     40.753  32.220840     2.7327      6.966   286.3965 1.9805e+01     9.5222      1.880      2.728    14.5279   999.1974 0.0000e+00
      1.923      0.027     5.8888     82.717     40.775  32.237860     2.7097      6.965   286.4481 1.9644e+01     9.4677      1.888      2.738    14.5278   999.1975 0.0000e+00
      1.928      0.027     5.8879     82.758     40.750  32.218956     2.7113      6.965   286.6190 1.9525e+01     9.4690      1.891      2.743    14.5277   999.1975 0.0000e+00
      1.932      0.029     5.8893     82.788     40.704  32.182654     2.7169      6.963   286.7427 1.9360e+01     9.4724      1.893      2.747    14.5277   999.1975 0.0000e+00
      1.937      0.034     5.8934     82.764     40.701  32.179689     2.7174      6.961   286.7382 1.9073e+01     9.6398      1.899      2.753    14.5280   999.1975 0.0000e+00
      1.945      0.039     5.8959     82.714     40.706  32.183110     2.7173      6.960   286.7370 1.8637e+01     9.9848      1.907      2.765    14.5283   999.1975 0.0000e+00
      1.958      0.044     5.8984     82.686     40.678  32.160558     2.7158      6.957   286.7281 1.8122e+01    10.1374      1.920      2.784    14.5284   999.1975 0.0000e+00
      1.974      0.045     5.9033     82.678     40.678  32.160858     2.7158      6.953   286.6311 1.7616e+01    10.0762      1.936      2.808    14.5286   999.1975 0.0000e+00
      1.989      0.043     5.9000     82.687     40.711  32.186728     2.7178      6.951   286.5110 1.7204e+01     9.9662      1.952      2.832    14.5287   999.1976 0.0000e+00
      2.001      0.039     5.8943     82.702     40.752  32.219508     2.7135      6.951   286.4805 1.6912e+01     9.7907      1.963      2.848    14.5282   999.1978 0.0000e+00
      2.009      0.036     5.8937     82.702     40.778  32.239899     2.7075      6.950   286.4338 1.6742e+01     9.7227      1.972      2.860    14.5278   999.1978 0.0000e+00
      2.013      0.033     5.8926     82.690     40.782  32.242886     2.7063      6.950   286.3769 1.6630e+01     9.7669      1.975      2.865    14.5276   999.1979 0.0000e+00
      2.018      0.032     5.8937     82.695     40.798  32.255627     2.6984      6.951   286.4801 1.6384e+01     9.8664      1.976      2.867    14.5275   999.1979 0.0000e+00
      2.027      0.033     5.8954     82.706     40.813  32.267034     2.6810      6.952   286.5635 1.6034e+01    10.0411      1.987      2.882    14.5274   999.1980 0.0000e+00
      2.039      0.036     5.8958     82.679     40.797  32.253885     2.6700      6.953   286.5251 1.5732e+01    10.1426      2.000      2.901    14.5273   999.1981 0.0000e+00
      2.049      0.038     5.8931     82.611     40.759  32.223561     2.6609      6.954   286.6183 1.5467e+01    10.1428      2.009      2.914    14.5270   999.1981 0.0000e+00
      2.059      0.039     5.8942     82.526     40.752  32.217698     2.6227      6.956   286.7436 1.5198e+01    10.0761      2.019      2.928    14.5268   999.1982 0.0000e+00
      2.068      0.037     5.8969     82.443     40.788  32.246450     2.5640      6.956   286.6629 1.4908e+01     9.9586      2.028      2.941    14.5265   999.1983 0.0000e+00
      2.078      0.032     5.8944     82.354     40.798  32.253898     2.5410      6.955   286.5899 1.4618e+01     9.8694      2.038      2.956    14.5262   999.1984 0.0000e+00
      2.088      0.027     5.8891     82.243     40.786  32.244294     2.5440      6.955   286.6346 1.4402e+01     9.8503      2.049      2.972    14.5260   999.1985 0.0000e+00
      2.095      0.021     5.8823     82.130     40.802  32.257246     2.5399      6.955   286.6014 1.4297e+01     9.8907      2.057      2.983    14.5256   999.1986 0.0000e+00
      2.098      0.016     5.8766     82.038     40.836  32.283580     2.5424      6.955   286.5329 1.4269e+01     9.9322      2.059      2.986    14.5253   999.1987 0.0000e+00
