Data/DataNotYetUploadedToEDI/Raw_CTD/2019_RawDownloads/102319_fcr45.cnv
* Sea-Bird SBE19plus  Data File:
* FileName = C:\DATA\102319_fcr_0004.hex
* Software version 2.8.0.119 SB_Terminal.dll
* Temperature SN = 7809
* Conductivity SN = 7809
* System UpLoad Time = Oct 23 2019 15:56:36
* <ApplicationData>
* <Seaterm232>
# nquan = 16
# nvalues = 910                         
# units = specified
# name 0 = depFM: Depth [fresh water, m]
# name 1 = dz/dtM: Descent Rate [m/s]
# name 2 = sbeox0ML/L: Oxygen, SBE 43 [ml/l]
# name 3 = sbeox0PS: Oxygen, SBE 43 [% saturation]
# name 4 = specc: Specific Conductance [uS/cm]
# name 5 = c0uS/cm: Conductivity [uS/cm]
# name 6 = flECO-AFL: Fluorescence, WET Labs ECO-AFL/FL [mg/m^3]
# name 7 = ph: pH
# name 8 = orp: Oxidation Reduction Potential [mV]
# name 9 = par/sat/log: PAR/Logarithmic, Satlantic
# name 10 = turbWETntu0: Turbidity, WET Labs ECO [NTU]
# name 11 = prdM: Pressure, Strain Gauge [db]
# name 12 = prdE: Pressure, Strain Gauge [psi]
# name 13 = tv290C: Temperature [ITS-90, deg C]
# name 14 = density00: Density [density, kg/m^3]
# name 15 = flag:  0.000e+00
# span 0 =     -0.228,      6.494       
# span 1 =     -0.029,      0.167       
# span 2 =     2.8311,     7.0708       
# span 3 =     38.940,     99.788       
# span 4 =     40.572,     59.660       
# span 5 =  32.134448,  46.065626       
# span 6 =     0.2185,     3.5012       
# span 7 =      6.432,      7.490       
# span 8 =   281.9183,   318.5052       
# span 9 = 1.2357e-01, 1.2958e+03       
# span 10 =     4.6585,    14.5834      
# span 11 =     -0.238,      6.369      
# span 12 =     -0.346,      9.237      
# span 13 =    13.6002,    14.8982      
# span 14 =   999.1342,   999.3542      
# span 15 = 0.0000e+00, 0.0000e+00      
# interval = seconds: 0.25
# start_time = Oct 23 2019 11:26:01 [Instrument's time stamp, header]
# bad_flag = -9.990e-29
*END*
[from data line 633]
      3.958      0.043     5.7602     81.072     40.755  32.197920     3.4633      6.927   287.4885 4.6521e-01    10.3511      3.881      5.629    14.4989   999.2110 0.0000e+00
      3.968      0.043     5.7607     81.104     40.736  32.182576     3.4473      6.927   287.5355 4.4406e-01    10.3563      3.890      5.641    14.4989   999.2110 0.0000e+00
      3.981      0.043     5.7698     81.099     40.760  32.199778     3.4414      6.927   287.5208 4.2979e-01    10.3353      3.903      5.661    14.4989   999.2111 0.0000e+00
      3.997      0.043     5.7785     81.063     40.782  32.215526     3.4267      6.927   287.4832 4.1977e-01    10.0639      3.921      5.686    14.4989   999.2112 0.0000e+00
      4.010      0.042     5.7832     81.018     40.822  32.246063     3.3734      6.928   287.4243 4.0459e-01     9.5661      3.935      5.707    14.4986   999.2113 0.0000e+00
      4.019      0.039     5.7858     80.978     40.830  32.251688     3.3352      6.929   287.4115 3.9772e-01     9.2643      3.942      5.717    14.4976   999.2114 0.0000e+00
      4.025      0.036     5.7855     80.938     40.790  32.220080     3.3284      6.930   287.4135 4.0133e-01     9.2006      3.946      5.723    14.4962   999.2116 0.0000e+00
      4.033      0.032     5.7826     80.905     40.741  32.181189     3.3266      6.930   287.3627 3.9905e-01     9.2216      3.955      5.735    14.4944   999.2121 0.0000e+00
      4.042      0.030     5.7787     80.900     40.717  32.162229     3.3743      6.929   287.4000 3.8457e-01     9.3879      3.965      5.750    14.4929   999.2123 0.0000e+00
      4.051      0.029     5.7767     80.932     40.741  32.181215     3.4633      6.929   287.4348 3.7390e-01     9.6056      3.973      5.762    14.4922   999.2124 0.0000e+00
      4.059      0.030     5.7737     80.968     40.790  32.220369     3.5012      6.929   287.4384 3.7428e-01     9.6578      3.981      5.773    14.4914   999.2126 0.0000e+00
      4.064      0.032     5.7708     80.983     40.835  32.254864     3.4852      6.928   287.5300 3.7503e-01     9.6262      3.986      5.782    14.4912   999.2126 0.0000e+00
      4.068      0.036     5.7697     80.979     40.871  32.280991     3.3559      6.926   287.6815 3.6656e-01     9.5842      3.988      5.784    14.4910   999.2126 0.0000e+00
      4.076      0.039     5.7732     80.968     40.877  32.282422     3.1170      6.926   287.8080 3.4494e-01     9.4773      3.994      5.793    14.4914   999.2126 0.0000e+00
      4.090      0.042     5.7768     80.951     40.868  32.272169     2.9814      6.926   287.8547 3.2230e-01     9.4153      4.011      5.818    14.4922   999.2126 0.0000e+00
      4.106      0.045     5.7771     80.901     40.884  32.283938     2.9566      6.926   287.9019 3.1266e-01     9.4237      4.028      5.842    14.4916   999.2128 0.0000e+00
      4.118      0.046     5.7774     80.804     40.903  32.297795     2.8774      6.926   287.8633 3.0640e-01     9.3495      4.039      5.858    14.4886   999.2132 0.0000e+00
      4.128      0.045     5.7766     80.684     40.923  32.312786     2.7431      6.926   287.7314 2.9274e-01     9.1417      4.048      5.871    14.4836   999.2140 0.0000e+00
      4.138      0.043     5.7771     80.554     40.957  32.338274     2.6683      6.925   287.6836 2.7787e-01     9.0085      4.058      5.885    14.4793   999.2147 0.0000e+00
      4.149      0.042     5.7745     80.429     40.976  32.352131     2.6573      6.925   287.6298 2.7412e-01     9.0173      4.068      5.901    14.4779   999.2150 0.0000e+00
      4.159      0.042     5.7659     80.323     40.981  32.353402     2.6886      6.925   287.5108 2.7544e-01     9.1820      4.078      5.916    14.4776   999.2150 0.0000e+00
      4.169      0.043     5.7581     80.223     40.985  32.353633     2.7517      6.925   287.5366 2.7127e-01     9.4918      4.089      5.930    14.4762   999.2153 0.0000e+00
      4.180      0.045     5.7484     80.104     40.988  32.354924     2.7872      6.925   287.6831 2.6345e-01     9.6832      4.099      5.945    14.4748   999.2155 0.0000e+00
      4.193      0.048     5.7390     79.958     41.006  32.369012     2.7889      6.925   287.6476 2.5546e-01     9.7264      4.112      5.963    14.4729   999.2159 0.0000e+00
      4.205      0.053     5.7325     79.790     41.043  32.397033     2.7374      6.925   287.5375 2.5217e-01     9.7195      4.124      5.981    14.4699   999.2164 0.0000e+00
      4.216      0.058     5.7263     79.601     41.099  32.439882     2.6509      6.925   287.5564 2.4373e-01     9.6983      4.134      5.996    14.4665   999.2169 0.0000e+00
      4.231      0.061     5.7185     79.420     41.185  32.506332     2.6179      6.924   287.6179 2.3228e-01     9.6984      4.148      6.017    14.4651   999.2172 0.0000e+00
      4.250      0.062     5.7073     79.265     41.263  32.565858     2.6161      6.923   287.6791 2.2822e-01     9.7216      4.168      6.045    14.4651   999.2173 0.0000e+00
      4.270      0.061     5.6961     79.114     41.295  32.588453     2.5944      6.922   287.6939 2.2255e-01     9.7487      4.188      6.075    14.4640   999.2176 0.0000e+00
      4.287      0.059     5.6818     78.953     41.300  32.589134     2.5293      6.921   287.6243 2.1224e-01     9.7322      4.206      6.101    14.4625   999.2179 0.0000e+00
      4.301      0.054     5.6679     78.766     41.362  32.637559     2.4263      6.921   287.6127 2.1043e-01     9.7184      4.220      6.120    14.4607   999.2182 0.0000e+00
      4.312      0.049     5.6589     78.531     41.558  32.793177     2.3724      6.921   287.7249 2.1707e-01     9.7455      4.229      6.133    14.4583   999.2187 0.0000e+00
      4.323      0.045     5.6484     78.250     41.916  33.074526     2.3715      6.920   287.8619 2.0813e-01     9.7317      4.240      6.148    14.4536   999.2194 0.0000e+00
      4.333      0.042     5.6375     77.904     42.301  33.373884     2.3720      6.917   287.9797 1.8678e-01     9.4857      4.251      6.166    14.4495   999.2200 0.0000e+00
      4.343      0.042     5.6259     77.502     42.461  33.493357     2.3709      6.916   288.0304 1.7833e-01     9.0985      4.260      6.179    14.4495   999.2201 0.0000e+00
      4.353      0.042     5.6073     77.075     42.402  33.440179     2.3669      6.915   288.1304 1.6913e-01     8.9502      4.268      6.190    14.4514   999.2199 0.0000e+00
      4.365      0.042     5.5888     76.533     42.312  33.365540     2.3579      6.913   288.3287 1.5320e-01     9.0031      4.280      6.208    14.4524   999.2199 0.0000e+00
      4.379      0.041     5.5647     75.735     42.296  33.352469     2.2972      6.910   288.4486 1.4950e-01     8.9516      4.295      6.229    14.4478   999.2208 0.0000e+00
      4.389      0.041     5.5342     74.597     42.367  33.409066     2.1792      6.907   288.5477 1.5320e-01     8.8196      4.305      6.243    14.4361   999.2226 0.0000e+00
      4.398      0.041     5.5088     73.152     42.537  33.542136     2.1182      6.903   288.6673 1.6154e-01     8.7828      4.313      6.255    14.4262   999.2241 0.0000e+00
      4.407      0.040     5.4744     71.583     42.731  33.692111     2.1320      6.898   288.7760 1.6417e-01     8.7696      4.322      6.269    14.4233   999.2245 0.0000e+00
      4.416      0.038     5.4195     70.121     42.826  33.762707     2.1373      6.893   288.9155 1.5044e-01     8.7251      4.330      6.280    14.4240   999.2244 0.0000e+00
      4.427      0.036     5.3378     68.884     42.829  33.761057     2.1217      6.889   288.9776 1.4025e-01     8.7032      4.341      6.297    14.4249   999.2243 0.0000e+00
      4.439      0.033     5.2292     67.877     42.799  33.735627     2.1086      6.886   289.0102 1.4244e-01     8.7351      4.355      6.316    14.4247   999.2245 0.0000e+00
      4.448      0.029     5.1108     67.073     42.767  33.709088     2.0999      6.884   289.0516 1.4651e-01     8.7829      4.363      6.329    14.4212   999.2251 0.0000e+00
      4.453      0.025     5.0037     66.388     42.749  33.694038     2.0518      6.883   289.0476 1.4350e-01     8.7239      4.367      6.334    14.4143   999.2262 0.0000e+00
      4.456      0.021     4.9177     65.813     42.814  33.744048     1.9523      6.881   288.9617 1.3707e-01     8.6119      4.370      6.338    14.4095   999.2269 0.0000e+00
      4.460      0.018     4.8445     65.418     42.975  33.869503     1.8846      6.878   288.7872 1.3607e-01     8.5420      4.374      6.345    14.4080   999.2271 0.0000e+00
      4.464      0.018     4.7912     65.141     43.150  34.005053     1.8745      6.877   288.7455 1.3491e-01     8.5355      4.378      6.351    14.4070   999.2272 0.0000e+00
      4.469      0.019     4.7438     64.892     43.295  34.113651     1.8647      6.876   288.8874 1.3796e-01     8.5651      4.381      6.355    14.4051   999.2275 0.0000e+00
      4.475      0.021     4.6970     64.678     43.371  34.167091     1.7920      6.875   289.0399 1.4879e-01     8.4743      4.387      6.363    14.4035   999.2278 0.0000e+00
      4.482      0.023     4.6729     64.501     43.430  34.206916     1.6810      6.874   289.0414 1.4874e-01     8.3220      4.396      6.375    14.4034   999.2279 0.0000e+00
      4.487      0.025     4.6564     64.289     43.529  34.277829     1.6316      6.873   288.9050 1.4198e-01     8.2965      4.400      6.381    14.4008   999.2283 0.0000e+00
      4.492      0.026     4.6378     63.970     43.599  34.326350     1.6286      6.873   288.7666 1.3913e-01     8.3307      4.403      6.386    14.3939   999.2294 0.0000e+00
      4.499      0.026     4.6229     63.500     43.637  34.349296     1.6012      6.873   288.7447 1.3537e-01     8.3756      4.412      6.399    14.3853   999.2307 0.0000e+00
      4.508      0.025     4.6138     62.874     43.662  34.364856     1.5606      6.873   288.8136 1.4134e-01     8.4459      4.421      6.413    14.3778   999.2318 0.0000e+00
      4.515      0.025     4.6007     62.113     43.695  34.387551     1.5451      6.872   288.9113 1.4983e-01     8.4924      4.428      6.423    14.3712   999.2329 0.0000e+00
      4.521      0.026     4.5802     61.286     43.756  34.433293     1.5448      6.871   289.0651 1.4111e-01     8.4780      4.434      6.431    14.3626   999.2342 0.0000e+00
      4.526      0.029     4.5473     60.499     43.810  34.473647     1.4793      6.869   289.2111 1.2872e-01     8.1409      4.438      6.436    14.3546   999.2353 0.0000e+00
      4.531      0.033     4.5024     59.804     43.920  34.558132     1.3416      6.868   289.2986 1.2460e-01     7.5299      4.442      6.443    14.3492   999.2361 0.0000e+00
      4.538      0.040     4.4474     59.212     44.259  34.820104     1.2583      6.866   289.3490 1.2454e-01     7.1871      4.449      6.453    14.3454   999.2367 0.0000e+00
      4.549      0.049     4.3841     58.745     44.709  35.165842     1.2436      6.863   289.5628 1.2539e-01     7.0757      4.459      6.467    14.3433   999.2371 0.0000e+00
      4.564      0.058     4.3272     58.414     44.992  35.374546     1.1387      6.859   290.0765 1.2482e-01     6.5105      4.474      6.490    14.3422   999.2373 0.0000e+00
      4.581      0.064     4.2779     58.198     45.176  35.502886     0.9437      6.854   290.6562 1.2395e-01     5.5310      4.491      6.514    14.3396   999.2377 0.0000e+00
      4.600      0.069     4.2352     58.055     45.365  35.638562     0.8448      6.847   291.1513 1.2377e-01     4.9669      4.511      6.541    14.3349   999.2386 0.0000e+00
      4.620      0.072     4.2017     57.871     45.515  35.745559     0.8359      6.840   291.5890 1.2376e-01     4.8678      4.531      6.572    14.3267   999.2401 0.0000e+00
      4.639      0.073     4.1812     57.583     45.652  35.844490     0.8013      6.833   291.9039 1.2375e-01     4.8243      4.550      6.599    14.3091   999.2428 0.0000e+00
      4.657      0.072     4.1669     57.226     45.792  35.946117     0.7475      6.825   292.1198 1.2374e-01     4.7683      4.567      6.624    14.2887   999.2459 0.0000e+00
      4.674      0.069     4.1621     56.762     45.900  36.022237     0.7230      6.818   292.3069 1.2374e-01     4.7478      4.584      6.648    14.2750   999.2479 0.0000e+00
      4.692      0.066     4.1531     56.177     45.966  36.066640     0.7212      6.813   292.4451 1.2376e-01     4.7406      4.601      6.673    14.2646   999.2495 0.0000e+00
      4.711      0.063     4.1287     55.552     46.017  36.102142     0.7169      6.809   292.4996 1.2374e-01     4.7147      4.620      6.701    14.2543   999.2511 0.0000e+00
      4.727      0.060     4.1076     54.936     46.062  36.134120     0.7149      6.804   292.5365 1.2370e-01     4.7292      4.637      6.724    14.2451   999.2526 0.0000e+00
      4.741      0.055     4.0756     54.356     46.067  36.135918     0.7138      6.801   292.6321 1.2371e-01     4.7519      4.649      6.743    14.2357   999.2540 0.0000e+00
      4.754      0.049     4.0310     53.858     46.055  36.123881     0.7131      6.800   292.7091 1.2376e-01     4.7274      4.662      6.762    14.2271   999.2553 0.0000e+00
      4.767      0.043     3.9857     53.452     46.046  36.115513     0.7144      6.797   292.7801 1.2380e-01     4.6939      4.676      6.781    14.2228   999.2560 0.0000e+00
      4.778      0.036     3.9418     53.137     46.024  36.098214     0.7042      6.794   292.8882 1.2380e-01     4.6756      4.686      6.797    14.2203   999.2564 0.0000e+00
      4.787      0.029     3.8980     52.940     46.032  36.105146     0.6851      6.792   292.9833 1.2374e-01     4.6700      4.694      6.809    14.2173   999.2569 0.0000e+00
      4.793      0.024     3.8627     52.835     46.071  36.135853     0.6745      6.792   292.9835 1.2364e-01     4.6915      4.702      6.819    14.2145   999.2573 0.0000e+00
      4.796      0.019     3.8348     52.791     46.091  36.152124     0.6701      6.792   292.9775 1.2361e-01     4.6743      4.705      6.824    14.2131   999.2575 0.0000e+00
      4.798      0.017     3.8095     52.797     46.122  36.174933     0.6675      6.793   293.1685 1.2361e-01     4.6585      4.705      6.824    14.2129   999.2575 0.0000e+00
      4.801      0.020     3.7976     52.854     46.183  36.221215     0.6602      6.793   293.4005 1.2357e-01     4.7624      4.708      6.829    14.2134   999.2575 0.0000e+00
      4.805      0.026     3.7901     52.938     46.246  36.267400     0.6515      6.792   293.6314 1.2362e-01     4.8816      4.711      6.832    14.2148   999.2573 0.0000e+00
      4.811      0.034     3.7876     53.027     46.277  36.289039     0.6494      6.791   293.8946 1.2372e-01     4.9204      4.715      6.839    14.2155   999.2572 0.0000e+00
      4.821      0.043     3.7873     53.102     46.284  36.292429     0.6334      6.790   294.0885 1.2376e-01     4.9687      4.727      6.855    14.2142   999.2575 0.0000e+00
      4.835      0.052     3.7930     53.141     46.308  36.308383     0.6063      6.787   294.4263 1.2376e-01     5.0724      4.740      6.875    14.2114   999.2580 0.0000e+00
      4.850      0.059     3.7999     53.154     46.370  36.354982     0.5988      6.783   294.7954 1.2375e-01     5.1244      4.755      6.897    14.2083   999.2585 0.0000e+00
      4.868      0.065     3.8060     53.138     46.445  36.411535     0.6036      6.780   294.9377 1.2374e-01     5.1391      4.775      6.925    14.2052   999.2590 0.0000e+00
      4.885      0.068     3.8139     53.075     46.462  36.420890     0.5948      6.777   295.1142 1.2374e-01     5.2826      4.792      6.949    14.2022   999.2595 0.0000e+00
      4.901      0.068     3.8149     52.964     46.446  36.404619     0.5706      6.774   295.3805 1.2371e-01     5.5162      4.805      6.968    14.1996   999.2599 0.0000e+00
      4.921      0.066     3.8171     52.829     46.450  36.405216     0.5533      6.772   295.4900 1.2365e-01     5.6376      4.824      6.996    14.1975   999.2604 0.0000e+00
