Data/DataNotYetUploadedToEDI/Raw_CTD/2019_RawDownloads/102319_fcr10.cnv
* Sea-Bird SBE19plus  Data File:
* FileName = C:\DATA\102319_fcr_0001.hex
* Software version 2.8.0.119 SB_Terminal.dll
* Temperature SN = 7809
* Conductivity SN = 7809
* System UpLoad Time = Oct 23 2019 15:55:40
* <ApplicationData>
* <Seaterm232>
# nquan = 16
# nvalues = 214                         
# units = specified
# name 0 = depFM: Depth [fresh water, m]
# name 1 = dz/dtM: Descent Rate [m/s]
# name 2 = sbeox0ML/L: Oxygen, SBE 43 [ml/l]
# name 3 = sbeox0PS: Oxygen, SBE 43 [% saturation]
# name 4 = specc: Specific Conductance [uS/cm]
# name 5 = c0uS/cm: Conductivity [uS/cm]
# name 6 = flECO-AFL: Fluorescence, WET Labs ECO-AFL/FL [mg/m^3]
# name 7 = ph: pH
# name 8 = orp: Oxidation Reduction Potential [mV]
# name 9 = par/sat/log: PAR/Logarithmic, Satlantic
# name 10 = turbWETntu0: Turbidity, WET Labs ECO [NTU]
# name 11 = prdM: Pressure, Strain Gauge [db]
# name 12 = prdE: Pressure, Strain Gauge [psi]
# name 13 = tv290C: Temperature [ITS-90, deg C]
# name 14 = density00: Density [density, kg/m^3]
# name 15 = flag:  0.000e+00
# span 0 =     -0.560,      2.310       
# span 1 =     -0.003,      0.189       
# span 2 =     4.4016,     7.2280       
# span 3 =     61.541,    100.799       
# span 4 =     27.394,     42.243       
# span 5 =  21.341949,  33.273047       
# span 6 =    -0.2041,     4.2041       
# span 7 =      7.469,      8.765       
# span 8 =   193.5921,   287.4376       
# span 9 = 9.8338e+00, 1.3127e+03       
# span 10 =    -4.7896,     9.0479      
# span 11 =     -0.551,      2.266      
# span 12 =     -0.800,      3.286      
# span 13 =    13.7969,    14.3812      
# span 14 =   999.2107,   999.2780      
# span 15 = 0.0000e+00, 0.0000e+00      
# interval = seconds: 0.25
# start_time = Oct 23 2019 10:45:48 [Instrument's time stamp, header]
# bad_flag = -9.990e-29
*END*
[from data line 91]
      0.120      0.038     4.5449     62.486     41.776  32.868815     1.6723      8.231   196.8118 7.7590e+02     7.6480      0.114      0.166    14.3434   999.2161 0.0000e+00
      0.130      0.051     4.5259     62.385     41.727  32.829585     1.6622      8.215   196.1450 7.3828e+02     8.0781      0.121      0.175    14.3418   999.2164 0.0000e+00
      0.150      0.062     4.5085     62.390     41.691  32.802848     1.6638      8.189   195.7324 7.0627e+02     8.3190      0.147      0.213    14.3411   999.2166 0.0000e+00
      0.175      0.067     4.4858     62.457     41.684  32.799387     1.6749      8.153   195.3514 6.7452e+02     8.3646      0.174      0.253    14.3397   999.2169 0.0000e+00
      0.197      0.064     4.4693     62.534     41.667  32.787732     1.7018      8.120   194.8933 5.7844e+02     8.3680      0.192      0.278    14.3349   999.2176 0.0000e+00
      0.216      0.055     4.4628     62.591     41.667  32.788865     1.7553      8.097   194.4955 4.9534e+02     8.3268      0.215      0.312    14.3341   999.2178 0.0000e+00
      0.230      0.043     4.4639     62.591     41.697  32.813095     1.7919      8.089   194.1558 4.9191e+02     8.3261      0.230      0.334    14.3371   999.2174 0.0000e+00
      0.234      0.033     4.4704     62.510     41.715  32.826836     1.8145      8.095   193.7965 4.8137e+02     8.3594      0.231      0.335    14.3389   999.2172 0.0000e+00
      0.235      0.029     4.4756     62.338     41.718  32.828084     1.9684      8.111   193.5933 4.9487e+02     8.2376      0.229      0.333    14.3412   999.2169 0.0000e+00
      0.238      0.032     4.4810     62.094     41.718  32.828189     2.2398      8.129   193.5921 5.4284e+02     7.9672      0.232      0.337    14.3435   999.2166 0.0000e+00
      0.243      0.042     4.4813     61.832     41.718  32.828095     2.3818      8.140   193.6947 5.4899e+02     7.8422      0.237      0.344    14.3442   999.2165 0.0000e+00
      0.253      0.055     4.4762     61.629     41.717  32.826942     2.3948      8.141   193.8884 5.8609e+02     7.8741      0.244      0.355    14.3435   999.2166 0.0000e+00
      0.270      0.066     4.4632     61.541     41.702  32.814249     2.4999      8.132   193.9558 6.0055e+02     8.0582      0.262      0.381    14.3422   999.2168 0.0000e+00
      0.295      0.072     4.4448     61.576     41.690  32.801555     2.6991      8.117   193.8205 4.8434e+02     8.3642      0.290      0.420    14.3415   999.2171 0.0000e+00
      0.321      0.072     4.4235     61.709     41.691  32.800382     2.8100      8.099   193.8018 3.6227e+02     8.4926      0.317      0.460    14.3419   999.2172 0.0000e+00
      0.343      0.069     4.4074     61.847     41.691  32.800057     2.8256      8.088   193.9868 3.0579e+02     8.4640      0.339      0.492    14.3422   999.2173 0.0000e+00
      0.357      0.065     4.4016     61.908     41.688  32.797636     2.8443      8.087   194.2513 2.9350e+02     8.4117      0.353      0.511    14.3408   999.2175 0.0000e+00
      0.366      0.064     4.4042     61.908     41.657  32.771097     2.8802      8.089   194.5903 3.3602e+02     8.3518      0.360      0.523    14.3360   999.2182 0.0000e+00
      0.376      0.068     4.4173     61.887     41.611  32.733029     2.9042      8.086   194.9886 3.9493e+02     8.3292      0.365      0.530    14.3323   999.2188 0.0000e+00
      0.392      0.077     4.4299     61.853     41.591  32.718134     2.9002      8.080   195.3673 3.8914e+02     8.3347      0.380      0.551    14.3334   999.2187 0.0000e+00
      0.416      0.090     4.4330     61.819     41.590  32.717914     2.9013      8.073   195.6423 3.3328e+02     8.3535      0.408      0.594    14.3341   999.2187 0.0000e+00
      0.443      0.101     4.4318     61.837     41.606  32.730373     3.0215      8.063   195.8180 2.9523e+02     8.4581      0.434      0.629    14.3305   999.2193 0.0000e+00
      0.472      0.108     4.4310     61.963     41.623  32.741850     3.2526      8.050   195.9421 2.7335e+02     8.6496      0.461      0.667    14.3278   999.2198 0.0000e+00
      0.504      0.107     4.4280     62.208     41.612  32.729756     3.3811      8.036   196.0253 2.4608e+02     8.7344      0.495      0.718    14.3293   999.2199 0.0000e+00
      0.536      0.100     4.4243     62.542     41.592  32.711067     3.3871      8.027   196.1358 2.1893e+02     8.6971      0.528      0.765    14.3306   999.2198 0.0000e+00
      0.564      0.091     4.4235     62.899     41.506  32.642797     3.4288      8.025   196.3305 2.0251e+02     8.5592      0.556      0.806    14.3305   999.2199 0.0000e+00
      0.584      0.082     4.4328     63.257     41.295  32.475471     3.5208      8.027   196.5729 1.9299e+02     8.3128      0.576      0.835    14.3287   999.2203 0.0000e+00
      0.597      0.077     4.4515     63.725     41.129  32.337937     3.5724      8.026   196.8294 1.8524e+02     8.1430      0.586      0.849    14.3233   999.2211 0.0000e+00
      0.610      0.076     4.4777     64.529     41.115  32.312563     3.5664      8.021   197.1093 1.7739e+02     8.1112      0.596      0.864    14.3193   999.2216 0.0000e+00
      0.629      0.079     4.5050     65.960     41.117  32.295582     3.4575      8.015   197.2902 1.6889e+02     7.9943      0.616      0.893    14.3202   999.2217 0.0000e+00
      0.651      0.085     4.5267     68.150     41.093  32.259521     3.2615      8.010   197.2950 1.6096e+02     7.7448      0.638      0.925    14.3210   999.2215 0.0000e+00
      0.676      0.091     4.5564     70.940     41.108  32.257293     3.1555      8.005   197.2536 1.5311e+02     7.6192      0.661      0.960    14.3137   999.2227 0.0000e+00
      0.702      0.094     4.6063     73.997     41.134  32.268631     3.1646      8.000   197.3061 1.4529e+02     7.6219      0.688      1.000    14.2939   999.2256 0.0000e+00
      0.728      0.095     4.7070     76.970     41.143  32.269672     3.4321      7.995   197.5853 1.3782e+02     7.7115      0.714      1.036    14.2679   999.2294 0.0000e+00
      0.753      0.093     4.8721     79.552     41.150  32.269870     3.9361      7.986   197.9631 1.3060e+02     7.9163      0.739      1.071    14.2458   999.2326 0.0000e+00
      0.776      0.088     5.0825     81.487     41.158  32.271024     4.2041      7.976   198.1736 1.2454e+02     8.0670      0.763      1.105    14.2303   999.2349 0.0000e+00
      0.798      0.082     5.3130     82.658     41.182  32.283613     4.2011      7.970   198.2377 1.1985e+02     8.0911      0.782      1.134    14.2190   999.2367 0.0000e+00
      0.818      0.077     5.5336     83.106     41.204  32.295162     3.9791      7.963   198.2221 1.1655e+02     8.0446      0.803      1.164    14.2114   999.2378 0.0000e+00
      0.838      0.071     5.7273     82.974     41.195  32.283730     3.5652      7.953   198.1568 1.1461e+02     7.9635      0.824      1.194    14.2068   999.2385 0.0000e+00
      0.855      0.065     5.8700     82.501     41.185  32.272297     3.3321      7.943   198.1365 1.1280e+02     7.8643      0.838      1.216    14.2001   999.2396 0.0000e+00
      0.870      0.059     5.9533     81.900     41.203  32.283845     3.3106      7.938   198.2353 1.1005e+02     7.7952      0.851      1.235    14.1917   999.2408 0.0000e+00
      0.886      0.056     5.9838     81.265     41.219  32.296432     3.3145      7.937   198.4047 1.0762e+02     7.8162      0.870      1.262    14.1853   999.2418 0.0000e+00
      0.899      0.057     5.9673     80.657     41.220  32.297567     3.2837      7.937   198.4638 1.0611e+02     7.8562      0.884      1.282    14.1802   999.2426 0.0000e+00
      0.908      0.062     5.9280     80.136     41.219  32.297566     3.2243      7.933   198.4339 1.0417e+02     7.8849      0.888      1.289    14.1757   999.2433 0.0000e+00
      0.920      0.071     5.8840     79.687     41.217  32.296422     3.1941      7.925   198.5590 1.0114e+02     7.9345      0.899      1.304    14.1730   999.2437 0.0000e+00
      0.938      0.080     5.8372     79.284     41.202  32.283731     3.1879      7.914   198.7722 9.7183e+01     7.9319      0.918      1.331    14.1727   999.2438 0.0000e+00
      0.962      0.087     5.7907     78.962     41.186  32.271036     3.1405      7.904   198.8607 9.2571e+01     7.9186      0.942      1.366    14.1735   999.2438 0.0000e+00
      0.991      0.093     5.7543     78.732     41.186  32.269859     3.0536      7.895   198.9410 8.7708e+01     8.0032      0.972      1.410    14.1745   999.2438 0.0000e+00
      1.021      0.096     5.7238     78.566     41.187  32.269504     3.0048      7.887   199.1398 8.3798e+01     8.1028      1.004      1.456    14.1745   999.2440 0.0000e+00
      1.045      0.095     5.6925     78.434     41.186  32.266739     3.0014      7.881   199.2858 8.1323e+01     8.1398      1.028      1.491    14.1739   999.2442 0.0000e+00
      1.065      0.090     5.6694     78.324     41.150  32.236415     3.0036      7.877   199.2440 7.8681e+01     8.2206      1.043      1.512    14.1732   999.2443 0.0000e+00
      1.086      0.085     5.6540     78.244     41.130  32.220156     2.9974      7.873   199.2370 7.5358e+01     8.3925      1.065      1.543    14.1728   999.2445 0.0000e+00
      1.110      0.083     5.6431     78.193     41.183  32.260540     2.9953      7.864   199.4581 7.2492e+01     8.4807      1.091      1.581    14.1710   999.2448 0.0000e+00
      1.131      0.083     5.6346     78.150     41.208  32.280460     3.0047      7.850   199.6804 7.0247e+01     8.4682      1.110      1.610    14.1681   999.2454 0.0000e+00
      1.148      0.084     5.6261     78.110     41.196  32.270629     3.0155      7.837   199.7739 6.7946e+01     8.5022      1.126      1.633    14.1658   999.2458 0.0000e+00
      1.168      0.084     5.6206     78.068     41.194  32.268601     3.0216      7.825   199.9874 6.5229e+01     8.5313      1.144      1.660    14.1646   999.2460 0.0000e+00
      1.192      0.083     5.6180     78.000     41.179  32.255934     3.0173      7.811   200.1961 6.2558e+01     8.4927      1.170      1.697    14.1642   999.2462 0.0000e+00
      1.216      0.079     5.6149     77.925     41.166  32.244389     3.0156      7.797   200.2322 6.0278e+01     8.4615      1.194      1.731    14.1642   999.2463 0.0000e+00
      1.237      0.074     5.6114     77.856     41.182  32.255935     3.0963      7.787   200.2513 5.8182e+01     8.3185      1.214      1.761    14.1638   999.2465 0.0000e+00
      1.257      0.066     5.6104     77.772     41.199  32.268615     3.2474      7.781   200.1703 5.6494e+01     8.0418      1.235      1.791    14.1627   999.2467 0.0000e+00
      1.273      0.060     5.6044     77.682     41.201  32.270785     3.3173      7.780   200.1125 5.5404e+01     7.9009      1.250      1.814    14.1617   999.2469 0.0000e+00
      1.284      0.059     5.5984     77.608     41.216  32.282167     3.3084      7.778   200.2405 5.4692e+01     7.8938      1.260      1.828    14.1605   999.2471 0.0000e+00
      1.293      0.062     5.5952     77.546     41.214  32.279306     3.2964      7.773   200.4282 5.3923e+01     7.8902      1.268      1.839    14.1594   999.2473 0.0000e+00
      1.304      0.068     5.5885     77.502     41.160  32.236196     3.1894      7.766   200.5751 5.2482e+01     7.8581      1.277      1.851    14.1584   999.2475 0.0000e+00
      1.324      0.076     5.5811     77.488     41.121  32.205148     2.9851      7.759   200.5532 5.0293e+01     7.8326      1.295      1.878    14.1584   999.2476 0.0000e+00
      1.350      0.087     5.5764     77.486     41.142  32.221207     2.8638      7.750   200.5067 4.8026e+01     7.8437      1.324      1.920    14.1585   999.2477 0.0000e+00
      1.376      0.097     5.5721     77.501     41.167  32.239984     2.8499      7.742   200.6163 4.6213e+01     7.8612      1.351      1.960    14.1573   999.2481 0.0000e+00
      1.400      0.104     5.5677     77.538     41.171  32.241795     2.9559      7.735   200.7598 4.4483e+01     8.0442      1.370      1.989    14.1562   999.2483 0.0000e+00
      1.425      0.105     5.5686     77.573     41.174  32.243104     3.1565      7.729   200.8650 4.2294e+01     8.3859      1.395      2.023    14.1560   999.2484 0.0000e+00
      1.455      0.101     5.5678     77.607     41.192  32.255808     3.2558      7.726   200.9422 3.9894e+01     8.5506      1.427      2.070    14.1556   999.2486 0.0000e+00
      1.486      0.095     5.5682     77.639     41.211  32.268478     3.2458      7.723   201.0050 3.7867e+01     8.5279      1.460      2.116    14.1538   999.2490 0.0000e+00
      1.511      0.087     5.5730     77.643     41.214  32.269372     3.1405      7.719   201.1079 3.6512e+01     8.4064      1.485      2.155    14.1527   999.2493 0.0000e+00
      1.530      0.078     5.5749     77.613     41.213  32.266607     2.9531      7.715   201.2400 3.5612e+01     8.2289      1.503      2.180    14.1516   999.2495 0.0000e+00
      1.545      0.070     5.5772     77.553     41.175  32.235044     2.8535      7.709   201.3120 3.4795e+01     8.1515      1.516      2.198    14.1489   999.2500 0.0000e+00
      1.559      0.065     5.5817     77.477     41.139  32.205045     2.8374      7.702   201.3751 3.4045e+01     8.1258      1.529      2.217    14.1464   999.2504 0.0000e+00
      1.573      0.065     5.5813     77.390     41.163  32.221200     2.8017      7.693   201.4874 3.3234e+01     8.1147      1.541      2.236    14.1447   999.2507 0.0000e+00
      1.589      0.070     5.5799     77.298     41.189  32.239986     2.7678      7.683   201.5513 3.2230e+01     8.1483      1.557      2.258    14.1429   999.2511 0.0000e+00
      1.607      0.078     5.5752     77.234     41.194  32.241797     2.7661      7.671   201.6310 3.1272e+01     8.1719      1.576      2.288    14.1409   999.2514 0.0000e+00
      1.627      0.088     5.5695     77.189     41.197  32.243097     2.7815      7.660   201.8488 3.0253e+01     8.1703      1.594      2.312    14.1375   999.2519 0.0000e+00
      1.650      0.096     5.5651     77.157     41.215  32.255698     2.8318      7.648   202.0337 2.8978e+01     8.2605      1.616      2.343    14.1343   999.2525 0.0000e+00
      1.678      0.101     5.5558     77.159     41.233  32.267237     2.9149      7.636   202.0603 2.7573e+01     8.4427      1.646      2.386    14.1323   999.2529 0.0000e+00
      1.708      0.101     5.5529     77.166     41.223  32.255685     2.9638      7.626   202.0846 2.6158e+01     8.5383      1.675      2.429    14.1305   999.2533 0.0000e+00
      1.738      0.099     5.5502     77.155     41.209  32.242941     2.9717      7.618   202.1548 2.4925e+01     8.5646      1.706      2.474    14.1291   999.2536 0.0000e+00
      1.764      0.096     5.5463     77.148     41.206  32.240066     2.9670      7.612   202.2211 2.3971e+01     8.5636      1.731      2.512    14.1278   999.2540 0.0000e+00
      1.785      0.092     5.5483     77.138     41.184  32.220925     2.9421      7.605   202.2843 2.3161e+01     8.4290      1.750      2.539    14.1249   999.2545 0.0000e+00
      1.804      0.090     5.5508     77.089     41.163  32.201892     2.9132      7.599   202.3161 2.2343e+01     8.2153      1.768      2.564    14.1195   999.2552 0.0000e+00
      1.825      0.089     5.5484     77.009     41.164  32.200318     2.9033      7.596   202.3471 2.1438e+01     8.0761      1.789      2.594    14.1171   999.2557 0.0000e+00
      1.849      0.089     5.5482     76.924     41.170  32.201891     2.9001      7.594   202.4013 2.0480e+01     8.0240      1.813      2.629    14.1170   999.2558 0.0000e+00
      1.874      0.090     5.5499     76.853     41.198  32.220901     2.8838      7.592   202.5414 1.9589e+01     8.0123      1.838      2.667    14.1149   999.2563 0.0000e+00
