Data/DataNotYetUploadedToEDI/Raw_CTD/2019_RawDownloads/102319_fcr45.cnv
* Sea-Bird SBE19plus  Data File:
* FileName = C:\DATA\102319_fcr_0004.hex
* Software version 2.8.0.119 SB_Terminal.dll
* Temperature SN = 7809
* Conductivity SN = 7809
* System UpLoad Time = Oct 23 2019 15:56:36
* <ApplicationData>
* <Seaterm232>
# nquan = 16
# nvalues = 910                         
# units = specified
# name 0 = depFM: Depth [fresh water, m]
# name 1 = dz/dtM: Descent Rate [m/s]
# name 2 = sbeox0ML/L: Oxygen, SBE 43 [ml/l]
# name 3 = sbeox0PS: Oxygen, SBE 43 [% saturation]
# name 4 = specc: Specific Conductance [uS/cm]
# name 5 = c0uS/cm: Conductivity [uS/cm]
# name 6 = flECO-AFL: Fluorescence, WET Labs ECO-AFL/FL [mg/m^3]
# name 7 = ph: pH
# name 8 = orp: Oxidation Reduction Potential [mV]
# name 9 = par/sat/log: PAR/Logarithmic, Satlantic
# name 10 = turbWETntu0: Turbidity, WET Labs ECO [NTU]
# name 11 = prdM: Pressure, Strain Gauge [db]
# name 12 = prdE: Pressure, Strain Gauge [psi]
# name 13 = tv290C: Temperature [ITS-90, deg C]
# name 14 = density00: Density [density, kg/m^3]
# name 15 = flag:  0.000e+00
# span 0 =     -0.228,      6.494       
# span 1 =     -0.029,      0.167       
# span 2 =     2.8311,     7.0708       
# span 3 =     38.940,     99.788       
# span 4 =     40.572,     59.660       
# span 5 =  32.134448,  46.065626       
# span 6 =     0.2185,     3.5012       
# span 7 =      6.432,      7.490       
# span 8 =   281.9183,   318.5052       
# span 9 = 1.2357e-01, 1.2958e+03       
# span 10 =     4.6585,    14.5834      
# span 11 =     -0.238,      6.369      
# span 12 =     -0.346,      9.237      
# span 13 =    13.6002,    14.8982      
# span 14 =   999.1342,   999.3542      
# span 15 = 0.0000e+00, 0.0000e+00      
# interval = seconds: 0.25
# start_time = Oct 23 2019 11:26:01 [Instrument's time stamp, header]
# bad_flag = -9.990e-29
*END*
     -0.228      0.125     6.8502     96.904     40.674  32.427285     1.4871      7.487   318.5052 1.2724e+03     9.1178     -0.238     -0.346    14.7341   999.1573 0.0000e+00
     -0.182      0.154     6.8448     97.228     40.654  32.412192     1.4463      7.490   317.8872 1.2434e+03     9.2931     -0.189     -0.275    14.7844   999.1502 0.0000e+00
     -0.112      0.167     6.8390     97.670     40.671  32.423314     1.4404      7.486   316.8605 1.1954e+03     9.2802     -0.107     -0.154    14.8302   999.1438 0.0000e+00
     -0.045      0.162     6.8394     98.210     40.690  32.434842     1.4676      7.478   315.9857 1.1471e+03     9.1267     -0.035     -0.051    14.8540   999.1405 0.0000e+00
      0.003      0.137     6.8551     98.760     40.682  32.424655     1.5243      7.469   315.3125 1.0386e+03     8.9109      0.010      0.015    14.8635   999.1393 0.0000e+00
      0.030      0.101     6.8776     99.242     40.692  32.427058     1.5541      7.459   314.5710 9.2132e+02     8.7687      0.036      0.052    14.8600   999.1399 0.0000e+00
      0.040      0.063     6.9088     99.601     40.744  32.463888     1.5501      7.449   313.8175 9.2881e+02     8.6858      0.043      0.062    14.8569   999.1405 0.0000e+00
      0.039      0.033     6.9515     99.788     40.776  32.489178     1.5452      7.439   313.0847 9.4657e+02     8.6619      0.038      0.055    14.8528   999.1410 0.0000e+00
      0.038      0.016     6.9922     99.759     40.757  32.479002     1.5469      7.430   312.4215 8.9057e+02     8.7098      0.035      0.051    14.8485   999.1417 0.0000e+00
      0.040      0.008     7.0290     99.375     40.734  32.467787     1.5534      7.422   311.9080 9.4942e+02     8.7729      0.038      0.056    14.8409   999.1429 0.0000e+00
      0.045      0.006     7.0571     98.370     40.741  32.480497     1.5544      7.416   311.3510 1.1359e+03     8.7691      0.045      0.065    14.8328   999.1440 0.0000e+00
      0.048      0.006     7.0708     96.575     40.766  32.505766     1.5074      7.411   310.5907 1.2003e+03     8.7297      0.047      0.068    14.8332   999.1441 0.0000e+00
      0.048      0.007     7.0695     94.059     40.776  32.519476     1.4186      7.405   309.8557 1.1047e+03     8.7221      0.048      0.070    14.8412   999.1428 0.0000e+00
      0.048      0.009     7.0502     91.103     40.770  32.519353     1.3652      7.398   309.3472 1.0521e+03     8.7422      0.048      0.069    14.8502   999.1415 0.0000e+00
      0.047      0.012     6.9825     88.072     40.746  32.504280     1.3646      7.391   308.8302 1.1135e+03     8.7764      0.044      0.064    14.8583   999.1403 0.0000e+00
      0.049      0.015     6.8521     85.198     40.691  32.464153     1.3931      7.384   308.3374 1.1713e+03     8.7755      0.045      0.065    14.8652   999.1392 0.0000e+00
      0.056      0.014     6.6667     82.648     40.627  32.414957     1.4241      7.379   307.9491 1.1686e+03     8.7314      0.055      0.079    14.8719   999.1383 0.0000e+00
      0.065      0.008     6.4443     80.608     40.629  32.417151     1.4359      7.374   307.4911 1.1409e+03     8.7348      0.066      0.096    14.8785   999.1374 0.0000e+00
      0.072     -0.002     6.2253     79.145     40.720  32.490671     1.4402      7.367   307.1021 1.0478e+03     8.7835      0.072      0.105    14.8840   999.1366 0.0000e+00
      0.074     -0.014     6.0185     78.255     40.783  32.542354     1.4413      7.359   306.7729 8.8804e+02     8.7629      0.076      0.111    14.8885   999.1359 0.0000e+00
      0.067     -0.024     5.8308     77.857     40.771  32.534352     1.4326      7.351   306.3501 7.9502e+02     8.6824      0.070      0.102    14.8915   999.1353 0.0000e+00
      0.049     -0.029     5.6863     77.728     40.752  32.520847     1.4304      7.345   305.8618 8.5070e+02     8.5969      0.047      0.068    14.8910   999.1354 0.0000e+00
      0.032     -0.027     5.5833     77.689     40.733  32.505990     1.4318      7.339   305.4284 9.1655e+02     8.5484      0.027      0.038    14.8911   999.1353 0.0000e+00
      0.024     -0.020     5.5196     77.663     40.703  32.481649     1.4234      7.333   305.0680 8.3504e+02     8.5882      0.021      0.031    14.8938   999.1349 0.0000e+00
      0.023     -0.007     5.4997     77.560     40.703  32.480381     1.4338      7.327   304.6881 7.0089e+02     8.7500      0.022      0.032    14.8965   999.1346 0.0000e+00
      0.026      0.007     5.4949     77.397     40.718  32.490661     1.4701      7.321   304.3616 6.3192e+02     8.9317      0.025      0.037    14.8980   999.1343 0.0000e+00
      0.031      0.017     5.4918     77.297     40.707  32.479009     1.4985      7.315   304.1320 5.3947e+02     8.9826      0.028      0.041    14.8982   999.1342 0.0000e+00
      0.038      0.020     5.4945     77.321     40.696  32.466410     1.5076      7.308   303.8913 3.8282e+02     9.0051      0.037      0.053    14.8979   999.1343 0.0000e+00
      0.047      0.019     5.4868     77.461     40.701  32.465255     1.5105      7.301   303.6025 3.2605e+02     9.0723      0.047      0.069    14.8964   999.1346 0.0000e+00
      0.054      0.016     5.4705     77.702     40.710  32.465037     1.5075      7.296   303.2212 4.7670e+02     9.1396      0.054      0.079    14.8936   999.1350 0.0000e+00
      0.057      0.011     5.4631     78.021     40.718  32.463771     1.4979      7.292   302.8082 7.1705e+02     9.1961      0.057      0.082    14.8905   999.1355 0.0000e+00
      0.057      0.006     5.4658     78.388     40.709  32.449934     1.4894      7.290   302.3082 9.1205e+02     9.2313      0.056      0.082    14.8872   999.1360 0.0000e+00
      0.056      0.003     5.4765     78.745     40.686  32.424646     1.4747      7.288   300.7906 1.0554e+03     9.1398      0.054      0.079    14.8803   999.1370 0.0000e+00
      0.054      0.002     5.4957     79.022     40.678  32.411850     1.4506      7.285   297.4506 1.1140e+03     8.9421      0.053      0.077    14.8704   999.1385 0.0000e+00
      0.054      0.003     5.5198     79.200     40.697  32.422138     1.4321      7.282   293.8456 1.0922e+03     8.8398      0.053      0.077    14.8615   999.1398 0.0000e+00
      0.055      0.005     5.5482     79.311     40.703  32.422110     1.4325      7.280   292.1344 1.0828e+03     8.8208      0.054      0.078    14.8522   999.1412 0.0000e+00
      0.058      0.006     5.5769     79.397     40.695  32.411505     1.4471      7.277   291.7315 1.1001e+03     8.8101      0.057      0.082    14.8431   999.1425 0.0000e+00
      0.062      0.006     5.5979     79.473     40.710  32.420840     1.4437      7.273   291.2970 1.1091e+03     8.8094      0.060      0.087    14.8359   999.1436 0.0000e+00
      0.065      0.005     5.6099     79.524     40.697  32.408055     1.4253      7.268   290.7531 1.1155e+03     8.8115      0.065      0.094    14.8298   999.1446 0.0000e+00
      0.065      0.004     5.6175     79.554     40.669  32.383834     1.4243      7.262   290.2314 1.1297e+03     8.8028      0.065      0.094    14.8243   999.1454 0.0000e+00
      0.063      0.000     5.6233     79.541     40.669  32.381830     1.4584      7.255   289.7210 1.1291e+03     8.8018      0.060      0.088    14.8195   999.1461 0.0000e+00
      0.063     -0.006     5.6306     79.431     40.675  32.383825     1.5160      7.250   289.3145 1.1052e+03     8.7996      0.061      0.089    14.8158   999.1467 0.0000e+00
      0.065     -0.014     5.6334     79.215     40.709  32.407941     1.5487      7.246   289.1879 1.0894e+03     8.7764      0.064      0.094    14.8132   999.1471 0.0000e+00
      0.064     -0.020     5.6363     78.915     40.725  32.419573     1.5506      7.242   291.3733 1.1057e+03     8.7507      0.065      0.094    14.8113   999.1473 0.0000e+00
      0.057     -0.025     5.6383     78.592     40.699  32.397546     1.5393      7.238   293.5399 1.1431e+03     8.6205      0.058      0.084    14.8079   999.1478 0.0000e+00
      0.046     -0.028     5.6303     78.293     40.699  32.395457     1.5068      7.234   291.4655 1.2038e+03     8.4145      0.045      0.067    14.8033   999.1484 0.0000e+00
      0.031     -0.028     5.6156     78.023     40.700  32.394312     1.4693      7.231   289.2649 1.2616e+03     8.3237      0.029      0.043    14.8005   999.1488 0.0000e+00
      0.021     -0.024     5.5922     77.747     40.689  32.383702     1.4500      7.228   291.1085 1.2771e+03     8.3105      0.017      0.025    14.7992   999.1489 0.0000e+00
      0.018     -0.017     5.5683     77.423     40.703  32.394085     1.4472      7.226   295.1721 1.2743e+03     8.3210      0.016      0.024    14.7979   999.1492 0.0000e+00
      0.019     -0.008     5.5472     77.034     40.701  32.392940     1.4972      7.224   295.2056 1.2710e+03     8.6142      0.018      0.026    14.7956   999.1494 0.0000e+00
      0.019     -0.002     5.5295     76.589     40.670  32.369845     1.6031      7.219   290.8258 1.2764e+03     9.1356      0.019      0.028    14.7930   999.1498 0.0000e+00
      0.019      0.003     5.5119     76.125     40.666  32.368690     1.6705      7.215   288.3335 1.2846e+03     9.4137      0.019      0.027    14.7907   999.1502 0.0000e+00
      0.020      0.005     5.4888     75.690     40.677  32.378989     1.6781      7.212   290.3665 1.2771e+03     9.4201      0.019      0.028    14.7895   999.1504 0.0000e+00
      0.022      0.007     5.4617     75.324     40.660  32.367441     1.6867      7.210   295.1884 1.2700e+03     9.2458      0.022      0.032    14.7900   999.1503 0.0000e+00
      0.024      0.009     5.4283     75.040     40.645  32.355989     1.7141      7.207   296.2145 1.2717e+03     8.9456      0.024      0.034    14.7918   999.1500 0.0000e+00
      0.026      0.012     5.3942     74.825     40.661  32.367441     1.7402      7.202   294.3421 1.2757e+03     8.7724      0.025      0.036    14.7943   999.1497 0.0000e+00
      0.029      0.014     5.3616     74.617     40.678  32.378990     1.7502      7.199   296.2964 1.2796e+03     8.7566      0.027      0.039    14.7965   999.1494 0.0000e+00
      0.034      0.015     5.3355     74.347     40.667  32.368700     1.7489      7.196   299.0210 1.2941e+03     8.7880      0.032      0.047    14.7983   999.1491 0.0000e+00
      0.039      0.017     5.3152     74.011     40.667  32.369946     1.7514      7.193   299.4949 1.2958e+03     8.8237      0.039      0.057    14.8000   999.1489 0.0000e+00
      0.043      0.019     5.3016     73.597     40.696  32.394061     1.7621      7.190   299.3589 1.2375e+03     8.8606      0.042      0.061    14.7989   999.1491 0.0000e+00
      0.047      0.020     5.2905     73.090     40.710  32.406430     1.7658      7.189   299.0980 1.1721e+03     8.8740      0.045      0.065    14.7953   999.1496 0.0000e+00
      0.053      0.020     5.2701     72.555     40.691  32.392584     1.7699      7.185   298.7489 1.1423e+03     8.8223      0.051      0.075    14.7935   999.1499 0.0000e+00
      0.059      0.021     5.2465     72.081     40.641  32.353573     1.7861      7.181   298.3218 1.1250e+03     8.7594      0.058      0.084    14.7946   999.1498 0.0000e+00
      0.064      0.021     5.2186     71.696     40.593  32.315509     1.7966      7.176   298.0634 1.1150e+03     8.7689      0.063      0.091    14.7968   999.1495 0.0000e+00
      0.069      0.020     5.1800     71.387     40.592  32.313116     1.8015      7.171   298.0346 1.1033e+03     8.8056      0.068      0.099    14.7991   999.1492 0.0000e+00
      0.074      0.016     5.1387     71.112     40.608  32.324644     1.8025      7.166   298.1455 1.1005e+03     8.7778      0.071      0.104    14.8003   999.1490 0.0000e+00
      0.081      0.009     5.1053     70.837     40.614  32.327972     1.8087      7.161   298.1991 1.1329e+03     8.7603      0.078      0.115    14.8002   999.1491 0.0000e+00
      0.086      0.000     5.0780     70.571     40.646  32.353344     1.8330      7.157   297.9949 1.1365e+03     8.7909      0.086      0.125    14.8009   999.1490 0.0000e+00
      0.086     -0.010     5.0575     70.306     40.677  32.377583     1.8536      7.153   297.7409 1.0900e+03     8.7877      0.085      0.123    14.7996   999.1491 0.0000e+00
      0.081     -0.017     5.0399     70.018     40.663  32.367199     1.8576      7.151   297.7098 1.0891e+03     8.7864      0.081      0.117    14.7969   999.1495 0.0000e+00
      0.071     -0.019     5.0192     69.726     40.647  32.354716     1.8120      7.148   297.7909 1.0589e+03     8.9061      0.071      0.102    14.7957   999.1496 0.0000e+00
      0.059     -0.016     5.0010     69.487     40.647  32.353571     1.7270      7.143   297.6881 9.9033e+02     9.1206      0.055      0.079    14.7954   999.1496 0.0000e+00
      0.051     -0.008     4.9831     69.338     40.648  32.353354     1.6884      7.139   297.4132 1.0321e+03     9.2498      0.046      0.067    14.7952   999.1497 0.0000e+00
      0.052      0.003     4.9624     69.293     40.648  32.352087     1.6835      7.136   297.1354 1.1100e+03     9.2885      0.049      0.071    14.7951   999.1496 0.0000e+00
      0.058      0.013     4.9393     69.322     40.631  32.338250     1.6685      7.134   296.8248 1.1476e+03     9.1957      0.057      0.082    14.7962   999.1495 0.0000e+00
      0.066      0.022     4.9219     69.348     40.599  32.312980     1.6631      7.132   296.4103 1.1539e+03     8.9476      0.064      0.093    14.7959   999.1496 0.0000e+00
      0.074      0.027     4.9112     69.317     40.583  32.300392     1.6698      7.128   295.9956 1.0932e+03     8.7791      0.073      0.106    14.7927   999.1501 0.0000e+00
      0.082      0.027     4.9085     69.218     40.599  32.312969     1.6802      7.125   295.6826 1.0726e+03     8.7634      0.081      0.117    14.7907   999.1505 0.0000e+00
      0.089      0.026     4.9135     69.066     40.632  32.338126     1.7112      7.122   295.3790 1.1135e+03     8.8236      0.087      0.126    14.7913   999.1504 0.0000e+00
      0.094      0.025     4.9162     68.850     40.649  32.350713     1.7579      7.120   295.0780 1.1374e+03     8.8846      0.092      0.134    14.7923   999.1502 0.0000e+00
      0.100      0.023     4.9148     68.570     40.634  32.338238     1.7855      7.121   294.8820 1.1555e+03     8.9114      0.098      0.142    14.7925   999.1502 0.0000e+00
      0.107      0.021     4.9063     68.252     40.605  32.314217     1.7942      7.121   294.5588 1.0410e+03     8.9507      0.105      0.152    14.7918   999.1504 0.0000e+00
      0.112      0.019     4.8968     67.900     40.605  32.314113     1.8019      7.120   293.0628 8.0215e+02     8.9334      0.110      0.159    14.7907   999.1506 0.0000e+00
      0.117      0.019     4.8816     67.547     40.635  32.336981     1.8000      7.119   291.6782 7.6802e+02     8.8332      0.115      0.167    14.7897   999.1508 0.0000e+00
      0.121      0.023     4.8602     67.223     40.636  32.336867     1.7882      7.118   292.4443 9.4377e+02     8.7878      0.119      0.173    14.7885   999.1509 0.0000e+00
      0.123      0.028     4.8390     66.917     40.608  32.312731     1.7899      7.116   293.3783 1.0046e+03     8.7783      0.121      0.175    14.7877   999.1511 0.0000e+00
      0.127      0.030     4.8127     66.643     40.591  32.298999     1.8114      7.113   293.3346 9.2340e+02     8.8491      0.122      0.176    14.7874   999.1511 0.0000e+00
      0.139      0.030     4.7864     66.433     40.588  32.297751     1.8408      7.110   293.1205 8.1933e+02     9.0537      0.135      0.195    14.7864   999.1513 0.0000e+00
      0.156      0.028     4.7648     66.259     40.587  32.297648     1.8595      7.109   292.4235 7.5984e+02     9.1886      0.156      0.226    14.7850   999.1516 0.0000e+00
      0.167      0.023     4.7430     66.091     40.588  32.297751     1.8637      7.109   291.1028 6.9362e+02     9.2019      0.167      0.243    14.7831   999.1520 0.0000e+00
