Data/DataNotYetUploadedToEDI/Raw_CTD/2019_RawDownloads/102319_fcr45.cnv
* Sea-Bird SBE19plus  Data File:
* FileName = C:\DATA\102319_fcr_0004.hex
* Software version 2.8.0.119 SB_Terminal.dll
* Temperature SN = 7809
* Conductivity SN = 7809
* System UpLoad Time = Oct 23 2019 15:56:36
* <ApplicationData>
* <Seaterm232>
# nquan = 16
# nvalues = 910                         
# units = specified
# name 0 = depFM: Depth [fresh water, m]
# name 1 = dz/dtM: Descent Rate [m/s]
# name 2 = sbeox0ML/L: Oxygen, SBE 43 [ml/l]
# name 3 = sbeox0PS: Oxygen, SBE 43 [% saturation]
# name 4 = specc: Specific Conductance [uS/cm]
# name 5 = c0uS/cm: Conductivity [uS/cm]
# name 6 = flECO-AFL: Fluorescence, WET Labs ECO-AFL/FL [mg/m^3]
# name 7 = ph: pH
# name 8 = orp: Oxidation Reduction Potential [mV]
# name 9 = par/sat/log: PAR/Logarithmic, Satlantic
# name 10 = turbWETntu0: Turbidity, WET Labs ECO [NTU]
# name 11 = prdM: Pressure, Strain Gauge [db]
# name 12 = prdE: Pressure, Strain Gauge [psi]
# name 13 = tv290C: Temperature [ITS-90, deg C]
# name 14 = density00: Density [density, kg/m^3]
# name 15 = flag:  0.000e+00
# span 0 =     -0.228,      6.494       
# span 1 =     -0.029,      0.167       
# span 2 =     2.8311,     7.0708       
# span 3 =     38.940,     99.788       
# span 4 =     40.572,     59.660       
# span 5 =  32.134448,  46.065626       
# span 6 =     0.2185,     3.5012       
# span 7 =      6.432,      7.490       
# span 8 =   281.9183,   318.5052       
# span 9 = 1.2357e-01, 1.2958e+03       
# span 10 =     4.6585,    14.5834      
# span 11 =     -0.238,      6.369      
# span 12 =     -0.346,      9.237      
# span 13 =    13.6002,    14.8982      
# span 14 =   999.1342,   999.3542      
# span 15 = 0.0000e+00, 0.0000e+00      
# interval = seconds: 0.25
# start_time = Oct 23 2019 11:26:01 [Instrument's time stamp, header]
# bad_flag = -9.990e-29
*END*
[from data line 452]
      2.719      0.018     5.7754     81.238     40.798  32.239814     2.4164      6.947   287.1004 4.5276e+00     9.7933      2.666      3.866    14.5091   999.2038 0.0000e+00
      2.723      0.017     5.7813     81.253     40.774  32.221038     2.4155      6.946   287.1770 4.4676e+00     9.9079      2.669      3.872    14.5095   999.2038 0.0000e+00
      2.728      0.017     5.7835     81.253     40.752  32.203740     2.4093      6.945   287.2029 4.4166e+00     9.9506      2.675      3.880    14.5090   999.2039 0.0000e+00
      2.732      0.018     5.7889     81.266     40.774  32.221048     2.4110      6.944   287.3268 4.3798e+00     9.9162      2.679      3.886    14.5086   999.2040 0.0000e+00
      2.736      0.020     5.7949     81.263     40.799  32.239929     2.4187      6.943   287.3849 4.3468e+00     9.7218      2.683      3.892    14.5084   999.2040 0.0000e+00
      2.740      0.022     5.7940     81.213     40.801  32.241646     2.4151      6.941   287.3897 4.3088e+00     9.4026      2.686      3.896    14.5083   999.2041 0.0000e+00
      2.746      0.023     5.7935     81.157     40.801  32.241802     2.4103      6.940   287.3847 4.2614e+00     9.2689      2.692      3.905    14.5080   999.2041 0.0000e+00
      2.754      0.024     5.7949     81.119     40.801  32.241817     2.4138      6.941   287.3235 4.2119e+00     9.2519      2.701      3.918    14.5079   999.2042 0.0000e+00
      2.761      0.024     5.7972     81.065     40.801  32.241828     2.4315      6.942   287.3389 4.1640e+00     9.1643      2.708      3.928    14.5079   999.2042 0.0000e+00
      2.768      0.024     5.7912     81.005     40.802  32.241942     2.4589      6.943   287.3128 4.1191e+00     9.0616      2.714      3.936    14.5076   999.2043 0.0000e+00
      2.773      0.024     5.7858     80.957     40.804  32.243190     2.4762      6.943   287.1795 4.0726e+00     8.9935      2.719      3.944    14.5073   999.2044 0.0000e+00
      2.778      0.025     5.7862     80.926     40.821  32.256923     2.4772      6.943   287.1030 4.0257e+00     8.9955      2.724      3.950    14.5072   999.2044 0.0000e+00
      2.784      0.026     5.7806     80.924     40.852  32.281058     2.4615      6.943   287.0775 3.9792e+00     9.2172      2.730      3.959    14.5073   999.2044 0.0000e+00
      2.790      0.028     5.7760     80.953     40.852  32.281162     2.4332      6.943   287.0423 3.9230e+00     9.6087      2.736      3.968    14.5071   999.2045 0.0000e+00
      2.797      0.030     5.7729     80.992     40.823  32.258181     2.4128      6.944   287.0223 3.8630e+00     9.8298      2.743      3.978    14.5071   999.2045 0.0000e+00
      2.806      0.030     5.7699     81.011     40.822  32.257036     2.4231      6.945   287.0082 3.7979e+00     9.8589      2.751      3.991    14.5069   999.2045 0.0000e+00
      2.816      0.030     5.7701     81.011     40.836  32.267326     2.5662      6.946   287.0433 3.7364e+00     9.7313      2.762      4.006    14.5067   999.2047 0.0000e+00
      2.824      0.029     5.7723     81.007     40.821  32.255675     2.8171      6.946   287.1028 3.6982e+00     9.4348      2.772      4.020    14.5067   999.2047 0.0000e+00
      2.830      0.026     5.7766     80.970     40.805  32.243077     2.9506      6.946   287.0390 3.6656e+00     9.2232      2.776      4.026    14.5064   999.2047 0.0000e+00
      2.836      0.024     5.7778     80.897     40.804  32.241931     2.9579      6.945   286.8750 3.6233e+00     9.1714      2.781      4.033    14.5060   999.2048 0.0000e+00
      2.842      0.023     5.7766     80.835     40.804  32.241811     2.9484      6.945   286.7537 3.5839e+00     9.1689      2.787      4.042    14.5056   999.2049 0.0000e+00
      2.847      0.023     5.7781     80.829     40.804  32.241630     2.8790      6.946   286.7769 3.5534e+00     9.1931      2.792      4.049    14.5053   999.2050 0.0000e+00
      2.852      0.024     5.7756     80.881     40.801  32.239743     2.7520      6.947   286.8974 3.5279e+00     9.2342      2.797      4.057    14.5050   999.2050 0.0000e+00
      2.858      0.024     5.7686     80.941     40.775  32.218990     2.6780      6.948   287.0062 3.4943e+00     9.2393      2.803      4.065    14.5047   999.2051 0.0000e+00
      2.866      0.024     5.7632     80.978     40.727  32.181085     2.6610      6.948   287.0599 3.4412e+00     9.2233      2.811      4.077    14.5047   999.2051 0.0000e+00
      2.873      0.023     5.7622     81.016     40.703  32.162203     2.6415      6.949   286.9448 3.3936e+00     9.1389      2.818      4.087    14.5049   999.2052 0.0000e+00
      2.880      0.023     5.7678     81.041     40.727  32.181069     2.6152      6.949   286.7328 3.3572e+00     8.9397      2.824      4.096    14.5049   999.2052 0.0000e+00
      2.885      0.022     5.7737     81.016     40.775  32.218818     2.6037      6.948   286.7342 3.3186e+00     8.8136      2.830      4.105    14.5049   999.2052 0.0000e+00
      2.889      0.022     5.7744     80.965     40.799  32.237855     2.6064      6.948   286.8749 3.2887e+00     8.7936      2.832      4.108    14.5049   999.2052 0.0000e+00
      2.893      0.022     5.7774     80.899     40.778  32.220860     2.6229      6.947   286.8849 3.2609e+00     8.7314      2.836      4.113    14.5049   999.2052 0.0000e+00
      2.899      0.023     5.7818     80.814     40.756  32.203724     2.6550      6.947   286.8559 3.2275e+00     8.6179      2.844      4.125    14.5051   999.2052 0.0000e+00
      2.906      0.024     5.7779     80.759     40.777  32.221048     2.6654      6.948   286.8688 3.1941e+00     8.5357      2.850      4.132    14.5049   999.2053 0.0000e+00
      2.912      0.024     5.7739     80.764     40.802  32.239930     2.6618      6.948   286.8683 3.1613e+00     8.5238      2.856      4.142    14.5046   999.2054 0.0000e+00
      2.919      0.023     5.7707     80.804     40.805  32.241647     2.7673      6.947   286.8496 3.1283e+00     8.7043      2.864      4.154    14.5046   999.2054 0.0000e+00
      2.926      0.022     5.7621     80.865     40.805  32.241802     2.9697      6.947   286.8151 3.0885e+00     9.0466      2.870      4.161    14.5044   999.2054 0.0000e+00
      2.932      0.019     5.7571     80.934     40.805  32.241817     3.0807      6.948   286.7954 3.0481e+00     9.2214      2.876      4.172    14.5045   999.2055 0.0000e+00
      2.937      0.017     5.7594     80.980     40.805  32.241817     3.0943      6.948   286.7830 3.0266e+00     9.1785      2.881      4.179    14.5042   999.2056 0.0000e+00
      2.940      0.014     5.7617     80.999     40.805  32.241802     3.0922      6.948   286.7519 3.0081e+00     9.0530      2.883      4.181    14.5042   999.2056 0.0000e+00
      2.942      0.012     5.7664     81.018     40.805  32.241646     3.1156      6.948   286.6772 2.9818e+00     8.8185      2.885      4.185    14.5041   999.2056 0.0000e+00
      2.945      0.010     5.7728     81.058     40.803  32.239930     3.1766      6.948   286.5678 2.9703e+00     8.5715      2.887      4.188    14.5039   999.2056 0.0000e+00
      2.948      0.010     5.7759     81.085     40.778  32.221049     3.2155      6.949   286.5473 2.9638e+00     8.4912      2.891      4.192    14.5040   999.2056 0.0000e+00
      2.951      0.011     5.7768     81.080     40.756  32.203742     3.2130      6.949   286.6020 2.9444e+00     8.5036      2.895      4.198    14.5042   999.2056 0.0000e+00
      2.953      0.013     5.7764     81.062     40.777  32.221049     3.1285      6.949   286.6268 2.9278e+00     8.6224      2.896      4.200    14.5042   999.2056 0.0000e+00
      2.955      0.015     5.7813     81.048     40.801  32.239930     2.9832      6.949   286.6753 2.9209e+00     8.8797      2.897      4.201    14.5041   999.2056 0.0000e+00
      2.959      0.016     5.7839     81.040     40.803  32.241645     2.9121      6.948   286.6725 2.8978e+00     9.0579      2.901      4.207    14.5041   999.2057 0.0000e+00
      2.965      0.017     5.7821     81.018     40.804  32.241785     2.9020      6.947   286.5922 2.8530e+00     9.1062      2.907      4.216    14.5046   999.2056 0.0000e+00
      2.970      0.017     5.7809     80.976     40.804  32.241628     2.8617      6.947   286.6509 2.8108e+00     9.1354      2.913      4.225    14.5049   999.2056 0.0000e+00
      2.975      0.017     5.7793     80.932     40.801  32.239743     2.8060      6.947   286.7795 2.7798e+00     9.1814      2.919      4.233    14.5051   999.2056 0.0000e+00
      2.979      0.017     5.7799     80.910     40.775  32.218988     2.7831      6.948   286.7710 2.7527e+00     9.2039      2.922      4.238    14.5052   999.2056 0.0000e+00
      2.982      0.016     5.7785     80.934     40.727  32.181069     2.7756      6.949   286.7200 2.7352e+00     9.2111      2.925      4.240    14.5049   999.2056 0.0000e+00
      2.985      0.016     5.7746     80.995     40.703  32.162032     2.6981      6.948   286.7656 2.7290e+00     9.3013      2.927      4.245    14.5046   999.2057 0.0000e+00
      2.990      0.016     5.7713     81.067     40.725  32.179197     2.5572      6.947   286.8919 2.7123e+00     9.4752      2.931      4.252    14.5045   999.2058 0.0000e+00
      2.995      0.016     5.7687     81.159     40.750  32.198219     2.4758      6.946   286.9556 2.6898e+00     9.6089      2.938      4.261    14.5043   999.2058 0.0000e+00
      3.000      0.016     5.7705     81.253     40.754  32.201651     2.4597      6.945   286.9336 2.6740e+00     9.6728      2.942      4.267    14.5042   999.2058 0.0000e+00
      3.004      0.016     5.7769     81.313     40.778  32.220689     2.4412      6.945   286.9702 2.6588e+00     9.6904      2.946      4.271    14.5043   999.2058 0.0000e+00
      3.007      0.015     5.7801     81.332     40.800  32.238025     2.4164      6.944   287.0537 2.6403e+00     9.6913      2.949      4.277    14.5041   999.2059 0.0000e+00
      3.010      0.014     5.7878     81.320     40.779  32.220873     2.4026      6.944   287.0827 2.6206e+00     9.7166      2.951      4.281    14.5039   999.2059 0.0000e+00
      3.014      0.014     5.7958     81.277     40.757  32.203698     2.4050      6.944   287.0636 2.6054e+00     9.7008      2.955      4.286    14.5039   999.2059 0.0000e+00
      3.018      0.014     5.7999     81.185     40.778  32.220746     2.4017      6.943   286.9948 2.5894e+00     9.5330      2.960      4.293    14.5039   999.2060 0.0000e+00
      3.021      0.013     5.8011     81.076     40.799  32.236612     2.3806      6.943   286.9395 2.5727e+00     9.2937      2.962      4.297    14.5039   999.2060 0.0000e+00
      3.024      0.012     5.7996     80.983     40.759  32.205142     2.3566      6.943   286.9971 2.5562e+00     9.1996      2.965      4.301    14.5039   999.2060 0.0000e+00
      3.028      0.010     5.7985     80.904     40.698  32.157557     2.3456      6.943   287.0887 2.5351e+00     9.2143      2.970      4.307    14.5039   999.2060 0.0000e+00
      3.031      0.008     5.7900     80.865     40.712  32.168937     2.3518      6.942   287.1017 2.5201e+00     9.2091      2.973      4.312    14.5039   999.2060 0.0000e+00
      3.033      0.007     5.7810     80.870     40.772  32.215825     2.3887      6.941   287.0676 2.5206e+00     9.2022      2.974      4.314    14.5039   999.2060 0.0000e+00
      3.033      0.006     5.7756     80.899     40.773  32.216800     2.4456      6.941   287.1062 2.5278e+00     9.1974      2.975      4.315    14.5039   999.2060 0.0000e+00
      3.033      0.006     5.7684     80.946     40.728  32.180716     2.4760      6.941   287.1383 2.5245e+00     9.1835      2.975      4.315    14.5039   999.2060 0.0000e+00
      3.034      0.007     5.7655     81.008     40.703  32.160298     2.4790      6.942   287.1115 2.5079e+00     9.1983      2.975      4.315    14.5037   999.2060 0.0000e+00
      3.036      0.008     5.7672     81.073     40.703  32.160313     2.4641      6.942   287.1268 2.4916e+00     9.1147      2.977      4.317    14.5036   999.2061 0.0000e+00
      3.039      0.009     5.7686     81.130     40.729  32.180896     2.4428      6.941   287.1508 2.4831e+00     8.8936      2.980      4.323    14.5035   999.2061 0.0000e+00
      3.043      0.009     5.7728     81.197     40.777  32.218786     2.4393      6.941   287.1446 2.4738e+00     8.7859      2.984      4.330    14.5034   999.2061 0.0000e+00
      3.046      0.009     5.7766     81.264     40.801  32.237666     2.4382      6.941   287.0510 2.4583e+00     8.7621      2.987      4.333    14.5032   999.2062 0.0000e+00
      3.048      0.008     5.7828     81.297     40.777  32.218801     2.4462      6.941   286.8796 2.4455e+00     8.7366      2.989      4.336    14.5029   999.2062 0.0000e+00
      3.050      0.007     5.7854     81.301     40.729  32.181067     2.4670      6.940   286.8789 2.4413e+00     8.7734      2.991      4.338    14.5028   999.2062 0.0000e+00
      3.051      0.006     5.7905     81.299     40.705  32.162186     2.4726      6.939   287.0420 2.4373e+00     8.8139      2.992      4.339    14.5028   999.2063 0.0000e+00
      3.052      0.005     5.7973     81.320     40.729  32.180896     2.4709      6.938   287.1310 2.4345e+00     8.8327      2.993      4.341    14.5026   999.2063 0.0000e+00
      3.054      0.005     5.7983     81.340     40.774  32.216912     2.4296      6.939   287.1800 2.4355e+00     8.8695      2.994      4.343    14.5027   999.2063 0.0000e+00
      3.055      0.006     5.7990     81.325     40.774  32.216888     2.3452      6.939   287.2055 2.4340e+00     8.9316      2.996      4.347    14.5027   999.2063 0.0000e+00
      3.057      0.007     5.7966     81.282     40.728  32.180610     2.2997      6.939   287.1809 2.4297e+00     8.9609      2.998      4.348    14.5025   999.2063 0.0000e+00
      3.057      0.010     5.7997     81.241     40.701  32.159039     2.2963      6.938   287.1403 2.4179e+00     8.9612      2.998      4.348    14.5026   999.2063 0.0000e+00
      3.058      0.015     5.8023     81.226     40.685  32.146452     2.3390      6.938   287.0589 2.3964e+00     8.9345      2.999      4.350    14.5027   999.2063 0.0000e+00
      3.062      0.020     5.8004     81.212     40.697  32.155342     2.4257      6.938   287.0569 2.3677e+00     8.8359      3.002      4.354    14.5029   999.2063 0.0000e+00
      3.069      0.025     5.7972     81.203     40.757  32.203067     2.4785      6.938   287.1168 2.3352e+00     8.7516      3.008      4.363    14.5030   999.2063 0.0000e+00
      3.078      0.029     5.7924     81.218     40.773  32.215809     2.4825      6.939   287.0087 2.2939e+00     8.7348      3.018      4.376    14.5029   999.2064 0.0000e+00
      3.087      0.030     5.7932     81.238     40.731  32.182483     2.4664      6.939   286.8681 2.2521e+00     8.7307      3.028      4.392    14.5030   999.2064 0.0000e+00
      3.096      0.029     5.7921     81.278     40.729  32.180886     2.4224      6.939   286.8797 2.2239e+00     8.7350      3.036      4.404    14.5029   999.2064 0.0000e+00
      3.103      0.027     5.7898     81.327     40.749  32.196501     2.3569      6.938   286.9767 2.2008e+00     8.7544      3.044      4.415    14.5028   999.2065 0.0000e+00
      3.110      0.025     5.7931     81.344     40.730  32.180897     2.3164      6.938   287.0944 2.1808e+00     8.7355      3.050      4.424    14.5026   999.2066 0.0000e+00
      3.115      0.025     5.7929     81.345     40.732  32.182598     2.3139      6.939   287.0976 2.1591e+00     8.7023      3.056      4.432    14.5025   999.2066 0.0000e+00
      3.119      0.025     5.7958     81.341     40.776  32.217069     2.3531      6.940   287.0157 2.1392e+00     8.7801      3.059      4.437    14.5023   999.2066 0.0000e+00
      3.124      0.026     5.8019     81.306     40.775  32.216929     2.4260      6.939   286.9650 2.1142e+00     8.9222      3.062      4.441    14.5023   999.2067 0.0000e+00
