Data/DataNotYetUploadedToEDI/Raw_CTD/2019_RawDownloads/102319_fcr10.cnv
* Sea-Bird SBE19plus  Data File:
* FileName = C:\DATA\102319_fcr_0001.hex
* Software version 2.8.0.119 SB_Terminal.dll
* Temperature SN = 7809
* Conductivity SN = 7809
* System UpLoad Time = Oct 23 2019 15:55:40
* <ApplicationData>
* <Seaterm232>
# nquan = 16
# nvalues = 214                         
# units = specified
# name 0 = depFM: Depth [fresh water, m]
# name 1 = dz/dtM: Descent Rate [m/s]
# name 2 = sbeox0ML/L: Oxygen, SBE 43 [ml/l]
# name 3 = sbeox0PS: Oxygen, SBE 43 [% saturation]
# name 4 = specc: Specific Conductance [uS/cm]
# name 5 = c0uS/cm: Conductivity [uS/cm]
# name 6 = flECO-AFL: Fluorescence, WET Labs ECO-AFL/FL [mg/m^3]
# name 7 = ph: pH
# name 8 = orp: Oxidation Reduction Potential [mV]
# name 9 = par/sat/log: PAR/Logarithmic, Satlantic
# name 10 = turbWETntu0: Turbidity, WET Labs ECO [NTU]
# name 11 = prdM: Pressure, Strain Gauge [db]
# name 12 = prdE: Pressure, Strain Gauge [psi]
# name 13 = tv290C: Temperature [ITS-90, deg C]
# name 14 = density00: Density [density, kg/m^3]
# name 15 = flag:  0.000e+00
# span 0 =     -0.560,      2.310       
# span 1 =     -0.003,      0.189       
# span 2 =     4.4016,     7.2280       
# span 3 =     61.541,    100.799       
# span 4 =     27.394,     42.243       
# span 5 =  21.341949,  33.273047       
# span 6 =    -0.2041,     4.2041       
# span 7 =      7.469,      8.765       
# span 8 =   193.5921,   287.4376       
# span 9 = 9.8338e+00, 1.3127e+03       
# span 10 =    -4.7896,     9.0479      
# span 11 =     -0.551,      2.266      
# span 12 =     -0.800,      3.286      
# span 13 =    13.7969,    14.3812      
# span 14 =   999.2107,   999.2780      
# span 15 = 0.0000e+00, 0.0000e+00      
# interval = seconds: 0.25
# start_time = Oct 23 2019 10:45:48 [Instrument's time stamp, header]
# bad_flag = -9.990e-29
*END*
[from data line 181]
      1.920      0.090     5.5399     76.725     41.232  32.239796     2.8406      7.583   202.8696 1.8237e+01     8.0737      1.883      2.731    14.1087   999.2573 0.0000e+00
      1.941      0.090     5.5333     76.675     41.212  32.221061     2.8458      7.577   202.8572 1.7592e+01     8.1156      1.903      2.760    14.1051   999.2579 0.0000e+00
      1.963      0.091     5.5290     76.639     41.194  32.203641     2.8382      7.570   202.7732 1.6917e+01     8.2436      1.926      2.793    14.1010   999.2586 0.0000e+00
      1.986      0.094     5.5254     76.621     41.220  32.219546     2.8267      7.561   202.7145 1.6218e+01     8.4414      1.946      2.823    14.0969   999.2593 0.0000e+00
      2.010      0.099     5.5202     76.601     41.229  32.222978     2.8277      7.552   202.7499 1.5513e+01     8.5409      1.970      2.858    14.0928   999.2600 0.0000e+00
      2.036      0.103     5.5181     76.545     41.181  32.181673     2.8426      7.546   202.7709 1.4831e+01     8.5623      1.997      2.897    14.0888   999.2607 0.0000e+00
      2.064      0.106     5.5150     76.462     41.165  32.164353     2.9112      7.540   202.6241 1.4160e+01     8.5683      2.024      2.935    14.0846   999.2613 0.0000e+00
      2.092      0.108     5.5151     76.363     41.225  32.203928     3.0237      7.533   202.4378 1.3487e+01     8.5483      2.051      2.974    14.0787   999.2624 0.0000e+00
      2.121      0.108     5.5160     76.198     41.255  32.215945     3.0857      7.525   202.4113 1.2843e+01     8.5499      2.080      3.016    14.0736   999.2632 0.0000e+00
      2.149      0.107     5.5118     75.961     41.226  32.182725     3.0880      7.518   202.4749 1.2266e+01     8.5547      2.108      3.057    14.0701   999.2638 0.0000e+00
      2.176      0.105     5.5049     75.692     41.236  32.183006     3.0427      7.509   202.4334 1.1749e+01     8.3777      2.134      3.094    14.0651   999.2646 0.0000e+00
      2.201      0.100     5.5015     75.365     41.289  32.219333     2.9544      7.499   202.3389 1.1275e+01     8.0809      2.159      3.131    14.0572   999.2658 0.0000e+00
      2.227      0.091     5.4920     74.979     41.323  32.241181     2.8957      7.492   202.2792 1.0808e+01     7.9153      2.183      3.166    14.0429   999.2679 0.0000e+00
      2.253      0.078     5.4732     74.559     41.348  32.256786     2.8791      7.488   202.2275 1.0349e+01     7.8500      2.211      3.206    14.0268   999.2702 0.0000e+00
      2.277      0.063     5.4580     74.130     41.383  32.281083     2.8758      7.486   202.2303 1.0038e+01     7.8155      2.238      3.245    14.0184   999.2716 0.0000e+00
      2.291      0.047     5.4342     73.737     41.384  32.281110     2.8554      7.486   202.1407 9.9302e+00     7.6945      2.250      3.264    14.0129   999.2724 0.0000e+00
      2.296      0.032     5.4062     73.400     41.353  32.257110     2.8055      7.486   202.0047 9.9222e+00     7.4689      2.252      3.267    14.0064   999.2734 0.0000e+00
      2.298      0.020     5.3767     73.116     41.337  32.244740     2.7755      7.487   202.0482 9.9266e+00     7.3488      2.253      3.268    14.0017   999.2741 0.0000e+00
      2.299      0.011     5.3439     72.886     41.356  32.258472     2.7784      7.487   202.1512 9.9153e+00     7.3567      2.255      3.270    13.9990   999.2744 0.0000e+00
      2.300      0.007     5.3156     72.709     41.406  32.296215     2.8414      7.487   202.2179 9.9065e+00     7.3352      2.256      3.272    13.9982   999.2745 0.0000e+00
      2.302      0.006     5.2914     72.590     41.436  32.320330     2.9557      7.484   202.2524 9.9215e+00     7.2206      2.258      3.274    13.9986   999.2745 0.0000e+00
      2.304      0.006     5.2709     72.550     41.402  32.296204     3.0161      7.481   202.2239 9.9428e+00     7.1505      2.260      3.277    13.9987   999.2745 0.0000e+00
      2.306      0.005     5.2543     72.590     41.348  32.258345     3.0163      7.479   202.2164 9.9407e+00     7.1761      2.261      3.280    13.9979   999.2746 0.0000e+00
      2.307      0.004     5.2420     72.674     41.321  32.243350     2.9754      7.476   202.2485 9.9247e+00     7.3005      2.263      3.282    13.9966   999.2748 0.0000e+00
      2.308      0.003     5.2326     72.776     41.311  32.241830     2.9030      7.474   202.1821 9.9287e+00     7.5077      2.263      3.283    13.9955   999.2750 0.0000e+00
      2.309      0.002     5.2289     72.890     41.302  32.239975     2.8610      7.472   202.1017 9.9353e+00     7.6157      2.264      3.284    13.9986   999.2745 0.0000e+00
      2.309      0.002     5.2326     73.016     41.272  32.220926     2.8487      7.471   202.1371 9.9174e+00     7.6241      2.264      3.284    14.0049   999.2736 0.0000e+00
      2.309      0.001     5.2386     73.170     41.242  32.201901     2.8498      7.470   202.1794 9.9009e+00     7.5433      2.265      3.284    14.0129   999.2724 0.0000e+00
      2.309      0.001     5.2444     73.255     41.237  32.200327     2.8563      7.469   202.1829 9.8964e+00     7.4580      2.265      3.284    14.0205   999.2714 0.0000e+00
      2.310 -9.990e-29     5.2533 -9.990e-29 -9.990e-29 -9.990e-29 -9.990e-29 -9.990e-29 -9.990e-29 9.8876e+00 -9.990e-29      2.265      3.285    14.0268   999.2706 0.0000e+00
      2.310 -9.990e-29     5.2594 -9.990e-29 -9.990e-29 -9.990e-29 -9.990e-29 -9.990e-29 -9.990e-29 9.8673e+00 -9.990e-29      2.265      3.285    14.0313   999.2700 0.0000e+00
      2.310 -9.990e-29     5.2724 -9.990e-29 -9.990e-29 -9.990e-29 -9.990e-29 -9.990e-29 -9.990e-29 9.8437e+00 -9.990e-29      2.265      3.285    14.0376   999.2690 0.0000e+00
      2.310 -9.990e-29     5.2845 -9.990e-29 -9.990e-29 -9.990e-29 -9.990e-29 -9.990e-29 -9.990e-29 9.8338e+00 -9.990e-29      2.266      3.286    14.0431   999.2683 0.0000e+00
