Data/DataNotYetUploadedToEDI/Raw_CTD/2019_RawDownloads/102319_fcr10.cnv
* Sea-Bird SBE19plus  Data File:
* FileName = C:\DATA\102319_fcr_0001.hex
* Software version 2.8.0.119 SB_Terminal.dll
* Temperature SN = 7809
* Conductivity SN = 7809
* System UpLoad Time = Oct 23 2019 15:55:40
* <ApplicationData>
* <Seaterm232>
# nquan = 16
# nvalues = 214                         
# units = specified
# name 0 = depFM: Depth [fresh water, m]
# name 1 = dz/dtM: Descent Rate [m/s]
# name 2 = sbeox0ML/L: Oxygen, SBE 43 [ml/l]
# name 3 = sbeox0PS: Oxygen, SBE 43 [% saturation]
# name 4 = specc: Specific Conductance [uS/cm]
# name 5 = c0uS/cm: Conductivity [uS/cm]
# name 6 = flECO-AFL: Fluorescence, WET Labs ECO-AFL/FL [mg/m^3]
# name 7 = ph: pH
# name 8 = orp: Oxidation Reduction Potential [mV]
# name 9 = par/sat/log: PAR/Logarithmic, Satlantic
# name 10 = turbWETntu0: Turbidity, WET Labs ECO [NTU]
# name 11 = prdM: Pressure, Strain Gauge [db]
# name 12 = prdE: Pressure, Strain Gauge [psi]
# name 13 = tv290C: Temperature [ITS-90, deg C]
# name 14 = density00: Density [density, kg/m^3]
# name 15 = flag:  0.000e+00
# span 0 =     -0.560,      2.310       
# span 1 =     -0.003,      0.189       
# span 2 =     4.4016,     7.2280       
# span 3 =     61.541,    100.799       
# span 4 =     27.394,     42.243       
# span 5 =  21.341949,  33.273047       
# span 6 =    -0.2041,     4.2041       
# span 7 =      7.469,      8.765       
# span 8 =   193.5921,   287.4376       
# span 9 = 9.8338e+00, 1.3127e+03       
# span 10 =    -4.7896,     9.0479      
# span 11 =     -0.551,      2.266      
# span 12 =     -0.800,      3.286      
# span 13 =    13.7969,    14.3812      
# span 14 =   999.2107,   999.2780      
# span 15 = 0.0000e+00, 0.0000e+00      
# interval = seconds: 0.25
# start_time = Oct 23 2019 10:45:48 [Instrument's time stamp, header]
# bad_flag = -9.990e-29
*END*
     -0.560      0.062     6.9850     96.475     27.394  21.341949    -0.2041      7.698   287.4376 6.8895e+02    -4.7896     -0.551     -0.800    13.7969   999.2770 0.0000e+00
     -0.550      0.093     6.9816     96.475     37.170  29.020444    -0.1970      7.955   257.5961 6.6023e+02    -4.6960     -0.548     -0.795    13.7994   999.2765 0.0000e+00
     -0.520      0.122     6.9845     96.474     40.620  31.776556    -0.0772      8.137   247.2751 6.8761e+02    -2.4477     -0.518     -0.751    13.7975   999.2772 0.0000e+00
     -0.470      0.146     6.9867     96.495     40.942  32.079617     0.1518      8.282   241.2871 8.3018e+02     1.7475     -0.463     -0.670    13.8144   999.2780 0.0000e+00
     -0.415      0.164     6.9701     96.549     41.019  32.177112     0.2827      8.402   237.4222 9.7778e+02     4.0473     -0.402     -0.583    13.9080   999.2704 0.0000e+00
     -0.370      0.176     6.9524     96.596     41.083  32.257324     0.3008      8.486   234.0145 1.0617e+03     4.2202     -0.360     -0.523    14.0292   999.2576 0.0000e+00
     -0.332      0.182     6.9378     96.663     41.090  32.287964     0.3277      8.559   230.8001 1.0964e+03     4.2639     -0.327     -0.475    14.1191   999.2455 0.0000e+00
     -0.291      0.186     6.9285     96.820     40.993  32.230308     0.6247      8.629   228.9288 1.0824e+03     5.2959     -0.287     -0.416    14.1796   999.2370 0.0000e+00
     -0.245      0.189     6.9295     97.083     40.851  32.131375     1.1695      8.682   228.3388 1.0565e+03     7.1949     -0.243     -0.353    14.2207   999.2316 0.0000e+00
     -0.193      0.188     6.9258     97.438     40.809  32.107145     1.4617      8.715   227.7967 1.0611e+03     8.1839     -0.192     -0.277    14.2571   999.2267 0.0000e+00
     -0.135      0.180     6.9231     97.878     40.826  32.127737     1.4877      8.739   226.8489 1.0919e+03     8.2743     -0.134     -0.193    14.2888   999.2224 0.0000e+00
     -0.078      0.165     6.9310     98.379     40.821  32.126518     1.5099      8.755   225.4828 1.1186e+03     8.4852     -0.070     -0.102    14.3116   999.2195 0.0000e+00
     -0.035      0.145     6.9484     98.870     40.858  32.155870     1.5387      8.765   223.9261 1.1461e+03     8.7993     -0.025     -0.035    14.3255   999.2176 0.0000e+00
     -0.010      0.124     6.9723     99.314     40.953  32.228787     1.5506      8.765   222.7397 1.1981e+03     8.9590     -0.008     -0.011    14.3359   999.2162 0.0000e+00
      0.009      0.104     7.0022     99.719     41.060  32.310092     1.5493      8.747   222.1518 1.1142e+03     9.0063      0.006      0.009    14.3448   999.2151 0.0000e+00
      0.030      0.085     7.0406    100.123     41.148  32.377385     1.5747      8.717   221.6360 8.9378e+02     9.0434      0.029      0.042    14.3484   999.2146 0.0000e+00
      0.053      0.071     7.0766    100.545     41.188  32.407820     1.6322      8.687   221.0627 7.8006e+02     9.0479      0.053      0.077    14.3471   999.2149 0.0000e+00
      0.075      0.060     7.1079    100.799     41.208  32.424226     1.6632      8.663   220.3826 7.2459e+02     8.9947      0.076      0.110    14.3450   999.2153 0.0000e+00
      0.091      0.049     7.1376    100.545     41.238  32.448833     1.6642      8.646   219.5223 7.6913e+02     8.9249      0.094      0.136    14.3420   999.2159 0.0000e+00
      0.099      0.036     7.1636     99.495     41.238  32.451497     1.6356      8.633   218.9205 1.1351e+03     8.5974      0.099      0.144    14.3383   999.2165 0.0000e+00
      0.102      0.025     7.1998     97.524     41.239  32.456442     1.5768      8.623   218.6982 1.3127e+03     7.9838      0.100      0.145    14.3369   999.2167 0.0000e+00
      0.105      0.015     7.2280     94.757     41.299  32.508626     1.5513      8.617   218.5561 9.3328e+02     7.6668      0.102      0.148    14.3376   999.2166 0.0000e+00
      0.108      0.009     7.2166     91.482     41.378  32.574759     1.5617      8.611   218.2347 6.3248e+02     7.6491      0.106      0.153    14.3395   999.2164 0.0000e+00
      0.111      0.005     7.1452     87.968     41.434  32.621429     1.5632      8.606   217.7373 8.3221e+02     7.5735      0.109      0.158    14.3428   999.2160 0.0000e+00
      0.112      0.003     6.9995     84.522     41.441  32.628688     1.5443      8.602   217.1886 1.1769e+03     7.4739      0.111      0.160    14.3481   999.2152 0.0000e+00
      0.112      0.001     6.7915     81.497     41.404  32.599059     1.5332      8.598   216.7633 1.1839e+03     7.4600      0.111      0.161    14.3547   999.2143 0.0000e+00
      0.111      0.000     6.5505     79.078     41.380  32.580507     1.5410      8.593   216.5527 9.6676e+02     7.5044      0.109      0.158    14.3600   999.2135 0.0000e+00
      0.109     -0.002     6.2924     77.252     41.397  32.594765     1.5428      8.588   216.2765 7.8243e+02     7.4860      0.107      0.155    14.3632   999.2131 0.0000e+00
      0.109     -0.003     6.0339     75.914     41.458  32.644529     1.5556      8.583   215.7471 7.1521e+02     7.4013      0.106      0.154    14.3645   999.2129 0.0000e+00
      0.110     -0.003     5.8133     74.885     41.574  32.737966     1.5911      8.576   215.3145 7.2749e+02     7.3652      0.108      0.156    14.3637   999.2130 0.0000e+00
      0.110     -0.002     5.6422     74.030     41.697  32.836034     1.6168      8.569   215.2608 7.1518e+02     7.3771      0.109      0.158    14.3637   999.2130 0.0000e+00
      0.109     -0.002     5.5131     73.354     41.750  32.878327     1.6246      8.561   215.4419 7.3253e+02     7.4143      0.106      0.155    14.3655   999.2127 0.0000e+00
      0.107     -0.003     5.4223     72.813     41.738  32.868554     1.6328      8.553   215.4391 7.6972e+02     7.5532      0.104      0.151    14.3676   999.2124 0.0000e+00
      0.106     -0.003     5.3538     72.327     41.708  32.844798     1.6468      8.546   214.9696 8.0528e+02     7.7462      0.104      0.151    14.3698   999.2122 0.0000e+00
      0.106     -0.003     5.2893     71.923     41.708  32.844946     1.6637      8.540   214.1528 8.2693e+02     7.8458      0.105      0.152    14.3716   999.2120 0.0000e+00
      0.105     -0.003     5.2424     71.669     41.739  32.870346     1.6811      8.535   213.6509 7.9398e+02     7.8406      0.104      0.151    14.3726   999.2118 0.0000e+00
      0.104     -0.002     5.2077     71.604     41.774  32.898050     1.6752      8.529   213.8915 8.4186e+02     7.7817      0.102      0.148    14.3724   999.2118 0.0000e+00
      0.103     -0.001     5.1708     71.754     41.809  32.926068     1.6358      8.522   214.1365 9.9952e+02     7.6907      0.101      0.146    14.3720   999.2119 0.0000e+00
      0.103     -0.000     5.1400     72.106     41.845  32.955259     1.6032      8.514   213.9460 9.9660e+02     7.6255      0.100      0.145    14.3718   999.2119 0.0000e+00
      0.104      0.001     5.1212     72.576     41.897  32.997149     1.6022      8.509   213.7385 7.9534e+02     7.6160      0.101      0.147    14.3720   999.2119 0.0000e+00
      0.105      0.001     5.1157     73.090     41.965  33.051773     1.6150      8.504   213.6939 6.3351e+02     7.6079      0.103      0.149    14.3731   999.2118 0.0000e+00
      0.106      0.001     5.1255     73.567     42.035  33.108009     1.6194      8.497   213.6642 6.2867e+02     7.5939      0.105      0.151    14.3743   999.2116 0.0000e+00
      0.106      0.000     5.1544     73.911     42.111  33.169394     1.6119      8.490   213.4660 6.2541e+02     7.6098      0.105      0.152    14.3751   999.2115 0.0000e+00
      0.105     -0.001     5.1892     74.111     42.178  33.222807     1.6104      8.485   213.1897 5.4216e+02     7.6692      0.103      0.149    14.3757   999.2114 0.0000e+00
      0.104     -0.001     5.2270     74.171     42.207  33.246110     1.6446      8.479   213.0772 5.8171e+02     7.8853      0.102      0.147    14.3766   999.2113 0.0000e+00
      0.104     -0.001     5.2655     74.085     42.227  33.260763     1.7046      8.473   213.0525 8.2570e+02     8.1583      0.101      0.147    14.3781   999.2111 0.0000e+00
      0.104     -0.001     5.2886     73.908     42.243  33.273047     1.7289      8.466   212.9770 1.0177e+03     8.2502      0.102      0.147    14.3797   999.2109 0.0000e+00
      0.104      0.000     5.3026     73.703     42.238  33.267703     1.7216      8.461   212.7667 9.9263e+02     8.2762      0.102      0.148    14.3807   999.2108 0.0000e+00
      0.104      0.000     5.3081     73.498     42.228  33.259611     1.7214      8.456   212.4885 9.1806e+02     8.3086      0.102      0.148    14.3812   999.2107 0.0000e+00
      0.104     -0.001     5.2997     73.309     42.202  33.238678     1.7086      8.451   212.3666 8.9458e+02     8.2149      0.103      0.149    14.3807   999.2108 0.0000e+00
      0.104     -0.001     5.2855     73.149     42.160  33.204996     1.6794      8.447   212.2381 8.5047e+02     8.0282      0.102      0.148    14.3797   999.2110 0.0000e+00
      0.103     -0.000     5.2705     72.995     42.117  33.169674     1.6629      8.443   211.8814 7.7191e+02     7.8862      0.101      0.146    14.3790   999.2110 0.0000e+00
      0.103      0.001     5.2554     72.816     42.066  33.128922     1.6651      8.438   211.4094 7.2690e+02     7.8424      0.100      0.145    14.3784   999.2111 0.0000e+00
      0.103      0.003     5.2417     72.614     42.021  33.093041     1.6541      8.433   211.1781 7.2422e+02     7.9244      0.101      0.146    14.3776   999.2112 0.0000e+00
      0.103      0.005     5.2307     72.405     41.971  33.053159     1.6255      8.428   211.3211 7.9236e+02     8.0586      0.101      0.147    14.3764   999.2114 0.0000e+00
      0.105      0.006     5.2214     72.204     41.940  33.027486     1.6144      8.423   211.5039 9.3075e+02     8.0883      0.102      0.149    14.3750   999.2116 0.0000e+00
      0.108      0.006     5.2080     71.999     41.952  33.036491     1.6150      8.418   211.4094 9.3496e+02     8.0221      0.107      0.156    14.3742   999.2117 0.0000e+00
      0.111      0.005     5.1935     71.785     41.950  33.035106     1.5981      8.417   211.1258 8.7508e+02     7.8807      0.110      0.160    14.3736   999.2118 0.0000e+00
      0.112      0.003     5.1780     71.588     41.919  33.010739     1.5663      8.418   210.9139 9.0884e+02     7.6897      0.111      0.161    14.3727   999.2119 0.0000e+00
      0.112      0.001     5.1639     71.393     41.902  32.995728     1.5518      8.418   210.8255 8.9117e+02     7.6131      0.111      0.161    14.3719   999.2120 0.0000e+00
      0.111     -0.001     5.1506     71.200     41.884  32.980528     1.5606      8.417   210.8320 8.6565e+02     7.6422      0.109      0.158    14.3711   999.2121 0.0000e+00
      0.109     -0.002     5.1327     71.015     41.851  32.953884     1.5951      8.415   210.8210 8.6848e+02     7.6487      0.107      0.156    14.3708   999.2122 0.0000e+00
      0.109     -0.002     5.1208     70.812     41.818  32.927439     1.6565      8.411   210.6921 8.5067e+02     7.6584      0.106      0.154    14.3705   999.2122 0.0000e+00
      0.109     -0.002     5.1065     70.592     41.802  32.914631     1.6868      8.406   210.4777 8.5319e+02     7.6617      0.107      0.155    14.3695   999.2123 0.0000e+00
      0.109     -0.001     5.0916     70.374     41.816  32.925942     1.6761      8.401   210.3788 8.3825e+02     7.6225      0.108      0.156    14.3685   999.2125 0.0000e+00
      0.109     -0.001     5.0808     70.170     41.831  32.937270     1.6825      8.393   210.3571 7.9948e+02     7.7089      0.107      0.155    14.3675   999.2126 0.0000e+00
      0.109     -0.001     5.0652     70.010     41.815  32.924672     1.7125      8.384   210.1301 8.4030e+02     7.9208      0.107      0.155    14.3665   999.2127 0.0000e+00
      0.108     -0.001     5.0494     69.911     41.785  32.900545     1.7269      8.376   209.8707 9.1989e+02     8.0209      0.106      0.153    14.3662   999.2127 0.0000e+00
      0.108     -0.001     5.0338     69.846     41.785  32.899400     1.7269      8.368   209.7161 8.9689e+02     8.0339      0.106      0.153    14.3660   999.2128 0.0000e+00
      0.108     -0.001     5.0182     69.783     41.800  32.910835     1.7292      8.360   209.5513 8.3543e+02     8.0461      0.106      0.153    14.3659   999.2128 0.0000e+00
      0.107     -0.000     5.0058     69.688     41.802  32.911874     1.7113      8.352   209.5131 8.3083e+02     7.8409      0.105      0.152    14.3657   999.2128 0.0000e+00
      0.107      0.001     5.0000     69.531     41.802  32.911959     1.6842      8.343   209.6837 8.4624e+02     7.4526      0.105      0.152    14.3652   999.2129 0.0000e+00
      0.107      0.001     4.9963     69.311     41.803  32.911862     1.6785      8.336   209.8073 8.3326e+02     7.2506      0.105      0.153    14.3649   999.2129 0.0000e+00
      0.108      0.002     4.9923     69.006     41.803  32.910710     1.6765      8.328   209.8028 7.8926e+02     7.2346      0.106      0.154    14.3643   999.2130 0.0000e+00
      0.109      0.002     4.9872     68.617     41.788  32.898027     1.6521      8.320   209.8016 7.5244e+02     7.3903      0.107      0.155    14.3636   999.2131 0.0000e+00
      0.110      0.001     4.9749     68.189     41.773  32.885439     1.6186      8.314   209.7068 7.8589e+02     7.7235      0.108      0.156    14.3630   999.2132 0.0000e+00
      0.110      0.001     4.9606     67.739     41.774  32.885439     1.6082      8.309   209.6037 8.3946e+02     7.9205      0.108      0.157    14.3622   999.2133 0.0000e+00
      0.110      0.000     4.9393     67.284     41.792  32.898016     1.6140      8.305   209.6731 8.3309e+02     7.9374      0.108      0.156    14.3611   999.2135 0.0000e+00
      0.110      0.000     4.9091     66.857     41.810  32.910587     1.6279      8.302   209.6861 8.1292e+02     7.8951      0.107      0.156    14.3600   999.2136 0.0000e+00
      0.110     -0.001     4.8791     66.451     41.811  32.910501     1.6455      8.300   209.6738 8.3933e+02     7.7693      0.108      0.156    14.3587   999.2138 0.0000e+00
      0.110     -0.001     4.8468     66.055     41.796  32.896967     1.6536      8.299   209.6968 8.2766e+02     7.6613      0.108      0.156    14.3574   999.2140 0.0000e+00
      0.109     -0.001     4.8126     65.674     41.768  32.873880     1.6656      8.297   209.5336 7.6645e+02     7.6713      0.107      0.156    14.3560   999.2143 0.0000e+00
      0.108      0.000     4.7831     65.297     41.784  32.885201     1.6775      8.294   209.3353 7.8759e+02     7.6935      0.106      0.154    14.3543   999.2145 0.0000e+00
      0.108      0.001     4.7545     64.906     41.813  32.906925     1.6766      8.289   209.2784 8.3043e+02     7.6678      0.106      0.154    14.3527   999.2147 0.0000e+00
      0.108      0.003     4.7259     64.519     41.782  32.882695     1.6726      8.287   209.3616 8.3131e+02     7.6556      0.105      0.153    14.3509   999.2150 0.0000e+00
      0.108      0.005     4.6991     64.156     41.736  32.846085     1.6726      8.285   209.2232 8.1688e+02     7.6431      0.105      0.152    14.3494   999.2151 0.0000e+00
      0.110      0.006     4.6734     63.821     41.736  32.845053     1.6674      8.280   206.8311 7.8492e+02     7.5831      0.107      0.155    14.3480   999.2153 0.0000e+00
      0.115      0.006     4.6446     63.518     41.770  32.870219     1.6609      8.275   202.2065 7.7083e+02     7.4879      0.113      0.163    14.3467   999.2156 0.0000e+00
      0.118      0.009     4.6161     63.246     41.805  32.896518     1.6639      8.272   198.9938 7.8427e+02     7.4090      0.117      0.170    14.3462   999.2157 0.0000e+00
      0.118      0.016     4.5907     62.977     41.822  32.909181     1.6693      8.265   198.0151 7.9785e+02     7.3837      0.117      0.169    14.3459   999.2157 0.0000e+00
