Data/DataNotYetUploadedToEDI/Raw_CTD/2019_RawDownloads/102519_fcr50.cnv
* Sea-Bird SBE19plus  Data File:
* FileName = C:\DATA\102519_fcr50_0001.hex
* Software version 2.8.0.119 SB_Terminal.dll
* Temperature SN = 7809
* Conductivity SN = 7809
* System UpLoad Time = Oct 25 2019 15:41:40
* <ApplicationData>
* <Seaterm232>
# nquan = 16
# nvalues = 3090                        
# units = specified
# name 0 = depFM: Depth [fresh water, m]
# name 1 = dz/dtM: Descent Rate [m/s]
# name 2 = sbeox0ML/L: Oxygen, SBE 43 [ml/l]
# name 3 = sbeox0PS: Oxygen, SBE 43 [% saturation]
# name 4 = specc: Specific Conductance [uS/cm]
# name 5 = c0uS/cm: Conductivity [uS/cm]
# name 6 = flECO-AFL: Fluorescence, WET Labs ECO-AFL/FL [mg/m^3]
# name 7 = ph: pH
# name 8 = orp: Oxidation Reduction Potential [mV]
# name 9 = par/sat/log: PAR/Logarithmic, Satlantic
# name 10 = turbWETntu0: Turbidity, WET Labs ECO [NTU]
# name 11 = prdM: Pressure, Strain Gauge [db]
# name 12 = prdE: Pressure, Strain Gauge [psi]
# name 13 = tv290C: Temperature [ITS-90, deg C]
# name 14 = density00: Density [density, kg/m^3]
# name 15 = flag:  0.000e+00
# span 0 =     -0.508,      9.796       
# span 1 = -4.250e-07,      0.147       
# span 2 =     1.9450,     7.0861       
# span 3 =     26.990,     98.958       
# span 4 =      2.266,    172.890       
# span 5 =   1.794107, 133.887573       
# span 6 =    -0.1533,     4.5832       
# span 7 =      6.216,      8.322       
# span 8 =  -803.6489,   544.0095       
# span 9 = 1.2354e-01, 3.5164e+02       
# span 10 =    -0.5298,   109.9664      
# span 11 =     -0.498,      9.607      
# span 12 =     -0.723,     13.934      
# span 13 =    13.6986,    14.5870      
# span 14 =   999.1661,   999.3952      
# span 15 = 0.0000e+00, 0.0000e+00      
# interval = seconds: 0.25
# start_time = Oct 25 2019 12:11:13 [Instrument's time stamp, header]
# bad_flag = -9.990e-29
*END*
[from data line 2170]
      5.927      0.017     4.4015     60.727     52.335  40.528364     0.9121      6.372   307.7942 1.2368e-01    11.7871      5.812      8.429    13.7175   999.3334 0.0000e+00
      5.932      0.017     4.4048     60.712     52.295  40.498079     0.9015      6.371   307.9673 1.2372e-01    11.9327      5.818      8.438    13.7175   999.3334 0.0000e+00
      5.936      0.017     4.4062     60.695     52.295  40.497984     0.8980      6.370   308.0644 1.2372e-01    11.9305      5.822      8.443    13.7173   999.3335 0.0000e+00
      5.941      0.018     4.4064     60.687     52.333  40.527210     0.8953      6.369   307.9351 1.2370e-01    11.8581      5.825      8.448    13.7172   999.3335 0.0000e+00
      5.946      0.018     4.4065     60.681     52.342  40.534018     0.8953      6.370   307.6088 1.2367e-01    11.7784      5.831      8.457    13.7172   999.3335 0.0000e+00
      5.950      0.017     4.4049     60.672     52.320  40.516820     0.8982      6.370   307.5602 1.2367e-01    11.7539      5.836      8.463    13.7174   999.3335 0.0000e+00
      5.954      0.016     4.4030     60.668     52.310  40.509735     0.9046      6.370   307.7772 1.2373e-01    11.7588      5.839      8.469    13.7173   999.3335 0.0000e+00
      5.959      0.016     4.4032     60.674     52.313  40.511836     0.9030      6.370   307.9107 1.2374e-01    11.8041      5.844      8.476    13.7173   999.3336 0.0000e+00
      5.963      0.015     4.4029     60.709     52.352  40.542216     0.8962      6.370   307.6253 1.2371e-01    11.9087      5.847      8.481    13.7172   999.3336 0.0000e+00
      5.966      0.014     4.4016     60.751     52.375  40.559631     0.8919      6.370   307.0802 1.2373e-01    11.9750      5.850      8.484    13.7171   999.3336 0.0000e+00
      5.969      0.014     4.4018     60.763     52.339  40.531927     0.8937      6.369   306.9119 1.2378e-01    11.9495      5.855      8.490    13.7172   999.3336 0.0000e+00
      5.973      0.015     4.4011     60.766     52.329  40.524690     0.9180      6.369   307.2247 1.2378e-01    11.8627      5.858      8.496    13.7171   999.3336 0.0000e+00
      5.976      0.016     4.4039     60.768     52.344  40.535616     0.9521      6.369   307.6792 1.2373e-01    11.7450      5.860      8.499    13.7172   999.3337 0.0000e+00
      5.979      0.018     4.4096     60.776     52.346  40.537065     0.9590      6.369   307.9335 1.2364e-01    11.6731      5.863      8.504    13.7173   999.3337 0.0000e+00
      5.984      0.019     4.4080     60.800     52.352  40.542202     0.9491      6.369   307.7178 1.2364e-01    11.6488      5.868      8.511    13.7175   999.3336 0.0000e+00
      5.990      0.020     4.4089     60.803     52.342  40.534245     0.9457      6.368   307.2219 1.2379e-01    11.6480      5.873      8.518    13.7176   999.3337 0.0000e+00
      5.996      0.021     4.4092     60.771     52.303  40.504343     0.9610      6.368   307.1000 1.2387e-01    11.7953      5.880      8.529    13.7175   999.3337 0.0000e+00
      6.003      0.021     4.4082     60.747     52.295  40.498090     0.9958      6.368   307.3622 1.2378e-01    12.0201      5.888      8.539    13.7175   999.3338 0.0000e+00
      6.008      0.021     4.4122     60.757     52.326  40.522121     1.0190      6.367   307.4671 1.2373e-01    12.1378      5.892      8.546    13.7176   999.3338 0.0000e+00
      6.012      0.020     4.4128     60.786     52.350  40.540957     1.0162      6.367   307.2491 1.2374e-01    12.1691      5.896      8.552    13.7175   999.3338 0.0000e+00
      6.017      0.019     4.4088     60.819     52.344  40.535381     0.9970      6.367   306.9644 1.2373e-01    12.0056      5.901      8.558    13.7174   999.3338 0.0000e+00
      6.022      0.019     4.4060     60.839     52.322  40.518195     0.9685      6.367   306.8641 1.2369e-01    11.6681      5.907      8.567    13.7174   999.3338 0.0000e+00
      6.027      0.020     4.4081     60.855     52.328  40.523618     0.9489      6.367   306.8964 1.2368e-01    11.4644      5.912      8.574    13.7172   999.3339 0.0000e+00
      6.031      0.021     4.4099     60.878     52.347  40.537461     0.9510      6.367   307.0966 1.2368e-01    11.4437      5.914      8.577    13.7170   999.3339 0.0000e+00
      6.035      0.023     4.4132     60.870     52.374  40.558597     0.9502      6.367   307.2208 1.2372e-01    11.5158      5.918      8.583    13.7169   999.3340 0.0000e+00
      6.042      0.024     4.4144     60.830     52.413  40.588709     0.9394      6.366   307.0214 1.2379e-01    11.6150      5.925      8.594    13.7169   999.3340 0.0000e+00
      6.049      0.026     4.4142     60.778     52.407  40.584107     0.9429      6.366   306.8364 1.2382e-01    11.6602      5.932      8.604    13.7170   999.3340 0.0000e+00
      6.057      0.028     4.4184     60.712     52.385  40.566436     0.9569      6.366   306.7914 1.2375e-01    11.7022      5.939      8.615    13.7169   999.3341 0.0000e+00
      6.064      0.028     4.4174     60.655     52.384  40.565516     0.9705      6.366   306.8205 1.2374e-01    11.7949      5.947      8.625    13.7169   999.3341 0.0000e+00
      6.072      0.027     4.4133     60.611     52.394  40.572976     0.9682      6.366   307.0166 1.2381e-01    11.8963      5.954      8.636    13.7168   999.3342 0.0000e+00
      6.079      0.026     4.4109     60.580     52.421  40.593149     0.9554      6.366   307.1833 1.2376e-01    11.9453      5.962      8.647    13.7166   999.3343 0.0000e+00
      6.085      0.025     4.4044     60.582     52.455  40.618966     0.9629      6.365   307.0297 1.2370e-01    11.9273      5.968      8.655    13.7162   999.3343 0.0000e+00
      6.091      0.024     4.4005     60.619     52.471  40.631181     0.9981      6.364   306.7942 1.2370e-01    11.9409      5.973      8.663    13.7158   999.3344 0.0000e+00
      6.097      0.024     4.3979     60.660     52.449  40.613857     1.0427      6.364   306.7446 1.2364e-01    11.9796      5.979      8.672    13.7155   999.3345 0.0000e+00
      6.103      0.025     4.3943     60.683     52.431  40.599972     1.0684      6.364   307.0323 1.2362e-01    11.9695      5.985      8.680    13.7153   999.3346 0.0000e+00
      6.109      0.026     4.3946     60.694     52.418  40.590276     1.0837      6.364   307.5197 1.2369e-01    11.9495      5.991      8.690    13.7151   999.3346 0.0000e+00
      6.114      0.027     4.3985     60.712     52.378  40.560099     1.0882      6.364   307.6475 1.2369e-01    11.9349      5.995      8.695    13.7145   999.3347 0.0000e+00
      6.121      0.028     4.4021     60.722     52.368  40.552544     1.0711      6.363   307.3724 1.2364e-01    12.0541      6.002      8.705    13.7145   999.3347 0.0000e+00
      6.130      0.028     4.4034     60.680     52.380  40.562421     1.0682      6.361   307.1187 1.2367e-01    12.3098      6.012      8.720    13.7147   999.3347 0.0000e+00
      6.138      0.028     4.4035     60.616     52.366  40.552543     1.0792      6.360   307.0758 1.2372e-01    12.4371      6.020      8.731    13.7147   999.3348 0.0000e+00
      6.145      0.027     4.4046     60.576     52.376  40.560083     1.0736      6.361   307.2837 1.2367e-01    12.4464      6.026      8.740    13.7151   999.3347 0.0000e+00
      6.152      0.025     4.4082     60.556     52.416  40.590104     1.0529      6.361   307.6540 1.2359e-01    12.5535      6.033      8.751    13.7157   999.3347 0.0000e+00
      6.158      0.022     4.4032     60.552     52.427  40.598085     1.0287      6.361   307.6808 1.2354e-01    12.7487      6.040      8.760    13.7164   999.3346 0.0000e+00
      6.163      0.020     4.3968     60.560     52.421  40.593091     1.0154      6.361   307.3493 1.2360e-01    12.8722      6.045      8.767    13.7165   999.3346 0.0000e+00
      6.167      0.019     4.3951     60.580     52.421  40.593205     1.0133      6.361   307.1735 1.2369e-01    12.9002      6.048      8.772    13.7163   999.3347 0.0000e+00
      6.172      0.018     4.3930     60.605     52.429  40.599460     1.0116      6.360   307.4488 1.2369e-01    12.7927      6.052      8.778    13.7158   999.3348 0.0000e+00
      6.177      0.018     4.3934     60.625     52.436  40.605244     1.0117      6.359   308.0098 1.2371e-01    12.5562      6.056      8.785    13.7153   999.3349 0.0000e+00
      6.182      0.019     4.3936     60.647     52.429  40.599644     1.0154      6.359   308.2783 1.2376e-01    12.3996      6.062      8.792    13.7151   999.3349 0.0000e+00
      6.187      0.020     4.3953     60.656     52.423  40.595235     1.0133      6.359   308.2003 1.2370e-01    12.3742      6.066      8.798    13.7151   999.3349 0.0000e+00
      6.192      0.020     4.3979     60.643     52.449  40.615426     0.9947      6.358   308.0133 1.2365e-01    12.3792      6.071      8.805    13.7150   999.3350 0.0000e+00
      6.197      0.021     4.3982     60.642     52.498  40.653310     0.9725      6.358   307.9960 1.2373e-01    12.3954      6.078      8.815    13.7151   999.3350 0.0000e+00
      6.202      0.021     4.4008     60.656     52.523  40.672365     0.9696      6.358   308.3355 1.2379e-01    12.4055      6.082      8.821    13.7153   999.3350 0.0000e+00
      6.207      0.021     4.4021     60.666     52.502  40.655364     0.9681      6.358   308.5898 1.2372e-01    12.4035      6.086      8.827    13.7156   999.3350 0.0000e+00
      6.213      0.021     4.3993     60.667     52.480  40.638207     0.9464      6.358   308.5759 1.2366e-01    12.5024      6.093      8.837    13.7157   999.3350 0.0000e+00
      6.218      0.020     4.3995     60.652     52.503  40.655380     0.9229      6.357   308.4263 1.2365e-01    12.6834      6.098      8.844    13.7153   999.3351 0.0000e+00
      6.224      0.020     4.4015     60.631     52.525  40.672539     0.9099      6.357   308.3297 1.2368e-01    12.7909      6.104      8.853    13.7150   999.3352 0.0000e+00
      6.229      0.019     4.4017     60.616     52.504  40.655213     0.9022      6.358   308.4397 1.2371e-01    12.8186      6.109      8.862    13.7148   999.3352 0.0000e+00
      6.233      0.018     4.4025     60.591     52.479  40.636352     0.8989      6.357   308.5520 1.2368e-01    12.8214      6.113      8.867    13.7146   999.3353 0.0000e+00
      6.237      0.017     4.4011     60.544     52.477  40.634959     0.9140      6.356   308.5687 1.2369e-01    12.7259      6.116      8.870    13.7140   999.3354 0.0000e+00
      6.241      0.017     4.3987     60.481     52.482  40.638365     0.9450      6.356   308.4697 1.2369e-01    12.5156      6.120      8.876    13.7136   999.3354 0.0000e+00
      6.246      0.017     4.3989     60.421     52.532  40.677545     0.9621      6.356   308.3007 1.2364e-01    12.4093      6.125      8.884    13.7134   999.3355 0.0000e+00
      6.250      0.018     4.3969     60.360     52.597  40.727756     0.9650      6.356   308.2467 1.2365e-01    12.4242      6.130      8.890    13.7133   999.3355 0.0000e+00
      6.253      0.020     4.3938     60.307     52.610  40.737559     0.9627      6.355   308.4189 1.2368e-01    12.3017      6.132      8.894    13.7134   999.3355 0.0000e+00
      6.257      0.021     4.3882     60.318     52.604  40.732580     0.9521      6.355   308.6619 1.2366e-01    12.0756      6.135      8.899    13.7135   999.3355 0.0000e+00
      6.264      0.021     4.3838     60.333     52.602  40.731043     0.9487      6.355   308.6901 1.2364e-01    11.9846      6.142      8.908    13.7136   999.3355 0.0000e+00
      6.271      0.020     4.3810     60.285     52.587  40.718982     0.9570      6.355   308.5880 1.2367e-01    11.9877      6.151      8.921    13.7134   999.3356 0.0000e+00
      6.277      0.018     4.3728     60.283     52.580  40.713722     0.9570      6.354   308.3730 1.2368e-01    11.9167      6.158      8.929    13.7126   999.3358 0.0000e+00
      6.281      0.017     4.3758     60.333     52.603  40.730933     0.9490      6.353   308.0695 1.2364e-01    11.7812      6.161      8.935    13.7124   999.3358 0.0000e+00
      6.284      0.016     4.3826     60.336     52.610  40.736614     0.9461      6.353   308.1018 1.2364e-01    11.7264      6.163      8.939    13.7127   999.3358 0.0000e+00
      6.286      0.015     4.3714     60.326     52.588  40.718922     0.9481      6.353   308.3334 1.2365e-01    11.7452      6.164      8.940    13.7127   999.3358 0.0000e+00
      6.289      0.015     4.3714     60.333     52.573  40.707483     0.9480      6.353   308.4607 1.2364e-01    11.7146      6.166      8.942    13.7125   999.3358 0.0000e+00
      6.294      0.016     4.3819     60.340     52.596  40.725280     0.9450      6.353   308.2651 1.2365e-01    11.6840      6.172      8.952    13.7124   999.3359 0.0000e+00
      6.300      0.017     4.3772     60.345     52.619  40.743640     0.9456      6.352   307.7741 1.2370e-01    11.7021      6.178      8.962    13.7123   999.3359 0.0000e+00
      6.304      0.018     4.3765     60.311     52.613  40.739017     0.9549      6.352   307.6012 1.2372e-01    11.7369      6.181      8.965    13.7122   999.3359 0.0000e+00
      6.308      0.018     4.3787     60.273     52.605  40.732877     0.9625      6.353   307.7229 1.2374e-01    11.8760      6.186      8.971    13.7122   999.3359 0.0000e+00
      6.313      0.017     4.3772     60.290     52.605  40.732887     0.9595      6.353   307.9558 1.2375e-01    12.0730      6.191      8.980    13.7122   999.3360 0.0000e+00
      6.317      0.016     4.3807     60.323     52.613  40.739133     0.9536      6.352   308.0072 1.2373e-01    12.1524      6.194      8.985    13.7124   999.3360 0.0000e+00
      6.321      0.016     4.3769     60.343     52.620  40.744910     0.9435      6.351   307.6562 1.2374e-01    12.1470      6.199      8.991    13.7124   999.3360 0.0000e+00
      6.325      0.015     4.3706     60.363     52.614  40.739247     0.9238      6.351   307.4980 1.2382e-01    12.0413      6.204      8.998    13.7124   999.3360 0.0000e+00
      6.329      0.015     4.3750     60.378     52.608  40.734147     0.9057      6.352   307.7293 1.2384e-01    11.8239      6.206      9.001    13.7124   999.3360 0.0000e+00
      6.332      0.015     4.3779     60.379     52.625  40.746741     0.8985      6.352   308.0432 1.2374e-01    11.6815      6.210      9.006    13.7124   999.3360 0.0000e+00
      6.336      0.016     4.3781     60.338     52.648  40.764539     0.8968      6.352   307.9372 1.2364e-01    11.6641      6.214      9.012    13.7123   999.3361 0.0000e+00
      6.340      0.017     4.3807     60.277     52.640  40.758878     0.8944      6.351   307.4815 1.2361e-01    11.6795      6.217      9.018    13.7121   999.3361 0.0000e+00
      6.344      0.018     4.3809     60.281     52.618  40.741777     0.8865      6.350   307.3516 1.2364e-01    11.7684      6.220      9.021    13.7117   999.3362 0.0000e+00
      6.350      0.019     4.3826     60.328     52.627  40.748240     0.8805      6.350   307.4852 1.2373e-01    11.9194      6.226      9.030    13.7115   999.3363 0.0000e+00
      6.356      0.019     4.3804     60.363     52.660  40.773531     0.8821      6.350   307.6342 1.2379e-01    11.9645      6.234      9.041    13.7114   999.3363 0.0000e+00
      6.361      0.018     4.3702     60.347     52.686  40.793618     0.8796      6.350   307.6895 1.2377e-01    11.9213      6.237      9.047    13.7109   999.3364 0.0000e+00
      6.366      0.017     4.3738     60.311     52.696  40.800643     0.8846      6.349   307.5520 1.2374e-01    11.8557      6.242      9.054    13.7108   999.3364 0.0000e+00
      6.371      0.015     4.3779     60.354     52.689  40.794986     0.9080      6.348   307.3476 1.2371e-01    11.7612      6.249      9.063    13.7109   999.3364 0.0000e+00
