Data/DataNotYetUploadedToEDI/Raw_CTD/2019_RawDownloads/102519_fcr50.cnv
* Sea-Bird SBE19plus  Data File:
* FileName = C:\DATA\102519_fcr50_0001.hex
* Software version 2.8.0.119 SB_Terminal.dll
* Temperature SN = 7809
* Conductivity SN = 7809
* System UpLoad Time = Oct 25 2019 15:41:40
* <ApplicationData>
* <Seaterm232>
# nquan = 16
# nvalues = 3090                        
# units = specified
# name 0 = depFM: Depth [fresh water, m]
# name 1 = dz/dtM: Descent Rate [m/s]
# name 2 = sbeox0ML/L: Oxygen, SBE 43 [ml/l]
# name 3 = sbeox0PS: Oxygen, SBE 43 [% saturation]
# name 4 = specc: Specific Conductance [uS/cm]
# name 5 = c0uS/cm: Conductivity [uS/cm]
# name 6 = flECO-AFL: Fluorescence, WET Labs ECO-AFL/FL [mg/m^3]
# name 7 = ph: pH
# name 8 = orp: Oxidation Reduction Potential [mV]
# name 9 = par/sat/log: PAR/Logarithmic, Satlantic
# name 10 = turbWETntu0: Turbidity, WET Labs ECO [NTU]
# name 11 = prdM: Pressure, Strain Gauge [db]
# name 12 = prdE: Pressure, Strain Gauge [psi]
# name 13 = tv290C: Temperature [ITS-90, deg C]
# name 14 = density00: Density [density, kg/m^3]
# name 15 = flag:  0.000e+00
# span 0 =     -0.508,      9.796       
# span 1 = -4.250e-07,      0.147       
# span 2 =     1.9450,     7.0861       
# span 3 =     26.990,     98.958       
# span 4 =      2.266,    172.890       
# span 5 =   1.794107, 133.887573       
# span 6 =    -0.1533,     4.5832       
# span 7 =      6.216,      8.322       
# span 8 =  -803.6489,   544.0095       
# span 9 = 1.2354e-01, 3.5164e+02       
# span 10 =    -0.5298,   109.9664      
# span 11 =     -0.498,      9.607      
# span 12 =     -0.723,     13.934      
# span 13 =    13.6986,    14.5870      
# span 14 =   999.1661,   999.3952      
# span 15 = 0.0000e+00, 0.0000e+00      
# interval = seconds: 0.25
# start_time = Oct 25 2019 12:11:13 [Instrument's time stamp, header]
# bad_flag = -9.990e-29
*END*
[from data line 1628]
      4.023      0.009     5.3575     74.009     44.171  34.373130     2.1617      6.711   290.7509 1.8831e-01     8.7019      3.945      5.722    13.9028   999.2966 0.0000e+00
      4.023      0.010     5.3544     73.978     44.150  34.356859     2.2471      6.710   290.6945 1.9716e-01     9.0266      3.946      5.723    13.9032   999.2965 0.0000e+00
      4.025      0.011     5.3505     73.937     44.125  34.338057     2.2963      6.710   290.7301 1.9896e-01     9.2313      3.946      5.723    13.9039   999.2964 0.0000e+00
      4.030      0.012     5.3483     73.905     44.122  34.336192     2.3051      6.709   290.7504 1.9539e-01     9.2435      3.952      5.732    13.9051   999.2963 0.0000e+00
      4.035      0.013     5.3484     73.896     44.119  34.334311     2.3272      6.709   290.5963 1.9786e-01     9.3373      3.958      5.741    13.9055   999.2963 0.0000e+00
      4.038      0.013     5.3458     73.918     44.094  34.315318     2.3732      6.709   290.7598 1.9350e-01     9.5463      3.960      5.743    13.9054   999.2963 0.0000e+00
      4.041      0.012     5.3418     73.943     44.070  34.296957     2.4020      6.709   291.1780 1.8345e-01     9.6398      3.962      5.746    13.9060   999.2962 0.0000e+00
      4.044      0.011     5.3396     73.972     44.077  34.302708     2.4153      6.708   291.2653 1.8143e-01     9.6496      3.967      5.753    13.9069   999.2961 0.0000e+00
      4.048      0.009     5.3377     74.027     44.101  34.321387     2.4206      6.707   291.1261 1.7069e-01     9.6976      3.970      5.758    13.9078   999.2960 0.0000e+00
      4.050      0.009     5.3409     74.084     44.115  34.332398     2.4143      6.706   290.9577 1.5521e-01     9.8268      3.971      5.759    13.9086   999.2959 0.0000e+00
      4.051      0.008     5.3427     74.117     44.084  34.308904     2.4178      6.705   290.8645 1.5875e-01    10.0324      3.972      5.762    13.9087   999.2959 0.0000e+00
      4.052      0.008     5.3429     74.145     44.060  34.291189     2.4282      6.705   291.2036 1.6957e-01    10.1516      3.974      5.764    13.9084   999.2959 0.0000e+00
      4.055      0.009     5.3486     74.173     44.080  34.308612     2.4357      6.705   291.8747 1.6968e-01    10.1529      3.977      5.768    13.9082   999.2960 0.0000e+00
      4.057      0.011     5.3538     74.200     44.105  34.329165     2.4477      6.705   292.2667 1.6798e-01    10.0156      3.979      5.771    13.9088   999.2959 0.0000e+00
      4.059      0.011     5.3544     74.220     44.130  34.349292     2.4691      6.705   292.2441 1.6393e-01     9.8021      3.980      5.772    13.9103   999.2957 0.0000e+00
      4.063      0.011     5.3568     74.229     44.146  34.361568     2.4864      6.705   292.0320 1.6264e-01     9.7353      3.983      5.778    13.9113   999.2955 0.0000e+00
      4.067      0.011     5.3586     74.254     44.132  34.350664     2.4837      6.704   291.8525 1.6820e-01     9.7316      3.989      5.786    13.9131   999.2954 0.0000e+00
      4.071      0.010     5.3599     74.288     44.124  34.344384     2.4448      6.704   292.0526 1.8140e-01     9.5606      3.993      5.791    13.9154   999.2951 0.0000e+00
      4.073      0.008     5.3628     74.293     44.130  34.349106     2.3806      6.703   292.4727 1.8515e-01     9.3069      3.994      5.793    13.9157   999.2950 0.0000e+00
      4.073      0.007     5.3613     74.276     44.124  34.344282     2.3487      6.702   292.7164 1.7019e-01     9.1879      3.995      5.794    13.9152   999.2951 0.0000e+00
      4.074      0.006     5.3637     74.268     44.130  34.349532     2.3534      6.701   292.8475 1.7161e-01     9.1707      3.995      5.795    13.9150   999.2951 0.0000e+00
      4.075      0.006     5.3677     74.263     44.130  34.349116     2.3427      6.700   292.8538 1.8221e-01     9.0992      3.996      5.796    13.9149   999.2951 0.0000e+00
      4.077      0.006     5.3679     74.231     44.117  34.339252     2.3144      6.700   292.7072 1.7859e-01     8.9124      3.998      5.799    13.9151   999.2951 0.0000e+00
      4.080      0.006     5.3650     74.176     44.141  34.357196     2.2977      6.700   292.6236 1.7659e-01     8.7473      4.002      5.804    13.9151   999.2951 0.0000e+00
      4.082      0.006     5.3646     74.116     44.166  34.375668     2.2970      6.700   292.6162 1.7709e-01     8.7414      4.004      5.807    13.9149   999.2952 0.0000e+00
      4.083      0.005     5.3660     74.055     44.162  34.372193     2.3311      6.699   292.6184 1.7607e-01     8.8409      4.004      5.808    13.9152   999.2952 0.0000e+00
      4.084      0.004     5.3629     73.991     44.172  34.378656     2.3904      6.698   292.6499 1.7884e-01     8.9352      4.005      5.809    13.9149   999.2952 0.0000e+00
      4.085      0.003     5.3588     73.931     44.187  34.390339     2.4244      6.698   292.6529 1.6866e-01     8.9640      4.006      5.810    13.9140   999.2953 0.0000e+00
      4.085      0.003     5.3542     73.884     44.182  34.386520     2.4294      6.698   292.5693 1.6070e-01     8.9594      4.006      5.810    13.9131   999.2955 0.0000e+00
      4.086      0.005     5.3506     73.874     44.194  34.395947     2.4083      6.698   292.3274 1.6910e-01     9.0100      4.007      5.812    13.9119   999.2956 0.0000e+00
      4.087      0.008     5.3452     73.897     44.252  34.440856     2.3763      6.698   292.1372 1.7077e-01     9.1174      4.008      5.813    13.9112   999.2957 0.0000e+00
      4.087      0.010     5.3413     73.929     44.308  34.485237     2.3633      6.698   292.3350 1.6712e-01     9.1763      4.008      5.814    13.9111   999.2958 0.0000e+00
      4.090      0.011     5.3366     73.986     44.312  34.488275     2.3645      6.699   292.5675 1.6132e-01     9.1980      4.010      5.815    13.9114   999.2957 0.0000e+00
      4.096      0.011     5.3357     74.052     44.299  34.477589     2.3735      6.699   292.6251 1.5051e-01     9.2488      4.017      5.826    13.9113   999.2958 0.0000e+00
      4.101      0.011     5.3393     74.092     44.307  34.482964     2.3945      6.698   292.6013 1.4947e-01     9.3323      4.024      5.836    13.9115   999.2958 0.0000e+00
      4.104      0.011     5.3397     74.094     44.317  34.489795     2.4181      6.697   292.3658 1.5602e-01     9.4200      4.025      5.837    13.9120   999.2958 0.0000e+00
      4.105      0.010     5.3449     74.064     44.326  34.496720     2.4166      6.697   292.1862 1.5955e-01     9.4577      4.024      5.838    13.9119   999.2957 0.0000e+00
      4.106      0.009     5.3510     74.005     44.336  34.503228     2.4104      6.696   292.2368 1.6344e-01     9.4597      4.026      5.839    13.9112   999.2958 0.0000e+00
      4.108      0.009     5.3541     73.925     44.339  34.505008     2.4385      6.695   292.4622 1.6106e-01     9.3461      4.027      5.841    13.9102   999.2960 0.0000e+00
      4.111      0.009     5.3540     73.850     44.357  34.518239     2.4708      6.695   292.7598 1.5344e-01     9.1006      4.032      5.849    13.9096   999.2961 0.0000e+00
      4.114      0.009     5.3518     73.788     44.382  34.536269     2.4883      6.695   292.7378 1.4893e-01     8.9816      4.036      5.853    13.9090   999.2962 0.0000e+00
      4.116      0.010     5.3478     73.729     44.378  34.532609     2.4942      6.694   292.4540 1.4872e-01     8.9888      4.037      5.855    13.9081   999.2964 0.0000e+00
      4.118      0.010     5.3407     73.677     44.384  34.537446     2.4558      6.694   292.3398 1.5032e-01     8.9255      4.038      5.857    13.9071   999.2965 0.0000e+00
      4.120      0.010     5.3356     73.628     44.458  34.594756     2.3880      6.695   292.3891 1.5075e-01     8.8394      4.039      5.858    13.9060   999.2967 0.0000e+00
      4.123      0.010     5.3318     73.583     44.535  34.654326     2.3498      6.695   292.6202 1.5134e-01     8.7992      4.043      5.864    13.9050   999.2968 0.0000e+00
      4.126      0.010     5.3271     73.535     44.576  34.686491     2.3415      6.694   292.8972 1.5430e-01     8.7682      4.047      5.869    13.9042   999.2969 0.0000e+00
      4.129      0.011     5.3236     73.474     44.631  34.729786     2.2878      6.693   292.8136 1.5572e-01     8.7583      4.049      5.873    13.9038   999.2970 0.0000e+00
      4.131      0.011     5.3204     73.425     44.716  34.796994     2.1867      6.693   292.6416 1.5131e-01     8.7783      4.052      5.877    13.9036   999.2971 0.0000e+00
      4.133      0.011     5.3165     73.398     44.802  34.864410     2.1323      6.693   292.7096 1.4786e-01     8.7807      4.053      5.879    13.9039   999.2971 0.0000e+00
      4.136      0.010     5.3146     73.366     44.862  34.910217     2.1248      6.692   292.8617 1.4968e-01     8.7874      4.056      5.883    13.9044   999.2970 0.0000e+00
      4.140      0.010     5.3083     73.338     44.939  34.970023     2.1391      6.691   292.9320 1.5170e-01     8.8263      4.060      5.888    13.9050   999.2970 0.0000e+00
      4.143      0.011     5.3042     73.298     44.999  35.016300     2.1668      6.691   292.9578 1.5122e-01     8.8250      4.063      5.892    13.9055   999.2969 0.0000e+00
      4.145      0.012     5.3044     73.206     45.013  35.025459     2.1739      6.691   293.0870 1.5165e-01     8.8044      4.065      5.895    13.9058   999.2969 0.0000e+00
      4.147      0.013     5.3002     73.063     45.087  35.080760     2.1733      6.692   293.2043 1.5084e-01     8.8064      4.066      5.897    13.9056   999.2970 0.0000e+00
      4.150      0.015     5.2992     72.887     45.133  35.113711     2.1766      6.692   293.0850 1.4892e-01     8.7836      4.070      5.903    13.9053   999.2971 0.0000e+00
      4.154      0.016     5.2981     72.692     45.048  35.043042     2.1782      6.692   292.9355 1.4923e-01     8.8243      4.074      5.908    13.9043   999.2973 0.0000e+00
      4.159      0.016     5.2911     72.508     44.979  34.987944     2.1842      6.692   293.0314 1.4605e-01     8.9375      4.078      5.914    13.9023   999.2975 0.0000e+00
      4.164      0.016     5.2803     72.320     45.019  35.018748     2.1970      6.691   293.2117 1.3757e-01     9.0054      4.085      5.925    13.9009   999.2978 0.0000e+00
      4.169      0.015     5.2684     72.114     45.121  35.098143     2.2124      6.690   293.3091 1.3617e-01     9.0224      4.090      5.932    13.8972   999.2984 0.0000e+00
      4.172      0.013     5.2530     71.919     45.235  35.186267     2.2749      6.690   293.3489 1.4038e-01     9.0117      4.092      5.934    13.8913   999.2992 0.0000e+00
      4.174      0.011     5.2410     71.747     45.329  35.259132     2.3966      6.689   293.4344 1.3427e-01     9.0076      4.093      5.937    13.8896   999.2994 0.0000e+00
      4.177      0.009     5.2284     71.608     45.439  35.344455     2.4792      6.689   293.5681 1.2594e-01     9.0055      4.096      5.942    13.8902   999.2993 0.0000e+00
      4.179      0.008     5.2116     71.528     45.586  35.456250     2.4852      6.689   293.5892 1.2626e-01     8.9860      4.098      5.944    13.8897   999.2994 0.0000e+00
      4.180      0.008     5.1980     71.493     45.687  35.531837     2.4251      6.688   293.6888 1.3235e-01     9.0350      4.099      5.945    13.8898   999.2995 0.0000e+00
      4.182      0.009     5.1852     71.459     45.728  35.560185     2.3341      6.688   293.9125 1.3670e-01     9.1381      4.101      5.948    13.8905   999.2994 0.0000e+00
      4.185      0.009     5.1742     71.435     45.712  35.545119     2.2947      6.687   293.8850 1.3340e-01     9.1846      4.104      5.953    13.8896   999.2995 0.0000e+00
      4.187      0.009     5.1685     71.417     45.627  35.476617     2.3037      6.687   293.7862 1.2849e-01     9.2034      4.106      5.956    13.8870   999.3000 0.0000e+00
      4.190      0.009     5.1694     71.372     45.567  35.430105     2.2789      6.687   293.7504 1.3028e-01     9.1037      4.109      5.959    13.8830   999.3006 0.0000e+00
      4.192      0.008     5.1657     71.290     45.561  35.427049     2.2118      6.686   293.6244 1.3543e-01     8.8971      4.111      5.962    13.8788   999.3012 0.0000e+00
      4.194      0.007     5.1643     71.177     45.575  35.439664     2.1775      6.685   293.7256 1.3737e-01     8.8022      4.113      5.966    13.8760   999.3016 0.0000e+00
      4.196      0.006     5.1652     71.052     45.592  35.455699     2.1756      6.685   294.1135 1.3718e-01     8.7754      4.115      5.968    13.8731   999.3019 0.0000e+00
      4.197      0.006     5.1613     70.925     45.638  35.493984     2.1200      6.685   294.3566 1.3349e-01     8.7379      4.115      5.969    13.8727   999.3020 0.0000e+00
      4.198      0.007     5.1558     70.809     45.755  35.585219     2.0076      6.684   294.3419 1.2867e-01     8.7084      4.117      5.971    13.8754   999.3016 0.0000e+00
      4.199      0.008     5.1459     70.728     45.865  35.670209     1.9348      6.684   294.2801 1.3044e-01     8.7144      4.118      5.972    13.8778   999.3013 0.0000e+00
      4.201      0.009     5.1371     70.686     45.900  35.696469     1.9166      6.684   294.2121 1.3449e-01     8.7439      4.118      5.973    13.8803   999.3010 0.0000e+00
      4.205      0.010     5.1268     70.664     45.921  35.712311     1.9271      6.683   294.2066 1.3350e-01     8.7389      4.123      5.980    13.8841   999.3005 0.0000e+00
      4.209      0.011     5.1177     70.647     46.031  35.798271     2.0351      6.682   294.3007 1.3180e-01     8.7186      4.128      5.988    13.8852   999.3004 0.0000e+00
      4.211      0.012     5.1118     70.635     46.176  35.910677     2.2077      6.682   294.3170 1.2990e-01     8.6954      4.129      5.989    13.8820   999.3009 0.0000e+00
      4.212      0.012     5.1095     70.605     46.282  35.992379     2.2882      6.682   294.3172 1.2640e-01     8.6875      4.130      5.991    13.8808   999.3011 0.0000e+00
      4.215      0.012     5.1088     70.554     46.406  36.087931     2.3066      6.682   294.3894 1.2557e-01     8.7217      4.133      5.995    13.8816   999.3009 0.0000e+00
      4.219      0.012     5.1066     70.501     46.522  36.177362     2.4566      6.681   294.4164 1.2639e-01     8.6507      4.138      6.001    13.8817   999.3010 0.0000e+00
      4.222      0.013     5.1071     70.430     46.536  36.185068     2.7145      6.680   294.3848 1.2801e-01     8.4508      4.141      6.006    13.8816   999.3011 0.0000e+00
      4.225      0.013     5.1053     70.316     46.454  36.117626     2.8500      6.679   294.3514 1.3092e-01     8.3370      4.142      6.009    13.8804   999.3014 0.0000e+00
      4.229      0.012     5.1004     70.190     46.383  36.060117     2.8462      6.679   294.3564 1.3006e-01     8.3234      4.147      6.015    13.8798   999.3015 0.0000e+00
      4.233      0.010     5.0971     70.044     46.385  36.060993     2.6945      6.679   294.4449 1.2607e-01     8.3184      4.151      6.022    13.8796   999.3015 0.0000e+00
      4.235      0.010     5.0944     69.837     46.472  36.128213     2.4210      6.679   294.5616 1.2427e-01     8.3100      4.153      6.024    13.8755   999.3021 0.0000e+00
      4.236      0.011     5.0841     69.595     46.616  36.238139     2.2690      6.679   294.6498 1.2388e-01     8.2875      4.154      6.025    13.8703   999.3028 0.0000e+00
      4.237      0.012     5.0757     69.368     46.717  36.311055     2.2440      6.679   294.7367 1.2374e-01     8.2750      4.155      6.027    13.8683   999.3031 0.0000e+00
      4.240      0.014     5.0679     69.165     46.730  36.311616     2.1893      6.678   294.8368 1.2419e-01     8.4212      4.159      6.031    13.8673   999.3032 0.0000e+00
