Data/DataNotYetUploadedToEDI/Raw_CTD/2019_RawDownloads/102519_fcr50.cnv
* Sea-Bird SBE19plus  Data File:
* FileName = C:\DATA\102519_fcr50_0001.hex
* Software version 2.8.0.119 SB_Terminal.dll
* Temperature SN = 7809
* Conductivity SN = 7809
* System UpLoad Time = Oct 25 2019 15:41:40
* <ApplicationData>
* <Seaterm232>
# nquan = 16
# nvalues = 3090                        
# units = specified
# name 0 = depFM: Depth [fresh water, m]
# name 1 = dz/dtM: Descent Rate [m/s]
# name 2 = sbeox0ML/L: Oxygen, SBE 43 [ml/l]
# name 3 = sbeox0PS: Oxygen, SBE 43 [% saturation]
# name 4 = specc: Specific Conductance [uS/cm]
# name 5 = c0uS/cm: Conductivity [uS/cm]
# name 6 = flECO-AFL: Fluorescence, WET Labs ECO-AFL/FL [mg/m^3]
# name 7 = ph: pH
# name 8 = orp: Oxidation Reduction Potential [mV]
# name 9 = par/sat/log: PAR/Logarithmic, Satlantic
# name 10 = turbWETntu0: Turbidity, WET Labs ECO [NTU]
# name 11 = prdM: Pressure, Strain Gauge [db]
# name 12 = prdE: Pressure, Strain Gauge [psi]
# name 13 = tv290C: Temperature [ITS-90, deg C]
# name 14 = density00: Density [density, kg/m^3]
# name 15 = flag:  0.000e+00
# span 0 =     -0.508,      9.796       
# span 1 = -4.250e-07,      0.147       
# span 2 =     1.9450,     7.0861       
# span 3 =     26.990,     98.958       
# span 4 =      2.266,    172.890       
# span 5 =   1.794107, 133.887573       
# span 6 =    -0.1533,     4.5832       
# span 7 =      6.216,      8.322       
# span 8 =  -803.6489,   544.0095       
# span 9 = 1.2354e-01, 3.5164e+02       
# span 10 =    -0.5298,   109.9664      
# span 11 =     -0.498,      9.607      
# span 12 =     -0.723,     13.934      
# span 13 =    13.6986,    14.5870      
# span 14 =   999.1661,   999.3952      
# span 15 = 0.0000e+00, 0.0000e+00      
# interval = seconds: 0.25
# start_time = Oct 25 2019 12:11:13 [Instrument's time stamp, header]
# bad_flag = -9.990e-29
*END*
[from data line 543]
      1.205      0.009     6.2340     86.767     41.108  32.153566     3.2071      6.919   280.1572 3.4025e+01    10.5574      1.181      1.713    14.1057   999.2544 0.0000e+00
      1.207      0.008     6.2287     86.889     41.146  32.182836     3.2055      6.920   280.2161 3.3915e+01    10.5516      1.184      1.718    14.1055   999.2545 0.0000e+00
      1.209      0.008     6.2288     87.033     41.146  32.183261     3.2359      6.921   279.9229 3.3798e+01    10.4926      1.186      1.720    14.1053   999.2545 0.0000e+00
      1.210      0.009     6.2360     87.133     41.114  32.158696     3.2979      6.921   279.4516 3.3725e+01    10.4009      1.187      1.721    14.1052   999.2545 0.0000e+00
      1.212      0.009     6.2410     87.188     41.090  32.139673     3.3314      6.921   279.2501 3.3640e+01    10.3605      1.188      1.723    14.1053   999.2545 0.0000e+00
      1.215      0.010     6.2494     87.217     41.095  32.143632     3.3367      6.920   279.4660 3.3521e+01    10.3653      1.191      1.728    14.1052   999.2546 0.0000e+00
      1.218      0.012     6.2631     87.202     41.095  32.143098     3.3707      6.919   279.9109 3.3313e+01    10.4588      1.194      1.732    14.1053   999.2545 0.0000e+00
      1.221      0.013     6.2695     87.169     41.082  32.133223     3.4302      6.919   280.1558 3.3043e+01    10.6385      1.197      1.737    14.1054   999.2546 0.0000e+00
      1.224      0.014     6.2719     87.135     41.105  32.151153     3.4580      6.920   279.9313 3.2823e+01    10.7687      1.201      1.742    14.1053   999.2546 0.0000e+00
      1.229      0.016     6.2764     87.095     41.129  32.169509     3.4545      6.919   279.5193 3.2648e+01    10.8207      1.205      1.748    14.1053   999.2546 0.0000e+00
      1.233      0.018     6.2735     87.075     41.124  32.164782     3.4837      6.919   279.3041 3.2473e+01    10.7747      1.210      1.754    14.1051   999.2547 0.0000e+00
      1.237      0.018     6.2705     87.088     41.114  32.157452     3.5419      6.919   279.3943 3.2230e+01    10.6395      1.212      1.758    14.1050   999.2547 0.0000e+00
      1.242      0.018     6.2692     87.100     41.098  32.144344     3.5690      6.918   279.5777 3.1864e+01    10.5617      1.216      1.764    14.1049   999.2547 0.0000e+00
      1.248      0.018     6.2649     87.115     41.084  32.133223     3.5603      6.918   279.6287 3.1490e+01    10.5880      1.225      1.777    14.1046   999.2548 0.0000e+00
      1.254      0.017     6.2629     87.155     41.105  32.149906     3.4713      6.918   279.4952 3.1245e+01    10.7614      1.231      1.785    14.1042   999.2549 0.0000e+00
      1.258      0.015     6.2657     87.203     41.113  32.155674     3.3165      6.918   279.2542 3.1068e+01    11.0514      1.232      1.788    14.1040   999.2549 0.0000e+00
      1.261      0.013     6.2666     87.244     41.092  32.139501     3.2316      6.918   279.1242 3.0921e+01    11.2112      1.235      1.793    14.1037   999.2550 0.0000e+00
      1.263      0.011     6.2659     87.239     41.099  32.144750     3.2176      6.918   279.1281 3.0801e+01    11.2510      1.238      1.796    14.1034   999.2550 0.0000e+00
      1.265      0.011     6.2705     87.142     41.113  32.155671     3.2590      6.918   279.3001 3.0658e+01    11.1730      1.240      1.798    14.1032   999.2551 0.0000e+00
      1.267      0.011     6.2736     86.999     41.099  32.144636     3.3500      6.918   279.5692 3.0519e+01    10.9565      1.242      1.802    14.1031   999.2551 0.0000e+00
      1.270      0.011     6.2772     86.879     41.091  32.138242     3.3997      6.918   279.6283 3.0382e+01    10.8290      1.247      1.808    14.1030   999.2551 0.0000e+00
      1.274      0.011     6.2797     86.783     41.096  32.141817     3.4002      6.919   279.4993 3.0197e+01    10.8108      1.249      1.811    14.1031   999.2551 0.0000e+00
      1.276      0.011     6.2706     86.710     41.074  32.124407     3.3995      6.919   279.3860 3.0000e+01    10.8668      1.251      1.815    14.1032   999.2551 0.0000e+00
      1.279      0.011     6.2575     86.684     41.066  32.118118     3.4174      6.918   279.3770 2.9842e+01    10.9823      1.254      1.819    14.1027   999.2552 0.0000e+00
      1.281      0.012     6.2500     86.698     41.080  32.129240     3.4434      6.916   279.3898 2.9700e+01    11.0276      1.256      1.822    14.1025   999.2552 0.0000e+00
      1.284      0.013     6.2433     86.735     41.083  32.131963     3.4536      6.916   279.3691 2.9537e+01    11.0211      1.259      1.827    14.1024   999.2553 0.0000e+00
      1.287      0.014     6.2368     86.794     41.108  32.151038     3.4629      6.916   279.4713 2.9333e+01    11.0016      1.262      1.830    14.1022   999.2553 0.0000e+00
      1.291      0.014     6.2352     86.832     41.132  32.169498     3.5724      6.915   279.6783 2.9123e+01    10.7916      1.266      1.836    14.1020   999.2553 0.0000e+00
      1.296      0.013     6.2375     86.835     41.126  32.164769     3.7717      6.915   279.8065 2.8952e+01    10.4156      1.271      1.844    14.1019   999.2554 0.0000e+00
      1.300      0.012     6.2388     86.855     41.117  32.157327     3.8795      6.914   279.8170 2.8794e+01    10.1925      1.276      1.850    14.1020   999.2554 0.0000e+00
      1.302      0.010     6.2449     86.891     41.099  32.142971     3.8788      6.914   279.7201 2.8679e+01    10.1250      1.278      1.853    14.1020   999.2554 0.0000e+00
      1.304      0.010     6.2492     86.908     41.068  32.118120     3.8153      6.914   279.5811 2.8603e+01    10.0264      1.279      1.855    14.1019   999.2554 0.0000e+00
      1.305      0.010     6.2458     86.903     41.058  32.110691     3.7003      6.914   279.5990 2.8496e+01     9.8842      1.280      1.856    14.1018   999.2555 0.0000e+00
      1.306      0.010     6.2484     86.895     41.066  32.116616     3.6333      6.914   279.7645 2.8334e+01     9.7495      1.281      1.858    14.1014   999.2555 0.0000e+00
      1.309      0.011     6.2522     86.892     41.078  32.126295     3.6294      6.914   279.8609 2.8144e+01     9.6763      1.283      1.862    14.1011   999.2556 0.0000e+00
      1.314      0.012     6.2536     86.905     41.127  32.164260     3.5748      6.914   279.9040 2.7981e+01     9.5559      1.289      1.870    14.1012   999.2556 0.0000e+00
      1.318      0.012     6.2519     86.941     41.166  32.194882     3.4584      6.913   279.9415 2.7844e+01     9.3097      1.293      1.875    14.1010   999.2556 0.0000e+00
      1.320      0.011     6.2517     86.966     41.146  32.179240     3.4009      6.913   279.8841 2.7712e+01     9.1578      1.294      1.877    14.1007   999.2557 0.0000e+00
      1.323      0.010     6.2515     86.969     41.129  32.165515     3.4007      6.914   279.8127 2.7588e+01     9.1613      1.297      1.881    14.1005   999.2557 0.0000e+00
      1.325      0.009     6.2512     86.954     41.117  32.155845     3.3253      6.914   279.8517 2.7497e+01     9.1874      1.300      1.885    14.1003   999.2558 0.0000e+00
      1.327      0.008     6.2561     86.919     41.078  32.125786     3.1744      6.914   279.9263 2.7412e+01     9.2116      1.301      1.888    14.1002   999.2558 0.0000e+00
      1.329      0.007     6.2575     86.856     41.070  32.119369     3.0929      6.915   279.9403 2.7274e+01     9.2251      1.303      1.890    14.1001   999.2558 0.0000e+00
      1.332      0.006     6.2577     86.760     41.099  32.141714     3.0945      6.915   279.9343 2.7127e+01     9.2186      1.306      1.894    14.1000   999.2558 0.0000e+00
      1.334      0.005     6.2568     86.655     41.099  32.142119     3.1074      6.914   279.9409 2.7043e+01     9.1989      1.308      1.897    14.0999   999.2559 0.0000e+00
      1.334      0.004     6.2541     86.555     41.076  32.124273     3.1799      6.914   279.9343 2.6998e+01     9.0519      1.308      1.898    14.1000   999.2558 0.0000e+00
      1.335      0.003     6.2507     86.461     41.066  32.116319     3.3119      6.914   279.9395 2.6965e+01     8.7528      1.309      1.899    14.0998   999.2559 0.0000e+00
      1.335      0.003     6.2420     86.393     41.057  32.109417     3.3857      6.914   279.9185 2.6947e+01     8.5640      1.309      1.899    14.1000   999.2558 0.0000e+00
      1.336      0.004     6.2344     86.356     41.051  32.104273     3.3952      6.914   279.8523 2.6918e+01     8.5724      1.310      1.900    14.1002   999.2558 0.0000e+00
      1.337      0.004     6.2277     86.351     41.067  32.117589     3.3832      6.914   279.8276 2.6842e+01     8.7879      1.310      1.900    14.1002   999.2558 0.0000e+00
      1.338      0.005     6.2195     86.379     41.101  32.143492     3.3543      6.914   279.7916 2.6712e+01     9.1717      1.312      1.903    14.1003   999.2558 0.0000e+00
      1.340      0.005     6.2153     86.434     41.127  32.163627     3.3398      6.914   279.8471 2.6604e+01     9.4116      1.314      1.906    14.1001   999.2558 0.0000e+00
      1.341      0.005     6.2123     86.487     41.136  32.170654     3.3383      6.913   280.0678 2.6543e+01     9.4923      1.315      1.909    14.1000   999.2558 0.0000e+00
      1.343      0.005     6.2121     86.525     41.129  32.164999     3.3107      6.912   280.1371 2.6480e+01     9.8527      1.317      1.911    14.0998   999.2559 0.0000e+00
      1.344      0.005     6.2138     86.559     41.121  32.158711     3.2569      6.914   280.0834 2.6423e+01    10.4583      1.318      1.911    14.0998   999.2559 0.0000e+00
      1.345      0.006     6.2190     86.540     41.120  32.158088     3.2261      6.915   280.0209 2.6370e+01    10.7522      1.318      1.912    14.0997   999.2559 0.0000e+00
      1.346      0.007     6.2237     86.438     41.119  32.157464     3.2322      6.915   279.8971 2.6301e+01    10.7516      1.320      1.915    14.0994   999.2560 0.0000e+00
      1.348      0.008     6.2244     86.282     41.111  32.151166     3.3400      6.915   279.9637 2.6224e+01    10.5487      1.321      1.917    14.0992   999.2560 0.0000e+00
      1.350      0.009     6.2295     86.111     41.104  32.145396     3.5323      6.915   280.2241 2.6106e+01    10.1672      1.323      1.919    14.0992   999.2560 0.0000e+00
      1.353      0.009     6.2291     85.963     41.112  32.151164     3.6333      6.915   280.3780 2.5952e+01     9.9734      1.327      1.925    14.0992   999.2560 0.0000e+00
      1.357      0.008     6.2204     85.869     41.120  32.157449     3.6330      6.916   280.4475 2.5848e+01     9.9422      1.331      1.931    14.0991   999.2561 0.0000e+00
      1.359      0.008     6.2082     85.827     41.121  32.157921     3.5544      6.916   280.4617 2.5814e+01     9.8233      1.332      1.933    14.0992   999.2561 0.0000e+00
      1.360      0.007     6.1952     85.822     41.119  32.156871     3.4115      6.915   280.3785 2.5791e+01     9.6170      1.333      1.934    14.0989   999.2561 0.0000e+00
      1.361      0.006     6.1833     85.872     41.104  32.144756     3.3351      6.914   280.3020 2.5747e+01     9.4478      1.334      1.936    14.0985   999.2562 0.0000e+00
      1.362      0.005     6.1767     85.943     41.096  32.138358     3.3329      6.913   280.3107 2.5691e+01     9.3828      1.335      1.937    14.0984   999.2562 0.0000e+00
      1.364      0.005     6.1752     85.999     41.102  32.142974     3.3074      6.913   280.4837 2.5641e+01     9.2900      1.337      1.939    14.0982   999.2562 0.0000e+00
      1.365      0.006     6.1727     86.050     41.095  32.137109     3.2520      6.913   280.6736 2.5586e+01     9.1115      1.338      1.940    14.0980   999.2563 0.0000e+00
      1.366      0.006     6.1783     86.104     41.088  32.130905     3.2261      6.914   280.7133 2.5524e+01     9.0274      1.340      1.944    14.0979   999.2563 0.0000e+00
      1.368      0.007     6.1847     86.169     41.089  32.131423     3.2283      6.915   280.7056 2.5454e+01     9.0278      1.342      1.946    14.0979   999.2563 0.0000e+00
      1.369      0.007     6.1875     86.267     41.104  32.143377     3.2277      6.915   280.7522 2.5349e+01     9.0168      1.342      1.947    14.0979   999.2563 0.0000e+00
      1.372      0.007     6.1914     86.388     41.110  32.148513     3.2708      6.915   280.6752 2.5244e+01     9.1896      1.345      1.951    14.0976   999.2563 0.0000e+00
      1.374      0.007     6.1952     86.493     41.086  32.130061     3.3596      6.915   280.4631 2.5154e+01     9.5442      1.348      1.954    14.0975   999.2564 0.0000e+00
      1.375      0.007     6.1989     86.564     41.061  32.110666     3.3990      6.915   280.5104 2.5074e+01     9.7323      1.348      1.955    14.0973   999.2564 0.0000e+00
      1.377      0.006     6.2061     86.578     41.053  32.104377     3.3917      6.915   280.7312 2.5020e+01     9.7598      1.350      1.959    14.0970   999.2565 0.0000e+00
      1.379      0.006     6.2168     86.511     41.069  32.117484     3.3666      6.914   280.8957 2.4972e+01    10.1381      1.352      1.961    14.0972   999.2564 0.0000e+00
      1.380      0.006     6.2239     86.366     41.100  32.142223     3.3208      6.914   281.0360 2.4921e+01    10.8654      1.353      1.964    14.0972   999.2564 0.0000e+00
      1.382      0.007     6.2300     86.164     41.108  32.149655     3.2977      6.915   280.8795 2.4888e+01    11.2461      1.355      1.966    14.0973   999.2564 0.0000e+00
      1.383      0.009     6.2316     85.934     41.101  32.143885     3.2952      6.916   280.4664 2.4847e+01    11.2338      1.355      1.965    14.0977   999.2564 0.0000e+00
      1.384      0.009     6.2267     85.744     41.092  32.135923     3.3168      6.915   280.2560 2.4719e+01    11.0450      1.357      1.968    14.0984   999.2563 0.0000e+00
      1.387      0.010     6.2150     85.626     41.067  32.116848     3.3674      6.915   280.2295 2.4511e+01    10.7326      1.360      1.974    14.0996   999.2562 0.0000e+00
      1.392      0.010     6.2006     85.582     41.050  32.103628     3.3960      6.914   280.3180 2.4338e+01    10.5701      1.366      1.981    14.1004   999.2560 0.0000e+00
      1.395      0.010     6.1813     85.658     41.048  32.102993     3.3931      6.913   280.5508 2.4258e+01    10.5230      1.369      1.985    14.1002   999.2561 0.0000e+00
      1.397      0.009     6.1667     85.846     41.056  32.109177     3.3587      6.913   280.5494 2.4207e+01    10.4583      1.369      1.985    14.0995   999.2562 0.0000e+00
      1.398      0.007     6.1599     86.075     41.063  32.114937     3.3105      6.914   280.2150 2.4137e+01    10.4093      1.371      1.989    14.0994   999.2562 0.0000e+00
      1.400      0.006     6.1535     86.280     41.055  32.109178     3.2952      6.914   279.9500 2.4087e+01    10.3899      1.374      1.993    14.1001   999.2561 0.0000e+00
      1.402      0.005     6.1596     86.430     41.047  32.103002     3.2954      6.913   279.9263 2.4053e+01    10.3872      1.375      1.994    14.1006   999.2560 0.0000e+00
      1.402      0.005     6.1756     86.538     41.048  32.103731     3.2861      6.913   280.0139 2.3993e+01    10.3442      1.375      1.994    14.1007   999.2560 0.0000e+00
      1.403      0.005     6.1936     86.619     41.066  32.117993     3.3305      6.913   280.0639 2.3908e+01    10.2312      1.376      1.995    14.1011   999.2560 0.0000e+00
      1.404      0.005     6.2090     86.665     41.105  32.148521     3.4421      6.914   280.0995 2.3836e+01    10.1345      1.377      1.998    14.1014   999.2559 0.0000e+00
      1.406      0.006     6.2195     86.677     41.115  32.155538     3.5170      6.914   280.1010 2.3793e+01    10.1252      1.379      2.000    14.1015   999.2559 0.0000e+00
