Data/DataNotYetUploadedToEDI/Raw_CTD/2019_RawDownloads/102519_fcr50.cnv
* Sea-Bird SBE19plus  Data File:
* FileName = C:\DATA\102519_fcr50_0001.hex
* Software version 2.8.0.119 SB_Terminal.dll
* Temperature SN = 7809
* Conductivity SN = 7809
* System UpLoad Time = Oct 25 2019 15:41:40
* <ApplicationData>
* <Seaterm232>
# nquan = 16
# nvalues = 3090                        
# units = specified
# name 0 = depFM: Depth [fresh water, m]
# name 1 = dz/dtM: Descent Rate [m/s]
# name 2 = sbeox0ML/L: Oxygen, SBE 43 [ml/l]
# name 3 = sbeox0PS: Oxygen, SBE 43 [% saturation]
# name 4 = specc: Specific Conductance [uS/cm]
# name 5 = c0uS/cm: Conductivity [uS/cm]
# name 6 = flECO-AFL: Fluorescence, WET Labs ECO-AFL/FL [mg/m^3]
# name 7 = ph: pH
# name 8 = orp: Oxidation Reduction Potential [mV]
# name 9 = par/sat/log: PAR/Logarithmic, Satlantic
# name 10 = turbWETntu0: Turbidity, WET Labs ECO [NTU]
# name 11 = prdM: Pressure, Strain Gauge [db]
# name 12 = prdE: Pressure, Strain Gauge [psi]
# name 13 = tv290C: Temperature [ITS-90, deg C]
# name 14 = density00: Density [density, kg/m^3]
# name 15 = flag:  0.000e+00
# span 0 =     -0.508,      9.796       
# span 1 = -4.250e-07,      0.147       
# span 2 =     1.9450,     7.0861       
# span 3 =     26.990,     98.958       
# span 4 =      2.266,    172.890       
# span 5 =   1.794107, 133.887573       
# span 6 =    -0.1533,     4.5832       
# span 7 =      6.216,      8.322       
# span 8 =  -803.6489,   544.0095       
# span 9 = 1.2354e-01, 3.5164e+02       
# span 10 =    -0.5298,   109.9664      
# span 11 =     -0.498,      9.607      
# span 12 =     -0.723,     13.934      
# span 13 =    13.6986,    14.5870      
# span 14 =   999.1661,   999.3952      
# span 15 = 0.0000e+00, 0.0000e+00      
# interval = seconds: 0.25
# start_time = Oct 25 2019 12:11:13 [Instrument's time stamp, header]
# bad_flag = -9.990e-29
*END*
[from data line 633]
      1.409      0.007     6.2330     86.583     41.100  32.143491     3.5184      6.914   280.1236 2.3674e+01    10.0602      1.381      2.003    14.1012   999.2560 0.0000e+00
      1.412      0.008     6.2360     86.462     41.098  32.141827     3.4840      6.915   280.0923 2.3550e+01     9.8398      1.385      2.008    14.1012   999.2560 0.0000e+00
      1.414      0.008     6.2364     86.319     41.069  32.119262     3.4730      6.915   279.9618 2.3469e+01     9.6820      1.387      2.012    14.1015   999.2560 0.0000e+00
      1.416      0.009     6.2364     86.169     41.076  32.124502     3.4812      6.915   280.0936 2.3419e+01     9.6603      1.388      2.014    14.1010   999.2561 0.0000e+00
      1.418      0.009     6.2306     85.999     41.097  32.141714     3.5227      6.914   280.5666 2.3339e+01     9.7082      1.390      2.016    14.1002   999.2562 0.0000e+00
      1.420      0.009     6.2213     85.789     41.091  32.136995     3.6010      6.913   280.7776 2.3229e+01     9.7037      1.392      2.019    14.1000   999.2562 0.0000e+00
      1.423      0.008     6.2105     85.556     41.082  32.130905     3.6393      6.913   280.5797 2.3128e+01     9.6392      1.395      2.024    14.1001   999.2562 0.0000e+00
      1.426      0.007     6.2000     85.367     41.080  32.131537     3.6298      6.914   280.4103 2.3042e+01     9.6172      1.398      2.028    14.1003   999.2562 0.0000e+00
      1.428      0.007     6.1887     85.278     41.094  32.144646     3.5215      6.915   280.3642 2.2983e+01     9.6005      1.400      2.031    14.1005   999.2562 0.0000e+00
      1.429      0.006     6.1732     85.304     41.116  32.162482     3.3092      6.914   280.5389 2.2957e+01     9.5351      1.401      2.032    14.1012   999.2561 0.0000e+00
      1.429      0.006     6.1541     85.419     41.108  32.156817     3.1792      6.913   280.9737 2.2911e+01     9.4829      1.401      2.032    14.1025   999.2559 0.0000e+00
      1.430      0.006     6.1386     85.570     41.086  32.139605     3.1546      6.913   281.2341 2.2830e+01     9.4611      1.402      2.034    14.1049   999.2556 0.0000e+00
      1.433      0.006     6.1317     85.757     41.093  32.144760     3.1672      6.914   281.2774 2.2745e+01     9.5663      1.405      2.037    14.1077   999.2552 0.0000e+00
      1.435      0.006     6.1334     85.971     41.107  32.155675     3.2016      6.915   281.2395 2.2660e+01     9.8048      1.407      2.041    14.1094   999.2550 0.0000e+00
      1.437      0.006     6.1444     86.148     41.092  32.144663     3.2147      6.915   281.0344 2.2593e+01     9.9198      1.409      2.044    14.1095   999.2550 0.0000e+00
      1.438      0.006     6.1545     86.251     41.085  32.138528     3.2132      6.915   280.9479 2.2568e+01     9.9075      1.410      2.045    14.1085   999.2551 0.0000e+00
      1.439      0.006     6.1675     86.285     41.093  32.144964     3.2177      6.915   281.1404 2.2521e+01    10.0159      1.410      2.045    14.1084   999.2551 0.0000e+00
      1.440      0.007     6.1856     86.276     41.111  32.159022     3.2261      6.915   281.2959 2.2422e+01    10.2476      1.413      2.048    14.1091   999.2551 0.0000e+00
      1.442      0.007     6.1988     86.268     41.140  32.181579     3.2284      6.914   281.3659 2.2336e+01    10.3816      1.415      2.052    14.1097   999.2550 0.0000e+00
      1.444      0.008     6.2062     86.282     41.117  32.163855     3.2105      6.913   281.4699 2.2266e+01    10.3912      1.416      2.054    14.1091   999.2550 0.0000e+00
      1.446      0.008     6.2082     86.302     41.081  32.135110     3.2009      6.913   281.5224 2.2188e+01    10.3647      1.418      2.057    14.1082   999.2552 0.0000e+00
      1.449      0.008     6.2061     86.310     41.101  32.151325     3.1989      6.913   281.3975 2.2108e+01    10.2896      1.421      2.061    14.1081   999.2552 0.0000e+00
      1.451      0.007     6.2046     86.308     41.123  32.169524     3.1778      6.913   281.2510 2.2023e+01    10.1716      1.423      2.063    14.1086   999.2552 0.0000e+00
      1.452      0.007     6.2067     86.324     41.117  32.164782     3.1624      6.913   281.2986 2.1940e+01    10.1180      1.424      2.066    14.1087   999.2552 0.0000e+00
      1.454      0.007     6.2083     86.371     41.107  32.157442     3.1607      6.913   281.3710 2.1888e+01    10.1325      1.426      2.069    14.1087   999.2551 0.0000e+00
      1.456      0.007     6.2093     86.436     41.090  32.144239     3.2085      6.913   281.4387 2.1856e+01    10.1832      1.427      2.070    14.1093   999.2551 0.0000e+00
      1.457      0.007     6.2079     86.506     41.075  32.132067     3.2978      6.913   281.5146 2.1813e+01    10.2728      1.428      2.071    14.1100   999.2550 0.0000e+00
      1.458      0.008     6.2081     86.557     41.082  32.137192     3.3391      6.913   281.2558 2.1735e+01    10.2988      1.429      2.073    14.1109   999.2549 0.0000e+00
      1.461      0.009     6.2126     86.560     41.089  32.142751     3.3519      6.913   280.6336 2.1630e+01    10.2998      1.432      2.077    14.1114   999.2548 0.0000e+00
      1.463      0.011     6.2169     86.502     41.082  32.135820     3.4616      6.913   280.2722 2.1553e+01    10.3835      1.435      2.082    14.1112   999.2549 0.0000e+00
      1.465      0.012     6.2229     86.383     41.060  32.116848     3.6601      6.913   280.4139 2.1464e+01    10.5239      1.437      2.084    14.1108   999.2549 0.0000e+00
      1.469      0.013     6.2275     86.229     41.045  32.103742     3.7667      6.913   280.7114 2.1329e+01    10.6215      1.440      2.088    14.1101   999.2550 0.0000e+00
      1.473      0.013     6.2280     86.097     41.046  32.104262     3.7538      6.913   280.8581 2.1201e+01    10.6465      1.445      2.096    14.1097   999.2551 0.0000e+00
      1.476      0.012     6.2240     86.010     41.071  32.123138     3.6340      6.913   280.5536 2.1072e+01    10.6281      1.448      2.100    14.1090   999.2552 0.0000e+00
      1.479      0.011     6.2156     85.962     41.096  32.141590     3.4369      6.913   280.0410 2.0946e+01    10.5964      1.450      2.104    14.1064   999.2556 0.0000e+00
      1.483      0.010     6.2023     85.927     41.091  32.136984     3.3381      6.912   279.9080 2.0886e+01    10.5907      1.454      2.109    14.1044   999.2559 0.0000e+00
      1.485      0.008     6.1928     85.886     41.082  32.130904     3.3324      6.912   280.0648 2.0863e+01    10.6242      1.456      2.112    14.1036   999.2560 0.0000e+00
      1.486      0.008     6.1869     85.872     41.082  32.131537     3.3332      6.912   280.2158 2.0822e+01    10.6744      1.457      2.114    14.1024   999.2562 0.0000e+00
      1.487      0.007     6.1839     85.898     41.098  32.144635     3.3387      6.912   280.2703 2.0760e+01    10.7056      1.458      2.115    14.1011   999.2564 0.0000e+00
      1.489      0.007     6.1832     85.942     41.119  32.162358     3.3382      6.912   280.2943 2.0675e+01    10.7397      1.461      2.117    14.1014   999.2563 0.0000e+00
      1.491      0.007     6.1778     86.022     41.109  32.155445     3.3369      6.911   280.3335 2.0598e+01    10.7912      1.463      2.121    14.1030   999.2561 0.0000e+00
      1.493      0.007     6.1762     86.131     41.069  32.124512     3.3319      6.911   280.2283 2.0539e+01    10.8376      1.464      2.124    14.1039   999.2560 0.0000e+00
      1.494      0.007     6.1800     86.229     41.044  32.105655     3.2939      6.911   280.0552 2.0476e+01    10.7761      1.466      2.126    14.1046   999.2559 0.0000e+00
      1.497      0.006     6.1813     86.315     41.060  32.117826     3.2419      6.911   280.0462 2.0418e+01    10.6366      1.468      2.129    14.1058   999.2558 0.0000e+00
      1.499      0.006     6.1870     86.394     41.095  32.144751     3.2235      6.911   280.2053 2.0393e+01    10.5936      1.470      2.132    14.1068   999.2557 0.0000e+00
      1.500      0.007     6.1970     86.444     41.138  32.177358     3.2280      6.911   280.5163 2.0382e+01    10.6164      1.471      2.133    14.1073   999.2556 0.0000e+00
      1.501      0.007     6.2030     86.489     41.161  32.194768     3.2355      6.911   280.8820 2.0336e+01    10.6181      1.471      2.133    14.1081   999.2554 0.0000e+00
      1.502      0.007     6.2090     86.538     41.123  32.164875     3.2353      6.911   280.9274 2.0238e+01    10.6143      1.473      2.136    14.1082   999.2555 0.0000e+00
      1.505      0.007     6.2160     86.534     41.084  32.133223     3.2255      6.910   280.7206 2.0128e+01    10.6029      1.476      2.140    14.1069   999.2557 0.0000e+00
      1.507      0.007     6.2193     86.474     41.081  32.129365     3.2304      6.910   280.5331 2.0065e+01    10.6109      1.479      2.144    14.1059   999.2558 0.0000e+00
      1.509      0.007     6.2206     86.388     41.068  32.118233     3.2689      6.911   280.3808 2.0037e+01    10.6784      1.480      2.146    14.1051   999.2560 0.0000e+00
      1.509      0.007     6.2282     86.255     41.077  32.125542     3.3175      6.911   280.6001 2.0003e+01    10.7639      1.480      2.147    14.1044   999.2560 0.0000e+00
      1.510      0.008     6.2271     86.085     41.114  32.154281     3.3321      6.910   281.2054 1.9953e+01    10.8251      1.481      2.148    14.1033   999.2561 0.0000e+00
      1.512      0.009     6.2211     85.934     41.107  32.148408     3.3328      6.910   281.5909 1.9856e+01    10.8288      1.483      2.151    14.1014   999.2564 0.0000e+00
      1.515      0.010     6.2173     85.845     41.068  32.117994     3.4304      6.911   281.6479 1.9729e+01    10.7100      1.486      2.155    14.1002   999.2566 0.0000e+00
      1.518      0.011     6.2070     85.820     41.049  32.103845     3.6101      6.911   281.4649 1.9632e+01    10.5031      1.490      2.159    14.1004   999.2566 0.0000e+00
      1.521      0.011     6.1930     85.865     41.049  32.104262     3.7024      6.911   281.0980 1.9532e+01    10.3595      1.492      2.163    14.1008   999.2566 0.0000e+00
      1.525      0.011     6.1807     86.004     41.072  32.123035     3.7044      6.911   281.0839 1.9410e+01    10.3170      1.496      2.170    14.1008   999.2566 0.0000e+00
      1.528      0.010     6.1750     86.216     41.094  32.140445     3.6352      6.910   281.5525 1.9335e+01    10.2844      1.500      2.175    14.1008   999.2566 0.0000e+00
      1.530      0.010     6.1728     86.435     41.073  32.124385     3.4380      6.910   281.9451 1.9300e+01    10.1939      1.500      2.175    14.1007   999.2566 0.0000e+00
      1.531      0.009     6.1751     86.630     41.066  32.119237     3.2357      6.910   282.0451 1.9216e+01    10.1084      1.501      2.176    14.1012   999.2565 0.0000e+00
      1.534      0.007     6.1849     86.787     41.094  32.141661     3.1582      6.910   281.9874 1.9113e+01    10.1019      1.504      2.182    14.1024   999.2564 0.0000e+00
      1.537      0.007     6.2033     86.887     41.093  32.141671     3.1502      6.909   281.8495 1.9071e+01    10.1481      1.507      2.186    14.1030   999.2563 0.0000e+00
      1.538      0.007     6.2190     86.951     41.064  32.119353     3.1479      6.909   281.7545 1.9046e+01    10.3400      1.508      2.188    14.1025   999.2564 0.0000e+00
      1.539      0.006     6.2330     86.990     41.073  32.125655     3.1481      6.909   281.6140 1.9010e+01    10.6523      1.509      2.189    14.1028   999.2564 0.0000e+00
      1.540      0.005     6.2458     86.985     41.110  32.154405     3.1534      6.909   281.4410 1.8948e+01    10.8104      1.510      2.190    14.1039   999.2562 0.0000e+00
      1.541      0.005     6.2511     86.920     41.104  32.149677     3.1679      6.909   281.4687 1.8859e+01    10.8097      1.512      2.192    14.1050   999.2561 0.0000e+00
      1.543      0.005     6.2556     86.814     41.083  32.131944     3.2627      6.909   281.6914 1.8819e+01    10.8079      1.514      2.195    14.1055   999.2560 0.0000e+00
      1.544      0.006     6.2592     86.711     41.083  32.130375     3.4327      6.909   281.8968 1.8809e+01    10.8217      1.514      2.196    14.1050   999.2561 0.0000e+00
      1.545      0.008     6.2596     86.628     41.084  32.130707     3.5246      6.909   281.8872 1.8778e+01    10.8119      1.515      2.197    14.1043   999.2562 0.0000e+00
      1.546      0.009     6.2544     86.536     41.091  32.135961     3.5318      6.909   281.4887 1.8689e+01    10.7883      1.515      2.198    14.1040   999.2562 0.0000e+00
      1.549      0.011     6.2456     86.434     41.084  32.130442     3.5382      6.909   280.9516 1.8550e+01    10.7004      1.519      2.203    14.1025   999.2565 0.0000e+00
      1.553      0.013     6.2374     86.354     41.080  32.127430     3.5584      6.909   280.8988 1.8441e+01    10.5023      1.525      2.211    14.1005   999.2568 0.0000e+00
      1.557      0.013     6.2334     86.309     41.125  32.163004     3.5760      6.907   281.1079 1.8333e+01    10.3591      1.527      2.214    14.0998   999.2569 0.0000e+00
      1.561      0.013     6.2268     86.292     41.146  32.179800     3.5690      6.906   281.3292 1.8216e+01    10.3457      1.531      2.221    14.0994   999.2570 0.0000e+00
      1.565      0.012     6.2178     86.268     41.095  32.140136     3.5090      6.907   281.5960 1.8153e+01    10.5701      1.535      2.227    14.1000   999.2569 0.0000e+00
      1.567      0.012     6.2123     86.235     41.079  32.127647     3.4058      6.907   281.3227 1.8113e+01    10.9742      1.536      2.228    14.1004   999.2568 0.0000e+00
      1.568      0.012     6.2082     86.200     41.115  32.155720     3.3433      6.907   280.6057 1.8038e+01    11.2015      1.538      2.230    14.1001   999.2569 0.0000e+00
      1.571      0.013     6.2093     86.146     41.125  32.162270     3.3343      6.908   280.2401 1.7943e+01    11.2534      1.540      2.234    14.1002   999.2569 0.0000e+00
      1.574      0.015     6.2070     86.073     41.102  32.143380     3.3314      6.908   280.2571 1.7852e+01    11.2419      1.544      2.239    14.1005   999.2568 0.0000e+00
      1.578      0.017     6.2041     86.015     41.071  32.117702     3.3340      6.908   280.4673 1.7709e+01    11.0946      1.548      2.245    14.1006   999.2569 0.0000e+00
      1.583      0.018     6.2025     86.020     41.056  32.105636     3.3410      6.907   280.7177 1.7507e+01    10.8818      1.553      2.252    14.1005   999.2569 0.0000e+00
      1.589      0.018     6.1986     86.104     41.081  32.124409     3.3372      6.907   280.6168 1.7327e+01    10.7994      1.559      2.261    14.0998   999.2570 0.0000e+00
      1.595      0.017     6.1929     86.246     41.120  32.154303     3.3313      6.908   280.2792 1.7196e+01    10.8190      1.565      2.270    14.0983   999.2573 0.0000e+00
      1.600      0.016     6.1868     86.373     41.115  32.149782     3.3051      6.908   280.0779 1.7116e+01    10.9226      1.569      2.277    14.0970   999.2575 0.0000e+00
      1.602      0.016     6.1878     86.426     41.094  32.133205     3.2537      6.907   280.0764 1.7061e+01    11.1346      1.571      2.279    14.0960   999.2576 0.0000e+00
      1.604      0.016     6.1935     86.410     41.109  32.144247     3.2303      6.907   280.1743 1.6957e+01    11.2845      1.572      2.282    14.0951   999.2577 0.0000e+00
      1.609      0.016     6.2065     86.346     41.124  32.156377     3.2391      6.907   280.2291 1.6818e+01    11.3252      1.578      2.289    14.0944   999.2579 0.0000e+00
      1.613      0.016     6.2179     86.254     41.120  32.152939     3.3685      6.907   280.3946 1.6659e+01    11.2652      1.582      2.295    14.0939   999.2580 0.0000e+00
      1.618      0.016     6.2206     86.138     41.136  32.166144     3.6161      6.907   280.7129 1.6465e+01    11.1500      1.586      2.301    14.0934   999.2580 0.0000e+00
