Data/DataNotYetUploadedToEDI/Raw_CTD/2019_RawDownloads/103019_fcr20.cnv
* Sea-Bird SBE19plus  Data File:
* FileName = C:\DATA\103019_fcr_0003.hex
* Software version 2.8.0.119 SB_Terminal.dll
* Temperature SN = 7809
* Conductivity SN = 7809
* System UpLoad Time = Oct 30 2019 15:28:32
* <ApplicationData>
* <Seaterm232>
# nquan = 16
# nvalues = 341                         
# units = specified
# name 0 = depFM: Depth [fresh water, m]
# name 1 = dz/dtM: Descent Rate [m/s]
# name 2 = sbeox0ML/L: Oxygen, SBE 43 [ml/l]
# name 3 = sbeox0PS: Oxygen, SBE 43 [% saturation]
# name 4 = specc: Specific Conductance [uS/cm]
# name 5 = c0uS/cm: Conductivity [uS/cm]
# name 6 = flECO-AFL: Fluorescence, WET Labs ECO-AFL/FL [mg/m^3]
# name 7 = ph: pH
# name 8 = orp: Oxidation Reduction Potential [mV]
# name 9 = par/sat/log: PAR/Logarithmic, Satlantic
# name 10 = turbWETntu0: Turbidity, WET Labs ECO [NTU]
# name 11 = prdM: Pressure, Strain Gauge [db]
# name 12 = prdE: Pressure, Strain Gauge [psi]
# name 13 = tv290C: Temperature [ITS-90, deg C]
# name 14 = density00: Density [density, kg/m^3]
# name 15 = flag:  0.000e+00
# span 0 =     -0.520,      3.368       
# span 1 =     -0.001,      0.258       
# span 2 =     3.7967,     7.9221       
# span 3 =     52.802,    113.069       
# span 4 =      1.508,     45.738       
# span 5 =   1.210734,  35.772782       
# span 6 =    -0.1522,     7.8460       
# span 7 =      6.680,      8.658       
# span 8 =   197.6241,   287.0508       
# span 9 = 1.2364e-01, 1.0627e+02       
# span 10 =    -0.5279,    35.9927      
# span 11 =     -0.511,      3.303      
# span 12 =     -0.741,      4.791      
# span 13 =    14.0992,    15.5261      
# span 14 =   999.0386,   999.2668      
# span 15 = 0.0000e+00, 0.0000e+00      
# interval = seconds: 0.25
# start_time = Oct 30 2019 10:38:21 [Instrument's time stamp, header]
# bad_flag = -9.990e-29
*END*
[from data line 91]
      0.188      0.001     5.4570     77.478     40.082  32.479048     6.2517      8.315   257.6614 2.6667e+01    17.9798      0.184      0.267    15.5161   999.0402 0.0000e+00
      0.188      0.000     5.4457     77.308     40.050  32.452634     6.1741      8.316   256.6604 2.6710e+01    17.2690      0.184      0.266    15.5151   999.0404 0.0000e+00
      0.188     -0.001     5.4327     77.148     40.036  32.439953     6.1264      8.317   257.3813 2.6636e+01    16.8788      0.185      0.267    15.5141   999.0405 0.0000e+00
      0.188      0.002     5.4179     77.018     40.052  32.452635     6.1165      8.316   258.0320 2.6401e+01    16.8662      0.186      0.269    15.5132   999.0407 0.0000e+00
      0.188      0.008     5.4063     76.892     40.086  32.479049     6.0378      8.312   256.0110 2.6552e+01    16.9861      0.186      0.270    15.5124   999.0408 0.0000e+00
      0.185      0.019     5.3950     76.778     40.119  32.505472     5.8769      8.304   252.3036 2.7124e+01    17.1812      0.181      0.262    15.5116   999.0409 0.0000e+00
      0.186      0.034     5.3819     76.730     40.135  32.518277     5.7836      8.290   250.0310 2.6927e+01    17.2579      0.179      0.259    15.5102   999.0411 0.0000e+00
      0.195      0.052     5.3754     76.795     40.120  32.506948     5.7771      8.276   249.3548 2.5777e+01    17.2907      0.190      0.276    15.5088   999.0414 0.0000e+00
      0.212      0.071     5.3659     76.998     40.105  32.495420     5.8584      8.262   249.0326 2.3994e+01    17.6772      0.205      0.297    15.5080   999.0416 0.0000e+00
      0.237      0.089     5.3565     77.340     40.116  32.505815     6.0216      8.247   248.9741 2.1528e+01    18.2923      0.230      0.333    15.5079   999.0417 0.0000e+00
      0.267      0.104     5.3517     77.789     40.115  32.505701     6.1115      8.231   248.9919 1.9333e+01    18.5671      0.266      0.385    15.5080   999.0419 0.0000e+00
      0.296      0.112     5.3559     78.306     40.100  32.494049     6.1222      8.215   249.0762 1.7796e+01    18.5745      0.291      0.421    15.5079   999.0420 0.0000e+00
      0.326      0.112     5.3698     78.868     40.098  32.491845     6.1765      8.203   249.2191 1.6527e+01    18.5129      0.318      0.462    15.5091   999.0419 0.0000e+00
      0.359      0.106     5.3940     79.403     40.083  32.479056     6.2737      8.195   249.3419 1.5377e+01    18.3460      0.353      0.513    15.5111   999.0418 0.0000e+00
      0.389      0.097     5.4274     79.851     40.067  32.466345     6.3263      8.190   249.4423 1.4392e+01    18.2287      0.384      0.558    15.5124   999.0417 0.0000e+00
      0.413      0.087     5.4619     80.187     40.064  32.465077     6.3278      8.186   249.4865 1.3744e+01    18.2088      0.408      0.592    15.5125   999.0418 0.0000e+00
      0.431      0.076     5.5046     80.375     40.062  32.463724     6.3255      8.181   249.4463 1.3276e+01    18.1704      0.425      0.616    15.5116   999.0420 0.0000e+00
      0.446      0.065     5.5436     80.423     40.045  32.449993     6.3679      8.174   249.3870 1.2795e+01    17.6999      0.438      0.635    15.5109   999.0422 0.0000e+00
      0.461      0.056     5.5741     80.354     40.015  32.425970     6.4502      8.166   249.3711 1.2326e+01    16.8784      0.451      0.655    15.5115   999.0422 0.0000e+00
      0.475      0.051     5.5996     80.159     40.016  32.427115     6.4892      8.160   249.5127 1.1957e+01    16.4633      0.466      0.676    15.5123   999.0421 0.0000e+00
      0.487      0.051     5.6122     79.861     40.062  32.463827     6.4837      8.154   249.7218 1.1702e+01    16.4169      0.479      0.694    15.5126   999.0421 0.0000e+00
      0.497      0.054     5.6139     79.502     40.093  32.489088     6.5392      8.147   249.8343 1.1567e+01    16.5468      0.489      0.708    15.5131   999.0421 0.0000e+00
      0.507      0.059     5.6107     79.107     40.081  32.478706     6.6581      8.139   249.9272 1.1405e+01    16.8539      0.494      0.717    15.5136   999.0420 0.0000e+00
      0.522      0.063     5.5958     78.715     40.065  32.465213     6.7158      8.130   249.9844 1.0985e+01    17.0169      0.508      0.738    15.5142   999.0420 0.0000e+00
      0.544      0.064     5.5736     78.359     40.050  32.452865     6.6904      8.121   250.0103 1.0466e+01    16.9779      0.534      0.774    15.5142   999.0421 0.0000e+00
      0.565      0.064     5.5489     78.052     40.054  32.456328     6.4554      8.114   250.0676 1.0092e+01    16.5789      0.555      0.804    15.5130   999.0424 0.0000e+00
      0.583      0.059     5.5198     77.791     40.117  32.507087     6.0246      8.107   250.1606 9.8400e+00    15.8951      0.573      0.831    15.5122   999.0426 0.0000e+00
      0.598      0.052     5.4922     77.666     40.184  32.558905     5.7821      8.101   250.2751 9.6861e+00    15.5603      0.588      0.852    15.5117   999.0427 0.0000e+00
      0.608      0.045     5.4662     78.072     40.210  32.575165     5.7768      8.095   250.4192 9.6087e+00    15.5783      0.597      0.866    15.5117   999.0428 0.0000e+00
      0.615      0.043     5.4462     79.783     40.220  32.576747     5.9863      8.087   250.6122 9.5980e+00    15.6871      0.604      0.877    15.5118   999.0428 0.0000e+00
      0.621      0.046     5.4263     83.287     40.229  32.578027     6.3654      8.078   250.7163 9.5725e+00    15.8599      0.608      0.882    15.5121   999.0428 0.0000e+00
      0.630      0.052     5.4109     88.220     40.251  32.590637     6.5716      8.067   250.8168 9.4139e+00    15.9632      0.616      0.892    15.5099   999.0431 0.0000e+00
      0.644      0.058     5.4165     93.840     40.272  32.602282     6.5979      8.057   251.0537 9.1362e+00    15.9860      0.630      0.914    15.5026   999.0445 0.0000e+00
      0.664      0.064     5.5180     99.475     40.265  32.591887     6.5969      8.047   251.2568 8.7693e+00    15.9713      0.650      0.943    15.4944   999.0458 0.0000e+00
      0.686      0.066     5.7797    104.575     40.267  32.591876     6.5156      8.037   251.2938 8.4175e+00    15.9493      0.674      0.977    15.4867   999.0471 0.0000e+00
      0.706      0.064     6.1448    108.723     40.282  32.602146     6.3779      8.029   251.2432 8.1775e+00    15.9489      0.694      1.007    15.4801   999.0482 0.0000e+00
      0.721      0.059     6.5535    111.572     40.268  32.589141     6.3104      8.023   251.2467 8.0040e+00    15.9673      0.708      1.026    15.4736   999.0493 0.0000e+00
      0.734      0.054     6.9623    112.941     40.238  32.561555     6.3064      8.018   251.3367 7.8504e+00    16.0076      0.720      1.045    15.4673   999.0504 0.0000e+00
      0.744      0.050     7.3276    113.069     40.194  32.522449     6.2349      8.013   251.4714 7.6945e+00    15.9444      0.730      1.059    15.4655   999.0507 0.0000e+00
      0.754      0.050     7.6259    112.460     40.171  32.497065     6.0956      8.008   251.5841 7.5141e+00    15.7925      0.738      1.071    15.4651   999.0508 0.0000e+00
      0.766      0.053     7.8332    111.519     40.201  32.508482     6.0179      8.001   251.6672 7.3041e+00    15.7440      0.751      1.089    15.4624   999.0513 0.0000e+00
      0.780      0.057     7.9221    110.487     40.256  32.533544     5.9987      7.993   251.7878 7.0459e+00    15.7844      0.764      1.108    15.4584   999.0520 0.0000e+00
      0.796      0.061     7.9161    109.502     40.293  32.546218     5.9761      7.986   252.0101 6.7524e+00    16.0184      0.779      1.130    15.4542   999.0527 0.0000e+00
      0.813      0.063     7.8656    108.615     40.294  32.534785     5.9601      7.979   252.2038 6.4619e+00    16.4437      0.797      1.156    15.4477   999.0538 0.0000e+00
      0.832      0.064     7.7970    107.833     40.294  32.522217     5.9535      7.971   252.1510 6.2171e+00    16.6670      0.816      1.185    15.4315   999.0564 0.0000e+00
      0.849      0.063     7.7259    107.132     40.315  32.521171     5.9480      7.965   252.0604 6.0257e+00    16.6533      0.832      1.209    15.4039   999.0607 0.0000e+00
      0.864      0.061     7.6604    106.436     40.340  32.522110     5.8940      7.960   252.1400 5.8328e+00    16.5395      0.847      1.229    15.3793   999.0648 0.0000e+00
      0.879      0.058     7.5999    105.673     40.376  32.533548     5.7858      7.954   252.2530 5.6349e+00    16.3403      0.864      1.253    15.3692   999.0663 0.0000e+00
      0.894      0.056     7.5472    104.803     40.395  32.532521     5.7150      7.948   252.3945 5.4582e+00    16.2112      0.877      1.272    15.3560   999.0684 0.0000e+00
      0.908      0.055     7.5052    103.815     40.385  32.509676     5.6973      7.940   252.5597 5.3037e+00    16.1907      0.891      1.292    15.3299   999.0725 0.0000e+00
      0.920      0.055     7.4620    102.736     40.405  32.511151     5.6844      7.931   252.7019 5.1521e+00    16.2573      0.903      1.310    15.3050   999.0764 0.0000e+00
      0.934      0.057     7.4127    101.616     40.471  32.550341     5.6629      7.922   252.8235 4.9592e+00    16.3940      0.915      1.326    15.2837   999.0798 0.0000e+00
      0.949      0.060     7.3556    100.494     40.556  32.602739     5.6454      7.913   252.9120 4.7411e+00    16.4340      0.931      1.350    15.2638   999.0829 0.0000e+00
      0.964      0.063     7.2883     99.398     40.619  32.636978     5.6461      7.903   252.9973 4.5355e+00    16.3798      0.946      1.373    15.2454   999.0858 0.0000e+00
      0.980      0.064     7.2136     98.363     40.651  32.646992     5.6707      7.894   253.0798 4.3269e+00    16.3616      0.960      1.392    15.2277   999.0886 0.0000e+00
      0.998      0.064     7.1372     97.455     40.682  32.660336     5.8219      7.885   253.2228 4.1200e+00    16.1154      0.978      1.419    15.2100   999.0914 0.0000e+00
      1.017      0.062     7.0598     96.655     40.704  32.671377     6.0871      7.875   253.4346 3.9468e+00    15.5981      0.999      1.449    15.1923   999.0942 0.0000e+00
      1.034      0.058     6.9864     95.864     40.686  32.653566     6.2330      7.867   253.5760 3.8056e+00    15.3191      1.015      1.472    15.1712   999.0976 0.0000e+00
      1.049      0.053     6.9137     95.101     40.668  32.635361     6.2340      7.862   253.6416 3.6996e+00    15.2973      1.029      1.493    15.1493   999.1011 0.0000e+00
      1.061      0.048     6.8519     94.418     40.685  32.641638     6.1678      7.856   253.7117 3.6367e+00    15.3346      1.042      1.511    15.1348   999.1033 0.0000e+00
      1.070      0.046     6.8023     93.813     40.731  32.665997     6.0656      7.848   253.8208 3.5811e+00    15.4427      1.049      1.521    15.1278   999.1043 0.0000e+00
      1.079      0.046     6.7444     93.303     40.762  32.676025     6.0121      7.841   253.9288 3.5086e+00    15.5225      1.057      1.533    15.1246   999.1049 0.0000e+00
      1.089      0.048     6.6894     92.903     40.729  32.635945     6.0074      7.834   254.0713 3.4176e+00    15.5457      1.068      1.549    15.1214   999.1055 0.0000e+00
      1.102      0.052     6.6437     92.562     40.653  32.562147     6.0608      7.827   254.2533 3.2989e+00    15.8545      1.078      1.564    15.1137   999.1067 0.0000e+00
      1.117      0.056     6.6028     92.259     40.570  32.481795     6.1723      7.819   254.4079 3.1733e+00    16.5038      1.095      1.588    15.0982   999.1091 0.0000e+00
      1.133      0.059     6.5677     91.947     40.519  32.425937     6.2459      7.809   254.5639 3.0545e+00    16.8738      1.111      1.612    15.0777   999.1123 0.0000e+00
      1.149      0.060     6.5455     91.533     40.501  32.394447     6.2743      7.799   254.6772 2.9138e+00    16.8549      1.126      1.634    15.0605   999.1150 0.0000e+00
      1.166      0.060     6.5230     91.080     40.474  32.354863     6.3500      7.790   254.8311 2.7718e+00    16.4390      1.144      1.659    15.0459   999.1173 0.0000e+00
      1.181      0.060     6.5039     90.692     40.464  32.328074     6.4675      7.781   255.0481 2.6657e+00    15.6796      1.159      1.681    15.0287   999.1198 0.0000e+00
      1.194      0.061     6.4904     90.388     40.483  32.324369     6.5343      7.772   255.3223 2.5709e+00    15.2762      1.171      1.698    15.0105   999.1226 0.0000e+00
      1.208      0.063     6.4604     90.181     40.486  32.310044     6.5588      7.763   255.6513 2.4596e+00    15.2646      1.183      1.715    14.9890   999.1260 0.0000e+00
      1.223      0.065     6.4280     90.088     40.469  32.281771     6.6683      7.753   255.8430 2.3330e+00    15.0475      1.198      1.738    14.9660   999.1295 0.0000e+00
      1.242      0.067     6.4046     90.116     40.429  32.236352     6.8530      7.745   256.0054 2.2037e+00    14.6171      1.217      1.765    14.9436   999.1329 0.0000e+00
      1.262      0.068     6.3860     90.266     40.409  32.205096     6.9453      7.739   256.2375 2.0829e+00    14.4205      1.238      1.794    14.9190   999.1367 0.0000e+00
      1.281      0.066     6.3737     90.504     40.445  32.221137     6.9519      7.731   256.4126 1.9860e+00    14.4403      1.257      1.823    14.8972   999.1400 0.0000e+00
      1.298      0.062     6.3697     90.765     40.479  32.239903     6.9676      7.725   256.5741 1.9162e+00    14.3969      1.274      1.848    14.8810   999.1426 0.0000e+00
      1.313      0.058     6.3730     90.997     40.486  32.241610     7.1180      7.721   256.7273 1.8452e+00    14.1259      1.288      1.869    14.8649   999.1450 0.0000e+00
      1.325      0.055     6.3877     91.176     40.488  32.241769     7.3910      7.715   256.8888 1.7776e+00    13.7191      1.300      1.886    14.8444   999.1481 0.0000e+00
      1.337      0.053     6.4091     91.311     40.488  32.241815     7.5374      7.707   256.9775 1.7367e+00    13.5097      1.311      1.901    14.8267   999.1508 0.0000e+00
      1.349      0.052     6.4300     91.429     40.486  32.242170     7.5448      7.699   256.9393 1.6973e+00    13.4616      1.321      1.916    14.8173   999.1523 0.0000e+00
      1.364      0.052     6.4476     91.528     40.493  32.246072     7.4813      7.694   257.0291 1.6381e+00    13.2039      1.337      1.939    14.8135   999.1529 0.0000e+00
      1.380      0.051     6.4603     91.572     40.558  32.288985     7.3499      7.689   257.1168 1.5859e+00    12.7204      1.355      1.965    14.8114   999.1533 0.0000e+00
      1.393      0.050     6.4686     91.553     40.691  32.380254     7.2651      7.684   257.1390 1.5565e+00    12.4328      1.367      1.983    14.8121   999.1532 0.0000e+00
      1.405      0.047     6.4762     91.485     40.813  32.461129     7.2539      7.678   257.2972 1.5267e+00    12.3484      1.378      1.998    14.8167   999.1525 0.0000e+00
      1.416      0.044     6.4849     91.376     40.885  32.505282     7.2744      7.672   257.4814 1.4907e+00    11.7002      1.389      2.014    14.8168   999.1526 0.0000e+00
      1.426      0.043     6.4897     91.213     40.932  32.533320     7.3140      7.665   257.6450 1.4577e+00    10.4944      1.399      2.029    14.8059   999.1543 0.0000e+00
      1.436      0.044     6.4903     90.935     40.956  32.546279     7.3338      7.659   257.8132 1.4204e+00     9.8290      1.408      2.042    14.7853   999.1575 0.0000e+00
      1.447      0.046     6.4891     90.507     40.947  32.535035     7.3318      7.653   257.9652 1.3794e+00     9.7182      1.417      2.055    14.7627   999.1609 0.0000e+00
      1.458      0.049     6.4826     89.906     40.937  32.524290     7.4547      7.647   258.1070 1.3459e+00     9.4826      1.430      2.075    14.7461   999.1635 0.0000e+00
