Data/DataNotYetUploadedToEDI/Raw_CTD/2019_RawDownloads/103019_fcr45.cnv
* Sea-Bird SBE19plus  Data File:
* FileName = C:\DATA\103019_fcr_0005.hex
* Software version 2.8.0.119 SB_Terminal.dll
* Temperature SN = 7809
* Conductivity SN = 7809
* System UpLoad Time = Oct 30 2019 15:29:09
* <ApplicationData>
* <Seaterm232>
# nquan = 16
# nvalues = 496                         
# units = specified
# name 0 = depFM: Depth [fresh water, m]
# name 1 = dz/dtM: Descent Rate [m/s]
# name 2 = sbeox0ML/L: Oxygen, SBE 43 [ml/l]
# name 3 = sbeox0PS: Oxygen, SBE 43 [% saturation]
# name 4 = specc: Specific Conductance [uS/cm]
# name 5 = c0uS/cm: Conductivity [uS/cm]
# name 6 = flECO-AFL: Fluorescence, WET Labs ECO-AFL/FL [mg/m^3]
# name 7 = ph: pH
# name 8 = orp: Oxidation Reduction Potential [mV]
# name 9 = par/sat/log: PAR/Logarithmic, Satlantic
# name 10 = turbWETntu0: Turbidity, WET Labs ECO [NTU]
# name 11 = prdM: Pressure, Strain Gauge [db]
# name 12 = prdE: Pressure, Strain Gauge [psi]
# name 13 = tv290C: Temperature [ITS-90, deg C]
# name 14 = density00: Density [density, kg/m^3]
# name 15 = flag:  0.000e+00
# span 0 =     -0.517,      6.654       
# span 1 =     -0.005,      0.282       
# span 2 =     4.1790,     7.8147       
# span 3 =     57.746,    111.075       
# span 4 =      2.611,     48.836       
# span 5 =   2.074889,  37.835755       
# span 6 =    -0.1352,     6.1083       
# span 7 =      6.691,      7.553       
# span 8 =   271.3459,   314.7367       
# span 9 = 1.2358e-01, 1.0160e+02       
# span 10 =    -0.5036,    19.2326      
# span 11 =     -0.507,      6.526      
# span 12 =     -0.735,      9.464      
# span 13 =    13.7287,    15.4025      
# span 14 =   999.0577,   999.3340      
# span 15 = 0.0000e+00, 0.0000e+00      
# interval = seconds: 0.25
# start_time = Oct 30 2019 10:50:00 [Instrument's time stamp, header]
# bad_flag = -9.990e-29
*END*
[from data line 181]
      1.644      0.057     6.4096     86.654     40.531  32.032636     3.5759      7.224   277.1342 1.0202e+00     7.6027      1.612      2.338    14.5492   999.1929 0.0000e+00
      1.657      0.059     6.3361     86.102     40.526  32.021722     3.5652      7.223   277.3395 1.0055e+00     7.5991      1.625      2.357    14.5362   999.1950 0.0000e+00
      1.671      0.063     6.2763     85.729     40.560  32.040694     3.4753      7.220   277.4561 9.8864e-01     7.4108      1.637      2.376    14.5278   999.1962 0.0000e+00
      1.688      0.067     6.2262     85.512     40.610  32.071638     3.3039      7.218   277.5119 9.6064e-01     7.0295      1.652      2.397    14.5225   999.1970 0.0000e+00
      1.708      0.069     6.1747     85.431     40.629  32.078553     3.2095      7.215   277.5845 9.2490e-01     6.7911      1.674      2.428    14.5132   999.1985 0.0000e+00
      1.729      0.069     6.1353     85.423     40.616  32.060832     3.2095      7.212   277.7313 8.9943e-01     6.7567      1.697      2.461    14.5037   999.1999 0.0000e+00
      1.748      0.068     6.1120     85.424     40.607  32.047744     3.2177      7.211   277.8243 8.8025e-01     6.7445      1.715      2.487    14.4944   999.2014 0.0000e+00
      1.764      0.065     6.0967     85.405     40.612  32.047226     3.2125      7.210   277.8477 8.4922e-01     6.5451      1.731      2.510    14.4837   999.2031 0.0000e+00
      1.778      0.061     6.0950     85.328     40.627  32.054555     3.2074      7.208   277.9283 8.2021e-01     6.2139      1.744      2.529    14.4735   999.2046 0.0000e+00
      1.793      0.059     6.0973     85.183     40.655  32.072892     3.2085      7.207   278.0258 8.0466e-01     6.0497      1.757      2.549    14.4648   999.2058 0.0000e+00
      1.807      0.058     6.0983     84.978     40.666  32.078558     3.1996      7.206   278.1658 7.9708e-01     6.0019      1.773      2.570    14.4576   999.2070 0.0000e+00
      1.822      0.059     6.0995     84.718     40.644  32.059596     3.1258      7.205   278.3297 7.8729e-01     5.8657      1.785      2.589    14.4514   999.2080 0.0000e+00
      1.837      0.061     6.0946     84.424     40.613  32.034006     2.9926      7.203   278.4596 7.6854e-01     5.6805      1.800      2.611    14.4462   999.2088 0.0000e+00
      1.852      0.064     6.0845     84.131     40.602  32.022989     2.9152      7.200   278.5310 7.4443e-01     5.5982      1.817      2.635    14.4414   999.2096 0.0000e+00
      1.868      0.067     6.0705     83.867     40.648  32.053309     2.8925      7.197   278.5914 7.2171e-01     5.5922      1.831      2.655    14.4377   999.2102 0.0000e+00
      1.885      0.071     6.0516     83.653     40.700  32.083299     2.7526      7.195   278.6736 6.9765e-01     5.4772      1.847      2.680    14.4365   999.2104 0.0000e+00
      1.904      0.073     6.0297     83.493     40.700  32.068282     2.4984      7.193   278.7497 6.7063e-01     5.2554      1.867      2.708    14.4350   999.2106 0.0000e+00
      1.924      0.073     6.0085     83.342     40.710  32.062100     2.3592      7.190   278.8234 6.5129e-01     5.1062      1.886      2.735    14.4324   999.2112 0.0000e+00
      1.944      0.073     5.9898     83.152     40.736  32.071985     2.3523      7.188   278.9626 6.3199e-01     5.0821      1.907      2.766    14.4269   999.2122 0.0000e+00
      1.964      0.071     5.9758     82.918     40.734  32.060865     2.3287      7.186   279.1424 6.1066e-01     4.9638      1.927      2.795    14.4120   999.2144 0.0000e+00
      1.981      0.068     5.9687     82.615     40.735  32.054558     2.2735      7.184   279.2763 6.0398e-01     4.6596      1.943      2.818    14.3915   999.2173 0.0000e+00
      1.998      0.063     5.9622     82.231     40.749  32.059182     2.2392      7.183   279.3767 6.0677e-01     4.4517      1.961      2.843    14.3742   999.2199 0.0000e+00
      2.014      0.058     5.9489     81.790     40.749  32.053311     2.2266      7.183   279.4105 5.9689e-01     4.3839      1.976      2.865    14.3608   999.2220 0.0000e+00
      2.028      0.054     5.9352     81.316     40.744  32.047023     2.1986      7.182   279.4263 5.7305e-01     4.2980      1.989      2.885    14.3498   999.2236 0.0000e+00
      2.040      0.051     5.9153     80.875     40.742  32.046607     2.1523      7.180   279.4818 5.5618e-01     4.2325      2.001      2.903    14.3410   999.2248 0.0000e+00
      2.052      0.050     5.8869     80.516     40.741  32.048281     2.1181      7.176   279.5659 5.5296e-01     4.2150      2.012      2.918    14.3334   999.2260 0.0000e+00
      2.062      0.052     5.8571     80.250     40.766  32.067271     2.1052      7.174   279.6688 5.5719e-01     4.2181      2.022      2.932    14.3269   999.2270 0.0000e+00
      2.074      0.056     5.8208     80.065     40.796  32.085837     2.1096      7.173   279.7790 5.4966e-01     4.3026      2.033      2.948    14.3224   999.2277 0.0000e+00
      2.088      0.061     5.7882     79.955     40.799  32.082367     2.1278      7.171   279.9520 5.2294e-01     4.4176      2.047      2.969    14.3236   999.2276 0.0000e+00
      2.105      0.064     5.7614     79.908     40.814  32.088772     2.1522      7.168   280.2119 5.0105e-01     4.4286      2.063      2.992    14.3295   999.2268 0.0000e+00
      2.125      0.065     5.7429     79.890     40.835  32.099810     2.1705      7.166   280.4267 4.8719e-01     4.4030      2.083      3.020    14.3298   999.2269 0.0000e+00
      2.146      0.064     5.7308     79.835     40.829  32.088898     2.1753      7.164   280.4842 4.8078e-01     4.4030      2.106      3.054    14.3216   999.2282 0.0000e+00
      2.164      0.061     5.7238     79.667     40.831  32.083756     2.1324      7.163   280.4765 4.7295e-01     4.3622      2.125      3.081    14.3138   999.2294 0.0000e+00
      2.175      0.057     5.7225     79.415     40.861  32.101083     2.0505      7.162   280.5057 4.5878e-01     4.3035      2.133      3.094    14.3081   999.2302 0.0000e+00
      2.185      0.055     5.7228     79.132     40.874  32.108018     2.0087      7.160   280.5796 4.5568e-01     4.2502      2.141      3.105    14.3006   999.2313 0.0000e+00
      2.198      0.055     5.7241     78.806     40.872  32.104135     1.9992      7.159   280.6815 4.5296e-01     4.1767      2.156      3.127    14.2933   999.2324 0.0000e+00
      2.212      0.057     5.7110     78.440     40.896  32.117590     2.0059      7.158   280.7910 4.3985e-01     4.1689      2.169      3.146    14.2844   999.2338 0.0000e+00
      2.227      0.061     5.6914     78.071     40.941  32.143780     2.0371      7.156   280.8706 4.2226e-01     4.2208      2.182      3.165    14.2758   999.2351 0.0000e+00
      2.244      0.063     5.6734     77.725     40.984  32.166949     2.0566      7.154   280.9563 4.1756e-01     4.2473      2.201      3.192    14.2737   999.2355 0.0000e+00
      2.262      0.062     5.6499     77.407     41.048  32.207321     2.0506      7.152   281.1386 4.2026e-01     4.2598      2.219      3.218    14.2723   999.2358 0.0000e+00
      2.280      0.062     5.6229     77.105     41.113  32.251136     1.9989      7.150   281.2681 4.0649e-01     4.2080      2.236      3.244    14.2649   999.2369 0.0000e+00
      2.296      0.062     5.5977     76.807     41.122  32.252482     1.9166      7.147   281.3171 3.8730e-01     4.0791      2.254      3.268    14.2538   999.2385 0.0000e+00
      2.309      0.063     5.5740     76.496     41.092  32.223590     1.8705      7.143   281.4740 3.7527e-01     4.0133      2.264      3.282    14.2395   999.2406 0.0000e+00
      2.322      0.066     5.5537     76.164     41.091  32.219104     1.8578      7.140   281.6165 3.6684e-01     4.0021      2.275      3.299    14.2259   999.2426 0.0000e+00
      2.337      0.069     5.5330     75.846     41.151  32.261704     1.8410      7.137   281.6626 3.5941e-01     3.9759      2.291      3.323    14.2183   999.2438 0.0000e+00
      2.357      0.071     5.5126     75.546     41.203  32.294425     1.8237      7.133   281.7741 3.5487e-01     3.9910      2.310      3.351    14.2118   999.2449 0.0000e+00
      2.380      0.072     5.4927     75.264     41.219  32.297411     1.8219      7.132   281.9311 3.4911e-01     4.0214      2.334      3.386    14.2048   999.2459 0.0000e+00
      2.401      0.071     5.4664     75.033     41.231  32.297796     1.8198      7.131   282.0128 3.4819e-01     4.0162      2.356      3.417    14.2020   999.2464 0.0000e+00
      2.419      0.069     5.4449     74.868     41.241  32.299080     1.8059      7.128   282.1604 3.5224e-01     3.9937      2.372      3.441    14.1980   999.2470 0.0000e+00
      2.434      0.064     5.4248     74.685     41.263  32.312930     1.7843      7.126   282.3390 3.4438e-01     3.9131      2.387      3.462    14.1870   999.2487 0.0000e+00
      2.449      0.059     5.4052     74.420     41.298  32.338325     1.7587      7.123   282.4506 3.3293e-01     3.7947      2.401      3.483    14.1734   999.2507 0.0000e+00
      2.463      0.057     5.3887     74.149     41.318  32.352285     1.7476      7.121   282.6497 3.3294e-01     3.7752      2.415      3.503    14.1623   999.2523 0.0000e+00
      2.477      0.058     5.3801     73.902     41.323  32.354794     1.7539      7.120   282.8527 3.2919e-01     3.8083      2.429      3.523    14.1551   999.2534 0.0000e+00
      2.490      0.060     5.3720     73.667     41.346  32.368652     1.7479      7.119   283.0126 3.0971e-01     3.7691      2.441      3.541    14.1498   999.2542 0.0000e+00
      2.504      0.064     5.3475     73.464     41.386  32.392913     1.7180      7.116   283.1209 3.0205e-01     3.7275      2.454      3.561    14.1476   999.2546 0.0000e+00
      2.521      0.068     5.3285     73.282     41.398  32.394290     1.6970      7.114   283.0429 2.9875e-01     3.7639      2.472      3.585    14.1482   999.2546 0.0000e+00
      2.540      0.069     5.3121     73.121     41.394  32.385280     1.6841      7.112   282.9309 2.7913e-01     3.7833      2.490      3.612    14.1470   999.2549 0.0000e+00
      2.560      0.068     5.2939     73.003     41.434  32.410895     1.5963      7.109   282.9709 2.6685e-01     3.6344      2.510      3.640    14.1420   999.2556 0.0000e+00
      2.580      0.065     5.2816     72.917     41.493  32.450146     1.4512      7.107   283.0958 2.6023e-01     3.4051      2.532      3.671    14.1321   999.2572 0.0000e+00
      2.597      0.061     5.2699     72.831     41.539  32.479090     1.3857      7.106   283.2366 2.5080e-01     3.3381      2.550      3.699    14.1219   999.2587 0.0000e+00
      2.610      0.058     5.2574     72.725     41.583  32.506998     1.3934      7.105   283.3822 2.5000e-01     3.3820      2.561      3.714    14.1152   999.2596 0.0000e+00
      2.620      0.057     5.2507     72.600     41.624  32.533724     1.4064      7.103   283.5659 2.5865e-01     3.4115      2.569      3.726    14.1086   999.2606 0.0000e+00
      2.631      0.059     5.2464     72.478     41.649  32.548376     1.4219      7.101   283.7377 2.6507e-01     3.4648      2.580      3.741    14.1001   999.2619 0.0000e+00
      2.646      0.063     5.2414     72.351     41.665  32.557223     1.4326      7.099   283.8239 2.5431e-01     3.5023      2.594      3.762    14.0914   999.2633 0.0000e+00
      2.664      0.068     5.2352     72.216     41.694  32.577231     1.4403      7.096   283.9203 2.3501e-01     3.5042      2.612      3.788    14.0837   999.2644 0.0000e+00
      2.686      0.072     5.2253     72.087     41.727  32.599901     1.4457      7.094   284.0424 2.2748e-01     3.4878      2.634      3.822    14.0767   999.2655 0.0000e+00
      2.708      0.073     5.2188     71.965     41.786  32.640927     1.4368      7.091   284.1820 2.2561e-01     3.4350      2.658      3.855    14.0702   999.2665 0.0000e+00
      2.725      0.073     5.2093     71.819     41.860  32.692499     1.4285      7.089   284.3177 2.2211e-01     3.3899      2.673      3.877    14.0664   999.2672 0.0000e+00
      2.742      0.072     5.2000     71.646     41.895  32.715754     1.4322      7.088   284.3934 2.2567e-01     3.3687      2.688      3.899    14.0642   999.2675 0.0000e+00
      2.760      0.070     5.1901     71.453     41.919  32.731717     1.4386      7.085   284.4940 2.2428e-01     3.3437      2.707      3.926    14.0603   999.2681 0.0000e+00
      2.777      0.069     5.1840     71.208     41.955  32.758576     1.4448      7.083   284.5878 2.1030e-01     3.3160      2.723      3.950    14.0539   999.2692 0.0000e+00
      2.795      0.068     5.1743     70.919     41.990  32.786651     1.4380      7.081   284.5815 2.0036e-01     3.2965      2.740      3.974    14.0467   999.2703 0.0000e+00
      2.815      0.065     5.1608     70.614     42.028  32.817322     1.4254      7.079   284.5898 1.8795e-01     3.3042      2.761      4.004    14.0406   999.2712 0.0000e+00
      2.832      0.064     5.1504     70.318     42.103  32.875564     1.4310      7.077   284.6883 1.6835e-01     3.3431      2.779      4.030    14.0370   999.2717 0.0000e+00
      2.847      0.064     5.1311     70.043     42.244  32.983142     1.4453      7.074   284.8249 1.6427e-01     3.3084      2.792      4.050    14.0365   999.2719 0.0000e+00
      2.859      0.066     5.1101     69.815     42.403  33.102631     1.4517      7.072   285.0376 1.7017e-01     3.1798      2.804      4.067    14.0379   999.2718 0.0000e+00
      2.873      0.070     5.0865     69.639     42.506  33.177959     1.4559      7.069   285.2814 1.6840e-01     3.0992      2.817      4.086    14.0399   999.2716 0.0000e+00
      2.891      0.072     5.0659     69.494     42.534  33.195822     1.4524      7.065   285.3631 1.6088e-01     3.0870      2.834      4.110    14.0401   999.2717 0.0000e+00
      2.914      0.073     5.0450     69.369     42.533  33.191672     1.4004      7.062   285.4235 1.5545e-01     3.1306      2.856      4.142    14.0363   999.2724 0.0000e+00
      2.939      0.073     5.0290     69.216     42.534  33.191254     1.3049      7.059   285.5812 1.6015e-01     3.2337      2.883      4.181    14.0301   999.2734 0.0000e+00
      2.959      0.071     5.0187     69.002     42.535  33.190764     1.2505      7.058   285.7213 1.6780e-01     3.3181      2.905      4.213    14.0241   999.2744 0.0000e+00
      2.974      0.067     5.0073     68.719     42.530  33.185735     1.2542      7.057   285.9132 1.6185e-01     3.3308      2.917      4.231    14.0189   999.2752 0.0000e+00
      2.987      0.063     5.0016     68.372     42.541  33.193917     1.2633      7.054   286.0940 1.4538e-01     3.2890      2.928      4.247    14.0153   999.2757 0.0000e+00
      3.000      0.060     4.9908     67.998     42.583  33.226228     1.2657      7.053   286.1860 1.3987e-01     3.2058      2.942      4.266    14.0137   999.2760 0.0000e+00
      3.015      0.059     4.9759     67.634     42.628  33.259086     1.2567      7.052   286.2513 1.4432e-01     3.1118      2.957      4.288    14.0121   999.2763 0.0000e+00
      3.031      0.059     4.9559     67.314     42.650  33.273881     1.2417      7.050   286.2815 1.4151e-01     3.0696      2.973      4.311    14.0111   999.2765 0.0000e+00
      3.049      0.058     4.9293     67.074     42.659  33.278176     1.2317      7.047   286.2940 1.3629e-01     3.0566      2.989      4.336    14.0111   999.2766 0.0000e+00
      3.065      0.056     4.9016     66.918     42.704  33.311015     1.2130      7.045   286.3160 1.4029e-01     3.0525      3.007      4.362    14.0102   999.2768 0.0000e+00
      3.078      0.054     4.8750     66.833     42.761  33.353606     1.1981      7.044   286.3752 1.4646e-01     3.0857      3.020      4.379    14.0077   999.2771 0.0000e+00
      3.089      0.053     4.8510     66.810     42.756  33.348887     1.1988      7.041   286.5793 1.4520e-01     3.0979      3.027      4.392    14.0044   999.2777 0.0000e+00
