Data/DataNotYetUploadedToEDI/Raw_CTD/2019_RawDownloads/103019_fcr45.cnv
* Sea-Bird SBE19plus  Data File:
* FileName = C:\DATA\103019_fcr_0005.hex
* Software version 2.8.0.119 SB_Terminal.dll
* Temperature SN = 7809
* Conductivity SN = 7809
* System UpLoad Time = Oct 30 2019 15:29:09
* <ApplicationData>
* <Seaterm232>
# nquan = 16
# nvalues = 496                         
# units = specified
# name 0 = depFM: Depth [fresh water, m]
# name 1 = dz/dtM: Descent Rate [m/s]
# name 2 = sbeox0ML/L: Oxygen, SBE 43 [ml/l]
# name 3 = sbeox0PS: Oxygen, SBE 43 [% saturation]
# name 4 = specc: Specific Conductance [uS/cm]
# name 5 = c0uS/cm: Conductivity [uS/cm]
# name 6 = flECO-AFL: Fluorescence, WET Labs ECO-AFL/FL [mg/m^3]
# name 7 = ph: pH
# name 8 = orp: Oxidation Reduction Potential [mV]
# name 9 = par/sat/log: PAR/Logarithmic, Satlantic
# name 10 = turbWETntu0: Turbidity, WET Labs ECO [NTU]
# name 11 = prdM: Pressure, Strain Gauge [db]
# name 12 = prdE: Pressure, Strain Gauge [psi]
# name 13 = tv290C: Temperature [ITS-90, deg C]
# name 14 = density00: Density [density, kg/m^3]
# name 15 = flag:  0.000e+00
# span 0 =     -0.517,      6.654       
# span 1 =     -0.005,      0.282       
# span 2 =     4.1790,     7.8147       
# span 3 =     57.746,    111.075       
# span 4 =      2.611,     48.836       
# span 5 =   2.074889,  37.835755       
# span 6 =    -0.1352,     6.1083       
# span 7 =      6.691,      7.553       
# span 8 =   271.3459,   314.7367       
# span 9 = 1.2358e-01, 1.0160e+02       
# span 10 =    -0.5036,    19.2326      
# span 11 =     -0.507,      6.526      
# span 12 =     -0.735,      9.464      
# span 13 =    13.7287,    15.4025      
# span 14 =   999.0577,   999.3340      
# span 15 = 0.0000e+00, 0.0000e+00      
# interval = seconds: 0.25
# start_time = Oct 30 2019 10:50:00 [Instrument's time stamp, header]
# bad_flag = -9.990e-29
*END*
[from data line 91]
      0.120      0.005     6.3525     89.165     40.040  32.339333     4.9149      7.397   281.0577 3.4423e+01    17.4325      0.117      0.170    15.3846   999.0604 0.0000e+00
      0.120      0.007     6.3248     88.745     40.025  32.326642     4.7051      7.392   281.0144 3.3646e+01    16.9875      0.117      0.169    15.3830   999.0606 0.0000e+00
      0.124      0.007     6.2994     88.314     40.023  32.324467     4.5914      7.387   280.9942 3.2371e+01    16.7280      0.121      0.176    15.3816   999.0608 0.0000e+00
      0.129      0.007     6.2685     87.896     40.011  32.313032     4.5812      7.382   280.8983 3.1385e+01    16.6871      0.126      0.185    15.3808   999.0610 0.0000e+00
      0.132      0.010     6.2393     87.506     40.016  32.315312     4.6163      7.377   280.7155 3.1198e+01    16.5261      0.129      0.188    15.3805   999.0611 0.0000e+00
      0.132      0.019     6.2109     87.131     40.061  32.352026     4.6951      7.372   280.3337 3.1375e+01    16.2234      0.130      0.188    15.3800   999.0611 0.0000e+00
      0.131      0.034     6.1798     86.796     40.091  32.376172     4.7446      7.368   278.4332 3.1812e+01    16.0421      0.129      0.187    15.3786   999.0613 0.0000e+00
      0.132      0.050     6.1501     86.543     40.062  32.353409     4.7809      7.363   275.1165 3.1924e+01    16.0385      0.124      0.181    15.3766   999.0616 0.0000e+00
      0.146      0.067     6.1244     86.391     40.034  32.330645     5.0301      7.359   273.0121 2.9899e+01    16.2121      0.137      0.198    15.3747   999.0620 0.0000e+00
      0.176      0.083     6.0972     86.367     40.064  32.354770     5.4609      7.356   272.5199 2.6645e+01    16.5030      0.172      0.249    15.3739   999.0623 0.0000e+00
      0.210      0.099     6.0720     86.442     40.108  32.391266     5.6893      7.353   272.2634 2.4345e+01    16.6710      0.210      0.304    15.3745   999.0624 0.0000e+00
      0.237      0.110     6.0550     86.550     40.107  32.391153     5.7098      7.353   271.8890 2.2920e+01    16.7036      0.236      0.342    15.3753   999.0624 0.0000e+00
      0.258      0.114     6.0423     86.693     40.061  32.353398     5.7272      7.354   271.5214 2.1152e+01    16.7010      0.249      0.362    15.3750   999.0624 0.0000e+00
      0.286      0.110     6.0415     86.894     40.014  32.315540     5.8301      7.355   271.3459 1.8844e+01    16.7379      0.277      0.402    15.3749   999.0626 0.0000e+00
      0.321      0.105     6.0499     87.162     40.013  32.314178     6.0093      7.356   271.4026 1.6839e+01    16.8542      0.316      0.459    15.3761   999.0626 0.0000e+00
      0.355      0.102     6.0561     87.485     40.040  32.336930     6.1083      7.356   271.6037 1.5595e+01    16.9604      0.351      0.510    15.3770   999.0627 0.0000e+00
      0.380      0.098     6.0654     87.805     40.040  32.336795     6.0993      7.355   271.7991 1.5085e+01    17.0066      0.377      0.547    15.3767   999.0628 0.0000e+00
      0.397      0.092     6.0800     88.131     40.010  32.312544     5.8648      7.354   271.8723 1.4728e+01    16.8222      0.388      0.563    15.3760   999.0629 0.0000e+00
      0.414      0.082     6.0976     88.522     39.992  32.297564     5.4318      7.354   271.8867 1.4128e+01    16.4354      0.403      0.585    15.3764   999.0629 0.0000e+00
      0.437      0.072     6.1236     88.987     39.974  32.282585     5.1995      7.354   271.8865 1.3458e+01    16.2618      0.429      0.622    15.3770   999.0630 0.0000e+00
      0.462      0.063     6.1449     89.450     39.945  32.258347     5.1884      7.353   271.9563 1.2975e+01    16.2639      0.456      0.660    15.3772   999.0631 0.0000e+00
      0.480      0.057     6.1656     89.819     39.948  32.258349     5.2633      7.350   272.1280 1.2866e+01    15.9685      0.474      0.688    15.3770   999.0632 0.0000e+00
      0.490      0.054     6.1928     90.069     39.983  32.282608     5.4029      7.347   272.2425 1.2981e+01    15.4102      0.483      0.700    15.3765   999.0633 0.0000e+00
      0.494      0.054     6.2273     90.192     40.004  32.297817     5.4715      7.345   272.2221 1.3069e+01    15.1182      0.484      0.702    15.3767   999.0633 0.0000e+00
      0.500      0.056     6.2635     90.210     40.024  32.315316     5.4601      7.343   272.1389 1.2870e+01    15.1247      0.486      0.705    15.3763   999.0633 0.0000e+00
      0.516      0.060     6.2889     90.176     40.087  32.367257     5.3690      7.342   272.0970 1.2241e+01    15.3252      0.503      0.729    15.3716   999.0641 0.0000e+00
      0.541      0.064     6.3082     90.095     40.150  32.418150     5.2102      7.341   272.1456 1.1552e+01    15.7082      0.533      0.772    15.3656   999.0653 0.0000e+00
      0.564      0.066     6.3166     90.031     40.158  32.422974     5.1276      7.340   272.2104 1.1100e+01    15.9534      0.556      0.806    15.3644   999.0655 0.0000e+00
      0.582      0.065     6.3153     90.319     40.166  32.425586     5.1151      7.340   272.1919 1.0821e+01    15.9960      0.573      0.831    15.3660   999.0653 0.0000e+00
      0.596      0.061     6.3132     91.460     40.201  32.449724     5.0238      7.340   272.1804 1.0645e+01    15.7645      0.586      0.849    15.3673   999.0652 0.0000e+00
      0.606      0.059     6.3081     93.721     40.221  32.460970     4.8564      7.339   272.3290 1.0423e+01    15.2511      0.593      0.861    15.3682   999.0652 0.0000e+00
      0.618      0.062     6.2952     96.921     40.196  32.434633     4.7654      7.337   272.5261 1.0144e+01    14.9337      0.606      0.880    15.3667   999.0654 0.0000e+00
      0.633      0.069     6.3003    100.531     40.146  32.385124     4.7554      7.335   272.5841 9.8584e+00    14.9093      0.620      0.899    15.3618   999.0663 0.0000e+00
      0.651      0.077     6.3734    103.987     40.141  32.370031     4.7268      7.334   272.6014 9.4423e+00    15.1200      0.636      0.922    15.3553   999.0674 0.0000e+00
      0.675      0.084     6.5380    106.970     40.166  32.379053     4.6622      7.333   272.7353 8.8970e+00    15.5479      0.660      0.957    15.3486   999.0685 0.0000e+00
      0.701      0.089     6.7773    109.280     40.166  32.367278     4.6078      7.331   272.9116 8.3595e+00    15.7897      0.688      0.998    15.3423   999.0696 0.0000e+00
      0.726      0.090     7.0485    110.684     40.164  32.354567     4.5892      7.331   272.9266 7.8901e+00    15.7827      0.714      1.035    15.3324   999.0713 0.0000e+00
      0.749      0.088     7.2987    111.075     40.175  32.352267     4.5931      7.330   272.9167 7.4394e+00    15.7579      0.735      1.066    15.3172   999.0737 0.0000e+00
      0.771      0.083     7.5135    110.590     40.173  32.339463     4.7335      7.328   273.0500 6.9973e+00    15.7199      0.757      1.098    15.3013   999.0763 0.0000e+00
      0.792      0.078     7.6855    109.507     40.169  32.326658     5.0040      7.326   273.1610 6.6084e+00    15.6502      0.777      1.127    15.2876   999.0785 0.0000e+00
      0.810      0.075     7.7894    108.116     40.177  32.324360     5.1584      7.326   273.2256 6.2701e+00    15.6040      0.795      1.153    15.2746   999.0806 0.0000e+00
      0.827      0.075     7.8147    106.618     40.170  32.311669     5.1863      7.324   273.2300 5.9796e+00    15.5870      0.812      1.177    15.2604   999.0828 0.0000e+00
      0.844      0.075     7.7758    105.107     40.165  32.300122     5.2808      7.321   273.2142 5.7187e+00    15.7392      0.827      1.200    15.2460   999.0851 0.0000e+00
      0.863      0.075     7.6943    103.675     40.189  32.311661     5.4424      7.318   273.2926 5.4387e+00    16.0686      0.845      1.227    15.2332   999.0871 0.0000e+00
      0.884      0.074     7.5926    102.406     40.213  32.324249     5.5275      7.316   273.4029 5.1435e+00    16.2597      0.867      1.258    15.2236   999.0887 0.0000e+00
      0.905      0.072     7.4884    101.361     40.223  32.325394     5.5381      7.315   273.4294 4.8810e+00    16.2473      0.890      1.290    15.2156   999.0901 0.0000e+00
      0.925      0.069     7.3805    100.563     40.231  32.325490     5.5281      7.314   273.4411 4.6760e+00    16.1807      0.908      1.317    15.2062   999.0916 0.0000e+00
      0.940      0.065     7.2797     99.991     40.239  32.325395     5.5015      7.312   273.4583 4.5171e+00    16.1748      0.923      1.338    15.1960   999.0932 0.0000e+00
      0.955      0.061     7.1904     99.617     40.245  32.324241     5.4853      7.309   273.4658 4.3726e+00    16.2093      0.937      1.357    15.1870   999.0947 0.0000e+00
      0.970      0.058     7.1172     99.366     40.238  32.311541     5.4617      7.306   273.6181 4.2329e+00    16.1713      0.951      1.379    15.1792   999.0959 0.0000e+00
      0.985      0.058     7.0638     99.179     40.232  32.298746     5.2853      7.304   273.7502 4.0999e+00    15.9453      0.966      1.402    15.1716   999.0972 0.0000e+00
      0.998      0.058     7.0242     99.054     40.239  32.296448     4.9835      7.301   273.8590 3.9669e+00    15.5736      0.978      1.421    15.1638   999.0984 0.0000e+00
      1.012      0.057     7.0016     98.958     40.233  32.283758     4.8299      7.299   274.0730 3.8084e+00    15.3480      0.991      1.436    15.1559   999.0997 0.0000e+00
      1.028      0.057     6.9880     98.871     40.226  32.272221     4.8238      7.297   274.1866 3.6386e+00    15.3151      1.007      1.462    15.1473   999.1011 0.0000e+00
      1.044      0.058     6.9739     98.816     40.246  32.283862     4.8224      7.297   274.2011 3.5090e+00    15.3064      1.025      1.487    15.1373   999.1027 0.0000e+00
      1.058      0.061     6.9694     98.791     40.272  32.297584     4.8308      7.296   274.2472 3.4049e+00    15.2431      1.037      1.504    15.1265   999.1044 0.0000e+00
      1.072      0.064     6.9646     98.762     40.306  32.311203     4.8559      7.293   274.3137 3.2964e+00    15.1391      1.050      1.522    15.1162   999.1060 0.0000e+00
      1.087      0.067     6.9582     98.734     40.343  32.321589     4.8744      7.291   274.4025 3.1609e+00    15.0979      1.064      1.544    15.1088   999.1072 0.0000e+00
      1.105      0.071     6.9548     98.675     40.335  32.296217     4.8806      7.290   274.5467 3.0084e+00    15.1055      1.083      1.571    15.1054   999.1078 0.0000e+00
      1.125      0.073     6.9556     98.520     40.309  32.258248     4.8098      7.288   274.6816 2.8684e+00    14.8701      1.103      1.600    15.0993   999.1088 0.0000e+00
      1.146      0.074     6.9559     98.286     40.309  32.243245     4.6599      7.287   274.7431 2.7278e+00    14.4154      1.122      1.627    15.0812   999.1117 0.0000e+00
      1.167      0.073     6.9568     97.927     40.324  32.241728     4.5773      7.285   274.7735 2.5972e+00    14.1959      1.145      1.661    15.0547   999.1158 0.0000e+00
      1.187      0.070     6.9621     97.382     40.335  32.239889     4.5743      7.283   274.7909 2.4892e+00    14.2152      1.166      1.691    15.0298   999.1197 0.0000e+00
      1.203      0.065     6.9497     96.735     40.325  32.220999     4.6228      7.281   274.7812 2.3864e+00    14.2552      1.180      1.710    15.0084   999.1229 0.0000e+00
      1.218      0.058     6.9388     96.108     40.315  32.203692     4.7129      7.279   274.8288 2.2852e+00    14.2527      1.194      1.731    14.9902   999.1258 0.0000e+00
      1.234      0.052     6.9191     95.585     40.348  32.220999     4.7538      7.276   274.9356 2.2032e+00    14.2183      1.211      1.757    14.9745   999.1282 0.0000e+00
      1.247      0.049     6.8787     95.219     40.382  32.239866     4.7527      7.274   274.9544 2.1480e+00    14.2005      1.225      1.776    14.9609   999.1303 0.0000e+00
      1.255      0.048     6.8319     95.022     40.394  32.241426     4.7176      7.272   274.9697 2.1056e+00    14.0704      1.231      1.786    14.9481   999.1323 0.0000e+00
      1.264      0.049     6.7873     94.965     40.402  32.239853     4.6406      7.271   275.1207 2.0586e+00    13.8569      1.238      1.796    14.9358   999.1341 0.0000e+00
      1.276      0.051     6.7510     95.039     40.389  32.220830     4.6021      7.270   275.2318 1.9945e+00    13.7497      1.250      1.812    14.9256   999.1357 0.0000e+00
      1.291      0.054     6.7253     95.206     40.376  32.201794     4.5816      7.268   275.2810 1.9223e+00    13.6919      1.265      1.835    14.9153   999.1374 0.0000e+00
      1.307      0.059     6.7151     95.392     40.384  32.200064     4.3933      7.266   275.4567 1.8544e+00    13.1581      1.282      1.859    14.9056   999.1388 0.0000e+00
      1.322      0.064     6.7114     95.559     40.392  32.199896     4.0681      7.264   275.6356 1.7842e+00    12.1457      1.297      1.881    14.8963   999.1403 0.0000e+00
      1.338      0.068     6.7193     95.678     40.400  32.199752     3.8922      7.261   275.7229 1.7232e+00    11.5449      1.312      1.903    14.8853   999.1421 0.0000e+00
      1.354      0.070     6.7356     95.708     40.414  32.198326     3.8790      7.260   275.8240 1.6779e+00    11.4319      1.328      1.926    14.8738   999.1438 0.0000e+00
      1.373      0.072     6.7507     95.618     40.416  32.182638     3.8830      7.257   275.9116 1.6256e+00    11.3367      1.345      1.952    14.8625   999.1456 0.0000e+00
      1.394      0.074     6.7641     95.403     40.386  32.136971     3.9052      7.254   276.0080 1.5710e+00    10.5581      1.368      1.984    14.8550   999.1468 0.0000e+00
      1.414      0.076     6.7748     95.105     40.356  32.090362     3.9563      7.252   276.1288 1.5288e+00     9.1298      1.388      2.012    14.8500   999.1477 0.0000e+00
      1.432      0.076     6.7794     94.777     40.352  32.063292     3.9888      7.250   276.1677 1.4820e+00     8.3554      1.403      2.035    14.8358   999.1499 0.0000e+00
      1.452      0.075     6.7771     94.402     40.382  32.063482     4.0038      7.248   276.1341 1.4278e+00     8.2740      1.423      2.064    14.8115   999.1536 0.0000e+00
      1.472      0.073     6.7646     93.959     40.447  32.092621     4.0605      7.245   276.2393 1.3840e+00     8.2115      1.444      2.096    14.7852   999.1575 0.0000e+00
      1.491      0.072     6.7451     93.470     40.481  32.098286     4.1457      7.243   276.4932 1.3418e+00     8.1237      1.463      2.122    14.7569   999.1618 0.0000e+00
      1.509      0.073     6.7277     92.960     40.467  32.068488     4.1929      7.241   276.6235 1.3028e+00     8.0975      1.480      2.146    14.7266   999.1664 0.0000e+00
      1.524      0.073     6.7064     92.395     40.465  32.049613     4.1886      7.239   276.6950 1.2702e+00     8.1245      1.494      2.167    14.6968   999.1708 0.0000e+00
      1.542      0.073     6.6780     91.720     40.498  32.060434     4.1023      7.237   276.8425 1.2322e+00     8.0889      1.510      2.191    14.6684   999.1751 0.0000e+00
      1.562      0.072     6.6456     90.905     40.530  32.072381     3.9558      7.236   276.9444 1.1961e+00     7.9953      1.532      2.222    14.6425   999.1790 0.0000e+00
      1.584      0.070     6.6145     89.950     40.537  32.067121     3.8815      7.233   276.9803 1.1505e+00     7.9094      1.554      2.254    14.6181   999.1827 0.0000e+00
      1.604      0.067     6.5789     88.968     40.541  32.060293     3.8815      7.230   277.0175 1.1000e+00     7.8378      1.574      2.283    14.5967   999.1859 0.0000e+00
      1.619      0.062     6.5338     88.099     40.541  32.053277     3.8084      7.228   277.0508 1.0677e+00     7.7513      1.589      2.304    14.5782   999.1886 0.0000e+00
