Data/DataNotYetUploadedToEDI/Raw_CTD/2019_RawDownloads/103019_fcr20.cnv
* Sea-Bird SBE19plus  Data File:
* FileName = C:\DATA\103019_fcr_0003.hex
* Software version 2.8.0.119 SB_Terminal.dll
* Temperature SN = 7809
* Conductivity SN = 7809
* System UpLoad Time = Oct 30 2019 15:28:32
* <ApplicationData>
* <Seaterm232>
# nquan = 16
# nvalues = 341                         
# units = specified
# name 0 = depFM: Depth [fresh water, m]
# name 1 = dz/dtM: Descent Rate [m/s]
# name 2 = sbeox0ML/L: Oxygen, SBE 43 [ml/l]
# name 3 = sbeox0PS: Oxygen, SBE 43 [% saturation]
# name 4 = specc: Specific Conductance [uS/cm]
# name 5 = c0uS/cm: Conductivity [uS/cm]
# name 6 = flECO-AFL: Fluorescence, WET Labs ECO-AFL/FL [mg/m^3]
# name 7 = ph: pH
# name 8 = orp: Oxidation Reduction Potential [mV]
# name 9 = par/sat/log: PAR/Logarithmic, Satlantic
# name 10 = turbWETntu0: Turbidity, WET Labs ECO [NTU]
# name 11 = prdM: Pressure, Strain Gauge [db]
# name 12 = prdE: Pressure, Strain Gauge [psi]
# name 13 = tv290C: Temperature [ITS-90, deg C]
# name 14 = density00: Density [density, kg/m^3]
# name 15 = flag:  0.000e+00
# span 0 =     -0.520,      3.368       
# span 1 =     -0.001,      0.258       
# span 2 =     3.7967,     7.9221       
# span 3 =     52.802,    113.069       
# span 4 =      1.508,     45.738       
# span 5 =   1.210734,  35.772782       
# span 6 =    -0.1522,     7.8460       
# span 7 =      6.680,      8.658       
# span 8 =   197.6241,   287.0508       
# span 9 = 1.2364e-01, 1.0627e+02       
# span 10 =    -0.5279,    35.9927      
# span 11 =     -0.511,      3.303      
# span 12 =     -0.741,      4.791      
# span 13 =    14.0992,    15.5261      
# span 14 =   999.0386,   999.2668      
# span 15 = 0.0000e+00, 0.0000e+00      
# interval = seconds: 0.25
# start_time = Oct 30 2019 10:38:21 [Instrument's time stamp, header]
# bad_flag = -9.990e-29
*END*
[from data line 181]
      1.484      0.059     6.4573     88.175     41.006  32.574223     7.8460      7.631   258.4136 1.2769e+00     9.0633      1.453      2.108    14.7296   999.1660 0.0000e+00
      1.501      0.061     6.4272     87.235     41.016  32.581147     7.8227      7.623   258.6127 1.2250e+00     8.9993      1.471      2.134    14.7246   999.1668 0.0000e+00
      1.519      0.061     6.3882     86.311     40.995  32.563529     7.4704      7.616   258.7522 1.1835e+00     8.2401      1.490      2.161    14.7210   999.1674 0.0000e+00
      1.538      0.059     6.3277     85.445     40.980  32.551584     6.8200      7.610   258.8092 1.1501e+00     6.8646      1.508      2.189    14.7178   999.1680 0.0000e+00
      1.554      0.056     6.2592     84.733     40.995  32.563653     6.4616      7.605   258.7855 1.1115e+00     6.0986      1.526      2.213    14.7147   999.1686 0.0000e+00
      1.566      0.051     6.1925     84.220     41.020  32.582531     6.4138      7.600   258.8102 1.0682e+00     6.0249      1.536      2.228    14.7133   999.1688 0.0000e+00
      1.576      0.048     6.1271     83.907     41.029  32.589455     6.3634      7.596   258.9354 1.0362e+00     6.0713      1.544      2.240    14.7129   999.1689 0.0000e+00
      1.586      0.047     6.0613     83.784     41.024  32.583905     5.9489      7.591   259.0947 1.0164e+00     6.1027      1.555      2.256    14.7124   999.1690 0.0000e+00
      1.597      0.048     6.0102     83.769     41.022  32.578885     5.1824      7.585   259.2742 9.8727e-01     6.0776      1.565      2.270    14.7123   999.1691 0.0000e+00
      1.609      0.050     5.9748     83.784     41.043  32.592212     4.7590      7.578   259.4707 9.5626e-01     6.0624      1.577      2.287    14.7117   999.1692 0.0000e+00
      1.622      0.053     5.9512     83.823     41.081  32.618118     4.6969      7.573   259.6631 9.4079e-01     6.0178      1.592      2.308    14.7115   999.1693 0.0000e+00
      1.637      0.055     5.9460     83.859     41.113  32.638254     4.5349      7.568   259.7080 9.2753e-01     5.8658      1.606      2.327    14.7103   999.1696 0.0000e+00
      1.652      0.057     5.9480     83.845     41.131  32.645284     4.2661      7.563   259.6699 8.9887e-01     5.6656      1.621      2.350    14.7063   999.1702 0.0000e+00
      1.666      0.059     5.9485     83.778     41.132  32.639645     4.1252      7.558   259.7181 8.7215e-01     5.5961      1.635      2.371    14.7016   999.1710 0.0000e+00
      1.681      0.059     5.9526     83.663     41.131  32.633523     4.1321      7.552   259.8605 8.5472e-01     5.6161      1.648      2.390    14.6966   999.1718 0.0000e+00
      1.696      0.058     5.9586     83.502     41.137  32.634720     4.2891      7.546   260.1014 8.3359e-01     5.5144      1.663      2.412    14.6894   999.1729 0.0000e+00
      1.712      0.056     5.9573     83.281     41.166  32.654122     4.5759      7.542   260.3080 8.1653e-01     5.3168      1.679      2.436    14.6809   999.1743 0.0000e+00
      1.728      0.053     5.9544     83.001     41.202  32.677722     4.7379      7.537   260.4658 8.0467e-01     5.1923      1.695      2.458    14.6728   999.1755 0.0000e+00
      1.742      0.049     5.9463     82.700     41.193  32.666199     4.7566      7.532   260.6320 7.8696e-01     5.1564      1.709      2.478    14.6660   999.1766 0.0000e+00
      1.753      0.044     5.9361     82.419     41.166  32.641720     4.7415      7.527   260.7686 7.5264e-01     5.0468      1.720      2.495    14.6621   999.1772 0.0000e+00
      1.762      0.040     5.9212     82.180     41.157  32.635596     4.7035      7.522   260.8272 7.2660e-01     4.8171      1.728      2.507    14.6588   999.1778 0.0000e+00
      1.771      0.037     5.9003     81.975     41.176  32.655622     4.6871      7.517   260.9105 7.2369e-01     4.6734      1.738      2.521    14.6529   999.1787 0.0000e+00
      1.779      0.037     5.8792     81.777     41.219  32.693477     4.6814      7.513   261.0866 7.1322e-01     4.6866      1.745      2.531    14.6456   999.1798 0.0000e+00
      1.786      0.039     5.8589     81.594     41.242  32.712524     4.4606      7.508   261.1505 6.9322e-01     4.7141      1.751      2.539    14.6409   999.1805 0.0000e+00
      1.796      0.042     5.8420     81.504     41.225  32.695532     4.0288      7.503   261.1660 6.8061e-01     4.6789      1.761      2.554    14.6426   999.1803 0.0000e+00
      1.808      0.045     5.8273     81.526     41.210  32.678406     3.7791      7.498   261.3607 6.6889e-01     4.6539      1.773      2.571    14.6503   999.1792 0.0000e+00
      1.822      0.048     5.8135     81.611     41.240  32.695832     3.7471      7.492   261.6117 6.4673e-01     4.6739      1.787      2.591    14.6561   999.1785 0.0000e+00
      1.836      0.050     5.7964     81.703     41.274  32.715832     3.7204      7.487   261.7060 6.2541e-01     4.6579      1.800      2.611    14.6568   999.1784 0.0000e+00
      1.849      0.052     5.7906     81.773     41.299  32.729830     3.4476      7.482   261.7260 6.0986e-01     4.5258      1.813      2.629    14.6531   999.1790 0.0000e+00
      1.861      0.053     5.7947     81.809     41.317  32.738158     2.9544      7.476   261.8531 6.0091e-01     4.3221      1.825      2.648    14.6461   999.1800 0.0000e+00
      1.874      0.055     5.8030     81.783     41.266  32.689596     2.6898      7.471   262.0381 6.0544e-01     4.2272      1.837      2.666    14.6375   999.1814 0.0000e+00
      1.888      0.057     5.8121     81.668     41.151  32.586888     2.6675      7.467   262.1562 6.0849e-01     4.2303      1.851      2.683    14.6280   999.1828 0.0000e+00
      1.903      0.059     5.8169     81.449     41.071  32.511699     2.6945      7.462   262.2489 5.9715e-01     4.2290      1.866      2.706    14.6219   999.1838 0.0000e+00
      1.919      0.060     5.8219     81.119     41.042  32.478544     2.7552      7.456   262.3848 5.7754e-01     4.2118      1.882      2.730    14.6161   999.1848 0.0000e+00
      1.936      0.060     5.8215     80.691     41.003  32.439849     2.7859      7.450   262.5089 5.5682e-01     4.1859      1.898      2.753    14.6062   999.1863 0.0000e+00
      1.952      0.058     5.8157     80.213     40.989  32.424612     2.7704      7.446   262.7169 5.4228e-01     4.1777      1.915      2.778    14.5914   999.1885 0.0000e+00
      1.967      0.055     5.8024     79.753     40.989  32.421231     2.6723      7.441   263.0072 5.3826e-01     4.1785      1.930      2.799    14.5752   999.1909 0.0000e+00
      1.981      0.051     5.7804     79.363     40.966  32.398966     2.5097      7.436   263.1792 5.3391e-01     4.1957      1.944      2.818    14.5624   999.1928 0.0000e+00
      1.993      0.047     5.7498     79.077     40.984  32.409246     2.4263      7.431   263.3335 5.1926e-01     4.2212      1.955      2.836    14.5530   999.1942 0.0000e+00
      2.003      0.045     5.7144     78.911     41.001  32.418599     2.4181      7.428   263.4964 4.9639e-01     4.2250      1.965      2.849    14.5480   999.1949 0.0000e+00
      2.013      0.045     5.6806     78.866     40.963  32.385120     2.4024      7.424   263.6002 4.8761e-01     4.1109      1.975      2.864    14.5458   999.1954 0.0000e+00
      2.023      0.047     5.6527     78.920     40.966  32.385215     2.3742      7.418   263.7279 4.9402e-01     3.8892      1.984      2.877    14.5410   999.1961 0.0000e+00
      2.033      0.052     5.6328     79.031     41.012  32.419745     2.3542      7.413   263.9220 4.8790e-01     3.7733      1.992      2.890    14.5345   999.1970 0.0000e+00
      2.047      0.056     5.6213     79.193     41.017  32.421846     2.3523      7.408   264.0540 4.7594e-01     3.7583      2.005      2.909    14.5296   999.1979 0.0000e+00
      2.064      0.059     5.6190     79.386     41.003  32.410620     2.3943      7.404   264.1200 4.6773e-01     3.6420      2.024      2.935    14.5259   999.1984 0.0000e+00
      2.083      0.059     5.6251     79.577     41.003  32.410941     2.4799      7.399   264.2897 4.5251e-01     3.4165      2.043      2.964    14.5228   999.1990 0.0000e+00
      2.100      0.057     5.6327     79.747     41.020  32.425723     2.5297      7.394   264.4705 4.3421e-01     3.2932      2.062      2.990    14.5206   999.1994 0.0000e+00
      2.115      0.052     5.6447     79.860     41.064  32.462427     2.5279      7.390   264.4993 4.2572e-01     3.2981      2.075      3.010    14.5191   999.1997 0.0000e+00
      2.126      0.046     5.6605     79.898     41.076  32.473966     2.5198      7.387   264.4667 4.3093e-01     3.3112      2.085      3.024    14.5182   999.1999 0.0000e+00
      2.135      0.040     5.6731     79.900     41.029  32.438312     2.4578      7.384   264.5914 4.3202e-01     3.4192      2.094      3.037    14.5187   999.1998 0.0000e+00
      2.145      0.037     5.6868     79.879     40.995  32.412116     2.3329      7.380   264.8028 4.1714e-01     3.6211      2.103      3.050    14.5200   999.1997 0.0000e+00
      2.153      0.035     5.6954     79.786     40.994  32.411076     2.2493      7.376   264.9574 4.0670e-01     3.7530      2.112      3.062    14.5228   999.1994 0.0000e+00
      2.159      0.035     5.6960     79.642     41.014  32.425735     2.2278      7.373   265.0842 4.0538e-01     3.8013      2.118      3.070    14.5260   999.1989 0.0000e+00
      2.168      0.036     5.6945     79.512     41.062  32.462428     2.2973      7.370   265.2178 4.0330e-01     3.7790      2.125      3.082    14.5282   999.1986 0.0000e+00
      2.179      0.038     5.6965     79.425     41.076  32.473954     2.4478      7.367   265.2818 4.0095e-01     3.7461      2.138      3.101    14.5287   999.1986 0.0000e+00
      2.189      0.042     5.6887     79.404     41.031  32.438176     2.5397      7.364   265.2557 3.9602e-01     3.7636      2.146      3.114    14.5276   999.1988 0.0000e+00
      2.198      0.048     5.6759     79.429     41.001  32.410608     2.5415      7.361   265.3329 3.9147e-01     3.7614      2.153      3.123    14.5266   999.1989 0.0000e+00
      2.209      0.053     5.6674     79.454     40.995  32.394476     2.4255      7.356   265.5271 3.8690e-01     3.7516      2.165      3.140    14.5242   999.1994 0.0000e+00
      2.223      0.058     5.6594     79.464     40.987  32.370030     2.2303      7.352   265.6245 3.7139e-01     3.7767      2.179      3.161    14.5245   999.1994 0.0000e+00
      2.241      0.062     5.6587     79.446     41.013  32.368859     2.1317      7.347   265.6497 3.5029e-01     3.8029      2.196      3.186    14.5275   999.1991 0.0000e+00
      2.261      0.063     5.6625     79.364     41.052  32.380284     2.1272      7.342   265.7461 3.3001e-01     3.8063      2.218      3.217    14.5237   999.1997 0.0000e+00
      2.279      0.062     5.6661     79.206     41.072  32.381232     2.1660      7.338   265.8435 3.1568e-01     3.7202      2.237      3.244    14.5104   999.2017 0.0000e+00
      2.294      0.058     5.6693     78.963     41.083  32.380298     2.2453      7.335   265.9669 3.1812e-01     3.5801      2.251      3.265    14.4861   999.2053 0.0000e+00
      2.307      0.053     5.6738     78.633     41.078  32.368978     2.2968      7.333   266.1194 3.3120e-01     3.5551      2.262      3.281    14.4566   999.2096 0.0000e+00
      2.320      0.047     5.6707     78.259     41.089  32.371279     2.3036      7.329   266.2254 3.3783e-01     3.5815      2.274      3.298    14.4322   999.2132 0.0000e+00
      2.332      0.042     5.6614     77.871     41.143  32.408107     2.3280      7.326   266.3880 3.2745e-01     3.5711      2.288      3.318    14.4156   999.2156 0.0000e+00
      2.342      0.038     5.6467     77.465     41.181  32.433492     2.3845      7.323   266.5370 3.1350e-01     3.5608      2.298      3.333    14.4041   999.2174 0.0000e+00
      2.351      0.035     5.6218     77.083     41.173  32.424360     2.4138      7.320   266.5636 3.1595e-01     3.5552      2.305      3.344    14.3953   999.2186 0.0000e+00
      2.358      0.034     5.5950     76.768     41.176  32.424608     2.4214      7.318   266.6236 3.1838e-01     3.5689      2.313      3.354    14.3880   999.2197 0.0000e+00
      2.365      0.035     5.5696     76.526     41.191  32.436490     2.4246      7.316   266.7468 3.0877e-01     3.5628      2.319      3.363    14.3808   999.2208 0.0000e+00
      2.373      0.038     5.5391     76.362     41.195  32.441097     2.3401      7.312   266.8488 3.0487e-01     3.5463      2.327      3.375    14.3755   999.2217 0.0000e+00
      2.382      0.042     5.5110     76.250     41.243  32.480318     2.1883      7.308   266.9957 3.1047e-01     3.5340      2.335      3.387    14.3709   999.2223 0.0000e+00
      2.394      0.044     5.4896     76.164     41.307  32.529943     2.1148      7.305   267.1466 3.1513e-01     3.5128      2.346      3.404    14.3684   999.2227 0.0000e+00
      2.409      0.043     5.4711     76.107     41.314  32.533416     2.1100      7.302   267.2108 3.1183e-01     3.5517      2.363      3.427    14.3690   999.2228 0.0000e+00
      2.424      0.040     5.4603     76.068     41.304  32.522306     2.0614      7.299   267.2563 3.0898e-01     3.6104      2.378      3.449    14.3716   999.2224 0.0000e+00
      2.435      0.035     5.4530     76.038     41.306  32.522534     1.9783      7.296   267.3524 3.0754e-01     3.5999      2.390      3.466    14.3743   999.2221 0.0000e+00
      2.441      0.032     5.4462     76.001     41.324  32.536173     1.9378      7.294   267.5128 2.9644e-01     3.5564      2.395      3.473    14.3726   999.2224 0.0000e+00
      2.444      0.032     5.4430     75.916     41.359  32.560281     1.9353      7.290   267.7327 2.8726e-01     3.5434      2.397      3.477    14.3698   999.2228 0.0000e+00
      2.448      0.037     5.4413     75.781     41.373  32.560177     1.9490      7.285   267.9453 2.9033e-01     3.6066      2.400      3.481    14.3658   999.2233 0.0000e+00
      2.455      0.045     5.4388     75.619     41.361  32.534899     1.9732      7.280   268.0193 2.9260e-01     3.6973      2.405      3.488    14.3631   999.2238 0.0000e+00
      2.469      0.054     5.4385     75.423     41.346  32.508478     1.9852      7.276   268.0244 2.8714e-01     3.7228      2.417      3.506    14.3646   999.2237 0.0000e+00
      2.489      0.060     5.4320     75.198     41.344  32.494548     1.9899      7.272   268.0931 2.7613e-01     3.7182      2.439      3.538    14.3635   999.2240 0.0000e+00
      2.510      0.062     5.4227     74.951     41.355  32.493386     2.0294      7.267   268.2477 2.6423e-01     3.6743      2.463      3.573    14.3490   999.2261 0.0000e+00
      2.529      0.062     5.4153     74.693     41.366  32.494416     2.1080      7.262   268.5173 2.5250e-01     3.5856      2.482      3.600    14.3252   999.2296 0.0000e+00
      2.543      0.062     5.4022     74.449     41.389  32.506995     2.1602      7.257   268.7721 2.5393e-01     3.5304      2.495      3.619    14.3071   999.2322 0.0000e+00
      2.554      0.064     5.3882     74.253     41.409  32.518544     2.1663      7.253   268.9181 2.7349e-01     3.4986      2.504      3.632    14.2937   999.2341 0.0000e+00
      2.564      0.068     5.3714     74.089     41.400  32.507125     2.0858      7.250   269.0782 2.7410e-01     3.4957      2.511      3.642    14.2817   999.2359 0.0000e+00
      2.580      0.072     5.3538     73.944     41.390  32.495849     1.9246      7.245   269.2457 2.4820e-01     3.5274      2.524      3.662    14.2722   999.2373 0.0000e+00
      2.605      0.074     5.3353     73.826     41.410  32.509115     1.8205      7.240   269.3946 2.3273e-01     3.5540      2.554      3.704    14.2658   999.2384 0.0000e+00
      2.633      0.074     5.3227     73.708     41.452  32.540610     1.7896      7.236   269.5877 2.3497e-01     3.5880      2.585      3.748    14.2613   999.2392 0.0000e+00
