Data/DataNotYetUploadedToEDI/Raw_CTD/2019_RawDownloads/103019_fcr20.cnv
* Sea-Bird SBE19plus  Data File:
* FileName = C:\DATA\103019_fcr_0003.hex
* Software version 2.8.0.119 SB_Terminal.dll
* Temperature SN = 7809
* Conductivity SN = 7809
* System UpLoad Time = Oct 30 2019 15:28:32
* <ApplicationData>
* <Seaterm232>
# nquan = 16
# nvalues = 341                         
# units = specified
# name 0 = depFM: Depth [fresh water, m]
# name 1 = dz/dtM: Descent Rate [m/s]
# name 2 = sbeox0ML/L: Oxygen, SBE 43 [ml/l]
# name 3 = sbeox0PS: Oxygen, SBE 43 [% saturation]
# name 4 = specc: Specific Conductance [uS/cm]
# name 5 = c0uS/cm: Conductivity [uS/cm]
# name 6 = flECO-AFL: Fluorescence, WET Labs ECO-AFL/FL [mg/m^3]
# name 7 = ph: pH
# name 8 = orp: Oxidation Reduction Potential [mV]
# name 9 = par/sat/log: PAR/Logarithmic, Satlantic
# name 10 = turbWETntu0: Turbidity, WET Labs ECO [NTU]
# name 11 = prdM: Pressure, Strain Gauge [db]
# name 12 = prdE: Pressure, Strain Gauge [psi]
# name 13 = tv290C: Temperature [ITS-90, deg C]
# name 14 = density00: Density [density, kg/m^3]
# name 15 = flag:  0.000e+00
# span 0 =     -0.520,      3.368       
# span 1 =     -0.001,      0.258       
# span 2 =     3.7967,     7.9221       
# span 3 =     52.802,    113.069       
# span 4 =      1.508,     45.738       
# span 5 =   1.210734,  35.772782       
# span 6 =    -0.1522,     7.8460       
# span 7 =      6.680,      8.658       
# span 8 =   197.6241,   287.0508       
# span 9 = 1.2364e-01, 1.0627e+02       
# span 10 =    -0.5279,    35.9927      
# span 11 =     -0.511,      3.303      
# span 12 =     -0.741,      4.791      
# span 13 =    14.0992,    15.5261      
# span 14 =   999.0386,   999.2668      
# span 15 = 0.0000e+00, 0.0000e+00      
# interval = seconds: 0.25
# start_time = Oct 30 2019 10:38:21 [Instrument's time stamp, header]
# bad_flag = -9.990e-29
*END*
     -0.519 1.8053e-08     6.7031     95.291      1.510   1.212392    -0.1341      6.693   226.3974 8.1697e+01    -0.0399     -0.509     -0.739    15.1266   999.0856 0.0000e+00
     -0.519 1.6412e-09     6.7044     95.297      1.508   1.210734    -0.1298      6.690   221.7581 7.5877e+01    -0.0577     -0.509     -0.739    15.1267   999.0856 0.0000e+00
     -0.520 1.4940e-10     6.7057     95.310      1.528   1.226536    -0.1298      6.688   220.4087 6.9478e+01    -0.0635     -0.509     -0.739    15.1268   999.0856 0.0000e+00
     -0.520 1.5803e-11     6.7056     95.314      1.512   1.213370    -0.1431      6.688   220.3200 6.4265e+01    -0.1420     -0.511     -0.741    15.1267   999.0856 0.0000e+00
     -0.519 2.5876e-11     6.7051     95.323      1.547   1.241633    -0.1522      6.688   219.6539 5.9551e+01    -0.2531     -0.510     -0.738    15.1268   999.0856 0.0000e+00
     -0.519 2.7118e-10     6.7052     95.342      1.638   1.314800    -0.1443      6.690   218.6354 5.6686e+01    -0.2930     -0.509     -0.737    15.1267   999.0856 0.0000e+00
     -0.519 2.9819e-09     6.7074     95.345      1.667   1.337675    -0.1344      6.690   211.2749 5.6978e+01    -0.2960     -0.509     -0.738    15.1268   999.0856 0.0000e+00
     -0.519 3.2801e-08     6.7067     95.338      1.655   1.328126    -0.1363      6.684   200.2649 6.0030e+01    -0.3553     -0.509     -0.738    15.1269   999.0855 0.0000e+00
     -0.519 3.6081e-07     6.7070     95.335      1.652   1.326079    -0.1417      6.680   197.6241 6.4157e+01    -0.4532     -0.509     -0.738    15.1269   999.0855 0.0000e+00
     -0.519      0.000     6.7098     95.321      1.636   1.312915    -0.1385      6.686   201.6292 6.8768e+01    -0.4958     -0.509     -0.738    15.1270   999.0856 0.0000e+00
     -0.519      0.000     6.7095     95.301      1.614   1.295698    -0.1320      6.692   221.7600 7.3921e+01    -0.5101     -0.509     -0.738    15.1270   999.0856 0.0000e+00
     -0.519      0.000     6.7081     95.296      1.945   1.561439    -0.1331      6.747   258.2763 7.7735e+01    -0.5279     -0.509     -0.738    15.1272   999.0855 0.0000e+00
     -0.519      0.005     6.7089     95.301      6.427   5.159589    -0.1426      6.956   282.7259 7.9343e+01    -0.5145     -0.509     -0.737    15.1269   999.0856 0.0000e+00
     -0.519      0.020     6.7077     95.316     19.157  15.390748    -0.1433      7.327   287.0508 8.0025e+01    -0.4795     -0.510     -0.739    15.1273   999.0855 0.0000e+00
     -0.519      0.049     6.7052     95.333     33.089  26.612022    -0.1332      7.727   284.6709 8.1026e+01    -0.4328     -0.508     -0.736    15.1266   999.0856 0.0000e+00
     -0.517      0.086     6.7056     95.328     39.113  31.502246    -0.1153      8.032   283.1178 8.3983e+01    -0.2448     -0.511     -0.740    15.1278   999.0854 0.0000e+00
     -0.501      0.123     6.7058     95.309     39.924  32.208285    -0.0922      8.230   282.7272 8.9287e+01     0.0577     -0.505     -0.733    15.1261   999.0857 0.0000e+00
     -0.455      0.154     6.7056     95.292     40.127  32.419970    -0.0698      8.368   280.8089 9.5247e+01     0.2423     -0.454     -0.657    15.1334   999.0894 0.0000e+00
     -0.390      0.181     6.6999     95.261     40.224  32.538714     0.0515      8.475   276.9589 1.0084e+02     1.0370     -0.380     -0.550    15.1883   999.0876 0.0000e+00
     -0.326      0.206     6.6874     95.224     40.221  32.565221     1.3307      8.557   274.2068 1.0528e+02     9.9609     -0.315     -0.457    15.2670   999.0766 0.0000e+00
     -0.275      0.229     6.6756     95.234     40.180  32.550112     3.6670      8.613   273.1735 1.0627e+02    26.2753     -0.266     -0.385    15.3348   999.0662 0.0000e+00
     -0.235      0.247     6.6666     95.353     40.162  32.546440     4.9341      8.644   272.9826 1.0165e+02    35.1856     -0.234     -0.339    15.3964   999.0570 0.0000e+00
     -0.184      0.257     6.6571     95.620     40.124  32.520828     5.0424      8.658   273.1893 9.0030e+01    35.9927     -0.194     -0.280    15.4482   999.0491 0.0000e+00
     -0.104      0.258     6.6473     96.043     40.089  32.494289     5.0621      8.658   272.9190 7.1895e+01    35.5755     -0.108     -0.156    15.4843   999.0439 0.0000e+00
     -0.012      0.246     6.6438     96.580     40.071  32.479406     5.1892      8.650   272.1237 5.3161e+01    30.4360     -0.006     -0.008    15.5059   999.0409 0.0000e+00
      0.070      0.216     6.6490     97.129     40.061  32.467793     5.4092      8.639   271.4897 3.9507e+01    21.1093      0.075      0.109    15.5176   999.0395 0.0000e+00
      0.131      0.170     6.6670     97.593     40.081  32.480795     5.5113      8.625   271.1042 3.1861e+01    16.0447      0.141      0.204    15.5231   999.0389 0.0000e+00
      0.161      0.115     6.6969     97.969     40.120  32.509691     5.5135      8.610   270.6456 2.9239e+01    15.5725      0.170      0.247    15.5259   999.0386 0.0000e+00
      0.165      0.064     6.7368     98.238     40.186  32.563330     5.5222      8.594   270.0741 2.9068e+01    15.3673      0.162      0.236    15.5250   999.0388 0.0000e+00
      0.160      0.027     6.7801     98.333     40.255  32.621650     5.5301      8.578   269.4436 2.9939e+01    15.0709      0.156      0.226    15.5194   999.0395 0.0000e+00
      0.156      0.007     6.8115     98.294     40.279  32.643676     5.5393      8.563   268.8724 3.1211e+01    14.9061      0.153      0.222    15.5140   999.0404 0.0000e+00
      0.155      0.004     6.8383     98.236     40.271  32.639272     5.5385      8.549   268.4171 3.1331e+01    14.8818      0.151      0.221    15.5108   999.0409 0.0000e+00
      0.156      0.009     6.8606     98.168     40.261  32.631860     5.5550      8.538   267.8960 3.0713e+01    15.1055      0.153      0.221    15.5111   999.0409 0.0000e+00
      0.159      0.015     6.8655     98.028     40.241  32.617515     5.6081      8.528   267.3904 3.0005e+01    15.5461      0.153      0.222    15.5143   999.0404 0.0000e+00
      0.166      0.018     6.8574     97.764     40.210  32.592757     5.6432      8.519   267.0358 2.8827e+01    15.7512      0.162      0.235    15.5177   999.0399 0.0000e+00
      0.176      0.018     6.8536     97.315     40.202  32.586354     5.6497      8.510   266.6203 2.7588e+01    15.7177      0.174      0.252    15.5206   999.0395 0.0000e+00
      0.183      0.016     6.8511     96.686     40.223  32.603566     5.6087      8.502   266.1516 2.6820e+01    15.5023      0.181      0.262    15.5228   999.0392 0.0000e+00
      0.185      0.012     6.8410     95.948     40.231  32.610481     5.5287      8.495   265.8425 2.6648e+01    15.1125      0.182      0.264    15.5240   999.0390 0.0000e+00
      0.185      0.007     6.8253     95.159     40.226  32.606500     5.4896      8.488   265.5507 2.6919e+01    14.9050      0.181      0.263    15.5248   999.0388 0.0000e+00
      0.185      0.004     6.7937     94.336     40.241  32.618894     5.4740      8.480   265.1187 2.7228e+01    14.8938      0.181      0.263    15.5249   999.0388 0.0000e+00
      0.185      0.002     6.7474     93.499     40.259  32.633406     5.4531      8.473   264.7492 2.7403e+01    14.8790      0.180      0.261    15.5247   999.0389 0.0000e+00
      0.186      0.002     6.6944     92.716     40.286  32.655050     5.4358      8.466   264.4380 2.7381e+01    14.8567      0.181      0.264    15.5245   999.0389 0.0000e+00
      0.186      0.002     6.6393     92.034     40.329  32.690199     5.4208      8.459   264.1096 2.7103e+01    14.8542      0.182      0.264    15.5247   999.0389 0.0000e+00
      0.187      0.002     6.5817     91.404     40.313  32.677621     5.4203      8.453   263.8765 2.6814e+01    14.8807      0.183      0.266    15.5253   999.0388 0.0000e+00
      0.188      0.001     6.5213     90.786     40.254  32.629901     5.4287      8.448   263.6836 2.6732e+01    14.9161      0.185      0.269    15.5255   999.0388 0.0000e+00
      0.188      0.000     6.4645     90.194     40.243  32.620907     5.4872      8.443   263.4127 2.6764e+01    15.0190      0.185      0.268    15.5254   999.0388 0.0000e+00
      0.188      0.000     6.4192     89.603     40.258  32.632341     5.5987      8.438   263.0960 2.6856e+01    15.2073      0.184      0.267    15.5257   999.0388 0.0000e+00
      0.187     -0.001     6.3770     88.989     40.269  32.641220     5.6583      8.432   262.8663 2.6949e+01    15.3246      0.184      0.266    15.5258   999.0388 0.0000e+00
      0.187     -0.001     6.3317     88.374     40.298  32.664804     5.6528      8.427   262.7856 2.6968e+01    15.3552      0.183      0.266    15.5260   999.0387 0.0000e+00
      0.187      0.000     6.2923     87.810     40.297  32.663649     5.5588      8.422   262.7223 2.6982e+01    15.3813      0.183      0.265    15.5258   999.0387 0.0000e+00
      0.187      0.000     6.2515     87.355     40.252  32.627256     5.3889      8.417   262.5318 2.6940e+01    15.3779      0.183      0.265    15.5255   999.0388 0.0000e+00
      0.187      0.001     6.2079     87.007     40.225  32.605548     5.3066      8.412   262.3753 2.6801e+01    15.3802      0.184      0.266    15.5253   999.0388 0.0000e+00
      0.188      0.001     6.1642     86.740     40.207  32.591555     5.3092      8.409   262.2921 2.6664e+01    15.4087      0.184      0.267    15.5252   999.0388 0.0000e+00
      0.188      0.001     6.1224     86.535     40.199  32.584985     5.3427      8.406   262.1277 2.6617e+01    15.4937      0.184      0.267    15.5253   999.0388 0.0000e+00
      0.188      0.000     6.0913     86.377     40.205  32.589585     5.4170      8.402   261.9372 2.6685e+01    15.6538      0.185      0.268    15.5252   999.0388 0.0000e+00
      0.188 1.8614e-08     6.0680     86.272     40.198  32.583710     5.4622      8.398   261.7955 2.6806e+01    15.7717      0.184      0.267    15.5253   999.0388 0.0000e+00
      0.188 2.0475e-07     6.0493     86.197     40.190  32.577412     5.4722      8.394   261.7911 2.6891e+01    15.8048      0.184      0.267    15.5257   999.0387 0.0000e+00
      0.187 2.0475e-07     6.0358     86.103     40.189  32.576891     5.5470      8.390   261.7977 2.6879e+01    15.7257      0.184      0.266    15.5259   999.0387 0.0000e+00
      0.187 1.8614e-08     6.0243     85.974     40.190  32.577411     5.6821      8.385   261.6167 2.6831e+01    15.6019      0.183      0.266    15.5258   999.0387 0.0000e+00
      0.187 1.6921e-09     6.0172     85.802     40.197  32.583710     5.7528      8.381   261.4098 2.6814e+01    15.5860      0.184      0.266    15.5257   999.0387 0.0000e+00
      0.187 1.5360e-10     6.0143     85.588     40.204  32.589582     5.7523      8.378   261.2748 2.6812e+01    15.6321      0.184      0.267    15.5256   999.0387 0.0000e+00
      0.187 1.1440e-11     6.0072     85.355     40.199  32.584947     5.7366      8.376   261.1891 2.6853e+01    15.8971      0.184      0.266    15.5254   999.0388 0.0000e+00
      0.187 -2.672e-11     5.9988     85.095     40.207  32.591135     5.7189      8.373   261.1486 2.6910e+01    16.3975      0.184      0.267    15.5255   999.0387 0.0000e+00
      0.187 -3.078e-10     5.9868     84.794     40.219  32.600948     5.7114      8.368   261.1281 2.6904e+01    16.6682      0.183      0.266    15.5256   999.0387 0.0000e+00
      0.187 -3.387e-09     5.9707     84.479     40.189  32.576667     5.7066      8.365   261.1133 2.6889e+01    16.6792      0.183      0.266    15.5257   999.0387 0.0000e+00
      0.187 -3.726e-08     5.9548     84.149     40.158  32.551391     5.7037      8.363   261.0567 2.6891e+01    16.6626      0.184      0.266    15.5260   999.0387 0.0000e+00
      0.188 -4.098e-07     5.9378     83.759     40.155  32.549187     5.7202      8.360   260.9593 2.6894e+01    16.7616      0.184      0.267    15.5261   999.0387 0.0000e+00
      0.188      0.000     5.9155     83.354     40.156  32.550018     5.7492      8.358   260.8827 2.6943e+01    16.9592      0.184      0.267    15.5261   999.0387 0.0000e+00
      0.188      0.000     5.8925     82.992     40.170  32.561442     5.7687      8.357   260.8182 2.7026e+01    17.0195      0.184      0.266    15.5260   999.0387 0.0000e+00
      0.188     -0.001     5.8731     82.656     40.169  32.560392     5.7751      8.356   260.6964 2.7067e+01    16.9665      0.184      0.267    15.5258   999.0387 0.0000e+00
      0.188     -0.001     5.8434     82.323     40.141  32.537315     5.8085      8.355   260.6146 2.7007e+01    16.7121      0.184      0.267    15.5257   999.0387 0.0000e+00
      0.187     -0.001     5.8128     81.983     40.140  32.536275     5.8690      8.353   260.6035 2.6886e+01    16.2700      0.184      0.266    15.5256   999.0387 0.0000e+00
      0.187     -0.001     5.7895     81.643     40.154  32.547813     5.8907      8.352   260.5624 2.6851e+01    16.0122      0.183      0.265    15.5256   999.0387 0.0000e+00
      0.187     -0.001     5.7659     81.321     40.156  32.549893     5.8896      8.351   260.4611 2.6931e+01    15.9877      0.183      0.265    15.5253   999.0388 0.0000e+00
      0.186     -0.000     5.7432     81.036     40.171  32.561431     5.9504      8.350   260.3252 2.6979e+01    16.4333      0.183      0.265    15.5252   999.0388 0.0000e+00
      0.186      0.000     5.7194     80.779     40.170  32.560391     6.0625      8.348   260.2964 2.6949e+01    17.2377      0.183      0.265    15.5252   999.0388 0.0000e+00
      0.186      0.000     5.6952     80.519     40.141  32.537314     6.1261      8.345   260.2848 2.6891e+01    17.6509      0.183      0.265    15.5250   999.0388 0.0000e+00
      0.186      0.001     5.6719     80.267     40.141  32.536264     6.1306      8.344   260.1853 2.6853e+01    17.6937      0.183      0.265    15.5250   999.0388 0.0000e+00
      0.187      0.001     5.6521     80.017     40.155  32.547698     6.0906      8.344   260.1254 2.6828e+01    17.8536      0.183      0.266    15.5248   999.0389 0.0000e+00
      0.187      0.001     5.6363     79.782     40.156  32.548635     6.0237      8.343   260.0774 2.6771e+01    18.1752      0.184      0.266    15.5246   999.0389 0.0000e+00
      0.187      0.001     5.6164     79.586     40.156  32.547585     5.9983      8.340   259.9489 2.6715e+01    18.3700      0.184      0.266    15.5243   999.0389 0.0000e+00
      0.188      0.001     5.6000     79.392     40.142  32.535005     6.0088      8.337   259.7760 2.6684e+01    18.4063      0.184      0.267    15.5241   999.0389 0.0000e+00
      0.188      0.000     5.5823     79.174     40.129  32.523457     6.0037      8.334   259.6219 2.6684e+01    18.3855      0.184      0.267    15.5240   999.0390 0.0000e+00
      0.188 5.0344e-09     5.5638     78.940     40.144  32.534881     5.9185      8.333   259.4624 2.6679e+01    18.3803      0.185      0.268    15.5235   999.0390 0.0000e+00
      0.188 5.5378e-08     5.5527     78.724     40.159  32.546211     5.7767      8.330   259.3102 2.6644e+01    18.4742      0.184      0.267    15.5229   999.0391 0.0000e+00
      0.188 5.8407e-08     5.5394     78.539     40.144  32.533518     5.7108      8.328   259.2440 2.6617e+01    18.5699      0.184      0.267    15.5221   999.0393 0.0000e+00
      0.188 4.1659e-08     5.5244     78.371     40.114  32.508342     5.7291      8.327   259.2642 2.6597e+01    18.5874      0.184      0.267    15.5209   999.0394 0.0000e+00
      0.188 4.0362e-07     5.5071     78.207     40.099  32.495649     5.8762      8.324   259.2105 2.6578e+01    18.5221      0.184      0.267    15.5198   999.0396 0.0000e+00
      0.188      0.000     5.4913     78.038     40.114  32.506968     6.1371      8.322   259.0245 2.6590e+01    18.4360      0.184      0.267    15.5188   999.0398 0.0000e+00
      0.188      0.000     5.4798     77.851     40.129  32.518278     6.2819      8.320   258.8211 2.6625e+01    18.3982      0.185      0.268    15.5177   999.0400 0.0000e+00
