Data/DataNotYetUploadedToEDI/Raw_CTD/2019_RawDownloads/103019_fcr45.cnv
* Sea-Bird SBE19plus  Data File:
* FileName = C:\DATA\103019_fcr_0005.hex
* Software version 2.8.0.119 SB_Terminal.dll
* Temperature SN = 7809
* Conductivity SN = 7809
* System UpLoad Time = Oct 30 2019 15:29:09
* <ApplicationData>
* <Seaterm232>
# nquan = 16
# nvalues = 496                         
# units = specified
# name 0 = depFM: Depth [fresh water, m]
# name 1 = dz/dtM: Descent Rate [m/s]
# name 2 = sbeox0ML/L: Oxygen, SBE 43 [ml/l]
# name 3 = sbeox0PS: Oxygen, SBE 43 [% saturation]
# name 4 = specc: Specific Conductance [uS/cm]
# name 5 = c0uS/cm: Conductivity [uS/cm]
# name 6 = flECO-AFL: Fluorescence, WET Labs ECO-AFL/FL [mg/m^3]
# name 7 = ph: pH
# name 8 = orp: Oxidation Reduction Potential [mV]
# name 9 = par/sat/log: PAR/Logarithmic, Satlantic
# name 10 = turbWETntu0: Turbidity, WET Labs ECO [NTU]
# name 11 = prdM: Pressure, Strain Gauge [db]
# name 12 = prdE: Pressure, Strain Gauge [psi]
# name 13 = tv290C: Temperature [ITS-90, deg C]
# name 14 = density00: Density [density, kg/m^3]
# name 15 = flag:  0.000e+00
# span 0 =     -0.517,      6.654       
# span 1 =     -0.005,      0.282       
# span 2 =     4.1790,     7.8147       
# span 3 =     57.746,    111.075       
# span 4 =      2.611,     48.836       
# span 5 =   2.074889,  37.835755       
# span 6 =    -0.1352,     6.1083       
# span 7 =      6.691,      7.553       
# span 8 =   271.3459,   314.7367       
# span 9 = 1.2358e-01, 1.0160e+02       
# span 10 =    -0.5036,    19.2326      
# span 11 =     -0.507,      6.526      
# span 12 =     -0.735,      9.464      
# span 13 =    13.7287,    15.4025      
# span 14 =   999.0577,   999.3340      
# span 15 = 0.0000e+00, 0.0000e+00      
# interval = seconds: 0.25
# start_time = Oct 30 2019 10:50:00 [Instrument's time stamp, header]
# bad_flag = -9.990e-29
*END*
[from data line 362]
      4.421      0.069     4.1910     57.789     47.652  36.988757     0.8360      6.851   296.1588 1.2367e-01     5.8375      4.334      6.286    13.8075   999.3126 0.0000e+00
      4.437      0.070     4.1860     57.793     47.725  37.043745     0.8280      6.849   296.3438 1.2372e-01     5.8141      4.350      6.310    13.8067   999.3128 0.0000e+00
      4.455      0.071     4.1790     57.765     47.781  37.085769     0.8009      6.847   296.5264 1.2372e-01     5.9611      4.368      6.336    13.8070   999.3128 0.0000e+00
      4.476      0.073     4.1803     57.752     47.822  37.116000     0.7503      6.844   296.5602 1.2369e-01     6.1726      4.389      6.366    13.8081   999.3128 0.0000e+00
      4.496      0.075     4.1863     57.768     47.876  37.155366     0.7195      6.843   296.5803 1.2368e-01     6.2413      4.410      6.396    13.8082   999.3129 0.0000e+00
      4.515      0.076     4.1858     57.823     47.913  37.180883     0.7140      6.840   296.6823 1.2373e-01     6.2357      4.429      6.423    13.8070   999.3132 0.0000e+00
      4.533      0.078     4.1819     57.906     47.903  37.170613     0.7272      6.838   296.8478 1.2375e-01     6.2687      4.446      6.448    13.8056   999.3135 0.0000e+00
      4.552      0.079     4.1818     57.989     47.890  37.158140     0.7579      6.836   297.1187 1.2370e-01     6.2788      4.462      6.471    13.8035   999.3139 0.0000e+00
      4.572      0.078     4.1824     58.089     47.891  37.157017     0.7732      6.833   297.3761 1.2361e-01     6.2598      4.483      6.501    13.8005   999.3144 0.0000e+00
      4.595      0.076     4.1867     58.224     47.892  37.157040     0.7733      6.831   297.4645 1.2362e-01     6.2680      4.506      6.535    13.7973   999.3149 0.0000e+00
      4.618      0.073     4.1952     58.404     47.895  37.158415     0.7858      6.828   297.4134 1.2374e-01     6.2797      4.529      6.569    13.7943   999.3154 0.0000e+00
      4.637      0.071     4.1997     58.618     47.916  37.173637     0.8111      6.826   297.3608 1.2380e-01     6.2702      4.550      6.600    13.7918   999.3159 0.0000e+00
      4.652      0.070     4.2070     58.835     47.970  37.214136     0.8286      6.824   297.4313 1.2377e-01     6.2518      4.563      6.618    13.7901   999.3162 0.0000e+00
      4.663      0.070     4.2166     59.048     48.040  37.267226     0.8326      6.821   297.5765 1.2371e-01     6.2543      4.571      6.631    13.7890   999.3164 0.0000e+00
      4.679      0.071     4.2297     59.254     48.094  37.307725     0.8236      6.819   297.7402 1.2368e-01     6.3650      4.585      6.650    13.7882   999.3165 0.0000e+00
      4.700      0.073     4.2468     59.444     48.115  37.322948     0.8156      6.817   297.8612 1.2368e-01     6.5746      4.609      6.684    13.7875   999.3167 0.0000e+00
      4.724      0.074     4.2625     59.636     48.120  37.324334     0.8224      6.815   297.9214 1.2370e-01     6.7246      4.635      6.722    13.7859   999.3171 0.0000e+00
      4.746      0.072     4.2778     59.844     48.124  37.324470     0.8278      6.814   298.0382 1.2378e-01     6.7688      4.654      6.751    13.7836   999.3176 0.0000e+00
      4.765      0.068     4.2938     60.071     48.126  37.324595     0.8199      6.813   298.1551 1.2379e-01     6.7482      4.672      6.776    13.7827   999.3178 0.0000e+00
      4.781      0.064     4.3065     60.331     48.130  37.325845     0.7972      6.812   298.2168 1.2374e-01     6.7049      4.691      6.803    13.7824   999.3179 0.0000e+00
      4.793      0.064     4.3203     60.604     48.150  37.339581     0.7702      6.809   298.3541 1.2370e-01     6.7046      4.702      6.819    13.7795   999.3183 0.0000e+00
      4.804      0.066     4.3365     60.887     48.183  37.363713     0.7523      6.806   298.6104 1.2368e-01     6.7449      4.709      6.830    13.7760   999.3189 0.0000e+00
      4.819      0.071     4.3512     61.222     48.183  37.363723     0.7458      6.804   298.8201 1.2369e-01     6.7981      4.724      6.850    13.7746   999.3191 0.0000e+00
      4.839      0.077     4.3717     61.565     48.153  37.339696     0.7355      6.802   298.9107 1.2375e-01     6.8561      4.745      6.881    13.7732   999.3194 0.0000e+00
      4.864      0.082     4.3926     61.854     48.137  37.327116     0.7149      6.800   299.0172 1.2380e-01     6.9217      4.771      6.919    13.7713   999.3198 0.0000e+00
      4.888      0.087     4.4099     62.105     48.152  37.338563     0.7133      6.798   299.1618 1.2377e-01     6.9690      4.795      6.954    13.7700   999.3201 0.0000e+00
      4.909      0.089     4.4364     62.322     48.169  37.351144     0.7242      6.795   299.2825 1.2375e-01     6.9700      4.813      6.981    13.7693   999.3203 0.0000e+00
      4.932      0.088     4.4645     62.499     48.171  37.352289     0.7347      6.794   299.3579 1.2381e-01     6.9983      4.836      7.013    13.7690   999.3204 0.0000e+00
      4.956      0.085     4.4828     62.625     48.171  37.352394     0.7530      6.794   299.3854 1.2384e-01     7.0819      4.862      7.051    13.7685   999.3206 0.0000e+00
      4.978      0.082     4.5020     62.697     48.171  37.352414     0.7636      6.792   299.4424 1.2379e-01     7.1292      4.883      7.083    13.7682   999.3207 0.0000e+00
      4.998      0.079     4.5176     62.727     48.171  37.352534     0.7589      6.790   299.5312 1.2373e-01     7.1437      4.902      7.110    13.7679   999.3209 0.0000e+00
      5.017      0.077     4.5307     62.706     48.173  37.353844     0.7305      6.789   299.5983 1.2374e-01     7.2573      4.920      7.136    13.7677   999.3210 0.0000e+00
      5.036      0.077     4.5406     62.661     48.193  37.368257     0.6891      6.787   299.7381 1.2380e-01     7.4540      4.938      7.163    13.7675   999.3211 0.0000e+00
      5.053      0.080     4.5442     62.622     48.233  37.399843     0.6660      6.785   299.9301 1.2382e-01     7.5555      4.956      7.187    13.7673   999.3212 0.0000e+00
      5.071      0.085     4.5484     62.573     48.257  37.418363     0.6598      6.784   300.0276 1.2379e-01     7.5669      4.971      7.209    13.7671   999.3213 0.0000e+00
      5.094      0.088     4.5451     62.510     48.237  37.401742     0.6744      6.783   300.0563 1.2376e-01     7.5917      4.993      7.242    13.7666   999.3215 0.0000e+00
      5.121      0.090     4.5408     62.467     48.222  37.389319     0.7029      6.780   300.1052 1.2372e-01     7.6270      5.023      7.285    13.7664   999.3217 0.0000e+00
      5.148      0.090     4.5390     62.446     48.231  37.395107     0.7101      6.778   300.1882 1.2365e-01     7.6321      5.049      7.324    13.7666   999.3218 0.0000e+00
      5.171      0.087     4.5358     62.396     48.248  37.408238     0.6928      6.777   300.1994 1.2358e-01     7.6212      5.072      7.357    13.7665   999.3219 0.0000e+00
      5.191      0.080     4.5300     62.299     48.265  37.421128     0.6580      6.776   300.1545 1.2365e-01     7.6267      5.092      7.385    13.7655   999.3221 0.0000e+00
      5.210      0.071     4.5262     62.175     48.268  37.424017     0.6184      6.775   300.1625 1.2377e-01     7.6325      5.110      7.411    13.7643   999.3224 0.0000e+00
      5.229      0.065     4.5277     62.054     48.293  37.443165     0.5963      6.774   300.2095 1.2377e-01     7.6251      5.129      7.438    13.7633   999.3226 0.0000e+00
      5.244      0.062     4.5236     61.943     48.317  37.462215     0.5901      6.773   300.2927 1.2370e-01     7.6026      5.144      7.461    13.7628   999.3227 0.0000e+00
      5.255      0.062     4.5165     61.828     48.317  37.463924     0.5950      6.772   300.3952 1.2370e-01     7.5902      5.153      7.474    13.7631   999.3228 0.0000e+00
      5.268      0.065     4.5062     61.729     48.317  37.463822     0.6215      6.770   300.5015 1.2376e-01     7.6727      5.164      7.489    13.7635   999.3227 0.0000e+00
      5.284      0.071     4.4971     61.667     48.314  37.460973     0.6587      6.769   300.6317 1.2378e-01     7.8122      5.181      7.515    13.7635   999.3228 0.0000e+00
      5.303      0.079     4.4904     61.649     48.274  37.429483     0.6719      6.768   300.7641 1.2374e-01     7.8687      5.200      7.542    13.7642   999.3228 0.0000e+00
      5.325      0.085     4.4805     61.672     48.238  37.400458     0.6684      6.767   300.8114 1.2375e-01     7.8643      5.221      7.572    13.7655   999.3227 0.0000e+00
      5.351      0.087     4.4730     61.702     48.273  37.427423     0.6601      6.766   300.7735 1.2381e-01     7.8575      5.247      7.610    13.7656   999.3229 0.0000e+00
      5.378      0.087     4.4685     61.709     48.287  37.438127     0.6406      6.765   300.8229 1.2381e-01     7.8515      5.275      7.650    13.7647   999.3231 0.0000e+00
      5.402      0.084     4.4669     61.705     48.242  37.402918     0.6238      6.764   300.9780 1.2375e-01     7.8580      5.298      7.686    13.7640   999.3233 0.0000e+00
      5.422      0.079     4.4698     61.692     48.216  37.382574     0.6132      6.763   301.0999 1.2374e-01     7.8704      5.317      7.712    13.7634   999.3234 0.0000e+00
      5.439      0.074     4.4734     61.673     48.216  37.382583     0.6074      6.763   301.1784 1.2378e-01     7.8702      5.334      7.736    13.7631   999.3236 0.0000e+00
      5.455      0.071     4.4727     61.660     48.242  37.403030     0.6051      6.762   301.2385 1.2376e-01     7.8553      5.350      7.759    13.7628   999.3237 0.0000e+00
      5.471      0.070     4.4728     61.640     48.289  37.439369     0.6028      6.760   301.3110 1.2368e-01     7.8217      5.365      7.782    13.7625   999.3238 0.0000e+00
      5.489      0.070     4.4720     61.601     48.290  37.441091     0.6063      6.759   301.3666 1.2365e-01     7.7920      5.383      7.807    13.7624   999.3239 0.0000e+00
      5.508      0.071     4.4696     61.557     48.268  37.423845     0.6205      6.758   301.3947 1.2367e-01     7.7906      5.401      7.834    13.7625   999.3240 0.0000e+00
      5.527      0.072     4.4696     61.537     48.265  37.421283     0.6452      6.757   301.4785 1.2368e-01     7.8046      5.420      7.862    13.7626   999.3240 0.0000e+00
      5.546      0.072     4.4682     61.528     48.251  37.410110     0.6614      6.756   301.5189 1.2364e-01     7.8310      5.439      7.888    13.7626   999.3242 0.0000e+00
      5.564      0.071     4.4654     61.523     48.258  37.415712     0.6695      6.755   301.5396 1.2363e-01     7.8470      5.457      7.914    13.7630   999.3242 0.0000e+00
      5.582      0.070     4.4604     61.536     48.271  37.425536     0.6653      6.754   301.6428 1.2367e-01     7.8345      5.475      7.940    13.7634   999.3242 0.0000e+00
      5.601      0.068     4.4601     61.547     48.241  37.401943     0.6362      6.753   301.7341 1.2372e-01     7.8115      5.492      7.966    13.7630   999.3244 0.0000e+00
      5.618      0.066     4.4603     61.548     48.218  37.384360     0.6214      6.751   301.7828 1.2373e-01     7.8297      5.511      7.993    13.7627   999.3245 0.0000e+00
      5.634      0.064     4.4579     61.548     48.242  37.403375     0.6248      6.751   301.8028 1.2366e-01     7.8577      5.526      8.015    13.7627   999.3245 0.0000e+00
      5.649      0.062     4.4609     61.553     48.291  37.441405     0.6170      6.750   301.8889 1.2365e-01     7.8233      5.539      8.033    13.7625   999.3246 0.0000e+00
      5.665      0.061     4.4612     61.550     48.319  37.463321     0.6040      6.750   302.0495 1.2373e-01     7.8071      5.555      8.057    13.7623   999.3247 0.0000e+00
      5.680      0.062     4.4615     61.543     48.339  37.477923     0.5989      6.749   302.1099 1.2379e-01     7.8579      5.572      8.082    13.7623   999.3248 0.0000e+00
      5.695      0.066     4.4605     61.530     48.357  37.490999     0.6071      6.749   302.1027 1.2379e-01     7.9132      5.584      8.099    13.7627   999.3248 0.0000e+00
      5.710      0.071     4.4619     61.482     48.362  37.494468     0.6166      6.747   302.1354 1.2377e-01     7.9522      5.597      8.118    13.7637   999.3248 0.0000e+00
      5.728      0.077     4.4615     61.430     48.397  37.519860     0.6270      6.745   302.2470 1.2376e-01     8.0016      5.617      8.147    13.7638   999.3248 0.0000e+00
      5.749      0.083     4.4599     61.402     48.430  37.544107     0.6450      6.743   302.4186 1.2378e-01     8.0508      5.637      8.176    13.7629   999.3251 0.0000e+00
      5.772      0.089     4.4621     61.383     48.418  37.533722     0.6529      6.742   302.4896 1.2377e-01     8.0559      5.660      8.210    13.7623   999.3253 0.0000e+00
      5.797      0.093     4.4560     61.358     48.403  37.521247     0.6622      6.740   302.5034 1.2371e-01     8.0639      5.685      8.246    13.7613   999.3255 0.0000e+00
      5.822      0.093     4.4520     61.338     48.403  37.520228     0.6615      6.738   302.5854 1.2368e-01     8.0823      5.710      8.281    13.7598   999.3258 0.0000e+00
      5.847      0.090     4.4508     61.337     48.405  37.521393     0.6276      6.737   302.7067 1.2372e-01     8.0808      5.734      8.316    13.7581   999.3262 0.0000e+00
      5.872      0.084     4.4502     61.355     48.423  37.535338     0.5990      6.737   302.7648 1.2373e-01     8.1115      5.759      8.353    13.7565   999.3265 0.0000e+00
      5.894      0.078     4.4482     61.394     48.457  37.561882     0.5924      6.736   302.7713 1.2373e-01     8.1264      5.781      8.385    13.7558   999.3267 0.0000e+00
      5.912      0.072     4.4458     61.440     48.491  37.588427     0.5915      6.734   302.7862 1.2376e-01     8.0964      5.798      8.410    13.7551   999.3269 0.0000e+00
      5.928      0.067     4.4466     61.491     48.509  37.602381     0.5969      6.734   302.8587 1.2376e-01     8.0769      5.813      8.431    13.7541   999.3271 0.0000e+00
      5.942      0.064     4.4472     61.554     48.512  37.603649     0.6060      6.733   303.0462 1.2375e-01     8.0542      5.826      8.451    13.7539   999.3272 0.0000e+00
      5.957      0.063     4.4508     61.610     48.513  37.603757     0.6055      6.733   303.1604 1.2382e-01     8.0517      5.841      8.472    13.7544   999.3272 0.0000e+00
      5.973      0.065     4.4539     61.659     48.513  37.603672     0.6179      6.733   303.2077 1.2383e-01     8.0787      5.858      8.495    13.7550   999.3272 0.0000e+00
      5.989      0.069     4.4570     61.700     48.513  37.602624     0.6519      6.732   303.2735 1.2373e-01     8.0860      5.873      8.517    13.7550   999.3273 0.0000e+00
      6.007      0.071     4.4629     61.721     48.500  37.591083     0.6694      6.730   303.2670 1.2366e-01     8.0745      5.890      8.542    13.7540   999.3276 0.0000e+00
      6.027      0.071     4.4668     61.729     48.501  37.591093     0.6654      6.729   303.3014 1.2370e-01     8.0705      5.910      8.572    13.7528   999.3278 0.0000e+00
      6.048      0.070     4.4700     61.746     48.516  37.602738     0.6633      6.728   303.4323 1.2374e-01     8.0697      5.932      8.604    13.7523   999.3279 0.0000e+00
      6.067      0.069     4.4739     61.784     48.519  37.604932     0.6529      6.728   303.4726 1.2373e-01     8.0978      5.951      8.631    13.7517   999.3281 0.0000e+00
      6.082      0.066     4.4754     61.842     48.535  37.617619     0.6262      6.727   303.4438 1.2376e-01     8.1161      5.964      8.650    13.7505   999.3283 0.0000e+00
      6.097      0.063     4.4751     61.913     48.550  37.629179     0.6094      6.725   303.5142 1.2379e-01     8.0607      5.979      8.671    13.7498   999.3285 0.0000e+00
