Data/DataNotYetUploadedToEDI/Raw_CTD/2019_RawDownloads/103019_fcr45.cnv
* Sea-Bird SBE19plus  Data File:
* FileName = C:\DATA\103019_fcr_0005.hex
* Software version 2.8.0.119 SB_Terminal.dll
* Temperature SN = 7809
* Conductivity SN = 7809
* System UpLoad Time = Oct 30 2019 15:29:09
* <ApplicationData>
* <Seaterm232>
# nquan = 16
# nvalues = 496                         
# units = specified
# name 0 = depFM: Depth [fresh water, m]
# name 1 = dz/dtM: Descent Rate [m/s]
# name 2 = sbeox0ML/L: Oxygen, SBE 43 [ml/l]
# name 3 = sbeox0PS: Oxygen, SBE 43 [% saturation]
# name 4 = specc: Specific Conductance [uS/cm]
# name 5 = c0uS/cm: Conductivity [uS/cm]
# name 6 = flECO-AFL: Fluorescence, WET Labs ECO-AFL/FL [mg/m^3]
# name 7 = ph: pH
# name 8 = orp: Oxidation Reduction Potential [mV]
# name 9 = par/sat/log: PAR/Logarithmic, Satlantic
# name 10 = turbWETntu0: Turbidity, WET Labs ECO [NTU]
# name 11 = prdM: Pressure, Strain Gauge [db]
# name 12 = prdE: Pressure, Strain Gauge [psi]
# name 13 = tv290C: Temperature [ITS-90, deg C]
# name 14 = density00: Density [density, kg/m^3]
# name 15 = flag:  0.000e+00
# span 0 =     -0.517,      6.654       
# span 1 =     -0.005,      0.282       
# span 2 =     4.1790,     7.8147       
# span 3 =     57.746,    111.075       
# span 4 =      2.611,     48.836       
# span 5 =   2.074889,  37.835755       
# span 6 =    -0.1352,     6.1083       
# span 7 =      6.691,      7.553       
# span 8 =   271.3459,   314.7367       
# span 9 = 1.2358e-01, 1.0160e+02       
# span 10 =    -0.5036,    19.2326      
# span 11 =     -0.507,      6.526      
# span 12 =     -0.735,      9.464      
# span 13 =    13.7287,    15.4025      
# span 14 =   999.0577,   999.3340      
# span 15 = 0.0000e+00, 0.0000e+00      
# interval = seconds: 0.25
# start_time = Oct 30 2019 10:50:00 [Instrument's time stamp, header]
# bad_flag = -9.990e-29
*END*
[from data line 272]
      3.114      0.046     4.8237     66.930     42.683  33.290487     1.1894      7.038   286.8762 1.3405e-01     3.1310      3.054      4.429    13.9988   999.2786 0.0000e+00
      3.129      0.044     4.8176     67.058     42.665  33.277086     1.1896      7.037   286.9146 1.3094e-01     3.1242      3.068      4.449    13.9972   999.2790 0.0000e+00
      3.141      0.043     4.8166     67.187     42.670  33.282318     1.1977      7.035   286.9257 1.2677e-01     3.0848      3.083      4.470    13.9951   999.2793 0.0000e+00
      3.149      0.044     4.8191     67.285     42.678  33.290282     1.2002      7.034   286.9237 1.2574e-01     3.0481      3.089      4.480    13.9939   999.2795 0.0000e+00
      3.155      0.049     4.8253     67.362     42.703  33.309902     1.2122      7.031   287.0627 1.2760e-01     3.0411      3.093      4.486    13.9937   999.2795 0.0000e+00
      3.164      0.055     4.8359     67.425     42.730  33.329161     1.2469      7.029   287.3166 1.3438e-01     3.0664      3.102      4.499    13.9942   999.2795 0.0000e+00
      3.178      0.062     4.8463     67.455     42.738  33.332737     1.2553      7.026   287.4977 1.4038e-01     3.0917      3.114      4.515    13.9963   999.2793 0.0000e+00
      3.199      0.068     4.8519     67.426     42.767  33.353140     1.2443      7.024   287.5310 1.3272e-01     3.0849      3.135      4.547    13.9992   999.2790 0.0000e+00
      3.224      0.070     4.8575     67.368     42.812  33.385454     1.2353      7.022   287.5482 1.2449e-01     3.1154      3.163      4.589    14.0000   999.2790 0.0000e+00
      3.246      0.067     4.8624     67.323     42.840  33.406122     1.2163      7.021   287.6201 1.2371e-01     3.2309      3.185      4.619    13.9973   999.2795 0.0000e+00
      3.263      0.062     4.8665     67.259     42.849  33.412646     1.2139      7.021   287.7118 1.2368e-01     3.3020      3.201      4.642    13.9931   999.2801 0.0000e+00
      3.275      0.055     4.8641     67.158     42.835  33.400859     1.2151      7.020   287.7960 1.2376e-01     3.2864      3.213      4.659    13.9898   999.2807 0.0000e+00
      3.285      0.049     4.8574     67.052     42.824  33.390538     1.1702      7.017   287.8630 1.2384e-01     3.2717      3.220      4.670    13.9873   999.2811 0.0000e+00
      3.295      0.047     4.8570     66.948     42.856  33.414787     1.1044      7.014   287.9202 1.2384e-01     3.2888      3.230      4.686    13.9859   999.2813 0.0000e+00
      3.306      0.048     4.8527     66.837     42.891  33.440197     1.0779      7.013   287.9709 1.2379e-01     3.2964      3.243      4.704    13.9850   999.2815 0.0000e+00
      3.318      0.051     4.8440     66.722     42.898  33.443906     1.0849      7.012   288.0463 1.2371e-01     3.2976      3.254      4.719    13.9839   999.2817 0.0000e+00
      3.331      0.056     4.8364     66.614     42.920  33.459618     1.1018      7.011   288.1435 1.2366e-01     3.3681      3.267      4.738    13.9827   999.2819 0.0000e+00
      3.346      0.061     4.8298     66.524     42.979  33.503234     1.1170      7.009   288.1999 1.2370e-01     3.4940      3.281      4.759    13.9815   999.2822 0.0000e+00
      3.362      0.067     4.8216     66.466     43.094  33.590477     1.1215      7.007   288.2978 1.2375e-01     3.5741      3.295      4.780    13.9799   999.2825 0.0000e+00
      3.379      0.072     4.8131     66.425     43.224  33.689421     1.1217      7.006   288.4669 1.2378e-01     3.5838      3.314      4.806    13.9780   999.2828 0.0000e+00
      3.399      0.074     4.8056     66.381     43.303  33.747578     1.1108      7.002   288.5240 1.2377e-01     3.5453      3.332      4.832    13.9761   999.2832 0.0000e+00
      3.419      0.074     4.7983     66.317     43.356  33.785933     1.0853      6.999   288.4723 1.2375e-01     3.5015      3.351      4.861    13.9738   999.2836 0.0000e+00
      3.443      0.071     4.7955     66.220     43.423  33.835831     1.0643      6.997   288.5302 1.2379e-01     3.5134      3.376      4.897    13.9706   999.2842 0.0000e+00
      3.463      0.066     4.7932     66.084     43.517  33.906633     1.0652      6.996   288.7068 1.2380e-01     3.5575      3.399      4.930    13.9669   999.2849 0.0000e+00
      3.478      0.061     4.7907     65.884     43.650  34.007331     1.0706      6.994   288.8010 1.2373e-01     3.5763      3.412      4.949    13.9630   999.2855 0.0000e+00
      3.488      0.056     4.7872     65.621     43.775  34.101359     1.0766      6.992   288.8089 1.2368e-01     3.5445      3.420      4.961    13.9596   999.2860 0.0000e+00
      3.499      0.054     4.7798     65.331     43.849  34.154984     1.1041      6.990   288.8885 1.2373e-01     3.5003      3.431      4.977    13.9573   999.2864 0.0000e+00
      3.511      0.054     4.7717     65.039     43.926  34.211445     1.1256      6.989   288.9887 1.2375e-01     3.5008      3.442      4.993    13.9543   999.2869 0.0000e+00
      3.525      0.057     4.7578     64.764     44.013  34.276278     1.1282      6.988   289.0740 1.2370e-01     3.5499      3.456      5.012    13.9509   999.2875 0.0000e+00
      3.541      0.059     4.7374     64.506     44.053  34.304201     1.1263      6.986   289.2314 1.2369e-01     3.5703      3.473      5.037    13.9476   999.2881 0.0000e+00
      3.559      0.059     4.7168     64.238     44.043  34.295190     1.1206      6.985   289.2564 1.2366e-01     3.5183      3.489      5.061    13.9435   999.2887 0.0000e+00
      3.577      0.058     4.6954     63.968     44.041  34.294257     1.1193      6.983   289.1188 1.2361e-01     3.5108      3.507      5.087    13.9390   999.2895 0.0000e+00
      3.592      0.055     4.6757     63.728     44.117  34.356394     1.1282      6.981   289.2026 1.2366e-01     3.5452      3.524      5.110    13.9347   999.2902 0.0000e+00
      3.604      0.051     4.6587     63.484     44.269  34.475274     1.1412      6.980   289.4956 1.2369e-01     3.5407      3.535      5.128    13.9314   999.2907 0.0000e+00
      3.614      0.048     4.6397     63.199     44.419  34.589211     1.1379      6.978   289.6496 1.2366e-01     3.5226      3.544      5.140    13.9293   999.2910 0.0000e+00
      3.624      0.047     4.6179     62.918     44.509  34.655043     1.1230      6.976   289.6021 1.2366e-01     3.5217      3.553      5.153    13.9307   999.2909 0.0000e+00
      3.635      0.049     4.6014     62.674     44.573  34.700024     1.1266      6.974   289.6106 1.2368e-01     3.5634      3.566      5.171    13.9355   999.2903 0.0000e+00
      3.647      0.052     4.5862     62.444     44.647  34.752259     1.1119      6.972   289.8375 1.2368e-01     3.6004      3.576      5.187    13.9368   999.2903 0.0000e+00
      3.661      0.057     4.5633     62.225     44.686  34.778851     1.0576      6.970   290.1088 1.2368e-01     3.5764      3.588      5.205    13.9329   999.2909 0.0000e+00
      3.678      0.061     4.5424     62.052     44.674  34.767671     1.0158      6.968   290.2236 1.2369e-01     3.5350      3.608      5.233    13.9273   999.2917 0.0000e+00
      3.695      0.063     4.5271     61.927     44.646  34.744015     0.9970      6.966   290.1926 1.2368e-01     3.5258      3.625      5.258    13.9207   999.2927 0.0000e+00
      3.710      0.063     4.5110     61.834     44.651  34.746700     1.0218      6.964   290.1651 1.2370e-01     3.5309      3.637      5.275    13.9150   999.2936 0.0000e+00
      3.728      0.062     4.4940     61.768     44.721  34.800129     1.0894      6.961   290.2347 1.2371e-01     3.5306      3.656      5.302    13.9112   999.2943 0.0000e+00
      3.745      0.059     4.4817     61.694     44.828  34.882267     1.1294      6.959   290.3467 1.2364e-01     3.5223      3.675      5.329    13.9088   999.2947 0.0000e+00
      3.760      0.055     4.4740     61.609     44.871  34.914725     1.1334      6.957   290.4860 1.2359e-01     3.5291      3.687      5.347    13.9070   999.2949 0.0000e+00
      3.774      0.053     4.4666     61.572     44.821  34.875237     1.1283      6.956   290.7148 1.2366e-01     3.5473      3.702      5.369    13.9057   999.2952 0.0000e+00
      3.787      0.051     4.4634     61.574     44.788  34.849108     1.1111      6.955   290.9622 1.2372e-01     3.5456      3.715      5.388    13.9048   999.2954 0.0000e+00
      3.797      0.051     4.4593     61.559     44.876  34.916139     1.0903      6.952   291.0678 1.2375e-01     3.5413      3.722      5.399    13.9035   999.2958 0.0000e+00
      3.808      0.053     4.4497     61.524     45.135  35.114480     1.0847      6.949   291.0448 1.2373e-01     3.5286      3.733      5.414    13.9020   999.2960 0.0000e+00
      3.821      0.056     4.4478     61.489     45.433  35.343145     1.0790      6.946   291.1145 1.2369e-01     3.5227      3.747      5.434    13.9016   999.2960 0.0000e+00
      3.836      0.058     4.4509     61.502     45.588  35.459450     1.0385      6.945   291.3080 1.2373e-01     3.6016      3.761      5.454    13.9014   999.2961 0.0000e+00
      3.853      0.058     4.4486     61.573     45.651  35.505176     0.9848      6.943   291.4925 1.2377e-01     3.7276      3.779      5.480    13.9002   999.2964 0.0000e+00
      3.872      0.057     4.4466     61.645     45.749  35.578665     0.9588      6.941   291.6242 1.2372e-01     3.7689      3.798      5.509    13.8969   999.2970 0.0000e+00
      3.887      0.055     4.4430     61.671     45.925  35.713278     0.9489      6.940   291.6960 1.2370e-01     3.7407      3.814      5.531    13.8916   999.2980 0.0000e+00
      3.899      0.053     4.4431     61.624     46.205  35.926803     0.9429      6.938   291.7579 1.2366e-01     3.7145      3.825      5.547    13.8874   999.2986 0.0000e+00
      3.909      0.052     4.4518     61.511     46.476  36.129278     0.9473      6.935   291.8570 1.2367e-01     3.7144      3.833      5.560    13.8840   999.2991 0.0000e+00
      3.919      0.052     4.4574     61.337     46.569  36.193732     0.9590      6.932   292.0340 1.2376e-01     3.7721      3.842      5.573    13.8813   999.2996 0.0000e+00
      3.933      0.053     4.4609     61.072     46.583  36.198322     0.9710      6.930   292.1766 1.2378e-01     3.8215      3.855      5.592    13.8804   999.2998 0.0000e+00
      3.949      0.056     4.4572     60.735     46.650  36.248235     1.0155      6.927   292.1181 1.2376e-01     3.8532      3.873      5.618    13.8761   999.3007 0.0000e+00
      3.965      0.057     4.4490     60.365     46.705  36.289428     1.0893      6.924   292.1004 1.2380e-01     3.9256      3.890      5.642    13.8662   999.3022 0.0000e+00
      3.979      0.056     4.4399     59.956     46.742  36.315543     1.1254      6.922   292.3070 1.2377e-01     3.9756      3.902      5.660    13.8554   999.3037 0.0000e+00
      3.994      0.055     4.4201     59.525     46.821  36.373573     1.1224      6.919   292.5520 1.2372e-01     3.9995      3.916      5.679    13.8485   999.3047 0.0000e+00
      4.009      0.053     4.3944     59.157     46.886  36.419791     1.0798      6.917   292.6535 1.2373e-01     4.0178      3.933      5.704    13.8469   999.3050 0.0000e+00
      4.022      0.052     4.3681     58.902     46.904  36.430037     1.0003      6.914   292.5873 1.2373e-01     4.0332      3.946      5.723    13.8467   999.3051 0.0000e+00
      4.033      0.054     4.3396     58.752     46.913  36.433987     0.9589      6.911   292.6123 1.2375e-01     4.0552      3.954      5.734    13.8441   999.3055 0.0000e+00
      4.045      0.056     4.3049     58.690     46.959  36.467537     0.9611      6.908   292.7836 1.2377e-01     4.0544      3.966      5.752    13.8396   999.3063 0.0000e+00
      4.059      0.059     4.2776     58.694     47.026  36.518315     0.9569      6.905   292.8511 1.2374e-01     4.0232      3.979      5.772    13.8348   999.3070 0.0000e+00
      4.075      0.062     4.2605     58.760     47.055  36.540150     0.9344      6.902   292.9126 1.2375e-01     4.0379      3.994      5.793    13.8311   999.3076 0.0000e+00
      4.095      0.064     4.2497     58.858     47.057  36.541119     0.9057      6.901   293.0969 1.2381e-01     4.1668      4.017      5.825    13.8283   999.3080 0.0000e+00
      4.112      0.064     4.2471     58.947     47.043  36.530030     0.8961      6.898   293.1865 1.2381e-01     4.2711      4.033      5.850    13.8263   999.3084 0.0000e+00
      4.128      0.063     4.2463     59.007     47.048  36.533025     0.8964      6.894   293.2213 1.2376e-01     4.2829      4.046      5.869    13.8248   999.3087 0.0000e+00
      4.143      0.060     4.2523     59.025     47.105  36.577323     0.8749      6.890   293.3457 1.2372e-01     4.3095      4.064      5.894    13.8238   999.3089 0.0000e+00
      4.158      0.056     4.2612     59.010     47.162  36.621312     0.8359      6.888   293.5723 1.2368e-01     4.3634      4.078      5.915    13.8231   999.3091 0.0000e+00
      4.172      0.053     4.2674     58.995     47.160  36.620573     0.8139      6.886   293.9825 1.2366e-01     4.4101      4.092      5.934    13.8225   999.3092 0.0000e+00
      4.186      0.052     4.2727     58.980     47.173  36.631860     0.8266      6.885   294.3480 1.2366e-01     4.4484      4.106      5.956    13.8223   999.3093 0.0000e+00
      4.197      0.050     4.2739     58.945     47.252  36.694305     0.8597      6.883   294.4631 1.2369e-01     4.4979      4.116      5.970    13.8223   999.3094 0.0000e+00
      4.208      0.048     4.2711     58.888     47.312  36.740848     0.8845      6.880   294.5139 1.2372e-01     4.5839      4.125      5.983    13.8221   999.3095 0.0000e+00
      4.222      0.048     4.2704     58.826     47.326  36.750279     0.8829      6.878   294.6182 1.2375e-01     4.6354      4.140      6.005    13.8222   999.3096 0.0000e+00
      4.235      0.048     4.2700     58.753     47.322  36.744864     0.8750      6.876   294.6922 1.2375e-01     4.6289      4.154      6.025    13.8240   999.3094 0.0000e+00
      4.246      0.048     4.2673     58.658     47.316  36.738841     0.8765      6.874   294.7192 1.2371e-01     4.6359      4.164      6.039    13.8262   999.3092 0.0000e+00
      4.257      0.049     4.2622     58.543     47.318  36.740936     0.8837      6.873   294.7734 1.2368e-01     4.6544      4.175      6.055    13.8258   999.3093 0.0000e+00
      4.269      0.051     4.2584     58.410     47.356  36.770196     0.8922      6.870   294.8314 1.2365e-01     4.6565      4.188      6.074    13.8234   999.3097 0.0000e+00
      4.281      0.055     4.2539     58.278     47.446  36.838723     0.8929      6.867   294.9898 1.2363e-01     4.6615      4.198      6.088    13.8207   999.3102 0.0000e+00
      4.295      0.061     4.2467     58.152     47.492  36.871256     0.8839      6.864   295.3113 1.2366e-01     4.9441      4.210      6.106    13.8198   999.3103 0.0000e+00
      4.310      0.066     4.2390     58.043     47.464  36.846173     0.8779      6.862   295.5360 1.2367e-01     5.4850      4.227      6.131    13.8204   999.3102 0.0000e+00
      4.329      0.070     4.2277     57.958     47.475  36.852809     0.8813      6.860   295.5558 1.2368e-01     5.7615      4.245      6.156    13.8205   999.3103 0.0000e+00
      4.350      0.072     4.2192     57.881     47.522  36.888017     0.8808      6.859   295.6372 1.2372e-01     5.7636      4.265      6.186    13.8193   999.3107 0.0000e+00
      4.372      0.071     4.2095     57.804     47.527  36.891022     0.8733      6.857   295.8309 1.2372e-01     5.7726      4.289      6.221    13.8154   999.3113 0.0000e+00
      4.391      0.070     4.2018     57.746     47.525  36.889139     0.8596      6.855   295.9186 1.2369e-01     5.8367      4.309      6.250    13.8110   999.3120 0.0000e+00
