Data/DataNotYetUploadedToEDI/Raw_CTD/2019_RawDownloads/103019_fcr20.cnv
* Sea-Bird SBE19plus  Data File:
* FileName = C:\DATA\103019_fcr_0003.hex
* Software version 2.8.0.119 SB_Terminal.dll
* Temperature SN = 7809
* Conductivity SN = 7809
* System UpLoad Time = Oct 30 2019 15:28:32
* <ApplicationData>
* <Seaterm232>
# nquan = 16
# nvalues = 341                         
# units = specified
# name 0 = depFM: Depth [fresh water, m]
# name 1 = dz/dtM: Descent Rate [m/s]
# name 2 = sbeox0ML/L: Oxygen, SBE 43 [ml/l]
# name 3 = sbeox0PS: Oxygen, SBE 43 [% saturation]
# name 4 = specc: Specific Conductance [uS/cm]
# name 5 = c0uS/cm: Conductivity [uS/cm]
# name 6 = flECO-AFL: Fluorescence, WET Labs ECO-AFL/FL [mg/m^3]
# name 7 = ph: pH
# name 8 = orp: Oxidation Reduction Potential [mV]
# name 9 = par/sat/log: PAR/Logarithmic, Satlantic
# name 10 = turbWETntu0: Turbidity, WET Labs ECO [NTU]
# name 11 = prdM: Pressure, Strain Gauge [db]
# name 12 = prdE: Pressure, Strain Gauge [psi]
# name 13 = tv290C: Temperature [ITS-90, deg C]
# name 14 = density00: Density [density, kg/m^3]
# name 15 = flag:  0.000e+00
# span 0 =     -0.520,      3.368       
# span 1 =     -0.001,      0.258       
# span 2 =     3.7967,     7.9221       
# span 3 =     52.802,    113.069       
# span 4 =      1.508,     45.738       
# span 5 =   1.210734,  35.772782       
# span 6 =    -0.1522,     7.8460       
# span 7 =      6.680,      8.658       
# span 8 =   197.6241,   287.0508       
# span 9 = 1.2364e-01, 1.0627e+02       
# span 10 =    -0.5279,    35.9927      
# span 11 =     -0.511,      3.303      
# span 12 =     -0.741,      4.791      
# span 13 =    14.0992,    15.5261      
# span 14 =   999.0386,   999.2668      
# span 15 = 0.0000e+00, 0.0000e+00      
# interval = seconds: 0.25
# start_time = Oct 30 2019 10:38:21 [Instrument's time stamp, header]
# bad_flag = -9.990e-29
*END*
[from data line 272]
      2.671      0.063     5.3007     73.396     41.456  32.545132     1.6190      7.231   269.6516 2.3898e-01     3.5778      2.622      3.803    14.2514   999.2408 0.0000e+00
      2.681      0.055     5.2949     73.192     41.471  32.559275     1.5666      7.230   269.6733 2.2779e-01     3.5064      2.630      3.813    14.2499   999.2410 0.0000e+00
      2.690      0.050     5.2861     73.014     41.609  32.666877     1.5677      7.227   269.7783 2.0966e-01     3.4694      2.637      3.824    14.2476   999.2414 0.0000e+00
      2.701      0.049     5.2776     72.886     41.905  32.894205     1.5630      7.224   269.8886 2.0600e-01     3.4911      2.649      3.841    14.2458   999.2418 0.0000e+00
      2.713      0.051     5.2648     72.801     42.320  33.213607     1.5099      7.221   270.0602 2.1439e-01     3.5391      2.660      3.858    14.2492   999.2413 0.0000e+00
      2.727      0.055     5.2470     72.763     42.591  33.419028     1.4200      7.218   270.3042 2.1810e-01     3.5907      2.674      3.879    14.2537   999.2407 0.0000e+00
      2.743      0.058     5.2344     72.768     42.588  33.410552     1.3778      7.215   270.4303 2.0480e-01     3.5914      2.690      3.901    14.2532   999.2409 0.0000e+00
      2.759      0.059     5.2261     72.738     42.536  33.364972     1.3723      7.213   270.4668 1.8803e-01     3.5471      2.705      3.923    14.2463   999.2420 0.0000e+00
      2.776      0.060     5.2212     72.552     42.554  33.375645     1.3618      7.211   270.5725 1.8754e-01     3.4812      2.722      3.948    14.2372   999.2436 0.0000e+00
      2.791      0.060     5.2187     72.101     42.604  33.412669     1.3645      7.207   270.6760 1.9094e-01     3.3845      2.738      3.972    14.2288   999.2450 0.0000e+00
      2.804      0.061     5.2220     71.315     42.631  33.431832     1.3782      7.202   270.7711 1.9188e-01     3.2958      2.749      3.988    14.2215   999.2460 0.0000e+00
      2.818      0.064     5.2244     70.241     42.615  33.416947     1.3804      7.196   270.8630 1.8654e-01     3.2608      2.763      4.007    14.2162   999.2468 0.0000e+00
      2.834      0.066     5.2134     69.036     42.626  33.423085     1.3651      7.191   270.9265 1.7068e-01     3.2893      2.780      4.032    14.2126   999.2474 0.0000e+00
      2.852      0.068     5.1844     67.840     42.653  33.442572     1.3411      7.187   271.0222 1.5745e-01     3.3122      2.795      4.055    14.2101   999.2478 0.0000e+00
      2.871      0.071     5.1271     66.756     42.681  33.462171     1.3236      7.184   271.1596 1.4747e-01     3.3085      2.815      4.083    14.2074   999.2483 0.0000e+00
      2.891      0.073     5.0447     65.860     42.776  33.533129     1.3106      7.181   271.2980 1.5825e-01     3.3102      2.837      4.115    14.2045   999.2488 0.0000e+00
      2.909      0.073     4.9557     65.196     42.870  33.602403     1.2955      7.179   271.4906 1.8067e-01     3.3000      2.854      4.139    14.2019   999.2493 0.0000e+00
      2.927      0.071     4.8672     64.774     42.875  33.601630     1.2972      7.176   271.6815 1.7413e-01     3.2825      2.869      4.162    14.1992   999.2498 0.0000e+00
      2.946      0.067     4.7879     64.549     42.863  33.587247     1.3054      7.172   271.7132 1.6341e-01     3.2957      2.888      4.189    14.1967   999.2501 0.0000e+00
      2.965      0.061     4.7229     64.455     42.908  33.618885     1.2996      7.169   271.7020 1.6274e-01     3.2963      2.907      4.217    14.1937   999.2507 0.0000e+00
      2.981      0.054     4.6751     64.430     42.970  33.666830     1.2958      7.166   271.7181 1.5307e-01     3.2243      2.925      4.243    14.1886   999.2516 0.0000e+00
      2.995      0.047     4.6469     64.405     42.959  33.659225     1.2938      7.164   271.7356 1.4619e-01     3.1455      2.939      4.262    14.1813   999.2527 0.0000e+00
      3.004      0.042     4.6335     64.351     42.950  33.653865     1.2753      7.162   271.9133 1.4864e-01     3.1298      2.947      4.275    14.1749   999.2536 0.0000e+00
      3.010      0.038     4.6280     64.276     43.044  33.728963     1.2539      7.159   272.1465 1.5184e-01     3.1329      2.952      4.281    14.1714   999.2541 0.0000e+00
      3.017      0.037     4.6288     64.193     43.142  33.805648     1.2442      7.156   272.2317 1.5234e-01     3.1176      2.958      4.289    14.1710   999.2542 0.0000e+00
      3.026      0.038     4.6275     64.099     43.161  33.819466     1.2189      7.152   272.3412 1.5366e-01     3.1744      2.967      4.303    14.1718   999.2541 0.0000e+00
      3.037      0.040     4.6226     63.984     43.179  33.832569     1.1731      7.149   272.5246 1.5338e-01     3.2959      2.978      4.319    14.1751   999.2537 0.0000e+00
      3.050      0.045     4.6171     63.854     43.348  33.964070     1.1411      7.144   272.6412 1.4704e-01     3.3409      2.991      4.338    14.1778   999.2534 0.0000e+00
      3.061      0.050     4.6105     63.702     43.656  34.203582     1.1272      7.139   272.7187 1.4267e-01     3.3255      3.003      4.355    14.1765   999.2537 0.0000e+00
      3.072      0.054     4.6054     63.554     43.887  34.380225     1.1087      7.133   272.8597 1.4318e-01     3.3715      3.012      4.368    14.1747   999.2540 0.0000e+00
      3.085      0.055     4.5959     63.465     43.983  34.449699     1.0829      7.128   273.0556 1.4443e-01     3.4709      3.025      4.387    14.1732   999.2543 0.0000e+00
      3.102      0.054     4.5875     63.370     44.017  34.472369     1.0660      7.124   273.1089 1.4271e-01     3.5440      3.042      4.412    14.1731   999.2544 0.0000e+00
      3.121      0.052     4.5769     63.180     44.008  34.463929     1.0603      7.120   273.0730 1.3576e-01     3.5680      3.061      4.439    14.1722   999.2548 0.0000e+00
      3.136      0.049     4.5626     62.867     44.022  34.474575     1.1005      7.115   273.1383 1.3503e-01     3.4983      3.078      4.465    14.1661   999.2558 0.0000e+00
      3.146      0.048     4.5605     62.397     44.183  34.601092     1.1705      7.111   273.2099 1.4499e-01     3.3901      3.087      4.478    14.1586   999.2569 0.0000e+00
      3.153      0.048     4.5573     61.795     44.424  34.787739     1.1959      7.106   273.2513 1.4668e-01     3.3409      3.091      4.483    14.1537   999.2576 0.0000e+00
      3.161      0.050     4.5427     61.129     44.479  34.827254     1.1998      7.101   273.2080 1.3844e-01     3.3294      3.098      4.493    14.1524   999.2578 0.0000e+00
      3.174      0.054     4.5225     60.438     44.401  34.761527     1.2176      7.096   273.1162 1.3233e-01     3.3174      3.111      4.512    14.1533   999.2578 0.0000e+00
      3.191      0.059     4.4877     59.777     44.397  34.754651     1.2373      7.093   273.1738 1.2725e-01     3.2929      3.128      4.537    14.1543   999.2577 0.0000e+00
      3.209      0.063     4.4418     59.192     44.548  34.871054     1.2477      7.090   273.3027 1.2414e-01     3.2957      3.147      4.565    14.1528   999.2582 0.0000e+00
      3.228      0.064     4.3946     58.650     44.832  35.089976     1.2469      7.088   273.3837 1.2421e-01     3.3187      3.166      4.592    14.1467   999.2592 0.0000e+00
      3.245      0.062     4.3439     58.141     45.037  35.243655     1.2283      7.086   273.4648 1.2451e-01     3.3739      3.182      4.615    14.1409   999.2600 0.0000e+00
      3.260      0.059     4.2943     57.708     45.080  35.269366     1.1966      7.083   273.5949 1.2415e-01     3.4724      3.197      4.637    14.1377   999.2605 0.0000e+00
      3.274      0.055     4.2546     57.343     45.092  35.273899     1.1845      7.080   273.6666 1.2374e-01     3.5263      3.212      4.657    14.1360   999.2608 0.0000e+00
      3.288      0.050     4.2168     57.019     45.127  35.298455     1.1950      7.077   273.6432 1.2369e-01     3.5336      3.226      4.677    14.1331   999.2614 0.0000e+00
      3.300      0.044     4.1776     56.679     45.147  35.312381     1.2016      7.074   273.7425 1.2373e-01     3.5274      3.237      4.695    14.1244   999.2628 0.0000e+00
      3.311      0.037     4.1496     56.287     45.152  35.315334     1.2035      7.071   274.0065 1.2379e-01     3.4847      3.248      4.710    14.1139   999.2642 0.0000e+00
      3.321      0.030     4.1232     55.910     45.176  35.334159     1.2096      7.070   274.2541 1.2381e-01     3.4103      3.259      4.726    14.1086   999.2651 0.0000e+00
      3.328      0.025     4.1020     55.559     45.277  35.413055     1.2064      7.069   274.2406 1.2382e-01     3.3485      3.265      4.736    14.1067   999.2654 0.0000e+00
      3.332      0.020     4.0806     55.217     45.478  35.571085     1.1996      7.067   274.0157 1.2382e-01     3.3279      3.268      4.739    14.1046   999.2657 0.0000e+00
      3.334      0.016     4.0477     54.902     45.671  35.721575     1.2136      7.065   273.8587 1.2382e-01     3.3254      3.269      4.742    14.1031   999.2659 0.0000e+00
      3.337      0.014     4.0217     54.637     45.738  35.772782     1.2447      7.064   273.7187 1.2383e-01     3.3184      3.272      4.746    14.1032   999.2659 0.0000e+00
      3.341      0.013     3.9972     54.437     45.705  35.745917     1.2639      7.062   273.6133 1.2378e-01     3.3075      3.276      4.752    14.1039   999.2659 0.0000e+00
      3.346      0.013     3.9713     54.285     45.664  35.714108     1.2553      7.060   273.6168 1.2375e-01     3.3252      3.281      4.759    14.1049   999.2659 0.0000e+00
      3.350      0.012     3.9485     54.127     45.652  35.705553     1.2013      7.059   273.5896 1.2379e-01     3.4349      3.285      4.764    14.1050   999.2660 0.0000e+00
      3.352      0.011     3.9291     53.936     45.652  35.705948     1.1141      7.057   273.5421 1.2378e-01     3.5520      3.287      4.767    14.1027   999.2664 0.0000e+00
      3.354      0.010     3.9148     53.711     45.669  35.718887     1.0674      7.055   273.5580 1.2375e-01     3.5611      3.289      4.771    14.1006   999.2666 0.0000e+00
      3.357      0.009     3.9060     53.449     45.691  35.735056     1.0707      7.053   273.6101 1.2374e-01     3.5125      3.292      4.774    14.1012   999.2665 0.0000e+00
      3.359      0.008     3.8953     53.198     45.662  35.711021     1.1187      7.052   273.5698 1.2371e-01     3.4558      3.294      4.777    14.1021   999.2664 0.0000e+00
      3.360      0.007     3.8806     53.001     45.545  35.618697     1.2060      7.051   273.4145 1.2368e-01     3.3989      3.295      4.780    14.1030   999.2662 0.0000e+00
      3.362      0.006     3.8658     52.863     45.402  35.507367     1.2503      7.050   273.4535 1.2364e-01     3.3494      3.297      4.782    14.1037   999.2662 0.0000e+00
      3.364      0.005     3.8450     52.802     45.319  35.443957     1.2478      7.049   273.7834 1.2364e-01     3.3169      3.299      4.784    14.1017   999.2666 0.0000e+00
      3.365      0.004     3.8256     52.824     45.289  35.423247     1.2798      7.047   273.8756 1.2367e-01     3.3006      3.299      4.785    14.0993   999.2668 0.0000e+00
      3.365      0.003     3.8123     52.904     45.236  35.383910     1.3415      7.047   273.7081 1.2386e-01     3.2835      3.300      4.786    14.0992   999.2667 0.0000e+00
      3.366      0.003     3.8012     52.954     45.190  35.349160     1.3695      7.047   273.6516 1.2408e-01     3.2740      3.301      4.787    14.1001   999.2666 0.0000e+00
      3.367 -9.990e-29     3.7967 -9.990e-29 -9.990e-29 -9.990e-29 -9.990e-29 -9.990e-29 -9.990e-29 1.2395e-01 -9.990e-29      3.302      4.789    14.1017   999.2663 0.0000e+00
      3.368 -9.990e-29     3.7982 -9.990e-29 -9.990e-29 -9.990e-29 -9.990e-29 -9.990e-29 -9.990e-29 1.2376e-01 -9.990e-29      3.302      4.790    14.1037   999.2660 0.0000e+00
      3.368 -9.990e-29     3.8061 -9.990e-29 -9.990e-29 -9.990e-29 -9.990e-29 -9.990e-29 -9.990e-29 1.2376e-01 -9.990e-29      3.302      4.790    14.1071   999.2656 0.0000e+00
      3.368 -9.990e-29     3.8133 -9.990e-29 -9.990e-29 -9.990e-29 -9.990e-29 -9.990e-29 -9.990e-29 1.2379e-01 -9.990e-29      3.303      4.791    14.1099   999.2652 0.0000e+00
