Data/DataNotYetUploadedToEDI/Raw_CTD/2019_RawDownloads/112019_fcr45.cnv
* Sea-Bird SBE19plus  Data File:
* FileName = C:\DATA\112019_fcr_0002.hex
* Software version 2.8.0.119 SB_Terminal.dll
* Temperature SN = 7809
* Conductivity SN = 7809
* System UpLoad Time = Nov 20 2019 19:43:30
* <ApplicationData>
* <Seaterm232>
# nquan = 16
# nvalues = 324                         
# units = specified
# name 0 = depFM: Depth [fresh water, m]
# name 1 = dz/dtM: Descent Rate [m/s]
# name 2 = sbeox0ML/L: Oxygen, SBE 43 [ml/l]
# name 3 = sbeox0PS: Oxygen, SBE 43 [% saturation]
# name 4 = specc: Specific Conductance [uS/cm]
# name 5 = c0uS/cm: Conductivity [uS/cm]
# name 6 = flECO-AFL: Fluorescence, WET Labs ECO-AFL/FL [mg/m^3]
# name 7 = ph: pH
# name 8 = orp: Oxidation Reduction Potential [mV]
# name 9 = par/sat/log: PAR/Logarithmic, Satlantic
# name 10 = turbWETntu0: Turbidity, WET Labs ECO [NTU]
# name 11 = prdM: Pressure, Strain Gauge [db]
# name 12 = prdE: Pressure, Strain Gauge [psi]
# name 13 = tv290C: Temperature [ITS-90, deg C]
# name 14 = density00: Density [density, kg/m^3]
# name 15 = flag:  0.000e+00
# span 0 =     -0.573,      7.095       
# span 1 =     -0.015,      0.257       
# span 2 =     6.3757,     8.7047       
# span 3 =     77.006,    103.332       
# span 4 =     33.610,     43.332       
# span 5 =  23.842014,  28.612512       
# span 6 =    -0.5431,     4.3010       
# span 7 =      5.412,      8.670       
# span 8 =   262.3795,   321.5748       
# span 9 = 1.2365e-01, 1.4657e+03       
# span 10 =    -0.6161,     7.8725      
# span 11 =     -0.563,      6.958      
# span 12 =     -0.817,     10.092      
# span 13 =     7.2454,    11.2961      
# span 14 =   999.5790,   999.9412      
# span 15 = 0.0000e+00, 0.0000e+00      
# interval = seconds: 0.25
# start_time = Nov 20 2019 11:34:41 [Instrument's time stamp, header]
# bad_flag = -9.990e-29
*END*
     -0.573      0.073     7.3575     96.081     33.610  23.842014    -0.5431      5.412   262.3795 3.4906e+02    -0.6161     -0.563     -0.816    11.2906   999.5792 0.0000e+00
     -0.567      0.122     7.3590     96.198     40.360  28.204168    -0.5136      6.759   262.9200 4.8873e+02    -0.4782     -0.562     -0.817    11.2820   999.5800 0.0000e+00
     -0.538      0.171     7.3567     96.314     41.399  28.472228    -0.0764      7.553   273.0457 6.3480e+02     1.2563     -0.542     -0.786    11.2961   999.5790 0.0000e+00
     -0.475      0.207     7.3728     96.418     41.235  27.971049     0.7193      8.038   281.3898 6.9179e+02     4.5277     -0.474     -0.688    11.1941   999.5947 0.0000e+00
     -0.389      0.225     7.4713     96.531     41.309  27.727624     1.1406      8.333   285.4253 7.1084e+02     6.3366     -0.380     -0.552    10.6532   999.6549 0.0000e+00
     -0.304      0.223     7.6095     96.668     41.741  27.812848     1.1682      8.501   285.8743 8.4669e+02     6.5112     -0.289     -0.419     9.9349   999.7231 0.0000e+00
     -0.239      0.202     7.7256     96.851     42.499  28.176454     1.1824      8.593   286.3031 1.0908e+03     6.5405     -0.224     -0.325     9.3493   999.7716 0.0000e+00
     -0.202      0.165     7.8220     97.086     43.145  28.507249     1.2945      8.644   287.5124 1.3184e+03     6.7243     -0.193     -0.281     8.8703   999.8081 0.0000e+00
     -0.180      0.121     7.8978     97.346     43.332  28.576450     1.5014      8.667   288.5364 1.4657e+03     7.0618     -0.180     -0.261     8.5195   999.8326 0.0000e+00
     -0.157      0.084     7.9527     97.639     43.146  28.442057     1.6204      8.670   289.3054 1.4410e+03     7.2133     -0.154     -0.223     8.2888   999.8482 0.0000e+00
     -0.135      0.059     7.9962     97.972     42.982  28.341662     1.6240      8.658   290.0138 1.2488e+03     7.1795     -0.126     -0.183     8.1348   999.8584 0.0000e+00
     -0.123      0.045     8.0411     98.281     43.127  28.441245     1.6138      8.637   290.9060 1.1706e+03     7.0137     -0.116     -0.170     8.0196   999.8657 0.0000e+00
     -0.122      0.035     8.0749     98.540     43.326  28.567462     1.6184      8.613   291.2314 1.2976e+03     6.7155     -0.121     -0.174     7.9505   999.8699 0.0000e+00
     -0.120      0.029     8.0980     98.760     43.188  28.471841     1.6271      8.588   287.4958 1.3799e+03     6.5570     -0.121     -0.175     7.9506   999.8698 0.0000e+00
     -0.112      0.032     8.1246     98.907     42.736  28.173381     1.6244      8.563   280.6703 1.3518e+03     6.5381     -0.110     -0.160     7.9738   999.8683 0.0000e+00
     -0.104      0.044     8.1508     98.967     42.289  27.877483     1.6194      8.536   277.4501 1.3286e+03     6.5201     -0.100     -0.145     7.9751   999.8685 0.0000e+00
     -0.098      0.060     8.1717     98.979     42.014  27.685913     1.6186      8.509   278.0716 1.3481e+03     6.5358     -0.100     -0.144     7.9663   999.8691 0.0000e+00
     -0.084      0.073     8.1946     98.838     41.866  27.570205     1.6156      8.486   279.2371 1.3732e+03     6.5322     -0.089     -0.129     7.9566   999.8697 0.0000e+00
     -0.058      0.081     8.2063     98.132     41.786  27.493606     1.6175      8.470   280.3580 1.3008e+03     6.5095     -0.059     -0.086     7.9609   999.8693 0.0000e+00
     -0.025      0.083     8.2090     96.820     41.766  27.457647     1.6162      8.460   281.5574 1.0127e+03     6.5226     -0.023     -0.034     7.9645   999.8691 0.0000e+00
      0.005      0.078     8.2114     95.644     41.785  27.452644     1.6086      8.453   282.9836 7.7971e+02     6.5261      0.010      0.015     7.9496   999.8700 0.0000e+00
      0.023      0.066     8.2221     95.086     41.775  27.433099     1.6121      8.448   284.2656 8.8375e+02     6.5195      0.025      0.036     7.9275   999.8714 0.0000e+00
      0.034      0.048     8.1815     95.011     41.761  27.411664     1.6145      8.443   285.1851 9.7897e+02     6.5081      0.033      0.047     7.8954   999.8732 0.0000e+00
      0.043      0.028     8.0393     95.214     41.739  27.383802     1.6125      8.434   285.9274 8.4166e+02     6.4866      0.044      0.063     7.8652   999.8751 0.0000e+00
      0.049      0.013     7.9313     95.575     41.706  27.349992     1.6315      8.424   286.7882 7.4501e+02     6.4892      0.050      0.073     7.8464   999.8763 0.0000e+00
      0.049      0.004     7.8989     95.981     41.770  27.383534     1.6618      8.412   287.8489 8.4136e+02     6.5397      0.049      0.073     7.8327   999.8770 0.0000e+00
      0.044     -0.001     7.9000     96.264     41.910  27.472123     1.6756      8.400   288.7718 1.0108e+03     6.5734      0.043      0.063     7.8186   999.8778 0.0000e+00
      0.038     -0.005     7.9237     96.164     42.001  27.532852     1.6769      8.389   289.3432 1.0973e+03     6.5357      0.036      0.053     7.8014   999.8788 0.0000e+00
      0.036     -0.007     7.9593     95.454     42.023  27.546788     1.6599      8.381   289.7670 1.0483e+03     6.5101      0.035      0.050     7.7852   999.8797 0.0000e+00
      0.038     -0.007     8.0004     94.244     41.978  27.513728     1.6256      8.376   290.2823 9.5749e+02     6.5257      0.037      0.054     7.7734   999.8804 0.0000e+00
      0.040     -0.008     8.0311     92.849     41.891  27.450352     1.6096      8.371   290.8423 9.3174e+02     6.5287      0.040      0.059     7.7716   999.8806 0.0000e+00
      0.038     -0.010     8.0338     91.515     41.845  27.414978     1.6135      8.364   291.3744 1.0098e+03     6.5122      0.039      0.057     7.7763   999.8803 0.0000e+00
      0.033     -0.014     7.9685     90.323     41.832  27.403252     1.6293      8.357   291.9841 1.0816e+03     6.4905      0.033      0.048     7.7765   999.8804 0.0000e+00
      0.028     -0.015     7.8576     89.277     41.787  27.372019     1.6537      8.350   292.7079 1.1304e+03     6.4961      0.027      0.039     7.7706   999.8806 0.0000e+00
      0.023     -0.014     7.7357     88.428     41.757  27.354576     1.6657      8.342   293.3281 1.2052e+03     6.5476      0.022      0.033     7.7614   999.8810 0.0000e+00
      0.017     -0.010     7.6233     87.747     41.792  27.382690     1.6707      8.334   293.7188 1.2138e+03     6.5558      0.015      0.022     7.7545   999.8814 0.0000e+00
      0.013     -0.003     7.5280     87.161     41.802  27.394716     1.7140      8.327   294.0761 1.1550e+03     6.4966      0.010      0.014     7.7508   999.8816 0.0000e+00
      0.014      0.006     7.4358     86.692     41.766  27.373092     1.7983      8.320   294.5513 1.0529e+03     6.4879      0.013      0.019     7.7489   999.8817 0.0000e+00
      0.019      0.015     7.3665     86.341     41.765  27.375018     1.8580      8.313   294.9902 9.5660e+02     6.5158      0.019      0.028     7.7516   999.8815 0.0000e+00
      0.023      0.021     7.3131     86.088     41.822  27.418013     1.8716      8.305   295.3386 9.7499e+02     6.5058      0.022      0.031     7.7593   999.8810 0.0000e+00
      0.030      0.022     7.2594     86.029     41.863  27.448818     1.8247      8.295   295.6663 1.0401e+03     6.4329      0.026      0.039     7.7670   999.8807 0.0000e+00
      0.040      0.017     7.2204     86.241     41.839  27.430246     1.7333      8.283   295.8550 9.4639e+02     6.3220      0.040      0.058     7.7677   999.8807 0.0000e+00
      0.050      0.009     7.1941     86.667     41.779  27.383804     1.6854      8.272   295.9848 8.2723e+02     6.2792      0.051      0.075     7.7679   999.8808 0.0000e+00
      0.052     -0.000     7.1666     87.257     41.712  27.331404     1.6786      8.264   296.2899 8.6428e+02     6.3083      0.053      0.077     7.7780   999.8802 0.0000e+00
      0.048     -0.007     7.1557     87.944     41.682  27.304249     1.6696      8.257   296.7913 9.4454e+02     6.3137      0.048      0.070     7.7869   999.8797 0.0000e+00
      0.039     -0.010     7.1794     88.621     41.694  27.309259     1.6631      8.243   297.3141 1.0542e+03     6.3122      0.038      0.055     7.7813   999.8800 0.0000e+00
      0.029     -0.008     7.2168     89.206     41.716  27.328524     1.6682      8.224   297.7067 1.0774e+03     6.3888      0.026      0.038     7.7703   999.8805 0.0000e+00
      0.024     -0.003     7.2692     89.611     41.731  27.346846     1.6800      8.206   298.0114 9.5062e+02     6.4856      0.020      0.030     7.7595   999.8811 0.0000e+00
      0.027      0.005     7.3332     89.755     41.716  27.340458     1.6838      8.192   298.3311 8.9681e+02     6.5322      0.025      0.036     7.7494   999.8817 0.0000e+00
      0.035      0.012     7.3917     89.661     41.683  27.314742     1.6710      8.181   298.6471 9.7534e+02     6.5917      0.036      0.052     7.7439   999.8820 0.0000e+00
      0.042      0.017     7.4421     89.452     41.654  27.289687     1.6461      8.174   298.9059 1.0487e+03     6.6808      0.043      0.062     7.7513   999.8817 0.0000e+00
      0.046      0.019     7.4760     89.246     41.663  27.291303     1.6345      8.169   299.1374 1.0216e+03     6.7251      0.047      0.067     7.7679   999.8808 0.0000e+00
      0.050      0.017     7.4867     89.108     41.731  27.334283     1.6351      8.165   299.2954 1.1127e+03     6.7344      0.049      0.071     7.7713   999.8806 0.0000e+00
      0.053      0.014     7.4755     89.050     41.778  27.365220     1.6102      8.160   299.3534 1.2409e+03     6.6942      0.052      0.074     7.7634   999.8810 0.0000e+00
      0.058      0.012     7.4560     89.040     41.753  27.348126     1.5673      8.156   299.3224 1.0171e+03     6.5992      0.057      0.081     7.7553   999.8814 0.0000e+00
      0.062      0.011     7.4384     89.060     41.711  27.317941     1.5500      8.151   299.2647 7.5834e+02     6.5694      0.062      0.090     7.7492   999.8818 0.0000e+00
      0.064      0.012     7.4264     89.110     41.714  27.317487     1.5566      8.146   299.3446 7.1521e+02     6.5956      0.063      0.091     7.7479   999.8820 0.0000e+00
      0.064      0.014     7.4231     89.160     41.749  27.342639     1.5871      8.141   299.5131 7.2930e+02     6.6869      0.062      0.090     7.7494   999.8819 0.0000e+00
      0.066      0.016     7.4230     89.178     41.778  27.368271     1.6416      8.136   299.6681 8.6604e+02     6.8536      0.063      0.091     7.7490   999.8819 0.0000e+00
      0.072      0.017     7.4245     89.157     41.778  27.373617     1.6778      8.130   299.8412 9.6136e+02     6.9406      0.069      0.100     7.7446   999.8823 0.0000e+00
      0.080      0.019     7.4311     89.092     41.733  27.343832     1.6863      8.125   300.1438 8.4006e+02     6.9524      0.079      0.115     7.7398   999.8825 0.0000e+00
      0.086      0.020     7.4360     88.994     41.707  27.325377     1.6753      8.120   300.4872 8.5018e+02     6.8974      0.085      0.123     7.7420   999.8824 0.0000e+00
      0.090      0.018     7.4350     88.903     41.731  27.340817     1.6397      8.115   300.6377 1.0201e+03     6.7672      0.088      0.128     7.7532   999.8818 0.0000e+00
      0.094      0.015     7.4324     88.833     41.731  27.340183     1.6110      8.111   300.8455 9.7676e+02     6.7216      0.091      0.134     7.7612   999.8814 0.0000e+00
      0.098      0.011     7.4271     88.756     41.699  27.317708     1.6147      8.107   301.1935 8.5174e+02     6.7399      0.097      0.141     7.7592   999.8815 0.0000e+00
      0.101      0.008     7.4182     88.655     41.711  27.322863     1.6327      8.105   301.4033 9.2676e+02     6.7259      0.100      0.145     7.7558   999.8817 0.0000e+00
      0.101      0.006     7.4093     88.524     41.738  27.339061     1.6472      8.102   301.5753 1.0811e+03     6.7167      0.099      0.144     7.7566   999.8816 0.0000e+00
      0.102      0.004     7.4053     88.374     41.715  27.323210     1.6509      8.100   301.8093 1.0665e+03     6.7270      0.100      0.145     7.7571   999.8816 0.0000e+00
      0.102      0.002     7.3996     88.240     41.709  27.321554     1.6431      8.098   302.0828 9.1100e+02     6.7510      0.100      0.146     7.7542   999.8818 0.0000e+00
      0.103      0.002     7.3915     88.119     41.793  27.382476     1.6311      8.095   302.4725 8.0162e+02     6.7785      0.101      0.147     7.7510   999.8819 0.0000e+00
      0.103      0.002     7.3819     87.982     41.940  27.488797     1.6267      8.091   302.8224 7.5877e+02     6.8299      0.102      0.148     7.7487   999.8821 0.0000e+00
      0.103      0.002     7.3668     87.792     42.077  27.591938     1.6250      8.087   303.0430 9.5771e+02     6.9133      0.101      0.147     7.7471   999.8822 0.0000e+00
      0.103      0.002     7.3567     87.547     42.188  27.677856     1.6185      8.081   303.3325 1.2923e+03     6.9679      0.101      0.147     7.7487   999.8821 0.0000e+00
      0.104      0.002     7.3456     87.273     42.312  27.766263     1.6172      8.076   303.6560 1.2397e+03     6.9981      0.102      0.148     7.7560   999.8817 0.0000e+00
      0.106      0.002     7.3334     86.955     42.514  27.899497     1.6174      8.071   303.7715 9.1079e+02     7.0162      0.103      0.150     7.7682   999.8811 0.0000e+00
      0.106     -0.001     7.3155     86.580     42.796  28.083271     1.6129      8.065   303.6098 7.7305e+02     6.9901      0.104      0.151     7.7850   999.8802 0.0000e+00
      0.107     -0.006     7.2887     86.143     42.971  28.211686     1.6064      8.058   303.5086 8.2096e+02     6.9451      0.104      0.152     7.8038   999.8791 0.0000e+00
      0.108     -0.011     7.2669     85.672     42.961  28.246646     1.6081      8.051   303.7520 8.1728e+02     6.9302      0.107      0.156     7.8125   999.8786 0.0000e+00
      0.106     -0.013     7.2396     85.211     42.889  28.252213     1.6241      8.046   304.1433 7.9003e+02     6.9084      0.108      0.156     7.8120   999.8788 0.0000e+00
      0.097     -0.012     7.2110     84.739     42.867  28.279053     1.6351      8.041   304.4545 8.0650e+02     6.8455      0.097      0.141     7.8026   999.8793 0.0000e+00
      0.087     -0.009     7.1733     84.250     42.883  28.317407     1.6287      8.036   304.6753 7.5595e+02     6.7920      0.081      0.119     7.8081   999.8791 0.0000e+00
      0.082     -0.004     7.1199     83.773     42.876  28.335274     1.6166      8.031   304.8341 6.3935e+02     6.7536      0.078      0.112     7.8679   999.8756 0.0000e+00
      0.086      0.002     7.0717     83.345     42.894  28.368203     1.6270      8.027   304.9985 5.6472e+02     6.8071      0.083      0.119     7.9427   999.8711 0.0000e+00
      0.093      0.007     7.0239     82.995     42.914  28.398319     1.6593      8.022   305.1998 5.2620e+02     6.9474      0.091      0.133     7.9896   999.8684 0.0000e+00
      0.098      0.009     6.9778     82.692     42.870  28.382176     1.6788      8.017   305.3752 5.1569e+02     6.9752      0.098      0.143     8.0161   999.8668 0.0000e+00
      0.100      0.005     6.9336     82.418     42.817  28.363381     1.6803      8.009   305.3983 6.0557e+02     6.9140      0.098      0.142     8.0408   999.8653 0.0000e+00
      0.101     -0.001     6.8912     82.179     42.772  28.361433     1.6598      8.003   305.3068 7.0964e+02     6.8625      0.098      0.143     8.0674   999.8637 0.0000e+00
      0.101     -0.006     6.8618     81.980     42.716  28.358655     1.6300      7.999   305.3017 7.9111e+02     6.8110      0.100      0.145     8.0875   999.8625 0.0000e+00
      0.098     -0.005     6.8341     81.791     42.629  28.329817     1.6148      7.994   305.3357 8.5070e+02     6.7832      0.099      0.144     8.1003   999.8617 0.0000e+00
      0.090      0.003     6.8095     81.597     42.507  28.266587     1.6063      7.989   305.2884 8.1274e+02     6.7557      0.089      0.129     8.1137   999.8608 0.0000e+00
