Data/DataNotYetUploadedToEDI/Raw_CTD/2019_RawDownloads/112019_fcr45.cnv
* Sea-Bird SBE19plus  Data File:
* FileName = C:\DATA\112019_fcr_0002.hex
* Software version 2.8.0.119 SB_Terminal.dll
* Temperature SN = 7809
* Conductivity SN = 7809
* System UpLoad Time = Nov 20 2019 19:43:30
* <ApplicationData>
* <Seaterm232>
# nquan = 16
# nvalues = 324                         
# units = specified
# name 0 = depFM: Depth [fresh water, m]
# name 1 = dz/dtM: Descent Rate [m/s]
# name 2 = sbeox0ML/L: Oxygen, SBE 43 [ml/l]
# name 3 = sbeox0PS: Oxygen, SBE 43 [% saturation]
# name 4 = specc: Specific Conductance [uS/cm]
# name 5 = c0uS/cm: Conductivity [uS/cm]
# name 6 = flECO-AFL: Fluorescence, WET Labs ECO-AFL/FL [mg/m^3]
# name 7 = ph: pH
# name 8 = orp: Oxidation Reduction Potential [mV]
# name 9 = par/sat/log: PAR/Logarithmic, Satlantic
# name 10 = turbWETntu0: Turbidity, WET Labs ECO [NTU]
# name 11 = prdM: Pressure, Strain Gauge [db]
# name 12 = prdE: Pressure, Strain Gauge [psi]
# name 13 = tv290C: Temperature [ITS-90, deg C]
# name 14 = density00: Density [density, kg/m^3]
# name 15 = flag:  0.000e+00
# span 0 =     -0.573,      7.095       
# span 1 =     -0.015,      0.257       
# span 2 =     6.3757,     8.7047       
# span 3 =     77.006,    103.332       
# span 4 =     33.610,     43.332       
# span 5 =  23.842014,  28.612512       
# span 6 =    -0.5431,     4.3010       
# span 7 =      5.412,      8.670       
# span 8 =   262.3795,   321.5748       
# span 9 = 1.2365e-01, 1.4657e+03       
# span 10 =    -0.6161,     7.8725      
# span 11 =     -0.563,      6.958      
# span 12 =     -0.817,     10.092      
# span 13 =     7.2454,    11.2961      
# span 14 =   999.5790,   999.9412      
# span 15 = 0.0000e+00, 0.0000e+00      
# interval = seconds: 0.25
# start_time = Nov 20 2019 11:34:41 [Instrument's time stamp, header]
# bad_flag = -9.990e-29
*END*
[from data line 181]
      2.625      0.146     8.2173     97.511     41.097  26.609660     3.6291      7.500   318.2996 9.3429e+00     6.9759      2.569      3.725     7.3780   999.9138 0.0000e+00
      2.665      0.151     8.2178     97.504     41.089  26.602224     3.6242      7.498   318.1705 8.6794e+00     6.9330      2.609      3.784     7.3785   999.9140 0.0000e+00
      2.719      0.150     8.2143     97.490     41.070  26.589064     3.5475      7.498   317.9707 7.9891e+00     6.8766      2.667      3.867     7.3780   999.9143 0.0000e+00
      2.772      0.143     8.2045     97.516     41.054  26.577424     3.4216      7.498   317.8629 7.4697e+00     6.7853      2.725      3.952     7.3762   999.9146 0.0000e+00
      2.811      0.133     8.2044     97.541     41.072  26.588383     3.3501      7.497   317.9862 7.1721e+00     6.7478      2.765      4.009     7.3732   999.9151 0.0000e+00
      2.834      0.122     8.2078     97.541     41.083  26.594675     3.3421      7.495   318.1703 7.0034e+00     6.7505      2.782      4.034     7.3701   999.9153 0.0000e+00
      2.849      0.115     8.2010     97.534     41.076  26.590051     3.4025      7.492   318.1955 6.8362e+00     6.7515      2.792      4.050     7.3684   999.9154 0.0000e+00
      2.869      0.110     8.2080     97.489     41.085  26.595913     3.5087      7.489   318.2051 6.5801e+00     6.7605      2.810      4.075     7.3672   999.9155 0.0000e+00
      2.899      0.107     8.2106     97.415     41.094  26.602110     3.5598      7.487   318.2868 6.2227e+00     6.7944      2.838      4.116     7.3662   999.9157 0.0000e+00
      2.939      0.101     8.2084     97.362     41.093  26.601534     3.5688      7.486   318.2372 5.8510e+00     6.8002      2.881      4.178     7.3656   999.9160 0.0000e+00
      2.979      0.089     8.2109     97.308     41.073  26.588950     3.5662      7.485   318.1207 5.6030e+00     6.7320      2.928      4.246     7.3651   999.9162 0.0000e+00
      3.004      0.071     8.2066     97.218     41.054  26.576847     3.4757      7.485   318.0831 5.5211e+00     6.6579      2.952      4.283     7.3649   999.9164 0.0000e+00
      3.011      0.050     8.1976     97.160     41.061  26.582091     3.3165      7.485   318.0403 5.5273e+00     6.5926      2.955      4.286     7.3653   999.9164 0.0000e+00
      3.010      0.029     8.1935     97.151     41.070  26.588906     3.2271      7.484   318.0329 5.5352e+00     6.5321      2.950      4.280     7.3654   999.9163 0.0000e+00
      3.010      0.014     8.1932     97.154     41.080  26.595807     3.2099      7.484   318.0809 5.5222e+00     6.5170      2.949      4.278     7.3654   999.9163 0.0000e+00
      3.012      0.009     8.1798     97.161     41.088  26.602089     3.1866      7.484   318.0185 5.4997e+00     6.5738      2.954      4.284     7.3661   999.9163 0.0000e+00
      3.016      0.014     8.1749     97.155     41.084  26.601417     3.1624      7.484   317.9662 5.4812e+00     6.6942      2.960      4.292     7.3671   999.9163 0.0000e+00
      3.018      0.028     8.1769     97.153     41.061  26.587680     3.1596      7.481   318.1371 5.4705e+00     6.7604      2.959      4.292     7.3681   999.9162 0.0000e+00
      3.020      0.050     8.1750     97.176     41.024  26.562889     3.1620      7.475   318.3637 5.4455e+00     6.7179      2.960      4.293     7.3690   999.9162 0.0000e+00
      3.026      0.075     8.1780     97.201     41.020  26.555445     3.2001      7.469   318.4698 5.3424e+00     6.7711      2.963      4.298     7.3704   999.9161 0.0000e+00
      3.045      0.099     8.1753     97.203     41.040  26.561108     3.2826      7.464   318.4732 5.0743e+00     6.9441      2.977      4.319     7.3725   999.9161 0.0000e+00
      3.082      0.116     8.1735     97.193     41.061  26.567915     3.3268      7.459   318.4040 4.6874e+00     7.0075      3.019      4.379     7.3748   999.9162 0.0000e+00
      3.130      0.124     8.1770     97.197     41.079  26.574293     3.3269      7.456   318.3222 4.3534e+00     6.9805      3.073      4.457     7.3746   999.9165 0.0000e+00
      3.174      0.123     8.1812     97.214     41.084  26.574775     3.3352      7.456   318.3452 4.1456e+00     6.9130      3.118      4.522     7.3683   999.9170 0.0000e+00
      3.205      0.115     8.1831     97.214     41.082  26.573736     3.3585      7.457   318.4230 4.0191e+00     6.8148      3.147      4.564     7.3582   999.9176 0.0000e+00
      3.225      0.104     8.1827     97.183     41.061  26.561728     3.3827      7.457   318.4890 3.9242e+00     6.7763      3.163      4.587     7.3493   999.9182 0.0000e+00
      3.241      0.095     8.1845     97.126     41.052  26.556475     3.4030      7.457   318.6264 3.8220e+00     6.7743      3.177      4.608     7.3427   999.9186 0.0000e+00
      3.260      0.094     8.1880     97.045     41.080  26.573674     3.4653      7.456   318.7937 3.6958e+00     6.9547      3.196      4.635     7.3390   999.9188 0.0000e+00
      3.283      0.102     8.1884     96.952     41.091  26.579347     3.5724      7.453   318.9642 3.5571e+00     7.2862      3.218      4.667     7.3400   999.9189 0.0000e+00
      3.312      0.117     8.1842     96.854     41.066  26.561620     3.6312      7.448   319.1391 3.4087e+00     7.4397      3.246      4.709     7.3435   999.9189 0.0000e+00
      3.343      0.135     8.1799     96.766     41.048  26.549670     3.6387      7.443   319.1866 3.2527e+00     7.4335      3.279      4.756     7.3443   999.9190 0.0000e+00
      3.378      0.150     8.1725     96.692     41.068  26.561744     3.6537      7.439   319.0223 3.0790e+00     7.4081      3.311      4.800     7.3417   999.9193 0.0000e+00
      3.418      0.161     8.1654     96.595     41.098  26.580710     3.7694      7.436   318.8735 2.8695e+00     7.4286      3.347      4.854     7.3397   999.9196 0.0000e+00
      3.467      0.168     8.1572     96.493     41.111  26.588661     3.9809      7.434   318.9362 2.6495e+00     7.5167      3.399      4.929     7.3383   999.9199 0.0000e+00
      3.517      0.170     8.1483     96.444     41.121  26.594429     4.1044      7.432   319.0060 2.4648e+00     7.6207      3.453      5.008     7.3375   999.9202 0.0000e+00
      3.562      0.168     8.1453     96.420     41.111  26.587003     4.1265      7.429   319.0295 2.3179e+00     7.6702      3.495      5.070     7.3372   999.9204 0.0000e+00
      3.602      0.159     8.1364     96.379     41.073  26.562315     4.1437      7.428   319.0485 2.1794e+00     7.5258      3.531      5.122     7.3369   999.9206 0.0000e+00
      3.641      0.143     8.1242     96.350     41.055  26.549709     4.1656      7.428   318.9768 2.0527e+00     7.2834      3.569      5.177     7.3359   999.9208 0.0000e+00
      3.680      0.124     8.1225     96.342     41.075  26.561465     4.1829      7.428   318.9376 1.9484e+00     7.1972      3.610      5.236     7.3345   999.9211 0.0000e+00
      3.715      0.110     8.1233     96.348     41.102  26.577568     4.1880      7.426   319.0907 1.8683e+00     7.2051      3.648      5.290     7.3343   999.9213 0.0000e+00
      3.739      0.105     8.1168     96.360     41.067  26.554068     4.1407      7.422   319.2795 1.8315e+00     7.1171      3.672      5.326     7.3340   999.9214 0.0000e+00
      3.750      0.106     8.1151     96.350     41.032  26.531110     4.0532      7.419   319.2414 1.8135e+00     6.9845      3.678      5.336     7.3325   999.9215 0.0000e+00
      3.762      0.108     8.1153     96.327     41.068  26.553760     4.0051      7.417   319.0591 1.7604e+00     6.9458      3.682      5.342     7.3311   999.9216 0.0000e+00
      3.792      0.108     8.1153     96.312     41.101  26.574158     3.9841      7.415   318.8821 1.6592e+00     6.9770      3.710      5.381     7.3298   999.9219 0.0000e+00
      3.839      0.105     8.1187     96.311     41.121  26.587400     3.8597      7.415   318.7369 1.5397e+00     6.9359      3.766      5.461     7.3291   999.9221 0.0000e+00
      3.884      0.098     8.1171     96.342     41.120  26.586988     3.6364      7.416   318.6797 1.4569e+00     6.8094      3.818      5.537     7.3287   999.9224 0.0000e+00
      3.909      0.089     8.1141     96.392     41.091  26.569173     3.5126      7.417   318.7069 1.4282e+00     6.7580      3.840      5.569     7.3276   999.9226 0.0000e+00
      3.916      0.081     8.1142     96.443     41.079  26.562336     3.5074      7.417   318.8935 1.4207e+00     6.7729      3.842      5.571     7.3258   999.9227 0.0000e+00
      3.919      0.082     8.1124     96.510     41.086  26.567758     3.5384      7.415   319.1292 1.4124e+00     6.8593      3.841      5.572     7.3257   999.9227 0.0000e+00
      3.928      0.094     8.1153     96.566     41.091  26.571285     3.5930      7.413   319.1476 1.3921e+00     7.0162      3.848      5.581     7.3273   999.9226 0.0000e+00
      3.950      0.114     8.1212     96.589     41.045  26.541535     3.6309      7.411   319.1164 1.3297e+00     7.0967      3.865      5.604     7.3279   999.9227 0.0000e+00
      3.991      0.133     8.1227     96.590     41.022  26.525271     3.6404      7.408   319.1817 1.2186e+00     7.1440      3.909      5.669     7.3287   999.9228 0.0000e+00
      4.046      0.143     8.1304     96.580     41.086  26.564972     3.6299      7.407   319.0764 1.1103e+00     7.1943      3.971      5.760     7.3301   999.9231 0.0000e+00
      4.095      0.143     8.1359     96.569     41.106  26.577452     3.5473      7.407   318.7897 1.0522e+00     7.1803      4.021      5.832     7.3308   999.9233 0.0000e+00
      4.131      0.133     8.1364     96.555     41.062  26.549270     3.4047      7.407   318.6412 1.0181e+00     7.0735      4.053      5.879     7.3313   999.9234 0.0000e+00
      4.158      0.118     8.1373     96.527     41.050  26.541452     3.3276      7.406   318.7440 9.7689e-01     6.9523      4.078      5.915     7.3292   999.9236 0.0000e+00
      4.180      0.108     8.1362     96.491     41.059  26.546364     3.3440      7.404   318.9139 9.5158e-01     6.9598      4.101      5.948     7.3266   999.9239 0.0000e+00
      4.199      0.108     8.1354     96.470     41.061  26.545216     3.4983      7.401   318.9749 9.3721e-01     7.2295      4.117      5.972     7.3267   999.9240 0.0000e+00
      4.220      0.113     8.1345     96.438     41.039  26.527563     3.7454      7.399   318.9652 8.9337e-01     7.6573      4.134      5.996     7.3271   999.9240 0.0000e+00
      4.250      0.121     8.1330     96.391     41.039  26.523263     3.8612      7.398   318.9686 8.2565e-01     7.8725      4.164      6.039     7.3266   999.9242 0.0000e+00
      4.290      0.130     8.1275     96.368     41.095  26.556663     3.8668      7.396   319.0159 7.6874e-01     7.8318      4.207      6.101     7.3255   999.9244 0.0000e+00
      4.331      0.138     8.1284     96.351     41.088  26.550726     3.9083      7.394   319.1060 7.3132e-01     7.5917      4.251      6.165     7.3229   999.9248 0.0000e+00
      4.365      0.140     8.1278     96.310     41.035  26.514926     3.9732      7.393   319.1122 7.0834e-01     7.2303      4.282      6.210     7.3181   999.9252 0.0000e+00
      4.398      0.135     8.1210     96.262     41.021  26.504466     4.0002      7.393   319.0048 6.8686e-01     7.0347      4.310      6.250     7.3130   999.9255 0.0000e+00
      4.435      0.125     8.1221     96.231     40.995  26.487698     4.0012      7.393   318.9260 6.4917e-01     6.9971      4.349      6.307     7.3094   999.9260 0.0000e+00
      4.472      0.112     8.1220     96.202     41.017  26.502510     4.0459      7.394   318.8474 6.0710e-01     6.9386      4.390      6.368     7.3076   999.9263 0.0000e+00
      4.500      0.099     8.1180     96.154     41.100  26.556666     4.1331      7.394   318.8293 5.8607e-01     6.8514      4.416      6.404     7.3061   999.9264 0.0000e+00
      4.520      0.085     8.1133     96.098     41.122  26.571503     4.1800      7.395   318.8784 5.7143e-01     6.7951      4.432      6.429     7.3046   999.9266 0.0000e+00
      4.538      0.072     8.1112     96.053     41.094  26.555026     4.1622      7.395   318.8398 5.5077e-01     6.7494      4.453      6.459     7.3039   999.9267 0.0000e+00
      4.552      0.063     8.1103     96.020     41.081  26.547770     4.0050      7.396   318.7925 5.4849e-01     6.8234      4.466      6.478     7.3042   999.9267 0.0000e+00
      4.563      0.064     8.1050     95.990     41.080  26.547217     3.7442      7.396   318.9080 5.4965e-01     7.0677      4.473      6.489     7.3051   999.9268 0.0000e+00
      4.577      0.074     8.0993     95.934     41.082  26.548339     3.6094      7.394   319.1180 5.2748e-01     7.2118      4.488      6.511     7.3062   999.9268 0.0000e+00
      4.591      0.092     8.0954     95.845     41.106  26.561334     3.5893      7.390   319.2668 5.0364e-01     7.1897      4.502      6.530     7.3080   999.9268 0.0000e+00
      4.609      0.111     8.0925     95.802     41.138  26.577444     3.5790      7.387   319.3312 4.8959e-01     7.1608      4.514      6.547     7.3097   999.9267 0.0000e+00
      4.641      0.127     8.0902     95.836     41.108  26.552787     3.6330      7.386   319.3800 4.6474e-01     7.2224      4.545      6.592     7.3105   999.9268 0.0000e+00
      4.689      0.139     8.0878     95.851     41.059  26.516975     3.7474      7.385   319.4265 4.2275e-01     7.3450      4.598      6.670     7.3104   999.9271 0.0000e+00
      4.738      0.146     8.0763     95.821     41.076  26.525111     3.8098      7.384   319.3782 3.8458e-01     7.3970      4.651      6.747     7.3076   999.9275 0.0000e+00
      4.777      0.148     8.0719     95.831     41.076  26.524275     3.8231      7.383   319.3978 3.6846e-01     7.3929      4.688      6.800     7.3019   999.9280 0.0000e+00
      4.807      0.145     8.0816     95.879     41.050  26.506859     3.9513      7.382   319.4920 3.5698e-01     7.3609      4.712      6.835     7.2945   999.9285 0.0000e+00
      4.838      0.140     8.0854     95.888     41.048  26.504863     4.1809      7.380   319.4842 3.3130e-01     7.2725      4.743      6.879     7.2886   999.9289 0.0000e+00
      4.873      0.135     8.0781     95.874     41.043  26.500143     4.3010      7.378   319.4753 2.9965e-01     7.2088      4.780      6.933     7.2861   999.9292 0.0000e+00
      4.909      0.131     8.0792     95.854     41.067  26.513225     4.2945      7.376   319.5560 2.6667e-01     7.1804      4.813      6.981     7.2852   999.9294 0.0000e+00
      4.947      0.127     8.0892     95.829     41.106  26.536152     4.1367      7.376   319.6855 2.4859e-01     7.1264      4.852      7.037     7.2846   999.9296 0.0000e+00
      4.982      0.122     8.0864     95.821     41.090  26.523567     3.8675      7.376   319.7514 2.4653e-01     7.0793      4.890      7.091     7.2837   999.9299 0.0000e+00
      5.011      0.118     8.0861     95.832     41.036  26.487947     3.7274      7.376   319.7496 2.3650e-01     7.0373      4.917      7.130     7.2815   999.9301 0.0000e+00
      5.034      0.117     8.0855     95.827     41.033  26.486141     3.6997      7.375   319.8357 2.2400e-01     6.9792      4.936      7.160     7.2781   999.9304 0.0000e+00
      5.058      0.119     8.0825     95.798     41.057  26.501733     3.6716      7.373   319.9320 2.1475e-01     7.0647      4.958      7.191     7.2755   999.9306 0.0000e+00
      5.088      0.124     8.0822     95.784     41.033  26.486131     3.6470      7.370   319.9676 2.0566e-01     7.2849      4.988      7.235     7.2732   999.9309 0.0000e+00
      5.123      0.134     8.0849     95.800     41.035  26.487834     3.6370      7.367   320.0951 1.9599e-01     7.3808      5.024      7.287     7.2718   999.9311 0.0000e+00
      5.159      0.144     8.0854     95.824     41.088  26.522310     3.6369      7.366   320.2684 1.8391e-01     7.3721      5.059      7.337     7.2720   999.9312 0.0000e+00
