Data/DataNotYetUploadedToEDI/Raw_CTD/2019_RawDownloads/112019_fcr45.cnv
* Sea-Bird SBE19plus  Data File:
* FileName = C:\DATA\112019_fcr_0002.hex
* Software version 2.8.0.119 SB_Terminal.dll
* Temperature SN = 7809
* Conductivity SN = 7809
* System UpLoad Time = Nov 20 2019 19:43:30
* <ApplicationData>
* <Seaterm232>
# nquan = 16
# nvalues = 324                         
# units = specified
# name 0 = depFM: Depth [fresh water, m]
# name 1 = dz/dtM: Descent Rate [m/s]
# name 2 = sbeox0ML/L: Oxygen, SBE 43 [ml/l]
# name 3 = sbeox0PS: Oxygen, SBE 43 [% saturation]
# name 4 = specc: Specific Conductance [uS/cm]
# name 5 = c0uS/cm: Conductivity [uS/cm]
# name 6 = flECO-AFL: Fluorescence, WET Labs ECO-AFL/FL [mg/m^3]
# name 7 = ph: pH
# name 8 = orp: Oxidation Reduction Potential [mV]
# name 9 = par/sat/log: PAR/Logarithmic, Satlantic
# name 10 = turbWETntu0: Turbidity, WET Labs ECO [NTU]
# name 11 = prdM: Pressure, Strain Gauge [db]
# name 12 = prdE: Pressure, Strain Gauge [psi]
# name 13 = tv290C: Temperature [ITS-90, deg C]
# name 14 = density00: Density [density, kg/m^3]
# name 15 = flag:  0.000e+00
# span 0 =     -0.573,      7.095       
# span 1 =     -0.015,      0.257       
# span 2 =     6.3757,     8.7047       
# span 3 =     77.006,    103.332       
# span 4 =     33.610,     43.332       
# span 5 =  23.842014,  28.612512       
# span 6 =    -0.5431,     4.3010       
# span 7 =      5.412,      8.670       
# span 8 =   262.3795,   321.5748       
# span 9 = 1.2365e-01, 1.4657e+03       
# span 10 =    -0.6161,     7.8725      
# span 11 =     -0.563,      6.958      
# span 12 =     -0.817,     10.092      
# span 13 =     7.2454,    11.2961      
# span 14 =   999.5790,   999.9412      
# span 15 = 0.0000e+00, 0.0000e+00      
# interval = seconds: 0.25
# start_time = Nov 20 2019 11:34:41 [Instrument's time stamp, header]
# bad_flag = -9.990e-29
*END*
[from data line 272]
      5.239      0.154     8.0795     95.795     41.036  26.487843     3.6591      7.364   320.2976 1.6085e-01     7.3289      5.137      7.450     7.2727   999.9316 0.0000e+00
      5.283      0.153     8.0808     95.782     41.036  26.486231     3.7103      7.362   320.2469 1.4226e-01     7.2293      5.180      7.512     7.2725   999.9319 0.0000e+00
      5.326      0.149     8.0850     95.780     41.063  26.502820     3.7433      7.360   320.2451 1.3498e-01     7.1551      5.224      7.578     7.2729   999.9321 0.0000e+00
      5.364      0.141     8.0836     95.775     41.057  26.498088     3.7554      7.360   320.1905 1.3414e-01     7.1196      5.262      7.632     7.2736   999.9322 0.0000e+00
      5.396      0.131     8.0801     95.750     41.048  26.492464     3.8221      7.361   320.1025 1.2916e-01     6.9973      5.291      7.675     7.2721   999.9324 0.0000e+00
      5.427      0.123     8.0806     95.725     41.058  26.498258     3.9344      7.361   320.1279 1.2453e-01     6.7906      5.322      7.719     7.2698   999.9326 0.0000e+00
      5.458      0.120     8.0803     95.719     41.067  26.504694     3.9954      7.359   320.2389 1.2384e-01     6.7172      5.355      7.766     7.2685   999.9328 0.0000e+00
      5.484      0.122     8.0815     95.702     41.070  26.506834     3.9962      7.357   320.4120 1.2378e-01     6.7662      5.379      7.802     7.2681   999.9330 0.0000e+00
      5.509      0.129     8.0784     95.667     41.097  26.524135     3.9172      7.356   320.5863 1.2376e-01     6.9227      5.400      7.832     7.2678   999.9331 0.0000e+00
      5.539      0.137     8.0746     95.623     41.097  26.523553     3.7777      7.355   320.6260 1.2378e-01     7.2010      5.429      7.874     7.2677   999.9333 0.0000e+00
      5.579      0.146     8.0765     95.552     41.062  26.499802     3.7044      7.354   320.7201 1.2372e-01     7.3788      5.469      7.932     7.2682   999.9335 0.0000e+00
      5.623      0.158     8.0748     95.470     41.051  26.490733     3.6987      7.350   320.9491 1.2366e-01     7.4007      5.514      7.999     7.2686   999.9336 0.0000e+00
      5.666      0.174     8.0705     95.402     41.034  26.477340     3.6571      7.345   321.1586 1.2374e-01     7.3338      5.558      8.061     7.2687   999.9338 0.0000e+00
      5.706      0.193     8.0689     95.330     41.019  26.464752     3.5652      7.340   321.2732 1.2383e-01     7.2263      5.596      8.116     7.2680   999.9341 0.0000e+00
      5.747      0.210     8.0622     95.265     41.023  26.465413     3.5148      7.337   321.3025 1.2384e-01     7.1815      5.631      8.167     7.2667   999.9343 0.0000e+00
      5.802      0.227     8.0540     95.248     41.056  26.485327     3.5158      7.335   321.3411 1.2377e-01     7.1864      5.681      8.240     7.2646   999.9347 0.0000e+00
      5.873      0.244     8.0509     95.274     41.103  26.515206     3.4737      7.333   321.3960 1.2372e-01     7.1214      5.760      8.354     7.2611   999.9352 0.0000e+00
      5.947      0.256     8.0451     95.301     41.094  26.509452     3.3792      7.332   321.3635 1.2372e-01     6.9850      5.837      8.466     7.2571   999.9358 0.0000e+00
      6.013      0.257     8.0380     95.323     41.048  26.479197     3.3176      7.333   321.2065 1.2376e-01     6.9138      5.895      8.551     7.2540   999.9362 0.0000e+00
      6.080      0.247     8.0371     95.346     41.030  26.466614     3.3104      7.334   321.1325 1.2381e-01     6.9485      5.959      8.644     7.2533   999.9366 0.0000e+00
      6.149      0.231     8.0414     95.352     41.059  26.484190     3.3175      7.334   321.2428 1.2380e-01     7.0110      6.034      8.752     7.2536   999.9369 0.0000e+00
      6.209      0.217     8.0436     95.348     41.088  26.501375     3.3435      7.333   321.4217 1.2373e-01     7.0143      6.096      8.840     7.2533   999.9372 0.0000e+00
      6.255      0.211     8.0444     95.344     41.063  26.484063     3.3992      7.330   321.5748 1.2373e-01     6.9883      6.135      8.898     7.2526   999.9374 0.0000e+00
      6.296      0.210     8.0485     95.309     41.034  26.465200     3.4442      7.326   321.5459 1.2375e-01     6.9926      6.171      8.950     7.2512   999.9377 0.0000e+00
      6.341      0.212     8.0487     95.259     41.032  26.463641     3.4636      7.323   321.4154 1.2379e-01     6.9679      6.215      9.012     7.2490   999.9380 0.0000e+00
      6.398      0.217     8.0475     95.228     41.033  26.465216     3.5031      7.323   321.2875 1.2379e-01     6.9844      6.271      9.096     7.2472   999.9384 0.0000e+00
      6.464      0.221     8.0500     95.203     41.060  26.484235     3.5578      7.323   321.1181 1.2374e-01     7.0944      6.339      9.195     7.2464   999.9387 0.0000e+00
      6.530      0.221     8.0462     95.183     41.089  26.503262     3.5792      7.323   321.0883 1.2372e-01     7.1830      6.407      9.293     7.2459   999.9391 0.0000e+00
      6.589      0.217     8.0395     95.166     41.092  26.504939     3.5797      7.322   321.1855 1.2372e-01     7.2363      6.466      9.378     7.2454   999.9394 0.0000e+00
      6.637      0.211     8.0392     95.139     41.092  26.504510     3.6072      7.320   321.0892 1.2372e-01     7.2469      6.511      9.443     7.2467   999.9396 0.0000e+00
      6.682      0.205     8.0352     95.107     41.082  26.498075     3.6512      7.319   320.6973 1.2374e-01     7.2139      6.551      9.501     7.2493   999.9396 0.0000e+00
      6.731      0.201     8.0338     95.074     41.071  26.490578     3.6697      7.319   320.2337 1.2374e-01     7.1969      6.598      9.570     7.2495   999.9399 0.0000e+00
      6.785      0.196     8.0334     95.044     41.049  26.477313     3.6748      7.319   319.9581 1.2369e-01     7.2056      6.654      9.650     7.2485   999.9402 0.0000e+00
      6.841      0.188     8.0307     95.033     41.026  26.464573     3.6345      7.320   319.7736 1.2365e-01     7.2208      6.711      9.733     7.2484   999.9405 0.0000e+00
      6.894      0.172     8.0278     95.037     41.022  26.463423     3.5285      7.321   319.4657 1.2365e-01     7.2163      6.762      9.807     7.2482   999.9407 0.0000e+00
      6.942      0.147     8.0251     95.019     41.021  26.463422     3.4604      7.323   319.1610 1.2370e-01     7.1845      6.810      9.877     7.2476   999.9410 0.0000e+00
      6.980      0.118     8.0220     94.996     41.022  26.464556     3.4619      7.324   318.9283 1.2375e-01     7.1640      6.850      9.935     7.2489   999.9411 0.0000e+00
      7.003      0.088     8.0195     94.990     41.042  26.477141     3.5288      7.326   318.6313 1.2374e-01     7.0995      6.873      9.967     7.2520   999.9410 0.0000e+00
      7.014      0.063     8.0226     94.974     41.061  26.488691     3.6449      7.327   318.2373 1.2379e-01     6.9295      6.880      9.979     7.2542   999.9410 0.0000e+00
      7.020      0.045     8.0192     94.926     41.043  26.477312     3.7038      7.328   317.8629 1.2387e-01     6.7790      6.884      9.985     7.2547   999.9410 0.0000e+00
      7.025      0.036     8.0159     94.869     41.025  26.466445     3.6948      7.328   317.6325 1.2385e-01     6.7225      6.888      9.990     7.2546   999.9410 0.0000e+00
      7.031      0.035     8.0175     94.848     41.051  26.484185     3.6667      7.328   317.4310 1.2379e-01     6.7052      6.894      9.999     7.2545   999.9410 0.0000e+00
      7.040      0.037     8.0166     94.869     41.076  26.501488     3.5288      7.329   317.2338 1.2377e-01     6.6022      6.902     10.011     7.2540   999.9411 0.0000e+00
      7.052      0.038     8.0122     94.887     41.049  26.485320     3.2849      7.331   317.1403 1.2375e-01     6.3952      6.915     10.030     7.2535   999.9412 0.0000e+00
      7.066      0.037     8.0053     94.890     41.037  26.479028     3.1451      7.332   316.9888 1.2372e-01     6.2668      6.930     10.051     7.2538   999.9412 0.0000e+00
      7.077      0.033     8.0025     94.891     41.051  26.488857     3.1376      7.333   316.7794 1.2370e-01     6.2621      6.942     10.068     7.2557   999.9412 0.0000e+00
      7.086      0.027     8.0067     94.889     41.032  26.477270     3.1859      7.335   316.6731 1.2375e-01     6.2734      6.951     10.081     7.2575   999.9412 0.0000e+00
      7.091      0.024     8.0079     94.886     41.014  26.465817     3.2264      7.335   316.6501 1.2380e-01     6.2716      6.954     10.086     7.2586   999.9411 0.0000e+00
      7.093 -9.990e-29     8.0069 -9.990e-29 -9.990e-29 -9.990e-29 -9.990e-29 -9.990e-29 -9.990e-29 1.2378e-01 -9.990e-29      6.956     10.088     7.2603   999.9410 0.0000e+00
      7.094 -9.990e-29     8.0074 -9.990e-29 -9.990e-29 -9.990e-29 -9.990e-29 -9.990e-29 -9.990e-29 1.2380e-01 -9.990e-29      6.957     10.090     7.2617   999.9410 0.0000e+00
      7.095 -9.990e-29     8.0065 -9.990e-29 -9.990e-29 -9.990e-29 -9.990e-29 -9.990e-29 -9.990e-29 1.2385e-01 -9.990e-29      6.957     10.091     7.2625   999.9409 0.0000e+00
      7.095 -9.990e-29     8.0060 -9.990e-29 -9.990e-29 -9.990e-29 -9.990e-29 -9.990e-29 -9.990e-29 1.2385e-01 -9.990e-29      6.958     10.092     7.2631   999.9409 0.0000e+00
