Data/DataNotYetUploadedToEDI/Raw_CTD/2019_RawDownloads/112019_fcr45.cnv
* Sea-Bird SBE19plus  Data File:
* FileName = C:\DATA\112019_fcr_0002.hex
* Software version 2.8.0.119 SB_Terminal.dll
* Temperature SN = 7809
* Conductivity SN = 7809
* System UpLoad Time = Nov 20 2019 19:43:30
* <ApplicationData>
* <Seaterm232>
# nquan = 16
# nvalues = 324                         
# units = specified
# name 0 = depFM: Depth [fresh water, m]
# name 1 = dz/dtM: Descent Rate [m/s]
# name 2 = sbeox0ML/L: Oxygen, SBE 43 [ml/l]
# name 3 = sbeox0PS: Oxygen, SBE 43 [% saturation]
# name 4 = specc: Specific Conductance [uS/cm]
# name 5 = c0uS/cm: Conductivity [uS/cm]
# name 6 = flECO-AFL: Fluorescence, WET Labs ECO-AFL/FL [mg/m^3]
# name 7 = ph: pH
# name 8 = orp: Oxidation Reduction Potential [mV]
# name 9 = par/sat/log: PAR/Logarithmic, Satlantic
# name 10 = turbWETntu0: Turbidity, WET Labs ECO [NTU]
# name 11 = prdM: Pressure, Strain Gauge [db]
# name 12 = prdE: Pressure, Strain Gauge [psi]
# name 13 = tv290C: Temperature [ITS-90, deg C]
# name 14 = density00: Density [density, kg/m^3]
# name 15 = flag:  0.000e+00
# span 0 =     -0.573,      7.095       
# span 1 =     -0.015,      0.257       
# span 2 =     6.3757,     8.7047       
# span 3 =     77.006,    103.332       
# span 4 =     33.610,     43.332       
# span 5 =  23.842014,  28.612512       
# span 6 =    -0.5431,     4.3010       
# span 7 =      5.412,      8.670       
# span 8 =   262.3795,   321.5748       
# span 9 = 1.2365e-01, 1.4657e+03       
# span 10 =    -0.6161,     7.8725      
# span 11 =     -0.563,      6.958      
# span 12 =     -0.817,     10.092      
# span 13 =     7.2454,    11.2961      
# span 14 =   999.5790,   999.9412      
# span 15 = 0.0000e+00, 0.0000e+00      
# interval = seconds: 0.25
# start_time = Nov 20 2019 11:34:41 [Instrument's time stamp, header]
# bad_flag = -9.990e-29
*END*
[from data line 91]
      0.086      0.033     6.7599     81.303     42.465  28.251807     1.6453      7.977   305.0761 8.7491e+02     6.9055      0.080      0.117     8.1965   999.8555 0.0000e+00
      0.101      0.051     6.7404     81.166     42.524  28.292815     1.6752      7.967   305.1314 7.9305e+02     7.2329      0.098      0.143     8.2318   999.8533 0.0000e+00
      0.121      0.067     6.7180     80.998     42.598  28.343774     1.6797      7.952   305.2260 7.1382e+02     7.4220      0.117      0.170     8.2501   999.8522 0.0000e+00
      0.145      0.079     6.7042     80.799     42.719  28.423801     1.6737      7.932   305.3602 6.5637e+02     7.4225      0.143      0.207     8.2621   999.8516 0.0000e+00
      0.170      0.081     6.6935     80.584     42.839  28.499016     1.6723      7.915   305.6354 6.6571e+02     7.3694      0.168      0.245     8.2643   999.8516 0.0000e+00
      0.191      0.076     6.6838     80.371     42.931  28.555241     1.6808      7.903   305.9734 6.8442e+02     7.2714      0.186      0.270     8.2632   999.8518 0.0000e+00
      0.212      0.066     6.6685     80.154     42.992  28.596010     1.6890      7.895   306.1771 5.8885e+02     7.1888      0.209      0.302     8.2684   999.8515 0.0000e+00
      0.231      0.052     6.6515     79.899     43.002  28.611241     1.6934      7.891   306.2913 5.2229e+02     7.1573      0.231      0.334     8.2692   999.8516 0.0000e+00
      0.243      0.039     6.6352     79.632     42.982  28.612512     1.7259      7.891   306.4936 5.2657e+02     6.9879      0.239      0.346     8.2606   999.8523 0.0000e+00
      0.248      0.028     6.6178     79.376     42.950  28.611387     1.7788      7.890   306.7304 4.6797e+02     6.6815      0.245      0.355     8.2537   999.8528 0.0000e+00
      0.249      0.019     6.6033     79.121     42.892  28.597666     1.8037      7.889   306.9173 3.9238e+02     6.5321      0.245      0.357     8.2524   999.8529 0.0000e+00
      0.249      0.013     6.5785     78.897     42.817  28.573537     1.8012      7.889   307.0327 3.6202e+02     6.5261      0.242      0.351     8.2612   999.8523 0.0000e+00
      0.253      0.009     6.5522     78.699     42.782  28.573472     1.8002      7.889   307.1796 3.6047e+02     6.4780      0.247      0.358     8.2806   999.8512 0.0000e+00
      0.259      0.010     6.5300     78.495     42.794  28.596906     1.8088      7.889   307.4887 3.8456e+02     6.3755      0.256      0.372     8.3034   999.8497 0.0000e+00
      0.260      0.015     6.5014     78.322     42.790  28.603082     1.8193      7.885   307.8451 4.2902e+02     6.3030      0.257      0.372     8.3330   999.8477 0.0000e+00
      0.258      0.023     6.4783     78.211     42.753  28.584703     1.8145      7.880   308.0462 4.6772e+02     6.2900      0.251      0.364     8.3663   999.8455 0.0000e+00
      0.260      0.030     6.4595     78.123     42.715  28.565052     1.8022      7.872   308.1992 4.5646e+02     6.4150      0.251      0.364     8.3957   999.8436 0.0000e+00
      0.271      0.036     6.4381     78.037     42.695  28.555830     1.8007      7.865   308.5772 4.3095e+02     6.7004      0.263      0.382     8.4145   999.8424 0.0000e+00
      0.288      0.043     6.4207     77.959     42.662  28.536658     1.8048      7.859   309.0877 4.1955e+02     6.9223      0.283      0.410     8.4214   999.8421 0.0000e+00
      0.304      0.049     6.4134     77.896     42.547  28.460150     1.8083      7.851   309.6400 3.9809e+02     7.0011      0.299      0.434     8.4282   999.8416 0.0000e+00
      0.315      0.058     6.4052     77.851     42.355  28.328729     1.8083      7.839   310.3519 3.8159e+02     7.0303      0.309      0.449     8.4355   999.8412 0.0000e+00
      0.325      0.071     6.3966     77.786     42.207  28.216643     1.8314      7.819   311.0701 4.2720e+02     7.1113      0.318      0.461     8.4405   999.8409 0.0000e+00
      0.337      0.086     6.3906     77.694     42.205  28.183549     1.8882      7.799   311.5257 4.6661e+02     7.2263      0.329      0.477     8.4433   999.8408 0.0000e+00
      0.357      0.103     6.3838     77.619     42.269  28.182360     1.9317      7.785   311.8172 3.9315e+02     7.2410      0.344      0.499     8.4438   999.8408 0.0000e+00
      0.389      0.119     6.3827     77.590     42.174  28.075322     1.9410      7.780   312.0999 3.1875e+02     7.1903      0.376      0.546     8.4432   999.8408 0.0000e+00
      0.432      0.135     6.3788     77.591     41.705  27.714148     1.9489      7.776   312.4489 3.0816e+02     7.2360      0.425      0.616     8.4348   999.8416 0.0000e+00
      0.475      0.152     6.3757     77.552     41.014  27.178113     1.9749      7.770   312.9394 3.2378e+02     7.3676      0.470      0.683     8.3940   999.8446 0.0000e+00
      0.509      0.168     6.3782     77.352     40.618  26.796728     1.9948      7.761   313.2976 3.2281e+02     7.4376      0.500      0.725     8.3304   999.8489 0.0000e+00
      0.543      0.181     6.3839     77.035     40.626  26.655697     2.0077      7.754   313.3384 2.7328e+02     7.4276      0.527      0.763     8.2848   999.8520 0.0000e+00
      0.589      0.189     6.3927     77.006     40.761  26.614772     2.1217      7.750   313.2602 2.3286e+02     7.3122      0.572      0.829     8.2350   999.8552 0.0000e+00
      0.649      0.193     6.4075     77.751     40.901  26.619011     2.3417      7.748   313.2118 2.1094e+02     7.1237      0.635      0.920     8.1507   999.8604 0.0000e+00
      0.713      0.193     6.4172     79.509     41.017  26.643412     2.4737      7.747   313.2705 1.9255e+02     7.0169      0.701      1.017     8.0010   999.8697 0.0000e+00
      0.769      0.188     6.4073     82.220     41.082  26.655981     2.4871      7.744   313.5405 1.8257e+02     6.9385      0.760      1.103     7.7933   999.8823 0.0000e+00
      0.811      0.180     6.4153     85.641     41.089  26.644069     2.5039      7.739   313.8085 1.6786e+02     6.8312      0.798      1.157     7.6237   999.8921 0.0000e+00
      0.844      0.172     6.4871     89.529     41.076  26.626251     2.5553      7.732   313.8436 1.5274e+02     6.7682      0.826      1.199     7.5238   999.8976 0.0000e+00
      0.879      0.167     6.6452     93.517     41.092  26.630875     2.5977      7.726   313.8788 1.4530e+02     6.7661      0.859      1.244     7.4670   999.9008 0.0000e+00
      0.921      0.169     6.8886     97.106     41.106  26.636531     2.6084      7.718   314.0620 1.3703e+02     6.8056      0.900      1.305     7.4364   999.9027 0.0000e+00
      0.970      0.177     7.1837     99.921     41.100  26.631185     2.6067      7.712   314.2511 1.2383e+02     6.7873      0.952      1.381     7.4179   999.9040 0.0000e+00
      1.019      0.185     7.5222    101.815     41.100  26.629672     2.7330      7.707   314.3596 1.1178e+02     6.7749      1.000      1.450     7.4076   999.9048 0.0000e+00
      1.066      0.189     7.8778    102.885     41.083  26.618240     2.9916      7.701   314.5130 1.0363e+02     6.8845      1.045      1.515     7.4012   999.9053 0.0000e+00
      1.114      0.188     8.1897    103.332     41.086  26.619848     3.1325      7.694   314.7289 9.6030e+01     6.9329      1.092      1.583     7.3975   999.9057 0.0000e+00
      1.165      0.183     8.4327    103.327     41.134  26.649104     3.1447      7.686   314.8193 8.7910e+01     6.9009      1.143      1.658     7.3953   999.9060 0.0000e+00
      1.214      0.179     8.5880    103.043     41.144  26.654758     3.1481      7.679   314.8308 8.1951e+01     6.8901      1.192      1.731     7.3939   999.9063 0.0000e+00
      1.258      0.175     8.6702    102.642     41.099  26.624758     3.1551      7.673   314.8689 7.6555e+01     6.8355      1.235      1.791     7.3940   999.9065 0.0000e+00
      1.299      0.172     8.7047    102.223     41.067  26.603593     3.1603      7.668   314.9352 7.0770e+01     6.7657      1.274      1.848     7.3938   999.9068 0.0000e+00
      1.339      0.167     8.6983    101.793     41.045  26.589194     3.1512      7.664   315.0304 6.6547e+01     6.7347      1.313      1.904     7.3918   999.9071 0.0000e+00
      1.381      0.161     8.6707    101.348     41.025  26.577546     3.1407      7.661   315.0729 6.2300e+01     6.7226      1.354      1.963     7.3900   999.9074 0.0000e+00
      1.426      0.155     8.6329    100.934     41.044  26.589647     3.1367      7.657   315.0189 5.7785e+01     6.7180      1.399      2.028     7.3893   999.9076 0.0000e+00
      1.470      0.148     8.5990    100.590     41.074  26.608626     3.1374      7.654   314.9803 5.4078e+01     6.7120      1.444      2.095     7.3886   999.9078 0.0000e+00
      1.506      0.139     8.5634    100.274     41.088  26.616682     3.1494      7.651   315.0358 5.1097e+01     6.6816      1.480      2.146     7.3888   999.9080 0.0000e+00
      1.537      0.127     8.5237     99.928     41.100  26.623602     3.2213      7.647   315.1743 4.8577e+01     6.5479      1.507      2.185     7.3901   999.9080 0.0000e+00
      1.567      0.114     8.4868     99.595     41.109  26.628850     3.3473      7.644   315.3645 4.6298e+01     6.3405      1.537      2.229     7.3910   999.9082 0.0000e+00
      1.596      0.105     8.4594     99.310     41.090  26.616682     3.4334      7.641   315.5290 4.4511e+01     6.2388      1.568      2.274     7.3903   999.9083 0.0000e+00
      1.621      0.100     8.4376     99.065     41.070  26.603370     3.4647      7.637   315.6144 4.3086e+01     6.2685      1.592      2.308     7.3881   999.9086 0.0000e+00
      1.641      0.100     8.4049     98.865     41.056  26.594785     3.4833      7.631   315.6231 4.1663e+01     6.4700      1.608      2.333     7.3861   999.9088 0.0000e+00
      1.663      0.104     8.3764     98.674     41.028  26.576329     3.5025      7.625   315.6341 4.0154e+01     6.8074      1.628      2.362     7.3855   999.9089 0.0000e+00
      1.688      0.110     8.3537     98.509     41.019  26.570551     3.5143      7.618   315.7474 3.8359e+01     7.0047      1.652      2.396     7.3861   999.9090 0.0000e+00
      1.719      0.118     8.3309     98.426     41.048  26.588369     3.5216      7.612   315.9599 3.6226e+01     7.0204      1.684      2.441     7.3865   999.9091 0.0000e+00
      1.754      0.126     8.3169     98.374     41.070  26.601426     3.5127      7.606   316.1386 3.4254e+01     6.9970      1.721      2.497     7.3868   999.9093 0.0000e+00
      1.787      0.132     8.3007     98.316     41.073  26.601540     3.4063      7.600   316.2734 3.2542e+01     6.9194      1.752      2.542     7.3872   999.9094 0.0000e+00
      1.822      0.134     8.2821     98.276     41.057  26.589741     3.2328      7.594   316.4714 3.0806e+01     6.7698      1.785      2.589     7.3864   999.9096 0.0000e+00
      1.857      0.132     8.2799     98.256     41.052  26.585652     3.1485      7.585   316.5537 2.9192e+01     6.6958      1.824      2.645     7.3853   999.9098 0.0000e+00
      1.891      0.124     8.2766     98.251     41.099  26.615541     3.1587      7.576   316.4085 2.7752e+01     6.7130      1.855      2.690     7.3840   999.9101 0.0000e+00
      1.925      0.111     8.2700     98.265     41.127  26.633902     3.2959      7.571   316.2639 2.6309e+01     6.6167      1.885      2.734     7.3817   999.9103 0.0000e+00
      1.958      0.095     8.2682     98.290     41.102  26.617322     3.5415      7.571   316.1822 2.5155e+01     6.3838      1.924      2.791     7.3793   999.9105 0.0000e+00
      1.983      0.080     8.2663     98.301     41.082  26.605410     3.6740      7.572   316.1950 2.4656e+01     6.2573      1.951      2.830     7.3784   999.9108 0.0000e+00
      1.995      0.067     8.2663     98.287     41.099  26.616765     3.6847      7.573   316.3324 2.4515e+01     6.2993      1.958      2.840     7.3785   999.9109 0.0000e+00
      2.001      0.057     8.2668     98.258     41.115  26.627726     3.6182      7.573   316.4673 2.4235e+01     6.4329      1.961      2.845     7.3779   999.9109 0.0000e+00
      2.011      0.049     8.2707     98.206     41.090  26.611042     3.4771      7.570   316.5344 2.3731e+01     6.6275      1.970      2.856     7.3781   999.9109 0.0000e+00
      2.026      0.044     8.2715     98.112     41.080  26.605377     3.3923      7.568   316.4559 2.3113e+01     6.7189      1.986      2.880     7.3790   999.9110 0.0000e+00
      2.043      0.042     8.2695     97.995     41.106  26.622680     3.3818      7.568   316.3784 2.2531e+01     6.6851      2.004      2.907     7.3797   999.9110 0.0000e+00
      2.056      0.043     8.2672     97.877     41.116  26.629916     3.3585      7.568   316.4587 2.2254e+01     6.5800      2.018      2.928     7.3802   999.9111 0.0000e+00
      2.063      0.046     8.2641     97.765     41.114  26.629426     3.3108      7.568   316.5667 2.2217e+01     6.3985      2.025      2.937     7.3803   999.9111 0.0000e+00
      2.066      0.055     8.2553     97.698     41.096  26.616746     3.2815      7.567   316.7371 2.1997e+01     6.2927      2.025      2.936     7.3804   999.9111 0.0000e+00
      2.075      0.070     8.2439     97.708     41.077  26.603491     3.2824      7.564   316.9700 2.1400e+01     6.3165      2.031      2.945     7.3810   999.9111 0.0000e+00
      2.093      0.091     8.2349     97.741     41.067  26.596056     3.3556      7.559   317.0598 2.0581e+01     6.5559      2.050      2.973     7.3822   999.9111 0.0000e+00
      2.121      0.116     8.2235     97.734     41.060  26.590287     3.4987      7.553   317.0486 1.9627e+01     6.9588      2.079      3.013     7.3830   999.9112 0.0000e+00
      2.157      0.137     8.2160     97.709     41.073  26.597180     3.5820      7.546   317.1781 1.8505e+01     7.1567      2.113      3.063     7.3822   999.9114 0.0000e+00
      2.199      0.152     8.2194     97.699     41.103  26.615951     3.5835      7.540   317.4218 1.7291e+01     7.1459      2.155      3.126     7.3808   999.9117 0.0000e+00
      2.246      0.159     8.2258     97.683     41.119  26.626919     3.5680      7.534   317.4998 1.6103e+01     7.1236      2.202      3.194     7.3801   999.9120 0.0000e+00
      2.293      0.161     8.2233     97.641     41.080  26.602904     3.5244      7.528   317.5187 1.5094e+01     7.1169      2.250      3.263     7.3787   999.9122 0.0000e+00
      2.333      0.158     8.2206     97.580     41.043  26.579361     3.4551      7.524   317.6501 1.4301e+01     7.1297      2.290      3.320     7.3753   999.9126 0.0000e+00
      2.369      0.152     8.2215     97.533     41.068  26.596045     3.4062      7.521   317.7117 1.3571e+01     7.1477      2.322      3.368     7.3743   999.9128 0.0000e+00
      2.405      0.145     8.2202     97.540     41.096  26.614293     3.3850      7.517   317.7473 1.2812e+01     7.1368      2.357      3.419     7.3762   999.9129 0.0000e+00
      2.442      0.139     8.2162     97.580     41.089  26.609661     3.3720      7.514   317.8229 1.2116e+01     7.0973      2.396      3.475     7.3774   999.9130 0.0000e+00
      2.477      0.133     8.2103     97.619     41.080  26.603477     3.3532      7.513   317.7659 1.1545e+01     7.0295      2.430      3.525     7.3779   999.9131 0.0000e+00
      2.511      0.127     8.2036     97.651     41.080  26.602967     3.3312      7.513   317.6595 1.1003e+01     6.9722      2.462      3.570     7.3787   999.9133 0.0000e+00
      2.545      0.124     8.2053     97.655     41.081  26.603487     3.3226      7.511   317.8280 1.0501e+01     6.9626      2.499      3.623     7.3792   999.9134 0.0000e+00
      2.575      0.127     8.2110     97.608     41.091  26.609774     3.3971      7.506   318.1679 1.0136e+01     6.9785      2.529      3.666     7.3785   999.9136 0.0000e+00
