Data/DataNotYetUploadedToEDI/Raw_CTD/2018_RawDownloads/020819_fcr50.cnv
* Sea-Bird SBE19plus  Data File:
* FileName = C:\DATA\020819_fcr50_0001.hex
* Software version 2.6.3.104
* Temperature SN = 7809
* Conductivity SN = 7809
* System UpLoad Time = Feb 14 2019 11:43:58
* <ApplicationData>
* <Seaterm232>
# nquan = 17
# nvalues = 1402                        
# units = specified
# name 0 = depFM: Depth [fresh water, m]
# name 1 = tv290C: Temperature [ITS-90, deg C]
# name 2 = sbeox0Mg/L: Oxygen, SBE 43 [mg/l]
# name 3 = sbeox0PS: Oxygen, SBE 43 [% saturation]
# name 4 = c0uS/cm: Conductivity [uS/cm]
# name 5 = specc: Specific Conductance [uS/cm]
# name 6 = ph: pH
# name 7 = orp: Oxidation Reduction Potential [mV]
# name 8 = flECO-AFL: Fluorescence, WET Labs ECO-AFL/FL [mg/m^3]
# name 9 = turbWETntu0: Turbidity, WET Labs ECO [NTU]
# name 10 = sal00: Salinity, Practical [PSU]
# name 11 = dz/dtM: Descent Rate [m/s]
# name 12 = prdM: Pressure, Strain Gauge [db]
# name 13 = prdE: Pressure, Strain Gauge [psi]
# name 14 = scan: Scan Count
# name 15 = par/sat/log: PAR/Logarithmic, Satlantic
# name 16 = flag:  0.000e+00
# span 0 =     -0.567,      9.761       
# span 1 =     4.1749,    11.8727       
# span 2 =     8.6600,    13.6279       
# span 3 =     66.598,    106.837       
# span 4 =   0.227121,  31.374712       
# span 5 =      1.450,     47.959       
# span 6 =      4.296,     12.037       
# span 7 = -1240.7455,  1240.2295       
# span 8 =    -0.5499,     6.3809       
# span 9 =    -7.0054,   279.7348       
# span 10 =     0.0022,     0.0233      
# span 11 =     -0.170,      0.178      
# span 12 =     -0.556,      9.572      
# span 13 =     -0.806,     13.882      
# span 14 =          1,       1402      
# span 15 = 7.1066e-01, 1.6857e+03      
# span 16 = 0.0000e+00, 0.0000e+00      
# interval = seconds: 0.25
# start_time = Feb 08 2019 17:24:06 [Instrument's time stamp, header]
# bad_flag = -9.990e-29
*END*
[from data line 596]
     -0.033     4.9057    12.7022     99.216  18.613086     31.138      6.749   305.7989     0.8613     1.4810     0.0140     -0.000     -0.033     -0.047        597 1.4963e+02 0.0000e+00
     -0.033     4.9068    12.6999     99.194  18.577750     31.047      6.750   305.9125     0.8290     1.7630     0.0139     -0.000     -0.033     -0.047        598 1.4952e+02 0.0000e+00
     -0.032     4.9078    12.7040     99.227  18.571492     31.047      6.752   305.8746     0.8128     1.7630     0.0139     -0.000     -0.032     -0.046        599 1.4952e+02 0.0000e+00
     -0.033     4.9073    12.6956     99.165  18.620873     31.140      6.754   307.1996     0.8047     1.5885     0.0140      0.000     -0.032     -0.046        600 1.4900e+02 0.0000e+00
     -0.031     4.9070    12.6869     99.101  18.634833     31.138      6.753   307.0482     0.8290     1.6153     0.0140      0.001     -0.032     -0.046        601 1.4869e+02 0.0000e+00
     -0.032     4.9076    12.6691     98.966  18.643023     31.186      6.754   303.9061     0.8209     1.5213     0.0140      0.001     -0.032     -0.046        602 1.4897e+02 0.0000e+00
     -0.032     4.9075    12.6371     98.742  18.581048     31.046      6.756   304.8146     0.8047     1.5079     0.0139      0.001     -0.032     -0.046        603 1.4862e+02 0.0000e+00
     -0.032     4.9058    12.5968     98.459  18.563787     31.045      6.753   305.0796     0.8128     1.5213     0.0139      0.001     -0.032     -0.046        604 1.4832e+02 0.0000e+00
     -0.032     4.9035    12.5603     98.194  18.575599     31.046      6.756   305.0039     0.7926     1.4810     0.0139      0.001     -0.032     -0.046        605 1.4842e+02 0.0000e+00
     -0.032     4.9015    12.5198     97.890  18.566348     31.047      6.754   305.3068     0.8168     1.4945     0.0139      0.000     -0.033     -0.049        606 1.4787e+02 0.0000e+00
     -0.036     4.8993    12.4884     97.653  18.575300     31.050      6.756   304.9282     0.8088     1.4408     0.0139     -0.001     -0.048     -0.070        607 1.4712e+02 0.0000e+00
     -0.077     4.8979    12.4702     97.516  18.564459     31.052      6.746   306.4046     0.8047     1.4945     0.0139     -0.012     -0.095     -0.138        608 1.4235e+02 0.0000e+00
     -0.183     4.8982    12.4461     97.333  18.520572     30.961      6.737   306.3668     0.8168     1.3871     0.0139     -0.049     -0.177     -0.258        609 1.3540e+02 0.0000e+00
     -0.285     4.8999    12.4277     97.192  18.570648     31.056      6.733   306.1775     0.8371     1.5348     0.0139     -0.102     -0.255     -0.370        610 1.3386e+02 0.0000e+00
     -0.306     4.9008    12.4009     96.985  18.650313     31.195      6.728   304.9282     1.6539    11.1760     0.0140     -0.144     -0.290     -0.421        611 1.3431e+02 0.0000e+00
     -0.300     4.9031    12.3632     96.691  18.628871     31.147      6.723   305.2311     1.6539    11.1760     0.0140     -0.166     -0.294     -0.426        612 1.3569e+02 0.0000e+00
     -0.295     4.9127    12.3172     96.333  18.626965     31.146      6.719   305.3068     1.6620    11.1223     0.0140     -0.170     -0.289     -0.420        613 1.3612e+02 0.0000e+00
     -0.290     4.9251    12.2518     95.823  18.682320     31.237      6.721   305.4204     1.6539    11.1760     0.0140     -0.155     -0.284     -0.412        614 1.3621e+02 0.0000e+00
     -0.284     4.9333    12.1666     95.155  18.737793     31.320      6.721   306.1775     1.9572   279.7348     0.0141     -0.122     -0.279     -0.405        615 1.3703e+02 0.0000e+00
     -0.279     4.9383    12.0821     94.479  18.795007     31.401      6.723   305.9882     1.9652   279.5871     0.0141     -0.073     -0.275     -0.398        616 1.3672e+02 0.0000e+00
     -0.277     4.9417    12.0073     93.867  18.788923     31.392      6.725   306.1396     1.9774   279.5871     0.0141     -0.020     -0.270     -0.392        617 1.3745e+02 0.0000e+00
     -0.270     4.9441    11.9036     93.029  18.745361     31.294      6.731   306.4046     1.9814   279.6274     0.0141      0.013     -0.264     -0.384        618 1.3766e+02 0.0000e+00
     -0.263     4.9458    11.8151     92.320  18.789948     31.383      6.738   307.3511     1.0069     1.7228     0.0141      0.020     -0.258     -0.375        619 1.3815e+02 0.0000e+00
     -0.258     4.9470    11.7311     91.648  18.792705     31.381      6.744   306.4046     1.0029     1.6825     0.0141      0.020     -0.252     -0.365        620 1.3868e+02 0.0000e+00
     -0.250     4.9479    11.6494     90.997  18.741931     31.286      6.746   307.0861     0.9988     1.6556     0.0141      0.022     -0.245     -0.354        621 1.3878e+02 0.0000e+00
     -0.241     4.9486    11.5936     90.551  18.734596     31.284      6.748   306.8211     0.9907     1.6556     0.0141      0.023     -0.235     -0.341        622 1.3953e+02 0.0000e+00
     -0.229     4.9494    11.5532     90.224  18.742562     31.283      6.755   306.4804     1.0878     1.7093     0.0141      0.027     -0.224     -0.325        623 1.3954e+02 0.0000e+00
     -0.216     4.9501    11.5547     90.225  18.791287     31.376      6.753   306.4046     1.0392     1.6959     0.0141      0.031     -0.211     -0.307        624 1.4063e+02 0.0000e+00
     -0.202     4.9491    11.5787     90.404  18.792500     31.375      6.759   306.1396     1.0756     1.7630     0.0141      0.036     -0.198     -0.287        625 1.4167e+02 0.0000e+00
     -0.186     4.9431    11.6374     90.857  18.741053     31.281      6.755   305.9882     1.0797     1.6959     0.0141      0.041     -0.184     -0.267        626 1.4207e+02 0.0000e+00
     -0.175     4.9318    11.7075     91.402  18.736771     31.282      6.756   308.8275     0.9543     1.7496     0.0141      0.045     -0.172     -0.250        627 1.4356e+02 0.0000e+00
     -0.167     4.9207    11.7888     92.036  18.738558     31.288      6.758   308.6761     0.9341     1.8302     0.0141      0.047     -0.162     -0.236        628 1.4372e+02 0.0000e+00
     -0.156     4.9132    11.8843     92.787  18.679561     31.207      6.760   307.8432     0.9220     1.6690     0.0140      0.048     -0.152     -0.221        629 1.4453e+02 0.0000e+00
     -0.143     4.9067    11.9726     93.478  18.632386     31.125      6.762   307.1996     0.9260     1.6690     0.0140      0.048     -0.141     -0.205        630 1.4585e+02 0.0000e+00
     -0.132     4.9010    12.0556     94.125  18.619461     31.133      6.764   306.2154     0.9584     1.6288     0.0140      0.047     -0.130     -0.188        631 1.4572e+02 0.0000e+00
     -0.120     4.8969    12.1268     94.681  18.636379     31.140      6.766   305.8368     0.8856     1.6422     0.0140      0.046     -0.117     -0.170        632 1.4685e+02 0.0000e+00
     -0.106     4.8921    12.2075     95.310  18.670602     31.239      6.768   305.9125     0.8452     1.5885     0.0140      0.045     -0.104     -0.151        633 1.4730e+02 0.0000e+00
     -0.093     4.8875    12.2701     95.810  18.636142     31.150      6.771   306.2532     0.8896     1.6959     0.0140      0.046     -0.093     -0.134        634 1.4635e+02 0.0000e+00
     -0.085     4.8840    12.3073     96.137  18.649631     31.202      6.773   308.7897     0.8815     1.7228     0.0140      0.046     -0.084     -0.122        635 1.4634e+02 0.0000e+00
     -0.079     4.8817    12.3423     96.433  18.624182     31.160      6.770   308.7139     0.9341     1.6690     0.0140      0.045     -0.077     -0.112        636 1.4558e+02 0.0000e+00
     -0.074     4.8806    12.3455     96.471  18.578910     31.070      6.771   308.2597     0.9260     1.6690     0.0139      0.042     -0.071     -0.104        637 1.4432e+02 0.0000e+00
     -0.066     4.8808    12.3215     96.295  18.617067     31.166      6.773   308.5247     0.9422     1.6825     0.0140      0.039     -0.065     -0.094        638 1.4392e+02 0.0000e+00
     -0.061     4.8827    12.2928     96.081  18.576697     31.073      6.771   308.0325     0.9301     1.7093     0.0139      0.034     -0.058     -0.084        639 1.4342e+02 0.0000e+00
     -0.049     4.8836    12.2327     95.618  18.569880     31.074      6.773   308.7518     0.9907     1.6959     0.0139      0.032     -0.051     -0.074        640 1.4325e+02 0.0000e+00
     -0.042     4.8831    12.1678     95.113  18.625550     31.165      6.772   307.6161     0.9745     1.6153     0.0140      0.029     -0.056     -0.081        641 1.4235e+02 0.0000e+00
     -0.076     4.8830    12.1047     94.621  18.625957     31.164      6.770   307.8811     1.0029     1.6556     0.0140      0.017     -0.101     -0.146        642 1.3771e+02 0.0000e+00
     -0.195     4.8823    12.0353     94.089  18.687913     31.258      6.773   307.0861     1.0109     1.7228     0.0140     -0.023     -0.194     -0.281        643 1.2816e+02 0.0000e+00
     -0.330     4.8875    11.9791     93.666  18.726253     31.352      6.770   307.7675     1.3830    10.0884     0.0140     -0.090     -0.277     -0.403        644 1.2444e+02 0.0000e+00
     -0.316     4.9010    11.9439     93.411  18.756050     31.352      6.764   310.9097     1.4153    10.0212     0.0140     -0.134     -0.275     -0.400        645 1.3212e+02 0.0000e+00
     -0.197     4.9108    11.9277     93.298  18.769371     31.441      6.749   310.2282     1.3870    10.1555     0.0141     -0.131     -0.193     -0.280        646 1.4008e+02 0.0000e+00
     -0.082     4.9157    11.9438     93.430  18.709676     31.239      6.739   309.6604     1.3789    10.0884     0.0140     -0.087     -0.100     -0.145        647 1.4481e+02 0.0000e+00
     -0.024     4.9204    11.9789     93.706  18.711798     31.322      6.740   309.1304     1.3749    10.0212     0.0140     -0.025     -0.057     -0.082        648 1.4559e+02 0.0000e+00
     -0.066     4.9247    12.0115     93.962  18.707458     31.224      6.743   309.6604     1.7671     7.6713     0.0140      0.027     -0.093     -0.134        649 1.3845e+02 0.0000e+00
     -0.193     4.9274    12.0455     94.229  18.715076     31.312      6.754   309.0168     1.7671     7.6982     0.0141      0.050     -0.188     -0.272        650 1.2850e+02 0.0000e+00
     -0.315     4.9281    12.0572     94.322  18.702314     31.214      6.761   309.0168     1.7631     7.7519     0.0140      0.039     -0.278     -0.403        651 1.2529e+02 0.0000e+00
     -0.332     4.9289    12.0536     94.292  18.723337     31.305      6.758   308.0704     1.7792     7.6848     0.0141      0.001     -0.316     -0.459        652 1.2910e+02 0.0000e+00
     -0.326     4.9329    12.0257     94.074  18.748184     31.304      6.753   308.4489     4.7958   157.4734     0.0141     -0.071     -0.319     -0.463        653 1.2968e+02 0.0000e+00
     -0.322     4.9398    11.9845     93.754  18.789933     31.397      6.759   308.6382     4.7796   157.3660     0.0141     -0.137     -0.310     -0.450        654 1.3115e+02 0.0000e+00
     -0.298     4.9481    11.9129     93.198  18.849190     31.486      6.760   308.6004     4.7958   157.3257     0.0141     -0.158     -0.292     -0.424        655 1.3238e+02 0.0000e+00
     -0.274     4.9542    11.8433     92.658  18.852248     31.479      6.761   308.9411     4.7756   157.4063     0.0141     -0.128     -0.272     -0.394        656 1.3490e+02 0.0000e+00
     -0.260     4.9564    11.7670     92.065  18.845396     31.469      6.762   309.8875     1.9935    34.2184     0.0141     -0.063     -0.257     -0.372        657 1.3241e+02 0.0000e+00
     -0.251     4.9570    11.6939     91.496  18.798445     31.370      6.764   309.9632     1.9572    34.2318     0.0141      0.005     -0.249     -0.361        658 1.3960e+02 0.0000e+00
     -0.251     4.9573    11.6182     90.907  18.851406     31.461      6.767   310.1147     2.0016    34.2989     0.0141      0.045     -0.248     -0.359        659 1.3105e+02 0.0000e+00
     -0.256     4.9580    11.5500     90.376  18.898025     31.554      6.765   306.8589     1.9693    34.2184     0.0142      0.047     -0.250     -0.362        660 1.8843e+02 0.0000e+00
     -0.258     4.9584    11.4637     89.703  18.858968     31.460      6.768   307.1618     0.9503     1.7362     0.0141      0.039     -0.253     -0.366        661 4.1220e+02 0.0000e+00
     -0.260     4.9578    11.4153     89.326  18.840743     31.459      6.770   306.7075     0.9462     1.5885     0.0141      0.027     -0.255     -0.370        662 5.4177e+02 0.0000e+00
     -0.262     4.9577    11.3628     88.917  18.861436     31.459      6.773   307.0482     0.9341     1.6959     0.0141      0.012     -0.256     -0.371        663 3.5763e+02 0.0000e+00
     -0.260     4.9588    11.3061     88.475  18.892486     31.553      6.775   307.1996     0.9665     1.7496     0.0142      0.001     -0.256     -0.371        664 2.8866e+02 0.0000e+00
     -0.261     4.9605    11.2541     88.068  18.861372     31.460      6.775   307.7675     1.0109     1.5079     0.0141     -0.004     -0.256     -0.371        665 2.9936e+02 0.0000e+00
     -0.261     4.9623    11.2068     87.699  18.840887     31.458      6.782   307.9189     1.0231     1.3871     0.0141     -0.006     -0.255     -0.370        666 2.0160e+02 0.0000e+00
     -0.259     4.9638    11.1670     87.387  18.917979     31.550      6.782   308.1461     0.9867     1.5348     0.0142     -0.004     -0.254     -0.368        667 2.3777e+02 0.0000e+00
     -0.257     4.9651    11.1184     87.004  18.943241     31.641      6.786   306.6696     0.9988     1.4273     0.0142     -0.001     -0.252     -0.365        668 1.7999e+02 0.0000e+00
     -0.255     4.9664    11.0722     86.641  18.868718     31.453      6.785   306.8968     0.9867     1.5482     0.0141      0.002     -0.250     -0.363        669 1.5256e+02 0.0000e+00
     -0.254     4.9676    11.0229     86.253  18.892183     31.545      6.787   306.8211     0.9422     1.7228     0.0142      0.003     -0.248     -0.360        670 1.6659e+02 0.0000e+00
     -0.250     4.9687    10.9878     85.987  18.914040     31.544      6.788   307.0104     0.9462     1.6019     0.0142      0.005     -0.245     -0.355        671 1.3316e+02 0.0000e+00
     -0.245     4.9696    10.9669     85.833  18.900785     31.542      6.788   307.5404     0.9341     1.6690     0.0142      0.007     -0.241     -0.349        672 1.4295e+02 0.0000e+00
     -0.241     4.9704    10.9331     85.582  18.908676     31.541      6.788   307.5404     0.9422     1.7228     0.0142      0.010     -0.237     -0.342        673 1.3263e+02 0.0000e+00
     -0.237     4.9709    10.9151     85.470  18.904219     31.540      6.791   307.3889     0.9988     1.6690     0.0142      0.012     -0.232     -0.336        674 1.3727e+02 0.0000e+00
     -0.230     4.9711    10.9501     85.780  18.906332     31.539      6.790   307.4647     0.9948     1.6556     0.0142      0.014     -0.225     -0.327        675 1.3724e+02 0.0000e+00
     -0.220     4.9718    11.0007     86.237  18.906046     31.539      6.791   308.2975     0.9867     1.7093     0.0142      0.017     -0.218     -0.318        676 1.3799e+02 0.0000e+00
     -0.220     4.9714    11.0807     86.897  18.904575     31.539      6.793   308.3732     0.9948     1.6690     0.0142      0.019     -0.217     -0.314        677 1.3532e+02 0.0000e+00
     -0.222     4.9701    11.1831     87.696  18.848893     31.445      6.794   307.5782     1.0150     1.5750     0.0141      0.018     -0.218     -0.315        678 1.4135e+02 0.0000e+00
     -0.222     4.9691    11.2984     88.590  18.797533     31.352      6.796   307.7675     0.9948     1.4810     0.0141      0.016     -0.222     -0.320        679 1.4987e+02 0.0000e+00
     -0.230     4.9689    11.4156     89.506  18.849952     31.447      6.794   307.8432     0.9948     1.4139     0.0141      0.010     -0.238     -0.345        680 1.3666e+02 0.0000e+00
