Data/DataNotYetUploadedToEDI/Raw_CTD/2018_RawDownloads/020819_fcr50.cnv
* Sea-Bird SBE19plus  Data File:
* FileName = C:\DATA\020819_fcr50_0001.hex
* Software version 2.6.3.104
* Temperature SN = 7809
* Conductivity SN = 7809
* System UpLoad Time = Feb 14 2019 11:43:58
* <ApplicationData>
* <Seaterm232>
# nquan = 17
# nvalues = 1402                        
# units = specified
# name 0 = depFM: Depth [fresh water, m]
# name 1 = tv290C: Temperature [ITS-90, deg C]
# name 2 = sbeox0Mg/L: Oxygen, SBE 43 [mg/l]
# name 3 = sbeox0PS: Oxygen, SBE 43 [% saturation]
# name 4 = c0uS/cm: Conductivity [uS/cm]
# name 5 = specc: Specific Conductance [uS/cm]
# name 6 = ph: pH
# name 7 = orp: Oxidation Reduction Potential [mV]
# name 8 = flECO-AFL: Fluorescence, WET Labs ECO-AFL/FL [mg/m^3]
# name 9 = turbWETntu0: Turbidity, WET Labs ECO [NTU]
# name 10 = sal00: Salinity, Practical [PSU]
# name 11 = dz/dtM: Descent Rate [m/s]
# name 12 = prdM: Pressure, Strain Gauge [db]
# name 13 = prdE: Pressure, Strain Gauge [psi]
# name 14 = scan: Scan Count
# name 15 = par/sat/log: PAR/Logarithmic, Satlantic
# name 16 = flag:  0.000e+00
# span 0 =     -0.567,      9.761       
# span 1 =     4.1749,    11.8727       
# span 2 =     8.6600,    13.6279       
# span 3 =     66.598,    106.837       
# span 4 =   0.227121,  31.374712       
# span 5 =      1.450,     47.959       
# span 6 =      4.296,     12.037       
# span 7 = -1240.7455,  1240.2295       
# span 8 =    -0.5499,     6.3809       
# span 9 =    -7.0054,   279.7348       
# span 10 =     0.0022,     0.0233      
# span 11 =     -0.170,      0.178      
# span 12 =     -0.556,      9.572      
# span 13 =     -0.806,     13.882      
# span 14 =          1,       1402      
# span 15 = 7.1066e-01, 1.6857e+03      
# span 16 = 0.0000e+00, 0.0000e+00      
# interval = seconds: 0.25
# start_time = Feb 08 2019 17:24:06 [Instrument's time stamp, header]
# bad_flag = -9.990e-29
*END*
[from data line 1107]
      4.984     4.4214    12.5597     96.914  18.380199     31.228      6.867   319.9575     4.6098     1.6825     0.0137      0.091      4.887      7.088       1108 2.0054e+01 0.0000e+00
      5.006     4.4200    12.5498     96.841  18.368367     31.227      6.867   322.1154     4.6098     1.6959     0.0137      0.093      4.909      7.120       1109 1.9719e+01 0.0000e+00
      5.025     4.4172    12.5497     96.844  18.385462     31.226      6.865   321.6611     4.6057     1.6690     0.0137      0.094      4.927      7.146       1110 1.9505e+01 0.0000e+00
      5.040     4.4131    12.5461     96.818  18.418194     31.323      6.866   321.6611     4.6138     1.6153     0.0137      0.091      4.939      7.163       1111 1.9356e+01 0.0000e+00
      5.042     4.4104    12.5465     96.820  18.386900     31.231      6.865   321.6611     4.4238     1.6422     0.0137      0.083      4.939      7.163       1112 1.9475e+01 0.0000e+00
      5.027     4.4117    12.5480     96.831  18.365137     31.235      6.865   321.7368     4.4157     1.6690     0.0137      0.066      4.924      7.141       1113 2.0062e+01 0.0000e+00
      4.992     4.4156    12.5583     96.909  18.386010     31.238      6.865   320.5254     4.4359     1.6690     0.0137      0.038      4.895      7.100       1114 2.0694e+01 0.0000e+00
      4.956     4.4196    12.5634     96.944  18.420194     31.332      6.867   320.6768     4.4076     1.6422     0.0137      0.005      4.865      7.056       1115 2.0897e+01 0.0000e+00
      4.937     4.4235    12.5600     96.912  18.381864     31.233      6.865   320.6011     4.0841     1.6825     0.0137     -0.027      4.844      7.025       1116 2.1043e+01 0.0000e+00
      4.924     4.4275    12.5710     96.987  18.374441     31.228      6.864   323.2133     4.0841     1.7630     0.0137     -0.053      4.833      7.010       1117 2.1123e+01 0.0000e+00
      4.925     4.4303    12.5731     96.993  18.370162     31.224      6.864   322.9104     4.1165     1.6690     0.0137     -0.067      4.831      7.006       1118 2.1152e+01 0.0000e+00
      4.928     4.4318    12.5790     97.027  18.387189     31.220      6.867   323.0997     4.1205     1.6422     0.0137     -0.069      4.831      7.007       1119 2.1274e+01 0.0000e+00
      4.923     4.4333    12.5898     97.102  18.412520     31.312      6.864   323.0997     4.0922     1.5482     0.0138     -0.061      4.831      7.007       1120 2.1090e+01 0.0000e+00
      4.930     4.4340    12.5946     97.134  18.338637     31.121      6.868   322.9483     4.2903     1.7228     0.0137     -0.043      4.838      7.017       1121 2.0900e+01 0.0000e+00
      4.947     4.4336    12.6070     97.221  18.360596     31.214      6.866   322.1533     4.2944     1.6959     0.0137     -0.018      4.851      7.037       1122 2.0811e+01 0.0000e+00
      4.963     4.4332    12.6115     97.248  18.385193     31.213      6.867   322.3047     4.3146     1.5616     0.0137      0.004      4.866      7.057       1123 2.0633e+01 0.0000e+00
      4.974     4.4325    12.6198     97.312  18.367296     31.213      6.865   322.1154     4.2782     1.6690     0.0137      0.020      4.879      7.076       1124 2.0461e+01 0.0000e+00
      4.988     4.4309    12.6097     97.240  18.382868     31.214      6.868   322.9861     4.2984     1.6556     0.0137      0.033      4.891      7.094       1125 2.0364e+01 0.0000e+00
      5.000     4.4286    12.6110     97.254  18.365813     31.215      6.865   323.4404     4.3227     1.7630     0.0137      0.040      4.902      7.110       1126 2.0265e+01 0.0000e+00
      5.008     4.4250    12.6168     97.300  18.329252     31.121      6.867   323.2133     4.3106     1.7228     0.0137      0.045      4.909      7.121       1127 2.0177e+01 0.0000e+00
      5.012     4.4206    12.6059     97.221  18.369099     31.219      6.867   322.8726     4.2822     1.6825     0.0137      0.047      4.913      7.126       1128 2.0245e+01 0.0000e+00
      5.010     4.4163    12.6047     97.218  18.375492     31.223      6.871   323.0240     4.3955     1.5885     0.0137      0.041      4.914      7.128       1129 2.0350e+01 0.0000e+00
      5.011     4.4132    12.6022     97.202  18.380566     31.227      6.870   322.8347     4.4561     1.6825     0.0137      0.032      4.919      7.134       1130 2.0210e+01 0.0000e+00
      5.026     4.4108    12.5963     97.158  18.422055     31.327      6.871   323.0240     4.4561     1.6825     0.0137      0.028      4.931      7.152       1131 1.9825e+01 0.0000e+00
      5.047     4.4074    12.5965     97.153  18.383129     31.235      6.869   323.2890     4.4076     1.6959     0.0137      0.028      4.947      7.176       1132 1.9697e+01 0.0000e+00
      5.060     4.4045    12.5918     97.107  18.369740     31.238      6.867   322.7968     4.2378     1.6153     0.0137      0.031      4.961      7.195       1133 1.9716e+01 0.0000e+00
      5.068     4.4046    12.5767     96.985  18.438719     31.336      6.868   322.9483     4.2580     1.6959     0.0137      0.034      4.972      7.212       1134 1.9466e+01 0.0000e+00
      5.084     4.4069    12.5702     96.932  18.415828     31.339      6.866   322.9104     4.2297     1.7362     0.0137      0.040      4.986      7.232       1135 1.9134e+01 0.0000e+00
      5.101     4.4081    12.5635     96.879  18.338960     31.149      6.865   323.2890     4.2661     1.7093     0.0137      0.047      5.000      7.252       1136 1.8957e+01 0.0000e+00
      5.111     4.4087    12.5536     96.802  18.356572     31.242      6.866   323.4783     4.2903     1.5885     0.0137      0.053      5.009      7.264       1137 1.9020e+01 0.0000e+00
      5.109     4.4109    12.5401     96.701  18.393911     31.241      6.863   323.0618     4.2903     1.6959     0.0137      0.051      5.011      7.267       1138 1.9049e+01 0.0000e+00
      5.108     4.4132    12.5413     96.712  18.411030     31.335      6.865   323.2133     4.3025     1.7362     0.0137      0.042      5.012      7.270       1139 1.8973e+01 0.0000e+00
      5.116     4.4146    12.5410     96.712  18.394535     31.238      6.864   323.0997     4.3146     1.6422     0.0137      0.034      5.021      7.283       1140 1.8732e+01 0.0000e+00
      5.137     4.4149    12.5367     96.681  18.414437     31.330      6.866   323.0618     4.3025     1.6019     0.0137      0.033      5.039      7.308       1141 1.8364e+01 0.0000e+00
      5.162     4.4127    12.5371     96.685  18.386261     31.234      6.865   323.7811     4.2175     1.6690     0.0137      0.037      5.059      7.337       1142 1.8153e+01 0.0000e+00
      5.176     4.4091    12.5356     96.675  18.370329     31.233      6.865   323.2890     4.2297     1.6690     0.0137      0.040      5.074      7.360       1143 1.8091e+01 0.0000e+00
      5.185     4.4065    12.5405     96.717  18.374994     31.236      6.864   323.2890     4.2256     1.6690     0.0137      0.044      5.085      7.376       1144 1.7950e+01 0.0000e+00
      5.196     4.4054    12.5514     96.806  18.380457     31.240      6.865   323.4026     4.2216     1.7093     0.0137      0.049      5.098      7.395       1145 1.7655e+01 0.0000e+00
      5.215     4.4049    12.5479     96.783  18.422802     31.337      6.865   323.6676     4.2903     1.5885     0.0137      0.057      5.116      7.420       1146 1.7370e+01 0.0000e+00
      5.240     4.4050    12.5591     96.864  18.381567     31.243      6.865   323.6297     4.3025     1.7362     0.0137      0.063      5.137      7.451       1147 1.7100e+01 0.0000e+00
      5.260     4.4056    12.5600     96.859  18.372504     31.244      6.862   323.4783     4.2944     1.6422     0.0137      0.066      5.158      7.482       1148 1.6838e+01 0.0000e+00
      5.281     4.4067    12.5716     96.940  18.434080     31.339      6.864   323.2133     4.3429     1.6153     0.0137      0.067      5.177      7.509       1149 1.6602e+01 0.0000e+00
      5.297     4.4076    12.5716     96.932  18.423475     31.338      6.865   324.3868     4.3712     1.6825     0.0137      0.068      5.192      7.531       1150 1.6420e+01 0.0000e+00
      5.306     4.4082    12.5750     96.954  18.385701     31.242      6.863   324.0461     4.3591     1.6422     0.0137      0.070      5.200      7.543       1151 1.6304e+01 0.0000e+00
      5.306     4.4087    12.5767     96.964  18.421820     31.336      6.867   324.3490     4.3550     1.6959     0.0137      0.067      5.200      7.542       1152 1.6386e+01 0.0000e+00
      5.294     4.4094    12.5735     96.934  18.378526     31.241      6.866   324.5004     4.3429     1.6422     0.0137      0.054      5.191      7.529       1153 1.6583e+01 0.0000e+00
      5.281     4.4110    12.5776     96.955  18.321042     31.145      6.866   324.5004     4.1731     1.6959     0.0137      0.035      5.184      7.519       1154 1.6621e+01 0.0000e+00
      5.284     4.4132    12.5696     96.876  18.374820     31.239      6.869   324.6518     4.1852     1.6690     0.0137      0.018      5.192      7.529       1155 1.6272e+01 0.0000e+00
      5.317     4.4144    12.5591     96.773  18.370868     31.237      6.865   324.3490     4.1609     1.6959     0.0137      0.013      5.217      7.566       1156 1.5765e+01 0.0000e+00
      5.355     4.4122    12.5578     96.742  18.325961     31.140      6.865   324.6140     4.1690     1.5616     0.0137      0.019      5.248      7.612       1157 1.5462e+01 0.0000e+00
      5.381     4.4078    12.5486     96.654  18.371439     31.234      6.862   325.1061     4.1609     1.6690     0.0137      0.032      5.276      7.652       1158 1.5220e+01 0.0000e+00
      5.405     4.4043    12.5434     96.601  18.432809     31.331      6.858   324.8411     4.5693     1.5885     0.0137      0.051      5.298      7.685       1159 1.4946e+01 0.0000e+00
      5.424     4.4015    12.5407     96.572  18.427392     31.336      6.859   325.5983     4.5734     1.6288     0.0137      0.070      5.317      7.712       1160 1.4701e+01 0.0000e+00
      5.437     4.3996    12.5427     96.580  18.378181     31.245      6.856   325.4847     4.5613     1.7362     0.0137      0.086      5.332      7.734       1161 1.4515e+01 0.0000e+00
      5.453     4.3984    12.5510     96.639  18.375516     31.248      6.858   325.7876     4.5370     1.6288     0.0137      0.092      5.346      7.754       1162 1.4370e+01 0.0000e+00
      5.466     4.3962    12.5561     96.674  18.371442     31.250      6.857   325.3333     4.7473     1.5885     0.0137      0.088      5.360      7.773       1163 1.4256e+01 0.0000e+00
      5.478     4.3920    12.5641     96.733  18.383252     31.251      6.855   325.9768     4.7432     1.6690     0.0137      0.075      5.374      7.793       1164 1.4033e+01 0.0000e+00
      5.494     4.3852    12.5560     96.667  18.360818     31.253      6.862   325.9768     4.7634     1.6556     0.0137      0.065      5.390      7.817       1165 1.3788e+01 0.0000e+00
      5.515     4.3765    12.5514     96.628  18.340092     31.163      6.859   326.2797     4.7190     1.6153     0.0137      0.061      5.410      7.846       1166 1.3575e+01 0.0000e+00
      5.540     4.3682    12.5423     96.555  18.409047     31.360      6.859   324.5383     4.8645     1.8973     0.0137      0.062      5.432      7.878       1167 1.3302e+01 0.0000e+00
      5.560     4.3615    12.5363     96.507  18.334275     31.179      6.857   325.3333     4.8524     1.9376     0.0137      0.066      5.452      7.907       1168 1.3136e+01 0.0000e+00
      5.577     4.3563    12.5259     96.426  18.314607     31.188      6.855   324.9547     4.8564     1.9107     0.0137      0.070      5.470      7.933       1169 1.2988e+01 0.0000e+00
      5.595     4.3529    12.5155     96.344  18.374256     31.290      6.853   325.0683     4.8484     1.9107     0.0137      0.073      5.488      7.959       1170 1.2786e+01 0.0000e+00
      5.614     4.3501    12.5011     96.229  18.378583     31.296      6.852   325.3711     4.2782     1.9107     0.0137      0.076      5.505      7.985       1171 1.2676e+01 0.0000e+00
      5.630     4.3479    12.5005     96.220  18.427763     31.395      6.855   326.4690     4.2903     1.8973     0.0137      0.076      5.521      8.008       1172 1.2552e+01 0.0000e+00
      5.644     4.3463    12.4869     96.112  18.431592     31.397      6.856   326.2040     4.3065     1.9376     0.0137      0.074      5.536      8.030       1173 1.2455e+01 0.0000e+00
      5.662     4.3451    12.4688     95.972  18.433087     31.400      6.855   326.2418     4.2782     1.9510     0.0137      0.070      5.553      8.055       1174 1.2340e+01 0.0000e+00
      5.683     4.3438    12.4611     95.912  18.425903     31.402      6.858   324.1976     4.2782     1.6422     0.0137      0.068      5.573      8.083       1175 1.2234e+01 0.0000e+00
      5.703     4.3424    12.4581     95.886  18.381263     31.308      6.857   324.1976     4.3146     1.6019     0.0137      0.069      5.592      8.110       1176 1.2177e+01 0.0000e+00
      5.721     4.3413    12.4503     95.824  18.370104     31.309      6.857   324.3111     4.2944     1.7362     0.0137      0.070      5.611      8.137       1177 1.2068e+01 0.0000e+00
      5.740     4.3407    12.4501     95.818  18.380524     31.310      6.861   324.0840     4.3267     1.7765     0.0137      0.071      5.629      8.163       1178 1.1991e+01 0.0000e+00
      5.757     4.3401    12.4548     95.848  18.368297     31.312      6.859   324.7654     4.2863     1.6825     0.0137      0.071      5.646      8.187       1179 1.1925e+01 0.0000e+00
      5.773     4.3392    12.4547     95.843  18.385320     31.312      6.863   324.9547     4.3591     1.6556     0.0137      0.072      5.661      8.210       1180 1.1911e+01 0.0000e+00
      5.787     4.3377    12.4616     95.892  18.418608     31.408      6.865   324.9168     4.3672     1.6825     0.0137      0.071      5.675      8.230       1181 1.1871e+01 0.0000e+00
      5.801     4.3361    12.4639     95.908  18.386139     31.314      6.863   324.9168     4.3712     1.7630     0.0137      0.068      5.690      8.252       1182 1.1811e+01 0.0000e+00
      5.818     4.3347    12.4550     95.836  18.425726     31.411      6.865   325.1061     4.3793     1.7765     0.0137      0.065      5.706      8.275       1183 1.1694e+01 0.0000e+00
      5.836     4.3344    12.4581     95.858  18.428611     31.412      6.865   325.1818     4.5532     1.6556     0.0137      0.064      5.723      8.300       1184 1.1577e+01 0.0000e+00
      5.854     4.3342    12.4511     95.803  18.382549     31.319      6.864   324.4247     4.5693     1.6825     0.0137      0.063      5.741      8.326       1185 1.1502e+01 0.0000e+00
      5.872     4.3330    12.4603     95.873  18.364513     31.319      6.868   324.3111     4.5815     1.6422     0.0137      0.064      5.758      8.352       1186 1.1403e+01 0.0000e+00
      5.889     4.3320    12.4490     95.785  18.332520     31.224      6.867   324.6140     4.5774     1.6556     0.0137      0.065      5.774      8.375       1187 1.1354e+01 0.0000e+00
      5.903     4.3305    12.4509     95.799  18.422365     31.416      6.866   324.5383     4.5491     1.8570     0.0137      0.066      5.790      8.398       1188 1.1247e+01 0.0000e+00
      5.921     4.3283    12.4481     95.778  18.430510     31.417      6.868   324.7654     4.5693     1.9376     0.0137      0.067      5.806      8.422       1189 1.1079e+01 0.0000e+00
      5.938     4.3265    12.4386     95.705  18.381652     31.323      6.865   324.7276     4.5734     1.9376     0.0137      0.067      5.823      8.445       1190 1.0995e+01 0.0000e+00
      5.953     4.3251    12.4349     95.678  18.423899     31.421      6.866   325.0683     4.5532     1.8705     0.0137      0.066      5.838      8.467       1191 1.0948e+01 0.0000e+00
