Data/DataNotYetUploadedToEDI/Raw_CTD/2018_RawDownloads/020819_fcr50.cnv
* Sea-Bird SBE19plus  Data File:
* FileName = C:\DATA\020819_fcr50_0001.hex
* Software version 2.6.3.104
* Temperature SN = 7809
* Conductivity SN = 7809
* System UpLoad Time = Feb 14 2019 11:43:58
* <ApplicationData>
* <Seaterm232>
# nquan = 17
# nvalues = 1402                        
# units = specified
# name 0 = depFM: Depth [fresh water, m]
# name 1 = tv290C: Temperature [ITS-90, deg C]
# name 2 = sbeox0Mg/L: Oxygen, SBE 43 [mg/l]
# name 3 = sbeox0PS: Oxygen, SBE 43 [% saturation]
# name 4 = c0uS/cm: Conductivity [uS/cm]
# name 5 = specc: Specific Conductance [uS/cm]
# name 6 = ph: pH
# name 7 = orp: Oxidation Reduction Potential [mV]
# name 8 = flECO-AFL: Fluorescence, WET Labs ECO-AFL/FL [mg/m^3]
# name 9 = turbWETntu0: Turbidity, WET Labs ECO [NTU]
# name 10 = sal00: Salinity, Practical [PSU]
# name 11 = dz/dtM: Descent Rate [m/s]
# name 12 = prdM: Pressure, Strain Gauge [db]
# name 13 = prdE: Pressure, Strain Gauge [psi]
# name 14 = scan: Scan Count
# name 15 = par/sat/log: PAR/Logarithmic, Satlantic
# name 16 = flag:  0.000e+00
# span 0 =     -0.567,      9.761       
# span 1 =     4.1749,    11.8727       
# span 2 =     8.6600,    13.6279       
# span 3 =     66.598,    106.837       
# span 4 =   0.227121,  31.374712       
# span 5 =      1.450,     47.959       
# span 6 =      4.296,     12.037       
# span 7 = -1240.7455,  1240.2295       
# span 8 =    -0.5499,     6.3809       
# span 9 =    -7.0054,   279.7348       
# span 10 =     0.0022,     0.0233      
# span 11 =     -0.170,      0.178      
# span 12 =     -0.556,      9.572      
# span 13 =     -0.806,     13.882      
# span 14 =          1,       1402      
# span 15 = 7.1066e-01, 1.6857e+03      
# span 16 = 0.0000e+00, 0.0000e+00      
# interval = seconds: 0.25
# start_time = Feb 08 2019 17:24:06 [Instrument's time stamp, header]
# bad_flag = -9.990e-29
*END*
[from data line 1362]
      9.292     4.2497     9.6956     74.516  20.225853     34.570      6.750   334.0404     4.3510     2.1390     0.0150      0.101      9.114     13.219       1363 1.1805e+00 0.0000e+00
      9.325     4.2517     9.6013     73.793  20.220339     34.565      6.743   334.4947     4.3389     2.1122     0.0150      0.103      9.145     13.265       1364 1.1527e+00 0.0000e+00
      9.362     4.2528     9.5316     73.260  20.295921     34.704      6.739   331.7690     4.1812     2.0853     0.0151      0.107      9.178     13.313       1365 1.1105e+00 0.0000e+00
      9.392     4.2546     9.4572     72.690  20.279978     34.654      6.732   331.7311     4.1407     2.1390     0.0151      0.111      9.207     13.353       1366 1.0702e+00 0.0000e+00
      9.410     4.2575     9.4129     72.354  20.269817     34.652      6.729   332.0340     4.1529     2.0719     0.0151      0.112      9.227     13.383       1367 1.0733e+00 0.0000e+00
      9.427     4.2610     9.3825     72.128  20.338204     34.746      6.728   332.5262     4.1973     2.0719     0.0151      0.110      9.245     13.409       1368 1.0828e+00 0.0000e+00
      9.446     4.2652     9.3239     71.688  20.372695     34.838      6.729   332.4883     4.0396     2.3136     0.0152      0.106      9.263     13.435       1369 1.0694e+00 0.0000e+00
      9.464     4.2695     9.2928     71.458  20.345444     34.738      6.723   333.0562     4.0315     2.4479     0.0151      0.099      9.278     13.457       1370 1.0543e+00 0.0000e+00
      9.473     4.2732     9.2617     71.226  20.372117     34.829      6.722   333.4347     4.0235     2.4076     0.0152      0.088      9.288     13.472       1371 1.0482e+00 0.0000e+00
      9.477     4.2757     9.2468     71.116  20.398773     34.824      6.725   333.6997     4.0194     2.4479     0.0152      0.073      9.295     13.481       1372 1.0520e+00 0.0000e+00
      9.484     4.2773     9.2323     71.003  20.460457     34.962      6.722   333.3212     3.9345     2.6493     0.0152      0.059      9.300     13.488       1373 1.0564e+00 0.0000e+00
      9.487     4.2784     9.2250     70.945  20.473178     34.959      6.723   333.0940     3.9183     2.6224     0.0152      0.048      9.305     13.496       1374 1.0455e+00 0.0000e+00
      9.494     4.2794     9.2049     70.790  20.471853     34.957      6.722   333.3212     3.9305     2.5956     0.0152      0.039      9.313     13.507       1375 1.0405e+00 0.0000e+00
      9.507     4.2808     9.1998     70.750  20.462103     34.956      6.722   333.7376     3.8941     2.7164     0.0152      0.034      9.328     13.529       1376 1.0098e+00 0.0000e+00
      9.535     4.2830     9.1795     70.594  20.396399     34.812      6.720   334.2676     3.9224     2.6224     0.0152      0.035      9.353     13.565       1377 9.4867e-01 0.0000e+00
      9.569     4.2870     9.1372     70.268  20.464708     34.953      6.716   334.4190     3.9628     2.4613     0.0152      0.044      9.384     13.609       1378 9.2878e-01 0.0000e+00
      9.600     4.2925     9.0883     69.892  20.584557     35.141      6.712   334.7219     3.9547     2.3673     0.0153      0.059      9.414     13.654       1379 9.2433e-01 0.0000e+00
      9.630     4.2975     9.0229     69.388  20.632539     35.232      6.709   335.0626     3.9871     2.4881     0.0153      0.076      9.443     13.696       1380 8.7749e-01 0.0000e+00
      9.659     4.3013     8.9673     68.959  20.642095     35.225      6.704   334.7597     3.9709     2.4613     0.0153      0.092      9.471     13.736       1381 8.5531e-01 0.0000e+00
      9.684     4.3033     8.8850     68.326  20.691215     35.315      6.703   334.8733     3.9668     2.7164     0.0154      0.104      9.494     13.770       1382 8.7344e-01 0.0000e+00
      9.701     4.3032     8.8291     67.898  20.689961     35.310      6.704   334.9869     3.9790     2.6224     0.0154      0.109      9.511     13.795       1383 8.5393e-01 0.0000e+00
      9.711     4.3023     8.7746     67.482  20.702929     35.307      6.702   334.8354     3.9628     2.6224     0.0154      0.105      9.522     13.810       1384 8.5828e-01 0.0000e+00
      9.717     4.3018     8.7313     67.150  20.734351     35.403      6.702   334.7219     3.9951     2.7433     0.0154      0.092      9.528     13.820       1385 8.6788e-01 0.0000e+00
      9.721     4.3015     8.7048     66.945  20.710133     35.309      6.702   334.7219     3.9830     2.5956     0.0154      0.076      9.534     13.828       1386 8.3843e-01 0.0000e+00
      9.728     4.3012     8.6817     66.766  20.733068     35.405      6.702   334.5326     3.9871     2.6090     0.0154      0.061      9.540     13.836       1387 8.5321e-01 0.0000e+00
      9.734     4.3011     8.6638     66.629  20.705808     35.310      6.704   334.9869     3.9628     2.7433     0.0154      0.047      9.546     13.845       1388 8.3689e-01 0.0000e+00
      9.740     4.3008     8.6623     66.618  20.684782     35.310      6.702   334.1162     3.9709     2.6627     0.0154      0.035      9.551     13.853       1389 8.1633e-01 0.0000e+00
      9.745     4.3001     8.6600     66.598  20.699960     35.310      6.704   334.1919     3.5787     2.8641     0.0154      0.027      9.555     13.859       1390 8.0327e-01 0.0000e+00
      9.747     4.2996 -9.990e-29 -9.990e-29  20.686920     35.311      6.704   333.6619     3.5989     2.8641     0.0154      0.023      9.558     13.863       1391 7.6059e-01 0.0000e+00
      9.749     4.2997 -9.990e-29 -9.990e-29  20.701011     35.311      6.704   333.6240     3.5867     2.8373     0.0154      0.020      9.560     13.866       1392 7.8413e-01 0.0000e+00
      9.750     4.3006 -9.990e-29 -9.990e-29  20.741699     35.407      6.702   333.5862     3.5787     2.9447     0.0154      0.017      9.561     13.867       1393 7.8390e-01 0.0000e+00
      9.752     4.3022 -9.990e-29 -9.990e-29  20.695560     35.312      6.705   333.6997     3.6838     3.1327     0.0154      0.015      9.563     13.870       1394 7.6297e-01 0.0000e+00
      9.753     4.3028 -9.990e-29 -9.990e-29  20.639879     35.216      6.705   333.9269     3.6919     2.9850     0.0153      0.011      9.564     13.873       1395 7.7377e-01 0.0000e+00
      9.755     4.3021 -9.990e-29 -9.990e-29  20.692442     35.309      6.705   333.6619     3.7161     3.1327     0.0154      0.009      9.567     13.876       1396 7.6451e-01 0.0000e+00
      9.757     4.3017 -9.990e-29 -9.990e-29  20.689423     35.308      6.704   333.5104     3.6919     3.1461     0.0154      0.007      9.569     13.878       1397 7.6632e-01 0.0000e+00
      9.759     4.3019 -9.990e-29 -9.990e-29  20.643635     35.214      6.704   333.1697     3.7081     3.0521     0.0153      0.007      9.570     13.880       1398 7.4966e-01 0.0000e+00
      9.760     4.3018 -9.990e-29 -9.990e-29  20.690147     35.310      6.705   333.4347     3.9143     3.1193     0.0154      0.007      9.571     13.882       1399 7.1066e-01 0.0000e+00
      9.760     4.3012 -9.990e-29 -9.990e-29  20.631539     35.214      6.706   333.4347     3.9102     3.0387     0.0153      0.006      9.572     13.882       1400 7.2448e-01 0.0000e+00
      9.760 -9.990e-29 -9.990e-29 -9.990e-29  20.598021     35.119      6.706   333.5104     3.9102     3.0790     0.0153      0.006      9.572     13.882       1401 7.4430e-01 0.0000e+00
      9.761 -9.990e-29 -9.990e-29 -9.990e-29  20.672586     35.310      6.706   333.2833     3.9224     3.0924     0.0154      0.005      9.572     13.882       1402 7.4065e-01 0.0000e+00
