Data/DataNotYetUploadedToEDI/Raw_CTD/2018_RawDownloads/020819_fcr50.cnv
* Sea-Bird SBE19plus  Data File:
* FileName = C:\DATA\020819_fcr50_0001.hex
* Software version 2.6.3.104
* Temperature SN = 7809
* Conductivity SN = 7809
* System UpLoad Time = Feb 14 2019 11:43:58
* <ApplicationData>
* <Seaterm232>
# nquan = 17
# nvalues = 1402                        
# units = specified
# name 0 = depFM: Depth [fresh water, m]
# name 1 = tv290C: Temperature [ITS-90, deg C]
# name 2 = sbeox0Mg/L: Oxygen, SBE 43 [mg/l]
# name 3 = sbeox0PS: Oxygen, SBE 43 [% saturation]
# name 4 = c0uS/cm: Conductivity [uS/cm]
# name 5 = specc: Specific Conductance [uS/cm]
# name 6 = ph: pH
# name 7 = orp: Oxidation Reduction Potential [mV]
# name 8 = flECO-AFL: Fluorescence, WET Labs ECO-AFL/FL [mg/m^3]
# name 9 = turbWETntu0: Turbidity, WET Labs ECO [NTU]
# name 10 = sal00: Salinity, Practical [PSU]
# name 11 = dz/dtM: Descent Rate [m/s]
# name 12 = prdM: Pressure, Strain Gauge [db]
# name 13 = prdE: Pressure, Strain Gauge [psi]
# name 14 = scan: Scan Count
# name 15 = par/sat/log: PAR/Logarithmic, Satlantic
# name 16 = flag:  0.000e+00
# span 0 =     -0.567,      9.761       
# span 1 =     4.1749,    11.8727       
# span 2 =     8.6600,    13.6279       
# span 3 =     66.598,    106.837       
# span 4 =   0.227121,  31.374712       
# span 5 =      1.450,     47.959       
# span 6 =      4.296,     12.037       
# span 7 = -1240.7455,  1240.2295       
# span 8 =    -0.5499,     6.3809       
# span 9 =    -7.0054,   279.7348       
# span 10 =     0.0022,     0.0233      
# span 11 =     -0.170,      0.178      
# span 12 =     -0.556,      9.572      
# span 13 =     -0.806,     13.882      
# span 14 =          1,       1402      
# span 15 = 7.1066e-01, 1.6857e+03      
# span 16 = 0.0000e+00, 0.0000e+00      
# interval = seconds: 0.25
# start_time = Feb 08 2019 17:24:06 [Instrument's time stamp, header]
# bad_flag = -9.990e-29
*END*
[from data line 86]
     -0.090     5.1874    11.9316     94.003  21.063139     34.888      6.989   262.0738     0.8977     1.4810     0.0157     -0.001     -0.089     -0.129         87 1.4838e+02 0.0000e+00
     -0.091     5.1898    11.9140     93.859  21.099622     34.973      6.989   262.0738     0.9422     1.4273     0.0158     -0.000     -0.089     -0.129         88 1.4818e+02 0.0000e+00
     -0.091     5.1896    11.9002     93.733  21.070926     34.875      6.997   262.7174     0.9462     1.4945     0.0157     -0.000     -0.089     -0.129         89 1.4788e+02 0.0000e+00
     -0.090     5.1894    11.8787     93.542  21.098849     34.964      7.005   262.0359     0.9543     1.5885     0.0158      0.000     -0.089     -0.129         90 1.4819e+02 0.0000e+00
     -0.091     5.1916    11.8592     93.365  21.124147     34.965      7.010   262.0359     0.9260     1.4408     0.0158      0.000     -0.089     -0.129         91 1.4758e+02 0.0000e+00
     -0.091     5.1968    11.8486     93.257  21.157996     35.057      7.015   265.2917     0.9058     1.4945     0.0158      0.000     -0.089     -0.129         92 1.4747e+02 0.0000e+00
     -0.091     5.2053    11.8289     93.081  21.116002     34.962      7.011   266.5031     0.9139     1.7496     0.0158     -0.000     -0.089     -0.129         93 1.4799e+02 0.0000e+00
     -0.090     5.2146    11.8084     92.912  21.057854     34.864      7.007   266.9195     0.9422     1.6959     0.0157      0.000     -0.089     -0.129         94 1.4839e+02 0.0000e+00
     -0.091     5.2231    11.7891     92.766  21.111806     34.946      7.003   266.9952     0.9462     1.7630     0.0158     -0.000     -0.089     -0.129         95 1.4949e+02 0.0000e+00
     -0.091     5.2299    11.7536     92.514  21.108134     34.936      6.998   266.7302     0.8977     1.6288     0.0158     -0.000     -0.089     -0.129         96 1.4986e+02 0.0000e+00
     -0.091     5.2329    11.7173     92.277  21.121698     34.926      6.990   266.2002     1.0109     1.4005     0.0158     -0.000     -0.089     -0.129         97 1.5033e+02 0.0000e+00
     -0.091     5.2302    11.6867     92.076  21.154201     35.010      6.988   266.3517     1.0352     1.4139     0.0158     -0.000     -0.089     -0.129         98 1.5048e+02 0.0000e+00
     -0.090     5.2233    11.6521     91.829  21.126959     34.914      6.982   266.2381     1.0271     1.4676     0.0158      0.000     -0.089     -0.129         99 1.5039e+02 0.0000e+00
     -0.090     5.2144    11.6169     91.562  21.155599     35.010      6.975   266.3517     0.9907     1.4945     0.0158      0.000     -0.089     -0.129        100 1.5061e+02 0.0000e+00
     -0.091     5.2045    11.5983     91.418  21.118559     34.926      6.968   266.9952     0.9503     1.7496     0.0158     -0.000     -0.089     -0.129        101 1.5013e+02 0.0000e+00
     -0.090     5.1943    11.5686     91.184  21.113778     34.936      6.968   267.8660     0.9422     1.7228     0.0158     -0.000     -0.089     -0.129        102 1.4981e+02 0.0000e+00
     -0.090     5.1858    11.5481     91.022  21.161550     35.040      6.969   267.9417     0.9624     1.6690     0.0158      0.000     -0.088     -0.128        103 1.4916e+02 0.0000e+00
     -0.089     5.1825    11.5223     90.823  21.118388     34.959      6.968   268.5853     0.9341     1.6959     0.0158      0.001     -0.088     -0.128        104 1.4857e+02 0.0000e+00
     -0.090     5.1850    11.4922     90.593  21.108220     34.969      6.967   269.3045     0.9584     1.6422     0.0158      0.001     -0.088     -0.128        105 1.4810e+02 0.0000e+00
     -0.090     5.1965    11.4936     90.613  21.114929     34.973      6.968   269.5317     0.9301     1.6690     0.0158      0.001     -0.088     -0.128        106 1.4751e+02 0.0000e+00
     -0.090     5.2166    11.4677     90.419  21.050763     34.877      6.970   269.7588     0.9382     1.6422     0.0157      0.001     -0.088     -0.128        107 1.4709e+02 0.0000e+00
     -0.090     5.2341    11.4448     90.247  21.010243     34.772      6.967   267.2602     0.9099     1.6825     0.0157      0.000     -0.088     -0.128        108 1.4706e+02 0.0000e+00
     -0.089     5.2444    11.4252     90.101  21.046799     34.841      6.968   268.4717     0.9422     1.6959     0.0157      0.001     -0.088     -0.127        109 1.4717e+02 0.0000e+00
     -0.089     5.2492    11.4007     89.914  21.064542     34.821      6.964   268.5095     0.9584     1.6959     0.0157      0.000     -0.088     -0.127        110 1.4733e+02 0.0000e+00
     -0.089     5.2502    11.3697     89.679  21.106711     34.901      6.962   268.3203     0.9503     1.6288     0.0158      0.000     -0.087     -0.127        111 1.4726e+02 0.0000e+00
     -0.089     5.2500    11.3376     89.438  21.112869     34.896      6.957   269.3424     0.9301     1.6422     0.0158      0.000     -0.087     -0.127        112 1.4732e+02 0.0000e+00
     -0.090     5.2501    11.3152     89.275  21.116154     34.895      6.953   269.3424     0.9260     1.6153     0.0158      0.000     -0.088     -0.128        113 1.4739e+02 0.0000e+00
     -0.090     5.2520    11.2708     88.940  21.161899     34.987      6.950   269.8724     0.8654     1.7362     0.0158     -0.000     -0.088     -0.128        114 1.4741e+02 0.0000e+00
     -0.090     5.2550    11.2477     88.775  21.174492     34.987      6.946   269.7588     0.8856     1.7362     0.0158     -0.000     -0.088     -0.128        115 1.4765e+02 0.0000e+00
     -0.090     5.2589    11.2148     88.534  21.159760     34.985      6.945   267.4495     0.8856     1.7630     0.0158     -0.000     -0.088     -0.128        116 1.4751e+02 0.0000e+00
     -0.090     5.2632    11.1803     88.282  21.120956     34.889      6.942   268.6610     0.8815     1.7093     0.0158     -0.001     -0.088     -0.128        117 1.4755e+02 0.0000e+00
     -0.090     5.2672    11.1379     87.971  21.163505     34.977      6.941   268.5474     0.9382     1.7228     0.0158     -0.000     -0.088     -0.128        118 1.4739e+02 0.0000e+00
     -0.090     5.2705    11.1003     87.700  21.166084     34.972      6.939   269.2288     0.9341     1.8033     0.0158     -0.000     -0.088     -0.128        119 1.4778e+02 0.0000e+00
     -0.090     5.2734    11.0549     87.370  21.177021     34.967      6.937   269.9860     0.9341     1.6422     0.0158     -0.000     -0.088     -0.128        120 1.4816e+02 0.0000e+00
     -0.089     5.2775    11.0231     87.148  21.209169     35.055      6.933   270.2888     0.9260     1.6556     0.0159      0.000     -0.088     -0.128        121 1.4811e+02 0.0000e+00
     -0.090     5.2827    10.9753     86.801  21.126076     34.868      6.929   270.2888     0.9422     1.4408     0.0158      0.000     -0.088     -0.128        122 1.4839e+02 0.0000e+00
     -0.090     5.2886    10.9387     86.544  21.161875     34.955      6.927   270.6674     0.9462     1.4945     0.0158     -0.000     -0.088     -0.128        123 1.4924e+02 0.0000e+00
     -0.090     5.2954    10.8985     86.260  21.223894     35.042      6.925   271.5760     0.9260     1.4810     0.0159     -0.000     -0.088     -0.128        124 1.5037e+02 0.0000e+00
     -0.090     5.3031    10.8541     85.944  21.226724     35.035      6.927   271.0081     0.9462     1.3871     0.0159     -0.000     -0.088     -0.128        125 1.5099e+02 0.0000e+00
     -0.090     5.3114    10.8237     85.739  21.217628     35.027      6.924   271.3110     0.9382     1.6288     0.0159     -0.000     -0.088     -0.128        126 1.5152e+02 0.0000e+00
     -0.090     5.3203    10.7795     85.424  21.175936     34.926      6.927   271.2353     0.9543     1.7496     0.0158     -0.000     -0.088     -0.128        127 1.5241e+02 0.0000e+00
     -0.090     5.3305    10.7295     85.063  21.219331     35.008      6.926   271.0081     0.9665     1.7362     0.0159     -0.000     -0.088     -0.128        128 1.5285e+02 0.0000e+00
     -0.089     5.3423    10.6862     84.753  21.222897     34.998      6.927   271.8031     0.9543     1.6690     0.0159      0.000     -0.088     -0.127        129 1.5354e+02 0.0000e+00
     -0.089     5.3552    10.6463     84.471  21.230771     34.986      6.927   271.3867     0.9462     1.7093     0.0159      0.000     -0.088     -0.127        130 1.5424e+02 0.0000e+00
     -0.089     5.3682    10.6105     84.218  21.268805     35.065      6.930   273.0524     0.9220     1.5348     0.0159      0.000     -0.088     -0.127        131 1.5461e+02 0.0000e+00
     -0.089     5.3819    10.5724     83.946  21.294116     35.050      6.927   272.9767     0.9260     1.4542     0.0159      0.000     -0.088     -0.127        132 1.5533e+02 0.0000e+00
     -0.089     5.3966    10.5270     83.615  21.317822     35.127      6.929   273.1660     0.9665     1.5348     0.0160      0.000     -0.087     -0.127        133 1.5541e+02 0.0000e+00
     -0.089     5.4120    10.4808     83.279  21.357853     35.111      6.925   273.4688     0.9341     1.5348     0.0160      0.000     -0.087     -0.127        134 1.5576e+02 0.0000e+00
     -0.090     5.4280    10.4369     82.961  21.451766     35.324      6.927   273.8853     0.9462     1.4542     0.0161      0.000     -0.088     -0.128        135 1.5590e+02 0.0000e+00
     -0.090     5.4441    10.4066     82.748  21.438056     35.214      6.922   273.1281     0.9503     1.5885     0.0160     -0.000     -0.088     -0.128        136 1.5576e+02 0.0000e+00
     -0.090     5.4606    10.3642     82.439  21.463827     35.287      6.921   273.0903     0.9341     1.4676     0.0161     -0.000     -0.088     -0.128        137 1.5578e+02 0.0000e+00
     -0.090     5.4767    10.3393     82.268  21.538245     35.360      6.920   273.0146     0.9503     1.4005     0.0161     -0.000     -0.088     -0.128        138 1.5605e+02 0.0000e+00
     -0.090     5.4922    10.3067     82.035  21.612188     35.479      6.919   276.0431     0.9341     1.6153     0.0162     -0.000     -0.088     -0.128        139 1.5616e+02 0.0000e+00
     -0.090     5.5075    10.2656     81.733  21.579271     35.414      6.922   276.8003     0.9503     1.7362     0.0161     -0.000     -0.088     -0.127        140 1.5613e+02 0.0000e+00
     -0.089     5.5222    10.2315     81.488  21.549566     35.305      6.920   276.6867     0.9422     1.6959     0.0161     -0.000     -0.088     -0.127        141 1.5638e+02 0.0000e+00
     -0.090     5.5365    10.1967     81.238  21.560236     35.378      6.917   276.9896     0.9220     1.7228     0.0161      0.000     -0.088     -0.127        142 1.5625e+02 0.0000e+00
     -0.089     5.5506    10.1608     80.978  21.565988     35.270      6.915   276.9517     0.9665     1.6959     0.0161      0.000     -0.088     -0.127        143 1.5611e+02 0.0000e+00
     -0.090     5.5649    10.1223     80.696  21.660961     35.528      6.916   275.8538     0.9422     1.7899     0.0162      0.000     -0.088     -0.128        144 1.5625e+02 0.0000e+00
     -0.090     5.5791    10.0973     80.522  21.679154     35.420      6.911   275.7781     0.9503     1.6556     0.0162      0.000     -0.088     -0.128        145 1.5643e+02 0.0000e+00
     -0.090     5.5926    10.0672     80.307  21.691537     35.540      6.915   277.1031     0.9422     1.6422     0.0162      0.000     -0.088     -0.128        146 1.5671e+02 0.0000e+00
     -0.090     5.6058    10.0389     80.105  21.675184     35.387      6.911   277.8603     0.9422     1.7362     0.0162     -0.000     -0.088     -0.128        147 1.5663e+02 0.0000e+00
     -0.089     5.6186    10.0075     79.878  21.669861     35.462      6.911   278.2010     0.9988     1.7093     0.0162     -0.000     -0.088     -0.127        148 1.5628e+02 0.0000e+00
     -0.089     5.6312     9.9919     79.775  21.668517     35.356      6.911   278.2010     1.0190     1.7093     0.0162     -0.000     -0.088     -0.127        149 1.5602e+02 0.0000e+00
     -0.089     5.6436     9.9646     79.578  21.676852     35.432      6.905   278.2767     0.9867     1.6556     0.0162      0.000     -0.087     -0.126        150 1.5621e+02 0.0000e+00
     -0.088     5.6560     9.9321     79.341  21.659485     35.327      6.899   278.0496     0.9624     1.6825     0.0162      0.000     -0.087     -0.126        151 1.5584e+02 0.0000e+00
     -0.089     5.6688     9.9128     79.208  21.690127     35.403      6.893   278.2767     1.0109     1.7228     0.0162      0.001     -0.087     -0.126        152 1.5498e+02 0.0000e+00
     -0.088     5.6817     9.8816     78.981  21.697994     35.389      6.885   278.6174     1.0231     1.6825     0.0162      0.001     -0.087     -0.126        153 1.5459e+02 0.0000e+00
     -0.088     5.6939     9.8563     78.801  21.679332     35.329      6.876   277.6331     1.0029     1.6825     0.0162      0.001     -0.087     -0.126        154 1.5368e+02 0.0000e+00
     -0.089     5.7063     9.8421     78.710  21.742988     35.450      6.868   278.4281     0.9786     1.7228     0.0163      0.001     -0.087     -0.126        155 1.5285e+02 0.0000e+00
     -0.088     5.7185     9.8212     78.565  21.707688     35.345      6.855   278.7689     1.0029     1.6690     0.0162      0.001     -0.087     -0.126        156 1.5155e+02 0.0000e+00
     -0.089     5.7302     9.7906     78.343  21.693618     35.331      6.836   279.2989     1.0271     1.6556     0.0162      0.000     -0.087     -0.127        157 1.5152e+02 0.0000e+00
     -0.089     5.7415     9.7599     78.119  21.701215     35.317      6.811   280.0939     0.9948     1.6690     0.0162     -0.000     -0.087     -0.127        158 1.5127e+02 0.0000e+00
     -0.089     5.7523     9.7376     77.960  21.698230     35.304      6.788   279.7531     1.0312     1.6959     0.0162     -0.000     -0.087     -0.126        159 1.5049e+02 0.0000e+00
     -0.088     5.7630     9.7177     77.817  21.697329     35.291      6.764   279.8667     0.9462     1.6288     0.0162     -0.000     -0.086     -0.125        160 1.5096e+02 0.0000e+00
     -0.088     5.7736     9.7074     77.751  21.702333     35.278      6.748   279.5260     0.9543     1.6690     0.0162      0.000     -0.086     -0.125        161 1.5010e+02 0.0000e+00
     -0.088     5.7842     9.6826     77.568  21.751279     35.357      6.728   277.2546     0.9179     1.6825     0.0163      0.000     -0.087     -0.126        162 1.5021e+02 0.0000e+00
     -0.089     5.7952     9.6573     77.382  21.754971     35.345      6.714   277.9739     0.9179     1.5616     0.0163      0.000     -0.088     -0.127        163 1.5011e+02 0.0000e+00
     -0.089     5.8066     9.6415     77.272  21.757013     35.332      6.704   278.6931     0.9341     1.6959     0.0163     -0.000     -0.088     -0.127        164 1.4909e+02 0.0000e+00
     -0.089     5.8177     9.6230     77.140  21.748733     35.320      6.694   278.8446     0.9503     1.7899     0.0163      0.000     -0.087     -0.127        165 1.4884e+02 0.0000e+00
     -0.089     5.8287     9.6086     77.042  21.765271     35.307      6.692   278.9960     0.9584     1.7362     0.0163     -0.000     -0.087     -0.127        166 1.4814e+02 0.0000e+00
     -0.089     5.8402     9.5844     76.861  21.795708     35.385      6.682   280.0939     0.9341     1.5616     0.0163     -0.000     -0.087     -0.127        167 1.4771e+02 0.0000e+00
     -0.089     5.8513     9.5637     76.708  21.770131     35.281      6.679   280.3210     0.9503     1.7093     0.0163     -0.001     -0.087     -0.127        168 1.4729e+02 0.0000e+00
     -0.089     5.8608     9.5374     76.510  21.797097     35.359      6.668   277.8224     1.0271     1.5482     0.0163     -0.000     -0.087     -0.127        169 1.4711e+02 0.0000e+00
     -0.089     5.8693     9.5269     76.438  21.762146     35.256      6.657   278.3146     1.0231     1.5348     0.0163     -0.000     -0.087     -0.126        170 1.4713e+02 0.0000e+00
