Data/DataNotYetUploadedToEDI/Raw_CTD/2018_RawDownloads/043018_fcr20.cnv
* Sea-Bird SBE19plus  Data File:
* FileName = C:\DATA\043018_fcr_0009.hex
* Software version 2.6.3.104 SB_Terminal.dll
* Temperature SN = 7809
* Conductivity SN = 7809
* System UpLoad Time = May 01 2018 12:00:05
* <ApplicationData>
* <Seaterm232>
# nquan = 15
# nvalues = 831                         
# units = specified
# name 0 = depFM: Depth [fresh water, m]
# name 1 = dz/dtM: Descent Rate [m/s]
# name 2 = sbeox0Mg/L: Oxygen, SBE 43 [mg/l]
# name 3 = sbeox0PS: Oxygen, SBE 43 [% saturation]
# name 4 = specc: Specific Conductance [uS/cm]
# name 5 = c0uS/cm: Conductivity [uS/cm]
# name 6 = flECO-AFL: Fluorescence, WET Labs ECO-AFL/FL [mg/m^3]
# name 7 = ph: pH
# name 8 = orp: Oxidation Reduction Potential [mV]
# name 9 = par/sat/log: PAR/Logarithmic, Satlantic
# name 10 = turbWETntu0: Turbidity, WET Labs ECO [NTU]
# name 11 = prdM: Pressure, Strain Gauge [db]
# name 12 = prdE: Pressure, Strain Gauge [psi]
# name 13 = tv290C: Temperature [ITS-90, deg C]
# name 14 = flag:  0.000e+00
# span 0 =     -0.538,      3.530       
# span 1 =     -0.060,      0.166       
# span 2 =     6.8748,    10.5885       
# span 3 =     67.872,    101.244       
# span 4 =      0.680,     36.777       
# span 5 =   0.607062,  28.888434       
# span 6 =    -1.1800,     2.0648       
# span 7 =      1.549,     11.605       
# span 8 =  -708.7942,  1211.6495       
# span 9 = 7.3670e+01, 1.6967e+03       
# span 10 =    -6.0949,   851.0808      
# span 11 =     -0.527,      3.462      
# span 12 =     -0.765,      5.021      
# span 13 =    10.9013,    19.7276      
# span 14 = 0.0000e+00, 0.0000e+00      
# interval = seconds: 0.25
# start_time = Apr 30 2018 19:59:28 [Instrument's time stamp, header]
# bad_flag = -9.990e-29
*END*
[from data line 290]
      0.163      0.000     9.3933     92.213     34.825  27.533953     0.2178      7.228   313.9797 1.4063e+03     1.2947      0.160      0.233    14.5389 0.0000e+00
      0.163      0.000     9.3947     92.221     34.794  27.507522     0.2229      7.225   314.1216 1.4644e+03     1.2439      0.160      0.232    14.5364 0.0000e+00
      0.163      0.001     9.3988     92.258     34.749  27.471148     0.2141      7.222   314.2101 1.6221e+03     1.2349      0.160      0.232    14.5342 0.0000e+00
      0.163      0.001     9.4058     92.328     34.754  27.475146     0.2118      7.220   314.1035 1.6014e+03     1.2766      0.160      0.232    14.5323 0.0000e+00
      0.164      0.000     9.4154     92.423     34.776  27.492359     0.2142      7.219   313.9500 1.4237e+03     1.3213      0.160      0.233    14.5287 0.0000e+00
      0.165     -0.002     9.4224     92.495     34.770  27.488772     0.2056      7.217   313.9036 1.1892e+03     1.3168      0.161      0.234    14.5240 0.0000e+00
      0.165     -0.003     9.4255     92.535     34.774  27.495272     0.1998      7.216   313.8861 9.8788e+02     1.2847      0.163      0.236    14.5229 0.0000e+00
      0.163     -0.004     9.4290     92.580     34.784  27.507459     0.2092      7.216   313.9111 8.6940e+02     1.2995      0.161      0.234    14.5250 0.0000e+00
      0.160     -0.004     9.4341     92.637     34.784  27.509134     0.2178      7.217   313.9473 8.9913e+02     1.3434      0.157      0.228    14.5240 0.0000e+00
      0.158     -0.003     9.4400     92.700     34.790  27.515532     0.2216      7.219   313.8937 1.0355e+03     1.3263      0.154      0.223    14.5246 0.0000e+00
      0.157     -0.002     9.4461     92.759     34.797  27.521314     0.2185      7.221   313.7793 1.1911e+03     1.3064      0.153      0.222    14.5315 0.0000e+00
      0.158     -0.001     9.4510     92.797     34.794  27.515542     0.2074      7.223   313.6819 1.3009e+03     1.3169      0.155      0.224    14.5373 0.0000e+00
      0.160      0.000     9.4544     92.817     34.792  27.509246     0.2072      7.223   313.6639 1.1994e+03     1.3001      0.157      0.227    14.5393 0.0000e+00
      0.160     -0.000     9.4576     92.833     34.798  27.508679     0.2161      7.222   313.7339 9.9181e+02     1.2856      0.157      0.228    14.5433 0.0000e+00
      0.159     -0.000     9.4591     92.833     34.804  27.508679     0.2230      7.222   313.8398 7.7829e+02     1.2642      0.156      0.226    14.5443 0.0000e+00
      0.158     -0.001     9.4584     92.817     34.809  27.509249     0.2257      7.223   313.8251 6.0503e+02     1.2545      0.155      0.225    14.5377 0.0000e+00
      0.158     -0.001     9.4546     92.787     34.814  27.515556     0.2216      7.223   313.7277 4.7881e+02     1.2911      0.155      0.224    14.5307 0.0000e+00
      0.158     -0.000     9.4476     92.742     34.811  27.521441     0.2102      7.222   313.7816 3.7241e+02     1.3097      0.155      0.224    14.5225 0.0000e+00
      0.158 -4.281e-07     9.4433     92.722     34.796  27.516917     0.2077      7.221   313.8740 4.1415e+02     1.2963      0.155      0.224    14.5142 0.0000e+00
      0.158     -0.000     9.4441     92.746     34.798  27.524369     0.2181      7.221   313.8121 6.2789e+02     1.2826      0.155      0.225    14.5079 0.0000e+00
      0.159      0.000     9.4472     92.786     34.824  27.548044     0.2350      7.222   313.7223 8.4496e+02     1.2963      0.156      0.226    14.5110 0.0000e+00
      0.159     -0.001     9.4522     92.840     34.824  27.549189     0.2650      7.223   313.6482 1.0157e+03     1.3091      0.156      0.227    14.5266 0.0000e+00
      0.159     -0.001     9.4572     92.888     34.810  27.538213     0.2866      7.224   313.6050 1.1264e+03     1.2849      0.156      0.226    14.5388 0.0000e+00
      0.158     -0.001     9.4597     92.910     34.816  27.542324     0.2850      7.225   313.6303 1.1225e+03     1.2481      0.154      0.224    14.5455 0.0000e+00
      0.156     -0.001     9.4603     92.911     34.809  27.535407     0.2818      7.225   313.6094 1.3025e+03     1.2302      0.152      0.220    14.5503 0.0000e+00
      0.156      0.000     9.4588     92.890     34.790  27.518073     0.2848      7.225   313.6970 1.5965e+03     1.2820      0.153      0.221    14.5526 0.0000e+00
      0.157      0.001     9.4553     92.851     34.800  27.523231     0.2843      7.226   313.9142 1.6220e+03     1.3545      0.154      0.223    14.5527 0.0000e+00
      0.157      0.001     9.4515     92.810     34.815  27.534265     0.2763      7.226   313.9985 1.5759e+03     1.3441      0.154      0.224    14.5512 0.0000e+00
      0.158      0.001     9.4478     92.773     34.803  27.524489     0.2709      7.225   314.0288 1.4963e+03     1.3097      0.155      0.225    14.5491 0.0000e+00
      0.159      0.001     9.4453     92.750     34.812  27.532031     0.2739      7.224   314.1083 1.2903e+03     1.3047      0.156      0.226    14.5449 0.0000e+00
      0.159      0.001     9.4435     92.735     34.848  27.561953     0.2761      7.224   314.0129 1.1228e+03     1.3139      0.156      0.226    14.5418 0.0000e+00
      0.158      0.001     9.4420     92.726     34.854  27.568785     0.2798      7.225   313.9081 1.0428e+03     1.3298      0.155      0.224    14.5403 0.0000e+00
      0.158      0.001     9.4437     92.749     34.829  27.551144     0.2810      7.225   314.0456 1.0313e+03     1.3123      0.154      0.223    14.5396 0.0000e+00
      0.159      0.001     9.4483     92.799     34.812  27.539144     0.2817      7.225   314.1257 1.0798e+03     1.2865      0.155      0.224    14.5411 0.0000e+00
      0.160      0.001     9.4525     92.845     34.824  27.550699     0.2882      7.224   314.1023 1.0965e+03     1.2933      0.157      0.228    14.5428 0.0000e+00
      0.160      0.001     9.4570     92.898     34.838  27.563863     0.2865      7.223   314.1078 1.0718e+03     1.3032      0.158      0.229    14.5452 0.0000e+00
      0.160      0.001     9.4608     92.947     34.842  27.571304     0.2795      7.223   314.1056 1.0283e+03     1.3139      0.157      0.228    14.5493 0.0000e+00
      0.160      0.000     9.4606     92.958     34.843  27.577180     0.2765      7.224   314.0766 8.3456e+02     1.3313      0.157      0.227    14.5514 0.0000e+00
      0.160 -1.931e-08     9.4583     92.944     34.832  27.571416     0.2777      7.226   314.0148 5.7995e+02     1.3302      0.156      0.226    14.5525 0.0000e+00
      0.160 -2.124e-07     9.4546     92.915     34.821  27.565120     0.2855      7.226   314.0464 4.6760e+02     1.3303      0.157      0.228    14.5558 0.0000e+00
      0.160      0.000     9.4498     92.874     34.817  27.564552     0.2879      7.225   314.2010 4.1307e+02     1.3325      0.156      0.227    14.5630 0.0000e+00
      0.160      0.000     9.4456     92.838     34.815  27.564552     0.2785      7.224   314.3353 3.1281e+02     1.2962      0.157      0.227    14.5712 0.0000e+00
      0.160     -0.001     9.4431     92.817     34.814  27.565121     0.2734      7.223   314.3799 2.4275e+02     1.2579      0.157      0.228    14.5750 0.0000e+00
      0.160     -0.001     9.4417     92.807     34.821  27.571432     0.2814      7.222   314.3103 2.2742e+02     1.2973      0.157      0.227    14.5774 0.0000e+00
      0.159     -0.002     9.4407     92.801     34.827  27.577361     0.2924      7.221   314.2670 2.3069e+02     1.3449      0.156      0.227    14.5815 0.0000e+00
      0.159     -0.004     9.4399     92.798     34.819  27.573306     0.3053      7.220   314.2871 2.4133e+02     1.3144      0.156      0.226    14.5843 0.0000e+00
      0.158     -0.006     9.4382     92.788     34.832  27.585915     0.3278      7.220   314.2087 2.6081e+02     1.2635      0.155      0.224    14.5856 0.0000e+00
      0.156     -0.008     9.4356     92.768     34.851  27.602816     0.3436      7.220   314.1798 3.6935e+02     1.2490      0.153      0.221    14.5863 0.0000e+00
      0.154     -0.008     9.4330     92.748     34.829  27.587163     0.3486      7.219   314.2817 6.1186e+02     1.2605      0.150      0.219    14.5882 0.0000e+00
      0.151     -0.008     9.4309     92.735     34.827  27.587157     0.3337      7.215   314.3217 8.3261e+02     1.2502      0.148      0.215    14.5916 0.0000e+00
      0.146     -0.008     9.4301     92.736     34.842  27.602747     0.3014      7.208   314.2342 8.8789e+02     1.2468      0.144      0.208    14.5946 0.0000e+00
      0.144     -0.008     9.4313     92.750     34.819  27.585159     0.2885      7.202   314.1697 8.9916e+02     1.2806      0.140      0.203    14.5979 0.0000e+00
      0.145     -0.007     9.4361     92.785     34.798  27.564995     0.2870      7.198   314.2300 1.0594e+03     1.2926      0.142      0.206    14.5997 0.0000e+00
      0.145     -0.005     9.4426     92.831     34.786  27.549438     0.2841      7.196   314.2756 1.2020e+03     1.2692      0.143      0.208    14.6023 0.0000e+00
      0.141     -0.001     9.4466     92.854     34.761  27.524049     0.2814      7.192   314.2041 1.1170e+03     1.2730      0.137      0.199    14.6100 0.0000e+00
      0.138     -0.001     9.4475     92.856     34.749  27.512004     0.2724      7.187   314.0539 9.2975e+02     1.3086      0.132      0.192    14.6125 0.0000e+00
      0.139     -0.004     9.4460     92.840     34.773  27.530805     0.2670      7.186   314.0085 8.1764e+02     1.3029      0.135      0.196    14.6039 0.0000e+00
      0.144     -0.011     9.4423     92.807     34.810  27.560873     0.2900      7.188   314.1715 7.9739e+02     1.2947      0.142      0.205    14.5934 0.0000e+00
      0.146     -0.019     9.4386     92.780     34.802  27.558067     0.3297      7.190   314.3038 1.0036e+03     1.3012      0.147      0.212    14.5849 0.0000e+00
      0.141     -0.029     9.4358     92.769     34.798  27.560374     0.3436      7.191   314.3182 1.2728e+03     1.2600      0.142      0.207    14.5815 0.0000e+00
      0.126     -0.037     9.4330     92.759     34.826  27.588783     0.3379      7.193   314.3451 1.0299e+03     1.2234      0.124      0.181    14.5824 0.0000e+00
      0.109     -0.042     9.4327     92.770     34.814  27.584070     0.3339      7.195   314.3713 5.5758e+02     1.2248      0.105      0.152    14.5830 0.0000e+00
      0.094     -0.042     9.4362     92.815     34.788  27.566891     0.3317      7.196   314.4633 3.3744e+02     1.2460      0.090      0.132    14.5877 0.0000e+00
      0.084     -0.040     9.4391     92.851     34.791  27.571575     0.3394      7.196   314.5966 3.2297e+02     1.2661      0.082      0.118    14.5975 0.0000e+00
      0.078     -0.038     9.4397     92.858     34.797  27.577202     0.3442      7.194   314.6068 5.4003e+02     1.2542      0.076      0.111    14.6066 0.0000e+00
      0.073     -0.038     9.4402     92.864     34.789  27.571431     0.3352      7.193   314.5003 9.5009e+02     1.2553      0.072      0.105    14.6130 0.0000e+00
      0.065     -0.039     9.4418     92.888     34.778  27.565303     0.3224      7.194   314.3409 1.2989e+03     1.2789      0.067      0.096    14.6186 0.0000e+00
      0.054     -0.042     9.4446     92.928     34.775  27.566603     0.2989      7.194   314.3145 1.4177e+03     1.2658      0.054      0.078    14.6229 0.0000e+00
      0.039     -0.044     9.4483     92.978     34.795  27.587161     0.2812      7.194   314.5245 1.4251e+03     1.2488      0.037      0.054    14.6223 0.0000e+00
      0.025     -0.046     9.4513     93.023     34.833  27.623381     0.2832      7.189   314.6432 1.4651e+03     1.2875      0.023      0.033    14.6210 0.0000e+00
      0.014     -0.047     9.4538     93.068     34.825  27.623551     0.2864      7.180   314.5458 1.5124e+03     1.3364      0.014      0.021    14.6263 0.0000e+00
      0.003     -0.049     9.4561     93.117     34.770  27.589230     0.2826      7.171   314.4655 1.5455e+03     1.3210      0.003      0.005    14.6335 0.0000e+00
     -0.007     -0.052     9.4558     93.147     34.756  27.589399     0.2738      7.168   314.3607 1.5621e+03     1.2543     -0.008     -0.011    14.6386 0.0000e+00
     -0.018     -0.056     9.4538     93.159     34.788  27.625612     0.2724      7.170   314.2252 1.5544e+03     1.2327     -0.015     -0.022    14.6474 0.0000e+00
     -0.034     -0.056     9.4530     93.174     34.804  27.646104     0.2659      7.174   314.2036 1.5364e+03     1.2732     -0.032     -0.046    14.6569 0.0000e+00
     -0.054     -0.052     9.4532     93.194     34.797  27.646676     0.2413      7.178   314.2708 1.5057e+03     1.2857     -0.054     -0.077    14.6678 0.0000e+00
     -0.074     -0.044     9.4532     93.213     34.771  27.632533     0.2223      7.181   314.3491 1.4909e+03     1.2612     -0.075     -0.108    14.6879 0.0000e+00
     -0.087     -0.033     9.4530     93.231     34.724  27.602111     0.2200      7.183   314.3762 1.4991e+03     1.2526     -0.089     -0.129    14.7047 0.0000e+00
     -0.091     -0.020     9.4528     93.243     34.710  27.596339     0.2415      7.182   314.3410 1.5041e+03     1.2734     -0.090     -0.132    14.7137 0.0000e+00
     -0.089     -0.009     9.4499     93.219     34.746  27.626251     0.2705      7.181   314.3539 1.5175e+03     1.2980     -0.088     -0.127    14.7222 0.0000e+00
     -0.086     -0.000     9.4434     93.154     34.771  27.646287     0.2768      7.181   314.4459 1.5368e+03     1.3067     -0.084     -0.121    14.7316 0.0000e+00
     -0.084      0.005     9.4356     93.073     34.775  27.648094     0.2722      7.181   314.5062 1.5269e+03     1.3176     -0.081     -0.118    14.7433 0.0000e+00
     -0.084      0.005     9.4290     92.996     34.780  27.648104     0.2695      7.181   314.5677 1.4904e+03     1.3075     -0.083     -0.120    14.7509 0.0000e+00
     -0.084      0.004     9.4250     92.939     34.786  27.646402     0.2716      7.181   314.5871 1.1685e+03     1.2760     -0.084     -0.122    14.7516 0.0000e+00
     -0.082      0.002     9.4233     92.909     34.768  27.627513     0.2797      7.181   314.5678 5.5676e+02     1.2722     -0.081     -0.117    14.7505 0.0000e+00
     -0.080      0.001     9.4254     92.929     34.747  27.610205     0.2847      7.181   314.5932 2.1206e+02     1.2612     -0.077     -0.112    14.7499 0.0000e+00
     -0.080      0.000     9.4324     93.003     34.766  27.627627     0.2864      7.182   314.5507 1.7913e+02     1.2350     -0.078     -0.113    14.7452 0.0000e+00
     -0.081     -0.000     9.4424     93.110     34.787  27.647664     0.2902      7.182   314.4830 1.8303e+02     1.2610     -0.079     -0.115    14.7326 0.0000e+00
     -0.083     -0.001     9.4516     93.214     34.800  27.661976     0.2947      7.182   314.4637 1.9041e+02     1.3005     -0.081     -0.118    14.7241 0.0000e+00
     -0.084     -0.001     9.4554     93.267     34.808  27.673676     0.2950      7.182   314.4889 2.2269e+02     1.2859     -0.082     -0.119    14.7262 0.0000e+00
     -0.083      0.000     9.4529     93.266     34.783  27.662144     0.2839      7.182   314.5295 5.4962e+02     1.2365     -0.081     -0.118    14.7298 0.0000e+00
     -0.082      0.001     9.4465     93.232     34.755  27.649549     0.2708      7.181   314.5253 1.1544e+03     1.2221     -0.080     -0.117    14.7333 0.0000e+00
     -0.082      0.001     9.4375     93.169     34.742  27.648403     0.2749      7.180   314.5239 1.5062e+03     1.2649     -0.080     -0.116    14.7403 0.0000e+00
     -0.082      0.001     9.4277     93.096     34.732  27.648298     0.2879      7.180   314.5986 1.5642e+03     1.2963     -0.080     -0.117    14.7473 0.0000e+00
     -0.082      0.001     9.4217     93.054     34.725  27.648289     0.2889      7.182   314.6537 1.5814e+03     1.2961     -0.080     -0.116    14.7579 0.0000e+00
