Data/DataNotYetUploadedToEDI/Raw_CTD/2018_RawDownloads/043018_fcr20.cnv
* Sea-Bird SBE19plus  Data File:
* FileName = C:\DATA\043018_fcr_0009.hex
* Software version 2.6.3.104 SB_Terminal.dll
* Temperature SN = 7809
* Conductivity SN = 7809
* System UpLoad Time = May 01 2018 12:00:05
* <ApplicationData>
* <Seaterm232>
# nquan = 15
# nvalues = 831                         
# units = specified
# name 0 = depFM: Depth [fresh water, m]
# name 1 = dz/dtM: Descent Rate [m/s]
# name 2 = sbeox0Mg/L: Oxygen, SBE 43 [mg/l]
# name 3 = sbeox0PS: Oxygen, SBE 43 [% saturation]
# name 4 = specc: Specific Conductance [uS/cm]
# name 5 = c0uS/cm: Conductivity [uS/cm]
# name 6 = flECO-AFL: Fluorescence, WET Labs ECO-AFL/FL [mg/m^3]
# name 7 = ph: pH
# name 8 = orp: Oxidation Reduction Potential [mV]
# name 9 = par/sat/log: PAR/Logarithmic, Satlantic
# name 10 = turbWETntu0: Turbidity, WET Labs ECO [NTU]
# name 11 = prdM: Pressure, Strain Gauge [db]
# name 12 = prdE: Pressure, Strain Gauge [psi]
# name 13 = tv290C: Temperature [ITS-90, deg C]
# name 14 = flag:  0.000e+00
# span 0 =     -0.538,      3.530       
# span 1 =     -0.060,      0.166       
# span 2 =     6.8748,    10.5885       
# span 3 =     67.872,    101.244       
# span 4 =      0.680,     36.777       
# span 5 =   0.607062,  28.888434       
# span 6 =    -1.1800,     2.0648       
# span 7 =      1.549,     11.605       
# span 8 =  -708.7942,  1211.6495       
# span 9 = 7.3670e+01, 1.6967e+03       
# span 10 =    -6.0949,   851.0808      
# span 11 =     -0.527,      3.462      
# span 12 =     -0.765,      5.021      
# span 13 =    10.9013,    19.7276      
# span 14 = 0.0000e+00, 0.0000e+00      
# interval = seconds: 0.25
# start_time = Apr 30 2018 19:59:28 [Instrument's time stamp, header]
# bad_flag = -9.990e-29
*END*
[from data line 97]
      0.447      0.034     8.7408     86.158     35.507  28.206618     0.2791      7.276   313.1492 1.3381e+02     1.2516      0.438      0.634    14.7485 0.0000e+00
      0.459      0.030     8.7098     85.820     35.296  28.027066     0.2865      7.278   313.1512 1.7693e+02     1.2827      0.450      0.652    14.7373 0.0000e+00
      0.472      0.025     8.6729     85.435     35.179  27.925411     0.2885      7.278   313.3112 2.9228e+02     1.3109      0.465      0.675    14.7391 0.0000e+00
      0.478      0.020     8.6320     85.014     35.194  27.929994     0.2840      7.279   313.5356 4.7260e+02     1.3182      0.472      0.685    14.7358 0.0000e+00
      0.478      0.014     8.5870     84.544     35.238  27.955467     0.2790      7.281   313.6278 6.7412e+02     1.3403      0.468      0.679    14.7151 0.0000e+00
      0.477      0.009     8.5375     84.028     35.283  27.979393     0.2915      7.285   313.6517 9.1434e+02     1.3340      0.466      0.676    14.6962 0.0000e+00
      0.479      0.005     8.4797     83.440     35.435  28.092270     0.2970      7.290   313.5657 1.0998e+03     1.2727      0.471      0.683    14.6856 0.0000e+00
      0.481      0.000     8.4120     82.772     35.623  28.240741     0.2815      7.294   313.4492 1.0213e+03     1.2401      0.474      0.688    14.6789 0.0000e+00
      0.481     -0.007     8.3413     82.082     35.632  28.250549     0.2785      7.296   313.4477 7.8378e+02     1.2761      0.471      0.683    14.6634 0.0000e+00
      0.483     -0.016     8.2736     81.418     35.501  28.147364     0.2883      7.298   313.4602 7.2413e+02     1.3102      0.473      0.686    14.6449 0.0000e+00
      0.482     -0.027     8.2149     80.843     35.405  28.072642     0.2896      7.300   313.2571 8.6528e+02     1.2865      0.478      0.693    14.6313 0.0000e+00
      0.472     -0.037     8.1756     80.463     35.368  28.045592     0.2853      7.303   312.9704 9.7368e+02     1.2646      0.466      0.675    14.6334 0.0000e+00
      0.455     -0.045     8.1607     80.323     35.401  28.074307     0.2823      7.306   312.7472 9.2306e+02     1.2898      0.443      0.643    14.6406 0.0000e+00
      0.440     -0.050     8.1636     80.372     35.506  28.165837     0.2810      7.308   312.3655 7.5935e+02     1.3162      0.431      0.626    14.6376 0.0000e+00
      0.426     -0.055     8.1751     80.515     35.534  28.199778     0.2790      7.312   312.0547 6.4017e+02     1.3091      0.418      0.607    14.6389 0.0000e+00
      0.413     -0.058     8.1863     80.639     35.486  28.167204     0.2766      7.315   311.9143 8.1365e+02     1.2947      0.402      0.583    14.6469 0.0000e+00
      0.402     -0.059     8.1882     80.665     35.463  28.152996     0.2795      7.316   311.7004 9.7275e+02     1.2955      0.396      0.574    14.6460 0.0000e+00
      0.387     -0.060     8.1813     80.617     35.456  28.154994     0.2867      7.316   311.6200 6.8731e+02     1.2877      0.382      0.553    14.6546 0.0000e+00
      0.368     -0.060     8.1731     80.553     35.493  28.191369     0.2896      7.316   311.6304 6.3303e+02     1.2921      0.358      0.519    14.6856 0.0000e+00
      0.350     -0.059     8.1687     80.518     35.514  28.211808     0.2875      7.313   311.5683 1.0178e+03     1.3191      0.344      0.499    14.6859 0.0000e+00
      0.334     -0.054     8.1684     80.513     35.435  28.148128     0.2883      7.310   311.6427 1.1653e+03     1.3392      0.327      0.475    14.6837 0.0000e+00
      0.319     -0.044     8.1709     80.529     35.404  28.119923     0.2906      7.302   311.7558 1.0783e+03     1.3515      0.311      0.451    14.7046 0.0000e+00
      0.308     -0.029     8.1754     80.582     35.486  28.188283     0.2873      7.289   311.7312 1.1464e+03     1.3461      0.303      0.440    14.7102 0.0000e+00
      0.298     -0.015     8.1828     80.672     35.588  28.276163     0.2854      7.279   311.6900 1.2286e+03     1.3037      0.288      0.418    14.7182 0.0000e+00
      0.296     -0.004     8.1926     80.771     35.688  28.356972     0.2862      7.276   311.6016 9.7430e+02     1.2661      0.285      0.413    14.7177 0.0000e+00
      0.305      0.003     8.1970     80.805     35.751  28.403328     0.2873      7.279   311.4371 7.5607e+02     1.2889      0.301      0.437    14.7035 0.0000e+00
      0.314      0.007     8.1870     80.701     35.821  28.455644     0.2900      7.282   311.3356 8.3002e+02     1.3346      0.310      0.450    14.7101 0.0000e+00
      0.316      0.007     8.1620     80.455     35.934  28.545014     0.2821      7.284   311.3208 9.8807e+02     1.3607      0.311      0.451    14.7285 0.0000e+00
      0.315      0.002     8.1254     80.096     35.994  28.594871     0.2566      7.286   311.3443 1.1667e+03     1.3609      0.310      0.449    14.7275 0.0000e+00
      0.312     -0.003     8.0821     79.679     36.014  28.613948     0.2296      7.286   311.3614 1.2680e+03     1.3369      0.306      0.444    14.7190 0.0000e+00
      0.310     -0.006     8.0380     79.258     36.049  28.648681     0.2211      7.285   311.3555 1.3553e+03     1.3151      0.304      0.441    14.7156 0.0000e+00
      0.308     -0.007     7.9951     78.852     36.102  28.697314     0.2286      7.284   311.2735 1.4318e+03     1.3106      0.301      0.438    14.7156 0.0000e+00
      0.307     -0.011     7.9546     78.484     36.161  28.757457     0.2279      7.286   311.1442 1.2736e+03     1.3132      0.300      0.436    14.7165 0.0000e+00
      0.307     -0.019     7.9111     78.178     36.153  28.804357     0.2121      7.293   311.1691 1.0229e+03     1.3153      0.301      0.435    14.7225 0.0000e+00
      0.306     -0.030     7.8572     77.908     36.032  28.819930     0.2041      7.298   311.2295 1.1373e+03     1.3368      0.301      0.437    14.7303 0.0000e+00
      0.300     -0.042     7.7987     77.612     35.878  28.818880     0.2130      7.300   311.0996 1.5215e+03     1.3597      0.299      0.435    14.7433 0.0000e+00
      0.284     -0.053     7.7464     77.265     35.751  28.791811     0.2275      7.303   311.0612 1.4750e+03     1.3472      0.281      0.407    14.7433 0.0000e+00
      0.263     -0.058     7.7001     76.871     35.580  28.683241     0.2320      7.307   311.1955 1.0899e+03     1.3085      0.257      0.372    14.7889 0.0000e+00
      0.243     -0.055     7.6591     76.460     35.381  28.522233     0.2225      7.308   311.2614 1.0240e+03     1.2882      0.239      0.347    14.9849 0.0000e+00
      0.224     -0.043     7.6330     76.125     35.309  28.432610     0.2140      7.304   311.3410 1.1264e+03     1.3148      0.218      0.317    15.1950 0.0000e+00
      0.210     -0.027     7.6290     75.965     35.444  28.488604     0.2106      7.297   311.3842 1.0100e+03     1.3259      0.202      0.293    15.2853 0.0000e+00
      0.205     -0.015     7.6450     76.004     35.682  28.627671     0.2091      7.294   311.3527 7.3435e+02     1.2999      0.197      0.285    15.3140 0.0000e+00
      0.214     -0.011     7.6709     76.180     35.838  28.716958     0.2149      7.294   311.3043 6.6066e+02     1.3060      0.208      0.300    15.3229 0.0000e+00
      0.226     -0.015     7.6909     76.397     35.860  28.742601     0.2261      7.295   311.2296 8.3305e+02     1.3379      0.227      0.329    15.2709 0.0000e+00
      0.228     -0.024     7.7029     76.637     35.801  28.747222     0.2337      7.297   311.2236 9.7974e+02     1.3497      0.230      0.334    15.1799 0.0000e+00
      0.214     -0.034     7.7232     76.948     35.695  28.709397     0.2336      7.298   311.1462 1.0531e+03     1.3271      0.213      0.310    15.1091 0.0000e+00
      0.191     -0.040     7.7587     77.332     35.546  28.602842     0.2251      7.298   311.0685 1.0425e+03     1.2788      0.186      0.270    15.0370 0.0000e+00
      0.171     -0.037     7.8067     77.771     35.407  28.474913     0.2219      7.298   311.2308 1.0479e+03     1.2533      0.164      0.238    15.0405 0.0000e+00
      0.160     -0.025     7.8635     78.254     35.398  28.432627     0.2319      7.292   311.3871 1.1757e+03     1.2635      0.154      0.224    15.1546 0.0000e+00
      0.156     -0.010     7.9200     78.732     35.571  28.536021     0.2359      7.283   311.3235 1.4012e+03     1.2799      0.150      0.217    15.2333 0.0000e+00
      0.160     -0.001     7.9686     79.168     35.732  28.645476     0.2241      7.280   311.1506 1.4128e+03     1.2983      0.153      0.222    15.2434 0.0000e+00
      0.172     -0.001     8.0033     79.525     35.686  28.612996     0.2086      7.283   311.0176 1.1053e+03     1.3036      0.168      0.243    15.2183 0.0000e+00
      0.183     -0.006     8.0210     79.745     35.552  28.524318     0.2049      7.288   311.0923 9.6861e+02     1.2830      0.186      0.269    15.1562 0.0000e+00
      0.182     -0.013     8.0281     79.818     35.473  28.462325     0.2071      7.293   311.1934 1.1105e+03     1.2633      0.187      0.271    15.1002 0.0000e+00
      0.164     -0.019     8.0254     79.736     35.468  28.434964     0.2071      7.297   311.1214 1.2292e+03     1.2479      0.159      0.232    15.0662 0.0000e+00
      0.145     -0.022     8.0076     79.490     35.519  28.447460     0.2144      7.299   311.0821 1.1647e+03     1.2492      0.136      0.198    15.0751 0.0000e+00
      0.139     -0.021     7.9751     79.119     35.593  28.486375     0.2217      7.300   311.0611 1.1184e+03     1.2787      0.133      0.193    15.1271 0.0000e+00
      0.140     -0.015     7.9303     78.653     35.652  28.524456     0.2220      7.300   310.9536 1.2784e+03     1.2999      0.137      0.199    15.1302 0.0000e+00
      0.144     -0.006     7.8781     78.123     35.661  28.526886     0.2273      7.302   310.9013 1.4002e+03     1.2923      0.141      0.205    15.0838 0.0000e+00
      0.144      0.000     7.8221     77.553     35.655  28.515737     0.2304      7.303   310.9457 1.4537e+03     1.2774      0.142      0.206    15.0358 0.0000e+00
      0.143      0.001     7.7628     76.945     35.666  28.516649     0.2238      7.302   311.0592 1.3637e+03     1.3037      0.141      0.204    15.0055 0.0000e+00
      0.141      0.000     7.7031     76.330     35.705  28.537912     0.2210      7.300   311.2416 8.7652e+02     1.3354      0.139      0.201    15.0003 0.0000e+00
      0.141      0.000     7.6449     75.729     35.775  28.582303     0.2245      7.299   311.3449 4.3984e+02     1.3244      0.138      0.200    14.9947 0.0000e+00
      0.142      0.001     7.5884     75.144     35.822  28.608860     0.2283      7.295   311.2751 3.8914e+02     1.2927      0.140      0.202    14.9856 0.0000e+00
      0.143      0.002     7.5341     74.590     35.826  28.604988     0.2300      7.291   311.1721 6.1854e+02     1.2580      0.141      0.204    14.9739 0.0000e+00
      0.144      0.002     7.4826     74.073     35.823  28.598978     0.2272      7.289   311.1316 9.0810e+02     1.2397      0.142      0.205    14.9599 0.0000e+00
      0.145      0.003     7.4340     73.588     35.826  28.599695     0.2310      7.289   311.1293 1.0446e+03     1.2244      0.143      0.208    14.9435 0.0000e+00
      0.145      0.003     7.3881     73.128     35.846  28.613656     0.2393      7.288   311.1450 1.2370e+03     1.2251      0.143      0.207    14.9262 0.0000e+00
      0.145      0.003     7.3456     72.702     35.883  28.640769     0.2358      7.285   311.1496 1.3755e+03     1.2790      0.141      0.205    14.9164 0.0000e+00
      0.146      0.003     7.3060     72.306     35.927  28.673509     0.2243      7.284   311.1856 1.2371e+03     1.3273      0.143      0.207    14.9139 0.0000e+00
      0.147      0.003     7.2662     71.910     35.951  28.691995     0.2296      7.284   311.2346 1.1277e+03     1.3203      0.145      0.210    14.9115 0.0000e+00
      0.149      0.003     7.2277     71.529     35.929  28.673782     0.2539      7.285   311.1406 1.1749e+03     1.2863      0.146      0.212    14.9078 0.0000e+00
      0.149      0.004     7.1936     71.189     35.893  28.643792     0.2702      7.285   310.9953 1.2405e+03     1.2515      0.147      0.214    14.9038 0.0000e+00
      0.149      0.004     7.1620     70.873     35.898  28.646904     0.2790      7.284   311.0261 1.2365e+03     1.2669      0.147      0.213    14.9009 0.0000e+00
      0.150      0.003     7.1324     70.580     35.979  28.711400     0.2783      7.283   311.0831 1.1668e+03     1.3199      0.147      0.213    14.9000 0.0000e+00
      0.151      0.003     7.1036     70.300     36.073  28.788590     0.2703      7.283   310.9953 1.1446e+03     1.3422      0.148      0.215    14.9008 0.0000e+00
      0.153      0.002     7.0729     70.006     36.104  28.818191     0.2753      7.283   310.9115 1.1133e+03     1.3229      0.151      0.218    14.8993 0.0000e+00
      0.154      0.002     7.0415     69.710     36.092  28.815295     0.2826      7.283   310.9315 1.1246e+03     1.3009      0.152      0.220    14.8959 0.0000e+00
      0.154      0.001     7.0119     69.431     36.006  28.753581     0.2664      7.282   310.9784 1.1820e+03     1.3202      0.151      0.219    14.8949 0.0000e+00
      0.154      0.000     6.9802     69.127     35.623  28.453030     0.2355      7.281   311.0478 1.1566e+03     1.3421      0.151      0.218    14.8982 0.0000e+00
      0.153 9.1765e-07     6.9333     68.648     35.034  27.975406     0.2222      7.278   311.2544 1.0787e+03     1.3215      0.150      0.217    14.9056 0.0000e+00
      0.153      0.000     6.8762     68.008     34.705  27.677691     0.2158      7.274   311.4111 1.0047e+03     1.2844      0.149      0.216    14.9159 0.0000e+00
      0.154      0.000     6.8748     67.872     34.659  27.583841     0.2226      7.270   311.3079 9.8286e+02     1.2910      0.150      0.218    14.9253 0.0000e+00
      0.154      0.001     7.0250     69.242     34.668  27.539082     0.2576      7.269   311.1249 8.5591e+02     1.3404      0.152      0.220    14.9351 0.0000e+00
      0.154      0.003     7.3635     72.511     34.678  27.517442     0.2819      7.268   311.0055 6.2406e+02     1.3619      0.151      0.219    14.9399 0.0000e+00
      0.154      0.005     7.8481     77.246     34.691  27.512657     0.2861      7.267   310.9835 4.2519e+02     1.3374      0.150      0.217    14.8879 0.0000e+00
      0.154      0.005     8.4053     82.706     34.744  27.544703     0.2808      7.266   310.9453 3.0586e+02     1.3198      0.150      0.217    14.7820 0.0000e+00
      0.158      0.004     8.9679     88.223     34.807  27.587409     0.2730      7.266   310.8871 2.8004e+02     1.3316      0.155      0.225    14.7017 0.0000e+00
      0.162      0.003     9.4812     93.259     34.809  27.584512     0.2745      7.266   311.0544 2.7484e+02     1.3275      0.160      0.232    14.6645 0.0000e+00
      0.162      0.002     9.8984     97.355     34.798  27.573167     0.2800      7.266   311.3326 2.6902e+02     1.3010      0.160      0.232    14.6477 0.0000e+00
      0.160      0.001    10.1754    100.073     34.806  27.577232     0.2848      7.267   311.4979 3.0603e+02     1.2859      0.157      0.228    14.6353 0.0000e+00
      0.158     -0.001    10.2949    101.244     34.798  27.570169     0.2873      7.268   311.5899 4.2140e+02     1.2669      0.155      0.225    14.6233 0.0000e+00
      0.158     -0.001    10.2914    101.209     34.775  27.551269     0.2918      7.268   311.6713 5.9412e+02     1.2540      0.155      0.225    14.6176 0.0000e+00
      0.159     -0.001    10.2177    100.484     34.760  27.539202     0.2924      7.269   311.7938 8.5480e+02     1.2834      0.156      0.227    14.6153 0.0000e+00
      0.160      0.000    10.1145     99.469     34.775  27.551257     0.2855      7.270   311.8657 1.1485e+03     1.3162      0.157      0.228    14.6119 0.0000e+00
