Data/DataNotYetUploadedToEDI/Raw_CTD/2018_RawDownloads/043018_fcr20.cnv
* Sea-Bird SBE19plus  Data File:
* FileName = C:\DATA\043018_fcr_0009.hex
* Software version 2.6.3.104 SB_Terminal.dll
* Temperature SN = 7809
* Conductivity SN = 7809
* System UpLoad Time = May 01 2018 12:00:05
* <ApplicationData>
* <Seaterm232>
# nquan = 15
# nvalues = 831                         
# units = specified
# name 0 = depFM: Depth [fresh water, m]
# name 1 = dz/dtM: Descent Rate [m/s]
# name 2 = sbeox0Mg/L: Oxygen, SBE 43 [mg/l]
# name 3 = sbeox0PS: Oxygen, SBE 43 [% saturation]
# name 4 = specc: Specific Conductance [uS/cm]
# name 5 = c0uS/cm: Conductivity [uS/cm]
# name 6 = flECO-AFL: Fluorescence, WET Labs ECO-AFL/FL [mg/m^3]
# name 7 = ph: pH
# name 8 = orp: Oxidation Reduction Potential [mV]
# name 9 = par/sat/log: PAR/Logarithmic, Satlantic
# name 10 = turbWETntu0: Turbidity, WET Labs ECO [NTU]
# name 11 = prdM: Pressure, Strain Gauge [db]
# name 12 = prdE: Pressure, Strain Gauge [psi]
# name 13 = tv290C: Temperature [ITS-90, deg C]
# name 14 = flag:  0.000e+00
# span 0 =     -0.538,      3.530       
# span 1 =     -0.060,      0.166       
# span 2 =     6.8748,    10.5885       
# span 3 =     67.872,    101.244       
# span 4 =      0.680,     36.777       
# span 5 =   0.607062,  28.888434       
# span 6 =    -1.1800,     2.0648       
# span 7 =      1.549,     11.605       
# span 8 =  -708.7942,  1211.6495       
# span 9 = 7.3670e+01, 1.6967e+03       
# span 10 =    -6.0949,   851.0808      
# span 11 =     -0.527,      3.462      
# span 12 =     -0.765,      5.021      
# span 13 =    10.9013,    19.7276      
# span 14 = 0.0000e+00, 0.0000e+00      
# interval = seconds: 0.25
# start_time = Apr 30 2018 19:59:28 [Instrument's time stamp, header]
# bad_flag = -9.990e-29
*END*
[from data line 482]
     -0.012      0.013     9.4651     94.476     34.510  27.815868     0.2018      7.157   314.1318 1.5759e+03     1.2322     -0.011     -0.016    15.2937 0.0000e+00
     -0.005      0.019     9.4645     94.454     34.499  27.802025     0.2164      7.157   314.0715 1.5689e+03     1.2513     -0.005     -0.008    15.2966 0.0000e+00
      0.001      0.023     9.4670     94.455     34.494  27.789221     0.2221      7.158   314.1045 1.5507e+03     1.2571      0.002      0.003    15.3006 0.0000e+00
      0.006      0.026     9.4690     94.442     34.507  27.788050     0.2249      7.158   314.1865 1.5425e+03     1.2726      0.007      0.010    15.3021 0.0000e+00
      0.011      0.029     9.4718     94.429     34.523  27.787852     0.2231      7.159   314.2027 1.5404e+03     1.2857      0.010      0.014    15.2990 0.0000e+00
      0.018      0.034     9.4756     94.434     34.536  27.786803     0.2189      7.160   314.1286 1.5335e+03     1.3238      0.017      0.024    15.2902 0.0000e+00
      0.027      0.040     9.4771     94.426     34.531  27.775353     0.2195      7.162   313.9776 1.4379e+03     1.3663      0.026      0.037    15.2795 0.0000e+00
      0.039      0.047     9.4779     94.394     34.550  27.776404     0.2129      7.162   313.7544 1.2919e+03     1.3424      0.038      0.055    15.2630 0.0000e+00
      0.052      0.053     9.4787     94.344     34.603  27.799496     0.2030      7.161   313.5809 1.4352e+03     1.2784      0.051      0.073    15.2410 0.0000e+00
      0.067      0.058     9.4744     94.271     34.617  27.800527     0.2104      7.157   313.6869 1.6967e+03     1.2641      0.064      0.092    15.2200 0.0000e+00
      0.083      0.060     9.4679     94.196     34.607  27.788858     0.2194      7.149   313.8305 1.5923e+03     1.2921      0.083      0.121    15.2173 0.0000e+00
      0.099      0.059     9.4625     94.122     34.611  27.785404     0.2104      7.141   313.7693 1.2220e+03     1.2810      0.097      0.140    15.2033 0.0000e+00
      0.115      0.056     9.4543     94.014     34.590  27.758756     0.2021      7.136   313.7208 9.2151e+02     1.2523      0.111      0.161    15.1547 0.0000e+00
      0.133      0.052     9.4441     93.865     34.562  27.720649     0.2115      7.134   313.7608 9.1047e+02     1.2804      0.134      0.195    15.1453 0.0000e+00
      0.145      0.050     9.4326     93.671     34.577  27.705632     0.2221      7.134   313.6510 1.0885e+03     1.3151      0.145      0.210    15.1520 0.0000e+00
      0.152      0.048     9.4186     93.438     34.616  27.704142     0.2203      7.136   313.3398 1.2796e+03     1.3058      0.148      0.215    15.1333 0.0000e+00
      0.162      0.048     9.4062     93.209     34.659  27.702605     0.2174      7.140   313.1803 1.2683e+03     1.2897      0.158      0.229    15.1266 0.0000e+00
      0.174      0.048     9.3967     93.024     34.679  27.687001     0.2151      7.143   313.2722 9.7655e+02     1.2737      0.171      0.247    15.1077 0.0000e+00
      0.189      0.051     9.3856     92.875     34.640  27.642433     0.2115      7.146   313.3318 7.2663e+02     1.2647      0.186      0.269    15.0602 0.0000e+00
      0.203      0.055     9.3781     92.773     34.610  27.608218     0.2098      7.149   313.2983 6.1341e+02     1.2729      0.199      0.289    15.0159 0.0000e+00
      0.216      0.059     9.3834     92.737     34.625  27.590791     0.2129      7.150   313.2980 4.8882e+02     1.2808      0.211      0.307    14.9613 0.0000e+00
      0.231      0.064     9.3980     92.742     34.645  27.558677     0.2309      7.150   313.3282 3.4627e+02     1.2998      0.228      0.330    14.8995 0.0000e+00
      0.246      0.070     9.4150     92.762     34.683  27.537362     0.2617      7.147   313.4908 2.7888e+02     1.3189      0.241      0.349    14.8912 0.0000e+00
      0.264      0.075     9.4289     92.769     34.722  27.523515     0.2820      7.135   313.7159 2.8696e+02     1.2977      0.258      0.374    14.8994 0.0000e+00
      0.284      0.079     9.4347     92.733     34.756  27.518200     0.2832      7.117   313.8132 3.1393e+02     1.2573      0.278      0.404    14.8478 0.0000e+00
      0.307      0.079     9.4320     92.653     34.802  27.536546     0.2770      7.104   313.9788 3.2247e+02     1.2884      0.299      0.434    14.7686 0.0000e+00
      0.333      0.076     9.4220     92.535     34.834  27.554818     0.2708      7.098   314.1689 2.9768e+02     1.3998      0.327      0.475    14.6927 0.0000e+00
      0.357      0.069     9.4052     92.377     34.823  27.548625     0.2720      7.097   314.3047 3.0236e+02     1.4747      0.356      0.515    14.6237 0.0000e+00
      0.372      0.060     9.3787     92.132     34.787  27.525175     0.2822      7.102   314.5878 3.2593e+02     1.4614      0.367      0.532    14.5779 0.0000e+00
      0.381      0.051     9.3392     91.751     34.784  27.525289     0.2942      7.110   314.9258 3.4495e+02     1.3912      0.373      0.541    14.5521 0.0000e+00
      0.390      0.043     9.2890     91.255     34.817  27.550005     0.2966      7.115   315.2072 4.1584e+02     1.3281      0.383      0.556    14.5429 0.0000e+00
      0.400      0.037     9.2317     90.685     34.844  27.570024     0.2926      7.119   315.4949 4.6118e+02     1.3082      0.391      0.567    14.5495 0.0000e+00
      0.410      0.034     9.1683     90.060     34.854  27.576827     0.3011      7.123   315.7376 4.6744e+02     1.3034      0.403      0.584    14.5614 0.0000e+00
      0.419      0.034     9.1062     89.450     34.845  27.568764     0.3079      7.126   315.9046 5.4162e+02     1.3013      0.412      0.598    14.5654 0.0000e+00
      0.427      0.033     9.0583     88.975     34.805  27.536033     0.2923      7.128   316.0517 5.9236e+02     1.3128      0.419      0.607    14.5609 0.0000e+00
      0.434      0.033     9.0307     88.688     34.765  27.498570     0.2775      7.130   316.2247 5.1648e+02     1.3510      0.425      0.617    14.5563 0.0000e+00
      0.441      0.032     9.0225     88.581     34.775  27.496784     0.2761      7.132   316.4487 5.6416e+02     1.3668      0.432      0.627    14.5572 0.0000e+00
      0.450      0.032     9.0290     88.621     34.808  27.514421     0.2755      7.134   316.6092 7.7091e+02     1.3203      0.442      0.641    14.5571 0.0000e+00
      0.459      0.032     9.0447     88.762     34.822  27.521318     0.2705      7.138   316.7021 7.3294e+02     1.2777      0.451      0.654    14.5561 0.0000e+00
      0.468      0.033     9.0681     88.985     34.819  27.516670     0.2709      7.141   316.7976 5.0906e+02     1.2784      0.459      0.665    14.5489 0.0000e+00
      0.476      0.034     9.0967     89.253     34.831  27.521716     0.2795      7.142   316.9038 4.4072e+02     1.2983      0.468      0.677    14.5301 0.0000e+00
      0.484      0.035     9.1268     89.516     34.843  27.518832     0.2829      7.143   317.0402 5.2792e+02     1.3049      0.475      0.687    14.5178 0.0000e+00
      0.492      0.037     9.1556     89.748     34.819  27.481786     0.2942      7.146   317.2414 5.5719e+02     1.2974      0.482      0.699    14.5119 0.0000e+00
      0.502      0.040     9.1815     89.944     34.810  27.454753     0.3237      7.148   317.4442 4.9572e+02     1.2994      0.492      0.714    14.5108 0.0000e+00
      0.512      0.042     9.2039     90.111     34.822  27.445948     0.3453      7.150   317.5125 5.3097e+02     1.2986      0.501      0.726    14.5082 0.0000e+00
      0.524      0.044     9.2195     90.227     34.830  27.438803     0.3535      7.152   317.5506 6.8247e+02     1.2873      0.514      0.745    14.4909 0.0000e+00
      0.538      0.044     9.2269     90.274     34.833  27.431849     0.3586      7.154   317.6468 7.6187e+02     1.2849      0.528      0.766    14.4621 0.0000e+00
      0.549      0.043     9.2285     90.270     34.834  27.425350     0.3513      7.156   317.8149 6.5485e+02     1.2994      0.540      0.783    14.4293 0.0000e+00
      0.559      0.042     9.2250     90.218     34.840  27.423723     0.3389      7.156   318.0344 5.3870e+02     1.3104      0.548      0.795    14.4024 0.0000e+00
      0.569      0.041     9.2177     90.125     34.835  27.412168     0.3381      7.156   318.1504 5.8872e+02     1.2959      0.557      0.809    14.3839 0.0000e+00
      0.579      0.039     9.2125     90.046     34.847  27.412621     0.3412      7.157   318.2706 6.1666e+02     1.2760      0.567      0.823    14.3721 0.0000e+00
      0.589      0.039     9.2111     90.004     34.881  27.429195     0.3403      7.157   318.4553 4.8067e+02     1.2838      0.576      0.836    14.3625 0.0000e+00
      0.599      0.039     9.2114     89.977     34.886  27.422059     0.3453      7.157   318.4908 3.9570e+02     1.2990      0.587      0.853    14.3547 0.0000e+00
      0.609      0.039     9.2117     89.952     34.858  27.389819     0.3556      7.158   318.5287 4.8686e+02     1.3078      0.598      0.867    14.3450 0.0000e+00
      0.619      0.039     9.2096     89.902     34.830  27.356869     0.3547      7.159   318.7411 6.9555e+02     1.3281      0.607      0.880    14.3282 0.0000e+00
      0.629      0.038     9.2104     89.868     34.828  27.341144     0.3432      7.159   318.9076 8.0490e+02     1.3315      0.616      0.894    14.3158 0.0000e+00
      0.639      0.037     9.2187     89.905     34.829  27.326658     0.3347      7.159   318.9079 7.1376e+02     1.3175      0.627      0.908    14.2987 0.0000e+00
      0.648      0.037     9.2291     89.969     34.823  27.308697     0.3360      7.159   318.9169 6.9402e+02     1.3118      0.637      0.923    14.2839 0.0000e+00
      0.657      0.036     9.2381     90.029     34.843  27.314449     0.3406      7.158   319.0165 7.8183e+02     1.2929      0.645      0.935    14.2733 0.0000e+00
      0.666      0.035     9.2472     90.099     34.875  27.332702     0.3436      7.158   319.1647 7.2542e+02     1.2727      0.653      0.947    14.2490 0.0000e+00
      0.675      0.034     9.2557     90.182     34.883  27.338886     0.3447      7.158   319.3326 5.2103e+02     1.2809      0.662      0.960    14.2249 0.0000e+00
      0.684      0.034     9.2627     90.272     34.856  27.325721     0.3453      7.157   319.4978 3.9077e+02     1.3006      0.671      0.972    14.2047 0.0000e+00
      0.692      0.034     9.2690     90.343     34.819  27.300540     0.3511      7.157   319.6130 4.5171e+02     1.2969      0.678      0.983    14.1935 0.0000e+00
      0.700      0.034     9.2716     90.350     34.813  27.288418     0.3505      7.157   319.6072 5.5164e+02     1.2672      0.686      0.995    14.1808 0.0000e+00
      0.709      0.033     9.2718     90.322     34.848  27.306147     0.3376      7.158   319.6863 5.2428e+02     1.2466      0.695      1.009    14.1754 0.0000e+00
      0.719      0.032     9.2772     90.346     34.884  27.324393     0.3335      7.158   319.8809 4.8575e+02     1.2614      0.705      1.023    14.1993 0.0000e+00
      0.727      0.031     9.2885     90.438     34.885  27.318517     0.3462      7.157   319.9812 4.8709e+02     1.2936      0.714      1.035    14.2067 0.0000e+00
      0.734      0.031     9.3026     90.568     34.862  27.298584     0.3534      7.155   320.0382 5.1270e+02     1.3011      0.720      1.044    14.1894 0.0000e+00
      0.740      0.031     9.3168     90.697     34.835  27.273876     0.3477      7.154   320.1400 6.9851e+02     1.2905      0.726      1.052    14.1771 0.0000e+00
      0.748      0.032     9.3297     90.804     34.844  27.273764     0.3410      7.154   320.2653 9.0271e+02     1.2868      0.733      1.062    14.1583 0.0000e+00
      0.756      0.032     9.3410     90.899     34.880  27.297221     0.3366      7.153   320.3484 8.4409e+02     1.2870      0.742      1.076    14.1489 0.0000e+00
      0.766      0.032     9.3476     90.968     34.886  27.303499     0.3407      7.152   320.3702 7.6444e+02     1.2926      0.751      1.090    14.1504 0.0000e+00
      0.775      0.032     9.3486     90.993     34.857  27.286170     0.3440      7.151   320.3570 9.9339e+02     1.2940      0.761      1.104    14.1455 0.0000e+00
      0.783      0.032     9.3467     90.983     34.843  27.278201     0.3305      7.150   320.3615 1.0720e+03     1.3035      0.769      1.115    14.1342 0.0000e+00
      0.790      0.032     9.3458     90.971     34.835  27.270650     0.3162      7.149   320.4240 7.5419e+02     1.3164      0.773      1.123    14.1209 0.0000e+00
      0.797      0.032     9.3468     90.973     34.823  27.258368     0.2996      7.149   320.5105 5.8934e+02     1.2661      0.782      1.134    14.1274 0.0000e+00
      0.804      0.033     9.3481     90.983     34.822  27.256684     0.2774      7.149   320.6344 6.4714e+02     1.2145      0.789      1.143    14.1394 0.0000e+00
      0.813      0.035     9.3486     90.981     34.816  27.250296     0.2767      7.148   320.7167 7.2205e+02     1.2420      0.796      1.154    14.1438 0.0000e+00
      0.824      0.036     9.3469     90.948     34.816  27.244620     0.2820      7.148   320.6454 7.9201e+02     1.2630      0.808      1.173    14.1408 0.0000e+00
      0.834      0.036     9.3415     90.881     34.832  27.251547     0.2770      7.148   320.5461 7.6376e+02     1.2545      0.818      1.187    14.1335 0.0000e+00
      0.843      0.036     9.3331     90.792     34.859  27.270544     0.2903      7.148   320.5492 6.5507e+02     1.2619      0.827      1.200    14.1349 0.0000e+00
      0.852      0.035     9.3260     90.719     34.879  27.283810     0.3235      7.147   320.5965 5.2907e+02     1.2601      0.836      1.213    14.1333 0.0000e+00
      0.860      0.035     9.3215     90.665     34.884  27.284954     0.3468      7.147   320.6025 5.1269e+02     1.2637      0.843      1.222    14.1231 0.0000e+00
      0.869      0.035     9.3132     90.577     34.887  27.284377     0.3516      7.147   320.6205 5.8925e+02     1.3058      0.852      1.236    14.1132 0.0000e+00
      0.878      0.036     9.3002     90.444     34.880  27.276831     0.3451      7.147   320.7282 5.4860e+02     1.3422      0.861      1.248    14.1110 0.0000e+00
      0.886      0.037     9.2898     90.324     34.864  27.257207     0.3417      7.147   320.8732 4.8892e+02     1.3066      0.869      1.261    14.1111 0.0000e+00
      0.896      0.039     9.2857     90.255     34.852  27.237591     0.3477      7.147   320.9972 5.0435e+02     1.2413      0.879      1.274    14.1035 0.0000e+00
      0.906      0.041     9.2857     90.230     34.854  27.230139     0.3528      7.146   321.1090 4.6684e+02     1.2558      0.888      1.288    14.1001 0.0000e+00
      0.917      0.044     9.2879     90.233     34.863  27.230592     0.3483      7.143   321.1923 5.2133e+02     1.2981      0.899      1.304    14.1007 0.0000e+00
      0.929      0.047     9.2908     90.245     34.886  27.243064     0.3401      7.141   321.2297 6.4843e+02     1.2942      0.912      1.321    14.0897 0.0000e+00
      0.941      0.051     9.2942     90.260     34.908  27.253928     0.3456      7.140   321.2165 5.9213e+02     1.3006      0.923      1.339    14.0722 0.0000e+00
      0.953      0.055     9.3012     90.311     34.891  27.234941     0.3501      7.137   321.2914 4.6611e+02     1.3145      0.933      1.354    14.0587 0.0000e+00
      0.968      0.058     9.3134     90.417     34.857  27.203980     0.3471      7.135   321.4472 3.8383e+02     1.3395      0.947      1.374    14.0505 0.0000e+00
      0.985      0.061     9.3275     90.545     34.852  27.197061     0.3468      7.133   321.4657 3.3073e+02     1.4204      0.966      1.403    14.0428 0.0000e+00
      1.001      0.063     9.3393     90.656     34.876  27.214790     0.3371      7.130   321.4285 3.0310e+02     1.4689      0.982      1.426    14.0335 0.0000e+00
      1.017      0.063     9.3476     90.734     34.894  27.227848     0.3306      7.127   321.4272 2.8346e+02     1.4672      0.996      1.445    14.0250 0.0000e+00
