Data/DataNotYetUploadedToEDI/Raw_CTD/2018_RawDownloads/043018_fcr20.cnv
* Sea-Bird SBE19plus  Data File:
* FileName = C:\DATA\043018_fcr_0009.hex
* Software version 2.6.3.104 SB_Terminal.dll
* Temperature SN = 7809
* Conductivity SN = 7809
* System UpLoad Time = May 01 2018 12:00:05
* <ApplicationData>
* <Seaterm232>
# nquan = 15
# nvalues = 831                         
# units = specified
# name 0 = depFM: Depth [fresh water, m]
# name 1 = dz/dtM: Descent Rate [m/s]
# name 2 = sbeox0Mg/L: Oxygen, SBE 43 [mg/l]
# name 3 = sbeox0PS: Oxygen, SBE 43 [% saturation]
# name 4 = specc: Specific Conductance [uS/cm]
# name 5 = c0uS/cm: Conductivity [uS/cm]
# name 6 = flECO-AFL: Fluorescence, WET Labs ECO-AFL/FL [mg/m^3]
# name 7 = ph: pH
# name 8 = orp: Oxidation Reduction Potential [mV]
# name 9 = par/sat/log: PAR/Logarithmic, Satlantic
# name 10 = turbWETntu0: Turbidity, WET Labs ECO [NTU]
# name 11 = prdM: Pressure, Strain Gauge [db]
# name 12 = prdE: Pressure, Strain Gauge [psi]
# name 13 = tv290C: Temperature [ITS-90, deg C]
# name 14 = flag:  0.000e+00
# span 0 =     -0.538,      3.530       
# span 1 =     -0.060,      0.166       
# span 2 =     6.8748,    10.5885       
# span 3 =     67.872,    101.244       
# span 4 =      0.680,     36.777       
# span 5 =   0.607062,  28.888434       
# span 6 =    -1.1800,     2.0648       
# span 7 =      1.549,     11.605       
# span 8 =  -708.7942,  1211.6495       
# span 9 = 7.3670e+01, 1.6967e+03       
# span 10 =    -6.0949,   851.0808      
# span 11 =     -0.527,      3.462      
# span 12 =     -0.765,      5.021      
# span 13 =    10.9013,    19.7276      
# span 14 = 0.0000e+00, 0.0000e+00      
# interval = seconds: 0.25
# start_time = Apr 30 2018 19:59:28 [Instrument's time stamp, header]
# bad_flag = -9.990e-29
*END*
[from data line 193]
      0.159     -0.001     9.9122     97.471     34.810  27.575813     0.2856      7.277   311.9001 1.1221e+03     1.4942      0.156      0.227    14.6101 0.0000e+00
      0.159     -0.001     9.8245     96.609     34.787  27.557549     0.2926      7.281   312.0035 1.0305e+03     1.5478      0.156      0.227    14.6101 0.0000e+00
      0.159     -0.001     9.7516     95.904     34.759  27.539706     0.2941      7.283   312.0702 1.0142e+03     1.5063      0.156      0.227    14.6098 0.0000e+00
      0.158     -0.000     9.6958     95.368     34.768  27.550570     0.2856      7.284   312.1039 8.6103e+02     1.4197      0.155      0.225    14.6087 0.0000e+00
      0.158 -1.846e-08     9.6513     94.935     34.780  27.561914     0.2815      7.285   312.1537 7.8223e+02     1.3244      0.154      0.224    14.6046 0.0000e+00
      0.159 -2.031e-07     9.6152     94.577     34.766  27.549877     0.2812      7.286   312.1557 9.0223e+02     1.2695      0.156      0.226    14.6035 0.0000e+00
      0.159 -1.861e-07     9.5845     94.264     34.748  27.532024     0.2819      7.287   312.1285 9.0256e+02     1.2450      0.156      0.227    14.6112 0.0000e+00
      0.159 1.3995e-10     9.5579     93.984     34.762  27.536548     0.2898      7.286   312.1685 8.3879e+02     1.2406      0.156      0.226    14.6199 0.0000e+00
      0.159 1.5395e-09     9.5373     93.757     34.778  27.541072     0.2939      7.284   312.2101 9.7255e+02     1.2480      0.156      0.226    14.6207 0.0000e+00
      0.159 1.6934e-08     9.5219     93.580     34.766  27.523211     0.2862      7.283   312.2006 1.0330e+03     1.2727      0.156      0.226    14.6193 0.0000e+00
      0.159 1.8627e-07     9.5092     93.435     34.760  27.511080     0.2790      7.283   312.1401 8.6378e+02     1.2949      0.156      0.227    14.6157 0.0000e+00
      0.159 1.8627e-07     9.4971     93.310     34.775  27.521384     0.2802      7.283   312.0805 7.6138e+02     1.2727      0.156      0.226    14.6040 0.0000e+00
      0.159 1.6934e-08     9.4855     93.200     34.772  27.520799     0.2836      7.284   312.0825 7.8539e+02     1.2482      0.155      0.225    14.5930 0.0000e+00
      0.159 1.5395e-09     9.4758     93.108     34.750  27.503996     0.2828      7.285   312.0780 7.9348e+02     1.2742      0.156      0.226    14.5799 0.0000e+00
      0.159 1.4100e-10     9.4678     93.032     34.755  27.508717     0.2879      7.286   312.1118 8.8204e+02     1.3122      0.156      0.226    14.5662 0.0000e+00
      0.159 2.4289e-11     9.4611     92.969     34.761  27.514394     0.3001      7.286   312.2338 9.1805e+02     1.3102      0.156      0.227    14.5655 0.0000e+00
      0.159 1.3995e-10     9.4575     92.935     34.754  27.509143     0.3014      7.286   312.2616 7.7725e+02     1.3114      0.156      0.226    14.5696 0.0000e+00
      0.159 1.5395e-09     9.4570     92.931     34.753  27.508717     0.3035      7.286   312.1900 8.2259e+02     1.3262      0.156      0.226    14.5705 0.0000e+00
      0.160 1.6934e-08     9.4581     92.944     34.753  27.509246     0.3078      7.286   312.2285 9.9889e+02     1.3058      0.157      0.227    14.5716 0.0000e+00
      0.160 1.8627e-07     9.4601     92.967     34.760  27.515541     0.2983      7.285   312.3835 8.9278e+02     1.2787      0.157      0.228    14.5734 0.0000e+00
      0.159 1.8627e-07     9.4596     92.963     34.766  27.521323     0.2895      7.284   312.5149 6.8420e+02     1.2735      0.157      0.227    14.5733 0.0000e+00
      0.158 1.6934e-08     9.4559     92.927     34.759  27.515664     0.2842      7.281   312.5260 6.0463e+02     1.2739      0.155      0.225    14.5735 0.0000e+00
      0.158 1.5395e-09     9.4519     92.888     34.752  27.510616     0.2795      7.280   312.5189 5.8326e+02     1.2824      0.155      0.225    14.5749 0.0000e+00
      0.159 1.3995e-10     9.4493     92.867     34.767  27.523788     0.2792      7.279   312.5142 7.0040e+02     1.2847      0.156      0.227    14.5764 0.0000e+00
      0.159 1.2723e-11     9.4498     92.876     34.795  27.547938     0.2806      7.277   312.4693 9.0854e+02     1.2712      0.156      0.227    14.5775 0.0000e+00
      0.159 1.1566e-12     9.4515     92.896     34.795  27.548610     0.2869      7.274   312.4928 9.7903e+02     1.2723      0.156      0.227    14.5766 0.0000e+00
      0.159 1.0515e-13     9.4529     92.911     34.773  27.531921     0.2914      7.273   312.5399 8.6641e+02     1.2985      0.156      0.227    14.5764 0.0000e+00
      0.159 9.5590e-15     9.4541     92.925     34.779  27.536653     0.2883      7.273   312.6086 9.0476e+02     1.3131      0.156      0.226    14.5797 0.0000e+00
      0.159 8.6900e-16     9.4542     92.927     34.785  27.542322     0.2868      7.273   312.6349 1.0295e+03     1.2963      0.155      0.225    14.5826 0.0000e+00
      0.159 7.9000e-17     9.4531     92.917     34.778  27.536971     0.2819      7.274   312.6007 8.8866e+02     1.2781      0.156      0.226    14.5838 0.0000e+00
      0.159 7.1820e-18     9.4522     92.909     34.776  27.535448     0.2751      7.274   312.7105 7.5788e+02     1.2762      0.156      0.226    14.5846 0.0000e+00
      0.159 6.5290e-19     9.4524     92.913     34.760  27.523901     0.2786      7.274   312.8438 7.9295e+02     1.3045      0.156      0.226    14.5849 0.0000e+00
      0.159 5.9359e-20     9.4537     92.931     34.758  27.524365     0.2783      7.274   312.8359 8.3692e+02     1.3445      0.156      0.227    14.5858 0.0000e+00
      0.159 5.4406e-21     9.4570     92.968     34.778  27.541052     0.2716      7.274   312.8736 9.3039e+02     1.3326      0.156      0.227    14.5867 0.0000e+00
      0.159 9.8105e-22     9.4616     93.018     34.768  27.535174     0.2707      7.274   313.0413 9.7269e+02     1.3144      0.156      0.226    14.5860 0.0000e+00
      0.159 5.4404e-21     9.4651     93.054     34.744  27.516799     0.2770      7.273   313.1424 1.0535e+03     1.3377      0.156      0.227    14.5871 0.0000e+00
      0.159 5.9358e-20     9.4672     93.072     34.736  27.509370     0.2833      7.273   313.1499 1.2252e+03     1.3393      0.156      0.226    14.5906 0.0000e+00
      0.159 6.5289e-19     9.4691     93.084     34.738  27.508850     0.2815      7.273   313.1319 1.1167e+03     1.3037      0.156      0.227    14.5926 0.0000e+00
      0.160 7.1818e-18     9.4697     93.084     34.743  27.510507     0.2833      7.272   313.0966 9.3894e+02     1.2726      0.157      0.228    14.5947 0.0000e+00
      0.160 7.9000e-17     9.4686     93.065     34.770  27.529403     0.2866      7.270   313.1534 9.5855e+02     1.2694      0.157      0.227    14.5971 0.0000e+00
      0.159 8.6900e-16     9.4665     93.033     34.798  27.546825     0.2856      7.269   313.3025 1.0193e+03     1.2954      0.156      0.226    14.5951 0.0000e+00
      0.159 9.5590e-15     9.4632     92.988     34.783  27.530653     0.2976      7.268   313.3512 1.0817e+03     1.3122      0.155      0.225    14.5903 0.0000e+00
      0.159 1.0515e-13     9.4578     92.924     34.779  27.524357     0.3222      7.267   313.3118 9.9975e+02     1.2902      0.156      0.226    14.5882 0.0000e+00
      0.159 1.1566e-12     9.4505     92.846     34.794  27.534189     0.3444      7.266   313.3427 7.2095e+02     1.2728      0.156      0.226    14.5852 0.0000e+00
      0.159 1.2723e-11     9.4434     92.771     34.782  27.522540     0.3545      7.266   313.3794 6.5981e+02     1.2849      0.156      0.227    14.5783 0.0000e+00
      0.159 1.3995e-10     9.4390     92.723     34.769  27.510504     0.3519      7.266   313.4112 8.4852e+02     1.2834      0.156      0.226    14.5710 0.0000e+00
      0.159 1.5395e-09     9.4367     92.695     34.777  27.515655     0.3498      7.267   313.4696 9.6775e+02     1.2555      0.156      0.226    14.5664 0.0000e+00
      0.159 1.6934e-08     9.4332     92.657     34.786  27.521324     0.3474      7.267   313.5694 9.3883e+02     1.2526      0.156      0.226    14.5629 0.0000e+00
      0.160 1.8628e-07     9.4299     92.624     34.780  27.515543     0.3415      7.266   313.7574 7.8070e+02     1.2781      0.157      0.227    14.5608 0.0000e+00
      0.160 1.8631e-07     9.4294     92.617     34.772  27.509256     0.3421      7.265   313.9356 7.5759e+02     1.2899      0.157      0.227    14.5586 0.0000e+00
      0.159 1.7270e-08     9.4307     92.631     34.771  27.508801     0.3462      7.263   314.0034 8.5387e+02     1.3037      0.156      0.226    14.5556 0.0000e+00
      0.159 5.2340e-09     9.4323     92.655     34.770  27.510050     0.3456      7.260   313.9746 9.6017e+02     1.3223      0.156      0.226    14.5544 0.0000e+00
      0.159 4.0780e-08     9.4324     92.668     34.782  27.524358     0.3444      7.260   313.9321 1.0749e+03     1.3322      0.156      0.227    14.5538 0.0000e+00
      0.160 4.4705e-07     9.4328     92.684     34.815  27.554804     0.3497      7.260   313.9201 1.1000e+03     1.3311      0.157      0.227    14.5527 0.0000e+00
      0.160      0.000     9.4356     92.721     34.818  27.560681     0.3549      7.260   313.9160 1.0630e+03     1.3086      0.157      0.227    14.5522 0.0000e+00
      0.159      0.000     9.4399     92.772     34.778  27.531923     0.3518      7.259   313.9681 7.9364e+02     1.2743      0.156      0.227    14.5562 0.0000e+00
      0.159      0.001     9.4453     92.831     34.766  27.524600     0.3488      7.259   314.0338 4.2513e+02     1.2528      0.156      0.226    14.5640 0.0000e+00
      0.159      0.002     9.4514     92.890     34.781  27.535637     0.3459      7.258   314.0213 5.4064e+02     1.2926      0.156      0.226    14.5702 0.0000e+00
      0.159      0.002     9.4566     92.942     34.785  27.538367     0.3435      7.258   313.9890 9.3107e+02     1.3283      0.156      0.226    14.5735 0.0000e+00
      0.160      0.002     9.4596     92.977     34.807  27.557611     0.3484      7.258   313.9020 8.3374e+02     1.2563      0.157      0.228    14.5791 0.0000e+00
      0.162      0.001     9.4615     93.002     34.829  27.577822     0.3501      7.258   313.6574 4.1796e+02     1.1854      0.160      0.231    14.5835 0.0000e+00
      0.162      0.001     9.4626     93.023     34.842  27.592252     0.3452      7.258   313.4408 2.2842e+02     1.2037      0.160      0.232    14.5804 0.0000e+00
      0.161      0.001     9.4646     93.060     34.852  27.605086     0.3441      7.258   313.4347 2.4991e+02     1.2340      0.158      0.230    14.5795 0.0000e+00
      0.161      0.000     9.4684     93.115     34.845  27.605996     0.3462      7.257   313.4968 2.8329e+02     1.2463      0.158      0.229    14.5842 0.0000e+00
      0.161 1.0524e-13     9.4700     93.142     34.836  27.603267     0.3428      7.255   313.5897 2.2564e+02     1.2609      0.158      0.229    14.5868 0.0000e+00
      0.161 1.1577e-12     9.4676     93.117     34.798  27.572102     0.3400      7.252   313.6972 1.6532e+02     1.2586      0.158      0.230    14.5907 0.0000e+00
      0.161 1.2735e-11     9.4630     93.061     34.771  27.546660     0.3308      7.247   313.6790 1.5673e+02     1.2486      0.159      0.230    14.6005 0.0000e+00
      0.161 1.4008e-10     9.4560     92.984     34.778  27.549641     0.3048      7.239   313.6277 1.5716e+02     1.2620      0.158      0.229    14.6100 0.0000e+00
      0.161 1.5409e-09     9.4457     92.874     34.775  27.544647     0.2824      7.235   313.6788 1.5979e+02     1.2674      0.158      0.229    14.6179 0.0000e+00
      0.162 1.6950e-08     9.4358     92.767     34.785  27.549778     0.2808      7.236   313.6941 1.6444e+02     1.2831      0.159      0.230    14.6163 0.0000e+00
      0.162 1.8645e-07     9.4301     92.699     34.788  27.548178     0.3137      7.236   313.6415 1.7691e+02     1.3302      0.159      0.231    14.6075 0.0000e+00
      0.162 1.8952e-07     9.4278     92.669     34.763  27.525296     0.3490      7.235   313.6449 1.9588e+02     1.3492      0.159      0.231    14.6045 0.0000e+00
      0.162 5.4149e-08     9.4271     92.656     34.768  27.527105     0.3492      7.233   313.6481 2.1176e+02     1.3290      0.158      0.230    14.6021 0.0000e+00
      0.162 4.1104e-07     9.4261     92.642     34.824  27.570042     0.3432      7.231   313.6801 3.2687e+02     1.2998      0.159      0.231    14.5958 0.0000e+00
      0.162      0.000     9.4256     92.635     34.863  27.599956     0.3317      7.230   313.7751 7.1430e+02     1.3017      0.159      0.230    14.5895 0.0000e+00
      0.162      0.000     9.4276     92.654     34.827  27.571292     0.3023      7.230   313.8503 9.8823e+02     1.3213      0.159      0.231    14.5866 0.0000e+00
      0.162      0.001     9.4311     92.687     34.789  27.540962     0.2822      7.230   313.9006 8.9349e+02     1.2923      0.159      0.231    14.5834 0.0000e+00
      0.162      0.001     9.4327     92.697     34.804  27.550738     0.2722      7.230   313.9528 8.9122e+02     1.2562      0.159      0.231    14.5805 0.0000e+00
      0.162      0.001     9.4318     92.684     34.820  27.562491     0.2642      7.228   313.9654 1.0136e+03     1.3118      0.159      0.231    14.5801 0.0000e+00
      0.163      0.000     9.4299     92.668     34.811  27.556066     0.2686      7.225   313.8809 1.0379e+03     1.3848      0.160      0.233    14.5800 0.0000e+00
      0.164 1.8614e-08     9.4293     92.663     34.786  27.536551     0.2788      7.224   313.7910 1.0495e+03     1.3763      0.161      0.234    14.5796 0.0000e+00
      0.164 2.0475e-07     9.4306     92.669     34.764  27.517039     0.2868      7.224   313.7389 1.0835e+03     1.3306      0.161      0.233    14.5761 0.0000e+00
      0.163 2.0475e-07     9.4297     92.643     34.764  27.510629     0.2918      7.225   313.6809 9.9108e+02     1.2903      0.160      0.231    14.5732 0.0000e+00
      0.162 1.8614e-08     9.4227     92.553     34.788  27.522542     0.2940      7.227   313.6920 9.1709e+02     1.3159      0.159      0.230    14.5754 0.0000e+00
      0.162 1.6947e-09     9.4127     92.442     34.808  27.534078     0.2945      7.229   313.7876 1.0591e+03     1.3655      0.159      0.231    14.5777 0.0000e+00
      0.163 1.8159e-10     9.4051     92.369     34.793  27.523109     0.2884      7.230   313.8038 1.1807e+03     1.3408      0.159      0.231    14.5752 0.0000e+00
      0.163 3.1933e-10     9.4004     92.330     34.783  27.516915     0.2841      7.231   313.6293 1.1739e+03     1.2926      0.160      0.232    14.5653 0.0000e+00
      0.163 3.3601e-09     9.3984     92.317     34.788  27.522689     0.2890      7.232   313.3984 1.1909e+03     1.3015      0.160      0.233    14.5512 0.0000e+00
      0.162 3.6948e-08     9.3988     92.322     34.796  27.529415     0.2922      7.234   313.4217 1.2550e+03     1.3569      0.159      0.231    14.5440 0.0000e+00
      0.162 4.0642e-07     9.3995     92.329     34.803  27.534748     0.2955      7.236   313.6527 1.2322e+03     1.3522      0.159      0.230    14.5475 0.0000e+00
      0.162      0.000     9.4013     92.344     34.790  27.523676     0.2925      7.237   313.7828 9.6271e+02     1.3057      0.159      0.231    14.5531 0.0000e+00
      0.163      0.000     9.4048     92.371     34.791  27.522541     0.2653      7.237   313.8765 6.0065e+02     1.3132      0.159      0.231    14.5554 0.0000e+00
      0.164      0.001     9.4061     92.374     34.793  27.521020     0.2318      7.237   313.9247 6.7056e+02     1.3216      0.161      0.232    14.5561 0.0000e+00
      0.164      0.001     9.4023     92.326     34.778  27.505277     0.2195      7.236   313.8494 1.0277e+03     1.3151      0.161      0.233    14.5551 0.0000e+00
      0.163      0.000     9.3963     92.259     34.803  27.522689     0.2178      7.235   313.9132 1.1672e+03     1.3261      0.160      0.232    14.5542 0.0000e+00
      0.163 5.5081e-08     9.3931     92.224     34.829  27.541045     0.2107      7.232   314.0074 1.2524e+03     1.3323      0.160      0.232    14.5526 0.0000e+00
