Data/DataNotYetUploadedToEDI/Raw_CTD/2018_RawDownloads/050718_fcr30.cnv
* Sea-Bird SBE19plus  Data File:
* FileName = C:\DATA\050718_fcr_0003.hex
* Software version 2.6.3.104 SB_Terminal.dll
* Temperature SN = 7809
* Conductivity SN = 7809
* System UpLoad Time = May 07 2018 16:24:23
* <ApplicationData>
* <Seaterm232>
# nquan = 15
# nvalues = 916                         
# units = specified
# name 0 = depFM: Depth [fresh water, m]
# name 1 = dz/dtM: Descent Rate [m/s]
# name 2 = sbeox0Mg/L: Oxygen, SBE 43 [mg/l]
# name 3 = sbeox0PS: Oxygen, SBE 43 [% saturation]
# name 4 = specc: Specific Conductance [uS/cm]
# name 5 = c0uS/cm: Conductivity [uS/cm]
# name 6 = flECO-AFL: Fluorescence, WET Labs ECO-AFL/FL [mg/m^3]
# name 7 = ph: pH
# name 8 = orp: Oxidation Reduction Potential [mV]
# name 9 = par/sat/log: PAR/Logarithmic, Satlantic
# name 10 = turbWETntu0: Turbidity, WET Labs ECO [NTU]
# name 11 = prdM: Pressure, Strain Gauge [db]
# name 12 = prdE: Pressure, Strain Gauge [psi]
# name 13 = tv290C: Temperature [ITS-90, deg C]
# name 14 = flag:  0.000e+00
# span 0 =     -0.561,      5.452       
# span 1 =     -0.084,      0.293       
# span 2 =     5.6525,     9.7143       
# span 3 =     59.932,    101.690       
# span 4 =      0.611,     39.089       
# span 5 =   0.541337,  33.473132       
# span 6 =    -1.7169,     2.1914       
# span 7 =      6.201,      7.623       
# span 8 =   275.4850,  1240.2295       
# span 9 = 3.1296e+01, 2.2953e+03       
# span 10 =    -4.8067,    14.5565      
# span 11 =     -0.551,      5.347      
# span 12 =     -0.799,      7.756      
# span 13 =     8.7355,    19.4209      
# span 14 = 0.0000e+00, 0.0000e+00      
# interval = seconds: 0.25
# start_time = May 07 2018 15:15:24 [Instrument's time stamp, header]
# bad_flag = -9.990e-29
*END*
[from data line 386]
     -0.057     -0.000     8.3072     89.882     34.955  30.886075     0.7091      7.239   312.7150 2.1470e+03     0.8530     -0.056     -0.081    19.1764 0.0000e+00
     -0.056     -0.001     8.2887     89.682     34.939  30.872438     0.6997      7.241   312.8005 2.1540e+03     0.8404     -0.053     -0.077    19.1764 0.0000e+00
     -0.056     -0.001     8.2662     89.438     34.896  30.834572     0.7102      7.242   312.8674 2.1614e+03     0.8319     -0.055     -0.080    19.1762 0.0000e+00
     -0.056     -0.001     8.2447     89.206     34.868  30.809284     0.7159      7.243   312.9216 2.1768e+03     0.8425     -0.055     -0.079    19.1759 0.0000e+00
     -0.057     -0.001     8.2272     89.016     34.881  30.820718     0.7048      7.244   313.0258 2.1952e+03     0.8468     -0.056     -0.080    19.1756 0.0000e+00
     -0.058     -0.000     8.2125     88.856     34.909  30.845807     0.6949      7.246   313.0953 2.2061e+03     0.8231     -0.058     -0.084    19.1755 0.0000e+00
     -0.059      0.000     8.2031     88.756     34.923  30.858592     0.6977      7.247   312.9873 2.2143e+03     0.8304     -0.057     -0.083    19.1757 0.0000e+00
     -0.058      0.000     8.2056     88.783     34.912  30.848294     0.7019      7.247   312.8379 2.2107e+03     0.8729     -0.057     -0.082    19.1758 0.0000e+00
     -0.056      0.001     8.2173     88.910     34.912  30.848312     0.6990      7.248   312.8381 2.2083e+03     0.8804     -0.055     -0.079    19.1757 0.0000e+00
     -0.055      0.001     8.2299     89.047     34.923  30.858810     0.7002      7.250   312.9896 2.2146e+03     0.8591     -0.052     -0.077    19.1755 0.0000e+00
     -0.056      0.000     8.2427     89.187     34.910  30.848200     0.7076      7.250   313.0353 2.2156e+03     0.8290     -0.056     -0.082    19.1751 0.0000e+00
     -0.057     -0.000     8.2528     89.300     34.908  30.847045     0.7150      7.250   312.9593 2.2128e+03     0.8222     -0.056     -0.082    19.1751 0.0000e+00
     -0.057     -0.001     8.2530     89.303     34.905  30.844849     0.7345      7.249   312.9316 2.2170e+03     0.8372     -0.054     -0.079    19.1752 0.0000e+00
     -0.057     -0.001     8.2430     89.196     34.878  30.821653     0.7498      7.247   312.8729 2.2179e+03     0.8282     -0.057     -0.082    19.1762 0.0000e+00
     -0.056      0.000     8.2297     89.052     34.876  30.820603     0.7532      7.246   312.8523 2.2154e+03     0.8356     -0.056     -0.081    19.1777 0.0000e+00
     -0.056 -1.509e-08     8.2219     88.967     34.890  30.832159     0.7573      7.246   312.9401 2.2189e+03     0.8651     -0.055     -0.079    19.1789 0.0000e+00
     -0.056 -1.660e-07     8.2245     88.996     34.892  30.834354     0.7529      7.246   313.0744 2.2119e+03     0.8499     -0.056     -0.080    19.1800 0.0000e+00
     -0.057 2.0630e-07     8.2375     89.136     34.907  30.847149     0.7469      7.245   313.1859 2.2074e+03     0.8039     -0.055     -0.081    19.1808 0.0000e+00
     -0.058      0.000     8.2588     89.367     34.921  30.859850     0.7487      7.244   313.2551 2.2118e+03     0.7976     -0.056     -0.081    19.1809 0.0000e+00
     -0.058      0.000     8.2853     89.653     34.922  30.860910     0.7562      7.244   313.3087 2.1992e+03     0.8343     -0.057     -0.083    19.1807 0.0000e+00
     -0.057      0.001     8.3135     89.959     34.922  30.859955     0.7642      7.244   313.3181 2.1967e+03     0.8518     -0.055     -0.079    19.1806 0.0000e+00
     -0.056      0.001     8.3396     90.241     34.908  30.848314     0.7618      7.244   313.3682 2.2116e+03     0.8249     -0.056     -0.080    19.1801 0.0000e+00
     -0.056      0.001     8.3528     90.382     34.907  30.847169     0.7551      7.242   313.4837 2.2109e+03     0.8142     -0.057     -0.081    19.1802 0.0000e+00
     -0.055      0.000     8.3458     90.306     34.907  30.846111     0.7663      7.242   313.5103 2.2125e+03     0.8445     -0.052     -0.076    19.1803 0.0000e+00
     -0.055 -2.103e-13     8.3303     90.137     34.895  30.835518     0.7876      7.243   313.5181 2.2213e+03     0.8564     -0.053     -0.077    19.1801 0.0000e+00
     -0.056 -2.313e-12     8.3175     89.999     34.907  30.846111     0.7816      7.244   313.5779 2.2212e+03     0.8353     -0.057     -0.082    19.1800 0.0000e+00
     -0.056 -2.545e-11     8.3054     89.868     34.908  30.847170     0.7587      7.245   313.5448 2.2293e+03     0.8329     -0.055     -0.079    19.1796 0.0000e+00
     -0.056 -2.799e-10     8.2938     89.742     34.910  30.848324     0.7582      7.245   313.5488 2.2334e+03     0.8587     -0.054     -0.078    19.1791 0.0000e+00
     -0.057 -3.079e-09     8.2848     89.644     34.923  30.860061     0.7847      7.246   313.6254 2.2188e+03     0.8722     -0.057     -0.084    19.1789 0.0000e+00
     -0.055 -3.387e-08     8.2794     89.586     34.925  30.862065     0.8130      7.247   313.6117 2.2125e+03     0.8434     -0.053     -0.076    19.1787 0.0000e+00
     -0.054 -3.726e-07     8.2807     89.600     34.937  30.872552     0.8246      7.247   313.6408 2.2140e+03     0.7863     -0.051     -0.072    19.1786 0.0000e+00
     -0.056      0.000     8.2899     89.699     34.923  30.859851     0.8236      7.247   313.7189 2.2112e+03     0.7613     -0.057     -0.082    19.1784 0.0000e+00
     -0.056     -0.000     8.3039     89.851     34.895  30.835509     0.8200      7.247   313.6957 2.2129e+03     0.7851     -0.055     -0.080    19.1783 0.0000e+00
     -0.055     -0.000     8.3210     90.037     34.892  30.832264     0.8266      7.247   313.7047 2.2041e+03     0.7994     -0.053     -0.077    19.1784 0.0000e+00
     -0.056     -0.000     8.3395     90.237     34.878  30.820621     0.8291      7.248   313.8279 2.1485e+03     0.7814     -0.056     -0.082    19.1783 0.0000e+00
     -0.056 -9.479e-15     8.3541     90.394     34.879  30.821748     0.8140      7.249   313.8945 2.0693e+03     0.7815     -0.055     -0.080    19.1782 0.0000e+00
     -0.056 -1.043e-13     8.3644     90.506     34.907  30.845889     0.8099      7.249   313.9076 2.0083e+03     0.8303     -0.055     -0.078    19.1784 0.0000e+00
     -0.056 -1.147e-12     8.3691     90.557     34.921  30.858476     0.8262      7.250   313.9864 1.9194e+03     0.8837     -0.056     -0.081    19.1786 0.0000e+00
     -0.056 -1.262e-11     8.3630     90.490     34.908  30.846921     0.8360      7.250   314.0721 1.8644e+03     0.8775     -0.054     -0.079    19.1786 0.0000e+00
     -0.056 -1.388e-10     8.3487     90.335     34.893  30.833198     0.8264      7.249   314.0844 1.9221e+03     0.8165     -0.055     -0.078    19.1787 0.0000e+00
     -0.056 -1.527e-09     8.3344     90.180     34.877  30.819561     0.8110      7.247   314.0488 1.9817e+03     0.7880     -0.056     -0.082    19.1784 0.0000e+00
     -0.056 -1.679e-08     8.3269     90.100     34.866  30.809055     0.7971      7.245   314.0720 2.0323e+03     0.8682     -0.055     -0.080    19.1781 0.0000e+00
     -0.056 -1.847e-07     8.3294     90.127     34.893  30.833189     0.7782      7.243   314.1920 2.0890e+03     0.9922     -0.056     -0.081    19.1779 0.0000e+00
     -0.056 -1.693e-07     8.3361     90.199     34.920  30.857331     0.7657      7.242   314.2959 2.0805e+03     1.0667     -0.057     -0.082    19.1778 0.0000e+00
     -0.056 -9.479e-15     8.3415     90.259     34.908  30.846921     0.7662      7.241   314.2958 2.0405e+03     1.0980     -0.053     -0.076    19.1777 0.0000e+00
     -0.056 -1.043e-13     8.3460     90.309     34.893  30.834333     0.7653      7.241   314.2763 1.9787e+03     1.1561     -0.054     -0.078    19.1779 0.0000e+00
     -0.056 -1.147e-12     8.3512     90.366     34.891  30.832156     0.7638      7.240   314.3183 1.8562e+03     1.2507     -0.056     -0.082    19.1781 0.0000e+00
     -0.056 -1.262e-11     8.3568     90.427     34.877  30.820591     0.7578      7.240   314.2878 1.7568e+03     1.2967     -0.055     -0.079    19.1782 0.0000e+00
     -0.057 -1.388e-10     8.3585     90.447     34.877  30.821516     0.7488      7.240   314.1663 1.7519e+03     1.2851     -0.055     -0.080    19.1784 0.0000e+00
     -0.057 -1.527e-09     8.3512     90.368     34.902  30.843350     0.7369      7.239   314.1397 1.7456e+03     1.2324     -0.057     -0.083    19.1787 0.0000e+00
     -0.056 -1.679e-08     8.3359     90.202     34.887  30.830553     0.7144      7.239   314.2240 1.7546e+03     1.1783     -0.055     -0.080    19.1793 0.0000e+00
     -0.055 -1.847e-07     8.3197     90.027     34.845  30.793804     0.7064      7.238   314.3252 1.8541e+03     1.1494     -0.053     -0.077    19.1800 0.0000e+00
     -0.056 -1.693e-07     8.3052     89.871     34.830  30.780072     0.7050      7.238   314.3312 1.8847e+03     1.0963     -0.056     -0.081    19.1804 0.0000e+00
     -0.057 -1.138e-12     8.2877     89.682     34.843  30.791533     0.6890      7.238   314.2961 1.8514e+03     1.0548     -0.055     -0.080    19.1807 0.0000e+00
     -0.057 -1.251e-11     8.2671     89.460     34.859  30.805361     0.6872      7.238   314.4173 1.8749e+03     1.0451     -0.054     -0.080    19.1809 0.0000e+00
     -0.057 -1.377e-10     8.2487     89.262     34.875  30.820255     0.7018      7.238   314.5053 1.8429e+03     1.0400     -0.057     -0.083    19.1808 0.0000e+00
     -0.056 -1.514e-09     8.2387     89.154     34.902  30.844598     0.7089      7.237   314.4143 1.7811e+03     1.0536     -0.055     -0.080    19.1808 0.0000e+00
     -0.056 -1.666e-08     8.2416     89.186     34.903  30.845658     0.7086      7.236   314.3488 1.8126e+03     1.0570     -0.053     -0.077    19.1814 0.0000e+00
     -0.057 -1.832e-07     8.2537     89.318     34.889  30.833082     0.7076      7.234   314.4023 1.8700e+03     1.0508     -0.056     -0.082    19.1821 0.0000e+00
     -0.057 -1.680e-07     8.2646     89.436     34.873  30.819549     0.7057      7.233   314.4585 1.9239e+03     1.0705     -0.057     -0.081    19.1827 0.0000e+00
     -0.056 1.1468e-12     8.2671     89.462     34.862  30.809054     0.7039      7.232   314.3401 2.0017e+03     1.0813     -0.055     -0.079    19.1831 0.0000e+00
     -0.056 1.2615e-11     8.2621     89.408     34.889  30.833199     0.7039      7.231   314.1761 2.0621e+03     1.0593     -0.055     -0.080    19.1833 0.0000e+00
     -0.056 1.3876e-10     8.2557     89.338     34.916  30.857446     0.7056      7.231   314.1958 2.0918e+03     0.9874     -0.055     -0.080    19.1836 0.0000e+00
     -0.057 1.5264e-09     8.2524     89.302     34.906  30.848200     0.7064      7.231   314.2338 2.0973e+03     0.8831     -0.056     -0.081    19.1836 0.0000e+00
     -0.057 1.6790e-08     8.2531     89.311     34.906  30.848417     0.7049      7.231   314.1193 2.0779e+03     0.8355     -0.056     -0.082    19.1833 0.0000e+00
     -0.056 1.8469e-07     8.2576     89.359     34.919  30.860077     0.7059      7.232   314.0162 2.0557e+03     0.8391     -0.055     -0.080    19.1831 0.0000e+00
     -0.056 1.8429e-07     8.2639     89.427     34.921  30.862159     0.7000      7.233   314.0190 2.0207e+03     0.8361     -0.054     -0.079    19.1830 0.0000e+00
     -0.056 1.1881e-08     8.2692     89.484     34.934  30.873593     0.6882      7.236   314.0675 1.9905e+03     0.8289     -0.055     -0.080    19.1832 0.0000e+00
     -0.057 -3.726e-08     8.2722     89.516     34.932  30.871303     0.6832      7.238   314.0868 2.0269e+03     0.8438     -0.056     -0.081    19.1833 0.0000e+00
     -0.057 -4.098e-07     8.2717     89.511     34.890  30.834469     0.6948      7.239   314.0798 2.0899e+03     0.8642     -0.056     -0.081    19.1834 0.0000e+00
     -0.057      0.000     8.2674     89.464     34.862  30.809284     0.7188      7.240   314.1557 2.1169e+03     0.8622     -0.057     -0.082    19.1834 0.0000e+00
     -0.056      0.000     8.2643     89.430     34.875  30.820820     0.7333      7.241   314.3157 2.1439e+03     0.8495     -0.055     -0.079    19.1833 0.0000e+00
     -0.055     -0.001     8.2667     89.455     34.905  30.846949     0.7510      7.242   314.4654 2.1573e+03     0.8634     -0.053     -0.078    19.1831 0.0000e+00
     -0.056     -0.001     8.2702     89.494     34.932  30.871177     0.7670      7.243   314.5897 2.0848e+03     0.9075     -0.056     -0.081    19.1829 0.0000e+00
     -0.056     -0.001     8.2684     89.475     34.919  30.859726     0.7617      7.245   314.6133 2.0173e+03     0.8950     -0.055     -0.079    19.1828 0.0000e+00
     -0.058     -0.001     8.2629     89.415     34.891  30.835506     0.7508      7.246   314.4933 2.0373e+03     0.8339     -0.056     -0.081    19.1825 0.0000e+00
     -0.059     -0.001     8.2609     89.395     34.888  30.832367     0.7461      7.246   314.4293 2.0605e+03     0.8098     -0.061     -0.088    19.1824 0.0000e+00
     -0.058     -0.000     8.2636     89.425     34.875  30.821776     0.7511      7.246   314.4417 2.1003e+03     0.8175     -0.058     -0.085    19.1826 0.0000e+00
     -0.057      0.000     8.2657     89.448     34.889  30.834458     0.7561      7.246   314.4703 2.1719e+03     0.8362     -0.053     -0.078    19.1827 0.0000e+00
     -0.057      0.000     8.2629     89.418     34.917  30.858695     0.7418      7.247   314.6040 2.2064e+03     0.8212     -0.057     -0.083    19.1828 0.0000e+00
     -0.057      0.000     8.2547     89.330     34.919  30.860795     0.7165      7.247   314.7674 2.2190e+03     0.7889     -0.057     -0.085    19.1831 0.0000e+00
     -0.057      0.000     8.2476     89.253     34.918  30.859841     0.6977      7.247   314.8118 2.2317e+03     0.8113     -0.054     -0.077    19.1836 0.0000e+00
     -0.057     -0.000     8.2493     89.272     34.904  30.847168     0.6890      7.248   314.7960 2.2292e+03     0.8478     -0.056     -0.081    19.1838 0.0000e+00
     -0.058     -0.000     8.2573     89.358     34.890  30.834582     0.6941      7.248   314.8345 2.2153e+03     0.8646     -0.059     -0.086    19.1841 0.0000e+00
     -0.057     -0.001     8.2632     89.421     34.890  30.834677     0.6956      7.248   314.8465 2.2136e+03     0.8619     -0.054     -0.079    19.1843 0.0000e+00
     -0.057     -0.001     8.2653     89.444     34.905  30.848313     0.6882      7.247   314.8559 2.2180e+03     0.8462     -0.055     -0.079    19.1843 0.0000e+00
     -0.057     -0.001     8.2679     89.473     34.932  30.872447     0.6962      7.246   314.9477 2.2227e+03     0.8567     -0.058     -0.083    19.1841 0.0000e+00
     -0.057     -0.001     8.2734     89.531     34.932  30.872447     0.7193      7.244   315.0101 2.2432e+03     0.8672     -0.054     -0.079    19.1839 0.0000e+00
     -0.058     -0.001     8.2817     89.621     34.905  30.848304     0.7377      7.242   315.0071 2.2667e+03     0.8511     -0.056     -0.082    19.1841 0.0000e+00
     -0.059     -0.001     8.2913     89.725     34.890  30.834572     0.7443      7.240   314.9986 2.2792e+03     0.8451     -0.061     -0.088    19.1842 0.0000e+00
     -0.057     -0.001     8.2973     89.789     34.889  30.833427     0.7535      7.238   314.9935 2.2786e+03     0.8556     -0.056     -0.082    19.1841 0.0000e+00
     -0.057     -0.001     8.2992     89.809     34.890  30.834458     0.7388      7.236   314.9446 2.2640e+03     0.8566     -0.055     -0.079    19.1842 0.0000e+00
     -0.058     -0.000     8.3027     89.844     34.905  30.847045     0.6853      7.234   314.9239 2.2530e+03     0.8562     -0.058     -0.085    19.1841 0.0000e+00
     -0.058      0.001     8.3100     89.921     34.920  30.858601     0.6490      7.232   315.0018 2.2569e+03     0.8516     -0.056     -0.082    19.1839 0.0000e+00
     -0.058      0.001     8.3207     90.034     34.908  30.847159     0.6399      7.231   315.1128 2.2549e+03     0.8316     -0.056     -0.081    19.1835 0.0000e+00
