Data/DataNotYetUploadedToEDI/Raw_CTD/2018_RawDownloads/050718_fcr30.cnv
* Sea-Bird SBE19plus  Data File:
* FileName = C:\DATA\050718_fcr_0003.hex
* Software version 2.6.3.104 SB_Terminal.dll
* Temperature SN = 7809
* Conductivity SN = 7809
* System UpLoad Time = May 07 2018 16:24:23
* <ApplicationData>
* <Seaterm232>
# nquan = 15
# nvalues = 916                         
# units = specified
# name 0 = depFM: Depth [fresh water, m]
# name 1 = dz/dtM: Descent Rate [m/s]
# name 2 = sbeox0Mg/L: Oxygen, SBE 43 [mg/l]
# name 3 = sbeox0PS: Oxygen, SBE 43 [% saturation]
# name 4 = specc: Specific Conductance [uS/cm]
# name 5 = c0uS/cm: Conductivity [uS/cm]
# name 6 = flECO-AFL: Fluorescence, WET Labs ECO-AFL/FL [mg/m^3]
# name 7 = ph: pH
# name 8 = orp: Oxidation Reduction Potential [mV]
# name 9 = par/sat/log: PAR/Logarithmic, Satlantic
# name 10 = turbWETntu0: Turbidity, WET Labs ECO [NTU]
# name 11 = prdM: Pressure, Strain Gauge [db]
# name 12 = prdE: Pressure, Strain Gauge [psi]
# name 13 = tv290C: Temperature [ITS-90, deg C]
# name 14 = flag:  0.000e+00
# span 0 =     -0.561,      5.452       
# span 1 =     -0.084,      0.293       
# span 2 =     5.6525,     9.7143       
# span 3 =     59.932,    101.690       
# span 4 =      0.611,     39.089       
# span 5 =   0.541337,  33.473132       
# span 6 =    -1.7169,     2.1914       
# span 7 =      6.201,      7.623       
# span 8 =   275.4850,  1240.2295       
# span 9 = 3.1296e+01, 2.2953e+03       
# span 10 =    -4.8067,    14.5565      
# span 11 =     -0.551,      5.347      
# span 12 =     -0.799,      7.756      
# span 13 =     8.7355,    19.4209      
# span 14 = 0.0000e+00, 0.0000e+00      
# interval = seconds: 0.25
# start_time = May 07 2018 15:15:24 [Instrument's time stamp, header]
# bad_flag = -9.990e-29
*END*
[from data line 97]
     -0.075     -0.008     7.3191     79.530     36.047  32.004268     0.7516      7.224   299.4016 5.9772e+02     0.8751     -0.076     -0.110    19.3790 0.0000e+00
     -0.072     -0.001     7.2890     79.220     35.999  31.969200     0.7461      7.228   299.5239 7.7284e+02     0.8514     -0.071     -0.102    19.3722 0.0000e+00
     -0.070      0.004     7.2518     78.823     36.000  31.973195     0.7413      7.231   299.6441 6.0140e+02     0.8099     -0.065     -0.095    19.3682 0.0000e+00
     -0.072      0.004     7.2072     78.337     36.019  31.989060     0.7485      7.231   299.6503 5.2553e+02     0.8011     -0.072     -0.106    19.3723 0.0000e+00
     -0.072      0.002     7.1575     77.795     35.999  31.970481     0.7595      7.233   299.5983 6.2011e+02     0.8367     -0.074     -0.108    19.3877 0.0000e+00
     -0.067     -0.001     7.1013     77.182     35.964  31.939096     0.7638      7.236   299.6189 5.2063e+02     0.8740     -0.064     -0.093    19.4012 0.0000e+00
     -0.064     -0.002     7.0416     76.531     35.951  31.927142     0.7639      7.240   299.6415 4.1632e+02     0.8550     -0.059     -0.084    19.4040 0.0000e+00
     -0.069     -0.000     6.9826     75.889     35.981  31.952974     0.7790      7.245   299.6130 4.4921e+02     0.8218     -0.068     -0.098    19.4022 0.0000e+00
     -0.076      0.002     6.9221     75.229     36.032  31.997374     0.8085      7.250   299.6184 5.4467e+02     0.8381     -0.078     -0.113    19.4011 0.0000e+00
     -0.076      0.003     6.8623     74.579     36.057  32.019408     0.8270      7.253   299.6206 5.8470e+02     0.8683     -0.077     -0.111    19.3999 0.0000e+00
     -0.072      0.006     6.8072     73.980     36.067  32.028845     0.8273      7.255   299.6394 4.9910e+02     0.8820     -0.069     -0.101    19.3991 0.0000e+00
     -0.067      0.009     6.7548     73.415     36.087  32.047975     0.8029      7.258   299.6741 4.0240e+02     0.8821     -0.066     -0.095    19.3981 0.0000e+00
     -0.062      0.010     6.7051     72.885     36.095  32.060167     0.7706      7.261   299.6964 3.3788e+02     0.8693     -0.060     -0.086    19.3966 0.0000e+00
     -0.059      0.008     6.6596     72.403     36.076  32.049246     0.7600      7.265   299.9094 3.1013e+02     0.8495     -0.056     -0.081    19.3963 0.0000e+00
     -0.059      0.004     6.6186     71.963     36.065  32.042952     0.7663      7.265   300.2699 3.4177e+02     0.8250     -0.058     -0.084    19.3963 0.0000e+00
     -0.059      0.001     6.5826     71.571     36.070  32.047581     0.7723      7.262   300.5279 3.9560e+02     0.8179     -0.058     -0.084    19.3974 0.0000e+00
     -0.060     -0.003     6.5518     71.235     36.065  32.041703     0.7691      7.256   300.6192 4.5385e+02     0.8243     -0.059     -0.085    19.4056 0.0000e+00
     -0.060     -0.006     6.5227     70.916     36.059  32.035396     0.7637      7.251   300.5994 4.9241e+02     0.8419     -0.060     -0.087    19.4166 0.0000e+00
     -0.061     -0.008     6.4937     70.597     36.060  32.034827     0.7627      7.250   300.5464 5.8713e+02     0.8777     -0.059     -0.086    19.4203 0.0000e+00
     -0.064     -0.008     6.4665     70.298     36.063  32.034827     0.7747      7.255   300.4945 7.3747e+02     0.8907     -0.061     -0.090    19.4184 0.0000e+00
     -0.069     -0.008     6.4416     70.024     36.065  32.035396     0.7990      7.260   300.5742 7.1998e+02     0.8779     -0.068     -0.098    19.4171 0.0000e+00
     -0.073     -0.007     6.4156     69.739     36.074  32.041706     0.8090      7.264   300.7358 6.1535e+02     0.8752     -0.073     -0.104    19.4159 0.0000e+00
     -0.074     -0.005     6.3865     69.421     36.082  32.047602     0.8033      7.267   300.8135 6.4542e+02     0.8585     -0.072     -0.105    19.4136 0.0000e+00
     -0.074     -0.002     6.3572     69.102     36.077  32.043182     0.7672      7.270   300.9110 6.4902e+02     0.7977     -0.072     -0.104    19.4108 0.0000e+00
     -0.073      0.000     6.3292     68.797     36.087  32.051766     0.6933      7.273   301.0550 5.3176e+02     0.7502     -0.072     -0.105    19.4081 0.0000e+00
     -0.072      0.002     6.3034     68.517     36.127  32.087884     0.6446      7.275   301.2633 4.5009e+02     0.7730     -0.070     -0.101    19.4065 0.0000e+00
     -0.071      0.002     6.2796     68.260     36.139  32.098807     0.6468      7.275   301.5376 4.3867e+02     0.8290     -0.071     -0.101    19.4043 0.0000e+00
     -0.071      0.002     6.2573     68.018     36.090  32.056811     0.6652      7.274   301.7045 4.4470e+02     0.8476     -0.072     -0.104    19.4040 0.0000e+00
     -0.070      0.001     6.2373     67.800     36.054  32.024698     0.6647      7.272   301.8175 4.7719e+02     0.8145     -0.067     -0.098    19.4050 0.0000e+00
     -0.070      0.001     6.2193     67.603     36.059  32.028087     0.6510      7.272   301.9584 5.0348e+02     0.7951     -0.068     -0.098    19.4048 0.0000e+00
     -0.071      0.001     6.2025     67.420     36.067  32.034278     0.6459      7.272   301.9454 4.6111e+02     0.8268     -0.071     -0.103    19.4065 0.0000e+00
     -0.070      0.000     6.1863     67.243     36.070  32.036038     0.6487      7.273   301.8326 4.1228e+02     0.8614     -0.069     -0.099    19.4080 0.0000e+00
     -0.070 -4.095e-07     6.1693     67.058     36.085  32.049371     0.6582      7.274   301.7986 4.0620e+02     0.8472     -0.068     -0.099    19.4068 0.0000e+00
     -0.070      0.000     6.1513     66.861     36.106  32.068463     0.6684      7.275   301.7927 4.1060e+02     0.8079     -0.069     -0.100    19.4053 0.0000e+00
     -0.070      0.000     6.1335     66.669     36.115  32.076337     0.6798      7.277   301.8471 4.2951e+02     0.8134     -0.069     -0.100    19.4044 0.0000e+00
     -0.069     -0.001     6.1154     66.470     36.120  32.081070     0.7046      7.279   301.9396 5.4574e+02     0.8530     -0.070     -0.101    19.4042 0.0000e+00
     -0.069     -0.001     6.0974     66.274     36.100  32.062180     0.7467      7.279   301.9653 7.2756e+02     0.8597     -0.065     -0.095    19.4039 0.0000e+00
     -0.070     -0.001     6.0816     66.104     36.073  32.038460     0.7849      7.279   302.0710 9.1817e+02     0.8337     -0.067     -0.099    19.4032 0.0000e+00
     -0.072      0.000     6.0675     65.953     36.083  32.048323     0.7996      7.280   302.1851 1.1765e+03     0.8128     -0.073     -0.106    19.4041 0.0000e+00
     -0.072      0.000     6.0544     65.810     36.089  32.054417     0.8051      7.281   302.1411 1.2669e+03     0.8207     -0.069     -0.100    19.4043 0.0000e+00
     -0.072      0.000     6.0429     65.685     36.083  32.048625     0.7871      7.281   302.1413 1.2559e+03     0.8373     -0.070     -0.102    19.4019 0.0000e+00
     -0.071      0.001     6.0349     65.599     36.075  32.041809     0.7381      7.280   302.1873 1.5099e+03     0.8306     -0.071     -0.104    19.4025 0.0000e+00
     -0.068      0.001     6.0284     65.529     36.067  32.035524     0.6994      7.277   302.1815 1.5844e+03     0.8305     -0.064     -0.092    19.4057 0.0000e+00
     -0.069      0.000     6.0202     65.442     36.067  32.036141     0.6863      7.273   302.3293 1.4609e+03     0.8367     -0.066     -0.097    19.4052 0.0000e+00
     -0.071     -0.000     6.0144     65.384     36.079  32.049270     0.6808      7.268   302.5977 1.5425e+03     0.8452     -0.073     -0.105    19.4052 0.0000e+00
     -0.069     -0.001     6.0118     65.359     36.097  32.067234     0.6603      7.261   302.6723 1.2815e+03     0.8714     -0.068     -0.098    19.4066 0.0000e+00
     -0.069     -0.001     6.0050     65.288     36.090  32.062814     0.6413      7.257   302.6298 7.0217e+02     0.8480     -0.067     -0.097    19.4049 0.0000e+00
     -0.070      0.000     5.9930     65.160     36.084  32.059341     0.6434      7.257   302.6854 4.3491e+02     0.8073     -0.070     -0.102    19.4065 0.0000e+00
     -0.070      0.000     5.9788     65.006     36.116  32.088757     0.6493      7.260   302.7434 4.0726e+02     0.8363     -0.068     -0.098    19.4116 0.0000e+00
     -0.071      0.000     5.9638     64.844     36.130  32.100930     0.6479      7.264   302.8146 4.0355e+02     0.8943     -0.070     -0.099    19.4138 0.0000e+00
     -0.071      0.000     5.9508     64.704     36.106  32.079501     0.6452      7.266   302.8582 4.0297e+02     0.8980     -0.072     -0.103    19.4163 0.0000e+00
     -0.071 -1.187e-20     5.9391     64.576     36.111  32.083703     0.6451      7.264   302.7538 3.9999e+02     0.8507     -0.068     -0.098    19.4190 0.0000e+00
     -0.071 -1.306e-19     5.9282     64.457     36.116  32.088228     0.6465      7.264   302.8424 3.9634e+02     0.8098     -0.069     -0.099    19.4188 0.0000e+00
     -0.071 -1.436e-18     5.9208     64.377     36.096  32.070700     0.6519      7.267   303.1560 3.9334e+02     0.8007     -0.072     -0.104    19.4195 0.0000e+00
     -0.070 -1.580e-17     5.9169     64.333     36.088  32.062305     0.6646      7.269   303.2756 3.9066e+02     0.8316     -0.067     -0.098    19.4209 0.0000e+00
     -0.070 -1.738e-16     5.9157     64.318     36.075  32.050236     0.6717      7.269   303.2555 3.9005e+02     0.8480     -0.068     -0.098    19.4193 0.0000e+00
     -0.071 -1.912e-15     5.9164     64.323     36.078  32.051798     0.6557      7.268   303.3430 3.8914e+02     0.8465     -0.072     -0.104    19.4190 0.0000e+00
     -0.071 -2.103e-14     5.9184     64.343     36.112  32.081185     0.6452      7.266   303.4738 3.8846e+02     0.8753     -0.069     -0.100    19.4197 0.0000e+00
     -0.070 -2.313e-13     5.9189     64.347     36.120  32.088000     0.6551      7.266   303.5472 3.9067e+02     0.8901     -0.068     -0.098    19.4180 0.0000e+00
     -0.070 -2.544e-12     5.9164     64.319     36.102  32.070679     0.6564      7.268   303.6277 3.9199e+02     0.8730     -0.069     -0.100    19.4162 0.0000e+00
     -0.070 -2.799e-11     5.9129     64.281     36.093  32.062293     0.6519      7.270   303.6725 3.9180e+02     0.8517     -0.068     -0.099    19.4151 0.0000e+00
     -0.070 -3.079e-10     5.9084     64.231     36.080  32.050121     0.6367      7.270   303.6595 3.9200e+02     0.8471     -0.069     -0.098    19.4138 0.0000e+00
     -0.070 -3.386e-09     5.9016     64.156     36.081  32.050529     0.6105      7.270   303.7278 3.9170e+02     0.8775     -0.070     -0.100    19.4128 0.0000e+00
     -0.070 -3.725e-08     5.8906     64.036     36.100  32.067214     0.6014      7.269   303.8959 3.9127e+02     0.8834     -0.069     -0.101    19.4122 0.0000e+00
     -0.070 -4.097e-07     5.8774     63.892     36.094  32.061336     0.6005      7.269   304.0578 3.9132e+02     0.8580     -0.069     -0.100    19.4116 0.0000e+00
     -0.070     -0.000     5.8627     63.731     36.074  32.042966     0.5904      7.271   304.1369 3.9112e+02     0.8449     -0.069     -0.100    19.4107 0.0000e+00
     -0.069     -0.000     5.8448     63.536     36.066  32.035640     0.5804      7.273   304.0784 3.9018e+02     0.8471     -0.068     -0.098    19.4101 0.0000e+00
     -0.069     -0.001     5.8263     63.335     36.067  32.036274     0.5804      7.276   303.9520 3.8787e+02     0.8842     -0.067     -0.097    19.4096 0.0000e+00
     -0.070     -0.001     5.8080     63.135     36.084  32.050633     0.5810      7.279   303.9852 3.8526e+02     0.8972     -0.069     -0.100    19.4088 0.0000e+00
     -0.071     -0.001     5.7895     62.933     36.120  32.082227     0.5783      7.282   304.0499 3.8563e+02     0.8510     -0.070     -0.101    19.4087 0.0000e+00
     -0.072     -0.001     5.7726     62.748     36.141  32.100712     0.5847      7.283   304.0450 3.8903e+02     0.8142     -0.070     -0.101    19.4084 0.0000e+00
     -0.072      0.000     5.7571     62.578     36.122  32.083602     0.5938      7.282   304.0981 3.9104e+02     0.8178     -0.072     -0.104    19.4075 0.0000e+00
     -0.071      0.002     5.7419     62.413     36.103  32.065886     0.5969      7.279   304.1768 3.9064e+02     0.8648     -0.070     -0.101    19.4073 0.0000e+00
     -0.070      0.003     5.7292     62.273     36.116  32.077037     0.5946      7.277   304.3075 3.8843e+02     0.8944     -0.067     -0.097    19.4066 0.0000e+00
     -0.070      0.004     5.7176     62.146     36.133  32.091404     0.5840      7.278   304.3884 3.8130e+02     0.8705     -0.069     -0.100    19.4057 0.0000e+00
     -0.069      0.005     5.7053     62.012     36.157  32.112570     0.5787      7.280   304.4655 3.6697e+02     0.8509     -0.068     -0.098    19.4054 0.0000e+00
     -0.067      0.005     5.6935     61.884     36.191  32.142421     0.5859      7.281   304.5513 3.4764e+02     0.8401     -0.065     -0.094    19.4047 0.0000e+00
     -0.065      0.004     5.6812     61.750     36.182  32.134766     0.5887      7.284   304.4795 3.3139e+02     0.8312     -0.064     -0.092    19.4035 0.0000e+00
     -0.064      0.003     5.6657     61.582     36.124  32.083528     0.5850      7.286   304.5443 3.2574e+02     0.8342     -0.063     -0.091    19.4025 0.0000e+00
     -0.063      0.001     5.6528     61.440     35.851  31.840472     0.5869      7.287   304.8187 3.3381e+02     0.8466     -0.061     -0.089    19.4025 0.0000e+00
     -0.063     -0.001     5.6525     61.422     35.315  31.355342     0.5939      7.286   305.0443 3.6181e+02     0.8596     -0.061     -0.088    19.4021 0.0000e+00
     -0.064     -0.003     5.6871     61.752     34.923  30.981100     0.5963      7.285   305.2068 4.2896e+02     0.8382     -0.063     -0.091    19.4018 0.0000e+00
     -0.066     -0.003     5.8311     63.243     34.843  30.872037     0.6067      7.282   305.3218 8.4834e+02     0.8021     -0.065     -0.095    19.4025 0.0000e+00
     -0.067     -0.002     6.1589     66.731     34.871  30.862222     0.6269      7.279   305.4013 1.6371e+03     0.7894     -0.066     -0.096    19.4040 0.0000e+00
     -0.068      0.000     6.6539     72.050     34.896  30.862375     0.6391      7.275   305.3938 2.1390e+03     0.8059     -0.066     -0.096    19.4001 0.0000e+00
     -0.068      0.001     7.2384     78.353     34.922  30.873860     0.6530      7.270   305.3171 2.2248e+03     0.8496     -0.068     -0.098    19.3606 0.0000e+00
     -0.066      0.002     7.8334     84.780     34.929  30.874063     0.6759      7.266   305.3341 2.2258e+03     0.8601     -0.065     -0.094    19.2912 0.0000e+00
     -0.064      0.002     8.3801     90.688     34.923  30.864815     0.6945      7.264   305.4279 2.2265e+03     0.8414     -0.062     -0.090    19.2386 0.0000e+00
     -0.064      0.002     8.8381     95.640     34.953  30.889062     0.6948      7.264   305.5039 2.2218e+03     0.8364     -0.061     -0.089    19.2107 0.0000e+00
     -0.065      0.002     9.1715     99.244     34.982  30.913205     0.6886      7.265   305.5644 2.2214e+03     0.8307     -0.063     -0.093    19.1964 0.0000e+00
     -0.065      0.001     9.3540    101.215     34.970  30.902691     0.6835      7.267   305.6439 2.2255e+03     0.8031     -0.064     -0.093    19.1891 0.0000e+00
     -0.064      0.001     9.3980    101.690     34.955  30.888951     0.6700      7.270   305.6908 2.2241e+03     0.7775     -0.063     -0.091    19.1846 0.0000e+00
     -0.063      0.001     9.3501    101.170     34.939  30.874088     0.6627      7.271   305.6147 2.2339e+03     0.7952     -0.062     -0.089    19.1818 0.0000e+00
     -0.063      0.001     9.2598    100.192     34.912  30.849996     0.6697      7.271   305.4985 2.2687e+03     0.8335     -0.060     -0.087    19.1800 0.0000e+00
     -0.064      0.001     9.1602     99.113     34.915  30.851695     0.6712      7.271   305.4045 2.2953e+03     0.8746     -0.064     -0.093    19.1793 0.0000e+00
