Data/DataNotYetUploadedToEDI/Raw_CTD/2018_RawDownloads/050718_fcr30.cnv
* Sea-Bird SBE19plus  Data File:
* FileName = C:\DATA\050718_fcr_0003.hex
* Software version 2.6.3.104 SB_Terminal.dll
* Temperature SN = 7809
* Conductivity SN = 7809
* System UpLoad Time = May 07 2018 16:24:23
* <ApplicationData>
* <Seaterm232>
# nquan = 15
# nvalues = 916                         
# units = specified
# name 0 = depFM: Depth [fresh water, m]
# name 1 = dz/dtM: Descent Rate [m/s]
# name 2 = sbeox0Mg/L: Oxygen, SBE 43 [mg/l]
# name 3 = sbeox0PS: Oxygen, SBE 43 [% saturation]
# name 4 = specc: Specific Conductance [uS/cm]
# name 5 = c0uS/cm: Conductivity [uS/cm]
# name 6 = flECO-AFL: Fluorescence, WET Labs ECO-AFL/FL [mg/m^3]
# name 7 = ph: pH
# name 8 = orp: Oxidation Reduction Potential [mV]
# name 9 = par/sat/log: PAR/Logarithmic, Satlantic
# name 10 = turbWETntu0: Turbidity, WET Labs ECO [NTU]
# name 11 = prdM: Pressure, Strain Gauge [db]
# name 12 = prdE: Pressure, Strain Gauge [psi]
# name 13 = tv290C: Temperature [ITS-90, deg C]
# name 14 = flag:  0.000e+00
# span 0 =     -0.561,      5.452       
# span 1 =     -0.084,      0.293       
# span 2 =     5.6525,     9.7143       
# span 3 =     59.932,    101.690       
# span 4 =      0.611,     39.089       
# span 5 =   0.541337,  33.473132       
# span 6 =    -1.7169,     2.1914       
# span 7 =      6.201,      7.623       
# span 8 =   275.4850,  1240.2295       
# span 9 = 3.1296e+01, 2.2953e+03       
# span 10 =    -4.8067,    14.5565      
# span 11 =     -0.551,      5.347      
# span 12 =     -0.799,      7.756      
# span 13 =     8.7355,    19.4209      
# span 14 = 0.0000e+00, 0.0000e+00      
# interval = seconds: 0.25
# start_time = May 07 2018 15:15:24 [Instrument's time stamp, header]
# bad_flag = -9.990e-29
*END*
[from data line 482]
     -0.058      0.001     8.3349     90.186     34.909  30.847273     0.6447      7.232   315.3343 2.2583e+03     0.8424     -0.057     -0.082    19.1817 0.0000e+00
     -0.056      0.001     8.3355     90.192     34.924  30.859860     0.6472      7.233   315.3069 2.2690e+03     0.8485     -0.054     -0.078    19.1803 0.0000e+00
     -0.055      0.002     8.3340     90.175     34.925  30.860891     0.6510      7.236   315.1601 2.2641e+03     0.8417     -0.054     -0.079    19.1793 0.0000e+00
     -0.055      0.002     8.3315     90.148     34.923  30.859737     0.6536      7.238   315.1076 2.2545e+03     0.8518     -0.053     -0.077    19.1781 0.0000e+00
     -0.056      0.001     8.3252     90.081     34.907  30.845899     0.6521      7.240   315.1893 2.2525e+03     0.8786     -0.055     -0.079    19.1773 0.0000e+00
     -0.056     -0.002     8.3127     89.947     34.878  30.820602     0.6502      7.242   315.2012 2.2409e+03     0.8606     -0.057     -0.082    19.1773 0.0000e+00
     -0.054     -0.005     8.2963     89.770     34.864  30.807900     0.6490      7.245   315.0793 2.2125e+03     0.8175     -0.052     -0.075    19.1773 0.0000e+00
     -0.053     -0.007     8.2798     89.593     34.876  30.819341     0.6475      7.248   315.0058 2.1862e+03     0.8153     -0.049     -0.071    19.1776 0.0000e+00
     -0.057     -0.008     8.2662     89.446     34.890  30.831920     0.6496      7.249   315.0013 2.1515e+03     0.8343     -0.055     -0.079    19.1781 0.0000e+00
     -0.063     -0.006     8.2549     89.324     34.891  30.832968     0.6562      7.248   315.0245 2.0308e+03     0.8335     -0.062     -0.090    19.1786 0.0000e+00
     -0.068     -0.002     8.2493     89.263     34.890  30.832022     0.6542      7.243   315.1145 1.7623e+03     0.8058     -0.068     -0.099    19.1792 0.0000e+00
     -0.069      0.005     8.2532     89.305     34.877  30.820477     0.6438      7.240   315.1425 1.4379e+03     0.7735     -0.070     -0.102    19.1796 0.0000e+00
     -0.065      0.015     8.2628     89.410     34.877  30.820392     0.6403      7.238   315.1047 1.2840e+03     0.7785     -0.065     -0.093    19.1799 0.0000e+00
     -0.059      0.026     8.2735     89.526     34.889  30.830993     0.6401      7.236   315.0021 1.3197e+03     0.8353     -0.057     -0.083    19.1800 0.0000e+00
     -0.051      0.037     8.2845     89.644     34.878  30.821641     0.6418      7.234   314.7616 1.1325e+03     0.8798     -0.051     -0.076    19.1800 0.0000e+00
     -0.041      0.048     8.2927     89.733     34.892  30.834333     0.6508      7.231   314.6066 6.8493e+02     0.8600     -0.042     -0.061    19.1800 0.0000e+00
     -0.028      0.058     8.2967     89.776     34.919  30.857435     0.6669      7.227   314.4192 4.3441e+02     0.8396     -0.028     -0.041    19.1800 0.0000e+00
     -0.012      0.064     8.2982     89.791     34.908  30.846939     0.6895      7.224   313.7857 3.7944e+02     0.8472     -0.013     -0.019    19.1800 0.0000e+00
      0.008      0.069     8.2988     89.797     34.894  30.834438     0.7026      7.224   313.0555 3.8604e+02     0.8605      0.007      0.009    19.1799 0.0000e+00
      0.031      0.070     8.3039     89.852     34.893  30.833302     0.7066      7.225   312.6457 6.9187e+02     0.8785      0.032      0.046    19.1799 0.0000e+00
      0.051      0.068     8.3164     89.987     34.893  30.833199     0.7002      7.226   312.4442 1.3400e+03     0.8812      0.052      0.075    19.1799 0.0000e+00
      0.066      0.065     8.3349     90.187     34.893  30.833189     0.6894      7.226   312.2547 1.7622e+03     0.8635      0.064      0.093    19.1795 0.0000e+00
      0.080      0.060     8.3577     90.432     34.893  30.833188     0.6963      7.226   311.9896 1.7380e+03     0.8472      0.079      0.115    19.1790 0.0000e+00
      0.094      0.057     8.3808     90.682     34.893  30.833189     0.7101      7.226   311.8205 1.5915e+03     0.8367      0.092      0.134    19.1785 0.0000e+00
      0.107      0.055     8.4006     90.896     34.893  30.833199     0.7177      7.223   311.8447 1.1836e+03     0.8284      0.105      0.153    19.1782 0.0000e+00
      0.121      0.052     8.4184     91.089     34.893  30.833304     0.7340      7.219   311.8512 6.1911e+02     0.8381      0.120      0.172    19.1780 0.0000e+00
      0.136      0.048     8.4367     91.286     34.895  30.834459     0.7600      7.217   311.7273 3.5088e+02     0.8626      0.132      0.192    19.1778 0.0000e+00
      0.151      0.044     8.4538     91.471     34.910  30.847159     0.7739      7.218   311.7233 3.0928e+02     0.8799      0.149      0.216    19.1778 0.0000e+00
      0.161      0.042     8.4712     91.657     34.925  30.859842     0.7744      7.220   311.8884 3.0486e+02     0.8644      0.160      0.234    19.1776 0.0000e+00
      0.166      0.042     8.4893     91.852     34.926  30.860787     0.7835      7.221   311.9167 3.0552e+02     0.8285      0.161      0.234    19.1775 0.0000e+00
      0.173      0.044     8.5020     91.989     34.924  30.858582     0.8107      7.224   311.8076 2.9941e+02     0.8115      0.168      0.243    19.1772 0.0000e+00
      0.185      0.047     8.5087     92.060     34.896  30.833189     0.8285      7.225   311.7745 2.9661e+02     0.8108      0.182      0.263    19.1768 0.0000e+00
      0.200      0.051     8.5128     92.103     34.867  30.807797     0.8240      7.224   311.8602 2.9173e+02     0.8200      0.196      0.283    19.1764 0.0000e+00
      0.215      0.053     8.5090     92.061     34.865  30.805592     0.8197      7.224   311.9833 2.7988e+02     0.8318      0.210      0.305    19.1754 0.0000e+00
      0.231      0.053     8.4984     91.946     34.866  30.806527     0.8317      7.224   312.0585 2.7013e+02     0.8310      0.226      0.328    19.1745 0.0000e+00
      0.247      0.048     8.4901     91.855     34.881  30.819105     0.8403      7.226   312.0809 2.5893e+02     0.8416      0.244      0.354    19.1742 0.0000e+00
      0.259      0.041     8.4859     91.809     34.895  30.830659     0.8323      7.229   312.0824 2.5290e+02     0.8676      0.255      0.371    19.1736 0.0000e+00
      0.268      0.032     8.4831     91.779     34.882  30.819217     0.8266      7.233   312.2480 2.4882e+02     0.8709      0.262      0.381    19.1729 0.0000e+00
      0.275      0.024     8.4811     91.757     34.869  30.807775     0.8267      7.235   312.6206 2.4023e+02     0.8510      0.272      0.395    19.1728 0.0000e+00
      0.279      0.018     8.4799     91.744     34.882  30.819322     0.8242      7.237   312.8878 2.4231e+02     0.8408      0.274      0.398    19.1726 0.0000e+00
      0.280      0.015     8.4821     91.768     34.897  30.831814     0.8245      7.239   312.8983 2.4747e+02     0.8391      0.273      0.397    19.1722 0.0000e+00
      0.281      0.012     8.4897     91.850     34.897  30.831805     0.8490      7.240   312.8333 2.4858e+02     0.8302      0.276      0.400    19.1720 0.0000e+00
      0.284      0.011     8.4970     91.928     34.882  30.819210     0.8812      7.241   312.7904 2.5265e+02     0.8254      0.278      0.403    19.1719 0.0000e+00
      0.289      0.011     8.5005     91.965     34.868  30.806536     0.8921      7.243   312.8096 2.5035e+02     0.8112      0.285      0.413    19.1720 0.0000e+00
      0.294      0.013     8.5015     91.976     34.867  30.805591     0.8971      7.244   313.0646 2.4328e+02     0.8102      0.290      0.421    19.1719 0.0000e+00
      0.295      0.016     8.5000     91.959     34.870  30.807786     0.8962      7.244   313.4652 2.4228e+02     0.8441      0.289      0.420    19.1716 0.0000e+00
      0.296      0.019     8.4956     91.912     34.899  30.833075     0.8909      7.237   313.6957 2.4099e+02     0.8556      0.289      0.419    19.1714 0.0000e+00
      0.300      0.021     8.4915     91.865     34.927  30.857323     0.8877      7.225   313.7865 2.3746e+02     0.8268      0.293      0.424    19.1710 0.0000e+00
      0.309      0.022     8.4890     91.835     34.916  30.846932     0.8855      7.214   313.9607 2.3685e+02     0.8009      0.302      0.438    19.1708 0.0000e+00
      0.319      0.023     8.4849     91.788     34.903  30.834448     0.9001      7.209   314.1663 2.3751e+02     0.8164      0.313      0.455    19.1707 0.0000e+00
      0.326      0.024     8.4786     91.718     34.903  30.833408     0.9269      7.210   314.4663 2.3560e+02     0.8319      0.321      0.466    19.1706 0.0000e+00
      0.329      0.025     8.4731     91.656     34.905  30.834345     0.9428      7.215   314.9205 2.3780e+02     0.8056      0.323      0.469    19.1699 0.0000e+00
      0.332      0.027     8.4721     91.644     34.918  30.845777     0.9455      7.220   315.2698 2.4544e+02     0.7736      0.324      0.470    19.1679 0.0000e+00
      0.337      0.031     8.4775     91.701     34.918  30.844612     0.9513      7.225   315.5929 2.3982e+02     0.7802      0.330      0.478    19.1665 0.0000e+00
      0.346      0.039     8.4863     91.796     34.890  30.820259     0.9573      7.227   316.1594 2.3051e+02     0.8245      0.337      0.489    19.1657 0.0000e+00
      0.359      0.049     8.4949     91.891     34.872  30.805354     0.9542      7.226   316.6987 2.2960e+02     0.8515      0.351      0.509    19.1646 0.0000e+00
      0.372      0.059     8.5028     91.977     34.857  30.791412     0.9499      7.226   316.8656 2.2190e+02     0.8318      0.366      0.532    19.1636 0.0000e+00
      0.386      0.067     8.5095     92.047     34.844  30.778710     0.9511      7.227   316.9730 2.1297e+02     0.7993      0.376      0.545    19.1629 0.0000e+00
      0.406      0.072     8.5144     92.096     34.845  30.778795     0.9507      7.227   317.2230 2.0995e+02     0.7950      0.396      0.573    19.1628 0.0000e+00
      0.430      0.074     8.5173     92.124     34.862  30.792432     0.9447      7.229   317.4792 2.0665e+02     0.8101      0.424      0.616    19.1636 0.0000e+00
      0.451      0.072     8.5189     92.139     34.890  30.816576     0.9426      7.231   317.7473 2.0710e+02     0.8290      0.443      0.643    19.1642 0.0000e+00
      0.469      0.067     8.5184     92.132     34.891  30.816680     0.9440      7.231   317.8831 2.0866e+02     0.8410      0.460      0.666    19.1629 0.0000e+00
      0.487      0.059     8.5169     92.116     34.865  30.793691     0.9621      7.233   317.9168 2.0594e+02     0.8328      0.479      0.695    19.1605 0.0000e+00
      0.501      0.050     8.5169     92.116     34.864  30.792650     0.9953      7.234   317.9833 2.0449e+02     0.8210      0.492      0.715    19.1585 0.0000e+00
      0.512      0.044     8.5175     92.122     34.877  30.804094     1.0148      7.234   318.0846 2.0277e+02     0.8200      0.503      0.729    19.1573 0.0000e+00
      0.520      0.039     8.5175     92.122     34.878  30.805040     1.0231      7.234   318.2809 2.0062e+02     0.8211      0.510      0.739    19.1566 0.0000e+00
      0.527      0.037     8.5155     92.100     34.877  30.804095     1.0126      7.233   318.5502 1.9972e+02     0.8342      0.515      0.747    19.1562 0.0000e+00
      0.535      0.036     8.5115     92.058     34.864  30.792662     0.9804      7.232   318.7594 1.9620e+02     0.8557      0.526      0.762    19.1562 0.0000e+00
      0.543      0.035     8.5058     91.997     34.865  30.793827     0.9559      7.232   318.9171 1.9388e+02     0.8376      0.532      0.771    19.1563 0.0000e+00
      0.555      0.035     8.4965     91.897     34.892  30.818180     0.9462      7.232   319.0803 1.9438e+02     0.7989      0.541      0.785    19.1562 0.0000e+00
      0.568      0.036     8.4853     91.777     34.908  30.833077     0.9451      7.231   319.1836 1.9273e+02     0.8151      0.560      0.813    19.1561 0.0000e+00
      0.575      0.038     8.4758     91.674     34.924  30.846922     0.9526      7.229   319.3931 1.9076e+02     0.8504      0.566      0.821    19.1565 0.0000e+00
      0.579      0.042     8.4694     91.604     34.938  30.858572     0.9629      7.228   319.7205 1.9015e+02     0.8287      0.566      0.820    19.1572 0.0000e+00
      0.587      0.047     8.4683     91.591     34.925  30.846922     0.9679      7.228   319.9579 1.8755e+02     0.7964      0.575      0.834    19.1579 0.0000e+00
      0.600      0.054     8.4724     91.634     34.910  30.833076     0.9669      7.228   320.1984 1.8416e+02     0.7957      0.587      0.852    19.1583 0.0000e+00
      0.617      0.062     8.4791     91.705     34.894  30.818179     0.9786      7.226   320.3909 1.8317e+02     0.8210      0.603      0.875    19.1584 0.0000e+00
      0.636      0.069     8.4893     91.812     34.868  30.793818     0.9993      7.224   320.3929 1.8222e+02     0.8577      0.625      0.906    19.1579 0.0000e+00
      0.656      0.071     8.5034     91.960     34.868  30.792550     1.0068      7.224   320.3947 1.8083e+02     0.8732      0.644      0.934    19.1565 0.0000e+00
      0.676      0.071     8.5192     92.125     34.882  30.802847     1.0133      7.226   320.4997 1.8070e+02     0.8559      0.663      0.961    19.1558 0.0000e+00
      0.696      0.068     8.5352     92.292     34.872  30.791300     1.0233      7.228   320.6288 1.7936e+02     0.8314      0.685      0.993    19.1556 0.0000e+00
      0.713      0.064     8.5487     92.432     34.862  30.779955     1.0253      7.229   320.6657 1.7792e+02     0.8526      0.701      1.017    19.1541 0.0000e+00
      0.728      0.059     8.5578     92.525     34.878  30.792675     1.0196      7.229   320.6008 1.7853e+02     0.8676      0.714      1.036    19.1514 0.0000e+00
      0.741      0.055     8.5613     92.560     34.908  30.818078     1.0104      7.229   320.7056 1.7780e+02     0.8295      0.726      1.053    19.1476 0.0000e+00
      0.754      0.052     8.5571     92.513     34.926  30.833069     1.0148      7.229   320.9005 1.7450e+02     0.8193      0.738      1.072    19.1444 0.0000e+00
      0.768      0.050     8.5480     92.414     34.942  30.846924     1.0268      7.229   320.9775 1.7240e+02     0.8350      0.755      1.095    19.1418 0.0000e+00
      0.779      0.050     8.5386     92.314     34.955  30.858576     1.0266      7.229   321.0351 1.7150e+02     0.8363      0.764      1.109    19.1382 0.0000e+00
      0.790      0.050     8.5308     92.230     34.940  30.846935     1.0213      7.230   321.0805 1.6909e+02     0.8354      0.773      1.120    19.1360 0.0000e+00
      0.804      0.051     8.5265     92.185     34.924  30.833194     1.0181      7.231   321.0963 1.6750e+02     0.8239      0.789      1.144    19.1360 0.0000e+00
      0.817      0.055     8.5265     92.185     34.909  30.819453     1.0336      7.232   321.1403 1.6697e+02     0.8200      0.803      1.164    19.1363 0.0000e+00
      0.829      0.061     8.5288     92.208     34.896  30.807801     1.0720      7.231   321.3543 1.6512e+02     0.8189      0.810      1.175    19.1369 0.0000e+00
      0.844      0.069     8.5326     92.248     34.910  30.819328     1.0950      7.225   321.6187 1.6327e+02     0.8109      0.826      1.197    19.1379 0.0000e+00
      0.863      0.074     8.5402     92.328     34.925  30.831810     1.0913      7.216   321.6698 1.6168e+02     0.8145      0.846      1.226    19.1381 0.0000e+00
      0.883      0.076     8.5497     92.430     34.925  30.831695     1.0827      7.211   321.6275 1.5972e+02     0.8316      0.863      1.252    19.1376 0.0000e+00
      0.908      0.073     8.5550     92.486     34.910  30.817944     1.0832      7.211   321.6239 1.5803e+02     0.8653      0.888      1.288    19.1365 0.0000e+00
      0.933      0.066     8.5555     92.491     34.881  30.792560     1.0967      7.213   321.7127 1.5734e+02     0.8557      0.919      1.333    19.1357 0.0000e+00
      0.949      0.055     8.5535     92.470     34.866  30.778809     1.1002      7.217   321.8400 1.5805e+02     0.8069      0.934      1.355    19.1355 0.0000e+00
