Data/DataNotYetUploadedToEDI/Raw_CTD/2018_RawDownloads/050718_fcr30.cnv
* Sea-Bird SBE19plus  Data File:
* FileName = C:\DATA\050718_fcr_0003.hex
* Software version 2.6.3.104 SB_Terminal.dll
* Temperature SN = 7809
* Conductivity SN = 7809
* System UpLoad Time = May 07 2018 16:24:23
* <ApplicationData>
* <Seaterm232>
# nquan = 15
# nvalues = 916                         
# units = specified
# name 0 = depFM: Depth [fresh water, m]
# name 1 = dz/dtM: Descent Rate [m/s]
# name 2 = sbeox0Mg/L: Oxygen, SBE 43 [mg/l]
# name 3 = sbeox0PS: Oxygen, SBE 43 [% saturation]
# name 4 = specc: Specific Conductance [uS/cm]
# name 5 = c0uS/cm: Conductivity [uS/cm]
# name 6 = flECO-AFL: Fluorescence, WET Labs ECO-AFL/FL [mg/m^3]
# name 7 = ph: pH
# name 8 = orp: Oxidation Reduction Potential [mV]
# name 9 = par/sat/log: PAR/Logarithmic, Satlantic
# name 10 = turbWETntu0: Turbidity, WET Labs ECO [NTU]
# name 11 = prdM: Pressure, Strain Gauge [db]
# name 12 = prdE: Pressure, Strain Gauge [psi]
# name 13 = tv290C: Temperature [ITS-90, deg C]
# name 14 = flag:  0.000e+00
# span 0 =     -0.561,      5.452       
# span 1 =     -0.084,      0.293       
# span 2 =     5.6525,     9.7143       
# span 3 =     59.932,    101.690       
# span 4 =      0.611,     39.089       
# span 5 =   0.541337,  33.473132       
# span 6 =    -1.7169,     2.1914       
# span 7 =      6.201,      7.623       
# span 8 =   275.4850,  1240.2295       
# span 9 = 3.1296e+01, 2.2953e+03       
# span 10 =    -4.8067,    14.5565      
# span 11 =     -0.551,      5.347      
# span 12 =     -0.799,      7.756      
# span 13 =     8.7355,    19.4209      
# span 14 = 0.0000e+00, 0.0000e+00      
# interval = seconds: 0.25
# start_time = May 07 2018 15:15:24 [Instrument's time stamp, header]
# bad_flag = -9.990e-29
*END*
     -0.561 -4.313e-20     8.9019     96.614      0.699   0.619953    -0.6349      6.218  1240.2295 2.4726e+02    -0.0341     -0.550     -0.797    19.3315 0.0000e+00
     -0.561 -3.918e-21     8.9034     96.630      0.685   0.607177    -0.6578      6.223  1240.2295 2.4237e+02    -0.0017     -0.549     -0.797    19.3321 0.0000e+00
     -0.561 -3.262e-22     8.9037     96.632      0.670   0.594486    -0.6784      6.224  1240.2295 2.3754e+02     0.1314     -0.550     -0.797    19.3323 0.0000e+00
     -0.561 3.0072e-22     8.9042     96.636      0.669   0.593332    -0.9488      6.226  1240.2295 2.4786e+02     1.4232     -0.550     -0.797    19.3321 0.0000e+00
     -0.561 3.6614e-21     8.9047     96.639      0.669   0.593236    -1.4543      6.229  1240.2295 2.4846e+02     3.7764     -0.550     -0.798    19.3320 0.0000e+00
     -0.561 4.0307e-20     8.9043     96.633      0.669   0.593320    -1.7169      6.230  1240.2295 2.1027e+02     5.0548     -0.550     -0.797    19.3318 0.0000e+00
     -0.561 4.4338e-19     8.9040     96.628      0.670   0.594349    -1.6524      6.232  1240.2295 1.7641e+02     4.9469     -0.549     -0.797    19.3315 0.0000e+00
     -0.561 4.8772e-18     8.9044     96.632      0.683   0.605670    -0.7207      6.237  1240.2295 1.6553e+02     2.4415     -0.550     -0.797    19.3306 0.0000e+00
     -0.561 5.3650e-17     8.9048     96.635      0.681   0.603373     1.0019      6.247  1240.2295 1.6090e+02    -2.1666     -0.550     -0.798    19.3292 0.0000e+00
     -0.561 5.9015e-16     8.9054     96.640      0.639   0.566584     1.9531      6.259  1240.2295 1.6700e+02    -4.6869     -0.550     -0.797    19.3285 0.0000e+00
     -0.561 6.4916e-15     8.9067     96.648      0.611   0.541337     2.0041      6.260  1240.2295 1.8291e+02    -4.8067     -0.550     -0.798    19.3278 0.0000e+00
     -0.561 7.1408e-14     8.9090     96.663      0.623   0.551758     1.4894      6.251  1240.2295 1.9774e+02    -3.6452     -0.550     -0.798    19.3277 0.0000e+00
     -0.561 7.8548e-13     8.9110     96.680      0.639   0.565758     0.5272      6.243  1240.2295 1.9935e+02    -1.5077     -0.550     -0.797    19.3278 0.0000e+00
     -0.561 8.6403e-12     8.9111     96.684      0.659   0.583787     0.0004      6.238  1240.2295 1.8419e+02    -0.3557     -0.551     -0.799    19.3274 0.0000e+00
     -0.561 9.5043e-11     8.9090     96.666      0.726   0.642917    -0.0549      6.233  1240.2295 1.6958e+02    -0.2763     -0.550     -0.798    19.3241 0.0000e+00
     -0.561 1.0455e-09     8.9056     96.635      0.873   0.773402    -0.0951      6.229  1240.2295 1.6305e+02    -0.3646     -0.549     -0.797    19.3178 0.0000e+00
     -0.561 1.1500e-08     8.9016     96.596      1.079   0.956613    -0.1546      6.228  1240.2295 1.6000e+02    -0.5381     -0.550     -0.798    19.3143 0.0000e+00
     -0.561 1.2650e-07     8.8974     96.556      1.221   1.082537    -0.1861      6.228  1240.2294 1.6593e+02    -0.6350     -0.550     -0.798    19.3157 0.0000e+00
     -0.561      0.000     8.8934     96.515      1.230   1.091079    -0.1820      6.228  1240.2279 1.6771e+02    -0.5895     -0.550     -0.798    19.3205 0.0000e+00
     -0.561      0.000     8.8884     96.463      1.195   1.059894    -0.1601      6.227  1240.2119 1.5995e+02     0.1647     -0.550     -0.798    19.3230 0.0000e+00
     -0.561      0.000     8.8842     96.418      1.224   1.085969     0.0780      6.226  1240.0360 1.5997e+02     1.5871     -0.550     -0.798    19.3244 0.0000e+00
     -0.561      0.002     8.8821     96.395      1.729   1.533179     0.5190      6.219  1238.1007 1.6552e+02     2.3862     -0.550     -0.798    19.3279 0.0000e+00
     -0.561      0.010     8.8799     96.368      7.152   6.340240     0.7425      6.201  1216.8126 1.7026e+02     2.5022     -0.550     -0.798    19.3304 0.0000e+00
     -0.561      0.034     8.8801     96.346     19.777  17.526003     0.7222      6.332   982.6436 1.8636e+02     2.8068     -0.550     -0.798    19.3307 0.0000e+00
     -0.560      0.075     8.8866     96.359     30.849  27.321051     0.4843      6.732   552.0006 2.1825e+02     5.8859     -0.550     -0.797    19.3312 0.0000e+00
     -0.555      0.127     8.8976     96.409     34.557  30.583274     0.0634      7.161   311.1326 2.6051e+02    11.5019     -0.551     -0.799    19.3302 0.0000e+00
     -0.527      0.182     8.9122     96.514     34.908  30.875030    -0.1585      7.422   280.5918 3.1379e+02    14.5565     -0.534     -0.775    19.3317 0.0000e+00
     -0.460      0.234     8.9355     96.729     34.964  30.912127    -0.1580      7.557   275.4850 3.5949e+02    14.5290     -0.460     -0.667    19.3234 0.0000e+00
     -0.369      0.274     8.9716     97.094     34.966  30.904779     0.0788      7.617   276.7477 3.7827e+02    11.0475     -0.359     -0.520    19.2841 0.0000e+00
     -0.278      0.293     9.0214     97.613     34.984  30.913193     0.5349      7.623   278.2206 3.8237e+02     4.6578     -0.271     -0.392    19.2425 0.0000e+00
     -0.195      0.286     9.0825     98.258     35.033  30.950339     0.7901      7.595   279.6141 3.8152e+02     1.1768     -0.189     -0.275    19.2165 0.0000e+00
     -0.118      0.258     9.1480     98.953     35.063  30.972853     0.8118      7.554   280.5179 3.6881e+02     0.8500     -0.112     -0.163    19.1984 0.0000e+00
     -0.053      0.218     9.2127     99.643     35.092  30.994878     0.8152      7.496   281.1473 3.2618e+02     0.8286     -0.044     -0.064    19.1866 0.0000e+00
     -0.006      0.175     9.2709    100.265     35.130  31.026113     0.8221      7.424   281.9758 2.6454e+02     0.8575      0.000     -0.000    19.1767 0.0000e+00
      0.028      0.133     9.3119    100.704     35.140  31.032954     0.8214      7.359   283.1357 2.3130e+02     0.8634      0.027      0.040    19.1681 0.0000e+00
      0.055      0.096     9.3302    100.899     35.120  31.014085     0.8161      7.307   284.2440 2.3196e+02     0.8393      0.059      0.085    19.1619 0.0000e+00
      0.074      0.064     9.3189    100.777     35.091  30.988505     0.8128      7.269   284.9660 2.3747e+02     0.8403      0.079      0.113    19.1572 0.0000e+00
      0.082      0.040     9.2568    100.106     35.078  30.977695     0.8093      7.246   285.4975 2.3167e+02     0.8450      0.080      0.116    19.1534 0.0000e+00
      0.087      0.024     9.1433     98.880     35.115  31.010399     0.8194      7.231   285.9385 2.2816e+02     0.8359      0.086      0.124    19.1510 0.0000e+00
      0.088      0.012     9.0048     97.386     35.321  31.193399     0.8343      7.219   286.4264 2.3826e+02     0.8515      0.089      0.128    19.1499 0.0000e+00
      0.087      0.003     8.8495     95.716     35.851  31.666119     0.8246      7.206   287.0087 2.4409e+02     0.8500      0.082      0.120    19.1502 0.0000e+00
      0.087     -0.007     8.6750     93.846     36.612  32.343834     0.8120      7.191   287.9883 2.4161e+02     0.8189      0.084      0.122    19.1508 0.0000e+00
      0.089     -0.021     8.4895     91.855     37.317  32.972931     0.8195      7.175   291.9047 2.4059e+02     0.8110      0.089      0.129    19.1509 0.0000e+00
      0.088     -0.037     8.3004     89.821     37.756  33.365757     0.8234      7.156   300.0308 2.4844e+02     0.8158      0.088      0.128    19.1519 0.0000e+00
      0.079     -0.051     8.1158     87.834     37.872  33.473132     0.8214      7.134   306.9986 2.6380e+02     0.8158      0.081      0.118    19.1576 0.0000e+00
      0.060     -0.057     7.9582     86.141     37.762  33.381977     0.8414      7.115   306.2016 2.8058e+02     0.8106      0.063      0.091    19.1670 0.0000e+00
      0.030     -0.053     7.8494     84.976     37.641  33.279876     0.8731      7.103   303.2148 2.9697e+02     0.8138      0.028      0.042    19.1761 0.0000e+00
      0.003     -0.038     7.7880     84.321     37.607  33.254895     0.8836      7.098   305.9885 3.0783e+02     0.8241     -0.004     -0.005    19.1827 0.0000e+00
     -0.008     -0.015     7.7615     84.041     37.621  33.270486     0.8765      7.089   306.4417 3.0862e+02     0.8134     -0.013     -0.019    19.1882 0.0000e+00
     -0.003      0.010     7.7532     83.956     37.699  33.341354     0.8607      7.074   300.9511 3.1525e+02     0.8069     -0.007     -0.010    19.1959 0.0000e+00
      0.012      0.031     7.7456     83.877     37.779  33.413092     0.8395      7.064   297.2480 3.2556e+02     0.8061      0.010      0.014    19.2035 0.0000e+00
      0.032      0.042     7.7320     83.732     37.736  33.375667     0.8308      7.065   296.3418 3.1315e+02     0.8040      0.035      0.049    19.2086 0.0000e+00
      0.050      0.042     7.7129     83.524     37.473  33.142920     0.8293      7.074   296.0170 2.9875e+02     0.8418      0.051      0.074    19.2126 0.0000e+00
      0.061      0.034     7.6776     83.136     37.041  32.758478     0.8211      7.084   295.9025 2.9082e+02     0.8671      0.062      0.090    19.2154 0.0000e+00
      0.067      0.022     7.6180     82.482     36.724  32.474753     0.8150      7.092   295.7316 2.8257e+02     0.8653      0.068      0.098    19.2173 0.0000e+00
      0.068      0.007     7.5410     81.641     36.621  32.379988     0.8197      7.099   295.5846 2.9030e+02     0.8817      0.068      0.099    19.2191 0.0000e+00
      0.066     -0.007     7.4582     80.738     36.475  32.247818     0.8225      7.108   295.5019 3.0135e+02     0.8822      0.064      0.094    19.2186 0.0000e+00
      0.064     -0.017     7.3841     79.930     36.220  32.019905     0.8216      7.116   295.5063 3.0130e+02     0.8702      0.062      0.090    19.2149 0.0000e+00
      0.060     -0.023     7.3284     79.324     36.026  31.847226     0.8273      7.122   295.6384 3.0140e+02     0.8591      0.062      0.091    19.2096 0.0000e+00
      0.051     -0.024     7.2897     78.903     35.915  31.747753     0.8265      7.127   295.7227 3.1244e+02     0.8401      0.053      0.076    19.2043 0.0000e+00
      0.037     -0.019     7.2614     78.593     35.869  31.706345     0.8212      7.128   295.7507 3.0547e+02     0.8536      0.034      0.048    19.2004 0.0000e+00
      0.028     -0.012     7.2428     78.390     35.894  31.727621     0.8192      7.125   295.8042 2.8402e+02     0.8700      0.026      0.037    19.1977 0.0000e+00
      0.027     -0.004     7.2389     78.348     35.921  31.750948     0.8391      7.124   295.8546 2.9215e+02     0.8242      0.025      0.035    19.1956 0.0000e+00
      0.032      0.004     7.2543     78.514     35.902  31.734348     0.8771      7.127   295.8436 3.0286e+02     0.7892      0.029      0.042    19.1940 0.0000e+00
      0.041      0.009     7.2928     78.932     35.882  31.717443     0.8927      7.131   295.9286 2.9842e+02     0.8126      0.040      0.059    19.1925 0.0000e+00
      0.047      0.008     7.3534     79.590     35.904  31.737093     0.8905      7.135   296.2811 2.9822e+02     0.8321      0.049      0.071    19.1914 0.0000e+00
      0.047      0.000     7.4263     80.381     35.953  31.781396     0.8689      7.140   299.3304 2.9705e+02     0.7815      0.046      0.067    19.1910 0.0000e+00
      0.046     -0.014     7.4967     81.144     35.983  31.808541     0.8329      7.146   303.2007 2.9681e+02     0.6881      0.043      0.062    19.1910 0.0000e+00
      0.045     -0.031     7.5540     81.764     35.986  31.811256     0.8230      7.154   306.3379 2.9651e+02     0.6496      0.047      0.068    19.1915 0.0000e+00
      0.038     -0.051     7.5929     82.184     35.990  31.814231     0.8322      7.164   310.9330 3.0774e+02     0.6509      0.041      0.060    19.1925 0.0000e+00
      0.021     -0.070     7.6100     82.369     35.952  31.780996     0.8333      7.170   313.7611 3.2810e+02     0.7044      0.021      0.032    19.1936 0.0000e+00
     -0.001     -0.083     7.6056     82.320     35.892  31.726971     0.8268      7.175   315.4951 3.2573e+02     0.8082      0.001      0.001    19.1946 0.0000e+00
     -0.030     -0.084     7.5825     82.068     35.900  31.732616     0.8191      7.181   316.8415 3.1375e+02     0.8375     -0.023     -0.035    19.1950 0.0000e+00
     -0.065     -0.074     7.5484     81.697     35.961  31.785726     0.8130      7.186   316.5324 3.1025e+02     0.8446     -0.066     -0.095    19.1946 0.0000e+00
     -0.093     -0.053     7.5102     81.285     36.046  31.861031     0.7993      7.186   313.5652 3.0983e+02     0.8646     -0.101     -0.146    19.1938 0.0000e+00
     -0.103     -0.028     7.4660     80.820     36.133  31.944509     0.7738      7.186   310.1320 3.1090e+02     0.8351     -0.105     -0.153    19.1932 0.0000e+00
     -0.099     -0.006     7.4122     80.279     36.140  31.969412     0.7521      7.188   308.8350 3.1324e+02     0.8227     -0.099     -0.144    19.1918 0.0000e+00
     -0.087      0.005     7.3541     79.710     36.040  31.908114     0.7396      7.193   305.6278 3.1781e+02     0.8681     -0.087     -0.126    19.1902 0.0000e+00
     -0.072      0.005     7.3051     79.230     35.935  31.838512     0.7138      7.198   302.4136 3.2340e+02     1.0172     -0.069     -0.099    19.1887 0.0000e+00
     -0.063     -0.000     7.2781     78.965     35.907  31.826514     0.6697      7.203   301.2043 3.2748e+02     1.2227     -0.055     -0.080    19.1923 0.0000e+00
     -0.070     -0.004     7.2829     79.023     35.904  31.826579     0.6474      7.205   300.3847 3.3229e+02     1.3067     -0.063     -0.090    19.2196 0.0000e+00
     -0.089      0.001     7.3154     79.365     35.924  31.839294     0.6560      7.205   299.9893 3.3742e+02     1.2705     -0.091     -0.131    19.2667 0.0000e+00
     -0.103      0.016     7.3600     79.828     36.022  31.916730     0.7001      7.202   299.6077 3.3643e+02     1.0907     -0.107     -0.156    19.3012 0.0000e+00
     -0.102      0.037     7.4015     80.268     36.122  32.000702     0.7768      7.201   299.2119 3.3103e+02     0.8114     -0.103     -0.150    19.3167 0.0000e+00
     -0.084      0.057     7.4281     80.581     36.141  32.028935     0.8206      7.202   298.9896 3.2733e+02     0.6705     -0.089     -0.130    19.3206 0.0000e+00
     -0.049      0.068     7.4369     80.732     36.086  32.004063     0.8245      7.207   298.9845 3.2493e+02     0.6684     -0.050     -0.073    19.3130 0.0000e+00
     -0.012      0.067     7.4325     80.736     36.003  31.954062     0.8241      7.214   298.8916 3.2100e+02     0.6940     -0.004     -0.006    19.2957 0.0000e+00
      0.009      0.053     7.4190     80.619     35.965  31.932496     0.8252      7.222   298.7267 3.1675e+02     0.7364      0.015      0.023    19.2806 0.0000e+00
      0.014      0.028     7.3998     80.420     35.961  31.933863     0.8282      7.229   298.6262 3.2129e+02     0.8140      0.016      0.023    19.2974 0.0000e+00
      0.012     -0.003     7.3826     80.235     35.930  31.907092     0.8237      7.234   298.6217 3.4171e+02     0.8696      0.012      0.015    19.3426 0.0000e+00
      0.007     -0.030     7.3731     80.131     35.881  31.862843     0.8177      7.233   298.7594 3.6426e+02     0.8594      0.008      0.011    19.3781 0.0000e+00
     -0.003     -0.046     7.3705     80.099     35.861  31.843437     0.8013      7.225   298.8280 3.8111e+02     0.8739      0.002      0.002    19.3935 0.0000e+00
     -0.022     -0.051     7.3725     80.110     35.888  31.862978     0.7724      7.216   298.8490 4.2089e+02     0.8929     -0.019     -0.028    19.3977 0.0000e+00
     -0.046     -0.050     7.3734     80.107     35.946  31.908580     0.7614      7.214   298.9280 4.6888e+02     0.8748     -0.050     -0.072    19.3972 0.0000e+00
     -0.063     -0.043     7.3694     80.053     35.998  31.950221     0.7608      7.218   299.0081 4.6098e+02     0.8689     -0.066     -0.096    19.3972 0.0000e+00
     -0.070     -0.032     7.3601     79.948     36.039  31.985379     0.7563      7.221   299.1301 4.1732e+02     0.8519     -0.069     -0.101    19.3957 0.0000e+00
