Data/DataNotYetUploadedToEDI/Raw_CTD/2018_RawDownloads/051118_bvr50.cnv
* Sea-Bird SBE19plus  Data File:
* FileName = C:\DATA\051118_bvr_0002.hex
* Software version 2.6.3.104 SB_Terminal.dll
* Temperature SN = 7809
* Conductivity SN = 7809
* System UpLoad Time = May 11 2018 13:58:31
* <ApplicationData>
* <Seaterm232>
# nquan = 15
# nvalues = 1003                        
# units = specified
# name 0 = depFM: Depth [fresh water, m]
# name 1 = dz/dtM: Descent Rate [m/s]
# name 2 = sbeox0Mg/L: Oxygen, SBE 43 [mg/l]
# name 3 = sbeox0PS: Oxygen, SBE 43 [% saturation]
# name 4 = specc: Specific Conductance [uS/cm]
# name 5 = c0uS/cm: Conductivity [uS/cm]
# name 6 = flECO-AFL: Fluorescence, WET Labs ECO-AFL/FL [mg/m^3]
# name 7 = ph: pH
# name 8 = orp: Oxidation Reduction Potential [mV]
# name 9 = par/sat/log: PAR/Logarithmic, Satlantic
# name 10 = turbWETntu0: Turbidity, WET Labs ECO [NTU]
# name 11 = prdM: Pressure, Strain Gauge [db]
# name 12 = prdE: Pressure, Strain Gauge [psi]
# name 13 = tv290C: Temperature [ITS-90, deg C]
# name 14 = flag:  0.000e+00
# span 0 =     -0.612,     10.507       
# span 1 =     -0.131,      0.288       
# span 2 =     0.1013,    10.4508       
# span 3 =      0.836,    107.752       
# span 4 =      4.926,     66.075       
# span 5 =   4.129241,  42.379395       
# span 6 =    -0.2591,     3.1105       
# span 7 =      6.368,      8.083       
# span 8 =   254.1073,   362.8558       
# span 9 = 1.2540e-01, 2.4746e+03       
# span 10 =    -0.4482,    14.0024      
# span 11 =     -0.601,     10.306      
# span 12 =     -0.870,     14.947      
# span 13 =     7.0491,    21.3291      
# span 14 = 0.0000e+00, 0.0000e+00      
# interval = seconds: 0.25
# start_time = May 11 2018 15:01:23 [Instrument's time stamp, header]
# bad_flag = -9.990e-29
*END*
[from data line 482]
      1.544      0.078     9.1886     98.160     28.457  24.787793     1.5881      7.456   323.0168 2.4859e+02     2.2430      1.513      2.194    19.3073 0.0000e+00
      1.564      0.078     9.3380     99.360     28.520  24.731474     1.7663      7.459   323.0000 2.4758e+02     2.2476      1.532      2.223    19.1317 0.0000e+00
      1.585      0.078     9.4870    100.634     28.512  24.638206     1.8733      7.464   322.9378 2.4324e+02     2.2325      1.554      2.254    18.9639 0.0000e+00
      1.605      0.079     9.6334    101.929     28.490  24.548833     1.8889      7.468   322.9525 2.4016e+02     2.2120      1.574      2.284    18.7716 0.0000e+00
      1.625      0.081     9.7750    103.173     28.485  24.476132     1.9176      7.472   323.0918 2.3747e+02     2.1833      1.593      2.311    18.5422 0.0000e+00
      1.645      0.083     9.9011    104.238     28.472  24.393981     1.9730      7.477   323.3310 2.3373e+02     2.1301      1.612      2.338    18.3332 0.0000e+00
      1.665      0.084    10.0030    105.042     28.465  24.317311     1.9981      7.483   323.5224 2.3201e+02     2.0871      1.632      2.368    18.1912 0.0000e+00
      1.687      0.085    10.0831    105.620     28.464  24.247390     1.9910      7.491   323.6847 2.3266e+02     2.0606      1.654      2.399    18.0802 0.0000e+00
      1.711      0.085    10.1460    106.025     28.466  24.183355     1.9702      7.499   323.8302 2.2961e+02     2.0839      1.678      2.433    17.9605 0.0000e+00
      1.735      0.083    10.1935    106.288     28.456  24.114378     1.9482      7.508   323.8193 2.2397e+02     2.1861      1.702      2.468    17.8337 0.0000e+00
      1.756      0.079    10.2300    106.466     28.439  24.048185     1.9365      7.517   323.7255 2.2028e+02     2.2291      1.723      2.499    17.7084 0.0000e+00
      1.776      0.075    10.2616    106.619     28.457  24.017832     1.9201      7.526   323.7283 2.1771e+02     2.2061      1.744      2.529    17.5875 0.0000e+00
      1.793      0.071    10.2909    106.768     28.484  24.001268     1.9071      7.533   323.8531 2.1551e+02     2.2733      1.760      2.552    17.4698 0.0000e+00
      1.808      0.070    10.3235    106.969     28.494  23.974835     1.9071      7.539   323.9441 2.1312e+02     2.4010      1.773      2.572    17.3621 0.0000e+00
      1.824      0.072    10.3620    107.247     28.504  23.952134     1.9120      7.544   324.0538 2.1070e+02     2.4691      1.788      2.593    17.2716 0.0000e+00
      1.842      0.076    10.3981    107.515     28.495  23.917219     1.9199      7.551   324.3196 2.0889e+02     2.4861      1.804      2.617    17.1925 0.0000e+00
      1.862      0.082    10.4260    107.696     28.471  23.870077     1.9564      7.559   324.5762 2.0846e+02     2.4848      1.825      2.648    17.1241 0.0000e+00
      1.884      0.088    10.4435    107.752     28.456  23.826513     2.0231      7.567   324.7475 2.0696e+02     2.4837      1.848      2.680    17.0626 0.0000e+00
      1.908      0.095    10.4476    107.650     28.434  23.771368     2.0641      7.572   324.8421 2.0178e+02     2.4726      1.871      2.713    17.0069 0.0000e+00
      1.933      0.101    10.4426    107.442     28.410  23.711173     2.0670      7.579   324.8595 1.9687e+02     2.4425      1.896      2.749    16.9641 0.0000e+00
      1.959      0.106    10.4366    107.216     28.410  23.670017     2.0567      7.587   325.0439 1.9227e+02     2.4547      1.921      2.787    16.9205 0.0000e+00
      1.986      0.109    10.4353    107.032     28.444  23.654614     1.9770      7.596   325.3513 1.8800e+02     2.4986      1.947      2.825    16.8637 0.0000e+00
      2.015      0.108    10.4388    106.890     28.494  23.651857     1.8300      7.605   325.3930 1.8569e+02     2.5147      1.976      2.865    16.7988 0.0000e+00
      2.046      0.103    10.4432    106.761     28.529  23.636624     1.7494      7.613   325.2038 1.8521e+02     2.4978      2.007      2.911    16.7284 0.0000e+00
      2.077      0.095    10.4474    106.655     28.527  23.597352     1.7374      7.621   324.9560 1.8461e+02     2.4774      2.039      2.957    16.6543 0.0000e+00
      2.103      0.085    10.4499    106.559     28.517  23.557890     1.7497      7.629   324.6339 1.8024e+02     2.4813      2.066      2.996    16.5798 0.0000e+00
      2.121      0.076    10.4508    106.460     28.529  23.540368     1.7875      7.637   324.2348 1.7494e+02     2.4839      2.082      3.020    16.4997 0.0000e+00
      2.133      0.069    10.4464    106.312     28.526  23.512438     1.8080      7.643   323.9155 1.7155e+02     2.4784      2.091      3.034    16.4164 0.0000e+00
      2.145      0.067    10.4323    106.064     28.511  23.474096     1.8140      7.648   323.8710 1.6975e+02     2.4764      2.103      3.049    16.3505 0.0000e+00
      2.160      0.070    10.4114    105.743     28.525  23.457658     1.8326      7.652   323.9553 1.6904e+02     2.4592      2.117      3.070    16.3002 0.0000e+00
      2.179      0.075    10.3916    105.432     28.539  23.440623     1.8495      7.655   324.1605 1.7079e+02     2.4534      2.136      3.098    16.2528 0.0000e+00
      2.201      0.081    10.3798    105.206     28.517  23.395065     1.8526      7.659   324.4588 1.6924e+02     2.4671      2.158      3.131    16.2081 0.0000e+00
      2.224      0.085    10.3761    105.068     28.494  23.351180     1.8514      7.664   324.5510 1.6334e+02     2.4722      2.181      3.163    16.1628 0.0000e+00
      2.248      0.087    10.3781    104.995     28.527  23.354372     1.7988      7.668   324.5009 1.5939e+02     2.5162      2.205      3.198    16.1135 0.0000e+00
      2.271      0.086    10.3849    104.980     28.573  23.370146     1.6940      7.671   324.4548 1.5774e+02     2.6023      2.228      3.231    16.0627 0.0000e+00
      2.292      0.085    10.3972    105.032     28.573  23.351421     1.6325      7.673   324.5107 1.5832e+02     2.6282      2.248      3.260    16.0151 0.0000e+00
      2.313      0.083    10.4099    105.103     28.550  23.318410     1.6156      7.676   324.5746 1.5587e+02     2.6154      2.268      3.289    15.9699 0.0000e+00
      2.334      0.080    10.4160    105.107     28.532  23.288412     1.6093      7.679   324.5382 1.5041e+02     2.6305      2.289      3.320    15.9279 0.0000e+00
      2.354      0.079    10.4170    105.032     28.502  23.242644     1.6298      7.680   324.5872 1.4605e+02     2.6580      2.309      3.350    15.8901 0.0000e+00
      2.374      0.080    10.4130    104.884     28.495  23.209392     1.6618      7.681   324.7369 1.4234e+02     2.6733      2.329      3.379    15.8553 0.0000e+00
      2.393      0.081    10.4030    104.671     28.523  23.203762     1.6740      7.678   324.9724 1.3994e+02     2.6621      2.347      3.403    15.8330 0.0000e+00
      2.412      0.083    10.3871    104.406     28.520  23.174529     1.6765      7.673   325.1967 1.3837e+02     2.6448      2.363      3.429    15.8130 0.0000e+00
      2.433      0.084    10.3673    104.097     28.475  23.109850     1.6829      7.669   325.2976 1.3670e+02     2.6477      2.386      3.460    15.7742 0.0000e+00
      2.457      0.084    10.3441    103.730     28.452  23.056536     1.6871      7.665   325.4184 1.3422e+02     2.6664      2.409      3.494    15.7222 0.0000e+00
      2.482      0.082    10.3181    103.305     28.480  23.037748     1.6906      7.662   325.6251 1.3106e+02     2.6578      2.435      3.531    15.6698 0.0000e+00
      2.505      0.077    10.2921    102.875     28.500  23.009604     1.6876      7.660   325.8177 1.2919e+02     2.6346      2.459      3.566    15.6252 0.0000e+00
      2.524      0.072    10.2669    102.475     28.499  22.970124     1.6599      7.658   326.1984 1.2784e+02     2.6610      2.477      3.593    15.5792 0.0000e+00
      2.539      0.069    10.2450    102.139     28.501  22.941259     1.6228      7.655   327.0440 1.2641e+02     2.7023      2.490      3.612    15.5203 0.0000e+00
      2.551      0.068    10.2313    101.900     28.501  22.914504     1.6063      7.650   328.0404 1.2545e+02     2.6764      2.502      3.629    15.4424 0.0000e+00
      2.566      0.067    10.2297    101.776     28.519  22.900533     1.6078      7.646   328.6958 1.2332e+02     2.6221      2.514      3.646    15.3577 0.0000e+00
      2.585      0.064    10.2376    101.741     28.554  22.899265     1.6589      7.644   328.5155 1.2132e+02     2.6258      2.533      3.674    15.2903 0.0000e+00
      2.608      0.059    10.2456    101.733     28.582  22.899137     1.7558      7.642   327.7530 1.1985e+02     2.6606      2.560      3.713    15.2398 0.0000e+00
      2.627      0.053    10.2495    101.728     28.597  22.898957     1.8052      7.640   327.3056 1.1825e+02     2.6761      2.580      3.742    15.1978 0.0000e+00
      2.639      0.047    10.2512    101.734     28.598  22.897081     1.7958      7.640   327.3230 1.1765e+02     2.6921      2.590      3.756    15.1494 0.0000e+00
      2.644      0.042    10.2511    101.737     28.571  22.876450     1.8182      7.640   327.5335 1.1722e+02     2.7616      2.594      3.762    15.0895 0.0000e+00
      2.648      0.040    10.2511    101.719     28.531  22.839956     1.8922      7.640   327.6125 1.1640e+02     2.8763      2.595      3.764    15.0468 0.0000e+00
      2.655      0.043    10.2534    101.677     28.548  22.836737     1.9367      7.640   327.4180 1.1515e+02     2.9190      2.602      3.774    15.0304 0.0000e+00
      2.669      0.050    10.2572    101.622     28.579  22.837512     1.9332      7.640   327.1609 1.1390e+02     2.8804      2.615      3.793    15.0267 0.0000e+00
      2.685      0.059    10.2623    101.582     28.544  22.785812     1.9241      7.640   327.2569 1.1291e+02     2.8676      2.634      3.820    15.0349 0.0000e+00
      2.702      0.069    10.2700    101.565     28.491  22.719474     1.8903      7.636   327.8050 1.1166e+02     2.8862      2.649      3.843    15.0350 0.0000e+00
      2.719      0.077    10.2793    101.547     28.465  22.670225     1.8274      7.631   328.2813 1.1009e+02     2.8917      2.664      3.865    14.9982 0.0000e+00
      2.738      0.082    10.2872    101.491     28.463  22.634703     1.7891      7.626   328.4555 1.0782e+02     2.8730      2.684      3.893    14.9490 0.0000e+00
      2.761      0.084    10.2917    101.384     28.478  22.607350     1.7851      7.623   328.4488 1.0537e+02     2.8437      2.705      3.923    14.9118 0.0000e+00
      2.787      0.082    10.2904    101.222     28.510  22.593378     1.7980      7.623   328.1996 1.0328e+02     2.7808      2.733      3.964    14.8707 0.0000e+00
      2.813      0.078    10.2814    100.997     28.553  22.592689     1.8155      7.622   328.1102 1.0155e+02     2.6923      2.763      4.007    14.8229 0.0000e+00
      2.833      0.073    10.2662    100.721     28.603  22.598977     1.8224      7.622   328.5726 1.0082e+02     2.6593      2.780      4.032    14.7611 0.0000e+00
      2.846      0.066    10.2492    100.438     28.650  22.605886     1.8174      7.623   329.2303 1.0021e+02     2.6873      2.791      4.048    14.6876 0.0000e+00
      2.859      0.058    10.2305    100.172     28.686  22.612709     1.8369      7.623   329.8678 9.8494e+01     2.7859      2.802      4.065    14.6169 0.0000e+00
      2.874      0.050    10.2043     99.882     28.704  22.617956     1.9019      7.622   330.1713 9.6874e+01     2.9056      2.817      4.085    14.5576 0.0000e+00
      2.889      0.044    10.1698     99.541     28.690  22.605831     1.9427      7.622   329.8881 9.5886e+01     2.9138      2.835      4.112    14.5010 0.0000e+00
      2.901      0.039    10.1310     99.160     28.675  22.593076     1.9347      7.623   329.3701 9.5442e+01     2.8551      2.847      4.130    14.4418 0.0000e+00
      2.908      0.036    10.0898     98.756     28.672  22.590708     1.9332      7.623   329.1557 9.5186e+01     2.8359      2.852      4.137    14.4020 0.0000e+00
      2.912      0.036    10.0480     98.356     28.651  22.577200     1.9437      7.620   329.4477 9.4696e+01     2.8644      2.855      4.143    14.3886 0.0000e+00
      2.917      0.041    10.0112     97.995     28.626  22.556720     1.9420      7.615   329.7168 9.4024e+01     2.8946      2.861      4.148    14.3945 0.0000e+00
      2.925      0.050     9.9820     97.678     28.607  22.533532     1.9405      7.608   329.9999 9.2622e+01     2.8964      2.868      4.159    14.3939 0.0000e+00
      2.940      0.059     9.9595     97.393     28.571  22.487269     1.9996      7.601   330.5484 9.0950e+01     2.8862      2.881      4.179    14.3879 0.0000e+00
      2.960      0.066     9.9435     97.138     28.546  22.441723     2.1136      7.596   330.7551 8.9558e+01     2.8933      2.903      4.210    14.3986 0.0000e+00
      2.983      0.070     9.9344     96.938     28.566  22.427178     2.1795      7.591   330.6061 8.7888e+01     2.9208      2.925      4.243    14.4025 0.0000e+00
      3.004      0.070     9.9303     96.802     28.613  22.438347     2.1813      7.587   330.7258 8.6220e+01     2.9142      2.947      4.274    14.3863 0.0000e+00
      3.024      0.065     9.9277     96.705     28.652  22.449761     2.1718      7.585   331.0842 8.5050e+01     2.8745      2.967      4.303    14.3577 0.0000e+00
      3.039      0.059     9.9267     96.649     28.653  22.438198     2.1288      7.584   331.1543 8.4010e+01     2.8682      2.981      4.323    14.3074 0.0000e+00
      3.051      0.052     9.9312     96.661     28.648  22.425491     2.0477      7.583   330.9708 8.3163e+01     2.8989      2.992      4.339    14.2483 0.0000e+00
      3.061      0.047     9.9462     96.766     28.659  22.423074     1.9992      7.581   330.7584 8.2495e+01     2.9095      3.003      4.355    14.2034 0.0000e+00
      3.071      0.043     9.9725     96.957     28.664  22.408966     1.9925      7.580   330.4789 8.1906e+01     2.8748      3.012      4.368    14.1689 0.0000e+00
      3.082      0.041    10.0055     97.205     28.654  22.381860     2.0126      7.579   330.3447 8.1225e+01     2.8758      3.023      4.385    14.1474 0.0000e+00
      3.094      0.041    10.0395     97.471     28.634  22.349237     2.0499      7.576   330.5128 8.0372e+01     2.9223      3.036      4.403    14.1384 0.0000e+00
      3.105      0.042    10.0677     97.703     28.626  22.331914     2.0661      7.573   330.7906 7.9857e+01     2.9175      3.046      4.418    14.1216 0.0000e+00
      3.114      0.043    10.0880     97.874     28.675  22.362849     2.0711      7.570   330.8631 7.9403e+01     2.8788      3.054      4.429    14.0880 0.0000e+00
      3.123      0.044    10.0977     97.958     28.734  22.405846     2.1377      7.566   330.7015 7.8595e+01     2.8817      3.062      4.441    14.0495 0.0000e+00
      3.135      0.046    10.0961     97.943     28.736  22.407404     2.2552      7.562   330.6442 7.7702e+01     2.9223      3.075      4.459    14.0187 0.0000e+00
      3.149      0.048    10.0891     97.879     28.701  22.381684     2.3157      7.558   330.7727 7.6718e+01     2.9419      3.088      4.479    13.9994 0.0000e+00
      3.162      0.050    10.0781     97.778     28.657  22.348814     2.3267      7.555   330.7922 7.5927e+01     2.9058      3.101      4.498    13.9883 0.0000e+00
      3.175      0.052    10.0622     97.631     28.627  22.327381     2.3617      7.553   330.8787 7.5229e+01     2.8522      3.113      4.516    13.9839 0.0000e+00
      3.188      0.054    10.0445     97.462     28.608  22.312984     2.4172      7.550   331.2170 7.4373e+01     2.8427      3.126      4.534    13.9856 0.0000e+00
      3.201      0.056    10.0301     97.315     28.595  22.301705     2.4459      7.546   331.4413 7.3606e+01     2.8827      3.139      4.552    13.9876 0.0000e+00
      3.215      0.057    10.0195     97.185     28.625  22.317967     2.4609      7.542   331.5254 7.2653e+01     2.9087      3.152      4.572    13.9909 0.0000e+00
