Data/DataNotYetUploadedToEDI/Raw_CTD/2018_RawDownloads/051118_bvr50.cnv
* Sea-Bird SBE19plus  Data File:
* FileName = C:\DATA\051118_bvr_0002.hex
* Software version 2.6.3.104 SB_Terminal.dll
* Temperature SN = 7809
* Conductivity SN = 7809
* System UpLoad Time = May 11 2018 13:58:31
* <ApplicationData>
* <Seaterm232>
# nquan = 15
# nvalues = 1003                        
# units = specified
# name 0 = depFM: Depth [fresh water, m]
# name 1 = dz/dtM: Descent Rate [m/s]
# name 2 = sbeox0Mg/L: Oxygen, SBE 43 [mg/l]
# name 3 = sbeox0PS: Oxygen, SBE 43 [% saturation]
# name 4 = specc: Specific Conductance [uS/cm]
# name 5 = c0uS/cm: Conductivity [uS/cm]
# name 6 = flECO-AFL: Fluorescence, WET Labs ECO-AFL/FL [mg/m^3]
# name 7 = ph: pH
# name 8 = orp: Oxidation Reduction Potential [mV]
# name 9 = par/sat/log: PAR/Logarithmic, Satlantic
# name 10 = turbWETntu0: Turbidity, WET Labs ECO [NTU]
# name 11 = prdM: Pressure, Strain Gauge [db]
# name 12 = prdE: Pressure, Strain Gauge [psi]
# name 13 = tv290C: Temperature [ITS-90, deg C]
# name 14 = flag:  0.000e+00
# span 0 =     -0.612,     10.507       
# span 1 =     -0.131,      0.288       
# span 2 =     0.1013,    10.4508       
# span 3 =      0.836,    107.752       
# span 4 =      4.926,     66.075       
# span 5 =   4.129241,  42.379395       
# span 6 =    -0.2591,     3.1105       
# span 7 =      6.368,      8.083       
# span 8 =   254.1073,   362.8558       
# span 9 = 1.2540e-01, 2.4746e+03       
# span 10 =    -0.4482,    14.0024      
# span 11 =     -0.601,     10.306      
# span 12 =     -0.870,     14.947      
# span 13 =     7.0491,    21.3291      
# span 14 = 0.0000e+00, 0.0000e+00      
# interval = seconds: 0.25
# start_time = May 11 2018 15:01:23 [Instrument's time stamp, header]
# bad_flag = -9.990e-29
*END*
[from data line 772]
      6.572      0.093     4.8997     41.620     32.737  21.765814     1.3843      6.602   358.3935 1.7140e+00     5.2125      6.442      9.343     8.3388 0.0000e+00
      6.601      0.093     4.9017     41.615     32.785  21.783992     1.3215      6.597   358.5594 1.6321e+00     5.1770      6.473      9.387     8.3160 0.0000e+00
      6.631      0.091     4.8977     41.566     32.850  21.817061     1.2879      6.592   358.6978 1.5607e+00     5.2013      6.507      9.436     8.2923 0.0000e+00
      6.656      0.087     4.8797     41.401     32.910  21.848228     1.2904      6.589   358.8621 1.5092e+00     5.2316      6.530      9.471     8.2661 0.0000e+00
      6.675      0.081     4.8453     41.096     32.915  21.843414     1.3145      6.587   359.0833 1.4666e+00     5.2689      6.547      9.496     8.2401 0.0000e+00
      6.691      0.074     4.7933     40.644     32.895  21.822328     1.3413      6.586   359.2213 1.4245e+00     5.3472      6.562      9.517     8.2183 0.0000e+00
      6.707      0.068     4.7264     40.067     32.846  21.783713     1.3482      6.587   359.2394 1.3799e+00     5.4157      6.576      9.537     8.2036 0.0000e+00
      6.724      0.065     4.6511     39.422     32.814  21.757404     1.3519      6.587   359.3026 1.3456e+00     5.4562      6.594      9.564     8.1921 0.0000e+00
      6.743      0.064     4.5699     38.727     32.821  21.758145     1.3767      6.586   359.4701 1.3285e+00     5.4703      6.614      9.593     8.1802 0.0000e+00
      6.760      0.062     4.4855     38.007     32.879  21.792671     1.4091      6.586   359.4571 1.3003e+00     5.4344      6.629      9.614     8.1683 0.0000e+00
      6.775      0.059     4.4090     37.354     32.981  21.857446     1.4213      6.587   359.3170 1.2368e+00     5.4188      6.644      9.636     8.1574 0.0000e+00
      6.789      0.057     4.3485     36.838     33.060  21.906514     1.4229      6.587   359.3247 1.1802e+00     5.4640      6.658      9.657     8.1499 0.0000e+00
      6.802      0.057     4.3050     36.464     33.119  21.941569     1.4202      6.586   359.4641 1.1621e+00     5.4927      6.671      9.675     8.1452 0.0000e+00
      6.814      0.059     4.2783     36.229     33.163  21.963880     1.4075      6.583   359.6269 1.1419e+00     5.5222      6.683      9.692     8.1389 0.0000e+00
      6.828      0.063     4.2626     36.084     33.209  21.985828     1.4068      6.581   359.7448 1.1034e+00     5.5757      6.695      9.710     8.1337 0.0000e+00
      6.843      0.066     4.2521     35.982     33.270  22.016480     1.4215      6.578   359.9428 1.0749e+00     5.5914      6.710      9.732     8.1308 0.0000e+00
      6.863      0.069     4.2481     35.936     33.285  22.017068     1.4284      6.575   360.2135 1.0409e+00     5.6208      6.730      9.760     8.1237 0.0000e+00
      6.884      0.071     4.2451     35.904     33.257  21.992926     1.4072      6.571   360.2650 9.9613e-01     5.6556      6.753      9.794     8.1135 0.0000e+00
      6.903      0.072     4.2360     35.819     33.244  21.978510     1.3678      6.568   360.2207 9.7177e-01     5.6458      6.772      9.822     8.1022 0.0000e+00
      6.920      0.071     4.2193     35.667     33.243  21.969718     1.3465      6.565   360.2803 9.4682e-01     5.6545      6.786      9.842     8.0849 0.0000e+00
      6.937      0.070     4.1971     35.467     33.228  21.950097     1.3435      6.561   360.2977 9.0647e-01     5.6697      6.804      9.868     8.0689 0.0000e+00
      6.956      0.070     4.1706     35.230     33.214  21.931716     1.3216      6.558   360.3443 8.7067e-01     5.7080      6.822      9.894     8.0636 0.0000e+00
      6.973      0.072     4.1434     34.987     33.239  21.937907     1.2837      6.556   360.5003 8.4758e-01     5.8115      6.837      9.917     8.0572 0.0000e+00
      6.990      0.075     4.1171     34.751     33.292  21.961461     1.2722      6.554   360.6344 8.2979e-01     5.8840      6.854      9.941     8.0431 0.0000e+00
      7.009      0.077     4.0905     34.511     33.313  21.962560     1.2922      6.552   360.6754 7.9830e-01     5.8820      6.872      9.968     8.0281 0.0000e+00
      7.029      0.077     4.0696     34.316     33.318  21.951181     1.3229      6.551   360.6520 7.6775e-01     5.8489      6.891      9.997     8.0140 0.0000e+00
      7.051      0.077     4.0559     34.179     33.342  21.950840     1.3409      6.550   360.6955 7.4977e-01     5.8503      6.915     10.029     7.9983 0.0000e+00
      7.073      0.077     4.0464     34.083     33.374  21.958417     1.3437      6.549   360.8572 7.2792e-01     5.8681      6.938     10.064     7.9816 0.0000e+00
      7.092      0.077     4.0397     34.014     33.421  21.979300     1.3478      6.547   360.9719 7.0324e-01     5.8506      6.956     10.089     7.9641 0.0000e+00
      7.107      0.078     4.0347     33.959     33.487  22.012878     1.3542      6.545   360.9640 6.8516e-01     5.8522      6.969     10.109     7.9413 0.0000e+00
      7.124      0.080     4.0310     33.913     33.557  22.046974     1.3570      6.544   360.9348 6.6981e-01     5.8576      6.984     10.130     7.9143 0.0000e+00
      7.145      0.082     4.0270     33.863     33.620  22.074130     1.3531      6.543   360.8769 6.5136e-01     5.8539      7.006     10.161     7.8926 0.0000e+00
      7.170      0.082     4.0204     33.792     33.659  22.087278     1.3536      6.540   360.8657 6.3291e-01     5.8687      7.032     10.199     7.8802 0.0000e+00
      7.195      0.081     4.0079     33.679     33.657  22.078970     1.3544      6.538   360.9717 6.1146e-01     5.8833      7.056     10.234     7.8687 0.0000e+00
      7.217      0.079     3.9882     33.510     33.692  22.100632     1.3353      6.538   361.0398 5.9272e-01     5.9399      7.080     10.268     7.8496 0.0000e+00
      7.236      0.074     3.9627     33.295     33.781  22.158746     1.3058      6.539   361.0872 5.7920e-01     6.0340      7.098     10.295     7.8252 0.0000e+00
      7.251      0.071     3.9308     33.023     33.866  22.210278     1.2915      6.539   361.1999 5.6559e-01     6.0751      7.112     10.315     7.8059 0.0000e+00
      7.266      0.069     3.8923     32.691     33.983  22.279315     1.2915      6.538   361.2845 5.4815e-01     6.1017      7.124     10.333     7.7954 0.0000e+00
      7.282      0.068     3.8518     32.339     34.119  22.358626     1.3055      6.538   361.2492 5.2439e-01     6.1727      7.141     10.355     7.7955 0.0000e+00
      7.302      0.068     3.8093     31.972     34.207  22.407419     1.3315      6.538   361.2032 5.0313e-01     6.2612      7.160     10.385     7.7977 0.0000e+00
      7.322      0.069     3.7642     31.586     34.243  22.424869     1.3493      6.538   361.3304 4.9153e-01     6.3173      7.181     10.416     7.7918 0.0000e+00
      7.341      0.069     3.7188     31.199     34.278  22.442643     1.3553      6.539   361.4108 4.8657e-01     6.3324      7.200     10.443     7.7808 0.0000e+00
      7.357      0.068     3.6734     30.813     34.367  22.495345     1.3579      6.540   361.3152 4.7671e-01     6.3824      7.215     10.464     7.7628 0.0000e+00
      7.372      0.067     3.6247     30.398     34.564  22.617691     1.3622      6.540   361.3789 4.5913e-01     6.4636      7.229     10.485     7.7481 0.0000e+00
      7.388      0.069     3.5708     29.937     34.920  22.842682     1.3618      6.539   361.5786 4.4575e-01     6.5212      7.245     10.508     7.7411 0.0000e+00
      7.405      0.072     3.5150     29.457     35.266  23.057198     1.3532      6.538   361.6651 4.4191e-01     6.5603      7.262     10.533     7.7343 0.0000e+00
      7.423      0.075     3.4571     28.957     35.379  23.116364     1.3490      6.536   361.7364 4.3449e-01     6.6921      7.278     10.556     7.7273 0.0000e+00
      7.444      0.077     3.3950     28.422     35.397  23.113644     1.3476      6.535   361.9247 4.2041e-01     6.9243      7.298     10.585     7.7186 0.0000e+00
      7.467      0.078     3.3291     27.860     35.472  23.151260     1.3459      6.534   362.0491 4.0397e-01     7.0491      7.323     10.622     7.7075 0.0000e+00
      7.489      0.077     3.2509     27.196     35.547  23.190252     1.3479      6.533   362.0353 3.8821e-01     7.0716      7.345     10.653     7.6917 0.0000e+00
      7.508      0.076     3.1508     26.351     35.581  23.204175     1.3443      6.531   362.1021 3.7459e-01     7.1965      7.363     10.678     7.6673 0.0000e+00
      7.525      0.074     3.0326     25.358     35.571  23.192621     1.3475      6.529   362.2549 3.6750e-01     7.3999      7.380     10.704     7.6438 0.0000e+00
      7.542      0.072     2.8958     24.212     35.552  23.177531     1.3594      6.525   362.4198 3.7450e-01     7.5159      7.396     10.728     7.6306 0.0000e+00
      7.559      0.071     2.7372     22.881     35.517  23.148687     1.3586      6.520   362.5478 3.7485e-01     7.5619      7.413     10.751     7.6173 0.0000e+00
      7.578      0.072     2.5694     21.470     35.455  23.097805     1.3563      6.515   362.2533 3.6065e-01     7.5895      7.431     10.778     7.6032 0.0000e+00
      7.597      0.075     2.4053     20.090     35.433  23.070200     1.3418      6.507   361.4404 3.4369e-01     7.7274      7.451     10.808     7.5969 0.0000e+00
      7.615      0.078     2.2534     18.812     35.454  23.068847     1.3109      6.501   360.6349 3.2876e-01     8.0088      7.469     10.832     7.5967 0.0000e+00
      7.634      0.081     2.1256     17.736     35.495  23.081432     1.2951      6.495   360.0848 3.1782e-01     8.1845      7.485     10.856     7.5888 0.0000e+00
      7.656      0.083     2.0239     16.882     35.530  23.095369     1.2886      6.490   359.6073 3.0879e-01     8.2645      7.507     10.888     7.5714 0.0000e+00
      7.679      0.083     1.9462     16.232     35.559  23.110383     1.2513      6.486   359.1647 3.0005e-01     8.7319      7.532     10.924     7.5554 0.0000e+00
      7.702      0.083     1.8948     15.801     35.606  23.135989     1.1849      6.483   358.9477 2.9694e-01     9.5637      7.554     10.956     7.5326 0.0000e+00
      7.723      0.082     1.8674     15.568     35.641  23.151014     1.1476      6.481   359.0492 2.9852e-01    10.0203      7.575     10.986     7.5069 0.0000e+00
      7.743      0.079     1.8548     15.457     35.678  23.165076     1.1406      6.479   359.1874 2.9207e-01    10.0718      7.594     11.014     7.4954 0.0000e+00
      7.763      0.076     1.8490     15.404     35.714  23.179033     1.1091      6.477   359.1560 2.8324e-01    10.1251      7.614     11.043     7.4950 0.0000e+00
      7.782      0.074     1.8428     15.348     35.747  23.192780     1.0509      6.475   359.1864 2.7704e-01    10.2076      7.632     11.069     7.4902 0.0000e+00
      7.800      0.072     1.8336     15.269     35.773  23.204315     1.0168      6.475   359.2958 2.7690e-01    10.2453      7.648     11.093     7.4767 0.0000e+00
      7.818      0.072     1.8238     15.186     35.758  23.191522     1.0177      6.474   359.3607 2.7985e-01    10.2451      7.666     11.119     7.4618 0.0000e+00
      7.836      0.072     1.8084     15.057     35.719  23.165070     1.0254      6.474   359.4545 2.6941e-01    10.1746      7.685     11.146     7.4491 0.0000e+00
      7.855      0.073     1.7851     14.861     35.681  23.138426     1.0271      6.473   359.4835 2.4722e-01    10.0038      7.703     11.172     7.4369 0.0000e+00
      7.873      0.074     1.7551     14.611     35.661  23.123316     1.0289      6.472   359.4532 2.3850e-01     9.8887      7.720     11.196     7.4276 0.0000e+00
      7.891      0.077     1.7220     14.334     35.647  23.109341     1.0374      6.469   359.6049 2.4364e-01     9.9126      7.738     11.223     7.4263 0.0000e+00
      7.910      0.080     1.6908     14.071     35.638  23.096424     1.0382      6.468   359.8552 2.3699e-01    10.1396      7.756     11.250     7.4257 0.0000e+00
      7.930      0.082     1.6626     13.832     35.647  23.094106     1.0299      6.468   359.9842 2.2559e-01    10.4968      7.776     11.278     7.4233 0.0000e+00
      7.953      0.082     1.6405     13.645     35.636  23.081304     1.0291      6.467   360.0467 2.2269e-01    10.6915      7.800     11.312     7.4204 0.0000e+00
      7.977      0.081     1.6275     13.536     35.621  23.068598     1.0278      6.465   360.0945 2.1714e-01    10.7240      7.824     11.348     7.4129 0.0000e+00
      7.998      0.078     1.6218     13.488     35.621  23.067443     1.0243      6.463   360.0464 2.0412e-01    10.7370      7.845     11.378     7.4025 0.0000e+00
      8.017      0.074     1.6203     13.473     35.623  23.067347     1.0141      6.462   359.9813 2.0227e-01    10.8481      7.863     11.405     7.3901 0.0000e+00
      8.035      0.070     1.6245     13.508     35.627  23.067432     0.9872      6.461   359.9944 2.0610e-01    11.0292      7.881     11.431     7.3805 0.0000e+00
      8.050      0.067     1.6338     13.585     35.632  23.068472     0.9661      6.461   359.9471 1.9963e-01    11.0960      7.895     11.450     7.3781 0.0000e+00
      8.066      0.065     1.6443     13.671     35.652  23.079910     0.9611      6.461   359.9257 1.8468e-01    11.1068      7.909     11.471     7.3776 0.0000e+00
      8.082      0.063     1.6580     13.783     35.655  23.078757     0.9628      6.461   359.9941 1.7225e-01    11.1293      7.925     11.495     7.3752 0.0000e+00
      8.100      0.061     1.6734     13.910     35.623  23.054526     0.9587      6.460   360.0856 1.7185e-01    11.1244      7.944     11.522     7.3708 0.0000e+00
      8.117      0.059     1.6901     14.048     35.605  23.040886     0.9487      6.459   360.2578 1.6977e-01    11.1080      7.962     11.547     7.3683 0.0000e+00
      8.132      0.057     1.7120     14.229     35.606  23.040801     0.9526      6.457   360.3548 1.7574e-01    11.1136      7.975     11.567     7.3675 0.0000e+00
      8.145      0.056     1.7344     14.415     35.626  23.053500     0.9503      6.457   360.3123 1.9334e-01    11.1613      7.987     11.586     7.3628 0.0000e+00
      8.156      0.056     1.7516     14.558     35.649  23.067445     0.9205      6.457   360.3462 1.9488e-01    11.1972      7.999     11.602     7.3569 0.0000e+00
      8.169      0.059     1.7667     14.683     35.675  23.082440     0.8961      6.456   360.4199 1.8230e-01    11.1511      8.010     11.618     7.3539 0.0000e+00
      8.183      0.064     1.7821     14.808     35.721  23.107836     0.8943      6.453   360.4296 1.7898e-01    11.0918      8.024     11.638     7.3535 0.0000e+00
      8.201      0.068     1.7947     14.910     35.749  23.120551     0.9163      6.449   360.5501 1.8119e-01    11.0606      8.042     11.663     7.3530 0.0000e+00
      8.221      0.070     1.8052     14.995     35.737  23.109210     0.9517      6.447   360.6713 1.6780e-01    10.9875      8.062     11.693     7.3528 0.0000e+00
      8.241      0.071     1.8121     15.052     35.720  23.097679     0.9642      6.446   360.6047 1.4782e-01    10.9094      8.084     11.724     7.3511 0.0000e+00
      8.261      0.070     1.8133     15.062     35.736  23.108097     0.9558      6.445   360.6057 1.4535e-01    10.8789      8.103     11.752     7.3435 0.0000e+00
      8.279      0.069     1.8144     15.070     35.737  23.108202     0.9511      6.444   360.7697 1.5563e-01    10.8629      8.120     11.777     7.3345 0.0000e+00
      8.294      0.067     1.8131     15.059     35.727  23.098950     0.9355      6.442   360.8664 1.5926e-01    10.8077      8.133     11.796     7.3295 0.0000e+00
      8.310      0.066     1.8031     14.974     35.769  23.123200     0.9044      6.440   360.9145 1.5293e-01    10.7303      8.148     11.818     7.3289 0.0000e+00
