Data/DataNotYetUploadedToEDI/Raw_CTD/2018_RawDownloads/051118_bvr50.cnv
* Sea-Bird SBE19plus  Data File:
* FileName = C:\DATA\051118_bvr_0002.hex
* Software version 2.6.3.104 SB_Terminal.dll
* Temperature SN = 7809
* Conductivity SN = 7809
* System UpLoad Time = May 11 2018 13:58:31
* <ApplicationData>
* <Seaterm232>
# nquan = 15
# nvalues = 1003                        
# units = specified
# name 0 = depFM: Depth [fresh water, m]
# name 1 = dz/dtM: Descent Rate [m/s]
# name 2 = sbeox0Mg/L: Oxygen, SBE 43 [mg/l]
# name 3 = sbeox0PS: Oxygen, SBE 43 [% saturation]
# name 4 = specc: Specific Conductance [uS/cm]
# name 5 = c0uS/cm: Conductivity [uS/cm]
# name 6 = flECO-AFL: Fluorescence, WET Labs ECO-AFL/FL [mg/m^3]
# name 7 = ph: pH
# name 8 = orp: Oxidation Reduction Potential [mV]
# name 9 = par/sat/log: PAR/Logarithmic, Satlantic
# name 10 = turbWETntu0: Turbidity, WET Labs ECO [NTU]
# name 11 = prdM: Pressure, Strain Gauge [db]
# name 12 = prdE: Pressure, Strain Gauge [psi]
# name 13 = tv290C: Temperature [ITS-90, deg C]
# name 14 = flag:  0.000e+00
# span 0 =     -0.612,     10.507       
# span 1 =     -0.131,      0.288       
# span 2 =     0.1013,    10.4508       
# span 3 =      0.836,    107.752       
# span 4 =      4.926,     66.075       
# span 5 =   4.129241,  42.379395       
# span 6 =    -0.2591,     3.1105       
# span 7 =      6.368,      8.083       
# span 8 =   254.1073,   362.8558       
# span 9 = 1.2540e-01, 2.4746e+03       
# span 10 =    -0.4482,    14.0024      
# span 11 =     -0.601,     10.306      
# span 12 =     -0.870,     14.947      
# span 13 =     7.0491,    21.3291      
# span 14 = 0.0000e+00, 0.0000e+00      
# interval = seconds: 0.25
# start_time = May 11 2018 15:01:23 [Instrument's time stamp, header]
# bad_flag = -9.990e-29
*END*
[from data line 290]
     -0.197     -0.001     6.9188     78.000     28.965  26.796234     0.5845      7.520   320.2290 2.2332e+03     2.1431     -0.193     -0.281    21.2506 0.0000e+00
     -0.197     -0.001     6.9037     77.834     28.984  26.815335     0.5810      7.520   320.1545 2.2387e+03     2.1326     -0.194     -0.282    21.2470 0.0000e+00
     -0.197     -0.001     6.8912     77.696     28.992  26.823425     0.5839      7.521   320.3216 2.2415e+03     2.1246     -0.193     -0.280    21.2467 0.0000e+00
     -0.197     -0.001     6.8850     77.626     28.999  26.830551     0.5824      7.524   320.2701 2.2426e+03     2.1076     -0.194     -0.281    21.2457 0.0000e+00
     -0.198     -0.000     6.8857     77.633     29.008  26.838013     0.5810      7.528   319.6189 2.2422e+03     2.0797     -0.195     -0.282    21.2509 0.0000e+00
     -0.199      0.003     6.8948     77.738     29.019  26.850155     0.5860      7.533   318.3840 2.2366e+03     2.0917     -0.195     -0.283    21.2547 0.0000e+00
     -0.199      0.008     6.9140     77.956     29.019  26.850365     0.5876      7.536   317.2993 2.2189e+03     2.1008     -0.195     -0.283    21.2561 0.0000e+00
     -0.199      0.013     6.9406     78.253     29.010  26.840552     0.5828      7.530   317.1719 2.1291e+03     2.0988     -0.196     -0.284    21.2567 0.0000e+00
     -0.196      0.018     6.9687     78.564     29.033  26.858500     0.5823      7.512   317.5323 1.9850e+03     2.1274     -0.195     -0.283    21.2541 0.0000e+00
     -0.188      0.018     6.9902     78.800     29.055  26.876876     0.5906      7.494   317.7850 1.9877e+03     2.1417     -0.188     -0.271    21.2568 0.0000e+00
     -0.177      0.016     6.9991     78.900     29.050  26.872260     0.6004      7.490   317.8182 2.1408e+03     2.1200     -0.172     -0.248    21.2597 0.0000e+00
     -0.169      0.012     6.9988     78.899     29.042  26.866173     0.6184      7.497   317.7613 2.2398e+03     2.0781     -0.161     -0.234    21.2572 0.0000e+00
     -0.169      0.008     6.9956     78.867     29.041  26.866768     0.6521      7.501   317.7852 2.2637e+03     2.0626     -0.163     -0.236    21.2512 0.0000e+00
     -0.174      0.004     6.9931     78.843     29.053  26.879468     0.6859      7.496   317.7640 2.2712e+03     2.1149     -0.171     -0.248    21.2456 0.0000e+00
     -0.178      0.001     6.9943     78.862     29.065  26.892734     0.7055      7.487   317.6768 2.2432e+03     2.1610     -0.177     -0.257    21.2473 0.0000e+00
     -0.177      0.000     6.9979     78.907     29.071  26.900184     0.7238      7.484   317.6774 1.9643e+03     2.1327     -0.175     -0.254    21.2486 0.0000e+00
     -0.173      0.001     7.0004     78.945     29.073  26.906051     0.7508      7.490   317.6845 1.2858e+03     2.1078     -0.169     -0.246    21.2504 0.0000e+00
     -0.170      0.001     7.0049     79.004     29.063  26.900173     0.7655      7.501   317.6769 6.4815e+02     2.1349     -0.165     -0.239    21.2569 0.0000e+00
     -0.170      0.001     7.0159     79.136     29.052  26.892618     0.7635      7.511   317.8440 4.8225e+02     2.1553     -0.166     -0.240    21.2579 0.0000e+00
     -0.172      0.000     7.0329     79.331     29.036  26.878207     0.7359      7.514   318.1556 9.0845e+02     2.1404     -0.168     -0.244    21.2596 0.0000e+00
     -0.174     -0.002     7.0509     79.533     29.009  26.852915     0.6802      7.510   318.3470 1.6819e+03     2.1075     -0.171     -0.248    21.2676 0.0000e+00
     -0.174     -0.002     7.0671     79.714     28.996  26.840793     0.6499      7.507   318.3514 2.1458e+03     2.0934     -0.172     -0.250    21.2738 0.0000e+00
     -0.174     -0.001     7.0825     79.886     29.016  26.858633     0.6549      7.509   318.2949 2.2300e+03     2.0923     -0.171     -0.248    21.2787 0.0000e+00
     -0.173      0.001     7.0997     80.080     29.038  26.878135     0.6584      7.515   318.1797 2.2460e+03     2.0937     -0.170     -0.247    21.2809 0.0000e+00
     -0.172      0.001     7.1212     80.324     29.046  26.886101     0.6644      7.522   318.0773 2.2522e+03     2.1102     -0.168     -0.244    21.2782 0.0000e+00
     -0.172      0.001     7.1472     80.616     29.052  26.891457     0.6806      7.527   318.0903 2.2509e+03     2.1084     -0.169     -0.245    21.2783 0.0000e+00
     -0.173      0.000     7.1733     80.909     29.039  26.879401     0.6892      7.532   318.1635 2.2446e+03     2.1024     -0.169     -0.246    21.2780 0.0000e+00
     -0.173 1.0376e-09     7.1972     81.176     29.027  26.867320     0.6866      7.536   318.1881 2.2391e+03     2.1289     -0.169     -0.246    21.2757 0.0000e+00
     -0.173 1.1414e-08     7.2172     81.400     29.033  26.872372     0.6847      7.539   318.1300 2.2347e+03     2.1240     -0.170     -0.247    21.2781 0.0000e+00
     -0.173 1.2555e-07     7.2290     81.533     29.039  26.876988     0.6856      7.542   318.1498 2.2322e+03     2.0737     -0.170     -0.246    21.2783 0.0000e+00
     -0.173      0.000     7.2341     81.592     29.020  26.859644     0.6881      7.544   318.2549 2.2298e+03     2.0700     -0.170     -0.247    21.2750 0.0000e+00
     -0.173      0.000     7.2343     81.596     29.012  26.853147     0.6964      7.546   318.1968 2.2298e+03     2.1097     -0.169     -0.246    21.2752 0.0000e+00
     -0.173      0.000     7.2273     81.523     29.018  26.861929     0.6944      7.547   317.7908 2.2378e+03     2.1269     -0.169     -0.245    21.2729 0.0000e+00
     -0.173      0.002     7.2154     81.397     28.990  26.838839     0.6731      7.548   317.5627 2.2476e+03     2.1257     -0.169     -0.246    21.2727 0.0000e+00
     -0.174      0.005     7.2052     81.285     28.977  26.827958     0.6594      7.541   317.9342 2.2502e+03     2.1561     -0.171     -0.248    21.2748 0.0000e+00
     -0.174      0.007     7.1990     81.215     29.009  26.857352     0.6572      7.522   318.3234 2.2456e+03     2.2197     -0.171     -0.249    21.2738 0.0000e+00
     -0.171      0.007     7.1932     81.150     29.030  26.876768     0.6553      7.506   318.3104 2.2381e+03     2.2538     -0.170     -0.246    21.2796 0.0000e+00
     -0.165      0.003     7.1878     81.092     29.024  26.872236     0.6552      7.505   318.0361 2.2312e+03     2.2326     -0.164     -0.237    21.2865 0.0000e+00
     -0.159     -0.002     7.1875     81.094     29.015  26.866053     0.6469      7.515   317.8457 2.2276e+03     2.2073     -0.153     -0.222    21.2878 0.0000e+00
     -0.159     -0.005     7.1949     81.183     29.012  26.865505     0.6367      7.526   317.6438 2.2358e+03     2.2228     -0.152     -0.221    21.2857 0.0000e+00
     -0.167     -0.004     7.2110     81.370     29.010  26.865620     0.6333      7.534   317.3158 2.2529e+03     2.2066     -0.163     -0.236    21.2856 0.0000e+00
     -0.178      0.001     7.2367     81.665     29.010  26.867437     0.6334      7.533   317.0630 2.2569e+03     2.1326     -0.177     -0.255    21.2886 0.0000e+00
     -0.183      0.007     7.2701     82.045     29.030  26.887473     0.6464      7.528   317.3402 2.2449e+03     2.0912     -0.184     -0.267    21.2921 0.0000e+00
     -0.178      0.008     7.3061     82.453     29.062  26.917394     0.6624      7.530   318.2583 2.2342e+03     2.1031     -0.179     -0.260    21.2964 0.0000e+00
     -0.162      0.005     7.3392     82.827     29.055  26.911736     0.6622      7.536   318.6135 2.2325e+03     2.1236     -0.160     -0.231    21.2985 0.0000e+00
     -0.146      0.000     7.3706     83.182     29.023  26.882560     0.6342      7.536   318.1071 2.2328e+03     2.1872     -0.135     -0.196    21.3021 0.0000e+00
     -0.146     -0.004     7.4012     83.531     29.022  26.882107     0.6005      7.528   317.9005 2.2332e+03     2.3232     -0.134     -0.197    21.3048 0.0000e+00
     -0.165     -0.006     7.4259     83.814     29.046  26.906256     0.5950      7.513   318.0080 2.2397e+03     2.4247     -0.162     -0.236    21.3048 0.0000e+00
     -0.184     -0.006     7.4390     83.964     29.061  26.920562     0.5944      7.491   317.8584 2.2423e+03     2.4681     -0.187     -0.271    21.3055 0.0000e+00
     -0.187     -0.003     7.4413     83.989     29.069  26.928097     0.5835      7.473   317.2109 2.2359e+03     2.4208     -0.190     -0.277    21.3061 0.0000e+00
     -0.175      0.005     7.4409     83.983     29.076  26.933869     0.5834      7.468   316.6324 2.2266e+03     2.2803     -0.173     -0.251    21.3083 0.0000e+00
     -0.160      0.014     7.4467     84.046     29.070  26.926850     0.5934      7.472   317.4024 2.2180e+03     2.2036     -0.153     -0.223    21.3118 0.0000e+00
     -0.153      0.017     7.4593     84.187     29.049  26.906726     0.6039      7.482   318.4325 2.2213e+03     2.2252     -0.147     -0.214    21.3133 0.0000e+00
     -0.154      0.013     7.4698     84.306     29.021  26.881026     0.6272      7.496   318.4180 2.2390e+03     2.2677     -0.151     -0.219    21.3127 0.0000e+00
     -0.155      0.007     7.4773     84.393     29.008  26.870097     0.6639      7.508   318.1733 2.2609e+03     2.2587     -0.153     -0.221    21.3110 0.0000e+00
     -0.156      0.002     7.4945     84.590     29.042  26.901577     0.6886      7.518   317.7969 2.2376e+03     2.2089     -0.152     -0.221    21.3087 0.0000e+00
     -0.157     -0.001     7.5244     84.925     29.088  26.944177     0.6957      7.525   317.1371 1.7851e+03     2.1846     -0.155     -0.226    21.3078 0.0000e+00
     -0.155     -0.001     7.5557     85.274     29.086  26.940693     0.7137      7.531   317.1647 1.1066e+03     2.2087     -0.152     -0.221    21.3085 0.0000e+00
     -0.153     -0.001     7.5768     85.509     29.068  26.922947     0.7405      7.536   317.8734 1.2232e+03     2.2254     -0.148     -0.215    21.3095 0.0000e+00
     -0.153     -0.001     7.5833     85.581     29.065  26.920100     0.7443      7.540   318.3055 1.8752e+03     2.2035     -0.150     -0.217    21.3116 0.0000e+00
     -0.156      0.000     7.5796     85.540     29.050  26.906266     0.7413      7.541   318.4317 2.1709e+03     2.1877     -0.153     -0.222    21.3113 0.0000e+00
     -0.158      0.001     7.5716     85.447     29.025  26.882686     0.7498      7.539   318.2806 2.1953e+03     2.1562     -0.157     -0.226    21.3072 0.0000e+00
     -0.158      0.002     7.5616     85.334     29.032  26.888973     0.7561      7.533   317.7696 2.2042e+03     2.1291     -0.156     -0.227    21.3046 0.0000e+00
     -0.157      0.004     7.5535     85.241     29.065  26.918780     0.7526      7.525   317.1569 2.2183e+03     2.1336     -0.154     -0.223    21.3051 0.0000e+00
     -0.153      0.004     7.5529     85.234     29.072  26.925601     0.7440      7.521   317.2398 2.2379e+03     2.1198     -0.151     -0.218    21.3053 0.0000e+00
     -0.149      0.003     7.5626     85.343     29.054  26.907949     0.7345      7.522   317.8257 2.2527e+03     2.1148     -0.145     -0.211    21.3045 0.0000e+00
     -0.149      0.003     7.5775     85.510     29.041  26.895837     0.7206      7.524   317.6154 2.2510e+03     2.1030     -0.145     -0.210    21.3030 0.0000e+00
     -0.152      0.004     7.5917     85.669     29.052  26.906143     0.7045      7.525   317.1927 2.2334e+03     2.0685     -0.150     -0.216    21.3029 0.0000e+00
     -0.153      0.008     7.6012     85.778     29.052  26.905576     0.6962      7.525   317.2750 2.2132e+03     2.0644     -0.152     -0.220    21.3032 0.0000e+00
     -0.153      0.013     7.6035     85.805     29.033  26.888983     0.6941      7.523   317.6636 2.2017e+03     2.0841     -0.151     -0.220    21.3015 0.0000e+00
     -0.150      0.017     7.5982     85.749     29.040  26.896004     0.6782      7.515   318.2778 2.1980e+03     2.0923     -0.148     -0.214    21.3014 0.0000e+00
     -0.141      0.019     7.5846     85.599     29.072  26.926964     0.6520      7.509   318.5920 2.2000e+03     2.0725     -0.139     -0.202    21.3012 0.0000e+00
     -0.130      0.017     7.5693     85.430     29.091  26.945847     0.6439      7.508   318.6237 2.2137e+03     2.0584     -0.126     -0.183    21.3015 0.0000e+00
     -0.121      0.012     7.5638     85.370     29.077  26.933839     0.6538      7.510   318.5749 2.2385e+03     2.0744     -0.116     -0.168    21.3029 0.0000e+00
     -0.121      0.007     7.5713     85.458     29.048  26.908764     0.6704      7.513   318.3467 2.2605e+03     2.0824     -0.117     -0.168    21.3037 0.0000e+00
     -0.126      0.002     7.5879     85.651     29.033  26.896653     0.6882      7.515   318.5313 2.2674e+03     2.0641     -0.125     -0.180    21.3064 0.0000e+00
     -0.131      0.000     7.6134     85.942     29.051  26.914391     0.6946      7.517   319.0856 2.2579e+03     2.0672     -0.130     -0.188    21.3081 0.0000e+00
     -0.132      0.002     7.6508     86.366     29.070  26.932746     0.6918      7.517   319.3702 2.2414e+03     2.0894     -0.131     -0.190    21.3103 0.0000e+00
     -0.130      0.005     7.6937     86.851     29.064  26.928109     0.6912      7.516   319.5638 2.2271e+03     2.0879     -0.127     -0.185    21.3134 0.0000e+00
     -0.125      0.006     7.7312     87.276     29.057  26.921822     0.6969      7.516   319.7917 2.2151e+03     2.0793     -0.122     -0.177    21.3154 0.0000e+00
     -0.120      0.006     7.7594     87.596     29.056  26.920223     0.6962      7.518   319.8885 2.2040e+03     2.0767     -0.117     -0.170    21.3180 0.0000e+00
     -0.118      0.003     7.7766     87.792     29.043  26.908774     0.6930      7.520   319.8730 2.1769e+03     2.0877     -0.114     -0.165    21.3187 0.0000e+00
     -0.118     -0.001     7.7804     87.835     29.044  26.910382     0.7310      7.522   319.8631 2.1325e+03     2.1206     -0.114     -0.166    21.3194 0.0000e+00
     -0.122     -0.003     7.7714     87.735     29.075  26.939663     0.7972      7.523   319.9412 2.1279e+03     2.1380     -0.119     -0.172    21.3203 0.0000e+00
     -0.126     -0.003     7.7514     87.510     29.081  26.945340     0.8319      7.524   320.0427 2.1723e+03     2.1152     -0.124     -0.179    21.3203 0.0000e+00
     -0.127     -0.002     7.7228     87.187     29.048  26.915525     0.8383      7.524   320.0581 2.2066e+03     2.0887     -0.125     -0.182    21.3218 0.0000e+00
     -0.127      0.000     7.6963     86.887     29.028  26.896647     0.8368      7.524   320.0416 2.2192e+03     2.0927     -0.126     -0.182    21.3227 0.0000e+00
     -0.123      0.001     7.6855     86.764     29.040  26.907576     0.8507      7.524   320.0141 2.2274e+03     2.1337     -0.121     -0.175    21.3230 0.0000e+00
     -0.121      0.001     7.6931     86.850     29.055  26.920681     0.8781      7.524   319.9840 2.2305e+03     2.1867     -0.116     -0.169    21.3239 0.0000e+00
     -0.121      0.000     7.7117     87.058     29.063  26.928108     0.8833      7.525   320.0216 2.2280e+03     2.2151     -0.118     -0.171    21.3234 0.0000e+00
     -0.123     -0.001     7.7332     87.300     29.069  26.933880     0.8766      7.526   320.2112 2.2208e+03     2.2028     -0.121     -0.175    21.3226 0.0000e+00
     -0.126     -0.002     7.7542     87.538     29.062  26.926971     0.8616      7.526   320.4696 2.2114e+03     2.1912     -0.124     -0.180    21.3224 0.0000e+00
     -0.127     -0.003     7.7760     87.783     29.042  26.908071     0.8393      7.527   320.5648 2.2074e+03     2.2266     -0.126     -0.183    21.3223 0.0000e+00
     -0.125     -0.005     7.8019     88.074     29.029  26.895846     0.8278      7.528   320.6740 2.2133e+03     2.2339     -0.123     -0.179    21.3222 0.0000e+00
     -0.124     -0.007     7.8312     88.404     29.040  26.906142     0.8236      7.528   320.8432 2.2234e+03     2.2186     -0.119     -0.174    21.3218 0.0000e+00
