Data/DataNotYetUploadedToEDI/Raw_CTD/2018_RawDownloads/051118_bvr50.cnv
* Sea-Bird SBE19plus  Data File:
* FileName = C:\DATA\051118_bvr_0002.hex
* Software version 2.6.3.104 SB_Terminal.dll
* Temperature SN = 7809
* Conductivity SN = 7809
* System UpLoad Time = May 11 2018 13:58:31
* <ApplicationData>
* <Seaterm232>
# nquan = 15
# nvalues = 1003                        
# units = specified
# name 0 = depFM: Depth [fresh water, m]
# name 1 = dz/dtM: Descent Rate [m/s]
# name 2 = sbeox0Mg/L: Oxygen, SBE 43 [mg/l]
# name 3 = sbeox0PS: Oxygen, SBE 43 [% saturation]
# name 4 = specc: Specific Conductance [uS/cm]
# name 5 = c0uS/cm: Conductivity [uS/cm]
# name 6 = flECO-AFL: Fluorescence, WET Labs ECO-AFL/FL [mg/m^3]
# name 7 = ph: pH
# name 8 = orp: Oxidation Reduction Potential [mV]
# name 9 = par/sat/log: PAR/Logarithmic, Satlantic
# name 10 = turbWETntu0: Turbidity, WET Labs ECO [NTU]
# name 11 = prdM: Pressure, Strain Gauge [db]
# name 12 = prdE: Pressure, Strain Gauge [psi]
# name 13 = tv290C: Temperature [ITS-90, deg C]
# name 14 = flag:  0.000e+00
# span 0 =     -0.612,     10.507       
# span 1 =     -0.131,      0.288       
# span 2 =     0.1013,    10.4508       
# span 3 =      0.836,    107.752       
# span 4 =      4.926,     66.075       
# span 5 =   4.129241,  42.379395       
# span 6 =    -0.2591,     3.1105       
# span 7 =      6.368,      8.083       
# span 8 =   254.1073,   362.8558       
# span 9 = 1.2540e-01, 2.4746e+03       
# span 10 =    -0.4482,    14.0024      
# span 11 =     -0.601,     10.306      
# span 12 =     -0.870,     14.947      
# span 13 =     7.0491,    21.3291      
# span 14 = 0.0000e+00, 0.0000e+00      
# interval = seconds: 0.25
# start_time = May 11 2018 15:01:23 [Instrument's time stamp, header]
# bad_flag = -9.990e-29
*END*
[from data line 386]
     -0.130     -0.010     7.8679     88.818     29.022  26.888867     0.7951      7.525   320.5589 2.2276e+03     2.1936     -0.128     -0.186    21.3208 0.0000e+00
     -0.136     -0.011     7.8619     88.750     29.028  26.894744     0.7677      7.523   320.1011 2.2272e+03     2.1391     -0.136     -0.197    21.3199 0.0000e+00
     -0.140     -0.012     7.8420     88.527     29.048  26.913119     0.7532      7.519   320.1740 2.2328e+03     2.1163     -0.138     -0.200    21.3198 0.0000e+00
     -0.141     -0.012     7.8164     88.239     29.055  26.920562     0.7207      7.516   320.1495 2.2339e+03     2.1618     -0.138     -0.201    21.3200 0.0000e+00
     -0.142     -0.011     7.7908     87.953     29.055  26.921244     0.6688      7.516   319.4611 2.2309e+03     2.2316     -0.139     -0.202    21.3192 0.0000e+00
     -0.143     -0.010     7.7717     87.740     29.054  26.921358     0.6502      7.515   318.6475 2.2308e+03     2.2580     -0.139     -0.202    21.3195 0.0000e+00
     -0.148     -0.009     7.7647     87.663     29.054  26.921946     0.6609      7.515   318.4860 2.2286e+03     2.2671     -0.145     -0.210    21.3204 0.0000e+00
     -0.153     -0.008     7.7698     87.723     29.060  26.928347     0.6870      7.516   318.3699 2.2222e+03     2.2203     -0.151     -0.221    21.3207 0.0000e+00
     -0.155     -0.006     7.7841     87.886     29.067  26.935264     0.7278      7.517   317.5010 2.2149e+03     2.1197     -0.153     -0.223    21.3223 0.0000e+00
     -0.154     -0.003     7.8041     88.112     29.075  26.942076     0.7503      7.518   316.6705 2.2127e+03     2.0879     -0.152     -0.220    21.3242 0.0000e+00
     -0.154      0.001     7.8268     88.369     29.080  26.947219     0.7568      7.520   316.5876 2.2167e+03     2.1098     -0.150     -0.218    21.3261 0.0000e+00
     -0.154      0.007     7.8503     88.634     29.066  26.933961     0.7690      7.521   316.6707 2.2229e+03     2.1107     -0.150     -0.218    21.3272 0.0000e+00
     -0.154      0.013     7.8712     88.869     29.039  26.908765     0.7782      7.520   315.7827 2.2284e+03     2.1593     -0.152     -0.220    21.3277 0.0000e+00
     -0.151      0.021     7.8844     89.019     29.025  26.896549     0.7767      7.516   314.6267 2.2318e+03     2.2393     -0.150     -0.218    21.3283 0.0000e+00
     -0.145      0.030     7.8903     89.085     29.043  26.913244     0.7772      7.511   314.5667 2.2361e+03     2.2541     -0.144     -0.208    21.3282 0.0000e+00
     -0.135      0.041     7.8962     89.151     29.051  26.920142     0.7759      7.501   315.2299 2.2406e+03     2.2469     -0.133     -0.192    21.3277 0.0000e+00
     -0.123      0.051     7.9055     89.255     29.047  26.916460     0.8159      7.489   315.2459 2.2392e+03     2.2444     -0.121     -0.175    21.3271 0.0000e+00
     -0.110      0.058     7.9185     89.402     29.064  26.932216     0.9109      7.477   314.6739 2.2317e+03     2.2543     -0.110     -0.160    21.3271 0.0000e+00
     -0.092      0.060     7.9417     89.663     29.052  26.920160     0.9605      7.469   314.1648 2.2169e+03     2.2747     -0.094     -0.136    21.3273 0.0000e+00
     -0.071      0.059     7.9758     90.047     29.028  26.897688     0.9472      7.465   313.5637 2.1895e+03     2.2467     -0.068     -0.099    21.3270 0.0000e+00
     -0.053      0.058     8.0154     90.492     29.046  26.914484     0.9058      7.464   312.9133 2.0514e+03     2.1595     -0.049     -0.071    21.3269 0.0000e+00
     -0.042      0.059     8.0570     90.961     29.066  26.932755     0.8555      7.461   312.4099 1.7979e+03     2.1053     -0.040     -0.057    21.3271 0.0000e+00
     -0.034      0.061     8.0949     91.390     29.061  26.928120     0.8348      7.457   312.2093 1.6662e+03     2.1417     -0.034     -0.049    21.3267 0.0000e+00
     -0.024      0.065     8.1213     91.689     29.054  26.921927     0.8389      7.453   311.8636 1.6335e+03     2.1722     -0.027     -0.040    21.3255 0.0000e+00
     -0.005      0.070     8.1330     91.822     29.054  26.921370     0.8225      7.452   311.3283 1.5619e+03     2.1691     -0.007     -0.008    21.3243 0.0000e+00
      0.020      0.074     8.1349     91.842     29.054  26.921381     0.7839      7.456   311.0710 1.4105e+03     2.1947      0.020      0.029    21.3239 0.0000e+00
      0.044      0.076     8.1351     91.843     29.055  26.922062     0.7681      7.462   311.0765 1.3040e+03     2.2384      0.044      0.064    21.3242 0.0000e+00
      0.066      0.075     8.1422     91.923     29.064  26.929608     0.7784      7.469   311.3083 1.4552e+03     2.2705      0.066      0.096    21.3249 0.0000e+00
      0.083      0.072     8.1579     92.099     29.085  26.949120     0.8244      7.474   311.7225 1.5911e+03     2.2474      0.082      0.118    21.3255 0.0000e+00
      0.097      0.070     8.1750     92.294     29.104  26.967495     0.9019      7.476   312.0405 1.5304e+03     2.1716      0.096      0.138    21.3253 0.0000e+00
      0.112      0.070     8.1950     92.519     29.097  26.961294     0.9529      7.475   312.1420 1.3894e+03     2.1472      0.110      0.158    21.3250 0.0000e+00
      0.130      0.071     8.2198     92.799     29.072  26.937638     0.9723      7.475   312.6064 1.3229e+03     2.1666      0.125      0.182    21.3239 0.0000e+00
      0.150      0.073     8.2420     93.050     29.069  26.935462     0.9709      7.477   313.2674 1.2970e+03     2.1615      0.147      0.213    21.3231 0.0000e+00
      0.170      0.075     8.2578     93.230     29.069  26.934982     0.9545      7.481   313.4227 1.0893e+03     2.1467      0.168      0.243    21.3238 0.0000e+00
      0.190      0.077     8.2696     93.365     29.065  26.931825     0.9488      7.482   313.4514 9.2429e+02     2.1409      0.186      0.269    21.3243 0.0000e+00
      0.209      0.077     8.2787     93.470     29.095  26.960791     0.9573      7.481   313.8721 1.0103e+03     2.1523      0.205      0.298    21.3242 0.0000e+00
      0.228      0.077     8.2840     93.531     29.102  26.967726     0.9650      7.479   314.5516 1.1680e+03     2.1316      0.224      0.324    21.3239 0.0000e+00
      0.247      0.077     8.2864     93.559     29.084  26.952184     0.9683      7.477   314.6983 1.2077e+03     2.0740      0.242      0.351    21.3244 0.0000e+00
      0.267      0.077     8.2863     93.557     29.097  26.963361     0.9697      7.475   314.3551 1.1080e+03     2.0664      0.262      0.380    21.3259 0.0000e+00
      0.288      0.076     8.2838     93.526     29.112  26.975869     0.9641      7.475   314.3597 1.0570e+03     2.1001      0.282      0.409    21.3272 0.0000e+00
      0.308      0.074     8.2836     93.520     29.114  26.976428     0.9546      7.473   314.6680 1.1020e+03     2.1151      0.302      0.438    21.3278 0.0000e+00
      0.327      0.072     8.2892     93.582     29.107  26.970121     0.9477      7.470   314.8997 1.0487e+03     2.1259      0.321      0.465    21.3288 0.0000e+00
      0.344      0.071     8.3014     93.720     29.100  26.963108     0.9446      7.466   315.0967 9.1935e+02     2.1704      0.338      0.490    21.3291 0.0000e+00
      0.361      0.071     8.3193     93.921     29.091  26.955132     0.9451      7.461   315.2420 8.6959e+02     2.2252      0.354      0.513    21.3270 0.0000e+00
      0.377      0.071     8.3393     94.146     29.072  26.937178     0.9443      7.457   315.2796 8.8371e+02     2.2700      0.369      0.536    21.3240 0.0000e+00
      0.396      0.072     8.3572     94.348     29.072  26.936505     0.9438      7.453   315.6376 9.0677e+02     2.2543      0.387      0.562    21.3234 0.0000e+00
      0.416      0.073     8.3717     94.513     29.082  26.946999     0.9485      7.452   316.1291 8.9792e+02     2.1571      0.409      0.592    21.3242 0.0000e+00
      0.435      0.076     8.3815     94.623     29.071  26.937072     0.9550      7.453   316.4045 8.0216e+02     2.1016      0.428      0.619    21.3236 0.0000e+00
      0.454      0.078     8.3838     94.648     29.079  26.943463     0.9584      7.454   316.6439 6.8874e+02     2.1024      0.445      0.645    21.3227 0.0000e+00
      0.474      0.080     8.3817     94.618     29.100  26.960779     0.9624      7.458   316.6154 6.4711e+02     2.1054      0.463      0.672    21.3236 0.0000e+00
      0.494      0.080     8.3798     94.588     29.097  26.955952     0.9662      7.462   316.4895 6.4431e+02     2.1084      0.483      0.702    21.3242 0.0000e+00
      0.517      0.080     8.3785     94.565     29.092  26.948590     0.9582      7.467   316.4985 6.5004e+02     2.1078      0.507      0.736    21.3241 0.0000e+00
      0.538      0.080     8.3794     94.569     29.080  26.935256     0.9485      7.471   316.3792 6.6581e+02     2.1281      0.529      0.767    21.3232 0.0000e+00
      0.558      0.080     8.3830     94.605     29.067  26.921716     0.9496      7.473   316.2519 6.5606e+02     2.1402      0.548      0.793    21.3202 0.0000e+00
      0.577      0.080     8.3857     94.633     29.057  26.911865     0.9351      7.475   316.3367 5.9157e+02     2.1019      0.567      0.821    21.3151 0.0000e+00
      0.596      0.082     8.3860     94.632     29.024  26.879644     0.9017      7.477   316.6298 5.3443e+02     2.0613      0.584      0.848    21.3100 0.0000e+00
      0.616      0.087     8.3867     94.631     28.995  26.849611     0.8871      7.477   317.1285 5.2380e+02     2.0768      0.602      0.875    21.3065 0.0000e+00
      0.636      0.092     8.3881     94.632     29.018  26.866203     0.8955      7.478   317.8068 5.0399e+02     2.1062      0.623      0.903    21.3043 0.0000e+00
      0.661      0.097     8.3904     94.641     29.049  26.889765     0.9573      7.479   318.2923 4.6518e+02     2.1421      0.646      0.937    21.3035 0.0000e+00
      0.690      0.101     8.3959     94.691     29.043  26.880510     1.0736      7.477   318.4380 4.3932e+02     2.2058      0.675      0.980    21.3024 0.0000e+00
      0.720      0.102     8.4028     94.761     29.047  26.881285     1.1434      7.472   318.3641 4.6767e+02     2.2354      0.708      1.026    21.2971 0.0000e+00
      0.747      0.101     8.4117     94.854     29.068  26.899136     1.1491      7.467   318.0010 4.9717e+02     2.2258      0.735      1.065    21.2877 0.0000e+00
      0.771      0.098     8.4241     94.987     29.078  26.905855     1.1242      7.463   317.8335 4.4487e+02     2.2116      0.755      1.096    21.2776 0.0000e+00
      0.794      0.094     8.4350     95.106     29.072  26.899024     1.0720      7.459   317.9736 3.9580e+02     2.1856      0.778      1.128    21.2708 0.0000e+00
      0.817      0.093     8.4418     95.179     29.052  26.880038     1.0328      7.458   318.1456 3.8437e+02     2.1559      0.802      1.163    21.2678 0.0000e+00
      0.839      0.093     8.4458     95.221     29.040  26.866773     1.0268      7.459   318.4516 3.7698e+02     2.1572      0.823      1.193    21.2636 0.0000e+00
      0.862      0.094     8.4458     95.216     29.040  26.865629     1.0275      7.462   318.6615 3.7528e+02     2.1405      0.845      1.224    21.2594 0.0000e+00
      0.886      0.094     8.4424     95.173     29.042  26.866207     1.0227      7.465   318.8773 3.7894e+02     2.0761      0.868      1.259    21.2579 0.0000e+00
      0.911      0.093     8.4402     95.141     29.052  26.873752     1.0246      7.467   319.0813 3.7694e+02     2.0506      0.892      1.295    21.2570 0.0000e+00
      0.938      0.090     8.4403     95.135     29.076  26.893367     1.0308      7.467   318.8911 3.5324e+02     2.0763      0.920      1.336    21.2543 0.0000e+00
      0.963      0.084     8.4426     95.153     29.100  26.912877     1.0517      7.467   318.6422 3.3873e+02     2.1113      0.946      1.371    21.2515 0.0000e+00
      0.984      0.078     8.4460     95.184     29.109  26.919153     1.0851      7.466   318.6532 3.3918e+02     2.1384      0.966      1.401    21.2499 0.0000e+00
      1.001      0.074     8.4495     95.221     29.096  26.905753     1.0940      7.462   318.9377 3.3803e+02     2.1297      0.984      1.427    21.2463 0.0000e+00
      1.015      0.074     8.4557     95.285     29.067  26.877847     1.0860      7.457   319.4152 3.4213e+02     2.1281      0.996      1.445    21.2411 0.0000e+00
      1.029      0.077     8.4648     95.373     29.027  26.835720     1.0899      7.452   319.7809 3.4591e+02     2.1495      1.007      1.461    21.2365 0.0000e+00
      1.047      0.083     8.4752     95.458     28.975  26.777359     1.0939      7.448   320.0894 3.4028e+02     2.1750      1.025      1.486    21.2331 0.0000e+00
      1.071      0.088     8.4845     95.511     28.956  26.743652     1.0797      7.445   320.4779 3.3486e+02     2.2228      1.049      1.522    21.2321 0.0000e+00
      1.098      0.093     8.4897     95.497     28.982  26.745620     1.0742      7.444   320.9512 3.6122e+02     2.2382      1.077      1.562    21.2307 0.0000e+00
      1.126      0.096     8.4917     95.437     29.001  26.737633     1.0929      7.444   321.2520 3.8716e+02     2.2397      1.106      1.604    21.2238 0.0000e+00
      1.152      0.097     8.4929     95.371     28.998  26.710536     1.1306      7.443   321.3613 3.5780e+02     2.2406      1.131      1.640    21.2079 0.0000e+00
      1.175      0.096     8.4924     95.288     28.982  26.671928     1.1812      7.440   321.5852 3.2895e+02     2.1881      1.152      1.671    21.1797 0.0000e+00
      1.197      0.096     8.4900     95.178     28.919  26.588273     1.2087      7.435   321.6357 3.3665e+02     2.1538      1.174      1.702    21.1385 0.0000e+00
      1.219      0.096     8.4870     95.020     28.823  26.460965     1.2142      7.431   321.5410 3.4036e+02     2.1617      1.195      1.734    21.0917 0.0000e+00
      1.244      0.097     8.4867     94.815     28.758  26.338985     1.2661      7.427   321.4720 3.2571e+02     2.1917      1.218      1.766    21.0490 0.0000e+00
      1.270      0.097     8.4905     94.592     28.757  26.256216     1.3674      7.426   321.4044 3.1841e+02     2.2427      1.246      1.806    21.0090 0.0000e+00
      1.297      0.097     8.4918     94.339     28.811  26.222024     1.4197      7.427   321.4116 3.2579e+02     2.2592      1.272      1.845    20.9704 0.0000e+00
      1.323      0.096     8.4857     94.037     28.843  26.179430     1.4115      7.429   321.4736 3.1569e+02     2.2693      1.298      1.882    20.9148 0.0000e+00
      1.348      0.095     8.4813     93.767     28.786  26.058580     1.3875      7.431   321.6380 2.9963e+02     2.2735      1.324      1.920    20.8047 0.0000e+00
      1.371      0.093     8.4931     93.635     28.704  25.903618     1.3590      7.434   321.7649 2.9673e+02     2.2488      1.345      1.950    20.6451 0.0000e+00
      1.392      0.091     8.5250     93.657     28.664  25.766009     1.3429      7.438   321.8888 2.8603e+02     2.2457      1.364      1.977    20.4924 0.0000e+00
      1.414      0.090     8.5726     93.797     28.610  25.600972     1.3404      7.442   322.1033 2.7277e+02     2.2354      1.385      2.009    20.3733 0.0000e+00
      1.438      0.089     8.6338     94.062     28.559  25.431800     1.3745      7.444   322.2941 2.6813e+02     2.2162      1.410      2.046    20.2662 0.0000e+00
      1.463      0.087     8.7108     94.514     28.550  25.307671     1.4425      7.447   322.4743 2.6037e+02     2.2262      1.435      2.081    20.1306 0.0000e+00
      1.486      0.085     8.8065     95.200     28.523  25.179335     1.4820      7.450   322.5621 2.5144e+02     2.2354      1.458      2.115    19.9488 0.0000e+00
      1.507      0.083     8.9185     96.065     28.460  25.022778     1.4845      7.452   322.6671 2.5015e+02     2.2363      1.479      2.145    19.7400 0.0000e+00
