Data/DataNotYetUploadedToEDI/Raw_CTD/2018_RawDownloads/051418_fcr45.cnv
* Sea-Bird SBE19plus  Data File:
* FileName = C:\DATA\051418_fcr_0005.hex
* Software version 2.6.3.104 SB_Terminal.dll
* Temperature SN = 7809
* Conductivity SN = 7809
* System UpLoad Time = May 14 2018 15:32:07
* <ApplicationData>
* <Seaterm232>
# nquan = 15
# nvalues = 804                         
# units = specified
# name 0 = depFM: Depth [fresh water, m]
# name 1 = dz/dtM: Descent Rate [m/s]
# name 2 = sbeox0Mg/L: Oxygen, SBE 43 [mg/l]
# name 3 = sbeox0PS: Oxygen, SBE 43 [% saturation]
# name 4 = specc: Specific Conductance [uS/cm]
# name 5 = c0uS/cm: Conductivity [uS/cm]
# name 6 = flECO-AFL: Fluorescence, WET Labs ECO-AFL/FL [mg/m^3]
# name 7 = ph: pH
# name 8 = orp: Oxidation Reduction Potential [mV]
# name 9 = par/sat/log: PAR/Logarithmic, Satlantic
# name 10 = turbWETntu0: Turbidity, WET Labs ECO [NTU]
# name 11 = prdM: Pressure, Strain Gauge [db]
# name 12 = prdE: Pressure, Strain Gauge [psi]
# name 13 = tv290C: Temperature [ITS-90, deg C]
# name 14 = flag:  0.000e+00
# span 0 =     -0.562,      7.351       
# span 1 =     -0.150,      0.242       
# span 2 =     4.7893,    10.3949       
# span 3 =     57.497,    109.737       
# span 4 =     24.744,     39.717       
# span 5 =  24.991378,  38.094523       
# span 6 =    -0.2466,     3.8106       
# span 7 =      6.490,      7.489       
# span 8 =   269.2218,   545.5438       
# span 9 = 2.0173e+01, 2.6782e+03       
# span 10 =    -0.0317,    15.9100      
# span 11 =     -0.552,      7.210      
# span 12 =     -0.800,     10.457      
# span 13 =     9.2290,    25.9278      
# span 14 = 0.0000e+00, 0.0000e+00      
# interval = seconds: 0.25
# start_time = May 14 2018 17:04:52 [Instrument's time stamp, header]
# bad_flag = -9.990e-29
*END*
[from data line 386]
      0.227      0.100     7.9378     94.599     35.573  34.982758     0.6789      7.346   297.9525 1.5752e+03     0.2164      0.222      0.322    24.3151 0.0000e+00
      0.254      0.102     7.9264     94.424     35.563  34.957340     0.6832      7.350   298.2709 1.6698e+03     0.1913      0.248      0.360    24.2683 0.0000e+00
      0.283      0.102     7.9126     94.230     35.575  34.955969     0.6859      7.354   298.8115 1.5228e+03     0.2819      0.278      0.404    24.2260 0.0000e+00
      0.313      0.100     7.9045     94.108     35.595  34.966154     0.6830      7.356   299.4133 1.0518e+03     0.4270      0.309      0.449    24.1894 0.0000e+00
      0.338      0.097     7.9060     94.103     35.592  34.953438     0.6850      7.358   299.9539 9.1957e+02     0.4811      0.333      0.483    24.1629 0.0000e+00
      0.360      0.094     7.9139     94.170     35.578  34.929241     0.6825      7.359   300.5295 1.3618e+03     0.4478      0.352      0.511    24.1411 0.0000e+00
      0.381      0.090     7.9207     94.216     35.591  34.927658     0.6808      7.361   301.1245 1.7366e+03     0.3601      0.372      0.540    24.1239 0.0000e+00
      0.403      0.088     7.9204     94.178     35.611  34.934274     0.6917      7.362   301.5555 1.4304e+03     0.2749      0.395      0.571    24.1112 0.0000e+00
      0.428      0.087     7.9155     94.089     35.571  34.882177     0.6949      7.362   301.7835 1.4017e+03     0.2424      0.420      0.610    24.0986 0.0000e+00
      0.450      0.086     7.9142     94.025     35.513  34.805895     0.6830      7.362   301.9884 1.6517e+03     0.2409      0.442      0.642    24.0846 0.0000e+00
      0.471      0.085     7.9172     93.988     35.511  34.774162     0.6768      7.363   302.2267 1.3816e+03     0.2571      0.460      0.667    24.0623 0.0000e+00
      0.493      0.083     7.9183     93.926     35.520  34.752530     0.6840      7.364   302.5135 1.1011e+03     0.2546      0.484      0.702    24.0400 0.0000e+00
      0.513      0.080     7.9144     93.815     35.528  34.734858     0.6872      7.365   302.8745 1.0088e+03     0.2413      0.506      0.732    24.0314 0.0000e+00
      0.533      0.077     7.9070     93.679     35.565  34.751001     0.6791      7.365   303.1500 9.1939e+02     0.2493      0.521      0.755    24.0051 0.0000e+00
      0.553      0.074     7.8989     93.553     35.584  34.757128     0.6777      7.365   303.2629 1.1549e+03     0.2593      0.542      0.787    23.9557 0.0000e+00
      0.573      0.073     7.8892     93.421     35.580  34.745408     0.6883      7.364   303.4653 1.9334e+03     0.3014      0.563      0.817    23.9122 0.0000e+00
      0.591      0.073     7.8736     93.222     35.576  34.736317     0.6884      7.361   303.8758 2.2286e+03     0.3919      0.580      0.841    23.8746 0.0000e+00
      0.606      0.074     7.8539     92.972     35.556  34.710718     0.6785      7.358   304.2697 1.6081e+03     0.4379      0.594      0.862    23.8455 0.0000e+00
      0.622      0.074     7.8371     92.742     35.548  34.689965     0.6792      7.354   304.5281 1.0810e+03     0.4308      0.607      0.881    23.8303 0.0000e+00
      0.642      0.074     7.8236     92.535     35.553  34.675938     0.6969      7.350   304.6773 8.0881e+02     0.3973      0.629      0.912    23.8217 0.0000e+00
      0.666      0.073     7.8141     92.372     35.567  34.668119     0.7180      7.349   304.7829 8.2929e+02     0.3375      0.654      0.949    23.8149 0.0000e+00
      0.688      0.070     7.8131     92.313     35.577  34.658922     0.7221      7.349   304.8587 1.1964e+03     0.3188      0.676      0.981    23.8085 0.0000e+00
      0.705      0.065     7.8189     92.334     35.566  34.628221     0.7193      7.349   304.9908 1.5504e+03     0.2934      0.694      1.007    23.7918 0.0000e+00
      0.718      0.061     7.8249     92.358     35.572  34.614486     0.7206      7.349   305.3473 1.7404e+03     0.2749      0.705      1.023    23.7604 0.0000e+00
      0.729      0.059     7.8304     92.386     35.527  34.556338     0.7290      7.348   305.7282 1.5274e+03     0.3690      0.714      1.036    23.7285 0.0000e+00
      0.741      0.059     7.8389     92.432     35.424  34.433293     0.7389      7.346   305.9822 1.3149e+03     0.4553      0.727      1.053    23.7050 0.0000e+00
      0.755      0.062     7.8461     92.412     35.431  34.397085     0.7392      7.345   306.1819 1.3331e+03     0.4335      0.739      1.072    23.6774 0.0000e+00
      0.774      0.066     7.8409     92.241     35.517  34.436088     0.7317      7.343   306.3355 1.0472e+03     0.3492      0.758      1.100    23.6430 0.0000e+00
      0.794      0.070     7.8209     91.940     35.438  34.333146     0.7226      7.341   306.5489 7.2570e+02     0.2598      0.780      1.131    23.6309 0.0000e+00
      0.813      0.073     7.8023     91.647     35.168  34.041630     0.7205      7.341   306.7834 7.0928e+02     0.2377      0.798      1.158    23.6132 0.0000e+00
      0.832      0.075     7.8085     91.542     34.896  33.706112     0.7158      7.340   306.9336 8.2635e+02     0.2649      0.816      1.184    23.5382 0.0000e+00
      0.849      0.077     7.8446     91.653     34.696  33.388637     0.7118      7.340   307.0751 8.9964e+02     0.2527      0.832      1.206    23.4561 0.0000e+00
      0.867      0.080     7.8939     91.812     34.593  33.124588     0.7177      7.339   307.2031 8.4620e+02     0.2124      0.848      1.229    23.4330 0.0000e+00
      0.889      0.084     7.9400     91.876     34.581  32.926846     0.7228      7.338   307.3631 9.4305e+02     0.2054      0.871      1.263    23.4200 0.0000e+00
      0.912      0.088     7.9869     91.953     34.615  32.775873     0.7269      7.338   307.5463 1.0723e+03     0.2285      0.896      1.300    23.3178 0.0000e+00
      0.934      0.090     8.0493     92.254     34.703  32.696233     0.7313      7.337   307.6118 8.5929e+02     0.2476      0.915      1.327    23.1306 0.0000e+00
      0.959      0.088     8.1335     92.884     34.805  32.662334     0.7486      7.335   307.6393 7.6736e+02     0.2235      0.940      1.363    22.8860 0.0000e+00
      0.985      0.083     8.2328     93.789     34.854  32.619876     0.7801      7.334   307.7063 9.5601e+02     0.2118      0.969      1.406    22.5972 0.0000e+00
      1.008      0.077     8.3381     94.844     34.852  32.563829     0.7900      7.333   307.9047 1.0270e+03     0.2588      0.990      1.436    22.3278 0.0000e+00
      1.026      0.071     8.4533     96.033     34.826  32.492705     0.7853      7.331   308.2313 1.0428e+03     0.2728      1.006      1.460    22.0891 0.0000e+00
      1.041      0.066     8.5860     97.384     34.782  32.394985     0.7875      7.331   308.3859 9.4710e+02     0.2891      1.021      1.482    21.8924 0.0000e+00
      1.054      0.061     8.7249     98.780     34.787  32.334901     0.7805      7.329   308.4837 7.0398e+02     0.3651      1.033      1.499    21.7717 0.0000e+00
      1.068      0.061     8.8434     99.970     34.849  32.337751     0.7740      7.326   308.7252 6.2183e+02     0.4285      1.047      1.519    21.7077 0.0000e+00
      1.083      0.063     8.9283    100.810     34.857  32.302357     0.7822      7.322   308.8977 7.0310e+02     0.4760      1.062      1.541    21.6555 0.0000e+00
      1.099      0.067     8.9898    101.381     34.820  32.224458     0.8067      7.318   309.0198 7.1584e+02     0.5120      1.078      1.564    21.5686 0.0000e+00
      1.117      0.071     9.0418    101.825     34.803  32.157957     0.8407      7.314   309.1688 7.3748e+02     0.4975      1.095      1.588    21.4626 0.0000e+00
      1.137      0.074     9.0927    102.250     34.763  32.069834     0.8524      7.313   309.2363 8.0152e+02     0.4529      1.115      1.616    21.3824 0.0000e+00
      1.158      0.075     9.1422    102.641     34.733  31.984558     0.8472      7.313   309.3206 8.0077e+02     0.4606      1.135      1.648    21.3311 0.0000e+00
      1.178      0.075     9.1836    102.904     34.773  31.952457     0.8515      7.315   309.4993 7.9106e+02     0.4993      1.155      1.676    21.2745 0.0000e+00
      1.198      0.074     9.2179    103.097     34.827  31.935644     0.8492      7.316   309.5897 7.4241e+02     0.4937      1.175      1.705    21.1930 0.0000e+00
      1.217      0.071     9.2504    103.312     34.852  31.908198     0.8386      7.317   309.5536 7.7575e+02     0.4535      1.194      1.732    21.1240 0.0000e+00
      1.234      0.067     9.2845    103.570     34.862  31.874588     0.8420      7.319   309.5789 8.4479e+02     0.4105      1.210      1.755    21.0505 0.0000e+00
      1.250      0.063     9.3226    103.874     34.877  31.846772     0.8531      7.323   309.6377 6.6869e+02     0.4015      1.226      1.779    20.9354 0.0000e+00
      1.265      0.060     9.3608    104.201     34.890  31.825860     0.8725      7.326   309.7487 5.1401e+02     0.4355      1.242      1.801    20.8319 0.0000e+00
      1.280      0.059     9.3967    104.540     34.897  31.812227     0.9010      7.327   309.9739 5.2247e+02     0.4564      1.255      1.821    20.7677 0.0000e+00
      1.294      0.060     9.4318    104.873     34.915  31.808937     0.9133      7.328   310.1241 5.9798e+02     0.4396      1.269      1.840    20.7114 0.0000e+00
      1.308      0.061     9.4665    105.147     34.931  31.786052     0.9109      7.328   310.2744 6.7744e+02     0.4461      1.283      1.861    20.6485 0.0000e+00
      1.323      0.064     9.4955    105.301     34.928  31.726002     0.9547      7.326   310.5859 6.4468e+02     0.4736      1.297      1.881    20.5929 0.0000e+00
      1.339      0.068     9.5117    105.279     34.924  31.654396     1.0481      7.324   310.8789 6.9987e+02     0.4672      1.313      1.904    20.5719 0.0000e+00
      1.358      0.072     9.5147    105.102     34.963  31.618796     1.1031      7.323   311.0637 8.4695e+02     0.4302      1.331      1.930    20.5592 0.0000e+00
      1.379      0.074     9.5071    104.838     35.024  31.613017     1.1137      7.320   311.1862 8.1293e+02     0.4225      1.352      1.959    20.5023 0.0000e+00
      1.399      0.075     9.4913    104.529     35.043  31.584433     1.1486      7.317   311.3274 6.8723e+02     0.4965      1.372      1.991    20.4157 0.0000e+00
      1.418      0.075     9.4735    104.213     35.024  31.527174     1.2127      7.315   311.5659 6.8961e+02     0.6232      1.391      2.018    20.3171 0.0000e+00
      1.437      0.074     9.4648    103.974     35.039  31.492237     1.2455      7.315   311.6614 7.1156e+02     0.7035      1.409      2.043    20.2076 0.0000e+00
      1.455      0.072     9.4735    103.912     35.084  31.479502     1.2411      7.315   311.7077 6.6006e+02     0.6734      1.427      2.070    20.1150 0.0000e+00
      1.473      0.071     9.4991    104.039     35.094  31.436635     1.2336      7.314   311.9538 5.9369e+02     0.5646      1.444      2.095    20.0593 0.0000e+00
      1.491      0.070     9.5359    104.295     35.058  31.354924     1.2282      7.313   312.2274 5.3231e+02     0.4556      1.461      2.119    20.0106 0.0000e+00
      1.509      0.069     9.5790    104.623     34.998  31.253588     1.2314      7.313   312.3491 5.8990e+02     0.4238      1.480      2.146    19.9366 0.0000e+00
      1.527      0.066     9.6223    104.954     34.951  31.163959     1.2357      7.314   312.3935 6.5854e+02     0.4543      1.497      2.172    19.8563 0.0000e+00
      1.545      0.064     9.6603    105.232     34.927  31.096778     1.2058      7.316   312.5053 6.3106e+02     0.5196      1.515      2.198    19.7832 0.0000e+00
      1.561      0.061     9.6921    105.447     34.881  31.012823     1.1453      7.318   312.5824 6.6001e+02     0.6028      1.533      2.224    19.7127 0.0000e+00
      1.575      0.059     9.7211    105.632     34.815  30.910914     1.1113      7.318   312.6373 6.3979e+02     0.6373      1.545      2.241    19.6451 0.0000e+00
      1.588      0.059     9.7544    105.854     34.760  30.817170     1.1072      7.318   312.7379 5.4567e+02     0.6317      1.557      2.257    19.5769 0.0000e+00
      1.602      0.060     9.7962    106.163     34.687  30.704906     1.1143      7.318   312.9392 5.2831e+02     0.6264      1.571      2.278    19.5100 0.0000e+00
      1.618      0.061     9.8420    106.511     34.587  30.569599     1.1690      7.319   313.1784 5.3308e+02     0.6340      1.586      2.300    19.4507 0.0000e+00
      1.634      0.063     9.8877    106.846     34.512  30.451266     1.2542      7.321   313.2210 5.2402e+02     0.6621      1.602      2.324    19.3908 0.0000e+00
      1.652      0.065     9.9394    107.222     34.467  30.353704     1.2989      7.323   313.1964 5.2803e+02     0.6921      1.620      2.349    19.3246 0.0000e+00
      1.669      0.065     9.9996    107.674     34.453  30.278999     1.3049      7.325   313.3105 5.0474e+02     0.6905      1.636      2.374    19.2549 0.0000e+00
      1.686      0.065    10.0619    108.144     34.488  30.246499     1.3188      7.327   313.4820 4.6780e+02     0.6738      1.653      2.398    19.1879 0.0000e+00
      1.703      0.064    10.1175    108.569     34.514  30.214690     1.3467      7.330   313.6355 4.9075e+02     0.6738      1.670      2.422    19.1177 0.0000e+00
      1.718      0.062    10.1634    108.929     34.485  30.148344     1.3571      7.333   313.7895 5.0348e+02     0.6897      1.685      2.444    19.0297 0.0000e+00
      1.734      0.060    10.2049    109.260     34.447  30.079321     1.3531      7.335   313.8819 4.5902e+02     0.6823      1.700      2.466    18.9391 0.0000e+00
      1.749      0.060    10.2444    109.558     34.418  30.015149     1.3721      7.336   313.8924 4.5207e+02     0.6465      1.716      2.489    18.8417 0.0000e+00
      1.764      0.061    10.2749    109.736     34.388  29.943946     1.4124      7.337   313.9165 4.7075e+02     0.6538      1.731      2.510    18.7566 0.0000e+00
      1.777      0.063    10.2892    109.737     34.338  29.853411     1.4359      7.339   314.0011 4.6368e+02     0.6789      1.742      2.527    18.7052 0.0000e+00
      1.791      0.067    10.2912    109.602     34.269  29.745993     1.4351      7.341   314.2266 4.5823e+02     0.6757      1.756      2.547    18.6582 0.0000e+00
      1.809      0.072    10.2870    109.381     34.234  29.661173     1.4301      7.341   314.4927 4.5646e+02     0.6761      1.774      2.572    18.6064 0.0000e+00
      1.829      0.076    10.2741    109.069     34.214  29.589844     1.4315      7.340   314.5506 4.4236e+02     0.6829      1.793      2.599    18.5327 0.0000e+00
      1.851      0.079    10.2555    108.698     34.193  29.518537     1.4340      7.339   314.5822 4.4031e+02     0.6968      1.816      2.632    18.4633 0.0000e+00
      1.873      0.080    10.2438    108.369     34.242  29.497483     1.4322      7.339   314.7897 4.4666e+02     0.6920      1.837      2.664    18.4040 0.0000e+00
      1.895      0.078    10.2440    108.156     34.352  29.525713     1.4463      7.340   314.9085 4.3334e+02     0.6557      1.858      2.695    18.3135 0.0000e+00
      1.916      0.074    10.2510    108.057     34.433  29.542248     1.4754      7.342   314.8138 4.1550e+02     0.6549      1.879      2.726    18.2343 0.0000e+00
      1.934      0.069    10.2607    108.027     34.439  29.506829     1.4994      7.347   314.6776 4.1091e+02     0.6815      1.896      2.751    18.1708 0.0000e+00
      1.950      0.065    10.2689    107.986     34.379  29.414934     1.5167      7.351   314.6377 4.0435e+02     0.6722      1.913      2.775    18.0704 0.0000e+00
      1.965      0.064    10.2761    107.904     34.325  29.320162     1.5186      7.354   314.8474 4.1269e+02     0.6340      1.928      2.796    17.9616 0.0000e+00
