Data/DataNotYetUploadedToEDI/Raw_CTD/2018_RawDownloads/051418_fcr45.cnv
* Sea-Bird SBE19plus  Data File:
* FileName = C:\DATA\051418_fcr_0005.hex
* Software version 2.6.3.104 SB_Terminal.dll
* Temperature SN = 7809
* Conductivity SN = 7809
* System UpLoad Time = May 14 2018 15:32:07
* <ApplicationData>
* <Seaterm232>
# nquan = 15
# nvalues = 804                         
# units = specified
# name 0 = depFM: Depth [fresh water, m]
# name 1 = dz/dtM: Descent Rate [m/s]
# name 2 = sbeox0Mg/L: Oxygen, SBE 43 [mg/l]
# name 3 = sbeox0PS: Oxygen, SBE 43 [% saturation]
# name 4 = specc: Specific Conductance [uS/cm]
# name 5 = c0uS/cm: Conductivity [uS/cm]
# name 6 = flECO-AFL: Fluorescence, WET Labs ECO-AFL/FL [mg/m^3]
# name 7 = ph: pH
# name 8 = orp: Oxidation Reduction Potential [mV]
# name 9 = par/sat/log: PAR/Logarithmic, Satlantic
# name 10 = turbWETntu0: Turbidity, WET Labs ECO [NTU]
# name 11 = prdM: Pressure, Strain Gauge [db]
# name 12 = prdE: Pressure, Strain Gauge [psi]
# name 13 = tv290C: Temperature [ITS-90, deg C]
# name 14 = flag:  0.000e+00
# span 0 =     -0.562,      7.351       
# span 1 =     -0.150,      0.242       
# span 2 =     4.7893,    10.3949       
# span 3 =     57.497,    109.737       
# span 4 =     24.744,     39.717       
# span 5 =  24.991378,  38.094523       
# span 6 =    -0.2466,     3.8106       
# span 7 =      6.490,      7.489       
# span 8 =   269.2218,   545.5438       
# span 9 = 2.0173e+01, 2.6782e+03       
# span 10 =    -0.0317,    15.9100      
# span 11 =     -0.552,      7.210      
# span 12 =     -0.800,     10.457      
# span 13 =     9.2290,    25.9278      
# span 14 = 0.0000e+00, 0.0000e+00      
# interval = seconds: 0.25
# start_time = May 14 2018 17:04:52 [Instrument's time stamp, header]
# bad_flag = -9.990e-29
*END*
[from data line 579]
      3.683      0.086     7.8849     73.330     37.111  27.534234     3.0344      6.996   327.3620 1.8233e+02     1.0374      3.612      5.238    12.3950 0.0000e+00
      3.703      0.088     7.8352     72.678     37.227  27.534474     3.0356      6.989   327.5805 1.7609e+02     1.0585      3.630      5.265    12.3178 0.0000e+00
      3.726      0.092     7.7817     71.973     37.327  27.513629     2.9890      6.981   327.7512 1.6965e+02     1.0529      3.652      5.298    12.2662 0.0000e+00
      3.753      0.094     7.7272     71.257     37.404  27.472591     2.9026      6.974   327.8769 1.6669e+02     0.9699      3.682      5.339    12.2003 0.0000e+00
      3.780      0.094     7.6681     70.511     37.544  27.482679     2.8550      6.968   328.0684 1.6598e+02     0.8793      3.708      5.377    12.1001 0.0000e+00
      3.806      0.094     7.6068     69.762     37.699  27.508504     2.8552      6.961   328.2593 1.6427e+02     0.8427      3.732      5.415    11.9852 0.0000e+00
      3.830      0.093     7.5449     69.016     37.846  27.530742     2.8584      6.954   328.3785 1.5974e+02     0.8325      3.758      5.449    11.8523 0.0000e+00
      3.850      0.090     7.4824     68.262     38.008  27.560977     2.8290      6.949   328.4774 1.5688e+02     0.8474      3.775      5.474    11.7197 0.0000e+00
      3.871      0.088     7.4198     67.518     38.118  27.556482     2.7669      6.944   328.5939 1.5586e+02     0.8698      3.794      5.503    11.5952 0.0000e+00
      3.895      0.086     7.3556     66.793     38.192  27.539794     2.7325      6.937   328.6689 1.5280e+02     0.8593      3.820      5.541    11.4790 0.0000e+00
      3.918      0.084     7.2873     66.084     38.267  27.549632     2.7353      6.929   328.7824 1.4884e+02     0.8422      3.843      5.573    11.3741 0.0000e+00
      3.939      0.081     7.2122     65.370     38.289  27.548386     2.6893      6.922   329.0194 1.4757e+02     0.8460      3.863      5.603    11.2515 0.0000e+00
      3.961      0.077     7.1337     64.632     38.274  27.524711     2.5898      6.915   329.1247 1.4869e+02     0.8446      3.885      5.635    11.1371 0.0000e+00
      3.980      0.075     7.0522     63.831     38.308  27.517366     2.5348      6.909   329.1953 1.4883e+02     0.8252      3.905      5.663    11.0419 0.0000e+00
      3.996      0.074     6.9652     62.951     38.385  27.523039     2.5295      6.903   329.5285 1.4788e+02     0.8556      3.918      5.683    10.9757 0.0000e+00
      4.012      0.074     6.8794     62.074     38.470  27.529754     2.4986      6.897   329.9705 1.4600e+02     0.8758      3.933      5.704    10.9717 0.0000e+00
      4.030      0.076     6.7957     61.229     38.544  27.534997     2.4365      6.890   330.4105 1.4195e+02     0.7948      3.952      5.731    10.9690 0.0000e+00
      4.051      0.080     6.7124     60.407     38.582  27.522877     2.4030      6.881   330.8043 1.3840e+02     0.7007      3.972      5.761    10.9205 0.0000e+00
      4.072      0.085     6.6411     59.695     38.619  27.510173     2.3972      6.871   331.1175 1.3605e+02     0.6537      3.994      5.792    10.8522 0.0000e+00
      4.093      0.089     6.5881     59.138     38.679  27.508351     2.3204      6.862   331.4452 1.3336e+02     0.6539      4.014      5.821    10.7749 0.0000e+00
      4.118      0.089     6.5480     58.678     38.748  27.500800     2.1728      6.853   331.7542 1.3186e+02     0.6725      4.037      5.855    10.7090 0.0000e+00
      4.144      0.087     6.5186     58.301     38.814  27.482316     2.0918      6.844   332.0144 1.3095e+02     0.6647      4.064      5.896    10.6668 0.0000e+00
      4.169      0.084     6.4963     58.007     38.881  27.475290     2.0771      6.836   332.2675 1.2842e+02     0.6515      4.090      5.931    10.6166 0.0000e+00
      4.189      0.080     6.4762     57.770     38.933  27.479287     1.9942      6.829   332.4919 1.2522e+02     0.6650      4.109      5.960    10.5618 0.0000e+00
      4.207      0.075     6.4628     57.614     38.945  27.467108     1.8531      6.820   332.7493 1.2365e+02     0.6756      4.125      5.984    10.4922 0.0000e+00
      4.223      0.071     6.4582     57.536     38.958  27.455016     1.7776      6.810   332.9697 1.2319e+02     0.6575      4.141      6.007    10.3928 0.0000e+00
      4.239      0.070     6.4588     57.497     39.002  27.460061     1.7615      6.802   333.0921 1.2250e+02     0.6293      4.157      6.029    10.3180 0.0000e+00
      4.257      0.071     6.4662     57.522     39.042  27.464576     1.7495      6.795   333.1961 1.2200e+02     0.6408      4.175      6.055    10.2849 0.0000e+00
      4.276      0.072     6.4798     57.618     39.035  27.446085     1.7518      6.790   333.2821 1.2129e+02     0.7349      4.194      6.083    10.2615 0.0000e+00
      4.295      0.073     6.4974     57.756     39.024  27.426973     1.7618      6.784   333.3569 1.1950e+02     0.8515      4.211      6.108    10.2382 0.0000e+00
      4.314      0.074     6.5215     57.933     39.050  27.423974     1.7612      6.778   333.3264 1.1686e+02     0.8910      4.229      6.134    10.2021 0.0000e+00
      4.333      0.074     6.5525     58.151     39.077  27.409809     1.7537      6.773   333.2579 1.1480e+02     0.8769      4.249      6.165    10.1632 0.0000e+00
      4.352      0.073     6.5878     58.403     39.087  27.382661     1.6888      6.768   333.3884 1.1425e+02     0.8638      4.268      6.190    10.1504 0.0000e+00
      4.371      0.072     6.6238     58.667     39.085  27.349687     1.5644      6.763   333.6140 1.1405e+02     0.8541      4.286      6.216    10.1462 0.0000e+00
      4.390      0.071     6.6594     58.924     39.102  27.328586     1.4997      6.757   333.7483 1.1280e+02     0.8519      4.307      6.246    10.1193 0.0000e+00
      4.408      0.071     6.6954     59.185     39.133  27.317989     1.5032      6.752   333.8074 1.1101e+02     0.8373      4.324      6.269    10.0690 0.0000e+00
      4.424      0.072     6.7332     59.469     39.125  27.285034     1.5244      6.748   333.8984 1.0904e+02     0.8302      4.338      6.292    10.0222 0.0000e+00
      4.441      0.074     6.7734     59.785     39.102  27.247589     1.5541      6.743   334.0748 1.0673e+02     0.8569      4.355      6.316     9.9873 0.0000e+00
      4.461      0.076     6.8161     60.132     39.125  27.246215     1.5686      6.738   334.2196 1.0529e+02     0.8854      4.374      6.343     9.9436 0.0000e+00
      4.482      0.077     6.8631     60.514     39.182  27.268405     1.5617      6.734   334.3590 1.0494e+02     0.9002      4.394      6.374     9.8990 0.0000e+00
      4.503      0.077     6.9185     60.960     39.205  27.261872     1.5067      6.729   334.5552 1.0439e+02     0.9137      4.416      6.405     9.8646 0.0000e+00
      4.524      0.076     6.9856     61.506     39.196  27.230702     1.4184      6.725   334.6985 1.0362e+02     0.9270      4.438      6.437     9.8368 0.0000e+00
      4.543      0.074     7.0670     62.179     39.197  27.208997     1.3760      6.722   334.8017 1.0267e+02     0.9090      4.456      6.462     9.8183 0.0000e+00
      4.561      0.070     7.1627     62.989     39.194  27.189907     1.3711      6.717   334.9419 1.0153e+02     0.8785      4.472      6.487     9.7982 0.0000e+00
      4.579      0.065     7.2701     63.914     39.209  27.190363     1.3678      6.713   335.1033 9.9907e+01     0.8631      4.491      6.514     9.7678 0.0000e+00
      4.596      0.060     7.3859     64.914     39.257  27.214493     1.3733      6.711   335.2044 9.7808e+01     0.8450      4.507      6.537     9.7330 0.0000e+00
      4.611      0.055     7.5082     65.970     39.289  27.227663     1.3822      6.709   335.2183 9.6659e+01     0.8426      4.522      6.559     9.7033 0.0000e+00
      4.624      0.050     7.6358     67.089     39.284  27.222589     1.3842      6.706   335.2710 9.6126e+01     0.8645      4.534      6.577     9.6793 0.0000e+00
      4.635      0.046     7.7665     68.251     39.266  27.216643     1.3694      6.704   335.4120 9.5467e+01     0.8664      4.545      6.592     9.6699 0.0000e+00
      4.646      0.044     7.8956     69.396     39.263  27.219278     1.3237      6.702   335.4595 9.5263e+01     0.8044      4.556      6.608     9.6623 0.0000e+00
      4.656      0.044     8.0156     70.447     39.224  27.190955     1.2633      6.701   335.4159 9.5071e+01     0.7252      4.566      6.622     9.6424 0.0000e+00
      4.666      0.045     8.1223     71.366     39.146  27.128189     1.2271      6.699   335.4876 9.4233e+01     0.6725      4.575      6.635     9.6410 0.0000e+00
      4.677      0.048     8.2155     72.146     39.124  27.095339     1.2169      6.697   335.6379 9.2310e+01     0.6250      4.586      6.651     9.6566 0.0000e+00
      4.689      0.052     8.2921     72.758     39.188  27.111246     1.1860      6.695   335.8557 8.9911e+01     0.6079      4.598      6.669     9.6637 0.0000e+00
      4.703      0.057     8.3462     73.163     39.260  27.129999     1.1289      6.692   336.2287 8.9207e+01     0.6182      4.613      6.691     9.6610 0.0000e+00
      4.718      0.064     8.3772     73.377     39.300  27.131552     1.1059      6.688   336.5342 8.9766e+01     0.6274      4.626      6.709     9.6516 0.0000e+00
      4.733      0.071     8.3924     73.465     39.327  27.129993     1.1096      6.684   336.6238 8.9621e+01     0.6281      4.639      6.729     9.6306 0.0000e+00
      4.751      0.076     8.3985     73.475     39.328  27.111129     1.0908      6.680   336.6243 8.8931e+01     0.6261      4.657      6.756     9.5915 0.0000e+00
      4.773      0.079     8.4016     73.461     39.330  27.093947     1.0625      6.677   336.6255 8.7535e+01     0.6636      4.679      6.786     9.5456 0.0000e+00
      4.798      0.080     8.4082     73.490     39.376  27.112722     1.0524      6.674   336.7247 8.5325e+01     0.7160      4.706      6.826     9.5133 0.0000e+00
      4.823      0.079     8.4225     73.599     39.437  27.147631     1.0524      6.671   336.9635 8.3991e+01     0.7105      4.733      6.865     9.4917 0.0000e+00
      4.842      0.077     8.4495     73.824     39.425  27.135022     1.0705      6.669   337.1899 8.3888e+01     0.6883      4.749      6.888     9.4656 0.0000e+00
      4.857      0.072     8.4902     74.168     39.364  27.087267     1.1056      6.666   337.3103 8.3363e+01     0.6921      4.762      6.908     9.4390 0.0000e+00
      4.873      0.067     8.5386     74.578     39.360  27.078204     1.1187      6.662   337.4730 8.2055e+01     0.6955      4.779      6.931     9.4221 0.0000e+00
      4.891      0.064     8.5894     75.014     39.380  27.088930     1.1095      6.660   337.6944 8.0859e+01     0.6987      4.796      6.956     9.4157 0.0000e+00
      4.909      0.064     8.6422     75.473     39.382  27.089957     1.0955      6.656   337.9223 7.9843e+01     0.6706      4.814      6.982     9.4118 0.0000e+00
      4.925      0.068     8.6952     75.938     39.382  27.090617     1.0500      6.651   338.2495 7.8966e+01     0.6296      4.831      7.006     9.4040 0.0000e+00
      4.940      0.075     8.7460     76.383     39.391  27.096912     0.9736      6.644   338.5529 7.8586e+01     0.6306      4.844      7.026     9.3951 0.0000e+00
      4.955      0.085     8.7908     76.770     39.401  27.102582     0.9258      6.636   338.6660 7.7970e+01     0.6513      4.857      7.044     9.3912 0.0000e+00
      4.975      0.093     8.8232     77.044     39.397  27.095665     0.9131      6.631   338.6705 7.6416e+01     0.6664      4.875      7.069     9.3909 0.0000e+00
      5.004      0.099     8.8469     77.241     39.376  27.076773     0.9024      6.627   338.6932 7.4501e+01     0.6609      4.905      7.113     9.3916 0.0000e+00
      5.037      0.102     8.8659     77.396     39.364  27.064652     0.8880      6.625   338.7686 7.2768e+01     0.6469      4.941      7.166     9.3944 0.0000e+00
      5.069      0.102     8.8762     77.477     39.387  27.076093     0.8774      6.624   338.8937 7.1348e+01     0.6491      4.972      7.213     9.3925 0.0000e+00
      5.095      0.097     8.8790     77.494     39.408  27.088110     0.8660      6.623   339.0877 7.0503e+01     0.6568      4.998      7.249     9.3852 0.0000e+00
      5.115      0.091     8.8767     77.475     39.400  27.082948     0.8326      6.621   339.2206 7.0117e+01     0.6487      5.017      7.277     9.3799 0.0000e+00
      5.134      0.085     8.8726     77.445     39.388  27.077175     0.7949      6.618   339.2097 6.9495e+01     0.6422      5.034      7.302     9.3752 0.0000e+00
      5.154      0.080     8.8696     77.423     39.393  27.081812     0.7878      6.617   339.1292 6.8830e+01     0.6398      5.053      7.329     9.3693 0.0000e+00
      5.175      0.080     8.8672     77.398     39.386  27.075520     0.7923      6.617   339.1073 6.8281e+01     0.6190      5.074      7.359     9.3642 0.0000e+00
      5.196      0.082     8.8624     77.346     39.377  27.064591     0.8215      6.614   339.2033 6.7478e+01     0.6040      5.096      7.391     9.3646 0.0000e+00
      5.216      0.086     8.8543     77.263     39.402  27.076657     0.8831      6.610   339.3423 6.6466e+01     0.6117      5.116      7.420     9.3704 0.0000e+00
      5.236      0.089     8.8474     77.191     39.435  27.094408     0.9121      6.607   339.4973 6.5170e+01     0.6508      5.133      7.444     9.3734 0.0000e+00
      5.258      0.092     8.8434     77.148     39.432  27.088722     0.9067      6.604   339.5290 6.3968e+01     0.6802      5.155      7.476     9.3710 0.0000e+00
      5.285      0.094     8.8394     77.106     39.411  27.071405     0.8723      6.602   339.4679 6.3190e+01     0.6612      5.184      7.518     9.3647 0.0000e+00
      5.310      0.095     8.8358     77.068     39.421  27.075519     0.8091      6.602   339.5326 6.2432e+01     0.6350      5.208      7.553     9.3567 0.0000e+00
      5.335      0.094     8.8352     77.056     39.424  27.074962     0.7760      6.602   339.7094 6.1690e+01     0.6384      5.231      7.587     9.3506 0.0000e+00
      5.360      0.090     8.8376     77.071     39.413  27.064666     0.7758      6.601   339.8839 6.1013e+01     0.6714      5.257      7.626     9.3466 0.0000e+00
      5.384      0.084     8.8408     77.092     39.436  27.078029     0.7794      6.600   340.0088 6.0348e+01     0.6992      5.281      7.659     9.3427 0.0000e+00
      5.405      0.079     8.8441     77.117     39.484  27.109525     0.8102      6.600   340.0146 5.9928e+01     0.6999      5.301      7.688     9.3390 0.0000e+00
      5.424      0.075     8.8461     77.132     39.513  27.127988     0.8723      6.600   339.8679 5.9455e+01     0.6792      5.320      7.716     9.3354 0.0000e+00
      5.440      0.071     8.8458     77.128     39.490  27.110764     0.9148      6.600   339.7834 5.8631e+01     0.6622      5.334      7.738     9.3318 0.0000e+00
      5.456      0.068     8.8456     77.123     39.464  27.091768     0.9198      6.600   339.8533 5.7687e+01     0.6479      5.350      7.760     9.3287 0.0000e+00
      5.474      0.066     8.8453     77.117     39.461  27.088807     0.8967      6.600   339.8531 5.6919e+01     0.6283      5.369      7.787     9.3265 0.0000e+00
      5.492      0.066     8.8436     77.101     39.442  27.074954     0.8639      6.600   339.7809 5.6405e+01     0.6387      5.386      7.812     9.3253 0.0000e+00
      5.507      0.066     8.8428     77.093     39.408  27.051269     0.8548      6.600   339.7552 5.5771e+01     0.6812      5.401      7.834     9.3237 0.0000e+00
      5.523      0.064     8.8452     77.114     39.415  27.056420     0.8593      6.599   339.8000 5.5030e+01     0.7152      5.416      7.856     9.3219 0.0000e+00
