Data/DataNotYetUploadedToEDI/Raw_CTD/2018_RawDownloads/051418_fcr45.cnv
* Sea-Bird SBE19plus  Data File:
* FileName = C:\DATA\051418_fcr_0005.hex
* Software version 2.6.3.104 SB_Terminal.dll
* Temperature SN = 7809
* Conductivity SN = 7809
* System UpLoad Time = May 14 2018 15:32:07
* <ApplicationData>
* <Seaterm232>
# nquan = 15
# nvalues = 804                         
# units = specified
# name 0 = depFM: Depth [fresh water, m]
# name 1 = dz/dtM: Descent Rate [m/s]
# name 2 = sbeox0Mg/L: Oxygen, SBE 43 [mg/l]
# name 3 = sbeox0PS: Oxygen, SBE 43 [% saturation]
# name 4 = specc: Specific Conductance [uS/cm]
# name 5 = c0uS/cm: Conductivity [uS/cm]
# name 6 = flECO-AFL: Fluorescence, WET Labs ECO-AFL/FL [mg/m^3]
# name 7 = ph: pH
# name 8 = orp: Oxidation Reduction Potential [mV]
# name 9 = par/sat/log: PAR/Logarithmic, Satlantic
# name 10 = turbWETntu0: Turbidity, WET Labs ECO [NTU]
# name 11 = prdM: Pressure, Strain Gauge [db]
# name 12 = prdE: Pressure, Strain Gauge [psi]
# name 13 = tv290C: Temperature [ITS-90, deg C]
# name 14 = flag:  0.000e+00
# span 0 =     -0.562,      7.351       
# span 1 =     -0.150,      0.242       
# span 2 =     4.7893,    10.3949       
# span 3 =     57.497,    109.737       
# span 4 =     24.744,     39.717       
# span 5 =  24.991378,  38.094523       
# span 6 =    -0.2466,     3.8106       
# span 7 =      6.490,      7.489       
# span 8 =   269.2218,   545.5438       
# span 9 = 2.0173e+01, 2.6782e+03       
# span 10 =    -0.0317,    15.9100      
# span 11 =     -0.552,      7.210      
# span 12 =     -0.800,     10.457      
# span 13 =     9.2290,    25.9278      
# span 14 = 0.0000e+00, 0.0000e+00      
# interval = seconds: 0.25
# start_time = May 14 2018 17:04:52 [Instrument's time stamp, header]
# bad_flag = -9.990e-29
*END*
[from data line 772]
      7.127      0.069     8.3799     72.939     39.574  27.110991     0.6747      6.499   347.3159 2.2709e+01     1.2267      6.988     10.135     9.2517 0.0000e+00
      7.145      0.067     8.3437     72.615     39.554  27.093993     0.7225      6.497   347.2518 2.2434e+01     1.2576      7.008     10.164     9.2542 0.0000e+00
      7.163      0.069     8.3137     72.347     39.587  27.113160     0.7583      6.496   347.2656 2.2192e+01     1.2407      7.026     10.190     9.2588 0.0000e+00
      7.180      0.073     8.2851     72.093     39.647  27.152233     0.7399      6.494   347.2247 2.2006e+01     1.2366      7.041     10.213     9.2566 0.0000e+00
      7.198      0.076     8.2550     71.830     39.697  27.185424     0.7029      6.493   347.0164 2.1866e+01     1.2076      7.058     10.237     9.2509 0.0000e+00
      7.217      0.076     8.2256     71.570     39.717  27.196984     0.7055      6.491   346.8123 2.1750e+01     1.2557      7.076     10.263     9.2472 0.0000e+00
      7.239      0.074     8.1981     71.326     39.673  27.165001     0.7349      6.490   346.7349 2.1569e+01     1.2687      7.098     10.295     9.2418 0.0000e+00
      7.262      0.070     8.1691     71.073     39.602  27.116212     0.7271      6.492   346.5970 2.1321e+01     1.1817      7.123     10.332     9.2384 0.0000e+00
      7.282      0.064     8.1406     70.827     39.599  27.115069     0.7029      6.494   346.4356 2.1132e+01     1.2422      7.145     10.362     9.2395 0.0000e+00
      7.297      0.057     8.1150     70.605     39.651  27.151174     0.7181      6.495   346.4190 2.1014e+01     1.4199      7.156     10.380     9.2372 0.0000e+00
      7.307      0.047     8.0909     70.395     39.682  27.171774     0.7371      6.496   346.3955 2.0880e+01     1.4994      7.165     10.394     9.2329 0.0000e+00
      7.317      0.038     8.0725     70.236     39.684  27.173645     0.7118      6.496   346.2370 2.0705e+01     1.3799      7.175     10.408     9.2330 0.0000e+00
      7.327      0.030     8.0609     70.141     39.680  27.173801     0.6688      6.496   345.9659 2.0563e+01     1.1659      7.186     10.423     9.2350 0.0000e+00
      7.334      0.024     8.0467     70.023     39.676  27.173665     0.6675      6.497   345.8714 2.0488e+01     1.1084      7.193     10.433     9.2359 0.0000e+00
      7.338      0.019     8.0306     69.882     39.675  27.172002     0.6866      6.498   346.0409 2.0434e+01     1.1729      7.197     10.438     9.2344 0.0000e+00
      7.341      0.014     8.0229     69.807     39.653  27.153682     0.6614      6.498   346.1222 2.0402e+01     1.1525      7.200     10.442     9.2337 0.0000e+00
      7.344      0.010     8.0205     69.779     39.642  27.142661     0.6099      6.498   346.0793 2.0397e+01     1.0443      7.202     10.445     9.2391 0.0000e+00
      7.346      0.007     8.0200     69.771     39.678  27.165738     0.5700      6.499   345.9528 2.0389e+01     0.9330      7.204     10.448     9.2445 0.0000e+00
      7.347      0.005     8.0224     69.796     39.694  27.178701     0.5478      6.500   345.7977 2.0372e+01     0.8750      7.205     10.450     9.2425 0.0000e+00
      7.348      0.004     8.0251     69.830     39.678  27.172403     0.5430      6.501   345.7525 2.0354e+01     0.8611      7.206     10.451     9.2367 0.0000e+00
      7.348      0.003     8.0287     69.873     39.642  27.153094     0.5484      6.502   345.6643 2.0339e+01     0.8563      7.206     10.452     9.2317 0.0000e+00
      7.349      0.002     8.0348     69.937     39.609  27.135738     0.5583      6.502   345.5050 2.0339e+01     0.8788      7.207     10.453     9.2290 0.0000e+00
      7.350      0.002     8.0411     70.000     39.628  27.153053     0.5609      6.502   345.3758 2.0322e+01     0.8888      7.208     10.454     9.2314 0.0000e+00
      7.350      0.002     8.0465     70.056     39.649  27.171953     0.5525      6.503   345.3066 2.0250e+01     0.8556      7.208     10.455     9.2388 0.0000e+00
      7.350      0.001     8.0541     70.138     39.641  27.173774     0.5480      6.504   345.2705 2.0200e+01     0.8429      7.208     10.455     9.2462 0.0000e+00
      7.351      0.001     8.0653     70.254     39.630  27.175074     0.5439      6.505   345.2831 2.0188e+01     0.8574      7.209     10.456     9.2526 0.0000e+00
      7.351      0.001     8.0765     70.369     39.637  27.187682     0.5404      6.506   345.4594 2.0173e+01     0.8793      7.209     10.456     9.2576 0.0000e+00
      7.351      0.001     8.0815     70.420     39.648  27.199228     0.5416      6.506   345.5950 2.0175e+01     0.8937      7.209     10.456     9.2608 0.0000e+00
      7.351 -9.990e-29 -9.990e-29 -9.990e-29 -9.990e-29 -9.990e-29 -9.990e-29 -9.990e-29 -9.990e-29 2.0197e+01 -9.990e-29      7.209     10.456     9.2711 0.0000e+00
      7.351 -9.990e-29 -9.990e-29 -9.990e-29 -9.990e-29 -9.990e-29 -9.990e-29 -9.990e-29 -9.990e-29 2.0240e+01 -9.990e-29      7.209     10.456     9.2837 0.0000e+00
      7.351 -9.990e-29 -9.990e-29 -9.990e-29 -9.990e-29 -9.990e-29 -9.990e-29 -9.990e-29 -9.990e-29 2.0274e+01 -9.990e-29      7.209     10.456     9.2954 0.0000e+00
      7.351 -9.990e-29 -9.990e-29 -9.990e-29 -9.990e-29 -9.990e-29 -9.990e-29 -9.990e-29 -9.990e-29 2.0281e+01 -9.990e-29      7.210     10.457     9.3032 0.0000e+00
