Data/DataNotYetUploadedToEDI/Raw_CTD/2018_RawDownloads/051418_fcr45.cnv
* Sea-Bird SBE19plus  Data File:
* FileName = C:\DATA\051418_fcr_0005.hex
* Software version 2.6.3.104 SB_Terminal.dll
* Temperature SN = 7809
* Conductivity SN = 7809
* System UpLoad Time = May 14 2018 15:32:07
* <ApplicationData>
* <Seaterm232>
# nquan = 15
# nvalues = 804                         
# units = specified
# name 0 = depFM: Depth [fresh water, m]
# name 1 = dz/dtM: Descent Rate [m/s]
# name 2 = sbeox0Mg/L: Oxygen, SBE 43 [mg/l]
# name 3 = sbeox0PS: Oxygen, SBE 43 [% saturation]
# name 4 = specc: Specific Conductance [uS/cm]
# name 5 = c0uS/cm: Conductivity [uS/cm]
# name 6 = flECO-AFL: Fluorescence, WET Labs ECO-AFL/FL [mg/m^3]
# name 7 = ph: pH
# name 8 = orp: Oxidation Reduction Potential [mV]
# name 9 = par/sat/log: PAR/Logarithmic, Satlantic
# name 10 = turbWETntu0: Turbidity, WET Labs ECO [NTU]
# name 11 = prdM: Pressure, Strain Gauge [db]
# name 12 = prdE: Pressure, Strain Gauge [psi]
# name 13 = tv290C: Temperature [ITS-90, deg C]
# name 14 = flag:  0.000e+00
# span 0 =     -0.562,      7.351       
# span 1 =     -0.150,      0.242       
# span 2 =     4.7893,    10.3949       
# span 3 =     57.497,    109.737       
# span 4 =     24.744,     39.717       
# span 5 =  24.991378,  38.094523       
# span 6 =    -0.2466,     3.8106       
# span 7 =      6.490,      7.489       
# span 8 =   269.2218,   545.5438       
# span 9 = 2.0173e+01, 2.6782e+03       
# span 10 =    -0.0317,    15.9100      
# span 11 =     -0.552,      7.210      
# span 12 =     -0.800,     10.457      
# span 13 =     9.2290,    25.9278      
# span 14 = 0.0000e+00, 0.0000e+00      
# interval = seconds: 0.25
# start_time = May 14 2018 17:04:52 [Instrument's time stamp, header]
# bad_flag = -9.990e-29
*END*
     -0.562      0.055     8.0194     97.898     24.744  24.991378    -0.2466      6.617   545.5438 1.2101e+03    -0.0317     -0.552     -0.800    25.4054 0.0000e+00
     -0.561      0.105     8.0039     97.934     34.194  34.610836    -0.2461      6.974   309.4318 7.4358e+02     0.0413     -0.550     -0.798    25.4046 0.0000e+00
     -0.549      0.156     7.9849     97.989     35.983  36.531116    -0.2221      7.159   283.4150 4.9870e+02     0.3926     -0.552     -0.800    25.4087 0.0000e+00
     -0.501      0.198     7.9758     98.087     35.955  36.586045     0.0054      7.208   274.4260 5.2802e+02     4.4292     -0.513     -0.743    25.4043 0.0000e+00
     -0.409      0.227     7.9857     98.273     35.890  36.545602     0.4375      7.194   270.8691 9.3487e+02    11.8593     -0.401     -0.582    25.4318 0.0000e+00
     -0.312      0.242     8.0127     98.568     35.910  36.550357     0.6922      7.169   270.3510 1.7592e+03    15.8882     -0.292     -0.423    25.5769 0.0000e+00
     -0.246      0.238     8.0516     98.968     35.970  36.579974     0.7238      7.130   270.5707 2.3238e+03    15.9100     -0.232     -0.337    25.7740 0.0000e+00
     -0.202      0.213     8.0968     99.443     36.070  36.649551     0.6909      7.075   271.1154 2.0478e+03    11.9705     -0.199     -0.288    25.9054 0.0000e+00
     -0.162      0.170     8.1408     99.939     36.129  36.692783     0.6348      7.028   271.6025 1.6788e+03     4.7251     -0.161     -0.234    25.9278 0.0000e+00
     -0.118      0.120     8.1726    100.355     36.085  36.657993     0.6151      7.004   271.8148 2.0821e+03     0.8174     -0.115     -0.166    25.8911 0.0000e+00
     -0.077      0.073     8.1878    100.598     36.079  36.673602     0.6269      7.003   271.7040 2.3190e+03     0.4591     -0.070     -0.101    25.8454 0.0000e+00
     -0.055      0.030     8.1893    100.639     36.275  36.881541     0.6299      7.015   271.2950 1.7759e+03     0.3934     -0.042     -0.061    25.7917 0.0000e+00
     -0.060     -0.011     8.1749    100.452     36.470  37.075843     0.6149      7.029   270.9992 1.1807e+03     0.3894     -0.050     -0.073    25.7562 0.0000e+00
     -0.088     -0.048     8.1448    100.077     36.450  37.053594     0.6020      7.049   271.1387 1.2187e+03     0.4411     -0.085     -0.123    25.7801 0.0000e+00
     -0.119     -0.078     8.1052     99.607     36.385  36.993689     0.6030      7.077   271.5182 1.4332e+03     0.4993     -0.122     -0.177    25.8299 0.0000e+00
     -0.141     -0.094     8.0622     99.113     36.426  37.050337     0.5908      7.103   271.7169 1.1069e+03     0.4519     -0.141     -0.204    25.8384 0.0000e+00
     -0.159     -0.094     8.0202     98.630     36.527  37.166807     0.5545      7.124   271.7335 1.0760e+03     0.3260     -0.150     -0.217    25.8219 0.0000e+00
     -0.185     -0.083     7.9845     98.209     36.610  37.258467     0.5415      7.145   271.8050 1.3238e+03     0.2288     -0.179     -0.260    25.8173 0.0000e+00
     -0.215     -0.065     7.9584     97.893     36.681  37.332760     0.5520      7.164   271.8073 9.7805e+02     0.1919     -0.215     -0.312    25.8267 0.0000e+00
     -0.238     -0.039     7.9413     97.684     36.776  37.429812     0.5349      7.179   271.4175 1.0104e+03     0.2460     -0.237     -0.344    25.8506 0.0000e+00
     -0.248     -0.004     7.9306     97.544     36.890  37.542539     0.4918      7.191   270.9637 1.6065e+03     0.3337     -0.246     -0.356    25.8748 0.0000e+00
     -0.247      0.038     7.9131     97.301     36.973  37.615754     0.4623      7.206   270.9666 1.4763e+03     0.3672     -0.247     -0.358    25.8820 0.0000e+00
     -0.232      0.076     7.8620     96.634     37.052  37.679763     0.4631      7.223   270.9365 1.0261e+03     0.3764     -0.234     -0.340    25.8828 0.0000e+00
     -0.198      0.105     7.7622     95.371     37.257  37.871735     0.5190      7.238   270.4270 1.3475e+03     0.3534     -0.200     -0.289    25.8843 0.0000e+00
     -0.152      0.125     7.6249     93.648     37.492  38.094523     0.6140      7.249   269.9695 1.8731e+03     0.2723     -0.147     -0.213    25.8829 0.0000e+00
     -0.111      0.138     7.4659     91.628     37.513  38.086415     0.6655      7.256   269.7935 1.6141e+03     0.2202     -0.103     -0.149    25.8655 0.0000e+00
     -0.080      0.138     7.2999     89.458     37.265  37.773665     0.6649      7.261   269.7612 1.3601e+03     0.2112     -0.079     -0.114    25.8383 0.0000e+00
     -0.050      0.128     7.1503     87.421     36.889  37.298821     0.6524      7.271   269.7499 1.8212e+03     0.1943     -0.054     -0.079    25.8188 0.0000e+00
     -0.013      0.113     7.0354     85.778     36.624  36.918952     0.6525      7.284   269.4846 2.0748e+03     0.1992     -0.014     -0.021    25.8030 0.0000e+00
      0.025      0.098     6.9657     84.695     36.616  36.801547     0.6665      7.298   269.2218 1.7721e+03     0.2082      0.032      0.046    25.7739 0.0000e+00
      0.048      0.087     6.9505     84.312     36.739  36.832003     0.6734      7.309   269.3259 1.3988e+03     0.1813      0.053      0.077    25.6942 0.0000e+00
      0.059      0.079     6.9799     84.517     36.757  36.778860     0.6810      7.310   269.5382 1.5079e+03     0.1789      0.057      0.081    25.5557 0.0000e+00
      0.069      0.074     7.0181     84.862     36.637  36.603575     0.6761      7.308   269.5521 1.9682e+03     0.2100      0.066      0.095    25.3959 0.0000e+00
      0.084      0.073     7.0378     85.004     36.506  36.427725     0.6412      7.324   269.6656 1.9324e+03     0.2219      0.081      0.117    25.2390 0.0000e+00
      0.104      0.075     7.0349     84.894     36.417  36.304250     0.6182      7.351   270.0505 1.5080e+03     0.2310      0.099      0.144    25.1078 0.0000e+00
      0.129      0.076     7.0092     84.522     36.332  36.190511     0.6087      7.372   270.3330 1.3978e+03     0.2293      0.125      0.181    25.0160 0.0000e+00
      0.157      0.070     6.9691     83.976     36.239  36.068856     0.5729      7.387   270.3289 1.5476e+03     0.2624      0.157      0.228    24.9445 0.0000e+00
      0.179      0.057     6.9360     83.508     36.178  35.976693     0.5255      7.398   270.2586 1.3776e+03     0.3866      0.179      0.260    24.8824 0.0000e+00
      0.191      0.040     6.9226     83.281     36.199  35.965451     0.5039      7.408   270.2566 1.0186e+03     0.4800      0.189      0.274    24.8364 0.0000e+00
      0.195      0.021     6.9376     83.407     36.384  36.123451     0.4952      7.411   270.3056 1.1149e+03     0.4757      0.193      0.281    24.8011 0.0000e+00
      0.194     -0.004     6.9935     84.044     36.641  36.362462     0.5125      7.401   270.4206 1.3028e+03     0.4566      0.191      0.278    24.7613 0.0000e+00
      0.190     -0.034     7.0890     85.180     36.662  36.377868     0.5752      7.390   270.5287 1.1250e+03     0.4628      0.185      0.269    24.7153 0.0000e+00
      0.187     -0.070     7.2038     86.569     36.461  36.182672     0.6192      7.392   270.5805 1.2284e+03     0.4586      0.183      0.266    24.6680 0.0000e+00
      0.178     -0.107     7.3101     87.861     36.306  36.035135     0.6128      7.404   270.6168 1.9235e+03     0.4368      0.184      0.267    24.6307 0.0000e+00
      0.147     -0.136     7.3759     88.671     36.316  36.055059     0.5708      7.416   270.5374 2.4425e+03     0.3215      0.155      0.225    24.6093 0.0000e+00
      0.092     -0.150     7.3858     88.846     36.471  36.233017     0.5158      7.426   270.3948 2.3703e+03     0.1015      0.092      0.133    24.6005 0.0000e+00
      0.027     -0.148     7.3676     88.730     36.601  36.408178     0.4817      7.436   270.5282 2.1373e+03    -0.0255      0.025      0.036    24.6108 0.0000e+00
     -0.029     -0.129     7.3582     88.735     36.599  36.457849     0.4704      7.444   270.8594 2.0386e+03    -0.0237     -0.040     -0.057    24.6229 0.0000e+00
     -0.060     -0.096     7.3661     88.953     36.539  36.452520     0.4794      7.451   271.1290 2.0525e+03     0.0004     -0.071     -0.104    24.6249 0.0000e+00
     -0.064     -0.056     7.3839     89.298     36.499  36.470874     0.5359      7.454   271.3790 2.1022e+03     0.0527     -0.063     -0.092    24.6537 0.0000e+00
     -0.061     -0.020     7.3994     89.600     36.467  36.489288     0.6204      7.453   271.6450 2.1160e+03     0.1510     -0.059     -0.085    24.7292 0.0000e+00
     -0.061      0.004     7.3999     89.685     36.427  36.484663     0.6651      7.452   271.8499 2.0889e+03     0.2121     -0.061     -0.088    24.8033 0.0000e+00
     -0.057      0.013     7.3788     89.479     36.399  36.478528     0.6720      7.447   271.9632 2.0217e+03     0.2121     -0.058     -0.084    24.8714 0.0000e+00
     -0.048      0.012     7.3303     88.917     36.388  36.478660     0.6575      7.438   272.0691 1.5267e+03     0.2731     -0.046     -0.066    24.9606 0.0000e+00
     -0.040      0.009     7.2481     87.928     36.392  36.486283     0.6278      7.429   272.2691 7.3455e+02     0.4005     -0.036     -0.052    25.0346 0.0000e+00
     -0.039      0.007     7.1374     86.585     36.413  36.507173     0.6164      7.425   272.4895 9.1945e+02     0.4707     -0.037     -0.053    25.0796 0.0000e+00
     -0.043      0.002     7.0106     85.042     36.448  36.540670     0.6208      7.430   272.5833 1.9643e+03     0.4814     -0.043     -0.062    25.1077 0.0000e+00
     -0.046     -0.006     6.8820     83.477     36.483  36.573655     0.6158      7.440   272.5425 2.5306e+03     0.4383     -0.048     -0.069    25.1217 0.0000e+00
     -0.045     -0.012     6.7660     82.069     36.498  36.588374     0.6026      7.450   272.5982 2.5815e+03     0.3758     -0.044     -0.063    25.1264 0.0000e+00
     -0.044     -0.014     6.6681     80.886     36.499  36.591586     0.5991      7.460   272.9130 2.5833e+03     0.3976     -0.040     -0.058    25.1251 0.0000e+00
     -0.049     -0.013     6.5836     79.863     36.519  36.612496     0.6010      7.468   273.2509 2.5798e+03     0.4571     -0.046     -0.067    25.1207 0.0000e+00
     -0.059     -0.012     6.5083     78.951     36.556  36.650623     0.5889      7.473   273.5000 2.5658e+03     0.4243     -0.058     -0.085    25.1162 0.0000e+00
     -0.066     -0.011     6.4437     78.171     36.575  36.671423     0.5630      7.477   273.7746 2.5557e+03     0.2761     -0.068     -0.098    25.1165 0.0000e+00
     -0.067     -0.009     6.3905     77.532     36.574  36.673427     0.5447      7.481   273.9893 2.5528e+03     0.1607     -0.067     -0.098    25.1211 0.0000e+00
     -0.063     -0.005     6.3480     77.022     36.573  36.674850     0.5432      7.484   274.1168 2.5359e+03     0.1582     -0.061     -0.089    25.1219 0.0000e+00
     -0.062     -0.001     6.3097     76.561     36.584  36.688632     0.5628      7.486   274.3696 2.4245e+03     0.2457     -0.059     -0.086    25.1214 0.0000e+00
     -0.064      0.002     6.2668     76.042     36.607  36.713012     0.5986      7.486   274.8090 2.0405e+03     0.3943     -0.063     -0.092    25.1244 0.0000e+00
     -0.066      0.003     6.2143     75.409     36.608  36.715531     0.6168      7.486   275.1284 1.4171e+03     0.4592     -0.065     -0.095    25.1291 0.0000e+00
     -0.065      0.002     6.1579     74.728     36.611  36.719096     0.6080      7.487   275.2196 9.5557e+02     0.4198     -0.064     -0.092    25.1346 0.0000e+00
     -0.062      0.002     6.1035     74.070     36.646  36.756119     0.5943      7.488   275.3095 9.8442e+02     0.4066     -0.062     -0.089    25.1366 0.0000e+00
     -0.060      0.002     6.0450     73.363     36.670  36.782026     0.5981      7.489   275.4413 1.3638e+03     0.4225     -0.059     -0.085    25.1378 0.0000e+00
     -0.059      0.001     5.9808     72.587     36.665  36.778236     0.6072      7.489   275.6084 1.7551e+03     0.4283     -0.058     -0.084    25.1405 0.0000e+00
     -0.060      0.000     5.9167     71.811     36.660  36.773826     0.6039      7.488   275.7809 2.0696e+03     0.4460     -0.059     -0.085    25.1429 0.0000e+00
     -0.061     -0.001     5.8580     71.101     36.677  36.792231     0.6044      7.486   275.8065 2.2424e+03     0.4530     -0.059     -0.086    25.1451 0.0000e+00
     -0.062     -0.003     5.8072     70.487     36.693  36.810192     0.5946      7.484   275.8321 2.3134e+03     0.3915     -0.060     -0.088    25.1470 0.0000e+00
     -0.062     -0.003     5.7624     69.945     36.683  36.800412     0.5582      7.482   276.0896 2.4476e+03     0.2826     -0.062     -0.089    25.1485 0.0000e+00
     -0.063     -0.002     5.7210     69.443     36.683  36.801039     0.5326      7.482   276.4258 2.5380e+03     0.2043     -0.061     -0.088    25.1500 0.0000e+00
     -0.064     -0.001     5.6823     68.972     36.700  36.817768     0.5330      7.482   276.6271 2.5382e+03     0.1774     -0.063     -0.090    25.1516 0.0000e+00
     -0.065     -0.001     5.6459     68.530     36.694  36.812109     0.5450      7.481   276.6301 2.5442e+03     0.2024     -0.065     -0.094    25.1536 0.0000e+00
     -0.064     -0.001     5.6111     68.108     36.677  36.796144     0.5582      7.481   276.6342 2.5590e+03     0.2614     -0.063     -0.090    25.1555 0.0000e+00
     -0.063     -0.001     5.5772     67.696     36.697  36.815314     0.5546      7.481   276.8495 2.5634e+03     0.2800     -0.061     -0.088    25.1556 0.0000e+00
     -0.064     -0.000     5.5442     67.296     36.735  36.853316     0.5380      7.482   277.1677 2.5530e+03     0.2444     -0.062     -0.091    25.1552 0.0000e+00
     -0.065     -0.000     5.5119     66.904     36.757  36.874475     0.5507      7.482   277.3843 2.5368e+03     0.1965     -0.064     -0.093    25.1552 0.0000e+00
     -0.065     -0.001     5.4812     66.532     36.762  36.880559     0.5976      7.482   277.4048 2.5220e+03     0.1905     -0.064     -0.093    25.1550 0.0000e+00
     -0.064     -0.002     5.4546     66.210     36.744  36.863348     0.6269      7.482   277.4143 2.5232e+03     0.2327     -0.063     -0.091    25.1548 0.0000e+00
     -0.064     -0.002     5.4317     65.932     36.737  36.856959     0.6200      7.482   277.5858 2.5477e+03     0.2490     -0.061     -0.089    25.1544 0.0000e+00
     -0.064     -0.002     5.4114     65.686     36.747  36.866835     0.5883      7.482   277.7578 2.5531e+03     0.2342     -0.062     -0.090    25.1540 0.0000e+00
     -0.067     -0.003     5.3925     65.457     36.736  36.855711     0.5560      7.482   277.8584 2.5311e+03     0.2371     -0.066     -0.095    25.1547 0.0000e+00
     -0.068     -0.003     5.3743     65.237     36.730  36.849511     0.5505      7.482   278.0277 2.5069e+03     0.2541     -0.068     -0.099    25.1568 0.0000e+00
     -0.068     -0.002     5.3568     65.026     36.735  36.855400     0.5590      7.483   278.1703 2.4588e+03     0.2558     -0.067     -0.097    25.1575 0.0000e+00
     -0.068     -0.001     5.3393     64.814     36.742  36.863387     0.5571      7.484   278.2920 2.4095e+03     0.2271     -0.066     -0.096    25.1570 0.0000e+00
     -0.069     -0.000     5.3212     64.593     36.762  36.882550     0.5464      7.484   278.5526 2.3598e+03     0.2135     -0.067     -0.098    25.1569 0.0000e+00
     -0.069      0.001     5.3015     64.354     36.776  36.896522     0.5494      7.484   278.8260 2.2634e+03     0.2439     -0.068     -0.099    25.1576 0.0000e+00
     -0.068      0.001     5.2803     64.095     36.784  36.905281     0.5660      7.485   278.9302 2.1824e+03     0.2581     -0.067     -0.098    25.1587 0.0000e+00
     -0.067      0.002     5.2579     63.823     36.804  36.924921     0.5720      7.485   278.8659 2.1929e+03     0.2327     -0.066     -0.096    25.1586 0.0000e+00
     -0.067      0.002     5.2355     63.553     36.822  36.943421     0.5765      7.485   278.8231 2.2649e+03     0.2107     -0.065     -0.094    25.1579 0.0000e+00
