Data/DataNotYetUploadedToEDI/Raw_CTD/2018_RawDownloads/051718_fcr50.cnv
* Sea-Bird SBE19plus  Data File:
* FileName = C:\DATA\051718_bvr_0002.hex
* Software version 2.6.3.104
* Temperature SN = 7809
* Conductivity SN = 7809
* System UpLoad Time = May 17 2018 16:20:38
* <ApplicationData>
* <Seaterm232>
# nquan = 17
# nvalues = 871                         
# units = specified
# name 0 = depFM: Depth [fresh water, m]
# name 1 = tv290C: Temperature [ITS-90, deg C]
# name 2 = sbeox0Mg/L: Oxygen, SBE 43 [mg/l]
# name 3 = sbeox0PS: Oxygen, SBE 43 [% saturation]
# name 4 = c0uS/cm: Conductivity [uS/cm]
# name 5 = specc: Specific Conductance [uS/cm]
# name 6 = ph: pH
# name 7 = orp: Oxidation Reduction Potential [mV]
# name 8 = flECO-AFL: Fluorescence, WET Labs ECO-AFL/FL [mg/m^3]
# name 9 = turbWETntu0: Turbidity, WET Labs ECO [NTU]
# name 10 = sal00: Salinity, Practical [PSU]
# name 11 = dz/dtM: Descent Rate [m/s]
# name 12 = prdM: Pressure, Strain Gauge [db]
# name 13 = prdE: Pressure, Strain Gauge [psi]
# name 14 = scan: Scan Count
# name 15 = par/sat/log: PAR/Logarithmic, Satlantic
# name 16 = flag:  0.000e+00
# span 0 =     -0.605,      9.352       
# span 1 =     9.4948,    23.2463       
# span 2 =     5.2450,    10.1854       
# span 3 =     60.538,    109.630       
# span 4 =   0.875195,  33.375419       
# span 5 =      0.931,     39.629       
# span 6 =     -2.597,      7.440       
# span 7 = -1240.7455,   303.3004       
# span 8 =    -0.2224,     3.9749       
# span 9 =    -0.3183,    72.3134       
# span 10 =     0.0107,     0.0230      
# span 11 =     -0.034,      0.152      
# span 12 =     -0.593,      9.170      
# span 13 =     -0.860,     13.301      
# span 14 =          1,        871      
# span 15 = 4.7347e-01, 3.2518e+02      
# span 16 = 0.0000e+00, 0.0000e+00      
# interval = seconds: 0.25
# start_time = May 17 2018 16:02:50 [Instrument's time stamp, header]
# bad_flag = -9.990e-29
*END*
[from data line 171]
     -0.033    22.7469     5.4047     62.733  33.115341     34.652      7.439   231.4851     1.4840     0.6351     0.0229      0.000     -0.033     -0.048        172 2.4826e+02 0.0000e+00
     -0.034    22.7450     5.8576     67.996  33.134679     34.712      7.439   231.2959     1.4800     0.7022     0.0229     -0.000     -0.033     -0.049        173 2.4892e+02 0.0000e+00
     -0.034    22.7435     6.5115     75.588  33.109927     34.654      7.439   231.3716     1.4881     0.6754     0.0229     -0.000     -0.033     -0.049        174 2.5006e+02 0.0000e+00
     -0.034    22.7417     7.2399     84.042  33.086835     34.656      7.439   231.2959     1.5124     0.6082     0.0229     -0.000     -0.033     -0.049        175 2.5138e+02 0.0000e+00
     -0.034    22.7397     7.9314     92.067  33.104109     34.657      7.440   230.8037     1.4881     0.6619     0.0229      0.000     -0.033     -0.049        176 2.5271e+02 0.0000e+00
     -0.034    22.7382     8.5599     99.357  33.147740     34.716      7.435   231.1823     1.5366     0.6217     0.0229      0.000     -0.033     -0.049        177 2.5523e+02 0.0000e+00
     -0.034    22.7365     9.0162    104.654  33.151155     34.718      7.434   230.8794     1.5649     0.6619     0.0229      0.000     -0.033     -0.049        178 2.5782e+02 0.0000e+00
     -0.035    22.7344     9.3009    107.963  33.099859     34.660      7.432   231.1066     1.5771     0.6888     0.0229     -0.000     -0.033     -0.049        179 2.5924e+02 0.0000e+00
     -0.034    22.7337     9.4058    109.184  33.092961     34.662      7.427   230.9551     1.5326     0.6217     0.0229     -0.000     -0.033     -0.049        180 2.6080e+02 0.0000e+00
     -0.034    22.7455     9.3626    108.681  33.100431     34.663      7.425   231.2201     1.4274     0.6351     0.0229     -0.000     -0.033     -0.049        181 2.6169e+02 0.0000e+00
     -0.034    22.7628     9.2709    107.608  33.209179     34.781      7.422   230.9173     1.4396     0.6754     0.0229     -0.000     -0.033     -0.049        182 2.6198e+02 0.0000e+00
     -0.033    22.7694     9.1510    106.208  33.313479     34.890      7.420   232.6587     1.4032     0.7157     0.0230      0.000     -0.033     -0.049        183 2.6317e+02 0.0000e+00
     -0.034    22.7699     9.0277    104.775  33.356136     34.905      7.415   232.3559     1.4436     0.6888     0.0230      0.000     -0.033     -0.049        184 2.6525e+02 0.0000e+00
     -0.034    22.7690     8.9240    103.567  33.334014     34.901      7.416   232.3180     1.4032     0.6082     0.0230      0.000     -0.033     -0.049        185 2.6712e+02 0.0000e+00
     -0.034    22.7674     8.8429    102.620  33.281697     34.813      7.411   231.7501     1.4274     0.5948     0.0230      0.000     -0.033     -0.048        186 2.6844e+02 0.0000e+00
     -0.033    22.7652     8.7788    101.871  33.332279     34.901      7.411   231.7501     1.4477     0.7559     0.0230      0.000     -0.033     -0.048        187 2.6929e+02 0.0000e+00
     -0.034    22.7648     8.7355    101.363  33.360029     34.902      7.408   231.9773     1.4396     0.6485     0.0230      0.000     -0.033     -0.048        188 2.7016e+02 0.0000e+00
     -0.034    22.7671     8.7040    100.992  33.365782     34.933      7.401   234.3623     1.5568     0.6754     0.0230      0.000     -0.033     -0.048        189 2.7060e+02 0.0000e+00
     -0.033    22.7688     8.6678    100.565  33.354775     34.904      7.395   233.8702     1.5649     0.5814     0.0230      0.000     -0.033     -0.048        190 2.7149e+02 0.0000e+00
     -0.033    22.7678     8.6391    100.227  33.344072     34.903      7.390   234.3623     1.5487     0.6485     0.0230      0.000     -0.033     -0.048        191 2.7243e+02 0.0000e+00
     -0.034    22.7634     8.6145     99.937  33.349447     34.901      7.384   232.9994     1.5851     0.6619     0.0230      0.000     -0.033     -0.048        192 2.7339e+02 0.0000e+00
     -0.034    22.7594     8.5942     99.696  33.348087     34.902      7.379   233.0752     1.4719     0.6485     0.0230      0.000     -0.033     -0.048        193 2.7542e+02 0.0000e+00
     -0.033    22.7585     8.5741     99.458  33.375419     34.935      7.374   234.5137     1.5043     0.6619     0.0230      0.000     -0.033     -0.048        194 2.7712e+02 0.0000e+00
     -0.034    22.7569     8.5640     99.337  33.345089     34.908      7.367   234.5516     1.4840     0.5948     0.0230     -0.000     -0.033     -0.048        195 2.7897e+02 0.0000e+00
     -0.033    22.7534     8.5521     99.190  33.267215     34.821      7.365   234.7787     1.5043     0.6888     0.0230      0.000     -0.033     -0.048        196 2.7997e+02 0.0000e+00
     -0.034    22.7509     8.5524     99.180  33.264750     34.822      7.363   234.8923     1.4962     0.6082     0.0230     -0.000     -0.033     -0.048        197 2.8000e+02 0.0000e+00
     -0.034    22.7483     8.5584     99.239  33.259194     34.825      7.360   235.2709     1.4881     0.6351     0.0230     -0.000     -0.033     -0.048        198 2.8056e+02 0.0000e+00
     -0.033    22.7448     8.5626     99.282  33.274130     34.827      7.356   234.6273     1.4679     0.5545     0.0230      0.000     -0.033     -0.048        199 2.8096e+02 0.0000e+00
     -0.033    22.7414     8.5615     99.269  33.305472     34.887      7.353   234.6652     1.4881     0.6754     0.0230      0.000     -0.033     -0.048        200 2.8152e+02 0.0000e+00
     -0.034    22.7388     8.5594     99.249  33.279501     34.831      7.355   235.4223     1.4638     0.6619     0.0230     -0.000     -0.033     -0.048        201 2.8245e+02 0.0000e+00
     -0.034    22.7364     8.5580     99.235  33.336107     34.922      7.351   235.3087     1.5811     0.7291     0.0230     -0.000     -0.033     -0.048        202 2.8239e+02 0.0000e+00
     -0.034    22.7336     8.5474     99.105  33.353647     34.923      7.350   235.6116     1.5366     0.6351     0.0230      0.000     -0.033     -0.048        203 2.8128e+02 0.0000e+00
     -0.033    22.7313     8.5413     99.022  33.257674     34.837      7.352   236.1794     1.5447     0.5545     0.0230     -0.000     -0.033     -0.048        204 2.7968e+02 0.0000e+00
     -0.034    22.7290     8.5385     98.974  33.218307     34.781      7.349   236.5202     1.5528     0.5814     0.0229      0.000     -0.033     -0.048        205 2.7765e+02 0.0000e+00
     -0.033    22.7244     8.5384     98.955  33.254366     34.841      7.351   233.5673     1.7469     0.7291     0.0230      0.000     -0.033     -0.048        206 2.7514e+02 0.0000e+00
     -0.034    22.7170     8.5392     98.960  33.212801     34.784      7.353   234.3244     1.7590     0.6619     0.0229     -0.000     -0.033     -0.048        207 2.7254e+02 0.0000e+00
     -0.034    22.7112     8.5424     99.006  33.210727     34.788      7.353   234.6652     1.7388     0.7157     0.0229      0.000     -0.033     -0.048        208 2.7112e+02 0.0000e+00
     -0.034    22.7086     8.5415     99.001  33.256949     34.852      7.352   234.5516     1.7469     0.6619     0.0230      0.000     -0.033     -0.048        209 2.6944e+02 0.0000e+00
     -0.033    22.7084     8.5444     99.031  33.214591     34.797      7.353   236.0659     1.7671     0.6619     0.0229      0.000     -0.033     -0.048        210 2.6711e+02 0.0000e+00
     -0.033    22.7105     8.5431     99.000  33.204135     34.799      7.350   236.5580     1.7631     0.6082     0.0229      0.000     -0.033     -0.048        211 2.6516e+02 0.0000e+00
     -0.034    22.7116     8.5383     98.906  33.210652     34.799      7.350   233.2266     1.7388     0.6888     0.0229     -0.000     -0.033     -0.048        212 2.6339e+02 0.0000e+00
     -0.033    22.7080     8.5246     98.734  33.265790     34.856      7.352   233.4916     1.7671     0.5545     0.0230      0.000     -0.033     -0.048        213 2.6194e+02 0.0000e+00
     -0.033    22.7019     8.5157     98.651  33.254136     34.855      7.345   233.7187     1.6822     0.6754     0.0230      0.000     -0.033     -0.048        214 2.6047e+02 0.0000e+00
     -0.034    22.6935     8.5042     98.540  33.165847     34.741      7.344   233.9080     1.6984     0.7291     0.0229      0.000     -0.033     -0.048        215 2.5905e+02 0.0000e+00
     -0.034    22.6841     8.5059     98.571  33.197739     34.804      7.342   235.1952     1.6701     0.6485     0.0229     -0.000     -0.033     -0.048        216 2.5777e+02 0.0000e+00
     -0.034    22.6817     8.5049     98.572  33.214449     34.810      7.339   235.3466     1.7064     0.7157     0.0229     -0.000     -0.033     -0.048        217 2.5601e+02 0.0000e+00
     -0.033    22.6863     8.4966     98.491  33.204364     34.817      7.336   234.4759     1.6862     0.6351     0.0229     -0.000     -0.033     -0.048        218 2.5308e+02 0.0000e+00
     -0.034    22.6888     8.5026     98.578  33.210294     34.819      7.335   234.4380     1.9369     0.6619     0.0229     -0.000     -0.033     -0.048        219 2.5101e+02 0.0000e+00
     -0.034    22.6878     8.5025     98.598  33.207070     34.815      7.331   234.6273     1.9572     0.6754     0.0229     -0.000     -0.033     -0.048        220 2.4979e+02 0.0000e+00
     -0.034    22.6781     8.5063     98.660  33.208373     34.813      7.328   234.7409     1.9491     0.6485     0.0229     -0.000     -0.033     -0.048        221 2.4901e+02 0.0000e+00
     -0.033    22.6590     8.5042     98.649  33.208670     34.814      7.326   235.0437     1.9450     0.7022     0.0229      0.000     -0.033     -0.048        222 2.4910e+02 0.0000e+00
     -0.033    22.6520     8.5029     98.647  33.206702     34.821      7.324   235.4223     1.8278     0.6351     0.0229      0.000     -0.033     -0.048        223 2.4978e+02 0.0000e+00
     -0.034    22.6625     8.5051     98.685  33.210826     34.836      7.319   237.1637     1.8278     0.7559     0.0229     -0.000     -0.033     -0.048        224 2.5103e+02 0.0000e+00
     -0.034    22.6738     8.5164     98.823  33.203544     34.841      7.318   236.1794     1.8439     0.6888     0.0229     -0.000     -0.033     -0.048        225 2.5129e+02 0.0000e+00
     -0.033    22.6802     8.5317     99.003  33.215768     34.833      7.314   236.3309     1.7995     0.6351     0.0229     -0.000     -0.033     -0.048        226 2.5080e+02 0.0000e+00
     -0.033    22.6864     8.5363     99.061  33.195611     34.824      7.314   236.6337     1.9248     0.8634     0.0229      0.000     -0.033     -0.048        227 2.4927e+02 0.0000e+00
     -0.033    22.6948     8.5397     99.108  33.169316     34.761      7.308   236.7852     1.9531     0.8365     0.0229      0.000     -0.033     -0.048        228 2.4765e+02 0.0000e+00
     -0.034    22.7045     8.5378     99.103  33.248488     34.874      7.307   236.7852     1.9531     0.9842     0.0230      0.000     -0.033     -0.048        229 2.4622e+02 0.0000e+00
     -0.034    22.7150     8.5319     99.065  33.275004     34.868      7.305   238.6780     1.9612     0.9036     0.0230     -0.000     -0.033     -0.048        230 2.4423e+02 0.0000e+00
     -0.033    22.7249     8.5228     98.985  33.254930     34.861      7.298   237.8830     2.1432     0.6619     0.0230      0.000     -0.032     -0.048        231 2.4305e+02 0.0000e+00
     -0.033    22.7322     8.5193     98.952  33.214158     34.794      7.295   238.1102     2.1391     0.7425     0.0229      0.000     -0.032     -0.048        232 2.4289e+02 0.0000e+00
     -0.034    22.7389     8.5217     98.979  33.207122     34.787      7.288   238.3373     2.1957     0.7157     0.0229     -0.000     -0.033     -0.048        233 2.4310e+02 0.0000e+00
     -0.033    22.7457     8.5258     99.023  33.263681     34.840      7.288   237.7694     2.1593     0.7291     0.0230     -0.000     -0.033     -0.048        234 2.4347e+02 0.0000e+00
     -0.033    22.7493     8.5301     99.067  33.351350     34.923      7.283   237.8452     1.7226     0.6888     0.0230      0.000     -0.033     -0.048        235 2.4337e+02 0.0000e+00
     -0.033    22.7507     8.5301     99.063  33.305601     34.889      7.284   238.9052     1.7348     0.7291     0.0230      0.000     -0.033     -0.048        236 2.4333e+02 0.0000e+00
     -0.033    22.7526     8.5303     99.066  33.290958     34.828      7.276   239.0187     1.7348     0.6619     0.0230      0.000     -0.032     -0.047        237 2.4318e+02 0.0000e+00
     -0.033    22.7567     8.5292     99.049  33.369570     34.973      7.277   239.6623     1.7388     0.6888     0.0230      0.000     -0.032     -0.047        238 2.4293e+02 0.0000e+00
     -0.033    22.7662     8.5278     99.027  33.296733     34.826      7.277   239.5866     1.7267     0.6754     0.0230      0.000     -0.032     -0.047        239 2.4230e+02 0.0000e+00
     -0.033    22.7821     8.5307     99.059  33.322292     34.910      7.277   239.3595     1.6943     0.6351     0.0230      0.000     -0.032     -0.047        240 2.4063e+02 0.0000e+00
     -0.033    22.7956     8.5309     99.068  33.367415     34.904      7.277   239.8516     1.6862     0.7559     0.0230      0.000     -0.032     -0.047        241 2.4048e+02 0.0000e+00
     -0.033    22.8003     8.5394     99.179  33.359193     34.921      7.279   239.5109     1.6620     0.7291     0.0230      0.000     -0.032     -0.047        242 2.4069e+02 0.0000e+00
     -0.033    22.7996     8.5359     99.145  33.362172     34.882      7.279   240.0030     1.6822     0.7157     0.0230     -0.000     -0.032     -0.047        243 2.4067e+02 0.0000e+00
     -0.033    22.7973     8.5247     99.011  33.334045     34.878      7.279   239.7002     1.6134     0.7022     0.0230     -0.000     -0.032     -0.047        244 2.4153e+02 0.0000e+00
     -0.034    22.7943     8.5143     98.880  33.364538     34.879      7.283   239.8137     1.5932     0.6351     0.0230     -0.000     -0.032     -0.047        245 2.4168e+02 0.0000e+00
     -0.033    22.7925     8.5047     98.760  33.324227     34.881      7.283   239.7002     1.6256     0.6888     0.0230     -0.000     -0.032     -0.047        246 2.4103e+02 0.0000e+00
     -0.033    22.7926     8.4954     98.659  33.295251     34.795      7.284   239.8895     1.6377     0.6351     0.0230      0.000     -0.032     -0.047        247 2.4093e+02 0.0000e+00
     -0.033    22.7903     8.4809     98.511  33.341288     34.914      7.284   240.1166     1.6377     0.6888     0.0230      0.000     -0.032     -0.047        248 2.4175e+02 0.0000e+00
     -0.033    22.7872     8.4749     98.458  33.296589     34.796      7.283   239.9652     1.5851     0.6485     0.0230      0.000     -0.032     -0.047        249 2.4101e+02 0.0000e+00
     -0.033    22.7866     8.4780     98.502  33.321225     34.886      7.284   240.2680     1.6620     0.6351     0.0230      0.000     -0.032     -0.047        250 2.3984e+02 0.0000e+00
     -0.033    22.7897     8.4919     98.668  33.280973     34.800      7.285   240.1166     1.6296     0.6351     0.0230      0.000     -0.032     -0.047        251 2.4076e+02 0.0000e+00
     -0.032    22.7959     8.5036     98.811  33.257717     34.801      7.286   240.0409     1.6984     0.6888     0.0230      0.000     -0.031     -0.046        252 2.4131e+02 0.0000e+00
     -0.032    22.7995     8.5006     98.787  33.350168     34.886      7.286   240.3059     1.6781     0.6082     0.0230      0.001     -0.031     -0.046        253 2.4227e+02 0.0000e+00
     -0.032    22.7978     8.5015     98.808  33.314194     34.852      7.286   240.9495     1.6862     0.7291     0.0230      0.000     -0.031     -0.046        254 2.4321e+02 0.0000e+00
     -0.032    22.7924     8.5037     98.846  33.272830     34.791      7.288   240.3816     1.6660     0.6754     0.0230      0.001     -0.031     -0.045        255 2.4305e+02 0.0000e+00
