Data/DataNotYetUploadedToEDI/Raw_CTD/2018_RawDownloads/051718_fcr50.cnv
* Sea-Bird SBE19plus  Data File:
* FileName = C:\DATA\051718_bvr_0002.hex
* Software version 2.6.3.104
* Temperature SN = 7809
* Conductivity SN = 7809
* System UpLoad Time = May 17 2018 16:20:38
* <ApplicationData>
* <Seaterm232>
# nquan = 17
# nvalues = 871                         
# units = specified
# name 0 = depFM: Depth [fresh water, m]
# name 1 = tv290C: Temperature [ITS-90, deg C]
# name 2 = sbeox0Mg/L: Oxygen, SBE 43 [mg/l]
# name 3 = sbeox0PS: Oxygen, SBE 43 [% saturation]
# name 4 = c0uS/cm: Conductivity [uS/cm]
# name 5 = specc: Specific Conductance [uS/cm]
# name 6 = ph: pH
# name 7 = orp: Oxidation Reduction Potential [mV]
# name 8 = flECO-AFL: Fluorescence, WET Labs ECO-AFL/FL [mg/m^3]
# name 9 = turbWETntu0: Turbidity, WET Labs ECO [NTU]
# name 10 = sal00: Salinity, Practical [PSU]
# name 11 = dz/dtM: Descent Rate [m/s]
# name 12 = prdM: Pressure, Strain Gauge [db]
# name 13 = prdE: Pressure, Strain Gauge [psi]
# name 14 = scan: Scan Count
# name 15 = par/sat/log: PAR/Logarithmic, Satlantic
# name 16 = flag:  0.000e+00
# span 0 =     -0.605,      9.352       
# span 1 =     9.4948,    23.2463       
# span 2 =     5.2450,    10.1854       
# span 3 =     60.538,    109.630       
# span 4 =   0.875195,  33.375419       
# span 5 =      0.931,     39.629       
# span 6 =     -2.597,      7.440       
# span 7 = -1240.7455,   303.3004       
# span 8 =    -0.2224,     3.9749       
# span 9 =    -0.3183,    72.3134       
# span 10 =     0.0107,     0.0230      
# span 11 =     -0.034,      0.152      
# span 12 =     -0.593,      9.170      
# span 13 =     -0.860,     13.301      
# span 14 =          1,        871      
# span 15 = 4.7347e-01, 3.2518e+02      
# span 16 = 0.0000e+00, 0.0000e+00      
# interval = seconds: 0.25
# start_time = May 17 2018 16:02:50 [Instrument's time stamp, header]
# bad_flag = -9.990e-29
*END*
[from data line 341]
     -0.033    22.7054     8.3315     96.603  33.170870     34.746      7.245   247.1959     1.6943     0.6619     0.0229      0.000     -0.032     -0.046        342 2.4874e+02 0.0000e+00
     -0.032    22.7072     8.3292     96.570  33.241231     34.861      7.239   247.2716     1.6781     0.7157     0.0230     -0.000     -0.031     -0.045        343 2.4847e+02 0.0000e+00
     -0.032    22.7093     8.3283     96.552  33.111806     34.684      7.238   246.6280     1.6822     0.5142     0.0229     -0.000     -0.031     -0.045        344 2.4675e+02 0.0000e+00
     -0.032    22.7115     8.3222     96.474  33.094703     34.683      7.240   246.5523     1.6539     0.6619     0.0229      0.000     -0.031     -0.045        345 2.4843e+02 0.0000e+00
     -0.032    22.7132     8.3118     96.348  33.143897     34.740      7.233   246.2116     1.6862     0.6888     0.0229      0.000     -0.031     -0.045        346 2.4753e+02 0.0000e+00
     -0.032    22.7137     8.3029     96.240  33.109892     34.680      7.227   246.5523     1.6984     0.7559     0.0229      0.000     -0.031     -0.045        347 2.4638e+02 0.0000e+00
     -0.032    22.7135     8.3009     96.212  33.137021     34.737      7.224   247.0823     1.7064     0.6082     0.0229      0.000     -0.031     -0.045        348 2.4895e+02 0.0000e+00
     -0.032    22.7136     8.2867     96.043  33.110134     34.678      7.218   248.2938     1.6175     0.5411     0.0229      0.000     -0.031     -0.045        349 2.4741e+02 0.0000e+00
     -0.032    22.7131     8.2702     95.845  33.143351     34.737      7.213   247.3852     1.6256     0.5679     0.0229      0.000     -0.031     -0.045        350 2.4702e+02 0.0000e+00
     -0.031    22.7116     8.2560     95.674  33.154991     34.737      7.210   248.0288     1.6175     0.6888     0.0229      0.000     -0.031     -0.045        351 2.4766e+02 0.0000e+00
     -0.032    22.7091     8.2438     95.528  33.095648     34.679      7.204   247.7638     1.6256     0.6619     0.0229      0.000     -0.031     -0.045        352 2.4645e+02 0.0000e+00
     -0.031    22.7052     8.2369     95.445  33.098587     34.680      7.202   246.8930     1.4840     0.6351     0.0229      0.000     -0.031     -0.045        353 2.4655e+02 0.0000e+00
     -0.032    22.7013     8.2350     95.421  33.092027     34.682      7.199   247.1202     1.4638     0.7022     0.0229      0.000     -0.031     -0.045        354 2.4560e+02 0.0000e+00
     -0.031    22.6976     8.2438     95.522  33.103811     34.684      7.197   250.1488     1.4921     0.6082     0.0229      0.000     -0.031     -0.045        355 2.4620e+02 0.0000e+00
     -0.032    22.6941     8.2469     95.556  33.143230     34.746      7.199   249.5431     1.4962     0.7425     0.0229      0.000     -0.031     -0.045        356 2.4830e+02 0.0000e+00
     -0.031    22.6916     8.2559     95.654  33.102281     34.690      7.196   249.6566     1.5568     0.5545     0.0229      0.000     -0.031     -0.044        357 2.4818e+02 0.0000e+00
     -0.031    22.6893     8.2542     95.625  33.095466     34.693      7.198   249.3538     1.5609     0.6485     0.0229      0.000     -0.031     -0.044        358 2.4866e+02 0.0000e+00
     -0.032    22.6866     8.2433     95.488  33.092407     34.694      7.198   248.4831     1.5447     0.7828     0.0229      0.000     -0.031     -0.044        359 2.5029e+02 0.0000e+00
     -0.031    22.6831     8.2394     95.430  33.106090     34.696      7.202   248.5966     1.5771     0.6888     0.0229      0.000     -0.031     -0.044        360 2.4780e+02 0.0000e+00
     -0.032    22.6796     8.2452     95.489  33.078438     34.698      7.203   251.1709     1.5447     0.6754     0.0229      0.000     -0.031     -0.045        361 2.4841e+02 0.0000e+00
     -0.032    22.6769     8.2574     95.627  33.067511     34.642      7.204   251.1331     1.5771     0.6351     0.0229     -0.000     -0.031     -0.045        362 2.5068e+02 0.0000e+00
     -0.031    22.6749     8.2715     95.791  33.119690     34.762      7.207   250.9059     1.5568     0.6888     0.0229      0.000     -0.031     -0.044        363 2.5038e+02 0.0000e+00
     -0.031    22.6740     8.2905     96.015  33.072813     34.646      7.206   251.1709     1.5568     0.6754     0.0229      0.000     -0.031     -0.044        364 2.5144e+02 0.0000e+00
     -0.031    22.6735     8.3112     96.257  33.125849     34.765      7.207   250.1866     1.6256     0.6351     0.0229     -0.000     -0.031     -0.044        365 2.5053e+02 0.0000e+00
     -0.031    22.6724     8.3397     96.586  33.112997     34.707      7.209   250.1488     1.6175     0.5948     0.0229      0.000     -0.030     -0.044        366 2.5187e+02 0.0000e+00
     -0.031    22.6692     8.3504     96.708  33.029499     34.649      7.210   251.7388     1.6134     0.6888     0.0229      0.000     -0.030     -0.044        367 2.5285e+02 0.0000e+00
     -0.031    22.6641     8.3573     96.789  33.051834     34.650      7.211   251.7009     1.6256     0.6217     0.0229      0.000     -0.031     -0.044        368 2.5179e+02 0.0000e+00
     -0.032    22.6579     8.3433     96.628  33.085202     34.711      7.213   251.8902     1.6013     0.6082     0.0229      0.000     -0.031     -0.045        369 2.5237e+02 0.0000e+00
     -0.032    22.6511     8.3312     96.492  33.106593     34.714      7.214   251.3223     1.7469     0.6351     0.0229     -0.000     -0.031     -0.045        370 2.5150e+02 0.0000e+00
     -0.031    22.6463     8.3234     96.405  33.084524     34.719      7.216   252.0038     1.7631     0.6082     0.0229     -0.000     -0.031     -0.045        371 2.5044e+02 0.0000e+00
     -0.032    22.6445     8.3222     96.393  33.053361     34.665      7.217   251.5116     1.7348     0.6082     0.0229     -0.000     -0.031     -0.045        372 2.5107e+02 0.0000e+00
     -0.032    22.6451     8.3190     96.359  33.086070     34.727      7.218   251.5873     1.7307     0.7559     0.0229     -0.000     -0.031     -0.045        373 2.5060e+02 0.0000e+00
     -0.031    22.6473     8.3305     96.500  33.103128     34.729      7.223   252.3445     1.6579     0.8097     0.0229     -0.000     -0.031     -0.045        374 2.4928e+02 0.0000e+00
     -0.032    22.6485     8.3401     96.616  33.091442     34.728      7.218   252.4959     1.6175     0.6619     0.0229     -0.000     -0.031     -0.045        375 2.4918e+02 0.0000e+00
     -0.032    22.6480     8.3528     96.762  33.100615     34.727      7.218   252.2688     1.6175     0.6888     0.0229     -0.000     -0.031     -0.045        376 2.4838e+02 0.0000e+00
     -0.031    22.6473     8.3578     96.817  33.091712     34.726      7.222   252.4581     1.6054     0.6082     0.0229      0.000     -0.031     -0.045        377 2.4684e+02 0.0000e+00
     -0.032    22.6472     8.3532     96.757  33.102519     34.726      7.220   252.4581     1.5730     0.7559     0.0229 -9.019e-07     -0.031     -0.045        378 2.4742e+02 0.0000e+00
     -0.032    22.6481     8.3487     96.696  33.146474     34.785      7.221   251.3602     1.5771     0.7291     0.0229     -0.000     -0.031     -0.045        379 2.4252e+02 0.0000e+00
     -0.032    22.6504     8.3346     96.526  33.155630     34.785      7.221   252.3066     1.5487     0.5814     0.0229      0.000     -0.031     -0.045        380 2.4235e+02 0.0000e+00
     -0.031    22.6524     8.3201     96.358  33.091125     34.726      7.219   251.4738     1.5447     0.6082     0.0229      0.000     -0.031     -0.044        381 2.4693e+02 0.0000e+00
     -0.031    22.6535     8.2926     96.041  33.048822     34.666      7.222   252.0416     1.5002     0.7559     0.0229      0.000     -0.031     -0.044        382 2.4188e+02 0.0000e+00
     -0.031    22.6552     8.2730     95.817  33.089656     34.723      7.218   252.5716     1.5043     0.6754     0.0229      0.000     -0.031     -0.044        383 2.4506e+02 0.0000e+00
     -0.031    22.6589     8.2568     95.633  33.099614     34.722      7.217   252.7988     1.5164     0.6217     0.0229      0.000     -0.031     -0.044        384 2.4500e+02 0.0000e+00
     -0.032    22.6618     8.2557     95.625  33.095737     34.721      7.218   251.1709     1.5164     0.6619     0.0229      0.000     -0.031     -0.044        385 2.4204e+02 0.0000e+00
     -0.031    22.6614     8.2546     95.618  33.094481     34.718      7.218   251.8145     1.6458     0.6485     0.0229      0.000     -0.031     -0.044        386 2.4328e+02 0.0000e+00
     -0.032    22.6594     8.2603     95.690  33.101177     34.716      7.215   251.5873     1.6134     0.6754     0.0229      0.000     -0.031     -0.045        387 2.4178e+02 0.0000e+00
     -0.032    22.6559     8.2643     95.740  33.087403     34.716      7.214   251.7388     1.6013     0.5814     0.0229     -0.000     -0.031     -0.045        388 2.4353e+02 0.0000e+00
     -0.031    22.6511     8.2881     96.021  33.052314     34.659      7.212   252.5338     1.6134     0.6351     0.0229     -0.000     -0.031     -0.044        389 2.4196e+02 0.0000e+00
     -0.031    22.6479     8.2970     96.126  33.144846     34.779      7.208   252.8745     1.5973     0.5814     0.0229      0.000     -0.031     -0.044        390 2.4125e+02 0.0000e+00
     -0.031    22.6474     8.3109     96.288  33.150175     34.782      7.208   251.5495     1.7833     0.5814     0.0229      0.000     -0.031     -0.044        391 2.3860e+02 0.0000e+00
     -0.031    22.6483     8.3148     96.333  33.104993     34.726      7.206   251.7009     1.8520     0.6619     0.0229      0.000     -0.031     -0.044        392 2.4016e+02 0.0000e+00
     -0.032    22.6499     8.3083     96.256  33.141768     34.785      7.207   251.7388     1.8439     0.7291     0.0229      0.000     -0.031     -0.045        393 2.4208e+02 0.0000e+00
     -0.032    22.6522     8.3066     96.234  33.163717     34.785      7.202   252.6095     1.8035     0.6619     0.0229     -0.000     -0.031     -0.045        394 2.4015e+02 0.0000e+00
     -0.032    22.6547     8.3028     96.190  33.136986     34.783      7.199   252.3823     1.6256     0.6888     0.0229     -0.000     -0.031     -0.045        395 2.4166e+02 0.0000e+00
     -0.031    22.6575     8.3053     96.218  33.115726     34.723      7.198   252.7231     1.6175     0.6351     0.0229     -0.000     -0.031     -0.044        396 2.4053e+02 0.0000e+00
     -0.031    22.6606     8.3040     96.201  33.130864     34.780      7.196   252.2309     1.6377     0.6619     0.0229     -0.000     -0.031     -0.044        397 2.4006e+02 0.0000e+00
     -0.031    22.6632     8.3033     96.192  33.118145     34.719      7.192   252.2309     1.6094     0.6619     0.0229      0.000     -0.030     -0.044        398 2.4130e+02 0.0000e+00
     -0.031    22.6652     8.2976     96.124  33.131555     34.775      7.189   252.3823     1.6620     0.6082     0.0229      0.000     -0.030     -0.044        399 2.4160e+02 0.0000e+00
     -0.032    22.6667     8.2785     95.902  33.114174     34.715      7.184   252.4581     1.6903     0.6754     0.0229      0.000     -0.030     -0.044        400 2.4114e+02 0.0000e+00
     -0.031    22.6672     8.2469     95.535  33.080464     34.713      7.183   252.4959     1.6781     0.6082     0.0229      0.000     -0.030     -0.044        401 2.4092e+02 0.0000e+00
     -0.032    22.6672     8.2053     95.053  33.054888     34.654      7.180   253.1774     1.7064     0.6619     0.0229      0.000     -0.031     -0.044        402 2.3894e+02 0.0000e+00
     -0.031    22.6663     8.1658     94.597  33.086693     34.712      7.177   252.7231     1.6256     0.6351     0.0229      0.000     -0.031     -0.044        403 2.3897e+02 0.0000e+00
     -0.032    22.6654     8.1383     94.281  33.100190     34.712      7.175   252.7231     1.6175     0.6619     0.0229     -0.000     -0.031     -0.044        404 2.3993e+02 0.0000e+00
     -0.031    22.6651     8.1327     94.220  33.038091     34.654      7.171   252.5716     1.6337     0.6217     0.0229     -0.000     -0.031     -0.044        405 2.3954e+02 0.0000e+00
     -0.031    22.6643     8.1496     94.421  33.045359     34.655      7.171   252.9124     1.6296     0.7559     0.0229     -0.000     -0.031     -0.044        406 2.3983e+02 0.0000e+00
     -0.031    22.6633     8.1718     94.681  33.091146     34.714      7.166   253.0259     1.6781     0.6619     0.0229      0.000     -0.030     -0.044        407 2.4086e+02 0.0000e+00
     -0.031    22.6628     8.1972     94.976  33.099727     34.714      7.162   253.2531     1.6903     0.6082     0.0229      0.000     -0.030     -0.044        408 2.3932e+02 0.0000e+00
     -0.032    22.6621     8.2260     95.307  33.093990     34.715      7.162   253.4045     1.6822     0.5814     0.0229      0.000     -0.030     -0.044        409 2.3635e+02 0.0000e+00
     -0.031    22.6613     8.2420     95.490  33.098288     34.715      7.160   253.6695     1.6862     0.6351     0.0229      0.000     -0.030     -0.044        410 2.3890e+02 0.0000e+00
     -0.031    22.6610     8.2488     95.566  33.094379     34.716      7.158   253.2909     1.6620     0.6485     0.0229      0.000     -0.030     -0.044        411 2.4039e+02 0.0000e+00
     -0.031    22.6609     8.2412     95.476  33.098854     34.716      7.156   253.7074     1.6175     0.6351     0.0229      0.000     -0.030     -0.044        412 2.3906e+02 0.0000e+00
     -0.031    22.6615     8.2215     95.250  33.092718     34.717      7.152   253.6316     1.6256     0.6485     0.0229      0.000     -0.030     -0.044        413 2.4050e+02 0.0000e+00
     -0.031    22.6630     8.1941     94.937  33.102015     34.717      7.155   253.7074     1.6134     0.5814     0.0229      0.000     -0.030     -0.044        414 2.3991e+02 0.0000e+00
     -0.032    22.6655     8.1736     94.706  33.087285     34.716      7.150   254.1995     1.6175     0.6888     0.0229     -0.000     -0.031     -0.044        415 2.3889e+02 0.0000e+00
     -0.031    22.6684     8.1646     94.599  33.051742     34.657      7.149   254.2752     1.5447     0.7425     0.0229     -0.000     -0.031     -0.044        416 2.3994e+02 0.0000e+00
     -0.031    22.6703     8.1541     94.475  33.086939     34.713      7.149   254.0859     1.5326     0.5948     0.0229     -0.000     -0.031     -0.044        417 2.4015e+02 0.0000e+00
     -0.031    22.6705     8.1605     94.546  33.102789     34.711      7.144   254.0102     1.5568     0.6485     0.0229     -0.000     -0.031     -0.044        418 2.4047e+02 0.0000e+00
     -0.031    22.6692     8.1583     94.519  33.091322     34.710      7.141   254.1238     1.5973     0.6754     0.0229     -0.000     -0.031     -0.044        419 2.3999e+02 0.0000e+00
     -0.031    22.6674     8.1498     94.424  33.101210     34.710      7.137   253.9724     1.6377     0.7157     0.0229     -0.000     -0.031     -0.044        420 2.4140e+02 0.0000e+00
     -0.031    22.6662     8.1489     94.426  33.090484     34.711      7.132   254.6538     1.6256     0.7022     0.0229     -0.000     -0.031     -0.044        421 2.4111e+02 0.0000e+00
     -0.032    22.6654     8.1498     94.441  33.104669     34.712      7.124   254.6538     1.6296     0.6619     0.0229     -0.000     -0.031     -0.045        422 2.4014e+02 0.0000e+00
     -0.033    22.6659     8.1598     94.547  33.142867     34.771      7.101   254.9945     1.6256     0.7425     0.0229     -0.000     -0.033     -0.049        423 2.4199e+02 0.0000e+00
     -0.039    22.6688     8.1665     94.620  33.102258     34.713      7.020   254.8431     1.6175     0.7157     0.0229     -0.003     -0.038     -0.055        424 2.4276e+02 0.0000e+00
     -0.043    22.6714     8.1846     94.834  33.036589     34.654      6.990   253.8588     1.6054     0.6217     0.0229     -0.005     -0.040     -0.058        425 2.4253e+02 0.0000e+00
