Data/DataNotYetUploadedToEDI/Raw_CTD/2018_RawDownloads/051718_fcr50.cnv
* Sea-Bird SBE19plus  Data File:
* FileName = C:\DATA\051718_bvr_0002.hex
* Software version 2.6.3.104
* Temperature SN = 7809
* Conductivity SN = 7809
* System UpLoad Time = May 17 2018 16:20:38
* <ApplicationData>
* <Seaterm232>
# nquan = 17
# nvalues = 871                         
# units = specified
# name 0 = depFM: Depth [fresh water, m]
# name 1 = tv290C: Temperature [ITS-90, deg C]
# name 2 = sbeox0Mg/L: Oxygen, SBE 43 [mg/l]
# name 3 = sbeox0PS: Oxygen, SBE 43 [% saturation]
# name 4 = c0uS/cm: Conductivity [uS/cm]
# name 5 = specc: Specific Conductance [uS/cm]
# name 6 = ph: pH
# name 7 = orp: Oxidation Reduction Potential [mV]
# name 8 = flECO-AFL: Fluorescence, WET Labs ECO-AFL/FL [mg/m^3]
# name 9 = turbWETntu0: Turbidity, WET Labs ECO [NTU]
# name 10 = sal00: Salinity, Practical [PSU]
# name 11 = dz/dtM: Descent Rate [m/s]
# name 12 = prdM: Pressure, Strain Gauge [db]
# name 13 = prdE: Pressure, Strain Gauge [psi]
# name 14 = scan: Scan Count
# name 15 = par/sat/log: PAR/Logarithmic, Satlantic
# name 16 = flag:  0.000e+00
# span 0 =     -0.605,      9.352       
# span 1 =     9.4948,    23.2463       
# span 2 =     5.2450,    10.1854       
# span 3 =     60.538,    109.630       
# span 4 =   0.875195,  33.375419       
# span 5 =      0.931,     39.629       
# span 6 =     -2.597,      7.440       
# span 7 = -1240.7455,   303.3004       
# span 8 =    -0.2224,     3.9749       
# span 9 =    -0.3183,    72.3134       
# span 10 =     0.0107,     0.0230      
# span 11 =     -0.034,      0.152      
# span 12 =     -0.593,      9.170      
# span 13 =     -0.860,     13.301      
# span 14 =          1,        871      
# span 15 = 4.7347e-01, 3.2518e+02      
# span 16 = 0.0000e+00, 0.0000e+00      
# interval = seconds: 0.25
# start_time = May 17 2018 16:02:50 [Instrument's time stamp, header]
# bad_flag = -9.990e-29
*END*
     -0.604    21.8505     8.4767     96.643   0.930425      0.990     -2.596 -1240.7455    -0.1860    -0.2780     0.0107 -4.211e-16     -0.593     -0.859          1 2.7997e+02 0.0000e+00
     -0.604    21.8497     8.4805     96.683   0.924119      0.990     -2.596 -1240.7455    -0.2021    -0.1974     0.0107      0.000     -0.593     -0.859          2 2.5390e+02 0.0000e+00
     -0.604    21.8485     8.4797     96.673   0.875195      0.931     -2.596 -1240.7455    -0.1698    -0.1706     0.0107      0.000     -0.593     -0.859          3 2.3760e+02 0.0000e+00
     -0.605    21.8464     8.4789     96.661   0.932097      0.990     -2.596 -1240.7455    -0.2102    -0.1840     0.0107     -0.000     -0.593     -0.860          4 2.2921e+02 0.0000e+00
     -0.605    21.8440     8.4821     96.691   0.912519      0.990     -2.596 -1240.7455    -0.2102    -0.2243     0.0107     -0.000     -0.593     -0.860          5 2.2295e+02 0.0000e+00
     -0.604    21.8417     8.4858     96.729   1.254845      1.288     -2.596 -1240.7455    -0.2224    -0.2243     0.0107     -0.000     -0.593     -0.859          6 2.2147e+02 0.0000e+00
     -0.604    21.8396     8.4848     96.714   1.986464      2.182     -2.596 -1240.7455    -0.1698    -0.1974     0.0108     -0.000     -0.593     -0.859          7 2.2539e+02 0.0000e+00
     -0.604    21.8377     8.4853     96.716   2.222632      2.331     -2.596 -1240.7455    -0.1698     0.0308     0.0108      0.000     -0.592     -0.859          8 2.3673e+02 0.0000e+00
     -0.604    21.8356     8.4865     96.727   2.500578      2.688     -2.596 -1240.7455    -0.1819     0.0845     0.0109      0.000     -0.592     -0.859          9 2.3217e+02 0.0000e+00
     -0.604    21.8341     8.4845     96.704   2.795324      2.986     -2.597 -1240.7455    -0.1941     0.0577     0.0110      0.000     -0.592     -0.859         10 2.3951e+02 0.0000e+00
     -0.605    21.8329     8.4848     96.705   2.744107      2.927     -2.597 -1240.7455    -0.1738     0.0040     0.0110      0.000     -0.592     -0.859         11 2.6153e+02 0.0000e+00
     -0.604    21.8315     8.4845     96.701   2.564314      2.748     -2.597 -1240.7455    -0.1738     0.0308     0.0109      0.000     -0.592     -0.859         12 2.7523e+02 0.0000e+00
     -0.604    21.8306     8.4831     96.683   2.278836      2.420     -2.597 -1240.7455    -0.1860     0.0040     0.0109      0.000     -0.592     -0.859         13 3.1774e+02 0.0000e+00
     -0.604    21.8290     8.4848     96.703   2.092666      2.242     -2.597 -1240.7455    -0.1941    -0.0632     0.0108      0.000     -0.592     -0.859         14 3.2518e+02 0.0000e+00
     -0.604    21.8262     8.4840     96.693   1.937341      2.063     -2.597 -1240.7455    -0.1698     0.0711     0.0108      0.000     -0.592     -0.859         15 2.9050e+02 0.0000e+00
     -0.604    21.8236     8.4863     96.718   1.791137      1.914     -2.597 -1240.7455    -0.1698     0.0040     0.0108      0.000     -0.592     -0.859         16 2.5169e+02 0.0000e+00
     -0.604    21.8217     8.4855     96.707   1.741661      1.855     -2.597 -1240.7455    -0.2021    -0.1572     0.0108      0.000     -0.592     -0.859         17 1.8898e+02 0.0000e+00
     -0.604    21.8201     8.4888     96.742   1.614004      1.736     -2.597 -1240.7455    -0.2224    -0.1437     0.0107      0.000     -0.592     -0.858         18 1.5360e+02 0.0000e+00
     -0.604    21.8189     8.4847     96.694   1.476276      1.557     -2.597 -1240.7455    -0.1658    -0.1169     0.0107      0.000     -0.592     -0.858         19 1.4034e+02 0.0000e+00
     -0.604    21.8179     8.4874     96.722   1.439335      1.557     -2.597 -1240.7455    -0.1860    -0.2243     0.0107      0.000     -0.592     -0.858         20 1.3660e+02 0.0000e+00
     -0.603    21.8169     8.4843     96.686   1.334290      1.408     -2.597 -1240.7455    -0.1860    -0.1974     0.0107      0.000     -0.592     -0.858         21 1.4157e+02 0.0000e+00
     -0.604    21.8164     8.4842     96.686   1.310926      1.408     -2.597 -1240.7455    -0.1617    -0.0900     0.0107      0.000     -0.592     -0.858         22 1.4041e+02 0.0000e+00
     -0.603    21.8161     8.4852     96.698   1.320372      1.408     -2.597 -1240.7455    -0.1617    -0.0497     0.0107      0.000     -0.592     -0.858         23 1.4048e+02 0.0000e+00
     -0.604    21.8159     8.4833     96.677   1.263320      1.349     -2.597 -1240.7455    -0.1738    -0.1974     0.0107      0.000     -0.592     -0.858         24 1.4001e+02 0.0000e+00
     -0.604    21.8154     8.4822     96.664   1.263497      1.349     -2.597 -1240.7455    -0.1738    -0.1437     0.0107     -0.000     -0.592     -0.859         25 1.4532e+02 0.0000e+00
     -0.604    21.8149     8.4819     96.702   1.260937      1.349     -2.597 -1240.7455    -0.1941    -0.2512     0.0107     -0.000     -0.592     -0.859         26 1.4338e+02 0.0000e+00
     -0.603    21.8140     8.4410     96.684   1.207291      1.289     -2.597 -1240.7455    -0.2021    -0.2243     0.0107     -0.000     -0.592     -0.859         27 1.3875e+02 0.0000e+00
     -0.604    21.8130     8.3975     96.732   1.211828      1.289     -2.597 -1240.7455    -0.2062    -0.3183     0.0107     -0.000     -0.592     -0.859         28 1.4390e+02 0.0000e+00
     -0.603    21.8112     8.3658     96.768   1.255290      1.349     -2.597 -1240.7455    -0.1819    -0.2109     0.0107     -0.000     -0.592     -0.858         29 1.5175e+02 0.0000e+00
     -0.603    21.8108     8.3412     96.777   1.271634      1.349     -2.597 -1240.7455    -0.1941    -0.1706     0.0107      0.000     -0.592     -0.858         30 1.6643e+02 0.0000e+00
     -0.603    21.8093     8.3250     96.785   1.250704      1.349     -2.597 -1240.7455    -0.1738    -0.1706     0.0107      0.000     -0.592     -0.859         31 1.7471e+02 0.0000e+00
     -0.604    21.8114     8.3117     96.770   1.222122      1.289     -2.597 -1240.7455    -0.1779    -0.2512     0.0107     -0.000     -0.592     -0.859         32 1.8032e+02 0.0000e+00
     -0.604    21.8090     8.2963     96.759   1.188774      1.289     -2.597 -1240.7455    -0.2102    -0.1840     0.0107      0.000     -0.592     -0.859         33 1.9590e+02 0.0000e+00
     -0.603    21.8143     8.2840     96.781   1.232990      1.289     -2.597 -1240.7455    -0.1779    -0.1572     0.0107     -0.000     -0.592     -0.858         34 2.0191e+02 0.0000e+00
     -0.603    21.8064     8.2765     96.812   1.167095      1.289     -2.597 -1240.7455    -0.1738    -0.2646     0.0107      0.000     -0.591     -0.858         35 1.9986e+02 0.0000e+00
     -0.603    21.8420     8.2727     96.839   1.270778      1.289     -2.597 -1240.7455    -0.1577    -0.2377     0.0107      0.000     -0.589     -0.855         36 1.9801e+02 0.0000e+00
     -0.600    22.0717     8.2764     96.921   1.103959      1.289     -2.597 -1240.7455    -0.1779    -0.2377     0.0107      0.001     -0.577     -0.838         37 1.9751e+02 0.0000e+00
     -0.560    22.3668     8.2990     97.198   1.433914      1.348     -2.597 -1240.7455    -0.1738    -0.1706     0.0107      0.012     -0.549     -0.797         38 2.0258e+02 0.0000e+00
     -0.523    22.5819     8.3289     97.554   6.130909      6.498      1.102 -1240.7455    -0.1738    -0.2109     0.0120      0.030     -0.515     -0.747         39 2.0893e+02 0.0000e+00
     -0.494    22.7418     8.3568     97.890  16.819755     17.595      3.829 -1240.7455    -0.1941    -0.2109     0.0160      0.051     -0.481     -0.698         40 2.1908e+02 0.0000e+00
     -0.453    22.8476     8.3817     98.181  28.245532     29.959      5.431   257.3795    -0.1779    -0.2243     0.0209      0.074     -0.440     -0.638         41 2.3358e+02 0.0000e+00
     -0.397    22.9262     8.4090     98.494  32.927512     34.482      6.377   225.1630    -0.1577     0.2457     0.0228      0.103     -0.393     -0.570         42 2.4312e+02 0.0000e+00
     -0.353    23.0161     8.4333     98.770  32.929578     34.405      6.773   211.5344    -0.1415     0.1920     0.0228      0.129     -0.352     -0.510         43 2.4901e+02 0.0000e+00
     -0.328    23.1065     8.4504     98.963  32.987046     34.409      6.993   200.3286    -0.1698     0.1114     0.0228      0.146     -0.322     -0.466         44 2.5376e+02 0.0000e+00
     -0.302    23.1710     8.4680     99.158  33.093186     34.459      7.076   201.8808    -0.1900     0.2591     0.0229      0.152     -0.294     -0.426         45 2.5802e+02 0.0000e+00
     -0.268    23.2100     8.4867     99.346  33.093990     34.395      7.142   203.0543    -0.1051    72.2731     0.0229      0.148     -0.262     -0.381         46 2.6533e+02 0.0000e+00
     -0.233    23.2310     8.4768     99.170  33.045316     34.291      7.193   203.0543     1.3547    72.3134     0.0229      0.144     -0.227     -0.329         47 2.7919e+02 0.0000e+00
     -0.191    23.2385     8.3853     98.037  33.035113     34.263      7.211   200.5179     1.3304    72.2866     0.0229      0.142     -0.189     -0.274         48 2.9421e+02 0.0000e+00
     -0.154    23.2418     8.2249     96.105  32.988053     34.190      7.173   203.4329     1.3425    72.2194     0.0228      0.138     -0.158     -0.229         49 2.9938e+02 0.0000e+00
     -0.139    23.2463     8.0084     93.457  32.985256     34.185      7.114   200.2529     1.3344    72.2866     0.0228      0.129     -0.138     -0.200         50 2.9886e+02 0.0000e+00
     -0.128    23.2459     7.7644     90.486  32.979281     34.183      7.094   204.8336     1.4032     0.7291     0.0228      0.120     -0.125     -0.182         51 2.9604e+02 0.0000e+00
     -0.118    23.2422     7.5580     88.028  32.936179     34.121      7.096   203.8872     1.4274     0.6888     0.0228      0.111     -0.115     -0.167         52 2.9665e+02 0.0000e+00
     -0.107    23.2382     7.3723     85.850  32.920280     34.122      7.114   204.7201     1.4153     0.5545     0.0228      0.098     -0.104     -0.151         53 2.9850e+02 0.0000e+00
     -0.094    23.2340     7.2441     84.354  32.880451     34.066      7.150   205.6286     1.3991     0.6888     0.0228      0.082     -0.091     -0.133         54 3.0012e+02 0.0000e+00
     -0.079    23.2276     7.1587     83.357  32.867130     34.069      7.183   206.2344     1.5043     0.7425     0.0228      0.067     -0.075     -0.109         55 2.9799e+02 0.0000e+00
     -0.058    23.2114     7.1001     82.668  32.936861     34.130      7.200   204.8715     1.5124     0.6619     0.0228      0.057     -0.053     -0.076         56 3.0315e+02 0.0000e+00
     -0.021    23.1794     7.0453     82.029  32.971598     34.193      7.207   209.0358     1.5164     0.6351     0.0228      0.058     -0.023     -0.033         57 2.6208e+02 0.0000e+00
      0.009    23.1464     7.0106     81.627  32.942520     34.146      7.195   209.8308     1.4921     0.6351     0.0228      0.069     -0.002     -0.002         58 2.2120e+02 0.0000e+00
      0.007    23.1129     6.9767     81.231  32.913749     34.169      7.157   209.7551     1.5002     0.7022     0.0228      0.074     -0.004     -0.006         59 2.5960e+02 0.0000e+00
     -0.030    23.0476     6.9339     80.728  33.007417     34.251      7.179   209.6415     1.5164     0.7157     0.0228      0.062     -0.026     -0.037         60 2.5944e+02 0.0000e+00
     -0.053    22.9774     6.9053     80.388  33.181818     34.506      7.207   208.3165     1.4598     0.7559     0.0229      0.042     -0.046     -0.067         61 2.3541e+02 0.0000e+00
     -0.058    22.9441     6.8432     79.645  33.230503     34.554      7.231   210.0201     1.4962     0.6619     0.0229      0.020     -0.056     -0.081         62 2.4273e+02 0.0000e+00
     -0.061    22.9348     6.7922     79.025  33.243397     34.663      7.254   211.8751     1.5326     0.6082     0.0230     -0.002     -0.058     -0.084         63 2.4357e+02 0.0000e+00
     -0.059    22.9330     6.7536     78.554  33.225109     34.628      7.267   212.4429     1.5407     0.6754     0.0229     -0.021     -0.058     -0.084         64 2.3919e+02 0.0000e+00
     -0.057    22.9313     6.7412     78.395  33.193971     34.635      7.267   212.7837     1.5528     0.6754     0.0229     -0.033     -0.056     -0.082         65 2.4088e+02 0.0000e+00
     -0.056    22.9277     6.7408     78.369  33.163536     34.578      7.259   212.9351     1.5528     0.6888     0.0229     -0.034     -0.055     -0.080         66 2.4079e+02 0.0000e+00
     -0.056    22.9268     6.7619     78.593  33.144368     34.579      7.254   212.5565     1.5568     0.6351     0.0229     -0.022     -0.055     -0.079         67 2.4267e+02 0.0000e+00
     -0.055    22.9280     6.8107     79.147  33.158517     34.582      7.261   212.7079     1.5245     0.6217     0.0229     -0.006     -0.054     -0.078         68 2.4608e+02 0.0000e+00
     -0.053    22.9269     6.8854     80.005  33.205239     34.641      7.277   213.2380     1.4962     0.7022     0.0229      0.002     -0.051     -0.074         69 2.4410e+02 0.0000e+00
     -0.048    22.9239     6.9845     81.148  33.204841     34.640      7.293   213.3137     1.5124     0.7291     0.0229      0.005     -0.047     -0.068         70 2.4724e+02 0.0000e+00
     -0.044    22.9193     7.0902     82.372  33.159011     34.582      7.303   213.2380     1.5043     0.6619     0.0229      0.007     -0.043     -0.062         71 2.4747e+02 0.0000e+00
     -0.040    22.9067     7.1851     83.470  33.202965     34.643      7.318   213.6544     1.4840     0.6351     0.0229      0.009     -0.039     -0.057         72 2.4519e+02 0.0000e+00
     -0.036    22.8882     7.2667     84.416  33.209450     34.646      7.325   213.8058     1.4962     0.6619     0.0229      0.011     -0.036     -0.052         73 2.4970e+02 0.0000e+00
     -0.035    22.8741     7.3312     85.162  33.210252     34.655      7.327   214.1465     1.5083     0.7291     0.0229      0.012     -0.035     -0.051         74 2.5148e+02 0.0000e+00
     -0.035    22.8642     7.3765     85.687  33.261282     34.727      7.325   214.8280     1.4921     0.6619     0.0230      0.012     -0.036     -0.051         75 2.5373e+02 0.0000e+00
     -0.037    22.8501     7.3818     85.749  33.264568     34.737      7.326   215.0551     1.6862     0.6619     0.0230      0.010     -0.037     -0.053         76 2.5948e+02 0.0000e+00
     -0.039    22.8359     7.3715     85.629  33.265478     34.744      7.331   214.9794     1.6701     0.6619     0.0230      0.007     -0.038     -0.055         77 2.5933e+02 0.0000e+00
     -0.040    22.8268     7.3475     85.345  33.260157     34.755      7.334   214.6008     1.7064     0.6888     0.0230      0.003     -0.039     -0.056         78 2.6194e+02 0.0000e+00
     -0.040    22.8198     7.3343     85.185  33.271198     34.765      7.340   214.3358     1.6701     0.6217     0.0230      0.000     -0.039     -0.056         79 2.6430e+02 0.0000e+00
     -0.039    22.8150     7.3123     84.930  33.340707     34.859      7.346   214.7522     1.6620     0.6485     0.0230     -0.002     -0.038     -0.055         80 2.6441e+02 0.0000e+00
     -0.039    22.8120     7.3058     84.854  33.321931     34.835      7.351   217.0615     1.6903     0.5545     0.0230     -0.002     -0.038     -0.055         81 2.6799e+02 0.0000e+00
     -0.038    22.8096     7.3053     84.849  33.264912     34.780      7.348   216.6072     1.6579     0.7157     0.0230     -0.002     -0.037     -0.054         82 2.7028e+02 0.0000e+00
     -0.038    22.8078     7.3105     84.906  33.263395     34.782      7.349   216.7587     1.6862     0.6754     0.0230     -0.001     -0.037     -0.053         83 2.6977e+02 0.0000e+00
     -0.037    22.8065     7.3219     85.032  33.264513     34.784      7.350   216.6451     1.5609     0.6888     0.0230      0.001     -0.037     -0.053         84 2.7104e+02 0.0000e+00
     -0.037    22.8052     7.3373     85.202  33.263523     34.785      7.351   215.2065     1.5690     0.5948     0.0230      0.001     -0.037     -0.053         85 2.7272e+02 0.0000e+00
