Data/DataNotYetUploadedToEDI/Raw_CTD/2018_RawDownloads/051718_fcr50.cnv
* Sea-Bird SBE19plus  Data File:
* FileName = C:\DATA\051718_bvr_0002.hex
* Software version 2.6.3.104
* Temperature SN = 7809
* Conductivity SN = 7809
* System UpLoad Time = May 17 2018 16:20:38
* <ApplicationData>
* <Seaterm232>
# nquan = 17
# nvalues = 871                         
# units = specified
# name 0 = depFM: Depth [fresh water, m]
# name 1 = tv290C: Temperature [ITS-90, deg C]
# name 2 = sbeox0Mg/L: Oxygen, SBE 43 [mg/l]
# name 3 = sbeox0PS: Oxygen, SBE 43 [% saturation]
# name 4 = c0uS/cm: Conductivity [uS/cm]
# name 5 = specc: Specific Conductance [uS/cm]
# name 6 = ph: pH
# name 7 = orp: Oxidation Reduction Potential [mV]
# name 8 = flECO-AFL: Fluorescence, WET Labs ECO-AFL/FL [mg/m^3]
# name 9 = turbWETntu0: Turbidity, WET Labs ECO [NTU]
# name 10 = sal00: Salinity, Practical [PSU]
# name 11 = dz/dtM: Descent Rate [m/s]
# name 12 = prdM: Pressure, Strain Gauge [db]
# name 13 = prdE: Pressure, Strain Gauge [psi]
# name 14 = scan: Scan Count
# name 15 = par/sat/log: PAR/Logarithmic, Satlantic
# name 16 = flag:  0.000e+00
# span 0 =     -0.605,      9.352       
# span 1 =     9.4948,    23.2463       
# span 2 =     5.2450,    10.1854       
# span 3 =     60.538,    109.630       
# span 4 =   0.875195,  33.375419       
# span 5 =      0.931,     39.629       
# span 6 =     -2.597,      7.440       
# span 7 = -1240.7455,   303.3004       
# span 8 =    -0.2224,     3.9749       
# span 9 =    -0.3183,    72.3134       
# span 10 =     0.0107,     0.0230      
# span 11 =     -0.034,      0.152      
# span 12 =     -0.593,      9.170      
# span 13 =     -0.860,     13.301      
# span 14 =          1,        871      
# span 15 = 4.7347e-01, 3.2518e+02      
# span 16 = 0.0000e+00, 0.0000e+00      
# interval = seconds: 0.25
# start_time = May 17 2018 16:02:50 [Instrument's time stamp, header]
# bad_flag = -9.990e-29
*END*
[from data line 426]
     -0.036    22.6694     8.2271     95.303  33.089720     34.709      7.017   253.4802     1.6094     0.6754     0.0229     -0.005     -0.035     -0.050        427 2.4145e+02 0.0000e+00
     -0.032    22.6679     8.2478     95.528  33.101623     34.709      7.041   254.0859     1.6256     0.7291     0.0229     -0.003     -0.031     -0.045        428 2.4444e+02 0.0000e+00
     -0.028    22.6668     8.2638     95.685  33.091158     34.710      7.059   253.5181     1.6458     0.6217     0.0229      0.000     -0.025     -0.036        429 2.3222e+02 0.0000e+00
     -0.016    22.6687     8.2642     95.651  33.102744     34.712      7.111   253.7074     1.6539     0.5545     0.0229      0.007     -0.015     -0.022        430 2.0813e+02 0.0000e+00
     -0.003    22.6754     8.2595     95.554  33.146514     34.771      7.121   253.9345     1.6134     0.6351     0.0229      0.015     -0.004     -0.006        431 2.0973e+02 0.0000e+00
      0.005    22.6779     8.2498     95.411  33.155304     34.770      7.138   252.8745     1.6256     0.7291     0.0229      0.023      0.008      0.011        432 2.0945e+02 0.0000e+00
      0.022    22.6726     8.2475     95.363  33.151111     34.765      7.187   252.1931     1.6175     0.7291     0.0229      0.031      0.024      0.036        433 2.0502e+02 0.0000e+00
      0.048    22.6709     8.2420     95.287  33.151730     34.763      7.219   250.1488     1.6296     0.6888     0.0229      0.040      0.049      0.072        434 1.8823e+02 0.0000e+00
      0.082    22.6721     8.2573     95.446  33.154535     34.767      7.250   249.5431     1.6094     0.7157     0.0229      0.054      0.078      0.113        435 1.7853e+02 0.0000e+00
      0.108    22.6666     8.3012     95.921  33.088315     34.710      7.266   250.9059     1.6377     0.5948     0.0229      0.068      0.103      0.148        436 1.8269e+02 0.0000e+00
      0.123    22.6593     8.3615     96.583  32.996907     34.591      7.288   249.8081     1.9572     0.6888     0.0228      0.078      0.123      0.178        437 1.8168e+02 0.0000e+00
      0.145    22.6512     8.4328     97.384  32.971747     34.595      7.306   248.8616     1.9491     0.7157     0.0228      0.084      0.144      0.208        438 1.8066e+02 0.0000e+00
      0.171    22.6361     8.5054     98.201  33.060321     34.659      7.313   249.0131     1.9491     0.6888     0.0229      0.090      0.165      0.240        439 1.8004e+02 0.0000e+00
      0.189    22.6145     8.5576     98.783  33.123916     34.782      7.320   249.1645     1.9369     0.6619     0.0229      0.093      0.184      0.267        440 1.8125e+02 0.0000e+00
      0.203    22.5919     8.5995     99.250  33.129840     34.735      7.332   249.2023     2.3939     1.3199     0.0229      0.089      0.199      0.289        441 1.7657e+02 0.0000e+00
      0.219    22.5745     8.6226     99.503  33.319846     35.015      7.340   249.4295     2.3817     1.3602     0.0230      0.082      0.215      0.311        442 1.7529e+02 0.0000e+00
      0.235    22.5634     8.6192     99.452  33.361940     35.031      7.351   248.8995     2.3858     1.4139     0.0230      0.075      0.231      0.335        443 1.7453e+02 0.0000e+00
      0.252    22.5561     8.5912     99.112  33.255392     34.956      7.359   248.9752     2.3817     1.3065     0.0230      0.071      0.249      0.360        444 1.6932e+02 0.0000e+00
      0.274    22.5460     8.5350     98.427  33.274523     34.964      7.359   250.4516     2.2523     1.0379     0.0230      0.071      0.269      0.390        445 1.6836e+02 0.0000e+00
      0.297    22.5283     8.4753     97.661  33.249172     34.970      7.352   250.7545     2.3049     1.0916     0.0230      0.070      0.290      0.421        446 1.6753e+02 0.0000e+00
      0.316    22.5098     8.4207     96.955  33.168327     34.859      7.345   251.5116     2.2726     1.1051     0.0229      0.071      0.309      0.448        447 1.6364e+02 0.0000e+00
      0.332    22.4971     8.3609     96.211  33.197213     34.931      7.344   252.1931     2.2726     1.0514     0.0229      0.072      0.326      0.472        448 1.6047e+02 0.0000e+00
      0.349    22.4858     8.3057     95.540  33.153924     34.886      7.345   252.8366     2.4020     1.0379     0.0229      0.074      0.342      0.497        449 1.5857e+02 0.0000e+00
      0.366    22.4751     8.2614     95.015  33.103590     34.836      7.341   253.5181     2.3979     1.2125     0.0229      0.074      0.360      0.523        450 1.5840e+02 0.0000e+00
      0.387    22.4663     8.2550     94.915  33.141241     34.904      7.337   254.6538     2.4424     1.0782     0.0229      0.074      0.381      0.553        451 1.5445e+02 0.0000e+00
      0.413    22.4594     8.2761     95.126  33.166382     34.912      7.330   255.7516     2.4262     1.0648     0.0229      0.076      0.404      0.586        452 1.4967e+02 0.0000e+00
      0.435    22.4528     8.3175     95.557  33.190925     34.977      7.324   256.2816     2.4141     0.9976     0.0229      0.077      0.426      0.617        453 1.4652e+02 0.0000e+00
      0.453    22.4443     8.3796     96.218  33.170012     34.923      7.325   256.3195     2.4020     1.3199     0.0229      0.077      0.444      0.645        454 1.4331e+02 0.0000e+00
      0.471    22.4241     8.4423     96.896  33.133102     34.928      7.324   257.1145     2.4222     1.2662     0.0229      0.079      0.463      0.672        455 1.4126e+02 0.0000e+00
      0.492    22.3834     8.5030     97.566  33.058936     34.816      7.328   257.3416     2.4060     1.2393     0.0229      0.080      0.484      0.702        456 1.3891e+02 0.0000e+00
      0.520    22.3422     8.5652     98.264  33.025082     34.830      7.317   257.3038     2.4141     1.2931     0.0229      0.083      0.507      0.735        457 1.3831e+02 0.0000e+00
      0.538    22.3121     8.6172     98.847  32.997317     34.802      7.303   258.4017     2.5475     1.2931     0.0229      0.084      0.526      0.762        458 1.3862e+02 0.0000e+00
      0.548    22.2929     8.6688     99.431  32.915580     34.774      7.298   258.5909     2.5435     1.1856     0.0228      0.080      0.541      0.784        459 1.3734e+02 0.0000e+00
      0.569    22.2829     8.7058     99.847  32.889588     34.736      7.301   258.8181     2.5435     1.3871     0.0228      0.077      0.561      0.813        460 1.3469e+02 0.0000e+00
      0.597    22.2695     8.7314    100.134  32.911062     34.810      7.305   259.6888     2.5435     1.3468     0.0228      0.078      0.585      0.848        461 1.3164e+02 0.0000e+00
      0.622    22.2516     8.7522    100.370  32.888864     34.758      7.313   259.9159     2.5273     1.4542     0.0228      0.081      0.608      0.882        462 1.2993e+02 0.0000e+00
      0.640    22.2277     8.7626    100.489  32.917219     34.827      7.319   258.3638     2.5111     1.4005     0.0228      0.082      0.627      0.910        463 1.3027e+02 0.0000e+00
      0.656    22.1992     8.7584    100.444  32.935090     34.840      7.323   259.1588     2.5030     1.5750     0.0228      0.081      0.644      0.935        464 1.2845e+02 0.0000e+00
      0.676    22.1763     8.7500    100.354  32.925940     34.858      7.328   259.3481     2.5394     1.6019     0.0228      0.079      0.662      0.960        465 1.2633e+02 0.0000e+00
      0.691    22.1626     8.7402    100.255  32.987924     34.938      7.330   259.8781     2.5799     1.7362     0.0229      0.079      0.677      0.982        466 1.2547e+02 0.0000e+00
      0.703    22.1540     8.7383    100.250  32.976581     34.955      7.335   260.7867     2.5920     1.7630     0.0229      0.077      0.689      0.999        467 1.2394e+02 0.0000e+00
      0.714    22.1470     8.7317    100.152  32.940067     34.906      7.330   261.0517     2.6041     1.6690     0.0228      0.070      0.697      1.012        468 1.2519e+02 0.0000e+00
      0.716    22.1422     8.7587    100.411  32.974063     34.971      7.306   258.1745     2.6001     1.7362     0.0229      0.059      0.701      1.018        469 1.2645e+02 0.0000e+00
      0.717    22.1383     8.7365    100.084  32.993586     34.977      7.297   258.8181     2.5556     1.5885     0.0229      0.049      0.703      1.020        470 1.2479e+02 0.0000e+00
      0.719    22.1352     8.7564    100.247  32.975082     34.980      7.296   258.4774     2.5394     1.4945     0.0229      0.039      0.705      1.023        471 1.2374e+02 0.0000e+00
      0.722    22.1336     8.7586    100.218  32.937786     34.924      7.302   259.2724     2.5394     1.5348     0.0228      0.030      0.709      1.028        472 1.2490e+02 0.0000e+00
      0.728    22.1332     8.7562    100.157  32.921386     34.926      7.305   260.6731     2.5233     1.5079     0.0228      0.022      0.713      1.033        473 1.2608e+02 0.0000e+00
      0.729    22.1351     8.7629    100.218  32.995492     34.987      7.310   260.5974     2.5314     1.4408     0.0229      0.016      0.716      1.038        474 1.2576e+02 0.0000e+00
      0.733    22.1381     8.7885    100.468  33.023489     35.046      7.314   258.9317     2.5516     1.5885     0.0229      0.013      0.719      1.043        475 1.2501e+02 0.0000e+00
      0.736    22.1462     8.8174    100.752  32.945853     34.926      7.319   259.3481     2.5192     1.5885     0.0228      0.012      0.722      1.048        476 1.2482e+02 0.0000e+00
      0.739    22.1532     8.8403    100.965  32.914181     34.924      7.320   258.8181     2.5314     1.5750     0.0228      0.012      0.729      1.058        477 1.2285e+02 0.0000e+00
      0.757    22.1427     8.8651    101.176  32.944286     34.918      7.331   259.8781     2.5314     1.5213     0.0228      0.017      0.742      1.077        478 1.2012e+02 0.0000e+00
      0.773    22.1157     8.8782    101.226  32.967694     34.971      7.314   259.0452     2.3251     1.3333     0.0229      0.023      0.758      1.101        479 1.1776e+02 0.0000e+00
      0.790    22.0787     8.8964    101.342  32.944357     34.921      7.317   259.5752     2.3251     1.2931     0.0228      0.031      0.779      1.131        480 1.1327e+02 0.0000e+00
      0.826    22.0444     8.9091    101.400  32.973335     35.000      7.312   261.4302     2.3251     1.3065     0.0229      0.044      0.804      1.166        481 1.1034e+02 0.0000e+00
      0.842    22.0169     8.9223    101.439  32.990953     35.028      7.302   260.5974     2.3534     1.3468     0.0229      0.057      0.824      1.195        482 1.0939e+02 0.0000e+00
      0.854    21.9997     8.9411    101.567  32.981755     35.053      7.304   261.3167     2.5314     1.5348     0.0229      0.066      0.838      1.216        483 1.0785e+02 0.0000e+00
      0.869    21.9902     8.9800    101.959  33.044104     35.133      7.300   259.8024     2.5030     1.4676     0.0229      0.072      0.853      1.237        484 1.0554e+02 0.0000e+00
      0.887    21.9697     9.0242    102.421  33.031989     35.146      7.299   260.2188     2.5111     1.4676     0.0229      0.075      0.870      1.261        485 1.0347e+02 0.0000e+00
      0.904    21.9450     9.0602    102.777  32.996840     35.093      7.297   260.5217     2.5273     1.5616     0.0229      0.073      0.886      1.285        486 1.0226e+02 0.0000e+00
      0.920    21.9206     9.0969    103.074  33.028544     35.169      7.304   264.6481     2.6163     1.8302     0.0229      0.071      0.901      1.307        487 9.9938e+01 0.0000e+00
      0.933    21.8831     9.1350    103.316  32.992543     35.127      7.307   262.6795     2.6163     1.7899     0.0229      0.066      0.916      1.328        488 9.8520e+01 0.0000e+00
      0.949    21.8327     9.1643    103.418  32.982345     35.145      7.313   263.0960     2.5960     1.6690     0.0229      0.061      0.931      1.351        489 9.6964e+01 0.0000e+00
      0.967    21.7864     9.1642    103.222  33.041247     35.233      7.315   263.3231     2.6001     1.6288     0.0229      0.062      0.952      1.381        490 9.3654e+01 0.0000e+00
      0.998    21.7405     9.1512    102.954  33.037874     35.271      7.317   262.1117     2.7578     1.9779     0.0229      0.067      0.977      1.418        491 9.1745e+01 0.0000e+00
      1.024    21.6849     9.1443    102.775  33.105181     35.366      7.318   261.7331     2.7295     1.8839     0.0229      0.072      1.002      1.454        492 8.9992e+01 0.0000e+00
      1.043    21.6416     9.1524    102.783  33.135433     35.460      7.323   265.9731     2.7457     1.9645     0.0229      0.077      1.023      1.484        493 8.7658e+01 0.0000e+00
      1.064    21.6159     9.1805    102.996  33.118868     35.443      7.330   265.4431     2.7295     1.9376     0.0229      0.081      1.042      1.512        494 8.6054e+01 0.0000e+00
      1.082    21.5961     9.2403    103.391  33.125821     35.536      7.329   266.2002     2.7174     1.8167     0.0229      0.084      1.059      1.536        495 8.5136e+01 0.0000e+00
      1.093    21.5687     9.2897    103.667  33.008182     35.375      7.325   266.0488     2.8063     1.7899     0.0229      0.084      1.073      1.556        496 8.4398e+01 0.0000e+00
      1.106    21.5096     9.3370    104.041  32.909428     35.331      7.325   264.5724     2.8063     1.8436     0.0228      0.079      1.088      1.577        497 8.3126e+01 0.0000e+00
      1.127    21.4147     9.3755    104.380  32.744607     35.140      7.327   264.8374     2.7618     1.7496     0.0228      0.075      1.109      1.607        498 8.0846e+01 0.0000e+00
      1.156    21.3020     9.4045    104.635  32.620234     35.066      7.326   265.7081     2.7740     1.7362     0.0227      0.072      1.135      1.646        499 7.7906e+01 0.0000e+00
      1.186    21.2055     9.4251    104.837  32.441507     34.956      7.324   266.6924     2.8306     1.3468     0.0226      0.074      1.162      1.686        500 7.5636e+01 0.0000e+00
      1.213    21.1445     9.4348    104.925  32.225734     34.771      7.321   267.1088     2.8427     1.4139     0.0225      0.080      1.188      1.722        501 7.4080e+01 0.0000e+00
      1.235    21.0934     9.4538    105.101  32.236433     34.904      7.320   266.9574     2.8508     1.2393     0.0225      0.086      1.208      1.751        502 7.3132e+01 0.0000e+00
      1.246    21.0537     9.4625    105.181  32.161355     34.829      7.314   266.9195     2.8548     1.2393     0.0225      0.089      1.221      1.771        503 7.2249e+01 0.0000e+00
      1.255    20.9978     9.4853    105.353  32.141278     34.867      7.315   266.6545     2.9438     1.3468     0.0225      0.088      1.234      1.790        504 7.0214e+01 0.0000e+00
      1.276    20.8667     9.5012    105.406  32.053867     34.807      7.316   264.9888     2.9357     1.3333     0.0225      0.084      1.252      1.817        505 6.8433e+01 0.0000e+00
      1.301    20.7300     9.5198    105.448  31.795711     34.542      7.317   265.7838     2.9317     1.3736     0.0223      0.080      1.276      1.851        506 6.6798e+01 0.0000e+00
      1.326    20.6546     9.5380    105.445  31.721262     34.583      7.319   265.9731     2.9276     1.3065     0.0223      0.076      1.298      1.883        507 6.4883e+01 0.0000e+00
      1.345    20.6101     9.5579    105.474  31.790737     34.748      7.306   266.4652     2.6486     1.3736     0.0223      0.074      1.315      1.908        508 6.4163e+01 0.0000e+00
      1.352    20.5775     9.5744    105.520  31.768609     34.805      7.302   266.9574     2.6769     1.3333     0.0223      0.071      1.326      1.923        509 6.4006e+01 0.0000e+00
      1.359    20.5646     9.5936    105.628  31.689530     34.716      7.304   266.8438     2.6607     1.4139     0.0223      0.068      1.334      1.935        510 6.3493e+01 0.0000e+00
