Data/DataNotYetUploadedToEDI/Raw_CTD/2018_RawDownloads/052118_fcr20.cnv
* Sea-Bird SBE19plus  Data File:
* FileName = C:\DATA\052118_fcr_0002.hex
* Software version 2.6.3.104
* Temperature SN = 7809
* Conductivity SN = 7809
* System UpLoad Time = May 21 2018 16:56:15
* <ApplicationData>
* <Seaterm232>
# nquan = 17
# nvalues = 748                         
# units = specified
# name 0 = depFM: Depth [fresh water, m]
# name 1 = tv290C: Temperature [ITS-90, deg C]
# name 2 = sbeox0Mg/L: Oxygen, SBE 43 [mg/l]
# name 3 = sbeox0PS: Oxygen, SBE 43 [% saturation]
# name 4 = c0uS/cm: Conductivity [uS/cm]
# name 5 = specc: Specific Conductance [uS/cm]
# name 6 = ph: pH
# name 7 = orp: Oxidation Reduction Potential [mV]
# name 8 = flECO-AFL: Fluorescence, WET Labs ECO-AFL/FL [mg/m^3]
# name 9 = turbWETntu0: Turbidity, WET Labs ECO [NTU]
# name 10 = sal00: Salinity, Practical [PSU]
# name 11 = dz/dtM: Descent Rate [m/s]
# name 12 = prdM: Pressure, Strain Gauge [db]
# name 13 = prdE: Pressure, Strain Gauge [psi]
# name 14 = scan: Scan Count
# name 15 = par/sat/log: PAR/Logarithmic, Satlantic
# name 16 = flag:  0.000e+00
# span 0 =     -0.514,      3.737       
# span 1 =    12.5836,    23.9726       
# span 2 =    -0.0163,     9.3131       
# span 3 =     -0.154,    104.866       
# span 4 =  -0.319715,  59.192517       
# span 5 =      0.577,     78.393       
# span 6 =      5.187,      7.261       
# span 7 = -1240.7455,  1240.2295       
# span 8 =    -1.4193,     3.4371       
# span 9 =    -0.3049,    15.2044       
# span 10 =     0.0115,     0.0386      
# span 11 =     -0.182,      0.217      
# span 12 =     -0.504,      3.664      
# span 13 =     -0.731,      5.314      
# span 14 =          1,        748      
# span 15 = 7.4138e+00, 2.7920e+03      
# span 16 = 0.0000e+00, 0.0000e+00      
# interval = seconds: 0.25
# start_time = May 21 2018 17:06:46 [Instrument's time stamp, header]
# bad_flag = -9.990e-29
*END*
[from data line 86]
     -0.031    21.3763     6.3082     71.387  29.132686     31.401      7.057   279.8667     1.3506     3.7772     0.0212      0.000     -0.032     -0.046         87 7.0736e+02 0.0000e+00
     -0.032    21.3888     6.3045     71.350  29.154018     31.428      7.058   279.6396     1.4962     4.0055     0.0212      0.001     -0.033     -0.047         88 2.1080e+03 0.0000e+00
     -0.036    21.4016     6.3034     71.354  29.185656     31.462      7.060   279.7153     1.5285     3.9786     0.0212     -0.003     -0.033     -0.049         89 2.6435e+03 0.0000e+00
     -0.035    21.4083     6.3035     71.368  29.182258     31.452      7.063   279.7531     1.5043     4.0458     0.0212     -0.005     -0.033     -0.049         90 2.4486e+03 0.0000e+00
     -0.032    21.4181     6.3129     71.473  29.187894     31.444      7.066   280.0560     1.4962     3.9249     0.0212     -0.003     -0.031     -0.046         91 2.6110e+03 0.0000e+00
     -0.029    21.4254     6.3314     71.669  29.178638     31.439      7.067   279.9424     1.4962     3.9786     0.0212      0.000     -0.028     -0.041         92 2.4759e+03 0.0000e+00
     -0.025    21.4263     6.3453     71.892  29.193771     31.433      7.067   280.2453     1.3749     3.8041     0.0212      0.003     -0.027     -0.039         93 1.6064e+03 0.0000e+00
     -0.029    21.4293     6.3207     71.686  29.258004     31.518      7.066   280.1317     1.3547     3.7504     0.0212      0.003     -0.029     -0.042         94 4.7002e+02 0.0000e+00
     -0.034    21.4372     6.3202     71.692  29.246944     31.488      7.065   280.0939     1.3870     3.7369     0.0212      0.002     -0.032     -0.047         95 5.0822e+02 0.0000e+00
     -0.036    21.4433     6.3059     71.522  29.177883     31.426      7.065   280.3967     1.3830     3.8578     0.0212      0.001     -0.034     -0.049         96 6.1471e+02 0.0000e+00
     -0.033    21.4457     6.3378     71.892  29.195703     31.420      7.064   280.6239     1.4315     3.9652     0.0212      0.000     -0.034     -0.050         97 6.2347e+02 0.0000e+00
     -0.036    21.4504     6.3536     72.100  29.224767     31.476      7.056   280.5860     1.4760     4.0592     0.0212     -0.002     -0.039     -0.056         98 9.5919e+02 0.0000e+00
     -0.052    21.4605     6.3690     72.299  29.201009     31.414      7.047   280.5481     1.4436     4.0995     0.0212     -0.008     -0.047     -0.069         99 5.6315e+02 0.0000e+00
     -0.057    21.4719     6.3799     72.432  29.225266     31.472      7.041   280.3967     1.4355     3.9786     0.0212     -0.013     -0.051     -0.074        100 4.0243e+02 0.0000e+00
     -0.047    21.4677     6.3924     72.576  29.224225     31.434      7.037   280.1696     1.3142     3.5221     0.0212     -0.014     -0.046     -0.067        101 1.1715e+03 0.0000e+00
     -0.039    21.4626     6.3940     72.594  29.231950     31.457      7.038   280.7374     1.2900     3.5892     0.0212     -0.009     -0.040     -0.059        102 1.9964e+03 0.0000e+00
     -0.039    21.5065     6.3803     72.441  29.245298     31.458      7.031   280.8131     1.3223     3.5758     0.0212     -0.005     -0.040     -0.058        103 1.8036e+03 0.0000e+00
     -0.045    21.5582     6.3583     72.194  29.237262     31.465      7.026   281.0403     1.3344     3.5490     0.0212     -0.004     -0.043     -0.063        104 9.8941e+02 0.0000e+00
     -0.048    21.5678     6.3257     71.824  29.241949     31.433      7.026   281.1917     1.3142     4.1129     0.0212     -0.003     -0.046     -0.068        105 5.8041e+02 0.0000e+00
     -0.048    21.5623     6.2835     71.347  29.239452     31.398      7.024   280.6996     1.2940     4.2203     0.0212     -0.000     -0.046     -0.068        106 4.4723e+02 0.0000e+00
     -0.046    21.5687     6.2589     71.072  29.210705     31.362      7.028   281.0403     1.2940     4.1801     0.0212      0.003     -0.045     -0.065        107 4.7529e+02 0.0000e+00
     -0.044    21.5888     6.2238     70.679  29.188773     31.336      7.029   281.0781     1.3142     4.2069     0.0212      0.002     -0.043     -0.063        108 4.3469e+02 0.0000e+00
     -0.043    21.6058     6.1900     70.300  29.237098     31.392      7.031   281.4567     1.4760     3.8578     0.0212     -0.001     -0.042     -0.061        109 4.9425e+02 0.0000e+00
     -0.042    21.6126     6.1550     69.908  29.239509     31.378      7.036   281.7974     1.4194     3.8981     0.0212     -0.001     -0.042     -0.060        110 4.0285e+02 0.0000e+00
     -0.042    21.6137     6.1249     69.571  29.185765     31.306      7.038   281.6839     1.4598     4.0324     0.0212      0.001     -0.042     -0.060        111 5.5772e+02 0.0000e+00
     -0.042    21.6142     6.0881     69.158  29.244677     31.362      7.037   281.6460     1.4517     4.0055     0.0212      0.003     -0.041     -0.060        112 1.0131e+03 0.0000e+00
     -0.042    21.6157     6.0564     68.803  29.314436     31.451      7.040   281.9867     1.4274     3.9518     0.0213      0.003     -0.041     -0.060        113 7.3969e+02 0.0000e+00
     -0.042    21.6172     6.0233     68.433  29.247196     31.361      7.042   281.9489     1.4355     4.4755     0.0212      0.003     -0.041     -0.060        114 1.1250e+03 0.0000e+00
     -0.042    21.6183     5.9852     68.006  29.239408     31.360      7.041   281.6460     1.4517     4.3815     0.0212      0.001     -0.041     -0.060        115 1.3305e+03 0.0000e+00
     -0.042    21.6198     5.9571     67.691  29.294476     31.419      7.042   282.2896     1.4153     4.4083     0.0212      0.001     -0.041     -0.059        116 1.4556e+03 0.0000e+00
     -0.042    21.6226     5.9274     67.358  29.297258     31.418      7.037   282.2896     1.4719     4.3546     0.0212      0.000     -0.041     -0.059        117 1.8362e+03 0.0000e+00
     -0.042    21.6263     5.9009     67.060  29.235945     31.357      7.031   282.5546     1.4032     3.9652     0.0212      0.000     -0.042     -0.060        118 8.0823e+02 0.0000e+00
     -0.044    21.6302     5.8694     66.707  29.252184     31.355      7.020   282.6682     1.4436     4.0726     0.0212     -0.000     -0.042     -0.061        119 3.8199e+02 0.0000e+00
     -0.043    21.6342     5.8435     66.418  29.306697     31.442      7.019   282.2896     1.4355     4.0055     0.0213     -0.001     -0.042     -0.061        120 5.2339e+02 0.0000e+00
     -0.043    21.6378     5.8177     66.130  29.257049     31.350      7.022   282.4031     1.4436     4.0324     0.0212     -0.001     -0.042     -0.061        121 4.6148e+02 0.0000e+00
     -0.042    21.6414     5.7880     65.797  29.284320     31.407      7.026   282.5546     1.4517     4.0055     0.0212     -0.001     -0.042     -0.061        122 4.8975e+02 0.0000e+00
     -0.044    21.6454     5.7658     65.548  29.302405     31.405      7.030   282.5167     1.4274     4.0055     0.0212     -0.001     -0.042     -0.061        123 4.4516e+02 0.0000e+00
     -0.043    21.6496     5.7384     65.242  29.293838     31.402      7.030   282.7439     1.4072     3.9786     0.0212     -0.001     -0.042     -0.061        124 4.7148e+02 0.0000e+00
     -0.043    21.6539     5.7213     65.052  29.354279     31.459      7.034   282.8196     1.4396     4.0726     0.0213     -0.000     -0.042     -0.061        125 4.7317e+02 0.0000e+00
     -0.043    21.6577     5.6936     64.741  29.375430     31.486      7.036   282.8953     1.4598     3.7235     0.0213      0.000     -0.042     -0.061        126 4.7652e+02 0.0000e+00
     -0.042    21.6606     5.6654     64.425  29.356459     31.454      7.034   283.2739     1.4881     3.6832     0.0213      0.000     -0.042     -0.060        127 4.6339e+02 0.0000e+00
     -0.041    21.6638     5.6471     64.220  29.348239     31.451      7.036   283.3874     1.4194     3.8041     0.0213      0.001     -0.041     -0.059        128 4.6387e+02 0.0000e+00
     -0.040    21.6674     5.6278     64.005  29.356012     31.449      7.036   283.5767     1.4355     3.7504     0.0213      0.001     -0.040     -0.058        129 4.5717e+02 0.0000e+00
     -0.041    21.6714     5.6066     63.767  29.346784     31.447      7.035   283.5767     1.5124     3.9786     0.0213      0.001     -0.040     -0.058        130 4.5914e+02 0.0000e+00
     -0.041    21.6753     5.5834     63.508  29.300425     31.385      7.034   283.6146     1.4921     3.9786     0.0212      0.001     -0.041     -0.058        131 4.6087e+02 0.0000e+00
     -0.042    21.6788     5.5629     63.279  29.354407     31.442      7.030   283.7282     1.4921     3.9384     0.0213      0.001     -0.041     -0.058        132 4.6074e+02 0.0000e+00
     -0.040    21.6822     5.5430     63.056  29.368547     31.469      7.027   283.9553     1.4962     3.9384     0.0213      0.001     -0.040     -0.057        133 4.5897e+02 0.0000e+00
     -0.040    21.6856     5.5310     62.923  29.312473     31.377      7.027   284.1824     1.4962     3.9518     0.0212      0.001     -0.040     -0.057        134 4.5787e+02 0.0000e+00
     -0.041    21.6891     5.5125     62.716  29.335242     31.435      7.026   284.1446     1.5002     3.9921     0.0213      0.001     -0.040     -0.058        135 4.5979e+02 0.0000e+00
     -0.041    21.6929     5.4914     62.477  29.310562     31.372      7.026   284.0689     1.5083     3.9115     0.0212      0.000     -0.040     -0.058        136 4.5776e+02 0.0000e+00
     -0.041    21.6963     5.4737     62.280  29.283888     31.370      7.028   283.8039     1.5124     4.0055     0.0212     -0.000     -0.041     -0.059        137 4.6029e+02 0.0000e+00
     -0.042    21.6992     5.4565     62.088  29.309138     31.368      7.031   284.2960     1.5002     3.9921     0.0212     -0.000     -0.041     -0.059        138 4.5780e+02 0.0000e+00
     -0.042    21.7023     5.4456     61.967  29.368084     31.455      7.031   284.1446     1.3668     4.0324     0.0213     -0.000     -0.041     -0.059        139 4.7573e+02 0.0000e+00
     -0.042    21.7056     5.4294     61.786  29.358774     31.423      7.029   284.0689     1.3830     4.0592     0.0213     -0.001     -0.041     -0.059        140 7.0422e+02 0.0000e+00
     -0.042    21.7090     5.4121     61.593  29.350372     31.421      7.029   284.5989     1.3668     3.9786     0.0213     -0.001     -0.041     -0.059        141 7.4010e+02 0.0000e+00
     -0.042    21.7126     5.3918     61.365  29.348890     31.419      7.029   284.7882     1.3668     3.9652     0.0213     -0.001     -0.041     -0.059        142 5.0030e+02 0.0000e+00
     -0.042    21.7158     5.3804     61.239  29.360617     31.417      7.026   284.6367     1.5447     4.1129     0.0213     -0.001     -0.041     -0.059        143 6.0422e+02 0.0000e+00
     -0.041    21.7182     5.3697     61.122  29.335776     31.414      7.027   284.6367     1.5124     3.9518     0.0213     -0.000     -0.040     -0.058        144 6.3919e+02 0.0000e+00
     -0.040    21.7206     5.3514     60.917  29.320504     31.352      7.029   284.9396     1.4962     3.8712     0.0212      0.001     -0.039     -0.056        145 4.7059e+02 0.0000e+00
     -0.039    21.7226     5.3366     60.752  29.468569     31.560      7.028   284.6746     1.4840     4.0055     0.0213      0.001     -0.039     -0.056        146 4.7049e+02 0.0000e+00
     -0.039    21.7257     5.3234     60.604  29.418351     31.469      7.027   284.8639     1.3587     3.7235     0.0213      0.002     -0.039     -0.056        147 4.6826e+02 0.0000e+00
     -0.040    21.7287     5.3062     60.411  29.353349     31.407      7.030   285.2046     1.3830     3.8309     0.0213      0.002     -0.039     -0.056        148 4.5497e+02 0.0000e+00
     -0.039    21.7313     5.2957     60.296  29.401217     31.465      7.029   285.1289     1.3668     3.7101     0.0213      0.002     -0.038     -0.055        149 4.6065e+02 0.0000e+00
     -0.038    21.7342     5.2841     60.166  29.358779     31.403      7.029   285.3939     1.3627     3.8041     0.0213      0.002     -0.038     -0.055        150 4.5661e+02 0.0000e+00
     -0.039    21.7374     5.2726     60.037  29.406163     31.461      7.026   285.2803     1.5245     4.1801     0.0213      0.001     -0.038     -0.055        151 4.6329e+02 0.0000e+00
     -0.040    21.7405     5.2620     59.919  29.431195     31.489      7.025   285.5074     1.5204     4.1129     0.0213      0.001     -0.039     -0.056        152 4.5542e+02 0.0000e+00
     -0.040    21.7436     5.2470     59.751  29.416571     31.457      7.019   285.6210     1.5083     4.0055     0.0213     -0.000     -0.039     -0.057        153 4.6470e+02 0.0000e+00
     -0.040    21.7470     5.2361     59.630  29.394712     31.455      7.017   285.5832     1.5124     3.9921     0.0213     -0.000     -0.040     -0.057        154 4.6169e+02 0.0000e+00
     -0.041    21.7499     5.2190     59.439  29.369450     31.393      7.016   285.4317     1.4881     3.8578     0.0213     -0.001     -0.040     -0.057        155 4.7604e+02 0.0000e+00
     -0.040    21.7526     5.2161     59.409  29.388709     31.451      7.014   285.4317     1.5083     3.8578     0.0213     -0.001     -0.040     -0.057        156 4.4349e+02 0.0000e+00
     -0.040    21.7547     5.2037     59.270  29.370744     31.389      7.012   285.3560     1.5245     3.7504     0.0213     -0.001     -0.040     -0.058        157 5.5931e+02 0.0000e+00
     -0.041    21.7574     5.1894     59.110  29.451106     31.507      7.011   285.5453     1.4719     3.7369     0.0213     -0.001     -0.041     -0.059        158 6.2385e+02 0.0000e+00
     -0.042    21.7607     5.1806     59.014  29.436944     31.476      7.014   285.9239     1.4881     3.7907     0.0213     -0.001     -0.041     -0.060        159 6.8918e+02 0.0000e+00
     -0.043    21.7630     5.1715     58.913  29.358717     31.384      7.014   285.9239     1.4436     3.9249     0.0213     -0.001     -0.041     -0.060        160 7.7163e+02 0.0000e+00
     -0.041    21.7646     5.1656     58.849  29.400211     31.442      7.017   285.8103     1.4436     4.0055     0.0213     -0.001     -0.041     -0.059        161 6.0156e+02 0.0000e+00
     -0.040    21.7666     5.1576     58.758  29.414954     31.440      7.020   286.3024     1.4436     4.0592     0.0213     -0.001     -0.040     -0.057        162 4.0452e+02 0.0000e+00
     -0.040    21.7692     5.1473     58.642  29.399668     31.439      7.025   286.2267     1.4274     4.0592     0.0213     -0.000     -0.040     -0.057        163 5.7579e+02 0.0000e+00
     -0.040    21.7721     5.1387     58.545  29.419234     31.438      7.025   286.7567     1.4436     3.8578     0.0213      0.000     -0.040     -0.058        164 9.5662e+02 0.0000e+00
     -0.041    21.7751     5.1331     58.483  29.420251     31.466      7.023   286.4917     1.4355     3.7235     0.0213      0.000     -0.040     -0.058        165 5.9763e+02 0.0000e+00
     -0.041    21.7778     5.1227     58.366  29.428049     31.434      7.024   286.6432     1.4517     3.7235     0.0213      0.001     -0.039     -0.057        166 3.9702e+02 0.0000e+00
     -0.039    21.7803     5.1139     58.267  29.379880     31.432      7.024   286.5296     1.4355     3.8175     0.0213      0.001     -0.038     -0.056        167 4.9658e+02 0.0000e+00
     -0.039    21.7830     5.1060     58.179  29.331951     31.311      7.021   286.6810     1.4194     3.7907     0.0212      0.001     -0.038     -0.055        168 4.3053e+02 0.0000e+00
     -0.039    21.7856     5.1027     58.144  29.369098     31.428      7.018   286.4160     1.4274     3.7369     0.0213      0.001     -0.038     -0.056        169 4.7900e+02 0.0000e+00
     -0.040    21.7886     5.0983     58.093  29.392948     31.367      7.015   286.9839     1.4638     3.8578     0.0213      0.001     -0.039     -0.057        170 4.3383e+02 0.0000e+00
