Data/DataNotYetUploadedToEDI/Raw_CTD/2018_RawDownloads/052118_fcr20.cnv
* Sea-Bird SBE19plus  Data File:
* FileName = C:\DATA\052118_fcr_0002.hex
* Software version 2.6.3.104
* Temperature SN = 7809
* Conductivity SN = 7809
* System UpLoad Time = May 21 2018 16:56:15
* <ApplicationData>
* <Seaterm232>
# nquan = 17
# nvalues = 748                         
# units = specified
# name 0 = depFM: Depth [fresh water, m]
# name 1 = tv290C: Temperature [ITS-90, deg C]
# name 2 = sbeox0Mg/L: Oxygen, SBE 43 [mg/l]
# name 3 = sbeox0PS: Oxygen, SBE 43 [% saturation]
# name 4 = c0uS/cm: Conductivity [uS/cm]
# name 5 = specc: Specific Conductance [uS/cm]
# name 6 = ph: pH
# name 7 = orp: Oxidation Reduction Potential [mV]
# name 8 = flECO-AFL: Fluorescence, WET Labs ECO-AFL/FL [mg/m^3]
# name 9 = turbWETntu0: Turbidity, WET Labs ECO [NTU]
# name 10 = sal00: Salinity, Practical [PSU]
# name 11 = dz/dtM: Descent Rate [m/s]
# name 12 = prdM: Pressure, Strain Gauge [db]
# name 13 = prdE: Pressure, Strain Gauge [psi]
# name 14 = scan: Scan Count
# name 15 = par/sat/log: PAR/Logarithmic, Satlantic
# name 16 = flag:  0.000e+00
# span 0 =     -0.514,      3.737       
# span 1 =    12.5836,    23.9726       
# span 2 =    -0.0163,     9.3131       
# span 3 =     -0.154,    104.866       
# span 4 =  -0.319715,  59.192517       
# span 5 =      0.577,     78.393       
# span 6 =      5.187,      7.261       
# span 7 = -1240.7455,  1240.2295       
# span 8 =    -1.4193,     3.4371       
# span 9 =    -0.3049,    15.2044       
# span 10 =     0.0115,     0.0386      
# span 11 =     -0.182,      0.217      
# span 12 =     -0.504,      3.664      
# span 13 =     -0.731,      5.314      
# span 14 =          1,        748      
# span 15 = 7.4138e+00, 2.7920e+03      
# span 16 = 0.0000e+00, 0.0000e+00      
# interval = seconds: 0.25
# start_time = May 21 2018 17:06:46 [Instrument's time stamp, header]
# bad_flag = -9.990e-29
*END*
[from data line 171]
     -0.042    21.7917     5.3077     60.200  29.386404     31.363      7.007   287.1353     1.2859     3.9652     0.0213     -0.000     -0.041     -0.060        172 5.9325e+02 0.0000e+00
     -0.042    21.7920     5.9234     66.996  29.383785     31.421      7.008   287.1732     1.3061     4.0055     0.0213     -0.001     -0.042     -0.061        173 4.7590e+02 0.0000e+00
     -0.044    21.7932     6.7368     76.091  29.424123     31.421      7.007   286.9082     1.3425     4.1129     0.0213     -0.002     -0.043     -0.063        174 4.7116e+02 0.0000e+00
     -0.047    21.7948     7.5416     85.119  29.395500     31.420      7.004   286.9082     1.3223     3.9518     0.0213     -0.004     -0.045     -0.066        175 4.4248e+02 0.0000e+00
     -0.048    21.7966     8.2147     92.667  29.419407     31.420      7.000   287.4760     1.3061     3.9249     0.0213     -0.005     -0.047     -0.069        176 9.9573e+02 0.0000e+00
     -0.051    21.7975     8.7344     98.479  29.394372     31.419      6.992   287.1732     1.4194     3.9249     0.0213     -0.005     -0.049     -0.072        177 2.4797e+03 0.0000e+00
     -0.052    21.7999     9.0966    102.500  29.456303     31.447      6.991   287.3624     1.4517     3.9384     0.0213     -0.006     -0.050     -0.073        178 2.5007e+03 0.0000e+00
     -0.051    21.8011     9.3131    104.866  29.431282     31.476      6.990   287.1353     1.4557     4.0995     0.0213     -0.006     -0.049     -0.072        179 2.0770e+03 0.0000e+00
     -0.048    21.8024     9.3010    104.672  29.455159     31.415      6.988   287.4760     1.4638     4.0055     0.0213     -0.005     -0.048     -0.070        180 2.0749e+03 0.0000e+00
     -0.047    21.7359     9.1450    102.888  29.337639     31.414      6.989   287.4003     1.4315     3.8041     0.0213     -0.003     -0.047     -0.068        181 1.0823e+03 0.0000e+00
     -0.047    21.5654     8.9530    100.725  28.450899     30.340      6.994   287.5517     1.4274     3.7772     0.0209     -0.001     -0.046     -0.067        182 5.1673e+02 0.0000e+00
     -0.046    21.4185     8.7604     98.555  27.920025     29.871      6.996   287.4760     1.4517     3.7907     0.0206      0.001     -0.045     -0.065        183 5.0369e+02 0.0000e+00
     -0.045    21.3479     8.6153     96.904  28.011935     30.076      6.994   287.4382     1.4638     3.8041     0.0207      0.003     -0.044     -0.064        184 4.4040e+02 0.0000e+00
     -0.044    21.3095     8.5163     95.770  28.040100     30.199      6.994   287.7410     1.2091     3.7101     0.0207      0.004     -0.043     -0.063        185 4.6670e+02 0.0000e+00
     -0.043    21.2828     8.4767     95.295  27.973966     30.185      6.992   287.5517     1.1808     3.7638     0.0207      0.004     -0.042     -0.061        186 4.4843e+02 0.0000e+00
     -0.042    21.2565     8.4566     95.042  27.946034     30.149      6.991   287.7032     1.2050     3.8981     0.0206      0.004     -0.041     -0.060        187 4.6060e+02 0.0000e+00
     -0.041    21.2251     8.4327     94.753  28.015584     30.288      6.990   287.5517     1.1929     3.8578     0.0207      0.003     -0.041     -0.060        188 4.5525e+02 0.0000e+00
     -0.042    21.1892     8.3982     94.353  27.946719     30.184      6.985   288.0060     1.1484     3.8981     0.0206      0.003     -0.041     -0.060        189 4.7570e+02 0.0000e+00
     -0.043    21.1610     8.3591     93.908  27.972452     30.265      6.980   288.0439     1.1484     3.9384     0.0206      0.002     -0.042     -0.060        190 4.6093e+02 0.0000e+00
     -0.042    21.1467     8.3418     93.710  27.983570     30.288      6.976   288.1196     1.1727     3.9786     0.0206      0.002     -0.042     -0.060        191 4.6874e+02 0.0000e+00
     -0.042    21.1455     8.3294     93.579  27.932897     30.247      6.977   287.5139     1.2010     4.0055     0.0206      0.001     -0.042     -0.061        192 4.4177e+02 0.0000e+00
     -0.044    21.1433     8.3282     93.587  27.976232     30.316      6.980   287.7789     1.3344     3.7772     0.0206      0.000     -0.043     -0.062        193 4.8383e+02 0.0000e+00
     -0.045    21.1340     8.3326     93.665  27.988939     30.317      6.983   287.9682     1.2940     3.7772     0.0206     -0.001     -0.044     -0.064        194 4.9875e+02 0.0000e+00
     -0.045    21.1226     8.3483     93.848  27.976377     30.318      6.984   287.8925     1.3183     3.8309     0.0206     -0.002     -0.044     -0.064        195 5.0715e+02 0.0000e+00
     -0.045    21.1070     8.3667     94.023  27.932572     30.264      6.983   288.4603     1.3183     3.7907     0.0206     -0.002     -0.044     -0.064        196 3.9272e+02 0.0000e+00
     -0.044    21.0920     8.3828     94.191  27.984162     30.332      6.980   288.3467     1.3344     3.7772     0.0206     -0.002     -0.044     -0.064        197 5.5816e+02 0.0000e+00
     -0.046    21.0813     8.4063     94.467  28.001120     30.373      6.975   288.4603     1.2455     3.6967     0.0207     -0.002     -0.045     -0.065        198 1.5523e+03 0.0000e+00
     -0.047    21.0746     8.4090     94.521  27.941122     30.292      6.977   288.1953     1.2293     3.7101     0.0206     -0.002     -0.045     -0.066        199 1.5336e+03 0.0000e+00
     -0.045    21.0714     8.3857     94.285  27.969893     30.359      6.982   287.6275     1.2374     3.8578     0.0206     -0.001     -0.044     -0.065        200 8.0349e+02 0.0000e+00
     -0.044    21.0692     8.3414     93.815  27.935671     30.303      6.982   288.3846     1.2455     3.8175     0.0206     -0.000     -0.044     -0.064        201 5.1052e+02 0.0000e+00
     -0.044    21.0737     8.3073     93.444  27.924421     30.305      6.986   288.4225     1.2859     3.7235     0.0206      0.000     -0.044     -0.064        202 5.0508e+02 0.0000e+00
     -0.047    21.0859     8.2960     93.330  27.983897     30.367      6.986   288.3467     1.2940     3.7504     0.0206     -0.000     -0.047     -0.068        203 1.2323e+03 0.0000e+00
     -0.053    21.1018     8.3023     93.428  28.009888     30.395      6.982   288.0439     1.2900     3.7235     0.0207     -0.002     -0.049     -0.071        204 2.5594e+03 0.0000e+00
     -0.048    21.1042     8.3259     93.725  28.040307     30.417      6.981   288.1953     1.3142     3.7907     0.0207     -0.002     -0.048     -0.069        205 2.3752e+03 0.0000e+00
     -0.043    21.0883     8.3569     94.074  27.975684     30.346      6.977   288.3089     1.2536     3.8041     0.0206     -0.001     -0.046     -0.066        206 7.3706e+02 0.0000e+00
     -0.048    21.0801     8.3832     94.339  27.942071     30.283      6.977   288.4225     1.2576     3.7504     0.0206     -0.001     -0.047     -0.069        207 6.4533e+02 0.0000e+00
     -0.053    21.0870     8.4034     94.559  27.963549     30.355      6.972   288.2332     1.2374     3.6429     0.0206     -0.003     -0.052     -0.076        208 7.8037e+02 0.0000e+00
     -0.059    21.0997     8.4148     94.685  27.948958     30.299      6.966   288.4603     1.2616     3.8041     0.0206     -0.005     -0.057     -0.084        209 4.6544e+02 0.0000e+00
     -0.066    21.1148     8.4119     94.636  27.960232     30.356      6.960   288.4982     1.3587     3.7369     0.0206     -0.008     -0.062     -0.091        210 4.5104e+02 0.0000e+00
     -0.066    21.1285     8.4021     94.503  27.949517     30.286      6.958   288.5360     1.3627     3.8041     0.0206     -0.009     -0.067     -0.096        211 6.9123e+02 0.0000e+00
     -0.073    21.1360     8.4064     94.550  27.962287     30.338      6.956   288.3846     1.3425     3.7235     0.0206     -0.012     -0.073     -0.106        212 9.5680e+02 0.0000e+00
     -0.087    21.1432     8.4120     94.646  27.944335     30.267      6.965   289.1039     1.3587     3.6967     0.0206     -0.019     -0.083     -0.120        213 5.2479e+02 0.0000e+00
     -0.092    21.1582     8.4290     94.903  27.971854     30.323      6.972   288.9146     1.4436     4.0592     0.0206     -0.023     -0.088     -0.128        214 4.3440e+02 0.0000e+00
     -0.089    21.1751     8.4452     95.168  27.987330     30.319      6.975   288.8389     1.4436     3.9786     0.0206     -0.022     -0.088     -0.129        215 1.3659e+03 0.0000e+00
     -0.089    21.1743     8.4549     95.350  27.984366     30.309      6.977   289.2553     1.4396     3.9518     0.0206     -0.020     -0.092     -0.134        216 1.8982e+03 0.0000e+00
     -0.105    21.1591     8.4670     95.534  28.005185     30.328      6.975   289.5960     1.4396     3.9115     0.0207     -0.021     -0.103     -0.150        217 1.1819e+03 0.0000e+00
     -0.121    21.1542     8.4683     95.585  28.050356     30.358      6.975   289.5203     1.4072     3.9249     0.0207     -0.025     -0.113     -0.165        218 1.0874e+03 0.0000e+00
     -0.119    21.1533     8.4533     95.453  28.106032     30.460      6.972   289.7475     1.4962     3.9786     0.0207     -0.026     -0.115     -0.168        219 1.3213e+03 0.0000e+00
     -0.113    21.1442     8.4375     95.321  28.054491     30.372      6.973   289.7853     1.4760     3.9384     0.0207     -0.022     -0.114     -0.165        220 1.5811e+03 0.0000e+00
     -0.116    21.1324     8.4172     95.161  28.025560     30.372      6.972   290.2396     1.4962     3.9518     0.0207     -0.018     -0.115     -0.166        221 1.9158e+03 0.0000e+00
     -0.121    21.1314     8.3945     94.998  27.993802     30.318      6.963   290.3153     1.4921     3.9652     0.0206     -0.017     -0.118     -0.170        222 1.2788e+03 0.0000e+00
     -0.121    21.1496     8.3692     94.802  27.975430     30.326      6.957   290.3153     1.1929     4.1398     0.0206     -0.016     -0.119     -0.172        223 7.8776e+02 0.0000e+00
     -0.120    21.1851     8.3586     94.749  27.989133     30.327      6.953   290.5046     1.1808     4.2338     0.0206     -0.011     -0.119     -0.172        224 5.2258e+02 0.0000e+00
     -0.121    21.2290     8.3467     94.646  27.976748     30.314      6.951   290.5046     1.1686     4.2203     0.0206     -0.005     -0.119     -0.173        225 4.6645e+02 0.0000e+00
     -0.122    21.2677     8.3436     94.621  27.990837     30.291      6.947   290.8075     1.1808     4.2338     0.0206     -0.002     -0.120     -0.174        226 4.3404e+02 0.0000e+00
     -0.123    21.2943     8.3524     94.723  27.971586     30.262      6.952   290.7317     1.1848     3.7369     0.0206     -0.003     -0.120     -0.174        227 8.4904e+02 0.0000e+00
     -0.122    21.3136     8.3629     94.852  27.941395     30.176      6.954   290.9967     1.1646     3.7772     0.0206     -0.004     -0.120     -0.174        228 1.3142e+03 0.0000e+00
     -0.122    21.3336     8.3625     94.876  27.909806     30.159      6.955   291.1482     1.1727     3.7369     0.0206     -0.002     -0.120     -0.173        229 6.4221e+02 0.0000e+00
     -0.121    21.3588     8.3505     94.753  27.892297     30.086      6.949   291.3375     1.1929     3.7235     0.0206     -0.001     -0.119     -0.172        230 3.8816e+02 0.0000e+00
     -0.120    21.3963     8.3475     94.705  27.963175     30.194      6.942   291.4889     1.0514     4.2606     0.0207      0.000     -0.118     -0.171        231 5.7747e+02 0.0000e+00
     -0.120    21.4465     8.3494     94.712  27.999474     30.178      6.931   291.7539     1.0554     4.1666     0.0207      0.000     -0.118     -0.171        232 9.1780e+02 0.0000e+00
     -0.120    21.4958     8.3609     94.823  28.024997     30.214      6.929   291.3753     1.0554     4.1532     0.0207      0.001     -0.118     -0.171        233 1.7390e+03 0.0000e+00
     -0.120    21.5316     8.3751     94.964  28.049986     30.181      6.934   291.7160     1.0271     4.1264     0.0207      0.002     -0.118     -0.171        234 1.9278e+03 0.0000e+00
     -0.120    21.5497     8.3861     95.088  28.116592     30.239      6.935   291.6403     1.1120     3.9518     0.0207      0.001     -0.118     -0.172        235 1.0737e+03 0.0000e+00
     -0.121    21.5558     8.3973     95.222  28.119972     30.215      6.942   291.7917     1.1039     4.0324     0.0207      0.001     -0.119     -0.173        236 4.5562e+02 0.0000e+00
     -0.121    21.5568     8.3970     95.196  28.016120     30.084      6.944   291.9053     1.1201     4.0055     0.0207      0.000     -0.119     -0.173        237 4.8834e+02 0.0000e+00
     -0.121    21.5625     8.3954     95.151  27.979004     30.050      6.952   292.0189     1.0918     3.9652     0.0207     -0.001     -0.119     -0.174        238 4.2257e+02 0.0000e+00
     -0.123    21.5772     8.3968     95.151  27.988276     30.049      6.957   292.3975     1.1161     4.0189     0.0207     -0.001     -0.120     -0.175        239 5.2018e+02 0.0000e+00
     -0.125    21.5840     8.3986     95.161  28.034226     30.106      6.960   292.2839     1.1403     3.8981     0.0207     -0.002     -0.122     -0.177        240 7.7839e+02 0.0000e+00
     -0.126    21.5776     8.3962     95.134  28.040406     30.096      6.963   292.5110     1.1080     3.7772     0.0207     -0.003     -0.124     -0.179        241 5.2466e+02 0.0000e+00
     -0.126    21.5689     8.3874     95.039  28.039875     30.091      6.966   292.7382     1.0878     3.7235     0.0207     -0.003     -0.124     -0.179        242 4.4247e+02 0.0000e+00
     -0.126    21.5582     8.3789     94.955  28.034885     30.096      6.969   292.9275     1.1161     3.7101     0.0207     -0.003     -0.123     -0.179        243 4.5458e+02 0.0000e+00
     -0.125    21.5477     8.3734     94.910  28.076265     30.131      6.971   292.4353     1.1686     3.3475     0.0207     -0.003     -0.122     -0.177        244 5.0074e+02 0.0000e+00
     -0.123    21.5480     8.3747     94.942  28.106968     30.198      6.976   292.5868     1.1767     3.4012     0.0207     -0.002     -0.121     -0.175        245 9.3253e+02 0.0000e+00
     -0.122    21.5504     8.3650     94.847  28.055971     30.115      6.975   292.6625     1.1848     3.3207     0.0207     -0.000     -0.121     -0.175        246 8.0816e+02 0.0000e+00
     -0.123    21.5389     8.3538     94.725  28.021144     30.115      6.979   293.0789     1.1686     3.3207     0.0207      0.001     -0.121     -0.175        247 4.6742e+02 0.0000e+00
     -0.123    21.5243     8.3514     94.688  27.942783     29.993      6.977   292.8896     1.3830     3.7369     0.0206      0.002     -0.120     -0.175        248 4.5399e+02 0.0000e+00
     -0.122    21.5156     8.3622     94.794  27.857023     29.941      6.977   293.0032     1.3910     3.8309     0.0206      0.002     -0.119     -0.174        249 4.6366e+02 0.0000e+00
     -0.121    21.5106     8.3778     94.958  27.831406     29.890      6.980   293.0789     1.3749     3.6832     0.0206      0.003     -0.118     -0.172        250 4.6231e+02 0.0000e+00
     -0.119    21.5099     8.3923     95.113  27.856080     29.956      6.977   293.0789     1.3668     3.8309     0.0206      0.003     -0.117     -0.170        251 4.6720e+02 0.0000e+00
     -0.118    21.5132     8.3978     95.163  27.826322     29.899      6.977   293.1546     1.3344     3.6564     0.0206      0.003     -0.117     -0.169        252 4.6593e+02 0.0000e+00
     -0.119    21.5199     8.4106     95.277  27.809152     29.899      6.969   292.9275     1.3951     3.8175     0.0206      0.003     -0.117     -0.170        253 4.6852e+02 0.0000e+00
     -0.120    21.5287     8.4277     95.422  27.818155     29.897      6.962   293.0032     1.3910     3.8578     0.0206      0.002     -0.118     -0.171        254 4.6796e+02 0.0000e+00
     -0.122    21.5380     8.4362     95.482  27.815114     29.893      6.956   293.2303     1.3587     3.7101     0.0206      0.001     -0.120     -0.173        255 4.6855e+02 0.0000e+00
