Data/DataNotYetUploadedToEDI/Raw_CTD/2018_RawDownloads/052118_fcr20.cnv
* Sea-Bird SBE19plus  Data File:
* FileName = C:\DATA\052118_fcr_0002.hex
* Software version 2.6.3.104
* Temperature SN = 7809
* Conductivity SN = 7809
* System UpLoad Time = May 21 2018 16:56:15
* <ApplicationData>
* <Seaterm232>
# nquan = 17
# nvalues = 748                         
# units = specified
# name 0 = depFM: Depth [fresh water, m]
# name 1 = tv290C: Temperature [ITS-90, deg C]
# name 2 = sbeox0Mg/L: Oxygen, SBE 43 [mg/l]
# name 3 = sbeox0PS: Oxygen, SBE 43 [% saturation]
# name 4 = c0uS/cm: Conductivity [uS/cm]
# name 5 = specc: Specific Conductance [uS/cm]
# name 6 = ph: pH
# name 7 = orp: Oxidation Reduction Potential [mV]
# name 8 = flECO-AFL: Fluorescence, WET Labs ECO-AFL/FL [mg/m^3]
# name 9 = turbWETntu0: Turbidity, WET Labs ECO [NTU]
# name 10 = sal00: Salinity, Practical [PSU]
# name 11 = dz/dtM: Descent Rate [m/s]
# name 12 = prdM: Pressure, Strain Gauge [db]
# name 13 = prdE: Pressure, Strain Gauge [psi]
# name 14 = scan: Scan Count
# name 15 = par/sat/log: PAR/Logarithmic, Satlantic
# name 16 = flag:  0.000e+00
# span 0 =     -0.514,      3.737       
# span 1 =    12.5836,    23.9726       
# span 2 =    -0.0163,     9.3131       
# span 3 =     -0.154,    104.866       
# span 4 =  -0.319715,  59.192517       
# span 5 =      0.577,     78.393       
# span 6 =      5.187,      7.261       
# span 7 = -1240.7455,  1240.2295       
# span 8 =    -1.4193,     3.4371       
# span 9 =    -0.3049,    15.2044       
# span 10 =     0.0115,     0.0386      
# span 11 =     -0.182,      0.217      
# span 12 =     -0.504,      3.664      
# span 13 =     -0.731,      5.314      
# span 14 =          1,        748      
# span 15 = 7.4138e+00, 2.7920e+03      
# span 16 = 0.0000e+00, 0.0000e+00      
# interval = seconds: 0.25
# start_time = May 21 2018 17:06:46 [Instrument's time stamp, header]
# bad_flag = -9.990e-29
*END*
[from data line 256]
     -0.124    21.5487     8.4303     95.417  27.865662     29.941      6.961   293.7603     1.1808     3.2670     0.0206     -0.001     -0.121     -0.176        257 4.7561e+02 0.0000e+00
     -0.124    21.5438     8.4172     95.289  27.823279     29.876      6.966   293.5710     1.2091     3.3475     0.0206     -0.003     -0.122     -0.177        258 4.6089e+02 0.0000e+00
     -0.126    21.5351     8.4168     95.314  27.865676     29.934      6.968   293.5710     1.2172     3.3744     0.0206     -0.004     -0.124     -0.179        259 4.6903e+02 0.0000e+00
     -0.127    21.5279     8.4125     95.291  27.872194     29.937      6.970   293.6468     1.1929     3.3341     0.0206     -0.004     -0.124     -0.179        260 4.5006e+02 0.0000e+00
     -0.126    21.5231     8.4107     95.275  27.874463     29.943      6.968   293.5332     1.3708     3.9921     0.0206     -0.004     -0.124     -0.179        261 4.8034e+02 0.0000e+00
     -0.126    21.5160     8.4077     95.237  27.862854     29.948      6.967   293.7982     1.3587     4.0324     0.0206     -0.003     -0.123     -0.179        262 6.2721e+02 0.0000e+00
     -0.125    21.4991     8.4088     95.243  27.886643     29.951      6.968   293.6468     1.3830     3.9249     0.0206     -0.002     -0.123     -0.178        263 1.0041e+03 0.0000e+00
     -0.125    21.4732     8.3990     95.121  27.963448     30.075      6.965   293.6089     1.3910     3.8578     0.0207     -0.001     -0.123     -0.177        264 1.2145e+03 0.0000e+00
     -0.124    21.4535     8.3875     94.978  27.885863     29.966      6.964   293.6468     1.3749     3.7772     0.0206     -0.000     -0.122     -0.176        265 6.7961e+02 0.0000e+00
     -0.123    21.4490     8.3926     95.025  27.864615     29.983      6.970   293.5332     1.3749     3.8578     0.0206      0.001     -0.121     -0.175        266 4.6186e+02 0.0000e+00
     -0.122    21.4543     8.3994     95.093  27.930605     30.056      6.976   293.5710     1.3789     3.7504     0.0206      0.002     -0.120     -0.174        267 4.3541e+02 0.0000e+00
     -0.121    21.4655     8.4033     95.129  27.922334     30.059      6.977   293.8739     1.3668     3.7772     0.0206      0.003     -0.119     -0.173        268 8.7256e+02 0.0000e+00
     -0.122    21.4815     8.4231     95.352  27.934204     30.055      6.978   293.5332     1.4234     3.9786     0.0206      0.003     -0.119     -0.173        269 1.5706e+03 0.0000e+00
     -0.121    21.4950     8.4305     95.437  27.975124     30.108      6.974   293.9875     1.4194     3.9249     0.0207      0.003     -0.119     -0.173        270 9.4001e+02 0.0000e+00
     -0.122    21.4979     8.4458     95.596  27.930700     30.038      6.974   293.7603     1.4355     4.0324     0.0206      0.002     -0.119     -0.173        271 4.3652e+02 0.0000e+00
     -0.122    21.4953     8.4555     95.690  27.870898     29.969      6.976   294.3660     1.4355     4.0592     0.0206      0.002     -0.119     -0.173        272 4.8541e+02 0.0000e+00
     -0.122    21.4921     8.4663     95.802  27.871662     29.967      6.976   294.4796     1.1727     3.5490     0.0206      0.001     -0.119     -0.173        273 4.4749e+02 0.0000e+00
     -0.122    21.4861     8.4725     95.874  27.870453     29.969      6.975   294.2903     1.1444     3.4952     0.0206      0.000     -0.120     -0.174        274 4.7389e+02 0.0000e+00
     -0.123    21.4788     8.4691     95.835  27.872401     29.971      6.974   294.3660     1.2091     3.6295     0.0206     -0.000     -0.120     -0.174        275 4.7006e+02 0.0000e+00
     -0.123    21.4731     8.4666     95.810  27.928532     30.035      6.969   294.1768     1.2010     3.6027     0.0206     -0.001     -0.121     -0.175        276 4.6676e+02 0.0000e+00
     -0.124    21.4682     8.4569     95.712  27.919189     30.040      6.971   294.6689     1.4598     3.5624     0.0206     -0.001     -0.121     -0.175        277 4.6039e+02 0.0000e+00
     -0.123    21.4637     8.4403     95.546  27.884032     29.983      6.969   294.4418     1.4153     3.5892     0.0206     -0.001     -0.121     -0.175        278 4.5602e+02 0.0000e+00
     -0.123    21.4635     8.4193     95.324  27.972288     30.106      6.971   294.3660     1.4274     3.4818     0.0207     -0.001     -0.121     -0.175        279 4.7104e+02 0.0000e+00
     -0.123    21.4633     8.4136     95.257  27.927945     30.049      6.972   294.7825     1.4598     3.5355     0.0206     -0.001     -0.121     -0.175        280 6.0727e+02 0.0000e+00
     -0.123    21.4562     8.4059     95.161  27.879923     29.989      6.977   294.6310     1.4436     3.5758     0.0206     -0.001     -0.121     -0.175        281 6.2457e+02 0.0000e+00
     -0.123    21.4473     8.3879     94.947  27.913464     30.049      6.974   295.0096     1.3587     3.7772     0.0206     -0.000     -0.121     -0.175        282 4.6979e+02 0.0000e+00
     -0.122    21.4427     8.3800     94.842  27.886205     29.994      6.977   295.0096     1.3910     3.7772     0.0206      0.000     -0.120     -0.174        283 4.6170e+02 0.0000e+00
     -0.122    21.4427     8.3759     94.779  27.913849     30.060      6.979   294.8582     1.3668     3.8175     0.0206      0.001     -0.120     -0.174        284 4.4954e+02 0.0000e+00
     -0.122    21.4435     8.3825     94.833  27.938358     30.063      6.980   295.1232     1.3668     3.7907     0.0206      0.001     -0.120     -0.174        285 4.8405e+02 0.0000e+00
     -0.122    21.4451     8.3856     94.841  27.914998     30.063      6.983   295.1232     1.3749     3.7772     0.0206      0.001     -0.120     -0.174        286 4.2288e+02 0.0000e+00
     -0.121    21.4516     8.3928     94.900  27.883627     30.002      6.983   294.9718     1.4032     3.6698     0.0206      0.001     -0.120     -0.174        287 5.3249e+02 0.0000e+00
     -0.122    21.4629     8.4004     94.979  27.918107     30.061      6.983   295.1232     1.3870     3.7772     0.0206      0.001     -0.120     -0.174        288 1.4104e+03 0.0000e+00
     -0.123    21.4712     8.4125     95.111  27.931380     30.057      6.985   294.7068     1.3991     3.7907     0.0206      0.000     -0.120     -0.174        289 1.6174e+03 0.0000e+00
     -0.122    21.4700     8.4298     95.312  27.985692     30.110      6.985   295.1989     1.2697     3.1730     0.0207      0.000     -0.120     -0.174        290 8.7665e+02 0.0000e+00
     -0.123    21.4652     8.4444     95.492  27.969101     30.104      6.985   295.4260     1.2293     3.1058     0.0207     -0.000     -0.120     -0.174        291 4.7179e+02 0.0000e+00
     -0.123    21.4597     8.4511     95.581  27.892731     29.985      6.984   295.6153     1.2131     3.1998     0.0206     -0.000     -0.121     -0.175        292 4.5512e+02 0.0000e+00
     -0.124    21.4514     8.4690     95.791  27.962143     30.108      6.983   295.8803     1.2819     3.1730     0.0207     -0.001     -0.121     -0.175        293 4.6079e+02 0.0000e+00
     -0.123    21.4420     8.4790     95.899  27.942013     30.052      6.984   295.8046     1.4355     3.8309     0.0206     -0.001     -0.121     -0.175        294 4.6270e+02 0.0000e+00
     -0.122    21.4311     8.4817     95.925  27.917786     30.057      6.985   295.9182     1.4194     3.7638     0.0206     -0.001     -0.120     -0.174        295 6.7988e+02 0.0000e+00
     -0.122    21.4164     8.4793     95.893  27.933005     30.063      6.985   295.6153     1.4477     3.8041     0.0206      0.000     -0.120     -0.174        296 7.2667e+02 0.0000e+00
     -0.122    21.4046     8.4815     95.905  27.923078     30.070      6.983   295.8803     1.4355     3.7101     0.0206      0.000     -0.120     -0.174        297 5.6068e+02 0.0000e+00
     -0.123    21.4001     8.4745     95.838  27.930142     30.080      6.985   295.6153     1.7024     3.9786     0.0206      0.000     -0.120     -0.174        298 5.2599e+02 0.0000e+00
     -0.123    21.3981     8.4699     95.831  27.924216     30.088      6.982   295.8425     1.6862     3.9249     0.0206      0.000     -0.120     -0.174        299 4.9858e+02 0.0000e+00
     -0.123    21.4007     8.4593     95.761  27.930457     30.090      6.983   295.9939     1.7226     4.0055     0.0206      0.000     -0.120     -0.174        300 4.2455e+02 0.0000e+00
     -0.123    21.4086     8.4467     95.656  27.922380     30.092      6.985   296.2210     1.7267     4.0324     0.0206      0.000     -0.121     -0.175        301 5.1125e+02 0.0000e+00
     -0.124    21.4163     8.4354     95.573  27.934269     30.090      6.987   295.9560     1.7024     4.0324     0.0206     -0.000     -0.122     -0.176        302 3.8886e+02 0.0000e+00
     -0.125    21.4199     8.4415     95.681  27.974953     30.145      6.985   296.1453     1.4962     3.3744     0.0207     -0.001     -0.123     -0.178        303 5.8279e+02 0.0000e+00
     -0.126    21.4173     8.4464     95.761  27.931040     30.080      6.983   295.7668     1.5002     3.3744     0.0206     -0.002     -0.123     -0.179        304 1.3985e+03 0.0000e+00
     -0.126    21.4145     8.4519     95.841  27.929621     30.078      6.986   296.2210     1.4881     3.3207     0.0206     -0.002     -0.123     -0.179        305 1.2415e+03 0.0000e+00
     -0.125    21.4116     8.4586     95.929  27.917424     30.079      6.987   295.9182     1.5326     3.2938     0.0206     -0.002     -0.122     -0.177        306 8.5474e+02 0.0000e+00
     -0.122    21.4058     8.4653     96.012  27.886926     30.021      6.985   295.7289     1.4396     3.3475     0.0206     -0.001     -0.119     -0.173        307 1.3375e+03 0.0000e+00
     -0.117    21.4121     8.4745     96.132  27.908284     30.083      6.983   295.9182     1.4517     3.2133     0.0206      0.001     -0.115     -0.168        308 2.4686e+03 0.0000e+00
     -0.116    21.4365     8.4706     96.104  27.890848     30.027      6.982   296.1453     1.4274     3.3207     0.0206      0.004     -0.115     -0.167        309 2.1653e+03 0.0000e+00
     -0.120    21.4623     8.4658     96.054  27.967920     30.143      6.980   295.8803     1.4436     3.4147     0.0207      0.004     -0.118     -0.171        310 5.8060e+02 0.0000e+00
     -0.125    21.4834     8.4675     96.067  27.990247     30.127      6.980   295.7289     1.3263     3.9921     0.0207      0.003     -0.121     -0.175        311 3.9338e+02 0.0000e+00
     -0.124    21.5070     8.4718     96.104  27.981642     30.110      6.983   295.8046     1.3142     3.8981     0.0207      0.002     -0.120     -0.174        312 4.9864e+02 0.0000e+00
     -0.119    21.5279     8.4800     96.183  27.978620     30.097      6.982   296.0696     1.2940     3.8846     0.0207      0.002     -0.116     -0.169        313 4.5438e+02 0.0000e+00
     -0.114    21.5411     8.4871     96.253  27.934704     30.021      6.977   296.2589     1.3102     4.0189     0.0206      0.002     -0.113     -0.164        314 4.8047e+02 0.0000e+00
     -0.113    21.5512     8.4876     96.256  27.976990     30.068      6.979   296.2589     1.1848     4.2606     0.0207      0.002     -0.113     -0.163        315 4.8654e+02 0.0000e+00
     -0.118    21.5573     8.4854     96.232  27.985282     30.059      6.976   296.3725     1.1889     4.2338     0.0207      0.001     -0.115     -0.167        316 5.7870e+02 0.0000e+00
     -0.122    21.5615     8.4746     96.111  27.983675     30.053      6.976   295.8803     1.1727     4.1801     0.0207      0.001     -0.118     -0.171        317 4.9563e+02 0.0000e+00
     -0.121    21.5696     8.4601     95.960  27.978988     30.049      6.976   295.9182     1.1808     4.0995     0.0207      0.002     -0.118     -0.171        318 9.7747e+02 0.0000e+00
     -0.117    21.5782     8.4459     95.823  27.931818     29.986      6.978   296.1075     1.1080     3.5221     0.0206      0.002     -0.116     -0.168        319 2.0063e+03 0.0000e+00
     -0.116    21.5802     8.4385     95.761  27.923787     29.981      6.977   296.4860     1.1080     3.5758     0.0206      0.001     -0.115     -0.166        320 2.3631e+03 0.0000e+00
     -0.118    21.5770     8.4358     95.740  27.929687     29.975      6.972   296.6375     1.0878     3.5758     0.0206     -0.001     -0.116     -0.168        321 1.2854e+03 0.0000e+00
     -0.122    21.5709     8.4401     95.784  27.924472     29.974      6.970   296.4482     1.1039     3.4684     0.0206     -0.002     -0.118     -0.172        322 5.2369e+02 0.0000e+00
     -0.122    21.5631     8.4534     95.924  27.989567     30.036      6.968   296.5618     1.1606     3.5490     0.0207     -0.002     -0.119     -0.173        323 6.5885e+02 0.0000e+00
     -0.122    21.5576     8.4794     96.209  27.967265     30.040      6.971   296.5618     1.2374     3.9786     0.0207     -0.001     -0.119     -0.173        324 5.4899e+02 0.0000e+00
     -0.121    21.5565     8.5060     96.501  27.892936     29.925      6.971   296.3346     1.2414     3.8981     0.0206     -0.001     -0.118     -0.172        325 4.0114e+02 0.0000e+00
     -0.119    21.5567     8.5147     96.597  27.963485     30.049      6.975   296.4103     1.2374     3.9652     0.0207     -0.001     -0.117     -0.170        326 5.6260e+02 0.0000e+00
     -0.119    21.5579     8.5208     96.674  27.998058     30.049      6.979   296.5996     1.2374     4.0055     0.0207     -0.001     -0.117     -0.170        327 8.1530e+02 0.0000e+00
     -0.120    21.5650     8.5195     96.664  27.968498     30.049      6.982   296.4482     1.5002     4.2203     0.0207     -0.001     -0.118     -0.171        328 5.6181e+02 0.0000e+00
     -0.121    21.5780     8.5210     96.682  28.000272     30.049      6.985   296.9025     1.5083     4.1264     0.0207      0.000     -0.118     -0.171        329 4.2333e+02 0.0000e+00
     -0.120    21.5897     8.5152     96.609  27.988162     30.074      6.987   296.8268     1.5043     4.2069     0.0207      0.001     -0.118     -0.170        330 5.1697e+02 0.0000e+00
     -0.119    21.5946     8.5092     96.538  27.953918     29.975      6.988   296.7510     1.5124     4.1398     0.0206      0.001     -0.117     -0.169        331 5.1418e+02 0.0000e+00
     -0.118    21.5924     8.5063     96.504  28.013237     30.088      6.987   296.9025     1.3789     3.8578     0.0207      0.001     -0.116     -0.168        332 4.9369e+02 0.0000e+00
     -0.117    21.5868     8.5029     96.475  28.003277     30.025      6.989   296.7510     1.3951     3.7772     0.0207      0.001     -0.116     -0.168        333 4.5483e+02 0.0000e+00
     -0.118    21.5814     8.4958     96.399  27.966311     30.026      6.988   296.7510     1.3506     3.7235     0.0207      0.001     -0.116     -0.169        334 4.6732e+02 0.0000e+00
     -0.119    21.5761     8.4857     96.276  27.940654     29.970      6.990   296.8646     1.3466     3.7638     0.0206      0.001     -0.116     -0.169        335 4.6164e+02 0.0000e+00
     -0.118    21.5751     8.4724     96.106  27.975916     30.033      6.991   296.7510     1.5285     3.8041     0.0207      0.001     -0.116     -0.169        336 4.6340e+02 0.0000e+00
     -0.119    21.5784     8.4545     95.884  27.981725     30.037      6.992   297.3946     1.5204     3.7638     0.0207      0.001     -0.116     -0.169        337 4.6503e+02 0.0000e+00
     -0.119    21.5811     8.4464     95.780  27.933425     29.977      6.995   297.0539     1.5002     3.8309     0.0206      0.000     -0.116     -0.169        338 4.5672e+02 0.0000e+00
     -0.119    21.5812     8.4422     95.737  27.976729     30.035      6.995   297.1296     1.5245     3.7235     0.0207     -0.000     -0.117     -0.169        339 4.7675e+02 0.0000e+00
     -0.119    21.5784     8.4438     95.759  27.987127     30.033      6.998   296.9782     1.5002     4.2741     0.0207     -0.001     -0.117     -0.169        340 4.4334e+02 0.0000e+00
