Data/DataNotYetUploadedToEDI/Raw_CTD/2018_RawDownloads/052118_fcr30.cnv
* Sea-Bird SBE19plus  Data File:
* FileName = C:\DATA\052118_fcr_0004.hex
* Software version 2.6.3.104
* Temperature SN = 7809
* Conductivity SN = 7809
* System UpLoad Time = May 21 2018 16:57:05
* <ApplicationData>
* <Seaterm232>
# nquan = 17
# nvalues = 841                         
# units = specified
# name 0 = depFM: Depth [fresh water, m]
# name 1 = tv290C: Temperature [ITS-90, deg C]
# name 2 = sbeox0Mg/L: Oxygen, SBE 43 [mg/l]
# name 3 = sbeox0PS: Oxygen, SBE 43 [% saturation]
# name 4 = c0uS/cm: Conductivity [uS/cm]
# name 5 = specc: Specific Conductance [uS/cm]
# name 6 = ph: pH
# name 7 = orp: Oxidation Reduction Potential [mV]
# name 8 = flECO-AFL: Fluorescence, WET Labs ECO-AFL/FL [mg/m^3]
# name 9 = turbWETntu0: Turbidity, WET Labs ECO [NTU]
# name 10 = sal00: Salinity, Practical [PSU]
# name 11 = dz/dtM: Descent Rate [m/s]
# name 12 = prdM: Pressure, Strain Gauge [db]
# name 13 = prdE: Pressure, Strain Gauge [psi]
# name 14 = scan: Scan Count
# name 15 = par/sat/log: PAR/Logarithmic, Satlantic
# name 16 = flag:  0.000e+00
# span 0 =     -0.523,      5.586       
# span 1 =     9.6366,    25.2040       
# span 2 =     4.2006,     9.3512       
# span 3 =     37.775,    104.366       
# span 4 =   1.396574,  33.084597       
# span 5 =      1.846,     42.038       
# span 6 =      4.940,      7.124       
# span 7 =   295.0096,   371.7841       
# span 8 =    -0.3235,     3.8981       
# span 9 =    -3.7961,    21.5692       
# span 10 =     0.0083,     0.0229      
# span 11 =     -0.263,      0.270      
# span 12 =     -0.512,      5.477      
# span 13 =     -0.743,      7.944      
# span 14 =          1,        841      
# span 15 = 1.8687e+00, 2.6340e+03      
# span 16 = 0.0000e+00, 0.0000e+00      
# interval = seconds: 0.25
# start_time = May 21 2018 17:39:41 [Instrument's time stamp, header]
# bad_flag = -9.990e-29
*END*
[from data line 256]
     -0.020    24.5354     8.2560     99.142  31.783823     32.054      7.007   303.3761     1.4194     4.4083     0.0223     -0.000     -0.019     -0.028        257 1.9728e+03 0.0000e+00
     -0.020    24.5000     8.2481     99.149  31.722137     32.003      7.008   303.3004     1.4234     4.4352     0.0223     -0.000     -0.019     -0.028        258 2.0373e+03 0.0000e+00
     -0.019    24.4777     8.2296     99.051  31.680417     31.964      7.003   303.1489     1.4436     4.4486     0.0223     -0.000     -0.019     -0.028        259 2.0298e+03 0.0000e+00
     -0.020    24.4673     8.2190     99.021  31.687493     32.016      6.999   303.4139     1.4962     4.4218     0.0223     -0.000     -0.019     -0.028        260 2.0713e+03 0.0000e+00
     -0.020    24.4747     8.2097     98.972  31.742997     32.058      6.992   303.2625     1.4921     4.4352     0.0223     -0.000     -0.019     -0.028        261 2.2350e+03 0.0000e+00
     -0.020    24.5131     8.1946     98.844  31.818919     32.178      6.987   303.1868     1.4800     4.3681     0.0224     -0.000     -0.019     -0.028        262 2.3722e+03 0.0000e+00
     -0.019    24.5707     8.1811     98.735  31.859883     32.173      6.980   303.3004     1.4679     4.3546     0.0224      0.000     -0.019     -0.028        263 2.3591e+03 0.0000e+00
     -0.020    24.5996     8.1817     98.776  31.899580     32.233      6.971   303.2246     1.5164     4.4621     0.0224      0.000     -0.019     -0.028        264 2.2420e+03 0.0000e+00
     -0.020    24.5830     8.1839     98.820  31.858458     32.110      6.970   303.4139     1.4396     4.3546     0.0224     -0.000     -0.019     -0.028        265 2.1318e+03 0.0000e+00
     -0.020    24.5620     8.1850     98.835  31.792427     32.063      6.972   303.5654     1.4315     4.4083     0.0224     -0.000     -0.019     -0.028        266 1.9816e+03 0.0000e+00
     -0.021    24.5750     8.1944     98.935  31.744525     31.990      6.977   303.2246     1.4436     4.4352     0.0223     -0.000     -0.019     -0.028        267 1.9608e+03 0.0000e+00
     -0.020    24.6294     8.1966     98.950  31.829119     32.116      6.983   303.6411     1.4194     4.3815     0.0224     -0.000     -0.019     -0.028        268 1.8543e+03 0.0000e+00
     -0.019    24.6975     8.2036     99.025  31.924375     32.193      6.985   303.5654     1.3506     4.3546     0.0224      0.000     -0.019     -0.028        269 1.7937e+03 0.0000e+00
     -0.020    24.7509     8.2069     99.063  31.922495     32.157      6.989   303.3761     1.3547     4.3278     0.0224     -0.000     -0.020     -0.028        270 2.1023e+03 0.0000e+00
     -0.020    24.7856     8.2089     99.105  31.979698     32.169      6.995   303.5654     1.3466     4.3009     0.0224     -0.000     -0.020     -0.028        271 2.0717e+03 0.0000e+00
     -0.020    24.8154     8.2022     99.058  32.001422     32.162      6.987   303.6032     1.3668     4.3815     0.0224     -0.000     -0.020     -0.028        272 2.1725e+03 0.0000e+00
     -0.020    24.8443     8.2000     99.066  31.984395     32.112      6.982   303.8682     1.4113     4.4486     0.0224     -0.000     -0.020     -0.028        273 2.3543e+03 0.0000e+00
     -0.019    24.8628     8.1900     98.998  32.030524     32.149      6.983   303.3004     1.4355     4.3815     0.0225      0.000     -0.019     -0.027        274 2.3056e+03 0.0000e+00
     -0.019    24.8727     8.1803     98.915  32.032959     32.130      6.989   303.7168     1.4113     4.4083     0.0225      0.000     -0.019     -0.027        275 2.2957e+03 0.0000e+00
     -0.019    24.8732     8.1638     98.738  31.981353     32.063      6.998   303.6789     1.4396     4.3815     0.0224      0.000     -0.019     -0.027        276 2.1887e+03 0.0000e+00
     -0.019    24.8662     8.1360     98.441  31.976128     32.056      7.008   303.5275     1.4355     4.4352     0.0224      0.000     -0.019     -0.027        277 1.9918e+03 0.0000e+00
     -0.019    24.8600     8.1140     98.195  31.980151     32.056      7.014   303.6411     1.4436     4.3278     0.0224      0.001     -0.019     -0.027        278 1.8584e+03 0.0000e+00
     -0.019    24.8548     8.1081     98.140  31.946694     32.032      7.014   303.7168     1.4234     4.4083     0.0224      0.001     -0.019     -0.027        279 2.0495e+03 0.0000e+00
     -0.018    24.8534     8.1089     98.176  31.928813     32.008      7.015   303.8682     1.3991     4.4352     0.0224      0.001     -0.019     -0.027        280 2.2257e+03 0.0000e+00
     -0.019    24.8636     8.1084     98.197  31.972756     32.068      7.019   303.7925     1.4396     4.4083     0.0224      0.000     -0.019     -0.028        281 2.1667e+03 0.0000e+00
     -0.020    24.8811     8.1344     98.545  31.980966     32.069      7.025   303.7925     1.4315     4.4755     0.0224     -0.000     -0.019     -0.028        282 2.1139e+03 0.0000e+00
     -0.019    24.9019     8.1681     98.989  31.977899     32.062      7.026   303.3761     1.4355     4.4352     0.0224     -0.000     -0.019     -0.028        283 2.1487e+03 0.0000e+00
     -0.019    24.9295     8.1934     99.323  32.035873     32.107      7.018   303.5654     1.4194     4.4352     0.0225     -0.000     -0.019     -0.028        284 2.1431e+03 0.0000e+00
     -0.020    24.9477     8.2230     99.694  32.057074     32.122      7.019   303.5654     1.4113     4.3949     0.0225     -0.000     -0.019     -0.027        285 2.2251e+03 0.0000e+00
     -0.018    24.9611     8.2534    100.061  32.040463     32.075      7.021   303.7546     1.4840     4.4621     0.0225     -0.000     -0.018     -0.026        286 2.2459e+03 0.0000e+00
     -0.018    24.9817     8.2736    100.304  32.086187     32.120      7.025   303.6411     1.5043     4.3009     0.0225      0.000     -0.018     -0.026        287 2.1624e+03 0.0000e+00
     -0.018    24.9939     8.2785    100.366  32.089120     32.112      7.032   303.7546     1.5083     4.3278     0.0225      0.000     -0.018     -0.026        288 2.0901e+03 0.0000e+00
     -0.019    25.0029     8.2705    100.278  32.036806     32.042      7.040   303.9439     1.4800     4.4083     0.0225      0.001     -0.018     -0.027        289 1.9062e+03 0.0000e+00
     -0.019    25.0172     8.2628    100.191  32.091980     32.090      7.044   303.8682     1.5204     4.3278     0.0225      0.001     -0.019     -0.027        290 2.0685e+03 0.0000e+00
     -0.019    25.0325     8.2779    100.376  32.109408     32.112      7.049   303.9439     1.5002     4.4083     0.0225      0.000     -0.019     -0.028        291 2.2342e+03 0.0000e+00
     -0.020    25.0502     8.2679    100.260  32.104067     32.075      7.051   303.7925     1.5043     4.4352     0.0225     -0.000     -0.019     -0.028        292 2.2086e+03 0.0000e+00
     -0.020    25.0695     8.2636    100.222  32.128273     32.121      7.050   304.1332     1.5326     4.4352     0.0225     -0.001     -0.019     -0.028        293 2.3292e+03 0.0000e+00
     -0.019    25.0849     8.2486    100.060  32.108931     32.054      7.051   304.1711     1.4355     4.3278     0.0225     -0.001     -0.018     -0.027        294 2.3050e+03 0.0000e+00
     -0.018    25.0913     8.2203     99.737  32.128130     32.097      7.047   303.7925     1.4355     4.3949     0.0225     -0.000     -0.018     -0.027        295 2.1766e+03 0.0000e+00
     -0.019    25.0907     8.1842     99.315  32.104373     32.032      7.043   304.0954     1.4355     4.4621     0.0225     -0.000     -0.018     -0.027        296 2.0742e+03 0.0000e+00
     -0.019    25.0897     8.1439     98.830  32.108838     32.055      7.044   303.9818     1.4396     4.4621     0.0225      0.000     -0.019     -0.027        297 1.9736e+03 0.0000e+00
     -0.019    25.0914     8.1089     98.406  32.152222     32.084      7.042   304.4361     1.5083     4.4352     0.0225      0.000     -0.019     -0.027        298 1.7893e+03 0.0000e+00
     -0.019    25.0959     8.0873     98.145  32.139339     32.085      7.035   304.1332     1.4800     4.3681     0.0225      0.000     -0.019     -0.027        299 1.8932e+03 0.0000e+00
     -0.019    25.0995     8.0981     98.281  32.154523     32.084      7.031   304.3604     1.4719     4.4352     0.0225      0.000     -0.019     -0.027        300 2.1684e+03 0.0000e+00
     -0.019    25.1007     8.1148     98.490  32.133325     32.081      7.030   304.1332     1.5245     4.4083     0.0225     -0.000     -0.019     -0.027        301 2.2370e+03 0.0000e+00
     -0.019    25.1035     8.1466     98.879  32.106413     32.022      7.026   304.3982     1.5204     4.4083     0.0225     -0.000     -0.019     -0.028        302 2.3101e+03 0.0000e+00
     -0.020    25.1112     8.1687     99.147  32.158362     32.105      7.027   304.2089     1.4921     4.3546     0.0225     -0.001     -0.019     -0.028        303 2.2849e+03 0.0000e+00
     -0.019    25.1218     8.2005     99.541  32.157635     32.076      7.024   304.2846     1.5002     4.3815     0.0225     -0.000     -0.019     -0.028        304 2.2950e+03 0.0000e+00
     -0.020    25.1333     8.2261     99.865  32.136970     32.071      7.018   304.2846     1.4800     4.4755     0.0225     -0.000     -0.019     -0.028        305 2.3284e+03 0.0000e+00
     -0.019    25.1414     8.2544    100.218  32.154423     32.064      7.012   304.2089     1.4881     4.4083     0.0225     -0.000     -0.019     -0.027        306 2.0397e+03 0.0000e+00
     -0.019    25.1444     8.2486    100.154  32.135908     32.057      7.011   304.2846     1.4962     4.4083     0.0225      0.000     -0.019     -0.027        307 1.9223e+03 0.0000e+00
     -0.019    25.1446     8.2860    100.610  32.160006     32.051      7.010   304.3225     1.4800     4.4352     0.0225 -9.905e-07     -0.019     -0.028        308 2.0004e+03 0.0000e+00
     -0.020    25.1446     8.3014    100.798  32.213388     32.133      7.017   304.3604     1.4760     4.3546     0.0225     -0.000     -0.019     -0.028        309 1.8857e+03 0.0000e+00
     -0.019    25.1472     8.3153    100.966  32.217735     32.105      7.025   304.3982     1.5043     4.4755     0.0225      0.000     -0.019     -0.027        310 2.0068e+03 0.0000e+00
     -0.019    25.1510     8.3218    101.043  32.184250     32.105      7.027   304.4361     1.4234     4.3681     0.0225      0.000     -0.019     -0.027        311 2.1461e+03 0.0000e+00
     -0.019    25.1531     8.3344    101.194  32.166103     32.048      7.033   304.2089     1.3910     4.4352     0.0225      0.000     -0.019     -0.027        312 2.1380e+03 0.0000e+00
     -0.019    25.1533     8.3444    101.319  32.181011     32.101      7.031   304.3604     1.4113     4.3546     0.0225      0.000     -0.019     -0.027        313 2.1795e+03 0.0000e+00
     -0.019    25.1570     8.3506    101.400  32.165695     32.044      7.028   304.3604     1.4598     4.4083     0.0225     -0.000     -0.019     -0.028        314 2.1687e+03 0.0000e+00
     -0.019    25.1643     8.3538    101.445  32.214815     32.128      7.024   304.2089     1.4436     4.4352     0.0225     -0.000     -0.019     -0.028        315 2.1701e+03 0.0000e+00
     -0.019    25.1696     8.3406    101.289  32.208839     32.097      7.021   303.9061     1.4194     4.4218     0.0225      0.000     -0.018     -0.027        316 2.1132e+03 0.0000e+00
     -0.018    25.1726     8.3236    101.088  32.143476     32.037      7.015   304.3225     1.4153     4.3815     0.0225      0.000     -0.018     -0.026        317 2.0629e+03 0.0000e+00
     -0.018    25.1739     8.3108    100.938  32.147892     32.033      7.013   304.3604     1.4517     4.4755     0.0225      0.000     -0.018     -0.026        318 2.0152e+03 0.0000e+00
     -0.019    25.1744     8.2923    100.718  32.144037     32.032      7.013   304.7011     1.5164     4.3815     0.0225      0.000     -0.019     -0.027        319 1.9193e+03 0.0000e+00
     -0.020    25.1745     8.2629    100.363  32.207579     32.086      7.016   304.4361     1.5002     4.3681     0.0225      0.000     -0.019     -0.027        320 1.9490e+03 0.0000e+00
     -0.019    25.1731     8.2377    100.057  32.217080     32.114      7.024   304.3982     1.4638     4.3815     0.0225      0.000     -0.019     -0.027        321 2.1434e+03 0.0000e+00
     -0.019    25.1721     8.2224     99.872  32.161865     32.030      7.038   304.5875     1.4881     4.4486     0.0225      0.000     -0.019     -0.027        322 2.1681e+03 0.0000e+00
     -0.019    25.1738     8.2105     99.731  32.187334     32.087      7.037   304.8904     1.5164     4.5292     0.0225     -0.000     -0.019     -0.027        323 2.1032e+03 0.0000e+00
     -0.019    25.1768     8.2096     99.723  32.155731     32.032      7.039   304.4361     1.4800     4.3949     0.0225     -0.000     -0.019     -0.027        324 2.1684e+03 0.0000e+00
     -0.019    25.1798     8.2318     99.997  32.141889     32.031      7.033   304.8146     1.5002     4.3546     0.0225     -0.000     -0.019     -0.028        325 2.1993e+03 0.0000e+00
     -0.020    25.1824     8.2513    100.232  32.204560     32.084      7.033   304.8525     1.4840     4.3681     0.0225     -0.000     -0.020     -0.029        326 2.0472e+03 0.0000e+00
     -0.021    25.1853     8.2754    100.522  32.166694     32.055      7.035   304.2846     1.4881     4.4352     0.0225     -0.000     -0.020     -0.029        327 1.9331e+03 0.0000e+00
     -0.020    25.1887     8.3115    100.952  32.159358     32.025      7.040   304.5875     1.5407     4.4755     0.0225     -0.001     -0.019     -0.028        328 1.8842e+03 0.0000e+00
     -0.018    25.1909     8.3372    101.255  32.184036     32.079      7.046   304.7011     1.5568     4.3412     0.0225     -0.000     -0.018     -0.026        329 1.9252e+03 0.0000e+00
     -0.018    25.1918     8.3555    101.466  32.165634     32.021      7.053   304.9282     1.5609     4.4083     0.0225      0.000     -0.018     -0.026        330 2.0508e+03 0.0000e+00
     -0.018    25.1917     8.3484    101.367  32.182258     32.075      7.059   304.7768     1.5487     4.4352     0.0225      0.000     -0.019     -0.027        331 1.9104e+03 0.0000e+00
     -0.020    25.1928     8.3349    101.196  32.163347     32.019      7.064   305.0039     1.4881     4.4083     0.0225      0.000     -0.020     -0.028        332 1.9662e+03 0.0000e+00
     -0.020    25.1946     8.3227    101.054  32.218819     32.103      7.072   304.8525     1.4962     4.4352     0.0225      0.000     -0.020     -0.028        333 2.1138e+03 0.0000e+00
     -0.020    25.1962     8.3157    100.971  32.202182     32.074      7.080   304.7768     1.4962     4.3546     0.0225      0.000     -0.020     -0.028        334 2.0762e+03 0.0000e+00
     -0.019    25.1983     8.3170    100.984  32.154401     32.017      7.077   304.6632     1.4719     4.4755     0.0225     -0.000     -0.019     -0.027        335 2.0085e+03 0.0000e+00
     -0.019    25.1981     8.3218    101.034  32.189323     32.072      7.081   304.7389     1.5811     4.6232     0.0225     -0.000     -0.019     -0.027        336 2.0528e+03 0.0000e+00
     -0.019    25.1958     8.3272    101.087  32.158721     32.015      7.080   304.8904     1.5609     4.6769     0.0225     -0.001     -0.019     -0.028        337 2.0395e+03 0.0000e+00
     -0.020    25.1914     8.3155    100.934  32.192486     32.071      7.077   304.9661     1.5285     4.6098     0.0225     -0.001     -0.019     -0.028        338 1.9281e+03 0.0000e+00
     -0.019    25.1861     8.3053    100.810  32.206609     32.072      7.076   304.7389     1.5487     4.6769     0.0225     -0.000     -0.019     -0.028        339 1.5904e+03 0.0000e+00
     -0.020    25.1805     8.3077    100.843  32.170797     32.047      7.070   304.9282     1.5124     4.3546     0.0225      0.000     -0.019     -0.028        340 1.0322e+03 0.0000e+00
