Data/DataNotYetUploadedToEDI/Raw_CTD/2018_RawDownloads/052118_fcr30.cnv
* Sea-Bird SBE19plus  Data File:
* FileName = C:\DATA\052118_fcr_0004.hex
* Software version 2.6.3.104
* Temperature SN = 7809
* Conductivity SN = 7809
* System UpLoad Time = May 21 2018 16:57:05
* <ApplicationData>
* <Seaterm232>
# nquan = 17
# nvalues = 841                         
# units = specified
# name 0 = depFM: Depth [fresh water, m]
# name 1 = tv290C: Temperature [ITS-90, deg C]
# name 2 = sbeox0Mg/L: Oxygen, SBE 43 [mg/l]
# name 3 = sbeox0PS: Oxygen, SBE 43 [% saturation]
# name 4 = c0uS/cm: Conductivity [uS/cm]
# name 5 = specc: Specific Conductance [uS/cm]
# name 6 = ph: pH
# name 7 = orp: Oxidation Reduction Potential [mV]
# name 8 = flECO-AFL: Fluorescence, WET Labs ECO-AFL/FL [mg/m^3]
# name 9 = turbWETntu0: Turbidity, WET Labs ECO [NTU]
# name 10 = sal00: Salinity, Practical [PSU]
# name 11 = dz/dtM: Descent Rate [m/s]
# name 12 = prdM: Pressure, Strain Gauge [db]
# name 13 = prdE: Pressure, Strain Gauge [psi]
# name 14 = scan: Scan Count
# name 15 = par/sat/log: PAR/Logarithmic, Satlantic
# name 16 = flag:  0.000e+00
# span 0 =     -0.523,      5.586       
# span 1 =     9.6366,    25.2040       
# span 2 =     4.2006,     9.3512       
# span 3 =     37.775,    104.366       
# span 4 =   1.396574,  33.084597       
# span 5 =      1.846,     42.038       
# span 6 =      4.940,      7.124       
# span 7 =   295.0096,   371.7841       
# span 8 =    -0.3235,     3.8981       
# span 9 =    -3.7961,    21.5692       
# span 10 =     0.0083,     0.0229      
# span 11 =     -0.263,      0.270      
# span 12 =     -0.512,      5.477      
# span 13 =     -0.743,      7.944      
# span 14 =          1,        841      
# span 15 = 1.8687e+00, 2.6340e+03      
# span 16 = 0.0000e+00, 0.0000e+00      
# interval = seconds: 0.25
# start_time = May 21 2018 17:39:41 [Instrument's time stamp, header]
# bad_flag = -9.990e-29
*END*
[from data line 426]
     -0.021    24.6826     8.3795    100.823  31.764822     31.925      7.106   306.7832     1.5043     4.3815     0.0223      0.001     -0.021     -0.030        427 2.1398e+03 0.0000e+00
     -0.023    24.6650     8.3729    100.672  31.749691     31.891      7.110   306.3289     1.5326     4.4755     0.0223      0.000     -0.022     -0.031        428 2.0374e+03 0.0000e+00
     -0.022    24.6680     8.3711    100.563  31.815412     32.040      7.117   306.4804     1.5245     4.4083     0.0224      0.000     -0.022     -0.031        429 2.2594e+03 0.0000e+00
     -0.021    24.6578     8.3809    100.580  31.801658     31.993      7.122   306.5561     1.5083     4.4352     0.0223      0.000     -0.021     -0.030        430 2.3090e+03 0.0000e+00
     -0.020    24.6478     8.3842    100.557  31.796467     32.020      7.124   306.4425     1.4679     4.4755     0.0224      0.000     -0.021     -0.029        431 2.2993e+03 0.0000e+00
     -0.020    24.6711     8.3836    100.581  31.732919     31.941      7.122   306.8211     1.4840     4.3009     0.0223      0.000     -0.021     -0.030        432 2.2934e+03 0.0000e+00
     -0.022    24.7177     8.3773    100.559  31.791790     32.005      7.121   306.8968     1.5043     4.4755     0.0223     -0.000     -0.022     -0.031        433 2.2573e+03 0.0000e+00
     -0.023    24.7349     8.3916    100.721  31.901117     32.131      7.119   306.5561     1.4719     4.3546     0.0224     -0.000     -0.022     -0.032        434 2.3069e+03 0.0000e+00
     -0.022    24.7289     8.4153    100.882  31.804421     31.959      7.116   306.4804     1.5043     4.3815     0.0223     -0.000     -0.022     -0.031        435 2.2828e+03 0.0000e+00
     -0.021    24.7127     8.4463    100.990  31.823157     32.004      7.117   306.2532     1.4800     4.5023     0.0224      0.000     -0.021     -0.031        436 2.2508e+03 0.0000e+00
     -0.021    24.6810     8.4549    100.840  31.818487     31.980      7.117   306.7075     1.4881     4.4352     0.0224     -0.000     -0.021     -0.031        437 2.2813e+03 0.0000e+00
     -0.021    24.6415     8.4430    100.623  31.780580     31.962      7.116   306.7075     1.5083     4.4083     0.0223     -0.000     -0.021     -0.030        438 2.3182e+03 0.0000e+00
     -0.021    24.5950     8.4152    100.339  31.781382     31.983      7.116   306.5182     1.4881     4.3412     0.0223     -0.000     -0.021     -0.030        439 2.3265e+03 0.0000e+00
     -0.022    24.5411     8.3806     99.992  31.728546     31.952      7.119   307.0861     1.5124     4.3278     0.0223      0.000     -0.021     -0.031        440 2.3631e+03 0.0000e+00
     -0.022    24.5085     8.3601     99.807  31.609136     31.870      7.121   306.6318     1.5124     4.4083     0.0223      0.001     -0.021     -0.031        441 2.4043e+03 0.0000e+00
     -0.021    24.5240     8.3463     99.776  31.574182     31.848      7.121   306.7075     1.4719     4.3815     0.0223      0.000     -0.021     -0.031        442 2.3827e+03 0.0000e+00
     -0.021    24.5521     8.3426     99.913  31.742413     32.067      7.124   306.8211     1.4921     4.3278     0.0223      0.000     -0.021     -0.031        443 2.3194e+03 0.0000e+00
     -0.022    24.5470     8.3496    100.087  31.785263     32.084      7.124   307.1618     1.4962     4.3278     0.0223     -0.000     -0.021     -0.031        444 2.2246e+03 0.0000e+00
     -0.022    24.4805     8.3702    100.252  31.669113     31.953      7.121   307.1996     1.4760     4.3949     0.0223     -0.000     -0.021     -0.032        445 2.2004e+03 0.0000e+00
     -0.023    24.3418     8.4023    100.489  31.501476     31.787      7.120   307.0104     1.4800     4.3681     0.0222     -0.001     -0.021     -0.032        446 2.2407e+03 0.0000e+00
     -0.022    24.2096     8.4357    100.729  31.311896     31.632      7.118   307.1996     1.4921     4.4889     0.0222     -0.000     -0.021     -0.032        447 2.2519e+03 0.0000e+00
     -0.023    24.1678     8.4469    100.755  31.312037     31.721      7.118   306.8968     1.5043     4.3412     0.0221     -0.000     -0.022     -0.032        448 2.2767e+03 0.0000e+00
     -0.023    24.1929     8.4411    100.635  31.353097     31.865      7.114   307.1996     1.4881     4.3815     0.0222     -0.001     -0.022     -0.032        449 2.2970e+03 0.0000e+00
     -0.022    24.2265     8.4495    100.455  31.379454     31.891      7.103   307.0482     1.5043     4.4486     0.0222     -0.000     -0.021     -0.031        450 2.3372e+03 0.0000e+00
     -0.022    24.2611     8.4662    100.337  31.486817     32.017      7.096   306.8968     1.5083     4.3278     0.0222     -0.000     -0.021     -0.031        451 2.3667e+03 0.0000e+00
     -0.021    24.3321     8.4774    100.194  31.515997     31.994      7.085   307.1239     1.4881     4.3546     0.0222      0.000     -0.021     -0.030        452 2.3637e+03 0.0000e+00
     -0.021    24.4292     8.4749     99.999  31.609992     32.086      7.078   307.3511     1.5043     4.4352     0.0223      0.001     -0.021     -0.030        453 2.3616e+03 0.0000e+00
     -0.021    24.4759     8.4436     99.561  31.666342     32.096      7.071   307.0482     1.5002     4.3546     0.0223      0.001     -0.021     -0.030        454 2.3802e+03 0.0000e+00
     -0.021    24.4333     8.4210     99.280  31.653404     32.004      7.071   306.9725     1.4881     4.4755     0.0223      0.001     -0.020     -0.030        455 2.3787e+03 0.0000e+00
     -0.021    24.3557     8.4420     99.505  31.596407     31.945      7.067   307.0104     1.4921     4.4083     0.0223      0.001     -0.020     -0.030        456 2.3294e+03 0.0000e+00
     -0.021    24.2685     8.4569     99.712  31.470391     31.804      7.069   307.1239     1.4881     4.4083     0.0222      0.001     -0.020     -0.030        457 2.2939e+03 0.0000e+00
     -0.021    24.2174     8.4513     99.740  31.424768     31.855      7.081   306.9346     1.4274     4.4621     0.0222      0.000     -0.020     -0.030        458 2.2780e+03 0.0000e+00
     -0.021    24.1786     8.4694    100.099  31.386350     31.824      7.089   307.1239     1.4396     4.4486     0.0222      0.000     -0.021     -0.030        459 2.2587e+03 0.0000e+00
     -0.021    24.0404     8.4875    100.437  31.281022     31.805      7.096   307.2754     1.4113     4.3815     0.0221     -0.000     -0.021     -0.030        460 2.2230e+03 0.0000e+00
     -0.021    23.8659     8.5114    100.758  31.051796     31.538      7.102   307.2375     1.4274     4.3681     0.0220     -0.000     -0.021     -0.030        461 2.2436e+03 0.0000e+00
     -0.021    23.7245     8.5169    100.785  30.930361     31.549      7.109   307.1996     1.4436     4.3681     0.0220     -0.000     -0.021     -0.030        462 2.3537e+03 0.0000e+00
     -0.021    23.6324     8.5127    100.692  30.839175     31.543      7.107   307.5404     1.4194     4.4352     0.0219     -0.000     -0.021     -0.030        463 2.3779e+03 0.0000e+00
     -0.021    23.5984     8.4976    100.511  30.839184     31.638      7.105   307.2375     1.4517     4.4083     0.0219     -0.000     -0.020     -0.029        464 2.3418e+03 0.0000e+00
     -0.020    23.5869     8.4757    100.258  30.960060     31.839      7.104   307.2754     1.4194     4.5023     0.0220      0.000     -0.020     -0.029        465 2.3589e+03 0.0000e+00
     -0.021    23.5785     8.4665    100.152  30.985295     31.863      7.104   307.3889     1.4194     4.4889     0.0220      0.000     -0.020     -0.030        466 2.3553e+03 0.0000e+00
     -0.021    23.5933     8.4634    100.131  31.074656     31.983      7.101   307.1996     1.4436     4.4889     0.0220      0.000     -0.020     -0.030        467 2.3630e+03 0.0000e+00
     -0.021    23.6448     8.4542    100.065  31.145369     32.049      7.093   307.3889     1.4274     4.4755     0.0221      0.000     -0.020     -0.030        468 2.3897e+03 0.0000e+00
     -0.021    23.7203     8.4413    100.028  31.134506     32.038      7.077   307.4268     1.4234     4.3681     0.0221      0.000     -0.020     -0.030        469 2.3165e+03 0.0000e+00
     -0.021    23.7861     8.4270    100.021  31.147472     32.005      7.066   307.6161     1.4194     4.3143     0.0221      0.000     -0.020     -0.030        470 2.3085e+03 0.0000e+00
     -0.020    23.8063     8.4165    100.039  31.129213     31.954      7.058   307.6918     1.4113     4.3815     0.0221      0.000     -0.020     -0.030        471 2.3260e+03 0.0000e+00
     -0.021    23.7868     8.4181    100.139  31.097895     31.854      7.049   307.9189     1.4436     4.4083     0.0220     -0.000     -0.020     -0.030        472 2.2014e+03 0.0000e+00
     -0.022    23.7647     8.4152    100.123  31.127118     31.897      7.046   307.6918     1.4072     4.3949     0.0221     -0.000     -0.021     -0.031        473 2.3054e+03 0.0000e+00
     -0.023    23.7625     8.4218    100.211  31.063185     31.825      7.042   307.5404     1.4072     4.4083     0.0220     -0.001     -0.022     -0.032        474 2.4096e+03 0.0000e+00
     -0.023    23.7659     8.4156    100.132  31.029208     31.811      7.045   307.1996     1.4355     4.2741     0.0220     -0.001     -0.022     -0.032        475 2.3762e+03 0.0000e+00
     -0.022    23.7680     8.4033     99.951  31.021153     31.812      7.047   307.3511     1.4274     4.4621     0.0220     -0.001     -0.021     -0.031        476 2.3549e+03 0.0000e+00
     -0.021    23.7753     8.4185    100.088  31.043559     31.810      7.046   307.2754     1.4355     4.4352     0.0220     -0.001     -0.021     -0.031        477 2.2980e+03 0.0000e+00
     -0.022    23.7997     8.3746     99.566  31.119929     31.923      7.041   307.3889     1.4194     4.3546     0.0221     -0.001     -0.021     -0.031        478 2.2530e+03 0.0000e+00
     -0.022    23.8608     8.3770     99.645  31.163321     31.918      7.045   307.3511     1.4274     4.3815     0.0221     -0.001     -0.022     -0.031        479 2.2136e+03 0.0000e+00
     -0.023    23.9468     8.3544     99.463  31.226764     32.017      7.047   307.6539     1.4072     4.3278     0.0221     -0.000     -0.022     -0.031        480 2.2439e+03 0.0000e+00
     -0.022    24.0233     8.3443     99.462  31.278175     31.977      7.053   307.2754     1.4153     4.4889     0.0221      0.000     -0.021     -0.030        481 2.2289e+03 0.0000e+00
     -0.020    24.0660     8.3561     99.724  31.336528     32.035      7.058   307.5404     1.4517     4.4352     0.0222      0.001     -0.021     -0.030        482 2.2565e+03 0.0000e+00
     -0.021    24.0771     8.3527     99.763  31.332020     31.927      7.058   307.4268     1.3668     4.4083     0.0221      0.001     -0.021     -0.030        483 2.3371e+03 0.0000e+00
     -0.022    24.0811     8.3566     99.847  31.283755     31.899      7.052   307.4268     1.3547     4.3278     0.0221      0.000     -0.021     -0.031        484 2.3842e+03 0.0000e+00
     -0.022    24.0792     8.3591     99.870  31.277968     31.836      7.053   307.4647     1.3668     4.3681     0.0221      0.000     -0.021     -0.031        485 2.4113e+03 0.0000e+00
     -0.022    24.0601     8.3952    100.278  31.339213     31.947      7.056   307.0482     1.3910     4.4486     0.0222      0.000     -0.021     -0.031        486 2.3812e+03 0.0000e+00
     -0.022    24.0377     8.3860    100.130  31.266837     31.834      7.062   307.4647     1.4396     4.3949     0.0221      0.000     -0.021     -0.031        487 2.3423e+03 0.0000e+00
     -0.022    24.0375     8.4005    100.268  31.249435     31.847      7.068   307.4647     1.4113     4.3278     0.0221     -0.000     -0.021     -0.031        488 2.1973e+03 0.0000e+00
     -0.022    24.0644     8.3909    100.154  31.360878     31.976      7.076   307.5404     1.4436     4.4621     0.0222     -0.001     -0.022     -0.032        489 2.2306e+03 0.0000e+00
     -0.023    24.1112     8.3951    100.242  31.365369     31.976      7.084   307.4647     1.4194     4.3546     0.0222     -0.001     -0.022     -0.032        490 2.2081e+03 0.0000e+00
     -0.022    24.1755     8.3656     99.936  31.362451     31.958      7.090   307.4647     1.4396     4.3009     0.0222     -0.000     -0.021     -0.031        491 1.9835e+03 0.0000e+00
     -0.021    24.2396     8.3684    100.022  31.453453     32.013      7.094   307.6918     1.4274     4.5023     0.0222      0.000     -0.021     -0.030        492 2.1603e+03 0.0000e+00
     -0.021    24.2835     8.3621     99.995  31.518963     32.056      7.091   307.4647     1.4274     4.3949     0.0222      0.000     -0.021     -0.030        493 2.3285e+03 0.0000e+00
     -0.022    24.3026     8.3591     99.999  31.458807     31.929      7.087   307.7675     1.4315     4.4218     0.0222      0.000     -0.021     -0.030        494 2.3463e+03 0.0000e+00
     -0.021    24.3004     8.3642    100.102  31.439336     31.901      7.083   307.7675     1.4032     4.2875     0.0222      0.000     -0.021     -0.030        495 2.3677e+03 0.0000e+00
     -0.021    24.2874     8.3648    100.139  31.454223     31.888      7.083   307.7675     1.3668     4.3143     0.0222      0.001     -0.021     -0.030        496 2.3453e+03 0.0000e+00
     -0.022    24.2673     8.3700    100.221  31.440272     31.890      7.083   307.7675     1.3466     4.3681     0.0222      0.001     -0.021     -0.030        497 2.3334e+03 0.0000e+00
     -0.021    24.2487     8.3767    100.313  31.456696     31.898      7.090   307.5025     1.3587     4.4083     0.0222      0.000     -0.021     -0.030        498 2.2868e+03 0.0000e+00
     -0.021    24.2489     8.3832    100.402  31.463439     31.940      7.096   307.5404     1.3789     4.5023     0.0222      0.000     -0.021     -0.030        499 2.2041e+03 0.0000e+00
     -0.021    24.2684     8.3798    100.381  31.461540     31.924      7.101   308.1082     1.4274     4.5023     0.0222      0.000     -0.021     -0.030        500 2.0858e+03 0.0000e+00
     -0.022    24.2940     8.3785    100.413  31.488717     31.980      7.095   307.8054     1.4153     4.3278     0.0222      0.000     -0.021     -0.030        501 2.0708e+03 0.0000e+00
     -0.021    24.3218     8.3726    100.382  31.518574     31.967      7.091   308.0325     1.4194     4.3681     0.0222      0.000     -0.021     -0.030        502 2.0217e+03 0.0000e+00
     -0.021    24.3475     8.3759    100.427  31.542985     32.008      7.089   307.7297     1.4274     4.3143     0.0223     -0.000     -0.021     -0.030        503 1.9606e+03 0.0000e+00
     -0.021    24.3694     8.3920    100.618  31.576933     31.989      7.087   308.1839     1.4194     4.3412     0.0223     -0.000     -0.021     -0.030        504 2.1221e+03 0.0000e+00
     -0.021    24.3915     8.4049    100.775  31.565269     32.001      7.091   308.3354     1.4396     4.4486     0.0223 -2.269e-07     -0.021     -0.030        505 2.3745e+03 0.0000e+00
     -0.021    24.4084     8.4102    100.851  31.527840     31.902      7.089   308.2597     1.4234     4.3815     0.0222     -0.000     -0.021     -0.030        506 2.3648e+03 0.0000e+00
     -0.022    24.4181     8.4109    100.874  31.593852     32.001      7.088   307.9947     1.4355     4.3815     0.0223     -0.000     -0.021     -0.030        507 2.3486e+03 0.0000e+00
     -0.022    24.4251     8.4138    100.885  31.572063     31.933      7.085   307.9568     1.4436     4.4889     0.0223     -0.000     -0.020     -0.030        508 2.3641e+03 0.0000e+00
     -0.019    24.4311     8.4155    100.882  31.554948     31.927      7.088   307.6918     1.4436     4.4083     0.0223      0.000     -0.019     -0.028        509 2.4125e+03 0.0000e+00
     -0.018    24.4419     8.4086    100.801  31.615148     31.979      7.089   308.1461     1.4113     4.4083     0.0223      0.001     -0.018     -0.025        510 2.3208e+03 0.0000e+00
