Data/DataNotYetUploadedToEDI/Raw_CTD/2018_RawDownloads/052118_fcr20.cnv
* Sea-Bird SBE19plus  Data File:
* FileName = C:\DATA\052118_fcr_0002.hex
* Software version 2.6.3.104
* Temperature SN = 7809
* Conductivity SN = 7809
* System UpLoad Time = May 21 2018 16:56:15
* <ApplicationData>
* <Seaterm232>
# nquan = 17
# nvalues = 748                         
# units = specified
# name 0 = depFM: Depth [fresh water, m]
# name 1 = tv290C: Temperature [ITS-90, deg C]
# name 2 = sbeox0Mg/L: Oxygen, SBE 43 [mg/l]
# name 3 = sbeox0PS: Oxygen, SBE 43 [% saturation]
# name 4 = c0uS/cm: Conductivity [uS/cm]
# name 5 = specc: Specific Conductance [uS/cm]
# name 6 = ph: pH
# name 7 = orp: Oxidation Reduction Potential [mV]
# name 8 = flECO-AFL: Fluorescence, WET Labs ECO-AFL/FL [mg/m^3]
# name 9 = turbWETntu0: Turbidity, WET Labs ECO [NTU]
# name 10 = sal00: Salinity, Practical [PSU]
# name 11 = dz/dtM: Descent Rate [m/s]
# name 12 = prdM: Pressure, Strain Gauge [db]
# name 13 = prdE: Pressure, Strain Gauge [psi]
# name 14 = scan: Scan Count
# name 15 = par/sat/log: PAR/Logarithmic, Satlantic
# name 16 = flag:  0.000e+00
# span 0 =     -0.514,      3.737       
# span 1 =    12.5836,    23.9726       
# span 2 =    -0.0163,     9.3131       
# span 3 =     -0.154,    104.866       
# span 4 =  -0.319715,  59.192517       
# span 5 =      0.577,     78.393       
# span 6 =      5.187,      7.261       
# span 7 = -1240.7455,  1240.2295       
# span 8 =    -1.4193,     3.4371       
# span 9 =    -0.3049,    15.2044       
# span 10 =     0.0115,     0.0386      
# span 11 =     -0.182,      0.217      
# span 12 =     -0.504,      3.664      
# span 13 =     -0.731,      5.314      
# span 14 =          1,        748      
# span 15 = 7.4138e+00, 2.7920e+03      
# span 16 = 0.0000e+00, 0.0000e+00      
# interval = seconds: 0.25
# start_time = May 21 2018 17:06:46 [Instrument's time stamp, header]
# bad_flag = -9.990e-29
*END*
[from data line 341]
     -0.119    21.5760     8.4472     95.815  27.985872     30.035      6.999   297.2810     1.5083     4.1801     0.0207     -0.000     -0.118     -0.171        342 4.1274e+02 0.0000e+00
     -0.122    21.5804     8.4609     95.982  27.979544     30.037      6.998   297.3189     1.5043     4.1532     0.0207     -0.001     -0.119     -0.172        343 5.4615e+02 0.0000e+00
     -0.122    21.5832     8.4741     96.135  27.987655     30.037      6.997   297.0539     1.5002     4.1264     0.0207     -0.002     -0.119     -0.172        344 3.2905e+02 0.0000e+00
     -0.120    21.5782     8.4891     96.293  27.975777     30.034      7.000   297.2432     1.5811     3.8712     0.0207     -0.001     -0.119     -0.172        345 9.7492e+02 0.0000e+00
     -0.120    21.5687     8.5000     96.399  27.935032     29.972      6.999   297.6218     1.5771     3.7772     0.0206     -0.001     -0.119     -0.172        346 2.0515e+03 0.0000e+00
     -0.122    21.5579     8.5050     96.436  27.979069     30.035      6.999   297.5461     1.5811     3.7772     0.0207     -0.001     -0.119     -0.172        347 7.9822e+02 0.0000e+00
     -0.121    21.5518     8.5126     96.502  27.980269     30.042      7.003   296.9782     1.5366     3.7772     0.0207     -0.001     -0.118     -0.172        348 3.0869e+02 0.0000e+00
     -0.119    21.5538     8.5278     96.648  27.992837     30.048      7.002   297.3946     1.4477     4.4352     0.0207     -0.000     -0.117     -0.170        349 5.6029e+02 0.0000e+00
     -0.118    21.5564     8.5334     96.704  28.052373     30.143      7.003   297.6596     1.4517     4.3815     0.0207      0.001     -0.117     -0.170        350 5.1241e+02 0.0000e+00
     -0.121    21.5596     8.5365     96.760  27.995118     30.051      6.999   297.8868     1.4477     4.4755     0.0207      0.001     -0.117     -0.170        351 6.2947e+02 0.0000e+00
     -0.120    21.5660     8.5295     96.694  27.975149     30.049      6.988   297.6218     1.4436     4.3815     0.0207      0.001     -0.117     -0.170        352 4.5265e+02 0.0000e+00
     -0.118    21.5718     8.5242     96.647  27.988284     30.047      6.979   297.8489     1.4436     3.8041     0.0207      0.001     -0.116     -0.168        353 4.6753e+02 0.0000e+00
     -0.117    21.5735     8.5239     96.650  27.978770     30.043      6.973   297.8868     1.4355     3.7772     0.0207      0.002     -0.115     -0.167        354 4.5889e+02 0.0000e+00
     -0.117    21.5674     8.5209     96.625  27.986985     30.039      6.976   297.6596     1.4679     3.7772     0.0207      0.002     -0.115     -0.167        355 4.6296e+02 0.0000e+00
     -0.116    21.5574     8.5193     96.608  27.978058     30.038      6.974   297.8489     1.4274     3.7235     0.0207      0.002     -0.115     -0.167        356 4.6320e+02 0.0000e+00
     -0.116    21.5475     8.5190     96.612  28.019526     30.072      6.983   297.8489     1.4800     3.9249     0.0207      0.002     -0.115     -0.167        357 4.7381e+02 0.0000e+00
     -0.118    21.5358     8.5109     96.537  28.024322     30.109      6.987   297.8868     1.4840     3.9786     0.0207      0.001     -0.116     -0.168        358 4.6907e+02 0.0000e+00
     -0.118    21.5220     8.5017     96.457  28.001741     30.055      6.987   298.0382     1.5124     3.9518     0.0207      0.001     -0.116     -0.168        359 4.6098e+02 0.0000e+00
     -0.118    21.5193     8.4977     96.437  28.017985     30.123      6.994   298.2653     1.5043     4.0055     0.0207      0.000     -0.116     -0.168        360 4.7331e+02 0.0000e+00
     -0.118    21.5292     8.4910     96.382  28.004110     30.072      6.995   298.2653     1.4881     3.9249     0.0207     -0.001     -0.116     -0.168        361 4.6513e+02 0.0000e+00
     -0.119    21.5375     8.4867     96.347  28.019012     30.134      6.998   298.0761     1.2374     3.5490     0.0207     -0.001     -0.117     -0.169        362 4.6889e+02 0.0000e+00
     -0.119    21.5432     8.4904     96.405  28.029089     30.097      7.002   298.1139     1.2455     3.6027     0.0207     -0.001     -0.117     -0.169        363 4.5464e+02 0.0000e+00
     -0.119    21.5476     8.4893     96.407  28.021214     30.122      7.001   298.6061     1.2374     3.5087     0.0207     -0.001     -0.117     -0.169        364 4.8918e+02 0.0000e+00
     -0.119    21.5509     8.4837     96.340  27.999162     30.058      7.000   298.2653     1.2616     3.5087     0.0207     -0.001     -0.117     -0.169        365 4.6109e+02 0.0000e+00
     -0.119    21.5525     8.4804     96.302  28.026883     30.115      7.001   298.1896     1.3910     3.5221     0.0207     -0.001     -0.116     -0.168        366 5.1567e+02 0.0000e+00
     -0.117    21.5564     8.4747     96.256  28.046008     30.113      7.003   298.3032     1.3789     3.6698     0.0207      0.000     -0.115     -0.167        367 3.8955e+02 0.0000e+00
     -0.116    21.5655     8.4609     96.127  27.975359     30.052      7.005   298.6061     1.4072     3.5624     0.0207      0.001     -0.115     -0.167        368 6.6916e+02 0.0000e+00
     -0.119    21.5786     8.4481     95.998  27.996215     30.049      7.007   298.4546     1.3587     3.4952     0.0207      0.001     -0.117     -0.169        369 1.2589e+03 0.0000e+00
     -0.122    21.5922     8.4392     95.902  28.049699     30.134      7.002   298.3789     1.2333     4.1801     0.0207     -0.000     -0.118     -0.171        370 6.6852e+02 0.0000e+00
     -0.121    21.6031     8.4364     95.880  27.997737     30.035      7.005   298.5303     1.2414     4.2069     0.0207     -0.001     -0.118     -0.171        371 4.0519e+02 0.0000e+00
     -0.119    21.6106     8.4447     95.970  28.031229     30.086      7.006   298.2653     1.2536     4.2338     0.0207     -0.001     -0.117     -0.169        372 4.9276e+02 0.0000e+00
     -0.118    21.6192     8.4584     96.097  28.037661     30.079      7.005   298.4925     1.2495     4.2069     0.0207     -0.000     -0.113     -0.164        373 4.7743e+02 0.0000e+00
     -0.107    21.6268     8.4844     96.314  27.989729     30.014      7.002   297.6975     0.9786     3.1595     0.0207      0.002     -0.105     -0.152        374 7.3121e+02 0.0000e+00
     -0.097    21.6255     8.5080     96.425  27.972287     30.009      6.987   296.9025     0.9948     3.2670     0.0207      0.007     -0.098     -0.142        375 5.7544e+02 0.0000e+00
     -0.097    21.6250     8.5328     96.554  27.940775     29.944      6.962   297.9625     0.9988     3.1864     0.0206      0.011     -0.097     -0.140        376 4.6865e+02 0.0000e+00
     -0.102    21.6351     8.5369     96.491  27.999297     30.035      6.948   297.9625     1.0069     3.1595     0.0207      0.013     -0.099     -0.144        377 4.5641e+02 0.0000e+00
     -0.105    21.6499     8.5304     96.403  28.047692     30.065      6.946   297.3568     1.0352     3.4952     0.0207      0.012     -0.101     -0.146        378 4.8013e+02 0.0000e+00
     -0.101    21.6584     8.5178     96.298  28.028781     30.059      6.955   297.0918     1.0433     3.5355     0.0207      0.011     -0.099     -0.143        379 1.1859e+03 0.0000e+00
     -0.096    21.6617     8.5044     96.157  27.993182     29.989      6.955   296.9025     1.0392     3.6027     0.0207      0.009     -0.094     -0.136        380 2.4469e+03 0.0000e+00
     -0.090    21.6666     8.4994     96.111  27.973404     29.984      6.954   296.2589     1.0676     3.5221     0.0207      0.008     -0.090     -0.130        381 2.4784e+03 0.0000e+00
     -0.090    21.6639     8.5039     96.162  27.994097     29.982      6.952   296.9025     1.0676     3.5087     0.0207      0.006     -0.088     -0.129        382 1.0027e+03 0.0000e+00
     -0.093    21.6493     8.5227     96.308  28.056369     30.068      6.960   296.7510     1.2253     3.9384     0.0207      0.004     -0.088     -0.128        383 7.3186e+02 0.0000e+00
     -0.087    21.6053     8.5323     96.361  28.044142     30.040      6.968   295.1610     1.2536     4.0055     0.0207      0.007     -0.082     -0.118        384 9.3691e+02 0.0000e+00
     -0.067    21.5239     8.5312     96.324  27.979668     29.990      6.974   294.3660     1.2576     4.0324     0.0207      0.014     -0.067     -0.097        385 9.5650e+02 0.0000e+00
     -0.052    21.4413     8.5393     96.412  27.988379     30.017      6.967   294.4796     1.2414     4.0458     0.0207      0.021     -0.056     -0.081        386 2.1755e+03 0.0000e+00
     -0.053    21.3851     8.5375     96.395  28.033318     30.131      6.964   294.5553     1.2495     5.0797     0.0207      0.025     -0.055     -0.080        387 2.2075e+03 0.0000e+00
     -0.063    21.3760     8.5338     96.333  27.983064     30.124      6.970   294.2146     1.2980     5.0797     0.0207      0.023     -0.060     -0.086        388 9.5966e+02 0.0000e+00
     -0.065    21.3953     8.5296     96.241  27.991656     30.161      6.976   294.4039     1.2374     5.1200     0.0207      0.019     -0.061     -0.089        389 7.8393e+02 0.0000e+00
     -0.059    21.4018     8.5213     96.078  28.052292     30.257      6.984   294.0632     1.2576     4.9723     0.0207      0.018     -0.058     -0.084        390 1.7678e+03 0.0000e+00
     -0.056    21.4081     8.5053     95.855  27.996549     30.153      6.988   293.9118     1.1201     3.8175     0.0207      0.015     -0.051     -0.074        391 2.4267e+03 0.0000e+00
     -0.039    21.4060     8.4895     95.671  27.972081     30.150      6.984   293.9496     1.0878     3.7235     0.0207      0.013     -0.038     -0.055        392 2.4103e+03 0.0000e+00
     -0.021    21.3729     8.4739     95.513  27.993797     30.146      6.983   293.9875     1.1080     3.8175     0.0207      0.015     -0.026     -0.037        393 2.4873e+03 0.0000e+00
     -0.019    21.3421     8.4607     95.340  27.969524     30.146      6.982   293.6089     1.1201     3.8175     0.0207      0.019     -0.023     -0.032        394 2.5428e+03 0.0000e+00
     -0.028    21.3292     8.4620     95.299  27.942999     30.109      6.981   293.7225     1.1039     3.7504     0.0206      0.022     -0.028     -0.039        395 2.5183e+03 0.0000e+00
     -0.035    21.3272     8.4603     95.267  27.997170     30.218      6.984   294.1389     1.1080     3.7369     0.0207      0.022     -0.034     -0.048        396 2.4063e+03 0.0000e+00
     -0.038    21.3281     8.4551     95.241  27.991059     30.197      6.985   293.6468     1.0999     3.6429     0.0207      0.017     -0.036     -0.050        397 2.0956e+03 0.0000e+00
     -0.034    21.3187     8.4491     95.215  27.980257     30.198      6.989   293.8739     1.1161     3.7504     0.0207      0.010     -0.032     -0.045        398 1.9081e+03 0.0000e+00
     -0.023    21.2938     8.4565     95.328  28.040263     30.257      6.992   293.6846     1.3183     3.7504     0.0207      0.006     -0.023     -0.033        399 1.6537e+03 0.0000e+00
     -0.013    21.2584     8.4670     95.466  28.034971     30.264      6.994   293.6468     1.2940     3.6027     0.0207      0.004     -0.016     -0.023        400 2.0102e+03 0.0000e+00
     -0.013    21.2344     8.4774     95.616  27.986845     30.219      6.989   293.6468     1.2819     3.7772     0.0207      0.004     -0.016     -0.024        401 2.3443e+03 0.0000e+00
     -0.024    21.2319     8.4885     95.782  27.981574     30.244      6.985   294.0632     1.3304     3.8309     0.0207      0.006     -0.024     -0.034        402 1.2482e+03 0.0000e+00
     -0.035    21.2398     8.4950     95.884  28.011895     30.289      6.990   293.7982     1.4032     4.2875     0.0207      0.005     -0.030     -0.043        403 3.5351e+02 0.0000e+00
     -0.031    21.2276     8.5140     96.077  27.978768     30.261      6.991   293.8739     1.3910     4.2472     0.0206      0.004     -0.029     -0.042        404 7.7791e+02 0.0000e+00
     -0.023    21.1988     8.5343     96.221  27.933862     30.194      6.994   293.7982     1.3668     4.1398     0.0206      0.002     -0.024     -0.034        405 2.2532e+03 0.0000e+00
     -0.020    21.1912     8.5549     96.361  27.919545     30.203      6.994   294.2903     1.3668     4.1666     0.0206     -0.000     -0.020     -0.029        406 2.3439e+03 0.0000e+00
     -0.020    21.2086     8.5648     96.452  27.937295     30.222      6.994   294.5553     1.4113     4.1801     0.0206     -0.002     -0.020     -0.029        407 1.0891e+03 0.0000e+00
     -0.021    21.2310     8.5542     96.344  27.971075     30.287      6.993   294.6310     1.3951     4.0055     0.0206     -0.002     -0.021     -0.030        408 4.5724e+02 0.0000e+00
     -0.022    21.2462     8.5359     96.152  27.996098     30.276      6.991   294.2903     1.3749     3.9518     0.0206      0.001     -0.023     -0.033        409 5.0823e+02 0.0000e+00
     -0.027    21.2578     8.5111     95.877  27.995089     30.291      6.994   294.2903     1.3789     3.9518     0.0207      0.003     -0.026     -0.038        410 3.8515e+02 0.0000e+00
     -0.032    21.2752     8.4868     95.595  28.001969     30.251      6.994   294.7068     1.3547     4.0189     0.0207      0.002     -0.030     -0.044        411 5.9818e+02 0.0000e+00
     -0.033    21.2972     8.4759     95.458  28.017176     30.304      6.998   294.9339     0.7926     4.3546     0.0207     -0.003     -0.031     -0.045        412 1.8021e+03 0.0000e+00
     -0.030    21.3116     8.4670     95.335  28.005806     30.232      6.996   294.9339     0.7805     4.4486     0.0207     -0.006     -0.029     -0.043        413 2.6579e+03 0.0000e+00
     -0.028    21.3005     8.4567     95.186  28.016113     30.278      6.994   295.2368     0.8047     4.3949     0.0207     -0.006     -0.028     -0.041        414 2.3547e+03 0.0000e+00
     -0.030    21.2549     8.4621     95.211  28.004340     30.208      6.987   295.2746     0.7764     4.3815     0.0207     -0.005     -0.029     -0.042        415 1.2142e+03 0.0000e+00
     -0.032    21.2078     8.4851     95.427  27.990805     30.246      6.978   295.6153     1.5851     4.8112     0.0207     -0.004     -0.030     -0.044        416 5.2921e+02 0.0000e+00
     -0.032    21.1953     8.5138     95.716  27.944023     30.185      6.975   295.5018     1.5771     4.9589     0.0206     -0.003     -0.030     -0.044        417 1.6956e+03 0.0000e+00
     -0.029    21.2017     8.5334     95.917  27.914341     30.217      6.972   295.4260     1.5609     4.7575     0.0206     -0.000     -0.029     -0.041        418 1.8795e+03 0.0000e+00
     -0.027    21.2089     8.5462     96.059  27.938819     30.224      6.973   295.0096     1.5771     4.7843     0.0206      0.001     -0.027     -0.039        419 7.8139e+02 0.0000e+00
     -0.027    21.2113     8.5472     96.080  27.972862     30.280      6.974   295.1232     1.4638     3.8578     0.0206      0.002     -0.027     -0.039        420 2.1564e+03 0.0000e+00
     -0.028    21.2069     8.5550     96.160  27.931268     30.215      6.974   295.0096     1.4355     3.7504     0.0206      0.001     -0.028     -0.040        421 2.6784e+03 0.0000e+00
     -0.030    21.1991     8.5632     96.220  27.931284     30.213      6.978   295.1232     1.4436     3.7369     0.0206      0.001     -0.029     -0.043        422 2.2087e+03 0.0000e+00
     -0.032    21.1867     8.5767     96.352  27.972841     30.277      6.981   295.1989     1.4315     3.7235     0.0206      0.000     -0.030     -0.044        423 1.9492e+03 0.0000e+00
     -0.029    21.1695     8.5786     96.373  27.938846     30.221      6.985   295.0096     1.4355     4.0055     0.0206      0.000     -0.027     -0.039        424 1.5081e+03 0.0000e+00
     -0.021    21.1494     8.5770     96.362  27.973593     30.290      6.985   295.4260     1.1889     4.0055     0.0206      0.002     -0.022     -0.032        425 1.7871e+03 0.0000e+00
