Data/DataNotYetUploadedToEDI/Raw_CTD/2018_RawDownloads/052118_fcr30.cnv
* Sea-Bird SBE19plus  Data File:
* FileName = C:\DATA\052118_fcr_0004.hex
* Software version 2.6.3.104
* Temperature SN = 7809
* Conductivity SN = 7809
* System UpLoad Time = May 21 2018 16:57:05
* <ApplicationData>
* <Seaterm232>
# nquan = 17
# nvalues = 841                         
# units = specified
# name 0 = depFM: Depth [fresh water, m]
# name 1 = tv290C: Temperature [ITS-90, deg C]
# name 2 = sbeox0Mg/L: Oxygen, SBE 43 [mg/l]
# name 3 = sbeox0PS: Oxygen, SBE 43 [% saturation]
# name 4 = c0uS/cm: Conductivity [uS/cm]
# name 5 = specc: Specific Conductance [uS/cm]
# name 6 = ph: pH
# name 7 = orp: Oxidation Reduction Potential [mV]
# name 8 = flECO-AFL: Fluorescence, WET Labs ECO-AFL/FL [mg/m^3]
# name 9 = turbWETntu0: Turbidity, WET Labs ECO [NTU]
# name 10 = sal00: Salinity, Practical [PSU]
# name 11 = dz/dtM: Descent Rate [m/s]
# name 12 = prdM: Pressure, Strain Gauge [db]
# name 13 = prdE: Pressure, Strain Gauge [psi]
# name 14 = scan: Scan Count
# name 15 = par/sat/log: PAR/Logarithmic, Satlantic
# name 16 = flag:  0.000e+00
# span 0 =     -0.523,      5.586       
# span 1 =     9.6366,    25.2040       
# span 2 =     4.2006,     9.3512       
# span 3 =     37.775,    104.366       
# span 4 =   1.396574,  33.084597       
# span 5 =      1.846,     42.038       
# span 6 =      4.940,      7.124       
# span 7 =   295.0096,   371.7841       
# span 8 =    -0.3235,     3.8981       
# span 9 =    -3.7961,    21.5692       
# span 10 =     0.0083,     0.0229      
# span 11 =     -0.263,      0.270      
# span 12 =     -0.512,      5.477      
# span 13 =     -0.743,      7.944      
# span 14 =          1,        841      
# span 15 = 1.8687e+00, 2.6340e+03      
# span 16 = 0.0000e+00, 0.0000e+00      
# interval = seconds: 0.25
# start_time = May 21 2018 17:39:41 [Instrument's time stamp, header]
# bad_flag = -9.990e-29
*END*
     -0.522    15.9999     7.6263     88.909   2.658912      3.241      4.948   360.1241    -0.0647    -0.6137     0.0087      0.000     -0.512     -0.743          1 1.2342e+03 0.0000e+00
     -0.523    15.9967     7.5293     88.997   2.360564      2.901      4.946   363.3041    -0.0485    -0.6406     0.0086     -0.000     -0.512     -0.743          2 1.3672e+03 0.0000e+00
     -0.522    16.0009     7.4910     89.217   2.081309      2.493      4.945   366.9384    -0.0323    -0.6271     0.0085     -0.000     -0.512     -0.743          3 1.2966e+03 0.0000e+00
     -0.523    16.0065     7.4891     89.548   1.822057      2.289      4.943   371.7841     0.2063    -3.7693     0.0084     -0.000     -0.512     -0.743          4 1.6168e+03 0.0000e+00
     -0.522    16.0179     7.5090     89.961   1.706095      1.982      4.940   371.2920     0.2022    -3.6350     0.0084     -0.000     -0.512     -0.743          5 1.4103e+03 0.0000e+00
     -0.522    16.0216     7.5465     90.454   1.396574      1.846      4.946   365.8405     0.2265    -3.5679     0.0083     -0.000     -0.511     -0.742          6 7.9420e+02 0.0000e+00
     -0.522    16.8865     7.5840     90.888   1.763121      1.914      4.955   357.7012     0.2346    -3.5544     0.0084      0.000     -0.501     -0.727          7 1.9177e+03 0.0000e+00
     -0.489    18.8203     7.6190     91.307   7.083612      8.613      4.982   365.9162     0.2224    -3.7961     0.0104      0.009     -0.462     -0.670          8 2.4446e+03 0.0000e+00
     -0.398    20.4786     7.6416     91.602  20.011291     23.663      5.565   345.8898     2.9640    16.1175     0.0165      0.039     -0.387     -0.562          9 2.2463e+03 0.0000e+00
     -0.300    21.8054     7.6742     91.863  30.888602     35.843      6.221   302.8082     2.9883    16.1041     0.0222      0.087     -0.296     -0.430         10 2.4560e+03 0.0000e+00
     -0.209    22.9905     7.7048     91.988  32.075279     34.892      6.623   296.4860     2.9802    16.1578     0.0223      0.144     -0.211     -0.305         11 2.2845e+03 0.0000e+00
     -0.135    23.7204     7.7213     92.060  31.695880     34.090      6.871   298.9468     2.9964    16.1981     0.0224      0.200     -0.138     -0.200         12 2.4536e+03 0.0000e+00
     -0.075    24.1287     7.7218     92.063  31.923554     33.107      6.988   300.4611    -0.2911    21.4215     0.0223      0.246     -0.085     -0.123         13 2.2449e+03 0.0000e+00
     -0.048    24.3418     7.8379     93.594  31.583889     32.495      7.028   296.6375    -0.3235    21.4215     0.0223      0.270     -0.059     -0.085         14 9.6601e+02 0.0000e+00
     -0.058    24.4463     8.0752     96.668  31.614165     32.114      7.054   296.4103    -0.2790    21.5692     0.0223      0.261     -0.056     -0.081         15 1.0794e+03 0.0000e+00
     -0.063    24.4738     8.2177     98.576  31.470556     31.919      7.070   299.4768    -0.2992    21.4484     0.0222      0.220     -0.058     -0.083         16 2.6340e+03 0.0000e+00
     -0.052    24.4649     8.2601     99.151  31.377033     31.710      7.073   300.0825     1.0676     4.4218     0.0222      0.162     -0.054     -0.077         17 2.4623e+03 0.0000e+00
     -0.050    24.4665     8.2201     98.636  31.196776     31.524      7.065   296.5618     1.1161     4.4083     0.0221      0.107     -0.051     -0.074         18 9.8563e+02 0.0000e+00
     -0.054    24.4770     8.1461     97.523  31.072186     31.416      7.072   298.8332     1.0959     4.4083     0.0221      0.059     -0.054     -0.079         19 5.2110e+02 0.0000e+00
     -0.061    24.4011     8.0622     96.108  30.850105     31.162      7.076   295.0096     1.0999     4.3815     0.0220      0.024     -0.064     -0.092         20 5.6991e+02 0.0000e+00
     -0.080    24.2652     7.9466     94.198  30.820828     31.154      7.078   296.4860     1.0797     4.1666     0.0220     -0.002     -0.083     -0.120         21 1.0227e+03 0.0000e+00
     -0.113    24.1886     7.8741     92.444  30.723164     31.088      7.069   297.4703     1.1120     4.2069     0.0219     -0.021     -0.107     -0.155         22 1.9203e+03 0.0000e+00
     -0.133    24.1900     7.7947     90.493  30.734470     31.177      7.051   296.9782     1.1201     4.2741     0.0219     -0.034     -0.119     -0.173         23 2.2309e+03 0.0000e+00
     -0.118    24.2717     7.7963     89.682  31.014359     31.536      7.057   297.4703     1.1039     4.1666     0.0220     -0.040     -0.103     -0.150         24 1.8893e+03 0.0000e+00
     -0.066    24.4058     7.7642     88.736  31.620228     32.105      7.067   297.2053     1.0878     4.3815     0.0223     -0.031     -0.056     -0.081         25 9.7152e+02 0.0000e+00
      0.012    24.5140     7.7718     88.462  32.649154     33.156      7.075   297.4703     1.1080     4.4486     0.0227      0.003      0.014      0.020         26 4.9587e+02 0.0000e+00
      0.096    24.5522     7.7774     88.282  33.084597     33.491      7.087   297.5461     1.1039     4.4755     0.0229      0.055      0.090      0.130         27 1.1273e+03 0.0000e+00
      0.163    24.5319     7.7719     88.005  32.798153     33.105      7.100   297.8111     1.0999     4.5560     0.0228      0.114      0.157      0.227         28 1.2395e+03 0.0000e+00
      0.221    24.4056     7.7569     87.602  32.501470     32.799      7.109   296.8268     1.1120     4.4218     0.0226      0.172      0.214      0.310         29 1.2025e+03 0.0000e+00
      0.272    24.1828     7.7312     87.146  32.326961     32.614      7.110   297.0160     1.1565     4.6903     0.0226      0.218      0.260      0.377         30 8.3203e+02 0.0000e+00
      0.303    23.8719     7.6871     86.570  32.155399     32.555      7.108   297.3946     1.1484     4.6500     0.0225      0.238      0.294      0.426         31 7.4199e+02 0.0000e+00
      0.325    23.3664     7.6459     86.032  31.558581     32.082      7.106   298.3789     1.1606     4.5560     0.0223      0.230      0.321      0.465         32 1.0742e+03 0.0000e+00
      0.355    22.7779     7.6259     85.754  30.549378     31.250      7.101   299.3632     1.1767     4.7306     0.0218      0.206      0.347      0.503         33 7.7393e+02 0.0000e+00
      0.380    22.2957     7.6053     85.497  29.675449     30.657      7.092   299.4768     1.3021     4.4083     0.0214      0.173      0.374      0.542         34 7.5688e+02 0.0000e+00
      0.411    21.9589     7.5901     85.380  29.295905     30.656      7.046   299.8932     1.3021     4.4218     0.0213      0.146      0.399      0.579         35 8.4610e+02 0.0000e+00
      0.432    21.7462     7.6176     85.921  29.361568     31.028      7.040   299.9689     1.3183     4.4218     0.0213      0.125      0.417      0.605         36 1.0266e+03 0.0000e+00
      0.434    21.6040     7.6370     86.478  29.356733     31.281      7.045   300.5368     1.2900     4.5292     0.0213      0.105      0.423      0.614         37 7.1760e+02 0.0000e+00
      0.429    21.4770     7.6591     87.109  29.153817     31.153      7.049   300.8775     1.4113     4.4218     0.0212      0.084      0.420      0.609         38 6.2589e+02 0.0000e+00
      0.423    21.3419     7.7047     87.893  29.050859     31.188      7.053   301.7482     1.4315     4.4352     0.0211      0.066      0.416      0.603         39 6.6156e+02 0.0000e+00
      0.422    21.2445     7.7660     88.597  29.010547     31.182      7.057   301.7861     1.4355     4.2875     0.0211      0.047      0.415      0.601         40 5.0182e+02 0.0000e+00
      0.425    21.1958     7.8204     89.079  28.907553     31.214      7.059   302.7325     1.4436     4.4083     0.0211      0.028      0.410      0.595         41 6.2635e+02 0.0000e+00
      0.412    21.1529     7.8476     89.245  29.297678     31.612      7.047   301.3696     1.3668     4.6635     0.0212      0.009      0.385      0.558         42 5.5272e+02 0.0000e+00
      0.337    21.1212     7.8506     89.194  29.770335     32.309      7.038   300.6503     1.3749     4.6232     0.0215     -0.025      0.321      0.465         43 6.9316e+02 0.0000e+00
      0.234    21.1056     7.8172     88.785  29.297779     31.674      7.033   300.5368     1.3910     4.5963     0.0212     -0.073      0.233      0.338         44 7.1455e+02 0.0000e+00
      0.147    21.1410     7.7558     88.081  29.055606     31.514      7.022   300.2339     1.3425     4.6366     0.0211     -0.125      0.144      0.208         45 7.8019e+02 0.0000e+00
      0.055    21.2763     7.6674     87.056  29.063661     31.525      7.014   299.2496     1.2940     4.6903     0.0211     -0.182      0.062      0.090         46 1.1713e+03 0.0000e+00
     -0.014    21.4790     7.5696     85.861  29.169163     31.563      7.013   299.4011     1.3223     4.6769     0.0212     -0.234      0.004      0.006         47 1.1703e+03 0.0000e+00
     -0.027    21.7031     7.4589     84.552  29.546917     31.982      7.013   298.7575     1.2900     4.5426     0.0214     -0.263     -0.017     -0.025         48 1.2352e+03 0.0000e+00
     -0.012    21.8569     7.3496     83.297  29.512616     31.693      6.991   298.4546     1.2980     4.6366     0.0213     -0.258     -0.013     -0.020         49 9.7390e+02 0.0000e+00
     -0.005    21.8627     7.2430     82.057  29.448962     31.570      6.980   298.6818     1.2697     4.4352     0.0213     -0.222     -0.007     -0.010         50 1.3584e+03 0.0000e+00
     -0.004    21.7828     7.1328     80.789  29.329560     31.255      6.961   298.7575     1.1848     4.3949     0.0212     -0.162     -0.007     -0.011         51 1.5503e+03 0.0000e+00
     -0.015    21.7000     7.0436     79.767  29.216419     31.194      6.950   298.7953     1.1686     4.3143     0.0212     -0.102     -0.013     -0.018         52 1.2477e+03 0.0000e+00
     -0.020    21.6507     6.9692     78.904  29.263618     31.248      6.955   298.4168     1.1686     4.3143     0.0212     -0.055     -0.014     -0.019         53 9.7006e+02 0.0000e+00
     -0.005    21.6327     6.9080     78.177  29.330145     31.423      6.966   298.6818     1.2010     4.5023     0.0213     -0.015     -0.006     -0.008         54 4.2937e+02 0.0000e+00
      0.006    21.6297     6.8566     77.572  29.311550     31.397      6.971   299.0225     1.1686     4.3815     0.0212      0.008      0.002      0.003         55 4.1990e+02 0.0000e+00
      0.007    21.6143     6.8288     77.271  29.257130     31.378      6.975   299.0603     1.1484     4.4486     0.0212      0.011      0.002      0.003         56 7.9085e+02 0.0000e+00
     -0.006    21.5670     6.8163     77.185  29.249634     31.351      6.978   298.5682     1.1686     4.3412     0.0212      0.006     -0.006     -0.009         57 1.9637e+03 0.0000e+00
     -0.019    21.5338     6.8300     77.360  29.231936     31.359      6.978   298.1139     1.1606     4.3681     0.0212      0.000     -0.015     -0.021         58 2.0005e+03 0.0000e+00
     -0.018    21.5224     6.8401     77.444  29.190217     31.333      6.966   298.3032     1.2536     4.1666     0.0212     -0.002     -0.016     -0.023         59 2.1628e+03 0.0000e+00
     -0.011    21.5042     6.8404     77.328  29.182973     31.355      6.953   298.7953     1.2414     4.2741     0.0212     -0.001     -0.011     -0.016         60 2.4500e+03 0.0000e+00
     -0.006    21.4904     6.8299     77.136  29.181668     31.362      6.955   298.7575     1.2536     4.2606     0.0212     -0.002     -0.006     -0.008         61 2.4504e+03 0.0000e+00
     -0.001    21.4833     6.7946     76.716  29.132553     31.315      6.962   299.0603     1.2212     4.2338     0.0212     -0.004     -0.002     -0.003         62 2.3305e+03 0.0000e+00
     -0.000    21.4689     6.7508     76.230  29.155156     31.354      6.955   299.1361     1.3344     4.4755     0.0212     -0.003     -0.002     -0.003         63 9.6250e+02 0.0000e+00
     -0.005    21.4481     6.6903     75.573  29.123896     31.329      6.953   299.1361     1.3506     4.3546     0.0212      0.001     -0.006     -0.009         64 4.4519e+02 0.0000e+00
     -0.015    21.4315     6.6473     75.112  29.082514     31.278      6.951   298.8332     1.3830     4.4889     0.0211      0.004     -0.013     -0.019         65 7.0411e+02 0.0000e+00
     -0.021    21.4434     6.6112     74.719  29.117713     31.353      6.953   299.0603     1.3627     4.4218     0.0212      0.001     -0.017     -0.025         66 6.3653e+02 0.0000e+00
     -0.017    21.4756     6.5888     74.466  29.139394     31.363      6.964   299.0225     1.3668     4.4218     0.0212     -0.003     -0.015     -0.023         67 5.7144e+02 0.0000e+00
     -0.010    21.4928     6.5918     74.485  29.114834     31.357      6.965   299.2118     1.3830     4.4083     0.0212     -0.005     -0.012     -0.018         68 9.2143e+02 0.0000e+00
     -0.011    21.4676     6.5986     74.544  29.059330     31.242      6.947   299.2875     1.3910     4.4352     0.0211     -0.006     -0.013     -0.018         69 8.6286e+02 0.0000e+00
     -0.017    21.3944     6.6049     74.583  29.060216     31.263      6.937   298.8332     1.3870     4.4621     0.0211     -0.007     -0.016     -0.023         70 5.5587e+02 0.0000e+00
     -0.020    21.3418     6.6083     74.575  29.084077     31.277      6.934   299.5525     1.3708     4.3143     0.0211     -0.006     -0.018     -0.025         71 4.9076e+02 0.0000e+00
     -0.017    21.3296     6.6028     74.472  29.059294     31.330      6.943   299.2118     1.3789     4.5426     0.0211     -0.003     -0.017     -0.024         72 4.7239e+02 0.0000e+00
     -0.015    21.3344     6.5728     74.112  29.002136     31.273      6.950   299.4011     1.3830     4.4889     0.0211     -0.000     -0.015     -0.022         73 4.8837e+02 0.0000e+00
     -0.015    21.3525     6.5357     73.680  28.977339     31.283      6.962   299.8175     1.3587     4.4755     0.0211      0.000     -0.015     -0.021         74 4.6905e+02 0.0000e+00
     -0.014    21.3689     6.4897     73.154  29.001216     31.279      6.960   299.9311     1.3506     4.3009     0.0211     -0.001     -0.015     -0.021         75 5.0954e+02 0.0000e+00
     -0.016    21.3795     6.4329     72.507  29.031716     31.327      6.953   299.8932     1.3749     4.4218     0.0211     -0.002     -0.015     -0.022         76 4.7244e+02 0.0000e+00
     -0.016    21.3792     6.3781     71.881  28.998674     31.255      6.946   299.5525     1.3749     4.4083     0.0211     -0.000     -0.016     -0.023         77 4.5875e+02 0.0000e+00
     -0.017    21.3691     6.3268     71.298  28.983033     31.248      6.941   299.5903     1.3749     4.4486     0.0211      0.001     -0.017     -0.025         78 4.6375e+02 0.0000e+00
     -0.018    21.3566     6.2803     70.773  28.991879     31.248      6.937   299.7418     1.3506     4.3278     0.0211      0.000     -0.017     -0.025         79 4.7347e+02 0.0000e+00
     -0.017    21.3350     6.2400     70.317  28.928368     31.195      6.939   300.1203     1.3506     4.4083     0.0211     -0.001     -0.016     -0.024         80 5.5198e+02 0.0000e+00
     -0.015    21.3029     6.2179     70.067  28.884185     31.143      6.938   300.2339     1.4032     4.4218     0.0210     -0.001     -0.016     -0.023         81 5.4126e+02 0.0000e+00
     -0.016    21.2754     6.1866     69.718  28.928278     31.218      6.940   300.0446     1.3668     4.4352     0.0211     -0.001     -0.017     -0.024         82 5.9692e+02 0.0000e+00
     -0.019    21.2593     6.1641     69.461  28.932801     31.240      6.937   299.8175     1.3749     4.3815     0.0211     -0.001     -0.019     -0.027         83 4.4711e+02 0.0000e+00
     -0.021    21.2504     6.1552     69.262  28.878566     31.198      6.935   299.8553     1.4274     4.3143     0.0210     -0.002     -0.020     -0.029         84 5.2307e+02 0.0000e+00
     -0.020    21.2444     6.1451     69.072  28.877188     31.209      6.940   300.2339     1.4477     4.4352     0.0210     -0.002     -0.020     -0.029         85 8.3198e+02 0.0000e+00
