Data/DataNotYetUploadedToEDI/Raw_CTD/2018_RawDownloads/052118_fcr30.cnv
* Sea-Bird SBE19plus  Data File:
* FileName = C:\DATA\052118_fcr_0004.hex
* Software version 2.6.3.104
* Temperature SN = 7809
* Conductivity SN = 7809
* System UpLoad Time = May 21 2018 16:57:05
* <ApplicationData>
* <Seaterm232>
# nquan = 17
# nvalues = 841                         
# units = specified
# name 0 = depFM: Depth [fresh water, m]
# name 1 = tv290C: Temperature [ITS-90, deg C]
# name 2 = sbeox0Mg/L: Oxygen, SBE 43 [mg/l]
# name 3 = sbeox0PS: Oxygen, SBE 43 [% saturation]
# name 4 = c0uS/cm: Conductivity [uS/cm]
# name 5 = specc: Specific Conductance [uS/cm]
# name 6 = ph: pH
# name 7 = orp: Oxidation Reduction Potential [mV]
# name 8 = flECO-AFL: Fluorescence, WET Labs ECO-AFL/FL [mg/m^3]
# name 9 = turbWETntu0: Turbidity, WET Labs ECO [NTU]
# name 10 = sal00: Salinity, Practical [PSU]
# name 11 = dz/dtM: Descent Rate [m/s]
# name 12 = prdM: Pressure, Strain Gauge [db]
# name 13 = prdE: Pressure, Strain Gauge [psi]
# name 14 = scan: Scan Count
# name 15 = par/sat/log: PAR/Logarithmic, Satlantic
# name 16 = flag:  0.000e+00
# span 0 =     -0.523,      5.586       
# span 1 =     9.6366,    25.2040       
# span 2 =     4.2006,     9.3512       
# span 3 =     37.775,    104.366       
# span 4 =   1.396574,  33.084597       
# span 5 =      1.846,     42.038       
# span 6 =      4.940,      7.124       
# span 7 =   295.0096,   371.7841       
# span 8 =    -0.3235,     3.8981       
# span 9 =    -3.7961,    21.5692       
# span 10 =     0.0083,     0.0229      
# span 11 =     -0.263,      0.270      
# span 12 =     -0.512,      5.477      
# span 13 =     -0.743,      7.944      
# span 14 =          1,        841      
# span 15 = 1.8687e+00, 2.6340e+03      
# span 16 = 0.0000e+00, 0.0000e+00      
# interval = seconds: 0.25
# start_time = May 21 2018 17:39:41 [Instrument's time stamp, header]
# bad_flag = -9.990e-29
*END*
[from data line 511]
     -0.014    24.4880     8.4027    100.624  31.620746     31.969      7.088   307.9568     1.4638     4.4755     0.0223      0.004     -0.013     -0.020        512 1.4843e+03 0.0000e+00
     -0.013    24.4909     8.3984    100.551  31.660979     32.008      7.089   308.1082     1.4517     4.3949     0.0223      0.005     -0.012     -0.018        513 1.8864e+03 0.0000e+00
     -0.012    24.4902     8.3928    100.482  31.624976     31.938      7.091   308.2597     1.4274     4.4083     0.0223      0.006     -0.011     -0.016        514 1.7621e+03 0.0000e+00
     -0.010    24.4915     8.3945    100.479  31.606241     31.937      7.091   308.2597     1.4234     4.3412     0.0223      0.006     -0.010     -0.014        515 1.1390e+03 0.0000e+00
     -0.008    24.4985     8.3823    100.356  31.624990     31.937      7.091   308.0325     1.4153     4.4352     0.0223      0.006     -0.008     -0.012        516 1.6638e+03 0.0000e+00
     -0.007    24.5053     8.3696    100.249  31.690600     32.021      7.089   308.0325     1.5043     4.4083     0.0223      0.006     -0.007     -0.011        517 1.8184e+03 0.0000e+00
     -0.007    24.4935     8.3601    100.113  31.672849     31.988      7.085   308.1082     1.4962     4.4621     0.0223      0.005     -0.007     -0.011        518 1.3688e+03 0.0000e+00
     -0.008    24.4811     8.3631    100.062  31.617425     31.927      7.079   308.0325     1.4719     4.4352     0.0223      0.004     -0.008     -0.012        519 1.6483e+03 0.0000e+00
     -0.009    24.4810     8.3708    100.100  31.611313     31.935      7.083   307.7675     1.5043     4.4083     0.0223      0.003     -0.009     -0.013        520 1.5281e+03 0.0000e+00
     -0.010    24.4616     8.3665    100.059  31.621155     31.943      7.084   307.9189     1.4477     4.4083     0.0223      0.001     -0.010     -0.014        521 1.9004e+03 0.0000e+00
     -0.010    24.4254     8.3696    100.130  31.605181     31.943      7.086   307.9947     1.4436     4.3143     0.0223      0.000     -0.010     -0.014        522 2.4691e+03 0.0000e+00
     -0.009    24.4131     8.3803    100.293  31.542241     31.870      7.090   307.8054     1.4355     4.3546     0.0222     -0.001     -0.009     -0.013        523 2.3548e+03 0.0000e+00
     -0.008    24.4109     8.3884    100.408  31.610535     31.979      7.083   307.6539     1.4274     4.3815     0.0223     -0.001     -0.008     -0.011        524 2.4514e+03 0.0000e+00
     -0.006    24.4005     8.3886    100.400  31.609157     31.987      7.082   307.9189     1.5002     4.3143     0.0223     -0.000     -0.006     -0.009        525 1.5591e+03 0.0000e+00
     -0.006    24.4119     8.3815    100.302  31.514311     31.875      7.078   307.6918     1.4800     4.4621     0.0222      0.001     -0.005     -0.008        526 8.4160e+02 0.0000e+00
     -0.004    24.4353     8.3747    100.244  31.609964     31.995      7.079   307.7675     1.5204     4.4083     0.0223      0.002     -0.004     -0.006        527 2.1834e+03 0.0000e+00
     -0.002    24.4230     8.3650    100.182  31.608727     31.988      7.077   308.1082     1.4800     4.3278     0.0223      0.004     -0.002     -0.003        528 2.5594e+03 0.0000e+00
     -0.001    24.3777     8.3639    100.219  31.515847     31.859      7.075   307.7297     1.4638     4.3546     0.0222      0.005     -0.002     -0.002        529 2.3464e+03 0.0000e+00
     -0.002    24.3492     8.3765    100.410  31.458679     31.839      7.076   307.9568     1.4436     4.5292     0.0222      0.004     -0.002     -0.002        530 2.4758e+03 0.0000e+00
     -0.001    24.3544     8.3884    100.569  31.531616     31.897      7.076   308.1839     1.4274     4.3009     0.0222      0.004     -0.001     -0.001        531 2.3990e+03 0.0000e+00
     -0.001    24.3722     8.4040    100.663  31.632657     32.085      7.068   308.2597     1.4274     4.3546     0.0223      0.004     -0.001     -0.001        532 2.4145e+03 0.0000e+00
     -0.001    24.3910     8.4298    100.791  31.540511     31.912      7.066   308.1082     1.4274     4.3815     0.0222      0.003     -0.001     -0.001        533 2.0235e+03 0.0000e+00
     -0.001    24.4006     8.4342    100.734  31.586986     32.013      7.073   307.6918     1.4477     4.4218     0.0223      0.002     -0.001     -0.001        534 1.2755e+03 0.0000e+00
     -0.001    24.3951     8.4248    100.636  31.634116     32.001      7.076   307.8432     1.4436     4.4352     0.0223      0.001     -0.002     -0.002        535 9.9301e+02 0.0000e+00
     -0.004    24.3886     8.4131    100.538  31.570807     31.966      7.079   307.8054     1.4274     4.3546     0.0223     -0.000     -0.004     -0.005        536 1.2533e+03 0.0000e+00
     -0.006    24.4009     8.4082    100.489  31.576813     31.942      7.079   308.1082     1.4153     4.3681     0.0223     -0.001     -0.006     -0.008        537 1.4517e+03 0.0000e+00
     -0.007    24.4300     8.4004    100.443  31.656296     32.060      7.080   308.1082     1.4800     4.4083     0.0223     -0.003     -0.007     -0.011        538 1.7500e+03 0.0000e+00
     -0.010    24.4569     8.3902    100.455  31.679457     32.052      7.071   308.5247     1.5043     4.4083     0.0223     -0.004     -0.010     -0.014        539 1.0345e+03 0.0000e+00
     -0.012    24.4787     8.3817    100.498  31.666590     32.032      7.063   308.1839     1.5124     4.4352     0.0223     -0.006     -0.012     -0.017        540 6.1522e+02 0.0000e+00
     -0.014    24.4853     8.3893    100.671  31.731602     32.071      7.057   308.2597     1.4840     4.4083     0.0223     -0.007     -0.012     -0.018        541 1.1521e+03 0.0000e+00
     -0.012    24.4357     8.4040    100.906  31.687496     32.029      7.059   307.7675     1.2900     4.3412     0.0223     -0.007     -0.012     -0.018        542 6.9649e+02 0.0000e+00
     -0.012    24.3415     8.4060    100.981  31.573210     31.883      7.054   307.9568     1.2940     4.3949     0.0223     -0.006     -0.013     -0.019        543 5.0865e+02 0.0000e+00
     -0.017    24.2832     8.4070    101.067  31.488354     31.858      7.055   307.9189     1.3061     4.4352     0.0222     -0.006     -0.015     -0.022        544 1.5742e+03 0.0000e+00
     -0.018    24.2900     8.3945    101.001  31.526252     31.921      7.061   307.7675     1.2980     4.4889     0.0222     -0.005     -0.016     -0.024        545 2.3115e+03 0.0000e+00
     -0.016    24.3115     8.3824    100.923  31.585383     32.072      7.067   307.6918     1.5043     4.3412     0.0223     -0.004     -0.014     -0.021        546 1.9635e+03 0.0000e+00
     -0.008    24.3178     8.3838    101.013  31.474092     31.897      7.070   307.9947     1.4881     4.4755     0.0222     -0.001     -0.011     -0.016        547 1.3278e+03 0.0000e+00
     -0.011    24.3433     8.3908    101.090  31.516495     31.967      7.064   308.1839     1.5043     4.3278     0.0222      0.001     -0.011     -0.017        548 1.3441e+03 0.0000e+00
     -0.016    24.4146     8.4363    101.162  31.621562     32.049      7.064   307.9189     1.4921     4.4218     0.0223      0.000     -0.015     -0.022        549 1.8154e+03 0.0000e+00
     -0.018    24.4908     8.4950    101.195  31.669503     32.089      7.064   308.1082     1.4234     4.3143     0.0223     -0.001     -0.017     -0.025        550 1.6023e+03 0.0000e+00
     -0.018    24.5363     8.4932    100.829  31.723688     32.099      7.066   307.8054     1.4194     4.3949     0.0223     -0.001     -0.018     -0.026        551 1.3486e+03 0.0000e+00
     -0.018    24.5662     8.5286    100.339  31.732014     32.049      7.064   308.4111     1.4355     4.4755     0.0223     -0.001     -0.018     -0.026        552 1.8040e+03 0.0000e+00
     -0.018    24.5951     8.6271     99.961  31.777720     32.077      7.066   308.0704     1.4436     4.3815     0.0223     -0.002     -0.018     -0.026        553 2.1634e+03 0.0000e+00
     -0.019    24.6336     8.6496     98.926  31.815049     32.085      7.072   308.3354     1.4315     4.5695     0.0224     -0.004     -0.019     -0.027        554 2.2102e+03 0.0000e+00
     -0.021    24.6788     8.5818     97.280  31.774502     32.039      7.080   307.8432     1.4477     4.3815     0.0223     -0.005     -0.019     -0.027        555 2.3700e+03 0.0000e+00
     -0.018    24.7149     8.5238     96.079  31.798514     32.013      7.080   308.1082     1.4194     4.4083     0.0223     -0.003     -0.014     -0.020        556 2.3484e+03 0.0000e+00
     -0.006    24.7552     8.4973     95.446  31.814802     32.041      7.086   307.8432     1.4355     4.3546     0.0224      0.002     -0.003     -0.005        557 2.2062e+03 0.0000e+00
      0.012    24.7461     8.5148     95.379  31.872824     32.017      7.091   307.9189     1.4517     4.3278     0.0224      0.010      0.013      0.019        558 2.2059e+03 0.0000e+00
      0.033    24.4908     8.5668     95.663  31.785594     31.992      7.091   307.9189     1.5002     4.3143     0.0224      0.021      0.031      0.046        559 2.0845e+03 0.0000e+00
      0.051    24.1540     8.6331     96.159  31.093098     31.208      7.088   307.8432     1.4800     4.3815     0.0221      0.033      0.050      0.073        560 1.8252e+03 0.0000e+00
      0.069    23.9482     8.7101     96.860  30.896247     31.199      7.085   308.1082     1.4881     4.3278     0.0220      0.045      0.069      0.100        561 1.0200e+03 0.0000e+00
      0.090    23.4721     8.8033     97.798  31.052162     31.623      7.085   307.6539     1.4962     4.4352     0.0221      0.058      0.092      0.133        562 5.6268e+02 0.0000e+00
      0.124    22.6787     8.8811     98.579  30.009678     30.657      7.085   306.9725     1.4315     4.5023     0.0216      0.071      0.122      0.177        563 9.7035e+02 0.0000e+00
      0.159    21.9958     8.9516     99.102  28.872954     29.722      7.079   306.9346     1.3991     4.5560     0.0211      0.084      0.153      0.223        564 6.0244e+02 0.0000e+00
      0.187    21.5363     9.0141     99.474  28.671891     30.107      7.079   306.5561     1.4234     4.5695     0.0210      0.093      0.182      0.264        565 9.9395e+02 0.0000e+00
      0.212    21.2439     9.0612     99.713  28.629501     30.424      7.079   306.5182     1.4355     4.7038     0.0209      0.100      0.208      0.302        566 1.6081e+03 0.0000e+00
      0.239    21.0649     9.0945     99.880  28.540545     30.695      7.078   306.3668     1.3789     4.6366     0.0209      0.105      0.235      0.341        567 1.0470e+03 0.0000e+00
      0.268    20.9212     9.1223    100.088  28.427010     30.706      7.076   306.7075     1.3506     4.5426     0.0208      0.110      0.263      0.381        568 6.7989e+02 0.0000e+00
      0.296    20.7646     9.1441    100.156  28.385495     30.826      7.073   306.6318     1.3506     4.5023     0.0208      0.113      0.289      0.419        569 9.4049e+02 0.0000e+00
      0.319    20.6353     9.1735    100.224  28.414401     30.920      7.070   307.4268     1.3749     4.6500     0.0208      0.111      0.310      0.450        570 1.6883e+03 0.0000e+00
      0.333    20.5516     9.1945    100.199  28.391098     31.028      7.062   307.1996     1.5487     4.6366     0.0208      0.104      0.327      0.474        571 1.0226e+03 0.0000e+00
      0.348    20.5033     9.1970     99.989  28.414553     31.116      7.063   307.8432     1.5407     4.5963     0.0208      0.096      0.343      0.497        572 8.0539e+02 0.0000e+00
      0.369    20.4545     9.1897     99.727  28.444556     31.233      7.062   308.1082     1.5568     4.5829     0.0208      0.090      0.362      0.525        573 1.1761e+03 0.0000e+00
      0.389    20.3264     9.1878     99.569  28.413089     31.207      7.060   308.1082     1.5487     4.5829     0.0208      0.085      0.382      0.554        574 7.8511e+02 0.0000e+00
      0.409    20.1636     9.1976     99.567  28.394441     31.236      7.060   308.9411     1.6579     4.5695     0.0208      0.080      0.401      0.581        575 8.1906e+02 0.0000e+00
      0.427    20.0220     9.2001     99.519  28.408495     31.328      7.059   308.9032     1.6377     4.6232     0.0208      0.075      0.418      0.607        576 9.0345e+02 0.0000e+00
      0.444    19.9237     9.2145     99.612  28.454941     31.502      7.058   309.3575     1.6377     4.5426     0.0208      0.072      0.435      0.632        577 8.5239e+02 0.0000e+00
      0.462    19.8712     9.2299     99.715  28.395994     31.539      7.056   309.8875     1.6094     4.6366     0.0208      0.072      0.455      0.660        578 8.1752e+02 0.0000e+00
      0.487    19.7866     9.2597     99.950  28.363315     31.547      7.049   310.3418     1.6458     4.6635     0.0208      0.075      0.479      0.695        579 8.0957e+02 0.0000e+00
      0.516    19.6604     9.2921    100.145  28.436353     31.706      7.039   310.6825     1.8278     4.8649     0.0208      0.079      0.507      0.736        580 7.5253e+02 0.0000e+00
      0.549    19.5331     9.3386    100.458  28.364425     31.642      7.034   311.4397     1.8237     4.8917     0.0208      0.084      0.539      0.782        581 7.3288e+02 0.0000e+00
      0.585    19.4160     9.3512    100.471  28.334273     31.732      7.030   312.4997     1.8278     4.7843     0.0208      0.093      0.573      0.831        582 7.4092e+02 0.0000e+00
      0.619    19.3241     9.3266    100.143  28.355331     31.823      7.024   312.3482     1.8197     4.7843     0.0208      0.103      0.605      0.878        583 7.0686e+02 0.0000e+00
      0.647    19.2555     9.2873     99.642  28.338265     31.907      7.018   312.6132     1.8318     4.8380     0.0207      0.112      0.633      0.918        584 6.3793e+02 0.0000e+00
      0.670    19.2014     9.2440     99.074  28.296259     31.910      7.006   313.5597     1.8116     4.7977     0.0207      0.117      0.657      0.953        585 6.4465e+02 0.0000e+00
      0.693    19.1636     9.1751     98.219  28.289053     31.959      7.005   313.6732     1.8237     4.8783     0.0207      0.118      0.681      0.988        586 6.0593e+02 0.0000e+00
      0.722    19.1327     9.0930     97.183  28.287967     31.999      6.999   314.5061     1.8035     4.8380     0.0207      0.116      0.705      1.023        587 6.6109e+02 0.0000e+00
      0.741    19.1007     9.0024     96.065  28.297634     32.026      6.994   314.5818     1.7590     4.8246     0.0207      0.110      0.729      1.057        588 7.0418e+02 0.0000e+00
      0.768    19.0570     8.9088     94.948  28.217743     31.985      6.994   314.8847     1.7833     4.8112     0.0207      0.104      0.755      1.095        589 5.8192e+02 0.0000e+00
      0.801    18.9806     8.8299     94.006  28.209517     31.945      6.996   315.1875     1.7348     4.7575     0.0207      0.101      0.783      1.136        590 5.8406e+02 0.0000e+00
      0.827    18.8896     8.7612     93.182  28.811901     32.705      6.992   315.2632     1.7671     4.7575     0.0210      0.100      0.809      1.174        591 5.9859e+02 0.0000e+00
      0.848    18.8290     8.7045     92.496  29.335938     33.366      6.991   315.4904     1.8965     5.1066     0.0212      0.100      0.832      1.208        592 5.2473e+02 0.0000e+00
      0.872    18.7966     8.6627     91.974  29.276997     33.341      6.993   315.6418     1.8884     5.0529     0.0212      0.101      0.857      1.244        593 4.8444e+02 0.0000e+00
      0.904    18.7574     8.6230     91.469  29.418965     33.546      6.990   316.0204     1.8722     5.1066     0.0212      0.103      0.886      1.285        594 5.1097e+02 0.0000e+00
      0.933    18.7066     8.5896     91.027  29.692976     33.921      6.987   316.0961     1.8642     5.0395     0.0214      0.104      0.915      1.326        595 4.9655e+02 0.0000e+00
