Data/DataNotYetUploadedToEDI/Raw_CTD/2018_RawDownloads/052818_fcr30.cnv
* Sea-Bird SBE19plus  Data File:
* FileName = C:\DATA\052818_fcr_0003.hex
* Software version 2.6.3.104
* Temperature SN = 7809
* Conductivity SN = 7809
* System UpLoad Time = May 28 2018 15:47:54
* <ApplicationData>
* <Seaterm232>
# nquan = 17
# nvalues = 739                         
# units = specified
# name 0 = depFM: Depth [fresh water, m]
# name 1 = tv290C: Temperature [ITS-90, deg C]
# name 2 = sbeox0Mg/L: Oxygen, SBE 43 [mg/l]
# name 3 = sbeox0PS: Oxygen, SBE 43 [% saturation]
# name 4 = c0uS/cm: Conductivity [uS/cm]
# name 5 = specc: Specific Conductance [uS/cm]
# name 6 = ph: pH
# name 7 = orp: Oxidation Reduction Potential [mV]
# name 8 = flECO-AFL: Fluorescence, WET Labs ECO-AFL/FL [mg/m^3]
# name 9 = turbWETntu0: Turbidity, WET Labs ECO [NTU]
# name 10 = sal00: Salinity, Practical [PSU]
# name 11 = dz/dtM: Descent Rate [m/s]
# name 12 = prdM: Pressure, Strain Gauge [db]
# name 13 = prdE: Pressure, Strain Gauge [psi]
# name 14 = scan: Scan Count
# name 15 = par/sat/log: PAR/Logarithmic, Satlantic
# name 16 = flag:  0.000e+00
# span 0 =     -0.563,      5.503       
# span 1 =     9.9046,    24.2733       
# span 2 =     2.7566,     9.6652       
# span 3 =     24.952,    106.108       
# span 4 =  -0.372347,  31.488471       
# span 5 =      0.322,     42.536       
# span 6 =      5.764,      7.562       
# span 7 =   159.9728,  1240.2295       
# span 8 =    -0.1860,     3.7970       
# span 9 =    -0.4660,    41.7917       
# span 10 =     0.0114,     0.0222      
# span 11 =     -0.091,      0.205      
# span 12 =     -0.551,      5.395      
# span 13 =     -0.800,      7.826      
# span 14 =          1,        739      
# span 15 = 2.2002e+00, 1.1516e+03      
# span 16 = 0.0000e+00, 0.0000e+00      
# interval = seconds: 0.25
# start_time = May 28 2018 16:19:59 [Instrument's time stamp, header]
# bad_flag = -9.990e-29
*END*
[from data line 681]
      4.556    10.1279     6.3285     56.163  28.934551     41.161      6.398   316.7775     1.2212     3.3475     0.0211      0.055      4.467      6.479        682 5.8204e+00 0.0000e+00
      4.569    10.1190     6.2954     55.837  28.933527     41.171      6.398   316.7397     1.2374     3.3744     0.0211      0.053      4.480      6.498        683 5.7198e+00 0.0000e+00
      4.581    10.1102     6.2949     55.810  28.934467     41.181      6.399   317.0425     1.2293     3.3744     0.0211      0.051      4.492      6.515        684 5.6035e+00 0.0000e+00
      4.593    10.1001     6.3040     55.875  28.933385     41.192      6.403   317.4590     1.2374     3.1461     0.0211      0.049      4.505      6.533        685 5.4624e+00 0.0000e+00
      4.607    10.0906     6.3212     56.019  28.875580     41.122      6.405   317.3075     1.2374     3.0924     0.0210      0.049      4.518      6.553        686 5.3574e+00 0.0000e+00
      4.621    10.0838     6.3429     56.205  28.828515     41.055      6.404   317.2697     1.2778     3.1998     0.0210      0.050      4.532      6.572        687 5.2706e+00 0.0000e+00
      4.635    10.0897     6.3714     56.453  28.873364     41.145      6.405   317.6104     1.2374     3.1058     0.0210      0.052      4.545      6.591        688 5.1802e+00 0.0000e+00
      4.647    10.1111     6.4314     56.979  28.879067     41.153      6.403   317.4211     1.1686     2.8641     0.0210      0.052      4.557      6.609        689 5.0751e+00 0.0000e+00
      4.657    10.1169     6.4753     57.360  28.821419     41.067      6.402   317.6861     1.1848     2.9447     0.0210      0.050      4.570      6.627        690 4.9412e+00 0.0000e+00
      4.675    10.0954     6.5405     57.930  28.767208     40.962      6.405   317.9133     1.1606     2.9715     0.0210      0.051      4.587      6.652        691 4.7812e+00 0.0000e+00
      4.698    10.0692     6.5923     58.381  28.768631     40.954      6.405   318.0268     1.1686     2.9850     0.0210      0.055      4.607      6.682        692 4.6304e+00 0.0000e+00
      4.721    10.0456     6.6427     58.820  28.760350     40.981      6.407   318.1783     1.1606     2.5419     0.0210      0.060      4.630      6.715        693 4.4496e+00 0.0000e+00
      4.746    10.0273     6.6820     59.161  28.658923     40.851      6.402   318.3297     1.1606     2.4479     0.0209      0.066      4.653      6.749        694 4.3547e+00 0.0000e+00
      4.768    10.0167     6.7276     59.559  28.628021     40.840      6.403   318.3297     1.1606     2.4881     0.0209      0.073      4.674      6.779        695 4.2686e+00 0.0000e+00
      4.783    10.0098     6.7697     59.928  28.650571     40.900      6.402   319.0490     1.1929     2.5150     0.0209      0.077      4.691      6.804        696 4.1456e+00 0.0000e+00
      4.800    10.0050     6.7964     60.161  28.660517     40.913      6.401   319.0490     1.1120     2.1122     0.0209      0.080      4.708      6.828        697 4.0842e+00 0.0000e+00
      4.820    10.0012     6.8230     60.394  28.645297     40.921      6.399   319.1625     1.1323     2.1659     0.0209      0.081      4.727      6.855        698 4.0019e+00 0.0000e+00
      4.839     9.9970     6.8559     60.688  28.610218     40.847      6.399   319.3140     1.1323     2.1659     0.0209      0.080      4.747      6.885        699 3.8888e+00 0.0000e+00
      4.864     9.9915     6.8913     61.002  28.585578     40.851      6.398   319.4654     1.1242     2.2733     0.0209      0.078      4.770      6.919        700 3.7899e+00 0.0000e+00
      4.890     9.9859     6.9275     61.316  28.527719     40.736      6.395   319.3140     1.1444     2.1659     0.0208      0.079      4.795      6.955        701 3.7314e+00 0.0000e+00
      4.915     9.9804     6.9712     61.698  28.563630     40.823      6.393   319.8440     1.0554     1.7362     0.0208      0.081      4.821      6.992        702 3.6244e+00 0.0000e+00
      4.944     9.9749     7.0230     62.156  28.511240     40.749      6.392   320.3361     1.0069     1.7765     0.0208      0.086      4.847      7.030        703 3.5284e+00 0.0000e+00
      4.969     9.9697     7.0673     62.548  28.415027     40.596      6.388   320.5254     1.0312     1.6825     0.0207      0.093      4.872      7.067        704 3.4541e+00 0.0000e+00
      4.992     9.9656     7.1186     62.999  28.446178     40.682      6.388   320.3361     1.0635     1.7093     0.0208      0.097      4.895      7.099        705 3.3657e+00 0.0000e+00
      5.013     9.9629     7.1719     63.465  28.413179     40.608      6.389   320.5633     1.0797     1.7228     0.0207      0.098      4.916      7.129        706 3.3317e+00 0.0000e+00
      5.033     9.9606     7.2151     63.841  28.396798     40.613      6.387   320.9040     1.0999     1.6422     0.0207      0.097      4.936      7.158        707 3.2843e+00 0.0000e+00
      5.053     9.9597     7.2645     64.277  28.407267     40.616      6.385   320.6768     1.0999     1.6422     0.0207      0.093      4.955      7.186        708 3.2313e+00 0.0000e+00
      5.071     9.9613     7.2964     64.559  28.400153     40.619      6.386   321.0554     1.0878     1.6690     0.0207      0.089      4.973      7.212        709 3.1833e+00 0.0000e+00
      5.089     9.9615     7.3483     65.015  28.405654     40.620      6.390   320.8661     1.0392     1.4945     0.0207      0.084      4.990      7.237        710 3.1052e+00 0.0000e+00
      5.104     9.9575     7.3754     65.255  28.400421     40.618      6.389   320.9797     1.0271     1.4408     0.0207      0.078      5.005      7.260        711 3.0828e+00 0.0000e+00
      5.118     9.9539     7.4065     65.529  28.347366     40.538      6.390   321.0175     1.0352     1.4945     0.0207      0.073      5.020      7.281        712 3.0536e+00 0.0000e+00
      5.135     9.9539     7.4159     65.609  28.293789     40.463      6.391   321.0933     1.0433     1.5079     0.0207      0.070      5.037      7.305        713 3.0172e+00 0.0000e+00
      5.155     9.9537     7.4174     65.617  28.289208     40.467      6.393   321.1690     1.1929     1.4810     0.0207      0.068      5.056      7.333        714 2.9576e+00 0.0000e+00
      5.176     9.9512     7.4180     65.617  28.293772     40.467      6.392   321.5475     1.1848     1.5213     0.0207      0.068      5.077      7.363        715 2.8740e+00 0.0000e+00
      5.200     9.9477     7.4144     65.582  28.288110     40.467      6.396   321.3583     1.1646     1.5885     0.0207      0.069      5.097      7.393        716 2.8384e+00 0.0000e+00
      5.217     9.9440     7.4085     65.526  28.296254     40.470      6.394   321.4340     1.1525     1.4542     0.0207      0.071      5.115      7.419        717 2.7868e+00 0.0000e+00
      5.232     9.9425     7.3984     65.432  28.283638     40.474      6.391   321.3204     1.3789     1.4542     0.0207      0.073      5.130      7.441        718 2.7552e+00 0.0000e+00
      5.248     9.9420     7.3933     65.383  28.303813     40.478      6.394   321.7368     1.3547     1.5482     0.0207      0.073      5.144      7.462        719 2.7129e+00 0.0000e+00
      5.259     9.9406     7.4031     65.465  28.330444     40.560      6.395   321.8125     1.3910     1.4810     0.0207      0.072      5.157      7.480        720 2.6967e+00 0.0000e+00
      5.270     9.9405     7.3972     65.406  28.309793     40.480      6.396   321.6233     1.3668     1.5079     0.0207      0.067      5.168      7.496        721 2.6938e+00 0.0000e+00
      5.282     9.9403     7.4093     65.507  28.329514     40.562      6.396   321.5854     1.3830     1.5213     0.0207      0.062      5.180      7.513        722 2.6565e+00 0.0000e+00
      5.295     9.9379     7.4035     65.452  28.305903     40.482      6.396   321.5097     1.3587     1.5348     0.0207      0.056      5.192      7.531        723 2.6163e+00 0.0000e+00
      5.306     9.9344     7.3923     65.349  28.279879     40.482      6.401   321.8125     1.3749     1.4408     0.0207      0.051      5.206      7.551        724 2.5449e+00 0.0000e+00
      5.327     9.9311     7.3875     65.307  28.302602     40.485      6.400   321.6611     1.3668     1.5616     0.0207      0.051      5.224      7.577        725 2.4893e+00 0.0000e+00
      5.348     9.9289     7.3647     65.105  28.277625     40.489      6.397   321.6611     1.3344     1.5482     0.0207      0.054      5.245      7.608        726 2.4198e+00 0.0000e+00
      5.371     9.9265     7.3430     64.915  28.251668     40.413      6.398   321.6990     1.4234     1.4945     0.0206      0.059      5.268      7.640        727 2.3748e+00 0.0000e+00
      5.397     9.9235 -9.990e-29 -9.990e-29  28.334909     40.576      6.394   321.7368     1.4517     1.5348     0.0207      0.067      5.291      7.675        728 2.3509e+00 0.0000e+00
      5.419     9.9208 -9.990e-29 -9.990e-29  28.351927     40.579      6.393   321.9640     1.3910     1.5348     0.0207      0.074      5.313      7.706        729 2.3149e+00 0.0000e+00
      5.437     9.9174 -9.990e-29 -9.990e-29  28.289787     40.502      6.391   321.7368     1.4436     1.5750     0.0207      0.080      5.331      7.732        730 2.2951e+00 0.0000e+00
      5.453     9.9132 -9.990e-29 -9.990e-29  28.293647     40.505      6.388   321.6611     1.2374     1.5482     0.0207      0.082      5.347      7.755        731 2.2539e+00 0.0000e+00
      5.468     9.9098 -9.990e-29 -9.990e-29  28.347124     40.589      6.390   321.5475     1.2455     1.4408     0.0207      0.082      5.361      7.776        732 2.2360e+00 0.0000e+00
      5.481     9.9068 -9.990e-29 -9.990e-29  28.341833     40.594      6.389   321.4340     1.2293     1.4408     0.0207      0.077      5.373      7.794        733 2.2390e+00 0.0000e+00
      5.490     9.9051 -9.990e-29 -9.990e-29  28.359531     40.598      6.390   321.1311     1.2293     1.4676     0.0207      0.070      5.383      7.807        734 2.2181e+00 0.0000e+00
      5.495     9.9046 -9.990e-29 -9.990e-29  28.443694     40.761      6.390   321.2825     1.3547     1.5348     0.0208      0.061      5.388      7.815        735 2.2132e+00 0.0000e+00
      5.499     9.9049 -9.990e-29 -9.990e-29  28.414986     40.684      6.387   321.2447     1.3749     1.5885     0.0207      0.050      5.392      7.820        736 2.2082e+00 0.0000e+00
      5.500     9.9056 -9.990e-29 -9.990e-29  28.395257     40.684      6.390   320.8661     1.3749     1.4945     0.0207      0.040      5.394      7.823        737 2.2002e+00 0.0000e+00
      5.502 -9.990e-29 -9.990e-29 -9.990e-29  28.408949     40.684      6.388   320.8661     1.3870     1.6153     0.0207      0.031      5.395      7.825        738 2.2095e+00 0.0000e+00
      5.503 -9.990e-29 -9.990e-29 -9.990e-29  28.397947     40.683      6.392   321.2447     1.5043     1.5885     0.0207      0.023      5.395      7.826        739 2.2090e+00 0.0000e+00
