Data/DataNotYetUploadedToEDI/Raw_CTD/2018_RawDownloads/052818_fcr30.cnv
* Sea-Bird SBE19plus  Data File:
* FileName = C:\DATA\052818_fcr_0003.hex
* Software version 2.6.3.104
* Temperature SN = 7809
* Conductivity SN = 7809
* System UpLoad Time = May 28 2018 15:47:54
* <ApplicationData>
* <Seaterm232>
# nquan = 17
# nvalues = 739                         
# units = specified
# name 0 = depFM: Depth [fresh water, m]
# name 1 = tv290C: Temperature [ITS-90, deg C]
# name 2 = sbeox0Mg/L: Oxygen, SBE 43 [mg/l]
# name 3 = sbeox0PS: Oxygen, SBE 43 [% saturation]
# name 4 = c0uS/cm: Conductivity [uS/cm]
# name 5 = specc: Specific Conductance [uS/cm]
# name 6 = ph: pH
# name 7 = orp: Oxidation Reduction Potential [mV]
# name 8 = flECO-AFL: Fluorescence, WET Labs ECO-AFL/FL [mg/m^3]
# name 9 = turbWETntu0: Turbidity, WET Labs ECO [NTU]
# name 10 = sal00: Salinity, Practical [PSU]
# name 11 = dz/dtM: Descent Rate [m/s]
# name 12 = prdM: Pressure, Strain Gauge [db]
# name 13 = prdE: Pressure, Strain Gauge [psi]
# name 14 = scan: Scan Count
# name 15 = par/sat/log: PAR/Logarithmic, Satlantic
# name 16 = flag:  0.000e+00
# span 0 =     -0.563,      5.503       
# span 1 =     9.9046,    24.2733       
# span 2 =     2.7566,     9.6652       
# span 3 =     24.952,    106.108       
# span 4 =  -0.372347,  31.488471       
# span 5 =      0.322,     42.536       
# span 6 =      5.764,      7.562       
# span 7 =   159.9728,  1240.2295       
# span 8 =    -0.1860,     3.7970       
# span 9 =    -0.4660,    41.7917       
# span 10 =     0.0114,     0.0222      
# span 11 =     -0.091,      0.205      
# span 12 =     -0.551,      5.395      
# span 13 =     -0.800,      7.826      
# span 14 =          1,        739      
# span 15 = 2.2002e+00, 1.1516e+03      
# span 16 = 0.0000e+00, 0.0000e+00      
# interval = seconds: 0.25
# start_time = May 28 2018 16:19:59 [Instrument's time stamp, header]
# bad_flag = -9.990e-29
*END*
[from data line 341]
     -0.097    24.1348     5.5110     65.635  29.651670     30.177      7.234   261.5059     1.8035     1.5616     0.0215      0.000     -0.095     -0.139        342 1.0743e+03 0.0000e+00
     -0.100    24.1340     5.4953     65.447  29.663957     30.177      7.233   261.3167     1.8156     1.4945     0.0215     -0.001     -0.096     -0.140        343 1.0741e+03 0.0000e+00
     -0.099    24.1337     5.4736     65.189  29.655722     30.178      7.235   261.2409     1.8358     1.5348     0.0215     -0.001     -0.096     -0.140        344 1.0744e+03 0.0000e+00
     -0.096    24.1334     5.4625     65.056  29.661919     30.178      7.236   261.3924     1.7792     1.5750     0.0215     -0.000     -0.095     -0.138        345 1.0747e+03 0.0000e+00
     -0.096    24.1329     5.4471     64.873  29.656246     30.179      7.236   261.6574     1.7307     1.4945     0.0215     -0.000     -0.095     -0.137        346 1.0762e+03 0.0000e+00
     -0.097    24.1322     5.4299     64.667  29.633133     30.150      7.232   261.6195     1.7428     1.5213     0.0215     -0.000     -0.096     -0.138        347 1.0775e+03 0.0000e+00
     -0.099    24.1315     5.4149     64.487  29.601736     30.122      7.229   261.6574     1.7550     1.5616     0.0214     -0.000     -0.096     -0.139        348 1.0776e+03 0.0000e+00
     -0.096    24.1313     5.4012     64.324  29.606372     30.123      7.231   262.2252     1.9652     1.9779     0.0214      0.000     -0.095     -0.138        349 1.0769e+03 0.0000e+00
     -0.097    24.1314     5.3811     64.084  29.657011     30.180      7.227   262.3388     1.9288     1.9779     0.0215      0.001     -0.095     -0.138        350 1.0752e+03 0.0000e+00
     -0.097    24.1312     5.3641     63.881  29.657312     30.180      7.232   262.4145     1.9410     1.9779     0.0215      0.001     -0.095     -0.138        351 1.0734e+03 0.0000e+00
     -0.098    24.1307     5.3473     63.681  29.665296     30.180      7.233   262.1495     1.9652     1.9510     0.0215      0.000     -0.096     -0.139        352 1.0727e+03 0.0000e+00
     -0.099    24.1302     5.3295     63.468  29.676726     30.208      7.235   262.4524     2.1108     1.6959     0.0215     -0.001     -0.097     -0.140        353 1.0724e+03 0.0000e+00
     -0.099    24.1296     5.3144     63.289  29.613440     30.123      7.236   262.7552     2.0866     1.7630     0.0214     -0.001     -0.097     -0.140        354 1.0728e+03 0.0000e+00
     -0.098    24.1293     5.2916     63.016  29.595809     30.124      7.240   262.6417     2.1108     1.7093     0.0214     -0.001     -0.096     -0.139        355 1.0735e+03 0.0000e+00
     -0.096    24.1295     5.2768     62.840  29.609719     30.124      7.236   262.8310     2.0704     1.7093     0.0214     -0.000     -0.094     -0.137        356 1.0723e+03 0.0000e+00
     -0.095    24.1292     5.2614     62.657  29.655427     30.181      7.238   262.8688     2.1755     1.8302     0.0215      0.000     -0.094     -0.137        357 1.0726e+03 0.0000e+00
     -0.098    24.1286     5.2453     62.464  29.657524     30.181      7.237   263.0202     2.1189     1.6019     0.0215      0.000     -0.096     -0.139        358 1.0746e+03 0.0000e+00
     -0.100    24.1284     5.2232     62.201  29.607110     30.124      7.236   263.1338     2.1229     1.7093     0.0214     -0.000     -0.097     -0.141        359 1.0740e+03 0.0000e+00
     -0.100    24.1279     5.2043     61.974  29.629218     30.153      7.232   263.4367     2.1391     1.7362     0.0215     -0.000     -0.097     -0.141        360 1.0757e+03 0.0000e+00
     -0.097    24.1273     5.1826     61.716  29.600362     30.125      7.232   263.6638     2.1229     1.7362     0.0214      0.000     -0.096     -0.139        361 1.0751e+03 0.0000e+00
     -0.096    24.1272     5.1645     61.500  29.613372     30.125      7.230   263.5124     2.1189     1.7496     0.0214      0.000     -0.094     -0.137        362 1.0731e+03 0.0000e+00
     -0.096    24.1270     5.1493     61.319  29.642676     30.182      7.226   264.0424     2.1310     1.7496     0.0215      0.000     -0.094     -0.137        363 1.0744e+03 0.0000e+00
     -0.096    24.1265     5.1255     61.035  29.623191     30.126      7.227   263.8910     2.1553     1.6959     0.0214      0.000     -0.095     -0.138        364 1.0747e+03 0.0000e+00
     -0.097    24.1262     5.1136     60.894  29.637621     30.183      7.222   263.9288     2.1351     1.6422     0.0215      0.000     -0.096     -0.139        365 1.0689e+03 0.0000e+00
     -0.098    24.1260     5.0948     60.670  29.595071     30.098      7.225   264.0045     2.0744     1.6959     0.0214      0.001     -0.096     -0.139        366 1.0587e+03 0.0000e+00
     -0.098    24.1256     5.0781     60.471  29.587196     30.126      7.226   263.8910     2.0866     1.6959     0.0214      0.001     -0.096     -0.139        367 1.0591e+03 0.0000e+00
     -0.097    24.1252     5.0638     60.300  29.617769     30.126      7.223   264.0424     2.0946     1.7362     0.0214      0.000     -0.095     -0.138        368 1.0645e+03 0.0000e+00
     -0.097    24.1250     5.0499     60.137  29.645971     30.183      7.221   264.2695     2.0866     1.7362     0.0215     -0.001     -0.095     -0.138        369 1.0743e+03 0.0000e+00
     -0.097    24.1245     5.0389     60.008  29.611401     30.127      7.220   264.4588     2.0906     1.7630     0.0214     -0.001     -0.095     -0.138        370 1.0774e+03 0.0000e+00
     -0.097    24.1241     5.0340     59.948  29.601495     30.127      7.221   264.0802     2.0825     1.8570     0.0214     -0.000     -0.095     -0.138        371 1.0730e+03 0.0000e+00
     -0.097    24.1238     5.0457     60.087  29.628649     30.156      7.220   264.3452     2.0946     1.6422     0.0215      0.000     -0.096     -0.139        372 1.0834e+03 0.0000e+00
     -0.099    24.1234     5.0565     60.215  29.607257     30.128      7.222   264.3452     2.0744     1.6825     0.0214     -0.000     -0.097     -0.141        373 1.0889e+03 0.0000e+00
     -0.100    24.1232     5.0755     60.439  29.598469     30.128      7.223   263.9667     2.0219     1.7630     0.0214     -0.001     -0.098     -0.142        374 1.0832e+03 0.0000e+00
     -0.101    24.1233     5.1010     60.744  29.609935     30.128      7.220   264.3074     2.0097     1.7630     0.0214     -0.002     -0.099     -0.143        375 1.0770e+03 0.0000e+00
     -0.101    24.1232     5.1222     61.012  29.652284     30.185      7.225   264.0802     2.0380     1.7630     0.0215     -0.002     -0.099     -0.144        376 1.0745e+03 0.0000e+00
     -0.102    24.1226     5.1518     61.372  29.605065     30.128      7.223   264.5724     1.9935     1.6959     0.0214     -0.003     -0.099     -0.144        377 1.0767e+03 0.0000e+00
     -0.100    24.1231     5.2161     62.133  29.550103     30.071      7.224   264.6860     2.0057     1.5213     0.0214     -0.002     -0.097     -0.141        378 1.0649e+03 0.0000e+00
     -0.096    24.1251     5.3201     63.374  29.572438     30.100      7.220   264.8374     2.0057     1.5750     0.0214     -0.001     -0.096     -0.139        379 1.0497e+03 0.0000e+00
     -0.098    24.1265     5.4921     65.435  29.606920     30.128      7.215   264.6102     2.0138     1.6019     0.0214      0.000     -0.097     -0.141        380 1.0474e+03 0.0000e+00
     -0.103    24.1256     5.7033     67.959  29.596139     30.127      7.218   264.7995     2.0016     1.5079     0.0214      0.000     -0.099     -0.144        381 1.0428e+03 0.0000e+00
     -0.102    24.1248     5.9354     70.723  29.556204     30.069      7.224   264.9888     2.0542     1.6959     0.0214     -0.000     -0.100     -0.145        382 1.0403e+03 0.0000e+00
     -0.102    24.1244     6.1522     73.304  29.597318     30.127      7.227   265.4431     2.0785     1.6825     0.0214     -0.000     -0.099     -0.143        383 1.0500e+03 0.0000e+00
     -0.099    24.1221     6.3364     75.497  29.604271     30.127      7.225   264.8374     2.0946     1.7630     0.0214     -0.000     -0.093     -0.136        384 1.0594e+03 0.0000e+00
     -0.083    24.1247     6.4587     76.951  29.577201     30.099      7.227   264.5345     2.1027     1.6422     0.0214      0.004     -0.083     -0.121        385 1.0584e+03 0.0000e+00
     -0.072    24.1371     6.5233     77.718  29.601357     30.129      7.224   265.4052     2.0623     1.6422     0.0214      0.010     -0.076     -0.111        386 1.0493e+03 0.0000e+00
     -0.079    24.1436     6.5212     77.690  29.603859     30.128      7.225   265.2160     1.9208     1.7228     0.0214      0.012     -0.081     -0.117        387 1.0352e+03 0.0000e+00
     -0.096    24.1394     6.4764     77.155  29.544438     30.063      7.228   265.4810     1.9612     1.7899     0.0214      0.010     -0.091     -0.132        388 1.0260e+03 0.0000e+00
     -0.102    24.1416     6.4073     76.330  29.556705     30.059      7.233   265.3295     1.9652     1.7899     0.0214      0.006     -0.096     -0.139        389 1.0224e+03 0.0000e+00
     -0.096    24.1517     6.3252     75.352  29.647889     30.175      7.235   265.4810     1.9329     1.6959     0.0215      0.002     -0.093     -0.134        390 1.0155e+03 0.0000e+00
     -0.085    24.1568     6.2551     74.514  29.608857     30.117      7.238   265.9352     2.0097     1.7362     0.0214      0.001     -0.086     -0.123        391 1.0136e+03 0.0000e+00
     -0.079    24.1561     6.2023     73.884  29.575630     30.082      7.239   265.7460     2.0097     1.7630     0.0214      0.000     -0.081     -0.117        392 1.0098e+03 0.0000e+00
     -0.081    24.1545     6.1679     73.471  29.600290     30.107      7.241   265.8974     2.0259     1.6690     0.0214     -0.002     -0.081     -0.117        393 1.0062e+03 0.0000e+00
     -0.086    24.1528     6.1437     73.182  29.607816     30.108      7.241   266.0867     1.9976     1.7765     0.0214     -0.001     -0.084     -0.122        394 1.0088e+03 0.0000e+00
     -0.089    24.1511     6.1349     73.076  29.595912     30.109      7.241   266.4274     1.9572     1.7630     0.0214      0.003     -0.087     -0.126        395 1.0229e+03 0.0000e+00
     -0.091    24.1492     6.1516     73.275  29.555805     30.053      7.239   266.5410     1.9369     1.7093     0.0214      0.005     -0.089     -0.129        396 1.0503e+03 0.0000e+00
     -0.093    24.1472     6.1911     73.744  29.598430     30.111      7.241   266.5410     1.9693     1.7899     0.0214      0.002     -0.091     -0.132        397 1.0548e+03 0.0000e+00
     -0.095    24.1458     6.2553     74.509  29.572515     30.084      7.238   266.5788     1.9288     1.8033     0.0214     -0.003     -0.094     -0.136        398 1.0559e+03 0.0000e+00
     -0.100    24.1453     6.3359     75.480  29.558408     30.057      7.241   266.6924     1.8803     1.6153     0.0214     -0.009     -0.100     -0.145        399 1.0669e+03 0.0000e+00
     -0.113    24.1443     6.4284     76.584  29.586336     30.114      7.235   266.2760     1.8884     1.7228     0.0214     -0.014     -0.110     -0.158        400 1.0677e+03 0.0000e+00
     -0.121    24.1430     6.5592     78.133  29.567408     30.058      7.233   266.4274     1.8803     1.7496     0.0214     -0.017     -0.116     -0.168        401 1.0669e+03 0.0000e+00
     -0.118    24.1420     6.7208     80.050  29.581966     30.115      7.231   266.7302     1.8884     1.7362     0.0214     -0.018     -0.116     -0.169        402 1.0700e+03 0.0000e+00
     -0.119    24.1403     6.8397     81.430  29.568219     30.059      7.229   266.5788     1.7428     1.5348     0.0214     -0.018     -0.116     -0.168        403 1.0718e+03 0.0000e+00
     -0.117    24.1393     6.9570     82.784  29.584516     30.116      7.231   266.7302     1.7671     1.4273     0.0214     -0.016     -0.113     -0.164        404 1.0731e+03 0.0000e+00
     -0.110    24.1389     7.0812     84.240  29.561686     30.061      7.228   266.5788     1.7388     1.4676     0.0214     -0.012     -0.106     -0.153        405 1.0728e+03 0.0000e+00
     -0.095    24.1388     7.1782     85.327  29.537333     30.061      7.225   267.0331     1.7752     1.4945     0.0214     -0.002     -0.092     -0.133        406 1.0652e+03 0.0000e+00
     -0.076    24.1377     7.2509     86.107  29.555525     30.062      7.218   267.2981     1.7550     1.5213     0.0214      0.011     -0.073     -0.106        407 1.0601e+03 0.0000e+00
     -0.052    24.1377     7.2853     86.474  29.539047     30.062      7.212   267.4117     1.6984     1.4810     0.0214      0.028     -0.050     -0.072        408 1.0680e+03 0.0000e+00
     -0.022    24.1449     7.2932     86.544  29.557841     30.062      7.210   267.1467     1.6781     1.4945     0.0214      0.046     -0.030     -0.042        409 1.0730e+03 0.0000e+00
     -0.019    24.1466     7.2691     86.241  29.591435     30.119      7.210   267.1088     1.7145     1.5750     0.0214      0.056     -0.020     -0.029        410 1.0897e+03 0.0000e+00
     -0.020    24.1413     7.2298     85.753  29.556536     30.058      7.211   267.3738     1.7024     1.6153     0.0214      0.059     -0.019     -0.028        411 1.0849e+03 0.0000e+00
     -0.019    24.1349     7.1576     84.868  29.541971     30.057      7.213   267.2602     1.8682     1.6959     0.0214      0.057     -0.016     -0.024        412 1.1095e+03 0.0000e+00
     -0.014    24.1111     7.0692     83.801  29.550263     30.060      7.215   266.9952     1.8682     1.6690     0.0214      0.050     -0.003     -0.004        413 1.0667e+03 0.0000e+00
      0.027    24.0851     6.9829     82.768  29.546219     30.064      7.212   266.9195     1.8884     1.6825     0.0214      0.049      0.027      0.039        414 8.4165e+02 0.0000e+00
      0.066    24.0687     6.8953     81.723  29.547010     30.078      7.214   265.7838     1.9127     1.7630     0.0214      0.054      0.061      0.088        415 7.0397e+02 0.0000e+00
      0.091    24.0280     6.8270     80.901  29.549289     30.095      7.212   265.4052     1.9491     1.8167     0.0214      0.061      0.091      0.132        416 7.0829e+02 0.0000e+00
      0.125    23.9767     6.7712     80.226  29.573041     30.132      7.212   265.1402     1.9491     1.7362     0.0214      0.074      0.123      0.177        417 7.0727e+02 0.0000e+00
      0.159    23.9498     6.7229     79.640  29.547109     30.130      7.212   264.5724     1.9329     1.7630     0.0214      0.094      0.154      0.222        418 6.5371e+02 0.0000e+00
      0.184    23.9357     6.6775     79.086  29.551928     30.162      7.211   264.9888     1.9491     1.7630     0.0214      0.110      0.179      0.259        419 6.3166e+02 0.0000e+00
      0.204    23.9247     6.6526     78.774  29.537413     30.178      7.209   265.2538     2.3211     1.8033     0.0214      0.118      0.198      0.288        420 6.2959e+02 0.0000e+00
      0.218    23.9113     6.6203     78.368  29.565184     30.187      7.204   265.4810     2.2483     1.8436     0.0214      0.115      0.216      0.314        421 6.2659e+02 0.0000e+00
      0.240    23.8932     6.5837     77.922  29.576672     30.250      7.201   265.1402     2.2443     1.6690     0.0214      0.104      0.238      0.344        422 6.3268e+02 0.0000e+00
      0.268    23.8811     6.5515     77.518  29.493474     30.116      7.200   265.8595     2.2604     1.7630     0.0214      0.097      0.263      0.382        423 6.1208e+02 0.0000e+00
      0.297    23.8749     6.5242     77.166  29.550133     30.242      7.195   265.9731     2.3453     1.9242     0.0214      0.095      0.289      0.419        424 5.8952e+02 0.0000e+00
      0.318    23.8699     6.5001     76.855  29.565465     30.220      7.195   265.9731     2.3696     2.0316     0.0214      0.091      0.311      0.451        425 5.7004e+02 0.0000e+00
