Data/DataNotYetUploadedToEDI/Raw_CTD/2018_RawDownloads/052818_fcr45.cnv
* Sea-Bird SBE19plus  Data File:
* FileName = C:\DATA\052818_fcr_0004.hex
* Software version 2.6.3.104
* Temperature SN = 7809
* Conductivity SN = 7809
* System UpLoad Time = May 28 2018 15:48:25
* <ApplicationData>
* <Seaterm232>
# nquan = 17
# nvalues = 1056                        
# units = specified
# name 0 = depFM: Depth [fresh water, m]
# name 1 = tv290C: Temperature [ITS-90, deg C]
# name 2 = sbeox0Mg/L: Oxygen, SBE 43 [mg/l]
# name 3 = sbeox0PS: Oxygen, SBE 43 [% saturation]
# name 4 = c0uS/cm: Conductivity [uS/cm]
# name 5 = specc: Specific Conductance [uS/cm]
# name 6 = ph: pH
# name 7 = orp: Oxidation Reduction Potential [mV]
# name 8 = flECO-AFL: Fluorescence, WET Labs ECO-AFL/FL [mg/m^3]
# name 9 = turbWETntu0: Turbidity, WET Labs ECO [NTU]
# name 10 = sal00: Salinity, Practical [PSU]
# name 11 = dz/dtM: Descent Rate [m/s]
# name 12 = prdM: Pressure, Strain Gauge [db]
# name 13 = prdE: Pressure, Strain Gauge [psi]
# name 14 = scan: Scan Count
# name 15 = par/sat/log: PAR/Logarithmic, Satlantic
# name 16 = flag:  0.000e+00
# span 0 =     -0.564,      7.407       
# span 1 =     9.8454,    24.2279       
# span 2 =     4.0858,    10.5112       
# span 3 =     37.183,    116.427       
# span 4 =   0.581555,  32.190243       
# span 5 =      0.593,     40.833       
# span 6 =      5.644,      7.558       
# span 7 =   246.2873,  1240.2295       
# span 8 =    -0.2143,     4.9899       
# span 9 =    -0.2914,     8.4501       
# span 10 =     0.0110,     0.0225      
# span 11 =     -0.358,      0.324      
# span 12 =     -0.552,      7.264      
# span 13 =     -0.801,     10.535      
# span 14 =          1,       1056      
# span 15 = 4.3588e-01, 7.5580e+02      
# span 16 = 0.0000e+00, 0.0000e+00      
# interval = seconds: 0.25
# start_time = May 28 2018 16:43:56 [Instrument's time stamp, header]
# bad_flag = -9.990e-29
*END*
[from data line 86]
     -0.075    23.2469     5.9842     70.096  31.085312     32.211      7.279   262.2252     2.7052     1.9510     0.0220      0.002     -0.073     -0.107         87 7.0736e+02 0.0000e+00
     -0.074    23.2472     5.9516     69.713  31.081933     32.210      7.276   261.9981     2.7416     1.8705     0.0220      0.002     -0.073     -0.106         88 7.1108e+02 0.0000e+00
     -0.075    23.2474     5.9239     69.387  31.088469     32.210      7.259   262.3767     2.7093     2.0450     0.0220      0.001     -0.074     -0.107         89 7.1122e+02 0.0000e+00
     -0.076    23.2470     5.8858     68.940  31.106829     32.239      7.247   262.3009     2.7295     1.9376     0.0221      0.001     -0.074     -0.107         90 7.1013e+02 0.0000e+00
     -0.075    23.2469     5.8577     68.611  31.088736     32.210      7.242   262.5281     2.7376     1.9510     0.0220      0.002     -0.073     -0.107         91 7.1111e+02 0.0000e+00
     -0.074    23.2475     5.8303     68.290  31.081334     32.210      7.246   263.1717     2.7295     2.1793     0.0220      0.003     -0.073     -0.107         92 7.0804e+02 0.0000e+00
     -0.077    23.2478     5.8076     68.024  31.086390     32.210      7.247   263.1717     2.7335     2.2330     0.0220      0.001     -0.075     -0.109         93 7.0301e+02 0.0000e+00
     -0.079    23.2471     5.7853     67.763  31.082444     32.210      7.251   263.5124     2.7012     2.2196     0.0220     -0.001     -0.077     -0.111         94 6.9737e+02 0.0000e+00
     -0.079    23.2462     5.7567     67.428  31.086244     32.209      7.251   263.8152     2.7214     2.1659     0.0220     -0.002     -0.077     -0.111         95 6.9244e+02 0.0000e+00
     -0.078    23.2454     5.7330     67.149  31.111311     32.239      7.257   264.0045     2.7497     2.1524     0.0221     -0.002     -0.077     -0.111         96 6.9081e+02 0.0000e+00
     -0.078    23.2449     5.7139     66.925  31.080899     32.211      7.266   264.3831     2.5394     1.7630     0.0220     -0.002     -0.077     -0.111         97 6.9172e+02 0.0000e+00
     -0.080    23.2444     5.6909     66.655  31.094441     32.211      7.272   264.4210     2.5354     1.8167     0.0220     -0.002     -0.078     -0.113         98 6.9260e+02 0.0000e+00
     -0.081    23.2436     5.6710     66.421  31.124110     32.269      7.278   264.7617     2.5475     1.6825     0.0221     -0.003     -0.079     -0.114         99 6.9227e+02 0.0000e+00
     -0.080    23.2429     5.6539     66.221  31.043977     32.154      7.284   264.1938     2.5556     1.7630     0.0220     -0.003     -0.078     -0.114        100 6.9485e+02 0.0000e+00
     -0.079    23.2427     5.6363     66.014  31.075561     32.212      7.288   264.0802     2.5152     1.8167     0.0220     -0.001     -0.078     -0.113        101 6.9516e+02 0.0000e+00
     -0.080    23.2428     5.6204     65.827  31.114456     32.242      7.290   263.8531     2.5314     1.6959     0.0221     -0.001     -0.078     -0.113        102 6.9508e+02 0.0000e+00
     -0.079    23.2425     5.6059     65.657  31.084526     32.213      7.288   264.4210     2.5516     1.7362     0.0220     -0.001     -0.077     -0.112        103 6.9557e+02 0.0000e+00
     -0.077    23.2426     5.5862     65.427  31.083156     32.213      7.285   264.9131     2.5435     1.7496     0.0220     -0.000     -0.076     -0.110        104 6.9375e+02 0.0000e+00
     -0.076    23.2428     5.5783     65.334  31.086511     32.213      7.280   264.4210     2.5880     1.8167     0.0220      0.001     -0.076     -0.110        105 6.9432e+02 0.0000e+00
     -0.079    23.2421     5.5542     65.050  31.080351     32.213      7.283   264.2317     2.6163     1.7496     0.0220      0.002     -0.077     -0.112        106 6.9615e+02 0.0000e+00
     -0.080    23.2412     5.5325     64.795  31.090821     32.213      7.281   264.4967     2.6122     1.6690     0.0220      0.001     -0.078     -0.113        107 6.9692e+02 0.0000e+00
     -0.079    23.2409     5.5136     64.572  31.103133     32.242      7.281   264.9888     2.6082     1.7899     0.0221      0.000     -0.077     -0.112        108 6.9608e+02 0.0000e+00
     -0.077    23.2408     5.4881     64.274  31.094680     32.214      7.283   265.3674     2.6567     1.7362     0.0220      0.000     -0.076     -0.111        109 6.9464e+02 0.0000e+00
     -0.079    23.2405     5.4731     64.096  31.071689     32.214      7.283   265.3674     2.6405     1.7362     0.0220      0.000     -0.078     -0.113        110 6.9487e+02 0.0000e+00
     -0.083    23.2399     5.4514     63.842  31.042792     32.156      7.285   265.7838     2.6688     1.8436     0.0220     -0.001     -0.080     -0.116        111 6.9578e+02 0.0000e+00
     -0.082    23.2391     5.4322     63.617  31.071340     32.214      7.288   266.2760     2.6688     1.7630     0.0220     -0.002     -0.080     -0.116        112 6.9814e+02 0.0000e+00
     -0.080    23.2390     5.4154     63.420  31.095464     32.215      7.287   266.2002     2.6405     1.7765     0.0220     -0.002     -0.080     -0.115        113 6.9982e+02 0.0000e+00
     -0.080    23.2393     5.4060     63.309  31.101725     32.244      7.282   266.6167     2.6527     1.7228     0.0221     -0.001     -0.080     -0.115        114 7.0032e+02 0.0000e+00
     -0.082    23.2392     5.3917     63.142  31.093199     32.215      7.279   266.2002     2.6567     1.7362     0.0220     -0.001     -0.081     -0.117        115 6.9914e+02 0.0000e+00
     -0.083    23.2386     5.3717     62.907  31.076421     32.215      7.271   266.2002     2.6284     1.7765     0.0220     -0.002     -0.081     -0.118        116 6.9645e+02 0.0000e+00
     -0.082    23.2375     5.3560     62.724  31.092953     32.215      7.272   266.4274     2.6446     1.6690     0.0220     -0.002     -0.081     -0.117        117 6.9592e+02 0.0000e+00
     -0.082    23.2366     5.3407     62.543  31.072626     32.216      7.268   266.5031     2.5799     1.9242     0.0220     -0.001     -0.081     -0.117        118 6.9497e+02 0.0000e+00
     -0.082    23.2359     5.3304     62.422  31.042416     32.158      7.273   267.1845     2.6122     2.0182     0.0220     -0.000     -0.080     -0.116        119 6.9475e+02 0.0000e+00
     -0.080    23.2352     5.3102     62.185  31.071247     32.217      7.273   267.4117     2.6041     2.0182     0.0220 -1.162e-11     -0.079     -0.115        120 6.9412e+02 0.0000e+00
     -0.082    23.2349     5.2999     62.064  31.066398     32.188      7.276   266.7681     2.6163     2.0450     0.0220     -0.000     -0.080     -0.116        121 6.9286e+02 0.0000e+00
     -0.082    23.2344     5.2895     61.942  31.078102     32.218      7.277   267.5252     2.6486     1.7228     0.0220      0.000     -0.080     -0.116        122 6.9181e+02 0.0000e+00
     -0.082    23.2337     5.2808     61.840  31.086334     32.218      7.277   267.1845     2.6082     1.7362     0.0220      0.001     -0.080     -0.116        123 6.9033e+02 0.0000e+00
     -0.081    23.2335     5.2699     61.711  31.026502     32.160      7.280   267.4495     2.6648     1.7899     0.0220      0.001     -0.079     -0.115        124 6.9042e+02 0.0000e+00
     -0.081    23.2335     5.2642     61.644  31.033956     32.161      7.278   268.0553     2.6688     1.7496     0.0220      0.001     -0.079     -0.114        125 6.9106e+02 0.0000e+00
     -0.079    23.2333     5.2566     61.555  31.077058     32.219      7.277   267.7145     2.6405     1.8705     0.0220      0.001     -0.079     -0.114        126 6.9081e+02 0.0000e+00
     -0.080    23.2334     5.2480     61.455  31.061818     32.190      7.276   267.7145     2.6365     2.0182     0.0220      0.001     -0.079     -0.114        127 6.9025e+02 0.0000e+00
     -0.082    23.2329     5.2364     61.319  31.023271     32.161      7.276   267.9417     2.6648     1.9510     0.0220      0.000     -0.080     -0.117        128 6.9128e+02 0.0000e+00
     -0.084    23.2322     5.2164     61.084  31.036074     32.161      7.278   267.7903     2.6446     1.9913     0.0220     -0.000     -0.081     -0.118        129 6.9160e+02 0.0000e+00
     -0.083    23.2316     5.2105     61.014  31.075536     32.219      7.280   268.4338     2.6244     1.9107     0.0220     -0.001     -0.081     -0.118        130 6.9016e+02 0.0000e+00
     -0.081    23.2312     5.1967     60.852  31.092766     32.220      7.278   268.3203     2.6405     1.9645     0.0220     -0.001     -0.080     -0.116        131 6.9036e+02 0.0000e+00
     -0.081    23.2313     5.1832     60.693  31.073934     32.220      7.279   268.4717     2.6648     1.9242     0.0220     -0.001     -0.079     -0.115        132 6.9072e+02 0.0000e+00
     -0.081    23.2309     5.1743     60.589  31.069322     32.192      7.280   268.8124     2.6810     1.8973     0.0220     -0.001     -0.080     -0.116        133 6.8972e+02 0.0000e+00
     -0.081    23.2304     5.1664     60.496  31.068855     32.220      7.281   268.8881     2.5920     1.7362     0.0220     -0.001     -0.080     -0.116        134 6.8969e+02 0.0000e+00
     -0.081    23.2302     5.1588     60.407  31.044864     32.163      7.278   268.8881     2.5920     1.7630     0.0220      0.000     -0.079     -0.115        135 6.8917e+02 0.0000e+00
     -0.080    23.2300     5.1514     60.320  31.069527     32.221      7.279   269.1910     2.5799     1.8167     0.0220      0.001     -0.079     -0.115        136 6.8815e+02 0.0000e+00
     -0.081    23.2301     5.1431     60.223  31.038162     32.163      7.281   269.2288     2.6001     1.8033     0.0220      0.001     -0.079     -0.115        137 6.8824e+02 0.0000e+00
     -0.081    23.2303     5.1332     60.107  31.024597     32.163      7.281   269.3045     2.6001     1.7765     0.0220      0.001     -0.079     -0.115        138 6.8888e+02 0.0000e+00
     -0.081    23.2299     5.1251     60.013  31.056758     32.192      7.281   269.4938     2.6244     1.8436     0.0220      0.000     -0.079     -0.115        139 6.8910e+02 0.0000e+00
     -0.081    23.2292     5.1117     59.856  31.027788     32.163      7.281   269.6831     2.5799     1.7496     0.0220      0.000     -0.079     -0.115        140 6.8877e+02 0.0000e+00
     -0.080    23.2288     5.1015     59.736  31.030999     32.163      7.281   269.9103     2.6082     1.7496     0.0220      0.000     -0.078     -0.114        141 6.8897e+02 0.0000e+00
     -0.080    23.2282     5.0927     59.633  31.023111     32.164      7.281   270.2131     2.6041     1.7899     0.0220      0.000     -0.078     -0.114        142 6.8901e+02 0.0000e+00
     -0.081    23.2279     5.0886     59.586  31.037604     32.164      7.282   270.2131     2.6041     1.7630     0.0220      0.000     -0.079     -0.114        143 6.8794e+02 0.0000e+00
     -0.080    23.2276     5.0793     59.476  31.072266     32.222      7.281   270.0617     2.6244     1.7496     0.0220      0.000     -0.079     -0.114        144 6.8823e+02 0.0000e+00
     -0.081    23.2272     5.0696     59.362  31.068927     32.194      7.279   270.0995     2.5960     1.6959     0.0220      0.000     -0.079     -0.115        145 6.8864e+02 0.0000e+00
     -0.081    23.2271     5.0647     59.304  31.071410     32.223      7.280   270.5917     2.6203     1.8436     0.0220      0.000     -0.079     -0.115        146 6.8759e+02 0.0000e+00
     -0.081    23.2272     5.0584     59.231  31.039526     32.165      7.280   270.5538     2.5960     1.7630     0.0220     -0.000     -0.079     -0.115        147 6.8731e+02 0.0000e+00
     -0.081    23.2274     5.0508     59.142  31.019652     32.165      7.279   270.8188     2.5839     1.7362     0.0220     -0.000     -0.079     -0.115        148 6.8788e+02 0.0000e+00
     -0.081    23.2276     5.0473     59.102  31.036841     32.165      7.277   270.9324     2.6041     1.7362     0.0220     -0.000     -0.079     -0.115        149 6.8688e+02 0.0000e+00
     -0.081    23.2274     5.0398     59.015  31.018135     32.165      7.278   271.0081     2.5920     1.7899     0.0220     -0.000     -0.079     -0.115        150 6.8445e+02 0.0000e+00
     -0.080    23.2273     5.0343     58.950  31.042931     32.165      7.276   271.0081     2.5799     1.6422     0.0220     -0.000     -0.079     -0.114        151 6.8521e+02 0.0000e+00
     -0.080    23.2274     5.0273     58.868  31.094937     32.252      7.274   271.0081     2.5920     1.8033     0.0221      0.000     -0.079     -0.114        152 6.8576e+02 0.0000e+00
     -0.080    23.2275     5.0244     58.835  31.042369     32.165      7.271   271.1217     2.5920     1.7496     0.0220      0.000     -0.079     -0.115        153 6.8407e+02 0.0000e+00
     -0.082    23.2274     5.0198     58.781  31.019397     32.165      7.267   271.7274     2.5677     1.7228     0.0220     -0.000     -0.080     -0.115        154 6.8448e+02 0.0000e+00
     -0.081    23.2270     5.0159     58.737  31.034570     32.165      7.267   271.6517     2.5192     1.8033     0.0220     -0.000     -0.080     -0.115        155 6.8541e+02 0.0000e+00
     -0.080    23.2269     5.0136     58.710  31.023486     32.165      7.266   271.5760     2.5394     1.8167     0.0220     -0.000     -0.079     -0.114        156 6.8653e+02 0.0000e+00
     -0.080    23.2274     5.0020     58.574  31.033192     32.165      7.268   271.8410     2.5273     1.6959     0.0220      0.000     -0.078     -0.114        157 6.8656e+02 0.0000e+00
     -0.080    23.2275     4.9934     58.474  31.052143     32.194      7.268   271.8788     2.5354     1.6690     0.0220      0.000     -0.078     -0.113        158 6.8475e+02 0.0000e+00
     -0.079    23.2274     4.9941     58.481  31.088855     32.223      7.266   272.0303     2.5192     1.7630     0.0220      0.001     -0.077     -0.113        159 6.8357e+02 0.0000e+00
     -0.078    23.2280     4.9879     58.409  31.076458     32.223      7.270   272.2195     2.6041     1.8033     0.0220      0.001     -0.077     -0.113        160 6.8251e+02 0.0000e+00
     -0.081    23.2282     4.9844     58.369  31.037919     32.165      7.262   272.2195     2.6203     1.8033     0.0220      0.001     -0.079     -0.115        161 6.8245e+02 0.0000e+00
     -0.082    23.2281     4.9866     58.395  31.018211     32.165      7.262   271.8410     2.5960     1.7362     0.0220      0.000     -0.080     -0.116        162 6.8160e+02 0.0000e+00
     -0.081    23.2285     4.9834     58.357  31.041682     32.164      7.258   271.8410     2.6001     1.7630     0.0220     -0.000     -0.079     -0.115        163 6.7901e+02 0.0000e+00
     -0.079    23.2292     4.9814     58.334  31.038360     32.194      7.256   272.1817     2.7133     1.6959     0.0220     -0.000     -0.077     -0.113        164 6.7922e+02 0.0000e+00
     -0.078    23.2301     4.9795     58.312  30.992694     32.106      7.257   272.4088     2.7254     1.7362     0.0220      0.000     -0.077     -0.112        165 6.8007e+02 0.0000e+00
     -0.078    23.2304     4.9693     58.193  31.009560     32.164      7.256   272.6360     2.7416     1.6959     0.0220      0.001     -0.077     -0.112        166 6.8015e+02 0.0000e+00
     -0.081    23.2304     4.9636     58.126  30.987719     32.105      7.258   272.3710     2.7133     1.6690     0.0220      0.000     -0.078     -0.114        167 6.8085e+02 0.0000e+00
     -0.081    23.2303     4.9538     58.011  31.019874     32.163      7.258   272.7874     2.6163     1.8167     0.0220      0.000     -0.079     -0.115        168 6.8046e+02 0.0000e+00
     -0.080    23.2303     4.9504     57.971  31.028847     32.163      7.258   272.7117     2.6041     1.7496     0.0220      0.000     -0.079     -0.115        169 6.8064e+02 0.0000e+00
     -0.081    23.2305     4.9403     57.855  31.006202     32.134      7.258   272.5981     2.6001     1.7496     0.0220      0.000     -0.079     -0.115        170 6.7922e+02 0.0000e+00
