Data/DataNotYetUploadedToEDI/Raw_CTD/2018_RawDownloads/052818_fcr45.cnv
* Sea-Bird SBE19plus  Data File:
* FileName = C:\DATA\052818_fcr_0004.hex
* Software version 2.6.3.104
* Temperature SN = 7809
* Conductivity SN = 7809
* System UpLoad Time = May 28 2018 15:48:25
* <ApplicationData>
* <Seaterm232>
# nquan = 17
# nvalues = 1056                        
# units = specified
# name 0 = depFM: Depth [fresh water, m]
# name 1 = tv290C: Temperature [ITS-90, deg C]
# name 2 = sbeox0Mg/L: Oxygen, SBE 43 [mg/l]
# name 3 = sbeox0PS: Oxygen, SBE 43 [% saturation]
# name 4 = c0uS/cm: Conductivity [uS/cm]
# name 5 = specc: Specific Conductance [uS/cm]
# name 6 = ph: pH
# name 7 = orp: Oxidation Reduction Potential [mV]
# name 8 = flECO-AFL: Fluorescence, WET Labs ECO-AFL/FL [mg/m^3]
# name 9 = turbWETntu0: Turbidity, WET Labs ECO [NTU]
# name 10 = sal00: Salinity, Practical [PSU]
# name 11 = dz/dtM: Descent Rate [m/s]
# name 12 = prdM: Pressure, Strain Gauge [db]
# name 13 = prdE: Pressure, Strain Gauge [psi]
# name 14 = scan: Scan Count
# name 15 = par/sat/log: PAR/Logarithmic, Satlantic
# name 16 = flag:  0.000e+00
# span 0 =     -0.564,      7.407       
# span 1 =     9.8454,    24.2279       
# span 2 =     4.0858,    10.5112       
# span 3 =     37.183,    116.427       
# span 4 =   0.581555,  32.190243       
# span 5 =      0.593,     40.833       
# span 6 =      5.644,      7.558       
# span 7 =   246.2873,  1240.2295       
# span 8 =    -0.2143,     4.9899       
# span 9 =    -0.2914,     8.4501       
# span 10 =     0.0110,     0.0225      
# span 11 =     -0.358,      0.324      
# span 12 =     -0.552,      7.264      
# span 13 =     -0.801,     10.535      
# span 14 =          1,       1056      
# span 15 = 4.3588e-01, 7.5580e+02      
# span 16 = 0.0000e+00, 0.0000e+00      
# interval = seconds: 0.25
# start_time = May 28 2018 16:43:56 [Instrument's time stamp, header]
# bad_flag = -9.990e-29
*END*
[from data line 596]
     -0.069    23.6166     8.0788     95.281  30.993348     31.867      7.286   294.5175     2.5192     1.7630     0.0220      0.002     -0.069     -0.100        597 6.5266e+02 0.0000e+00
     -0.072    23.6061     8.0978     95.502  31.031758     31.900      7.285   294.5553     2.5314     1.7093     0.0220      0.002     -0.071     -0.103        598 6.5749e+02 0.0000e+00
     -0.077    23.5992     8.1353     95.944  31.026028     31.908      7.276   294.2525     2.5556     1.6690     0.0220      0.001     -0.075     -0.108        599 6.5843e+02 0.0000e+00
     -0.080    23.5907     8.1812     96.489  31.030134     31.914      7.273   294.2525     2.5192     1.7630     0.0220     -0.000     -0.077     -0.112        600 6.5678e+02 0.0000e+00
     -0.079    23.5822     8.2101     96.837  31.026653     31.919      7.269   294.3282     2.5597     1.7899     0.0220     -0.001     -0.077     -0.112        601 6.5725e+02 0.0000e+00
     -0.076    23.5804     8.2337     97.121  31.030362     31.925      7.265   294.2146     2.5354     1.8436     0.0220     -0.002     -0.075     -0.108        602 6.5632e+02 0.0000e+00
     -0.072    23.5827     8.2404     97.204  30.995868     31.902      7.262   294.2146     2.5435     1.7093     0.0220     -0.002     -0.071     -0.103        603 6.5266e+02 0.0000e+00
     -0.068    23.5870     8.2290     97.070  30.980629     31.874      7.259   294.2903     2.5475     1.7630     0.0220     -0.001     -0.067     -0.098        604 6.5170e+02 0.0000e+00
     -0.066    23.5979     8.2154     96.922  30.960375     31.872      7.257   294.2146     2.4545     1.6556     0.0220      0.002     -0.066     -0.096        605 6.5149e+02 0.0000e+00
     -0.068    23.6077     8.2016     96.776  30.902470     31.783      7.247   294.4418     2.4869     1.7899     0.0220      0.005     -0.067     -0.096        606 6.5278e+02 0.0000e+00
     -0.068    23.6089     8.1908     96.668  30.874783     31.776      7.242   294.6689     2.4788     1.7496     0.0220      0.007     -0.067     -0.096        607 6.5325e+02 0.0000e+00
     -0.067    23.6071     8.1796     96.550  30.846572     31.712      7.237   294.6310     2.4788     1.6690     0.0219      0.007     -0.066     -0.095        608 6.5075e+02 0.0000e+00
     -0.066    23.6066     8.1700     96.444  30.878273     31.769      7.237   294.8203     2.4667     1.7899     0.0220      0.006     -0.066     -0.095        609 6.5123e+02 0.0000e+00
     -0.068    23.6086     8.1557     96.285  30.894632     31.770      7.238   294.7068     2.4545     1.7496     0.0220      0.003     -0.067     -0.097        610 6.5311e+02 0.0000e+00
     -0.071    23.6126     8.1471     96.188  30.885515     31.770      7.238   294.8960     2.4869     1.7362     0.0220      0.000     -0.070     -0.100        611 6.5397e+02 0.0000e+00
     -0.073    23.6159     8.1419     96.128  30.830318     31.712      7.239   294.9339     2.4828     1.7228     0.0219     -0.002     -0.072     -0.104        612 6.5361e+02 0.0000e+00
     -0.075    23.6172     8.1453     96.170  30.785417     31.651      7.243   294.7446     2.6001     1.7630     0.0219     -0.004     -0.073     -0.106        613 6.5402e+02 0.0000e+00
     -0.076    23.6188     8.1397     96.106  30.822787     31.707      7.242   295.2368     2.5920     1.7630     0.0219     -0.005     -0.075     -0.108        614 6.5573e+02 0.0000e+00
     -0.076    23.6249     8.1381     96.088  30.843111     31.706      7.240   294.8203     2.6001     1.6959     0.0219     -0.005     -0.075     -0.108        615 6.5479e+02 0.0000e+00
     -0.077    23.6346     8.1276     95.966  30.878727     31.763      7.238   295.1232     2.6324     1.7228     0.0220     -0.006     -0.075     -0.109        616 6.5337e+02 0.0000e+00
     -0.077    23.6449     8.1188     95.864  30.837766     31.701      7.236   295.5018     2.6324     1.7496     0.0219     -0.005     -0.075     -0.109        617 6.5298e+02 0.0000e+00
     -0.076    23.6525     8.0976     95.609  30.775481     31.637      7.239   294.9339     2.5920     1.8167     0.0219     -0.004     -0.074     -0.108        618 6.5271e+02 0.0000e+00
     -0.075    23.6574     8.0739     95.331  30.778330     31.631      7.237   295.2746     2.5718     1.7496     0.0219     -0.002     -0.074     -0.107        619 6.5281e+02 0.0000e+00
     -0.074    23.6621     8.0421     94.966  30.774916     31.625      7.235   295.2746     2.6001     1.6959     0.0219     -0.000     -0.073     -0.105        620 6.5256e+02 0.0000e+00
     -0.074    23.6645     8.0223     94.744  30.779726     31.622      7.233   295.0853     2.5718     1.7362     0.0219      0.001     -0.072     -0.105        621 6.5255e+02 0.0000e+00
     -0.074    23.6655     8.0201     94.727  30.772341     31.619      7.230   295.0096     2.5394     1.6422     0.0219      0.002     -0.072     -0.105        622 6.5268e+02 0.0000e+00
     -0.074    23.6666     8.0109     94.623  30.724805     31.560      7.232   295.2368     2.5314     1.6825     0.0219      0.002     -0.073     -0.106        623 6.5257e+02 0.0000e+00
     -0.076    23.6678     8.0087     94.602  30.720281     31.560      7.232   294.7825     2.5192     1.7899     0.0219      0.001     -0.074     -0.107        624 6.5118e+02 0.0000e+00
     -0.076    23.6686     8.0070     94.595  30.718668     31.559      7.230   294.9339     2.5233     1.7899     0.0219      0.000     -0.074     -0.108        625 6.4854e+02 0.0000e+00
     -0.075    23.6697     8.0012     94.547  30.667508     31.501      7.232   294.9718     2.6688     1.7362     0.0219     -0.000     -0.074     -0.108        626 6.4954e+02 0.0000e+00
     -0.076    23.6698     8.0006     94.558  30.665346     31.500      7.233   295.5018     2.6688     1.7899     0.0219     -0.001     -0.077     -0.112        627 6.4978e+02 0.0000e+00
     -0.086    23.6675     8.0127     94.714  30.662058     31.500      7.235   294.5932     2.6527     1.6690     0.0219     -0.004     -0.082     -0.118        628 6.4840e+02 0.0000e+00
     -0.087    23.6686     8.0340     94.973  30.612299     31.442      7.236   295.0853     2.6850     1.7093     0.0218     -0.006     -0.082     -0.118        629 6.5008e+02 0.0000e+00
     -0.077    23.6749     8.0424     95.073  30.608668     31.444      7.242   295.1232     2.5677     1.8033     0.0218     -0.005     -0.075     -0.108        630 6.4725e+02 0.0000e+00
     -0.065    23.6817     8.0507     95.174  30.666576     31.500      7.239   295.0096     2.5314     1.6959     0.0219      0.000     -0.065     -0.095        631 6.4474e+02 0.0000e+00
     -0.059    23.6867     8.0663     95.364  30.718137     31.554      7.238   295.3882     2.5192     1.6690     0.0219      0.006     -0.061     -0.088        632 6.4379e+02 0.0000e+00
     -0.062    23.6894     8.0716     95.445  30.663101     31.492      7.240   295.2746     2.5475     1.6825     0.0219      0.009     -0.063     -0.091        633 6.3923e+02 0.0000e+00
     -0.071    23.6919     8.0717     95.469  30.616461     31.431      7.240   294.9339     2.6769     1.8033     0.0218      0.009     -0.069     -0.099        634 6.3724e+02 0.0000e+00
     -0.076    23.6990     8.0660     95.423  30.657576     31.487      7.243   295.1232     2.6769     1.7093     0.0219      0.007     -0.072     -0.104        635 6.3711e+02 0.0000e+00
     -0.071    23.7106     8.0525     95.274  30.611934     31.428      7.246   295.0475     2.6648     1.6690     0.0218      0.007     -0.069     -0.100        636 6.3777e+02 0.0000e+00
     -0.065    23.7206     8.0265     94.961  30.613958     31.423      7.249   295.0096     2.6607     1.6690     0.0219      0.005     -0.064     -0.094        637 6.3965e+02 0.0000e+00
     -0.062    23.7280     7.9828     94.435  30.655054     31.473      7.252   295.2368     2.6769     1.7765     0.0219      0.001     -0.062     -0.090        638 6.4229e+02 0.0000e+00
     -0.063    23.7323     7.9384     93.906  30.620089     31.409      7.253   295.3503     2.6446     1.8167     0.0219     -0.000     -0.064     -0.092        639 6.5173e+02 0.0000e+00
     -0.071    23.7330     7.9062     93.520  30.657467     31.462      7.252   295.3503     2.6486     1.7496     0.0219     -0.001     -0.071     -0.102        640 6.5905e+02 0.0000e+00
     -0.083    23.7336     7.8910     93.334  30.667835     31.459      7.247   295.1232     2.6769     1.8033     0.0219     -0.003     -0.079     -0.113        641 6.6088e+02 0.0000e+00
     -0.085    23.7376     7.8904     93.320  30.607184     31.401      7.247   295.1989     2.6082     1.7362     0.0219     -0.005     -0.081     -0.117        642 6.6281e+02 0.0000e+00
     -0.080    23.7478     7.8980     93.396  30.555043     31.344      7.247   295.2368     2.6163     1.7362     0.0218     -0.007     -0.078     -0.112        643 6.5729e+02 0.0000e+00
     -0.071    23.7605     7.8951     93.321  30.554821     31.341      7.252   295.4260     2.5960     1.6690     0.0218     -0.007     -0.073     -0.106        644 6.5542e+02 0.0000e+00
     -0.072    23.7722     7.9059     93.357  30.607456     31.392      7.248   295.5775     2.5880     1.7228     0.0219     -0.007     -0.074     -0.108        645 6.5873e+02 0.0000e+00
     -0.085    23.7779     7.9245     93.461  30.608136     31.384      7.243   295.3882     2.5880     1.6959     0.0219     -0.008     -0.081     -0.118        646 6.5727e+02 0.0000e+00
     -0.090    23.7750     7.9533     93.714  30.553972     31.319      7.246   295.6153     2.5920     1.7899     0.0218     -0.008     -0.087     -0.126        647 6.6042e+02 0.0000e+00
     -0.091    23.7707     7.9973     94.132  30.556258     31.315      7.248   295.1610     2.6244     1.7362     0.0218     -0.006     -0.088     -0.128        648 6.6243e+02 0.0000e+00
     -0.089    23.7681     8.0402     94.481  30.545987     31.317      7.251   295.2746     2.5920     1.6422     0.0218     -0.005     -0.085     -0.124        649 6.6807e+02 0.0000e+00
     -0.082    23.7652     8.0872     94.919  30.507453     31.263      7.254   295.4639     2.5799     1.7496     0.0218     -0.005     -0.080     -0.116        650 6.6597e+02 0.0000e+00
     -0.074    23.7617     8.1277     95.267  30.485613     31.264      7.253   295.6153     2.6001     1.6959     0.0218     -0.003     -0.073     -0.106        651 6.7042e+02 0.0000e+00
     -0.067    23.7578     8.1699     95.511  30.513867     31.266      7.251   295.5396     2.5920     1.7228     0.0218      0.001     -0.063     -0.092        652 6.6022e+02 0.0000e+00
     -0.052    23.7497     8.2208     95.755  30.531594     31.326      7.248   295.8425     2.5799     1.7496     0.0218      0.011     -0.047     -0.068        653 6.7451e+02 0.0000e+00
     -0.025    23.7257     8.2622     95.935  30.522855     31.271      7.241   295.4260     2.5920     1.7899     0.0218      0.027     -0.021     -0.030        654 6.4392e+02 0.0000e+00
      0.014    23.6740     8.3014     96.144  30.584044     31.390      7.236   295.6910     2.6607     1.9779     0.0219      0.046      0.012      0.017        655 5.2761e+02 0.0000e+00
      0.046    23.6090     8.3195     96.152  30.633352     31.406      7.231   295.5775     2.6769     2.0182     0.0219      0.065      0.043      0.062        656 4.7796e+02 0.0000e+00
      0.072    23.5600     8.3636     96.491  30.758011     31.611      7.228   294.7446     2.6567     1.8436     0.0219      0.081      0.070      0.102        657 4.3297e+02 0.0000e+00
      0.097    23.5004     8.4143     96.928  30.725437     31.597      7.221   294.1389     2.6405     1.8705     0.0219      0.095      0.096      0.140        658 4.1928e+02 0.0000e+00
      0.125    23.4165     8.4825     97.591  30.792518     31.686      7.215   293.9118     2.7901     1.9913     0.0219      0.105      0.123      0.179        659 4.1639e+02 0.0000e+00
      0.153    23.3504     8.5538     98.333  31.030364     32.012      7.214   293.4953     2.7901     2.0182     0.0220      0.112      0.151      0.220        660 3.9133e+02 0.0000e+00
      0.186    23.2796     8.6262     99.116  30.992834     31.983      7.211   293.4196     2.8144     1.9376     0.0220      0.115      0.181      0.263        661 3.8301e+02 0.0000e+00
      0.216    23.1399     8.7163    100.062  31.076462     32.141      7.207   293.4953     2.7821     1.9242     0.0220      0.114      0.210      0.305        662 3.6327e+02 0.0000e+00
      0.240    22.9503     8.8141    101.055  31.252488     32.361      7.205   293.1546     2.7740     1.9107     0.0221      0.111      0.236      0.343        663 3.5313e+02 0.0000e+00
      0.267    22.7829     8.9065    101.975  31.366840     32.571      7.202   293.3060     2.7780     1.9376     0.0222      0.110      0.261      0.379        664 3.4404e+02 0.0000e+00
      0.292    22.6501     8.9700    102.562  31.497591     32.848      7.198   293.4953     2.7982     1.9645     0.0222      0.110      0.286      0.414        665 3.3274e+02 0.0000e+00
      0.313    22.5391     8.9697    102.397  31.534621     32.990      7.195   294.1010     2.7982     2.0182     0.0222      0.108      0.308      0.446        666 3.2431e+02 0.0000e+00
      0.335    22.4468     8.9506    102.002  31.439436     32.995      7.187   294.7068     2.7901     1.8570     0.0222      0.104      0.329      0.477        667 3.1470e+02 0.0000e+00
      0.358    22.3669     8.9217    101.533  31.527150     33.130      7.184   295.1232     2.8953     2.1524     0.0222      0.099      0.352      0.510        668 3.0095e+02 0.0000e+00
      0.383    22.3019     8.8842    101.001  31.751685     33.490      7.180   295.5396     2.9357     2.1927     0.0223      0.095      0.375      0.543        669 2.9124e+02 0.0000e+00
      0.405    22.2609     8.8486    100.491  31.753091     33.487      7.174   296.0696     2.9357     2.1659     0.0223      0.092      0.397      0.576        670 2.8509e+02 0.0000e+00
      0.428    22.2335     8.8490    100.344  31.703348     33.533      7.171   296.6375     2.9236     2.0450     0.0223      0.091      0.421      0.611        671 2.7338e+02 0.0000e+00
      0.458    22.1876     8.8741    100.444  31.724661     33.533      7.170   297.2053     3.1581     2.1390     0.0223      0.092      0.450      0.653        672 2.5833e+02 0.0000e+00
      0.490    22.1206     8.9509    101.157  31.904502     33.788      7.166   298.1518     3.1541     2.1659     0.0224      0.095      0.480      0.697        673 2.5185e+02 0.0000e+00
      0.520    22.0500     9.0573    102.274  32.102257     33.999      7.164   298.4168     3.1864     2.1524     0.0225      0.101      0.508      0.738        674 2.4929e+02 0.0000e+00
      0.545    21.9791     9.1972    103.750  32.190243     34.166      7.159   298.4925     3.2107     2.1122     0.0225      0.104      0.533      0.774        675 2.4295e+02 0.0000e+00
      0.568    21.8966     9.3610    105.479  32.150866     34.158      7.152   298.9846     3.2147     2.5553     0.0225      0.106      0.555      0.805        676 2.3579e+02 0.0000e+00
      0.585    21.8083     9.5481    107.454  32.151292     34.210      7.144   299.4011     3.2754     2.5956     0.0225      0.104      0.574      0.833        677 2.3109e+02 0.0000e+00
      0.605    21.7360     9.7533    109.650  31.982177     34.120      7.140   299.6661     3.2511     2.5016     0.0224      0.101      0.594      0.861        678 2.2456e+02 0.0000e+00
      0.627    21.6829     9.9637    111.855  31.649700     33.768      7.136   300.4611     3.2471     2.5687     0.0223      0.096      0.616      0.893        679 2.1884e+02 0.0000e+00
      0.652    21.6278    10.1487    113.648  31.408644     33.640      7.128   300.8018     3.2592     2.2733     0.0222      0.091      0.643      0.931        680 2.1230e+02 0.0000e+00
