Data/DataNotYetUploadedToEDI/Raw_CTD/2018_RawDownloads/052818_fcr30.cnv
* Sea-Bird SBE19plus  Data File:
* FileName = C:\DATA\052818_fcr_0003.hex
* Software version 2.6.3.104
* Temperature SN = 7809
* Conductivity SN = 7809
* System UpLoad Time = May 28 2018 15:47:54
* <ApplicationData>
* <Seaterm232>
# nquan = 17
# nvalues = 739                         
# units = specified
# name 0 = depFM: Depth [fresh water, m]
# name 1 = tv290C: Temperature [ITS-90, deg C]
# name 2 = sbeox0Mg/L: Oxygen, SBE 43 [mg/l]
# name 3 = sbeox0PS: Oxygen, SBE 43 [% saturation]
# name 4 = c0uS/cm: Conductivity [uS/cm]
# name 5 = specc: Specific Conductance [uS/cm]
# name 6 = ph: pH
# name 7 = orp: Oxidation Reduction Potential [mV]
# name 8 = flECO-AFL: Fluorescence, WET Labs ECO-AFL/FL [mg/m^3]
# name 9 = turbWETntu0: Turbidity, WET Labs ECO [NTU]
# name 10 = sal00: Salinity, Practical [PSU]
# name 11 = dz/dtM: Descent Rate [m/s]
# name 12 = prdM: Pressure, Strain Gauge [db]
# name 13 = prdE: Pressure, Strain Gauge [psi]
# name 14 = scan: Scan Count
# name 15 = par/sat/log: PAR/Logarithmic, Satlantic
# name 16 = flag:  0.000e+00
# span 0 =     -0.563,      5.503       
# span 1 =     9.9046,    24.2733       
# span 2 =     2.7566,     9.6652       
# span 3 =     24.952,    106.108       
# span 4 =  -0.372347,  31.488471       
# span 5 =      0.322,     42.536       
# span 6 =      5.764,      7.562       
# span 7 =   159.9728,  1240.2295       
# span 8 =    -0.1860,     3.7970       
# span 9 =    -0.4660,    41.7917       
# span 10 =     0.0114,     0.0222      
# span 11 =     -0.091,      0.205      
# span 12 =     -0.551,      5.395      
# span 13 =     -0.800,      7.826      
# span 14 =          1,        739      
# span 15 = 2.2002e+00, 1.1516e+03      
# span 16 = 0.0000e+00, 0.0000e+00      
# interval = seconds: 0.25
# start_time = May 28 2018 16:19:59 [Instrument's time stamp, header]
# bad_flag = -9.990e-29
*END*
[from data line 426]
      0.361    23.8527     6.4846     76.609  29.604822     30.284      7.189   267.0331     2.3211     1.9913     0.0214      0.089      0.353      0.513        427 5.3040e+02 0.0000e+00
      0.383    23.8430     6.4887     76.624  29.550748     30.232      7.186   268.2445     2.3373     1.8570     0.0214      0.091      0.374      0.543        428 5.2343e+02 0.0000e+00
      0.400    23.8327     6.5074     76.706  29.600995     30.295      7.186   268.6988     2.3130     1.6556     0.0214      0.090      0.392      0.568        429 5.0949e+02 0.0000e+00
      0.415    23.8206     6.5487     77.046  29.631241     30.329      7.180   269.0395     2.3696     1.7899     0.0214      0.085      0.407      0.590        430 4.8380e+02 0.0000e+00
      0.431    23.8063     6.5952     77.475  29.602059     30.308      7.181   269.7588     2.3130     1.6153     0.0214      0.079      0.422      0.612        431 4.7810e+02 0.0000e+00
      0.446    23.7960     6.6519     78.001  29.548370     30.257      7.179   269.9481     2.3130     1.8167     0.0214      0.074      0.437      0.634        432 4.7755e+02 0.0000e+00
      0.460    23.7808     6.7214     78.671  29.609114     30.324      7.181   270.5160     2.4626     1.9913     0.0214      0.070      0.452      0.655        433 4.6523e+02 0.0000e+00
      0.478    23.7609     6.8046     79.459  29.645064     30.387      7.185   270.8945     2.4545     1.9645     0.0215      0.067      0.469      0.680        434 4.5570e+02 0.0000e+00
      0.496    23.7415     6.8832     80.229  29.562933     30.282      7.182   271.5003     2.4545     1.9107     0.0214      0.064      0.489      0.709        435 4.4368e+02 0.0000e+00
      0.521    23.7128     6.9586     80.951  29.592736     30.352      7.178   271.9167     2.4828     1.8973     0.0214      0.065      0.515      0.746        436 4.2636e+02 0.0000e+00
      0.559    23.6991     7.0334     81.680  29.637632     30.392      7.165   272.8631     2.5637     2.1927     0.0214      0.073      0.545      0.790        437 4.1923e+02 0.0000e+00
      0.584    23.6735     7.0752     82.046  29.596017     30.382      7.153   272.9388     2.5314     2.1927     0.0214      0.082      0.571      0.828        438 4.1395e+02 0.0000e+00
      0.602    23.5804     7.1105     82.281  29.614887     30.391      7.148   273.4310     2.5354     2.0719     0.0214      0.088      0.592      0.858        439 4.0559e+02 0.0000e+00
      0.625    23.4796     7.1356     82.367  29.643807     30.462      7.141   273.9988     2.5152     2.0450     0.0215      0.093      0.613      0.888        440 3.9300e+02 0.0000e+00
      0.647    23.3956     7.1675     82.506  29.619340     30.465      7.134   274.3396     2.4950     1.9645     0.0214      0.096      0.633      0.918        441 3.7939e+02 0.0000e+00
      0.664    23.3046     7.2069     82.680  29.645368     30.586      7.124   274.9453     2.4909     1.9376     0.0214      0.095      0.650      0.944        442 3.7366e+02 0.0000e+00
      0.679    23.2022     7.2457     82.819  29.700402     30.667      7.118   275.2103     2.4788     1.9510     0.0215      0.090      0.665      0.964        443 3.6569e+02 0.0000e+00
      0.690    23.0839     7.2986     83.121  29.699133     30.756      7.114   275.2860     2.4626     1.9645     0.0215      0.081      0.676      0.980        444 3.5653e+02 0.0000e+00
      0.699    22.9826     7.3512     83.444  29.676634     30.760      7.105   275.8160     2.3939     2.4210     0.0214      0.070      0.686      0.995        445 3.5351e+02 0.0000e+00
      0.710    22.8831     7.4103     83.867  29.817393     31.014      7.101   275.7024     2.4505     2.3941     0.0215      0.063      0.699      1.014        446 3.3934e+02 0.0000e+00
      0.728    22.7922     7.4830     84.472  30.087347     31.338      7.095   276.1567     2.4262     2.2599     0.0216      0.058      0.717      1.041        447 3.2456e+02 0.0000e+00
      0.758    22.7141     7.5645     85.205  30.230214     31.580      7.094   276.4217     2.4060     2.1524     0.0217      0.058      0.742      1.077        448 3.2146e+02 0.0000e+00
      0.784    22.6046     7.6476     85.953  30.410537     31.786      7.088   276.8003     2.3817     2.2733     0.0217      0.062      0.768      1.114        449 3.1283e+02 0.0000e+00
      0.807    22.4745     7.7434     86.832  30.811788     32.305      7.088   277.2924     2.5475     2.4747     0.0219      0.069      0.793      1.151        450 3.0221e+02 0.0000e+00
      0.837    22.3287     7.8261     87.542  31.035531     32.586      7.084   277.6331     2.5556     2.5419     0.0220      0.078      0.821      1.191        451 2.9365e+02 0.0000e+00
      0.869    22.1535     7.9119     88.285  31.080966     32.734      7.080   278.4281     2.5071     2.4747     0.0220      0.090      0.849      1.231        452 2.8650e+02 0.0000e+00
      0.892    21.9615     7.9956     89.028  31.200066     32.953      7.076   278.9203     2.5475     2.4747     0.0221      0.099      0.873      1.266        453 2.8328e+02 0.0000e+00
      0.910    21.7737     8.0634     89.641  31.361801     33.253      7.080   279.9424     2.7982     2.7567     0.0221      0.102      0.891      1.293        454 2.8067e+02 0.0000e+00
      0.925    21.6030     8.1497     90.503  31.443147     33.479      7.078   280.4724     2.8144     2.7298     0.0222      0.099      0.908      1.317        455 2.7860e+02 0.0000e+00
      0.943    21.4505     8.2836     91.876  31.484386     33.643      7.078   280.5860     2.8346     2.7970     0.0222      0.093      0.925      1.341        456 2.7489e+02 0.0000e+00
      0.960    21.3187     8.3875     92.927  31.488471     33.797      7.079   280.9646     2.7618     2.7164     0.0222      0.087      0.945      1.371        457 2.6651e+02 0.0000e+00
      0.989    21.2053     8.5277     94.383  31.378834     33.757      7.075   280.7374     2.7214     2.5016     0.0221      0.084      0.971      1.409        458 2.5576e+02 0.0000e+00
      1.023    21.0941     8.7089     96.293  31.354026     33.853      7.071   281.6460     2.7578     2.4747     0.0221      0.083      1.001      1.453        459 2.4654e+02 0.0000e+00
      1.050    20.9771     8.9111     98.444  31.311839     33.875      7.069   281.7217     2.7376     2.5956     0.0221      0.086      1.027      1.490        460 2.4322e+02 0.0000e+00
      1.067    20.8512     9.1553    101.079  31.194172     33.836      7.067   281.5324     2.7214     2.5419     0.0221      0.089      1.047      1.519        461 2.3929e+02 0.0000e+00
      1.088    20.7259     9.3488    103.163  31.115036     33.831      7.067   281.6460     3.2552     2.9447     0.0220      0.093      1.066      1.546        462 2.3219e+02 0.0000e+00
      1.105    20.6163     9.4928    104.718  30.965599     33.772      7.068   282.2896     3.2228     2.9447     0.0220      0.094      1.084      1.571        463 2.2702e+02 0.0000e+00
      1.120    20.5375     9.5695    105.541  30.846472     33.712      7.070   282.4031     3.2552     3.0118     0.0219      0.091      1.099      1.594        464 2.2167e+02 0.0000e+00
      1.136    20.4806     9.6250    106.108  30.877874     33.854      7.070   283.0846     3.2673     2.9447     0.0219      0.085      1.115      1.617        465 2.1620e+02 0.0000e+00
      1.155    20.4201     9.6139    105.886  30.896915     33.913      7.071   282.7817     3.5625     3.3610     0.0219      0.077      1.133      1.642        466 2.1142e+02 0.0000e+00
      1.174    20.3633     9.5925    105.520  30.971066     34.046      7.068   282.8953     3.5827     3.4952     0.0220      0.071      1.149      1.666        467 2.0855e+02 0.0000e+00
      1.187    20.3120     9.5918    105.339  31.052483     34.185      7.067   283.4253     3.5867     3.2938     0.0220      0.067      1.162      1.684        468 2.0896e+02 0.0000e+00
      1.192    20.2614     9.5837    105.063  31.032829     34.196      7.063   283.5389     3.5706     3.4012     0.0220      0.063      1.168      1.694        469 2.0911e+02 0.0000e+00
      1.195    20.2184     9.6004    105.160  31.025201     34.236      7.061   283.6903     3.5463     3.3072     0.0220      0.056      1.172      1.700        470 2.0824e+02 0.0000e+00
      1.199    20.1862     9.5937    105.055  31.032347     34.273      7.057   283.6146     3.5787     3.3207     0.0220      0.048      1.177      1.707        471 2.0899e+02 0.0000e+00
      1.205    20.1618     9.5928    104.933  31.023957     34.307      7.056   283.5767     3.5948     3.3207     0.0220      0.041      1.184      1.717        472 2.0745e+02 0.0000e+00
      1.216    20.1447     9.5891    104.710  30.976357     34.268      7.056   283.8796     3.6029     3.3878     0.0220      0.035      1.194      1.733        473 2.0369e+02 0.0000e+00
      1.232    20.1337     9.5657    104.278  30.943341     34.257      7.057   283.9553     3.5706     3.2938     0.0220      0.032      1.208      1.753        474 2.0080e+02 0.0000e+00
      1.247    20.1113     9.5528    103.972  30.827847     34.145      7.061   284.4096     3.5099     3.3341     0.0219      0.032      1.223      1.774        475 1.9707e+02 0.0000e+00
      1.261    20.0648     9.5421    103.732  30.793930     34.092      7.062   284.7124     3.4937     3.2670     0.0219      0.036      1.238      1.795        476 1.9329e+02 0.0000e+00
      1.277    20.0026     9.5530    103.709  30.748344     34.108      7.063   285.1289     3.5261     3.4415     0.0219      0.043      1.254      1.818        477 1.8870e+02 0.0000e+00
      1.298    19.9193     9.5714    103.779  30.528779     33.834      7.059   285.0532     3.5018     3.4281     0.0218      0.052      1.273      1.845        478 1.8359e+02 0.0000e+00
      1.317    19.8320     9.6093    104.070  30.474177     33.881      7.059   285.0532     3.4412     3.3207     0.0217      0.059      1.292      1.874        479 1.8036e+02 0.0000e+00
      1.336    19.7902     9.6376    104.260  30.312258     33.726      7.059   285.6210     3.4857     3.3475     0.0217      0.065      1.311      1.902        480 1.7578e+02 0.0000e+00
      1.357    19.7740     9.6628    104.441  30.137306     33.606      7.057   286.0374     3.4776     3.2535     0.0216      0.069      1.331      1.930        481 1.7130e+02 0.0000e+00
      1.377    19.7205     9.6652    104.365  30.187874     33.699      7.057   286.1889     3.4290     3.3744     0.0216      0.072      1.350      1.958        482 1.6896e+02 0.0000e+00
      1.393    19.6350     9.6414    104.040  30.012144     33.523      7.059   286.2646     3.3805     3.3475     0.0215      0.074      1.367      1.983        483 1.6514e+02 0.0000e+00
      1.412    19.5486     9.5877    103.433  29.733363     33.219      7.058   286.7189     3.3805     3.4012     0.0214      0.075      1.384      2.008        484 1.6192e+02 0.0000e+00
      1.429    19.4720     9.5260    102.755  29.526740     33.096      7.056   286.6810     3.3926     3.3072     0.0213      0.075      1.402      2.034        485 1.5922e+02 0.0000e+00
      1.450    19.4097     9.4605    102.032  29.439128     33.003      7.054   287.1732     3.3886     3.3878     0.0212      0.074      1.421      2.060        486 1.5654e+02 0.0000e+00
      1.466    19.3437     9.4010    101.368  29.456987     33.156      7.056   286.8703     3.3926     3.3072     0.0213      0.073      1.439      2.087        487 1.5327e+02 0.0000e+00
      1.487    19.2808     9.3615    100.867  29.208054     32.854      7.055   287.3624     3.3886     3.3475     0.0211      0.072      1.460      2.117        488 1.4805e+02 0.0000e+00
      1.514    19.2231     9.3247    100.449  29.067022     32.778      7.052   287.4003     3.3603     3.3341     0.0211      0.074      1.481      2.148        489 1.4446e+02 0.0000e+00
      1.530    19.1690     9.2876    100.064  29.069195     32.824      7.050   287.5896     3.3482     3.2938     0.0211      0.076      1.500      2.175        490 1.4178e+02 0.0000e+00
      1.545    19.1233     9.2838     99.913  28.997833     32.772      7.051   287.7032     3.3401     3.3878     0.0210      0.076      1.515      2.198        491 1.3899e+02 0.0000e+00
      1.562    19.0769     9.3030     99.878  28.918665     32.750      7.048   288.0060     3.3805     3.0924     0.0210      0.076      1.530      2.219        492 1.3634e+02 0.0000e+00
      1.573    19.0434     9.3291     99.912  28.841607     32.656      7.045   288.1575     3.3926     3.1193     0.0210      0.073      1.542      2.236        493 1.3410e+02 0.0000e+00
      1.583    19.0310     9.3626    100.054  28.856563     32.755      7.044   288.3846     3.3603     3.0387     0.0210      0.068      1.551      2.250        494 1.3238e+02 0.0000e+00
      1.591    19.0236     9.3817    100.097  28.840773     32.716      7.042   288.6875     3.3846     3.0387     0.0210      0.061      1.561      2.264        495 1.2994e+02 0.0000e+00
      1.602    19.0173     9.4004    100.193  28.861269     32.789      7.037   288.9903     3.4776     3.4012     0.0210      0.054      1.570      2.278        496 1.2836e+02 0.0000e+00
      1.610    19.0037     9.3966    100.115  28.890358     32.793      7.036   288.8010     3.4573     3.1998     0.0210      0.047      1.579      2.290        497 1.2702e+02 0.0000e+00
      1.618    18.9700     9.3820     99.903  28.863873     32.800      7.036   288.7632     3.4290     3.3610     0.0210      0.042      1.588      2.304        498 1.2475e+02 0.0000e+00
      1.630    18.9581     9.3699     99.713  28.834937     32.744      7.035   288.9525     3.4452     3.3341     0.0210      0.039      1.599      2.319        499 1.2289e+02 0.0000e+00
      1.642    18.9639     9.3328     99.233  28.867078     32.835      7.032   289.1039     3.4412     3.6295     0.0210      0.038      1.611      2.336        500 1.2109e+02 0.0000e+00
      1.656    18.9092     9.2767     98.558  28.883179     32.843      7.030   289.1039     3.4614     3.5221     0.0210      0.040      1.625      2.356        501 1.1860e+02 0.0000e+00
      1.672    18.7925     9.2252     97.954  28.755608     32.711      7.028   289.4825     3.4210     3.4952     0.0209      0.043      1.640      2.377        502 1.1608e+02 0.0000e+00
      1.687    18.6693     9.1686     97.308  28.610769     32.560      7.023   289.8989     3.4169     3.5490     0.0208      0.046      1.653      2.397        503 1.1489e+02 0.0000e+00
      1.696    18.5648     9.1319     96.795  28.500137     32.553      7.019   289.7475     3.5342     3.5087     0.0208      0.048      1.664      2.413        504 1.1355e+02 0.0000e+00
      1.706    18.4838     9.0920     96.209  28.418960     32.516      7.016   289.7096     3.5018     3.6564     0.0208      0.050      1.675      2.429        505 1.1112e+02 0.0000e+00
      1.722    18.4360     9.0411     95.602  28.385712     32.595      7.015   290.0125     3.5059     3.5221     0.0207      0.051      1.690      2.451        506 1.0861e+02 0.0000e+00
      1.741    18.4139     9.0027     95.127  28.363668     32.591      7.011   290.0882     3.4816     3.5221     0.0207      0.053      1.708      2.478        507 1.0585e+02 0.0000e+00
      1.764    18.3889     8.9601     94.548  28.327833     32.628      7.003   290.5803     3.4331     3.2535     0.0207      0.056      1.728      2.508        508 1.0297e+02 0.0000e+00
      1.783    18.3565     8.9320     94.126  28.252441     32.514      6.994   290.9589     3.4250     3.4281     0.0207      0.060      1.746      2.533        509 1.0129e+02 0.0000e+00
      1.794    18.3166     8.8888     93.573  28.220320     32.534      6.989   290.8075     3.4493     3.5221     0.0207      0.062      1.759      2.551        510 1.0068e+02 0.0000e+00
