Data/DataNotYetUploadedToEDI/Raw_CTD/2018_RawDownloads/052818_fcr45.cnv
* Sea-Bird SBE19plus  Data File:
* FileName = C:\DATA\052818_fcr_0004.hex
* Software version 2.6.3.104
* Temperature SN = 7809
* Conductivity SN = 7809
* System UpLoad Time = May 28 2018 15:48:25
* <ApplicationData>
* <Seaterm232>
# nquan = 17
# nvalues = 1056                        
# units = specified
# name 0 = depFM: Depth [fresh water, m]
# name 1 = tv290C: Temperature [ITS-90, deg C]
# name 2 = sbeox0Mg/L: Oxygen, SBE 43 [mg/l]
# name 3 = sbeox0PS: Oxygen, SBE 43 [% saturation]
# name 4 = c0uS/cm: Conductivity [uS/cm]
# name 5 = specc: Specific Conductance [uS/cm]
# name 6 = ph: pH
# name 7 = orp: Oxidation Reduction Potential [mV]
# name 8 = flECO-AFL: Fluorescence, WET Labs ECO-AFL/FL [mg/m^3]
# name 9 = turbWETntu0: Turbidity, WET Labs ECO [NTU]
# name 10 = sal00: Salinity, Practical [PSU]
# name 11 = dz/dtM: Descent Rate [m/s]
# name 12 = prdM: Pressure, Strain Gauge [db]
# name 13 = prdE: Pressure, Strain Gauge [psi]
# name 14 = scan: Scan Count
# name 15 = par/sat/log: PAR/Logarithmic, Satlantic
# name 16 = flag:  0.000e+00
# span 0 =     -0.564,      7.407       
# span 1 =     9.8454,    24.2279       
# span 2 =     4.0858,    10.5112       
# span 3 =     37.183,    116.427       
# span 4 =   0.581555,  32.190243       
# span 5 =      0.593,     40.833       
# span 6 =      5.644,      7.558       
# span 7 =   246.2873,  1240.2295       
# span 8 =    -0.2143,     4.9899       
# span 9 =    -0.2914,     8.4501       
# span 10 =     0.0110,     0.0225      
# span 11 =     -0.358,      0.324      
# span 12 =     -0.552,      7.264      
# span 13 =     -0.801,     10.535      
# span 14 =          1,       1056      
# span 15 = 4.3588e-01, 7.5580e+02      
# span 16 = 0.0000e+00, 0.0000e+00      
# interval = seconds: 0.25
# start_time = May 28 2018 16:43:56 [Instrument's time stamp, header]
# bad_flag = -9.990e-29
*END*
[from data line 511]
     -0.073    23.7066     8.2148     97.072  30.774860     31.595      7.212   291.9053     2.6203     1.7899     0.0219     -0.000     -0.071     -0.103        512 6.3572e+02 0.0000e+00
     -0.072    23.7075     8.2037     96.951  30.780948     31.592      7.217   292.0189     2.5880     1.6959     0.0219      0.000     -0.070     -0.102        513 6.3435e+02 0.0000e+00
     -0.071    23.7070     8.1978     96.907  30.828936     31.648      7.217   292.1325     2.5718     1.7228     0.0219      0.001     -0.070     -0.102        514 6.3626e+02 0.0000e+00
     -0.072    23.7069     8.1820     96.775  30.833743     31.647      7.219   292.0567     2.5920     1.8167     0.0219      0.000     -0.071     -0.102        515 6.3686e+02 0.0000e+00
     -0.073    23.7082     8.1680     96.675  30.834269     31.648      7.222   292.3217     2.6041     1.6690     0.0219     -0.000     -0.071     -0.103        516 6.3680e+02 0.0000e+00
     -0.073    23.7110     8.1574     96.585  30.828281     31.648      7.224   291.8675     2.6527     1.8302     0.0219      0.000     -0.071     -0.103        517 6.3898e+02 0.0000e+00
     -0.072    23.7127     8.1554     96.589  30.781891     31.589      7.230   292.5868     2.6769     1.6959     0.0219      0.001     -0.071     -0.102        518 6.4006e+02 0.0000e+00
     -0.072    23.7130     8.1453     96.488  30.773396     31.587      7.231   292.2460     2.6324     1.7496     0.0219      0.000     -0.071     -0.102        519 6.4150e+02 0.0000e+00
     -0.073    23.7115     8.1494     96.550  30.779551     31.587      7.236   292.2839     2.6527     1.7496     0.0219     -0.000     -0.071     -0.103        520 6.4325e+02 0.0000e+00
     -0.073    23.7097     8.1567     96.658  30.833533     31.644      7.238   292.3596     2.8104     1.7630     0.0219     -0.000     -0.072     -0.104        521 6.4396e+02 0.0000e+00
     -0.074    23.7113     8.1623     96.763  30.824820     31.645      7.245   292.5868     2.8225     1.6959     0.0219     -0.001     -0.073     -0.105        522 6.4388e+02 0.0000e+00
     -0.074    23.7172     8.1643     96.822  30.790395     31.589      7.244   292.0189     2.8023     1.6288     0.0219     -0.001     -0.073     -0.105        523 6.4321e+02 0.0000e+00
     -0.074    23.7313     8.1697     96.914  30.817073     31.645      7.249   292.3975     2.7901     1.7899     0.0219     -0.001     -0.072     -0.105        524 6.4302e+02 0.0000e+00
     -0.074    23.7617     8.1735     96.987  30.791619     31.584      7.252   292.7003     2.7174     1.7899     0.0219     -0.001     -0.072     -0.104        525 6.4188e+02 0.0000e+00
     -0.072    23.7963     8.1810     97.100  30.762768     31.575      7.253   292.7382     2.7538     1.7630     0.0219     -0.001     -0.071     -0.103        526 6.4166e+02 0.0000e+00
     -0.071    23.8177     8.1666     96.958  30.675066     31.440      7.256   292.1703     2.7254     1.6422     0.0219      0.000     -0.069     -0.101        527 6.4167e+02 0.0000e+00
     -0.070    23.8320     8.1510     96.801  30.663543     31.417      7.262   292.6625     2.7214     1.7362     0.0219      0.001     -0.069     -0.100        528 6.4127e+02 0.0000e+00
     -0.071    23.8423     8.1320     96.566  30.658492     31.404      7.265   292.0189     2.6041     1.7899     0.0219      0.002     -0.069     -0.099        529 6.4126e+02 0.0000e+00
     -0.069    23.8501     8.1229     96.416  30.622043     31.337      7.269   292.4353     2.5799     1.6959     0.0219      0.003     -0.069     -0.099        530 6.4197e+02 0.0000e+00
     -0.070    23.8628     8.1008     96.115  30.649596     31.388      7.266   292.0567     2.5960     1.7228     0.0219      0.002     -0.069     -0.100        531 6.4245e+02 0.0000e+00
     -0.071    23.8830     8.0793     95.845  30.624197     31.326      7.270   292.1703     2.6041     1.6690     0.0219      0.002     -0.070     -0.101        532 6.4170e+02 0.0000e+00
     -0.072    23.9029     8.0503     95.513  30.594346     31.318      7.270   292.1703     2.7821     1.9376     0.0219      0.001     -0.071     -0.102        533 6.4261e+02 0.0000e+00
     -0.073    23.9184     8.0319     95.305  30.568139     31.248      7.271   292.5868     2.7740     1.9913     0.0218     -0.000     -0.072     -0.104        534 6.4266e+02 0.0000e+00
     -0.073    23.9330     8.0305     95.286  30.538204     31.235      7.274   292.4732     2.8225     1.9242     0.0218     -0.001     -0.072     -0.104        535 6.4240e+02 0.0000e+00
     -0.074    23.9469     8.0376     95.360  30.512990     31.168      7.277   292.5868     2.7982     1.9913     0.0218     -0.002     -0.072     -0.105        536 6.4308e+02 0.0000e+00
     -0.074    23.9630     8.0384     95.360  30.540209     31.216      7.274   292.5868     2.7618     1.9645     0.0218     -0.002     -0.072     -0.105        537 6.4270e+02 0.0000e+00
     -0.074    23.9776     8.0368     95.332  30.563624     31.207      7.278   292.5868     2.7376     1.9107     0.0218     -0.002     -0.072     -0.105        538 6.4138e+02 0.0000e+00
     -0.074    23.9727     8.0338     95.277  30.483843     31.140      7.278   292.5868     2.7214     1.9107     0.0218     -0.002     -0.072     -0.105        539 6.4087e+02 0.0000e+00
     -0.074    23.9499     8.0290     95.193  30.431937     31.044      7.282   292.3596     2.7659     1.9645     0.0218     -0.001     -0.071     -0.104        540 6.4202e+02 0.0000e+00
     -0.072    23.9283     8.0250     95.124  30.539264     31.190      7.287   292.2839     2.7295     2.0316     0.0218     -0.000     -0.070     -0.103        541 6.4143e+02 0.0000e+00
     -0.071    23.9206     8.0280     95.156  30.617131     31.262      7.286   292.4732     2.7133     1.7630     0.0219      0.001     -0.070     -0.101        542 6.4130e+02 0.0000e+00
     -0.071    23.9265     8.0174     95.053  30.601895     31.276      7.290   292.3975     2.7174     1.8033     0.0219      0.001     -0.070     -0.101        543 6.4247e+02 0.0000e+00
     -0.072    23.9322     7.9995     94.890  30.558232     31.224      7.288   292.1703     2.7133     1.7630     0.0218      0.002     -0.070     -0.102        544 6.4161e+02 0.0000e+00
     -0.072    23.9311     7.9784     94.697  30.552870     31.220      7.287   292.3975     2.7093     1.7362     0.0218      0.001     -0.070     -0.102        545 6.4119e+02 0.0000e+00
     -0.072    23.9257     7.9637     94.570  30.608568     31.273      7.285   292.2460     2.7659     1.9107     0.0219      0.001     -0.070     -0.102        546 6.4179e+02 0.0000e+00
     -0.073    23.9203     7.9561     94.517  30.607517     31.274      7.290   292.4732     2.7740     1.9913     0.0219      0.001     -0.071     -0.103        547 6.4131e+02 0.0000e+00
     -0.073    23.9147     7.9613     94.596  30.613479     31.278      7.291   292.6625     2.7821     1.9107     0.0219      0.000     -0.071     -0.103        548 6.4017e+02 0.0000e+00
     -0.073    23.9038     7.9676     94.669  30.601150     31.281      7.295   292.6625     2.8104     2.0182     0.0219     -0.001     -0.071     -0.103        549 6.4069e+02 0.0000e+00
     -0.072    23.8891     7.9745     94.730  30.622862     31.284      7.298   292.7760     2.7214     1.7899     0.0219     -0.001     -0.071     -0.103        550 6.4111e+02 0.0000e+00
     -0.073    23.8773     7.9894     94.870  30.645763     31.349      7.299   292.3596     2.7012     1.7228     0.0219     -0.001     -0.071     -0.103        551 6.4054e+02 0.0000e+00
     -0.073    23.8751     8.0125     95.126  30.631957     31.301      7.301   292.6625     2.7335     1.6556     0.0219     -0.000     -0.072     -0.104        552 6.4273e+02 0.0000e+00
     -0.074    23.8880     8.0357     95.411  30.699349     31.423      7.294   292.6625     2.7214     1.7362     0.0219     -0.001     -0.073     -0.105        553 6.4297e+02 0.0000e+00
     -0.075    23.9158     8.0684     95.811  30.621200     31.310      7.295   291.9810     2.6931     1.7899     0.0219     -0.001     -0.073     -0.106        554 6.4276e+02 0.0000e+00
     -0.074    23.9470     8.0861     96.023  30.551311     31.245      7.294   292.6246     2.6607     1.7630     0.0218     -0.001     -0.072     -0.105        555 6.4389e+02 0.0000e+00
     -0.073    23.9743     8.0954     96.120  30.489813     31.170      7.294   292.7382     2.6607     1.6959     0.0218     -0.001     -0.071     -0.103        556 6.4186e+02 0.0000e+00
     -0.070    23.9955     8.0998     96.158  30.430868     31.064      7.296   292.4353     2.6567     1.7630     0.0218      0.000     -0.069     -0.101        557 6.4158e+02 0.0000e+00
     -0.070    24.0052     8.0932     96.063  30.476404     31.132      7.298   292.4732     2.6769     1.6959     0.0218      0.001     -0.069     -0.100        558 6.4156e+02 0.0000e+00
     -0.071    24.0042     8.0762     95.854  30.433133     31.033      7.301   292.8139     2.7821     1.8167     0.0218      0.001     -0.070     -0.101        559 6.4040e+02 0.0000e+00
     -0.072    23.9922     8.0559     95.611  30.484710     31.113      7.307   292.5489     2.7861     1.7899     0.0218      0.002     -0.070     -0.101        560 6.4125e+02 0.0000e+00
     -0.071    23.9719     8.0270     95.277  30.560466     31.170      7.312   292.7760     2.7821     1.6825     0.0218      0.002     -0.069     -0.101        561 6.4153e+02 0.0000e+00
     -0.071    23.9618     8.0094     95.070  30.605710     31.235      7.316   292.7382     2.7821     1.7362     0.0219      0.002     -0.069     -0.101        562 6.4183e+02 0.0000e+00
     -0.071    23.9666     8.0042     94.989  30.606312     31.248      7.319   292.8518     2.5758     1.8167     0.0219      0.001     -0.069     -0.101        563 6.4341e+02 0.0000e+00
     -0.071    23.9732     7.9964     94.857  30.500423     31.141      7.324   293.0032     2.5920     1.7630     0.0218      0.000     -0.070     -0.102        564 6.4401e+02 0.0000e+00
     -0.074    23.9737     7.9803     94.622  30.500286     31.137      7.327   293.0410     2.6001     1.6690     0.0218     -0.001     -0.072     -0.104        565 6.4464e+02 0.0000e+00
     -0.075    23.9672     7.9718     94.487  30.547179     31.190      7.334   292.9275     2.5799     1.6690     0.0218     -0.002     -0.073     -0.105        566 6.4501e+02 0.0000e+00
     -0.075    23.9580     7.9809     94.584  30.501365     31.133      7.338   292.8896     2.7376     1.9779     0.0218     -0.002     -0.073     -0.105        567 6.4549e+02 0.0000e+00
     -0.073    23.9504     7.9988     94.782  30.498001     31.137      7.340   292.8896     2.7214     1.9376     0.0218     -0.002     -0.072     -0.104        568 6.4509e+02 0.0000e+00
     -0.072    23.9455     8.0187     94.990  30.551366     31.200      7.345   293.1925     2.7214     1.9376     0.0218     -0.002     -0.071     -0.103        569 6.4403e+02 0.0000e+00
     -0.072    23.9445     8.0307     95.096  30.553558     31.205      7.347   294.0253     2.7335     1.9779     0.0218     -0.001     -0.070     -0.102        570 6.4383e+02 0.0000e+00
     -0.072    23.9492     8.0358     95.135  30.554579     31.208      7.344   293.3818     2.7942     2.1927     0.0218     -0.000     -0.070     -0.102        571 6.4265e+02 0.0000e+00
     -0.071    23.9506     8.0343     95.099  30.550099     31.209      7.344   293.4575     2.7821     2.1927     0.0218      0.001     -0.070     -0.101        572 6.4222e+02 0.0000e+00
     -0.070    23.9392     8.0279     94.996  30.499832     31.148      7.346   293.3818     2.7861     2.0584     0.0218      0.002     -0.069     -0.101        573 6.4287e+02 0.0000e+00
     -0.071    23.9179     8.0256     94.932  30.557832     31.205      7.346   293.3060     2.7861     2.1927     0.0218      0.002     -0.069     -0.101        574 6.4318e+02 0.0000e+00
     -0.071    23.8923     8.0253     94.893  30.596522     31.269      7.349   293.9496     2.6769     1.8570     0.0219      0.002     -0.070     -0.102        575 6.4334e+02 0.0000e+00
     -0.072    23.8737     8.0324     94.940  30.570289     31.226      7.342   293.3060     2.7012     1.7496     0.0218      0.001     -0.070     -0.102        576 6.4387e+02 0.0000e+00
     -0.071    23.8667     8.0429     95.039  30.649786     31.356      7.340   293.9875     2.6607     1.7630     0.0219      0.000     -0.070     -0.102        577 6.4370e+02 0.0000e+00
     -0.072    23.8591     8.0522     95.141  30.675502     31.368      7.337   293.7225     2.6850     1.7630     0.0219     -0.000     -0.071     -0.103        578 6.4310e+02 0.0000e+00
     -0.074    23.8429     8.0513     95.121  30.656897     31.372      7.327   293.5710     2.6486     1.7362     0.0219     -0.001     -0.071     -0.103        579 6.4283e+02 0.0000e+00
     -0.073    23.8234     8.0484     95.060  30.672944     31.378      7.325   293.4953     2.6244     1.7765     0.0219     -0.001     -0.071     -0.103        580 6.4432e+02 0.0000e+00
     -0.070    23.8108     8.0414     94.942  30.714837     31.445      7.319   294.1010     2.6041     1.7630     0.0219     -0.001     -0.070     -0.102        581 6.4616e+02 0.0000e+00
     -0.072    23.8012     8.0395     94.888  30.723370     31.458      7.320   294.2146     2.5799     1.7630     0.0219     -0.000     -0.072     -0.104        582 6.4561e+02 0.0000e+00
     -0.077    23.7852     8.0519     95.021  30.721632     31.466      7.319   293.6846     2.5920     1.7899     0.0219     -0.001     -0.073     -0.107        583 6.4619e+02 0.0000e+00
     -0.076    23.7650     8.0592     95.102  30.776308     31.529      7.317   293.9875     2.5314     1.7630     0.0219     -0.002     -0.073     -0.107        584 6.4783e+02 0.0000e+00
     -0.073    23.7447     8.0750     95.283  30.773936     31.539      7.315   293.7982     2.5597     1.7899     0.0219     -0.002     -0.073     -0.106        585 6.4849e+02 0.0000e+00
     -0.073    23.7248     8.0996     95.563  30.783891     31.553      7.316   293.9875     2.5394     1.6825     0.0219     -0.001     -0.073     -0.106        586 6.5015e+02 0.0000e+00
     -0.075    23.7104     8.1425     96.046  30.882531     31.680      7.312   294.0632     2.5030     1.7362     0.0220     -0.001     -0.074     -0.107        587 6.5132e+02 0.0000e+00
     -0.076    23.7057     8.1825     96.500  30.888396     31.693      7.310   294.4418     2.5839     1.8302     0.0220     -0.002     -0.074     -0.107        588 6.4899e+02 0.0000e+00
     -0.076    23.7001     8.2194     96.923  30.835901     31.645      7.306   294.7825     2.5880     1.7630     0.0219     -0.002     -0.074     -0.107        589 6.4915e+02 0.0000e+00
     -0.074    23.6859     8.2463     97.224  30.888564     31.706      7.303   294.1010     2.5677     1.7496     0.0220     -0.001     -0.073     -0.105        590 6.5052e+02 0.0000e+00
     -0.072    23.6659     8.2367     97.095  30.941465     31.767      7.298   294.2903     2.5839     1.6959     0.0220      0.001     -0.072     -0.104        591 6.4759e+02 0.0000e+00
     -0.073    23.6484     8.2120     96.800  30.977627     31.805      7.301   294.7068     2.5314     1.6959     0.0220      0.001     -0.073     -0.106        592 6.4666e+02 0.0000e+00
     -0.077    23.6403     8.1754     96.374  31.021474     31.875      7.296   294.4418     2.5516     1.7362     0.0220     -0.000     -0.075     -0.109        593 6.4867e+02 0.0000e+00
     -0.078    23.6377     8.1413     95.979  30.975860     31.830      7.296   294.5553     2.5435     1.8705     0.0220     -0.001     -0.075     -0.109        594 6.5152e+02 0.0000e+00
     -0.074    23.6349     8.1074     95.600  30.886144     31.748      7.293   293.9118     2.5111     1.6959     0.0220     -0.000     -0.073     -0.106        595 6.5002e+02 0.0000e+00
