Data/DataNotYetUploadedToEDI/Raw_CTD/2018_RawDownloads/052818_fcr45.cnv
* Sea-Bird SBE19plus  Data File:
* FileName = C:\DATA\052818_fcr_0004.hex
* Software version 2.6.3.104
* Temperature SN = 7809
* Conductivity SN = 7809
* System UpLoad Time = May 28 2018 15:48:25
* <ApplicationData>
* <Seaterm232>
# nquan = 17
# nvalues = 1056                        
# units = specified
# name 0 = depFM: Depth [fresh water, m]
# name 1 = tv290C: Temperature [ITS-90, deg C]
# name 2 = sbeox0Mg/L: Oxygen, SBE 43 [mg/l]
# name 3 = sbeox0PS: Oxygen, SBE 43 [% saturation]
# name 4 = c0uS/cm: Conductivity [uS/cm]
# name 5 = specc: Specific Conductance [uS/cm]
# name 6 = ph: pH
# name 7 = orp: Oxidation Reduction Potential [mV]
# name 8 = flECO-AFL: Fluorescence, WET Labs ECO-AFL/FL [mg/m^3]
# name 9 = turbWETntu0: Turbidity, WET Labs ECO [NTU]
# name 10 = sal00: Salinity, Practical [PSU]
# name 11 = dz/dtM: Descent Rate [m/s]
# name 12 = prdM: Pressure, Strain Gauge [db]
# name 13 = prdE: Pressure, Strain Gauge [psi]
# name 14 = scan: Scan Count
# name 15 = par/sat/log: PAR/Logarithmic, Satlantic
# name 16 = flag:  0.000e+00
# span 0 =     -0.564,      7.407       
# span 1 =     9.8454,    24.2279       
# span 2 =     4.0858,    10.5112       
# span 3 =     37.183,    116.427       
# span 4 =   0.581555,  32.190243       
# span 5 =      0.593,     40.833       
# span 6 =      5.644,      7.558       
# span 7 =   246.2873,  1240.2295       
# span 8 =    -0.2143,     4.9899       
# span 9 =    -0.2914,     8.4501       
# span 10 =     0.0110,     0.0225      
# span 11 =     -0.358,      0.324      
# span 12 =     -0.552,      7.264      
# span 13 =     -0.801,     10.535      
# span 14 =          1,       1056      
# span 15 = 4.3588e-01, 7.5580e+02      
# span 16 = 0.0000e+00, 0.0000e+00      
# interval = seconds: 0.25
# start_time = May 28 2018 16:43:56 [Instrument's time stamp, header]
# bad_flag = -9.990e-29
*END*
[from data line 1022]
      6.964     9.8986     7.5551     66.760  28.248328     40.464      6.355   347.0255     1.0231     1.4676     0.0206      0.054      6.829      9.905       1023 6.2614e-01 0.0000e+00
      6.977     9.8999     7.5541     66.757  28.218735     40.456      6.353   347.4798     1.0514     1.5348     0.0206      0.052      6.842      9.924       1024 5.8197e-01 0.0000e+00
      6.991     9.8987     7.5481     66.714  28.200967     40.371      6.353   347.3662     1.1646     1.4408     0.0206      0.052      6.856      9.944       1025 5.9471e-01 0.0000e+00
      7.004     9.8952     7.5419     66.665  28.270439     40.529      6.358   347.4798     1.1848     1.5348     0.0207      0.053      6.869      9.963       1026 5.9637e-01 0.0000e+00
      7.018     9.8926     7.5244     66.506  28.250871     40.451      6.355   347.1012     1.1565     1.4542     0.0206      0.053      6.882      9.983       1027 5.7472e-01 0.0000e+00
      7.033     9.8916     7.5124     66.389  28.225319     40.455      6.357   347.1012     1.1484     1.4676     0.0206      0.053      6.897     10.004       1028 5.9549e-01 0.0000e+00
      7.049     9.8897     7.5109     66.364  28.242944     40.458      6.359   346.9876     1.2980     1.5750     0.0206      0.055      6.913     10.027       1029 6.0339e-01 0.0000e+00
      7.066     9.8873     7.5116     66.361  28.228939     40.459      6.360   346.9119     1.3061     1.5079     0.0206      0.056      6.928     10.049       1030 5.5492e-01 0.0000e+00
      7.080     9.8858     7.5005     66.257  28.242747     40.461      6.361   347.1012     1.3021     1.5079     0.0206      0.058      6.942     10.069       1031 5.5419e-01 0.0000e+00
      7.092     9.8851     7.5004     66.245  28.225759     40.464      6.361   347.0633     1.2859     1.5616     0.0206      0.058      6.954     10.085       1032 5.8853e-01 0.0000e+00
      7.100     9.8868     7.5132     66.351  28.250082     40.466      6.361   347.3283     1.3142     1.6153     0.0206      0.056      6.963     10.098       1033 5.6589e-01 0.0000e+00
      7.108     9.8907     7.5178     66.383  28.271778     40.547      6.361   347.4798     1.3183     1.6690     0.0207      0.053      6.973     10.113       1034 5.4313e-01 0.0000e+00
      7.123     9.8963     7.5073     66.282  28.198759     40.384      6.362   347.0633     1.3142     1.4408     0.0206      0.051      6.986     10.132       1035 5.4402e-01 0.0000e+00
      7.140     9.9004     7.4923     66.148  28.222357     40.460      6.363   346.9119     1.2778     1.5079     0.0206      0.049      7.003     10.157       1036 5.6160e-01 0.0000e+00
      7.160     9.8978     7.4806     66.045  28.242409     40.453      6.360   347.5555     1.3061     1.5885     0.0206      0.050      7.023     10.186       1037 5.6303e-01 0.0000e+00
      7.184     9.8908     7.4715     65.961  28.233100     40.449      6.362   347.3283     1.3061     1.5885     0.0206      0.054      7.044     10.218       1038 5.0912e-01 0.0000e+00
      7.206     9.8832     7.4587     65.847  28.233941     40.452      6.360   347.4419     1.2980     1.5616     0.0206      0.061      7.069     10.253       1039 4.8768e-01 0.0000e+00
      7.238     9.8779     7.4236     65.534  28.241363     40.460      6.360   347.7069     1.3142     1.5348     0.0206      0.071      7.099     10.297       1040 5.0129e-01 0.0000e+00
      7.275     9.8731     7.3908     65.245  28.283163     40.549      6.353   348.1233     1.3142     1.4676     0.0207      0.085      7.131     10.342       1041 5.1152e-01 0.0000e+00
      7.301     9.8672     7.3559     64.943  28.300519     40.555      6.347   347.9719     1.3061     1.6019     0.0207      0.096      7.157     10.380       1042 4.7855e-01 0.0000e+00
      7.319     9.8622     7.3315     64.730  28.338361     40.640      6.344   348.0476     1.3102     1.5885     0.0207      0.101      7.176     10.409       1043 4.5403e-01 0.0000e+00
      7.335     9.8565     7.3030     64.487  28.354666     40.648      6.343   347.6312     1.2819     1.5213     0.0207      0.102      7.191     10.429       1044 4.6319e-01 0.0000e+00
      7.344     9.8512 -9.990e-29 -9.990e-29  28.398826     40.733      6.340   347.4798     1.2859     1.5348     0.0207      0.097      7.201     10.443       1045 4.7052e-01 0.0000e+00
      7.349     9.8501 -9.990e-29 -9.990e-29  28.402001     40.740      6.340   347.4798     1.4113     1.5616     0.0207      0.086      7.207     10.453       1046 4.6626e-01 0.0000e+00
      7.354     9.8500 -9.990e-29 -9.990e-29  28.410013     40.747      6.343   347.4041     1.4436     1.6019     0.0207      0.072      7.213     10.462       1047 4.4196e-01 0.0000e+00
      7.361     9.8481 -9.990e-29 -9.990e-29  28.448154     40.828      6.343   347.3283     1.4598     1.4676     0.0208      0.056      7.220     10.472       1048 4.7911e-01 0.0000e+00
      7.372     9.8474 -9.990e-29 -9.990e-29  28.413833     40.748      6.342   346.9876     1.4234     1.4945     0.0207      0.043      7.230     10.486       1049 4.7336e-01 0.0000e+00
      7.384     9.8454 -9.990e-29 -9.990e-29  28.393428     40.750      6.344   346.8740     1.6458     1.5348     0.0207      0.036      7.240     10.501       1050 4.3588e-01 0.0000e+00
      7.393     9.8460 -9.990e-29 -9.990e-29  28.414250     40.751      6.344   347.0255     1.6256     1.5482     0.0207      0.033      7.249     10.513       1051 4.6318e-01 0.0000e+00
      7.398     9.8491 -9.990e-29 -9.990e-29  28.447218     40.833      6.346   346.4955     1.6377     1.5616     0.0208      0.032      7.255     10.522       1052 4.6661e-01 0.0000e+00
      7.402     9.8525 -9.990e-29 -9.990e-29  28.470995     40.833      6.343   346.3062     1.6498     1.4945     0.0208      0.031      7.259     10.528       1053 4.5904e-01 0.0000e+00
      7.406     9.8560 -9.990e-29 -9.990e-29  28.443957     40.828      6.344   346.1926     1.4840     1.5616     0.0208      0.030      7.262     10.532       1054 4.6139e-01 0.0000e+00
      7.407 -9.990e-29 -9.990e-29 -9.990e-29  28.421569     40.746      6.347   346.5712     1.4962     1.5482     0.0207      0.027      7.264     10.535       1055 4.6383e-01 0.0000e+00
      7.407 -9.990e-29 -9.990e-29 -9.990e-29  28.439558     40.820      6.349   346.2683     1.5043     1.5885     0.0208      0.022      7.264     10.535       1056 4.6811e-01 0.0000e+00
