Data/DataNotYetUploadedToEDI/Raw_CTD/2018_RawDownloads/052818_fcr30.cnv
* Sea-Bird SBE19plus  Data File:
* FileName = C:\DATA\052818_fcr_0003.hex
* Software version 2.6.3.104
* Temperature SN = 7809
* Conductivity SN = 7809
* System UpLoad Time = May 28 2018 15:47:54
* <ApplicationData>
* <Seaterm232>
# nquan = 17
# nvalues = 739                         
# units = specified
# name 0 = depFM: Depth [fresh water, m]
# name 1 = tv290C: Temperature [ITS-90, deg C]
# name 2 = sbeox0Mg/L: Oxygen, SBE 43 [mg/l]
# name 3 = sbeox0PS: Oxygen, SBE 43 [% saturation]
# name 4 = c0uS/cm: Conductivity [uS/cm]
# name 5 = specc: Specific Conductance [uS/cm]
# name 6 = ph: pH
# name 7 = orp: Oxidation Reduction Potential [mV]
# name 8 = flECO-AFL: Fluorescence, WET Labs ECO-AFL/FL [mg/m^3]
# name 9 = turbWETntu0: Turbidity, WET Labs ECO [NTU]
# name 10 = sal00: Salinity, Practical [PSU]
# name 11 = dz/dtM: Descent Rate [m/s]
# name 12 = prdM: Pressure, Strain Gauge [db]
# name 13 = prdE: Pressure, Strain Gauge [psi]
# name 14 = scan: Scan Count
# name 15 = par/sat/log: PAR/Logarithmic, Satlantic
# name 16 = flag:  0.000e+00
# span 0 =     -0.563,      5.503       
# span 1 =     9.9046,    24.2733       
# span 2 =     2.7566,     9.6652       
# span 3 =     24.952,    106.108       
# span 4 =  -0.372347,  31.488471       
# span 5 =      0.322,     42.536       
# span 6 =      5.764,      7.562       
# span 7 =   159.9728,  1240.2295       
# span 8 =    -0.1860,     3.7970       
# span 9 =    -0.4660,    41.7917       
# span 10 =     0.0114,     0.0222      
# span 11 =     -0.091,      0.205      
# span 12 =     -0.551,      5.395      
# span 13 =     -0.800,      7.826      
# span 14 =          1,        739      
# span 15 = 2.2002e+00, 1.1516e+03      
# span 16 = 0.0000e+00, 0.0000e+00      
# interval = seconds: 0.25
# start_time = May 28 2018 16:19:59 [Instrument's time stamp, header]
# bad_flag = -9.990e-29
*END*
[from data line 511]
      1.814    18.2494     8.8445     92.832  28.275778     32.653      6.983   291.1103     3.4412     3.3744     0.0207      0.062      1.780      2.581        512 9.7941e+01 0.0000e+00
      1.828    18.2249     8.8360     92.598  28.246588     32.618      6.982   290.9210     3.4210     3.2670     0.0207      0.060      1.794      2.601        513 9.6372e+01 0.0000e+00
      1.844    18.1623     8.8180     92.289  28.226271     32.639      6.978   291.1860     3.4493     3.4012     0.0207      0.057      1.809      2.623        514 9.4473e+01 0.0000e+00
      1.861    18.0826     8.7926     91.923  28.182482     32.592      6.974   291.6025     3.4331     3.2535     0.0206      0.054      1.825      2.648        515 9.2777e+01 0.0000e+00
      1.880    18.0447     8.7476     91.373  28.123212     32.574      6.973   291.7160     3.4048     3.3744     0.0206      0.054      1.843      2.674        516 9.0588e+01 0.0000e+00
      1.899    18.0096     8.7082     90.922  28.122170     32.637      6.964   292.2082     3.4937     3.5892     0.0206      0.057      1.861      2.699        517 8.9049e+01 0.0000e+00
      1.913    17.9444     8.6506     90.315  28.035567     32.566      6.957   292.1703     3.5059     3.4952     0.0206      0.061      1.877      2.721        518 8.7843e+01 0.0000e+00
      1.927    17.8801     8.5817     89.564  28.053122     32.593      6.957   292.3596     3.5301     3.5624     0.0206      0.063      1.892      2.744        519 8.5719e+01 0.0000e+00
      1.950    17.8285     8.4934     88.598  28.100339     32.740      6.953   292.3596     3.5423     3.6027     0.0206      0.066      1.912      2.773        520 8.3211e+01 0.0000e+00
      1.973    17.7663     8.4069     87.668  28.006476     32.627      6.948   292.6246     3.6150     3.4550     0.0205      0.069      1.932      2.802        521 8.1536e+01 0.0000e+00
      1.988    17.6856     8.3269     86.823  28.021721     32.731      6.945   292.7382     3.6231     3.5758     0.0206      0.070      1.948      2.826        522 8.0457e+01 0.0000e+00
      2.000    17.6095     8.2618     86.098  27.992448     32.713      6.941   292.7382     3.6676     3.4952     0.0205      0.069      1.961      2.844        523 7.9235e+01 0.0000e+00
      2.011    17.5467     8.2024     85.425  27.924341     32.710      6.939   292.3975     3.6231     3.5624     0.0205      0.067      1.973      2.861        524 7.7994e+01 0.0000e+00
      2.023    17.4940     8.1579     84.893  27.928625     32.768      6.937   293.0410     3.7364     3.7504     0.0205      0.064      1.983      2.876        525 7.7064e+01 0.0000e+00
      2.032    17.4518     8.1227     84.456  27.927852     32.817      6.935   293.0789     3.7485     3.8578     0.0205      0.060      1.991      2.889        526 7.6480e+01 0.0000e+00
      2.038    17.4315     8.0917     84.054  27.866032     32.792      6.930   293.5710     3.7525     3.8712     0.0205      0.053      1.999      2.899        527 7.5861e+01 0.0000e+00
      2.046    17.4270     8.0758     83.779  27.827695     32.758      6.928   293.0789     3.7970     3.7638     0.0204      0.045      2.009      2.914        528 7.4991e+01 0.0000e+00
      2.062    17.4112     8.0596     83.491  27.856988     32.840      6.928   293.3060     3.6919     3.7235     0.0205      0.041      2.023      2.934        529 7.3493e+01 0.0000e+00
      2.081    17.3860     8.0362     83.150  27.829586     32.777      6.923   293.7225     3.6919     3.8041     0.0204      0.042      2.038      2.956        530 7.2221e+01 0.0000e+00
      2.092    17.3724     8.0062     82.768  27.802507     32.790      6.916   293.6468     3.7040     3.7235     0.0204      0.044      2.050      2.974        531 7.1758e+01 0.0000e+00
      2.100    17.3640     7.9662     82.318  27.831399     32.809      6.904   294.4418     3.7000     3.7504     0.0204      0.045      2.060      2.989        532 7.0822e+01 0.0000e+00
      2.112    17.3401     7.9124     81.751  27.852932     32.886      6.903   294.1010     3.7000     3.6967     0.0205      0.046      2.073      3.006        533 6.9554e+01 0.0000e+00
      2.128    17.3084     7.8181     80.773  27.775715     32.759      6.904   294.2146     3.6676     3.8041     0.0204      0.049      2.089      3.030        534 6.7945e+01 0.0000e+00
      2.150    17.2710     7.7686     80.236  27.749618     32.779      6.901   294.7068     3.6838     3.8712     0.0204      0.053      2.108      3.058        535 6.6151e+01 0.0000e+00
      2.170    17.2299     7.6880     79.398  27.766831     32.803      6.900   294.7068     3.7202     3.7369     0.0204      0.057      2.126      3.084        536 6.5129e+01 0.0000e+00
      2.183    17.1841     7.6003     78.520  27.754306     32.833      6.891   294.8582     3.7283     3.7772     0.0204      0.059      2.141      3.105        537 6.4105e+01 0.0000e+00
      2.196    17.1214     7.5154     77.642  27.765219     32.864      6.890   295.0853     3.6312     3.6967     0.0204      0.060      2.153      3.124        538 6.3321e+01 0.0000e+00
      2.208    17.0536     7.4503     76.940  27.753266     32.900      6.885   295.0853     3.6231     3.7504     0.0204      0.061      2.165      3.142        539 6.2511e+01 0.0000e+00
      2.221    16.9962     7.3928     76.303  27.709906     32.882      6.880   294.8582     3.6514     3.8175     0.0204      0.062      2.178      3.160        540 6.1434e+01 0.0000e+00
      2.236    16.9551     7.3514     75.756  27.700615     32.936      6.875   295.3503     3.6393     3.7235     0.0204      0.060      2.192      3.180        541 6.0600e+01 0.0000e+00
      2.249    16.9329     7.3346     75.486  27.705560     32.981      6.873   295.6153     3.6434     3.9249     0.0204      0.057      2.205      3.198        542 5.9772e+01 0.0000e+00
      2.260    16.9270     7.3106     75.141  27.644481     32.947      6.870   295.3125     3.6555     3.9786     0.0203      0.053      2.216      3.213        543 5.9170e+01 0.0000e+00
      2.268    16.9237     7.3083     74.994  27.658054     32.964      6.862   295.6153     3.5948     3.9249     0.0203      0.049      2.225      3.227        544 5.8655e+01 0.0000e+00
      2.278    16.9101     7.3051     74.861  27.688677     33.036      6.861   295.8803     3.6191     4.0592     0.0204      0.047      2.235      3.241        545 5.7954e+01 0.0000e+00
      2.289    16.9066     7.2856     74.620  27.665670     32.970      6.858   295.9182     3.5908     3.7772     0.0203      0.046      2.246      3.257        546 5.7009e+01 0.0000e+00
      2.303    16.9228     7.2403     74.157  27.686689     33.049      6.854   296.1832     3.5706     3.8041     0.0204      0.045      2.257      3.274        547 5.6276e+01 0.0000e+00
      2.313    16.9210     7.1925     73.674  27.662521     32.985      6.845   296.6375     3.5665     3.7504     0.0203      0.044      2.268      3.289        548 5.5887e+01 0.0000e+00
      2.321    16.9052     7.1187     72.899  27.695745     33.038      6.837   296.5996     3.5827     3.7504     0.0204      0.042      2.278      3.304        549 5.5189e+01 0.0000e+00
      2.336    16.8740     7.0443     72.106  27.704634     33.039      6.831   296.9782     3.3724     4.2069     0.0204      0.042      2.292      3.324        550 5.3799e+01 0.0000e+00
      2.354    16.8041     6.9670     71.277  27.651461     32.987      6.827   297.6596     3.3522     4.1532     0.0203      0.045      2.307      3.347        551 5.2995e+01 0.0000e+00
      2.367    16.7394     6.8973     70.519  27.643337     33.008      6.822   297.2810     3.4048     4.1935     0.0203      0.048      2.322      3.369        552 5.2335e+01 0.0000e+00
      2.384    16.6780     6.8357     69.807  27.655464     33.067      6.816   297.4703     3.3724     4.1935     0.0203      0.051      2.341      3.396        553 5.0595e+01 0.0000e+00
      2.414    16.5994     6.7847     69.210  27.636393     33.116      6.809   298.2653     3.3765     4.2069     0.0203      0.058      2.365      3.430        554 4.9285e+01 0.0000e+00
      2.434    16.5376     6.7505     68.779  27.578156     33.065      6.798   298.1896     3.3805     4.1935     0.0203      0.065      2.386      3.460        555 4.8466e+01 0.0000e+00
      2.450    16.5105     6.7236     68.413  27.639023     33.228      6.789   298.4546     3.3684     4.1801     0.0203      0.070      2.402      3.484        556 4.7752e+01 0.0000e+00
      2.464    16.5110     6.6935     68.024  27.649612     33.279      6.785   298.2653     3.3724     4.2338     0.0203      0.073      2.416      3.504        557 4.7125e+01 0.0000e+00
      2.476    16.5140     6.6695     67.717  27.653941     33.300      6.777   298.4546     3.3967     4.2203     0.0203      0.072      2.427      3.521        558 4.6391e+01 0.0000e+00
      2.486    16.5027     6.6414     67.345  27.692940     33.367      6.773   299.0603     2.9438     4.2741     0.0204      0.069      2.437      3.535        559 4.5828e+01 0.0000e+00
      2.494    16.4812     6.6010     66.803  27.660375     33.296      6.765   299.4389     2.9276     4.1264     0.0203      0.063      2.446      3.547        560 4.5290e+01 0.0000e+00
      2.502    16.4578     6.5419     66.050  27.694468     33.373      6.756   299.4768     2.8953     4.2203     0.0204      0.055      2.453      3.558        561 4.4964e+01 0.0000e+00
      2.507    16.4245     6.4638     65.149  27.709810     33.390      6.751   299.8553     2.8993     4.1398     0.0204      0.045      2.459      3.567        562 4.4740e+01 0.0000e+00
      2.514    16.3717     6.3715     64.153  27.700585     33.410      6.746   299.7418     2.7982     4.2338     0.0203      0.038      2.466      3.577        563 4.4143e+01 0.0000e+00
      2.524    16.3177     6.2850     63.212  27.705959     33.435      6.742   300.1582     2.8225     4.1532     0.0203      0.034      2.475      3.589        564 4.3508e+01 0.0000e+00
      2.533    16.2625     6.2069     62.385  27.762429     33.547      6.739   300.8018     2.7901     4.1264     0.0204      0.032      2.484      3.602        565 4.3289e+01 0.0000e+00
      2.541    16.1984     6.1414     61.665  27.867502     33.725      6.732   300.6503     2.7901     4.1801     0.0204      0.031      2.493      3.615        566 4.2840e+01 0.0000e+00
      2.551    16.1420     6.0782     60.965  27.871690     33.771      6.726   301.2939     2.6122     4.2069     0.0204      0.031      2.503      3.630        567 4.2089e+01 0.0000e+00
      2.564    16.0968     6.0345     60.475  27.875830     33.823      6.716   301.3696     2.6163     4.2069     0.0204      0.033      2.516      3.649        568 4.1418e+01 0.0000e+00
      2.581    16.0358     6.0081     60.159  27.921667     33.938      6.712   301.2939     2.6001     4.3009     0.0205      0.038      2.534      3.675        569 4.0204e+01 0.0000e+00
      2.608    15.9424     5.9846     59.862  27.933255     33.974      6.702   301.7861     2.5880     4.1801     0.0205      0.046      2.557      3.709        570 3.8784e+01 0.0000e+00
      2.634    15.8335     5.9643     59.584  28.039314     34.161      6.689   302.2403     2.4100     4.2338     0.0205      0.056      2.580      3.742        571 3.8087e+01 0.0000e+00
      2.650    15.7537     5.9396     59.267  28.175123     34.410      6.681   302.2403     2.4181     4.2069     0.0206      0.063      2.598      3.767        572 3.7546e+01 0.0000e+00
      2.663    15.7025     5.9105     58.895  28.238640     34.570      6.676   302.5054     2.4060     4.1801     0.0206      0.069      2.610      3.786        573 3.7038e+01 0.0000e+00
      2.673    15.6543     5.8567     58.272  28.345726     34.776      6.666   303.1868     2.4222     4.1532     0.0207      0.071      2.619      3.799        574 3.6982e+01 0.0000e+00
      2.677    15.6196     5.8018     57.650  28.338365     34.817      6.659   303.4896     2.3858     4.1532     0.0207      0.068      2.626      3.809        575 3.6766e+01 0.0000e+00
      2.685    15.5750     5.7266     56.844  28.307119     34.793      6.653   303.6411     2.2402     4.0189     0.0206      0.061      2.633      3.819        576 3.6407e+01 0.0000e+00
      2.693    15.5239     5.6529     56.044  28.384629     34.957      6.647   303.7168     2.2362     4.0324     0.0207      0.052      2.641      3.830        577 3.6071e+01 0.0000e+00
      2.702    15.4841     5.5744     55.201  28.479105     35.066      6.642   304.2468     2.2200     3.9652     0.0207      0.042      2.650      3.844        578 3.5680e+01 0.0000e+00
      2.715    15.4442     5.4813     54.233  28.604637     35.317      6.641   304.5875     2.2159     3.8578     0.0208      0.036      2.662      3.861        579 3.5199e+01 0.0000e+00
      2.728    15.3951     5.3922     53.311  28.613853     35.317      6.632   304.8146     2.0582     4.0324     0.0208      0.035      2.676      3.881        580 3.4526e+01 0.0000e+00
      2.744    15.3380     5.3250     52.599  28.704841     35.490      6.628   304.8146     2.0663     3.9249     0.0208      0.038      2.692      3.904        581 3.3961e+01 0.0000e+00
      2.762    15.2820     5.2853     52.173  28.817555     35.671      6.629   304.3604     2.1068     3.9786     0.0209      0.043      2.710      3.931        582 3.3316e+01 0.0000e+00
      2.785    15.2180     5.2506     51.848  28.770086     35.653      6.625   304.7389     2.0866     3.9249     0.0209      0.052      2.732      3.962        583 3.2281e+01 0.0000e+00
      2.811    15.1482     5.2392     51.769  28.823233     35.771      6.621   304.9282     1.8925     3.9786     0.0209      0.061      2.756      3.996        584 3.1503e+01 0.0000e+00
      2.833    15.0884     5.2423     51.763  28.929331     35.968      6.621   305.1175     1.8844     3.9921     0.0210      0.069      2.778      4.028        585 3.0940e+01 0.0000e+00
      2.853    15.0385     5.2709     51.982  28.934563     36.030      6.615   305.4961     1.9127     3.9786     0.0210      0.076      2.798      4.057        586 3.0300e+01 0.0000e+00
      2.872    14.9836     5.3042     52.253  28.935342     36.084      6.614   305.4582     1.8965     4.0592     0.0210      0.080      2.815      4.082        587 2.9879e+01 0.0000e+00
      2.885    14.9294     5.3346     52.493  28.928385     36.128      6.606   305.7611     1.6822     3.3207     0.0210      0.081      2.830      4.103        588 2.9539e+01 0.0000e+00
      2.898    14.8900     5.3605     52.708  28.883947     36.109      6.605   306.0261     1.7024     3.4550     0.0209      0.079      2.842      4.122        589 2.9138e+01 0.0000e+00
      2.911    14.8542     5.3852     52.902  28.872071     36.158      6.600   306.1396     1.6741     3.3475     0.0209      0.074      2.855      4.142        590 2.8622e+01 0.0000e+00
      2.926    14.8131     5.4140     53.106  28.883886     36.193      6.598   306.0639     1.6862     3.2535     0.0209      0.067      2.867      4.159        591 2.8406e+01 0.0000e+00
      2.932    14.7839     5.4363     53.209  28.928556     36.296      6.598   306.1775     1.5609     3.0790     0.0210      0.059      2.874      4.169        592 2.8425e+01 0.0000e+00
      2.934    14.8002     5.4400     53.146  28.935090     36.334      6.596   306.2532     1.5730     3.1864     0.0210      0.051      2.878      4.174        593 2.8296e+01 0.0000e+00
      2.939    14.8262     5.4309     53.009  28.875771     36.291      6.595   306.1396     1.5771     3.2267     0.0209      0.043      2.883      4.183        594 2.7987e+01 0.0000e+00
      2.949    14.7957     5.4250     52.908  28.883791     36.276      6.597   306.0639     1.5771     3.1327     0.0209      0.037      2.893      4.197        595 2.7592e+01 0.0000e+00
