Data/DataNotYetUploadedToEDI/Raw_CTD/2018_RawDownloads/053018_ccr50.cnv
* Sea-Bird SBE19plus  Data File:
* FileName = C:\DATA\053018_ccr50_0001.hex
* Software version 2.6.3.104
* Temperature SN = 7809
* Conductivity SN = 7809
* System UpLoad Time = May 30 2018 14:41:11
* <ApplicationData>
* <Seaterm232>
# nquan = 17
# nvalues = 1382                        
# units = specified
# name 0 = depFM: Depth [fresh water, m]
# name 1 = tv290C: Temperature [ITS-90, deg C]
# name 2 = sbeox0Mg/L: Oxygen, SBE 43 [mg/l]
# name 3 = sbeox0PS: Oxygen, SBE 43 [% saturation]
# name 4 = c0uS/cm: Conductivity [uS/cm]
# name 5 = specc: Specific Conductance [uS/cm]
# name 6 = ph: pH
# name 7 = orp: Oxidation Reduction Potential [mV]
# name 8 = flECO-AFL: Fluorescence, WET Labs ECO-AFL/FL [mg/m^3]
# name 9 = turbWETntu0: Turbidity, WET Labs ECO [NTU]
# name 10 = sal00: Salinity, Practical [PSU]
# name 11 = dz/dtM: Descent Rate [m/s]
# name 12 = prdM: Pressure, Strain Gauge [db]
# name 13 = prdE: Pressure, Strain Gauge [psi]
# name 14 = scan: Scan Count
# name 15 = par/sat/log: PAR/Logarithmic, Satlantic
# name 16 = flag:  0.000e+00
# span 0 =     -0.401,     21.248       
# span 1 =     9.3342,    24.4531       
# span 2 =     4.3085,    10.0703       
# span 3 =     37.612,    105.278       
# span 4 =  -0.565995,  93.303330       
# span 5 =      0.462,    133.300       
# span 6 =      5.608,      7.967       
# span 7 = -1240.7455,  1240.2295       
# span 8 =    -0.2102,     4.7998       
# span 9 =    -0.2914,     3.1998       
# span 10 =     0.0115,     0.0620      
# span 11 =     -0.152,      0.165      
# span 12 =     -0.393,     20.837      
# span 13 =     -0.570,     30.222      
# span 14 =          1,       1382      
# span 15 = 1.2370e-01, 3.1610e+02      
# span 16 = 0.0000e+00, 0.0000e+00      
# interval = seconds: 0.25
# start_time = May 30 2018 14:15:15 [Instrument's time stamp, header]
# bad_flag = -9.990e-29
*END*
     -0.400    24.1315     8.2706     98.509   0.500814      0.518      5.608 -1240.7455    -0.1779     0.1114     0.0116      0.000     -0.392     -0.569          1 2.3201e+02 0.0000e+00
     -0.400    24.1310     8.2672     98.471   0.464471      0.462      5.622 -1240.7455    -0.1698    -0.0095     0.0116     -0.000     -0.393     -0.569          2 2.4506e+02 0.0000e+00
     -0.401    24.1298     8.2677     98.480   0.500847      0.518      5.644 -1240.7455    -0.1860     0.0174     0.0116     -0.000     -0.393     -0.570          3 2.5623e+02 0.0000e+00
     -0.401    24.1292     8.2726     98.541   0.514759      0.518      5.670 -1240.7455    -0.1779     0.0308     0.0116     -0.000     -0.393     -0.570          4 2.6887e+02 0.0000e+00
     -0.400    24.1297     8.2706     98.520   0.506372      0.518      5.691 -1240.7455    -0.1860    -0.0900     0.0116     -0.000     -0.393     -0.570          5 2.7486e+02 0.0000e+00
     -0.401    24.1307     8.2672     98.481   0.511285      0.518      5.710 -1240.7455    -0.1981     0.0980     0.0116     -0.000     -0.393     -0.570          6 2.6447e+02 0.0000e+00
     -0.400    24.1316     8.2694     98.511   0.508645      0.518      5.708 -1240.7455    -0.2102     0.0711     0.0116     -0.000     -0.393     -0.570          7 2.4736e+02 0.0000e+00
     -0.401    24.1328     8.2682     98.499   0.509657      0.518      5.708 -1240.7455    -0.1860     0.0443     0.0116     -0.000     -0.393     -0.570          8 2.3809e+02 0.0000e+00
     -0.400    24.1345     8.2684     98.503   0.510025      0.518      5.702 -1240.7455    -0.1698    -0.2646     0.0116     -0.000     -0.393     -0.569          9 2.2836e+02 0.0000e+00
     -0.400    24.1359     8.2676     98.497   0.508186      0.518      5.719 -1240.7455    -0.1496    -0.2780     0.0116      0.000     -0.393     -0.569         10 2.2010e+02 0.0000e+00
     -0.400    24.1374     8.2624     98.488   0.511944      0.518      5.708 -1240.7455    -0.1819    -0.1706     0.0116      0.000     -0.393     -0.569         11 2.2101e+02 0.0000e+00
     -0.400    24.1392     8.2512     98.476   0.564559      0.575      5.709 -1240.7455    -0.1577    -0.1840     0.0116      0.000     -0.393     -0.569         12 2.1605e+02 0.0000e+00
     -0.401    24.1407     8.2454     98.504   0.501919      0.518      5.652 -1240.7455    -0.1860    -0.1437     0.0116      0.000     -0.393     -0.569         13 2.0808e+02 0.0000e+00
     -0.400    24.1421     8.2427     98.521   0.589898      0.575      5.661 -1240.7455    -0.2062    -0.2109     0.0116      0.000     -0.392     -0.568         14 2.0547e+02 0.0000e+00
     -0.400    24.1438     8.2424     98.544   0.514283      0.575      5.686 -1240.7455    -0.1941    -0.2243     0.0116      0.000     -0.392     -0.568         15 2.0962e+02 0.0000e+00
     -0.400    24.1452     8.2403     98.536   0.714447      0.632      5.687 -1240.7455    -0.1860    -0.2243     0.0115      0.000     -0.392     -0.568         16 2.0886e+02 0.0000e+00
     -0.400    24.1466     8.2391     98.536   0.400011      0.575      5.682 -1240.7455    -0.1860    -0.1974     0.0116      0.000     -0.392     -0.568         17 2.0738e+02 0.0000e+00
     -0.400    24.1478     8.2390     98.547   0.787166      0.518      5.677 -1240.7455    -0.1779    -0.2646     0.0116      0.000     -0.392     -0.568         18 2.1152e+02 0.0000e+00
     -0.400    24.1490     8.2380     98.530   0.114213      0.575      5.676 -1240.7455    -0.2021    -0.2512     0.0116      0.000     -0.392     -0.568         19 2.1719e+02 0.0000e+00
     -0.400    24.1498     8.2382     98.534   1.296703      0.575      5.671 -1240.7455    -0.1738    -0.1974     0.0116      0.000     -0.391     -0.567         20 2.3145e+02 0.0000e+00
     -0.400    24.1788     8.2372     98.554  -0.565995      0.632      5.675 -1240.7455    -0.2021    -0.1706     0.0116      0.000     -0.386     -0.561         21 2.4819e+02 0.0000e+00
     -0.383    24.2432     8.2330     98.546  13.596762     11.220      6.144 -1240.7455    -0.2021    -0.2377     0.0143      0.004     -0.369     -0.536         22 2.6479e+02 0.0000e+00
     -0.345    24.2943     8.2321     98.567  24.759315     29.357      6.389 -1240.7455    -0.1900    -0.2243     0.0212      0.018     -0.346     -0.502         23 2.6712e+02 0.0000e+00
     -0.337    24.3203     8.2391     98.670  19.168849     14.685      6.538  1240.2295    -0.2021    -0.1840     0.0155      0.029     -0.331     -0.481         24 2.6443e+02 0.0000e+00
     -0.331    24.3356     8.2509     98.821  39.471890     43.886      6.707  1240.2295    -0.1860    -0.2914     0.0271      0.038     -0.321     -0.466         25 2.8626e+02 0.0000e+00
     -0.313    24.3447     8.2631     98.977  47.796320     46.214      6.913   304.0196    -0.1860    -0.1974     0.0281      0.048     -0.310     -0.450         26 2.9789e+02 0.0000e+00
     -0.307    24.3504     8.2623     98.973  44.301572     46.201      7.028   584.9962    -0.1496    -0.1840     0.0281      0.053     -0.302     -0.439         27 2.9412e+02 0.0000e+00
     -0.306    24.3525     8.2152     98.411  46.283707     46.192      7.109   278.5417    -0.1698    -0.1303     0.0281      0.053     -0.293     -0.425         28 2.9583e+02 0.0000e+00
     -0.281    24.3501     8.1126     97.183  62.516842     62.595      7.229   267.1845    -0.1779    -0.2377     0.0351      0.053     -0.270     -0.391         29 2.9582e+02 0.0000e+00
     -0.239    24.3513     7.9716     95.494  89.559035     92.267      7.359   268.3960    -0.1900    -0.2377     0.0481      0.056     -0.230     -0.334         30 2.9877e+02 0.0000e+00
     -0.184    24.3681     7.8029     93.473  92.373638     92.641      7.474   264.5724    -0.1941    -0.2243     0.0483      0.068     -0.181     -0.262         31 3.0707e+02 0.0000e+00
     -0.129    24.3913     7.6003     91.046  91.258760     93.009      7.567   267.0710    -0.1860    -0.1840     0.0485      0.095     -0.131     -0.190         32 3.0323e+02 0.0000e+00
     -0.087    24.4088     7.3956     88.592  92.701149     93.544      7.635   270.0238    -0.1779    -0.1437     0.0487      0.121     -0.087     -0.127         33 2.9066e+02 0.0000e+00
     -0.051    24.4190     7.1920     86.151  92.452260     93.784      7.614   270.2131     0.5419     1.7630     0.0488      0.141     -0.052     -0.075         34 2.7707e+02 0.0000e+00
     -0.021    24.4249     7.0247     84.146  92.936565     93.921      7.624   266.8438     0.5257     1.7630     0.0489      0.157     -0.020     -0.029         35 2.4580e+02 0.0000e+00
      0.012    24.4296     6.8889     82.521  92.693248     93.844      7.657   266.3138     0.5378     1.7899     0.0488      0.165      0.012      0.018         36 2.2056e+02 0.0000e+00
      0.047    24.4328     6.7962     81.411  92.814534     93.833      7.688   268.4717     0.5338     1.7228     0.0488      0.161      0.045      0.065         37 2.1040e+02 0.0000e+00
      0.079    24.4343     6.7708     81.109  92.785622     93.881      7.713   269.0774     1.3385     0.4337     0.0489      0.151      0.075      0.108         38 2.1031e+02 0.0000e+00
      0.102    24.4348     6.7856     81.287  92.788708     93.818      7.728   269.1153     1.3385     0.4068     0.0488      0.137      0.096      0.139         39 2.1802e+02 0.0000e+00
      0.112    24.4349     6.8244     81.751  92.691721     93.759      7.740   267.8281     1.3506     0.4471     0.0488      0.122      0.109      0.159         40 2.1388e+02 0.0000e+00
      0.124    24.4350     6.8611     82.191  92.668384     93.701      7.740   269.4560     1.3385     0.4337     0.0488      0.107      0.118      0.172         41 2.1257e+02 0.0000e+00
      0.125    24.4344     6.8956     82.604  92.579817     93.644      7.737   270.0238     1.5083     0.4337     0.0488      0.091      0.122      0.177         42 2.1774e+02 0.0000e+00
      0.126    24.4332     6.9150     82.836  92.623493     93.644      7.737   270.0238     1.4719     0.4068     0.0488      0.073      0.125      0.181         43 2.2017e+02 0.0000e+00
      0.132    24.4323     6.9230     82.933  92.792482     93.872      7.745   270.7810     1.4800     0.4605     0.0489      0.054      0.130      0.188         44 2.1951e+02 0.0000e+00
      0.138    24.4321     6.9070     82.741  92.785897     93.817      7.756   270.8188     1.4719     0.3665     0.0488      0.038      0.135      0.197         45 2.1669e+02 0.0000e+00
      0.145    24.4325     6.8578     82.151  92.810140     93.876      7.772   271.8031     1.4800     0.4337     0.0489      0.027      0.140      0.204         46 2.1513e+02 0.0000e+00
      0.145    24.4333     6.8129     81.615  92.821799     93.876      7.780   271.8788     1.4962     0.4337     0.0489      0.020      0.142      0.207         47 2.1317e+02 0.0000e+00
      0.145    24.4342     6.7531     80.898  92.830872     93.876      7.793   272.7117     1.5043     0.4202     0.0489      0.016      0.143      0.208         48 2.0978e+02 0.0000e+00
      0.147    24.4346     6.7040     80.311  92.858330     93.931      7.798   272.9388     1.4962     0.4202     0.0489      0.013      0.143      0.208         49 2.1058e+02 0.0000e+00
      0.147    24.4346     6.6617     79.805  92.787624     93.816      7.801   272.2195     1.6175     0.3800     0.0488      0.012      0.142      0.206         50 2.1088e+02 0.0000e+00
      0.140    24.4348     6.6276     79.398  92.740411     93.815      7.807   272.4467     1.6337     0.4202     0.0488      0.008      0.138      0.200         51 2.1439e+02 0.0000e+00
      0.135    24.4349     6.6140     79.236  92.738635     93.758      7.811   273.0146     1.6498     0.5008     0.0488      0.002      0.137      0.199         52 2.1339e+02 0.0000e+00
      0.144    24.4348     6.6373     79.517  92.849319     93.928      7.816   272.1060     1.6013     0.3128     0.0489     -0.001      0.144      0.209         53 2.2370e+02 0.0000e+00
      0.161    24.4350     6.6826     80.061  92.840603     93.871      7.820   272.3331     1.6094     0.4202     0.0489      0.002      0.158      0.230         54 2.2032e+02 0.0000e+00
      0.181    24.4349     6.7395     80.743  92.808965     93.871      7.830   272.4467     1.6215     0.4337     0.0489      0.011      0.177      0.257         55 1.7120e+02 0.0000e+00
      0.201    24.4350     6.8038     81.514  92.829206     93.871      7.834   272.1060     1.6215     0.4605     0.0489      0.023      0.197      0.287         56 1.6301e+02 0.0000e+00
      0.223    24.4352     6.8746     82.361  92.815413     93.871      7.839   272.1438     1.6175     0.4605     0.0489      0.037      0.221      0.322         57 1.6281e+02 0.0000e+00
      0.256    24.4355     6.9258     82.975  92.826132     93.871      7.836   271.6138     1.6175     0.4068     0.0489      0.056      0.250      0.362         58 1.4313e+02 0.0000e+00
      0.283    24.4361     6.9638     83.431  92.815869     93.870      7.836   271.7274     1.5326     0.3800     0.0489      0.074      0.276      0.400         59 1.4814e+02 0.0000e+00
      0.304    24.4370     6.9858     83.694  92.828187     93.870      7.840   272.5981     1.5649     0.3800     0.0489      0.087      0.299      0.433         60 1.5579e+02 0.0000e+00
      0.327    24.4376     7.0012     83.877  92.810803     93.869      7.837   272.9388     1.5326     0.4337     0.0489      0.093      0.322      0.467         61 1.6063e+02 0.0000e+00
      0.356    24.4385     6.9917     83.764  92.837503     93.867      7.840   272.4088     1.5487     0.4068     0.0489      0.097      0.349      0.507         62 1.6210e+02 0.0000e+00
      0.386    24.4396     6.9546     83.319  92.854444     93.922      7.848   272.5603     1.4881     0.4202     0.0489      0.101      0.376      0.546         63 1.6631e+02 0.0000e+00
      0.408    24.4402     6.9042     82.714  92.730237     93.751      7.850   272.5603     1.4638     0.4471     0.0488      0.102      0.398      0.577         64 1.6725e+02 0.0000e+00
      0.423    24.4404     6.8540     82.112  92.694659     93.749      7.856   273.0903     1.4840     0.4471     0.0488      0.099      0.414      0.600         65 1.6575e+02 0.0000e+00
      0.434    24.4405     6.8200     81.705  92.779752     93.804      7.856   272.9010     1.4962     0.4605     0.0488      0.092      0.425      0.617         66 1.6236e+02 0.0000e+00
      0.444    24.4407     6.7863     81.300  92.802789     93.860      7.854   273.1660     1.6943     0.4202     0.0489      0.083      0.433      0.629         67 1.6010e+02 0.0000e+00
      0.448    24.4409     6.7411     80.759  92.784955     93.804      7.855   273.4310     1.6660     0.3934     0.0488      0.073      0.438      0.636         68 1.6133e+02 0.0000e+00
      0.449    24.4409     6.6932     80.186  92.742461     93.803      7.852   273.0903     1.6984     0.3800     0.0488      0.059      0.443      0.643         69 1.5985e+02 0.0000e+00
      0.461    24.4403     6.6532     79.707  92.736706     93.747      7.857   273.8096     1.6579     0.3934     0.0488      0.046      0.457      0.663         70 1.6387e+02 0.0000e+00
      0.489    24.4399     6.6362     79.504  92.732637     93.803      7.864   274.5667     1.6094     0.4337     0.0488      0.042      0.478      0.693         71 1.6313e+02 0.0000e+00
      0.512    24.4402     6.6427     79.580  92.539336     93.549      7.864   275.2481     1.6256     0.5142     0.0487      0.044      0.496      0.718         72 1.6802e+02 0.0000e+00
      0.515    24.4400     6.6827     80.058  92.441918     93.493      7.861   275.2860     1.6175     0.5142     0.0487      0.046      0.498      0.723         73 1.7475e+02 0.0000e+00
      0.499    24.4392     6.7364     80.702  92.496974     93.521      7.856   275.2481     1.6094     0.4337     0.0487      0.042      0.487      0.707         74 1.7565e+02 0.0000e+00
      0.477    24.4387     6.7875     81.314  92.589786     93.635      7.859   274.9831     1.5487     0.4068     0.0488      0.031      0.468      0.679         75 1.8203e+02 0.0000e+00
      0.455    24.4385     6.8329     81.858  92.713054     93.749      7.867   274.6046     1.5649     0.4068     0.0488      0.014      0.449      0.651         76 1.8140e+02 0.0000e+00
      0.442    24.4383     6.8622     82.210  92.819434     93.864      7.874   274.2638     1.5568     0.3800     0.0489     -0.005      0.433      0.628         77 1.8402e+02 0.0000e+00
      0.427    24.4385     6.8634     82.224  92.754814     93.808      7.869   273.9988     1.5690     0.4605     0.0488     -0.028      0.415      0.602         78 1.9064e+02 0.0000e+00
      0.400    24.4390     6.8438     81.989  92.615022     93.638      7.866   273.4688     1.6296     0.4740     0.0488     -0.052      0.389      0.564         79 1.9273e+02 0.0000e+00
      0.364    24.4391     6.8071     81.549  92.577018     93.638      7.863   272.9767     1.6296     0.5142     0.0488     -0.073      0.353      0.511         80 2.0087e+02 0.0000e+00
      0.314    24.4390     6.7587     80.969  92.534433     93.551      7.867   272.9767     1.6377     0.4202     0.0487     -0.091      0.305      0.442         81 2.1004e+02 0.0000e+00
      0.253    24.4383     6.7077     80.357  92.638276     93.693      7.876   272.7874     1.6377     0.5142     0.0488     -0.111      0.253      0.367         82 2.0530e+02 0.0000e+00
      0.209    24.4376     6.6548     79.721  92.774943     93.807      7.883   273.4688     1.5407     0.4337     0.0488     -0.130      0.212      0.306         83 2.1014e+02 0.0000e+00
      0.184    24.4374     6.5988     79.049  92.810476     93.865      7.891   273.9988     1.5487     0.4337     0.0489     -0.145      0.184      0.266         84 2.2719e+02 0.0000e+00
      0.165    24.4374     6.5515     78.482  92.831988     93.866      7.897   274.2260     1.5690     0.4471     0.0489     -0.152      0.165      0.239         85 2.3087e+02 0.0000e+00
