Data/DataNotYetUploadedToEDI/Raw_CTD/2018_RawDownloads/053018_ccr50.cnv
* Sea-Bird SBE19plus  Data File:
* FileName = C:\DATA\053018_ccr50_0001.hex
* Software version 2.6.3.104
* Temperature SN = 7809
* Conductivity SN = 7809
* System UpLoad Time = May 30 2018 14:41:11
* <ApplicationData>
* <Seaterm232>
# nquan = 17
# nvalues = 1382                        
# units = specified
# name 0 = depFM: Depth [fresh water, m]
# name 1 = tv290C: Temperature [ITS-90, deg C]
# name 2 = sbeox0Mg/L: Oxygen, SBE 43 [mg/l]
# name 3 = sbeox0PS: Oxygen, SBE 43 [% saturation]
# name 4 = c0uS/cm: Conductivity [uS/cm]
# name 5 = specc: Specific Conductance [uS/cm]
# name 6 = ph: pH
# name 7 = orp: Oxidation Reduction Potential [mV]
# name 8 = flECO-AFL: Fluorescence, WET Labs ECO-AFL/FL [mg/m^3]
# name 9 = turbWETntu0: Turbidity, WET Labs ECO [NTU]
# name 10 = sal00: Salinity, Practical [PSU]
# name 11 = dz/dtM: Descent Rate [m/s]
# name 12 = prdM: Pressure, Strain Gauge [db]
# name 13 = prdE: Pressure, Strain Gauge [psi]
# name 14 = scan: Scan Count
# name 15 = par/sat/log: PAR/Logarithmic, Satlantic
# name 16 = flag:  0.000e+00
# span 0 =     -0.401,     21.248       
# span 1 =     9.3342,    24.4531       
# span 2 =     4.3085,    10.0703       
# span 3 =     37.612,    105.278       
# span 4 =  -0.565995,  93.303330       
# span 5 =      0.462,    133.300       
# span 6 =      5.608,      7.967       
# span 7 = -1240.7455,  1240.2295       
# span 8 =    -0.2102,     4.7998       
# span 9 =    -0.2914,     3.1998       
# span 10 =     0.0115,     0.0620      
# span 11 =     -0.152,      0.165      
# span 12 =     -0.393,     20.837      
# span 13 =     -0.570,     30.222      
# span 14 =          1,       1382      
# span 15 = 1.2370e-01, 3.1610e+02      
# span 16 = 0.0000e+00, 0.0000e+00      
# interval = seconds: 0.25
# start_time = May 30 2018 14:15:15 [Instrument's time stamp, header]
# bad_flag = -9.990e-29
*END*
[from data line 681]
      8.480    10.6557     9.8978     88.940  85.598711    119.961      7.246   310.3418     1.5447     1.9779     0.0566      0.056      8.317     12.063        682 8.3351e-01 0.0000e+00
      8.506    10.6441     9.8970     88.923  85.595035    119.987      7.246   310.7961     1.5771     2.1122     0.0566      0.063      8.342     12.100        683 8.4315e-01 0.0000e+00
      8.536    10.6342     9.8893     88.844  85.591106    120.021      7.241   310.6825     1.5649     2.0584     0.0566      0.072      8.368     12.137        684 8.5174e-01 0.0000e+00
      8.558    10.6259     9.8916     88.858  85.603612    120.060      7.234   311.1368     1.6377     2.2196     0.0566      0.081      8.389     12.167        685 8.1793e-01 0.0000e+00
      8.569    10.6193     9.8851     88.792  85.638949    120.172      7.234   311.4775     1.6781     2.1256     0.0566      0.085      8.402     12.186        686 8.1099e-01 0.0000e+00
      8.576    10.6149     9.8868     88.797  85.636340    120.161      7.232   311.7804     1.6579     2.1927     0.0566      0.083      8.410     12.198        687 8.0503e-01 0.0000e+00
      8.583    10.6120     9.8831     88.754  85.636602    120.222      7.228   311.6668     1.5487     1.7362     0.0567      0.076      8.417     12.208        688 8.0421e-01 0.0000e+00
      8.590    10.6081     9.8774     88.695  85.608898    120.159      7.231   311.5911     1.5568     1.6959     0.0566      0.066      8.426     12.220        689 7.9403e-01 0.0000e+00
      8.602    10.6027     9.8790     88.698  85.611358    120.208      7.228   311.8939     1.5690     1.8033     0.0566      0.056      8.436     12.235        690 7.9777e-01 0.0000e+00
      8.614    10.5971     9.8797     88.693  85.603813    120.182      7.227   311.7425     1.5649     2.0450     0.0566      0.046      8.447     12.252        691 8.1032e-01 0.0000e+00
      8.626    10.5916     9.8929     88.796  85.618292    120.239      7.228   311.6668     1.5851     1.9913     0.0567      0.040      8.459     12.268        692 7.6476e-01 0.0000e+00
      8.637    10.5864     9.9034     88.875  85.652809    120.298      7.226   311.7425     1.7186     2.0450     0.0567      0.038      8.469     12.283        693 7.5548e-01 0.0000e+00
      8.645    10.5819     9.9223     89.031  85.650062    120.316      7.224   311.7425     1.7226     1.8436     0.0567      0.039      8.477     12.295        694 8.0225e-01 0.0000e+00
      8.651    10.5785     9.9403     89.177  85.621719    120.294      7.222   311.7425     1.7226     2.0450     0.0567      0.039      8.484     12.305        695 7.6229e-01 0.0000e+00
      8.659    10.5749     9.9655     89.389  85.598890    120.270      7.221   312.0832     1.6013     1.7093     0.0567      0.039      8.493     12.317        696 7.5012e-01 0.0000e+00
      8.669    10.5699     9.9694     89.415  85.648745    120.360      7.223   311.6668     1.6013     1.9645     0.0567      0.038      8.504     12.334        697 7.8169e-01 0.0000e+00
      8.686    10.5654     9.9869     89.564  85.678611    120.412      7.219   312.0454     1.6175     1.8705     0.0567      0.038      8.520     12.356        698 7.4040e-01 0.0000e+00
      8.707    10.5615     9.9965     89.643  85.650925    120.389      7.219   311.8182     1.6984     2.2196     0.0567      0.041      8.539     12.383        699 7.3160e-01 0.0000e+00
      8.726    10.5563    10.0053     89.712  85.653472    120.405      7.218   312.3104     1.7226     2.2599     0.0567      0.047      8.558     12.411        700 7.2955e-01 0.0000e+00
      8.745    10.5502    10.0014     89.665  85.675448    120.457      7.215   312.0075     1.6862     2.3673     0.0567      0.053      8.576     12.439        701 7.3026e-01 0.0000e+00
      8.766    10.5430     9.9939     89.585  85.653315    120.436      7.213   312.3104     1.6215     1.9913     0.0567      0.061      8.596     12.468        702 6.9492e-01 0.0000e+00
      8.786    10.5360     9.9948     89.576  85.651289    120.456      7.210   312.6890     1.5407     1.8705     0.0567      0.069      8.615     12.496        703 6.6826e-01 0.0000e+00
      8.804    10.5295     9.9759     89.389  85.677979    120.520      7.210   313.1811     1.5528     1.9779     0.0568      0.074      8.632     12.520        704 6.9457e-01 0.0000e+00
      8.817    10.5219     9.9722     89.342  85.709308    120.583      7.208   312.7647     1.6903     2.1927     0.0568      0.075      8.646     12.539        705 6.8070e-01 0.0000e+00
      8.827    10.5153     9.9602     89.224  85.701506    120.605      7.205   312.5754     1.7631     2.2196     0.0568      0.071      8.656     12.554        706 6.9498e-01 0.0000e+00
      8.834    10.5108     9.9515     89.139  85.687696    120.592      7.205   312.4997     1.7590     2.2196     0.0568      0.065      8.663     12.565        707 7.0253e-01 0.0000e+00
      8.840    10.5072     9.9455     89.079  85.696771    120.654      7.207   312.8025     1.7671     2.2733     0.0568      0.057      8.669     12.574        708 6.9544e-01 0.0000e+00
      8.846    10.5034     9.9443     89.061  85.660489    120.590      7.204   312.9161     1.5528     1.6825     0.0568      0.049      8.677     12.585        709 6.8686e-01 0.0000e+00
      8.858    10.4987     9.9378     88.994  85.673389    120.642      7.203   312.8782     1.5730     1.7630     0.0568      0.042      8.689     12.602        710 6.6055e-01 0.0000e+00
      8.876    10.4933     9.9389     88.999  85.710453    120.694      7.202   312.6132     1.5487     1.7496     0.0568      0.039      8.707     12.628        711 6.4439e-01 0.0000e+00
      8.902    10.4870     9.9432     89.034  85.703566    120.710      7.202   313.4461     1.6215     1.9779     0.0568      0.042      8.734     12.667        712 6.6029e-01 0.0000e+00
      8.941    10.4787     9.9351     88.953  85.681967    120.689      7.195   313.3704     1.5730     2.2733     0.0568      0.054      8.766     12.714        713 6.3598e-01 0.0000e+00
      8.974    10.4704     9.9316     88.911  85.648142    120.671      7.195   313.6354     1.5730     2.3270     0.0568      0.069      8.796     12.757        714 5.9524e-01 0.0000e+00
      8.992    10.4639     9.9220     88.821  85.656470    120.699      7.190   313.4461     1.5568     1.9913     0.0568      0.083      8.816     12.787        715 6.1650e-01 0.0000e+00
      9.004    10.4591     9.9082     88.697  85.731079    120.846      7.187   313.6354     1.6337     2.3002     0.0569      0.091      8.830     12.807        716 5.9773e-01 0.0000e+00
      9.016    10.4557     9.9150     88.757  85.703966    120.829      7.186   313.1811     1.4800     1.9510     0.0569      0.093      8.841     12.823        717 5.9882e-01 0.0000e+00
      9.025    10.4528     9.8912     88.539  85.660487    120.766      7.185   313.7111     1.4719     2.2196     0.0568      0.088      8.852     12.839        718 5.9239e-01 0.0000e+00
      9.039    10.4489     9.8817     88.440  85.666265    120.817      7.184   313.5597     1.4719     1.9510     0.0569      0.079      8.865     12.858        719 5.5694e-01 0.0000e+00
      9.055    10.4447     9.8772     88.382  85.667047    120.788      7.186   313.6354     1.5851     2.2464     0.0568      0.068      8.879     12.878        720 5.9100e-01 0.0000e+00
      9.067    10.4424     9.8714     88.321  85.689250    120.879      7.184   313.5597     1.5124     1.9376     0.0569      0.056      8.893     12.897        721 5.7432e-01 0.0000e+00
      9.082    10.4404     9.8656     88.263  85.698104    120.855      7.184   313.9004     1.5407     2.3941     0.0569      0.051      8.906     12.917        722 5.3844e-01 0.0000e+00
      9.095    10.4365     9.8699     88.299  85.685765    120.902      7.184   313.8625     1.4274     1.9645     0.0569      0.051      8.919     12.936        723 5.6659e-01 0.0000e+00
      9.107    10.4319     9.8725     88.316  85.674875    120.830      7.180   313.7111     1.4032     1.9107     0.0568      0.052      8.932     12.954        724 5.6583e-01 0.0000e+00
      9.121    10.4297     9.8684     88.272  85.711660    120.961      7.180   313.5597     1.4234     1.9376     0.0569      0.052      8.945     12.973        725 5.5789e-01 0.0000e+00
      9.135    10.4294     9.8759     88.333  85.669725    120.859      7.180   313.9382     1.4153     2.2062     0.0569      0.053      8.959     12.993        726 5.4609e-01 0.0000e+00
      9.148    10.4290     9.8784     88.347  85.637869    120.866      7.181   313.7111     1.4598     2.3404     0.0569      0.053      8.973     13.013        727 5.3266e-01 0.0000e+00
      9.166    10.4267     9.8719     88.278  85.691842    120.907      7.178   313.6354     1.4800     2.2464     0.0569      0.053      8.990     13.039        728 5.3810e-01 0.0000e+00
      9.188    10.4196     9.8716     88.263  85.691758    120.948      7.179   313.9382     1.4679     2.3673     0.0569      0.057      9.011     13.069        729 4.9893e-01 0.0000e+00
      9.211    10.4115     9.8679     88.218  85.667710    120.876      7.177   314.0140     1.3627     1.9242     0.0569      0.062      9.033     13.101        730 4.8445e-01 0.0000e+00
      9.234    10.4066     9.8593     88.133  85.721773    121.019      7.175   314.1275     1.3385     2.0450     0.0569      0.067      9.051     13.127        731 4.9389e-01 0.0000e+00
      9.242    10.4038     9.8546     88.085  85.713683    121.008      7.171   314.5061     1.3466     1.8973     0.0569      0.070      9.061     13.142        732 5.0095e-01 0.0000e+00
      9.243    10.4025     9.8473     88.011  85.707520    121.024      7.171   314.2032     1.4921     2.2196     0.0569      0.067      9.066     13.150        733 5.0431e-01 0.0000e+00
      9.253    10.3998     9.8409     87.945  85.729448    121.074      7.170   314.5440     1.3991     2.1256     0.0569      0.062      9.075     13.162        734 4.9675e-01 0.0000e+00
      9.265    10.3960     9.8345     87.879  85.656664    120.959      7.168   314.2032     1.3870     2.1122     0.0569      0.057      9.086     13.178        735 5.0894e-01 0.0000e+00
      9.276    10.3930     9.8320     87.850  85.649437    120.968      7.168   314.6197     1.3263     1.6959     0.0569      0.050      9.099     13.196        736 4.8467e-01 0.0000e+00
      9.293    10.3891     9.8283     87.809  85.678980    121.021      7.166   314.4304     1.4194     1.8436     0.0569      0.045      9.116     13.220        737 4.6235e-01 0.0000e+00
      9.316    10.3838     9.8182     87.711  85.709102    121.070      7.167   314.6575     1.3668     1.6422     0.0569      0.045      9.136     13.249        738 4.8008e-01 0.0000e+00
      9.336    10.3780     9.8120     87.649  85.701155    121.084      7.166   314.6197     1.3749     2.0584     0.0569      0.049      9.156     13.279        739 4.8772e-01 0.0000e+00
      9.356    10.3722     9.8152     87.671  85.688874    121.062      7.165   314.9982     1.3627     1.7093     0.0569      0.058      9.174     13.306        740 4.7919e-01 0.0000e+00
      9.372    10.3679     9.8227     87.733  85.694657    121.122      7.163   314.6954     1.4477     2.0719     0.0570      0.066      9.188     13.327        741 4.7558e-01 0.0000e+00
      9.381    10.3649     9.8230     87.729  85.664233    121.062      7.164   314.8468     1.5204     1.8436     0.0569      0.068      9.199     13.343        742 4.7102e-01 0.0000e+00
      9.391    10.3610     9.8280     87.766  85.667280    121.118      7.161   314.9225     1.5002     2.0987     0.0569      0.067      9.212     13.361        743 4.6363e-01 0.0000e+00
      9.410    10.3566     9.8400     87.865  85.661138    121.087      7.161   314.8468     1.4517     1.7630     0.0569      0.065      9.228     13.384        744 4.7528e-01 0.0000e+00
      9.427    10.3524     9.8528     87.970  85.701613    121.181      7.161   314.7332     1.4274     1.7899     0.0570      0.062      9.245     13.409        745 4.7532e-01 0.0000e+00
      9.444    10.3490     9.8642     88.061  85.735847    121.235      7.160   315.1118     1.3708     1.9107     0.0570      0.060      9.262     13.433        746 4.7397e-01 0.0000e+00
      9.462    10.3455     9.8763     88.157  85.707740    121.210      7.159   315.4147     1.4638     2.3136     0.0570      0.059      9.279     13.458        747 4.3924e-01 0.0000e+00
      9.480    10.3417     9.8837     88.211  85.706864    121.222      7.161   315.2632     1.4436     2.3002     0.0570      0.061      9.297     13.484        748 4.2272e-01 0.0000e+00
      9.499    10.3382     9.8932     88.281  85.736940    121.273      7.160   315.3011     1.4477     2.2599     0.0570      0.064      9.316     13.510        749 4.5097e-01 0.0000e+00
      9.517    10.3351     9.9068     88.391  85.759514    121.326      7.158   315.0740     1.3547     1.8973     0.0570      0.068      9.332     13.535        750 4.5719e-01 0.0000e+00
      9.531    10.3325     9.9052     88.369  85.767975    121.338      7.157   315.2632     1.3587     1.9645     0.0570      0.069      9.347     13.556        751 4.4599e-01 0.0000e+00
      9.545    10.3294     9.9040     88.353  85.785879    121.388      7.156   315.1497     1.3587     1.9107     0.0571      0.068      9.362     13.577        752 4.1967e-01 0.0000e+00
      9.561    10.3257     9.9124     88.421  85.766969    121.357      7.153   315.0740     1.3668     1.9913     0.0570      0.066      9.377     13.599        753 4.4277e-01 0.0000e+00
      9.576    10.3219     9.9215     88.492  85.761780    121.368      7.155   315.4147     1.4598     2.3136     0.0570      0.065      9.392     13.622        754 4.3254e-01 0.0000e+00
      9.594    10.3172     9.9204     88.472  85.792340    121.421      7.157   315.3768     1.3223     2.2330     0.0571      0.063      9.409     13.647        755 4.0113e-01 0.0000e+00
      9.615    10.3117     9.9201     88.462  85.818141    121.473      7.155   315.4904     1.3304     2.2062     0.0571      0.063      9.428     13.674        756 4.0200e-01 0.0000e+00
      9.633    10.3062     9.9182     88.438  85.818877    121.489      7.156   315.4147     1.2616     1.9645     0.0571      0.064      9.447     13.701        757 3.9348e-01 0.0000e+00
      9.653    10.3002     9.9112     88.370  85.791430    121.468      7.152   315.3390     1.3263     1.9645     0.0571      0.067      9.467     13.730        758 3.9892e-01 0.0000e+00
      9.676    10.2936     9.9111     88.368  85.763106    121.448      7.152   315.3390     1.2900     2.1927     0.0571      0.071      9.487     13.760        759 3.9506e-01 0.0000e+00
      9.695    10.2877     9.9091     88.353  85.824400    121.548      7.152   315.6418     1.2697     2.1390     0.0571      0.074      9.507     13.788        760 3.8998e-01 0.0000e+00
      9.711    10.2839     9.9110     88.378  85.834090    121.611      7.150   315.9825     1.2253     1.8302     0.0571      0.075      9.522     13.810        761 3.7455e-01 0.0000e+00
      9.723    10.2813     9.9172     88.434  85.780789    121.512      7.148   315.7175     1.2010     1.9107     0.0571      0.074      9.535     13.828        762 3.8332e-01 0.0000e+00
      9.734    10.2779     9.9212     88.465  85.801541    121.604      7.148   316.0961     1.1080     1.5348     0.0571      0.071      9.546     13.845        763 3.7170e-01 0.0000e+00
      9.745    10.2732     9.9222     88.462  85.808270    121.573      7.147   316.1718     1.1201     1.5482     0.0571      0.065      9.557     13.861        764 3.4088e-01 0.0000e+00
      9.758    10.2685     9.9269     88.492  85.802152    121.625      7.147   316.0204     1.1161     1.4542     0.0571      0.060      9.570     13.880        765 3.7970e-01 0.0000e+00
