Data/DataNotYetUploadedToEDI/Raw_CTD/2018_RawDownloads/053018_ccr50.cnv
* Sea-Bird SBE19plus  Data File:
* FileName = C:\DATA\053018_ccr50_0001.hex
* Software version 2.6.3.104
* Temperature SN = 7809
* Conductivity SN = 7809
* System UpLoad Time = May 30 2018 14:41:11
* <ApplicationData>
* <Seaterm232>
# nquan = 17
# nvalues = 1382                        
# units = specified
# name 0 = depFM: Depth [fresh water, m]
# name 1 = tv290C: Temperature [ITS-90, deg C]
# name 2 = sbeox0Mg/L: Oxygen, SBE 43 [mg/l]
# name 3 = sbeox0PS: Oxygen, SBE 43 [% saturation]
# name 4 = c0uS/cm: Conductivity [uS/cm]
# name 5 = specc: Specific Conductance [uS/cm]
# name 6 = ph: pH
# name 7 = orp: Oxidation Reduction Potential [mV]
# name 8 = flECO-AFL: Fluorescence, WET Labs ECO-AFL/FL [mg/m^3]
# name 9 = turbWETntu0: Turbidity, WET Labs ECO [NTU]
# name 10 = sal00: Salinity, Practical [PSU]
# name 11 = dz/dtM: Descent Rate [m/s]
# name 12 = prdM: Pressure, Strain Gauge [db]
# name 13 = prdE: Pressure, Strain Gauge [psi]
# name 14 = scan: Scan Count
# name 15 = par/sat/log: PAR/Logarithmic, Satlantic
# name 16 = flag:  0.000e+00
# span 0 =     -0.401,     21.248       
# span 1 =     9.3342,    24.4531       
# span 2 =     4.3085,    10.0703       
# span 3 =     37.612,    105.278       
# span 4 =  -0.565995,  93.303330       
# span 5 =      0.462,    133.300       
# span 6 =      5.608,      7.967       
# span 7 = -1240.7455,  1240.2295       
# span 8 =    -0.2102,     4.7998       
# span 9 =    -0.2914,     3.1998       
# span 10 =     0.0115,     0.0620      
# span 11 =     -0.152,      0.165      
# span 12 =     -0.393,     20.837      
# span 13 =     -0.570,     30.222      
# span 14 =          1,       1382      
# span 15 = 1.2370e-01, 3.1610e+02      
# span 16 = 0.0000e+00, 0.0000e+00      
# interval = seconds: 0.25
# start_time = May 30 2018 14:15:15 [Instrument's time stamp, header]
# bad_flag = -9.990e-29
*END*
[from data line 171]
      0.227    24.4216     5.3715     64.346  91.884413     92.963      7.903   278.4660     1.6215     0.4471     0.0485      0.075      0.222      0.322        172 2.2537e+02 0.0000e+00
      0.237    24.4214     5.7559     68.960  91.765732     92.818      7.902   277.8981     1.5973     0.3934     0.0484      0.073      0.232      0.336        173 2.2077e+02 0.0000e+00
      0.247    24.4226     6.3664     76.282  91.725262     92.791      7.906   277.7467     1.5366     0.3800     0.0484      0.068      0.240      0.348        174 2.3305e+02 0.0000e+00
      0.252    24.4239     6.9843     83.689  91.756336     92.819      7.901   277.7089     1.5609     0.3397     0.0484      0.057      0.245      0.355        175 2.2672e+02 0.0000e+00
      0.251    24.4241     7.6023     91.097  91.756800     92.817      7.894   277.7089     1.5649     0.4068     0.0484      0.045      0.245      0.356        176 2.2300e+02 0.0000e+00
      0.248    24.4232     8.0850     96.883  91.784163     92.843      7.888   277.5574     1.5771     0.4337     0.0484      0.033      0.244      0.354        177 2.3242e+02 0.0000e+00
      0.248    24.4219     8.4531    101.294  91.752020     92.814      7.887   277.4060     1.5447     0.4337     0.0484      0.023      0.244      0.353        178 2.3275e+02 0.0000e+00
      0.249    24.4215     8.7035    104.295  91.767060     92.816      7.887   277.7467     1.6134     0.3800     0.0484      0.015      0.243      0.352        179 2.2602e+02 0.0000e+00
      0.247    24.4213     8.7856    105.278  91.765448     92.847      7.881   278.1253     1.6175     0.4337     0.0484      0.008      0.239      0.347        180 2.2798e+02 0.0000e+00
      0.236    24.4240     8.7465    104.809  91.783769     92.820      7.881   278.3146     1.6458     0.4337     0.0484     -0.001      0.229      0.333        181 2.5352e+02 0.0000e+00
      0.220    24.4332     8.6582    103.750  92.458040     93.528      7.887   278.0874     1.6013     0.4337     0.0487     -0.011      0.218      0.317        182 2.4355e+02 0.0000e+00
      0.213    24.4415     8.5642    102.625  93.127170     94.233      7.900   277.5574     1.6256     0.4874     0.0490     -0.018      0.214      0.311        183 2.2083e+02 0.0000e+00
      0.223    24.4461     8.4711    101.509  93.151910     94.186      7.910   278.3146     1.6094     0.4202     0.0490     -0.019      0.221      0.321        184 2.2193e+02 0.0000e+00
      0.239    24.4490     8.4045    100.711  93.170788     94.227      7.917   277.8224     1.6296     0.3800     0.0490     -0.014      0.233      0.338        185 2.2521e+02 0.0000e+00
      0.252    24.4507     8.3352     99.881  93.163152     94.190      7.916   277.9739     1.6458     0.3531     0.0490     -0.006      0.243      0.352        186 2.3632e+02 0.0000e+00
      0.252    24.4517     8.2733     99.141  93.131664     94.156      7.910   277.9739     1.5245     0.4068     0.0490      0.002      0.245      0.356        187 2.2586e+02 0.0000e+00
      0.247    24.4518     8.2174     98.470  93.209969     94.238      7.912   277.8981     1.5568     0.4337     0.0490      0.009      0.245      0.355        188 2.1641e+02 0.0000e+00
      0.251    24.4518     8.1656     97.849  93.184670     94.208      7.919   277.3681     1.5407     0.3531     0.0490      0.016      0.248      0.360        189 2.2546e+02 0.0000e+00
      0.262    24.4516     8.1220     97.326  93.192890     94.207      7.925   277.7846     1.5487     0.4471     0.0490      0.022      0.254      0.369        190 2.2608e+02 0.0000e+00
      0.263    24.4512     8.0946     96.998  93.199739     94.236      7.927   278.0496     1.6215     0.4337     0.0490      0.022      0.256      0.371        191 2.1524e+02 0.0000e+00
      0.258    24.4512     8.0781     96.801  93.146406     94.151      7.926   277.8981     1.6175     0.4068     0.0490      0.015      0.252      0.366        192 2.1505e+02 0.0000e+00
      0.251    24.4514     8.0676     96.675  93.170037     94.209      7.924   277.8981     1.6458     0.4202     0.0490      0.007      0.247      0.358        193 2.3787e+02 0.0000e+00
      0.246    24.4515     8.0599     96.583  93.229814     94.237      7.928   277.7846     1.6013     0.3934     0.0490      0.001      0.247      0.358        194 2.3450e+02 0.0000e+00
      0.258    24.4516     8.0604     96.589  93.220724     94.265      7.935   277.4438     1.5407     0.3934     0.0490      0.001      0.256      0.372        195 2.1503e+02 0.0000e+00
      0.279    24.4518     8.0615     96.602  93.211091     94.208      7.936   277.9739     1.5771     0.4202     0.0490      0.007      0.270      0.392        196 2.2751e+02 0.0000e+00
      0.289    24.4521     8.0649     96.645  93.241804     94.293      7.932   277.8603     1.5649     0.3800     0.0490      0.012      0.279      0.405        197 2.2436e+02 0.0000e+00
      0.286    24.4522     8.0702     96.707  93.212246     94.207      7.926   278.0496     1.5487     0.4740     0.0490      0.015      0.276      0.400        198 2.2449e+02 0.0000e+00
      0.268    24.4519     8.0640     96.633  93.247873     94.292      7.925   278.0874     1.5690     0.4337     0.0490      0.014      0.260      0.377        199 2.2681e+02 0.0000e+00
      0.242    24.4518     8.0628     96.618  93.197465     94.207      7.926   278.2389     1.5487     0.4471     0.0490      0.006      0.236      0.342        200 2.2894e+02 0.0000e+00
      0.211    24.4518     8.0709     96.715  93.185750     94.207      7.927   277.8224     1.5447     0.3934     0.0490     -0.009      0.207      0.300        201 2.7555e+02 0.0000e+00
      0.177    24.4519     8.0720     96.727  93.262451     94.292      7.933   277.6710     1.5771     0.3800     0.0490     -0.034      0.182      0.263        202 2.8394e+02 0.0000e+00
      0.168    24.4521     8.0678     96.677  93.250723     94.264      7.941   278.0496     1.5851     0.3665     0.0490     -0.057      0.171      0.247        203 2.7164e+02 0.0000e+00
      0.178    24.4523     8.0559     96.535  93.289574     94.321      7.943   277.9739     1.5568     0.3531     0.0491     -0.068      0.169      0.246        204 2.7838e+02 0.0000e+00
      0.169    24.4524     8.0564     96.541  93.303330     94.320      7.940   277.7089     1.5649     0.5008     0.0491     -0.070      0.162      0.236        205 2.9681e+02 0.0000e+00
      0.150    24.4527     8.0546     96.518  93.233602     94.263      7.934   278.2010     1.5568     0.5008     0.0490     -0.066      0.146      0.211        206 3.0030e+02 0.0000e+00
      0.127    24.4528     8.0541     96.514  93.197892     94.206      7.928   278.2010     1.5528     0.3262     0.0490     -0.060      0.127      0.184        207 2.8920e+02 0.0000e+00
      0.111    24.4527     8.0534     96.505  93.199057     94.234      7.932   278.3524     1.4840     0.5142     0.0490     -0.054      0.114      0.166        208 2.8723e+02 0.0000e+00
      0.114    24.4527     8.0552     96.526  93.202409     94.206      7.937   277.8981     1.5285     0.3934     0.0490     -0.045      0.114      0.165        209 2.9061e+02 0.0000e+00
      0.124    24.4524     8.0559     96.534  93.253206     94.291      7.948   277.6710     1.5245     0.4874     0.0490     -0.036      0.116      0.168        210 2.9379e+02 0.0000e+00
      0.116    24.4522     8.0658     96.654  93.195327     94.206      7.951   277.5574     1.4719     0.4202     0.0490     -0.034      0.109      0.158        211 2.8320e+02 0.0000e+00
      0.095    24.4520     8.0751     96.766  93.185212     94.206      7.952   277.6331     1.4800     0.4874     0.0490     -0.036      0.091      0.132        212 2.8063e+02 0.0000e+00
      0.067    24.4518     8.0887     96.928  93.206310     94.235      7.953   278.0117     1.4840     0.3800     0.0490     -0.038      0.069      0.100        213 2.7896e+02 0.0000e+00
      0.049    24.4519     8.0984     97.044  93.139328     94.151      7.958   277.7467     1.5124     0.5277     0.0490     -0.040      0.054      0.079        214 2.7602e+02 0.0000e+00
      0.051    24.4519     8.1105     97.189  93.179342     94.207      7.960   277.1031     1.4881     0.3934     0.0490     -0.040      0.052      0.075        215 2.7881e+02 0.0000e+00
      0.058    24.4518     8.1186     97.286  93.215998     94.236      7.962   277.6331     1.5043     0.5142     0.0490     -0.039      0.056      0.081        216 2.7669e+02 0.0000e+00
      0.063    24.4521     8.1272     97.390  93.182937     94.207      7.958   277.6331     1.4962     0.3397     0.0490     -0.038      0.060      0.086        217 2.7415e+02 0.0000e+00
      0.061    24.4522     8.1348     97.481  93.190743     94.207      7.963   277.4438     1.4760     0.4068     0.0490     -0.033      0.059      0.085        218 2.7636e+02 0.0000e+00
      0.055    24.4520     8.1411     97.556  93.206283     94.235      7.963   277.6331     1.4881     0.3800     0.0490     -0.023      0.055      0.080        219 2.7367e+02 0.0000e+00
      0.052    24.4519     8.1469     97.627  93.193340     94.207      7.962   277.6710     1.5366     0.3665     0.0490     -0.011      0.053      0.077        220 2.7167e+02 0.0000e+00
      0.056    24.4520     8.1436     97.587  93.206851     94.235      7.957   277.7467     1.5326     0.4605     0.0490     -0.001      0.055      0.081        221 2.7450e+02 0.0000e+00
      0.061    24.4522     8.1450     97.605  93.189470     94.207      7.951   277.8981     1.5568     0.5008     0.0490      0.003      0.060      0.088        222 2.7521e+02 0.0000e+00
      0.067    24.4522     8.1372     97.510  93.185228     94.207      7.951   277.5574     1.5609     0.5814     0.0490      0.004      0.068      0.099        223 2.7405e+02 0.0000e+00
      0.081    24.4521     8.1328     97.458  93.212129     94.235      7.949   277.4060     1.5649     0.4605     0.0490      0.007      0.081      0.118        224 2.7934e+02 0.0000e+00
      0.101    24.4520     8.1269     97.387  93.185734     94.207      7.952   277.2546     1.5487     0.4068     0.0490      0.016      0.099      0.145        225 2.8441e+02 0.0000e+00
      0.123    24.4522     8.1192     97.294  93.188335     94.207      7.950   276.9896     1.5326     0.4337     0.0490      0.030      0.119      0.175        226 2.9425e+02 0.0000e+00
      0.143    24.4525     8.1103     97.187  93.208894     94.235      7.947   277.4817     1.5366     0.3531     0.0490      0.044      0.138      0.201        227 2.9711e+02 0.0000e+00
      0.156    24.4524     8.0940     96.992  93.189891     94.207      7.944   277.3303     1.5649     0.5142     0.0490      0.055      0.152      0.221        228 3.0702e+02 0.0000e+00
      0.166    24.4525     8.0861     96.898  93.182243     94.206      7.940   277.0653     1.5487     0.4337     0.0490      0.060      0.164      0.238        229 3.0068e+02 0.0000e+00
      0.180    24.4527     8.0689     96.691  93.218413     94.235      7.939   276.6488     1.5649     0.4337     0.0490      0.063      0.174      0.253        230 2.6716e+02 0.0000e+00
      0.188    24.4530     8.0635     96.627  93.174619     94.206      7.935   276.9896     1.5811     0.3800     0.0490      0.062      0.178      0.259        231 2.5071e+02 0.0000e+00
      0.177    24.4531     8.0560     96.537  93.147516     94.149      7.935   276.9138     1.5487     0.3800     0.0490      0.051      0.169      0.245        232 2.6135e+02 0.0000e+00
      0.150    24.4529     8.0600     96.585  93.252142     94.290      7.942   276.9896     1.5487     0.4471     0.0490      0.031      0.153      0.222        233 2.8321e+02 0.0000e+00
      0.143    24.4528     8.0702     96.707  93.252611     94.262      7.946   276.5731     1.5407     0.4337     0.0490      0.011      0.147      0.213        234 2.8137e+02 0.0000e+00
      0.158    24.4527     8.0801     96.827  93.206418     94.234      7.949   277.3303     1.5366     0.4068     0.0490     -0.001      0.156      0.226        235 2.6700e+02 0.0000e+00
      0.175    24.4527     8.0932     96.983  93.190659     94.206      7.951   277.4060     1.5609     0.4337     0.0490     -0.004      0.170      0.246        236 2.6183e+02 0.0000e+00
      0.188    24.4526     8.1044     97.117  93.182995     94.206      7.951   277.4438     1.5568     0.4068     0.0490     -0.002      0.177      0.257        237 2.7079e+02 0.0000e+00
      0.177    24.4524     8.1170     97.268  93.156471     94.177      7.945   277.5574     1.5487     0.4068     0.0490     -0.001      0.173      0.251        238 2.6701e+02 0.0000e+00
      0.166    24.4526     8.1260     97.376  93.134440     94.149      7.945   277.1031     1.5609     0.5142     0.0490      0.001      0.165      0.238        239 2.6885e+02 0.0000e+00
      0.161    24.4527     8.1384     97.525  93.180670     94.206      7.947   277.3303     1.5528     0.4337     0.0490      0.005      0.160      0.232        240 2.8220e+02 0.0000e+00
      0.163    24.4525     8.1478     97.636  93.217909     94.234      7.955   277.4060     1.4881     0.3934     0.0490      0.008      0.164      0.237        241 2.6185e+02 0.0000e+00
      0.177    24.4526     8.1444     97.595  93.177324     94.206      7.957   277.2924     1.4921     0.4337     0.0490      0.007      0.174      0.252        242 2.3735e+02 0.0000e+00
      0.191    24.4527     8.1287     97.406  93.201434     94.206      7.959   277.3303     1.4881     0.3665     0.0490      0.005      0.187      0.271        243 2.5124e+02 0.0000e+00
      0.205    24.4528     8.1213     97.318  93.187904     94.234      7.961   277.4060     1.4881     0.4605     0.0490      0.008      0.200      0.290        244 2.4789e+02 0.0000e+00
      0.217    24.4528     8.1120     97.206  93.104936     94.092      7.964   277.4817     1.4921     0.5142     0.0490      0.018      0.209      0.302        245 2.1918e+02 0.0000e+00
      0.216    24.4528     8.1121     97.208  93.185717     94.234      7.963   276.9517     1.5124     0.4605     0.0490      0.028      0.209      0.302        246 2.5807e+02 0.0000e+00
      0.204    24.4528     8.1108     97.193  93.146858     94.149      7.960   277.1788     1.5043     0.4605     0.0490      0.030      0.201      0.290        247 2.5332e+02 0.0000e+00
      0.190    24.4527     8.1128     97.217  93.123555     94.149      7.961   277.2546     1.5164     0.4605     0.0490      0.023      0.197      0.285        248 1.7680e+02 0.0000e+00
      0.208    24.4527     8.1260     97.375  93.214717     94.234      7.960   277.1788     1.5609     0.4068     0.0490      0.017      0.213      0.308        249 2.0136e+02 0.0000e+00
      0.253    24.4528     8.1238     97.348  93.182118     94.206      7.951   276.8003     1.5245     0.3800     0.0490      0.020      0.248      0.359        250 2.1668e+02 0.0000e+00
      0.295    24.4523     8.1299     97.421  93.193866     94.206      7.947   276.2703     1.5690     0.4874     0.0490      0.034      0.284      0.411        251 2.0648e+02 0.0000e+00
      0.319    24.4518     8.1326     97.454  93.200098     94.234      7.947   276.2703     1.5366     0.4605     0.0490      0.050      0.305      0.442        252 2.1566e+02 0.0000e+00
      0.317    24.4517     8.1268     97.385  93.144622     94.150      7.945   276.0810     1.4881     0.5277     0.0490      0.063      0.308      0.447        253 2.1115e+02 0.0000e+00
      0.308    24.4516     8.1238     97.349  93.173679     94.207      7.948   276.2703     1.4638     0.3531     0.0490      0.069      0.302      0.438        254 2.2042e+02 0.0000e+00
      0.300    24.4517     8.1308     97.433  93.163936     94.179      7.953   276.1567     1.5164     0.4068     0.0490      0.067      0.296      0.429        255 2.1683e+02 0.0000e+00
