Data/DataNotYetUploadedToEDI/Raw_CTD/2018_RawDownloads/053018_ccr50.cnv
* Sea-Bird SBE19plus  Data File:
* FileName = C:\DATA\053018_ccr50_0001.hex
* Software version 2.6.3.104
* Temperature SN = 7809
* Conductivity SN = 7809
* System UpLoad Time = May 30 2018 14:41:11
* <ApplicationData>
* <Seaterm232>
# nquan = 17
# nvalues = 1382                        
# units = specified
# name 0 = depFM: Depth [fresh water, m]
# name 1 = tv290C: Temperature [ITS-90, deg C]
# name 2 = sbeox0Mg/L: Oxygen, SBE 43 [mg/l]
# name 3 = sbeox0PS: Oxygen, SBE 43 [% saturation]
# name 4 = c0uS/cm: Conductivity [uS/cm]
# name 5 = specc: Specific Conductance [uS/cm]
# name 6 = ph: pH
# name 7 = orp: Oxidation Reduction Potential [mV]
# name 8 = flECO-AFL: Fluorescence, WET Labs ECO-AFL/FL [mg/m^3]
# name 9 = turbWETntu0: Turbidity, WET Labs ECO [NTU]
# name 10 = sal00: Salinity, Practical [PSU]
# name 11 = dz/dtM: Descent Rate [m/s]
# name 12 = prdM: Pressure, Strain Gauge [db]
# name 13 = prdE: Pressure, Strain Gauge [psi]
# name 14 = scan: Scan Count
# name 15 = par/sat/log: PAR/Logarithmic, Satlantic
# name 16 = flag:  0.000e+00
# span 0 =     -0.401,     21.248       
# span 1 =     9.3342,    24.4531       
# span 2 =     4.3085,    10.0703       
# span 3 =     37.612,    105.278       
# span 4 =  -0.565995,  93.303330       
# span 5 =      0.462,    133.300       
# span 6 =      5.608,      7.967       
# span 7 = -1240.7455,  1240.2295       
# span 8 =    -0.2102,     4.7998       
# span 9 =    -0.2914,     3.1998       
# span 10 =     0.0115,     0.0620      
# span 11 =     -0.152,      0.165      
# span 12 =     -0.393,     20.837      
# span 13 =     -0.570,     30.222      
# span 14 =          1,       1382      
# span 15 = 1.2370e-01, 3.1610e+02      
# span 16 = 0.0000e+00, 0.0000e+00      
# interval = seconds: 0.25
# start_time = May 30 2018 14:15:15 [Instrument's time stamp, header]
# bad_flag = -9.990e-29
*END*
[from data line 1192]
     17.947     9.6665     9.0921     79.926  85.922151    123.927      7.058   316.5882     0.6389     1.1051     0.0579      0.084     17.601     25.528       1193 1.2566e-01 0.0000e+00
     17.962     9.6660     9.0878     79.886  85.942840    123.930      7.058   316.7018     0.6632     1.0379     0.0579      0.085     17.618     25.553       1194 1.2571e-01 0.0000e+00
     17.988     9.6653     9.0834     79.845  85.945436    123.972      7.056   316.5504     0.6713     1.1319     0.0579      0.084     17.641     25.585       1195 1.2554e-01 0.0000e+00
     18.014     9.6640     9.0761     79.778  85.889191    123.853      7.059   316.6261     0.6591     1.0648     0.0579      0.082     17.663     25.618       1196 1.2553e-01 0.0000e+00
     18.031     9.6629     9.0748     79.767  85.923638    123.937      7.058   316.7775     0.6794     1.1051     0.0579      0.079     17.681     25.644       1197 1.2561e-01 0.0000e+00
     18.043     9.6620     9.0660     79.691  85.962033    123.981      7.059   316.4747     0.6753     0.8097     0.0579      0.075     17.696     25.664       1198 1.2563e-01 0.0000e+00
     18.059     9.6612     9.0577     79.619  85.930609    123.945      7.058   316.5882     0.6551     0.8365     0.0579      0.073     17.711     25.687       1199 1.2571e-01 0.0000e+00
     18.078     9.6605     9.0527     79.575  85.933014    123.948      7.057   316.3990     0.6632     0.8634     0.0579      0.073     17.727     25.712       1200 1.2577e-01 0.0000e+00
     18.094     9.6595     9.0411     79.475  85.959044    123.992      7.059   316.6261     0.6430     0.7962     0.0579      0.072     17.746     25.738       1201 1.2569e-01 0.0000e+00
     18.115     9.6585     9.0324     79.397  85.927950    123.954      7.058   316.6261     0.6632     1.1185     0.0579      0.071     17.769     25.771       1202 1.2566e-01 0.0000e+00
     18.148     9.6577     9.0295     79.370  85.882512    123.876      7.058   316.7018     0.6632     1.0379     0.0579      0.072     17.799     25.815       1203 1.2561e-01 0.0000e+00
     18.186     9.6564     9.0262     79.339  85.896661    123.920      7.057   316.8911     0.6713     1.0916     0.0579      0.080     17.835     25.867       1204 1.2559e-01 0.0000e+00
     18.226     9.6550     9.0169     79.257  85.880611    123.883      7.058   317.0047     0.6794     1.1453     0.0579      0.093     17.869     25.916       1205 1.2559e-01 0.0000e+00
     18.249     9.6540     9.0184     79.268  85.932222    123.968      7.058   316.7775     0.6713     1.0111     0.0579      0.104     17.890     25.949       1206 1.2574e-01 0.0000e+00
     18.255     9.6539     9.0171     79.256  85.951367    124.013      7.057   316.9668     0.6551     0.9842     0.0579      0.107     17.899     25.961       1207 1.2564e-01 0.0000e+00
     18.253     9.6544     9.0214     79.291  85.886519    123.896      7.056   316.7018     0.6430     1.1588     0.0579      0.100     17.902     25.965       1208 1.2544e-01 0.0000e+00
     18.258     9.6547     9.0274     79.340  85.864258    123.896      7.056   316.9290     0.6834     1.1185     0.0579      0.088     17.908     25.974       1209 1.2554e-01 0.0000e+00
     18.272     9.6555     9.0298     79.356  85.860139    123.854      7.059   316.6640     0.6672     1.1051     0.0579      0.073     17.922     25.994       1210 1.2551e-01 0.0000e+00
     18.295     9.6561     9.0388     79.431  85.861914    123.893      7.056   317.0047     0.6996     1.0379     0.0579      0.060     17.943     26.025       1211 1.2553e-01 0.0000e+00
     18.324     9.6556     9.0501     79.527  85.891783    123.891      7.058   316.7775     0.6511     1.0648     0.0579      0.053     17.971     26.064       1212 1.2559e-01 0.0000e+00
     18.355     9.6546     9.0501     79.524  85.941900    124.009      7.057   316.5504     0.6511     1.1453     0.0579      0.055     17.997     26.103       1213 1.2565e-01 0.0000e+00
     18.376     9.6538     9.0497     79.519  85.888744    123.891      7.056   316.6640     0.6591     1.0648     0.0579      0.064     18.017     26.133       1214 1.2568e-01 0.0000e+00
     18.386     9.6530     9.0527     79.544  85.868737    123.894      7.058   317.0425     0.7238     1.0782     0.0579      0.074     18.032     26.154       1215 1.2560e-01 0.0000e+00
     18.403     9.6523     9.0600     79.605  85.907332    123.937      7.058   316.7018     0.6996     1.1722     0.0579      0.082     18.048     26.177       1216 1.2555e-01 0.0000e+00
     18.425     9.6517     9.0575     79.582  85.870447    123.900      7.059   316.3990     0.6996     1.0111     0.0579      0.084     18.068     26.205       1217 1.2566e-01 0.0000e+00
     18.444     9.6504     9.0541     79.551  85.884909    123.902      7.057   316.2475     0.7319     1.1185     0.0579      0.082     18.088     26.234       1218 1.2567e-01 0.0000e+00
     18.465     9.6481     9.0516     79.528  85.948800    124.026      7.058   316.3232     0.7158     1.0916     0.0579      0.079     18.109     26.264       1219 1.2569e-01 0.0000e+00
     18.490     9.6456     9.0434     79.454  85.880135    123.909      7.061   316.3990     0.6915     0.9976     0.0579      0.076     18.133     26.299       1220 1.2572e-01 0.0000e+00
     18.517     9.6435     9.0356     79.384  85.881165    123.917      7.057   316.4368     0.7077     1.0379     0.0579      0.077     18.158     26.335       1221 1.2556e-01 0.0000e+00
     18.540     9.6416     9.0117     79.171  85.947522    124.047      7.060   316.5882     0.6996     1.0648     0.0579      0.082     18.178     26.366       1222 1.2560e-01 0.0000e+00
     18.553     9.6403     8.9879     78.961  85.886758    123.934      7.059   316.7018     0.7077     1.1588     0.0579      0.086     18.193     26.387       1223 1.2573e-01 0.0000e+00
     18.562     9.6395     8.9698     78.800  85.927055    124.021      7.060   316.2097     0.7158     1.0782     0.0579      0.083     18.206     26.404       1224 1.2559e-01 0.0000e+00
     18.577     9.6384     8.9557     78.674  85.956842    124.066      7.058   316.6261     0.7077     1.0648     0.0580      0.078     18.221     26.427       1225 1.2548e-01 0.0000e+00
     18.602     9.6374     8.9432     78.563  85.879424    123.948      7.059   316.2097     0.7077     0.9842     0.0579      0.075     18.242     26.459       1226 1.2566e-01 0.0000e+00
     18.627     9.6366     8.9311     78.457  85.934203    124.032      7.061   316.3990     0.6591     1.0514     0.0579      0.074     18.267     26.494       1227 1.2568e-01 0.0000e+00
     18.652     9.6358     8.9250     78.402  86.007605    124.158      7.060   316.6640     0.6834     1.0111     0.0580      0.074     18.289     26.527       1228 1.2564e-01 0.0000e+00
     18.670     9.6351     8.9322     78.464  85.936745    124.039      7.060   316.4747     0.6632     1.1453     0.0579      0.074     18.309     26.555       1229 1.2568e-01 0.0000e+00
     18.688     9.6345     8.9311     78.452  85.933191    124.042      7.061   316.5125     0.6713     1.0648     0.0579      0.077     18.326     26.580       1230 1.2569e-01 0.0000e+00
     18.705     9.6334     8.9391     78.521  85.952564    124.085      7.060   316.2475     0.8047     0.8902     0.0580      0.080     18.344     26.606       1231 1.2558e-01 0.0000e+00
     18.727     9.6320     8.9340     78.474  85.942370    124.047      7.060   316.3990     0.7602     0.8097     0.0579      0.082     18.363     26.634       1232 1.2552e-01 0.0000e+00
     18.745     9.6310     8.9364     78.493  85.916146    124.050      7.059   316.1718     0.7724     0.7962     0.0579      0.081     18.383     26.662       1233 1.2563e-01 0.0000e+00
     18.764     9.6302     8.9235     78.379  85.925735    124.015      7.060   316.5504     0.7764     0.7559     0.0579      0.078     18.403     26.692       1234 1.2552e-01 0.0000e+00
     18.790     9.6293     8.9082     78.244  85.960171    124.140      7.057   316.5504     0.7521     0.8365     0.0580      0.077     18.425     26.723       1235 1.2549e-01 0.0000e+00
     18.809     9.6289     8.8910     78.091  85.903026    123.981      7.058   316.4747     0.7845     0.9171     0.0579      0.077     18.445     26.751       1236 1.2556e-01 0.0000e+00
     18.825     9.6286     8.8619     77.831  85.937387    124.106      7.061   316.3232     0.7805     0.8634     0.0580      0.078     18.461     26.774       1237 1.2565e-01 0.0000e+00
     18.839     9.6279     8.8363     77.602  85.947142    124.067      7.059   316.3990     0.7805     0.8634     0.0579      0.077     18.475     26.796       1238 1.2561e-01 0.0000e+00
     18.853     9.6269     8.8106     77.374  85.920619    124.068      7.058   316.2854     0.7441     0.9036     0.0579      0.074     18.490     26.818       1239 1.2559e-01 0.0000e+00
     18.872     9.6260     8.7930     77.216  85.970396    124.111      7.058   315.9068     0.7602     0.8902     0.0580      0.071     18.509     26.845       1240 1.2561e-01 0.0000e+00
     18.897     9.6253     8.7745     77.052  85.974397    124.155      7.060   316.0961     0.7400     0.7694     0.0580      0.071     18.531     26.878       1241 1.2550e-01 0.0000e+00
     18.922     9.6240     8.7508     76.843  86.004842    124.158      7.060   315.9068     0.7885     0.8902     0.0580      0.072     18.555     26.912       1242 1.2553e-01 0.0000e+00
     18.943     9.6231     8.7294     76.654  86.051443    124.282      7.058   316.2097     0.7643     0.8231     0.0580      0.074     18.576     26.942       1243 1.2556e-01 0.0000e+00
     18.961     9.6226     8.7245     76.609  86.005605    124.165      7.057   316.3990     0.7117     1.3333     0.0580      0.077     18.594     26.968       1244 1.2561e-01 0.0000e+00
     18.977     9.6223     8.7019     76.410  85.972688    124.168      7.058   316.1340     0.7117     1.2393     0.0580      0.079     18.611     26.993       1245 1.2564e-01 0.0000e+00
     18.996     9.6212     8.6757     76.178  85.973477    124.130      7.057   316.2475     0.7319     1.2796     0.0580      0.080     18.630     27.020       1246 1.2557e-01 0.0000e+00
     19.018     9.6190     8.6386     75.848  85.974892    124.171      7.058   316.1340     0.7077     1.2528     0.0580      0.080     18.650     27.048       1247 1.2546e-01 0.0000e+00
     19.037     9.6168     8.6025     75.530  86.000661    124.175      7.057   316.1718     0.7158     1.0379     0.0580      0.079     18.667     27.074       1248 1.2556e-01 0.0000e+00
     19.050     9.6152     8.5563     75.121  86.000875    124.224      7.058   316.2097     0.6996     1.0379     0.0580      0.075     18.682     27.096       1249 1.2562e-01 0.0000e+00
     19.064     9.6138     8.5165     74.771  86.004360    124.191      7.056   316.3232     0.7117     1.0379     0.0580      0.071     18.695     27.116       1250 1.2556e-01 0.0000e+00
     19.079     9.6128     8.4617     74.288  86.055793    124.318      7.057   316.1340     0.7158     1.0648     0.0581      0.068     18.710     27.137       1251 1.2557e-01 0.0000e+00
     19.095     9.6121     8.4192     73.912  86.145005    124.404      7.056   315.8311     0.6066     0.8634     0.0581      0.066     18.724     27.157       1252 1.2552e-01 0.0000e+00
     19.106     9.6112     8.3937     73.685  86.160941    124.489      7.056   316.1340     0.6066     0.7962     0.0581      0.063     18.735     27.173       1253 1.2548e-01 0.0000e+00
     19.114     9.6108     8.3651     73.433  86.095429    124.329      7.056   316.0582     0.5783     0.7291     0.0581      0.057     18.745     27.187       1254 1.2565e-01 0.0000e+00
     19.124     9.6101     8.3500     73.299  86.167069    124.494      7.058   316.2097     0.5823     0.8634     0.0581      0.052     18.759     27.207       1255 1.2570e-01 0.0000e+00
     19.148     9.6087     8.3375     73.187  86.190722    124.496      7.055   315.8311     0.6996     1.0648     0.0581      0.052     18.780     27.238       1256 1.2556e-01 0.0000e+00
     19.179     9.6072     8.3409     73.215  86.184928    124.499      7.054   316.0204     0.7117     1.0111     0.0581      0.057     18.808     27.278       1257 1.2559e-01 0.0000e+00
     19.208     9.6058     8.3301     73.118  86.233749    124.584      7.056   316.3232     0.7077     1.0916     0.0582      0.066     18.835     27.317       1258 1.2556e-01 0.0000e+00
     19.229     9.6046     8.3410     73.211  86.189435    124.509      7.056   316.2097     0.7077     1.0648     0.0581      0.073     18.856     27.349       1259 1.2566e-01 0.0000e+00
     19.246     9.6036     8.3460     73.252  86.180610    124.514      7.052   316.1718     0.8047     1.0648     0.0581      0.080     18.873     27.374       1260 1.2574e-01 0.0000e+00
     19.261     9.6026     8.3543     73.322  86.185265    124.519      7.052   316.0582     0.7521     1.0514     0.0581      0.084     18.891     27.399       1261 1.2553e-01 0.0000e+00
     19.285     9.6011     8.3603     73.373  86.183644    124.522      7.053   315.9825     0.7562     1.0111     0.0581      0.088     18.913     27.431       1262 1.2540e-01 0.0000e+00
     19.312     9.5995     8.3712     73.467  86.182629    124.526      7.051   316.1340     0.7683     1.0514     0.0581      0.089     18.936     27.464       1263 1.2561e-01 0.0000e+00
     19.329     9.5988     8.3757     73.503  86.186530    124.531      7.050   315.9447     0.6632     1.0648     0.0581      0.086     18.953     27.489       1264 1.2566e-01 0.0000e+00
     19.338     9.5982     8.3832     73.567  86.178791    124.536      7.050   316.2475     0.6713     1.0111     0.0582      0.079     18.965     27.506       1265 1.2559e-01 0.0000e+00
     19.350     9.5971     8.3909     73.634  86.192263    124.539      7.050   316.2854     0.6551     1.1453     0.0582      0.073     18.978     27.526       1266 1.2566e-01 0.0000e+00
     19.370     9.5958     8.3931     73.651  86.169768    124.541      7.047   316.1340     0.6753     1.0379     0.0582      0.070     18.996     27.552       1267 1.2549e-01 0.0000e+00
     19.393     9.5943     8.3909     73.630  86.147320    124.464      7.048   316.1340     0.6632     1.0379     0.0581      0.070     19.020     27.586       1268 1.2546e-01 0.0000e+00
     19.423     9.5927     8.4011     73.716  86.220202    124.631      7.046   315.9825     0.6794     1.0379     0.0582      0.072     19.048     27.626       1269 1.2567e-01 0.0000e+00
     19.454     9.5910     8.4023     73.723  86.198005    124.555      7.047   315.9068     0.6955     1.0514     0.0582      0.076     19.075     27.666       1270 1.2566e-01 0.0000e+00
     19.476     9.5896     8.4045     73.740  86.174945    124.561      7.046   316.2097     0.7198     1.1319     0.0582      0.081     19.098     27.700       1271 1.2563e-01 0.0000e+00
     19.495     9.5887     8.3955     73.658  86.189436    124.567      7.047   316.2097     0.6915     1.0111     0.0582      0.088     19.118     27.728       1272 1.2562e-01 0.0000e+00
     19.513     9.5873     8.3876     73.586  86.179975    124.572      7.050   316.1340     0.6713     1.1588     0.0582      0.092     19.136     27.753       1273 1.2547e-01 0.0000e+00
     19.531     9.5859     8.3877     73.584  86.186719    124.575      7.045   315.8690     0.6308     1.0782     0.0582      0.092     19.152     27.778       1274 1.2552e-01 0.0000e+00
     19.545     9.5851     8.3727     73.451  86.181043    124.581      7.045   315.9825     0.6632     1.0782     0.0582      0.088     19.167     27.800       1275 1.2567e-01 0.0000e+00
     19.559     9.5844     8.3656     73.387  86.187043    124.586      7.042   315.9825     0.6632     1.0245     0.0582      0.080     19.182     27.820       1276 1.2569e-01 0.0000e+00
