Data/DataNotYetUploadedToEDI/Raw_CTD/2018_RawDownloads/061118_fcr45.cnv
* Sea-Bird SBE19plus  Data File:
* FileName = C:\DATA\061418_bvr50_0005.hex
* Software version 2.6.3.104 SB_Terminal.dll
* Temperature SN = 7809
* Conductivity SN = 7809
* System UpLoad Time = Jun 14 2018 16:25:56
* <ApplicationData>
* <Seaterm232>
# nquan = 15
# nvalues = 262                         
# units = specified
# name 0 = depFM: Depth [fresh water, m]
# name 1 = dz/dtM: Descent Rate [m/s]
# name 2 = sbeox0Mg/L: Oxygen, SBE 43 [mg/l]
# name 3 = sbeox0PS: Oxygen, SBE 43 [% saturation]
# name 4 = specc: Specific Conductance [uS/cm]
# name 5 = c0uS/cm: Conductivity [uS/cm]
# name 6 = flECO-AFL: Fluorescence, WET Labs ECO-AFL/FL [mg/m^3]
# name 7 = ph: pH
# name 8 = orp: Oxidation Reduction Potential [mV]
# name 9 = par/sat/log: PAR/Logarithmic, Satlantic
# name 10 = turbWETntu0: Turbidity, WET Labs ECO [NTU]
# name 11 = prdM: Pressure, Strain Gauge [db]
# name 12 = prdE: Pressure, Strain Gauge [psi]
# name 13 = tv290C: Temperature [ITS-90, deg C]
# name 14 = flag:  0.000e+00
# span 0 =     -0.592,      7.390       
# span 1 =     -0.001,      0.300       
# span 2 =     6.6057,     8.8929       
# span 3 =     59.057,     90.701       
# span 4 =      0.765,     43.341       
# span 5 =   0.705586,  31.775032       
# span 6 =    -0.1966,     3.7352       
# span 7 =      6.358,      8.061       
# span 8 =   259.9669,   482.6149       
# span 9 = 3.1176e-01, 3.2709e+02       
# span 10 =    -0.2943,     8.0072      
# span 11 =     -0.581,      7.248      
# span 12 =     -0.843,     10.512      
# span 13 =    10.2859,    24.8582      
# span 14 = 0.0000e+00, 0.0000e+00      
# interval = seconds: 0.25
# start_time = Jun 11 2018 15:04:58 [Instrument's time stamp, header]
# bad_flag = -9.990e-29
*END*
[from data line 97]
      0.740      0.257     7.1079     85.456     31.535  31.309772     1.8085      7.357   286.1082 8.1551e+01     0.8743      0.724      1.050    24.6533 0.0000e+00
      0.805      0.248     7.0280     84.496     31.494  31.268764     1.8055      7.354   286.0624 7.8027e+01     0.8649      0.789      1.144    24.6494 0.0000e+00
      0.872      0.233     6.9610     83.686     31.481  31.255032     1.8026      7.356   285.9849 7.4651e+01     0.8692      0.857      1.243    24.6396 0.0000e+00
      0.936      0.211     6.8988     82.930     31.500  31.270752     1.8380      7.361   286.1184 7.1836e+01     0.8954      0.919      1.334    24.6359 0.0000e+00
      0.996      0.183     6.8361     82.160     31.569  31.331822     1.9112      7.366   286.6441 6.9625e+01     0.8770      0.980      1.421    24.6388 0.0000e+00
      1.043      0.157     6.7750     81.390     31.674  31.421836     1.9529      7.364   287.6948 6.8286e+01     0.8305      1.031      1.495    24.6386 0.0000e+00
      1.071      0.141     6.7241     80.711     31.751  31.469962     1.9555      7.353   289.0134 6.7686e+01     0.8517      1.056      1.531    24.6365 0.0000e+00
      1.086      0.139     6.6821     80.113     31.791  31.469109     1.9525      7.338   290.2832 6.7162e+01     0.9192      1.063      1.542    24.6310 0.0000e+00
      1.104      0.153     6.6429     79.536     31.844  31.474960     1.9530      7.322   291.6048 6.6110e+01     0.9443      1.075      1.560    24.6228 0.0000e+00
      1.139      0.179     6.6137     79.059     31.903  31.477137     1.9516      7.308   292.6029 6.3970e+01     0.9118      1.109      1.607    24.6049 0.0000e+00
      1.194      0.210     6.6057     78.804     31.927  31.431836     1.9452      7.298   293.1449 6.0819e+01     0.8611      1.167      1.692    24.5587 0.0000e+00
      1.264      0.238     6.6141     78.741     32.003  31.435191     2.0227      7.290   293.8565 5.7344e+01     0.8506      1.237      1.795    24.4887 0.0000e+00
      1.339      0.257     6.6288     78.766     32.218  31.581106     2.1810      7.282   294.4951 5.3996e+01     0.8767      1.311      1.901    24.4199 0.0000e+00
      1.414      0.265     6.6502     78.867     32.443  31.735284     2.2606      7.276   294.9303 5.1244e+01     0.8712      1.391      2.017    24.3383 0.0000e+00
      1.481      0.264     6.6819     79.061     32.566  31.775032     2.2586      7.274   295.5052 4.9242e+01     0.8455      1.457      2.114    24.2192 0.0000e+00
      1.541      0.257     6.7233     79.299     32.646  31.744031     2.2851      7.270   295.9390 4.7407e+01     0.9017      1.508      2.187    24.1014 0.0000e+00
      1.604      0.247     6.7661     79.460     32.733  31.677845     2.3516      7.265   296.2178 4.5460e+01     1.0315      1.570      2.277    24.0092 0.0000e+00
      1.671      0.238     6.7982     79.445     32.773  31.546149     2.3926      7.260   296.8120 4.3526e+01     1.1030      1.641      2.380    23.9100 0.0000e+00
      1.733      0.233     6.8159     79.271     32.750  31.358131     2.3859      7.252   297.8750 4.1584e+01     1.0948      1.701      2.467    23.7947 0.0000e+00
      1.790      0.232     6.8299     79.057     32.737  31.182551     2.2701      7.241   298.9176 3.9777e+01     1.0241      1.756      2.547    23.6407 0.0000e+00
      1.844      0.233     6.8555     78.944     32.809  31.074214     2.0583      7.231   299.4373 3.8198e+01     0.9198      1.809      2.624    23.3967 0.0000e+00
      1.898      0.235     6.8983     79.007     32.928  31.000610     1.9482      7.223   299.6840 3.6634e+01     0.8711      1.860      2.698    23.1126 0.0000e+00
      1.956      0.240     6.9554     79.264     33.033  30.927418     1.9495      7.217   300.0079 3.4886e+01     0.8621      1.914      2.777    22.8670 0.0000e+00
      2.022      0.242     7.0212     79.678     33.144  30.887594     1.9460      7.212   300.1694 3.3007e+01     0.8419      1.982      2.874    22.6317 0.0000e+00
      2.092      0.240     7.0893     80.177     33.215  30.836439     1.8870      7.209   300.3468 3.1265e+01     0.8403      2.052      2.977    22.3586 0.0000e+00
      2.158      0.232     7.1533     80.681     33.156  30.689803     1.7876      7.205   300.8617 2.9825e+01     0.8731      2.119      3.073    22.0567 0.0000e+00
      2.218      0.222     7.2059     81.074     33.054  30.511658     1.7363      7.198   301.4057 2.8612e+01     0.8726      2.177      3.157    21.7918 0.0000e+00
      2.271      0.211     7.2393     81.257     33.018  30.397062     1.7355      7.190   302.1061 2.7600e+01     0.8331      2.230      3.234    21.5802 0.0000e+00
      2.317      0.201     7.2512     81.204     33.019  30.320216     1.7049      7.183   302.9622 2.6700e+01     0.8229      2.272      3.295    21.3972 0.0000e+00
      2.362      0.194     7.2514     80.936     33.099  30.280987     1.6419      7.175   303.4974 2.5719e+01     0.8716      2.312      3.354    21.2730 0.0000e+00
      2.412      0.190     7.2498     80.498     33.317  30.303637     1.6174      7.169   303.8444 2.4737e+01     0.9336      2.366      3.431    21.1522 0.0000e+00
      2.462      0.187     7.2387     79.941     33.558  30.339804     1.6202      7.163   304.1466 2.3890e+01     0.9322      2.415      3.503    21.0138 0.0000e+00
      2.511      0.182     7.2103     79.331     33.695  30.336994     1.5924      7.158   304.3983 2.3150e+01     0.9462      2.462      3.572    20.9270 0.0000e+00
      2.559      0.176     7.1817     78.777     33.734  30.269493     1.5568      7.151   304.9946 2.2470e+01     1.0415      2.511      3.642    20.7890 0.0000e+00
      2.603      0.171     7.1736     78.382     33.757  30.158583     1.5574      7.140   305.9369 2.1881e+01     1.1086      2.556      3.707    20.4807 0.0000e+00
      2.643      0.171     7.1907     78.188     33.921  30.138913     1.5724      7.126   306.6709 2.1385e+01     1.1161      2.594      3.761    20.1490 0.0000e+00
      2.679      0.176     7.2284     78.178     34.292  30.285464     1.6006      7.114   306.9005 2.0870e+01     1.1016      2.626      3.809    19.9980 0.0000e+00
      2.719      0.179     7.2739     78.269     34.699  30.469649     1.6504      7.106   306.7344 2.0233e+01     1.0868      2.663      3.862    19.8877 0.0000e+00
      2.769      0.178     7.3005     78.333     34.944  30.587469     1.6685      7.101   306.5548 1.9475e+01     1.0896      2.711      3.931    19.6813 0.0000e+00
      2.827      0.171     7.2908     78.271     34.971  30.630262     1.6721      7.099   306.4496 1.8793e+01     1.1042      2.775      4.024    19.4273 0.0000e+00
      2.881      0.153     7.2579     78.073     34.866  30.606047     1.7032      7.100   306.3233 1.8318e+01     1.1112      2.831      4.105    19.1611 0.0000e+00
      2.922      0.127     7.2208     77.774     34.749  30.548817     1.7317      7.102   306.4038 1.8005e+01     1.0832      2.867      4.159    18.8671 0.0000e+00
      2.950      0.099     7.1909     77.449     34.634  30.446404     1.7418      7.099   307.3375 1.7856e+01     1.0697      2.899      4.204    18.6762 0.0000e+00
      2.965      0.083     7.1801     77.159     34.579  30.320382     1.7428      7.085   309.1800 1.7805e+01     1.1004      2.913      4.225    18.7727 0.0000e+00
      2.968      0.090     7.2038     76.968     34.777  30.295134     1.7428      7.064   310.5268 1.7778e+01     1.1190      2.912      4.223    18.9072 0.0000e+00
      2.969      0.118     7.2750     77.039     35.245  30.394906     1.7607      7.046   311.1465 1.7723e+01     1.0806      2.908      4.219    18.9703 0.0000e+00
      2.984      0.157     7.3900     77.543     35.746  30.510199     1.7938      7.034   311.6830 1.7328e+01     1.0332      2.910      4.221    18.9825 0.0000e+00
      3.037      0.199     7.5367     78.488     36.170  30.609113     1.8123      7.024   312.0228 1.6454e+01     1.0352      2.963      4.297    18.9025 0.0000e+00
      3.121      0.238     7.7002     79.729     36.519  30.701429     1.8183      7.016   312.4156 1.5539e+01     1.0432      3.064      4.445    18.6302 0.0000e+00
      3.205      0.266     7.8587     81.029     36.738  30.737026     1.8949      7.008   312.9047 1.4846e+01     0.9762      3.149      4.567    18.1099 0.0000e+00
      3.278      0.278     7.9904     82.107     36.939  30.785303     2.0400      7.000   313.2907 1.4250e+01     0.8664      3.215      4.663    17.6400 0.0000e+00
      3.344      0.273     8.0793     82.802     37.194  30.903941     2.1199      6.991   313.5552 1.3709e+01     0.8446      3.280      4.758    17.2852 0.0000e+00
      3.408      0.259     8.1162     83.045     37.337  30.964688     2.1347      6.983   314.0367 1.3214e+01     0.8964      3.341      4.846    16.9969 0.0000e+00
      3.474      0.249     8.1004     82.774     37.373  30.948143     2.2099      6.974   314.7245 1.2728e+01     0.9748      3.406      4.940    16.8226 0.0000e+00
      3.539      0.244     8.0409     82.051     37.446  30.957875     2.3402      6.962   315.1603 1.2292e+01     1.0595      3.475      5.039    16.6590 0.0000e+00
      3.599      0.240     7.9518     81.032     37.578  31.018787     2.4053      6.948   315.6068 1.1907e+01     1.0958      3.532      5.122    16.5123 0.0000e+00
      3.655      0.236     7.8498     79.880     37.753  31.112984     2.4264      6.937   316.3376 1.1510e+01     1.1085      3.583      5.196    16.4623 0.0000e+00
      3.714      0.230     7.7502     78.750     37.933  31.207624     2.7522      6.929   317.0267 1.1105e+01     1.1524      3.643      5.282    16.4057 0.0000e+00
      3.777      0.220     7.6579     77.703     38.074  31.273868     3.3757      6.922   317.2277 1.0707e+01     1.2298      3.704      5.372    16.3259 0.0000e+00
      3.837      0.205     7.5707     76.727     38.132  31.278769     3.7162      6.917   317.2194 1.0335e+01     1.2815      3.764      5.460    16.2735 0.0000e+00
      3.892      0.185     7.4877     75.835     38.146  31.266832     3.7352      6.913   317.3559 1.0019e+01     1.3200      3.820      5.541    16.2037 0.0000e+00
      3.939      0.165     7.4022     75.007     38.111  31.256532     3.7067      6.909   317.6744 9.7838e+00     1.3891      3.866      5.607    16.1294 0.0000e+00
      3.976      0.151     7.3137     74.207     37.930  31.154249     3.6562      6.903   318.3160 9.6444e+00     1.4456      3.903      5.661    16.0634 0.0000e+00
      4.003      0.148     7.2501     73.534     37.816  31.046353     3.6308      6.893   319.0919 9.5498e+00     1.4549      3.930      5.700    16.0057 0.0000e+00
      4.023      0.158     7.2436     73.135     37.996  31.031621     3.6303      6.882   319.8283 9.3751e+00     1.4709      3.941      5.716    15.9563 0.0000e+00
      4.054      0.178     7.3011     73.078     38.388  31.039442     3.6031      6.870   320.4220 9.0260e+00     1.5168      3.966      5.751    15.9771 0.0000e+00
      4.108      0.201     7.4024     73.347     38.886  31.077025     3.4033      6.862   320.6783 8.5535e+00     1.6138      4.025      5.836    16.0941 0.0000e+00
      4.174      0.219     7.5238     73.918     39.386  31.168031     3.0519      6.857   320.6035 8.0513e+00     1.7580      4.093      5.937    16.1232 0.0000e+00
      4.243      0.226     7.6446     74.777     39.692  31.250278     2.8558      6.854   320.5504 7.5277e+00     1.8255      4.160      6.034    15.9173 0.0000e+00
      4.312      0.220     7.7432     75.797     39.734  31.309159     2.8336      6.852   320.8108 7.0302e+00     1.8500      4.231      6.135    15.4484 0.0000e+00
      4.373      0.206     7.8327     76.795     39.739  31.371924     2.7928      6.849   320.9988 6.6687e+00     1.9022      4.296      6.230    14.9266 0.0000e+00
      4.416      0.189     7.9430     77.699     39.927  31.437665     2.7117      6.845   320.9298 6.4006e+00     1.9379      4.335      6.289    14.5125 0.0000e+00
      4.448      0.172     8.0717     78.545     40.211  31.468820     2.6614      6.842   321.3537 6.0759e+00     1.9461      4.358      6.321    14.2427 0.0000e+00
      4.486      0.163     8.1904     79.280     40.411  31.430827     2.6538      6.834   322.5104 5.6944e+00     1.9400      4.395      6.373    14.3753 0.0000e+00
      4.532      0.173     8.2839     79.800     40.464  31.295617     2.6565      6.819   323.6435 5.3834e+00     1.9258      4.449      6.452    14.5732 0.0000e+00
      4.572      0.201     8.3795     80.195     40.526  31.104018     2.6578      6.801   324.2131 5.1847e+00     1.9271      4.490      6.511    14.4133 0.0000e+00
      4.607      0.237     8.5072     80.660     40.863  31.019260     2.6508      6.787   324.3220 4.9383e+00     1.9553      4.508      6.538    14.1187 0.0000e+00
      4.662      0.268     8.6583     81.303     41.435  31.096045     2.6358      6.779   324.2710 4.5330e+00     1.9608      4.557      6.611    13.8610 0.0000e+00
      4.749      0.290     8.8018     82.028     41.956  31.206387     2.4954      6.774   324.0267 4.0580e+00     1.9948      4.653      6.750    13.6989 0.0000e+00
      4.853      0.300     8.8929     82.434     41.969  31.019367     2.2395      6.771   323.6908 3.6302e+00     2.0910      4.762      6.907    13.4407 0.0000e+00
      4.948      0.293     8.8066     81.308     41.448  30.485808     2.1052      6.770   323.6518 3.3089e+00     2.1477      4.860      7.049    12.9565 0.0000e+00
      5.024      0.268     8.4570     77.727     41.141  30.089762     2.0852      6.770   323.8138 3.0832e+00     2.1610      4.932      7.154    12.4776 0.0000e+00
      5.083      0.230     8.0071     73.104     41.319  29.977629     2.0435      6.769   324.0145 2.9289e+00     2.1297      4.987      7.234    12.1567 0.0000e+00
      5.131      0.193     7.6628     69.469     41.633  29.955344     1.9865      6.768   324.1863 2.8333e+00     2.0445      5.036      7.303    11.9257 0.0000e+00
      5.168      0.165     7.4762     67.437     41.867  29.947054     1.9573      6.766   324.1697 2.7643e+00     1.9849      5.071      7.355    11.7761 0.0000e+00
      5.199      0.144     7.4347     66.869     42.001  29.940706     1.9473      6.765   324.1572 2.6913e+00     1.9583      5.097      7.393    11.6209 0.0000e+00
      5.232      0.127     7.5171     67.501     42.083  29.941994     1.9299      6.763   324.3792 2.5973e+00     1.9370      5.129      7.437    11.2772 0.0000e+00
      5.269      0.113     7.6982     69.065     42.158  29.962572     1.8763      6.762   324.6172 2.4950e+00     1.9414      5.169      7.496    10.9295 0.0000e+00
      5.302      0.102     7.9431     71.230     42.232  29.998953     1.7951      6.761   324.5402 2.4259e+00     1.9810      5.205      7.549    10.7320 0.0000e+00
      5.324      0.091     8.1768     73.318     42.242  30.000826     1.7576      6.760   324.4810 2.3907e+00     1.9890      5.224      7.576    10.6229 0.0000e+00
      5.339      0.081     8.2958     74.388     42.217  29.985214     1.7536      6.757   325.1057 2.3584e+00     1.9465      5.235      7.591    10.5636 0.0000e+00
      5.355      0.082     8.2653     74.118     42.236  30.000706     1.7466      6.749   326.1569 2.3152e+00     1.9235      5.250      7.615    10.5271 0.0000e+00
      5.373      0.097     8.1404     72.989     42.239  29.997615     1.7461      6.736   326.8655 2.2728e+00     1.9550      5.272      7.647    10.5090 0.0000e+00
      5.387      0.124     7.9877     71.591     42.189  29.947845     1.7563      6.722   327.2211 2.2418e+00     1.9925      5.283      7.662    10.5066 0.0000e+00
      5.410      0.157     7.8477     70.300     42.157  29.906969     1.7689      6.710   327.4453 2.1637e+00     1.9800      5.293      7.677    10.5106 0.0000e+00
