Data/DataNotYetUploadedToEDI/Raw_CTD/2018_RawDownloads/061118_fcr50.cnv
* Sea-Bird SBE19plus  Data File:
* FileName = C:\DATA\061418_bvr50_0001.hex
* Software version 2.6.3.104 SB_Terminal.dll
* Temperature SN = 7809
* Conductivity SN = 7809
* System UpLoad Time = Jun 14 2018 16:25:17
* <ApplicationData>
* <Seaterm232>
# nquan = 15
# nvalues = 682                         
# units = specified
# name 0 = depFM: Depth [fresh water, m]
# name 1 = dz/dtM: Descent Rate [m/s]
# name 2 = sbeox0Mg/L: Oxygen, SBE 43 [mg/l]
# name 3 = sbeox0PS: Oxygen, SBE 43 [% saturation]
# name 4 = specc: Specific Conductance [uS/cm]
# name 5 = c0uS/cm: Conductivity [uS/cm]
# name 6 = flECO-AFL: Fluorescence, WET Labs ECO-AFL/FL [mg/m^3]
# name 7 = ph: pH
# name 8 = orp: Oxidation Reduction Potential [mV]
# name 9 = par/sat/log: PAR/Logarithmic, Satlantic
# name 10 = turbWETntu0: Turbidity, WET Labs ECO [NTU]
# name 11 = prdM: Pressure, Strain Gauge [db]
# name 12 = prdE: Pressure, Strain Gauge [psi]
# name 13 = tv290C: Temperature [ITS-90, deg C]
# name 14 = flag:  0.000e+00
# span 0 =     -0.610,      9.632       
# span 1 =     -0.013,      0.277       
# span 2 =     3.9494,     9.9690       
# span 3 =     36.212,    114.207       
# span 4 =      0.646,     42.404       
# span 5 =   0.595761,  32.319757       
# span 6 =    -0.1979,     3.0911       
# span 7 =      5.915,      7.552       
# span 8 = -1225.1554,   357.9396       
# span 9 = 1.2558e-01, 2.9880e+02       
# span 10 =    -0.2314,     6.4110      
# span 11 =     -0.599,      9.446      
# span 12 =     -0.868,     13.700      
# span 13 =    10.3903,    24.6814      
# span 14 = 0.0000e+00, 0.0000e+00      
# interval = seconds: 0.25
# start_time = Jun 11 2018 13:39:59 [Instrument's time stamp, header]
# bad_flag = -9.990e-29
*END*
[from data line 482]
      4.511      0.100     7.6007     68.192     42.155  29.961312     2.8567      6.440   340.9014 7.9772e+00     1.4953      4.423      6.415    10.5852 0.0000e+00
      4.533      0.100     7.6712     68.804     42.143  29.941898     2.8479      6.438   341.1149 7.7983e+00     1.4908      4.442      6.442    10.5658 0.0000e+00
      4.561      0.098     7.7247     69.258     42.161  29.940873     2.8591      6.437   341.2835 7.5632e+00     1.5138      4.472      6.485    10.5544 0.0000e+00
      4.593      0.095     7.7647     69.593     42.190  29.948901     2.8634      6.436   341.5634 7.3239e+00     1.5296      4.505      6.534    10.5439 0.0000e+00
      4.622      0.093     7.7947     69.844     42.240  29.975443     2.8262      6.435   341.8323 7.1496e+00     1.5899      4.535      6.579    10.5356 0.0000e+00
      4.644      0.089     7.8130     69.994     42.295  30.007759     2.7674      6.433   341.9533 7.0415e+00     1.6929      4.556      6.609    10.5231 0.0000e+00
      4.659      0.084     7.8215     70.062     42.322  30.022089     2.7411      6.431   342.0801 6.9283e+00     1.7680      4.569      6.626    10.5041 0.0000e+00
      4.675      0.081     7.8296     70.130     42.326  30.021679     2.7377      6.430   342.3330 6.7589e+00     1.7961      4.581      6.644    10.4889 0.0000e+00
      4.697      0.082     7.8391     70.211     42.302  30.002799     2.7451      6.428   342.8599 6.5897e+00     1.7581      4.607      6.681    10.4792 0.0000e+00
      4.722      0.088     7.8481     70.287     42.278  29.984343     2.7656      6.422   343.5473 6.4693e+00     1.7052      4.634      6.720    10.4709 0.0000e+00
      4.742      0.098     7.8616     70.404     42.288  29.989043     2.7746      6.416   344.0190 6.3277e+00     1.7056      4.650      6.744    10.4650 0.0000e+00
      4.763      0.105     7.8775     70.541     42.302  29.996116     2.7713      6.411   344.1753 6.1104e+00     1.7330      4.667      6.770    10.4623 0.0000e+00
      4.791      0.107     7.8868     70.621     42.319  30.006346     2.7158      6.408   344.1467 5.8694e+00     1.7620      4.695      6.811    10.4609 0.0000e+00
      4.827      0.106     7.8911     70.657     42.291  29.985723     2.5999      6.406   344.3612 5.6525e+00     1.7510      4.734      6.865    10.4589 0.0000e+00
      4.862      0.106     7.8933     70.675     42.223  29.937283     2.5289      6.404   344.7901 5.4817e+00     1.7225      4.771      6.920    10.4555 0.0000e+00
      4.890      0.106     7.8899     70.644     42.213  29.928715     2.5278      6.401   344.9447 5.3893e+00     1.7221      4.801      6.962    10.4519 0.0000e+00
      4.906      0.103     7.8801     70.554     42.239  29.945627     2.5213      6.398   344.9398 5.3188e+00     1.7769      4.812      6.979    10.4492 0.0000e+00
      4.923      0.097     7.8667     70.430     42.249  29.951244     2.4881      6.397   344.9893 5.1755e+00     1.8668      4.822      6.994    10.4488 0.0000e+00
      4.952      0.093     7.8527     70.304     42.224  29.933119     2.4657      6.396   345.1133 4.9934e+00     1.8933      4.856      7.042    10.4487 0.0000e+00
      4.985      0.094     7.8417     70.204     42.202  29.917005     2.4620      6.394   345.3193 4.8606e+00     1.8828      4.894      7.098    10.4477 0.0000e+00
      5.010      0.099     7.8359     70.149     42.246  29.946926     2.4436      6.392   345.4153 4.7821e+00     1.8924      4.916      7.130    10.4460 0.0000e+00
      5.027      0.101     7.8334     70.123     42.292  29.977363     2.4087      6.390   345.3283 4.7021e+00     1.9180      4.927      7.147    10.4438 0.0000e+00
      5.048      0.097     7.8343     70.127     42.281  29.967482     2.3983      6.389   345.2134 4.5733e+00     1.9485      4.944      7.171    10.4427 0.0000e+00
      5.078      0.090     7.8395     70.169     42.266  29.954465     2.4102      6.390   345.1446 4.4160e+00     1.9563      4.978      7.219    10.4425 0.0000e+00
      5.111      0.080     7.8456     70.222     42.256  29.946984     2.4050      6.391   345.0984 4.2939e+00     1.9508      5.016      7.274    10.4413 0.0000e+00
      5.136      0.068     7.8518     70.280     42.245  29.940532     2.4002      6.392   345.0856 4.2326e+00     2.0044      5.041      7.312    10.4384 0.0000e+00
      5.148      0.054     7.8573     70.335     42.241  29.939959     2.4074      6.393   345.0753 4.2168e+00     2.0849      5.051      7.327    10.4359 0.0000e+00
      5.152      0.042     7.8606     70.368     42.239  29.940061     2.4001      6.394   345.0605 4.2120e+00     2.1006      5.053      7.329    10.4332 0.0000e+00
      5.154      0.036     7.8634     70.394     42.240  29.941775     2.3944      6.393   345.1640 4.1970e+00     2.1336      5.054      7.331    10.4313 0.0000e+00
      5.158      0.035     7.8682     70.436     42.267  29.960685     2.4213      6.393   345.5528 4.1664e+00     2.2096      5.057      7.335    10.4336 0.0000e+00
      5.168      0.040     7.8729     70.476     42.294  29.978175     2.4587      6.393   345.9754 4.1105e+00     2.2259      5.064      7.345    10.4377 0.0000e+00
      5.183      0.049     7.8742     70.483     42.275  29.962720     2.4695      6.392   346.0583 4.0428e+00     2.1771      5.082      7.370    10.4393 0.0000e+00
      5.200      0.059     7.8732     70.470     42.281  29.964339     2.4692      6.390   346.0383 3.9864e+00     2.1383      5.102      7.399    10.4400 0.0000e+00
      5.214      0.067     7.8715     70.450     42.331  29.997742     2.5191      6.389   346.2500 3.9208e+00     2.0927      5.114      7.417    10.4404 0.0000e+00
      5.229      0.072     7.8660     70.396     42.317  29.985553     2.6131      6.388   346.6390 3.8245e+00     1.9920      5.125      7.432    10.4384 0.0000e+00
      5.249      0.077     7.8615     70.353     42.260  29.943972     2.6687      6.385   347.0422 3.7099e+00     1.9287      5.145      7.462    10.4354 0.0000e+00
      5.274      0.083     7.8632     70.367     42.255  29.939533     2.6777      6.382   347.4257 3.6085e+00     1.9370      5.173      7.504    10.4327 0.0000e+00
      5.295      0.088     7.8662     70.393     42.245  29.931887     2.6562      6.379   347.7476 3.5409e+00     2.0012      5.193      7.532    10.4293 0.0000e+00
      5.315      0.091     7.8688     70.415     42.222  29.915031     2.6202      6.376   347.8370 3.4686e+00     2.1253      5.211      7.557    10.4267 0.0000e+00
      5.339      0.090     7.8723     70.444     42.240  29.926241     2.6112      6.374   347.7324 3.3704e+00     2.1859      5.235      7.593    10.4252 0.0000e+00
      5.366      0.086     7.8785     70.496     42.262  29.940406     2.6110      6.373   347.9453 3.2699e+00     2.1543      5.262      7.633    10.4245 0.0000e+00
      5.391      0.086     7.8857     70.559     42.290  29.959287     2.5995      6.370   348.5179 3.1929e+00     2.1398      5.289      7.670    10.4249 0.0000e+00
      5.411      0.089     7.8902     70.597     42.298  29.964011     2.6008      6.363   348.8922 3.1496e+00     2.1624      5.309      7.700    10.4236 0.0000e+00
      5.426      0.093     7.8901     70.594     42.257  29.934009     2.6178      6.355   349.0288 3.1116e+00     2.1836      5.322      7.719    10.4213 0.0000e+00
      5.443      0.096     7.8894     70.587     42.229  29.914066     2.6208      6.350   349.2238 3.0445e+00     2.1836      5.333      7.735    10.4196 0.0000e+00
      5.471      0.098     7.8903     70.596     42.228  29.913403     2.6095      6.347   349.6148 2.9379e+00     2.1612      5.361      7.775    10.4184 0.0000e+00
      5.508      0.104     7.8884     70.581     42.244  29.925990     2.5920      6.342   350.0570 2.8327e+00     2.0965      5.405      7.839    10.4175 0.0000e+00
      5.540      0.113     7.8829     70.532     42.263  29.939249     2.5650      6.338   350.3535 2.7687e+00     2.0111      5.439      7.888    10.4159 0.0000e+00
      5.560      0.120     7.8765     70.475     42.273  29.946702     2.5505      6.336   350.1895 2.7102e+00     1.9536      5.452      7.908    10.4153 0.0000e+00
      5.582      0.121     7.8710     70.428     42.280  29.952594     2.5440      6.335   349.5364 2.6210e+00     1.9189      5.467      7.929    10.4165 0.0000e+00
      5.617      0.117     7.8663     70.388     42.270  29.946988     2.5513      6.335   349.1680 2.5174e+00     1.9574      5.506      7.986    10.4181 0.0000e+00
      5.659      0.113     7.8650     70.378     42.262  29.942421     2.5835      6.336   349.2620 2.4270e+00     2.0840      5.553      8.054    10.4180 0.0000e+00
      5.694      0.108     7.8676     70.403     42.288  29.960890     2.6022      6.337   349.4692 2.3579e+00     2.1688      5.589      8.106    10.4175 0.0000e+00
      5.718      0.099     7.8685     70.412     42.314  29.979772     2.6029      6.337   349.6937 2.3054e+00     2.1588      5.612      8.138    10.4189 0.0000e+00
      5.734      0.088     7.8679     70.407     42.314  29.980197     2.6019      6.337   349.7403 2.2619e+00     2.1458      5.621      8.152    10.4201 0.0000e+00
      5.752      0.082     7.8688     70.415     42.294  29.966025     2.5985      6.335   349.6875 2.2192e+00     2.1639      5.639      8.178    10.4227 0.0000e+00
      5.772      0.083     7.8690     70.415     42.252  29.935431     2.5985      6.333   349.7432 2.1762e+00     2.1642      5.663      8.214    10.4234 0.0000e+00
      5.789      0.089     7.8663     70.388     42.243  29.927823     2.6023      6.331   349.8119 2.1338e+00     2.1492      5.676      8.233    10.4220 0.0000e+00
      5.809      0.094     7.8620     70.348     42.258  29.937546     2.5889      6.329   349.9155 2.0754e+00     2.1039      5.692      8.255    10.4233 0.0000e+00
      5.840      0.100     7.8572     70.304     42.243  29.925980     2.5561      6.325   350.2224 2.0034e+00     2.0140      5.726      8.304    10.4243 0.0000e+00
      5.873      0.108     7.8527     70.262     42.229  29.914981     2.5364      6.320   350.6830 1.9529e+00     1.9783      5.765      8.362    10.4224 0.0000e+00
      5.898      0.118     7.8492     70.227     42.255  29.931575     2.5352      6.316   351.1829 1.9168e+00     2.0075      5.785      8.391    10.4200 0.0000e+00
      5.920      0.125     7.8448     70.186     42.262  29.936100     2.5506      6.313   351.5335 1.8685e+00     2.0002      5.800      8.412    10.4193 0.0000e+00
      5.951      0.129     7.8391     70.136     42.219  29.906175     2.5758      6.312   351.5674 1.7945e+00     1.9522      5.833      8.460    10.4195 0.0000e+00
      5.992      0.129     7.8367     70.116     42.192  29.887285     2.5908      6.312   351.4207 1.7021e+00     1.9457      5.877      8.524    10.4183 0.0000e+00
      6.034      0.128     7.8378     70.125     42.207  29.898225     2.6038      6.312   351.2224 1.6226e+00     1.9821      5.918      8.584    10.4152 0.0000e+00
      6.070      0.125     7.8384     70.130     42.227  29.911428     2.6143      6.312   351.1486 1.5759e+00     1.9961      5.957      8.640    10.4137 0.0000e+00
      6.098      0.118     7.8400     70.142     42.241  29.919917     2.5977      6.312   351.5610 1.5581e+00     2.0233      5.983      8.676    10.4150 0.0000e+00
      6.121      0.111     7.8446     70.181     42.266  29.937349     2.5594      6.311   352.2514 1.5327e+00     2.0973      5.999      8.700    10.4162 0.0000e+00
      6.146      0.106     7.8534     70.258     42.259  29.931680     2.5374      6.310   352.5260 1.4870e+00     2.1588      6.026      8.740    10.4164 0.0000e+00
      6.173      0.104     7.8619     70.335     42.235  29.914882     2.5338      6.310   352.3865 1.4411e+00     2.1871      6.055      8.782    10.4155 0.0000e+00
      6.199      0.103     7.8658     70.372     42.248  29.924763     2.5249      6.310   352.2846 1.3939e+00     2.1949      6.078      8.815    10.4141 0.0000e+00
      6.229      0.104     7.8677     70.389     42.247  29.924138     2.5216      6.309   352.4126 1.3494e+00     2.1923      6.108      8.859    10.4130 0.0000e+00
      6.258      0.105     7.8692     70.401     42.224  29.907331     2.5306      6.306   352.7301 1.3174e+00     2.1859      6.140      8.907    10.4118 0.0000e+00
      6.280      0.107     7.8718     70.423     42.231  29.912064     2.5325      6.303   353.1125 1.2851e+00     2.1788      6.159      8.933    10.4119 0.0000e+00
      6.300      0.111     7.8746     70.448     42.240  29.917846     2.5441      6.302   353.5081 1.2386e+00     2.1675      6.175      8.955    10.4129 0.0000e+00
      6.330      0.116     7.8760     70.459     42.235  29.913743     2.5798      6.300   353.8134 1.1821e+00     2.1409      6.206      9.001    10.4135 0.0000e+00
      6.365      0.122     7.8793     70.489     42.252  29.925961     2.6063      6.298   353.9642 1.1380e+00     2.1318      6.244      9.057    10.4131 0.0000e+00
      6.397      0.128     7.8866     70.554     42.270  29.938556     2.6064      6.297   354.1274 1.1068e+00     2.1479      6.273      9.098    10.4120 0.0000e+00
      6.431      0.134     7.8947     70.625     42.272  29.939021     2.5815      6.295   354.3241 1.0728e+00     2.1531      6.305      9.144    10.4113 0.0000e+00
      6.468      0.138     7.9007     70.677     42.262  29.931578     2.5441      6.293   354.1047 1.0409e+00     2.1644      6.346      9.203    10.4110 0.0000e+00
      6.501      0.139     7.9040     70.707     42.235  29.912063     2.5215      6.293   353.5404 1.0065e+00     2.1929      6.376      9.248    10.4109 0.0000e+00
      6.535      0.139     7.9036     70.704     42.209  29.893591     2.5196      6.293   353.3514 9.6355e-01     2.1925      6.404      9.288    10.4110 0.0000e+00
      6.575      0.135     7.9015     70.686     42.215  29.898748     2.5388      6.294   353.4551 9.2542e-01     2.1281      6.447      9.351    10.4102 0.0000e+00
      6.615      0.126     7.9004     70.677     42.231  29.910909     2.5701      6.295   353.5893 8.9644e-01     2.0247      6.490      9.413    10.4090 0.0000e+00
      6.649      0.115     7.8980     70.656     42.235  29.913615     2.5852      6.295   353.7699 8.6998e-01     1.9500      6.523      9.460    10.4089 0.0000e+00
      6.675      0.104     7.8940     70.620     42.260  29.931463     2.5840      6.295   353.3156 8.3997e-01     1.9270      6.547      9.495    10.4096 0.0000e+00
      6.696      0.093     7.8895     70.580     42.266  29.936196     2.5836      6.295   352.4842 8.1583e-01     1.9296      6.568      9.524    10.4105 0.0000e+00
      6.714      0.085     7.8823     70.515     42.226  29.907332     2.5890      6.296   352.3211 8.1388e-01     1.9811      6.585      9.550    10.4109 0.0000e+00
      6.732      0.082     7.8752     70.451     42.216  29.899998     2.5944      6.297   352.5485 8.1062e-01     2.0922      6.599      9.572    10.4109 0.0000e+00
      6.753      0.083     7.8708     70.411     42.231  29.911034     2.5944      6.297   352.8244 7.9550e-01     2.1752      6.623      9.605    10.4110 0.0000e+00
      6.775      0.088     7.8662     70.370     42.236  29.913749     2.5977      6.296   353.0752 7.7171e-01     2.1898      6.646      9.639    10.4111 0.0000e+00
      6.795      0.093     7.8636     70.346     42.264  29.932829     2.6343      6.295   353.0858 7.3378e-01     2.1771      6.661      9.662    10.4106 0.0000e+00
      6.819      0.099     7.8657     70.365     42.290  29.951208     2.6977      6.293   353.0397 7.1146e-01     2.1741      6.685      9.695    10.4108 0.0000e+00
      6.848      0.105     7.8701     70.404     42.281  29.945444     2.7297      6.290   353.1201 7.0867e-01     2.1844      6.716      9.741    10.4105 0.0000e+00
      6.876      0.110     7.8756     70.453     42.255  29.926645     2.7276      6.287   353.1971 6.9473e-01     2.1797      6.745      9.782    10.4097 0.0000e+00
