Data/DataNotYetUploadedToEDI/Raw_CTD/2018_RawDownloads/061118_fcr45.cnv
* Sea-Bird SBE19plus  Data File:
* FileName = C:\DATA\061418_bvr50_0005.hex
* Software version 2.6.3.104 SB_Terminal.dll
* Temperature SN = 7809
* Conductivity SN = 7809
* System UpLoad Time = Jun 14 2018 16:25:56
* <ApplicationData>
* <Seaterm232>
# nquan = 15
# nvalues = 262                         
# units = specified
# name 0 = depFM: Depth [fresh water, m]
# name 1 = dz/dtM: Descent Rate [m/s]
# name 2 = sbeox0Mg/L: Oxygen, SBE 43 [mg/l]
# name 3 = sbeox0PS: Oxygen, SBE 43 [% saturation]
# name 4 = specc: Specific Conductance [uS/cm]
# name 5 = c0uS/cm: Conductivity [uS/cm]
# name 6 = flECO-AFL: Fluorescence, WET Labs ECO-AFL/FL [mg/m^3]
# name 7 = ph: pH
# name 8 = orp: Oxidation Reduction Potential [mV]
# name 9 = par/sat/log: PAR/Logarithmic, Satlantic
# name 10 = turbWETntu0: Turbidity, WET Labs ECO [NTU]
# name 11 = prdM: Pressure, Strain Gauge [db]
# name 12 = prdE: Pressure, Strain Gauge [psi]
# name 13 = tv290C: Temperature [ITS-90, deg C]
# name 14 = flag:  0.000e+00
# span 0 =     -0.592,      7.390       
# span 1 =     -0.001,      0.300       
# span 2 =     6.6057,     8.8929       
# span 3 =     59.057,     90.701       
# span 4 =      0.765,     43.341       
# span 5 =   0.705586,  31.775032       
# span 6 =    -0.1966,     3.7352       
# span 7 =      6.358,      8.061       
# span 8 =   259.9669,   482.6149       
# span 9 = 3.1176e-01, 3.2709e+02       
# span 10 =    -0.2943,     8.0072      
# span 11 =     -0.581,      7.248      
# span 12 =     -0.843,     10.512      
# span 13 =    10.2859,    24.8582      
# span 14 = 0.0000e+00, 0.0000e+00      
# interval = seconds: 0.25
# start_time = Jun 11 2018 15:04:58 [Instrument's time stamp, header]
# bad_flag = -9.990e-29
*END*
[from data line 193]
      5.528      0.211     7.6646     68.607     42.138  29.865544     1.8782      6.696   327.4903 1.8641e+00     1.9432      5.423      7.865    10.5121 0.0000e+00
      5.597      0.226     7.6198     68.189     42.156  29.869414     1.9302      6.692   327.3768 1.7521e+00     1.9510      5.492      7.965    10.4913 0.0000e+00
      5.660      0.228     7.5940     67.946     42.163  29.867680     1.9575      6.690   327.2563 1.6501e+00     1.9585      5.553      8.054    10.4672 0.0000e+00
      5.718      0.216     7.5814     67.824     42.137  29.844568     1.9875      6.688   327.2378 1.5582e+00     1.9428      5.610      8.137    10.4479 0.0000e+00
      5.771      0.196     7.5769     67.776     42.142  29.843991     2.0361      6.687   327.2398 1.4875e+00     1.9448      5.662      8.211    10.4341 0.0000e+00
      5.819      0.176     7.5739     67.743     42.169  29.860699     2.0757      6.686   327.3661 1.4321e+00     1.9515      5.709      8.280    10.4239 0.0000e+00
      5.861      0.161     7.5705     67.712     42.163  29.856063     2.0812      6.683   327.5603 1.3828e+00     1.9320      5.749      8.339    10.4161 0.0000e+00
      5.897      0.149     7.5683     67.692     42.158  29.851434     2.1021      6.680   327.6093 1.3432e+00     1.9520      5.784      8.388    10.4112 0.0000e+00
      5.928      0.140     7.5673     67.679     42.185  29.868243     2.1537      6.678   327.7001 1.3062e+00     2.0419      5.813      8.431    10.4060 0.0000e+00
      5.961      0.135     7.5688     67.689     42.190  29.868773     2.1903      6.675   328.0561 1.2562e+00     2.1037      5.843      8.475    10.4019 0.0000e+00
      5.998      0.135     7.5738     67.731     42.175  29.857843     2.2049      6.671   328.6446 1.2096e+00     2.1188      5.883      8.531    10.4029 0.0000e+00
      6.034      0.143     7.5788     67.774     42.183  29.863095     2.2027      6.663   329.2223 1.1746e+00     2.1338      5.921      8.587    10.4027 0.0000e+00
      6.065      0.158     7.5831     67.811     42.192  29.868773     2.1262      6.653   329.5342 1.1323e+00     2.0703      5.948      8.627    10.3984 0.0000e+00
      6.097      0.177     7.5886     67.858     42.186  29.862982     1.9965      6.645   329.6629 1.0743e+00     1.9310      5.974      8.665    10.3955 0.0000e+00
      6.139      0.195     7.5946     67.908     42.180  29.856583     1.9301      6.640   329.8327 1.0075e+00     1.8840      6.014      8.723    10.3949 0.0000e+00
      6.199      0.211     7.5985     67.940     42.180  29.854908     1.9114      6.636   330.0381 9.4807e-01     1.9303      6.075      8.810    10.3948 0.0000e+00
      6.269      0.222     7.6005     67.954     42.165  29.842728     1.7800      6.632   330.1673 8.9642e-01     2.0021      6.149      8.919    10.3943 0.0000e+00
      6.334      0.227     7.6008     67.954     42.158  29.836321     1.5453      6.627   330.1899 8.4795e-01     2.0800      6.215      9.016    10.3920 0.0000e+00
      6.391      0.226     7.5998     67.943     42.166  29.840950     1.4173      6.623   330.0534 7.9752e-01     2.1091      6.268      9.093    10.3897 0.0000e+00
      6.442      0.217     7.5994     67.937     42.160  29.835187     1.4086      6.622   329.8941 7.4270e-01     2.1107      6.319      9.164    10.3875 0.0000e+00
      6.493      0.205     7.5977     67.919     42.155  29.830140     1.3847      6.621   329.9834 6.9085e-01     2.0689      6.367      9.233    10.3854 0.0000e+00
      6.548      0.192     7.5936     67.879     42.175  29.843426     1.3307      6.618   330.1008 6.5486e-01     1.9700      6.420      9.312    10.3843 0.0000e+00
      6.602      0.181     7.5920     67.864     42.212  29.868819     1.3074      6.616   330.0233 6.4345e-01     1.9220      6.479      9.396    10.3831 0.0000e+00
      6.647      0.171     7.5926     67.868     42.234  29.883139     1.3134      6.615   329.9933 6.4198e-01     1.9457      6.523      9.460    10.3811 0.0000e+00
      6.684      0.162     7.5914     67.852     42.247  29.889542     1.3389      6.613   330.1680 6.3110e-01     2.0122      6.554      9.507    10.3784 0.0000e+00
      6.719      0.156     7.5887     67.822     42.242  29.882730     1.3865      6.610   330.4140 6.0862e-01     2.0862      6.589      9.556    10.3769 0.0000e+00
      6.756      0.155     7.5823     67.759     42.220  29.864275     1.4120      6.605   330.4733 5.7715e-01     2.1077      6.626      9.611    10.3767 0.0000e+00
      6.793      0.157     7.5718     67.659     42.213  29.856924     1.4163      6.602   330.3692 5.4132e-01     2.1183      6.661      9.662    10.3765 0.0000e+00
      6.833      0.158     7.5615     67.563     42.217  29.857350     1.3932      6.601   330.2738 5.1747e-01     2.1535      6.698      9.714    10.3731 0.0000e+00
      6.879      0.153     7.5493     67.451     42.236  29.869422     1.3345      6.600   330.1797 5.0879e-01     2.1670      6.744      9.783    10.3683 0.0000e+00
      6.927      0.144     7.5308     67.287     42.244  29.875868     1.2952      6.600   330.1781 4.9684e-01     2.1298      6.797      9.859    10.3654 0.0000e+00
      6.967      0.135     7.5099     67.104     42.237  29.871786     1.2937      6.599   330.3397 4.7760e-01     2.1001      6.838      9.916    10.3619 0.0000e+00
      6.994      0.129     7.4913     66.937     42.253  29.883575     1.2981      6.597   330.4993 4.5956e-01     2.1132      6.860      9.950    10.3580 0.0000e+00
      7.015      0.124     7.4756     66.790     42.358  29.954897     1.2664      6.594   330.5598 4.4566e-01     2.1043      6.879      9.977    10.3566 0.0000e+00
      7.040      0.122     7.4631     66.664     42.573  30.099064     1.2040      6.591   330.4685 4.3783e-01     2.0237      6.901     10.008    10.3578 0.0000e+00
      7.072      0.125     7.4526     66.552     42.773  30.229520     1.1690      6.588   330.2565 4.2678e-01     1.9325      6.933     10.055    10.3604 0.0000e+00
      7.111      0.132     7.4432     66.452     42.922  30.325583     1.1642      6.586   330.0606 4.1383e-01     1.9175      6.976     10.117    10.3617 0.0000e+00
      7.150      0.138     7.4350     66.366     43.087  30.434945     1.1932      6.583   329.9070 4.0774e-01     1.9945      7.014     10.173    10.3585 0.0000e+00
      7.185      0.140     7.4233     66.246     43.241  30.535661     1.2616      6.580   329.7763 3.9176e-01     2.1005      7.047     10.221    10.3481 0.0000e+00
      7.219      0.135     7.4002     66.025     43.331  30.590693     1.3025      6.577   329.5978 3.6556e-01     2.1618      7.078     10.265    10.3333 0.0000e+00
      7.254      0.125     7.3587     65.645     43.341  30.592250     1.3005      6.574   329.3841 3.5161e-01     2.1855      7.113     10.316    10.3236 0.0000e+00
      7.290      0.112     7.2985     65.104     43.291  30.554481     1.2382      6.573   329.1708 3.5664e-01     2.1439      7.151     10.371    10.3171 0.0000e+00
      7.322      0.096     7.2229     64.434     43.231  30.515084     1.1187      6.573   328.9119 3.6128e-01     2.0246      7.182     10.418    10.3064 0.0000e+00
      7.345      0.079     7.1304     63.616     43.200  30.496960     1.0506      6.574   328.7498 3.5413e-01     1.9321      7.205     10.451    10.2955 0.0000e+00
      7.359      0.061     7.0249     62.678     43.148  30.462361     1.0395      6.575   328.7593 3.4863e-01     1.9107      7.219     10.469    10.2881 0.0000e+00
      7.368      0.045     6.9174     61.720     43.079  30.414302     1.0671      6.575   328.7680 3.4713e-01     1.9194      7.226     10.480    10.2859 0.0000e+00
      7.376      0.031     6.8188     60.840     43.093  30.423943     1.1363      6.574   328.6832 3.3934e-01     1.9456      7.233     10.490    10.2898 0.0000e+00
      7.382      0.021     6.7374     60.115     43.132  30.451917     1.1686      6.574   328.5086 3.2143e-01     1.9523      7.241     10.502    10.2956 0.0000e+00
      7.387      0.014     6.6767     59.577     43.104  30.434989     1.1548      6.575   328.3773 3.1176e-01     1.9099      7.245     10.508    10.2980 0.0000e+00
      7.388      0.009     6.6364     59.229     43.058  30.409794     1.1443      6.575   328.2998 3.1975e-01     1.8912      7.246     10.509    10.2980 0.0000e+00
      7.389      0.005     6.6149     59.057     43.029  30.401335     1.1514      6.575   328.1739 3.3437e-01     1.9390      7.246     10.510    10.2975 0.0000e+00
      7.389      0.003     6.6136     59.065     43.005  30.396229     1.1765      6.575   328.0600 3.4281e-01     1.9994      7.247     10.510    10.2975 0.0000e+00
      7.389      0.001     6.6266     59.191     43.018  30.411583     1.1900      6.575   327.9545 3.3503e-01     2.0116      7.247     10.511    10.2993 0.0000e+00
      7.389      0.001     6.6446     59.353     43.085  30.459968     1.1770      6.575   327.8458 3.2409e-01     1.9639      7.247     10.510    10.3073 0.0000e+00
      7.389      0.000     6.6734     59.609     43.104  30.473179     1.1669      6.575   327.7782 3.2543e-01     2.0025      7.247     10.511    10.3245 0.0000e+00
      7.389 1.8829e-08     6.7099     59.943     43.057  30.444296     1.1688      6.574   327.7387 3.3085e-01     2.1421      7.247     10.510    10.3408 0.0000e+00
      7.390 2.0712e-07     6.7380     60.210     43.021  30.428290     1.1714      6.573   327.7135 3.3503e-01     2.1873      7.247     10.511    10.3476 0.0000e+00
      7.390 2.0712e-07     6.7600     60.423     42.976  30.406679     1.1721      6.571   327.7312 3.3692e-01     2.1524      7.247     10.511    10.3471 0.0000e+00
      7.390 1.8829e-08     6.7843     60.644     42.926  30.373537     1.1685      6.570   327.7806 3.3084e-01     2.0865      7.247     10.511    10.3443 0.0000e+00
      7.390 1.7118e-09     6.8073     60.845     42.890  30.345122     1.1639      6.570   327.7943 3.2381e-01     2.0003      7.247     10.511    10.3476 0.0000e+00
      7.390 1.5561e-10     6.8292     61.036     42.854  30.317146     1.1627      6.570   327.7248 3.2047e-01     1.9651      7.248     10.512    10.3626 0.0000e+00
      7.390 1.4147e-11     6.8502     61.223     42.815  30.289315     1.1627      6.570   327.6282 3.1917e-01     1.9667      7.248     10.512    10.3777 0.0000e+00
      7.390 1.2861e-12     6.8659     61.365     42.776  30.262642     1.1909      6.570   327.5726 3.2290e-01     2.0191      7.248     10.512    10.3780 0.0000e+00
      7.390 1.1788e-13     6.8807     61.503     42.752  30.248681     1.2556      6.569   327.4836 3.2892e-01     2.1402      7.247     10.511    10.3723 0.0000e+00
      7.390 2.1257e-14     6.8892     61.583     42.747  30.247526     1.2921      6.569   327.4122 3.2877e-01     2.2108      7.247     10.511    10.3697 0.0000e+00
      7.390 -9.990e-29 -9.990e-29 -9.990e-29 -9.990e-29 -9.990e-29 -9.990e-29 -9.990e-29 -9.990e-29 3.2369e-01 -9.990e-29      7.247     10.511    10.3692 0.0000e+00
      7.390 -9.990e-29 -9.990e-29 -9.990e-29 -9.990e-29 -9.990e-29 -9.990e-29 -9.990e-29 -9.990e-29 3.2399e-01 -9.990e-29      7.247     10.511    10.3695 0.0000e+00
      7.390 -9.990e-29 -9.990e-29 -9.990e-29 -9.990e-29 -9.990e-29 -9.990e-29 -9.990e-29 -9.990e-29 3.3024e-01 -9.990e-29      7.248     10.512    10.3752 0.0000e+00
      7.390 -9.990e-29 -9.990e-29 -9.990e-29 -9.990e-29 -9.990e-29 -9.990e-29 -9.990e-29 -9.990e-29 3.3375e-01 -9.990e-29      7.248     10.512    10.3811 0.0000e+00
