Data/DataNotYetUploadedToEDI/Raw_CTD/2018_RawDownloads/061118_fcr20.cnv
* Sea-Bird SBE19plus  Data File:
* FileName = C:\DATA\061418_bvr50_0003.hex
* Software version 2.6.3.104 SB_Terminal.dll
* Temperature SN = 7809
* Conductivity SN = 7809
* System UpLoad Time = Jun 14 2018 16:25:33
* <ApplicationData>
* <Seaterm232>
# nquan = 15
# nvalues = 124                         
# units = specified
# name 0 = depFM: Depth [fresh water, m]
# name 1 = dz/dtM: Descent Rate [m/s]
# name 2 = sbeox0Mg/L: Oxygen, SBE 43 [mg/l]
# name 3 = sbeox0PS: Oxygen, SBE 43 [% saturation]
# name 4 = specc: Specific Conductance [uS/cm]
# name 5 = c0uS/cm: Conductivity [uS/cm]
# name 6 = flECO-AFL: Fluorescence, WET Labs ECO-AFL/FL [mg/m^3]
# name 7 = ph: pH
# name 8 = orp: Oxidation Reduction Potential [mV]
# name 9 = par/sat/log: PAR/Logarithmic, Satlantic
# name 10 = turbWETntu0: Turbidity, WET Labs ECO [NTU]
# name 11 = prdM: Pressure, Strain Gauge [db]
# name 12 = prdE: Pressure, Strain Gauge [psi]
# name 13 = tv290C: Temperature [ITS-90, deg C]
# name 14 = flag:  0.000e+00
# span 0 =     -0.596,      3.240       
# span 1 =     -0.001,      0.233       
# span 2 =     6.2674,     7.7027       
# span 3 =     72.796,     92.483       
# span 4 =      0.496,     37.098       
# span 5 =   0.470317,  32.924235       
# span 6 =    -0.1852,     2.2857       
# span 7 =      5.755,      7.657       
# span 8 =  -344.9335,   297.1552       
# span 9 = 4.1514e+01, 2.3872e+03       
# span 10 =    -6.8821,     4.1591      
# span 11 =     -0.584,      3.178      
# span 12 =     -0.847,      4.609      
# span 13 =    18.4045,    24.6762      
# span 14 = 0.0000e+00, 0.0000e+00      
# interval = seconds: 0.25
# start_time = Jun 11 2018 14:37:59 [Instrument's time stamp, header]
# bad_flag = -9.990e-29
*END*
[from data line 97]
      2.524      0.072     6.3201     73.394     34.132  32.627487     1.8159      7.185   289.7777 7.1340e+01     1.5172      2.477      3.595    22.7932 0.0000e+00
      2.539      0.059     6.3413     73.621     34.362  32.838124     1.8284      7.175   290.4272 7.0853e+01     1.5483      2.494      3.618    22.8047 0.0000e+00
      2.546      0.059     6.3588     73.764     34.484  32.924235     1.8564      7.161   290.8899 7.0660e+01     1.5798      2.498      3.624    22.8054 0.0000e+00
      2.549      0.069     6.3855     73.935     34.403  32.779416     1.9061      7.146   290.8982 7.0407e+01     1.6849      2.499      3.625    22.7996 0.0000e+00
      2.558      0.082     6.4201     74.164     34.314  32.611352     1.9418      7.133   290.9573 6.9393e+01     1.7816      2.501      3.628    22.7876 0.0000e+00
      2.584      0.096     6.4471     74.375     34.360  32.606913     1.9576      7.123   291.2598 6.7783e+01     1.7721      2.527      3.666    22.7870 0.0000e+00
      2.625      0.111     6.4644     74.568     34.488  32.725683     2.0328      7.116   291.6306 6.6464e+01     1.7230      2.576      3.736    22.7575 0.0000e+00
      2.665      0.126     6.4890     74.817     34.628  32.840640     2.1712      7.109   291.9995 6.5622e+01     1.7068      2.619      3.799    22.6498 0.0000e+00
      2.694      0.138     6.5393     75.184     34.750  32.853603     2.2520      7.099   292.4501 6.5014e+01     1.7292      2.644      3.835    22.4913 0.0000e+00
      2.720      0.145     6.6147     75.643     34.851  32.755241     2.2743      7.084   293.0343 6.4261e+01     1.7495      2.663      3.863    22.4072 0.0000e+00
      2.755      0.146     6.6849     76.056     34.954  32.667277     2.2857      7.066   293.8150 6.3110e+01     1.7385      2.696      3.912    22.4462 0.0000e+00
      2.800      0.150     6.7204     76.311     34.975  32.615432     2.2792      7.041   294.5767 6.1702e+01     1.8099      2.744      3.979    22.4635 0.0000e+00
      2.849      0.160     6.7354     76.418     34.894  32.509379     2.2693      7.009   294.9303 6.0391e+01     2.0029      2.797      4.056    22.3304 0.0000e+00
      2.889      0.170     6.7657     76.436     34.804  32.274159     2.2664      6.973   295.1652 5.9174e+01     2.1180      2.840      4.118    21.9928 0.0000e+00
      2.922      0.179     6.8226     76.383     34.782  31.930615     2.2628      6.932   295.8687 5.7417e+01     2.1644      2.860      4.148    21.6331 0.0000e+00
      2.963      0.185     6.8970     76.256     35.113  31.784771     2.1706      6.885   297.1552 5.5165e+01     2.5326      2.899      4.204    21.5821 0.0000e+00
      3.016      0.186     6.9835     76.136     35.880  31.970917     1.9974      6.840   295.8350 5.3020e+01     3.1828      2.960      4.293    21.6688 0.0000e+00
      3.073      0.179     7.0810     76.226     36.667  32.211772     1.8959      6.805   288.2519 5.0912e+01     3.5257      3.013      4.370    21.4546 0.0000e+00
      3.130      0.163     7.1768     76.741     37.098  32.346379     1.8718      6.779   279.3766 4.9012e+01     3.5662      3.071      4.454    20.9561 0.0000e+00
      3.180      0.137     7.2585     77.749     37.080  32.391374     1.8254      6.760   275.9403 4.7749e+01     3.7329      3.129      4.537    20.2927 0.0000e+00
      3.210      0.105     7.3340     79.072     36.790  32.374833     1.7389      6.745   276.7317 4.6772e+01     4.0164      3.155      4.576    19.5458 0.0000e+00
      3.222      0.074     7.4085     80.376     36.489  32.337253     1.6804      6.733   278.4484 4.5667e+01     4.1552      3.161      4.583    18.8240 0.0000e+00
      3.228      0.060     7.4448     80.978     36.360  32.318375     1.6703      6.728   279.3162 4.4414e+01     4.1591      3.166      4.591    18.4045 0.0000e+00
      3.234 -9.990e-29 -9.990e-29 -9.990e-29 -9.990e-29 -9.990e-29 -9.990e-29 -9.990e-29 -9.990e-29 4.3102e+01 -9.990e-29      3.172      4.601    18.5948 0.0000e+00
      3.238 -9.990e-29 -9.990e-29 -9.990e-29 -9.990e-29 -9.990e-29 -9.990e-29 -9.990e-29 -9.990e-29 4.1969e+01 -9.990e-29      3.176      4.606    19.0137 0.0000e+00
      3.240 -9.990e-29 -9.990e-29 -9.990e-29 -9.990e-29 -9.990e-29 -9.990e-29 -9.990e-29 -9.990e-29 4.1514e+01 -9.990e-29      3.177      4.608    19.3664 0.0000e+00
      3.240 -9.990e-29 -9.990e-29 -9.990e-29 -9.990e-29 -9.990e-29 -9.990e-29 -9.990e-29 -9.990e-29 4.1538e+01 -9.990e-29      3.178      4.609    19.5550 0.0000e+00
