Data/DataNotYetUploadedToEDI/Raw_CTD/2018_RawDownloads/061118_fcr50.cnv
* Sea-Bird SBE19plus  Data File:
* FileName = C:\DATA\061418_bvr50_0001.hex
* Software version 2.6.3.104 SB_Terminal.dll
* Temperature SN = 7809
* Conductivity SN = 7809
* System UpLoad Time = Jun 14 2018 16:25:17
* <ApplicationData>
* <Seaterm232>
# nquan = 15
# nvalues = 682                         
# units = specified
# name 0 = depFM: Depth [fresh water, m]
# name 1 = dz/dtM: Descent Rate [m/s]
# name 2 = sbeox0Mg/L: Oxygen, SBE 43 [mg/l]
# name 3 = sbeox0PS: Oxygen, SBE 43 [% saturation]
# name 4 = specc: Specific Conductance [uS/cm]
# name 5 = c0uS/cm: Conductivity [uS/cm]
# name 6 = flECO-AFL: Fluorescence, WET Labs ECO-AFL/FL [mg/m^3]
# name 7 = ph: pH
# name 8 = orp: Oxidation Reduction Potential [mV]
# name 9 = par/sat/log: PAR/Logarithmic, Satlantic
# name 10 = turbWETntu0: Turbidity, WET Labs ECO [NTU]
# name 11 = prdM: Pressure, Strain Gauge [db]
# name 12 = prdE: Pressure, Strain Gauge [psi]
# name 13 = tv290C: Temperature [ITS-90, deg C]
# name 14 = flag:  0.000e+00
# span 0 =     -0.610,      9.632       
# span 1 =     -0.013,      0.277       
# span 2 =     3.9494,     9.9690       
# span 3 =     36.212,    114.207       
# span 4 =      0.646,     42.404       
# span 5 =   0.595761,  32.319757       
# span 6 =    -0.1979,     3.0911       
# span 7 =      5.915,      7.552       
# span 8 = -1225.1554,   357.9396       
# span 9 = 1.2558e-01, 2.9880e+02       
# span 10 =    -0.2314,     6.4110      
# span 11 =     -0.599,      9.446      
# span 12 =     -0.868,     13.700      
# span 13 =    10.3903,    24.6814      
# span 14 = 0.0000e+00, 0.0000e+00      
# interval = seconds: 0.25
# start_time = Jun 11 2018 13:39:59 [Instrument's time stamp, header]
# bad_flag = -9.990e-29
*END*
[from data line 97]
     -0.064 -1.211e-12     5.9374     70.992     31.567  31.155287     1.4817      7.116   285.8270 2.1047e+02     0.6637     -0.062     -0.090    24.3793 0.0000e+00
     -0.064 -6.605e-13     5.8908     70.423     31.558  31.141421     1.4801      7.116   285.8509 2.1051e+02     0.6591     -0.062     -0.090    24.3694 0.0000e+00
     -0.064 -6.005e-14     5.8509     69.936     31.563  31.140057     1.4978      7.116   285.9859 2.1058e+02     0.6899     -0.062     -0.090    24.3599 0.0000e+00
     -0.064 -5.460e-15     5.8160     69.508     31.567  31.138788     1.5398      7.117   286.1683 2.1074e+02     0.7300     -0.063     -0.091    24.3509 0.0000e+00
     -0.064 -4.964e-16     5.7823     69.094     31.559  31.126072     1.5647      7.117   286.3355 2.1081e+02     0.7168     -0.062     -0.090    24.3421 0.0000e+00
     -0.064 -4.513e-17     5.7502     68.701     31.551  31.113317     1.5595      7.117   286.5455 2.1078e+02     0.6831     -0.062     -0.090    24.3331 0.0000e+00
     -0.064 -4.102e-18     5.7204     68.335     31.554  31.111582     1.5505      7.116   286.8145 2.1054e+02     0.6591     -0.062     -0.090    24.3243 0.0000e+00
     -0.064 -3.730e-19     5.6918     67.984     31.552  31.105074     1.5484      7.114   287.0930 2.1047e+02     0.6403     -0.062     -0.090    24.3161 0.0000e+00
     -0.064 -3.390e-20     5.6638     67.642     31.549  31.098136     1.5520      7.114   287.2455 2.1071e+02     0.6379     -0.062     -0.090    24.3083 0.0000e+00
     -0.063 -3.078e-21     5.6355     67.297     31.546  31.091198     1.5585      7.115   287.4538 2.1088e+02     0.6301     -0.062     -0.089    24.3003 0.0000e+00
     -0.063 -2.356e-22     5.6065     66.943     31.543  31.084686     1.5615      7.117   287.7183 2.1107e+02     0.6077     -0.062     -0.090    24.2928 0.0000e+00
     -0.063 4.6505e-22     5.5787     66.605     31.545  31.082907     1.5606      7.119   287.9474 2.1126e+02     0.6722     -0.062     -0.089    24.2860 0.0000e+00
     -0.063 5.3934e-21     5.5527     66.287     31.535  31.069686     1.5567      7.120   288.3310 2.1128e+02     0.8298     -0.062     -0.090    24.2795 0.0000e+00
     -0.063 5.9353e-20     5.5259     65.961     31.520  31.051837     1.5516      7.123   288.6578 2.1120e+02     0.8960     -0.062     -0.090    24.2733 0.0000e+00
     -0.063 6.5288e-19     5.4966     65.606     31.529  31.057610     1.5546      7.126   288.8008 2.1118e+02     0.8624     -0.062     -0.089    24.2674 0.0000e+00
     -0.063 7.1817e-18     5.4671     65.247     31.551  31.075980     1.5561      7.129   288.9409 2.1134e+02     0.7899     -0.062     -0.089    24.2622 0.0000e+00
     -0.063 7.8999e-17     5.4420     64.941     31.562  31.083418     1.5515      7.130   289.0615 2.1148e+02     0.6908     -0.062     -0.089    24.2572 0.0000e+00
     -0.063 8.6899e-16     5.4209     64.681     31.567  31.084033     1.5536      7.130   289.1413 2.1149e+02     0.6408     -0.061     -0.089    24.2525 0.0000e+00
     -0.063 9.5589e-15     5.4004     64.428     31.571  31.083408     1.5537      7.131   289.2167 2.1149e+02     0.6429     -0.062     -0.090    24.2474 0.0000e+00
     -0.063 1.0515e-13     5.3796     64.173     31.567  31.075855     1.5613      7.132   289.4573 2.1139e+02     0.6545     -0.062     -0.090    24.2419 0.0000e+00
     -0.063 1.1566e-12     5.3606     63.938     31.552  31.056218     1.5903      7.130   289.8130 2.1158e+02     0.6595     -0.062     -0.089    24.2361 0.0000e+00
     -0.063 1.2723e-11     5.3456     63.749     31.537  31.036486     1.6199      7.124   289.9899 2.1180e+02     0.6734     -0.062     -0.089    24.2299 0.0000e+00
     -0.063 1.3995e-10     5.3328     63.588     31.533  31.027788     1.6344      7.116   290.0480 2.1177e+02     0.6995     -0.061     -0.089    24.2231 0.0000e+00
     -0.063 1.5395e-09     5.3190     63.416     31.523  31.014557     1.6009      7.107   290.1709 2.1174e+02     0.7015     -0.062     -0.089    24.2162 0.0000e+00
     -0.063 1.6934e-08     5.3050     63.241     31.516  31.003521     1.5355      7.100   290.4435 2.1152e+02     0.6667     -0.062     -0.090    24.2090 0.0000e+00
     -0.062 1.8628e-07     5.2919     63.078     31.537  31.021361     1.5056      7.095   290.9350 2.1147e+02     0.6443     -0.061     -0.088    24.2014 0.0000e+00
     -0.062 1.8628e-07     5.2780     62.907     31.559  31.039731     1.5060      7.088   291.4678 2.1169e+02     0.6752     -0.061     -0.088    24.1945 0.0000e+00
     -0.062 1.6962e-08     5.2628     62.720     31.558  31.035104     1.5030      7.082   291.7228 2.1182e+02     0.7052     -0.062     -0.089    24.1880 0.0000e+00
     -0.062 1.8473e-09     5.2479     62.536     31.555  31.028915     1.5067      7.078   291.7813 2.1183e+02     0.7011     -0.061     -0.088    24.1817 0.0000e+00
     -0.062 3.5268e-09     5.2342     62.366     31.558  31.028404     1.5324      7.077   291.9176 2.1172e+02     0.6865     -0.061     -0.089    24.1761 0.0000e+00
     -0.062 3.7268e-08     5.2205     62.197     31.563  31.028925     1.5564      7.076   292.1656 2.1172e+02     0.6811     -0.061     -0.088    24.1708 0.0000e+00
     -0.062 4.0981e-07     5.2068     62.027     31.573  31.035209     1.5576      7.076   292.3702 2.1188e+02     0.6980     -0.061     -0.088    24.1654 0.0000e+00
     -0.062      0.000     5.1933     61.858     31.582  31.040869     1.5466      7.078   292.5854 2.1199e+02     0.7071     -0.062     -0.089    24.1602 0.0000e+00
     -0.062      0.000     5.1803     61.695     31.579  31.033847     1.5436      7.081   292.8744 2.1195e+02     0.6687     -0.061     -0.088    24.1552 0.0000e+00
     -0.062      0.001     5.1694     61.556     31.564  31.013807     1.5492      7.086   293.1115 2.1182e+02     0.6312     -0.061     -0.088    24.1493 0.0000e+00
     -0.062      0.001     5.1595     61.430     31.544  30.989087     1.5506      7.090   293.3869 2.1183e+02     0.6507     -0.060     -0.087    24.1429 0.0000e+00
     -0.062      0.001     5.1497     61.305     31.549  30.988974     1.5601      7.093   293.7093 2.1190e+02     0.6596     -0.061     -0.088    24.1363 0.0000e+00
     -0.061      0.001     5.1417     61.201     31.578  31.012436     1.5896      7.095   293.9115 2.1202e+02     0.6470     -0.060     -0.087    24.1293 0.0000e+00
     -0.061      0.001     5.1382     61.151     31.589  31.018735     1.6138      7.097   294.0257 2.1226e+02     0.6514     -0.060     -0.087    24.1221 0.0000e+00
     -0.060      0.001     5.1367     61.125     31.576  31.001615     1.6231      7.100   294.2288 2.1236e+02     0.6511     -0.059     -0.086    24.1144 0.0000e+00
     -0.060      0.001     5.1319     61.060     31.575  30.995957     1.6097      7.103   294.4743 2.1229e+02     0.6437     -0.059     -0.085    24.1064 0.0000e+00
     -0.060      0.000     5.1253     60.973     31.597  31.013817     1.5722      7.105   294.5854 2.1228e+02     0.6228     -0.059     -0.086    24.0990 0.0000e+00
     -0.060 1.8628e-08     5.1193     60.895     31.615  31.027039     1.5549      7.105   294.6262 2.1233e+02     0.6119     -0.060     -0.087    24.0917 0.0000e+00
     -0.060 2.0490e-07     5.1135     60.818     31.621  31.028799     1.5563      7.105   294.6230 2.1224e+02     0.6345     -0.059     -0.086    24.0847 0.0000e+00
     -0.060 2.0490e-07     5.1063     60.725     31.632  31.035093     1.5524      7.105   294.5473 2.1218e+02     0.6519     -0.059     -0.085    24.0782 0.0000e+00
     -0.060 1.8627e-08     5.0967     60.602     31.642  31.039618     1.5547      7.104   294.5708 2.1238e+02     0.6698     -0.059     -0.086    24.0716 0.0000e+00
     -0.060 1.6934e-09     5.0866     60.471     31.628  31.020000     1.5558      7.101   294.7353 2.1253e+02     0.6981     -0.059     -0.085    24.0651 0.0000e+00
     -0.060 1.5395e-10     5.0789     60.368     31.602  30.988409     1.5474      7.099   294.9013 2.1246e+02     0.6891     -0.059     -0.086    24.0581 0.0000e+00
     -0.060 1.3995e-11     5.0732     60.288     31.596  30.975179     1.5456      7.096   295.1148 2.1245e+02     0.6832     -0.060     -0.086    24.0509 0.0000e+00
     -0.060 1.2723e-12     5.0664     60.193     31.616  30.987037     1.5525      7.096   295.3387 2.1254e+02     0.7491     -0.059     -0.086    24.0428 0.0000e+00
     -0.060 1.1566e-13     5.0589     60.090     31.642  31.004765     1.5476      7.099   295.3713 2.1258e+02     0.8441     -0.059     -0.085    24.0334 0.0000e+00
     -0.060 1.0515e-14     5.0529     60.004     31.645  30.998992     1.5324      7.099   295.2503 2.1259e+02     0.8859     -0.059     -0.085    24.0235 0.0000e+00
     -0.060 9.5590e-16     5.0482     59.934     31.635  30.980727     1.5342      7.099   295.1665 2.1274e+02     0.8884     -0.059     -0.086    24.0123 0.0000e+00
     -0.060 8.6900e-17     5.0426     59.854     31.636  30.974434     1.5510      7.098   295.3050 2.1288e+02     0.9049     -0.059     -0.086    24.0003 0.0000e+00
     -0.061 7.9000e-18     5.0362     59.764     31.656  30.986408     1.5603      7.095   295.5470 2.1267e+02     0.9021     -0.060     -0.086    23.9880 0.0000e+00
     -0.061 7.1820e-19     5.0312     59.691     31.676  30.998468     1.5552      7.090   295.5981 2.1246e+02     0.8852     -0.060     -0.086    23.9748 0.0000e+00
     -0.061 6.5290e-20     5.0269     59.627     31.679  30.993224     1.5535      7.086   295.5788 2.1253e+02     0.8835     -0.060     -0.086    23.9617 0.0000e+00
     -0.060 5.9355e-21     5.0227     59.562     31.680  30.986505     1.5774      7.083   295.6570 2.1264e+02     0.8201     -0.059     -0.086    23.9493 0.0000e+00
     -0.060 5.3960e-22     5.0194     59.508     31.682  30.980733     1.6044      7.079   295.6837 2.1275e+02     0.6990     -0.059     -0.085    23.9369 0.0000e+00
     -0.060 4.9052e-23     5.0162     59.455     31.697  30.986929     1.6134      7.076   295.6435 2.1279e+02     0.6404     -0.060     -0.086    23.9245 0.0000e+00
     -0.060 4.4593e-24     5.0127     59.400     31.717  30.997900     1.6129      7.074   295.6877 2.1269e+02     0.6604     -0.059     -0.086    23.9122 0.0000e+00
     -0.060 4.0539e-25     5.0088     59.339     31.714  30.986354     1.5984      7.071   295.8742 2.1241e+02     0.6660     -0.059     -0.085    23.8995 0.0000e+00
     -0.060 3.6854e-26     5.0038     59.264     31.711  30.974326     1.5762      7.071   296.0911 2.1224e+02     0.6166     -0.059     -0.085    23.8864 0.0000e+00
     -0.060 3.3554e-27     4.9985     59.186     31.726  30.979481     1.5559      7.072   296.3306 2.1246e+02     0.5816     -0.060     -0.086    23.8734 0.0000e+00
     -0.060 3.5996e-28     4.9934     59.108     31.741  30.985151     1.5368      7.073   296.6192 2.1266e+02     0.6100     -0.059     -0.085    23.8604 0.0000e+00
     -0.060 6.3693e-28     4.9888     59.037     31.745  30.979371     1.5282      7.075   296.7414 2.1267e+02     0.7156     -0.059     -0.086    23.8469 0.0000e+00
     -0.061 6.7042e-27     4.9832     58.956     31.748  30.973078     1.5347      7.079   296.7758 2.1274e+02     0.8511     -0.060     -0.087    23.8329 0.0000e+00
     -0.061 7.3719e-26     4.9765     58.861     31.756  30.972559     1.5507      7.083   296.8633 2.1276e+02     0.9053     -0.060     -0.086    23.8186 0.0000e+00
     -0.061 8.1090e-25     4.9704     58.774     31.765  30.973080     1.5572      7.088   296.9385 2.1262e+02     0.8824     -0.060     -0.086    23.8037 0.0000e+00
     -0.060 8.9200e-24     4.9651     58.697     31.780  30.979374     1.5489      7.091   297.2553 2.1260e+02     0.8490     -0.059     -0.086    23.7888 0.0000e+00
     -0.060 9.8119e-23     4.9607     58.631     31.794  30.985149     1.5422      7.091   297.7682 2.1267e+02     0.7769     -0.059     -0.086    23.7745 0.0000e+00
     -0.060 1.0793e-21     4.9563     58.567     31.796  30.979377     1.5411      7.091   297.9775 2.1264e+02     0.6819     -0.059     -0.085    23.7609 0.0000e+00
     -0.060 1.1872e-20     4.9513     58.496     31.797  30.973086     1.5442      7.091   297.9793 2.1264e+02     0.6465     -0.059     -0.086    23.7479 0.0000e+00
     -0.060 1.3060e-19     4.9467     58.431     31.803  30.972576     1.5515      7.090   298.0476 2.1280e+02     0.6542     -0.059     -0.085    23.7352 0.0000e+00
     -0.060 1.4366e-18     4.9432     58.377     31.810  30.973202     1.5743      7.088   298.1154 2.1302e+02     0.6840     -0.059     -0.086    23.7226 0.0000e+00
     -0.060 1.5802e-17     4.9398     58.325     31.825  30.980649     1.6091      7.085   298.1959 2.1305e+02     0.7006     -0.060     -0.086    23.7109 0.0000e+00
     -0.060 1.7382e-16     4.9372     58.284     31.850  30.999094     1.6230      7.083   298.3332 2.1286e+02     0.6717     -0.059     -0.086    23.6999 0.0000e+00
     -0.060 1.9121e-15     4.9347     58.243     31.864  31.005688     1.6134      7.081   298.4851 2.1286e+02     0.6407     -0.059     -0.086    23.6893 0.0000e+00
     -0.060 2.1033e-14     4.9302     58.180     31.861  30.996858     1.5845      7.080   298.5706 2.1307e+02     0.6910     -0.059     -0.086    23.6788 0.0000e+00
     -0.060 2.3136e-13     4.9257     58.120     31.952  31.082843     1.5405      7.078   298.5924 2.1309e+02     0.8227     -0.059     -0.085    23.6686 0.0000e+00
     -0.060 2.5450e-12     4.9265     58.167     32.136  31.283227     1.5135      7.077   298.6614 2.1310e+02     0.8903     -0.059     -0.085    23.6581 0.0000e+00
     -0.060 2.7995e-11     4.9739     58.888     32.214  31.450954     1.5061      7.077   298.8894 2.1320e+02     0.8669     -0.060     -0.086    23.6482 0.0000e+00
     -0.060 3.0794e-10     5.1639     61.424     32.128  31.523244     1.5156      7.078   299.2843 2.1323e+02     0.7841     -0.059     -0.085    23.6379 0.0000e+00
     -0.060 3.3874e-09     5.5562     66.375     31.978  31.522437     1.5454      7.081   299.6501 2.1326e+02     0.6830     -0.059     -0.085    23.6286 0.0000e+00
     -0.060 3.7261e-08     6.0998     73.063     31.865  31.504922     1.5627      7.083   299.8707 2.1329e+02     0.6519     -0.059     -0.085    23.6211 0.0000e+00
     -0.060 4.0987e-07     6.6929     80.288     31.807  31.502134     1.5594      7.084   299.9732 2.1322e+02     0.6515     -0.060     -0.086    23.7554 0.0000e+00
     -0.060      0.000     7.2522     87.072     31.762  31.488806     1.5524      7.086   300.0282 2.1322e+02     0.7084     -0.059     -0.085    24.0701 0.0000e+00
     -0.060      0.000     7.7273     92.820     31.727  31.470841     1.5416      7.089   300.0195 2.1334e+02     0.8217     -0.059     -0.085    24.3215 0.0000e+00
     -0.060      0.001     8.0901     97.205     31.723  31.475467     1.5397      7.091   299.8685 2.1349e+02     0.8617     -0.059     -0.085    24.4485 0.0000e+00
     -0.060      0.001     8.3150     99.923     31.723  31.481239     1.5478      7.094   299.8375 2.1359e+02     0.8561     -0.059     -0.085    24.5262 0.0000e+00
     -0.060      0.001     8.3979    100.928     31.716  31.477135     1.5477      7.096   299.9881 2.1352e+02     0.8454     -0.059     -0.085    24.5703 0.0000e+00
     -0.059      0.001     8.3729    100.631     31.727  31.489354     1.5562      7.100   300.0551 2.1343e+02     0.7929     -0.058     -0.085    24.5935 0.0000e+00
     -0.059      0.002     8.2878     99.608     31.740  31.501960     1.5865      7.105   299.9592 2.1338e+02     0.7406     -0.058     -0.084    24.6054 0.0000e+00
     -0.058      0.004     8.1824     98.341     31.740  31.502538     1.6109      7.107   299.7752 2.1335e+02     0.7319     -0.057     -0.083    24.6150 0.0000e+00
     -0.058      0.006     8.0808     97.117     31.735  31.496345     1.6212      7.105   299.6373 2.1345e+02     0.7187     -0.057     -0.083    24.6193 0.0000e+00
