Data/DataNotYetUploadedToEDI/Raw_CTD/2018_RawDownloads/061118_fcr20.cnv
* Sea-Bird SBE19plus  Data File:
* FileName = C:\DATA\061418_bvr50_0003.hex
* Software version 2.6.3.104 SB_Terminal.dll
* Temperature SN = 7809
* Conductivity SN = 7809
* System UpLoad Time = Jun 14 2018 16:25:33
* <ApplicationData>
* <Seaterm232>
# nquan = 15
# nvalues = 124                         
# units = specified
# name 0 = depFM: Depth [fresh water, m]
# name 1 = dz/dtM: Descent Rate [m/s]
# name 2 = sbeox0Mg/L: Oxygen, SBE 43 [mg/l]
# name 3 = sbeox0PS: Oxygen, SBE 43 [% saturation]
# name 4 = specc: Specific Conductance [uS/cm]
# name 5 = c0uS/cm: Conductivity [uS/cm]
# name 6 = flECO-AFL: Fluorescence, WET Labs ECO-AFL/FL [mg/m^3]
# name 7 = ph: pH
# name 8 = orp: Oxidation Reduction Potential [mV]
# name 9 = par/sat/log: PAR/Logarithmic, Satlantic
# name 10 = turbWETntu0: Turbidity, WET Labs ECO [NTU]
# name 11 = prdM: Pressure, Strain Gauge [db]
# name 12 = prdE: Pressure, Strain Gauge [psi]
# name 13 = tv290C: Temperature [ITS-90, deg C]
# name 14 = flag:  0.000e+00
# span 0 =     -0.596,      3.240       
# span 1 =     -0.001,      0.233       
# span 2 =     6.2674,     7.7027       
# span 3 =     72.796,     92.483       
# span 4 =      0.496,     37.098       
# span 5 =   0.470317,  32.924235       
# span 6 =    -0.1852,     2.2857       
# span 7 =      5.755,      7.657       
# span 8 =  -344.9335,   297.1552       
# span 9 = 4.1514e+01, 2.3872e+03       
# span 10 =    -6.8821,     4.1591      
# span 11 =     -0.584,      3.178      
# span 12 =     -0.847,      4.609      
# span 13 =    18.4045,    24.6762      
# span 14 = 0.0000e+00, 0.0000e+00      
# interval = seconds: 0.25
# start_time = Jun 11 2018 14:37:59 [Instrument's time stamp, header]
# bad_flag = -9.990e-29
*END*
     -0.595     -0.000     7.0348     81.207      0.507   0.481825    -0.1723      5.813  -330.3774 2.3371e+03     0.0100     -0.583     -0.846    22.4783 0.0000e+00
     -0.595     -0.001     7.0349     81.209      0.508   0.482883    -0.1776      5.809  -335.4069 2.3489e+03     0.0039     -0.583     -0.846    22.4787 0.0000e+00
     -0.595     -0.001     7.0353     81.213      0.521   0.495546    -0.1802      5.806  -338.8753 2.3762e+03    -0.0036     -0.583     -0.846    22.4792 0.0000e+00
     -0.595     -0.000     7.0353     81.214      0.535   0.508114    -0.1852      5.801  -340.6512 2.3872e+03    -0.0497     -0.583     -0.846    22.4797 0.0000e+00
     -0.596 -1.847e-08     7.0330     81.188      0.535   0.508020    -0.1840      5.798  -340.7031 2.3752e+03    -0.1255     -0.584     -0.847    22.4802 0.0000e+00
     -0.596 -2.032e-07     7.0293     81.146      0.521   0.494405    -0.1740      5.798  -340.3640 2.3803e+03    -0.1870     -0.584     -0.847    22.4805 0.0000e+00
     -0.595 -2.032e-07     7.0283     81.135      0.496   0.470317    -0.1660      5.798  -340.6802 2.0666e+03    -0.2144     -0.584     -0.847    22.4806 0.0000e+00
     -0.595 -1.847e-08     7.0293     81.146      0.496   0.470422    -0.1602      5.796  -343.2356 1.3701e+03    -0.1824     -0.583     -0.846    22.4809 0.0000e+00
     -0.595 -1.669e-09     7.0294     81.148      0.522   0.495672    -0.1594      5.790  -344.9335 9.5942e+02    -0.1358     -0.583     -0.846    22.4812 0.0000e+00
     -0.595 -3.389e-11     7.0294     81.147      0.549   0.521970    -0.1659      5.784  -340.8181 9.2288e+02    -0.1383     -0.584     -0.847    22.4814 0.0000e+00
     -0.595 1.2930e-09     7.0296     81.149      0.563   0.534747    -0.1744      5.773  -338.7332 9.5023e+02    -0.1833     -0.584     -0.847    22.4815 0.0000e+00
     -0.595 1.4374e-08     7.0299     81.153      0.551   0.523336    -0.1789      5.761  -341.4936 9.6294e+02    -0.2213     -0.584     -0.847    22.4817 0.0000e+00
     -0.595 1.5813e-07     7.0300     81.155      0.537   0.510817    -0.1732      5.755  -343.4780 9.0327e+02    -0.2022     -0.584     -0.846    22.4821 0.0000e+00
     -0.595      0.000     7.0285     81.138      0.537   0.510214    -0.1617      5.757  -344.2273 8.2028e+02    -0.1652     -0.583     -0.846    22.4821 0.0000e+00
     -0.595      0.000     7.0258     81.108      0.543   0.516043    -0.1495      5.763  -339.7983 7.5697e+02    -0.1711     -0.584     -0.846    22.4823 0.0000e+00
     -0.595      0.000     7.0252     81.111      0.611   0.581285    -0.1457      5.777  -332.9470 7.1725e+02    -0.1508     -0.584     -0.846    22.4823 0.0000e+00
     -0.595      0.002     7.0192     81.137      1.225   1.172233    -0.1523      5.860  -293.2241 7.0170e+02    -0.0727     -0.584     -0.846    22.4825 0.0000e+00
     -0.595      0.010     6.9915     81.159      6.175   5.949008    -0.1566      6.146  -111.0049 7.0034e+02    -0.0198     -0.583     -0.846    22.4823 0.0000e+00
     -0.595      0.030     6.9423     81.184     17.601  17.038710    -0.1602      6.636   149.8092 7.1207e+02    -0.0308     -0.583     -0.846    22.4831 0.0000e+00
     -0.594      0.062     6.8906     81.201     28.020  27.260264    -0.1499      7.108   278.4771 7.2838e+02    -0.2052     -0.583     -0.846    22.4822 0.0000e+00
     -0.587      0.097     6.8507     81.213     31.667  30.969749     0.1240      7.406   291.2652 7.4508e+02    -1.9453     -0.582     -0.844    22.4858 0.0000e+00
     -0.561      0.129     6.8222     81.234     31.910  31.352469     0.6517      7.557   288.5982 7.6506e+02    -5.1402     -0.561     -0.814    22.6934 0.0000e+00
     -0.509      0.153     6.7990     81.243     31.881  31.443343     0.9457      7.629   285.8085 7.8378e+02    -6.8821     -0.505     -0.732    23.1669 0.0000e+00
     -0.444      0.167     6.7793     81.228     31.841  31.497094     0.9771      7.657   283.6906 8.0004e+02    -6.8009     -0.429     -0.621    23.6112 0.0000e+00
     -0.389      0.170     6.7668     81.225     31.775  31.494444     1.0588      7.652   274.0899 8.2395e+02    -4.0974     -0.374     -0.543    23.9112 0.0000e+00
     -0.351      0.166     6.7632     81.267     31.720  31.474889     1.2166      7.623   263.7680 8.5578e+02     0.8717     -0.343     -0.499    24.1327 0.0000e+00
     -0.319      0.164     6.7744     81.449     31.676  31.451236     1.3051      7.586   259.8131 8.8114e+02     3.5365     -0.312     -0.452    24.3213 0.0000e+00
     -0.289      0.171     6.8011     81.799     31.611  31.399012     1.3019      7.554   258.8816 8.9568e+02     3.6771     -0.282     -0.408    24.4742 0.0000e+00
     -0.257      0.185     6.8326     82.194     31.556  31.351532     1.2875      7.526   259.1299 8.8889e+02     3.0293     -0.258     -0.373    24.5658 0.0000e+00
     -0.209      0.201     6.8806     82.770     31.527  31.321731     1.2876      7.497   259.5452 8.3386e+02     1.8070     -0.218     -0.316    24.6160 0.0000e+00
     -0.139      0.215     6.9652     83.761     31.508  31.292711     1.3034      7.471   259.8592 7.4027e+02     1.1368     -0.136     -0.197    24.6434 0.0000e+00
     -0.065      0.225     7.0833     85.143     31.486  31.254678     1.3214      7.450   260.0014 6.2557e+02     1.0607     -0.055     -0.079    24.6601 0.0000e+00
     -0.007      0.226     7.2193     86.740     31.489  31.242903     1.3223      7.433   260.1463 4.9202e+02     0.9785     -0.005     -0.007    24.6737 0.0000e+00
      0.044      0.219     7.3621     88.426     31.535  31.277325     1.3134      7.419   260.6642 3.8762e+02     0.9052      0.041      0.059    24.6762 0.0000e+00
      0.097      0.208     7.5010     90.080     31.553  31.289807     1.3066      7.408   261.2732 3.3743e+02     0.9071      0.094      0.136    24.6550 0.0000e+00
      0.148      0.197     7.6144     91.441     31.530  31.266799     1.3044      7.402   261.7456 3.0988e+02     0.9097      0.148      0.215    24.6257 0.0000e+00
      0.195      0.186     7.6849     92.285     31.517  31.253159     1.3056      7.399   262.4172 2.8590e+02     0.8760      0.188      0.273    24.6017 0.0000e+00
      0.247      0.173     7.7027     92.483     31.522  31.251909     1.3026      7.394   263.2857 2.6617e+02     0.8655      0.239      0.348    24.5825 0.0000e+00
      0.298      0.158     7.6693     92.062     31.529  31.251682     1.3047      7.390   264.0722 2.5480e+02     0.9040      0.301      0.437    24.5727 0.0000e+00
      0.334      0.140     7.6069     91.296     31.534  31.250402     1.3125      7.386   264.6996 2.4830e+02     0.9147      0.331      0.479    24.5765 0.0000e+00
      0.362      0.122     7.5352     90.424     31.525  31.236423     1.3239      7.383   265.3649 2.4457e+02     0.8733      0.351      0.510    24.5792 0.0000e+00
      0.389      0.107     7.4589     89.502     31.500  31.209667     1.3409      7.381   266.0941 2.4543e+02     0.8300      0.385      0.558    24.5676 0.0000e+00
      0.413      0.099     7.3788     88.535     31.473  31.180924     1.3526      7.378   266.8910 2.4678e+02     0.7890      0.407      0.591    24.5528 0.0000e+00
      0.432      0.099     7.2957     87.532     31.437  31.142926     1.3646      7.371   267.6010 2.4485e+02     0.8043      0.422      0.612    24.5427 0.0000e+00
      0.453      0.100     7.2122     86.528     31.427  31.131276     1.3754      7.365   268.0532 2.4092e+02     0.8632      0.442      0.642    24.5361 0.0000e+00
      0.480      0.100     7.1314     85.559     31.463  31.167071     1.3726      7.361   268.5725 2.3581e+02     0.9205      0.468      0.679    24.5330 0.0000e+00
      0.513      0.097     7.0512     84.597     31.490  31.194677     1.3671      7.358   269.2331 2.3013e+02     1.0080      0.502      0.728    24.5298 0.0000e+00
      0.545      0.093     6.9697     83.617     31.508  31.211030     1.3645      7.354   269.8462 2.2551e+02     1.0672      0.539      0.783    24.5252 0.0000e+00
      0.568      0.091     6.8908     82.655     31.541  31.237777     1.3591      7.348   270.4792 2.2293e+02     1.0876      0.560      0.813    24.5232 0.0000e+00
      0.582      0.095     6.8257     81.850     31.578  31.264024     1.3581      7.342   271.2940 2.2147e+02     1.1026      0.572      0.829    24.5246 0.0000e+00
      0.595      0.105     6.7875     81.368     31.598  31.274339     1.3610      7.334   272.0405 2.1922e+02     1.0955      0.579      0.840    24.5266 0.0000e+00
      0.616      0.124     6.7760     81.205     31.570  31.235463     1.3662      7.328   272.3633 2.1708e+02     1.0924      0.599      0.870    24.5267 0.0000e+00
      0.650      0.144     6.7891     81.331     31.521  31.175010     1.3661      7.324   272.4440 2.1456e+02     1.0961      0.635      0.922    24.5158 0.0000e+00
      0.695      0.162     6.8250     81.730     31.537  31.178468     1.3696      7.322   272.8449 2.0992e+02     1.1100      0.674      0.978    24.4962 0.0000e+00
      0.752      0.177     6.8727     82.274     31.649  31.277251     1.3990      7.317   273.8544 2.0570e+02     1.1387      0.737      1.068    24.4824 0.0000e+00
      0.810      0.188     6.9222     82.829     31.806  31.416746     1.4267      7.307   275.0129 2.0334e+02     1.1373      0.804      1.165    24.4669 0.0000e+00
      0.852      0.195     6.9667     83.289     31.888  31.467885     1.4482      7.297   275.7541 2.0067e+02     1.0925      0.837      1.213    24.4441 0.0000e+00
      0.888      0.196     6.9955     83.514     31.856  31.387455     1.5848      7.288   275.9329 1.9711e+02     1.0556      0.864      1.252    24.4243 0.0000e+00
      0.936      0.189     6.9991     83.421     31.858  31.333325     1.8197      7.284   275.7982 1.9260e+02     1.0575      0.914      1.324    24.4065 0.0000e+00
      0.997      0.178     6.9801     83.084     32.087  31.511900     1.9353      7.283   276.0187 1.8757e+02     1.0845      0.977      1.417    24.3910 0.0000e+00
      1.058      0.168     6.9501     82.652     32.574  31.958796     1.9441      7.281   276.7917 1.8425e+02     1.1081      1.044      1.514    24.3485 0.0000e+00
      1.102      0.158     6.9220     82.242     33.075  32.418004     1.9997      7.275   277.6588 1.8264e+02     1.1601      1.090      1.582    24.2634 0.0000e+00
      1.126      0.149     6.9042     81.927     33.391  32.681849     2.0928      7.266   278.5870 1.8086e+02     1.2548      1.107      1.606    24.1635 0.0000e+00
      1.145      0.144     6.8979     81.725     33.567  32.798927     2.1414      7.256   279.5827 1.7832e+02     1.3073      1.117      1.620    24.0865 0.0000e+00
      1.176      0.149     6.8999     81.609     33.517  32.690270     2.1466      7.248   280.1467 1.7552e+02     1.3370      1.149      1.666    24.0542 0.0000e+00
      1.219      0.161     6.9096     81.588     33.199  32.320677     2.1471      7.244   280.0725 1.7222e+02     1.3692      1.197      1.735    24.0105 0.0000e+00
      1.266      0.171     6.9296     81.719     32.931  32.013809     2.1655      7.246   279.8043 1.6783e+02     1.5136      1.238      1.797    23.9381 0.0000e+00
      1.320      0.168     6.9597     82.022     32.968  32.028434     2.1941      7.250   279.7423 1.6330e+02     1.8015      1.290      1.871    23.8555 0.0000e+00
      1.378      0.156     6.9948     82.428     33.193  32.243429     2.1987      7.251   280.1847 1.6035e+02     1.9507      1.357      1.968    23.7596 0.0000e+00
      1.423      0.142     7.0321     82.845     33.354  32.390411     2.1936      7.247   281.0227 1.5906e+02     1.9437      1.406      2.039    23.6662 0.0000e+00
      1.445      0.132     7.0731     83.236     33.413  32.408335     2.1971      7.238   281.7869 1.5790e+02     1.9315      1.422      2.062    23.5873 0.0000e+00
      1.457      0.128     7.1146     83.551     33.477  32.396572     2.2040      7.228   282.6272 1.5595e+02     1.9253      1.424      2.066    23.5573 0.0000e+00
      1.478      0.133     7.1480     83.723     33.552  32.375102     2.2120      7.220   283.5252 1.5309e+02     1.9289      1.440      2.090    23.5673 0.0000e+00
      1.515      0.149     7.1650     83.699     33.612  32.339136     2.2112      7.220   284.1271 1.4940e+02     1.9149      1.483      2.151    23.5684 0.0000e+00
      1.563      0.172     7.1589     83.443     33.698  32.342651     2.1763      7.227   284.3976 1.4513e+02     1.9076      1.533      2.224    23.5126 0.0000e+00
      1.614      0.192     7.1332     82.994     33.843  32.417483     2.1212      7.236   284.3009 1.3995e+02     1.9626      1.580      2.290    23.3899 0.0000e+00
      1.671      0.205     7.0985     82.446     33.975  32.481684     2.0873      7.241   283.9039 1.3417e+02     2.0005      1.637      2.375    23.2433 0.0000e+00
      1.728      0.206     7.0619     81.880     33.974  32.420182     2.0697      7.246   283.5556 1.2877e+02     1.9700      1.696      2.462    23.0912 0.0000e+00
      1.780      0.196     7.0263     81.347     33.913  32.308894     2.0191      7.252   283.4453 1.2358e+02     2.0213      1.745      2.531    22.9726 0.0000e+00
      1.833      0.176     6.9898     80.846     33.984  32.342768     1.9341      7.257   283.5164 1.1852e+02     2.1930      1.796      2.604    22.8940 0.0000e+00
      1.885      0.150     6.9461     80.324     34.170  32.512137     1.8880      7.262   283.6415 1.1481e+02     2.3065      1.853      2.687    22.7967 0.0000e+00
      1.926      0.123     6.8975     79.764     34.305  32.641888     1.8747      7.266   283.7533 1.1294e+02     2.3247      1.896      2.751    22.7005 0.0000e+00
      1.946      0.099     6.8529     79.224     34.383  32.704847     1.8380      7.268   284.0073 1.1177e+02     2.3213      1.913      2.775    22.6235 0.0000e+00
      1.955      0.083     6.8142     78.732     34.469  32.765242     1.7838      7.268   284.5618 1.1050e+02     2.3268      1.916      2.779    22.5581 0.0000e+00
      1.965      0.080     6.7778     78.257     34.532  32.800477     1.7530      7.262   285.6403 1.0926e+02     2.3313      1.925      2.793    22.5646 0.0000e+00
      1.980      0.094     6.7396     77.765     34.571  32.813264     1.7594      7.249   287.0658 1.0795e+02     2.3139      1.942      2.816    22.5825 0.0000e+00
      2.001      0.123     6.6964     77.225     34.570  32.792787     1.7692      7.234   288.1177 1.0600e+02     2.2995      1.958      2.840    22.5567 0.0000e+00
      2.032      0.159     6.6498     76.647     34.470  32.679888     1.7797      7.224   288.5504 1.0295e+02     2.2180      1.986      2.881    22.5278 0.0000e+00
      2.078      0.193     6.6020     76.067     34.324  32.527899     1.8035      7.219   288.6842 9.8492e+01     2.0611      2.032      2.947    22.4858 0.0000e+00
      2.140      0.219     6.5461     75.452     34.191  32.415874     1.8185      7.214   288.7891 9.2957e+01     1.9588      2.095      3.039    22.4496 0.0000e+00
      2.211      0.233     6.4755     74.762     34.051  32.341610     1.8221      7.210   288.7852 8.7683e+01     1.9279      2.169      3.146    22.4256 0.0000e+00
      2.281      0.232     6.4005     74.070     33.949  32.328695     1.8204      7.207   288.7227 8.3360e+01     1.8099      2.240      3.249    22.3976 0.0000e+00
      2.345      0.216     6.3350     73.462     34.000  32.450387     1.8163      7.206   288.8086 7.9917e+01     1.5995      2.303      3.340    22.3654 0.0000e+00
      2.401      0.190     6.2879     73.004     34.119  32.606343     1.8179      7.203   289.0490 7.7233e+01     1.5201      2.356      3.418    22.3669 0.0000e+00
      2.447      0.160     6.2674     72.796     34.124  32.626601     1.8123      7.200   289.3066 7.5237e+01     1.5206      2.404      3.488    22.4702 0.0000e+00
      2.480      0.127     6.2724     72.858     34.061  32.568327     1.8036      7.195   289.4284 7.3704e+01     1.4844      2.436      3.533    22.6179 0.0000e+00
