Data/DataNotYetUploadedToEDI/Raw_CTD/2018_RawDownloads/061118_fcr45.cnv
* Sea-Bird SBE19plus  Data File:
* FileName = C:\DATA\061418_bvr50_0005.hex
* Software version 2.6.3.104 SB_Terminal.dll
* Temperature SN = 7809
* Conductivity SN = 7809
* System UpLoad Time = Jun 14 2018 16:25:56
* <ApplicationData>
* <Seaterm232>
# nquan = 15
# nvalues = 262                         
# units = specified
# name 0 = depFM: Depth [fresh water, m]
# name 1 = dz/dtM: Descent Rate [m/s]
# name 2 = sbeox0Mg/L: Oxygen, SBE 43 [mg/l]
# name 3 = sbeox0PS: Oxygen, SBE 43 [% saturation]
# name 4 = specc: Specific Conductance [uS/cm]
# name 5 = c0uS/cm: Conductivity [uS/cm]
# name 6 = flECO-AFL: Fluorescence, WET Labs ECO-AFL/FL [mg/m^3]
# name 7 = ph: pH
# name 8 = orp: Oxidation Reduction Potential [mV]
# name 9 = par/sat/log: PAR/Logarithmic, Satlantic
# name 10 = turbWETntu0: Turbidity, WET Labs ECO [NTU]
# name 11 = prdM: Pressure, Strain Gauge [db]
# name 12 = prdE: Pressure, Strain Gauge [psi]
# name 13 = tv290C: Temperature [ITS-90, deg C]
# name 14 = flag:  0.000e+00
# span 0 =     -0.592,      7.390       
# span 1 =     -0.001,      0.300       
# span 2 =     6.6057,     8.8929       
# span 3 =     59.057,     90.701       
# span 4 =      0.765,     43.341       
# span 5 =   0.705586,  31.775032       
# span 6 =    -0.1966,     3.7352       
# span 7 =      6.358,      8.061       
# span 8 =   259.9669,   482.6149       
# span 9 = 3.1176e-01, 3.2709e+02       
# span 10 =    -0.2943,     8.0072      
# span 11 =     -0.581,      7.248      
# span 12 =     -0.843,     10.512      
# span 13 =    10.2859,    24.8582      
# span 14 = 0.0000e+00, 0.0000e+00      
# interval = seconds: 0.25
# start_time = Jun 11 2018 15:04:58 [Instrument's time stamp, header]
# bad_flag = -9.990e-29
*END*
     -0.591 -8.201e-21     7.3378     82.514      0.793   0.731584    -0.1755      6.360   261.5845 2.0521e+02    -0.0024     -0.580     -0.841    21.1230 0.0000e+00
     -0.591 -9.021e-20     7.3368     82.504      0.779   0.718787    -0.1830      6.360   261.0404 2.0930e+02     0.0092     -0.580     -0.841    21.1235 0.0000e+00
     -0.591 -9.923e-19     7.3380     82.518      0.765   0.706147    -0.1819      6.360   260.3943 2.1266e+02     0.0072     -0.580     -0.842    21.1238 0.0000e+00
     -0.591 -1.092e-17     7.3406     82.548      0.765   0.705586    -0.1807      6.360   259.9669 2.1272e+02    -0.0563     -0.579     -0.841    21.1240 0.0000e+00
     -0.591 -1.201e-16     7.3393     82.534      0.772   0.712011    -0.1869      6.360   260.0027 2.0996e+02    -0.1492     -0.580     -0.840    21.1242 0.0000e+00
     -0.591 -1.321e-15     7.3366     82.503      0.850   0.783828    -0.1922      6.360   260.5691 2.0436e+02    -0.1998     -0.580     -0.842    21.1246 0.0000e+00
     -0.591 -1.453e-14     7.3347     82.482      1.088   1.003205    -0.1900      6.360   261.7383 1.9398e+02    -0.2108     -0.580     -0.841    21.1251 0.0000e+00
     -0.591 -1.598e-13     7.3332     82.466      1.379   1.271837    -0.1873      6.358   265.1056 1.8789e+02    -0.2215     -0.580     -0.841    21.1253 0.0000e+00
     -0.592 -2.930e-13     7.3329     82.463      1.552   1.431875    -0.1787      6.358   269.5343 1.9256e+02    -0.2067     -0.581     -0.842    21.1255 0.0000e+00
     -0.592 -1.598e-13     7.3339     82.474      1.741   1.606517    -0.1681      6.358   271.2335 1.9524e+02    -0.1841     -0.580     -0.842    21.1257 0.0000e+00
     -0.591 -1.453e-14     7.3356     82.494      2.086   1.924862    -0.1694      6.359   270.5935 1.9099e+02    -0.2236     -0.580     -0.841    21.1261 0.0000e+00
     -0.591 -1.321e-15     7.3363     82.503      2.425   2.237006    -0.1754      6.361   269.3680 1.8547e+02    -0.2569     -0.580     -0.841    21.1264 0.0000e+00
     -0.591 -1.215e-16     7.3352     82.491      2.533   2.336620    -0.1774      6.361   267.4292 1.8259e+02    -0.2200     -0.580     -0.842    21.1265 0.0000e+00
     -0.591 -2.658e-17     7.3336     82.474      2.361   2.178031    -0.1745      6.362   265.1341 1.8385e+02    -0.1749     -0.580     -0.841    21.1269 0.0000e+00
     -0.591 -1.734e-16     7.3334     82.472      2.065   1.904957    -0.1773      6.364   264.0744 1.8662e+02    -0.1684     -0.580     -0.842    21.1273 0.0000e+00
     -0.591 -1.896e-15     7.3336     82.475      1.841   1.698406    -0.1936      6.365   264.7689 1.8797e+02    -0.2027     -0.580     -0.841    21.1275 0.0000e+00
     -0.592 -2.086e-14     7.3321     82.459      1.716   1.583120    -0.1966      6.366   266.1310 1.8864e+02    -0.2541     -0.580     -0.842    21.1277 0.0000e+00
     -0.592 -2.294e-13     7.3305     82.441      1.585   1.462269    -0.1762      6.366   267.7230 1.9024e+02    -0.2716     -0.581     -0.842    21.1283 0.0000e+00
     -0.592 -2.524e-12     7.3310     82.448      1.426   1.315258    -0.1672      6.365   269.6498 1.9219e+02    -0.2614     -0.580     -0.841    21.1284 0.0000e+00
     -0.592 -2.776e-11     7.3338     82.479      1.302   1.200745    -0.1809      6.366   271.2733 1.9356e+02    -0.2229     -0.580     -0.842    21.1286 0.0000e+00
     -0.592 -3.054e-10     7.3380     82.526      1.253   1.155745    -0.1943      6.367   272.2103 1.9322e+02    -0.1722     -0.580     -0.842    21.1291 0.0000e+00
     -0.592 -3.359e-09     7.3410     82.561      1.248   1.151643    -0.1917      6.367   272.8047 1.9341e+02    -0.1976     -0.580     -0.842    21.1295 0.0000e+00
     -0.592 -3.695e-08     7.3429     82.582      1.248   1.151158    -0.1766      6.367   273.5559 1.9680e+02    -0.2554     -0.580     -0.842    21.1298 0.0000e+00
     -0.592 -4.064e-07     7.3458     82.615      1.246   1.149876    -0.1681      6.368   274.9260 2.0034e+02    -0.2308     -0.580     -0.841    21.1302 0.0000e+00
     -0.592     -0.000     7.3481     82.642      1.231   1.136141    -0.1720      6.368   276.2929 2.0010e+02    -0.1433     -0.580     -0.842    21.1304 0.0000e+00
     -0.592     -0.000     7.3477     82.638      1.205   1.111908    -0.1780      6.367   276.7472 1.9798e+02    -0.1136     -0.580     -0.842    21.1304 0.0000e+00
     -0.592     -0.001     7.3452     82.611      1.203   1.110536    -0.1759      6.367   276.8061 1.9793e+02    -0.1759     -0.580     -0.841    21.1310 0.0000e+00
     -0.592     -0.001     7.3431     82.588      1.213   1.119560    -0.1644      6.367   277.3485 1.9878e+02    -0.2252     -0.581     -0.842    21.1314 0.0000e+00
     -0.592     -0.000     7.3432     82.589      1.186   1.094184    -0.1584      6.368   278.2283 1.9813e+02    -0.2527     -0.581     -0.843    21.1314 0.0000e+00
     -0.592 -1.847e-08     7.3444     82.603      1.146   1.057374    -0.1682      6.369   278.9261 1.9781e+02    -0.2937     -0.581     -0.843    21.1316 0.0000e+00
     -0.592 -2.032e-07     7.3454     82.614      1.144   1.054971    -0.1816      6.369   279.2467 2.0036e+02    -0.2943     -0.581     -0.843    21.1319 0.0000e+00
     -0.592 -2.032e-07     7.3462     82.624      1.155   1.065129    -0.1822      6.369   279.4368 2.0571e+02    -0.2899     -0.581     -0.843    21.1321 0.0000e+00
     -0.592 -1.847e-08     7.3464     82.627      1.142   1.053371    -0.1762      6.369   279.9349 2.1271e+02    -0.2723     -0.581     -0.842    21.1325 0.0000e+00
     -0.592 -1.680e-09     7.3458     82.620      1.127   1.039629    -0.1734      6.369   280.6232 2.1996e+02    -0.2339     -0.581     -0.843    21.1328 0.0000e+00
     -0.592 -1.527e-10     7.3448     82.609      1.112   1.025803    -0.1769      6.369   281.1329 2.2515e+02    -0.2524     -0.580     -0.842    21.1331 0.0000e+00
     -0.592 -1.388e-11     7.3429     82.588      1.098   1.013027    -0.1814      6.369   281.6234 2.2676e+02    -0.2522     -0.581     -0.842    21.1333 0.0000e+00
     -0.592 -1.262e-12     7.3402     82.558      1.097   1.011980    -0.1805      6.369   282.4249 2.2500e+02    -0.2313     -0.580     -0.842    21.1335 0.0000e+00
     -0.592 -1.147e-13     7.3373     82.527      1.098   1.013144    -0.1842      6.369   283.2522 2.2215e+02    -0.2740     -0.581     -0.842    21.1338 0.0000e+00
     -0.592 -1.043e-14     7.3358     82.509      1.113   1.027107    -0.1809      6.370   283.8829 2.2192e+02    -0.2804     -0.581     -0.842    21.1340 0.0000e+00
     -0.592 -9.480e-16     7.3359     82.510      1.142   1.053978    -0.1683      6.371   284.5439 2.2428e+02    -0.2166     -0.581     -0.842    21.1343 0.0000e+00
     -0.592 -8.620e-17     7.3362     82.515      1.175   1.084384    -0.1695      6.371   285.1353 2.2555e+02    -0.2046     -0.581     -0.842    21.1344 0.0000e+00
     -0.592 -7.835e-18     7.3360     82.513      1.236   1.141090    -0.1771      6.370   286.0438 2.2425e+02    -0.2270     -0.581     -0.842    21.1347 0.0000e+00
     -0.592 -7.120e-19     7.3347     82.498      1.335   1.232291    -0.1777      6.370   288.3006 2.1737e+02    -0.2127     -0.580     -0.842    21.1350 0.0000e+00
     -0.592 -6.475e-20     7.3338     82.489      1.408   1.299296    -0.1765      6.370   292.8048 2.0313e+02    -0.2145     -0.581     -0.843    21.1353 0.0000e+00
     -0.592 -5.885e-21     7.3343     82.495      1.427   1.317097    -0.1811      6.369   298.4300 1.9121e+02    -0.2189     -0.580     -0.842    21.1357 0.0000e+00
     -0.592 -5.350e-22     7.3353     82.507      1.431   1.320700    -0.1876      6.369   303.2286 1.8815e+02    -0.2053     -0.581     -0.843    21.1358 0.0000e+00
     -0.592 -4.865e-23     7.3358     82.512      1.455   1.342855    -0.1899      6.368   311.0742 1.8860e+02    -0.2027     -0.581     -0.843    21.1359 0.0000e+00
     -0.592 -4.422e-24     7.3344     82.497      1.511   1.394734    -0.1824      6.367   322.2232 1.8822e+02    -0.1866     -0.581     -0.842    21.1361 0.0000e+00
     -0.592 -3.959e-25     7.3331     82.482      1.561   1.440644    -0.1694      6.369   329.0172 1.8702e+02    -0.1945     -0.580     -0.842    21.1365 0.0000e+00
     -0.592 3.0823e-26     7.3321     82.473      1.576   1.454054    -0.1705      6.373   331.6161 1.8627e+02    -0.2369     -0.581     -0.843    21.1368 0.0000e+00
     -0.592 7.3777e-25     7.3311     82.462      1.687   1.556867    -0.1777      6.375   333.2556 1.8543e+02    -0.2409     -0.581     -0.842    21.1369 0.0000e+00
     -0.592 8.1518e-24     7.3299     82.449      2.015   1.859346    -0.1738      6.377   332.5791 1.8441e+02    -0.2131     -0.580     -0.842    21.1372 0.0000e+00
     -0.592 8.9673e-23     7.3281     82.430      2.378   2.194174    -0.1694      6.379   329.8021 1.8430e+02    -0.2057     -0.581     -0.842    21.1374 0.0000e+00
     -0.592 9.8640e-22     7.3271     82.417      2.501   2.307592    -0.1703      6.380   329.6212 1.8535e+02    -0.2126     -0.580     -0.842    21.1377 0.0000e+00
     -0.592 1.0850e-20     7.3281     82.430      2.333   2.152587    -0.1756      6.378   334.3496 1.8915e+02    -0.2352     -0.581     -0.843    21.1381 0.0000e+00
     -0.592 1.1935e-19     7.3303     82.455      2.065   1.905454    -0.1875      6.376   339.9957 1.9529e+02    -0.2657     -0.580     -0.842    21.1384 0.0000e+00
     -0.592 1.3129e-18     7.3322     82.477      1.874   1.729357    -0.1949      6.375   344.6287 1.9897e+02    -0.2453     -0.581     -0.842    21.1386 0.0000e+00
     -0.592 1.4442e-17     7.3336     82.493      1.812   1.672230    -0.1914      6.370   368.6852 1.9809e+02    -0.2019     -0.581     -0.843    21.1389 0.0000e+00
     -0.592 1.5886e-16     7.3340     82.498      1.797   1.658647    -0.1817      6.363   411.8922 1.9396e+02    -0.1991     -0.581     -0.843    21.1392 0.0000e+00
     -0.592 1.7475e-15     7.3336     82.494      1.696   1.565128    -0.1706      6.364   433.6597 1.8996e+02    -0.2118     -0.581     -0.842    21.1394 0.0000e+00
     -0.592 1.9222e-14     7.3334     82.493      1.549   1.429309    -0.1664      6.373   433.6399 1.9222e+02    -0.2325     -0.581     -0.843    21.1398 0.0000e+00
     -0.592 2.1144e-13     7.3344     82.504      1.461   1.348183    -0.1767      6.379   432.9904 1.9793e+02    -0.2664     -0.581     -0.842    21.1401 0.0000e+00
     -0.592 2.3259e-12     7.3354     82.515      1.457   1.345214    -0.1857      6.382   433.2928 1.9873e+02    -0.2251     -0.581     -0.843    21.1406 0.0000e+00
     -0.592 2.5585e-11     7.3359     82.522      1.509   1.393410    -0.1839      6.382   441.7693 1.9391e+02    -0.0994     -0.581     -0.842    21.1409 0.0000e+00
     -0.592 2.8143e-10     7.3365     82.529      1.542   1.423602    -0.1814      6.379   458.6465 1.8673e+02    -0.0275     -0.580     -0.842    21.1412 0.0000e+00
     -0.592 3.0957e-09     7.3368     82.532      1.510   1.393188    -0.1739      6.377   471.3841 1.7852e+02     0.0026     -0.581     -0.842    21.1414 0.0000e+00
     -0.592 3.4053e-08     7.3378     82.545      1.455   1.342751    -0.1666      6.377   477.7327 1.6870e+02     0.0511     -0.581     -0.842    21.1418 0.0000e+00
     -0.592 3.7459e-07     7.3388     82.557      1.432   1.321087    -0.1671      6.379   481.1166 1.5839e+02     0.0391     -0.580     -0.842    21.1418 0.0000e+00
     -0.592      0.000     7.3382     82.550      1.432   1.321497    -0.1707      6.382   482.6149 1.5048e+02    -0.0194     -0.580     -0.842    21.1427 0.0000e+00
     -0.592      0.000     7.3378     82.547      1.460   1.347708    -0.1733      6.385   482.0821 1.4776e+02    -0.0467     -0.580     -0.842    21.1420 0.0000e+00
     -0.592      0.000     7.3372     82.552      1.772   1.638004    -0.1707      6.387   477.9435 1.4980e+02    -0.0462     -0.580     -0.842    21.1439 0.0000e+00
     -0.592      0.005     7.3250     82.542      5.473   5.085091    -0.1671      6.402   457.6131 1.5355e+02    -0.0437     -0.580     -0.841    21.1419 0.0000e+00
     -0.592      0.020     7.2746     82.525     14.435  13.528846    -0.1664      6.498   416.7789 1.5912e+02    -0.0166     -0.580     -0.842    21.1459 0.0000e+00
     -0.592      0.044     7.1787     82.512     24.198  22.966718    -0.1719      6.747   380.6901 1.6777e+02     0.0372     -0.579     -0.841    21.1401 0.0000e+00
     -0.589      0.070     7.0781     82.511     30.313  29.143162    -0.1782      7.114   350.2808 1.8006e+02     0.1489     -0.581     -0.843    21.1505 0.0000e+00
     -0.571      0.096     7.0074     82.520     32.264  31.324018    -0.1780      7.500   320.8144 1.9594e+02     0.3272     -0.573     -0.830    21.1346 0.0000e+00
     -0.531      0.122     6.9634     82.536     32.279  31.556663    -0.1785      7.812   311.3549 2.1074e+02     0.4225     -0.523     -0.758    21.4031 0.0000e+00
     -0.483      0.147     6.9311     82.550     32.194  31.638811    -0.1751      7.996   315.4935 2.2330e+02     0.4471     -0.467     -0.677    22.2571 0.0000e+00
     -0.443      0.166     6.9026     82.549     32.094  31.682410    -0.1279      8.061   312.2614 2.4718e+02     0.6245     -0.433     -0.629    23.1002 0.0000e+00
     -0.405      0.174     6.8817     82.563     32.003  31.702975     0.2907      8.046   298.9476 2.8047e+02     2.5356     -0.401     -0.582    23.5977 0.0000e+00
     -0.359      0.174     6.8722     82.627     31.923  31.697089     1.0450      7.988   286.7599 3.0160e+02     6.0685     -0.356     -0.515    23.8999 0.0000e+00
     -0.306      0.179     6.8716     82.734     31.853  31.674849     1.4564      7.920   280.8823 3.1169e+02     8.0001     -0.298     -0.432    24.1370 0.0000e+00
     -0.257      0.198     6.8768     82.878     31.768  31.624671     1.4879      7.848   278.2144 3.2107e+02     8.0072     -0.246     -0.358    24.3734 0.0000e+00
     -0.220      0.223     6.8890     83.088     31.652  31.535003     1.4991      7.773   277.1313 3.2709e+02     6.1852     -0.216     -0.313    24.5469 0.0000e+00
     -0.180      0.247     6.9126     83.413     31.579  31.479834     1.5281      7.701   276.9925 3.1614e+02     2.8467     -0.189     -0.275    24.6559 0.0000e+00
     -0.111      0.265     6.9557     83.938     31.563  31.465734     1.5443      7.635   277.1387 2.6279e+02     1.0279     -0.120     -0.174    24.7204 0.0000e+00
     -0.016      0.276     7.0250     84.707     31.552  31.428033     1.5475      7.577   277.4362 1.9204e+02     0.8883     -0.013     -0.018    24.7721 0.0000e+00
      0.077      0.281     7.1143     85.662     31.578  31.405002     1.5661      7.529   278.6117 1.5402e+02     0.9140      0.080      0.116    24.8156 0.0000e+00
      0.154      0.281     7.2180     86.813     31.653  31.441216     1.5950      7.490   280.0787 1.3915e+02     0.9116      0.159      0.230    24.8425 0.0000e+00
      0.210      0.272     7.3349     88.192     31.708  31.484776     1.6126      7.458   281.0640 1.2954e+02     0.8903      0.212      0.307    24.8582 0.0000e+00
      0.259      0.263     7.4471     89.556     31.705  31.487108     1.6230      7.434   281.7487 1.1888e+02     0.8696      0.245      0.355    24.8163 0.0000e+00
      0.322      0.260     7.5229     90.481     31.682  31.469420     1.6370      7.417   282.2487 1.0657e+02     0.8752      0.310      0.450    24.7114 0.0000e+00
      0.397      0.263     7.5414     90.701     31.674  31.461450     1.6628      7.404   282.8070 9.9670e+01     0.8971      0.393      0.569    24.6391 0.0000e+00
      0.472      0.268     7.5058     90.266     31.670  31.454246     1.6779      7.394   283.7667 9.4646e+01     0.8589      0.464      0.673    24.6334 0.0000e+00
      0.543      0.271     7.4301     89.346     31.665  31.445820     1.6722      7.382   284.7321 8.9947e+01     0.8100      0.533      0.772    24.6541 0.0000e+00
      0.613      0.268     7.3249     88.070     31.646  31.423080     1.7045      7.371   285.3599 8.6782e+01     0.8253      0.604      0.875    24.6639 0.0000e+00
