Data/DataNotYetUploadedToEDI/Raw_CTD/2018_RawDownloads/061118_fcr50.cnv
* Sea-Bird SBE19plus  Data File:
* FileName = C:\DATA\061418_bvr50_0001.hex
* Software version 2.6.3.104 SB_Terminal.dll
* Temperature SN = 7809
* Conductivity SN = 7809
* System UpLoad Time = Jun 14 2018 16:25:17
* <ApplicationData>
* <Seaterm232>
# nquan = 15
# nvalues = 682                         
# units = specified
# name 0 = depFM: Depth [fresh water, m]
# name 1 = dz/dtM: Descent Rate [m/s]
# name 2 = sbeox0Mg/L: Oxygen, SBE 43 [mg/l]
# name 3 = sbeox0PS: Oxygen, SBE 43 [% saturation]
# name 4 = specc: Specific Conductance [uS/cm]
# name 5 = c0uS/cm: Conductivity [uS/cm]
# name 6 = flECO-AFL: Fluorescence, WET Labs ECO-AFL/FL [mg/m^3]
# name 7 = ph: pH
# name 8 = orp: Oxidation Reduction Potential [mV]
# name 9 = par/sat/log: PAR/Logarithmic, Satlantic
# name 10 = turbWETntu0: Turbidity, WET Labs ECO [NTU]
# name 11 = prdM: Pressure, Strain Gauge [db]
# name 12 = prdE: Pressure, Strain Gauge [psi]
# name 13 = tv290C: Temperature [ITS-90, deg C]
# name 14 = flag:  0.000e+00
# span 0 =     -0.610,      9.632       
# span 1 =     -0.013,      0.277       
# span 2 =     3.9494,     9.9690       
# span 3 =     36.212,    114.207       
# span 4 =      0.646,     42.404       
# span 5 =   0.595761,  32.319757       
# span 6 =    -0.1979,     3.0911       
# span 7 =      5.915,      7.552       
# span 8 = -1225.1554,   357.9396       
# span 9 = 1.2558e-01, 2.9880e+02       
# span 10 =    -0.2314,     6.4110      
# span 11 =     -0.599,      9.446      
# span 12 =     -0.868,     13.700      
# span 13 =    10.3903,    24.6814      
# span 14 = 0.0000e+00, 0.0000e+00      
# interval = seconds: 0.25
# start_time = Jun 11 2018 13:39:59 [Instrument's time stamp, header]
# bad_flag = -9.990e-29
*END*
[from data line 579]
      6.933      0.116     7.8910     70.589     42.253  29.924724     2.6449      6.286   353.1056 6.3871e-01     2.1443      6.798      9.858    10.4099 0.0000e+00
      6.967      0.117     7.8955     70.629     42.253  29.924137     2.6022      6.285   353.3088 6.3468e-01     2.1579      6.834      9.911    10.4100 0.0000e+00
      6.998      0.120     7.8970     70.642     42.230  29.907323     2.5878      6.283   353.6753 6.2160e-01     2.1298      6.865      9.956    10.4097 0.0000e+00
      7.024      0.120     7.8967     70.637     42.237  29.911951     2.5624      6.283   354.0947 5.9775e-01     2.1403      6.887      9.989    10.4091 0.0000e+00
      7.053      0.117     7.8945     70.616     42.245  29.916590     2.5073      6.282   354.2503 5.6514e-01     2.1929      6.913     10.028    10.4089 0.0000e+00
      7.087      0.112     7.8916     70.589     42.222  29.899905     2.4718      6.282   354.0948 5.3239e-01     2.1863      6.950     10.081    10.4083 0.0000e+00
      7.121      0.109     7.8891     70.565     42.224  29.900729     2.4644      6.282   353.8491 5.1524e-01     2.1525      6.987     10.134    10.4076 0.0000e+00
      7.148      0.107     7.8892     70.565     42.261  29.926546     2.4550      6.281   353.7740 5.0230e-01     2.1192      7.012     10.169    10.4069 0.0000e+00
      7.169      0.104     7.8927     70.597     42.305  29.958032     2.4496      6.280   354.1326 4.9777e-01     2.0578      7.029     10.196    10.4061 0.0000e+00
      7.191      0.100     7.8984     70.649     42.313  29.963891     2.4551      6.280   354.7433 4.9910e-01     1.9901      7.051     10.227    10.4049 0.0000e+00
      7.217      0.097     7.9027     70.688     42.271  29.933880     2.4657      6.281   355.0497 4.9344e-01     1.9421      7.075     10.262    10.4041 0.0000e+00
      7.245      0.097     7.9044     70.704     42.241  29.912701     2.4679      6.281   355.2556 4.8571e-01     1.9350      7.105     10.306    10.4041 0.0000e+00
      7.271      0.099     7.9059     70.716     42.221  29.898345     2.4629      6.281   355.5988 4.7066e-01     1.9959      7.132     10.344    10.4041 0.0000e+00
      7.295      0.103     7.9070     70.724     42.206  29.887310     2.4607      6.277   355.7575 4.5219e-01     2.0983      7.154     10.376    10.4048 0.0000e+00
      7.317      0.108     7.9060     70.714     42.234  29.906295     2.4601      6.274   355.8840 4.4373e-01     2.1667      7.177     10.409    10.4053 0.0000e+00
      7.342      0.112     7.9040     70.695     42.279  29.937365     2.4554      6.273   356.2676 4.2942e-01     2.1816      7.197     10.439    10.4052 0.0000e+00
      7.372      0.116     7.9034     70.690     42.290  29.945438     2.4679      6.271   356.5233 4.1102e-01     2.1867      7.225     10.480    10.4052 0.0000e+00
      7.409      0.122     7.9030     70.687     42.283  29.940400     2.5100      6.269   356.2223 4.0569e-01     2.1975      7.266     10.539    10.4040 0.0000e+00
      7.444      0.127     7.9032     70.687     42.283  29.939946     2.5414      6.268   355.6408 4.0935e-01     2.1909      7.305     10.594    10.4025 0.0000e+00
      7.473      0.127     7.9050     70.701     42.284  29.939955     2.5448      6.267   355.2564 4.0924e-01     2.1683      7.326     10.626    10.4024 0.0000e+00
      7.503      0.124     7.9062     70.713     42.285  29.940515     2.5421      6.267   355.2754 3.9414e-01     2.1679      7.353     10.665    10.4026 0.0000e+00
      7.540      0.122     7.9073     70.726     42.291  29.946708     2.5446      6.267   355.2679 3.7773e-01     2.1864      7.398     10.730    10.4031 0.0000e+00
      7.572      0.122     7.9077     70.734     42.294  29.951336     2.5472      6.265   354.9073 3.6664e-01     2.2082      7.430     10.777    10.4021 0.0000e+00
      7.596      0.123     7.9074     70.731     42.268  29.932957     2.5561      6.264   354.7012 3.5017e-01     2.2183      7.447     10.801    10.4010 0.0000e+00
      7.624      0.123     7.9082     70.735     42.246  29.915013     2.6337      6.264   354.8412 3.3699e-01     2.1560      7.472     10.837    10.4001 0.0000e+00
      7.660      0.123     7.9074     70.723     42.263  29.924894     2.7778      6.264   355.2233 3.3246e-01     2.0645      7.512     10.894    10.4022 0.0000e+00
      7.695      0.127     7.9041     70.691     42.266  29.925405     2.8649      6.263   355.7073 3.2749e-01     1.9973      7.551     10.951    10.4075 0.0000e+00
      7.725      0.132     7.9004     70.655     42.261  29.921193     2.8685      6.262   355.6171 3.1884e-01     1.9542      7.574     10.986    10.4067 0.0000e+00
      7.755      0.134     7.8964     70.618     42.285  29.937472     2.8391      6.261   354.9069 3.1020e-01     2.0009      7.602     11.025    10.4030 0.0000e+00
      7.791      0.133     7.8941     70.596     42.278  29.931708     2.8037      6.261   354.5189 3.0197e-01     2.1040      7.641     11.081    10.4005 0.0000e+00
      7.829      0.128     7.8967     70.619     42.254  29.915013     2.7905      6.262   354.6263 2.8977e-01     2.1640      7.676     11.134    10.3989 0.0000e+00
      7.867      0.123     7.9027     70.674     42.269  29.926133     2.7893      6.263   355.0004 2.8097e-01     2.1767      7.716     11.192    10.3979 0.0000e+00
      7.901      0.120     7.9086     70.728     42.287  29.939146     2.7806      6.261   355.6008 2.8216e-01     2.1957      7.754     11.246    10.3969 0.0000e+00
      7.922      0.120     7.9145     70.781     42.296  29.945327     2.7307      6.260   355.7777 2.8280e-01     2.2109      7.772     11.271    10.3964 0.0000e+00
      7.940      0.117     7.9191     70.822     42.284  29.937357     2.6461      6.261   355.4184 2.7185e-01     2.1776      7.783     11.287    10.3962 0.0000e+00
      7.970      0.112     7.9218     70.847     42.240  29.906295     2.6033      6.262   355.2135 2.5705e-01     2.1594      7.810     11.327    10.3967 0.0000e+00
      8.011      0.109     7.9248     70.876     42.211  29.887298     2.5986      6.261   355.4514 2.4849e-01     2.1733      7.858     11.397    10.3974 0.0000e+00
      8.050      0.111     7.9239     70.873     42.224  29.898180     2.5616      6.260   355.7996 2.4870e-01     2.1023      7.902     11.461    10.3978 0.0000e+00
      8.073      0.116     7.9174     70.817     42.240  29.910862     2.4964      6.259   355.8102 2.5959e-01     1.9727      7.922     11.489    10.3978 0.0000e+00
      8.085      0.116     7.9104     70.752     42.245  29.913624     2.4724      6.258   355.5797 2.6228e-01     1.9179      7.924     11.493    10.3972 0.0000e+00
      8.109      0.111     7.9049     70.700     42.273  29.931573     2.4820      6.259   355.6788 2.4432e-01     1.9284      7.942     11.520    10.3987 0.0000e+00
      8.150      0.107     7.8999     70.654     42.282  29.937356     2.4294      6.260   356.0631 2.2500e-01     1.9467      7.993     11.592    10.4030 0.0000e+00
      8.192      0.108     7.8966     70.626     42.256  29.920036     2.3238      6.260   356.1824 2.1989e-01     1.9554      8.041     11.662    10.4045 0.0000e+00
      8.218      0.112     7.8965     70.627     42.244  29.912684     2.2701      6.260   356.1749 2.2125e-01     1.9733      8.065     11.697    10.4023 0.0000e+00
      8.233      0.113     7.8979     70.641     42.243  29.911963     2.2764      6.260   356.0581 2.2016e-01     2.0106      8.072     11.707    10.4002 0.0000e+00
      8.251      0.112     7.9001     70.658     42.243  29.911320     2.3642      6.259   355.7166 2.1354e-01     2.0401      8.086     11.727    10.3986 0.0000e+00
      8.283      0.111     7.9035     70.685     42.236  29.904913     2.5136      6.259   355.8315 1.9922e-01     2.0851      8.121     11.778    10.3998 0.0000e+00
      8.323      0.114     7.9053     70.699     42.228  29.897994     2.5848      6.259   356.5872 1.9253e-01     2.1590      8.163     11.840    10.4028 0.0000e+00
      8.359      0.119     7.9053     70.698     42.220  29.891170     2.5907      6.259   357.1959 1.9723e-01     2.2010      8.200     11.892    10.4029 0.0000e+00
      8.388      0.124     7.9053     70.696     42.214  29.885912     2.5844      6.258   357.3405 1.9701e-01     2.1964      8.229     11.935    10.4009 0.0000e+00
      8.409      0.127     7.9015     70.661     42.232  29.897931     2.5546      6.256   357.1310 1.9024e-01     2.1641      8.246     11.960    10.3989 0.0000e+00
      8.433      0.127     7.8908     70.565     42.248  29.909477     2.5426      6.255   356.7275 1.8027e-01     2.1458      8.263     11.984    10.3975 0.0000e+00
      8.470      0.125     7.8784     70.453     42.233  29.898500     2.5499      6.255   356.5916 1.7089e-01     2.1892      8.302     12.041    10.3967 0.0000e+00
      8.516      0.124     7.8709     70.387     42.224  29.892213     2.5423      6.254   357.0370 1.6009e-01     2.2003      8.355     12.118    10.3958 0.0000e+00
      8.556      0.127     7.8691     70.371     42.231  29.896969     2.5423      6.251   357.7249 1.5413e-01     2.1586      8.397     12.180    10.3952 0.0000e+00
      8.581      0.132     7.8701     70.379     42.225  29.892499     2.5685      6.249   357.9396 1.6512e-01     2.1416      8.419     12.211    10.3951 0.0000e+00
      8.597      0.132     7.8746     70.419     42.238  29.901665     2.5917      6.249   357.7406 1.7778e-01     2.1478      8.426     12.221    10.3948 0.0000e+00
      8.626      0.127     7.8843     70.506     42.298  29.944285     2.5928      6.250   357.6415 1.6873e-01     2.1720      8.449     12.254    10.3946 0.0000e+00
      8.674      0.123     7.8988     70.636     42.325  29.963271     2.5278      6.250   357.6877 1.4308e-01     2.1909      8.506     12.337    10.3947 0.0000e+00
      8.721      0.123     7.9139     70.772     42.292  29.940707     2.4115      6.250   357.6106 1.3421e-01     2.1932      8.562     12.419    10.3944 0.0000e+00
      8.751      0.124     7.9245     70.868     42.270  29.925496     2.3458      6.251   357.4839 1.4021e-01     2.1994      8.587     12.455    10.3942 0.0000e+00
      8.767      0.121     7.9315     70.933     42.240  29.906364     2.3394      6.251   357.5330 1.4291e-01     2.2055      8.594     12.465    10.3942 0.0000e+00
      8.787      0.116     7.9352     70.967     42.230  29.899906     2.3897      6.251   357.6018 1.4317e-01     2.1753      8.611     12.490    10.3945 0.0000e+00
      8.820      0.113     7.9349     70.964     42.247  29.910918     2.4756      6.252   357.7126 1.3910e-01     2.1385      8.648     12.544    10.3949 0.0000e+00
      8.858      0.117     7.9318     70.934     42.251  29.912496     2.5240      6.252   357.8411 1.4035e-01     2.1584      8.688     12.602    10.3960 0.0000e+00
      8.892      0.122     7.9249     70.870     42.262  29.918981     2.5426      6.252   357.6068 1.4097e-01     2.1714      8.722     12.650    10.3982 0.0000e+00
      8.921      0.125     7.9139     70.769     42.272  29.925812     2.5625      6.250   357.0302 1.3193e-01     2.1433      8.750     12.690    10.3989 0.0000e+00
      8.948      0.122     7.9014     70.658     42.280  29.931585     2.5812      6.250   356.6347 1.2611e-01     2.1229      8.773     12.724    10.3978 0.0000e+00
      8.978      0.118     7.8904     70.559     42.271  29.925279     2.5936      6.251   356.6958 1.2561e-01     2.1085      8.801     12.765    10.3962 0.0000e+00
      9.013      0.118     7.8807     70.472     42.255  29.913070     2.6026      6.252   357.0814 1.2559e-01     2.1219      8.839     12.822    10.3943 0.0000e+00
      9.046      0.122     7.8736     70.407     42.253  29.910980     2.6064      6.251   357.4253 1.2562e-01     2.1627      8.874     12.871    10.3935 0.0000e+00
      9.072      0.124     7.8691     70.367     42.238  29.900011     2.6029      6.250   357.4982 1.2565e-01     2.1741      8.897     12.904    10.3940 0.0000e+00
      9.098      0.122     7.8658     70.337     42.248  29.907455     2.5972      6.250   357.2738 1.2565e-01     2.1678      8.918     12.935    10.3937 0.0000e+00
      9.132      0.116     7.8640     70.321     42.290  29.937465     2.5925      6.250   356.8628 1.2585e-01     2.1488      8.952     12.984    10.3931 0.0000e+00
      9.172      0.111     7.8656     70.336     42.301  29.945338     2.5828      6.249   356.6596 1.2879e-01     2.1271      8.999     13.051    10.3930 0.0000e+00
      9.204      0.110     7.8713     70.388     42.292  29.939140     2.5534      6.249   356.7097 1.3154e-01     2.1493      9.034     13.102    10.3928 0.0000e+00
      9.222      0.110     7.8793     70.458     42.275  29.926023     2.5130      6.249   356.7798 1.2891e-01     2.1733      9.045     13.118    10.3927 0.0000e+00
      9.239      0.106     7.8880     70.535     42.258  29.913758     2.4897      6.249   356.8194 1.2604e-01     2.1730      9.053     13.131    10.3925 0.0000e+00
      9.267      0.101     7.8987     70.630     42.265  29.917858     2.4742      6.249   356.8441 1.2609e-01     2.1761      9.085     13.176    10.3933 0.0000e+00
      9.303      0.100     7.9102     70.731     42.257  29.912085     2.4637      6.250   356.9065 1.2916e-01     2.1804      9.125     13.235    10.3935 0.0000e+00
      9.334      0.104     7.9189     70.809     42.250  29.907473     2.4731      6.249   356.8854 1.3199e-01     2.1946      9.158     13.282    10.3925 0.0000e+00
      9.355      0.108     7.9259     70.872     42.276  29.925593     2.4769      6.248   356.6745 1.2917e-01     2.1951      9.176     13.308    10.3916 0.0000e+00
      9.374      0.108     7.9325     70.933     42.296  29.940660     2.4728      6.248   356.4217 1.2602e-01     2.1861      9.188     13.327    10.3908 0.0000e+00
      9.400      0.110     7.9371     70.976     42.326  29.962628     2.4874      6.247   356.2378 1.2570e-01     2.2082      9.216     13.366    10.3903 0.0000e+00
      9.434      0.115     7.9394     70.998     42.379  30.000683     2.5164      6.246   356.3446 1.2570e-01     2.2187      9.254     13.421    10.3905 0.0000e+00
      9.466      0.119     7.9392     70.997     42.404  30.019744     2.5382      6.246   356.5944 1.2573e-01     2.1903      9.285     13.466    10.3909 0.0000e+00
      9.497      0.115     7.9362     70.971     42.379  30.002568     2.5394      6.247   356.5046 1.2570e-01     2.1699      9.312     13.505    10.3920 0.0000e+00
      9.531      0.104     7.9278     70.898     42.351  29.983532     2.5134      6.248   356.2919 1.2566e-01     2.1864      9.347     13.556    10.3934 0.0000e+00
      9.564      0.087     7.9130     70.766     42.346  29.980098     2.4808      6.250   356.0873 1.2566e-01     2.2054      9.384     13.611    10.3939 0.0000e+00
      9.586      0.069     7.8966     70.621     42.318  29.961047     2.4672      6.252   355.7509 1.2567e-01     2.1864      9.405     13.642    10.3943 0.0000e+00
      9.596      0.051     7.8787     70.462     42.293  29.943714     2.4588      6.253   355.4942 1.2563e-01     2.1394      9.411     13.650    10.3952 0.0000e+00
      9.600      0.036     7.8574     70.272     42.317  29.961046     2.3788      6.253   355.5648 1.2560e-01     2.1567      9.415     13.656    10.3965 0.0000e+00
      9.604      0.025     7.8389     70.107     42.344  29.980084     2.2353      6.253   355.9169 1.2561e-01     2.2435      9.420     13.660    10.3968 0.0000e+00
      9.608      0.020     7.8272     70.002     42.349  29.983377     2.1671      6.254   356.0519 1.2563e-01     2.3035      9.422     13.665    10.3970 0.0000e+00
      9.613      0.018     7.8186     69.925     42.374  30.000868     2.1611      6.255   355.7336 1.2567e-01     2.3334      9.426     13.672    10.3977 0.0000e+00
