Data/DataNotYetUploadedToEDI/Raw_CTD/2018_RawDownloads/061118_fcr50.cnv
* Sea-Bird SBE19plus  Data File:
* FileName = C:\DATA\061418_bvr50_0001.hex
* Software version 2.6.3.104 SB_Terminal.dll
* Temperature SN = 7809
* Conductivity SN = 7809
* System UpLoad Time = Jun 14 2018 16:25:17
* <ApplicationData>
* <Seaterm232>
# nquan = 15
# nvalues = 682                         
# units = specified
# name 0 = depFM: Depth [fresh water, m]
# name 1 = dz/dtM: Descent Rate [m/s]
# name 2 = sbeox0Mg/L: Oxygen, SBE 43 [mg/l]
# name 3 = sbeox0PS: Oxygen, SBE 43 [% saturation]
# name 4 = specc: Specific Conductance [uS/cm]
# name 5 = c0uS/cm: Conductivity [uS/cm]
# name 6 = flECO-AFL: Fluorescence, WET Labs ECO-AFL/FL [mg/m^3]
# name 7 = ph: pH
# name 8 = orp: Oxidation Reduction Potential [mV]
# name 9 = par/sat/log: PAR/Logarithmic, Satlantic
# name 10 = turbWETntu0: Turbidity, WET Labs ECO [NTU]
# name 11 = prdM: Pressure, Strain Gauge [db]
# name 12 = prdE: Pressure, Strain Gauge [psi]
# name 13 = tv290C: Temperature [ITS-90, deg C]
# name 14 = flag:  0.000e+00
# span 0 =     -0.610,      9.632       
# span 1 =     -0.013,      0.277       
# span 2 =     3.9494,     9.9690       
# span 3 =     36.212,    114.207       
# span 4 =      0.646,     42.404       
# span 5 =   0.595761,  32.319757       
# span 6 =    -0.1979,     3.0911       
# span 7 =      5.915,      7.552       
# span 8 = -1225.1554,   357.9396       
# span 9 = 1.2558e-01, 2.9880e+02       
# span 10 =    -0.2314,     6.4110      
# span 11 =     -0.599,      9.446      
# span 12 =     -0.868,     13.700      
# span 13 =    10.3903,    24.6814      
# span 14 = 0.0000e+00, 0.0000e+00      
# interval = seconds: 0.25
# start_time = Jun 11 2018 13:39:59 [Instrument's time stamp, header]
# bad_flag = -9.990e-29
*END*
[from data line 290]
      0.987      0.059     7.5273     90.569     31.689  31.490338     1.6362      7.245   307.7862 8.6732e+01     0.8693      0.967      1.402    24.6796 0.0000e+00
      1.003      0.057     7.5334     90.643     31.694  31.495081     1.6397      7.249   307.6974 8.5565e+01     0.8405      0.982      1.424    24.6800 0.0000e+00
      1.018      0.055     7.5423     90.748     31.689  31.488798     1.6521      7.252   308.0039 8.4807e+01     0.7871      1.002      1.453    24.6803 0.0000e+00
      1.029      0.053     7.5523     90.866     31.679  31.477876     1.6761      7.255   308.2234 8.4396e+01     0.7120      1.009      1.464    24.6806 0.0000e+00
      1.040      0.053     7.5618     90.976     31.692  31.490039     1.6906      7.258   308.3721 8.3475e+01     0.6643      1.017      1.475    24.6803 0.0000e+00
      1.055      0.053     7.5697     91.068     31.712  31.508835     1.6897      7.258   308.5969 8.2184e+01     0.6377      1.034      1.501    24.6800 0.0000e+00
      1.071      0.054     7.5742     91.123     31.718  31.514609     1.6840      7.257   308.7898 8.1281e+01     0.6046      1.052      1.527    24.6796 0.0000e+00
      1.083      0.056     7.5744     91.125     31.699  31.496341     1.6674      7.256   308.8113 8.0528e+01     0.5994      1.062      1.539    24.6772 0.0000e+00
      1.095      0.058     7.5684     91.052     31.681  31.478495     1.6365      7.257   308.7714 7.9541e+01     0.6362      1.070      1.553    24.6744 0.0000e+00
      1.113      0.061     7.5579     90.921     31.694  31.489364     1.6134      7.257   308.9091 7.8445e+01     0.6522      1.092      1.584    24.6737 0.0000e+00
      1.130      0.065     7.5465     90.776     31.708  31.500733     1.6076      7.249   309.0137 7.7420e+01     0.6406      1.111      1.611    24.6736 0.0000e+00
      1.144      0.067     7.5324     90.601     31.698  31.488931     1.6128      7.238   308.8323 7.6555e+01     0.6496      1.120      1.625    24.6740 0.0000e+00
      1.160      0.066     7.5146     90.387     31.683  31.473681     1.6311      7.231   308.8663 7.5411e+01     0.6691      1.134      1.645    24.6755 0.0000e+00
      1.183      0.065     7.5000     90.212     31.716  31.506871     1.6446      7.232   309.3385 7.4109e+01     0.6927      1.161      1.684    24.6713 0.0000e+00
      1.204      0.065     7.4950     90.142     31.915  31.699705     1.6385      7.235   309.7235 7.3461e+01     0.6906      1.186      1.720    24.6649 0.0000e+00
      1.216      0.065     7.5005     90.124     32.277  32.026941     1.6125      7.235   309.7363 7.3149e+01     0.6435      1.195      1.733    24.6616 0.0000e+00
      1.225      0.064     7.5165     90.074     32.571  32.224406     1.5777      7.231   309.4933 7.2436e+01     0.6121      1.197      1.737    24.6635 0.0000e+00
      1.241      0.060     7.5398     89.993     32.734  32.245310     1.5577      7.229   309.3662 7.1290e+01     0.6165      1.213      1.761    24.6636 0.0000e+00
      1.264      0.058     7.5570     89.881     32.896  32.279475     1.5545      7.228   309.4903 7.0312e+01     0.6349      1.241      1.802    24.6672 0.0000e+00
      1.283      0.058     7.5607     89.719     33.019  32.319757     1.5580      7.228   309.7890 6.9857e+01     0.7127      1.262      1.831    24.6491 0.0000e+00
      1.294      0.059     7.5777     89.763     33.050  32.287654     1.5629      7.231   310.1387 6.9442e+01     0.8547      1.269      1.840    24.4964 0.0000e+00
      1.303      0.060     7.6557     90.499     33.043  32.208796     1.5675      7.236   310.3630 6.8825e+01     0.9180      1.276      1.851    24.2315 0.0000e+00
      1.315      0.064     7.8207     92.196     32.993  32.064814     1.5683      7.238   310.5215 6.8060e+01     0.8676      1.288      1.869    24.0259 0.0000e+00
      1.331      0.069     8.0600     94.669     32.934  31.880377     1.5632      7.239   310.5921 6.7129e+01     0.7947      1.303      1.889    23.9276 0.0000e+00
      1.352      0.074     8.3393     97.526     32.963  31.756883     1.5698      7.240   310.7012 6.6084e+01     0.7078      1.324      1.921    23.8505 0.0000e+00
      1.377      0.076     8.6280    100.501     33.064  31.714618     1.5934      7.240   310.9801 6.5023e+01     0.6417      1.350      1.958    23.7428 0.0000e+00
      1.401      0.075     8.9062    103.449     33.138  31.686708     1.6098      7.240   311.2967 6.4122e+01     0.6354      1.376      1.996    23.6078 0.0000e+00
      1.421      0.072     9.1611    106.218     33.124  31.609806     1.6114      7.236   311.7763 6.3505e+01     0.6323      1.396      2.025    23.4126 0.0000e+00
      1.435      0.069     9.3825    108.624     33.046  31.483322     1.6124      7.227   312.3054 6.3027e+01     0.6345      1.408      2.042    23.1576 0.0000e+00
      1.446      0.068     9.5634    110.537     32.980  31.364004     1.6222      7.217   312.7029 6.2433e+01     0.6613      1.418      2.056    22.9281 0.0000e+00
      1.461      0.068     9.7084    112.005     32.991  31.310221     1.6291      7.208   312.9691 6.1651e+01     0.6817      1.430      2.075    22.7833 0.0000e+00
      1.481      0.073     9.8253    113.142     33.025  31.277515     1.6311      7.201   313.2006 6.0706e+01     0.6992      1.451      2.105    22.7036 0.0000e+00
      1.503      0.082     9.9071    113.895     33.027  31.222499     1.6471      7.197   313.6958 5.9850e+01     0.7509      1.475      2.140    22.6345 0.0000e+00
      1.523      0.092     9.9504    114.207     33.013  31.153014     1.6654      7.193   314.2234 5.9071e+01     0.8484      1.492      2.164    22.5501 0.0000e+00
      1.545      0.101     9.9690    114.202     32.997  31.072379     1.6775      7.188   314.5902 5.8032e+01     0.9321      1.512      2.193    22.4475 0.0000e+00
      1.571      0.108     9.9677    113.932     33.012  31.009550     1.6925      7.182   315.0331 5.6731e+01     0.9396      1.540      2.233    22.3432 0.0000e+00
      1.601      0.113     9.9426    113.344     32.993  30.901314     1.7277      7.173   315.3627 5.5372e+01     0.8772      1.569      2.276    22.2615 0.0000e+00
      1.635      0.113     9.8981    112.474     32.913  30.716184     1.7821      7.162   315.3921 5.4216e+01     0.8490      1.604      2.326    22.1859 0.0000e+00
      1.668      0.107     9.8346    111.373     32.858  30.549212     1.8077      7.154   315.5601 5.3161e+01     0.8735      1.637      2.374    22.0842 0.0000e+00
      1.698      0.100     9.7451    110.048     32.807  30.406460     1.8160      7.149   316.1039 5.2113e+01     0.8987      1.666      2.418    21.9651 0.0000e+00
      1.723      0.096     9.6332    108.549     32.728  30.260176     1.8552      7.144   316.7183 5.1438e+01     0.9095      1.694      2.457    21.8402 0.0000e+00
      1.739      0.097     9.5118    106.972     32.641  30.114030     1.9055      7.134   317.1387 5.1099e+01     0.8816      1.708      2.477    21.6630 0.0000e+00
      1.754      0.100     9.3988    105.447     32.575  29.972948     1.9272      7.124   317.3144 5.0503e+01     0.8671      1.715      2.489    21.4650 0.0000e+00
      1.776      0.102     9.3106    104.129     32.597  29.887862     1.9242      7.117   317.3808 4.9395e+01     0.8862      1.736      2.519    21.3236 0.0000e+00
      1.811      0.103     9.2447    103.069     32.666  29.847163     1.8978      7.115   317.5104 4.8007e+01     0.8689      1.774      2.573    21.2196 0.0000e+00
      1.851      0.103     9.1951    102.264     32.701  29.798238     1.8465      7.114   317.6767 4.6815e+01     0.8407      1.819      2.638    21.1326 0.0000e+00
      1.882      0.102     9.1710    101.760     32.722  29.740734     1.8099      7.111   317.7567 4.6219e+01     0.8505      1.852      2.685    21.0227 0.0000e+00
      1.899      0.095     9.1740    101.517     32.732  29.659814     1.8034      7.109   317.7906 4.5885e+01     0.8655      1.862      2.702    20.8390 0.0000e+00
      1.914      0.085     9.1924    101.404     32.760  29.581778     1.8146      7.104   317.8276 4.5278e+01     0.8697      1.873      2.717    20.6603 0.0000e+00
      1.935      0.074     9.2148    101.312     32.858  29.559110     1.8438      7.096   317.8601 4.4464e+01     0.8101      1.896      2.750    20.5559 0.0000e+00
      1.959      0.066     9.2283    101.157     32.987  29.576105     1.8719      7.090   318.0112 4.3806e+01     0.6932      1.923      2.790    20.4510 0.0000e+00
      1.979      0.060     9.2242    100.915     33.081  29.596613     1.8779      7.085   318.1918 4.3410e+01     0.6468      1.943      2.819    20.3070 0.0000e+00
      1.992      0.055     9.2038    100.603     33.136  29.616477     1.8806      7.080   318.3237 4.3165e+01     0.6772      1.955      2.836    20.1522 0.0000e+00
      2.001      0.052     9.1689    100.183     33.161  29.625719     1.8858      7.075   318.6595 4.2965e+01     0.7240      1.962      2.847    19.9714 0.0000e+00
      2.009      0.054     9.1211     99.609     33.130  29.581329     1.8856      7.066   318.9824 4.2739e+01     0.7860      1.969      2.857    19.8026 0.0000e+00
      2.018      0.059     9.0601     98.854     33.100  29.524279     1.8877      7.056   318.9581 4.2449e+01     0.8165      1.979      2.869    19.7085 0.0000e+00
      2.031      0.064     8.9895     97.969     33.125  29.507424     1.8836      7.047   318.8818 4.1814e+01     0.8177      1.987      2.882    19.6753 0.0000e+00
      2.054      0.068     8.9232     97.134     33.165  29.504493     1.8453      7.042   318.9203 4.0860e+01     0.8615      2.011      2.917    19.6690 0.0000e+00
      2.082      0.068     8.8714     96.470     33.185  29.488783     1.7831      7.038   318.9936 4.0151e+01     0.8885      2.047      2.968    19.6488 0.0000e+00
      2.103      0.063     8.8330     95.967     33.169  29.444440     1.7470      7.035   319.1659 3.9816e+01     0.8385      2.065      2.996    19.5967 0.0000e+00
      2.115      0.053     8.8054     95.570     33.171  29.412839     1.7486      7.035   319.3688 3.9546e+01     0.8063      2.073      3.008    19.5347 0.0000e+00
      2.126      0.039     8.7841     95.212     33.233  29.424167     1.7746      7.036   319.3819 3.9282e+01     0.8053      2.086      3.026    19.4744 0.0000e+00
      2.134      0.029     8.7608     94.827     33.320  29.454341     1.8040      7.036   319.3240 3.9221e+01     0.7650      2.095      3.039    19.4219 0.0000e+00
      2.138      0.027     8.7332     94.418     33.370  29.460084     1.8096      7.031   319.6147 3.9297e+01     0.7155      2.097      3.041    19.3834 0.0000e+00
      2.139      0.033     8.7034     94.003     33.373  29.430057     1.8066      7.020   319.9720 3.9325e+01     0.6949      2.097      3.043    19.3381 0.0000e+00
      2.141      0.043     8.6706     93.531     33.396  29.408760     1.8127      7.007   319.9442 3.9260e+01     0.7297      2.098      3.044    19.2666 0.0000e+00
      2.149      0.053     8.6348     92.976     33.446  29.393040     1.8199      7.000   319.8816 3.8770e+01     0.8006      2.101      3.047    19.1887 0.0000e+00
      2.171      0.061     8.5975     92.373     33.499  29.366910     1.8196      6.997   319.9886 3.7824e+01     0.8193      2.125      3.082    19.1321 0.0000e+00
      2.201      0.066     8.5604     91.768     33.561  29.346753     1.8101      6.994   320.2054 3.7112e+01     0.8038      2.164      3.138    19.0934 0.0000e+00
      2.222      0.064     8.5254     91.196     33.635  29.339729     1.7962      6.993   320.5249 3.6797e+01     0.8265      2.182      3.165    19.0396 0.0000e+00
      2.234      0.056     8.4899     90.672     33.701  29.345395     1.7627      6.993   320.6679 3.6492e+01     0.8806      2.190      3.175    18.9414 0.0000e+00
      2.246      0.046     8.4449     90.129     33.734  29.351686     1.7074      6.992   320.7301 3.6245e+01     0.9076      2.205      3.198    18.8264 0.0000e+00
      2.254      0.038     8.3904     89.529     33.743  29.352264     1.6696      6.988   320.9321 3.6166e+01     0.8781      2.214      3.211    18.7200 0.0000e+00
      2.258      0.035     8.3311     88.861     33.759  29.352369     1.6641      6.983   321.1315 3.6096e+01     0.8597      2.215      3.213    18.6010 0.0000e+00
      2.263      0.037     8.2658     88.092     33.791  29.352951     1.6775      6.978   321.5063 3.5865e+01     0.8991      2.216      3.215    18.5131 0.0000e+00
      2.273      0.047     8.1946     87.219     33.848  29.359256     1.6937      6.971   322.2802 3.5492e+01     0.9276      2.228      3.232    18.4893 0.0000e+00
      2.287      0.062     8.1263     86.326     33.929  29.365051     1.6956      6.963   323.1759 3.5200e+01     0.8991      2.246      3.258    18.4960 0.0000e+00
      2.299      0.079     8.0722     85.532     34.021  29.359431     1.6816      6.955   323.7324 3.4880e+01     0.8606      2.253      3.268    18.4782 0.0000e+00
      2.318      0.090     8.0327     84.855     34.133  29.354693     1.6897      6.950   324.0183 3.4159e+01     0.8591      2.265      3.285    18.4350 0.0000e+00
      2.351      0.097     8.0000     84.254     34.269  29.371138     1.7293      6.947   324.3949 3.3189e+01     0.8805      2.303      3.341    18.3781 0.0000e+00
      2.389      0.102     7.9657     83.689     34.434  29.431138     1.7466      6.942   324.7585 3.2457e+01     0.8741      2.348      3.406    18.2789 0.0000e+00
      2.418      0.107     7.9253     83.102     34.601  29.508501     1.7429      6.934   324.8011 3.2076e+01     0.8426      2.376      3.446    18.1561 0.0000e+00
      2.436      0.109     7.8785     82.433     34.729  29.544407     1.7481      6.927   324.5661 3.1761e+01     0.8351      2.389      3.464    17.9984 0.0000e+00
      2.455      0.104     7.8226     81.639     34.834  29.547668     1.7547      6.920   324.4125 3.1161e+01     0.8757      2.402      3.483    17.8341 0.0000e+00
      2.485      0.098     7.7492     80.677     34.931  29.547820     1.7590      6.915   324.5780 3.0361e+01     0.9064      2.434      3.530    17.7200 0.0000e+00
      2.520      0.093     7.6572     79.573     35.002  29.546138     1.7540      6.912   325.0187 2.9752e+01     0.8708      2.475      3.589    17.6423 0.0000e+00
      2.549      0.088     7.5547     78.413     35.027  29.527252     1.7124      6.908   325.4388 2.9422e+01     0.9027      2.506      3.634    17.5443 0.0000e+00
      2.565      0.078     7.4473     77.244     35.034  29.509937     1.6429      6.904   325.3555 2.9175e+01     1.0485      2.517      3.651    17.4042 0.0000e+00
      2.578      0.063     7.3418     76.114     35.074  29.527259     1.6110      6.902   324.8713 2.8801e+01     1.1383      2.524      3.661    17.2782 0.0000e+00
      2.595      0.050     7.2452     75.070     35.119  29.546155     1.6206      6.898   324.8337 2.8421e+01     1.1339      2.548      3.695    17.1930 0.0000e+00
      2.610      0.046     7.1584     74.127     35.144  29.547876     1.6219      6.891   325.3307 2.8297e+01     1.1178      2.564      3.718    17.1353 0.0000e+00
      2.615      0.050     7.0786     73.266     35.163  29.548041     1.6177      6.881   325.8043 2.8307e+01     1.0657      2.564      3.719    17.1069 0.0000e+00
      2.617      0.057     7.0073     72.487     35.186  29.548130     1.6243      6.874   326.1719 2.8102e+01     0.9612      2.565      3.720    17.0922 0.0000e+00
      2.627      0.065     6.9489     71.820     35.223  29.548936     1.6285      6.870   326.4191 2.7562e+01     0.8914      2.569      3.727    17.0624 0.0000e+00
      2.652      0.077     6.9011     71.228     35.288  29.557751     1.6224      6.867   326.2988 2.6977e+01     0.8626      2.600      3.770    17.0298 0.0000e+00
