Data/DataNotYetUploadedToEDI/Raw_CTD/2018_RawDownloads/061318_ccr50.cnv
* Sea-Bird SBE19plus  Data File:
* FileName = C:\DATA\061418_bvr50_0006.hex
* Software version 2.6.3.104 SB_Terminal.dll
* Temperature SN = 7809
* Conductivity SN = 7809
* System UpLoad Time = Jun 14 2018 16:26:38
* <ApplicationData>
* <Seaterm232>
# nquan = 15
# nvalues = 1389                        
# units = specified
# name 0 = depFM: Depth [fresh water, m]
# name 1 = dz/dtM: Descent Rate [m/s]
# name 2 = sbeox0Mg/L: Oxygen, SBE 43 [mg/l]
# name 3 = sbeox0PS: Oxygen, SBE 43 [% saturation]
# name 4 = specc: Specific Conductance [uS/cm]
# name 5 = c0uS/cm: Conductivity [uS/cm]
# name 6 = flECO-AFL: Fluorescence, WET Labs ECO-AFL/FL [mg/m^3]
# name 7 = ph: pH
# name 8 = orp: Oxidation Reduction Potential [mV]
# name 9 = par/sat/log: PAR/Logarithmic, Satlantic
# name 10 = turbWETntu0: Turbidity, WET Labs ECO [NTU]
# name 11 = prdM: Pressure, Strain Gauge [db]
# name 12 = prdE: Pressure, Strain Gauge [psi]
# name 13 = tv290C: Temperature [ITS-90, deg C]
# name 14 = flag:  0.000e+00
# span 0 =     -0.385,     21.143       
# span 1 =     -0.076,      0.236       
# span 2 =     3.9179,    10.1397       
# span 3 =     34.487,    116.491       
# span 4 =      0.526,    132.668       
# span 5 =   0.518683,  92.073283       
# span 6 =    -0.1689,     2.8166       
# span 7 =      5.066,      7.618       
# span 8 = -1240.6505,   518.5782       
# span 9 = 1.2536e-01, 2.8421e+02       
# span 10 =    -1.0216,     5.7503      
# span 11 =     -0.378,     20.735      
# span 12 =     -0.549,     30.074      
# span 13 =     9.6930,    24.7063      
# span 14 = 0.0000e+00, 0.0000e+00      
# interval = seconds: 0.25
# start_time = Jun 13 2018 13:58:40 [Instrument's time stamp, header]
# bad_flag = -9.990e-29
*END*
[from data line 772]
     10.869      0.086     9.0612     80.931    121.873  86.127602     0.9053      6.986   317.8906 9.3885e-01     1.4598     10.655     15.453    10.3566 0.0000e+00
     10.906      0.096     9.0514     80.835    121.890  86.127498     0.9228      6.987   317.8933 9.0818e-01     1.5018     10.697     15.514    10.3571 0.0000e+00
     10.943      0.098     9.0344     80.678    121.900  86.127603     0.9476      6.987   317.8866 8.6993e-01     1.4881     10.735     15.570    10.3492 0.0000e+00
     10.971      0.093     9.0047     80.409    121.908  86.128856     0.9664      6.986   317.8093 8.4688e-01     1.3549     10.762     15.609    10.3388 0.0000e+00
     10.989      0.082     8.9666     80.066    121.933  86.142637     0.9664      6.985   317.8198 8.4232e-01     1.2653     10.781     15.635    10.3317 0.0000e+00
     11.001      0.068     8.9245     79.687    121.973  86.166858     0.9565      6.984   317.9272 8.2984e-01     1.2592     10.787     15.646    10.3270 0.0000e+00
     11.014      0.057     8.8773     79.263    121.978  86.166963     0.9206      6.984   317.9037 8.1360e-01     1.2517     10.797     15.660    10.3243 0.0000e+00
     11.031      0.053     8.8289     78.831    121.945  86.143913     0.8717      6.984   317.8793 8.0959e-01     1.2659     10.821     15.694    10.3227 0.0000e+00
     11.046      0.059     8.7849     78.437    121.945  86.142889     0.8529      6.984   317.9766 8.2041e-01     1.3082     10.838     15.718    10.3215 0.0000e+00
     11.052      0.071     8.7485     78.107    121.972  86.154583     0.8488      6.984   318.0475 8.2581e-01     1.3360     10.836     15.716    10.3193 0.0000e+00
     11.062      0.085     8.7216     77.858    121.992  86.157925     0.8591      6.983   318.0489 8.0722e-01     1.3275     10.843     15.725    10.3176 0.0000e+00
     11.087      0.100     8.7015     77.671    122.042  86.183294     0.8866      6.983   318.0791 7.8607e-01     1.2962     10.871     15.766    10.3186 0.0000e+00
     11.121      0.111     8.6885     77.550    122.085  86.206566     0.9052      6.983   318.1550 7.7046e-01     1.2623     10.904     15.817    10.3190 0.0000e+00
     11.158      0.115     8.6850     77.515    122.061  86.184560     0.9095      6.982   318.1061 7.4516e-01     1.2540     10.943     15.871    10.3155 0.0000e+00
     11.196      0.108     8.6879     77.538    122.047  86.171947     0.8743      6.982   317.9171 7.1508e-01     1.2871     10.982     15.928    10.3102 0.0000e+00
     11.230      0.094     8.6934     77.588    122.059  86.181430     0.8104      6.982   317.7630 7.0461e-01     1.2969     11.017     15.979    10.3060 0.0000e+00
     11.253      0.082     8.7046     77.689    122.044  86.171844     0.7796      6.982   317.7918 7.1046e-01     1.2502     11.042     16.015    10.3030 0.0000e+00
     11.260      0.075     8.7258     77.878    122.062  86.183413     0.7873      6.982   317.9211 7.0143e-01     1.2111     11.046     16.020    10.3009 0.0000e+00
     11.263      0.071     8.7572     78.154    122.083  86.193939     0.8294      6.981   317.9494 6.8611e-01     1.2202     11.039     16.011    10.2998 0.0000e+00
     11.277      0.071     8.7958     78.493    122.060  86.171742     0.8853      6.981   317.9623 6.7926e-01     1.2383     11.053     16.031    10.3004 0.0000e+00
     11.306      0.072     8.8363     78.852    122.065  86.169752     0.9017      6.981   317.9903 6.6677e-01     1.2474     11.088     16.081    10.3019 0.0000e+00
     11.336      0.072     8.8759     79.203    122.070  86.169875     0.8992      6.980   318.0299 6.4990e-01     1.2694     11.120     16.129    10.3013 0.0000e+00
     11.358      0.065     8.9152     79.554    122.074  86.173225     0.9105      6.979   318.0966 6.3460e-01     1.3514     11.142     16.160    10.2989 0.0000e+00
     11.373      0.051     8.9540     79.904    122.119  86.210258     0.9094      6.979   318.0230 6.2261e-01     1.4756     11.156     16.179    10.2962 0.0000e+00
     11.383      0.037     8.9911     80.242    122.142  86.235529     0.8952      6.979   318.0010 6.3077e-01     1.5196     11.166     16.193    10.2937 0.0000e+00
     11.385      0.030     9.0252     80.554    122.112  86.224055     0.8944      6.979   318.1751 6.4690e-01     1.4867     11.167     16.196    10.2924 0.0000e+00
     11.383      0.029     9.0527     80.803    122.071  86.198904     0.8997      6.979   318.2351 6.4660e-01     1.4750     11.161     16.189    10.2925 0.0000e+00
     11.384      0.029     9.0714     80.968    122.056  86.186179     0.8950      6.978   318.1236 6.2884e-01     1.4688     11.160     16.186    10.2944 0.0000e+00
     11.397      0.030     9.0807     81.050    122.075  86.197560     0.8842      6.978   318.1172 6.1018e-01     1.4117     11.173     16.204    10.2983 0.0000e+00
     11.417      0.035     9.0803     81.047    122.088  86.209138     0.8795      6.978   318.3300 6.0956e-01     1.3646     11.199     16.242    10.3036 0.0000e+00
     11.431      0.045     9.0734     80.987    122.069  86.198802     0.8755      6.979   318.5459 6.0496e-01     1.3568     11.217     16.268    10.3060 0.0000e+00
     11.432      0.059     9.0629     80.890    122.077  86.199961     0.8725      6.979   318.5762 5.9913e-01     1.3785     11.212     16.261    10.3031 0.0000e+00
     11.431      0.068     9.0497     80.762    122.129  86.223139     0.8787      6.977   318.4385 6.0517e-01     1.4440     11.202     16.247    10.3020 0.0000e+00
     11.449      0.072     9.0358     80.628    122.150  86.224289     0.8862      6.975   318.3426 5.8897e-01     1.4777     11.217     16.269    10.3037 0.0000e+00
     11.487      0.074     9.0229     80.511    122.140  86.213849     0.8993      6.975   318.4495 5.5110e-01     1.4806     11.265     16.339    10.3060 0.0000e+00
     11.526      0.080     9.0116     80.415    122.143  86.224278     0.8998      6.976   318.5273 5.3137e-01     1.5100     11.313     16.408    10.3048 0.0000e+00
     11.544      0.088     9.0031     80.344    122.132  86.223024     0.8726      6.976   318.5090 5.3217e-01     1.5270     11.327     16.429    10.2975 0.0000e+00
     11.545      0.096     9.0001     80.313    122.108  86.198701     0.8563      6.976   318.5719 5.3081e-01     1.5033     11.318     16.417    10.2905 0.0000e+00
     11.554      0.103     9.0022     80.320    122.110  86.184913     0.8584      6.976   318.5994 5.2084e-01     1.4685     11.321     16.421    10.2883 0.0000e+00
     11.583      0.111     9.0046     80.331    122.127  86.183663     0.8702      6.976   318.4982 5.0043e-01     1.4728     11.352     16.465    10.2943 0.0000e+00
     11.629      0.119     9.0077     80.351    122.140  86.183560     0.8979      6.976   318.4659 4.7983e-01     1.4937     11.403     16.539    10.2995 0.0000e+00
     11.678      0.120     9.0174     80.433    122.150  86.183665     0.9180      6.976   318.5529 4.7273e-01     1.4777     11.458     16.617    10.2946 0.0000e+00
     11.714      0.108     9.0302     80.544    122.157  86.184918     0.9202      6.976   318.6043 4.7642e-01     1.4621     11.493     16.669    10.2869 0.0000e+00
     11.737      0.084     9.0374     80.609    122.175  86.198707     0.9058      6.976   318.6571 4.7584e-01     1.4881     11.513     16.698    10.2814 0.0000e+00
     11.751      0.057     9.0397     80.637    122.196  86.223020     0.8735      6.975   318.6752 4.6489e-01     1.5169     11.526     16.717    10.2776 0.0000e+00
     11.759      0.037     9.0400     80.653    122.174  86.224156     0.8507      6.974   318.6506 4.6021e-01     1.5053     11.532     16.728    10.2750 0.0000e+00
     11.760      0.029     9.0388     80.654    122.136  86.212471     0.8503      6.974   318.7042 4.6553e-01     1.4703     11.534     16.729    10.2734 0.0000e+00
     11.758      0.033     9.0356     80.627    122.127  86.209111     0.8691      6.974   318.8068 4.6238e-01     1.4598     11.530     16.722    10.2730 0.0000e+00
     11.760      0.044     9.0282     80.555    122.104  86.183536     0.9032      6.974   318.9452 4.5043e-01     1.5003     11.528     16.720    10.2764 0.0000e+00
     11.772      0.058     9.0198     80.467    122.091  86.157962     0.9230      6.973   318.9998 4.3949e-01     1.5631     11.541     16.739    10.2854 0.0000e+00
     11.795      0.069     9.0143     80.405    122.109  86.154614     0.9147      6.973   319.0378 4.2516e-01     1.5781     11.564     16.773    10.2933 0.0000e+00
     11.823      0.075     9.0102     80.362    122.104  86.143047     0.8765      6.973   319.2325 4.1098e-01     1.5291     11.595     16.817    10.2945 0.0000e+00
     11.850      0.075     9.0064     80.329    122.104  86.145458     0.8200      6.973   319.3746 4.1010e-01     1.4895     11.626     16.862    10.2898 0.0000e+00
     11.869      0.066     9.0036     80.309    122.149  86.183770     0.7921      6.972   319.3795 4.1504e-01     1.4965     11.642     16.885    10.2819 0.0000e+00
     11.881      0.052     9.0016     80.296    122.198  86.224171     0.7878      6.971   319.3777 4.1219e-01     1.4917     11.650     16.897    10.2745 0.0000e+00
     11.893      0.037     9.0006     80.293    122.228  86.251854     0.7772      6.970   319.3533 4.1834e-01     1.4920     11.665     16.918    10.2705 0.0000e+00
     11.902      0.028     8.9992     80.289    122.228  86.263753     0.7739      6.970   319.3424 4.3005e-01     1.5914     11.675     16.933    10.2721 0.0000e+00
     11.902      0.028     8.9945     80.258    122.177  86.240692     0.7844      6.969   319.4177 4.2298e-01     1.7170     11.673     16.930    10.2759 0.0000e+00
     11.901      0.035     8.9874     80.200    122.148  86.227766     0.7944      6.968   319.4895 4.1508e-01     1.7603     11.669     16.923    10.2777 0.0000e+00
     11.906      0.046     8.9789     80.124    122.160  86.234838     0.7933      6.968   319.5220 4.1466e-01     1.7487     11.672     16.929    10.2799 0.0000e+00
     11.920      0.058     8.9708     80.044    122.121  86.198832     0.7985      6.968   319.5527 4.0793e-01     1.7293     11.687     16.950    10.2853 0.0000e+00
     11.942      0.068     8.9656     79.987    122.106  86.174508     0.8212      6.968   319.5162 4.0025e-01     1.7383     11.710     16.982    10.2919 0.0000e+00
     11.969      0.070     8.9631     79.956    122.153  86.195462     0.8374      6.968   319.5113 3.9305e-01     1.7664     11.736     17.021    10.2954 0.0000e+00
     11.995      0.066     8.9613     79.936    122.163  86.197444     0.8470      6.968   319.6654 3.8497e-01     1.7635     11.767     17.066    10.2944 0.0000e+00
     12.013      0.058     8.9604     79.928    122.163  86.198469     0.8552      6.967   319.7452 3.7204e-01     1.7345     11.787     17.094    10.2909 0.0000e+00
     12.020      0.051     8.9629     79.951    122.175  86.207844     0.8539      6.967   319.7021 3.6588e-01     1.7204     11.790     17.099    10.2843 0.0000e+00
     12.023      0.046     8.9668     79.984    122.145  86.183425     0.8488      6.968   319.6606 3.7388e-01     1.7151     11.789     17.098    10.2780 0.0000e+00
     12.030      0.046     8.9694     79.999    122.122  86.157965     0.8492      6.969   319.5867 3.7338e-01     1.7017     11.795     17.107    10.2767 0.0000e+00
     12.042      0.048     8.9710     80.003    122.136  86.154721     0.8771      6.968   319.6697 3.6483e-01     1.7408     11.808     17.126    10.2774 0.0000e+00
     12.060      0.052     8.9707     79.993    122.138  86.144187     0.9294      6.967   319.8032 3.4795e-01     1.8520     11.826     17.152    10.2785 0.0000e+00
     12.080      0.060     8.9673     79.958    122.166  86.157958     0.9659      6.967   319.7382 3.3100e-01     1.9478     11.847     17.183    10.2776 0.0000e+00
     12.095      0.071     8.9613     79.902    122.222  86.193853     0.9793      6.968   319.7443 3.3445e-01     1.9831     11.865     17.208    10.2736 0.0000e+00
     12.105      0.083     8.9521     79.812    122.239  86.196074     0.9619      6.968   319.8778 3.4456e-01     1.9131     11.871     17.218    10.2672 0.0000e+00
     12.117      0.094     8.9365     79.660    122.246  86.184804     0.9214      6.968   319.8892 3.4124e-01     1.7734     11.875     17.224    10.2615 0.0000e+00
     12.145      0.101     8.9133     79.440    122.269  86.184930     0.9030      6.968   319.7964 3.2097e-01     1.6970     11.901     17.262    10.2600 0.0000e+00
     12.188      0.104     8.8848     79.178    122.302  86.197584     0.9054      6.969   319.7878 3.0026e-01     1.6914     11.955     17.340    10.2601 0.0000e+00
     12.228      0.101     8.8513     78.874    122.331  86.210429     0.8951      6.969   319.8711 2.9697e-01     1.6755     11.999     17.402    10.2561 0.0000e+00
     12.253      0.091     8.8108     78.509    122.345  86.212849     0.8697      6.968   319.8570 3.0702e-01     1.5963     12.017     17.430    10.2479 0.0000e+00
     12.269      0.079     8.7632     78.081    122.372  86.226841     0.8562      6.968   319.7900 3.0004e-01     1.5269     12.032     17.452    10.2403 0.0000e+00
     12.281      0.071     8.7140     77.639    122.414  86.252229     0.8510      6.968   319.8345 2.8506e-01     1.5081     12.046     17.471    10.2364 0.0000e+00
     12.289      0.071     8.6710     77.251    122.441  86.265072     0.8436      6.968   319.8790 2.9175e-01     1.4912     12.051     17.478    10.2342 0.0000e+00
     12.301      0.078     8.6365     76.939    122.435  86.254749     0.8405      6.968   319.8120 3.0004e-01     1.4752     12.057     17.488    10.2309 0.0000e+00
     12.324      0.084     8.6123     76.721    122.440  86.254779     0.8413      6.968   319.7987 2.9179e-01     1.4671     12.081     17.522    10.2289 0.0000e+00
     12.356      0.087     8.6015     76.623    122.457  86.265420     0.8434      6.968   319.8905 2.7646e-01     1.4851     12.117     17.574    10.2275 0.0000e+00
     12.388      0.087     8.6041     76.646    122.445  86.256044     0.8382      6.968   319.9748 2.7898e-01     1.5099     12.153     17.625    10.2246 0.0000e+00
     12.411      0.087     8.6160     76.751    122.464  86.268782     0.8249      6.967   320.0437 2.8916e-01     1.5220     12.175     17.659    10.2220 0.0000e+00
     12.425      0.088     8.6342     76.913    122.497  86.292054     0.8112      6.967   320.0347 2.9121e-01     1.5398     12.186     17.674    10.2207 0.0000e+00
     12.436      0.093     8.6595     77.137    122.487  86.282688     0.8021      6.968   320.0392 2.9494e-01     1.5423     12.194     17.685    10.2200 0.0000e+00
     12.454      0.100     8.6879     77.388    122.493  86.282899     0.7976      6.968   320.0977 2.8229e-01     1.5220     12.206     17.705    10.2195 0.0000e+00
     12.484      0.108     8.7129     77.608    122.516  86.294601     0.8024      6.967   320.0541 2.6039e-01     1.5081     12.237     17.749    10.2194 0.0000e+00
     12.525      0.113     8.7313     77.769    122.524  86.296806     0.8231      6.965   319.9411 2.5664e-01     1.4957     12.284     17.816    10.2196 0.0000e+00
     12.565      0.111     8.7428     77.869    122.548  86.309553     0.8465      6.965   319.9370 2.5283e-01     1.4949     12.327     17.879    10.2189 0.0000e+00
     12.595      0.102     8.7468     77.900    122.572  86.321351     0.8552      6.965   320.0044 2.3860e-01     1.5287     12.354     17.918    10.2171 0.0000e+00
     12.616      0.088     8.7419     77.853    122.564  86.312080     0.8636      6.965   319.9817 2.3205e-01     1.5380     12.373     17.946    10.2152 0.0000e+00
     12.631      0.076     8.7292     77.737    122.587  86.324815     0.8840      6.965   320.0067 2.3269e-01     1.5150     12.389     17.969    10.2139 0.0000e+00
