Data/DataNotYetUploadedToEDI/Raw_CTD/2018_RawDownloads/061318_ccr50.cnv
* Sea-Bird SBE19plus  Data File:
* FileName = C:\DATA\061418_bvr50_0006.hex
* Software version 2.6.3.104 SB_Terminal.dll
* Temperature SN = 7809
* Conductivity SN = 7809
* System UpLoad Time = Jun 14 2018 16:26:38
* <ApplicationData>
* <Seaterm232>
# nquan = 15
# nvalues = 1389                        
# units = specified
# name 0 = depFM: Depth [fresh water, m]
# name 1 = dz/dtM: Descent Rate [m/s]
# name 2 = sbeox0Mg/L: Oxygen, SBE 43 [mg/l]
# name 3 = sbeox0PS: Oxygen, SBE 43 [% saturation]
# name 4 = specc: Specific Conductance [uS/cm]
# name 5 = c0uS/cm: Conductivity [uS/cm]
# name 6 = flECO-AFL: Fluorescence, WET Labs ECO-AFL/FL [mg/m^3]
# name 7 = ph: pH
# name 8 = orp: Oxidation Reduction Potential [mV]
# name 9 = par/sat/log: PAR/Logarithmic, Satlantic
# name 10 = turbWETntu0: Turbidity, WET Labs ECO [NTU]
# name 11 = prdM: Pressure, Strain Gauge [db]
# name 12 = prdE: Pressure, Strain Gauge [psi]
# name 13 = tv290C: Temperature [ITS-90, deg C]
# name 14 = flag:  0.000e+00
# span 0 =     -0.385,     21.143       
# span 1 =     -0.076,      0.236       
# span 2 =     3.9179,    10.1397       
# span 3 =     34.487,    116.491       
# span 4 =      0.526,    132.668       
# span 5 =   0.518683,  92.073283       
# span 6 =    -0.1689,     2.8166       
# span 7 =      5.066,      7.618       
# span 8 = -1240.6505,   518.5782       
# span 9 = 1.2536e-01, 2.8421e+02       
# span 10 =    -1.0216,     5.7503      
# span 11 =     -0.378,     20.735      
# span 12 =     -0.549,     30.074      
# span 13 =     9.6930,    24.7063      
# span 14 = 0.0000e+00, 0.0000e+00      
# interval = seconds: 0.25
# start_time = Jun 13 2018 13:58:40 [Instrument's time stamp, header]
# bad_flag = -9.990e-29
*END*
[from data line 1061]
     15.858      0.047     7.5494     67.045    122.916  86.267906     0.8252      6.948   323.6275 1.2543e-01     1.3160     15.553     22.558    10.0909 0.0000e+00
     15.866      0.054     7.5304     66.876    122.919  86.268846     0.7881      6.949   323.8849 1.2547e-01     1.2619     15.559     22.569    10.0905 0.0000e+00
     15.874      0.068     7.5195     66.778    122.938  86.280320     0.7940      6.949   324.0531 1.2552e-01     1.2301     15.566     22.576    10.0902 0.0000e+00
     15.886      0.085     7.5135     66.723    122.942  86.279266     0.7856      6.948   323.9411 1.2553e-01     1.2060     15.576     22.590    10.0900 0.0000e+00
     15.909      0.099     7.5113     66.700    122.915  86.256101     0.7512      6.947   323.7350 1.2549e-01     1.2150     15.596     22.620    10.0898 0.0000e+00
     15.946      0.107     7.5123     66.706    122.918  86.254962     0.7270      6.947   323.6260 1.2548e-01     1.2464     15.635     22.677    10.0894 0.0000e+00
     15.989      0.106     7.5173     66.750    122.936  86.265486     0.7219      6.947   323.6546 1.2552e-01     1.2809     15.684     22.747    10.0887 0.0000e+00
     16.024      0.096     7.5281     66.845    122.924  86.255976     0.7177      6.947   323.7367 1.2553e-01     1.2353     15.720     22.798    10.0869 0.0000e+00
     16.047      0.079     7.5439     66.986    122.939  86.267345     0.7227      6.947   323.7595 1.2549e-01     1.1225     15.740     22.828    10.0849 0.0000e+00
     16.059      0.060     7.5618     67.146    122.948  86.275584     0.7271      6.947   323.7575 1.2547e-01     1.0762     15.751     22.844    10.0838 0.0000e+00
     16.064      0.046     7.5806     67.315    122.878  86.228216     0.7148      6.947   323.7985 1.2552e-01     1.0727     15.753     22.848    10.0829 0.0000e+00
     16.068      0.041     7.5988     67.477    122.841  86.204101     0.6943      6.947   323.9112 1.2552e-01     1.0493     15.755     22.851    10.0825 0.0000e+00
     16.074      0.045     7.6134     67.608    122.888  86.238751     0.6719      6.947   324.0018 1.2545e-01     1.0383     15.762     22.860    10.0829 0.0000e+00
     16.085      0.050     7.6238     67.701    122.924  86.265061     0.6642      6.947   323.9476 1.2549e-01     1.0608     15.771     22.874    10.0837 0.0000e+00
     16.103      0.053     7.6307     67.764    122.924  86.267472     0.6751      6.947   323.9444 1.2552e-01     1.0779     15.789     22.900    10.0845 0.0000e+00
     16.124      0.053     7.6338     67.794    122.918  86.267898     0.6927      6.946   323.9627 1.2547e-01     1.0615     15.814     22.937    10.0852 0.0000e+00
     16.143      0.050     7.6374     67.830    122.913  86.270224     0.7120      6.946   323.9114 1.2548e-01     1.0461     15.835     22.965    10.0860 0.0000e+00
     16.154      0.046     7.6485     67.933    122.942  86.295604     0.7159      6.946   323.9268 1.2551e-01     1.0443     15.843     22.979    10.0863 0.0000e+00
     16.158      0.045     7.6649     68.084    122.964  86.320024     0.7121      6.946   323.8902 1.2550e-01     1.0694     15.846     22.983    10.0866 0.0000e+00
     16.162      0.045     7.6835     68.255    122.938  86.310759     0.7487      6.945   323.8994 1.2551e-01     1.1667     15.847     22.984    10.0890 0.0000e+00
     16.172      0.050     7.7024     68.425    122.934  86.310969     0.8183      6.945   324.0372 1.2557e-01     1.2756     15.855     22.997    10.0919 0.0000e+00
     16.189      0.055     7.7167     68.549    122.955  86.322557     0.8544      6.946   324.0936 1.2558e-01     1.3175     15.875     23.025    10.0930 0.0000e+00
     16.209      0.058     7.7263     68.632    122.962  86.323497     0.8463      6.946   324.0656 1.2548e-01     1.3071     15.896     23.056    10.0968 0.0000e+00
     16.228      0.057     7.7320     68.682    122.960  86.322329     0.8031      6.945   324.0431 1.2545e-01     1.2102     15.915     23.083    10.1025 0.0000e+00
     16.245      0.051     7.7331     68.693    122.937  86.308429     0.7454      6.945   324.0798 1.2553e-01     1.0619     15.932     23.108    10.1035 0.0000e+00
     16.257      0.044     7.7303     68.670    122.899  86.282810     0.7184      6.945   324.1653 1.2563e-01     1.0100     15.943     23.124    10.1009 0.0000e+00
     16.264      0.039     7.7246     68.619    122.879  86.267320     0.7154      6.945   324.2159 1.2563e-01     1.0706     15.950     23.134    10.0986 0.0000e+00
     16.268      0.038     7.7172     68.551    122.856  86.248490     0.7179      6.946   324.2615 1.2558e-01     1.1234     15.953     23.138    10.0988 0.0000e+00
     16.273      0.042     7.7093     68.476    122.771  86.182500     0.7213      6.947   324.2857 1.2554e-01     1.0985     15.958     23.145    10.1006 0.0000e+00
     16.283      0.051     7.7042     68.423    122.680  86.106280     0.7206      6.947   324.1644 1.2545e-01     1.0444     15.967     23.158    10.1013 0.0000e+00
     16.297      0.063     7.7035     68.405    122.682  86.091114     0.7185      6.946   324.0863 1.2543e-01     1.0190     15.980     23.177    10.1006 0.0000e+00
     16.316      0.074     7.7066     68.424    122.754  86.126474     0.7137      6.946   324.2005 1.2549e-01     1.0350     16.000     23.205    10.0994 0.0000e+00
     16.340      0.083     7.7181     68.519    122.806  86.151690     0.7080      6.947   324.2553 1.2547e-01     1.0550     16.024     23.240    10.0975 0.0000e+00
     16.365      0.088     7.7461     68.762    122.801  86.141248     0.7141      6.947   324.2329 1.2546e-01     1.0469     16.048     23.276    10.0920 0.0000e+00
     16.390      0.089     7.8008     69.245    122.787  86.127582     0.7238      6.947   324.2744 1.2553e-01     1.0597     16.074     23.313    10.0840 0.0000e+00
     16.413      0.086     7.8887     70.024    122.772  86.113813     0.7230      6.946   324.2401 1.2558e-01     1.0877     16.096     23.347    10.0779 0.0000e+00
     16.434      0.080     8.0061     71.064    122.758  86.102130     0.7237      6.947   324.2487 1.2557e-01     1.0803     16.116     23.375    10.0737 0.0000e+00
     16.454      0.074     8.1437     72.285    122.775  86.113699     0.7237      6.948   324.3777 1.2551e-01     1.0608     16.136     23.403    10.0709 0.0000e+00
     16.473      0.072     8.2893     73.578    122.791  86.126319     0.7226      6.949   324.3382 1.2551e-01     1.0660     16.156     23.431    10.0691 0.0000e+00
     16.488      0.073     8.4308     74.835    122.791  86.127355     0.7187      6.949   324.2007 1.2556e-01     1.0823     16.171     23.454    10.0680 0.0000e+00
     16.502      0.079     8.5599     75.981    122.789  86.126215     0.7046      6.948   324.1770 1.2557e-01     1.0743     16.181     23.469    10.0672 0.0000e+00
     16.518      0.090     8.6643     76.905    122.774  86.112540     0.6999      6.948   324.3096 1.2557e-01     1.0609     16.195     23.489    10.0672 0.0000e+00
     16.543      0.102     8.7320     77.501    122.750  86.089375     0.7073      6.949   324.4280 1.2554e-01     1.0733     16.222     23.528    10.0681 0.0000e+00
     16.572      0.112     8.7667     77.804    122.777  86.100859     0.7111      6.950   324.4044 1.2552e-01     1.1021     16.251     23.569    10.0684 0.0000e+00
     16.605      0.115     8.7801     77.919    122.818  86.124007     0.7286      6.950   324.3682 1.2555e-01     1.1043     16.280     23.612    10.0686 0.0000e+00
     16.645      0.109     8.7781     77.901    122.806  86.114515     0.7619      6.949   324.3341 1.2554e-01     1.0695     16.324     23.676    10.0676 0.0000e+00
     16.681      0.095     8.7669     77.803    122.802  86.113462     0.7738      6.949   324.3365 1.2555e-01     1.0467     16.367     23.737    10.0646 0.0000e+00
     16.704      0.078     8.7519     77.671    122.797  86.111269     0.7623      6.950   324.3976 1.2555e-01     1.0424     16.384     23.764    10.0612 0.0000e+00
     16.715      0.060     8.7343     77.516    122.760  86.088009     0.7327      6.951   324.4710 1.2552e-01     1.0480     16.391     23.773    10.0586 0.0000e+00
     16.721      0.046     8.7181     77.375    122.753  86.086956     0.6920      6.951   324.5346 1.2549e-01     1.0535     16.400     23.785    10.0582 0.0000e+00
     16.726      0.038     8.7054     77.264    122.767  86.098543     0.6748      6.950   324.5646 1.2544e-01     1.0480     16.403     23.790    10.0596 0.0000e+00
     16.732      0.037     8.6925     77.150    122.769  86.100735     0.6710      6.950   324.4902 1.2543e-01     1.0430     16.406     23.794    10.0599 0.0000e+00
     16.743      0.038     8.6763     77.006    122.787  86.113461     0.6739      6.950   324.4091 1.2548e-01     1.0841     16.419     23.813    10.0609 0.0000e+00
     16.756      0.040     8.6607     76.868    122.803  86.125048     0.7009      6.951   324.4437 1.2550e-01     1.2095     16.433     23.834    10.0628 0.0000e+00
     16.769      0.044     8.6484     76.761    122.782  86.113461     0.7214      6.952   324.3922 1.2550e-01     1.3387     16.446     23.852    10.0636 0.0000e+00
     16.780      0.049     8.6376     76.670    122.755  86.100733     0.7191      6.952   324.3888 1.2552e-01     1.3942     16.456     23.868    10.0638 0.0000e+00
     16.790      0.059     8.6300     76.605    122.745  86.098532     0.7191      6.952   324.5753 1.2551e-01     1.3629     16.464     23.879    10.0635 0.0000e+00
     16.800      0.072     8.6244     76.553    122.735  86.086851     0.7217      6.953   324.7538 1.2549e-01     1.2341     16.473     23.892    10.0636 0.0000e+00
     16.815      0.088     8.6184     76.491    122.752  86.086852     0.7132      6.953   324.8266 1.2546e-01     1.0879     16.486     23.911    10.0646 0.0000e+00
     16.841      0.101     8.6138     76.440    122.790  86.098527     0.7090      6.953   324.7675 1.2548e-01     1.0291     16.512     23.948    10.0679 0.0000e+00
     16.876      0.107     8.6120     76.415    122.810  86.100634     0.7171      6.953   324.7271 1.2552e-01     1.0431     16.548     24.001    10.0711 0.0000e+00
     16.915      0.104     8.6104     76.396    122.834  86.112319     0.7106      6.953   324.7695 1.2546e-01     1.0736     16.588     24.059    10.0692 0.0000e+00
     16.950      0.093     8.6052     76.351    122.834  86.112432     0.6846      6.953   324.7631 1.2542e-01     1.0927     16.627     24.116    10.0632 0.0000e+00
     16.974      0.077     8.5940     76.254    122.815  86.102002     0.6686      6.953   324.7360 1.2547e-01     1.0909     16.651     24.151    10.0564 0.0000e+00
     16.984      0.061     8.5743     76.081    122.827  86.113582     0.6656      6.953   324.7865 1.2547e-01     1.0822     16.657     24.158    10.0510 0.0000e+00
     16.988      0.050     8.5451     75.823    122.840  86.125073     0.6475      6.953   324.7708 1.2546e-01     1.0789     16.658     24.161    10.0488 0.0000e+00
     16.993      0.048     8.5131     75.538    122.825  86.113581     0.6153      6.953   324.6313 1.2549e-01     1.0818     16.664     24.169    10.0498 0.0000e+00
     17.003      0.054     8.4830     75.267    122.816  86.101994     0.5973      6.953   324.6491 1.2555e-01     1.0872     16.672     24.181    10.0513 0.0000e+00
     17.019      0.066     8.4554     75.016    122.843  86.112330     0.5960      6.953   324.8142 1.2559e-01     1.0827     16.687     24.204    10.0525 0.0000e+00
     17.039      0.078     8.4344     74.824    122.854  86.111183     0.5995      6.953   324.8202 1.2554e-01     1.0582     16.709     24.235    10.0537 0.0000e+00
     17.063      0.085     8.4200     74.691    122.830  86.088112     0.6034      6.953   324.7217 1.2547e-01     1.0347     16.732     24.268    10.0538 0.0000e+00
     17.090      0.085     8.4091     74.593    122.835  86.088103     0.6056      6.954   324.7418 1.2543e-01     1.0428     16.760     24.308    10.0513 0.0000e+00
     17.117      0.080     8.4036     74.543    122.868  86.111070     0.6083      6.955   324.8056 1.2546e-01     1.0648     16.788     24.348    10.0473 0.0000e+00
     17.138      0.071     8.4029     74.537    122.867  86.111080     0.5900      6.955   324.8050 1.2549e-01     1.0558     16.808     24.379    10.0435 0.0000e+00
     17.154      0.061     8.4056     74.562    122.832  86.088216     0.5493      6.954   324.8210 1.2549e-01     1.0268     16.823     24.400    10.0408 0.0000e+00
     17.165      0.049     8.4142     74.641    122.831  86.089364     0.5300      6.954   324.9126 1.2554e-01     1.0496     16.834     24.415    10.0394 0.0000e+00
     17.174      0.038     8.4286     74.771    122.878  86.124952     0.5402      6.955   324.9657 1.2559e-01     1.0868     16.841     24.426    10.0393 0.0000e+00
     17.184      0.031     8.4459     74.927    122.888  86.136417     0.5354      6.955   324.9477 1.2559e-01     1.0802     16.852     24.441    10.0398 0.0000e+00
     17.192      0.029     8.4653     75.104    122.828  86.100617     0.4998      6.955   324.9517 1.2552e-01     1.0608     16.862     24.456    10.0402 0.0000e+00
     17.195      0.034     8.4853     75.283    122.786  86.074215     0.4775      6.955   324.9292 1.2547e-01     1.0356     16.862     24.458    10.0416 0.0000e+00
     17.197      0.045     8.5024     75.431    122.789  86.071920     0.4771      6.954   324.8468 1.2551e-01     1.0510     16.862     24.456    10.0422 0.0000e+00
     17.204      0.059     8.5144     75.530    122.806  86.072862     0.4949      6.954   324.8161 1.2557e-01     1.0939     16.868     24.465    10.0436 0.0000e+00
     17.221      0.076     8.5210     75.579    122.843  86.085590     0.5266      6.955   324.8155 1.2559e-01     1.0970     16.883     24.487    10.0473 0.0000e+00
     17.248      0.092     8.5240     75.598    122.876  86.098430     0.5390      6.956   324.7540 1.2555e-01     1.0876     16.913     24.531    10.0492 0.0000e+00
     17.280      0.102     8.5252     75.603    122.891  86.100739     0.5435      6.956   324.7601 1.2549e-01     1.0716     16.948     24.581    10.0475 0.0000e+00
     17.310      0.104     8.5243     75.591    122.918  86.113487     0.5445      6.956   324.8041 1.2549e-01     1.0261     16.976     24.621    10.0422 0.0000e+00
     17.340      0.097     8.5214     75.562    122.940  86.125190     0.5504      6.956   324.8553 1.2552e-01     0.9954     17.004     24.663    10.0361 0.0000e+00
     17.368      0.086     8.5164     75.516    122.927  86.114865     0.5788      6.956   324.9491 1.2552e-01     1.0356     17.037     24.708    10.0317 0.0000e+00
     17.388      0.077     8.5096     75.456    122.929  86.116024     0.5938      6.956   324.9922 1.2549e-01     1.0852     17.056     24.737    10.0287 0.0000e+00
     17.400      0.074     8.5011     75.379    122.964  86.139201     0.5933      6.957   325.0326 1.2550e-01     1.0759     17.064     24.749    10.0263 0.0000e+00
     17.410      0.077     8.4901     75.279    122.972  86.140360     0.6005      6.958   325.0070 1.2555e-01     1.0764     17.072     24.761    10.0243 0.0000e+00
     17.424      0.083     8.4765     75.155    122.965  86.130026     0.6082      6.958   324.9415 1.2556e-01     1.0910     17.082     24.777    10.0244 0.0000e+00
     17.447      0.092     8.4637     75.039    122.988  86.141615     0.6132      6.958   324.9286 1.2554e-01     1.0690     17.105     24.809    10.0251 0.0000e+00
     17.480      0.099     8.4547     74.956    123.008  86.153098     0.6147      6.958   324.9366 1.2554e-01     1.0547     17.144     24.865    10.0241 0.0000e+00
     17.513      0.099     8.4464     74.883    122.992  86.141501     0.6074      6.958   325.0381 1.2552e-01     1.0398     17.176     24.912    10.0223 0.0000e+00
