Data/DataNotYetUploadedToEDI/Raw_CTD/2018_RawDownloads/061318_ccr50.cnv
* Sea-Bird SBE19plus  Data File:
* FileName = C:\DATA\061418_bvr50_0006.hex
* Software version 2.6.3.104 SB_Terminal.dll
* Temperature SN = 7809
* Conductivity SN = 7809
* System UpLoad Time = Jun 14 2018 16:26:38
* <ApplicationData>
* <Seaterm232>
# nquan = 15
# nvalues = 1389                        
# units = specified
# name 0 = depFM: Depth [fresh water, m]
# name 1 = dz/dtM: Descent Rate [m/s]
# name 2 = sbeox0Mg/L: Oxygen, SBE 43 [mg/l]
# name 3 = sbeox0PS: Oxygen, SBE 43 [% saturation]
# name 4 = specc: Specific Conductance [uS/cm]
# name 5 = c0uS/cm: Conductivity [uS/cm]
# name 6 = flECO-AFL: Fluorescence, WET Labs ECO-AFL/FL [mg/m^3]
# name 7 = ph: pH
# name 8 = orp: Oxidation Reduction Potential [mV]
# name 9 = par/sat/log: PAR/Logarithmic, Satlantic
# name 10 = turbWETntu0: Turbidity, WET Labs ECO [NTU]
# name 11 = prdM: Pressure, Strain Gauge [db]
# name 12 = prdE: Pressure, Strain Gauge [psi]
# name 13 = tv290C: Temperature [ITS-90, deg C]
# name 14 = flag:  0.000e+00
# span 0 =     -0.385,     21.143       
# span 1 =     -0.076,      0.236       
# span 2 =     3.9179,    10.1397       
# span 3 =     34.487,    116.491       
# span 4 =      0.526,    132.668       
# span 5 =   0.518683,  92.073283       
# span 6 =    -0.1689,     2.8166       
# span 7 =      5.066,      7.618       
# span 8 = -1240.6505,   518.5782       
# span 9 = 1.2536e-01, 2.8421e+02       
# span 10 =    -1.0216,     5.7503      
# span 11 =     -0.378,     20.735      
# span 12 =     -0.549,     30.074      
# span 13 =     9.6930,    24.7063      
# span 14 = 0.0000e+00, 0.0000e+00      
# interval = seconds: 0.25
# start_time = Jun 13 2018 13:58:40 [Instrument's time stamp, header]
# bad_flag = -9.990e-29
*END*
[from data line 1157]
     17.565      0.082     8.4157     74.612    122.969  86.126468     0.5985      6.958   325.1069 1.2561e-01     1.0201     17.230     24.989    10.0177 0.0000e+00
     17.583      0.070     8.3904     74.388    122.949  86.113731     0.6084      6.959   325.0978 1.2561e-01     1.0494     17.246     25.013    10.0166 0.0000e+00
     17.595      0.061     8.3631     74.146    122.932  86.102134     0.5980      6.960   325.0993 1.2555e-01     1.0306     17.254     25.025    10.0166 0.0000e+00
     17.605      0.056     8.3384     73.926    122.950  86.113608     0.5558      6.960   325.1244 1.2550e-01     0.9451     17.264     25.040    10.0170 0.0000e+00
     17.616      0.054     8.3174     73.739    122.970  86.125091     0.5299      6.960   325.1431 1.2553e-01     0.8706     17.274     25.054    10.0173 0.0000e+00
     17.631      0.057     8.2981     73.566    122.957  86.113609     0.5327      6.959   325.0680 1.2558e-01     0.8311     17.288     25.074    10.0177 0.0000e+00
     17.647      0.062     8.2797     73.401    122.944  86.102144     0.5344      6.959   324.9904 1.2553e-01     0.8036     17.307     25.101    10.0181 0.0000e+00
     17.664      0.066     8.2669     73.285    122.965  86.113837     0.5321      6.959   325.0650 1.2547e-01     0.8128     17.322     25.124    10.0179 0.0000e+00
     17.680      0.068     8.2626     73.245    122.989  86.127608     0.5323      6.959   325.1965 1.2551e-01     0.8513     17.337     25.146    10.0164 0.0000e+00
     17.699      0.068     8.2612     73.232    123.010  86.141283     0.5286      6.959   325.2031 1.2552e-01     0.8719     17.357     25.174    10.0151 0.0000e+00
     17.719      0.069     8.2579     73.203    123.024  86.151808     0.5141      6.959   325.1445 1.2552e-01     0.8480     17.378     25.204    10.0146 0.0000e+00
     17.736      0.071     8.2558     73.184    122.989  86.127493     0.4952      6.960   325.1760 1.2558e-01     0.8065     17.393     25.227    10.0134 0.0000e+00
     17.751      0.075     8.2558     73.185    122.954  86.102030     0.4839      6.960   325.3265 1.2557e-01     0.7972     17.406     25.247    10.0116 0.0000e+00
     17.769      0.080     8.2578     73.200    122.954  86.098672     0.4793      6.959   325.4150 1.2548e-01     0.7968     17.424     25.271    10.0110 0.0000e+00
     17.790      0.085     8.2633     73.245    122.944  86.086886     0.4946      6.959   325.3862 1.2549e-01     0.8013     17.444     25.302    10.0116 0.0000e+00
     17.813      0.090     8.2713     73.312    122.953  86.086877     0.5301      6.960   325.4084 1.2551e-01     0.8522     17.467     25.334    10.0120 0.0000e+00
     17.838      0.092     8.2803     73.388    122.977  86.098549     0.5503      6.961   325.4250 1.2546e-01     0.8928     17.492     25.370    10.0117 0.0000e+00
     17.866      0.090     8.2936     73.504    122.982  86.100645     0.5458      6.961   325.4149 1.2545e-01     0.8655     17.521     25.412    10.0108 0.0000e+00
     17.893      0.085     8.3140     73.686    122.996  86.112224     0.5312      6.961   325.4584 1.2548e-01     0.8270     17.549     25.453    10.0086 0.0000e+00
     17.914      0.079     8.3425     73.940    122.992  86.111180     0.5204      6.960   325.4346 1.2551e-01     0.8245     17.570     25.483    10.0053 0.0000e+00
     17.929      0.071     8.3803     74.275    122.961  86.088025     0.5174      6.960   325.3860 1.2554e-01     0.8348     17.582     25.501    10.0026 0.0000e+00
     17.943      0.063     8.4231     74.653    122.961  86.086982     0.5132      6.961   325.3864 1.2552e-01     0.8295     17.595     25.519    10.0026 0.0000e+00
     17.959      0.056     8.4655     75.028    122.979  86.098571     0.5157      6.961   325.3539 1.2552e-01     0.8211     17.611     25.543    10.0041 0.0000e+00
     17.974      0.050     8.5002     75.335    122.982  86.100784     0.5190      6.962   325.3371 1.2553e-01     0.8254     17.629     25.568    10.0047 0.0000e+00
     17.988      0.045     8.5226     75.534    122.999  86.113729     0.4981      6.962   325.4406 1.2549e-01     0.8200     17.642     25.588    10.0041 0.0000e+00
     17.998      0.041     8.5337     75.634    123.018  86.127727     0.4656      6.962   325.5736 1.2545e-01     0.8173     17.651     25.600    10.0033 0.0000e+00
     18.006      0.037     8.5336     75.632    123.039  86.142665     0.4476      6.962   325.5683 1.2547e-01     0.8229     17.658     25.612    10.0031 0.0000e+00
     18.013      0.035     8.5206     75.517    123.074  86.166980     0.4551      6.962   325.4629 1.2553e-01     0.8265     17.665     25.620    10.0031 0.0000e+00
     18.020      0.036     8.4963     75.302    123.074  86.166980     0.4728      6.961   325.4175 1.2554e-01     0.8302     17.671     25.628    10.0035 0.0000e+00
     18.029      0.040     8.4693     75.062    123.040  86.142668     0.4779      6.961   325.4502 1.2548e-01     0.8382     17.679     25.643    10.0039 0.0000e+00
     18.040      0.048     8.4438     74.835    123.021  86.127750     0.4800      6.961   325.4274 1.2540e-01     0.8307     17.691     25.659    10.0037 0.0000e+00
     18.052      0.059     8.4174     74.598    123.008  86.113972     0.4885      6.961   325.3995 1.2536e-01     0.8011     17.702     25.674    10.0037 0.0000e+00
     18.066      0.073     8.3934     74.380    123.003  86.103438     0.4987      6.961   325.4565 1.2540e-01     0.7855     17.716     25.695    10.0037 0.0000e+00
     18.084      0.084     8.3737     74.200    123.049  86.127743     0.5122      6.961   325.6014 1.2543e-01     0.7945     17.733     25.719    10.0039 0.0000e+00
     18.108      0.091     8.3572     74.050    123.094  86.153103     0.5226      6.961   325.6892 1.2542e-01     0.8187     17.753     25.749    10.0032 0.0000e+00
     18.140      0.092     8.3446     73.935    123.102  86.155315     0.5411      6.960   325.5717 1.2544e-01     0.8951     17.789     25.802    10.0011 0.0000e+00
     18.172      0.088     8.3350     73.849    123.102  86.154481     0.5801      6.960   325.4707 1.2547e-01     1.0161     17.826     25.856     9.9984 0.0000e+00
     18.195      0.079     8.3290     73.797    123.085  86.143016     0.6077      6.960   325.4152 1.2549e-01     1.0606     17.846     25.883     9.9949 0.0000e+00
     18.210      0.068     8.3266     73.776    123.086  86.144061     0.6083      6.961   325.4166 1.2552e-01     1.0371     17.858     25.902     9.9917 0.0000e+00
     18.222      0.057     8.3250     73.762    123.118  86.167123     0.5881      6.961   325.4867 1.2552e-01     1.0367     17.872     25.921     9.9905 0.0000e+00
     18.232      0.050     8.3235     73.750    123.117  86.167122     0.5563      6.960   325.4890 1.2551e-01     1.0554     17.880     25.933     9.9906 0.0000e+00
     18.242      0.047     8.3243     73.758    123.082  86.144051     0.5451      6.960   325.5303 1.2552e-01     1.0799     17.887     25.944     9.9911 0.0000e+00
     18.255      0.050     8.3265     73.777    123.082  86.142902     0.5540      6.961   325.5560 1.2547e-01     1.0894     17.901     25.963     9.9911 0.0000e+00
     18.269      0.055     8.3288     73.793    123.104  86.153229     0.5532      6.962   325.5414 1.2537e-01     1.0781     17.917     25.987     9.9910 0.0000e+00
     18.281      0.059     8.3291     73.792    123.095  86.141538     0.5445      6.961   325.5262 1.2541e-01     1.0658     17.926     25.999     9.9919 0.0000e+00
     18.296      0.060     8.3256     73.759    123.081  86.128905     0.5408      6.960   325.5437 1.2553e-01     1.0630     17.938     26.018     9.9928 0.0000e+00
     18.316      0.059     8.3217     73.723    123.084  86.127860     0.5453      6.960   325.5811 1.2555e-01     1.0747     17.962     26.054     9.9923 0.0000e+00
     18.334      0.056     8.3199     73.705    123.090  86.128896     0.5444      6.959   325.5477 1.2555e-01     1.0552     17.982     26.081     9.9896 0.0000e+00
     18.349      0.053     8.3158     73.667    123.110  86.141423     0.5480      6.959   325.5708 1.2561e-01     1.0094     17.995     26.098     9.9869 0.0000e+00
     18.360      0.050     8.3088     73.604    123.127  86.151958     0.5799      6.960   325.6021 1.2564e-01     1.0092     18.006     26.115     9.9863 0.0000e+00
     18.369      0.050     8.3029     73.552    123.094  86.128898     0.6080      6.960   325.5818 1.2557e-01     1.0534     18.014     26.127     9.9851 0.0000e+00
     18.378      0.056     8.2979     73.507    123.078  86.117338     0.6128      6.959   325.5837 1.2550e-01     1.0860     18.021     26.137     9.9836 0.0000e+00
     18.391      0.068     8.2919     73.452    123.113  86.139558     0.5912      6.958   325.6256 1.2547e-01     1.0672     18.033     26.155     9.9833 0.0000e+00
     18.407      0.083     8.2879     73.412    123.125  86.142813     0.5492      6.958   325.8297 1.2546e-01     1.0401     18.050     26.179     9.9826 0.0000e+00
     18.428      0.099     8.2866     73.396    123.155  86.156689     0.5273      6.958   326.0729 1.2546e-01     1.0321     18.068     26.207     9.9824 0.0000e+00
     18.458      0.110     8.2828     73.359    123.197  86.179952     0.5291      6.958   326.0712 1.2550e-01     1.0318     18.098     26.248     9.9830 0.0000e+00
     18.495      0.116     8.2773     73.308    123.188  86.169342     0.5621      6.959   325.8942 1.2553e-01     1.0366     18.137     26.306     9.9820 0.0000e+00
     18.532      0.116     8.2737     73.273    123.172  86.155764     0.6226      6.959   325.7398 1.2551e-01     1.0294     18.175     26.362     9.9792 0.0000e+00
     18.562      0.111     8.2690     73.230    123.156  86.143153     0.6543      6.959   325.6676 1.2547e-01     1.0367     18.206     26.406     9.9764 0.0000e+00
     18.587      0.102     8.2604     73.154    123.159  86.144218     0.6515      6.959   325.7086 1.2552e-01     1.0631     18.228     26.438     9.9740 0.0000e+00
     18.609      0.090     8.2492     73.054    123.195  86.168638     0.6342      6.959   325.8066 1.2554e-01     1.0739     18.248     26.466     9.9724 0.0000e+00
     18.631      0.079     8.2375     72.950    123.218  86.183680     0.6113      6.958   325.8194 1.2547e-01     1.0457     18.271     26.500     9.9711 0.0000e+00
     18.653      0.072     8.2247     72.836    123.239  86.198724     0.6039      6.958   325.7773 1.2544e-01     0.9961     18.295     26.534     9.9706 0.0000e+00
     18.668      0.068     8.2112     72.717    123.273  86.223162     0.5997      6.959   325.8138 1.2546e-01     0.9941     18.309     26.554     9.9707 0.0000e+00
     18.680      0.068     8.1985     72.605    123.275  86.224427     0.5875      6.960   325.9163 1.2549e-01     0.9905     18.317     26.568     9.9701 0.0000e+00
     18.694      0.072     8.1880     72.511    123.263  86.214008     0.5942      6.959   325.8987 1.2554e-01     0.9215     18.332     26.588     9.9696 0.0000e+00
     18.710      0.077     8.1816     72.451    123.283  86.224554     0.6166      6.959   325.8589 1.2554e-01     0.8620     18.348     26.611     9.9697 0.0000e+00
     18.730      0.080     8.1801     72.436    123.288  86.224564     0.6288      6.959   325.9517 1.2553e-01     0.8215     18.364     26.637     9.9704 0.0000e+00
     18.758      0.079     8.1814     72.446    123.276  86.214134     0.6411      6.959   325.9881 1.2558e-01     0.7980     18.394     26.679     9.9706 0.0000e+00
     18.788      0.074     8.1826     72.456    123.294  86.225809     0.6549      6.959   325.9548 1.2562e-01     0.8208     18.429     26.728     9.9695 0.0000e+00
     18.809      0.064     8.1825     72.456    123.310  86.238345     0.6571      6.959   325.8931 1.2561e-01     0.8526     18.449     26.759     9.9680 0.0000e+00
     18.819      0.052     8.1806     72.440    123.307  86.238346     0.6593      6.959   325.8447 1.2562e-01     0.8778     18.456     26.768     9.9662 0.0000e+00
     18.826      0.039     8.1768     72.410    123.283  86.225818     0.6357      6.959   325.8857 1.2562e-01     0.9127     18.461     26.775     9.9651 0.0000e+00
     18.833      0.029     8.1715     72.367    123.259  86.214238     0.5735      6.958   325.9588 1.2555e-01     0.9073     18.471     26.789     9.9650 0.0000e+00
     18.838      0.023     8.1663     72.323    123.271  86.225712     0.5330      6.958   326.0397 1.2553e-01     0.8438     18.475     26.795     9.9655 0.0000e+00
     18.842      0.023     8.1618     72.284    123.285  86.237185     0.5317      6.958   326.0891 1.2558e-01     0.8157     18.476     26.796     9.9662 0.0000e+00
     18.848      0.028     8.1585     72.254    123.268  86.225588     0.5389      6.958   326.1257 1.2560e-01     0.8429     18.483     26.809     9.9683 0.0000e+00
     18.855      0.040     8.1568     72.239    123.253  86.212860     0.5559      6.958   326.1389 1.2559e-01     0.9282     18.492     26.821     9.9707 0.0000e+00
     18.859      0.061     8.1562     72.229    123.258  86.210659     0.5808      6.957   326.0763 1.2554e-01     1.0532     18.492     26.821     9.9720 0.0000e+00
     18.868      0.086     8.1557     72.217    123.256  86.198969     0.6014      6.956   326.0571 1.2550e-01     1.1030     18.498     26.829     9.9725 0.0000e+00
     18.891      0.109     8.1544     72.196    123.275  86.198865     0.6215      6.956   326.0786 1.2551e-01     1.0728     18.520     26.861     9.9725 0.0000e+00
     18.930      0.126     8.1527     72.173    123.308  86.209381     0.6397      6.956   325.9928 1.2550e-01     1.0239     18.559     26.919     9.9721 0.0000e+00
     18.979      0.132     8.1511     72.152    123.305  86.198742     0.6471      6.956   325.9655 1.2555e-01     1.0008     18.614     26.998     9.9698 0.0000e+00
     19.026      0.127     8.1487     72.128    123.310  86.197583     0.6468      6.957   326.0927 1.2560e-01     1.0058     18.663     27.069     9.9654 0.0000e+00
     19.061      0.112     8.1436     72.082    123.311  86.195371     0.6535      6.957   326.1545 1.2554e-01     1.0240     18.696     27.117     9.9598 0.0000e+00
     19.083      0.094     8.1371     72.023    123.280  86.171996     0.6726      6.957   326.1106 1.2550e-01     1.0680     18.718     27.148     9.9542 0.0000e+00
     19.095      0.079     8.1315     71.972    123.280  86.169682     0.6851      6.957   326.0786 1.2552e-01     1.1105     18.726     27.162     9.9504 0.0000e+00
     19.104      0.072     8.1249     71.911    123.281  86.167385     0.6756      6.957   326.1111 1.2552e-01     1.1415     18.732     27.169     9.9488 0.0000e+00
     19.118      0.074     8.1179     71.844    123.258  86.144221     0.6683      6.957   326.1591 1.2551e-01     1.1376     18.746     27.188     9.9480 0.0000e+00
     19.137      0.081     8.1112     71.776    123.275  86.144326     0.6795      6.957   326.2296 1.2548e-01     1.0634     18.767     27.218     9.9472 0.0000e+00
     19.162      0.087     8.1030     71.696    123.328  86.168651     0.6921      6.957   326.3606 1.2546e-01     1.0078     18.790     27.252     9.9466 0.0000e+00
     19.191      0.088     8.0958     71.626    123.363  86.183583     0.7016      6.957   326.4524 1.2548e-01     1.0445     18.820     27.298     9.9459 0.0000e+00
     19.220      0.081     8.0926     71.594    123.389  86.197487     0.7112      6.956   326.3938 1.2553e-01     1.0797     18.851     27.342     9.9430 0.0000e+00
     19.243      0.065     8.0814     71.493    123.409  86.209389     0.7067      6.955   326.3399 1.2554e-01     1.0677     18.872     27.372     9.9376 0.0000e+00
     19.259      0.044     8.0548     71.260    123.393  86.200118     0.6936      6.955   326.4026 1.2551e-01     1.0520     18.889     27.397     9.9319 0.0000e+00
     19.268      0.019     8.0293     71.040    123.399  86.212758     0.6813      6.955   326.3779 1.2551e-01     1.0428     18.900     27.413     9.9279 0.0000e+00
