Data/DataNotYetUploadedToEDI/Raw_CTD/2018_RawDownloads/061318_ccr50.cnv
* Sea-Bird SBE19plus  Data File:
* FileName = C:\DATA\061418_bvr50_0006.hex
* Software version 2.6.3.104 SB_Terminal.dll
* Temperature SN = 7809
* Conductivity SN = 7809
* System UpLoad Time = Jun 14 2018 16:26:38
* <ApplicationData>
* <Seaterm232>
# nquan = 15
# nvalues = 1389                        
# units = specified
# name 0 = depFM: Depth [fresh water, m]
# name 1 = dz/dtM: Descent Rate [m/s]
# name 2 = sbeox0Mg/L: Oxygen, SBE 43 [mg/l]
# name 3 = sbeox0PS: Oxygen, SBE 43 [% saturation]
# name 4 = specc: Specific Conductance [uS/cm]
# name 5 = c0uS/cm: Conductivity [uS/cm]
# name 6 = flECO-AFL: Fluorescence, WET Labs ECO-AFL/FL [mg/m^3]
# name 7 = ph: pH
# name 8 = orp: Oxidation Reduction Potential [mV]
# name 9 = par/sat/log: PAR/Logarithmic, Satlantic
# name 10 = turbWETntu0: Turbidity, WET Labs ECO [NTU]
# name 11 = prdM: Pressure, Strain Gauge [db]
# name 12 = prdE: Pressure, Strain Gauge [psi]
# name 13 = tv290C: Temperature [ITS-90, deg C]
# name 14 = flag:  0.000e+00
# span 0 =     -0.385,     21.143       
# span 1 =     -0.076,      0.236       
# span 2 =     3.9179,    10.1397       
# span 3 =     34.487,    116.491       
# span 4 =      0.526,    132.668       
# span 5 =   0.518683,  92.073283       
# span 6 =    -0.1689,     2.8166       
# span 7 =      5.066,      7.618       
# span 8 = -1240.6505,   518.5782       
# span 9 = 1.2536e-01, 2.8421e+02       
# span 10 =    -1.0216,     5.7503      
# span 11 =     -0.378,     20.735      
# span 12 =     -0.549,     30.074      
# span 13 =     9.6930,    24.7063      
# span 14 = 0.0000e+00, 0.0000e+00      
# interval = seconds: 0.25
# start_time = Jun 13 2018 13:58:40 [Instrument's time stamp, header]
# bad_flag = -9.990e-29
*END*
[from data line 579]
      8.236      0.060     9.1309     82.674    119.829  86.086405     1.0737      7.088   310.5298 8.7450e+00     1.5029      8.075     11.712    10.9427 0.0000e+00
      8.252      0.065     9.1348     82.695    119.888  86.110618     1.0627      7.086   310.6376 8.6080e+00     1.4732      8.089     11.731    10.9359 0.0000e+00
      8.273      0.069     9.1401     82.728    119.912  86.110621     1.0444      7.085   310.6816 8.4477e+00     1.4939      8.114     11.766    10.9329 0.0000e+00
      8.293      0.071     9.1476     82.784    119.901  86.086422     1.0359      7.084   310.6311 8.3313e+00     1.5095      8.136     11.799    10.9265 0.0000e+00
      8.310      0.071     9.1553     82.844    119.899  86.072749     1.0431      7.083   310.6299 8.2216e+00     1.5394      8.148     11.818    10.9174 0.0000e+00
      8.328      0.068     9.1658     82.932    119.910  86.072646     1.0579      7.082   310.6668 8.0853e+00     1.6415      8.167     11.844    10.9103 0.0000e+00
      8.347      0.063     9.1822     83.076    119.934  86.085174     1.0674      7.080   310.5609 7.9727e+00     1.7074      8.188     11.875    10.9031 0.0000e+00
      8.364      0.059     9.2038     83.270    119.953  86.096848     1.0668      7.079   310.4686 7.8880e+00     1.7259      8.203     11.898    10.8955 0.0000e+00
      8.377      0.054     9.2292     83.499    119.940  86.086427     1.0596      7.079   310.4962 7.8217e+00     1.7425      8.216     11.916    10.8906 0.0000e+00
      8.389      0.048     9.2553     83.734    119.943  86.086541     1.0540      7.079   310.5505 7.7579e+00     1.7557      8.227     11.932    10.8875 0.0000e+00
      8.401      0.043     9.2794     83.950    119.963  86.098225     1.0450      7.079   310.6088 7.6698e+00     1.7630      8.239     11.949    10.8855 0.0000e+00
      8.412      0.041     9.3018     84.149    119.972  86.100323     1.0417      7.079   310.5998 7.5933e+00     1.7398      8.250     11.966    10.8848 0.0000e+00
      8.420      0.042     9.3222     84.329    119.997  86.111904     1.0517      7.078   310.6133 7.5338e+00     1.6887      8.259     11.978    10.8845 0.0000e+00
      8.428      0.043     9.3357     84.439    120.015  86.110871     1.0560      7.078   310.6854 7.4590e+00     1.6032      8.265     11.985    10.8844 0.0000e+00
      8.438      0.047     9.3457     84.512    120.012  86.087822     1.0479      7.078   310.7840 7.3690e+00     1.5292      8.273     11.999    10.8830 0.0000e+00
      8.451      0.053     9.3572     84.599    120.042  86.087931     1.0363      7.076   310.9449 7.2667e+00     1.5270      8.287     12.020    10.8811 0.0000e+00
      8.467      0.061     9.3626     84.630    120.106  86.112163     1.0340      7.073   310.9965 7.1574e+00     1.5460      8.303     12.043    10.8794 0.0000e+00
      8.482      0.068     9.3592     84.578    120.162  86.126052     1.0580      7.073   310.9771 7.0486e+00     1.5753      8.318     12.064    10.8741 0.0000e+00
      8.500      0.074     9.3439     84.419    120.200  86.128467     1.0970      7.073   311.0542 6.9312e+00     1.6068      8.333     12.087    10.8635 0.0000e+00
      8.521      0.079     9.3250     84.233    120.245  86.141329     1.1195      7.072   311.2412 6.7934e+00     1.5913      8.355     12.117    10.8547 0.0000e+00
      8.544      0.081     9.3103     84.087    120.285  86.154174     1.1270      7.070   311.5172 6.6526e+00     1.5705      8.381     12.155    10.8470 0.0000e+00
      8.567      0.081     9.2861     83.856    120.310  86.156397     1.1425      7.069   311.6381 6.5327e+00     1.5996      8.401     12.185    10.8348 0.0000e+00
      8.589      0.077     9.2556     83.570    120.345  86.168187     1.1680      7.068   311.5843 6.4272e+00     1.6692      8.421     12.213    10.8230 0.0000e+00
      8.610      0.070     9.2321     83.350    120.360  86.169346     1.1780      7.068   311.5548 6.3276e+00     1.7094      8.446     12.249    10.8161 0.0000e+00
      8.628      0.062     9.2180     83.219    120.368  86.170400     1.1719      7.068   311.5388 6.2212e+00     1.7189      8.463     12.275    10.8104 0.0000e+00
      8.641      0.054     9.2113     83.160    120.380  86.180927     1.1586      7.067   311.5634 6.1127e+00     1.7233      8.473     12.290    10.8030 0.0000e+00
      8.651      0.048     9.2125     83.171    120.362  86.169252     1.1366      7.066   311.6804 6.0372e+00     1.7322      8.485     12.307    10.7978 0.0000e+00
      8.661      0.044     9.2148     83.191    120.347  86.156612     1.1263      7.065   311.7497 5.9758e+00     1.7662      8.495     12.321    10.7934 0.0000e+00
      8.670      0.045     9.2154     83.189    120.358  86.155464     1.1258      7.065   311.7122 5.9088e+00     1.7672      8.502     12.332    10.7902 0.0000e+00
      8.680      0.048     9.2200     83.214    120.387  86.155363     1.1311      7.065   311.7432 5.8642e+00     1.7148      8.512     12.346    10.7932 0.0000e+00
      8.692      0.052     9.2225     83.217    120.421  86.155355     1.1530      7.062   311.8666 5.8107e+00     1.6823      8.522     12.359    10.7940 0.0000e+00
      8.707      0.056     9.2219     83.199    120.442  86.155346     1.1701      7.059   311.9998 5.7117e+00     1.6783      8.536     12.379    10.7926 0.0000e+00
      8.726      0.058     9.2226     83.198    120.456  86.155243     1.1736      7.059   312.0638 5.6163e+00     1.6672      8.559     12.412    10.7918 0.0000e+00
      8.742      0.059     9.2213     83.178    120.468  86.154095     1.1671      7.059   312.0372 5.5592e+00     1.7000      8.576     12.438    10.7805 0.0000e+00
      8.756      0.058     9.2169     83.133    120.459  86.141465     1.1467      7.058   312.1083 5.4979e+00     1.7700      8.585     12.452    10.7671 0.0000e+00
      8.770      0.052     9.2119     83.084    120.449  86.129886     1.1285      7.057   312.2354 5.4133e+00     1.7812      8.601     12.473    10.7633 0.0000e+00
      8.785      0.045     9.2065     83.036    120.464  86.141455     1.1216      7.056   312.2827 5.3315e+00     1.7438      8.616     12.496    10.7603 0.0000e+00
      8.798      0.039     9.2021     83.003    120.471  86.153971     1.1001      7.056   312.3367 5.2769e+00     1.7444      8.629     12.516    10.7547 0.0000e+00
      8.807      0.037     9.2003     82.993    120.461  86.153865     1.0617      7.055   312.3715 5.2676e+00     1.7892      8.640     12.531    10.7526 0.0000e+00
      8.811      0.037     9.1993     82.981    120.446  86.140182     1.0441      7.054   312.3596 5.2671e+00     1.7977      8.641     12.532    10.7504 0.0000e+00
      8.814      0.041     9.1992     82.966    120.436  86.115889     1.0524      7.054   312.2784 5.2322e+00     1.7547      8.640     12.531    10.7496 0.0000e+00
      8.823      0.047     9.2019     82.967    120.476  86.114850     1.0792      7.053   312.1641 5.1588e+00     1.7581      8.650     12.545    10.7550 0.0000e+00
      8.839      0.055     9.2065     82.985    120.535  86.127590     1.1104      7.052   312.2690 5.0707e+00     1.8390      8.668     12.571    10.7592 0.0000e+00
      8.858      0.062     9.2121     83.018    120.587  86.142531     1.1184      7.051   312.5149 4.9990e+00     1.9082      8.686     12.598    10.7582 0.0000e+00
      8.877      0.068     9.2181     83.059    120.646  86.168101     1.1107      7.051   312.5559 4.9329e+00     1.9551      8.705     12.627    10.7515 0.0000e+00
      8.895      0.072     9.2256     83.114    120.688  86.182007     1.1095      7.051   312.5063 4.8525e+00     1.9785      8.723     12.653    10.7366 0.0000e+00
      8.912      0.074     9.2357     83.191    120.714  86.183282     1.1122      7.050   312.6030 4.7750e+00     1.9463      8.740     12.676    10.7230 0.0000e+00
      8.928      0.074     9.2466     83.274    120.739  86.183504     1.1161      7.049   312.7789 4.7080e+00     1.9328      8.756     12.699    10.7149 0.0000e+00
      8.948      0.069     9.2585     83.372    120.756  86.184664     1.1204      7.047   312.9124 4.6152e+00     1.9673      8.773     12.726    10.7085 0.0000e+00
      8.973      0.063     9.2722     83.494    120.776  86.197296     1.1177      7.046   312.9257 4.5069e+00     1.9673      8.800     12.764    10.7023 0.0000e+00
      8.994      0.058     9.2852     83.617    120.782  86.208866     1.1114      7.046   312.8537 4.4502e+00     1.8711      8.825     12.800    10.6950 0.0000e+00
      9.004      0.057     9.2957     83.719    120.754  86.197190     1.1087      7.046   312.8176 4.4457e+00     1.7504      8.833     12.811    10.6863 0.0000e+00
      9.008      0.057     9.3051     83.801    120.742  86.183505     1.1124      7.046   312.8329 4.4290e+00     1.7288      8.831     12.808    10.6811 0.0000e+00
      9.016      0.058     9.3113     83.841    120.751  86.170772     1.1192      7.045   312.9520 4.3664e+00     1.7615      8.837     12.816    10.6813 0.0000e+00
      9.034      0.060     9.3122     83.834    120.776  86.170575     1.1268      7.043   313.2256 4.2645e+00     1.7191      8.856     12.845    10.6840 0.0000e+00
      9.058      0.063     9.3110     83.815    120.804  86.181104     1.1311      7.042   313.3876 4.1687e+00     1.6126      8.885     12.886    10.6913 0.0000e+00
      9.081      0.063     9.3055     83.762    120.795  86.170692     1.1251      7.042   313.3617 4.1184e+00     1.5725      8.908     12.920    10.6900 0.0000e+00
      9.096      0.059     9.2905     83.624    120.803  86.172051     1.1362      7.041   313.4290 4.0927e+00     1.6617      8.921     12.940    10.6774 0.0000e+00
      9.106      0.051     9.2701     83.435    120.849  86.197536     1.1649      7.041   313.4269 4.0625e+00     1.7156      8.929     12.951    10.6699 0.0000e+00
      9.116      0.042     9.2496     83.248    120.890  86.224081     1.1780      7.040   313.2502 4.0158e+00     1.6136      8.939     12.965    10.6666 0.0000e+00
      9.128      0.033     9.2278     83.058    120.900  86.238271     1.1849      7.039   313.3579 3.9783e+00     1.5261      8.953     12.986    10.6654 0.0000e+00
      9.136      0.026     9.2063     82.877    120.881  86.241732     1.1835      7.039   313.6109 3.9580e+00     1.5433      8.961     12.997    10.6649 0.0000e+00
      9.141      0.020     9.1871     82.724    120.881  86.265950     1.1611      7.039   313.5559 3.9293e+00     1.5768      8.964     13.001    10.6601 0.0000e+00
      9.146      0.016     9.1706     82.599    120.854  86.276378     1.1350      7.038   313.4665 3.9248e+00     1.5655      8.971     13.012    10.6575 0.0000e+00
      9.148      0.016     9.1609     82.529    120.772  86.240481     1.1246      7.037   313.5633 3.9514e+00     1.4976      8.973     13.015    10.6613 0.0000e+00
      9.146      0.021     9.1609     82.521    120.749  86.214052     1.1182      7.037   313.6068 3.9490e+00     1.4583      8.968     13.006    10.6691 0.0000e+00
      9.146      0.029     9.1661     82.536    120.803  86.211550     1.1224      7.037   313.5632 3.8997e+00     1.6088      8.966     13.003    10.6785 0.0000e+00
      9.156      0.037     9.1718     82.556    120.857  86.210178     1.1573      7.036   313.5518 3.8382e+00     1.8831      8.976     13.020    10.6919 0.0000e+00
      9.172      0.044     9.1775     82.591    120.866  86.197423     1.1903      7.036   313.5543 3.7801e+00     1.9984      8.994     13.046    10.7070 0.0000e+00
      9.190      0.050     9.1822     82.626    120.861  86.184676     1.1990      7.036   313.5945 3.7109e+00     1.9641      9.012     13.071    10.7032 0.0000e+00
      9.205      0.051     9.1844     82.630    120.887  86.183416     1.1898      7.035   313.6931 3.6494e+00     1.9874      9.029     13.095    10.6792 0.0000e+00
      9.216      0.047     9.1855     82.617    120.925  86.182166     1.1798      7.035   313.7139 3.6138e+00     2.0674      9.039     13.110    10.6589 0.0000e+00
      9.226      0.040     9.1871     82.616    120.935  86.169527     1.1795      7.035   313.6742 3.5743e+00     2.1065      9.046     13.120    10.6540 0.0000e+00
      9.237      0.034     9.1887     82.628    120.925  86.157949     1.1773      7.034   313.6433 3.5293e+00     2.1248      9.057     13.138    10.6548 0.0000e+00
      9.247      0.030     9.1899     82.638    120.941  86.169537     1.1801      7.033   313.5986 3.5052e+00     2.1048      9.071     13.156    10.6459 0.0000e+00
      9.252      0.028     9.1885     82.621    120.966  86.182274     1.1858      7.033   313.5633 3.4880e+00     2.0181      9.074     13.160    10.6301 0.0000e+00
      9.254      0.027     9.1833     82.566    120.984  86.184572     1.1820      7.033   313.4754 3.4634e+00     1.9616      9.073     13.159    10.6207 0.0000e+00
      9.260      0.025     9.1751     82.485    121.015  86.197307     1.1810      7.033   313.5679 3.4376e+00     1.9703      9.080     13.170    10.6216 0.0000e+00
      9.270      0.022     9.1620     82.365    121.034  86.208886     1.1825      7.033   313.8210 3.4089e+00     1.9708      9.091     13.187    10.6234 0.0000e+00
      9.279      0.020     9.1436     82.208    121.004  86.197201     1.1636      7.032   313.8685 3.3835e+00     1.9369      9.100     13.198    10.6203 0.0000e+00
      9.285      0.019     9.1217     82.021    120.968  86.183410     1.1270      7.031   313.8845 3.3759e+00     1.9272      9.107     13.209    10.6160 0.0000e+00
      9.287      0.019     9.0984     81.811    120.947  86.169515     1.1069      7.031   313.9281 3.3864e+00     1.9449      9.110     13.212    10.6105 0.0000e+00
      9.286      0.020     9.0790     81.630    120.941  86.156560     1.1137      7.030   313.8797 3.3849e+00     1.9680      9.105     13.205    10.6089 0.0000e+00
      9.288      0.024     9.0657     81.504    120.951  86.154132     1.1361      7.030   313.8157 3.3517e+00     1.9929      9.105     13.206    10.6146 0.0000e+00
      9.297      0.032     9.0539     81.394    120.939  86.140142     1.1658      7.030   313.8425 3.3036e+00     2.0017      9.118     13.224    10.6217 0.0000e+00
      9.309      0.042     9.0431     81.292    120.910  86.114775     1.1786      7.030   314.0319 3.2696e+00     1.9832      9.130     13.242    10.6220 0.0000e+00
      9.319      0.056     9.0376     81.234    120.909  86.102143     1.1720      7.029   314.2989 3.2523e+00     1.9520      9.138     13.253    10.6162 0.0000e+00
      9.332      0.069     9.0356     81.196    120.960  86.114768     1.1593      7.028   314.4885 3.2264e+00     1.9601      9.150     13.270    10.6123 0.0000e+00
      9.350      0.078     9.0301     81.125    121.036  86.140026     1.1723      7.027   314.5185 3.1694e+00     2.1115      9.168     13.297    10.6106 0.0000e+00
      9.374      0.080     9.0176     80.993    121.089  86.152765     1.2093      7.026   314.4886 3.0795e+00     2.2877      9.190     13.329    10.6097 0.0000e+00
      9.404      0.074     8.9951     80.778    121.096  86.141397     1.1931      7.024   314.4718 3.0023e+00     2.2285      9.223     13.376    10.6060 0.0000e+00
      9.433      0.058     8.9643     80.500    121.083  86.129934     1.1235      7.022   314.5732 2.9638e+00     2.0061      9.255     13.423    10.5949 0.0000e+00
      9.451      0.036     8.9313     80.217    121.074  86.141531     1.0666      7.021   314.6820 2.9426e+00     1.8264      9.273     13.449    10.5809 0.0000e+00
      9.456      0.017     8.8968     79.931    121.049  86.154265     1.0472      7.021   314.5829 2.9591e+00     1.7659      9.278     13.456    10.5700 0.0000e+00
      9.446      0.007     8.8617     79.633    121.022  86.156570     1.0454      7.021   314.5797 3.0138e+00     1.7620      9.266     13.440    10.5630 0.0000e+00
