Data/DataNotYetUploadedToEDI/Raw_CTD/2018_RawDownloads/061818_fcr20.cnv
* Sea-Bird SBE19plus  Data File:
* FileName = C:\DATA\061818_fcr_0003.hex
* Software version 2.6.3.104
* Temperature SN = 7809
* Conductivity SN = 7809
* System UpLoad Time = Jun 18 2018 19:16:58
* <ApplicationData>
* <Seaterm232>
# nquan = 17
# nvalues = 450                         
# units = specified
# name 0 = depFM: Depth [fresh water, m]
# name 1 = tv290C: Temperature [ITS-90, deg C]
# name 2 = sbeox0Mg/L: Oxygen, SBE 43 [mg/l]
# name 3 = sbeox0PS: Oxygen, SBE 43 [% saturation]
# name 4 = c0uS/cm: Conductivity [uS/cm]
# name 5 = specc: Specific Conductance [uS/cm]
# name 6 = ph: pH
# name 7 = orp: Oxidation Reduction Potential [mV]
# name 8 = flECO-AFL: Fluorescence, WET Labs ECO-AFL/FL [mg/m^3]
# name 9 = turbWETntu0: Turbidity, WET Labs ECO [NTU]
# name 10 = sal00: Salinity, Practical [PSU]
# name 11 = dz/dtM: Descent Rate [m/s]
# name 12 = prdM: Pressure, Strain Gauge [db]
# name 13 = prdE: Pressure, Strain Gauge [psi]
# name 14 = scan: Scan Count
# name 15 = par/sat/log: PAR/Logarithmic, Satlantic
# name 16 = flag:  0.000e+00
# span 0 =     -0.523,      2.995       
# span 1 =    15.5285,    29.7770       
# span 2 =     0.1528,    13.5723       
# span 3 =      1.543,    148.052       
# span 4 =   0.705360,  47.810033       
# span 5 =      0.847,     59.005       
# span 6 =      6.330,      8.078       
# span 7 =  -160.1860,   337.5990       
# span 8 =    -0.1941,     3.3522       
# span 9 =    -0.3317,     4.2069       
# span 10 =     0.0134,     0.0310      
# span 11 =     -0.172,      0.271      
# span 12 =     -0.513,      2.937      
# span 13 =     -0.743,      4.259      
# span 14 =          1,        450      
# span 15 = 1.7120e+01, 5.1128e+02      
# span 16 = 0.0000e+00, 0.0000e+00      
# interval = seconds: 0.25
# start_time = Jun 18 2018 17:39:29 [Instrument's time stamp, header]
# bad_flag = -9.990e-29
*END*
[from data line 426]
      2.877    16.3457     0.1559      1.575  36.585747     44.007      7.362   288.8389     2.3939     1.6422     0.0249      0.047      2.822      4.093        427 1.8975e+01 0.0000e+00
      2.889    16.2775     0.1528      1.543  36.857295     44.552      7.343   288.9903     2.3332     2.0719     0.0250      0.046      2.833      4.110        428 1.8740e+01 0.0000e+00
      2.902    16.2227     0.1597      1.613  37.094650     44.818      7.325   288.8389     2.3696     2.0584     0.0251      0.045      2.845      4.127        429 1.8607e+01 0.0000e+00
      2.912    16.1826     0.1534      1.547  37.239537     45.133      7.304   289.1039     2.3534     2.1390     0.0253      0.044      2.856      4.143        430 1.8476e+01 0.0000e+00
      2.925    16.1408     0.1593      1.606  37.388878     45.327      7.287   288.9903     2.3453     2.0450     0.0253      0.044      2.868      4.160        431 1.8270e+01 0.0000e+00
      2.938    16.1148     0.1670      1.681  37.413064     45.438      7.266   288.8389     2.3332     2.1659     0.0253      0.045      2.879      4.177        432 1.8122e+01 0.0000e+00
      2.947    16.0842     0.1836      1.847  37.506074     45.554      7.250   288.9903     2.3777     2.4881     0.0254      0.045      2.889      4.191        433 1.8033e+01 0.0000e+00
      2.955    16.0189     0.1836      1.845  37.718070     45.887      7.229   289.7475     2.4343     2.4479     0.0255      0.044      2.897      4.202        434 1.7934e+01 0.0000e+00
      2.962    15.9338     0.1801      1.807  38.187416     46.432      7.213   289.3310     2.4464     2.5956     0.0257      0.043      2.904      4.212        435 1.7860e+01 0.0000e+00
      2.967    15.8766     0.1841      1.847  38.820390     47.356      7.194   289.2553     2.4222     2.4479     0.0261      0.039      2.909      4.220        436 1.7779e+01 0.0000e+00
      2.971    15.8564     0.1827      1.833  39.570388     48.277      7.177   289.2932     2.3211     2.6224     0.0265      0.035      2.913      4.225        437 1.7754e+01 0.0000e+00
      2.974    15.8564     0.1866      1.872  40.368817     49.437      7.163   289.6339     2.3292     2.5687     0.0270      0.030      2.917      4.230        438 1.7728e+01 0.0000e+00
      2.977    15.8434 -9.990e-29 -9.990e-29  40.882277     49.976      7.145   289.5960     2.3575     2.7433     0.0272      0.025      2.920      4.235        439 1.7643e+01 0.0000e+00
      2.980    15.7960 -9.990e-29 -9.990e-29  41.779351     51.138      7.130   289.8232     2.3656     2.6359     0.0277      0.020      2.923      4.239        440 1.7568e+01 0.0000e+00
      2.983    15.7433 -9.990e-29 -9.990e-29  43.079536     52.728      7.114   290.0125     2.2766     2.8238     0.0284      0.017      2.926      4.243        441 1.7489e+01 0.0000e+00
      2.987    15.7040 -9.990e-29 -9.990e-29  44.070563     54.024      7.101   290.1639     2.2847     2.7836     0.0289      0.015      2.929      4.248        442 1.7384e+01 0.0000e+00
      2.990    15.6594 -9.990e-29 -9.990e-29  45.204291     55.432      7.088   290.1639     2.3130     2.8776     0.0295      0.013      2.932      4.252        443 1.7267e+01 0.0000e+00
      2.992    15.5983 -9.990e-29 -9.990e-29  46.178796     56.791      7.075   290.2396     2.2766     2.8776     0.0301      0.012      2.934      4.255        444 1.7175e+01 0.0000e+00
      2.992    15.5490 -9.990e-29 -9.990e-29  47.041771     57.746      7.059   290.4289     1.9652     3.0253     0.0305      0.011      2.935      4.257        445 1.7141e+01 0.0000e+00
      2.994    15.5285 -9.990e-29 -9.990e-29  47.810033     59.005      7.049   290.6560     1.9572     3.0924     0.0310      0.010      2.936      4.258        446 1.7131e+01 0.0000e+00
      2.994    15.5333 -9.990e-29 -9.990e-29  47.596790     58.595      7.035   290.7696     1.9652     3.0521     0.0308      0.009      2.936      4.258        447 1.7120e+01 0.0000e+00
      2.994    15.5426 -9.990e-29 -9.990e-29  47.010408     58.072      7.025   291.3753     1.9531     3.0924     0.0306      0.007      2.937      4.259        448 1.7140e+01 0.0000e+00
      2.994 -9.990e-29 -9.990e-29 -9.990e-29  46.996637     57.859      7.011   291.4132     2.0299     3.3475     0.0305      0.005      2.937      4.259        449 1.7151e+01 0.0000e+00
      2.995 -9.990e-29 -9.990e-29 -9.990e-29  47.198468     58.325      7.002   291.4889     2.0502     3.3475     0.0307      0.004      2.937      4.259        450 1.7142e+01 0.0000e+00
