Data/DataNotYetUploadedToEDI/Raw_CTD/2018_RawDownloads/061818_fcr45.cnv
* Sea-Bird SBE19plus  Data File:
* FileName = C:\DATA\061818_fcr_0005.hex
* Software version 2.6.3.104
* Temperature SN = 7809
* Conductivity SN = 7809
* System UpLoad Time = Jun 18 2018 19:17:44
* <ApplicationData>
* <Seaterm232>
# nquan = 17
# nvalues = 819                         
# units = specified
# name 0 = depFM: Depth [fresh water, m]
# name 1 = tv290C: Temperature [ITS-90, deg C]
# name 2 = sbeox0Mg/L: Oxygen, SBE 43 [mg/l]
# name 3 = sbeox0PS: Oxygen, SBE 43 [% saturation]
# name 4 = c0uS/cm: Conductivity [uS/cm]
# name 5 = specc: Specific Conductance [uS/cm]
# name 6 = ph: pH
# name 7 = orp: Oxidation Reduction Potential [mV]
# name 8 = flECO-AFL: Fluorescence, WET Labs ECO-AFL/FL [mg/m^3]
# name 9 = turbWETntu0: Turbidity, WET Labs ECO [NTU]
# name 10 = sal00: Salinity, Practical [PSU]
# name 11 = dz/dtM: Descent Rate [m/s]
# name 12 = prdM: Pressure, Strain Gauge [db]
# name 13 = prdE: Pressure, Strain Gauge [psi]
# name 14 = scan: Scan Count
# name 15 = par/sat/log: PAR/Logarithmic, Satlantic
# name 16 = flag:  0.000e+00
# span 0 =     -0.543,      6.636       
# span 1 =    10.6030,    28.6436       
# span 2 =     3.5439,    10.9132       
# span 3 =     33.534,    128.496       
# span 4 =   0.570986,  36.538356       
# span 5 =      0.536,     43.577       
# span 6 =      6.335,      8.271       
# span 7 =  -328.8022,   351.0762       
# span 8 =    -0.2021,     4.3672       
# span 9 =    -0.6674,    66.2574       
# span 10 =     0.0128,     0.0240      
# span 11 =     -0.220,      0.181      
# span 12 =     -0.533,      6.504      
# span 13 =     -0.773,      9.432      
# span 14 =          1,        819      
# span 15 = 5.0461e-01, 2.0996e+03      
# span 16 = 0.0000e+00, 0.0000e+00      
# interval = seconds: 0.25
# start_time = Jun 18 2018 18:26:27 [Instrument's time stamp, header]
# bad_flag = -9.990e-29
*END*
[from data line 766]
      6.218    10.6065     7.7332     69.496  30.840886     43.294      6.408   343.7698     1.7590     2.7030     0.0222      0.058      6.097      8.843        767 1.1136e+00 0.0000e+00
      6.227    10.6063     7.7330     69.492  30.885904     43.373      6.404   343.6562     1.6013     2.4881     0.0222      0.057      6.106      8.856        768 1.0884e+00 0.0000e+00
      6.234    10.6065     7.7391     69.546  30.829501     43.295      6.406   343.9212     1.5851     2.5419     0.0222      0.054      6.115      8.869        769 1.0669e+00 0.0000e+00
      6.247    10.6059     7.7421     69.572  30.792471     43.217      6.404   343.6940     1.5447     2.4076     0.0222      0.051      6.128      8.887        770 1.0955e+00 0.0000e+00
      6.264    10.6049     7.7494     69.640  30.872683     43.374      6.404   344.5648     1.5771     2.4613     0.0222      0.049      6.142      8.907        771 1.0568e+00 0.0000e+00
      6.275    10.6042     7.7522     69.676  30.848286     43.296      6.404   344.5648     1.5568     2.4747     0.0222      0.047      6.152      8.922        772 1.0378e+00 0.0000e+00
      6.279    10.6044     7.7539     69.719  30.822833     43.297      6.403   345.5112     1.5771     2.5150     0.0222      0.043      6.157      8.930        773 1.0390e+00 0.0000e+00
      6.282    10.6049     7.7540     69.736  30.845055     43.298      6.401   345.3598     1.5690     2.5419     0.0222      0.040      6.160      8.935        774 1.0261e+00 0.0000e+00
      6.286    10.6053     7.7465     69.669  30.820631     43.298      6.398   345.0569     1.5649     2.4881     0.0222      0.036      6.165      8.941        775 1.0338e+00 0.0000e+00
      6.292    10.6057     7.7525     69.724  30.853227     43.297      6.399   345.2083     1.5730     2.5284     0.0222      0.033      6.171      8.949        776 9.9437e-01 0.0000e+00
      6.299    10.6048     7.7411     69.637  30.863793     43.375      6.397   345.5869     1.6175     2.4076     0.0222      0.029      6.177      8.959        777 9.8382e-01 0.0000e+00
      6.306    10.6037     7.7448     69.697  30.807483     43.218      6.397   345.7762     1.6539     2.5150     0.0222      0.025      6.184      8.968        778 9.8798e-01 0.0000e+00
      6.311    10.6031     7.7381     69.646  30.804696     43.297      6.395   345.7762     1.6458     2.5419     0.0222      0.022      6.189      8.977        779 9.7187e-01 0.0000e+00
      6.318    10.6030     7.7349     69.608  30.807956     43.220      6.395   345.6626     1.6256     2.4747     0.0222      0.022      6.195      8.986        780 9.7023e-01 0.0000e+00
      6.324    10.6038     7.7426     69.668  30.862731     43.378      6.390   346.4955     1.6175     2.4747     0.0222      0.023      6.200      8.993        781 9.5343e-01 0.0000e+00
      6.325    10.6114     7.7368     69.619  30.855141     43.300      6.385   347.1012     1.6418     2.4613     0.0222      0.023      6.203      8.997        782 9.4006e-01 0.0000e+00
      6.327    10.6274     7.7392     69.638  30.876707     43.377      6.382   347.3283     1.6175     2.3539     0.0222      0.022      6.204      8.999        783 9.2123e-01 0.0000e+00
      6.327    10.6378     7.7335     69.572  30.895195     43.369      6.379   347.5176     1.6418     2.5419     0.0222      0.018      6.205      9.000        784 9.3512e-01 0.0000e+00
      6.328    10.6381     7.7346     69.561  30.832129     43.269      6.375   347.6312     1.5002     2.4613     0.0222      0.014      6.205      9.000        785 9.3174e-01 0.0000e+00
      6.328    10.6384     7.7285     69.488  30.895881     43.336      6.376   347.0255     1.4962     2.4881     0.0222      0.011      6.206      9.001        786 9.3921e-01 0.0000e+00
      6.329    10.6487     7.7283     69.478  30.964114     43.453      6.374   347.2526     1.4962     2.5284     0.0223      0.007      6.206      9.001        787 9.5832e-01 0.0000e+00
      6.329    10.6644     7.7245     69.445  30.895475     43.335      6.370   347.4419     1.4962     2.4747     0.0222      0.004      6.206      9.001        788 9.3809e-01 0.0000e+00
      6.329    10.6698     7.7188     69.397  30.892342     43.323      6.374   347.4798     1.7388     2.4344     0.0222      0.002      6.207      9.003        789 9.5322e-01 0.0000e+00
      6.332    10.6642     7.7101     69.314  30.938355     43.381      6.372   347.3662     1.7307     2.3673     0.0223      0.002      6.210      9.006        790 9.4042e-01 0.0000e+00
      6.335    10.6593     7.7188     69.386  30.897511     43.297      6.374   347.2526     1.7671     2.5419     0.0222      0.003      6.213      9.011        791 8.9961e-01 0.0000e+00
      6.338    10.6607     7.7223     69.414  30.883866     43.303      6.372   347.5555     1.7914     2.5419     0.0222      0.005      6.217      9.016        792 8.9996e-01 0.0000e+00
      6.343    10.6594     7.7229     69.418  30.896035     43.310      6.375   347.1769     1.6862     2.5284     0.0222      0.007      6.223      9.025        793 8.8168e-01 0.0000e+00
      6.355    10.6501     7.7210     69.399  30.882368     43.308      6.374   347.5176     1.6781     2.3941     0.0222      0.011      6.233      9.039        794 8.3759e-01 0.0000e+00
      6.367    10.6376     7.7210     69.396  30.841570     43.231      6.372   347.6312     1.6984     2.5419     0.0222      0.017      6.243      9.055        795 8.1783e-01 0.0000e+00
      6.376    10.6264     7.7233     69.414  30.828201     43.242      6.374   347.1391     1.7428     2.5284     0.0222      0.023      6.252      9.068        796 7.9729e-01 0.0000e+00
      6.383    10.6211     7.7192     69.379  30.839706     43.257      6.374   347.3662     1.6943     2.3941     0.0222      0.028      6.259      9.078        797 7.8081e-01 0.0000e+00
      6.388    10.6220     7.7257     69.439  30.827257     43.271      6.371   347.5176     1.6862     2.4344     0.0222      0.031      6.264      9.086        798 7.6263e-01 0.0000e+00
      6.394    10.6233     7.7219     69.404  30.843697     43.278      6.372   347.6312     1.6701     2.5016     0.0222      0.032      6.270      9.095        799 7.3751e-01 0.0000e+00
      6.402    10.6206     7.7159     69.348  30.819250     43.277      6.370   347.5933     1.6943     2.5956     0.0222      0.032      6.278      9.105        800 7.3612e-01 0.0000e+00
      6.409    10.6170     7.7211     69.393  30.798378     43.196      6.371   347.5555     1.6822     2.5150     0.0222      0.031      6.285      9.116        801 7.1404e-01 0.0000e+00
      6.417    10.6147     7.7211     69.391  30.869670     43.357      6.370   347.4041     1.9572     2.4344     0.0222      0.029      6.293      9.127        802 6.6741e-01 0.0000e+00
      6.425    10.6137     7.7254     69.428  30.849136     43.282      6.368   347.6691     1.9369     2.4479     0.0222      0.028      6.300      9.137        803 6.4913e-01 0.0000e+00
      6.430    10.6128     7.7263     69.439  30.823933     43.286      6.368   347.9341     1.9733     2.5284     0.0222      0.027      6.305      9.145        804 6.2821e-01 0.0000e+00
      6.433    10.6109     7.7200     69.404  30.841733     43.286      6.368   347.9341     1.9531     2.5150     0.0222      0.026      6.310      9.151        805 6.2070e-01 0.0000e+00
      6.440    10.6094     7.7256     69.479  30.767682     43.209      6.368   347.8205     1.8358     2.4479     0.0222      0.026      6.316      9.160        806 6.5254e-01 0.0000e+00
      6.447    10.6102     7.7290     69.533  30.797479     43.211      6.369   348.1233     1.8197     2.4747     0.0222      0.025      6.322      9.170        807 6.2420e-01 0.0000e+00
      6.454    10.6115 -9.990e-29 -9.990e-29  30.863957     43.370      6.368   347.7069     1.8439     2.5150     0.0222      0.025      6.329      9.180        808 5.8321e-01 0.0000e+00
      6.461    10.6108 -9.990e-29 -9.990e-29  30.803560     43.212      6.368   347.7448     1.8035     2.5150     0.0222      0.024      6.335      9.188        809 5.4027e-01 0.0000e+00
      6.464    10.6099 -9.990e-29 -9.990e-29  30.813336     43.289      6.364   348.0476     1.6377     2.5150     0.0222      0.023      6.338      9.193        810 5.1401e-01 0.0000e+00
      6.465    10.6086 -9.990e-29 -9.990e-29  30.851792     43.290      6.365   348.2748     1.6134     2.4613     0.0222      0.022      6.341      9.197        811 5.4853e-01 0.0000e+00
      6.469    10.6074 -9.990e-29 -9.990e-29  30.874312     43.370      6.367   348.0855     1.6013     2.4210     0.0222      0.021      6.344      9.200        812 5.2053e-01 0.0000e+00
      6.471    10.6056 -9.990e-29 -9.990e-29  30.844615     43.292      6.366   348.0855     1.6498     2.4881     0.0222      0.019      6.345      9.202        813 5.0461e-01 0.0000e+00
      6.470    10.6090 -9.990e-29 -9.990e-29  30.829445     43.295      6.366   348.2748     1.3749     2.4747     0.0222      0.015      6.344      9.201        814 5.4034e-01 0.0000e+00
      6.465    10.6203 -9.990e-29 -9.990e-29  30.893191     43.374      6.366   348.2369     1.3749     2.3673     0.0222      0.009      6.347      9.205        815 5.9606e-01 0.0000e+00
      6.476    10.6379 -9.990e-29 -9.990e-29  30.883894     43.372      6.362   349.7512     1.3587     2.4344     0.0222      0.008      6.373      9.243        816 6.8974e-01 0.0000e+00
      6.562    10.6494 -9.990e-29 -9.990e-29  30.900318     43.356      6.352   351.0762     1.3708     2.4344     0.0222      0.029      6.432      9.328        817 6.9994e-01 0.0000e+00
      6.635 -9.990e-29 -9.990e-29 -9.990e-29  30.872747     43.337      6.340   350.6976     1.3789     2.4613     0.0222      0.064      6.486      9.406        818 6.9638e-01 0.0000e+00
      6.636 -9.990e-29 -9.990e-29 -9.990e-29  30.799591     43.163      6.335   350.4705     1.2374     2.4344     0.0222      0.090      6.504      9.432        819 7.2915e-01 0.0000e+00
