Data/DataNotYetUploadedToEDI/Raw_CTD/2018_RawDownloads/061818_fcr20.cnv
* Sea-Bird SBE19plus  Data File:
* FileName = C:\DATA\061818_fcr_0003.hex
* Software version 2.6.3.104
* Temperature SN = 7809
* Conductivity SN = 7809
* System UpLoad Time = Jun 18 2018 19:16:58
* <ApplicationData>
* <Seaterm232>
# nquan = 17
# nvalues = 450                         
# units = specified
# name 0 = depFM: Depth [fresh water, m]
# name 1 = tv290C: Temperature [ITS-90, deg C]
# name 2 = sbeox0Mg/L: Oxygen, SBE 43 [mg/l]
# name 3 = sbeox0PS: Oxygen, SBE 43 [% saturation]
# name 4 = c0uS/cm: Conductivity [uS/cm]
# name 5 = specc: Specific Conductance [uS/cm]
# name 6 = ph: pH
# name 7 = orp: Oxidation Reduction Potential [mV]
# name 8 = flECO-AFL: Fluorescence, WET Labs ECO-AFL/FL [mg/m^3]
# name 9 = turbWETntu0: Turbidity, WET Labs ECO [NTU]
# name 10 = sal00: Salinity, Practical [PSU]
# name 11 = dz/dtM: Descent Rate [m/s]
# name 12 = prdM: Pressure, Strain Gauge [db]
# name 13 = prdE: Pressure, Strain Gauge [psi]
# name 14 = scan: Scan Count
# name 15 = par/sat/log: PAR/Logarithmic, Satlantic
# name 16 = flag:  0.000e+00
# span 0 =     -0.523,      2.995       
# span 1 =    15.5285,    29.7770       
# span 2 =     0.1528,    13.5723       
# span 3 =      1.543,    148.052       
# span 4 =   0.705360,  47.810033       
# span 5 =      0.847,     59.005       
# span 6 =      6.330,      8.078       
# span 7 =  -160.1860,   337.5990       
# span 8 =    -0.1941,     3.3522       
# span 9 =    -0.3317,     4.2069       
# span 10 =     0.0134,     0.0310      
# span 11 =     -0.172,      0.271      
# span 12 =     -0.513,      2.937      
# span 13 =     -0.743,      4.259      
# span 14 =          1,        450      
# span 15 = 1.7120e+01, 5.1128e+02      
# span 16 = 0.0000e+00, 0.0000e+00      
# interval = seconds: 0.25
# start_time = Jun 18 2018 17:39:29 [Instrument's time stamp, header]
# bad_flag = -9.990e-29
*END*
[from data line 256]
     -0.132    26.2872     8.7169    108.100  34.170648     33.229      7.615   258.2881     1.1848     0.9036     0.0233      0.041     -0.131     -0.190        257 3.7317e+02 0.0000e+00
     -0.114    26.2511     8.7046    107.912  34.154440     33.255      7.617   258.2502     1.2212     0.8634     0.0233      0.051     -0.112     -0.162        258 3.7544e+02 0.0000e+00
     -0.096    26.2517     8.6995    107.818  34.212351     33.351      7.618   257.6066     1.1929     0.7291     0.0233      0.061     -0.094     -0.136        259 3.7026e+02 0.0000e+00
     -0.078    26.2651     8.6952    107.726  34.217227     33.375      7.622   257.5688     1.1848     0.8097     0.0233      0.068     -0.076     -0.110        260 3.6567e+02 0.0000e+00
     -0.059    26.2750     8.7007    107.751  34.237354     33.401      7.621   257.6066     1.2536     0.8365     0.0233      0.075     -0.058     -0.083        261 3.6041e+02 0.0000e+00
     -0.039    26.2887     8.7019    107.692  34.216960     33.366      7.619   257.5688     1.2455     0.8634     0.0233      0.078     -0.039     -0.056        262 3.5768e+02 0.0000e+00
     -0.021    26.3081     8.7064    107.678  34.212946     33.359      7.621   257.6824     1.2455     0.8231     0.0233      0.077     -0.021     -0.031        263 3.5298e+02 0.0000e+00
     -0.005    26.3218     8.7041    107.575  34.212688     33.350      7.627   258.0988     1.2576     0.8231     0.0233      0.073     -0.006     -0.008        264 3.5475e+02 0.0000e+00
      0.009    26.3273     8.7094    107.566  34.217275     33.337      7.630   257.9474     1.2495     0.7425     0.0233      0.071      0.009      0.014        265 3.4473e+02 0.0000e+00
      0.025    26.3333     8.7171    107.596  34.296197     33.410      7.634   257.9095     1.2697     0.8231     0.0234      0.069      0.025      0.036        266 3.5014e+02 0.0000e+00
      0.042    26.3304     8.7104    107.459  34.292400     33.406      7.638   257.9474     1.2495     0.8365     0.0234      0.067      0.041      0.059        267 3.4444e+02 0.0000e+00
      0.058    26.3142     8.7105    107.415  34.221997     33.321      7.640   258.3638     1.2495     0.8097     0.0233      0.066      0.058      0.084        268 2.9209e+02 0.0000e+00
      0.078    26.2968     8.7104    107.373  34.205876     33.322      7.638   258.4774     1.2536     0.8097     0.0233      0.065      0.077      0.112        269 2.8330e+02 0.0000e+00
      0.100    26.2790     8.7166    107.412  34.164186     33.280      7.638   258.6667     1.2455     0.8634     0.0233      0.066      0.097      0.141        270 2.7572e+02 0.0000e+00
      0.120    26.2544     8.7215    107.437  34.155265     33.290      7.632   258.9695     1.2697     0.8902     0.0233      0.069      0.117      0.170        271 2.5851e+02 0.0000e+00
      0.139    26.2186     8.7277    107.480  34.157676     33.302      7.628   259.2345     1.2576     0.8231     0.0233      0.071      0.137      0.198        272 2.4582e+02 0.0000e+00
      0.160    26.1816     8.7324    107.523  34.131539     33.290      7.628   259.6131     1.3991     0.7425     0.0233      0.075      0.157      0.227        273 2.2311e+02 0.0000e+00
      0.181    26.1446     8.7419    107.643  34.098838     33.287      7.630   259.8781     1.3506     0.7559     0.0233      0.077      0.177      0.257        274 2.1042e+02 0.0000e+00
      0.201    26.1058     8.7452    107.672  34.050111     33.256      7.631   259.7267     1.3425     0.7828     0.0233      0.079      0.197      0.286        275 2.0065e+02 0.0000e+00
      0.221    26.0723     8.7468    107.664  34.043919     33.280      7.630   259.6888     1.3668     0.8634     0.0233      0.080      0.216      0.313        276 1.9170e+02 0.0000e+00
      0.239    26.0446     8.7452    107.610  34.047251     33.305      7.634   259.6131     1.4032     0.6351     0.0233      0.079      0.233      0.338        277 1.8455e+02 0.0000e+00
      0.253    26.0212     8.7435    107.538  34.045982     33.327      7.636   259.4617     1.4032     0.5814     0.0233      0.077      0.249      0.361        278 1.7702e+02 0.0000e+00
      0.270    26.0004     8.7451    107.484  34.015859     33.318      7.639   259.0452     1.3749     0.5814     0.0232      0.075      0.266      0.386        279 1.7167e+02 0.0000e+00
      0.291    25.9812     8.7548    107.519  33.936476     33.251      7.637   258.8559     1.3830     0.4874     0.0232      0.073      0.285      0.413        280 1.6965e+02 0.0000e+00
      0.310    25.9629     8.7595    107.498  33.937197     33.265      7.634   258.7424     1.4436     0.6485     0.0232      0.072      0.305      0.442        281 1.6841e+02 0.0000e+00
      0.331    25.9465     8.7713    107.573  33.926007     33.277      7.636   258.6667     1.4355     0.5142     0.0232      0.072      0.324      0.469        282 1.6644e+02 0.0000e+00
      0.348    25.9388     8.7798    107.608  33.891102     33.234      7.637   258.3638     1.4274     0.5277     0.0232      0.072      0.341      0.494        283 1.6670e+02 0.0000e+00
      0.363    25.9399     8.7752    107.418  33.980644     33.355      7.642   258.7424     1.4315     0.5814     0.0232      0.072      0.357      0.519        284 1.6907e+02 0.0000e+00
      0.383    25.9342     8.7690    107.178  34.022166     33.387      7.643   258.9317     1.4638     0.5008     0.0232      0.072      0.376      0.546        285 1.6186e+02 0.0000e+00
      0.405    25.9198     8.7883    107.294  33.928397     33.304      7.642   259.5374     1.4396     0.5948     0.0232      0.074      0.397      0.576        286 1.5571e+02 0.0000e+00
      0.427    25.9026     8.8680    108.172  33.889753     33.253      7.649   259.8024     1.4072     0.6754     0.0232      0.075      0.419      0.607        287 1.5162e+02 0.0000e+00
      0.449    25.8762     8.9914    109.597  33.921985     33.317      7.650   260.0674     1.4113     0.5545     0.0232      0.076      0.440      0.637        288 1.4582e+02 0.0000e+00
      0.470    25.8381     9.1287    111.211  33.888291     33.274      7.650   260.9381     1.4638     0.6754     0.0232      0.078      0.460      0.667        289 1.4244e+02 0.0000e+00
      0.489    25.7962     9.2768    112.978  33.842729     33.263      7.650   261.4302     1.5124     0.6485     0.0232      0.079      0.479      0.694        290 1.3888e+02 0.0000e+00
      0.505    25.7555     9.3873    114.290  33.830424     33.261      7.647   261.7331     1.4881     0.6485     0.0232      0.080      0.495      0.717        291 1.3726e+02 0.0000e+00
      0.519    25.7206     9.4687    115.245  33.814656     33.289      7.648   262.3388     1.4719     0.5814     0.0232      0.078      0.510      0.739        292 1.3423e+02 0.0000e+00
      0.534    25.6839     9.5199    115.818  33.832716     33.315      7.645   262.4902     1.5002     0.6619     0.0232      0.075      0.525      0.762        293 1.3122e+02 0.0000e+00
      0.553    25.6164     9.5301    115.892  33.719002     33.256      7.643   262.7174     1.5447     0.6754     0.0231      0.071      0.543      0.788        294 1.2980e+02 0.0000e+00
      0.575    25.5341     9.4942    115.394  33.600329     33.113      7.638   263.5124     1.5326     0.6217     0.0231      0.070      0.563      0.816        295 1.2703e+02 0.0000e+00
      0.592    25.4717     9.4225    114.379  33.535600     33.158      7.635   263.2852     1.5204     0.6888     0.0231      0.069      0.582      0.844        296 1.2548e+02 0.0000e+00
      0.613    25.4240     9.3446    113.272  33.562348     33.158      7.634   263.6260     1.5124     0.5008     0.0231      0.069      0.605      0.877        297 1.2100e+02 0.0000e+00
      0.646    25.3839     9.2494    111.991  33.507768     33.253      7.629   264.9131     1.4719     0.6217     0.0231      0.075      0.635      0.921        298 1.1628e+02 0.0000e+00
      0.682    25.3555     9.1489    110.662  33.158738     32.814      7.622   264.7238     1.5407     0.5814     0.0229      0.084      0.666      0.966        299 1.1418e+02 0.0000e+00
      0.708    25.3372     9.0665    109.554  33.047792     32.840      7.628   265.1781     1.5204     0.6351     0.0229      0.093      0.692      1.004        300 1.1267e+02 0.0000e+00
      0.729    25.3214     9.0362    109.084  33.141733     32.859      7.636   265.1024     1.5043     0.6217     0.0229      0.099      0.715      1.036        301 1.1156e+02 0.0000e+00
      0.749    25.3038     9.0585    109.248  33.101152     32.926      7.650   265.7081     1.4962     0.6082     0.0229      0.101      0.736      1.067        302 1.1066e+02 0.0000e+00
      0.774    25.2800     9.1482    110.201  32.831420     32.575      7.658   265.7081     1.4962     0.5545     0.0228      0.102      0.758      1.099        303 1.0935e+02 0.0000e+00
      0.794    25.2576     9.2632    111.438  32.854685     32.670      7.664   265.3295     1.4921     0.6217     0.0228      0.101      0.779      1.130        304 1.0833e+02 0.0000e+00
      0.816    25.2263     9.3883    112.806  32.923936     32.741      7.668   265.6702     1.5245     0.5814     0.0228      0.097      0.802      1.163        305 1.0832e+02 0.0000e+00
      0.845    25.1596     9.4904    113.900  32.181842     32.033      7.671   266.2760     1.5245     0.5948     0.0225      0.092      0.826      1.198        306 1.0632e+02 0.0000e+00
      0.866    25.0825     9.4947    113.837  31.494950     31.301      7.677   266.2002     1.6539     0.5814     0.0222      0.089      0.847      1.229        307 1.0454e+02 0.0000e+00
      0.882    25.0209     9.4133    112.768  31.732745     31.650      7.680   266.5031     1.6539     0.7425     0.0223      0.088      0.865      1.254        308 1.0460e+02 0.0000e+00
      0.898    24.9654     9.3277    111.641  32.034191     31.978      7.683   266.0488     1.6498     0.5545     0.0225      0.086      0.881      1.279        309 1.0367e+02 0.0000e+00
      0.917    24.9106     9.2842    110.999  32.216969     32.185      7.680   266.9574     1.6296     0.5142     0.0225      0.083      0.901      1.308        310 1.0225e+02 0.0000e+00
      0.944    24.8586     9.2783    110.796  32.661767     32.696      7.680   267.2224     1.7671     0.8231     0.0227      0.082      0.926      1.343        311 1.0066e+02 0.0000e+00
      0.971    24.8066     9.3247    111.206  32.726102     32.788      7.680   267.8281     1.7671     0.8499     0.0227      0.083      0.952      1.381        312 9.8738e+01 0.0000e+00
      0.995    24.7433     9.4558    112.609  32.700340     32.766      7.672   267.9038     1.7631     0.9036     0.0227      0.084      0.977      1.417        313 9.7567e+01 0.0000e+00
      1.022    24.6723     9.6741    115.034  32.397318     32.575      7.669   267.9038     1.7752     0.8634     0.0226      0.086      1.005      1.457        314 9.6612e+01 0.0000e+00
      1.057    24.6059     9.8806    117.323  31.413031     31.521      7.663   268.5853     1.7995     0.8365     0.0222      0.094      1.037      1.505        315 9.4484e+01 0.0000e+00
      1.095    24.5433    10.0719    119.389  31.197278     31.398      7.662   269.0395     1.8439     0.7828     0.0221      0.104      1.073      1.556        316 9.2440e+01 0.0000e+00
      1.131    24.4891    10.2410    121.163  31.835581     32.088      7.655   268.8124     1.8520     0.9439     0.0224      0.114      1.104      1.601        317 9.1549e+01 0.0000e+00
      1.151    24.4442    10.4214    123.135  32.190259     32.495      7.653   268.5474     1.8278     0.9036     0.0225      0.118      1.128      1.635        318 9.0729e+01 0.0000e+00
      1.169    24.3952    10.6296    125.470  32.268177     32.587      7.655   268.8881     1.9572     0.9574     0.0225      0.117      1.148      1.665        319 8.9330e+01 0.0000e+00
      1.193    24.3367    10.8867    128.319  32.568917     32.927      7.656   268.6231     1.9450     1.0245     0.0227      0.114      1.172      1.700        320 8.8104e+01 0.0000e+00
      1.224    24.2720    11.1010    130.611  33.031801     33.441      7.650   269.7588     1.9450     0.9842     0.0229      0.112      1.200      1.741        321 8.6745e+01 0.0000e+00
      1.255    24.2032    11.2800    132.463  33.085867     33.537      7.646   269.4938     1.9612     1.0648     0.0229      0.109      1.229      1.783        322 8.5121e+01 0.0000e+00
      1.282    24.1262    11.3801    133.429  33.005774     33.468      7.643   270.0995     2.1432     1.4945     0.0228      0.105      1.257      1.823        323 8.3336e+01 0.0000e+00
      1.309    24.0455    11.3937    133.490  33.131505     33.685      7.640   270.1753     2.1472     1.4139     0.0229      0.103      1.286      1.864        324 8.1492e+01 0.0000e+00
      1.341    23.9685    11.3185    132.531  33.166661     33.737      7.644   270.8945     2.1512     1.4945     0.0229      0.105      1.316      1.908        325 7.9677e+01 0.0000e+00
      1.376    23.8771    11.1694    130.622  33.199291     33.851      7.645   271.2353     2.1310     1.5482     0.0229      0.112      1.349      1.956        326 7.7738e+01 0.0000e+00
      1.410    23.7767    10.9900    128.259  33.209552     33.903      7.648   271.1974     2.1634     1.4945     0.0229      0.118      1.380      2.001        327 7.6479e+01 0.0000e+00
      1.434    23.7061    10.7983    125.790  33.153931     33.910      7.657   271.0081     2.2806     1.4542     0.0229      0.119      1.404      2.036        328 7.5608e+01 0.0000e+00
      1.450    23.6522    10.6757    124.113  33.209245     34.037      7.668   271.0838     2.2726     1.3871     0.0229      0.115      1.423      2.064        329 7.4468e+01 0.0000e+00
      1.470    23.5760    10.6291    123.324  33.140758     34.029      7.681   270.5160     2.3049     1.4945     0.0229      0.110      1.445      2.096        330 7.3401e+01 0.0000e+00
      1.502    23.4807    10.6475    123.332  33.120578     34.009      7.696   270.7810     2.2968     1.5213     0.0229      0.107      1.474      2.138        331 7.1828e+01 0.0000e+00
      1.537    23.3788    10.7100    123.900  33.293694     34.292      7.721   270.9703     2.6122     1.6288     0.0230      0.106      1.507      2.185        332 6.9953e+01 0.0000e+00
      1.570    23.2973    10.7862    124.621  33.370168     34.389      7.746   270.5160     2.6001     1.5616     0.0230      0.106      1.536      2.228        333 6.8864e+01 0.0000e+00
      1.590    23.2562    10.8560    125.214  33.381304     34.519      7.773   270.4403     2.6082     1.7496     0.0230      0.104      1.558      2.261        334 6.8029e+01 0.0000e+00
      1.608    23.2261    10.8941    125.444  33.428153     34.578      7.796   269.9481     2.6082     1.6422     0.0230      0.103      1.577      2.288        335 6.7120e+01 0.0000e+00
      1.627    23.1577    10.9119    125.510  33.430520     34.664      7.809   270.0238     3.0530     1.6690     0.0230      0.102      1.596      2.314        336 6.6162e+01 0.0000e+00
      1.646    23.0524    10.9144    125.335  33.170800     34.368      7.816   269.9481     3.0409     1.5885     0.0229      0.099      1.615      2.342        337 6.4806e+01 0.0000e+00
      1.668    22.9523    10.8997    124.950  32.921065     34.183      7.820   269.9860     3.0611     1.7093     0.0228      0.094      1.635      2.371        338 6.3470e+01 0.0000e+00
      1.687    22.8491    10.8901    124.767  32.881366     34.203      7.816   269.7588     3.0651     1.6422     0.0228      0.086      1.654      2.399        339 6.2326e+01 0.0000e+00
      1.706    22.7427    10.9146    124.892  32.864398     34.272      7.812   269.7210     3.2390     1.7228     0.0228      0.080      1.674      2.428        340 6.0851e+01 0.0000e+00
