Data/DataNotYetUploadedToEDI/Raw_CTD/2018_RawDownloads/061818_fcr45.cnv
* Sea-Bird SBE19plus  Data File:
* FileName = C:\DATA\061818_fcr_0005.hex
* Software version 2.6.3.104
* Temperature SN = 7809
* Conductivity SN = 7809
* System UpLoad Time = Jun 18 2018 19:17:44
* <ApplicationData>
* <Seaterm232>
# nquan = 17
# nvalues = 819                         
# units = specified
# name 0 = depFM: Depth [fresh water, m]
# name 1 = tv290C: Temperature [ITS-90, deg C]
# name 2 = sbeox0Mg/L: Oxygen, SBE 43 [mg/l]
# name 3 = sbeox0PS: Oxygen, SBE 43 [% saturation]
# name 4 = c0uS/cm: Conductivity [uS/cm]
# name 5 = specc: Specific Conductance [uS/cm]
# name 6 = ph: pH
# name 7 = orp: Oxidation Reduction Potential [mV]
# name 8 = flECO-AFL: Fluorescence, WET Labs ECO-AFL/FL [mg/m^3]
# name 9 = turbWETntu0: Turbidity, WET Labs ECO [NTU]
# name 10 = sal00: Salinity, Practical [PSU]
# name 11 = dz/dtM: Descent Rate [m/s]
# name 12 = prdM: Pressure, Strain Gauge [db]
# name 13 = prdE: Pressure, Strain Gauge [psi]
# name 14 = scan: Scan Count
# name 15 = par/sat/log: PAR/Logarithmic, Satlantic
# name 16 = flag:  0.000e+00
# span 0 =     -0.543,      6.636       
# span 1 =    10.6030,    28.6436       
# span 2 =     3.5439,    10.9132       
# span 3 =     33.534,    128.496       
# span 4 =   0.570986,  36.538356       
# span 5 =      0.536,     43.577       
# span 6 =      6.335,      8.271       
# span 7 =  -328.8022,   351.0762       
# span 8 =    -0.2021,     4.3672       
# span 9 =    -0.6674,    66.2574       
# span 10 =     0.0128,     0.0240      
# span 11 =     -0.220,      0.181      
# span 12 =     -0.533,      6.504      
# span 13 =     -0.773,      9.432      
# span 14 =          1,        819      
# span 15 = 5.0461e-01, 2.0996e+03      
# span 16 = 0.0000e+00, 0.0000e+00      
# interval = seconds: 0.25
# start_time = Jun 18 2018 18:26:27 [Instrument's time stamp, header]
# bad_flag = -9.990e-29
*END*
[from data line 596]
      4.043    12.0792     4.6963     43.128  32.211584     43.292      6.786   318.8218     2.9802     1.3333     0.0229      0.041      3.964      5.750        597 1.0075e+01 0.0000e+00
      4.056    12.0284     4.8240     44.246  32.146113     43.278      6.778   319.4654     3.0166     1.3199     0.0229      0.046      3.976      5.767        598 1.0015e+01 0.0000e+00
      4.064    11.9724     4.9291     45.174  32.145062     43.347      6.772   319.8818     3.0045     1.3602     0.0229      0.048      3.984      5.778        599 9.9866e+00 0.0000e+00
      4.067    11.9384     5.0459     46.219  32.094302     43.330      6.771   319.8061     2.9842     1.3736     0.0228      0.045      3.990      5.786        600 9.9902e+00 0.0000e+00
      4.074    11.9168     5.1849     47.433  32.090691     43.396      6.764   320.2983     2.9883     1.4945     0.0228      0.041      3.996      5.796        601 9.9395e+00 0.0000e+00
      4.083    11.8720     5.3438     48.850  32.090269     43.437      6.760   320.2604     3.0085     1.5616     0.0228      0.038      4.004      5.807        602 9.8525e+00 0.0000e+00
      4.090    11.8178     5.5482     50.703  32.065191     43.421      6.756   320.3361     2.9923     1.6019     0.0228      0.035      4.011      5.818        603 9.7990e+00 0.0000e+00
      4.098    11.7566     5.7629     52.649  32.092261     43.515      6.751   320.4497     3.1662     1.4945     0.0228      0.032      4.020      5.831        604 9.7428e+00 0.0000e+00
      4.109    11.6940     5.9968     54.785  32.086251     43.577      6.751   320.6768     3.1905     1.4676     0.0228      0.030      4.031      5.846        605 9.6925e+00 0.0000e+00
      4.123    11.6209     6.2252     56.859  32.043038     43.575      6.745   320.6011     3.2228     1.4945     0.0228      0.032      4.042      5.863        606 9.6596e+00 0.0000e+00
      4.133    11.5426     6.4415     58.741  31.908836     43.496      6.740   320.4497     3.2066     1.4676     0.0228      0.035      4.052      5.878        607 9.6274e+00 0.0000e+00
      4.140    11.4862     6.6194     60.250  31.689876     43.239      6.735   320.6768     3.2026     1.4945     0.0226      0.037      4.060      5.889        608 9.5770e+00 0.0000e+00
      4.148    11.4542     6.7548     61.433  31.574227     43.220      6.733   320.6011     3.5787     1.6825     0.0226      0.038      4.069      5.901        609 9.5429e+00 0.0000e+00
      4.159    11.4260     6.8520     62.246  31.459725     43.092      6.729   321.1690     3.5787     1.6959     0.0225      0.038      4.079      5.915        610 9.4693e+00 0.0000e+00
      4.170    11.3758     6.9244     62.829  31.357946     43.018      6.727   321.4340     3.5746     1.5885     0.0224      0.039      4.089      5.930        611 9.4079e+00 0.0000e+00
      4.180    11.3412     7.0099     63.571  31.374721     43.047      6.723   321.4718     3.5706     1.7496     0.0224      0.039      4.099      5.945        612 9.3792e+00 0.0000e+00
      4.190    11.3288     7.1010     64.429  31.349904     43.111      6.720   321.4340     3.7000     2.0047     0.0225      0.038      4.109      5.959        613 9.2928e+00 0.0000e+00
      4.200    11.3153     7.2041     65.414  31.329544     43.073      6.717   321.5097     3.6919     1.8973     0.0224      0.038      4.119      5.974        614 9.2547e+00 0.0000e+00
      4.211    11.3147     7.3199     66.470  31.400074     43.242      6.714   321.6233     3.6838     1.9107     0.0225      0.039      4.130      5.990        615 9.2015e+00 0.0000e+00
      4.222    11.3035     7.4290     67.387  31.321443     43.104      6.708   321.5854     3.6959     1.8839     0.0224      0.040      4.140      6.005        616 9.1464e+00 0.0000e+00
      4.231    11.2350     7.5090     68.028  31.190181     42.951      6.706   321.7368     3.2390     2.3673     0.0224      0.041      4.151      6.021        617 9.0337e+00 0.0000e+00
      4.248    11.1572     7.5561     68.406  31.029684     42.732      6.703   321.9261     3.2309     2.1927     0.0223      0.042      4.165      6.041        618 8.8376e+00 0.0000e+00
      4.263    11.1175     7.5735     68.524  30.839183     42.543      6.700   321.9640     3.2511     2.2599     0.0221      0.044      4.179      6.062        619 8.7932e+00 0.0000e+00
      4.275    11.0710     7.5709     68.469  30.834233     42.639      6.698   322.2290     3.2511     2.2867     0.0222      0.047      4.194      6.083        620 8.7243e+00 0.0000e+00
      4.295    11.0184     7.5529     68.284  30.887611     42.758      6.691   322.8726     2.9964     2.2867     0.0222      0.051      4.209      6.105        621 8.5992e+00 0.0000e+00
      4.307    10.9974     7.5583     68.303  30.832082     42.739      6.690   323.2133     2.9964     2.4076     0.0222      0.053      4.221      6.122        622 8.5744e+00 0.0000e+00
      4.310    11.0172     7.5758     68.436  30.844055     42.800      6.683   323.8568     2.9600     2.2733     0.0222      0.053      4.226      6.129        623 8.6115e+00 0.0000e+00
      4.310    11.0500     7.6103     68.739  30.961687     43.021      6.679   324.1976     2.9883     2.2196     0.0222      0.048      4.227      6.131        624 8.5946e+00 0.0000e+00
      4.310    11.0513     7.6649     69.235  30.982220     42.995      6.674   324.5761     2.7254     2.2867     0.0222      0.041      4.232      6.137        625 8.5046e+00 0.0000e+00
      4.324    11.0064     7.7286     69.817  30.966756     42.956      6.672   325.0683     2.7376     2.2464     0.0222      0.035      4.247      6.159        626 8.2989e+00 0.0000e+00
      4.358    10.9530     7.8020     70.494  30.891965     42.837      6.666   325.7118     2.7497     2.2196     0.0222      0.037      4.272      6.195        627 8.0725e+00 0.0000e+00
      4.384    10.9211     7.8704     71.121  30.778775     42.737      6.661   326.1283     2.7214     2.2464     0.0221      0.043      4.298      6.233        628 7.9448e+00 0.0000e+00
      4.406    10.8968     7.9218     71.578  30.781462     42.801      6.658   326.3554     2.7174     2.2867     0.0221      0.051      4.319      6.263        629 7.8246e+00 0.0000e+00
      4.421    10.8772     7.9608     71.920  30.829338     42.916      6.652   326.3933     2.5516     2.3136     0.0222      0.062      4.334      6.285        630 7.7749e+00 0.0000e+00
      4.428    10.8624     7.9766     72.057  30.837818     42.945      6.647   326.6204     2.5556     2.2196     0.0222      0.069      4.345      6.302        631 7.6855e+00 0.0000e+00
      4.443    10.8441     7.9791     72.058  30.830225     42.969      6.645   326.8854     2.5394     2.3136     0.0222      0.074      4.359      6.322        632 7.5383e+00 0.0000e+00
      4.464    10.8282     7.9687     71.933  30.898101     43.064      6.643   326.7718     2.5152     2.1927     0.0222      0.075      4.376      6.346        633 7.4177e+00 0.0000e+00
      4.478    10.8227     7.9499     71.728  30.931266     43.164      6.637   327.1504     2.6527     2.3136     0.0222      0.070      4.388      6.365        634 7.3558e+00 0.0000e+00
      4.482    10.8242     7.9350     71.564  30.848262     43.027      6.636   326.8854     2.6244     2.3136     0.0222      0.060      4.395      6.375        635 7.3309e+00 0.0000e+00
      4.487    10.8289     7.9135     71.347  30.882796     43.112      6.637   327.3397     2.6850     2.2196     0.0222      0.052      4.401      6.383        636 7.2825e+00 0.0000e+00
      4.494    10.8371     7.8985     71.189  30.888292     43.110      6.634   327.4154     2.6607     2.3136     0.0222      0.045      4.406      6.390        637 7.2726e+00 0.0000e+00
      4.497    10.8423     7.8896     71.089  30.841421     43.027      6.632   327.6047     2.4020     2.1524     0.0222      0.040      4.412      6.398        638 7.2124e+00 0.0000e+00
      4.505    10.8380     7.8807     70.992  30.881819     43.094      6.631   327.7561     2.4100     2.1122     0.0222      0.035      4.422      6.413        639 7.0444e+00 0.0000e+00
      4.526    10.8323     7.8813     70.981  30.897320     43.088      6.633   327.9833     2.4060     2.0987     0.0222      0.033      4.440      6.439        640 6.8669e+00 0.0000e+00
      4.550    10.8279     7.8903     71.054  30.970391     43.210      6.630   328.3240     2.3858     2.1256     0.0223      0.036      4.460      6.469        641 6.7729e+00 0.0000e+00
      4.567    10.8156     7.8839     70.992  30.968798     43.218      6.628   328.2104     2.2685     2.0719     0.0223      0.042      4.479      6.496        642 6.6329e+00 0.0000e+00
      4.585    10.7967     7.8820     70.973  30.899304     43.105      6.624   328.3240     2.2847     2.1390     0.0222      0.052      4.497      6.523        643 6.4550e+00 0.0000e+00
      4.607    10.7761     7.8797     70.956  30.878965     43.121      6.622   328.5511     2.3130     2.1659     0.0222      0.061      4.517      6.551        644 6.3072e+00 0.0000e+00
      4.624    10.7583     7.8700     70.880  30.905160     43.143      6.619   328.4754     2.2604     2.0719     0.0222      0.069      4.535      6.577        645 6.1297e+00 0.0000e+00
      4.641    10.7445     7.8607     70.826  30.926017     43.246      6.618   328.6647     2.5475     2.0853     0.0222      0.074      4.552      6.602        646 6.0011e+00 0.0000e+00
      4.661    10.7309     7.8532     70.765  30.853014     43.111      6.610   329.0433     2.5233     2.0719     0.0222      0.076      4.572      6.631        647 5.8276e+00 0.0000e+00
      4.685    10.7185     7.8405     70.628  30.877409     43.206      6.609   329.1947     2.5233     2.1524     0.0222      0.076      4.593      6.661        648 5.6509e+00 0.0000e+00
      4.704    10.7079     7.8417     70.610  30.895666     43.223      6.604   329.7626     2.5516     2.1256     0.0222      0.075      4.611      6.687        649 5.5875e+00 0.0000e+00
      4.714    10.6987     7.8261     70.448  30.830300     43.160      6.602   330.2547     2.5516     2.1122     0.0222      0.074      4.622      6.704        650 5.5221e+00 0.0000e+00
      4.722    10.6932     7.8356     70.522  30.840152     43.172      6.597   330.0276     2.7376     2.1793     0.0222      0.070      4.629      6.715        651 5.4997e+00 0.0000e+00
      4.725    10.6904     7.8293     70.461  30.883410     43.262      6.593   330.2547     2.7457     2.1122     0.0222      0.063      4.634      6.722        652 5.5043e+00 0.0000e+00
      4.731    10.6899     7.8327     70.489  30.895078     43.268      6.594   330.2547     2.7618     2.1659     0.0222      0.054      4.641      6.731        653 5.4070e+00 0.0000e+00
      4.742    10.6917     7.8280     70.440  30.884938     43.272      6.594   330.6333     2.7295     2.1659     0.0222      0.047      4.652      6.746        654 5.2872e+00 0.0000e+00
      4.758    10.6992     7.8310     70.464  30.896031     43.273      6.590   330.8604     2.5880     2.1122     0.0222      0.041      4.665      6.766        655 5.2049e+00 0.0000e+00
      4.770    10.7161     7.8378     70.525  30.881274     43.270      6.590   330.9361     2.6041     2.1659     0.0222      0.037      4.678      6.785        656 5.1506e+00 0.0000e+00
      4.783    10.7206     7.8322     70.475  30.903303     43.262      6.588   331.1633     2.6163     2.0987     0.0222      0.038      4.695      6.809        657 5.0317e+00 0.0000e+00
      4.809    10.7066     7.8347     70.496  30.927917     43.318      6.587   331.6933     2.6203     2.2062     0.0222      0.044      4.717      6.842        658 4.8561e+00 0.0000e+00
      4.838    10.6894     7.8294     70.443  30.909941     43.235      6.582   331.9583     2.6769     2.0987     0.0222      0.056      4.742      6.878        659 4.7057e+00 0.0000e+00
      4.859    10.6767     7.8180     70.336  30.955325     43.369      6.575   332.3747     2.6688     2.0584     0.0223      0.066      4.764      6.910        660 4.6133e+00 0.0000e+00
      4.878    10.6697     7.8167     70.321  30.901094     43.273      6.572   332.3369     2.6891     2.1256     0.0222      0.075      4.783      6.937        661 4.5573e+00 0.0000e+00
      4.894    10.6672     7.8137     70.292  30.888480     43.289      6.570   332.4504     2.6688     2.2464     0.0222      0.079      4.800      6.961        662 4.4327e+00 0.0000e+00
      4.909    10.6655     7.8016     70.183  30.882071     43.297      6.567   333.2076     2.8629     2.2733     0.0222      0.080      4.815      6.983        663 4.3794e+00 0.0000e+00
      4.925    10.6615     7.8008     70.175  30.849769     43.222      6.565   332.9426     2.8629     2.2733     0.0222      0.079      4.830      7.005        664 4.3544e+00 0.0000e+00
      4.941    10.6593     7.8078     70.237  30.928681     43.380      6.563   332.9047     2.8427     2.2196     0.0223      0.076      4.843      7.024        665 4.2673e+00 0.0000e+00
      4.950    10.6595     7.7918     70.091  30.902476     43.307      6.561   332.9804     2.8831     2.2330     0.0222      0.068      4.853      7.039        666 4.2178e+00 0.0000e+00
      4.957    10.6594     7.7932     70.102  30.882382     43.309      6.560   332.7912     2.8831     2.2464     0.0222      0.059      4.859      7.048        667 4.2031e+00 0.0000e+00
      4.958    10.6581     7.7909     70.081  30.894384     43.309      6.557   333.0940     2.8751     2.2464     0.0222      0.051      4.863      7.053        668 4.1948e+00 0.0000e+00
      4.962    10.6553     7.7925     70.094  30.828236     43.231      6.556   333.5862     2.8670     2.3539     0.0222      0.042      4.868      7.061        669 4.1614e+00 0.0000e+00
      4.972    10.6523     7.7945     70.112  30.846094     43.232      6.556   333.2833     2.8751     2.2733     0.0222      0.036      4.877      7.074        670 4.1188e+00 0.0000e+00
      4.985    10.6503     7.7976     70.143  30.872161     43.314      6.555   333.4347     2.8548     2.2196     0.0222      0.032      4.891      7.094        671 4.0396e+00 0.0000e+00
      5.006    10.6492     7.8049     70.228  30.855103     43.240      6.554   333.5104     2.5354     2.2464     0.0222      0.033      4.909      7.120        672 3.8972e+00 0.0000e+00
      5.027    10.6494     7.8069     70.256  30.867324     43.320      6.553   334.1162     2.5435     2.2196     0.0222      0.038      4.928      7.149        673 3.8034e+00 0.0000e+00
      5.044    10.6491     7.8075     70.262  30.856951     43.243      6.547   334.4947     2.5394     2.3136     0.0222      0.046      4.947      7.176        674 3.7765e+00 0.0000e+00
      5.064    10.6479     7.8199     70.372  30.868012     43.322      6.542   334.2297     2.5394     2.2733     0.0222      0.056      4.967      7.204        675 3.6840e+00 0.0000e+00
      5.086    10.6469     7.8179     70.355  30.912865     43.322      6.540   334.5704     2.6001     2.2733     0.0222      0.066      4.988      7.235        676 3.5843e+00 0.0000e+00
      5.110    10.6461     7.8196     70.368  30.919743     43.402      6.537   335.1004     2.6122     2.2599     0.0223      0.074      5.010      7.266        677 3.4808e+00 0.0000e+00
      5.130    10.6455     7.8149     70.325  30.859454     43.246      6.533   334.9490     2.5880     2.2330     0.0222      0.079      5.027      7.291        678 3.4204e+00 0.0000e+00
      5.137    10.6453     7.8121     70.296  30.869285     43.326      6.530   334.7976     2.6284     2.3270     0.0222      0.078      5.036      7.304        679 3.4649e+00 0.0000e+00
      5.138    10.6443     7.8086     70.268  30.907507     43.326      6.528   335.1004     2.5475     2.3270     0.0222      0.071      5.039      7.308        680 3.4603e+00 0.0000e+00
