Data/DataNotYetUploadedToEDI/Raw_CTD/2018_RawDownloads/061818_fcr20.cnv
* Sea-Bird SBE19plus  Data File:
* FileName = C:\DATA\061818_fcr_0003.hex
* Software version 2.6.3.104
* Temperature SN = 7809
* Conductivity SN = 7809
* System UpLoad Time = Jun 18 2018 19:16:58
* <ApplicationData>
* <Seaterm232>
# nquan = 17
# nvalues = 450                         
# units = specified
# name 0 = depFM: Depth [fresh water, m]
# name 1 = tv290C: Temperature [ITS-90, deg C]
# name 2 = sbeox0Mg/L: Oxygen, SBE 43 [mg/l]
# name 3 = sbeox0PS: Oxygen, SBE 43 [% saturation]
# name 4 = c0uS/cm: Conductivity [uS/cm]
# name 5 = specc: Specific Conductance [uS/cm]
# name 6 = ph: pH
# name 7 = orp: Oxidation Reduction Potential [mV]
# name 8 = flECO-AFL: Fluorescence, WET Labs ECO-AFL/FL [mg/m^3]
# name 9 = turbWETntu0: Turbidity, WET Labs ECO [NTU]
# name 10 = sal00: Salinity, Practical [PSU]
# name 11 = dz/dtM: Descent Rate [m/s]
# name 12 = prdM: Pressure, Strain Gauge [db]
# name 13 = prdE: Pressure, Strain Gauge [psi]
# name 14 = scan: Scan Count
# name 15 = par/sat/log: PAR/Logarithmic, Satlantic
# name 16 = flag:  0.000e+00
# span 0 =     -0.523,      2.995       
# span 1 =    15.5285,    29.7770       
# span 2 =     0.1528,    13.5723       
# span 3 =      1.543,    148.052       
# span 4 =   0.705360,  47.810033       
# span 5 =      0.847,     59.005       
# span 6 =      6.330,      8.078       
# span 7 =  -160.1860,   337.5990       
# span 8 =    -0.1941,     3.3522       
# span 9 =    -0.3317,     4.2069       
# span 10 =     0.0134,     0.0310      
# span 11 =     -0.172,      0.271      
# span 12 =     -0.513,      2.937      
# span 13 =     -0.743,      4.259      
# span 14 =          1,        450      
# span 15 = 1.7120e+01, 5.1128e+02      
# span 16 = 0.0000e+00, 0.0000e+00      
# interval = seconds: 0.25
# start_time = Jun 18 2018 17:39:29 [Instrument's time stamp, header]
# bad_flag = -9.990e-29
*END*
[from data line 341]
      1.750    22.5897    10.9987    125.578  33.230025     34.833      7.796   270.7431     3.2754     1.6422     0.0230      0.078      1.716      2.490        342 5.7997e+01 0.0000e+00
      1.773    22.5222    11.0714    126.248  33.009756     34.603      7.797   270.9324     3.2390     1.6959     0.0228      0.080      1.738      2.521        343 5.6676e+01 0.0000e+00
      1.794    22.4331    11.1624    126.964  32.741922     34.416      7.792   271.4624     3.3239     1.6959     0.0228      0.082      1.759      2.550        344 5.5360e+01 0.0000e+00
      1.813    22.3476    11.2356    127.539  32.466175     34.142      7.795   271.2353     3.3199     1.6959     0.0226      0.083      1.778      2.578        345 5.4350e+01 0.0000e+00
      1.832    22.2879    11.3051    127.993  32.255768     34.000      7.795   271.1974     3.3522     1.5616     0.0225      0.082      1.796      2.606        346 5.3329e+01 0.0000e+00
      1.852    22.2030    11.3825    128.458  32.084554     33.885      7.795   272.1817     3.3199     1.6825     0.0225      0.082      1.816      2.634        347 5.2201e+01 0.0000e+00
      1.871    22.1173    11.4676    128.992  31.789695     33.601      7.787   271.7274     3.3199     1.6825     0.0223      0.081      1.835      2.661        348 5.1308e+01 0.0000e+00
      1.890    22.0812    11.5866    129.957  31.792472     33.662      7.780   271.8788     3.1379     1.5616     0.0223      0.079      1.854      2.689        349 5.0374e+01 0.0000e+00
      1.912    22.0190    11.7842    131.857  31.843912     33.815      7.771   273.0903     3.1379     1.3871     0.0224      0.078      1.874      2.718        350 4.9231e+01 0.0000e+00
      1.931    21.9390    12.0979    135.098  31.577451     33.511      7.758   273.5824     3.1136     1.5348     0.0222      0.077      1.894      2.747        351 4.8217e+01 0.0000e+00
      1.951    21.9048    12.4106    138.352  31.442100     33.438      7.752   272.9388     3.1217     1.4408     0.0222      0.077      1.913      2.774        352 4.7269e+01 0.0000e+00
      1.968    21.8359    12.7005    141.364  31.448988     33.496      7.744   272.5603     2.7416     1.6825     0.0222      0.077      1.929      2.799        353 4.6526e+01 0.0000e+00
      1.982    21.7117    12.9438    143.847  31.302041     33.370      7.739   272.2953     2.7254     1.6153     0.0221      0.075      1.943      2.820        354 4.5749e+01 0.0000e+00
      1.996    21.6010    13.1228    145.622  31.091264     33.178      7.739   272.5224     2.7133     1.6556     0.0220      0.072      1.958      2.840        355 4.4875e+01 0.0000e+00
      2.012    21.4702    13.2314    146.622  30.881084     33.062      7.738   272.3331     2.7214     1.5885     0.0219      0.069      1.974      2.863        356 4.3907e+01 0.0000e+00
      2.032    21.3041    13.2610    146.755  30.436910     32.657      7.742   272.2953     2.8023     1.7228     0.0217      0.067      1.993      2.890        357 4.2776e+01 0.0000e+00
      2.053    21.1365    13.1774    145.673  29.776097     32.030      7.743   272.9010     2.8225     1.6556     0.0214      0.067      2.014      2.920        358 4.1707e+01 0.0000e+00
      2.074    20.9885    13.0763    144.395  29.479755     31.811      7.743   273.3553     2.8063     1.6825     0.0213      0.068      2.035      2.951        359 4.0542e+01 0.0000e+00
      2.097    20.8671    12.9817    143.120  29.590128     32.080      7.731   274.0746     2.7901     1.6288     0.0214      0.071      2.055      2.981        360 3.9573e+01 0.0000e+00
      2.116    20.7648    12.9243    142.326  29.549855     32.121      7.724   274.4153     2.9802     1.6422     0.0213      0.074      2.074      3.008        361 3.8909e+01 0.0000e+00
      2.132    20.6778    12.9431    142.441  29.470635     32.116      7.717   275.2481     2.9964     1.7093     0.0213      0.077      2.092      3.034        362 3.8052e+01 0.0000e+00
      2.153    20.5980    13.0427    143.163  29.481224     32.217      7.714   274.8317     3.0085     1.7093     0.0213      0.078      2.110      3.061        363 3.7195e+01 0.0000e+00
      2.171    20.5194    13.1785    144.127  29.418123     32.187      7.716   275.4374     3.0125     1.7093     0.0213      0.078      2.127      3.085        364 3.6743e+01 0.0000e+00
      2.183    20.4444    13.3191    145.133  29.400953     32.243      7.725   275.3996     2.7901     1.5885     0.0213      0.075      2.141      3.105        365 3.6326e+01 0.0000e+00
      2.196    20.3734    13.4557    146.209  29.413678     32.299      7.730   275.7781     2.8144     1.6422     0.0213      0.071      2.154      3.124        366 3.5737e+01 0.0000e+00
      2.211    20.3069    13.5457    147.052  29.343021     32.291      7.740   275.1346     2.8063     1.7228     0.0212      0.066      2.168      3.144        367 3.5169e+01 0.0000e+00
      2.224    20.2521    13.5723    147.558  29.311021     32.280      7.742   275.8917     2.8144     1.6288     0.0212      0.062      2.182      3.164        368 3.4698e+01 0.0000e+00
      2.238    20.1956    13.5717    147.910  29.305285     32.359      7.743   276.2703     2.8104     1.6556     0.0212      0.059      2.197      3.187        369 3.4074e+01 0.0000e+00
      2.258    20.1146    13.5541    148.052  29.201941     32.243      7.742   276.2703     2.5880     1.6422     0.0212      0.058      2.214      3.212        370 3.3319e+01 0.0000e+00
      2.277    20.0606    13.5404    147.760  29.172814     32.283      7.741   276.2703     2.5920     1.5616     0.0212      0.059      2.234      3.240        371 3.2697e+01 0.0000e+00
      2.298    20.0211    13.5234    147.226  29.193314     32.341      7.735   276.2703     2.6001     1.5885     0.0212      0.062      2.255      3.270        372 3.1939e+01 0.0000e+00
      2.321    19.8954    13.4963    146.760  29.117160     32.320      7.731   276.9517     2.6001     1.6422     0.0211      0.067      2.275      3.300        373 3.1246e+01 0.0000e+00
      2.341    19.7100    13.4691    146.299  28.882178     32.064      7.726   276.7624     2.4667     1.4408     0.0210      0.072      2.295      3.328        374 3.0695e+01 0.0000e+00
      2.358    19.5302    13.4212    145.672  28.774207     32.034      7.722   276.6110     2.4747     1.5213     0.0210      0.075      2.311      3.351        375 3.0248e+01 0.0000e+00
      2.370    19.3877    13.3546    144.894  28.866145     32.290      7.723   276.3838     2.4828     1.4945     0.0210      0.075      2.321      3.366        376 3.0100e+01 0.0000e+00
      2.373    19.3463    13.2567    143.762  28.886424     32.422      7.722   276.4974     2.4667     1.4408     0.0210      0.070      2.325      3.372        377 3.0031e+01 0.0000e+00
      2.371    19.4137    13.1772    142.566  28.867633     32.525      7.720   276.5353     2.3777     1.5482     0.0210      0.060      2.323      3.369        378 3.0383e+01 0.0000e+00
      2.361    19.5393    13.1065    141.342  28.889581     32.558      7.726   276.4217     2.3736     1.4139     0.0210      0.045      2.316      3.359        379 3.0699e+01 0.0000e+00
      2.353    19.6441    12.9822    139.856  28.977718     32.630      7.733   277.0653     2.4343     1.5079     0.0210      0.027      2.312      3.353        380 3.0402e+01 0.0000e+00
      2.361    19.6005    12.8478    138.191  28.995113     32.542      7.738   276.6110     2.3979     1.4945     0.0210      0.013      2.317      3.361        381 3.0134e+01 0.0000e+00
      2.373    19.4859    12.6875    136.096  28.986485     32.459      7.742   276.6488     2.4626     1.2393     0.0210      0.006      2.328      3.377        382 2.9762e+01 0.0000e+00
      2.388    19.4231    12.4859    133.622  28.988425     32.495      7.748   277.1410     2.4667     1.1722     0.0210      0.006      2.341      3.395        383 2.9227e+01 0.0000e+00
      2.400    19.3705    12.2759    131.211  28.992709     32.581      7.744   277.2924     2.4424     1.1856     0.0210      0.011      2.352      3.411        384 2.8986e+01 0.0000e+00
      2.406    19.3315    12.0506    128.776  28.981190     32.623      7.741   277.5953     2.4788     1.2931     0.0210      0.019      2.360      3.423        385 2.8819e+01 0.0000e+00
      2.414    19.3140    11.7778    125.935  29.002790     32.665      7.740   277.3681     2.4909     1.4139     0.0210      0.028      2.367      3.433        386 2.8444e+01 0.0000e+00
      2.421    19.2877    11.5055    122.987  29.114091     32.849      7.741   277.5196     2.4788     1.4005     0.0211      0.035      2.373      3.442        387 2.8329e+01 0.0000e+00
      2.425    19.1696    11.2265    119.902  29.198477     32.926      7.741   277.7846     2.4788     1.4408     0.0211      0.037      2.378      3.449        388 2.8270e+01 0.0000e+00
      2.430    19.0180    10.9735    116.985  29.253569     33.039      7.743   278.1253     2.4747     1.5348     0.0212      0.034      2.384      3.458        389 2.7841e+01 0.0000e+00
      2.438    18.9569    10.7195    114.075  29.312388     33.158      7.748   277.6331     2.4747     1.4945     0.0212      0.029      2.391      3.469        390 2.7469e+01 0.0000e+00
      2.448    18.8830    10.4983    111.563  29.273564     33.279      7.756   278.1631     2.6607     1.4005     0.0212      0.027      2.401      3.482        391 2.7192e+01 0.0000e+00
      2.457    18.7478    10.2730    108.984  29.331584     33.318      7.757   278.2767     2.6769     1.4273     0.0212      0.027      2.410      3.494        392 2.7004e+01 0.0000e+00
      2.464    18.6355    10.0469    106.294  29.566360     33.727      7.763   278.3903     2.6688     1.4273     0.0213      0.028      2.417      3.505        393 2.6834e+01 0.0000e+00
      2.472    18.5714     9.8263    103.628  29.633709     33.831      7.765   279.1096     2.6850     1.4139     0.0213      0.029      2.425      3.517        394 2.6623e+01 0.0000e+00
      2.482    18.5649     9.5844    100.811  29.781507     34.144      7.765   279.4881     2.4343     1.5348     0.0214      0.031      2.435      3.531        395 2.6404e+01 0.0000e+00
      2.494    18.5875     9.2542     97.093  29.886518     34.288      7.759   279.6396     2.3979     1.4273     0.0215      0.034      2.446      3.547        396 2.6157e+01 0.0000e+00
      2.505    18.5786     8.8574     92.746  29.829197     34.232      7.758   278.6553     2.3858     1.4676     0.0214      0.036      2.457      3.564        397 2.5887e+01 0.0000e+00
      2.519    18.5314     8.4015     87.861  29.941796     34.337      7.748   278.9960     2.4141     1.5213     0.0215      0.038      2.470      3.582        398 2.5554e+01 0.0000e+00
      2.531    18.4457     7.8740     82.220  30.072539     34.509      7.740   279.0339     2.4060     1.3602     0.0215      0.041      2.481      3.599        399 2.5325e+01 0.0000e+00
      2.540    18.3567     7.2989     76.092  30.081597     34.542      7.733   279.0717     2.3939     1.4676     0.0215      0.042      2.490      3.612        400 2.5230e+01 0.0000e+00
      2.548    18.2882     6.6883     69.669  30.138095     34.679      7.729   279.4881     2.4100     1.5482     0.0216      0.043      2.500      3.625        401 2.5030e+01 0.0000e+00
      2.558    18.2038     5.9988     62.455  30.239463     34.877      7.726   279.7531     2.4020     1.4139     0.0216      0.043      2.510      3.640        402 2.4660e+01 0.0000e+00
      2.573    18.0707     5.3595     55.744  30.370586     35.062      7.721   279.6774     2.5556     1.2662     0.0217      0.043      2.522      3.658        403 2.4358e+01 0.0000e+00
      2.585    17.9169     4.7555     49.401  30.597610     35.420      7.709   279.9424     2.5475     1.2125     0.0218      0.043      2.535      3.676        404 2.4121e+01 0.0000e+00
      2.595    17.7865     4.2552     44.154  30.787199     35.725      7.706   279.8667     2.5475     1.2259     0.0219      0.043      2.545      3.691        405 2.3828e+01 0.0000e+00
      2.606    17.6656     3.8408     39.824  31.024236     36.147      7.700   280.1696     2.5394     1.2528     0.0220      0.043      2.556      3.707        406 2.3585e+01 0.0000e+00
      2.619    17.5699     3.5295     36.569  31.310837     36.582      7.690   280.2453     2.3453     1.1991     0.0221      0.044      2.568      3.724        407 2.3399e+01 0.0000e+00
      2.629    17.5072     3.2454     33.570  31.468404     36.884      7.680   280.5860     2.3494     1.2662     0.0222      0.045      2.579      3.740        408 2.3140e+01 0.0000e+00
      2.641    17.4342     3.0381     31.386  31.628808     37.131      7.671   280.4724     2.3009     1.1856     0.0223      0.046      2.591      3.758        409 2.2799e+01 0.0000e+00
      2.656    17.3580     2.8726     29.641  31.971183     37.612      7.658   280.9646     2.3453     1.2662     0.0225      0.046      2.604      3.777        410 2.2494e+01 0.0000e+00
      2.669    17.3173     2.6915     27.738  32.258127     38.006      7.643   280.9267     2.3373     1.2393     0.0226      0.047      2.617      3.796        411 2.2227e+01 0.0000e+00
      2.681    17.2922     2.4927     25.661  32.131684     37.944      7.630   281.2296     2.3817     1.2393     0.0226      0.048      2.629      3.814        412 2.2020e+01 0.0000e+00
      2.694    17.2452     2.2531     23.169  32.069261     37.847      7.616   281.5703     2.3656     1.2125     0.0225      0.049      2.642      3.832        413 2.1751e+01 0.0000e+00
      2.707    17.1861     1.9655     20.178  32.306179     38.233      7.603   282.0246     2.3292     1.3065     0.0227      0.050      2.655      3.852        414 2.1418e+01 0.0000e+00
      2.722    17.1317     1.7114     17.527  32.429929     38.341      7.589   282.2896     2.3453     1.2393     0.0227      0.051      2.670      3.872        415 2.1187e+01 0.0000e+00
      2.737    17.0971     1.4926     15.255  32.715928     38.793      7.574   282.5167     2.4222     1.3065     0.0229      0.053      2.684      3.893        416 2.0927e+01 0.0000e+00
      2.752    17.0578     1.2884     13.151  32.661980     38.776      7.558   283.6146     2.4303     1.2931     0.0228      0.054      2.699      3.914        417 2.0728e+01 0.0000e+00
      2.766    16.9842     1.1111     11.324  32.793628     38.876      7.539   284.1067     2.3898     1.3065     0.0229      0.054      2.713      3.935        418 2.0522e+01 0.0000e+00
      2.781    16.9187     0.9225      9.391  33.767970     40.204      7.518   284.0689     2.3817     1.2125     0.0234      0.056      2.727      3.956        419 2.0279e+01 0.0000e+00
      2.795    16.8639     0.7726      7.859  34.326015     40.845      7.497   286.5674     2.5354     1.4273     0.0237      0.057      2.741      3.976        420 2.0124e+01 0.0000e+00
      2.809    16.8037     0.6373      6.476  34.619925     41.306      7.478   287.2489     2.5354     1.5616     0.0238      0.057      2.754      3.994        421 2.0018e+01 0.0000e+00
      2.820    16.7516     0.5095      5.175  34.825756     41.596      7.459   288.1953     2.5475     1.5348     0.0239      0.056      2.766      4.012        422 1.9823e+01 0.0000e+00
      2.834    16.6994     0.3980      4.040  34.900290     41.721      7.438   288.6117     2.5435     1.4408     0.0240      0.055      2.779      4.030        423 1.9588e+01 0.0000e+00
      2.847    16.6192     0.3044      3.086  35.150005     42.109      7.420   289.0282     2.4262     1.7362     0.0241      0.054      2.791      4.048        424 1.9453e+01 0.0000e+00
      2.857    16.5051     0.2103      2.128  35.760652     42.830      7.399   288.8389     2.4181     1.6690     0.0244      0.052      2.802      4.064        425 1.9304e+01 0.0000e+00
