Data/DataNotYetUploadedToEDI/Raw_CTD/2018_RawDownloads/061818_fcr50(2).cnv
* Sea-Bird SBE19plus  Data File:
* FileName = C:\DATA\061818_fcr_0006.hex
* Software version 2.6.3.104
* Temperature SN = 7809
* Conductivity SN = 7809
* System UpLoad Time = Jun 18 2018 19:18:21
* <ApplicationData>
* <Seaterm232>
# nquan = 17
# nvalues = 1184                        
# units = specified
# name 0 = depFM: Depth [fresh water, m]
# name 1 = tv290C: Temperature [ITS-90, deg C]
# name 2 = sbeox0Mg/L: Oxygen, SBE 43 [mg/l]
# name 3 = sbeox0PS: Oxygen, SBE 43 [% saturation]
# name 4 = c0uS/cm: Conductivity [uS/cm]
# name 5 = specc: Specific Conductance [uS/cm]
# name 6 = ph: pH
# name 7 = orp: Oxidation Reduction Potential [mV]
# name 8 = flECO-AFL: Fluorescence, WET Labs ECO-AFL/FL [mg/m^3]
# name 9 = turbWETntu0: Turbidity, WET Labs ECO [NTU]
# name 10 = sal00: Salinity, Practical [PSU]
# name 11 = dz/dtM: Descent Rate [m/s]
# name 12 = prdM: Pressure, Strain Gauge [db]
# name 13 = prdE: Pressure, Strain Gauge [psi]
# name 14 = scan: Scan Count
# name 15 = par/sat/log: PAR/Logarithmic, Satlantic
# name 16 = flag:  0.000e+00
# span 0 =     -0.540,      9.322       
# span 1 =    10.6278,    30.2388       
# span 2 =     4.3066,    10.9888       
# span 3 =     42.127,    128.904       
# span 4 =  -0.286714,  38.602605       
# span 5 =      0.739,     43.778       
# span 6 =      6.274,      8.248       
# span 7 = -1240.7455,   353.3476       
# span 8 =    -0.5054,     3.4937       
# span 9 =    -0.7077,    15.3924       
# span 10 =     0.0136,     0.0244      
# span 11 =     -0.135,      0.221      
# span 12 =     -0.529,      9.141      
# span 13 =     -0.768,     13.258      
# span 14 =          1,       1184      
# span 15 = -1.340e+01, 2.2054e+03      
# span 16 = 0.0000e+00, 0.0000e+00      
# interval = seconds: 0.25
# start_time = Jun 18 2018 19:23:14 [Instrument's time stamp, header]
# bad_flag = -9.990e-29
*END*
[from data line 852]
      4.500    10.7893     7.9809     71.870  31.186992     43.571      6.636   328.3240     2.4060     1.8570     0.0224      0.029      4.413      6.400        853 3.7659e+01 0.0000e+00
      4.508    10.7787     7.9925     71.969  31.153039     43.490      6.634   328.6269     2.4181     1.8839     0.0224      0.034      4.422      6.414        854 3.7379e+01 0.0000e+00
      4.521    10.7631     7.9988     72.022  31.188418     43.582      6.632   328.7404     2.4262     1.9510     0.0224      0.036      4.434      6.431        855 3.6928e+01 0.0000e+00
      4.535    10.7495     8.0098     72.115  31.202271     43.594      6.634   333.0940     2.4788     2.1390     0.0224      0.039      4.447      6.450        856 3.6324e+01 0.0000e+00
      4.548    10.7438     8.0194     72.200  31.135804     43.536      6.629   331.8069     2.4586     2.1122     0.0224      0.042      4.458      6.466        857 3.6108e+01 0.0000e+00
      4.553    10.7331     8.0090     72.115  31.093226     43.474      6.628   331.9204     2.4667     2.1390     0.0223      0.042      4.465      6.476        858 3.6127e+01 0.0000e+00
      4.559    10.7182     8.0183     72.214  31.136654     43.558      6.627   332.2233     2.4869     2.0450     0.0224      0.041      4.472      6.486        859 3.5807e+01 0.0000e+00
      4.569    10.7070     8.0148     72.191  31.141069     43.572      6.623   331.9204     2.2968     2.1390     0.0224      0.039      4.480      6.498        860 3.5366e+01 0.0000e+00
      4.578    10.7001     7.9987     72.046  31.147042     43.590      6.623   331.0119     2.2847     2.0853     0.0224      0.039      4.490      6.512        861 3.5110e+01 0.0000e+00
      4.589    10.6964     8.0019     72.078  31.188529     43.682      6.619   334.2297     2.2847     2.1256     0.0224      0.037      4.500      6.527        862 3.4799e+01 0.0000e+00
      4.599    10.6934     7.9973     72.043  31.148748     43.612      6.619   333.8512     2.3009     2.1122     0.0224      0.036      4.510      6.542        863 3.4343e+01 0.0000e+00
      4.610    10.6903     7.9972     72.041  31.137247     43.617      6.617   334.0783     2.2240     2.1390     0.0224      0.035      4.521      6.557        864 3.4031e+01 0.0000e+00
      4.621    10.6879     7.9956     72.026  31.143540     43.620      6.614   333.9647     2.2240     2.1390     0.0224      0.037      4.532      6.573        865 3.3647e+01 0.0000e+00
      4.632    10.6846     7.9959     72.027  31.140920     43.624      6.613   332.7154     2.2240     2.2196     0.0224      0.040      4.543      6.589        866 3.3239e+01 0.0000e+00
      4.645    10.6835     7.9859     71.934  31.140509     43.627      6.609   332.6776     2.2281     2.1122     0.0224      0.042      4.557      6.609        867 3.2736e+01 0.0000e+00
      4.663    10.6890     7.9725     71.816  31.144053     43.631      6.608   334.6462     2.2119     2.1122     0.0224      0.045      4.572      6.631        868 3.2191e+01 0.0000e+00
      4.679    10.6981     7.9794     71.871  31.136512     43.632      6.608   335.6304     2.2362     2.1122     0.0224      0.048      4.588      6.654        869 3.1830e+01 0.0000e+00
      4.694    10.7030     7.9688     71.770  31.149893     43.626      6.604   336.5390     2.2443     2.1122     0.0224      0.052      4.603      6.676        870 3.1216e+01 0.0000e+00
      4.710    10.7031     7.9661     71.735  31.127396     43.615      6.603   336.9176     2.2523     2.1390     0.0224      0.055      4.618      6.698        871 3.0622e+01 0.0000e+00
      4.724    10.7047     7.9732     71.789  31.105200     43.530      6.598   336.9554     2.1998     2.1122     0.0223      0.058      4.633      6.719        872 3.0286e+01 0.0000e+00
      4.739    10.7082     7.9811     71.849  31.118209     43.608      6.595   337.3340     2.0259     2.1793     0.0224      0.060      4.647      6.740        873 2.9777e+01 0.0000e+00
      4.753    10.7082     7.9840     71.865  31.111207     43.528      6.593   337.1826     2.0259     2.1390     0.0223      0.060      4.660      6.759        874 2.9385e+01 0.0000e+00
      4.762    10.7078     7.9981     71.991  31.173219     43.680      6.591   335.1762     2.0704     2.1256     0.0224      0.058      4.670      6.774        875 2.9170e+01 0.0000e+00
      4.772    10.7064     8.0069     72.075  31.159646     43.602      6.585   336.2740     2.0340     2.0853     0.0224      0.055      4.681      6.789        876 2.8794e+01 0.0000e+00
      4.784    10.7054     8.0065     72.074  31.128099     43.603      6.585   336.5769     1.7752     2.2733     0.0224      0.052      4.692      6.805        877 2.8353e+01 0.0000e+00
      4.796    10.7056     8.0153     72.155  31.153173     43.604      6.583   338.3940     1.7792     2.2196     0.0224      0.049      4.703      6.821        878 2.8025e+01 0.0000e+00
      4.806    10.7025     8.0139     72.141  31.128441     43.606      6.582   338.4319     1.7388     2.2330     0.0224      0.046      4.713      6.836        879 2.7633e+01 0.0000e+00
      4.817    10.6985     8.0036     72.045  31.099573     43.527      6.579   338.3940     1.7671     2.2599     0.0223      0.045      4.724      6.852        880 2.7140e+01 0.0000e+00
      4.829    10.6926     8.0070     72.075  31.129794     43.610      6.576   334.3433     1.8803     2.2464     0.0224      0.043      4.736      6.869        881 2.6873e+01 0.0000e+00
      4.840    10.6862     8.0069     72.074  31.150138     43.614      6.574   335.2140     1.8803     2.1659     0.0224      0.043      4.746      6.884        882 2.6617e+01 0.0000e+00
      4.849    10.6801     8.0031     72.039  31.133562     43.622      6.573   335.4033     1.9046     2.2196     0.0224      0.043      4.755      6.898        883 2.6378e+01 0.0000e+00
      4.859    10.6741     7.9980     71.991  31.150425     43.629      6.572   337.0312     1.9086     2.2062     0.0224      0.043      4.764      6.911        884 2.6098e+01 0.0000e+00
      4.868    10.6732     8.0017     72.020  31.188461     43.715      6.571   337.1447     1.9005     2.2599     0.0224      0.041      4.774      6.924        885 2.5798e+01 0.0000e+00
      4.877    10.6758     7.9996     72.002  31.145534     43.644      6.570   337.6369     1.7792     2.2599     0.0224      0.040      4.784      6.939        886 2.5442e+01 0.0000e+00
      4.892    10.6773     8.0053     72.055  31.114890     43.606      6.565   333.8133     1.7671     2.3673     0.0224      0.040      4.798      6.959        887 2.4802e+01 0.0000e+00
      4.909    10.6783     8.0092     72.103  31.137641     43.642      6.564   334.5704     1.7833     2.2062     0.0224      0.042      4.813      6.981        888 2.4377e+01 0.0000e+00
      4.924    10.6776     8.0179     72.189  31.146874     43.640      6.563   334.7219     1.7348     2.1927     0.0224      0.045      4.828      7.002        889 2.4000e+01 0.0000e+00
      4.937    10.6758     8.0206     72.211  31.133052     43.639      6.561   334.9869     1.7914     2.3136     0.0224      0.048      4.841      7.020        890 2.3735e+01 0.0000e+00
      4.947    10.6753     8.0197     72.198  31.095537     43.561      6.558   335.2140     1.7833     2.2733     0.0223      0.050      4.851      7.035        891 2.3567e+01 0.0000e+00
      4.956    10.6754     8.0270     72.256  31.134254     43.642      6.556   337.4855     1.7550     2.1927     0.0224      0.051      4.859      7.047        892 2.3382e+01 0.0000e+00
      4.962    10.6752     8.0205     72.197  31.144175     43.643      6.553   335.5169     1.7833     2.2464     0.0224      0.049      4.865      7.057        893 2.3234e+01 0.0000e+00
      4.967    10.6735     8.0218     72.211  31.142499     43.642      6.548   335.2140     1.7631     2.2464     0.0224      0.045      4.870      7.063        894 2.3070e+01 0.0000e+00
      4.970    10.6718     8.0222     72.215  31.136341     43.643      6.549   334.9869     1.7792     2.3002     0.0224      0.038      4.873      7.067        895 2.3099e+01 0.0000e+00
      4.968    10.6714     8.0276     72.261  31.092533     43.566      6.546   335.3276     1.7671     2.3136     0.0223      0.030      4.874      7.069        896 2.3106e+01 0.0000e+00
      4.972    10.6736     8.0316     72.297  31.137712     43.647      6.543   335.3654     1.7833     2.2599     0.0224      0.022      4.879      7.077        897 2.2838e+01 0.0000e+00
      4.987    10.6805     8.0265     72.267  31.139422     43.647      6.543   335.5926     1.7671     2.1793     0.0224      0.020      4.892      7.095        898 2.2349e+01 0.0000e+00
      5.007    10.6849     8.0279     72.300  31.120057     43.606      6.540   338.2426     1.7550     2.2867     0.0224      0.023      4.909      7.120        899 2.1879e+01 0.0000e+00
      5.024    10.6840     8.0275     72.290  31.132158     43.636      6.539   337.4855     1.7752     2.3136     0.0224      0.029      4.927      7.145        900 2.1392e+01 0.0000e+00
      5.043    10.6807     8.0251     72.255  31.094708     43.553      6.534   337.6747     1.7711     2.2867     0.0223      0.038      4.943      7.169        901 2.1071e+01 0.0000e+00
      5.055    10.6764     8.0297     72.291  31.077703     43.553      6.532   337.5612     1.5447     2.3807     0.0223      0.047      4.956      7.188        902 2.0895e+01 0.0000e+00
      5.065    10.6757     8.0299     72.296  31.094016     43.558      6.528   336.6904     1.5649     2.4210     0.0223      0.053      4.968      7.205        903 2.0564e+01 0.0000e+00
      5.078    10.6774     8.0238     72.249  31.133714     43.641      6.524   336.7283     1.5932     2.4479     0.0224      0.058      4.980      7.223        904 2.0232e+01 0.0000e+00
      5.091    10.6772     8.0241     72.254  31.146911     43.642      6.522   336.7662     1.5851     2.5553     0.0224      0.059      4.992      7.241        905 1.9966e+01 0.0000e+00
      5.104    10.6756     8.0243     72.259  31.136898     43.640      6.520   341.1197     1.5771     2.5150     0.0224      0.056      5.005      7.260        906 1.9653e+01 0.0000e+00
      5.118    10.6760     8.0174     72.186  31.146175     43.640      6.519   340.4762     1.5487     2.5284     0.0224      0.053      5.019      7.280        907 1.9280e+01 0.0000e+00
      5.132    10.6857     8.0164     72.164  31.135366     43.642      6.518   340.3626     1.5609     2.5016     0.0224      0.051      5.031      7.298        908 1.9031e+01 0.0000e+00
      5.143    10.6967     8.0082     72.083  31.150350     43.642      6.515   338.6212     1.6013     2.5150     0.0224      0.050      5.043      7.315        909 1.8778e+01 0.0000e+00
      5.155    10.6934     8.0077     72.074  31.186832     43.708      6.516   338.9619     1.5932     2.4881     0.0224      0.050      5.057      7.335        910 1.8386e+01 0.0000e+00
      5.173    10.6861     7.9976     71.976  31.149267     43.616      6.511   339.1512     1.4962     2.5016     0.0224      0.052      5.072      7.355        911 1.8126e+01 0.0000e+00
      5.185    10.6828     8.0064     72.050  31.137791     43.621      6.510   341.7633     1.4921     2.4881     0.0224      0.052      5.082      7.370        912 1.8093e+01 0.0000e+00
      5.187    10.6842     8.0094     72.075  31.141808     43.629      6.508   341.9526     1.4962     2.4747     0.0224      0.050      5.087      7.378        913 1.8038e+01 0.0000e+00
      5.190    10.6886     8.0038     72.023  31.084964     43.555      6.504   341.9526     1.5002     2.5150     0.0223      0.045      5.091      7.384        914 1.7869e+01 0.0000e+00
      5.197    10.6909     8.0073     72.052  31.089923     43.554      6.504   341.0062     1.4638     2.4747     0.0223      0.040      5.097      7.392        915 1.7830e+01 0.0000e+00
      5.202    10.6915     8.0189     72.153  31.135637     43.626      6.501   341.0819     1.4355     2.3941     0.0224      0.035      5.104      7.402        916 1.7679e+01 0.0000e+00
      5.213    10.6859     8.0218     72.178  31.146684     43.624      6.502   341.3090     1.4598     2.4210     0.0224      0.031      5.115      7.419        917 1.7293e+01 0.0000e+00
      5.233    10.6781     8.0170     72.138  31.135480     43.622      6.501   341.3090     1.4436     2.4479     0.0224      0.031      5.133      7.444        918 1.6883e+01 0.0000e+00
      5.255    10.6744     8.0145     72.117  31.149580     43.630      6.499   342.3690     1.5164     2.5284     0.0224      0.035      5.153      7.473        919 1.6483e+01 0.0000e+00
      5.275    10.6713     8.0169     72.138  31.129139     43.639      6.495   342.9369     1.4881     2.4210     0.0224      0.043      5.172      7.502        920 1.6088e+01 0.0000e+00
      5.294    10.6673     8.0168     72.139  31.101616     43.565      6.491   343.0883     1.4881     2.4479     0.0223      0.054      5.191      7.528        921 1.5727e+01 0.0000e+00
      5.310    10.6641     8.0275     72.235  31.124529     43.647      6.488   342.8612     1.5366     2.5284     0.0224      0.063      5.207      7.552        922 1.5506e+01 0.0000e+00
      5.323    10.6625     8.0253     72.217  31.100627     43.574      6.484   342.9369     1.6215     2.4210     0.0223      0.067      5.221      7.572        923 1.5354e+01 0.0000e+00
      5.337    10.6614     8.0238     72.204  31.131364     43.656      6.484   341.3469     1.6296     2.4479     0.0224      0.069      5.236      7.595        924 1.4989e+01 0.0000e+00
      5.360    10.6601     8.0237     72.204  31.145584     43.658      6.479   342.4069     1.6094     2.4747     0.0224      0.070      5.255      7.623        925 1.4605e+01 0.0000e+00
      5.381    10.6583     8.0269     72.233  31.142237     43.660      6.480   342.3312     1.6377     2.4881     0.0224      0.069      5.275      7.651        926 1.4387e+01 0.0000e+00
      5.397    10.6577     8.0165     72.144  31.135529     43.661      6.475   342.6340     1.7226     2.7433     0.0224      0.068      5.292      7.676        927 1.4123e+01 0.0000e+00
      5.412    10.6590     8.0156     72.138  31.094626     43.585      6.471   343.8833     1.7145     2.7164     0.0223      0.068      5.309      7.701        928 1.3804e+01 0.0000e+00
      5.432    10.6597     8.0115     72.102  31.133836     43.664      6.470   343.9212     1.6701     2.6224     0.0224      0.069      5.330      7.731        929 1.3379e+01 0.0000e+00
      5.461    10.6603     8.0132     72.119  31.146040     43.662      6.467   340.5897     1.6862     2.6896     0.0224      0.073      5.356      7.769        930 1.2932e+01 0.0000e+00
      5.492    10.6613     8.0119     72.108  31.138744     43.661      6.460   341.6497     1.7145     2.7433     0.0224      0.080      5.384      7.809        931 1.2546e+01 0.0000e+00
      5.516    10.6614     8.0102     72.090  31.142917     43.661      6.457   341.8390     1.5043     2.4210     0.0224      0.085      5.407      7.843        932 1.2304e+01 0.0000e+00
      5.533    10.6617     8.0099     72.084  31.140848     43.660      6.454   341.9526     1.4840     2.4210     0.0224      0.088      5.425      7.869        933 1.2106e+01 0.0000e+00
      5.549    10.6625     8.0086     72.068  31.141318     43.660      6.454   343.5805     1.5043     2.5016     0.0224      0.088      5.443      7.894        934 1.1835e+01 0.0000e+00
      5.568    10.6627     8.0099     72.078  31.142330     43.659      6.451   343.5805     1.5083     2.5419     0.0224      0.089      5.461      7.920        935 1.1571e+01 0.0000e+00
      5.587    10.6635     8.0043     72.026  31.139589     43.658      6.450   343.6940     1.5811     2.5016     0.0224      0.087      5.479      7.947        936 1.1292e+01 0.0000e+00
