Data/DataNotYetUploadedToEDI/Raw_CTD/2018_RawDownloads/061818_fcr50(2).cnv
* Sea-Bird SBE19plus  Data File:
* FileName = C:\DATA\061818_fcr_0006.hex
* Software version 2.6.3.104
* Temperature SN = 7809
* Conductivity SN = 7809
* System UpLoad Time = Jun 18 2018 19:18:21
* <ApplicationData>
* <Seaterm232>
# nquan = 17
# nvalues = 1184                        
# units = specified
# name 0 = depFM: Depth [fresh water, m]
# name 1 = tv290C: Temperature [ITS-90, deg C]
# name 2 = sbeox0Mg/L: Oxygen, SBE 43 [mg/l]
# name 3 = sbeox0PS: Oxygen, SBE 43 [% saturation]
# name 4 = c0uS/cm: Conductivity [uS/cm]
# name 5 = specc: Specific Conductance [uS/cm]
# name 6 = ph: pH
# name 7 = orp: Oxidation Reduction Potential [mV]
# name 8 = flECO-AFL: Fluorescence, WET Labs ECO-AFL/FL [mg/m^3]
# name 9 = turbWETntu0: Turbidity, WET Labs ECO [NTU]
# name 10 = sal00: Salinity, Practical [PSU]
# name 11 = dz/dtM: Descent Rate [m/s]
# name 12 = prdM: Pressure, Strain Gauge [db]
# name 13 = prdE: Pressure, Strain Gauge [psi]
# name 14 = scan: Scan Count
# name 15 = par/sat/log: PAR/Logarithmic, Satlantic
# name 16 = flag:  0.000e+00
# span 0 =     -0.540,      9.322       
# span 1 =    10.6278,    30.2388       
# span 2 =     4.3066,    10.9888       
# span 3 =     42.127,    128.904       
# span 4 =  -0.286714,  38.602605       
# span 5 =      0.739,     43.778       
# span 6 =      6.274,      8.248       
# span 7 = -1240.7455,   353.3476       
# span 8 =    -0.5054,     3.4937       
# span 9 =    -0.7077,    15.3924       
# span 10 =     0.0136,     0.0244      
# span 11 =     -0.135,      0.221      
# span 12 =     -0.529,      9.141      
# span 13 =     -0.768,     13.258      
# span 14 =          1,       1184      
# span 15 = -1.340e+01, 2.2054e+03      
# span 16 = 0.0000e+00, 0.0000e+00      
# interval = seconds: 0.25
# start_time = Jun 18 2018 19:23:14 [Instrument's time stamp, header]
# bad_flag = -9.990e-29
*END*
[from data line 256]
      0.091    27.2482     8.9028    112.314  34.952613     33.444      7.818   280.0181     0.9948     0.5948     0.0236     -0.005      0.091      0.131        257 1.8060e+02 0.0000e+00
      0.091    27.2413     8.9017    112.312  34.926988     33.437      7.819   279.6017     0.9826     0.5814     0.0236     -0.005      0.091      0.133        258 1.7315e+02 0.0000e+00
      0.097    27.2318     8.9084    112.393  34.898843     33.379      7.819   280.1317     1.0109     0.5948     0.0236     -0.003      0.096      0.139        259 1.6903e+02 0.0000e+00
      0.105    27.2538     8.9093    112.394  35.046953     33.543      7.819   280.0181     0.9988     0.6485     0.0236      0.000      0.102      0.147        260 1.6272e+02 0.0000e+00
      0.108    27.2757     8.9220    112.551  35.098549     33.605      7.815   279.6774     0.9745     0.6888     0.0237      0.004      0.104      0.152        261 1.5966e+02 0.0000e+00
      0.107    27.2711     8.9272    112.636  34.953258     33.429      7.805   279.3746     1.0029     0.5814     0.0236      0.007      0.104      0.151        262 1.7060e+02 0.0000e+00
      0.102    27.2677     8.9333    112.737  34.990505     33.468      7.797   279.6017     1.0109     0.6888     0.0236      0.007      0.101      0.146        263 1.7057e+02 0.0000e+00
      0.099    27.2733     8.9409    112.840  34.992874     33.472      7.797   280.0939     0.8290     0.6351     0.0236      0.006      0.098      0.142        264 1.6827e+02 0.0000e+00
      0.098    27.2683     8.9335    112.714  34.950307     33.420      7.795   280.4724     0.8007     0.5948     0.0236      0.004      0.097      0.141        265 1.7334e+02 0.0000e+00
      0.100    27.2672     8.9206    112.526  34.984166     33.470      7.796   279.1853     0.8128     0.5814     0.0236      0.002      0.099      0.143        266 1.6774e+02 0.0000e+00
      0.104    27.2841     8.8952    112.210  34.950736     33.420      7.798   279.5639     0.8128     0.6351     0.0236     -0.001      0.101      0.146        267 1.6388e+02 0.0000e+00
      0.105    27.2917     8.8773    111.990  34.932597     33.421      7.801   279.8289     0.7885     0.6351     0.0236     -0.002      0.102      0.148        268 1.6602e+02 0.0000e+00
      0.105    27.2892     8.8660    111.855  34.947426     33.409      7.800   279.8289     0.8856     0.3800     0.0236     -0.001      0.102      0.148        269 1.6645e+02 0.0000e+00
      0.103    27.2842     8.8687    111.892  34.932278     33.405      7.802   280.3967     0.8694     0.4337     0.0236      0.001      0.101      0.146        270 1.6919e+02 0.0000e+00
      0.101    27.2828     8.8796    112.019  34.951446     33.406      7.804   280.5481     0.8735     0.3934     0.0236      0.001      0.099      0.143        271 1.7432e+02 0.0000e+00
      0.098    27.2926     8.8977    112.239  34.982886     33.463      7.804   280.0939     0.8815     0.3397     0.0236      0.001      0.097      0.140        272 1.7617e+02 0.0000e+00
      0.097    27.3047     8.9133    112.445  34.952465     33.411      7.805   280.5481     0.8896     0.4068     0.0236     -0.001      0.095      0.138        273 1.7659e+02 0.0000e+00
      0.095    27.3068     8.9150    112.492  34.989303     33.458      7.806   279.8289     0.9058     0.5008     0.0236     -0.004      0.094      0.137        274 1.7781e+02 0.0000e+00
      0.096    27.2915     8.9054    112.404  35.055665     33.504      7.808   280.2831     0.8735     0.3800     0.0236     -0.005      0.095      0.138        275 1.7273e+02 0.0000e+00
      0.100    27.2792     8.8889    112.205  34.988499     33.448      7.809   280.3210     0.8654     0.3397     0.0236     -0.004      0.098      0.142        276 1.6886e+02 0.0000e+00
      0.104    27.2809     8.8827    112.132  34.954263     33.405      7.812   273.0903     0.9058     0.4202     0.0236     -0.002      0.101      0.147        277 1.6426e+02 0.0000e+00
      0.105    27.2844     8.8776    112.076  34.979652     33.467      7.810   276.1567     0.8815     0.4471     0.0236      0.002      0.102      0.148        278 1.6936e+02 0.0000e+00
      0.103    27.2881     8.8697    111.987  34.956909     33.412      7.815   269.3424     0.8775     0.5545     0.0236      0.003      0.101      0.147        279 1.7472e+02 0.0000e+00
      0.102    27.2895     8.8616    111.902  34.982567     33.463      7.812   270.1753     0.8573     0.3934     0.0236      0.004      0.101      0.146        280 1.6636e+02 0.0000e+00
      0.104    27.2842     8.8646    111.947  34.947720     33.407      7.811   273.9988     0.7926     0.4337     0.0236      0.005      0.102      0.148        281 1.6516e+02 0.0000e+00
      0.105    27.2803     8.8715    112.028  34.940960     33.406      7.815   272.4467     0.8047     0.4337     0.0236      0.005      0.103      0.149        282 1.6425e+02 0.0000e+00
      0.105    27.2848     8.8756    112.067  34.990980     33.463      7.812   267.9417     0.8047     0.4068     0.0236      0.003      0.103      0.149        283 1.6618e+02 0.0000e+00
      0.105    27.2979     8.8797    112.125  35.004099     33.466      7.812   274.1503     0.8330     0.5142     0.0236      0.002      0.103      0.149        284 1.6792e+02 0.0000e+00
      0.104    27.3131     8.8806    112.171  34.983946     33.463      7.815   272.7874     0.8654     0.7022     0.0236      0.000      0.103      0.149        285 1.6795e+02 0.0000e+00
      0.106    27.3187     8.8857    112.256  34.956744     33.401      7.815   273.5067     0.8532     0.7022     0.0236      0.001      0.104      0.150        286 1.6770e+02 0.0000e+00
      0.106    27.3210     8.8914    112.334  34.978633     33.444      7.815   270.8567     0.8977     0.6619     0.0236      0.001      0.104      0.150        287 1.6404e+02 0.0000e+00
      0.106    27.3255     8.8986    112.429  35.016013     33.441      7.815   271.0081     0.8815     0.6485     0.0236      0.001      0.103      0.149        288 1.6486e+02 0.0000e+00
      0.103    27.3310     8.8966    112.401  35.028848     33.493      7.815   277.4817     0.8735     0.6082     0.0236     -0.000      0.102      0.148        289 1.6828e+02 0.0000e+00
      0.102    27.3389     8.8848    112.252  34.962659     33.383      7.814   276.2703     0.8492     0.6351     0.0236     -0.001      0.100      0.146        290 1.6824e+02 0.0000e+00
      0.102    27.3428     8.8681    112.032  34.979758     33.433      7.814   276.9138     0.8573     0.6888     0.0236     -0.001      0.100      0.145        291 1.6231e+02 0.0000e+00
      0.101    27.3395     8.8608    111.940  35.007567     33.428      7.816   277.0274     0.8937     0.6485     0.0236     -0.002      0.100      0.145        292 1.6677e+02 0.0000e+00
      0.102    27.3335     8.8572    111.925  34.987360     33.426      7.815   274.2260     0.8896     0.5814     0.0236     -0.002      0.100      0.145        293 1.7048e+02 0.0000e+00
      0.103    27.3370     8.8646    112.064  35.004903     33.428      7.816   274.2260     0.8654     0.3665     0.0236     -0.002      0.101      0.146        294 1.6407e+02 0.0000e+00
      0.103    27.3531     8.8646    112.077  35.045050     33.485      7.816   278.0874     0.8613     0.3934     0.0236     -0.002      0.102      0.147        295 1.6366e+02 0.0000e+00
      0.105    27.3641     8.8665    112.095  35.056026     33.483      7.814   278.6174     0.8573     0.4874     0.0236     -0.000      0.102      0.147        296 1.6475e+02 0.0000e+00
      0.104    27.3673     8.8694    112.123  34.991241     33.419      7.815   278.9203     0.8815     0.4068     0.0236      0.001      0.102      0.147        297 1.6810e+02 0.0000e+00
      0.103    27.3688     8.8817    112.225  35.007040     33.412      7.813   278.1253     0.8735     0.3531     0.0236      0.001      0.101      0.145        298 1.6763e+02 0.0000e+00
      0.100    27.3682     8.8904    112.278  35.036359     33.464      7.814   277.9739     0.8573     0.3262     0.0236      0.000      0.099      0.143        299 1.6710e+02 0.0000e+00
      0.100    27.3675     8.8880    112.252  35.014064     33.409      7.814   278.1253     0.8815     0.3800     0.0236     -0.001      0.098      0.143        300 1.6889e+02 0.0000e+00
      0.101    27.3633     8.8839    112.239  35.094098     33.516      7.817   276.2324     0.8896     0.4605     0.0237     -0.001      0.099      0.144        301 1.6658e+02 0.0000e+00
      0.103    27.3635     8.8739    112.148  35.055386     33.463      7.814   278.1253     0.9260     0.4337     0.0236     -0.001      0.101      0.146        302 1.6594e+02 0.0000e+00
      0.103    27.3794     8.8702    112.130  35.002929     33.413      7.812   278.5039     0.9179     0.3800     0.0236     -0.001      0.101      0.146        303 1.6866e+02 0.0000e+00
      0.102    27.4010     8.8783    112.245  35.100068     33.519      7.813   280.0939     0.9665     0.3665     0.0237     -0.001      0.100      0.145        304 1.7018e+02 0.0000e+00
      0.101    27.4077     8.8835    112.305  35.112437     33.509      7.810   280.1696     0.9220     0.4337     0.0237     -0.000      0.099      0.144        305 1.6951e+02 0.0000e+00
      0.101    27.4056     8.8880    112.383  35.106156     33.495      7.811   281.0024     1.0029     0.3800     0.0237      0.000      0.098      0.143        306 1.7057e+02 0.0000e+00
      0.099    27.4004     8.9006    112.558  35.107876     33.491      7.810   263.8910     1.0312     0.3665     0.0237     -0.000      0.098      0.142        307 1.7168e+02 0.0000e+00
      0.101    27.3739     8.9038    112.617  35.050978     33.439      7.810   277.3303     0.9826     0.3800     0.0236     -0.000      0.100      0.144        308 1.6750e+02 0.0000e+00
      0.105    27.3463     8.9080    112.672  34.999025     33.388      7.811   278.0496     0.9988     0.3934     0.0236     -0.000      0.102      0.148        309 1.6260e+02 0.0000e+00
      0.106    27.3479     8.9111    112.670  34.994596     33.406      7.809   279.5639     0.9867     0.4337     0.0236      0.001      0.104      0.150        310 1.6539e+02 0.0000e+00
      0.106    27.3670     8.9086    112.615  34.997187     33.424      7.811   279.7910     0.9341     0.6082     0.0236      0.002      0.104      0.150        311 1.6801e+02 0.0000e+00
      0.105    27.3845     8.9065    112.579  35.055124     33.476      7.810   273.6203     0.9462     0.6619     0.0236      0.003      0.103      0.150        312 1.6846e+02 0.0000e+00
      0.105    27.3993     8.8989    112.488  35.100435     33.517      7.813   274.6046     0.9301     0.5411     0.0237      0.003      0.103      0.150        313 1.6663e+02 0.0000e+00
      0.106    27.4045     8.8943    112.428  35.059417     33.452      7.812   274.4153     0.9341     0.5814     0.0236      0.003      0.104      0.151        314 1.6421e+02 0.0000e+00
      0.106    27.4032     8.8887    112.350  35.046849     33.443      7.813   280.9267     0.9422     0.4337     0.0236      0.003      0.104      0.151        315 1.6596e+02 0.0000e+00
      0.106    27.4121     8.8858    112.314  35.056757     33.439      7.814   278.0496     0.9584     0.4605     0.0236      0.002      0.103      0.150        316 1.6633e+02 0.0000e+00
      0.104    27.4209     8.8772    112.230  35.047084     33.441      7.810   277.9739     0.9058     0.3397     0.0236     -0.000      0.102      0.148        317 1.6742e+02 0.0000e+00
      0.102    27.4300     8.8660    112.108  35.058884     33.434      7.809   273.9610     0.9341     0.4068     0.0236     -0.001      0.100      0.146        318 1.7013e+02 0.0000e+00
      0.102    27.4302     8.8541    111.972  35.101381     33.483      7.812   273.8853     0.9341     0.4605     0.0237     -0.002      0.100      0.146        319 1.6565e+02 0.0000e+00
      0.103    27.4115     8.8535    111.961  35.053505     33.423      7.811   273.8853     0.9826     0.4337     0.0236     -0.002      0.101      0.147        320 1.6609e+02 0.0000e+00
      0.104    27.3984     8.8648    112.096  35.059148     33.423      7.810   273.8474     0.9260     0.4068     0.0236     -0.002      0.102      0.148        321 1.6977e+02 0.0000e+00
      0.105    27.3950     8.8718    112.179  35.094361     33.489      7.807   275.3617     0.9260     0.4068     0.0237     -0.001      0.103      0.150        322 1.6430e+02 0.0000e+00
      0.106    27.3958     8.8776    112.235  35.069003     33.443      7.806   275.3617     0.9422     0.4605     0.0236     -0.000      0.104      0.151        323 1.6430e+02 0.0000e+00
      0.106    27.3961     8.8763    112.191  35.090711     33.499      7.808   276.7624     0.9503     0.5142     0.0237      0.001      0.104      0.151        324 1.6694e+02 0.0000e+00
      0.107    27.3919     8.8776    112.182  35.067348     33.445      7.809   275.8538     0.9543     0.4740     0.0236      0.002      0.104      0.151        325 1.6336e+02 0.0000e+00
      0.106    27.3934     8.8909    112.347  35.038766     33.445      7.807   275.7781     0.9260     0.4874     0.0236      0.003      0.104      0.151        326 1.6597e+02 0.0000e+00
      0.105    27.4042     8.8995    112.462  35.066969     33.448      7.803   274.6046     0.9018     0.4337     0.0236      0.002      0.103      0.150        327 1.6810e+02 0.0000e+00
      0.104    27.4150     8.9100    112.603  35.091565     33.500      7.799   274.9831     0.9220     0.5142     0.0237      0.001      0.102      0.149        328 1.6521e+02 0.0000e+00
      0.104    27.4213     8.9116    112.626  35.067468     33.440      7.796   274.7938     0.9462     0.3665     0.0236     -0.000      0.102      0.149        329 1.6551e+02 0.0000e+00
      0.105    27.4199     8.9064    112.556  35.126608     33.513      7.795   280.1317     0.9341     0.4202     0.0237     -0.001      0.103      0.150        330 1.6606e+02 0.0000e+00
      0.106    27.4163     8.9066    112.576  35.106931     33.482      7.791   279.1096     0.9179     0.4202     0.0237     -0.001      0.104      0.151        331 1.6662e+02 0.0000e+00
      0.107    27.4129     8.9138    112.696  35.062297     33.430      7.789   279.1474     0.9503     0.4471     0.0236     -0.000      0.105      0.152        332 1.6318e+02 0.0000e+00
      0.108    27.4044     8.9117    112.687  35.093186     33.485      7.791   276.7624     0.9422     0.4471     0.0237      0.001      0.106      0.155        333 1.5854e+02 0.0000e+00
      0.111    27.3909     8.9050    112.611  35.068491     33.434      7.791   276.7624     0.9341     0.3531     0.0236      0.002      0.108      0.157        334 1.6043e+02 0.0000e+00
      0.112    27.3790     8.8931    112.476  35.093030     33.493      7.789   282.9332     0.9422     0.4874     0.0237      0.004      0.109      0.159        335 1.5621e+02 0.0000e+00
      0.112    27.3768     8.8778    112.294  35.062653     33.448      7.789   281.6081     0.9745     0.4471     0.0236      0.004      0.109      0.159        336 1.5654e+02 0.0000e+00
      0.112    27.3801     8.8802    112.324  35.046988     33.456      7.785   281.3810     1.0109     0.4740     0.0236      0.004      0.109      0.159        337 1.6272e+02 0.0000e+00
      0.112    27.3843     8.8898    112.438  35.112529     33.511      7.784   281.2296     1.0271     0.4740     0.0237      0.004      0.110      0.160        338 1.5758e+02 0.0000e+00
      0.113    27.3853     8.8953    112.506  35.099717     33.509      7.783   278.9960     0.9948     0.5142     0.0237      0.003      0.111      0.161        339 1.5791e+02 0.0000e+00
      0.114    27.3841     8.8979    112.544  35.062932     33.452      7.780   279.1853     0.9099     0.3531     0.0236      0.003      0.111      0.161        340 1.5850e+02 0.0000e+00
