Data/DataNotYetUploadedToEDI/Raw_CTD/2018_RawDownloads/061818_fcr20.cnv
* Sea-Bird SBE19plus  Data File:
* FileName = C:\DATA\061818_fcr_0003.hex
* Software version 2.6.3.104
* Temperature SN = 7809
* Conductivity SN = 7809
* System UpLoad Time = Jun 18 2018 19:16:58
* <ApplicationData>
* <Seaterm232>
# nquan = 17
# nvalues = 450                         
# units = specified
# name 0 = depFM: Depth [fresh water, m]
# name 1 = tv290C: Temperature [ITS-90, deg C]
# name 2 = sbeox0Mg/L: Oxygen, SBE 43 [mg/l]
# name 3 = sbeox0PS: Oxygen, SBE 43 [% saturation]
# name 4 = c0uS/cm: Conductivity [uS/cm]
# name 5 = specc: Specific Conductance [uS/cm]
# name 6 = ph: pH
# name 7 = orp: Oxidation Reduction Potential [mV]
# name 8 = flECO-AFL: Fluorescence, WET Labs ECO-AFL/FL [mg/m^3]
# name 9 = turbWETntu0: Turbidity, WET Labs ECO [NTU]
# name 10 = sal00: Salinity, Practical [PSU]
# name 11 = dz/dtM: Descent Rate [m/s]
# name 12 = prdM: Pressure, Strain Gauge [db]
# name 13 = prdE: Pressure, Strain Gauge [psi]
# name 14 = scan: Scan Count
# name 15 = par/sat/log: PAR/Logarithmic, Satlantic
# name 16 = flag:  0.000e+00
# span 0 =     -0.523,      2.995       
# span 1 =    15.5285,    29.7770       
# span 2 =     0.1528,    13.5723       
# span 3 =      1.543,    148.052       
# span 4 =   0.705360,  47.810033       
# span 5 =      0.847,     59.005       
# span 6 =      6.330,      8.078       
# span 7 =  -160.1860,   337.5990       
# span 8 =    -0.1941,     3.3522       
# span 9 =    -0.3317,     4.2069       
# span 10 =     0.0134,     0.0310      
# span 11 =     -0.172,      0.271      
# span 12 =     -0.513,      2.937      
# span 13 =     -0.743,      4.259      
# span 14 =          1,        450      
# span 15 = 1.7120e+01, 5.1128e+02      
# span 16 = 0.0000e+00, 0.0000e+00      
# interval = seconds: 0.25
# start_time = Jun 18 2018 17:39:29 [Instrument's time stamp, header]
# bad_flag = -9.990e-29
*END*
[from data line 86]
     -0.083    26.9069     6.8180     85.583  35.640786     34.279      7.543   229.5166     1.2374     0.6619     0.0239     -0.088     -0.078     -0.112         87 3.5996e+02 0.0000e+00
     -0.084    26.8722     6.8245     85.669  35.745557     34.409      7.556   229.9709     1.0635     0.9171     0.0239     -0.092     -0.080     -0.116         88 3.5661e+02 0.0000e+00
     -0.079    26.8894     6.8130     85.537  35.724804     34.406      7.571   230.7659     1.0473     0.8097     0.0239     -0.085     -0.077     -0.112         89 3.5516e+02 0.0000e+00
     -0.074    26.9583     6.7784     85.117  35.725946     34.430      7.575   231.2580     1.0473     0.8231     0.0239     -0.066     -0.073     -0.106         90 3.5567e+02 0.0000e+00
     -0.071    27.0080     6.7114     84.287  35.773805     34.473      7.574   231.6366     1.0635     0.8902     0.0239     -0.040     -0.071     -0.102         91 3.5630e+02 0.0000e+00
     -0.070    27.0224     6.6334     83.327  35.783866     34.425      7.576   231.5230     1.0635     0.7962     0.0239     -0.016     -0.069     -0.099         92 3.5462e+02 0.0000e+00
     -0.067    27.0183     6.5545     82.344  35.832030     34.447      7.579   231.8637     1.0473     0.8231     0.0239     -0.001     -0.066     -0.096         93 3.5594e+02 0.0000e+00
     -0.065    27.0138     6.4898     81.511  35.862132     34.464      7.583   232.1666     1.0716     0.7828     0.0240      0.007     -0.063     -0.091         94 3.5612e+02 0.0000e+00
     -0.061    27.0148     6.4787     81.332  35.835369     34.440      7.588   232.4316     1.0514     0.7559     0.0239      0.011     -0.059     -0.084         95 3.5736e+02 0.0000e+00
     -0.054    27.0105     6.5099     81.669  35.835678     34.443      7.594   232.6587     1.0352     0.7828     0.0239      0.013     -0.051     -0.072         96 3.5277e+02 0.0000e+00
     -0.039    27.0057     6.5513     82.086  35.832092     34.442      7.598   233.1509     1.1484     1.0916     0.0239      0.016     -0.036     -0.051         97 3.4697e+02 0.0000e+00
     -0.017    27.0083     6.5812     82.363  35.839834     34.445      7.596   233.4159     1.1242     1.1453     0.0239      0.024     -0.015     -0.021         98 3.3622e+02 0.0000e+00
      0.010    27.0163     6.6342     82.886  35.885360     34.502      7.593   233.7944     1.1242     1.0379     0.0240      0.036      0.010      0.015         99 3.2999e+02 0.0000e+00
      0.038    27.0248     6.6903     83.445  35.923728     34.527      7.592   234.5137     1.1282     1.0514     0.0240      0.051      0.036      0.051        100 3.2830e+02 0.0000e+00
      0.060    27.0337     6.6956     83.576  35.940377     34.549      7.588   234.5137     1.1686     0.8231     0.0240      0.065      0.056      0.082        101 2.9850e+02 0.0000e+00
      0.074    27.0455     6.6703     83.332  35.953612     34.543      7.582   234.5894     1.1848     0.8634     0.0240      0.075      0.071      0.103        102 2.7495e+02 0.0000e+00
      0.083    27.0509     6.6394     82.932  35.936912     34.538      7.580   235.0059     1.1727     0.7291     0.0240      0.079      0.081      0.117        103 2.7171e+02 0.0000e+00
      0.089    27.0372     6.6424     82.923  35.901840     34.476      7.575   235.7252     1.1646     0.7559     0.0240      0.076      0.086      0.125        104 2.7649e+02 0.0000e+00
      0.092    27.0116     6.6831     83.398  35.848963     34.445      7.571   236.1416     1.2980     0.5277     0.0240      0.067      0.091      0.132        105 2.7448e+02 0.0000e+00
      0.100    26.9719     6.7287     83.988  35.646820     34.239      7.578   235.0059     1.2940     0.6082     0.0239      0.055      0.100      0.145        106 2.4872e+02 0.0000e+00
      0.115    26.9046     6.7668     84.505  35.530596     34.149      7.582   234.9302     1.2900     0.6217     0.0238      0.045      0.111      0.162        107 2.3806e+02 0.0000e+00
      0.124    26.8377     6.7822     84.721  35.578406     34.228      7.584   234.6273     1.3102     0.5814     0.0239      0.037      0.126      0.182        108 2.1983e+02 0.0000e+00
      0.145    26.7406     6.7681     84.560  35.528027     34.220      7.592   235.0059     1.3142     0.5545     0.0238      0.037      0.146      0.211        109 1.9092e+02 0.0000e+00
      0.178    26.6557     6.7440     84.275  35.534006     34.264      7.593   240.5330     1.3142     0.6888     0.0238      0.045      0.168      0.243        110 1.9794e+02 0.0000e+00
      0.188    26.6894     6.7021     83.767  35.689633     34.488      7.600   275.5131     1.3142     0.6485     0.0239      0.053      0.181      0.262        111 1.9882e+02 0.0000e+00
      0.189    26.7396     6.6354     82.942  35.719945     34.578      7.611   275.3617     1.2980     0.6619     0.0239      0.057      0.184      0.267        112 1.9628e+02 0.0000e+00
      0.188    26.7308     6.5615     82.032  35.644601     34.468      7.623   276.3081     1.2900     0.5814     0.0239      0.056      0.184      0.266        113 2.0126e+02 0.0000e+00
      0.186    26.7002     6.4813     81.058  35.635104     34.437      7.632   276.7246     1.2778     0.6351     0.0239      0.048      0.183      0.265        114 1.9858e+02 0.0000e+00
      0.184    26.6783     6.4048     80.127  35.583459     34.388      7.631   268.0174     1.3102     0.7291     0.0239      0.037      0.181      0.263        115 1.9766e+02 0.0000e+00
      0.184    26.6917     6.3323     79.235  35.590242     34.409      7.632   273.8096     1.2859     0.6082     0.0239      0.024      0.181      0.263        116 1.9381e+02 0.0000e+00
      0.186    26.7187     6.2640     78.403  35.685989     34.532      7.637   276.5353     1.3102     0.5814     0.0239      0.011      0.183      0.265        117 1.9090e+02 0.0000e+00
      0.189    26.7344     6.1983     77.609  35.731229     34.550      7.638   276.8381     1.3061     0.5814     0.0239      0.002      0.185      0.268        118 1.8741e+02 0.0000e+00
      0.190    26.7442     6.1286     76.767  35.771200     34.585      7.639   254.9566     1.3223     0.6888     0.0239      0.000      0.186      0.270        119 1.8461e+02 0.0000e+00
      0.192    26.7552     6.0680     76.034  35.784525     34.575      7.639   276.9517     1.3142     0.6217     0.0239      0.002      0.188      0.272        120 1.8279e+02 0.0000e+00
      0.193    26.7648     6.0031     75.238  35.773953     34.569      7.641   276.8381     1.3304     0.5814     0.0239      0.003      0.189      0.274        121 1.8317e+02 0.0000e+00
      0.193    26.7713     5.9517     74.606  35.784352     34.561      7.646   276.9896     1.3061     0.6082     0.0239      0.005      0.189      0.275        122 1.8309e+02 0.0000e+00
      0.194    26.7810     5.9042     74.019  35.860553     34.636      7.646   277.3303     1.3183     0.5277     0.0240      0.005      0.189      0.275        123 1.7930e+02 0.0000e+00
      0.192    26.8001     5.8601     73.470  35.827407     34.604      7.646   277.6331     1.3021     0.6082     0.0240      0.004      0.188      0.273        124 1.7395e+02 0.0000e+00
      0.190    26.8177     5.8204     72.980  35.795941     34.544      7.647   277.5196     1.3385     0.6217     0.0239      0.002      0.187      0.272        125 1.7486e+02 0.0000e+00
      0.190    26.8289     5.7804     72.487  35.810734     34.585      7.649   277.2546     1.2333     0.5814     0.0240      0.001      0.188      0.272        126 1.7598e+02 0.0000e+00
      0.194    26.8440     5.7475     72.080  35.808987     34.519      7.644   273.9231     1.2374     0.5545     0.0239      0.000      0.189      0.275        127 1.7214e+02 0.0000e+00
      0.195    26.8650     5.7092     71.607  35.887079     34.647      7.648   277.3303     1.2495     0.5411     0.0240      0.000      0.191      0.277        128 1.7423e+02 0.0000e+00
      0.195    26.8872     5.6824     71.278  35.861833     34.556      7.650   278.1253     1.2536     0.6485     0.0240      0.001      0.191      0.277        129 1.7487e+02 0.0000e+00
      0.194    26.9060     5.6550     70.946  35.870056     34.596      7.648   277.8603     1.2374     0.7022     0.0240      0.001      0.190      0.276        130 1.7451e+02 0.0000e+00
      0.193    26.9197     5.6408     70.779  35.906494     34.581      7.648   272.1438     1.2455     0.6082     0.0240      0.001      0.189      0.274        131 1.7577e+02 0.0000e+00
      0.193    26.9286     5.6279     70.627  35.875791     34.568      7.644   277.5196     1.2455     0.5142     0.0240      0.001      0.189      0.274        132 1.7486e+02 0.0000e+00
      0.193    26.9339     5.6156     70.479  35.908255     34.559      7.648   277.7846     1.2616     0.5814     0.0240      0.001      0.189      0.275        133 1.7491e+02 0.0000e+00
      0.194    26.9379     5.5994     70.279  35.925403     34.607      7.648   277.6710     1.2172     0.6082     0.0240      0.000      0.189      0.275        134 1.7640e+02 0.0000e+00
      0.193    26.9433     5.5932     70.207  35.913763     34.550      7.647   278.0496     1.4032     0.6754     0.0240     -0.001      0.189      0.274        135 1.7632e+02 0.0000e+00
      0.192    26.9496     5.5898     70.172  35.922737     34.601      7.649   278.0496     1.3385     0.5008     0.0240     -0.001      0.188      0.273        136 1.7631e+02 0.0000e+00
      0.192    26.9545     5.5842     70.110  35.914233     34.544      7.647   278.0874     1.3506     0.5814     0.0240     -0.001      0.188      0.272        137 1.7703e+02 0.0000e+00
      0.191    26.9596     5.5837     70.111  35.924345     34.593      7.648   278.4660     1.3910     0.6351     0.0240     -0.001      0.188      0.272        138 1.7546e+02 0.0000e+00
      0.192    26.9664     5.5809     70.084  35.910150     34.536      7.644   278.2389     1.3304     0.6082     0.0240     -0.001      0.188      0.273        139 1.7533e+02 0.0000e+00
      0.192    26.9747     5.5848     70.141  35.931897     34.587      7.648   278.5796     1.3223     0.7022     0.0240     -0.001      0.188      0.273        140 1.7721e+02 0.0000e+00
      0.192    26.9837     5.5924     70.244  35.956596     34.582      7.647   277.7467     1.3223     0.5277     0.0240     -0.001      0.188      0.272        141 1.7765e+02 0.0000e+00
      0.190    26.9915     5.6072     70.441  35.938725     34.576      7.646   276.0431     1.3304     0.6082     0.0240     -0.001      0.187      0.271        142 1.7791e+02 0.0000e+00
      0.188    26.9959     5.6165     70.566  35.954132     34.571      7.637   258.0988     1.3142     0.6754     0.0240     -0.002      0.185      0.269        143 1.7783e+02 0.0000e+00
      0.187    26.9989     5.6228     70.647  35.996732     34.619      7.635   278.6553     1.3223     0.6351     0.0240     -0.002      0.184      0.267        144 1.7808e+02 0.0000e+00
      0.187    27.0033     5.6155     70.554  36.004338     34.616      7.637   278.9203     1.3142     0.6082     0.0240     -0.003      0.183      0.266        145 1.7734e+02 0.0000e+00
      0.186    27.0097     5.6060     70.439  35.944664     34.560      7.638   279.0339     1.2940     0.6082     0.0240     -0.003      0.182      0.264        146 1.7620e+02 0.0000e+00
      0.185    27.0165     5.6016     70.392  35.952361     34.558      7.636   257.2659     1.3830     0.5814     0.0240     -0.004      0.181      0.263        147 1.7746e+02 0.0000e+00
      0.185    27.0225     5.5926     70.288  35.994757     34.607      7.640   278.2010     1.3910     0.7022     0.0240     -0.004      0.181      0.263        148 1.7824e+02 0.0000e+00
      0.184    27.0287     5.5888     70.251  35.951216     34.549      7.644   257.9095     1.3830     0.5948     0.0240     -0.004      0.181      0.263        149 1.7835e+02 0.0000e+00
      0.185    27.0348     5.5882     70.250  35.947228     34.545      7.645   277.4817     1.3910     0.6082     0.0240     -0.003      0.181      0.262        150 1.8013e+02 0.0000e+00
      0.184    27.0412     5.5860     70.228  35.999718     34.594      7.649   278.7310     1.3102     0.6082     0.0240     -0.002      0.180      0.261        151 1.8396e+02 0.0000e+00
      0.182    27.0498     5.5930     70.321  36.004522     34.590      7.651   278.9960     1.3061     0.5545     0.0240     -0.002      0.179      0.259        152 1.8472e+02 0.0000e+00
      0.181    27.0568     5.6055     70.488  36.000563     34.586      7.655   278.6931     1.3142     0.6619     0.0240     -0.002      0.179      0.259        153 1.8439e+02 0.0000e+00
      0.183    27.0575     5.6136     70.598  36.004643     34.580      7.653   278.9581     1.3223     0.5277     0.0240     -0.002      0.180      0.260        154 1.8469e+02 0.0000e+00
      0.184    27.0564     5.6089     70.542  35.999442     34.576      7.657   279.3746     1.2738     0.6485     0.0240     -0.001      0.181      0.262        155 1.8266e+02 0.0000e+00
      0.184    27.0602     5.6038     70.479  36.007031     34.575      7.660   278.9960     1.3991     0.5814     0.0240     -0.001      0.181      0.262        156 1.8315e+02 0.0000e+00
      0.184    27.0670     5.5928     70.344  36.054512     34.630      7.660   276.9896     1.3789     0.6485     0.0240      0.000      0.181      0.262        157 1.8323e+02 0.0000e+00
      0.184    27.0744     5.5776     70.157  35.999668     34.573      7.657   279.5639     1.3991     0.6351     0.0240      0.000      0.181      0.262        158 1.8098e+02 0.0000e+00
      0.185    27.0821     5.5667     70.025  35.956650     34.515      7.656   278.0496     1.3425     0.6217     0.0240      0.001      0.181      0.263        159 1.7910e+02 0.0000e+00
      0.186    27.0880     5.5629     69.981  35.989413     34.564      7.659   279.4503     1.3587     0.6485     0.0240      0.002      0.182      0.264        160 1.7729e+02 0.0000e+00
      0.186    27.0923     5.5652     70.017  36.018207     34.559      7.657   279.7531     1.3587     0.5814     0.0240      0.002      0.182      0.264        161 1.7905e+02 0.0000e+00
      0.186    27.0970     5.5651     70.024  36.039445     34.609      7.657   280.0181     1.3830     0.5142     0.0240      0.001      0.182      0.264        162 1.8115e+02 0.0000e+00
      0.185    27.1039     5.5692     70.075  36.022298     34.552      7.659   280.0939     1.3668     0.6351     0.0240      0.001      0.181      0.263        163 1.8297e+02 0.0000e+00
      0.184    27.1103     5.5618     69.983  36.039544     34.603      7.658   280.1696     1.3830     0.5814     0.0240      0.000      0.180      0.262        164 1.8549e+02 0.0000e+00
      0.183    27.1130     5.5563     69.916  36.017978     34.544      7.659   280.2453     1.3587     0.6754     0.0240     -0.000      0.180      0.262        165 1.8512e+02 0.0000e+00
      0.184    27.1143     5.5427     69.740  35.989817     34.540      7.666   280.3210     1.4032     0.5411     0.0240     -0.001      0.180      0.262        166 1.8449e+02 0.0000e+00
      0.185    27.1168     5.5254     69.480  36.015271     34.538      7.663   280.7753     1.3789     0.5948     0.0240     -0.001      0.181      0.263        167 1.8406e+02 0.0000e+00
      0.185    27.1206     5.5015     69.091  36.045615     34.591      7.665   280.3589     1.3708     0.6082     0.0240     -0.001      0.181      0.263        168 1.8459e+02 0.0000e+00
      0.185    27.1238     5.4840     68.761  36.070687     34.590      7.663   277.3303     1.3587     0.5948     0.0240     -0.000      0.181      0.263        169 1.8691e+02 0.0000e+00
      0.185    27.1275     5.4690     68.458  36.043386     34.587      7.664   279.4124     1.3789     0.6619     0.0240     -0.000      0.180      0.262        170 1.8821e+02 0.0000e+00
