Data/DataNotYetUploadedToEDI/Raw_CTD/2018_RawDownloads/061818_fcr45.cnv
* Sea-Bird SBE19plus  Data File:
* FileName = C:\DATA\061818_fcr_0005.hex
* Software version 2.6.3.104
* Temperature SN = 7809
* Conductivity SN = 7809
* System UpLoad Time = Jun 18 2018 19:17:44
* <ApplicationData>
* <Seaterm232>
# nquan = 17
# nvalues = 819                         
# units = specified
# name 0 = depFM: Depth [fresh water, m]
# name 1 = tv290C: Temperature [ITS-90, deg C]
# name 2 = sbeox0Mg/L: Oxygen, SBE 43 [mg/l]
# name 3 = sbeox0PS: Oxygen, SBE 43 [% saturation]
# name 4 = c0uS/cm: Conductivity [uS/cm]
# name 5 = specc: Specific Conductance [uS/cm]
# name 6 = ph: pH
# name 7 = orp: Oxidation Reduction Potential [mV]
# name 8 = flECO-AFL: Fluorescence, WET Labs ECO-AFL/FL [mg/m^3]
# name 9 = turbWETntu0: Turbidity, WET Labs ECO [NTU]
# name 10 = sal00: Salinity, Practical [PSU]
# name 11 = dz/dtM: Descent Rate [m/s]
# name 12 = prdM: Pressure, Strain Gauge [db]
# name 13 = prdE: Pressure, Strain Gauge [psi]
# name 14 = scan: Scan Count
# name 15 = par/sat/log: PAR/Logarithmic, Satlantic
# name 16 = flag:  0.000e+00
# span 0 =     -0.543,      6.636       
# span 1 =    10.6030,    28.6436       
# span 2 =     3.5439,    10.9132       
# span 3 =     33.534,    128.496       
# span 4 =   0.570986,  36.538356       
# span 5 =      0.536,     43.577       
# span 6 =      6.335,      8.271       
# span 7 =  -328.8022,   351.0762       
# span 8 =    -0.2021,     4.3672       
# span 9 =    -0.6674,    66.2574       
# span 10 =     0.0128,     0.0240      
# span 11 =     -0.220,      0.181      
# span 12 =     -0.533,      6.504      
# span 13 =     -0.773,      9.432      
# span 14 =          1,        819      
# span 15 = 5.0461e-01, 2.0996e+03      
# span 16 = 0.0000e+00, 0.0000e+00      
# interval = seconds: 0.25
# start_time = Jun 18 2018 18:26:27 [Instrument's time stamp, header]
# bad_flag = -9.990e-29
*END*
[from data line 171]
      0.153    28.1490     5.3862     68.814  35.835496     33.706      7.750   279.6774     1.1848     0.6888     0.0239      0.000      0.150      0.218        172 1.6278e+02 0.0000e+00
      0.153    28.1486     6.1469     78.428  35.838275     33.707      7.759   281.8353     1.1848     0.6619     0.0239     -0.000      0.150      0.218        173 1.6329e+02 0.0000e+00
      0.154    28.1485     7.1072     90.592  35.884893     33.760      7.756   252.7988     1.1808     0.6619     0.0240     -0.001      0.150      0.218        174 1.6314e+02 0.0000e+00
      0.152    28.1483     7.9562    101.337  35.866455     33.734      7.756   251.7388     1.1767     0.5948     0.0239     -0.001      0.149      0.217        175 1.6235e+02 0.0000e+00
      0.152    28.1475     8.6651    110.264  35.831564     33.707      7.757   280.8131     1.2455     0.6619     0.0239     -0.001      0.149      0.216        176 1.6203e+02 0.0000e+00
      0.151    28.1468     9.1889    116.855  35.839341     33.708      7.759   252.3823     1.2657     0.7022     0.0239     -0.001      0.149      0.216        177 1.6136e+02 0.0000e+00
      0.152    28.1461     9.5344    121.242  35.827119     33.708      7.760   281.6081     1.2576     0.6217     0.0239     -0.001      0.149      0.216        178 1.6163e+02 0.0000e+00
      0.152    28.1454     9.6845    123.164  35.787460     33.656      7.762   253.4802     1.2455     0.6351     0.0239     -0.001      0.150      0.217        179 1.6225e+02 0.0000e+00
      0.154    28.1437     9.6619    122.856  35.859038     33.735      7.761   253.7074     1.2253     0.5814     0.0239     -0.000      0.151      0.219        180 1.6033e+02 0.0000e+00
      0.156    28.0960     9.4921    120.689  35.827014     33.709      7.763   252.1552     1.2293     0.7291     0.0239      0.001      0.152      0.220        181 1.6026e+02 0.0000e+00
      0.155    27.9993     9.3036    118.306  35.471425     33.369      7.760   251.0195     1.2495     0.6217     0.0238      0.001      0.152      0.220        182 1.6081e+02 0.0000e+00
      0.153    27.9203     9.1618    116.460  35.263560     33.187      7.762   253.5559     1.2536     0.5814     0.0237      0.002      0.151      0.218        183 1.6082e+02 0.0000e+00
      0.152    27.8672     9.0580    115.113  35.284973     33.303      7.759   281.7596     1.2455     0.5814     0.0237      0.001      0.150      0.217        184 1.6217e+02 0.0000e+00
      0.153    27.8217     8.9810    114.146  35.266871     33.298      7.763   283.0846     1.1606     0.6082     0.0237      0.001      0.150      0.217        185 1.6148e+02 0.0000e+00
      0.153    27.7719     8.9284    113.506  35.226811     33.333      7.763   273.9988     1.1767     0.6888     0.0237      0.000      0.150      0.217        186 1.6033e+02 0.0000e+00
      0.153    27.7354     8.8986    113.092  35.127258     33.228      7.763   258.4774     1.1525     0.6888     0.0237     -0.000      0.150      0.217        187 1.6195e+02 0.0000e+00
      0.150    27.7321     8.8747    112.730  35.094221     33.260      7.761   283.6146     1.1606     0.5814     0.0237     -0.002      0.148      0.214        188 1.6243e+02 0.0000e+00
      0.148    27.7375     8.8564    112.442  35.178978     33.336      7.758   256.7738     1.1646     0.5814     0.0237     -0.003      0.146      0.212        189 1.6235e+02 0.0000e+00
      0.148    27.7281     8.8413    112.218  35.229391     33.418      7.752   254.6538     1.1808     0.6754     0.0237     -0.003      0.146      0.212        190 1.6210e+02 0.0000e+00
      0.150    27.7258     8.8281    112.053  35.179769     33.334      7.752   253.4045     1.1929     0.6485     0.0237     -0.002      0.147      0.214        191 1.6040e+02 0.0000e+00
      0.152    27.7298     8.8119    111.871  35.181416     33.367      7.753   253.0638     1.1767     0.6485     0.0237     -0.002      0.149      0.216        192 1.6052e+02 0.0000e+00
      0.152    27.7119     8.7962    111.675  35.168030     33.342      7.751   252.4581     1.2576     0.5814     0.0237     -0.001      0.149      0.216        193 1.6131e+02 0.0000e+00
      0.153    27.6964     8.7833    111.510  35.166773     33.338      7.754   253.8966     1.2293     0.6619     0.0237     -0.000      0.150      0.217        194 1.6094e+02 0.0000e+00
      0.154    27.7045     8.7710    111.387  35.153326     33.351      7.762   262.4902     1.2374     0.5142     0.0237      0.001      0.151      0.219        195 1.5912e+02 0.0000e+00
      0.156    27.7151     8.7634    111.356  35.125458     33.307      7.765   283.2360     1.2414     0.6754     0.0237      0.003      0.153      0.221        196 1.5510e+02 0.0000e+00
      0.156    27.7003     8.7635    111.402  35.231115     33.436      7.766   283.6146     1.2536     0.6888     0.0237      0.004      0.154      0.222        197 1.5185e+02 0.0000e+00
      0.158    27.6703     8.7703    111.448  35.259091     33.427      7.767   284.6367     1.2616     0.5814     0.0237      0.004      0.155      0.225        198 1.4796e+02 0.0000e+00
      0.160    27.6429     8.7713    111.343  35.149956     33.358      7.766   261.0517     1.2293     0.5948     0.0237      0.004      0.157      0.228        199 1.4404e+02 0.0000e+00
      0.162    27.6263     8.7730    111.239  35.070369     33.270      7.760   257.6824     1.2414     0.6888     0.0236      0.005      0.158      0.229        200 1.4035e+02 0.0000e+00
      0.161    27.6282     8.7751    111.215  35.150549     33.395      7.751   284.8260     1.2374     0.6082     0.0237      0.005      0.158      0.229        201 1.3763e+02 0.0000e+00
      0.161    27.6387     8.7802    111.298  35.168812     33.405      7.747   260.7109     1.2374     0.6351     0.0237      0.005      0.158      0.229        202 1.3869e+02 0.0000e+00
      0.160    27.6415     8.7914    111.438  35.136618     33.377      7.744   284.9774     1.2253     0.6485     0.0237      0.004      0.158      0.229        203 1.3521e+02 0.0000e+00
      0.161    27.6414     8.8052    111.589  35.160957     33.397      7.742   260.7488     1.2293     0.6082     0.0237      0.003      0.159      0.230        204 1.3277e+02 0.0000e+00
      0.163    27.6578     8.8147    111.694  35.108862     33.342      7.747   285.6589     1.2414     0.6619     0.0237      0.003      0.160      0.232        205 1.3412e+02 0.0000e+00
      0.165    27.6906     8.8251    111.789  35.112476     33.342      7.747   260.2188     1.2293     0.5277     0.0237      0.002      0.162      0.234        206 1.3767e+02 0.0000e+00
      0.165    27.7121     8.8335    111.830  35.156458     33.385      7.750   285.3560     1.2536     0.5411     0.0237      0.002      0.162      0.234        207 1.3874e+02 0.0000e+00
      0.164    27.6921     8.8347    111.792  35.172749     33.364      7.749   258.9695     1.2536     0.6754     0.0237      0.002      0.164      0.237        208 1.3214e+02 0.0000e+00
      0.172    27.6331     8.8158    111.564  35.181160     33.376      7.754   257.7581     1.2374     0.7291     0.0237      0.004      0.170      0.246        209 1.2263e+02 0.0000e+00
      0.185    27.5703     8.7784    111.347  35.057012     33.257      7.750   284.4853     1.3102     0.6351     0.0236      0.009      0.176      0.256        210 1.1774e+02 0.0000e+00
      0.181    27.5454     8.7578    111.377  35.001035     33.241      7.752   276.0810     1.3061     0.6619     0.0236      0.011      0.176      0.256        211 1.2342e+02 0.0000e+00
      0.174    27.5530     8.7491    111.410  35.043252     33.335      7.754   283.2360     1.2697     0.5545     0.0236      0.010      0.173      0.252        212 1.2688e+02 0.0000e+00
      0.177    27.5527     8.7390    111.427  35.063812     33.351      7.752   259.9538     1.3021     0.7157     0.0236      0.009      0.174      0.252        213 1.3033e+02 0.0000e+00
      0.181    27.5406     8.7260    111.490  35.094085     33.398      7.757   275.2860     1.3223     0.5814     0.0237      0.008      0.176      0.255        214 1.3249e+02 0.0000e+00
      0.179    27.5330     8.7187    111.668  35.064891     33.345      7.758   276.7624     1.3223     0.6619     0.0236      0.007      0.177      0.256        215 1.3431e+02 0.0000e+00
      0.182    27.5132     8.7158    111.854  35.040833     33.353      7.759   262.0359     1.2819     0.5814     0.0236      0.005      0.179      0.260        216 1.2936e+02 0.0000e+00
      0.188    27.4829     8.7107    111.911  35.005405     33.305      7.760   260.5217     1.3061     0.6082     0.0236      0.004      0.183      0.265        217 1.2727e+02 0.0000e+00
      0.189    27.4528     8.6972    111.828  34.990359     33.316      7.753   259.9917     1.2455     0.7291     0.0236      0.004      0.184      0.266        218 1.2232e+02 0.0000e+00
      0.188    27.4645     8.6801    111.727  34.940939     33.284      7.753   286.0753     1.2536     0.5814     0.0236      0.006      0.176      0.256        219 1.2856e+02 0.0000e+00
      0.162    27.5897     8.6726    111.703  35.066921     33.408      7.748   259.2345     1.2495     0.6754     0.0236      0.001      0.148      0.216        220 1.4493e+02 0.0000e+00
      0.102    27.7354     8.6548    111.429  35.397066     33.750      7.750   257.4552     1.2172     0.6619     0.0238     -0.021      0.101      0.147        221 1.8219e+02 0.0000e+00
      0.048    27.8106     8.6365    111.088  35.419772     33.667      7.744   256.5466     1.2172     0.6888     0.0238     -0.052      0.048      0.070        222 2.3971e+02 0.0000e+00
     -0.002    27.8841     8.6194    110.807  35.364838     33.520      7.737   255.4109     1.2455     0.6082     0.0238     -0.087     -0.006     -0.009        223 2.4879e+02 0.0000e+00
     -0.067    28.0005     8.6105    110.645  35.465367     33.580      7.735   254.8809     1.2374     0.6351     0.0238     -0.127     -0.067     -0.097        224 2.7846e+02 0.0000e+00
     -0.135    28.1368     8.6129    110.614  35.650508     33.692      7.743   254.3509     1.2374     0.6351     0.0239     -0.167     -0.130     -0.189        225 2.9557e+02 0.0000e+00
     -0.196    28.2489     8.6118    110.472  35.786856     33.776      7.744   254.3509     1.2333     0.5545     0.0239     -0.201     -0.185     -0.269        226 2.8774e+02 0.0000e+00
     -0.238    28.3123     8.6146    110.329  35.740493     33.610      7.746   253.7452     1.2536     0.6351     0.0239     -0.220     -0.224     -0.326        227 3.0019e+02 0.0000e+00
     -0.255    28.3593     8.6091    110.172  35.767459     33.591      7.743   253.3666     1.2616     0.6351     0.0239     -0.216     -0.244     -0.354        228 2.9536e+02 0.0000e+00
     -0.256    28.4182     8.6191    110.299  35.842216     33.604      7.742   252.6852     1.2495     0.5948     0.0239     -0.192     -0.249     -0.360        229 2.9984e+02 0.0000e+00
     -0.252    28.4549     8.6391    110.469  35.884687     33.627      7.738   252.4202     1.2414     0.6351     0.0239     -0.159     -0.245     -0.355        230 3.0486e+02 0.0000e+00
     -0.240    28.4320     8.6512    110.466  35.892527     33.589      7.733   252.4959     1.2333     0.7022     0.0239     -0.118     -0.235     -0.341        231 2.9955e+02 0.0000e+00
     -0.226    28.3804     8.6405    110.225  35.802776     33.488      7.729   252.5716     1.2536     0.6351     0.0239     -0.071     -0.224     -0.325        232 3.0093e+02 0.0000e+00
     -0.218    28.3473     8.6388    110.189  35.729446     33.423      7.724   252.5338     1.2333     0.6351     0.0239     -0.028     -0.215     -0.312        233 2.9853e+02 0.0000e+00
     -0.213    28.3236     8.6453    110.289  35.716872     33.457      7.724   252.3066     1.2374     0.6485     0.0239      0.004     -0.208     -0.302        234 2.9977e+02 0.0000e+00
     -0.206    28.2910     8.6505    110.359  35.729470     33.477      7.727   251.7766     1.1565     0.7022     0.0239      0.023     -0.200     -0.290        235 2.9848e+02 0.0000e+00
     -0.192    28.2255     8.6606    110.425  35.713785     33.492      7.733   252.6473     1.1727     0.6619     0.0239      0.033     -0.187     -0.271        236 3.0566e+02 0.0000e+00
     -0.172    28.1351     8.6714    110.434  35.588119     33.381      7.732   252.7231     1.1808     0.7022     0.0238      0.039     -0.169     -0.245        237 3.1772e+02 0.0000e+00
     -0.152    28.0913     8.6835    110.364  35.470675     33.317      7.728   252.8366     1.1889     0.6351     0.0238      0.045     -0.149     -0.216        238 3.0491e+02 0.0000e+00
     -0.130    28.0878     8.6916    110.278  35.474428     33.375      7.724   252.7609     1.0271     0.5814     0.0238      0.050     -0.128     -0.185        239 2.8568e+02 0.0000e+00
     -0.109    28.0452     8.7065    110.340  35.464856     33.403      7.724   253.0638     1.0352     0.6888     0.0238      0.058     -0.107     -0.154        240 2.6617e+02 0.0000e+00
     -0.085    27.9652     8.7277    110.407  35.423294     33.350      7.727   253.1016     1.0433     0.6217     0.0238      0.067     -0.083     -0.120        241 2.6106e+02 0.0000e+00
     -0.058    27.9121     8.7272    110.269  35.348219     33.325      7.726   253.1395     1.0716     0.6485     0.0238      0.078     -0.058     -0.085        242 2.4370e+02 0.0000e+00
     -0.035    27.9032     8.7253    110.182  35.321051     33.323      7.729   252.8745     0.9705     0.6888     0.0237      0.085     -0.035     -0.051        243 2.3069e+02 0.0000e+00
     -0.014    27.9135     8.7265    110.050  35.397822     33.463      7.734   252.9502     0.9624     0.6082     0.0238      0.089     -0.014     -0.020        244 2.3430e+02 0.0000e+00
      0.007    27.9132     8.7253    109.863  35.371331     33.415      7.734   252.8745     0.9503     0.6888     0.0238      0.090      0.006      0.009        245 2.1285e+02 0.0000e+00
      0.025    27.8831     8.7305    109.847  35.354026     33.409      7.734   253.2152     0.9907     0.6351     0.0238      0.089      0.026      0.037        246 1.8207e+02 0.0000e+00
      0.047    27.8154     8.7570    110.149  35.300728     33.355      7.733   253.4045     0.9786     0.6485     0.0237      0.088      0.047      0.067        247 1.6949e+02 0.0000e+00
      0.069    27.7031     8.7876    110.441  35.170749     33.243      7.734   254.1616     1.0635     0.5679     0.0237      0.086      0.069      0.099        248 1.5931e+02 0.0000e+00
      0.094    27.6077     8.8196    110.665  35.100602     33.231      7.735   254.0481     1.0109     0.6754     0.0237      0.085      0.092      0.134        249 1.4636e+02 0.0000e+00
      0.120    27.5387     8.8384    110.759  35.061833     33.250      7.735   254.3888     1.0352     0.6082     0.0236      0.085      0.116      0.169        250 1.4575e+02 0.0000e+00
      0.142    27.4408     8.8481    110.802  35.041102     33.312      7.738   254.8431     1.0837     0.6888     0.0236      0.086      0.141      0.204        251 1.3193e+02 0.0000e+00
      0.169    27.3728     8.8537    110.809  34.948506     33.246      7.737   254.6916     1.0352     0.6217     0.0236      0.090      0.166      0.241        252 1.2394e+02 0.0000e+00
      0.198    27.3388     8.8514    110.694  34.880541     33.258      7.737   254.1616     1.0554     0.5411     0.0236      0.094      0.192      0.278        253 1.2627e+02 0.0000e+00
      0.220    27.2647     8.8498    110.608  34.829160     33.247      7.741   253.9345     1.0433     0.5948     0.0236      0.097      0.215      0.311        254 1.1592e+02 0.0000e+00
      0.240    27.1791     8.8532    110.611  34.715919     33.160      7.741   253.8209     1.0312     0.7828     0.0235      0.097      0.234      0.338        255 1.1210e+02 0.0000e+00
