Data/DataNotYetUploadedToEDI/Raw_CTD/2018_RawDownloads/061818_fcr50(2).cnv
* Sea-Bird SBE19plus  Data File:
* FileName = C:\DATA\061818_fcr_0006.hex
* Software version 2.6.3.104
* Temperature SN = 7809
* Conductivity SN = 7809
* System UpLoad Time = Jun 18 2018 19:18:21
* <ApplicationData>
* <Seaterm232>
# nquan = 17
# nvalues = 1184                        
# units = specified
# name 0 = depFM: Depth [fresh water, m]
# name 1 = tv290C: Temperature [ITS-90, deg C]
# name 2 = sbeox0Mg/L: Oxygen, SBE 43 [mg/l]
# name 3 = sbeox0PS: Oxygen, SBE 43 [% saturation]
# name 4 = c0uS/cm: Conductivity [uS/cm]
# name 5 = specc: Specific Conductance [uS/cm]
# name 6 = ph: pH
# name 7 = orp: Oxidation Reduction Potential [mV]
# name 8 = flECO-AFL: Fluorescence, WET Labs ECO-AFL/FL [mg/m^3]
# name 9 = turbWETntu0: Turbidity, WET Labs ECO [NTU]
# name 10 = sal00: Salinity, Practical [PSU]
# name 11 = dz/dtM: Descent Rate [m/s]
# name 12 = prdM: Pressure, Strain Gauge [db]
# name 13 = prdE: Pressure, Strain Gauge [psi]
# name 14 = scan: Scan Count
# name 15 = par/sat/log: PAR/Logarithmic, Satlantic
# name 16 = flag:  0.000e+00
# span 0 =     -0.540,      9.322       
# span 1 =    10.6278,    30.2388       
# span 2 =     4.3066,    10.9888       
# span 3 =     42.127,    128.904       
# span 4 =  -0.286714,  38.602605       
# span 5 =      0.739,     43.778       
# span 6 =      6.274,      8.248       
# span 7 = -1240.7455,   353.3476       
# span 8 =    -0.5054,     3.4937       
# span 9 =    -0.7077,    15.3924       
# span 10 =     0.0136,     0.0244      
# span 11 =     -0.135,      0.221      
# span 12 =     -0.529,      9.141      
# span 13 =     -0.768,     13.258      
# span 14 =          1,       1184      
# span 15 = -1.340e+01, 2.2054e+03      
# span 16 = 0.0000e+00, 0.0000e+00      
# interval = seconds: 0.25
# start_time = Jun 18 2018 19:23:14 [Instrument's time stamp, header]
# bad_flag = -9.990e-29
*END*
[from data line 596]
      1.321    23.3603    10.3053    119.581  32.694515     33.776      7.505   283.0846     1.5811     0.7559     0.0227      0.027      1.296      1.880        597 3.3363e+02 0.0000e+00
      1.328    23.2619    10.2899    119.397  32.660839     33.746      7.505   282.8953     1.5771     0.8499     0.0227      0.026      1.304      1.892        598 3.1849e+02 0.0000e+00
      1.340    23.1474    10.2738    119.221  32.518229     33.609      7.510   283.3496     1.5851     0.7828     0.0226      0.026      1.315      1.907        599 3.3412e+02 0.0000e+00
      1.352    23.0312    10.2672    119.223  32.308595     33.473      7.511   283.0467     1.6539     0.7828     0.0226      0.028      1.327      1.925        600 3.5215e+02 0.0000e+00
      1.368    22.9318    10.2640    119.285  32.269394     33.496      7.511   283.2360     1.6256     0.8097     0.0225      0.032      1.342      1.946        601 3.1584e+02 0.0000e+00
      1.385    22.8690    10.2731    119.451  32.270531     33.605      7.511   283.3496     1.6296     0.8365     0.0225      0.038      1.357      1.969        602 3.3307e+02 0.0000e+00
      1.400    22.8326    10.2770    119.521  32.218271     33.589      7.512   283.8796     1.6418     0.7962     0.0225      0.045      1.372      1.989        603 2.7948e+02 0.0000e+00
      1.412    22.8025    10.2819    119.596  32.245514     33.690      7.510   284.0689     1.7914     0.8768     0.0225      0.050      1.382      2.004        604 2.9010e+02 0.0000e+00
      1.414    22.7815    10.2954    119.747  32.266308     33.716      7.503   284.5610     1.7590     0.7828     0.0225      0.051      1.387      2.011        605 3.6308e+02 0.0000e+00
      1.418    22.7613    10.3129    119.989  32.251717     33.738      7.497   284.5610     1.7752     0.8365     0.0225      0.048      1.392      2.018        606 3.5056e+02 0.0000e+00
      1.426    22.7498    10.3288    120.219  32.263686     33.752      7.497   285.2046     1.8035     0.8499     0.0225      0.043      1.397      2.026        607 3.1483e+02 0.0000e+00
      1.428    22.7465    10.3402    120.326  32.281077     33.796      7.497   284.5610     1.6579     0.8097     0.0225      0.036      1.400      2.031        608 3.1415e+02 0.0000e+00
      1.430    22.7528    10.3490    120.390  32.259736     33.774      7.497   284.4096     1.6337     0.8634     0.0225      0.028      1.402      2.033        609 3.0933e+02 0.0000e+00
      1.430    22.7860    10.3588    120.453  32.260597     33.776      7.495   284.5610     1.6377     0.7828     0.0225      0.020      1.402      2.033        610 3.1190e+02 0.0000e+00
      1.429    22.8298    10.3714    120.496  32.309660     33.831      7.498   285.4317     1.6458     0.7828     0.0226      0.014      1.402      2.033        611 3.7085e+02 0.0000e+00
      1.430    22.8562    10.3758    120.394  32.257979     33.749      7.498   285.3560     1.6418     0.8634     0.0225      0.009      1.402      2.033        612 3.5345e+02 0.0000e+00
      1.430    22.8684    10.3744    120.195  32.265594     33.718      7.496   285.2424     1.6134     0.8634     0.0225      0.007      1.402      2.034        613 3.2461e+02 0.0000e+00
      1.431    22.8744    10.3648    119.951  32.329821     33.786      7.499   284.4474     1.5851     0.8634     0.0226      0.004      1.404      2.036        614 3.1430e+02 0.0000e+00
      1.435    22.8735    10.3752    119.927  32.266997     33.691      7.498   285.2046     1.5932     0.8499     0.0225      0.003      1.406      2.040        615 3.2012e+02 0.0000e+00
      1.436    22.8896    10.3853    119.938  32.314117     33.744      7.495   285.3560     1.5730     0.8634     0.0226      0.003      1.407      2.042        616 3.6569e+02 0.0000e+00
      1.435    22.9082    10.4036    120.161  32.389790     33.834      7.496   285.0910     1.6620     0.8365     0.0226      0.004      1.407      2.041        617 3.5969e+02 0.0000e+00
      1.435    22.8982    10.4249    120.410  32.321086     33.734      7.497   286.3403     1.6498     0.8365     0.0226      0.004      1.407      2.041        618 3.6126e+02 0.0000e+00
      1.435    22.8814    10.4360    120.559  32.310653     33.720      7.497   286.8324     1.6377     0.8499     0.0226      0.004      1.409      2.044        619 3.5816e+02 0.0000e+00
      1.441    22.8582    10.4413    120.680  32.343462     33.757      7.497   286.9839     1.6458     0.7559     0.0226      0.005      1.416      2.054        620 3.5153e+02 0.0000e+00
      1.457    22.8141    10.4553    120.866  32.309910     33.740      7.495   286.9839     1.7590     0.8097     0.0226      0.009      1.429      2.074        621 3.4399e+02 0.0000e+00
      1.475    22.7462    10.4592    121.038  32.204151     33.639      7.496   287.3624     1.7752     0.8902     0.0225      0.016      1.445      2.097        622 3.5369e+02 0.0000e+00
      1.491    22.6686    10.4619    121.256  32.089601     33.554      7.491   287.5139     1.7792     0.7559     0.0225      0.025      1.461      2.120        623 3.7799e+02 0.0000e+00
      1.505    22.6084    10.4511    121.220  32.037345     33.542      7.485   287.9682     1.7752     0.7694     0.0224      0.036      1.475      2.140        624 3.6568e+02 0.0000e+00
      1.517    22.5464    10.4688    121.417  32.031990     33.598      7.481   286.7189     1.8642     0.8768     0.0224      0.045      1.489      2.159        625 3.6709e+02 0.0000e+00
      1.531    22.5022    10.4646    121.371  32.007339     33.610      7.475   287.6275     1.8278     0.9171     0.0224      0.052      1.500      2.175        626 3.5254e+02 0.0000e+00
      1.538    22.5046    10.4476    121.000  31.979093     33.625      7.467   287.5896     1.8197     0.8499     0.0224      0.055      1.507      2.185        627 3.5898e+02 0.0000e+00
      1.540    22.5066    10.4442    120.830  31.978209     33.658      7.464   288.0439     1.8520     0.8634     0.0224      0.051      1.510      2.190        628 3.4186e+02 0.0000e+00
      1.541    22.5172    10.4085    120.421  32.038108     33.713      7.459   288.0439     2.0299     0.8634     0.0224      0.043      1.512      2.194        629 3.4249e+02 0.0000e+00
      1.547    22.5393    10.3747    120.033  32.082471     33.771      7.459   288.0439     2.0421     0.8634     0.0225      0.035      1.517      2.201        630 3.6617e+02 0.0000e+00
      1.553    22.5541    10.3318    119.508  32.041610     33.705      7.460   288.1575     2.0340     0.8902     0.0224      0.028      1.521      2.207        631 3.5822e+02 0.0000e+00
      1.554    22.6068    10.3090    119.070  32.059300     33.717      7.455   289.0660     2.0542     0.8768     0.0225      0.022      1.524      2.210        632 3.6012e+02 0.0000e+00
      1.555    22.6883    10.2968    118.604  32.149407     33.797      7.449   289.7475     2.0259     0.8097     0.0225      0.017      1.524      2.211        633 3.6416e+02 0.0000e+00
      1.553    22.7236    10.3153    118.460  32.196338     33.817      7.447   289.7475     2.1432     0.8499     0.0225      0.012      1.524      2.210        634 3.8202e+02 0.0000e+00
      1.552    22.7264    10.3570    118.612  32.208441     33.759      7.444   289.5203     2.1553     0.8902     0.0225      0.009      1.525      2.211        635 3.6408e+02 0.0000e+00
      1.558    22.7196    10.4079    118.862  32.193621     33.732      7.450   289.6339     2.1634     0.8902     0.0225      0.008      1.530      2.219        636 3.6693e+02 0.0000e+00
      1.570    22.6505    10.4501    119.046  32.155460     33.676      7.449   289.7475     2.1553     0.8365     0.0225      0.010      1.539      2.232        637 3.3003e+02 0.0000e+00
      1.577    22.5928    10.4874    119.226  32.166971     33.705      7.450   289.7853     2.0259     1.0916     0.0225      0.012      1.546      2.242        638 3.4521e+02 0.0000e+00
      1.582    22.5934    10.5186    119.410  32.149651     33.729      7.449   290.1639     2.0178     1.0648     0.0225      0.014      1.550      2.248        639 3.6845e+02 0.0000e+00
      1.581    22.5960    10.5037    119.177  32.147384     33.769      7.446   289.7853     2.0380     1.1588     0.0225      0.016      1.553      2.252        640 3.4593e+02 0.0000e+00
      1.587    22.5807    10.4429    118.483  32.140161     33.767      7.448   289.6339     2.0623     1.0514     0.0225      0.019      1.560      2.263        641 3.7297e+02 0.0000e+00
      1.607    22.5051    10.3403    117.276  32.040035     33.649      7.449   290.1639     2.0380     0.8097     0.0224      0.024      1.577      2.287        642 3.1689e+02 0.0000e+00
      1.631    22.3627    10.2234    115.838  31.916156     33.541      7.448   290.3910     2.0299     0.8365     0.0224      0.033      1.597      2.316        643 2.8580e+02 0.0000e+00
      1.647    22.2069    10.1035    114.369  31.582677     33.242      7.438   290.3153     2.0340     0.8634     0.0222      0.039      1.614      2.340        644 2.9486e+02 0.0000e+00
      1.657    22.0624    10.0224    113.222  31.328293     33.047      7.433   290.7317     2.0299     0.9171     0.0221      0.045      1.626      2.359        645 2.9620e+02 0.0000e+00
      1.671    21.9186     9.9988    112.509  31.283923     33.157      7.433   290.9210     2.2847     0.9574     0.0221      0.051      1.641      2.380        646 2.6388e+02 0.0000e+00
      1.691    21.7881    10.0173    112.352  31.222835     33.139      7.429   290.8453     2.2887     1.0782     0.0221      0.058      1.658      2.405        647 2.5637e+02 0.0000e+00
      1.709    21.6826    10.0615    112.606  31.434033     33.510      7.425   291.1860     2.3211     1.1588     0.0222      0.064      1.675      2.430        648 2.6375e+02 0.0000e+00
      1.724    21.6091    10.0878    112.772  31.792103     33.961      7.423   291.2239     2.2968     1.0648     0.0223      0.066      1.690      2.451        649 2.3761e+02 0.0000e+00
      1.735    21.5811    10.1162    112.980  31.904059     34.188      7.418   291.6782     2.1796     1.0111     0.0224      0.062      1.700      2.466        650 2.4902e+02 0.0000e+00
      1.741    21.5784    10.1366    113.110  31.828492     34.122      7.414   292.1325     2.1634     1.0648     0.0223      0.057      1.708      2.478        651 2.4921e+02 0.0000e+00
      1.750    21.5592    10.1475    113.167  31.826870     34.172      7.414   291.7917     2.1553     1.0245     0.0224      0.054      1.718      2.492        652 2.3378e+02 0.0000e+00
      1.766    21.5104    10.1373    113.028  31.609567     33.934      7.416   292.0946     2.1715     1.1856     0.0223      0.052      1.733      2.513        653 2.0680e+02 0.0000e+00
      1.784    21.4607    10.1004    112.595  31.150060     33.437      7.415   292.5110     2.1472     1.0379     0.0220      0.051      1.751      2.540        654 2.1640e+02 0.0000e+00
      1.808    21.3523    10.0692    112.231  30.886485     33.203      7.409   292.5110     2.2928     1.0379     0.0219      0.052      1.773      2.572        655 2.2609e+02 0.0000e+00
      1.832    21.1571    10.0516    112.028  30.721888     33.058      7.399   292.5110     2.2968     1.1319     0.0219      0.056      1.794      2.603        656 2.1613e+02 0.0000e+00
      1.849    20.9862    10.0641    112.158  30.495044     32.891      7.388   293.8739     2.3049     1.0379     0.0218      0.063      1.812      2.629        657 2.2218e+02 0.0000e+00
      1.864    20.8798    10.0930    112.469  30.368267     32.884      7.381   294.1389     2.2847     1.1051     0.0217      0.068      1.828      2.651        658 2.1384e+02 0.0000e+00
      1.879    20.8182    10.1227    112.785  30.346020     33.003      7.381   294.3660     2.1796     0.9305     0.0217      0.072      1.844      2.673        659 2.1766e+02 0.0000e+00
      1.897    20.7710    10.1416    112.980  30.315244     33.021      7.376   294.4039     2.1796     1.0245     0.0217      0.074      1.860      2.697        660 2.2891e+02 0.0000e+00
      1.912    20.7255    10.1529    113.094  30.347313     33.124      7.375   293.7982     2.1593     1.1051     0.0217      0.072      1.875      2.719        661 2.4188e+02 0.0000e+00
      1.926    20.6978    10.1784    113.343  30.365441     33.160      7.371   294.2525     2.1634     1.0916     0.0217      0.068      1.889      2.740        662 2.2389e+02 0.0000e+00
      1.942    20.6851    10.1921    113.420  30.322355     33.162      7.370   295.4260     2.0866     1.0648     0.0217      0.064      1.904      2.761        663 1.9969e+02 0.0000e+00
      1.957    20.6760    10.2012    113.427  30.311998     33.152      7.366   295.7668     2.1149     1.0379     0.0217      0.061      1.918      2.781        664 2.1538e+02 0.0000e+00
      1.967    20.6690    10.1952    113.283  30.289391     33.160      7.365   295.9939     2.1027     1.0245     0.0217      0.059      1.929      2.798        665 2.0067e+02 0.0000e+00
      1.978    20.6654    10.1646    112.923  30.261545     33.106      7.361   296.7889     2.0866     1.1588     0.0216      0.057      1.942      2.816        666 1.9208e+02 0.0000e+00
      1.994    20.6610    10.1291    112.476  30.287356     33.172      7.359   297.4325     2.1068     1.1453     0.0217      0.055      1.959      2.840        667 1.7770e+02 0.0000e+00
      2.018    20.6564    10.0891    111.950  30.316573     33.175      7.357   297.2053     2.0704     0.9842     0.0217      0.056      1.982      2.874        668 1.7182e+02 0.0000e+00
      2.049    20.6498    10.0599    111.477  30.314137     33.209      7.345   296.3725     2.1027     1.0782     0.0217      0.062      2.010      2.914        669 2.0080e+02 0.0000e+00
      2.079    20.6426    10.0241    110.884  30.260739     33.120      7.336   297.6218     2.0906     1.0245     0.0216      0.071      2.035      2.952        670 1.6312e+02 0.0000e+00
      2.096    20.6373     9.9941    110.340  30.234777     33.125      7.332   297.6596     2.1229     1.0379     0.0216      0.077      2.053      2.978        671 1.3559e+02 0.0000e+00
      2.105    20.6209     9.9689    109.805  30.257498     33.130      7.323   297.5461     2.1432     1.0916     0.0216      0.081      2.065      2.995        672 1.4498e+02 0.0000e+00
      2.117    20.5881     9.9323    109.156  30.291767     33.195      7.317   299.6661     2.0906     1.0514     0.0217      0.081      2.076      3.010        673 1.3575e+02 0.0000e+00
      2.128    20.5448     9.8893    108.474  30.251434     33.146      7.315   299.9689     2.0906     1.1051     0.0216      0.078      2.086      3.025        674 1.2381e+02 0.0000e+00
      2.136    20.5125     9.8266    107.625  30.248399     33.170      7.312   299.9311     2.1027     1.0111     0.0216      0.069      2.093      3.036        675 1.1430e+02 0.0000e+00
      2.140    20.5003     9.7089    106.213  30.295558     33.262      7.309   294.0632     1.9208     0.8768     0.0217      0.057      2.098      3.043        676 1.1454e+02 0.0000e+00
      2.143    20.4788     9.5969    104.861  30.252063     33.226      7.306   295.9939     1.9086     0.8902     0.0216      0.043      2.103      3.051        677 1.1166e+02 0.0000e+00
      2.153    20.4399     9.4910    103.610  30.183940     33.171      7.304   296.5618     1.9046     0.8365     0.0216      0.034      2.113      3.065        678 1.0376e+02 0.0000e+00
      2.169    20.3731     9.3907    102.472  30.202442     33.189      7.301   296.5618     1.8803     0.8365     0.0216      0.033      2.128      3.087        679 1.0113e+02 0.0000e+00
      2.189    20.2842     9.3008    101.457  30.169747     33.216      7.297   299.3253     1.7671     0.9842     0.0216      0.036      2.147      3.115        680 9.8189e+01 0.0000e+00
