Data/DataNotYetUploadedToEDI/Raw_CTD/2018_RawDownloads/061818_fcr50(2).cnv
* Sea-Bird SBE19plus  Data File:
* FileName = C:\DATA\061818_fcr_0006.hex
* Software version 2.6.3.104
* Temperature SN = 7809
* Conductivity SN = 7809
* System UpLoad Time = Jun 18 2018 19:18:21
* <ApplicationData>
* <Seaterm232>
# nquan = 17
# nvalues = 1184                        
# units = specified
# name 0 = depFM: Depth [fresh water, m]
# name 1 = tv290C: Temperature [ITS-90, deg C]
# name 2 = sbeox0Mg/L: Oxygen, SBE 43 [mg/l]
# name 3 = sbeox0PS: Oxygen, SBE 43 [% saturation]
# name 4 = c0uS/cm: Conductivity [uS/cm]
# name 5 = specc: Specific Conductance [uS/cm]
# name 6 = ph: pH
# name 7 = orp: Oxidation Reduction Potential [mV]
# name 8 = flECO-AFL: Fluorescence, WET Labs ECO-AFL/FL [mg/m^3]
# name 9 = turbWETntu0: Turbidity, WET Labs ECO [NTU]
# name 10 = sal00: Salinity, Practical [PSU]
# name 11 = dz/dtM: Descent Rate [m/s]
# name 12 = prdM: Pressure, Strain Gauge [db]
# name 13 = prdE: Pressure, Strain Gauge [psi]
# name 14 = scan: Scan Count
# name 15 = par/sat/log: PAR/Logarithmic, Satlantic
# name 16 = flag:  0.000e+00
# span 0 =     -0.540,      9.322       
# span 1 =    10.6278,    30.2388       
# span 2 =     4.3066,    10.9888       
# span 3 =     42.127,    128.904       
# span 4 =  -0.286714,  38.602605       
# span 5 =      0.739,     43.778       
# span 6 =      6.274,      8.248       
# span 7 = -1240.7455,   353.3476       
# span 8 =    -0.5054,     3.4937       
# span 9 =    -0.7077,    15.3924       
# span 10 =     0.0136,     0.0244      
# span 11 =     -0.135,      0.221      
# span 12 =     -0.529,      9.141      
# span 13 =     -0.768,     13.258      
# span 14 =          1,       1184      
# span 15 = -1.340e+01, 2.2054e+03      
# span 16 = 0.0000e+00, 0.0000e+00      
# interval = seconds: 0.25
# start_time = Jun 18 2018 19:23:14 [Instrument's time stamp, header]
# bad_flag = -9.990e-29
*END*
[from data line 86]
      0.142    28.7054     6.2145     80.439  36.258595     33.757      7.769   249.2781     0.8735     0.4337     0.0241      0.005      0.138      0.200         87 1.4000e+02 0.0000e+00
      0.139    28.7157     6.1625     79.773  36.361566     33.860      7.771   249.5431     0.8694     0.4874     0.0241      0.005      0.137      0.198         88 1.3519e+02 0.0000e+00
      0.138    28.7205     6.0923     78.871  36.363075     33.852      7.772   250.3002     0.8735     0.4068     0.0241      0.004      0.136      0.197         89 1.3710e+02 0.0000e+00
      0.139    28.7212     6.0278     78.039  36.345689     33.820      7.776   247.0445     0.8815     0.5142     0.0241      0.004      0.136      0.198         90 1.3728e+02 0.0000e+00
      0.140    28.7211     5.9608     77.179  36.353540     33.843      7.777   248.4073     0.8775     0.4202     0.0241      0.003      0.137      0.199         91 1.3213e+02 0.0000e+00
      0.140    28.7218     5.8988     76.383  36.323643     33.790      7.779   248.3695     0.8573     0.3531     0.0241      0.002      0.138      0.200         92 1.3291e+02 0.0000e+00
      0.142    28.7216     5.8382     75.603  36.353236     33.842      7.781   248.8995     0.9543     0.6351     0.0241      0.001      0.139      0.201         93 1.3698e+02 0.0000e+00
      0.143    28.7224     5.7716     74.742  36.376029     33.842      7.785   250.7923     0.9301     0.6619     0.0241      0.001      0.140      0.203         94 1.3114e+02 0.0000e+00
      0.144    28.7257     5.7268     74.167  36.413911     33.894      7.784   251.1331     0.9422     0.5814     0.0241      0.002      0.140      0.203         95 1.3203e+02 0.0000e+00
      0.144    28.7309     5.6822     73.594  36.454386     33.920      7.786   245.4166     0.9301     0.6754     0.0242      0.003      0.140      0.203         96 1.3806e+02 0.0000e+00
      0.142    28.7368     5.6430     73.090  36.414635     33.891      7.789   247.3095     0.9341     0.3262     0.0241      0.002      0.139      0.201         97 1.3116e+02 0.0000e+00
      0.140    28.7426     5.6077     72.638  36.433719     33.888      7.790   247.7638     0.9503     0.5545     0.0241      0.001      0.137      0.198         98 1.3556e+02 0.0000e+00
      0.137    28.7467     5.5796     72.278  36.460291     33.936      7.787   251.1709     0.9382     0.4605     0.0242     -0.001      0.134      0.194         99 1.3950e+02 0.0000e+00
      0.133    28.7497     5.5524     71.931  36.440881     33.881      7.791   251.2845     0.9422     0.3397     0.0241     -0.003      0.130      0.188        100 1.3716e+02 0.0000e+00
      0.128    28.7549     5.5310     71.657  36.487531     33.956      7.792   246.5902     0.8532     0.4068     0.0242     -0.006      0.126      0.183        101 1.4321e+02 0.0000e+00
      0.127    28.7604     5.5169     71.477  36.431892     33.876      7.792   247.2338     0.8735     0.4202     0.0241     -0.009      0.125      0.181        102 1.4056e+02 0.0000e+00
      0.128    28.7634     5.5055     71.333  36.421145     33.873      7.792   247.2338     0.8815     0.4605     0.0241     -0.010      0.126      0.182        103 1.4115e+02 0.0000e+00
      0.130    28.7650     5.4997     71.261  36.471244     33.921      7.792   248.8995     0.8775     0.4337     0.0242     -0.009      0.127      0.184        104 1.4613e+02 0.0000e+00
      0.131    28.7679     5.4979     71.241  36.428859     33.868      7.792   249.1266     0.8573     0.3397     0.0241     -0.006      0.128      0.186        105 1.4031e+02 0.0000e+00
      0.131    28.7717     5.5019     71.297  36.473892     33.919      7.790   249.6566     0.8856     0.5545     0.0242     -0.004      0.128      0.186        106 1.3985e+02 0.0000e+00
      0.130    28.7752     5.5063     71.359  36.563495     33.995      7.795   249.8838     0.8896     0.4337     0.0242     -0.002      0.128      0.186        107 1.4176e+02 0.0000e+00
      0.131    28.7790     5.5119     71.436  36.524960     33.966      7.796   249.3159     0.8856     0.4740     0.0242      0.000      0.128      0.186        108 1.3791e+02 0.0000e+00
      0.131    28.7829     5.5226     71.578  36.492188     33.912      7.797   248.8995     0.8735     0.4337     0.0242      0.002      0.128      0.186        109 1.3835e+02 0.0000e+00
      0.131    28.7864     5.5267     71.637  36.515300     33.962      7.798   248.2559     0.8532     0.4068     0.0242      0.002      0.128      0.186        110 1.4102e+02 0.0000e+00
      0.131    28.7892     5.5299     71.680  36.496195     33.907      7.798   248.6723     0.8896     0.3800     0.0242      0.001      0.128      0.186        111 1.4012e+02 0.0000e+00
      0.132    28.7916     5.5265     71.638  36.515963     33.957      7.799   248.6723     0.8815     0.4471     0.0242      0.001      0.129      0.187        112 1.3808e+02 0.0000e+00
      0.132    28.7940     5.5208     71.567  36.520356     33.929      7.801   254.1995     0.9341     0.5008     0.0242      0.001      0.129      0.187        113 1.3833e+02 0.0000e+00
      0.132    28.7965     5.5139     71.482  36.520384     33.954      7.801   251.7009     0.9382     0.4068     0.0242      0.001      0.129      0.187        114 1.4036e+02 0.0000e+00
      0.131    28.7994     5.5033     71.347  36.486266     33.900      7.800   252.1173     0.9584     0.3800     0.0242      0.001      0.128      0.186        115 1.4271e+02 0.0000e+00
      0.130    28.8031     5.5036     71.355  36.473838     33.899      7.800   252.5716     0.9260     0.4471     0.0242     -0.000      0.127      0.185        116 1.4299e+02 0.0000e+00
      0.130    28.8068     5.5017     71.334  36.535850     33.949      7.801   251.2088     0.9584     0.4874     0.0242     -0.001      0.127      0.184        117 1.4073e+02 0.0000e+00
      0.129    28.8100     5.4903     71.190  36.557384     33.973      7.804   257.0388     0.9624     0.7022     0.0242     -0.001      0.127      0.183        118 1.4169e+02 0.0000e+00
      0.128    28.8134     5.4853     71.126  36.536014     33.944      7.802   256.2816     0.9301     0.6619     0.0242     -0.002      0.126      0.183        119 1.4261e+02 0.0000e+00
      0.129    28.8165     5.4711     70.941  36.532786     33.942      7.802   256.5845     0.9139     0.7022     0.0242     -0.002      0.126      0.183        120 1.4340e+02 0.0000e+00
      0.129    28.8186     5.4509     70.680  36.531741     33.940      7.805   256.9252     0.9503     0.5545     0.0242     -0.002      0.126      0.183        121 1.4104e+02 0.0000e+00
      0.130    28.8203     5.4267     70.371  36.537313     33.938      7.804   254.3509     0.9422     0.7157     0.0242     -0.001      0.127      0.184        122 1.3796e+02 0.0000e+00
      0.131    28.8229     5.3961     69.982  36.525850     33.937      7.802   254.9188     0.9462     0.5814     0.0242     -0.000      0.128      0.186        123 1.3892e+02 0.0000e+00
      0.131    28.8258     5.3901     69.906  36.516346     33.910      7.805   259.8402     0.9099     0.5814     0.0242      0.001      0.128      0.186        124 1.4099e+02 0.0000e+00
      0.130    28.8282     5.3873     69.872  36.519482     33.934      7.807   260.0295     0.9260     0.5814     0.0242      0.001      0.128      0.186        125 1.4049e+02 0.0000e+00
      0.131    28.8311     5.3948     69.973  36.492288     33.880      7.806   259.6888     0.9584     0.3665     0.0242      0.001      0.128      0.186        126 1.3972e+02 0.0000e+00
      0.131    28.8343     5.4035     70.093  36.520529     33.931      7.806   258.9695     0.9341     0.3262     0.0242      0.001      0.129      0.186        127 1.4281e+02 0.0000e+00
      0.131    28.8373     5.4103     70.185  36.543653     33.929      7.807   258.9695     0.9503     0.4202     0.0242      0.001      0.129      0.186        128 1.4037e+02 0.0000e+00
      0.132    28.8381     5.4134     70.230  36.552484     33.953      7.810   259.0074     0.9422     0.4068     0.0242      0.001      0.130      0.188        129 1.3963e+02 0.0000e+00
      0.135    28.8371     5.4210     70.332  36.479877     33.873      7.809   259.8402     0.9543     0.6619     0.0242      0.002      0.133      0.193        130 1.3627e+02 0.0000e+00
      0.140    28.8382     5.4257     70.399  36.426399     33.821      7.808   260.2567     0.9260     0.6485     0.0241      0.003      0.137      0.198        131 1.3151e+02 0.0000e+00
      0.143    28.8425     5.4218     70.353  36.470744     33.873      7.807   261.2409     0.9341     0.5679     0.0242      0.006      0.140      0.203        132 1.3100e+02 0.0000e+00
      0.145    28.8475     5.4206     70.341  36.484008     33.873      7.806   261.6952     0.9382     0.6217     0.0242      0.008      0.142      0.206        133 1.3366e+02 0.0000e+00
      0.146    28.8497     5.4210     70.345  36.528525     33.922      7.804   261.5817     0.8937     0.6082     0.0242      0.009      0.142      0.206        134 1.3607e+02 0.0000e+00
      0.143    28.8511     5.4341     70.510  36.563633     33.944      7.801   256.2816     0.8856     0.6888     0.0242      0.008      0.141      0.204        135 1.3230e+02 0.0000e+00
      0.141    28.8551     5.4562     70.795  36.529291     33.917      7.805   258.0988     0.8856     0.6485     0.0242      0.007      0.140      0.203        136 1.3556e+02 0.0000e+00
      0.142    28.8602     5.4794     71.104  36.482288     33.864      7.801   258.0988     0.8613     0.6888     0.0242      0.005      0.140      0.203        137 1.3457e+02 0.0000e+00
      0.144    28.8642     5.4841     71.172  36.473833     33.862      7.805   261.0517     0.8775     0.6888     0.0242      0.002      0.140      0.203        138 1.2928e+02 0.0000e+00
      0.143    28.8675     5.4705     70.998  36.480493     33.859      7.805   261.0517     0.8856     0.6754     0.0242      0.000      0.139      0.203        139 1.3425e+02 0.0000e+00
      0.141    28.8710     5.4400     70.608  36.533317     33.908      7.805   261.3167     0.8654     0.6217     0.0242     -0.001      0.138      0.201        140 1.3988e+02 0.0000e+00
      0.141    28.8750     5.4040     70.149  36.556387     33.932      7.808   255.6381     0.8735     0.7828     0.0242     -0.002      0.138      0.201        141 1.3520e+02 0.0000e+00
      0.142    28.8792     5.3670     69.673  36.540756     33.904      7.808   257.6824     0.8775     0.6351     0.0242     -0.002      0.138      0.201        142 1.3759e+02 0.0000e+00
      0.140    28.8821     5.3342     69.249  36.582424     33.953      7.807   258.2881     0.8532     0.5814     0.0242     -0.001      0.137      0.199        143 1.3869e+02 0.0000e+00
      0.138    28.8815     5.3052     68.875  36.593505     33.951      7.806   261.0895     0.8896     0.6619     0.0242     -0.002      0.134      0.195        144 1.3497e+02 0.0000e+00
      0.132    28.8770     5.2767     68.509  36.586283     33.949      7.802   261.0138     0.8654     0.6351     0.0242     -0.004      0.129      0.188        145 1.4521e+02 0.0000e+00
      0.126    28.8758     5.2565     68.251  36.621070     33.975      7.797   257.6066     0.8977     0.6351     0.0242     -0.007      0.124      0.179        146 1.4759e+02 0.0000e+00
      0.120    28.8822     5.2383     68.015  36.579871     33.952      7.798   257.1524     0.8775     0.6217     0.0242     -0.010      0.120      0.173        147 1.4953e+02 0.0000e+00
      0.120    28.8871     5.2183     67.754  36.489262     33.849      7.799   256.8495     0.8613     0.6888     0.0242     -0.012      0.120      0.173        148 1.5113e+02 0.0000e+00
      0.126    28.8892     5.1914     67.405  36.466905     33.845      7.803   257.6066     0.8896     0.5545     0.0242     -0.011      0.123      0.178        149 1.4599e+02 0.0000e+00
      0.129    28.8947     5.1668     67.088  36.489057     33.842      7.800   258.9695     0.8856     0.6351     0.0242     -0.009      0.125      0.181        150 1.4776e+02 0.0000e+00
      0.128    28.9009     5.1453     66.813  36.521007     33.892      7.800   259.4617     0.9058     0.3262     0.0242     -0.006      0.124      0.181        151 1.4834e+02 0.0000e+00
      0.125    28.9045     5.1306     66.626  36.516117     33.863      7.787   260.5217     0.9624     0.4068     0.0242     -0.003      0.123      0.179        152 1.4756e+02 0.0000e+00
      0.125    28.9061     5.1198     66.490  36.524800     33.885      7.764   259.4617     0.9058     0.4740     0.0242     -0.000      0.122      0.177        153 1.4984e+02 0.0000e+00
      0.123    28.9082     5.1135     66.414  36.539858     33.883      7.750   259.7645     0.9341     0.4337     0.0242      0.001      0.121      0.175        154 1.5055e+02 0.0000e+00
      0.121    28.9118     5.1096     66.366  36.527035     33.882      7.745   258.6667     0.8937     0.6619     0.0242      0.000      0.120      0.174        155 1.5398e+02 0.0000e+00
      0.122    28.9150     5.1009     66.254  36.540758     33.880      7.745   258.3259     0.8613     0.6217     0.0242     -0.001      0.121      0.174        156 1.5426e+02 0.0000e+00
      0.124    28.9154     5.0824     66.008  36.552438     33.904      7.753   263.8910     0.8654     0.5277     0.0242     -0.003      0.123      0.177        157 1.4928e+02 0.0000e+00
      0.128    28.9138     5.0685     65.822  36.542156     33.876      7.761   262.6038     0.8573     0.6754     0.0242     -0.001      0.126      0.182        158 1.4756e+02 0.0000e+00
      0.130    28.9142     5.0427     65.485  36.523892     33.876      7.767   262.9824     0.8532     0.6351     0.0242      0.001      0.127      0.185        159 1.4460e+02 0.0000e+00
      0.130    28.9166     5.0182     65.168  36.545507     33.877      7.771   261.1652     0.8896     0.6217     0.0242      0.003      0.127      0.185        160 1.4568e+02 0.0000e+00
      0.129    28.9199     4.9961     64.884  36.515256     33.877      7.773   261.3545     0.8815     0.7022     0.0242      0.004      0.127      0.184        161 1.4824e+02 0.0000e+00
      0.129    28.9235     4.9755     64.620  36.502221     33.823      7.777   261.3924     0.8775     0.6082     0.0242      0.005      0.127      0.184        162 1.4851e+02 0.0000e+00
      0.128    28.9273     4.9664     64.508  36.591387     33.951      7.780   266.6545     0.8815     0.6619     0.0242      0.004      0.126      0.184        163 1.4837e+02 0.0000e+00
      0.128    28.9313     4.9629     64.466  36.552584     33.871      7.786   266.5788     0.9301     0.4068     0.0242      0.003      0.126      0.184        164 1.5008e+02 0.0000e+00
      0.130    28.9345     4.9663     64.514  36.520852     33.868      7.791   266.7302     0.9301     0.4337     0.0242      0.001      0.127      0.185        165 1.5058e+02 0.0000e+00
      0.131    28.9345     4.9699     64.564  36.541898     33.866      7.794   264.8752     0.9462     0.4605     0.0242      0.000      0.128      0.187        166 1.4931e+02 0.0000e+00
      0.134    28.9303     4.9685     64.549  36.526388     33.864      7.799   264.9131     0.9260     0.4068     0.0242      0.001      0.131      0.190        167 1.5259e+02 0.0000e+00
      0.137    28.9256     4.9653     64.508  36.480835     33.812      7.797   265.4431     0.9099     0.5814     0.0242      0.003      0.134      0.194        168 1.4851e+02 0.0000e+00
      0.139    28.9238     4.9566     64.394  36.509614     33.841      7.798   266.9574     0.8896     0.6619     0.0242      0.005      0.136      0.197        169 1.4666e+02 0.0000e+00
      0.138    28.9251     4.9393     64.160  36.579551     33.921      7.799   268.4338     0.8452     0.6082     0.0242      0.006      0.136      0.197        170 1.4723e+02 0.0000e+00
