Data/DataNotYetUploadedToEDI/Raw_CTD/2018_RawDownloads/061818_fcr45.cnv
* Sea-Bird SBE19plus  Data File:
* FileName = C:\DATA\061818_fcr_0005.hex
* Software version 2.6.3.104
* Temperature SN = 7809
* Conductivity SN = 7809
* System UpLoad Time = Jun 18 2018 19:17:44
* <ApplicationData>
* <Seaterm232>
# nquan = 17
# nvalues = 819                         
# units = specified
# name 0 = depFM: Depth [fresh water, m]
# name 1 = tv290C: Temperature [ITS-90, deg C]
# name 2 = sbeox0Mg/L: Oxygen, SBE 43 [mg/l]
# name 3 = sbeox0PS: Oxygen, SBE 43 [% saturation]
# name 4 = c0uS/cm: Conductivity [uS/cm]
# name 5 = specc: Specific Conductance [uS/cm]
# name 6 = ph: pH
# name 7 = orp: Oxidation Reduction Potential [mV]
# name 8 = flECO-AFL: Fluorescence, WET Labs ECO-AFL/FL [mg/m^3]
# name 9 = turbWETntu0: Turbidity, WET Labs ECO [NTU]
# name 10 = sal00: Salinity, Practical [PSU]
# name 11 = dz/dtM: Descent Rate [m/s]
# name 12 = prdM: Pressure, Strain Gauge [db]
# name 13 = prdE: Pressure, Strain Gauge [psi]
# name 14 = scan: Scan Count
# name 15 = par/sat/log: PAR/Logarithmic, Satlantic
# name 16 = flag:  0.000e+00
# span 0 =     -0.543,      6.636       
# span 1 =    10.6030,    28.6436       
# span 2 =     3.5439,    10.9132       
# span 3 =     33.534,    128.496       
# span 4 =   0.570986,  36.538356       
# span 5 =      0.536,     43.577       
# span 6 =      6.335,      8.271       
# span 7 =  -328.8022,   351.0762       
# span 8 =    -0.2021,     4.3672       
# span 9 =    -0.6674,    66.2574       
# span 10 =     0.0128,     0.0240      
# span 11 =     -0.220,      0.181      
# span 12 =     -0.533,      6.504      
# span 13 =     -0.773,      9.432      
# span 14 =          1,        819      
# span 15 = 5.0461e-01, 2.0996e+03      
# span 16 = 0.0000e+00, 0.0000e+00      
# interval = seconds: 0.25
# start_time = Jun 18 2018 18:26:27 [Instrument's time stamp, header]
# bad_flag = -9.990e-29
*END*
[from data line 426]
      1.965    20.7479     9.8049    107.753  30.196134     32.885      7.623   279.2231     1.8116     1.2931     0.0216      0.079      1.929      2.797        427 3.4692e+01 0.0000e+00
      1.981    20.6368     9.8777    108.568  30.185148     32.951      7.618   279.1853     1.6418     1.1051     0.0216      0.076      1.943      2.817        428 3.4271e+01 0.0000e+00
      1.996    20.4988     9.9889    109.754  30.136920     32.931      7.608   279.7531     1.6215     1.1185     0.0216      0.071      1.956      2.836        429 3.4039e+01 0.0000e+00
      2.004    20.3807    10.1268    111.056  30.137587     33.012      7.601   279.8289     1.6458     1.0111     0.0216      0.063      1.966      2.852        430 3.3905e+01 0.0000e+00
      2.016    20.2947    10.2688    112.298  30.125063     33.113      7.597   280.0560     1.6498     1.0111     0.0216      0.056      1.979      2.870        431 3.3445e+01 0.0000e+00
      2.035    20.2410    10.4036    113.466  30.093258     33.137      7.590   280.5860     1.5730     0.7694     0.0216      0.053      1.997      2.897        432 3.2834e+01 0.0000e+00
      2.060    20.1873    10.5076    114.306  30.117914     33.262      7.581   281.3810     1.5609     0.8634     0.0216      0.055      2.018      2.927        433 3.2291e+01 0.0000e+00
      2.078    20.1097    10.5660    114.617  29.975815     33.115      7.565   280.8510     1.5568     0.9171     0.0215      0.059      2.034      2.950        434 3.2096e+01 0.0000e+00
      2.082    20.0389    10.5702    114.290  29.825375     33.000      7.556   281.4189     1.5568     0.7694     0.0214      0.060      2.042      2.961        435 3.1984e+01 0.0000e+00
      2.087    19.9886    10.5237    113.524  29.771459     32.995      7.548   281.6460     1.5649     0.8634     0.0214      0.057      2.047      2.968        436 3.1825e+01 0.0000e+00
      2.092    19.9568    10.4394    112.545  29.716794     32.986      7.543   281.9867     1.6377     1.0648     0.0214      0.053      2.052      2.975        437 3.1653e+01 0.0000e+00
      2.095    19.9604    10.3392    111.458  29.715536     33.021      7.538   281.9489     1.6134     1.0782     0.0214      0.047      2.058      2.985        438 3.1350e+01 0.0000e+00
      2.110    19.9435    10.2260    110.218  29.654446     32.985      7.533   282.8196     1.6215     1.0245     0.0214      0.041      2.072      3.005        439 3.0920e+01 0.0000e+00
      2.131    19.8477    10.1169    109.013  29.555636     32.855      7.528   283.0089     1.6134     1.0916     0.0213      0.038      2.093      3.035        440 3.0229e+01 0.0000e+00
      2.162    19.7084    10.0251    107.934  29.601314     32.930      7.515   283.9553     1.5649     1.0379     0.0213      0.041      2.121      3.075        441 2.9587e+01 0.0000e+00
      2.194    19.5727     9.9622    107.106  29.597612     33.000      7.503   284.4474     1.5649     1.0782     0.0213      0.053      2.150      3.117        442 2.9092e+01 0.0000e+00
      2.220    19.4451     9.9141    106.416  29.560277     33.042      7.494   284.7124     1.5447     1.0111     0.0213      0.068      2.176      3.156        443 2.8601e+01 0.0000e+00
      2.243    19.3029     9.8613    105.734  29.529232     33.142      7.487   284.7882     1.5851     1.1319     0.0213      0.082      2.201      3.193        444 2.8023e+01 0.0000e+00
      2.273    19.1432     9.8122    105.048  29.488057     33.143      7.480   285.4696     1.5043     1.0782     0.0213      0.095      2.228      3.232        445 2.7379e+01 0.0000e+00
      2.301    19.0288     9.7558    104.190  29.581926     33.406      7.469   285.4317     1.5083     0.9842     0.0213      0.104      2.251      3.265        446 2.7131e+01 0.0000e+00
      2.311    18.9968     9.6697    103.088  29.649667     33.560      7.460   285.4317     1.5124     1.1453     0.0213      0.104      2.263      3.283        447 2.7144e+01 0.0000e+00
      2.312    18.9929     9.5165    101.446  29.641007     33.680      7.457   285.5453     1.5083     1.0782     0.0214      0.094      2.267      3.288        448 2.7116e+01 0.0000e+00
      2.312    18.9852     9.3215     99.429  29.622396     33.640      7.455   285.5453     1.4598     0.8365     0.0213      0.078      2.269      3.292        449 2.7064e+01 0.0000e+00
      2.318    18.9702     9.1048     97.054  29.643197     33.706      7.453   285.5832     1.4436     0.8634     0.0214      0.062      2.274      3.299        450 2.6958e+01 0.0000e+00
      2.328    18.9302     8.8910     94.670  29.615124     33.649      7.452   285.8860     1.4355     0.9305     0.0213      0.049      2.284      3.312        451 2.6812e+01 0.0000e+00
      2.340    18.8597     8.7127     92.698  29.657337     33.723      7.449   285.6589     1.4274     0.7962     0.0214      0.039      2.295      3.328        452 2.6609e+01 0.0000e+00
      2.352    18.7822     8.5565     91.017  29.738921     33.850      7.447   286.1889     1.4274     0.8097     0.0214      0.031      2.309      3.348        453 2.6406e+01 0.0000e+00
      2.370    18.7265     8.4208     89.586  29.721157     33.871      7.443   286.0753     1.4194     0.8097     0.0214      0.031      2.324      3.371        454 2.6142e+01 0.0000e+00
      2.387    18.6507     8.3255     88.585  29.768420     33.997      7.442   286.1889     1.4436     0.8365     0.0214      0.038      2.342      3.397        455 2.5775e+01 0.0000e+00
      2.408    18.5338     8.2632     87.916  29.887682     34.167      7.439   286.4917     1.4436     0.8768     0.0215      0.048      2.360      3.423        456 2.5538e+01 0.0000e+00
      2.425    18.4462     8.2273     87.526  30.017513     34.385      7.433   286.4917     1.4113     0.8365     0.0215      0.057      2.375      3.444        457 2.5416e+01 0.0000e+00
      2.432    18.4431     8.2088     87.318  30.021980     34.480      7.428   286.4160     1.6175     1.0916     0.0215      0.060      2.383      3.456        458 2.5444e+01 0.0000e+00
      2.434    18.4688     8.2039     87.282  29.941465     34.453      7.425   287.0596     1.6418     1.0916     0.0215      0.058      2.388      3.464        459 2.5384e+01 0.0000e+00
      2.441    18.4404     8.2032     87.303  29.969494     34.488      7.422   287.8546     1.6458     1.0916     0.0215      0.053      2.397      3.476        460 2.5117e+01 0.0000e+00
      2.458    18.3849     8.2173     87.444  30.076055     34.592      7.416   287.7032     1.6539     1.1319     0.0215      0.049      2.410      3.495        461 2.5003e+01 0.0000e+00
      2.472    18.3471     8.2462     87.698  30.075701     34.618      7.414   288.2332     1.5730     0.9976     0.0215      0.046      2.424      3.515        462 2.4928e+01 0.0000e+00
      2.484    18.3354     8.2784     87.928  30.088545     34.661      7.408   288.3846     1.5771     1.1051     0.0215      0.043      2.436      3.533        463 2.4762e+01 0.0000e+00
      2.494    18.3431     8.3150     88.151  30.119390     34.757      7.406   288.7253     1.5730     1.0648     0.0216      0.041      2.446      3.548        464 2.4592e+01 0.0000e+00
      2.504    18.3494     8.3273     88.154  30.096631     34.701      7.404   288.8010     1.5568     1.0514     0.0215      0.042      2.454      3.560        465 2.4557e+01 0.0000e+00
      2.509    18.3474     8.3187     87.962  30.176176     34.824      7.397   288.7632     1.5649     1.0245     0.0216      0.043      2.459      3.567        466 2.4532e+01 0.0000e+00
      2.511    18.3417     8.2678     87.252  30.138998     34.754      7.395   289.2553     1.5649     1.0514     0.0216      0.041      2.462      3.570        467 2.4532e+01 0.0000e+00
      2.512    18.3362     8.1834     86.168  30.083594     34.692      7.391   289.5960     1.5690     1.0916     0.0215      0.035      2.464      3.574        468 2.4505e+01 0.0000e+00
      2.516    18.3445     8.0746     84.877  30.126524     34.760      7.383   289.7096     1.5690     1.1588     0.0216      0.027      2.469      3.582        469 2.4307e+01 0.0000e+00
      2.527    18.3600     7.9471     83.426  30.085575     34.701      7.382   289.8610     1.5771     0.8768     0.0215      0.023      2.478      3.594        470 2.4183e+01 0.0000e+00
      2.537    18.3555     7.7994     81.789  30.134555     34.758      7.376   289.9746     1.5487     0.8231     0.0216      0.022      2.488      3.608        471 2.4139e+01 0.0000e+00
      2.546    18.3255     7.6279     80.014  30.184168     34.810      7.374   290.1260     1.5730     0.8499     0.0216      0.023      2.498      3.622        472 2.4027e+01 0.0000e+00
      2.557    18.2620     7.4577     78.316  30.142431     34.749      7.370   290.2396     1.5771     0.9305     0.0216      0.026      2.508      3.637        473 2.3878e+01 0.0000e+00
      2.568    18.1717     7.3248     76.886  30.186499     34.838      7.364   290.6560     1.6539     1.0379     0.0216      0.031      2.517      3.651        474 2.3800e+01 0.0000e+00
      2.574    18.1018     7.2106     75.502  30.247941     34.953      7.359   290.8075     1.6337     0.9439     0.0216      0.034      2.524      3.661        475 2.3755e+01 0.0000e+00
      2.578    18.0437     7.1272     74.410  30.243896     35.027      7.354   290.5803     1.6215     1.0916     0.0216      0.035      2.532      3.671        476 2.3600e+01 0.0000e+00
      2.593    17.9492     7.0475     73.455  30.250868     35.084      7.350   290.8075     1.6256     1.1588     0.0216      0.036      2.544      3.689        477 2.3350e+01 0.0000e+00
      2.611    17.8406     6.9749     72.624  30.417199     35.325      7.345   291.2617     1.6094     1.0514     0.0217      0.038      2.560      3.713        478 2.3155e+01 0.0000e+00
      2.628    17.7576     6.8839     71.646  30.481690     35.501      7.338   291.5267     1.7024     1.0379     0.0217      0.042      2.576      3.737        479 2.2967e+01 0.0000e+00
      2.642    17.6920     6.8152     70.927  30.437503     35.494      7.336   291.7160     1.6903     1.0245     0.0217      0.046      2.591      3.759        480 2.2729e+01 0.0000e+00
      2.658    17.6427     6.7468     70.218  30.531531     35.726      7.329   292.2839     1.6862     1.0916     0.0218      0.050      2.607      3.782        481 2.2420e+01 0.0000e+00
      2.677    17.6570     6.6824     69.577  30.512965     35.715      7.319   292.6625     1.7145     1.0379     0.0218      0.056      2.623      3.805        482 2.2189e+01 0.0000e+00
      2.690    17.7069     6.6445     69.237  30.490286     35.758      7.310   293.1546     1.6943     0.9976     0.0218      0.060      2.638      3.826        483 2.2076e+01 0.0000e+00
      2.702    17.6872     6.6272     69.080  30.500468     35.746      7.301   293.8739     1.6862     0.9574     0.0218      0.062      2.654      3.849        484 2.1746e+01 0.0000e+00
      2.727    17.5677     6.6381     69.142  30.500293     35.701      7.288   295.2746     1.6741     1.1051     0.0218      0.063      2.675      3.879        485 2.1372e+01 0.0000e+00
      2.753    17.4301     6.6808     69.339  30.609099     35.849      7.275   295.4639     1.6862     0.9976     0.0218      0.067      2.696      3.911        486 2.1186e+01 0.0000e+00
      2.768    17.3461     6.7273     69.548  30.661582     36.015      7.260   295.5775     1.6903     1.0916     0.0218      0.069      2.711      3.932        487 2.1123e+01 0.0000e+00
      2.774    17.2988     6.7725     69.793  30.672231     36.135      7.252   295.0096     1.7186     1.0648     0.0218      0.068      2.719      3.944        488 2.1141e+01 0.0000e+00
      2.777    17.2769     6.7959     69.888  30.655202     36.204      7.244   295.1989     1.6903     1.0648     0.0218      0.064      2.723      3.949        489 2.1154e+01 0.0000e+00
      2.779    17.2748     6.7943     69.778  30.623508     36.181      7.233   295.5775     1.6984     1.0648     0.0218      0.056      2.725      3.952        490 2.1151e+01 0.0000e+00
      2.778    17.2757     6.7494     69.230  30.652391     36.264      7.226   295.3503     1.6377     1.0648     0.0218      0.046      2.725      3.952        491 2.1169e+01 0.0000e+00
      2.778    17.2986     6.6677     68.291  30.619269     36.200      7.218   295.1989     1.6377     1.1051     0.0218      0.034      2.725      3.952        492 2.1155e+01 0.0000e+00
      2.780    17.3322     6.5803     67.322  30.605429     36.199      7.214   295.5775     1.6498     0.9842     0.0218      0.020      2.726      3.953        493 2.1192e+01 0.0000e+00
      2.781    17.3529     6.4851     66.321  30.610309     36.181      7.211   295.3882     1.6175     1.0111     0.0218      0.010      2.727      3.956        494 2.1202e+01 0.0000e+00
      2.783    17.3087     6.3898     65.327  30.613186     36.149      7.206   295.3503     1.7024     1.0379     0.0218      0.006      2.731      3.962        495 2.1138e+01 0.0000e+00
      2.792    17.1456     6.2992     64.420  30.601836     36.135      7.203   295.6153     1.6903     0.9976     0.0218      0.006      2.739      3.973        496 2.1091e+01 0.0000e+00
      2.805    16.9538     6.2145     63.582  30.624430     36.166      7.200   295.7289     1.7064     1.0648     0.0218      0.011      2.751      3.991        497 2.0876e+01 0.0000e+00
      2.820    16.8048     6.1459     62.863  30.703698     36.446      7.192   295.9182     1.6984     0.9976     0.0219      0.018      2.764      4.008        498 2.0786e+01 0.0000e+00
      2.828    16.7030     6.1019     62.332  30.681155     36.543      7.191   296.2589     1.7914     1.1319     0.0218      0.025      2.773      4.021        499 2.0797e+01 0.0000e+00
      2.832    16.6400     6.0839     62.014  30.652557     36.676      7.182   296.0318     1.7752     1.0648     0.0218      0.030      2.780      4.032        500 2.0665e+01 0.0000e+00
      2.844    16.5792     6.0686     61.741  30.680048     36.763      7.180   296.8268     1.7671     1.0782     0.0218      0.035      2.792      4.051        501 2.0398e+01 0.0000e+00
      2.868    16.5091     6.0653     61.643  30.706289     36.886      7.176   297.2053     1.7428     1.0916     0.0219      0.041      2.812      4.079        502 2.0101e+01 0.0000e+00
      2.891    16.4584     6.0704     61.665  30.738537     36.940      7.169   298.3032     1.7671     1.0648     0.0219      0.049      2.832      4.108        503 1.9958e+01 0.0000e+00
      2.906    16.4366     6.0716     61.640  30.758550     37.070      7.161   298.3411     1.7590     1.0916     0.0219      0.054      2.847      4.129        504 1.9801e+01 0.0000e+00
      2.912    16.4249     6.0761     61.590  30.740714     37.049      7.155   299.3632     1.7711     1.0782     0.0219      0.055      2.855      4.142        505 1.9732e+01 0.0000e+00
      2.918    16.4383     6.0659     61.462  30.760755     37.134      7.147   299.2118     1.7509     1.0245     0.0219      0.055      2.864      4.153        506 1.9651e+01 0.0000e+00
      2.930    16.4585     6.0476     61.328  30.792922     37.146      7.143   299.3253     1.7550     1.0916     0.0219      0.055      2.874      4.168        507 1.9497e+01 0.0000e+00
      2.942    16.4452     6.0197     61.124  30.759988     37.133      7.141   299.6661     1.6781     1.0916     0.0219      0.053      2.888      4.189        508 1.9292e+01 0.0000e+00
      2.964    16.3839     5.9924     60.809  30.683133     36.980      7.136   299.9689     1.7064     1.1319     0.0218      0.052      2.909      4.219        509 1.8919e+01 0.0000e+00
      2.993    16.2828     5.9579     60.243  30.710655     37.059      7.126   301.3696     1.7105     1.0245     0.0219      0.053      2.934      4.255        510 1.8581e+01 0.0000e+00
