Data/DataNotYetUploadedToEDI/Raw_CTD/2018_RawDownloads/062118_bvr50.cnv
* Sea-Bird SBE19plus  Data File:
* FileName = C:\DATA\062118_bvr_0001.hex
* Software version 2.6.3.104
* Temperature SN = 7809
* Conductivity SN = 7809
* System UpLoad Time = Jun 21 2018 16:09:03
* <ApplicationData>
* <Seaterm232>
# nquan = 17
# nvalues = 1105                        
# units = specified
# name 0 = depFM: Depth [fresh water, m]
# name 1 = tv290C: Temperature [ITS-90, deg C]
# name 2 = sbeox0Mg/L: Oxygen, SBE 43 [mg/l]
# name 3 = sbeox0PS: Oxygen, SBE 43 [% saturation]
# name 4 = c0uS/cm: Conductivity [uS/cm]
# name 5 = specc: Specific Conductance [uS/cm]
# name 6 = ph: pH
# name 7 = orp: Oxidation Reduction Potential [mV]
# name 8 = flECO-AFL: Fluorescence, WET Labs ECO-AFL/FL [mg/m^3]
# name 9 = turbWETntu0: Turbidity, WET Labs ECO [NTU]
# name 10 = sal00: Salinity, Practical [PSU]
# name 11 = dz/dtM: Descent Rate [m/s]
# name 12 = prdM: Pressure, Strain Gauge [db]
# name 13 = prdE: Pressure, Strain Gauge [psi]
# name 14 = scan: Scan Count
# name 15 = par/sat/log: PAR/Logarithmic, Satlantic
# name 16 = flag:  0.000e+00
# span 0 =     -0.707,     10.662       
# span 1 =     7.4392,    27.5899       
# span 2 =     0.0498,    11.6156       
# span 3 =      0.434,    135.034       
# span 4 =   2.452272,  71.156796       
# span 5 =      2.315,    110.230       
# span 6 =      4.365,      8.536       
# span 7 = -1240.7455,  1240.2295       
# span 8 =    -0.1941,    13.1014       
# span 9 =    -0.7077,     5.9123       
# span 10 =     0.0128,     0.0505      
# span 11 =     -0.160,      0.245      
# span 12 =     -0.693,     10.455      
# span 13 =     -1.005,     15.163      
# span 14 =          1,       1105      
# span 15 = 1.2282e-01, 1.2792e+03      
# span 16 = 0.0000e+00, 0.0000e+00      
# interval = seconds: 0.25
# start_time = Jun 21 2018 14:23:37 [Instrument's time stamp, header]
# bad_flag = -9.990e-29
*END*
[from data line 511]
      3.378    16.9259     5.5280     56.132  24.564851     29.136      7.757   304.1332    11.5770     1.4676     0.0188      0.070      3.313      4.805        512 2.0838e+01 0.0000e+00
      3.397    16.8399     5.3532     54.207  24.582960     29.273      7.747   304.3604    11.0149     1.4408     0.0188      0.074      3.330      4.830        513 2.0533e+01 0.0000e+00
      3.413    16.7629     5.1998     52.534  24.567380     29.271      7.736   304.2468    10.9906     1.5482     0.0188      0.075      3.349      4.857        514 2.0207e+01 0.0000e+00
      3.434    16.6674     5.0464     50.854  24.584271     29.399      7.725   304.5118    10.9785     1.5079     0.0188      0.075      3.369      4.887        515 1.9745e+01 0.0000e+00
      3.460    16.5439     4.8847     49.112  24.621253     29.453      7.712   304.8525    10.9866     1.5348     0.0188      0.078      3.392      4.920        516 1.9302e+01 0.0000e+00
      3.481    16.4202     4.7393     47.530  24.669596     29.620      7.694   304.8904     9.3530     1.2796     0.0189      0.079      3.412      4.950        517 1.9000e+01 0.0000e+00
      3.498    16.3217     4.5980     45.976  24.613070     29.609      7.677   305.4204     9.3651     1.3333     0.0188      0.079      3.430      4.975        518 1.8737e+01 0.0000e+00
      3.513    16.2574     4.4571     44.444  24.543427     29.628      7.665   305.6854     9.3813     1.3199     0.0188      0.078      3.445      4.997        519 1.8497e+01 0.0000e+00
      3.529    16.2251     4.2887     42.662  24.608094     29.769      7.652   305.5339     9.3894     1.2259     0.0188      0.076      3.461      5.019        520 1.8266e+01 0.0000e+00
      3.544    16.1979     4.1513     41.211  24.651197     29.880      7.645   305.6096     5.5843     1.2393     0.0188      0.074      3.477      5.042        521 1.7976e+01 0.0000e+00
      3.563    16.1015     3.9887     39.528  24.667663     29.906      7.642   305.7989     5.5883     1.2796     0.0188      0.072      3.494      5.067        522 1.7685e+01 0.0000e+00
      3.580    15.9726     3.8453     38.038  24.646898     29.922      7.637   305.9882     5.5883     1.2931     0.0188      0.069      3.511      5.092        523 1.7483e+01 0.0000e+00
      3.596    15.8627     3.7134     36.667  24.617768     29.927      7.637   305.3825     5.6086     1.1588     0.0188      0.066      3.529      5.118        524 1.7155e+01 0.0000e+00
      3.619    15.7454     3.5991     35.482  24.674303     30.124      7.632   306.1018     5.2770     1.2796     0.0188      0.066      3.550      5.149        525 1.6752e+01 0.0000e+00
      3.645    15.6362     3.4935     34.399  24.665509     30.169      7.626   306.4046     5.2689     1.1722     0.0188      0.070      3.574      5.184        526 1.6428e+01 0.0000e+00
      3.669    15.5182     3.3844     33.286  24.599109     30.190      7.621   306.9725     5.2891     1.3065     0.0187      0.076      3.599      5.220        527 1.6009e+01 0.0000e+00
      3.697    15.3802     3.3105     32.538  24.549477     30.200      7.612   307.1996     5.2891     1.2662     0.0187      0.082      3.624      5.256        528 1.5677e+01 0.0000e+00
      3.719    15.2515     3.2480     31.901  24.549459     30.288      7.598   307.8811     5.2770     1.1588     0.0187      0.087      3.645      5.288        529 1.5511e+01 0.0000e+00
      3.735    15.1389     3.2019     31.401  24.539889     30.393      7.586   308.1082     5.2810     1.3065     0.0187      0.089      3.663      5.313        530 1.5296e+01 0.0000e+00
      3.753    15.0451     3.1707     31.052  24.442863     30.351      7.572   308.7897     5.2891     1.3333     0.0186      0.089      3.680      5.338        531 1.5048e+01 0.0000e+00
      3.770    14.9634     3.1493     30.809  24.462755     30.471      7.561   308.9032     5.2729     1.2662     0.0186      0.087      3.698      5.364        532 1.4850e+01 0.0000e+00
      3.791    14.8807     3.1506     30.775  24.485529     30.577      7.547   309.2818     5.2891     1.2662     0.0186      0.083      3.718      5.393        533 1.4611e+01 0.0000e+00
      3.813    14.7966     3.1665     30.877  24.444193     30.569      7.535   309.5468     4.8362     1.2796     0.0186      0.080      3.738      5.422        534 1.4369e+01 0.0000e+00
      3.832    14.7249     3.1792     30.952  24.425298     30.633      7.518   309.9632     4.8524     1.2125     0.0186      0.077      3.755      5.447        535 1.4214e+01 0.0000e+00
      3.845    14.6669     3.1884     30.988  24.390501     30.627      7.505   310.4175     4.8281     1.3333     0.0186      0.073      3.769      5.466        536 1.4094e+01 0.0000e+00
      3.853    14.6141     3.1801     30.855  24.309670     30.613      7.492   310.7582     4.8443     1.2125     0.0185      0.070      3.779      5.480        537 1.3979e+01 0.0000e+00
      3.863    14.5838     3.1540     30.563  24.259136     30.551      7.483   311.0232     4.9575     1.0111     0.0185      0.066      3.789      5.495        538 1.3898e+01 0.0000e+00
      3.875    14.5506     3.1110     30.112  24.275558     30.664      7.469   310.8718     4.9535     1.0916     0.0185      0.060      3.803      5.515        539 1.3718e+01 0.0000e+00
      3.896    14.4832     3.0261     29.259  24.200324     30.545      7.460   311.0232     4.9616     1.1051     0.0184      0.057      3.820      5.541        540 1.3472e+01 0.0000e+00
      3.915    14.4196     2.9083     28.083  24.115641     30.499      7.445   311.4018     4.9616     1.1319     0.0184      0.056      3.838      5.567        541 1.3370e+01 0.0000e+00
      3.928    14.3682     2.8046     27.050  24.084540     30.482      7.431   311.2125     4.7917     1.2931     0.0184      0.055      3.856      5.593        542 1.3156e+01 0.0000e+00
      3.956    14.2998     2.7124     26.133  24.120480     30.602      7.419   311.8182     4.7998     1.2393     0.0184      0.059      3.879      5.627        543 1.2857e+01 0.0000e+00
      3.984    14.2208     2.6644     25.664  24.130217     30.641      7.405   312.1968     4.8201     1.3602     0.0184      0.068      3.904      5.663        544 1.2724e+01 0.0000e+00
      4.003    14.1478     2.6585     25.627  24.072442     30.624      7.391   312.2347     4.8160     1.2662     0.0184      0.076      3.927      5.695        545 1.2533e+01 0.0000e+00
      4.026    14.0697     2.6896     25.950  24.133120     30.757      7.381   312.3104     4.6219     1.2393     0.0184      0.082      3.949      5.727        546 1.2358e+01 0.0000e+00
      4.051    13.9937     2.7542     26.587  24.173298     30.886      7.368   312.8782     4.6260     1.2259     0.0184      0.087      3.969      5.757        547 1.2271e+01 0.0000e+00
      4.064    13.9344     2.8361     27.374  24.141035     30.876      7.353   313.5597     4.5936     1.2931     0.0184      0.086      3.984      5.778        548 1.2118e+01 0.0000e+00
      4.073    13.8840     2.9064     28.076  24.054728     30.865      7.340   313.7490     4.5936     1.2931     0.0183      0.083      3.996      5.795        549 1.2014e+01 0.0000e+00
      4.086    13.8337     2.9657     28.691  23.925026     30.696      7.332   313.5597     4.5977     1.2662     0.0182      0.078      4.008      5.813        550 1.1957e+01 0.0000e+00
      4.101    13.7764     3.0143     29.139  23.739275     30.557      7.321   313.7111     3.9547     1.1319     0.0182      0.070      4.022      5.833        551 1.1852e+01 0.0000e+00
      4.116    13.7213     3.0310     29.231  23.574515     30.308      7.306   313.6354     3.9507     1.1453     0.0180      0.063      4.034      5.850        552 1.1712e+01 0.0000e+00
      4.123    13.6750     3.0276     29.146  23.626182     30.498      7.293   314.0140     3.9507     1.0648     0.0181      0.057      4.041      5.862        553 1.1687e+01 0.0000e+00
      4.127    13.6639     3.0164     28.982  23.615711     30.468      7.283   313.5597     3.9426     1.0379     0.0181      0.049      4.044      5.866        554 1.1757e+01 0.0000e+00
      4.124    13.6967     2.9953     28.710  23.706127     30.650      7.277   314.3168     3.9709     1.2662     0.0181      0.040      4.044      5.866        555 1.1726e+01 0.0000e+00
      4.124    13.7386     2.9757     28.466  23.750804     30.732      7.267   314.2411     3.9628     1.2931     0.0182      0.032      4.044      5.866        556 1.1715e+01 0.0000e+00
      4.124    13.7600     2.9556     28.228  23.678679     30.559      7.262   314.0518     3.9871     1.3065     0.0181      0.024      4.044      5.866        557 1.1758e+01 0.0000e+00
      4.125    13.7561     2.9273     27.919  23.825520     30.780      7.254   314.3547     3.9628     1.3333     0.0182      0.016      4.045      5.867        558 1.1708e+01 0.0000e+00
      4.127    13.7934     2.9093     27.727  23.775543     30.653      7.244   314.3547     3.9507     1.2796     0.0182      0.009      4.046      5.868        559 1.1740e+01 0.0000e+00
      4.125    13.8567     2.8937     27.585  23.918716     30.838      7.236   314.6575     3.9709     1.2393     0.0182      0.003      4.047      5.870        560 1.1682e+01 0.0000e+00
      4.129    13.8247     2.8772     27.439  24.003037     30.989      7.228   315.1875     3.9466     1.3199     0.0183      0.002      4.056      5.882        561 1.1453e+01 0.0000e+00
      4.155    13.7199     2.8503     27.185  23.700238     30.432      7.218   315.6797     3.9871     1.2393     0.0181      0.009      4.075      5.910        562 1.1288e+01 0.0000e+00
      4.181    13.6353     2.8282     26.971  23.613778     30.458      7.202   315.6797     3.7081     1.3468     0.0181      0.022      4.097      5.942        563 1.1086e+01 0.0000e+00
      4.197    13.5487     2.8099     26.770  23.577099     30.399      7.190   315.9825     3.6959     1.2125     0.0180      0.034      4.116      5.969        564 1.0948e+01 0.0000e+00
      4.214    13.4421     2.7911     26.555  23.508784     30.464      7.181   315.9825     3.6797     1.1991     0.0180      0.047      4.131      5.991        565 1.0893e+01 0.0000e+00
      4.225    13.3518     2.7829     26.456  23.402413     30.314      7.169   315.8311     3.7161     1.2796     0.0179      0.056      4.144      6.009        566 1.0778e+01 0.0000e+00
      4.236    13.2792     2.7739     26.358  23.413095     30.473      7.162   316.1340     3.7161     1.2259     0.0180      0.062      4.155      6.025        567 1.0661e+01 0.0000e+00
      4.249    13.2177     2.7786     26.397  23.436241     30.544      7.151   316.3232     3.7081     1.3468     0.0179      0.065      4.166      6.043        568 1.0579e+01 0.0000e+00
      4.261    13.1852     2.7856     26.436  23.373637     30.529      7.140   316.3990     3.7081     1.2393     0.0179      0.062      4.178      6.059        569 1.0459e+01 0.0000e+00
      4.271    13.1950     2.8038     26.573  23.372463     30.578      7.134   316.7018     3.6838     1.2662     0.0179      0.054      4.189      6.075        570 1.0352e+01 0.0000e+00
      4.284    13.2130     2.8155     26.656  23.378437     30.605      7.126   317.0425     3.6717     1.2393     0.0179      0.049      4.200      6.092        571 1.0280e+01 0.0000e+00
      4.294    13.2182     2.8247     26.679  23.366212     30.596      7.118   316.9290     3.0489     1.2393     0.0179      0.047      4.211      6.108        572 1.0210e+01 0.0000e+00
      4.303    13.2118     2.8364     26.712  23.387678     30.581      7.115   317.2697     3.0489     1.1722     0.0179      0.045      4.221      6.123        573 1.0144e+01 0.0000e+00
      4.317    13.1668     2.8339     26.623  23.411000     30.651      7.106   317.8375     3.0692     1.2393     0.0179      0.045      4.235      6.142        574 9.9964e+00 0.0000e+00
      4.336    13.1079     2.8235     26.490  23.248263     30.399      7.102   318.3297     3.0530     1.2662     0.0178      0.047      4.252      6.166        575 9.8505e+00 0.0000e+00
      4.353    13.0702     2.8016     26.267  23.115955     30.289      7.089   318.4054     2.9357     1.1856     0.0178      0.049      4.267      6.189        576 9.7925e+00 0.0000e+00
      4.363    13.0507     2.7739     25.997  23.131058     30.337      7.081   318.2918     2.9115     1.2931     0.0178      0.051      4.280      6.207        577 9.7276e+00 0.0000e+00
      4.376    13.0398     2.7252     25.525  23.110921     30.366      7.075   318.4811     2.9438     1.2796     0.0178      0.053      4.292      6.225        578 9.6436e+00 0.0000e+00
      4.391    12.9929     2.6870     25.139  23.022465     30.236      7.068   318.8597     2.9115     1.2393     0.0177      0.054      4.305      6.244        579 9.5886e+00 0.0000e+00
      4.402    12.9352     2.6446     24.708  23.004022     30.243      7.065   318.8597     3.1177     1.3333     0.0177      0.055      4.318      6.264        580 9.5117e+00 0.0000e+00
      4.417    12.8840     2.6030     24.289  23.015319     30.280      7.058   318.9733     3.1096     1.2796     0.0177      0.055      4.334      6.286        581 9.4266e+00 0.0000e+00
      4.439    12.7817     2.5620     23.891  23.008421     30.329      7.049   319.5790     3.1298     1.3468     0.0177      0.056      4.352      6.313        582 9.3040e+00 0.0000e+00
      4.457    12.6514     2.5211     23.496  22.894062     30.218      7.043   319.3140     3.1177     1.2393     0.0176      0.057      4.370      6.338        583 9.1854e+00 0.0000e+00
      4.473    12.5453     2.4763     23.053  22.772333     30.118      7.036   319.2383     2.6607     1.0648     0.0175      0.060      4.385      6.360        584 9.1231e+00 0.0000e+00
      4.485    12.4837     2.4224     22.523  22.804258     30.295      7.028   319.3140     2.6891     1.0514     0.0175      0.062      4.396      6.376        585 9.0807e+00 0.0000e+00
      4.491    12.4534     2.3742     22.057  22.824728     30.383      7.020   319.5411     2.6405     1.0648     0.0175      0.060      4.404      6.388        586 9.0658e+00 0.0000e+00
      4.498    12.4358     2.3201     21.541  22.806170     30.431      7.013   319.7304     2.6688     1.0648     0.0175      0.056      4.411      6.398        587 9.0286e+00 0.0000e+00
      4.505    12.4094     2.2659     21.028  22.768094     30.382      7.008   319.8061     2.8589     1.2662     0.0175      0.051      4.418      6.408        588 8.9581e+00 0.0000e+00
      4.513    12.3591     2.2250     20.629  22.812844     30.470      7.003   320.0711     2.8468     1.1856     0.0175      0.044      4.427      6.421        589 8.8454e+00 0.0000e+00
      4.525    12.2977     2.1699     20.091  22.839408     30.529      6.995   319.9197     2.8589     1.2662     0.0175      0.038      4.438      6.437        590 8.7949e+00 0.0000e+00
      4.538    12.2438     2.1215     19.616  22.764685     30.459      6.992   320.5633     2.8589     1.2393     0.0175      0.036      4.449      6.452        591 8.7714e+00 0.0000e+00
      4.545    12.2149     2.0811     19.219  22.757648     30.508      6.985   320.1847     2.8710     1.2393     0.0175      0.035      4.456      6.462        592 8.7508e+00 0.0000e+00
      4.546    12.1884     2.0377     18.799  22.759264     30.554      6.981   320.1847     2.7335     1.0782     0.0175      0.033      4.462      6.471        593 8.6852e+00 0.0000e+00
      4.561    12.1398     1.9953     18.391  22.762691     30.576      6.978   320.6011     2.7214     1.0514     0.0175      0.035      4.475      6.490        594 8.5117e+00 0.0000e+00
      4.581    12.0869     1.9413     17.873  22.753394     30.598      6.971   320.7904     2.7618     1.0782     0.0175      0.038      4.492      6.515        595 8.3865e+00 0.0000e+00
