Data/DataNotYetUploadedToEDI/Raw_CTD/2018_RawDownloads/062118_bvr50.cnv
* Sea-Bird SBE19plus  Data File:
* FileName = C:\DATA\062118_bvr_0001.hex
* Software version 2.6.3.104
* Temperature SN = 7809
* Conductivity SN = 7809
* System UpLoad Time = Jun 21 2018 16:09:03
* <ApplicationData>
* <Seaterm232>
# nquan = 17
# nvalues = 1105                        
# units = specified
# name 0 = depFM: Depth [fresh water, m]
# name 1 = tv290C: Temperature [ITS-90, deg C]
# name 2 = sbeox0Mg/L: Oxygen, SBE 43 [mg/l]
# name 3 = sbeox0PS: Oxygen, SBE 43 [% saturation]
# name 4 = c0uS/cm: Conductivity [uS/cm]
# name 5 = specc: Specific Conductance [uS/cm]
# name 6 = ph: pH
# name 7 = orp: Oxidation Reduction Potential [mV]
# name 8 = flECO-AFL: Fluorescence, WET Labs ECO-AFL/FL [mg/m^3]
# name 9 = turbWETntu0: Turbidity, WET Labs ECO [NTU]
# name 10 = sal00: Salinity, Practical [PSU]
# name 11 = dz/dtM: Descent Rate [m/s]
# name 12 = prdM: Pressure, Strain Gauge [db]
# name 13 = prdE: Pressure, Strain Gauge [psi]
# name 14 = scan: Scan Count
# name 15 = par/sat/log: PAR/Logarithmic, Satlantic
# name 16 = flag:  0.000e+00
# span 0 =     -0.707,     10.662       
# span 1 =     7.4392,    27.5899       
# span 2 =     0.0498,    11.6156       
# span 3 =      0.434,    135.034       
# span 4 =   2.452272,  71.156796       
# span 5 =      2.315,    110.230       
# span 6 =      4.365,      8.536       
# span 7 = -1240.7455,  1240.2295       
# span 8 =    -0.1941,    13.1014       
# span 9 =    -0.7077,     5.9123       
# span 10 =     0.0128,     0.0505      
# span 11 =     -0.160,      0.245      
# span 12 =     -0.693,     10.455      
# span 13 =     -1.005,     15.163      
# span 14 =          1,       1105      
# span 15 = 1.2282e-01, 1.2792e+03      
# span 16 = 0.0000e+00, 0.0000e+00      
# interval = seconds: 0.25
# start_time = Jun 21 2018 14:23:37 [Instrument's time stamp, header]
# bad_flag = -9.990e-29
*END*
[from data line 1022]
      9.462     7.8971     0.0809      0.677  48.991632     74.302      6.744    82.2140     1.3708     1.9376     0.0346      0.088      9.284     13.465       1023 1.2551e-01 0.0000e+00
      9.508     7.8106     0.0761      0.637  51.937637     78.761      6.737    82.1004     1.3587     1.9645     0.0366      0.096      9.321     13.520       1024 1.2567e-01 0.0000e+00
      9.544     7.7343     0.0842      0.704  54.849311     83.572      6.731    81.7597     1.3466     1.8705     0.0387      0.104      9.356     13.570       1025 1.2544e-01 0.0000e+00
      9.568     7.6970     0.0841      0.703  55.134249     83.888      6.726    81.3054     1.3506     1.9107     0.0388      0.110      9.385     13.612       1026 1.2543e-01 0.0000e+00
      9.601     7.6790     0.0815      0.682  55.709475     85.105      6.725    80.8890     1.3870     1.9510     0.0393      0.118      9.418     13.660       1027 1.2545e-01 0.0000e+00
      9.645     7.6647     0.0837      0.700  56.805524     86.916      6.718    80.4726     1.3506     1.9376     0.0401      0.126      9.456     13.716       1028 1.2548e-01 0.0000e+00
      9.681     7.6532     0.0862      0.721  56.976742     87.131      6.711    80.2454     1.2778     1.8436     0.0402      0.134      9.491     13.766       1029 1.2550e-01 0.0000e+00
      9.707     7.6468     0.0791      0.661  57.188752     87.557      6.709    79.5640     1.2900     1.8033     0.0404      0.137      9.520     13.808       1030 1.2548e-01 0.0000e+00
      9.735     7.6414     0.0758      0.634  57.521497     88.058      6.710    78.6933     1.2778     1.8436     0.0406      0.134      9.548     13.848       1031 1.2557e-01 0.0000e+00
      9.767     7.6358     0.0784      0.656  57.690928     88.376      6.708    79.6019     1.2778     1.8570     0.0407      0.129      9.577     13.890       1032 1.2525e-01 0.0000e+00
      9.795     7.6310     0.0774      0.648  57.749888     88.433      6.706    79.2611     1.2738     1.6556     0.0408      0.126      9.604     13.929       1033 1.2520e-01 0.0000e+00
      9.816     7.6266     0.0755      0.632  57.834123     88.620      6.706    78.9204     1.2900     1.6959     0.0408      0.122      9.628     13.963       1034 1.2554e-01 0.0000e+00
      9.840     7.6196     0.0821      0.687  57.853334     88.633      6.707    77.5197     1.2859     1.7228     0.0408      0.115      9.654     14.001       1035 1.2545e-01 0.0000e+00
      9.877     7.6101     0.0795      0.665  57.755676     88.516      6.710    77.2168     1.3061     1.6690     0.0408      0.110      9.687     14.050       1036 1.2546e-01 0.0000e+00
      9.917     7.5991     0.0837      0.701  57.688432     88.406      6.715    77.3304     1.3547     1.6690     0.0407      0.112      9.722     14.100       1037 1.2562e-01 0.0000e+00
      9.945     7.5905     0.0806      0.675  57.551030     88.261      6.715    76.4976     1.3870     1.6690     0.0407      0.115      9.748     14.140       1038 1.2552e-01 0.0000e+00
      9.961     7.5878     0.0807      0.675  57.392226     87.990      6.716    76.3840     1.3910     1.7093     0.0405      0.114      9.763     14.160       1039 1.2552e-01 0.0000e+00
      9.960     7.5906     0.0829      0.693  57.500075     88.228      6.720    75.7026     1.3870     1.7630     0.0406      0.105      9.766     14.165       1040 1.2551e-01 0.0000e+00
      9.956     7.5989     0.0743      0.621  57.624661     88.407      6.723    75.1347     1.3587     1.6690     0.0407      0.091      9.764     14.161       1041 1.2544e-01 0.0000e+00
      9.953     7.6113     0.0735      0.615  57.563792     88.313      6.726    73.3554     1.2374     1.4005     0.0407      0.072      9.760     14.156       1042 1.2540e-01 0.0000e+00
      9.949     7.6231     0.0762      0.637  57.575825     88.291      6.730    73.0904     1.2455     1.5616     0.0407      0.049      9.759     14.153       1043 1.2545e-01 0.0000e+00
      9.950     7.6327     0.0798      0.667  57.609681     88.343      6.731    72.5983     1.2253     1.5348     0.0407      0.026      9.760     14.155       1044 1.2557e-01 0.0000e+00
      9.958     7.6358     0.0795      0.665  57.581033     88.226      6.732    71.9925     1.2374     1.5750     0.0407      0.009      9.764     14.161       1045 1.2556e-01 0.0000e+00
      9.960     7.6317     0.0810      0.677  57.552085     88.199      6.736    71.8033     1.1686     1.4005     0.0406      0.001      9.767     14.165       1046 1.2565e-01 0.0000e+00
      9.959     7.6294     0.0784      0.654  57.586316     88.191      6.740    70.5918     1.1848     1.5348     0.0406     -0.001      9.767     14.166       1047 1.2556e-01 0.0000e+00
      9.961     7.6290     0.0833      0.695  57.597814     88.288      6.742    70.6675     1.1565     1.3871     0.0407      0.002      9.772     14.173       1048 1.2546e-01 0.0000e+00
      9.975     7.6214     0.0813      0.678  57.537777     88.123      6.745    70.2511     1.1646     1.5348     0.0406      0.009      9.784     14.192       1049 1.2556e-01 0.0000e+00
      9.998     7.6096     0.0834      0.695  57.542265     88.209      6.748    70.0618     1.1606     1.6556     0.0406      0.018      9.804     14.220       1050 1.2541e-01 0.0000e+00
     10.019     7.5994     0.0764      0.637  57.532848     88.144      6.752    69.9104     1.1646     1.7362     0.0406      0.030      9.825     14.250       1051 1.2534e-01 0.0000e+00
     10.040     7.5897     0.0741      0.617  57.608887     88.349      6.754    69.4183     1.1727     1.6690     0.0407      0.042      9.848     14.283       1052 1.2548e-01 0.0000e+00
     10.067     7.5895     0.0809      0.674  57.744562     88.546      6.755    68.8882     1.1606     1.6288     0.0408      0.055      9.873     14.321       1053 1.2549e-01 0.0000e+00
     10.096     7.5858     0.0793      0.661  57.987543     88.961      6.758    68.6990     1.2859     1.6959     0.0410      0.070      9.902     14.361       1054 1.2548e-01 0.0000e+00
     10.127     7.5630     0.0862      0.718  58.761444     90.120      6.761    67.9797     1.2819     1.6690     0.0415      0.085      9.932     14.406       1055 1.2554e-01 0.0000e+00
     10.163     7.5365     0.0768      0.640  60.433787     92.704      6.761    68.3582     1.3061     1.6556     0.0427      0.099      9.966     14.455       1056 1.2558e-01 0.0000e+00
     10.198     7.5130     0.0826      0.688  62.290837     95.694      6.763    67.7525     1.2778     1.6959     0.0440      0.108      9.999     14.502       1057 1.2559e-01 0.0000e+00
     10.226     7.4942     0.0766      0.638  63.429190     97.448      6.763    67.4118     1.4719     2.0450     0.0448      0.115     10.029     14.544       1058 1.2556e-01 0.0000e+00
     10.255     7.4814     0.0896      0.746  64.481769     99.155      6.763    67.3361     1.4962     2.0316     0.0455      0.120     10.055     14.584       1059 1.2554e-01 0.0000e+00
     10.281     7.4714     0.0801      0.667  65.733134    101.150      6.764    66.9954     1.4719     2.0853     0.0464      0.121     10.080     14.620       1060 1.2556e-01 0.0000e+00
     10.302     7.4638     0.0801      0.668  66.505522    102.396      6.767    66.5790     1.4760     2.1256     0.0470      0.118     10.103     14.652       1061 1.2550e-01 0.0000e+00
     10.323     7.4581     0.0803      0.669  66.817679    102.859      6.764    66.3897     1.4234     2.0182     0.0472      0.113     10.125     14.685       1062 1.2554e-01 0.0000e+00
     10.350     7.4537     0.0816      0.680  67.602257    104.090      6.763    65.7840     1.4234     2.0047     0.0477      0.107     10.148     14.718       1063 1.2550e-01 0.0000e+00
     10.369     7.4506     0.0786      0.655  68.262097    105.230      6.764    66.0111     1.4032     2.0719     0.0483      0.100     10.166     14.745       1064 1.2533e-01 0.0000e+00
     10.381     7.4480     0.0734      0.611  68.373053    105.244      6.765    65.5947     1.4315     2.1927     0.0483      0.091     10.180     14.764       1065 1.2546e-01 0.0000e+00
     10.390     7.4456     0.0735      0.613  68.533638    105.685      6.768    65.6704     1.4234     2.1122     0.0485      0.082     10.191     14.781       1066 1.2550e-01 0.0000e+00
     10.406     7.4430     0.0752      0.627  68.864367    105.995      6.772    64.3832     1.2940     1.6556     0.0486      0.074     10.205     14.800       1067 1.2552e-01 0.0000e+00
     10.421     7.4398     0.0745      0.621  69.476597    107.168      6.771    63.5125     1.2980     1.6422     0.0491      0.068     10.219     14.820       1068 1.2556e-01 0.0000e+00
     10.432     7.4392     0.0784      0.653  69.732508    107.393      6.774    63.2475     1.2940     1.6690     0.0492      0.062     10.229     14.836       1069 1.2548e-01 0.0000e+00
     10.438     7.4420     0.0731      0.609  69.555996    107.273      6.772    62.1118     1.2859     1.6825     0.0492      0.055     10.237     14.847       1070 1.2550e-01 0.0000e+00
     10.446     7.4440     0.0740      0.617  69.250629    106.673      6.776    61.5439     1.3344     1.6422     0.0489      0.047     10.244     14.857       1071 1.2558e-01 0.0000e+00
     10.454     7.4457     0.0813      0.679  68.864754    106.187      6.775    60.4082     1.3830     1.6825     0.0487      0.043     10.249     14.864       1072 1.2555e-01 0.0000e+00
     10.452     7.4494     0.0766      0.640  68.639903    105.707      6.777    60.4082     1.3668     1.6825     0.0485      0.037     10.248     14.862       1073 1.2547e-01 0.0000e+00
     10.440     7.4542     0.0808      0.675  68.282706    105.312      6.781    59.0075     1.3547     1.6959     0.0483      0.027     10.243     14.856       1074 1.2554e-01 0.0000e+00
     10.443     7.4602     0.0788      0.658  67.883311    104.482      6.786    59.1968     1.3668     1.8436     0.0479      0.017     10.246     14.861       1075 1.2555e-01 0.0000e+00
     10.463     7.4681     0.0745      0.621  67.681284    104.379      6.787    59.0832     1.3506     1.8570     0.0479      0.014     10.259     14.880       1076 1.2552e-01 0.0000e+00
     10.477     7.4713     0.0787      0.656  67.494380    103.844      6.793    58.9696     1.3749     1.9645     0.0476      0.015     10.272     14.897       1077 1.2551e-01 0.0000e+00
     10.482     7.4720     0.0771      0.642  67.878254    104.593      6.794    58.9318     1.3466     1.9107     0.0480      0.018     10.277     14.906       1078 1.2549e-01 0.0000e+00
     10.481     7.4701     0.0842      0.702  68.005633    104.712      6.797    59.0454     1.4355     2.1390     0.0480      0.020     10.276     14.904       1079 1.2540e-01 0.0000e+00
     10.473     7.4715     0.0742      0.618  68.167643    104.883      6.803    58.5911     1.4032     2.1122     0.0481      0.018     10.270     14.895       1080 1.2543e-01 0.0000e+00
     10.465     7.4772     0.0766      0.638  67.736049    104.499      6.804    57.9096     1.4355     2.0450     0.0479      0.016     10.259     14.880       1081 1.2542e-01 0.0000e+00
     10.446     7.5012     0.0803      0.670  67.057427    102.947      6.808    57.3418     1.4274     2.0987     0.0472      0.007     10.246     14.861       1082 1.2534e-01 0.0000e+00
     10.432     7.5338     0.0784      0.654  64.348481     99.648      6.810    56.1304     1.5043     1.7630     0.0457     -0.009     10.243     14.856       1083 1.2559e-01 0.0000e+00
     10.458     7.5239     0.0779      0.650  63.800214     97.087      6.814    56.4711     1.4881     1.6825     0.0446     -0.016     10.268     14.893       1084 1.2555e-01 0.0000e+00
     10.525     7.4945     0.0721      0.602  68.334199    106.093      6.815    56.0546     1.4921     1.6690     0.0487     -0.000     10.316     14.963       1085 1.2548e-01 0.0000e+00
     10.575     7.4774     0.0759      0.634  69.548221    106.097      6.816    55.7896     1.4840     1.6690     0.0487      0.029     10.360     15.026       1086 1.2559e-01 0.0000e+00
     10.593     7.4708     0.0746      0.623  68.972902    106.832      6.815    55.6761     1.4679     2.2330     0.0490      0.058     10.384     15.060       1087 1.2553e-01 0.0000e+00
     10.601     7.4659     0.0757      0.633  69.733497    106.636      6.818    55.3732     1.4557     2.1122     0.0489      0.081     10.396     15.077       1088 1.2561e-01 0.0000e+00
     10.611     7.4586     0.0779      0.651  71.156796    110.230      6.822    55.1461     1.4840     2.2733     0.0505      0.097     10.405     15.091       1089 1.2551e-01 0.0000e+00
     10.618     7.4535     0.0744      0.622  71.123422    109.043      6.824    55.0325     1.4881     2.3002     0.0500      0.103     10.413     15.103       1090 1.2542e-01 0.0000e+00
     10.626     7.4529     0.0766      0.640  71.022833    109.713      6.826    54.6539     1.4800     2.1659     0.0503      0.095     10.420     15.113       1091 1.2547e-01 0.0000e+00
     10.631     7.4644     0.0800      0.668  70.717459    108.825      6.829    54.4268     1.3223     2.1659     0.0499      0.072     10.425     15.120       1092 1.2543e-01 0.0000e+00
     10.633     7.4817     0.0835      0.697  68.978089    106.326      6.830    54.2375     1.3506     2.1256     0.0487      0.045     10.427     15.123       1093 1.2557e-01 0.0000e+00
     10.635     7.5003 -9.990e-29 -9.990e-29  68.225941    104.993      6.832    54.2375     1.3587     2.0450     0.0481      0.029     10.429     15.126       1094 1.2544e-01 0.0000e+00
     10.637     7.5246 -9.990e-29 -9.990e-29  67.583412    104.119      6.839    53.5182     1.3668     2.1390     0.0478      0.022     10.431     15.128       1095 1.2544e-01 0.0000e+00
     10.637     7.5449 -9.990e-29 -9.990e-29  67.311996    103.413      6.838    53.0639     1.3749     1.6959     0.0475      0.017     10.431     15.130       1096 1.2560e-01 0.0000e+00
     10.638     7.5544 -9.990e-29 -9.990e-29  67.672497    104.154      6.839    52.7989     1.3668     1.7630     0.0478      0.012     10.432     15.132       1097 1.2538e-01 0.0000e+00
     10.641     7.5624 -9.990e-29 -9.990e-29  67.699173    103.914      6.842    52.1932     1.3627     1.6690     0.0477      0.009     10.435     15.135       1098 1.2550e-01 0.0000e+00
     10.643     7.5682 -9.990e-29 -9.990e-29  67.189660    103.286      6.843    52.0796     1.3425     1.6959     0.0474      0.007     10.437     15.138       1099 1.2553e-01 0.0000e+00
     10.645     7.5680 -9.990e-29 -9.990e-29  66.880676    102.570      6.843    52.3825     1.3506     1.8839     0.0471      0.007     10.440     15.142       1100 1.2542e-01 0.0000e+00
     10.649     7.5661 -9.990e-29 -9.990e-29  67.222221    103.284      6.845    52.3068     1.3708     1.9779     0.0474      0.007     10.443     15.147       1101 1.2543e-01 0.0000e+00
     10.653     7.5678 -9.990e-29 -9.990e-29  67.002254    102.853      6.847    52.0796     1.3506     1.8705     0.0472      0.009     10.447     15.152       1102 1.2547e-01 0.0000e+00
     10.657     7.5701 -9.990e-29 -9.990e-29  66.263265    101.701      6.848    52.1175     1.3668     1.9107     0.0467      0.010     10.450     15.157       1103 1.2555e-01 0.0000e+00
     10.660 -9.990e-29 -9.990e-29 -9.990e-29  66.211045    101.650      6.850    52.0418     1.3749     1.8167     0.0467      0.012     10.454     15.161       1104 1.2544e-01 0.0000e+00
     10.662 -9.990e-29 -9.990e-29 -9.990e-29  66.324613    101.817      6.851    51.6253     1.3547     1.8839     0.0468      0.012     10.455     15.163       1105 1.2534e-01 0.0000e+00
