Data/DataNotYetUploadedToEDI/Raw_CTD/2018_RawDownloads/062118_bvr50.cnv
* Sea-Bird SBE19plus  Data File:
* FileName = C:\DATA\062118_bvr_0001.hex
* Software version 2.6.3.104
* Temperature SN = 7809
* Conductivity SN = 7809
* System UpLoad Time = Jun 21 2018 16:09:03
* <ApplicationData>
* <Seaterm232>
# nquan = 17
# nvalues = 1105                        
# units = specified
# name 0 = depFM: Depth [fresh water, m]
# name 1 = tv290C: Temperature [ITS-90, deg C]
# name 2 = sbeox0Mg/L: Oxygen, SBE 43 [mg/l]
# name 3 = sbeox0PS: Oxygen, SBE 43 [% saturation]
# name 4 = c0uS/cm: Conductivity [uS/cm]
# name 5 = specc: Specific Conductance [uS/cm]
# name 6 = ph: pH
# name 7 = orp: Oxidation Reduction Potential [mV]
# name 8 = flECO-AFL: Fluorescence, WET Labs ECO-AFL/FL [mg/m^3]
# name 9 = turbWETntu0: Turbidity, WET Labs ECO [NTU]
# name 10 = sal00: Salinity, Practical [PSU]
# name 11 = dz/dtM: Descent Rate [m/s]
# name 12 = prdM: Pressure, Strain Gauge [db]
# name 13 = prdE: Pressure, Strain Gauge [psi]
# name 14 = scan: Scan Count
# name 15 = par/sat/log: PAR/Logarithmic, Satlantic
# name 16 = flag:  0.000e+00
# span 0 =     -0.707,     10.662       
# span 1 =     7.4392,    27.5899       
# span 2 =     0.0498,    11.6156       
# span 3 =      0.434,    135.034       
# span 4 =   2.452272,  71.156796       
# span 5 =      2.315,    110.230       
# span 6 =      4.365,      8.536       
# span 7 = -1240.7455,  1240.2295       
# span 8 =    -0.1941,    13.1014       
# span 9 =    -0.7077,     5.9123       
# span 10 =     0.0128,     0.0505      
# span 11 =     -0.160,      0.245      
# span 12 =     -0.693,     10.455      
# span 13 =     -1.005,     15.163      
# span 14 =          1,       1105      
# span 15 = 1.2282e-01, 1.2792e+03      
# span 16 = 0.0000e+00, 0.0000e+00      
# interval = seconds: 0.25
# start_time = Jun 21 2018 14:23:37 [Instrument's time stamp, header]
# bad_flag = -9.990e-29
*END*
[from data line 766]
      6.897     8.8265     0.1040      0.894  23.774010     35.091      6.449   337.8262     3.2996     4.2472     0.0178      0.047      6.765      9.811        767 1.0890e+00 0.0000e+00
      6.919     8.8075     0.1029      0.884  23.840931     35.230      6.447   336.8797     3.3199     4.2741     0.0179      0.054      6.785      9.840        768 1.0406e+00 0.0000e+00
      6.938     8.7908     0.0973      0.836  23.884384     35.292      6.443   336.6526     3.2592     3.9249     0.0179      0.060      6.804      9.868        769 1.0347e+00 0.0000e+00
      6.957     8.7745     0.0951      0.817  23.838509     35.270      6.442   335.5169     3.2511     3.8712     0.0179      0.066      6.822      9.895        770 9.8892e-01 0.0000e+00
      6.977     8.7602     0.0955      0.820  23.779459     35.163      6.440   334.2676     3.2309     3.9249     0.0178      0.072      6.840      9.921        771 9.6559e-01 0.0000e+00
      6.993     8.7512     0.0922      0.792  24.017161     35.553      6.435   334.0026     3.2269     3.9249     0.0180      0.075      6.855      9.942        772 9.8848e-01 0.0000e+00
      6.999     8.7448     0.0970      0.833  24.105901     35.733      6.435   333.4347     3.2228     3.8981     0.0181      0.072      6.865      9.956        773 9.5613e-01 0.0000e+00
      7.010     8.7363     0.0970      0.833  24.291517     35.908      6.431   331.5040     2.8387     3.5490     0.0181      0.067      6.875      9.971        774 9.4131e-01 0.0000e+00
      7.024     8.7274     0.1039      0.892  25.149752     37.322      6.432   330.5197     2.8508     3.6027     0.0187      0.061      6.887      9.989        775 9.1705e-01 0.0000e+00
      7.035     8.7190     0.1046      0.898  25.557538     37.870      6.430   329.8383     2.8629     3.5355     0.0190      0.056      6.899     10.006        776 8.7837e-01 0.0000e+00
      7.046     8.7134     0.1064      0.913  25.444084     37.714      6.428   327.8319     2.8548     3.5490     0.0189      0.051      6.912     10.025        777 8.5239e-01 0.0000e+00
      7.064     8.7079     0.1075      0.922  25.498456     37.806      6.429   325.5983     2.6567     3.4550     0.0189      0.049      6.929     10.048        778 8.2419e-01 0.0000e+00
      7.083     8.6972     0.1052      0.902  25.667742     38.062      6.427   323.9704     2.6527     3.5087     0.0190      0.050      6.945     10.072        779 8.2294e-01 0.0000e+00
      7.097     8.6913     0.1020      0.874  25.796659     38.274      6.427   323.1376     2.6365     3.5355     0.0191      0.052      6.959     10.092        780 8.1045e-01 0.0000e+00
      7.107     8.6955     0.0969      0.830  25.664116     38.080      6.424   321.8883     2.6810     3.4952     0.0190      0.055      6.969     10.108        781 7.9032e-01 0.0000e+00
      7.116     8.7021     0.1069      0.915  25.506602     37.837      6.423   321.2825     2.4100     3.2938     0.0189      0.055      6.980     10.124        782 7.4130e-01 0.0000e+00
      7.130     8.7017     0.1021      0.873  25.488725     37.834      6.423   319.4275     2.3939     3.3207     0.0189      0.054      6.992     10.141        783 7.3302e-01 0.0000e+00
      7.144     8.6985     0.1007      0.861  25.627073     37.991      6.423   318.4054     2.3979     3.3207     0.0190      0.053      7.005     10.160        784 7.2333e-01 0.0000e+00
      7.155     8.6943     0.1107      0.946  25.897679     38.448      6.422   317.2318     2.4020     3.3878     0.0192      0.051      7.016     10.176        785 7.0012e-01 0.0000e+00
      7.165     8.6794     0.1052      0.899  26.159888     38.783      6.420   315.9447     2.3817     3.0790     0.0193      0.048      7.028     10.194        786 7.0273e-01 0.0000e+00
      7.182     8.6576     0.1043      0.891  26.486570     39.326      6.418   314.8468     2.3736     3.0387     0.0196      0.047      7.043     10.215        787 6.8390e-01 0.0000e+00
      7.197     8.6382     0.0997      0.851  26.765896     39.717      6.416   313.9761     2.4262     3.0387     0.0197      0.049      7.057     10.236        788 6.8405e-01 0.0000e+00
      7.209     8.6224     0.1001      0.855  26.849888     39.909      6.411   312.8782     2.4262     3.1461     0.0198      0.051      7.072     10.256        789 6.7033e-01 0.0000e+00
      7.227     8.6059     0.0948      0.809  26.856392     39.891      6.408   311.7425     2.2119     3.2267     0.0198      0.053      7.087     10.279        790 6.3798e-01 0.0000e+00
      7.245     8.5824     0.0985      0.841  27.172861     40.408      6.408   310.9475     2.2200     3.1595     0.0200      0.056      7.105     10.305        791 6.3421e-01 0.0000e+00
      7.263     8.5570     0.0967      0.826  27.641932     41.134      6.404   310.0389     2.1917     3.0521     0.0203      0.059      7.123     10.331        792 6.2782e-01 0.0000e+00
      7.282     8.5327     0.1010      0.863  27.932897     41.579      6.402   307.5404     2.2240     2.9984     0.0205      0.063      7.142     10.358        793 5.7884e-01 0.0000e+00
      7.303     8.5126     0.1030      0.880  28.352456     42.235      6.401   305.5339     2.2079     2.9984     0.0208      0.067      7.160     10.385        794 5.7200e-01 0.0000e+00
      7.318     8.5008     0.1036      0.885  28.750472     42.890      6.397   303.8682     2.3211     2.9984     0.0210      0.068      7.177     10.409        795 5.6321e-01 0.0000e+00
      7.335     8.4868     0.0994      0.849  29.127574     43.417      6.395   301.1803     2.3413     3.1461     0.0212      0.070      7.193     10.433        796 5.4471e-01 0.0000e+00
      7.352     8.4703     0.1007      0.860  29.632496     44.265      6.392   300.3096     2.3575     2.9984     0.0216      0.071      7.209     10.455        797 5.5281e-01 0.0000e+00
      7.365     8.4560     0.1040      0.888  30.049375     44.827      6.390   300.1582     2.3211     3.0253     0.0218      0.069      7.223     10.475        798 5.2682e-01 0.0000e+00
      7.377     8.4436     0.0978      0.834  30.387828     45.433      6.390   299.2496     2.2159     3.3341     0.0221      0.066      7.234     10.492        799 4.9743e-01 0.0000e+00
      7.387     8.4372     0.0943      0.804  30.753176     45.912      6.391   297.4325     2.1917     3.2804     0.0223      0.062      7.242     10.504        800 5.0924e-01 0.0000e+00
      7.391     8.4394     0.0916      0.780  30.840090     46.180      6.387   295.0853     2.2362     3.2267     0.0224      0.055      7.247     10.511        801 5.0696e-01 0.0000e+00
      7.391     8.4412     0.0979      0.834  30.457584     45.479      6.388   292.5110     2.2200     3.3207     0.0221      0.046      7.250     10.516        802 4.8038e-01 0.0000e+00
      7.398     8.4539     0.0954      0.812  30.487898     45.601      6.387   287.4760     2.0178     2.8776     0.0222      0.038      7.259     10.528        803 4.9441e-01 0.0000e+00
      7.417     8.4796     0.1047      0.892  30.832017     46.099      6.390   283.2739     2.0016     2.9044     0.0224      0.034      7.274     10.549        804 4.8935e-01 0.0000e+00
      7.436     8.4809     0.1004      0.854  31.096812     46.459      6.387   279.8289     2.0138     2.8238     0.0225      0.035      7.290     10.574        805 4.7782e-01 0.0000e+00
      7.449     8.4651     0.0986      0.839  31.433419     46.963      6.386   277.8981     1.9935     2.9178     0.0228      0.038      7.305     10.596        806 4.6158e-01 0.0000e+00
      7.462     8.4493     0.1022      0.869  31.688186     47.297      6.382   274.0746     2.2240     3.1193     0.0229      0.042      7.319     10.616        807 4.5770e-01 0.0000e+00
      7.480     8.4219     0.0991      0.842  32.262435     48.196      6.381   269.1910     2.2159     3.0253     0.0233      0.049      7.336     10.640        808 4.6434e-01 0.0000e+00
      7.499     8.3906     0.0958      0.814  32.972505     49.304      6.380   265.8217     2.2281     3.0387     0.0238      0.056      7.353     10.665        809 4.2321e-01 0.0000e+00
      7.514     8.3713     0.0950      0.808  33.414154     49.972      6.374   263.7017     2.2038     3.0118     0.0241      0.062      7.370     10.689        810 4.2277e-01 0.0000e+00
      7.531     8.3651     0.0911      0.774  33.551465     50.270      6.374   260.2567     2.1229     2.9313     0.0242      0.064      7.386     10.712        811 4.5590e-01 0.0000e+00
      7.549     8.3597     0.0900      0.765  33.543038     50.216      6.371   256.8495     2.1553     2.8507     0.0241      0.064      7.402     10.734        812 4.5377e-01 0.0000e+00
      7.561     8.3481     0.0937      0.796  33.721215     50.560      6.371   254.6159     2.1512     2.7970     0.0243      0.063      7.415     10.753        813 4.1661e-01 0.0000e+00
      7.571     8.3326     0.0987      0.839  33.952520     50.861      6.368   252.7988     2.1027     2.8373     0.0244      0.062      7.426     10.770        814 4.0883e-01 0.0000e+00
      7.585     8.3195     0.0965      0.820  34.174547     51.256      6.370   250.3002     2.1432     2.7701     0.0246      0.060      7.439     10.789        815 4.2908e-01 0.0000e+00
      7.600     8.3081     0.0965      0.821  34.304966     51.448      6.370   248.7859     2.0825     3.3475     0.0247      0.057      7.455     10.812        816 4.1188e-01 0.0000e+00
      7.622     8.2941     0.1015      0.863  34.472340     51.719      6.371   246.3252     2.0946     3.3072     0.0248      0.057      7.476     10.842        817 3.8223e-01 0.0000e+00
      7.647     8.2821     0.0974      0.828  34.826334     52.282      6.369   244.0538     2.1108     3.3475     0.0250      0.061      7.496     10.871        818 3.7704e-01 0.0000e+00
      7.660     8.2754     0.0937      0.797  34.932119     52.473      6.370   242.2745     2.0623     3.2938     0.0251      0.063      7.508     10.889        819 3.8462e-01 0.0000e+00
      7.661     8.2715     0.0924      0.786  34.844886     52.323      6.373   240.0030     2.0178     3.3207     0.0250      0.061      7.513     10.896        820 3.7974e-01 0.0000e+00
      7.662     8.2686     0.0922      0.784  34.756952     52.250      6.374   236.8987     2.0219     3.3207     0.0250      0.057      7.515     10.900        821 3.8671e-01 0.0000e+00
      7.668     8.2677     0.0931      0.792  34.715316     52.130      6.376   233.7944     2.0138     3.3341     0.0249      0.051      7.520     10.907        822 3.8993e-01 0.0000e+00
      7.675     8.2677     0.0880      0.749  34.807728     52.345      6.380   232.0151     1.9935     3.3475     0.0250      0.043      7.526     10.915        823 3.7551e-01 0.0000e+00
      7.679     8.2662     0.0881      0.750  34.790238     52.262      6.380   230.4251     1.8682     3.2535     0.0250      0.034      7.531     10.922        824 3.7344e-01 0.0000e+00
      7.684     8.2662     0.0905      0.771  34.826057     52.346      6.384   228.2294     1.8803     3.1998     0.0250      0.025      7.536     10.930        825 3.5756e-01 0.0000e+00
      7.691     8.2695     0.0915      0.780  35.059735     52.684      6.386   226.2608     1.8803     3.1998     0.0252      0.019      7.541     10.937        826 3.7048e-01 0.0000e+00
      7.693     8.2737     0.0892      0.760  35.033280     52.685      6.390   225.0116     1.8803     3.3207     0.0252      0.018      7.544     10.941        827 3.7450e-01 0.0000e+00
      7.696     8.2777     0.0904      0.771  35.363177     53.057      6.391   223.8001     1.7590     2.7030     0.0253      0.019      7.547     10.946        828 3.6697e-01 0.0000e+00
      7.700     8.2822     0.0863      0.736  35.805889     53.933      6.394   222.4751     1.7671     2.5419     0.0257      0.018      7.550     10.950        829 3.9434e-01 0.0000e+00
      7.700     8.2850     0.0925      0.788  35.312788     52.960      6.398   221.2258     1.7388     2.6224     0.0253      0.016      7.552     10.954        830 3.5231e-01 0.0000e+00
      7.704     8.2879     0.0922      0.786  35.739553     53.667      6.402   219.5980     1.7509     2.7030     0.0256      0.014      7.555     10.957        831 3.5688e-01 0.0000e+00
      7.706     8.3003     0.0863      0.736  35.956951     54.165      6.406   218.0458     1.8075     2.7701     0.0258      0.012      7.556     10.958        832 3.9781e-01 0.0000e+00
      7.703     8.3191     0.0928      0.792  34.804989     52.105      6.408   216.8722     1.7388     2.7030     0.0249      0.010      7.556     10.958        833 3.6103e-01 0.0000e+00
      7.704     8.3251     0.0902      0.770  34.622480     52.085      6.414   215.6608     1.7267     2.7298     0.0249      0.007      7.556     10.959        834 3.5292e-01 0.0000e+00
      7.708     8.3345     0.0893      0.762  35.501905     53.146      6.412   214.2601     1.7550     2.7298     0.0254      0.007      7.558     10.962        835 3.6901e-01 0.0000e+00
      7.708     8.3634     0.0839      0.716  35.371436     53.303      6.419   212.7458     1.7671     2.6627     0.0255      0.005      7.559     10.963        836 3.6149e-01 0.0000e+00
      7.708     8.3741     0.0842      0.719  34.725529     51.783      6.423   211.3072     1.7307     2.7970     0.0248      0.004      7.560     10.964        837 3.3429e-01 0.0000e+00
      7.710     8.3732     0.0862      0.735  35.356646     53.241      6.424   210.2851     1.7469     2.6493     0.0255      0.004      7.561     10.966        838 3.4877e-01 0.0000e+00
      7.711     8.3751     0.0853      0.728  35.149518     52.514      6.429   210.0579     1.7590     2.6493     0.0251      0.004      7.562     10.968        839 3.7240e-01 0.0000e+00
      7.712     8.3777     0.0915      0.781  34.864645     52.265      6.431   209.2629     1.7590     2.7567     0.0250      0.004      7.562     10.969        840 3.6426e-01 0.0000e+00
      7.711     8.3957     0.0900      0.768  34.791745     52.176      6.436   208.8844     1.7590     3.1595     0.0250      0.004      7.561     10.967        841 3.7669e-01 0.0000e+00
      7.708     8.4148     0.0948      0.810  34.172555     51.087      6.438   208.7708     1.7590     3.1193     0.0245      0.002      7.561     10.966        842 3.8428e-01 0.0000e+00
      7.710     8.4333     0.0997      0.851  34.419242     51.600      6.440   208.2029     1.7388     3.1595     0.0248      0.001      7.561     10.967        843 3.6938e-01 0.0000e+00
      7.712     8.4457     0.0966      0.824  34.395760     51.447      6.444   207.6351     1.7428     3.1327     0.0247      0.001      7.563     10.969        844 3.5618e-01 0.0000e+00
      7.712     8.4424     0.0952      0.812  34.172111     51.083      6.444   207.1429     1.7671     2.6761     0.0245      0.001      7.564     10.970        845 3.4929e-01 0.0000e+00
      7.714     8.4373     0.0934      0.797  34.282356     51.273      6.446   206.7644     1.7348     2.6761     0.0246      0.001      7.564     10.970        846 3.6194e-01 0.0000e+00
      7.712     8.4363     0.0954      0.814  34.050955     50.903      6.450   206.4236     1.7509     2.6493     0.0245      0.001      7.563     10.969        847 3.6642e-01 0.0000e+00
      7.711     8.4362     0.0983      0.839  33.955914     50.743      6.450   205.6286     1.7590     2.7433     0.0244      0.001      7.562     10.968        848 3.5307e-01 0.0000e+00
      7.711     8.4332     0.0931      0.795  34.015093     50.912      6.454   204.9851     1.8763     2.5956     0.0245      0.001      7.561     10.967        849 3.5285e-01 0.0000e+00
      7.709     8.4313     0.0942      0.803  33.829024     50.536      6.457   204.2658     1.8844     2.6896     0.0243      0.000      7.561     10.967        850 3.5350e-01 0.0000e+00
      7.710     8.4385     0.0937      0.797  33.861247     50.665      6.459   204.0008     1.8601     2.6359     0.0244     -0.001      7.562     10.967        851 3.7124e-01 0.0000e+00
