Data/DataNotYetUploadedToEDI/Raw_CTD/2018_RawDownloads/062118_bvr50.cnv
* Sea-Bird SBE19plus  Data File:
* FileName = C:\DATA\062118_bvr_0001.hex
* Software version 2.6.3.104
* Temperature SN = 7809
* Conductivity SN = 7809
* System UpLoad Time = Jun 21 2018 16:09:03
* <ApplicationData>
* <Seaterm232>
# nquan = 17
# nvalues = 1105                        
# units = specified
# name 0 = depFM: Depth [fresh water, m]
# name 1 = tv290C: Temperature [ITS-90, deg C]
# name 2 = sbeox0Mg/L: Oxygen, SBE 43 [mg/l]
# name 3 = sbeox0PS: Oxygen, SBE 43 [% saturation]
# name 4 = c0uS/cm: Conductivity [uS/cm]
# name 5 = specc: Specific Conductance [uS/cm]
# name 6 = ph: pH
# name 7 = orp: Oxidation Reduction Potential [mV]
# name 8 = flECO-AFL: Fluorescence, WET Labs ECO-AFL/FL [mg/m^3]
# name 9 = turbWETntu0: Turbidity, WET Labs ECO [NTU]
# name 10 = sal00: Salinity, Practical [PSU]
# name 11 = dz/dtM: Descent Rate [m/s]
# name 12 = prdM: Pressure, Strain Gauge [db]
# name 13 = prdE: Pressure, Strain Gauge [psi]
# name 14 = scan: Scan Count
# name 15 = par/sat/log: PAR/Logarithmic, Satlantic
# name 16 = flag:  0.000e+00
# span 0 =     -0.707,     10.662       
# span 1 =     7.4392,    27.5899       
# span 2 =     0.0498,    11.6156       
# span 3 =      0.434,    135.034       
# span 4 =   2.452272,  71.156796       
# span 5 =      2.315,    110.230       
# span 6 =      4.365,      8.536       
# span 7 = -1240.7455,  1240.2295       
# span 8 =    -0.1941,    13.1014       
# span 9 =    -0.7077,     5.9123       
# span 10 =     0.0128,     0.0505      
# span 11 =     -0.160,      0.245      
# span 12 =     -0.693,     10.455      
# span 13 =     -1.005,     15.163      
# span 14 =          1,       1105      
# span 15 = 1.2282e-01, 1.2792e+03      
# span 16 = 0.0000e+00, 0.0000e+00      
# interval = seconds: 0.25
# start_time = Jun 21 2018 14:23:37 [Instrument's time stamp, header]
# bad_flag = -9.990e-29
*END*
[from data line 426]
      1.976    23.0165    11.1288    127.959  26.815261     27.732      8.423   285.2424     3.2511     2.0719     0.0203      0.062      1.938      2.812        427 9.2303e+01 0.0000e+00
      1.998    22.9197    11.1106    127.528  26.695603     27.720      8.453   285.4317     3.2592     2.0853     0.0202      0.067      1.958      2.841        428 9.0232e+01 0.0000e+00
      2.019    22.8461    11.1056    127.217  26.614285     27.710      8.478   285.7346     3.3967     1.8436     0.0202      0.070      1.978      2.869        429 8.8931e+01 0.0000e+00
      2.034    22.7626    11.0802    126.710  26.501483     27.650      8.495   285.5832     3.3805     1.9107     0.0201      0.072      1.996      2.894        430 8.7018e+01 0.0000e+00
      2.053    22.6646    11.0848    126.559  26.391351     27.575      8.513   283.6524     3.3967     1.8705     0.0201      0.073      2.015      2.923        431 8.5042e+01 0.0000e+00
      2.079    22.5547    11.0842    126.344  26.395637     27.624      8.522   284.6746     3.3765     1.8705     0.0200      0.075      2.039      2.956        432 8.3136e+01 0.0000e+00
      2.104    22.4482    11.0877    126.242  26.288668     27.592      8.526   285.1667     3.8738     1.9913     0.0200      0.079      2.061      2.989        433 8.2371e+01 0.0000e+00
      2.121    22.3732    11.1143    126.398  26.109488     27.421      8.530   284.3717     3.9102     2.0450     0.0199      0.081      2.078      3.014        434 8.1010e+01 0.0000e+00
      2.133    22.3346    11.1350    126.448  26.203643     27.630      8.532   284.0689     3.8900     2.1793     0.0200      0.079      2.091      3.033        435 7.9298e+01 0.0000e+00
      2.144    22.3142    11.1483    126.461  26.230818     27.674      8.536   283.3874     3.8819     2.1122     0.0200      0.075      2.102      3.049        436 7.8838e+01 0.0000e+00
      2.155    22.2697    11.1667    126.561  26.134984     27.608      8.532   283.2360     4.8403     2.1659     0.0199      0.070      2.114      3.067        437 7.7487e+01 0.0000e+00
      2.170    22.1802    11.1741    126.564  26.026481     27.501      8.530   283.2739     4.8403     2.1390     0.0199      0.066      2.131      3.092        438 7.6078e+01 0.0000e+00
      2.197    22.0767    11.1842    126.574  25.921200     27.409      8.519   283.7660     4.8362     2.1524     0.0198      0.064      2.153      3.124        439 7.4484e+01 0.0000e+00
      2.220    21.9884    11.2062    126.648  25.910296     27.461      8.499   283.9932     4.8120     2.1390     0.0198      0.063      2.175      3.154        440 7.2698e+01 0.0000e+00
      2.236    21.9038    11.2337    126.746  25.862216     27.463      8.487   284.2960     5.5034     2.3404     0.0198      0.064      2.192      3.178        441 7.1940e+01 0.0000e+00
      2.249    21.8206    11.2470    126.731  25.803208     27.455      8.474   285.1667     5.5439     2.3002     0.0197      0.067      2.204      3.196        442 7.1262e+01 0.0000e+00
      2.255    21.7609    11.2582    126.726  25.805903     27.504      8.464   284.7124     5.5520     2.2733     0.0197      0.067      2.214      3.210        443 7.0161e+01 0.0000e+00
      2.267    21.6999    11.2581    126.607  25.799605     27.554      8.459   284.5989     5.5398     2.3270     0.0197      0.065      2.226      3.228        444 6.9079e+01 0.0000e+00
      2.288    21.6266    11.2509    126.348  25.662855     27.439      8.451   285.4317     5.6692     2.3404     0.0197      0.063      2.241      3.252        445 6.8028e+01 0.0000e+00
      2.301    21.5689    11.2327    125.876  25.620387     27.414      8.434   285.2803     5.6652     2.2599     0.0196      0.059      2.255      3.272        446 6.7086e+01 0.0000e+00
      2.310    21.5258    11.2027    125.245  25.674617     27.548      8.432   285.3560     5.6692     2.2196     0.0197      0.053      2.268      3.289        447 6.6163e+01 0.0000e+00
      2.328    21.4916    11.1734    124.635  25.625034     27.492      8.421   285.9239     5.6692     2.1927     0.0196      0.052      2.281      3.308        448 6.4926e+01 0.0000e+00
      2.337    21.4493    11.1416    124.028  25.593182     27.518      8.407   285.3560     5.6611     2.2733     0.0196      0.051      2.293      3.325        449 6.4176e+01 0.0000e+00
      2.349    21.3776    11.1157    123.514  25.566054     27.477      8.404   286.0753     5.2729     2.0182     0.0196      0.052      2.307      3.345        450 6.3204e+01 0.0000e+00
      2.372    21.2932    11.0972    123.134  25.480947     27.442      8.397   286.7567     5.2810     2.1390     0.0196      0.055      2.324      3.370        451 6.1845e+01 0.0000e+00
      2.386    21.2250    11.0673    122.703  25.461968     27.424      8.381   287.0217     5.3093     2.1390     0.0195      0.056      2.339      3.392        452 6.1506e+01 0.0000e+00
      2.397    21.1729    11.0396    122.337  25.471126     27.536      8.373   287.5517     5.2932     2.1524     0.0196      0.055      2.352      3.412        453 6.0908e+01 0.0000e+00
      2.414    21.1242    11.0237    121.938  25.410290     27.455      8.369   288.0439     5.8714     2.0987     0.0195      0.056      2.367      3.435        454 5.9049e+01 0.0000e+00
      2.432    21.0516    10.9850    121.225  25.359842     27.486      8.364   288.3846     5.8674     2.0182     0.0195      0.059      2.384      3.459        455 5.8181e+01 0.0000e+00
      2.446    20.9440    10.9469    120.527  25.296782     27.393      8.359   289.2553     5.8431     2.1927     0.0195      0.060      2.400      3.482        456 5.7296e+01 0.0000e+00
      2.465    20.8239    10.8878    119.736  25.251641     27.436      8.353   289.2553     5.8512     2.1927     0.0195      0.062      2.419      3.509        457 5.5390e+01 0.0000e+00
      2.489    20.7095    10.8413    119.023  25.149260     27.349      8.343   289.7853     6.1140     2.0182     0.0194      0.065      2.441      3.541        458 5.4095e+01 0.0000e+00
      2.514    20.6047    10.7722    117.949  25.127802     27.421      8.327   290.3910     6.0938     2.1122     0.0194      0.068      2.463      3.573        459 5.2991e+01 0.0000e+00
      2.531    20.5141    10.6921    116.804  25.159813     27.521      8.309   290.0125     6.0938     2.0450     0.0194      0.073      2.481      3.599        460 5.1583e+01 0.0000e+00
      2.546    20.4401    10.5894    115.536  25.079818     27.491      8.299   290.1260     6.0938     2.1927     0.0193      0.075      2.497      3.621        461 5.0773e+01 0.0000e+00
      2.562    20.4025    10.4910    114.311  25.079179     27.547      8.287   290.3153     6.1747     2.1390     0.0193      0.075      2.513      3.645        462 4.9687e+01 0.0000e+00
      2.581    20.3718    10.3815    112.981  25.071714     27.591      8.279   291.2996     6.1464     2.0987     0.0193      0.075      2.533      3.675        463 4.7900e+01 0.0000e+00
      2.609    20.2854    10.2584    111.522  25.029846     27.554      8.264   292.2839     6.1504     2.1524     0.0193      0.077      2.557      3.710        464 4.6526e+01 0.0000e+00
      2.634    20.1619    10.1400    110.087  24.953441     27.507      8.246   292.7382     6.1666     2.0719     0.0193      0.078      2.580      3.743        465 4.5420e+01 0.0000e+00
      2.650    20.0525    10.0206    108.594  24.870388     27.440      8.235   293.0410     5.9604     1.8302     0.0192      0.078      2.598      3.768        466 4.4516e+01 0.0000e+00
      2.663    19.9873     9.9204    107.286  24.896093     27.574      8.225   293.5332     5.9927     1.8705     0.0192      0.077      2.613      3.790        467 4.3486e+01 0.0000e+00
      2.682    19.9044     9.8125    105.972  24.891848     27.614      8.215   293.9496     5.9604     1.9376     0.0192      0.077      2.631      3.816        468 4.2201e+01 0.0000e+00
      2.705    19.7701     9.7115    104.740  24.846063     27.619      8.205   294.1389     5.9563     1.9376     0.0192      0.078      2.652      3.846        469 4.1155e+01 0.0000e+00
      2.726    19.6582     9.5965    103.260  24.804885     27.609      8.193   294.7825     5.9806     1.9242     0.0192      0.079      2.672      3.875        470 4.0282e+01 0.0000e+00
      2.742    19.5916     9.4811    101.860  24.794912     27.692      8.179   295.0096     5.8350     1.9107     0.0191      0.077      2.688      3.898        471 3.9458e+01 0.0000e+00
      2.754    19.5277     9.3607    100.486  24.799230     27.763      8.171   294.9339     5.8552     1.7899     0.0191      0.072      2.701      3.917        472 3.8859e+01 0.0000e+00
      2.766    19.4659     9.2273     98.881  24.799549     27.802      8.162   295.2746     5.8431     1.9376     0.0191      0.068      2.715      3.936        473 3.8240e+01 0.0000e+00
      2.783    19.4121     9.0772     97.042  24.794542     27.844      8.156   296.0318     5.8512     1.8705     0.0191      0.067      2.731      3.961        474 3.7098e+01 0.0000e+00
      2.805    19.3453     8.9193     95.126  24.805483     27.882      8.143   296.1832     6.5426     1.7093     0.0191      0.067      2.753      3.992        475 3.6023e+01 0.0000e+00
      2.833    19.2549     8.7605     93.227  24.785955     27.915      8.132   296.6375     6.5305     1.6153     0.0191      0.068      2.777      4.027        476 3.5191e+01 0.0000e+00
      2.856    19.1539     8.5879     91.203  24.729940     27.863      8.120   296.6375     6.5467     1.6288     0.0191      0.071      2.799      4.060        477 3.4159e+01 0.0000e+00
      2.875    19.0851     8.4305     89.380  24.786290     28.014      8.106   297.0539     6.5386     1.6825     0.0191      0.074      2.818      4.088        478 3.3612e+01 0.0000e+00
      2.891    19.0151     8.2737     87.597  24.715856     27.984      8.093   296.6375     8.3502     1.7228     0.0191      0.078      2.836      4.113        479 3.2987e+01 0.0000e+00
      2.909    18.9040     8.1302     85.959  24.669412     27.965      8.084   297.2053     8.3178     1.6153     0.0190      0.080      2.853      4.138        480 3.2181e+01 0.0000e+00
      2.928    18.8266     8.0011     84.502  24.784832     28.166      8.072   297.3946     8.3057     1.6959     0.0191      0.081      2.870      4.163        481 3.1722e+01 0.0000e+00
      2.944    18.7844     7.8724     83.083  24.750099     28.176      8.062   297.0539     8.2976     1.6422     0.0190      0.078      2.887      4.188        482 3.1033e+01 0.0000e+00
      2.962    18.7001     7.7742     81.983  24.712667     28.194      8.054   297.5461    10.1455     1.7899     0.0190      0.074      2.905      4.214        483 3.0331e+01 0.0000e+00
      2.982    18.5829     7.6532     80.652  24.712874     28.219      8.041   297.6218    10.1657     1.6690     0.0190      0.071      2.924      4.241        484 2.9841e+01 0.0000e+00
      2.999    18.4661     7.5571     79.606  24.660936     28.211      8.032   297.4703    10.1496     1.6422     0.0190      0.070      2.942      4.267        485 2.9395e+01 0.0000e+00
      3.019    18.3577     7.4784     78.716  24.658760     28.286      8.025   298.2275    10.1334     1.7362     0.0190      0.071      2.961      4.295        486 2.8752e+01 0.0000e+00
      3.041    18.2576     7.4184     77.986  24.656335     28.363      8.018   298.2275    11.4233     1.5348     0.0190      0.072      2.980      4.323        487 2.8208e+01 0.0000e+00
      3.057    18.1748     7.3609     77.294  24.663994     28.433      8.003   298.4546    11.4476     1.5213     0.0190      0.073      2.996      4.346        488 2.7989e+01 0.0000e+00
      3.068    18.1074     7.3119     76.721  24.678907     28.532      7.990   298.3411    11.4557     1.5079     0.0190      0.072      3.010      4.366        489 2.7532e+01 0.0000e+00
      3.084    18.0405     7.2673     76.199  24.608167     28.490      7.982   298.7575    11.4638     1.4676     0.0189      0.070      3.024      4.386        490 2.7036e+01 0.0000e+00
      3.099    17.9875     7.2099     75.527  24.603846     28.534      7.971   298.7953    11.4435     1.4139     0.0189      0.067      3.037      4.405        491 2.6845e+01 0.0000e+00
      3.107    17.9517     7.1583     74.922  24.654667     28.643      7.961   298.1896    12.2361     1.5616     0.0189      0.063      3.047      4.420        492 2.6763e+01 0.0000e+00
      3.116    17.9144     7.1067     74.301  24.663512     28.679      7.951   298.9846    12.2118     1.4676     0.0189      0.057      3.056      4.433        493 2.6513e+01 0.0000e+00
      3.127    17.8818     7.0479     73.602  24.652140     28.702      7.945   298.8332    12.2118     1.4542     0.0189      0.052      3.065      4.445        494 2.6344e+01 0.0000e+00
      3.133    17.8604     6.9914     72.954  24.668832     28.727      7.936   299.2118    12.2199     1.4810     0.0189      0.046      3.074      4.458        495 2.6215e+01 0.0000e+00
      3.143    17.8226     6.9506     72.465  24.672393     28.782      7.926   299.2118    13.0772     1.5213     0.0189      0.042      3.084      4.473        496 2.5797e+01 0.0000e+00
      3.159    17.7618     6.8912     71.768  24.618078     28.698      7.922   299.9689    13.0610     1.4005     0.0189      0.041      3.097      4.492        497 2.5482e+01 0.0000e+00
      3.170    17.7071     6.8459     71.243  24.647510     28.788      7.908   299.6282    13.1014     1.4408     0.0189      0.040      3.107      4.507        498 2.5444e+01 0.0000e+00
      3.176    17.6706     6.8109     70.796  24.665421     28.830      7.902   299.5903    13.0772     1.4139     0.0189      0.039      3.117      4.521        499 2.5203e+01 0.0000e+00
      3.189    17.6347     6.7839     70.376  24.655090     28.867      7.894   300.3853    12.9599     1.5079     0.0189      0.040      3.128      4.537        500 2.4794e+01 0.0000e+00
      3.204    17.5913     6.7550     69.927  24.660385     28.892      7.883   300.8775    12.9559     1.4945     0.0189      0.042      3.140      4.554        501 2.4638e+01 0.0000e+00
      3.211    17.5482     6.7155     69.383  24.658846     28.915      7.874   300.5746    12.9437     1.5616     0.0189      0.043      3.150      4.569        502 2.4406e+01 0.0000e+00
      3.224    17.4966     6.6629     68.715  24.686660     28.979      7.862   300.9153    12.9316     1.4542     0.0189      0.044      3.163      4.587        503 2.3966e+01 0.0000e+00
      3.241    17.4419     6.5969     67.926  24.655429     28.974      7.850   301.5968    11.6053     1.5213     0.0189      0.045      3.176      4.607        504 2.3740e+01 0.0000e+00
      3.249    17.4028     6.5109     66.908  24.608802     28.944      7.838   301.1046    11.6578     1.5213     0.0189      0.045      3.187      4.623        505 2.3576e+01 0.0000e+00
      3.262    17.3603     6.4022     65.616  24.596490     28.982      7.834   301.7103    11.6538     1.5348     0.0189      0.046      3.201      4.643        506 2.3149e+01 0.0000e+00
      3.284    17.3098     6.2834     64.235  24.552198     28.942      7.821   302.2025    11.6417     1.4810     0.0188      0.050      3.219      4.668        507 2.2746e+01 0.0000e+00
      3.300    17.2724     6.1600     62.839  24.545369     28.971      7.807   302.1268    11.5891     1.5616     0.0188      0.053      3.236      4.693        508 2.2463e+01 0.0000e+00
      3.314    17.2163     6.0160     61.291  24.545719     29.007      7.795   302.5811    11.5729     1.4676     0.0188      0.056      3.253      4.718        509 2.2000e+01 0.0000e+00
      3.339    17.1211     5.8585     59.640  24.581420     29.064      7.781   302.8082    11.5770     1.4408     0.0188      0.061      3.273      4.748        510 2.1497e+01 0.0000e+00
