Data/DataNotYetUploadedToEDI/Raw_CTD/2018_RawDownloads/062518_fcr20.cnv
* Sea-Bird SBE19plus  Data File:
* FileName = C:\DATA\062518_fcr_0002.hex
* Software version 2.6.3.104
* Temperature SN = 7809
* Conductivity SN = 7809
* System UpLoad Time = Jun 25 2018 17:13:21
* <ApplicationData>
* <Seaterm232>
# nquan = 17
# nvalues = 358                         
# units = specified
# name 0 = depFM: Depth [fresh water, m]
# name 1 = tv290C: Temperature [ITS-90, deg C]
# name 2 = sbeox0Mg/L: Oxygen, SBE 43 [mg/l]
# name 3 = sbeox0PS: Oxygen, SBE 43 [% saturation]
# name 4 = c0uS/cm: Conductivity [uS/cm]
# name 5 = specc: Specific Conductance [uS/cm]
# name 6 = ph: pH
# name 7 = orp: Oxidation Reduction Potential [mV]
# name 8 = flECO-AFL: Fluorescence, WET Labs ECO-AFL/FL [mg/m^3]
# name 9 = turbWETntu0: Turbidity, WET Labs ECO [NTU]
# name 10 = sal00: Salinity, Practical [PSU]
# name 11 = dz/dtM: Descent Rate [m/s]
# name 12 = prdM: Pressure, Strain Gauge [db]
# name 13 = prdE: Pressure, Strain Gauge [psi]
# name 14 = scan: Scan Count
# name 15 = par/sat/log: PAR/Logarithmic, Satlantic
# name 16 = flag:  0.000e+00
# span 0 =     -0.538,      2.940       
# span 1 =    16.7865,    26.1605       
# span 2 =    -0.2674,    12.6605       
# span 3 =     -2.758,    145.718       
# span 4 =   0.900832,  40.581500       
# span 5 =      0.884,     48.402       
# span 6 =      6.015,      8.063       
# span 7 =   189.8043,   323.6676       
# span 8 =    -0.1900,     4.6826       
# span 9 =    -0.7480,    81.2162       
# span 10 =     0.0116,     0.0269      
# span 11 =     -0.103,      0.142      
# span 12 =     -0.527,      2.882      
# span 13 =     -0.765,      4.180      
# span 14 =          1,        358      
# span 15 = 2.4194e+01, 9.6044e+02      
# span 16 = 0.0000e+00, 0.0000e+00      
# interval = seconds: 0.25
# start_time = Jun 25 2018 15:38:06 [Instrument's time stamp, header]
# bad_flag = -9.990e-29
*END*
[from data line 256]
      1.316    25.3368     8.1622     97.749  32.361714     32.098      7.828   240.2302     3.5261     2.2599     0.0226      0.082      1.288      1.868        257 1.2603e+02 0.0000e+00
      1.344    25.2684     8.4635    101.254  32.180853     31.886      7.818   240.9495     3.4937     2.3002     0.0225      0.091      1.314      1.907        258 1.2244e+02 0.0000e+00
      1.362    25.1964     8.9031    106.412  32.118609     31.927      7.813   241.5930     3.5099     2.2196     0.0225      0.097      1.334      1.935        259 1.2034e+02 0.0000e+00
      1.376    25.1409     9.3892    112.148  32.053718     31.859      7.810   242.5016     3.4937     2.2599     0.0225      0.098      1.350      1.959        260 1.1804e+02 0.0000e+00
      1.395    25.0869     9.8893    117.960  32.054072     31.933      7.809   242.6530     3.8900     2.5687     0.0225      0.096      1.368      1.984        261 1.1542e+02 0.0000e+00
      1.414    24.9872    10.2886    122.549  31.969937     31.886      7.806   242.6152     3.8738     2.4881     0.0224      0.093      1.386      2.010        262 1.1383e+02 0.0000e+00
      1.429    24.8654    10.5715    125.830  31.861925     31.778      7.802   244.1295     3.9062     2.5687     0.0224      0.086      1.403      2.035        263 1.1208e+02 0.0000e+00
      1.449    24.7435    10.6883    127.139  31.684430     31.732      7.802   244.5080     3.8900     2.6224     0.0223      0.078      1.422      2.063        264 1.1053e+02 0.0000e+00
      1.471    24.6239    10.6449    126.593  32.131563     32.116      7.796   245.8709     4.3186     2.4747     0.0225      0.073      1.444      2.094        265 1.0874e+02 0.0000e+00
      1.496    24.5143    10.5105    124.924  33.648150     33.909      7.792   245.6438     4.3146     2.5284     0.0231      0.073      1.466      2.126        266 1.0759e+02 0.0000e+00
      1.515    24.4289    10.3328    122.690  34.215543     34.441      7.781   244.8866     4.3469     2.4210     0.0233      0.076      1.486      2.155        267 1.0605e+02 0.0000e+00
      1.534    24.3702    10.1636    120.555  34.035083     34.376      7.776   244.8866     4.3793     2.5284     0.0233      0.079      1.506      2.184        268 1.0333e+02 0.0000e+00
      1.558    24.3234    10.0152    118.616  34.110020     34.493      7.769   246.0602     4.6381     2.2733     0.0233      0.081      1.526      2.214        269 1.0143e+02 0.0000e+00
      1.575    24.2841     9.9134    117.073  34.092670     34.532      7.763   245.1895     4.6624     2.2464     0.0233      0.081      1.544      2.240        270 9.9864e+01 0.0000e+00
      1.591    24.2122     9.8410    115.783  34.175328     34.624      7.757   245.6438     4.6624     2.3136     0.0233      0.081      1.561      2.264        271 9.7741e+01 0.0000e+00
      1.608    24.1380     9.7626    114.470  34.392701     34.904      7.748   246.0602     4.6826     2.3002     0.0234      0.078      1.576      2.287        272 9.5828e+01 0.0000e+00
      1.624    24.0972     9.6631    112.969  34.444948     34.985      7.740   246.6280     4.1407     2.2867     0.0234      0.075      1.591      2.308        273 9.4448e+01 0.0000e+00
      1.634    24.0659     9.6632    112.669  34.406898     35.010      7.733   245.9845     4.1812     2.2464     0.0234      0.069      1.603      2.324        274 9.2713e+01 0.0000e+00
      1.646    24.0502     9.8197    114.263  34.410431     35.037      7.729   245.3788     4.1407     2.2867     0.0234      0.065      1.615      2.342        275 9.1106e+01 0.0000e+00
      1.661    24.0213    10.1293    117.716  34.410918     35.062      7.729   246.6280     4.1488     2.2867     0.0234      0.060      1.628      2.362        276 9.0069e+01 0.0000e+00
      1.674    23.9681    10.5593    122.594  34.406305     35.071      7.723   246.0223     4.1326     2.3941     0.0234      0.056      1.642      2.381        277 8.8977e+01 0.0000e+00
      1.688    23.9125    11.0463    128.180  34.416181     35.092      7.719   245.6438     3.2996     2.4747     0.0234      0.054      1.655      2.401        278 8.7659e+01 0.0000e+00
      1.702    23.8301    11.5464    133.880  34.428299     35.159      7.714   246.7416     3.3279     2.4613     0.0234      0.053      1.670      2.422        279 8.6613e+01 0.0000e+00
      1.720    23.6776    11.9564    138.580  34.806437     35.542      7.706   246.1738     3.2996     2.5150     0.0236      0.053      1.687      2.447        280 8.5077e+01 0.0000e+00
      1.739    23.4803    12.2962    142.288  34.983603     35.887      7.699   246.8552     3.2996     2.5284     0.0237      0.056      1.706      2.474        281 8.3543e+01 0.0000e+00
      1.761    23.2991    12.5327    144.699  34.029939     34.909      7.695   247.8016     3.2511     2.5553     0.0233      0.061      1.726      2.503        282 8.2324e+01 0.0000e+00
      1.779    23.1430    12.6343    145.642  32.849828     33.900      7.690   247.0823     3.2188     2.5150     0.0228      0.065      1.745      2.530        283 8.0836e+01 0.0000e+00
      1.796    23.0017    12.6605    145.718  32.122706     33.217      7.685   247.9909     3.2390     2.4479     0.0225      0.068      1.761      2.554        284 7.9524e+01 0.0000e+00
      1.812    22.8975    12.6266    144.973  31.791611     33.034      7.684   248.6723     3.2552     2.5150     0.0223      0.070      1.776      2.575        285 7.8922e+01 0.0000e+00
      1.822    22.8271    12.5644    143.923  31.512423     32.811      7.679   249.5431     4.0315     2.7970     0.0222      0.069      1.787      2.592        286 7.8518e+01 0.0000e+00
      1.832    22.7803    12.5041    142.929  31.373077     32.738      7.677   250.3381     4.0396     2.7836     0.0222      0.066      1.798      2.608        287 7.7437e+01 0.0000e+00
      1.846    22.7464    12.4649    142.065  31.490638     32.930      7.674   250.5273     3.9951     2.6627     0.0222      0.061      1.810      2.625        288 7.6268e+01 0.0000e+00
      1.858    22.7128    12.4333    141.207  31.455108     32.907      7.669   251.3981     4.0073     2.7164     0.0222      0.056      1.821      2.641        289 7.5410e+01 0.0000e+00
      1.867    22.6854    12.4145    140.593  31.446967     32.926      7.663   251.8145     3.6191     2.5284     0.0222      0.051      1.831      2.656        290 7.4457e+01 0.0000e+00
      1.879    22.6044    12.4074    140.151  31.352527     32.866      7.656   252.1931     3.6393     2.4613     0.0222      0.047      1.842      2.672        291 7.3463e+01 0.0000e+00
      1.890    22.4867    12.4063    139.951  31.157528     32.646      7.650   252.5338     3.6393     2.5553     0.0221      0.045      1.853      2.688        292 7.2938e+01 0.0000e+00
      1.901    22.4046    12.4241    140.076  31.126276     32.704      7.643   252.0416     3.6555     2.4613     0.0221      0.044      1.865      2.706        293 7.1902e+01 0.0000e+00
      1.916    22.3205    12.4597    140.393  31.035634     32.667      7.636   252.6095     3.6878     2.7298     0.0220      0.045      1.880      2.727        294 7.0754e+01 0.0000e+00
      1.935    22.1968    12.5110    140.777  30.825605     32.518      7.629   253.7452     3.6919     2.7030     0.0219      0.048      1.899      2.755        295 6.9691e+01 0.0000e+00
      1.961    22.0742    12.5511    140.994  30.616764     32.337      7.623   253.2152     3.7161     2.7701     0.0218      0.053      1.924      2.791        296 6.7964e+01 0.0000e+00
      1.991    21.9642    12.5707    140.967  30.554301     32.365      7.619   254.9566     3.6919     2.6761     0.0218      0.062      1.952      2.831        297 6.6332e+01 0.0000e+00
      2.019    21.8107    12.5583    140.508  30.399326     32.300      7.616   253.3666     3.7040     2.6627     0.0217      0.073      1.978      2.869        298 6.4864e+01 0.0000e+00
      2.043    21.6337    12.5275    139.836  30.098070     32.019      7.614   254.1995     3.4897     3.5221     0.0216      0.083      2.000      2.901        299 6.3941e+01 0.0000e+00
      2.057    21.4818    12.4604    138.902  30.010104     32.063      7.611   253.2152     3.5099     3.5892     0.0216      0.089      2.017      2.925        300 6.3180e+01 0.0000e+00
      2.071    21.3545    12.3824    137.873  29.945509     32.098      7.613   254.2374     3.5342     3.5758     0.0215      0.090      2.031      2.946        301 6.2279e+01 0.0000e+00
      2.085    21.2820    12.2906    136.631  29.941328     32.200      7.616   253.6316     3.4937     3.5758     0.0215      0.087      2.045      2.966        302 6.1602e+01 0.0000e+00
      2.098    21.2560    12.2192    135.481  30.015369     32.382      7.618   253.2909     3.1622     3.5624     0.0216      0.080      2.059      2.986        303 6.0566e+01 0.0000e+00
      2.115    21.2223    12.1470    134.263  29.942365     32.340      7.620   253.4802     3.1783     3.4952     0.0215      0.072      2.074      3.008        304 5.9752e+01 0.0000e+00
      2.131    21.1538    12.0885    133.123  29.883964     32.299      7.620   254.1616     3.1864     3.5758     0.0215      0.064      2.090      3.032        305 5.9176e+01 0.0000e+00
      2.151    21.0680    11.9716    131.476  29.880517     32.320      7.619   254.3888     3.2147     3.5624     0.0215      0.061      2.110      3.062        306 5.8027e+01 0.0000e+00
      2.176    20.9788    11.8569    129.990  29.828072     32.310      7.616   254.7674     3.2835     3.3475     0.0215      0.063      2.135      3.097        307 5.6491e+01 0.0000e+00
      2.206    20.8612    11.7111    128.099  29.771359     32.308      7.608   255.0324     3.2592     3.3610     0.0214      0.070      2.163      3.136        308 5.4934e+01 0.0000e+00
      2.234    20.7459    11.5269    125.826  29.773232     32.371      7.604   255.2216     3.2592     3.4550     0.0214      0.079      2.189      3.175        309 5.3644e+01 0.0000e+00
      2.257    20.6742    11.3004    123.114  29.796132     32.484      7.603   255.5624     3.2228     3.4012     0.0214      0.086      2.211      3.208        310 5.2678e+01 0.0000e+00
      2.275    20.6179    11.0960    120.632  29.831856     32.599      7.600   256.6602     2.9802     2.9447     0.0215      0.091      2.230      3.234        311 5.1926e+01 0.0000e+00
      2.289    20.5326    10.9031    118.183  29.817767     32.648      7.603   256.2059     2.9721     3.0253     0.0215      0.092      2.245      3.257        312 5.1076e+01 0.0000e+00
      2.305    20.4036    10.7263    115.921  29.784047     32.628      7.600   256.3952     2.9883     3.0118     0.0214      0.089      2.261      3.279        313 5.0071e+01 0.0000e+00
      2.322    20.2430    10.5392    113.626  29.814546     32.748      7.596   256.7738     2.9923     2.9178     0.0215      0.083      2.277      3.303        314 4.9075e+01 0.0000e+00
      2.340    20.0598    10.3267    111.130  29.898447     32.906      7.592   256.5845     2.6729     2.4613     0.0215      0.077      2.296      3.330        315 4.7906e+01 0.0000e+00
      2.362    19.9226    10.0802    108.283  29.946536     33.113      7.588   259.1588     2.6527     2.4747     0.0215      0.072      2.316      3.359        316 4.6744e+01 0.0000e+00
      2.383    19.8310     9.7420    104.478  29.903016     33.157      7.584   260.0674     2.6850     2.5016     0.0215      0.070      2.334      3.385        317 4.6062e+01 0.0000e+00
      2.394    19.7211     9.4063    100.722  29.863726     33.258      7.581   259.4995     2.6769     2.5687     0.0215      0.069      2.348      3.405        318 4.5559e+01 0.0000e+00
      2.405    19.6148     9.0409     96.666  29.906538     33.323      7.576   258.6667     2.6607     2.4344     0.0215      0.067      2.360      3.423        319 4.4649e+01 0.0000e+00
      2.422    19.5204     8.6811     92.689  29.998030     33.565      7.576   258.5531     2.9519     2.0450     0.0215      0.067      2.375      3.445        320 4.3639e+01 0.0000e+00
      2.439    19.4115     8.3397     88.913  30.046408     33.642      7.571   259.4238     2.9276     2.1927     0.0215      0.065      2.392      3.470        321 4.2670e+01 0.0000e+00
      2.456    19.2667     8.0395     85.557  30.172526     33.904      7.569   258.9317     2.9155     2.1122     0.0216      0.064      2.410      3.495        322 4.1386e+01 0.0000e+00
      2.478    19.1173     7.7624     82.497  30.434128     34.236      7.562   259.6131     2.9276     2.1927     0.0217      0.064      2.429      3.522        323 4.0485e+01 0.0000e+00
      2.494    18.9999     7.5427     80.045  30.640064     34.635      7.558   259.2345     3.1217     1.7496     0.0218      0.063      2.445      3.546        324 3.9893e+01 0.0000e+00
      2.507    18.9067     7.3373     77.687  30.687219     34.751      7.549   259.8781     3.0934     1.6556     0.0218      0.064      2.460      3.567        325 3.9071e+01 0.0000e+00
      2.524    18.8195     7.0983     74.994  30.760967     34.972      7.546   259.3102     3.1177     1.7765     0.0219      0.066      2.474      3.588        326 3.8359e+01 0.0000e+00
      2.536    18.7370     6.8504     72.258  30.844848     35.108      7.541   259.3102     3.1258     1.7630     0.0219      0.066      2.486      3.606        327 3.7955e+01 0.0000e+00
      2.546    18.6617     6.5412     68.899  30.968337     35.338      7.537   259.8781     2.9883     1.9376     0.0220      0.062      2.497      3.623        328 3.7379e+01 0.0000e+00
      2.561    18.5880     6.1430     64.606  31.052096     35.500      7.532   260.5974     3.0085     1.9645     0.0220      0.059      2.511      3.642        329 3.6643e+01 0.0000e+00
      2.575    18.5200     5.7425     60.301  31.096468     35.594      7.525   260.7109     2.9681     1.9645     0.0220      0.056      2.526      3.663        330 3.6093e+01 0.0000e+00
      2.590    18.4460     5.3319     55.914  31.180017     35.782      7.515   260.6731     2.9721     1.9376     0.0221      0.054      2.541      3.686        331 3.5361e+01 0.0000e+00
      2.609    18.3596     4.9107     51.451  31.333626     35.967      7.507   261.0895     2.9964     1.9913     0.0221      0.055      2.558      3.711        332 3.4761e+01 0.0000e+00
      2.627    18.2918     4.4857     46.956  31.528028     36.316      7.497   261.5059     3.0085     1.9645     0.0223      0.057      2.576      3.736        333 3.4229e+01 0.0000e+00
      2.644    18.2194     4.0695     42.550  31.590468     36.390      7.488   261.5059     2.9883     1.8839     0.0223      0.060      2.594      3.762        334 3.3490e+01 0.0000e+00
      2.665    18.1097     3.6184     37.763  31.908309     36.866      7.475   261.3167     2.9883     1.9242     0.0224      0.064      2.613      3.791        335 3.2863e+01 0.0000e+00
      2.686    18.0035     3.2090     33.409  32.200014     37.250      7.463   261.7709     3.3886     1.9913     0.0226      0.069      2.632      3.818        336 3.2421e+01 0.0000e+00
      2.701    17.9247     2.8079     29.164  32.265339     37.411      7.450   262.3009     3.3724     1.9510     0.0226      0.071      2.648      3.841        337 3.1973e+01 0.0000e+00
      2.715    17.8552     2.3920     24.791  32.390472     37.666      7.440   263.2852     3.3522     2.0047     0.0227      0.071      2.662      3.861        338 3.1577e+01 0.0000e+00
      2.728    17.7820     1.9586     20.262  32.578099     37.930      7.429   264.8374     3.3765     1.9779     0.0228      0.069      2.676      3.881        339 3.1223e+01 0.0000e+00
      2.744    17.7067     1.4755     15.242  32.980807     38.480      7.415   264.5724     3.3886     1.8570     0.0230      0.067      2.691      3.902        340 3.0804e+01 0.0000e+00
