Data/DataNotYetUploadedToEDI/Raw_CTD/2018_RawDownloads/062518_fcr20.cnv
* Sea-Bird SBE19plus  Data File:
* FileName = C:\DATA\062518_fcr_0002.hex
* Software version 2.6.3.104
* Temperature SN = 7809
* Conductivity SN = 7809
* System UpLoad Time = Jun 25 2018 17:13:21
* <ApplicationData>
* <Seaterm232>
# nquan = 17
# nvalues = 358                         
# units = specified
# name 0 = depFM: Depth [fresh water, m]
# name 1 = tv290C: Temperature [ITS-90, deg C]
# name 2 = sbeox0Mg/L: Oxygen, SBE 43 [mg/l]
# name 3 = sbeox0PS: Oxygen, SBE 43 [% saturation]
# name 4 = c0uS/cm: Conductivity [uS/cm]
# name 5 = specc: Specific Conductance [uS/cm]
# name 6 = ph: pH
# name 7 = orp: Oxidation Reduction Potential [mV]
# name 8 = flECO-AFL: Fluorescence, WET Labs ECO-AFL/FL [mg/m^3]
# name 9 = turbWETntu0: Turbidity, WET Labs ECO [NTU]
# name 10 = sal00: Salinity, Practical [PSU]
# name 11 = dz/dtM: Descent Rate [m/s]
# name 12 = prdM: Pressure, Strain Gauge [db]
# name 13 = prdE: Pressure, Strain Gauge [psi]
# name 14 = scan: Scan Count
# name 15 = par/sat/log: PAR/Logarithmic, Satlantic
# name 16 = flag:  0.000e+00
# span 0 =     -0.538,      2.940       
# span 1 =    16.7865,    26.1605       
# span 2 =    -0.2674,    12.6605       
# span 3 =     -2.758,    145.718       
# span 4 =   0.900832,  40.581500       
# span 5 =      0.884,     48.402       
# span 6 =      6.015,      8.063       
# span 7 =   189.8043,   323.6676       
# span 8 =    -0.1900,     4.6826       
# span 9 =    -0.7480,    81.2162       
# span 10 =     0.0116,     0.0269      
# span 11 =     -0.103,      0.142      
# span 12 =     -0.527,      2.882      
# span 13 =     -0.765,      4.180      
# span 14 =          1,        358      
# span 15 = 2.4194e+01, 9.6044e+02      
# span 16 = 0.0000e+00, 0.0000e+00      
# interval = seconds: 0.25
# start_time = Jun 25 2018 15:38:06 [Instrument's time stamp, header]
# bad_flag = -9.990e-29
*END*
[from data line 86]
     -0.216    25.9194     7.5718     93.609  32.973203     32.386      7.970   195.7100     0.7764     5.5229     0.0228     -0.026     -0.215     -0.312         87 7.0333e+02 0.0000e+00
     -0.173    25.9736     7.4483     92.076  33.050943     32.454      7.972   195.5208     0.8047     5.4557     0.0229      0.013     -0.175     -0.254         88 7.3326e+02 0.0000e+00
     -0.146    26.0286     7.3321     90.643  33.142022     32.550      7.978   196.0508     1.4800     1.9376     0.0229      0.053     -0.147     -0.214         89 7.5662e+02 0.0000e+00
     -0.131    26.0728     7.2063     89.089  33.156386     32.515      7.977   195.5208     1.4881     2.0182     0.0229      0.088     -0.130     -0.189         90 7.6812e+02 0.0000e+00
     -0.122    26.1047     7.1031     87.812  33.092354     32.425      7.987   195.4072     1.4962     1.8973     0.0229      0.109     -0.119     -0.173         91 7.7312e+02 0.0000e+00
     -0.113    26.1247     7.0130     86.700  33.162379     32.451      7.991   195.7858     1.4962     1.9913     0.0229      0.112     -0.109     -0.158         92 7.8565e+02 0.0000e+00
     -0.099    26.1382     6.9385     85.780  33.187839     32.486      7.996   196.3915     1.9288     1.9645     0.0229      0.101     -0.097     -0.141         93 7.9819e+02 0.0000e+00
     -0.087    26.1486     6.8776     85.022  33.119962     32.364      7.997   196.5429     1.9612     1.9376     0.0229      0.081     -0.086     -0.125         94 8.0413e+02 0.0000e+00
     -0.079    26.1554     6.8240     84.357  33.128224     32.410      7.997   197.0729     1.9491     1.9107     0.0229      0.060     -0.081     -0.118         95 8.0398e+02 0.0000e+00
     -0.084    26.1603     6.7719     83.669  33.058936     32.294      8.001   197.7165     1.9369     1.8705     0.0229      0.044     -0.084     -0.122         96 8.0914e+02 0.0000e+00
     -0.094    26.1602     6.7448     83.287  33.087570     32.345      8.006   197.8300     2.0178     1.9107     0.0229      0.030     -0.093     -0.135         97 8.0591e+02 0.0000e+00
     -0.106    26.1575     6.7357     83.147  33.151893     32.396      8.005   198.7008     2.0421     1.9645     0.0229      0.017     -0.106     -0.154         98 7.9398e+02 0.0000e+00
     -0.125    26.1587     6.7422     83.199  33.097499     32.341      8.005   199.9122     2.0097     1.9376     0.0229      0.001     -0.126     -0.183         99 7.8873e+02 0.0000e+00
     -0.155    26.1603     6.7682     83.524  32.977337     32.234      8.003   200.1772     2.0178     1.9376     0.0228     -0.020     -0.153     -0.221        100 7.8947e+02 0.0000e+00
     -0.186    26.1592     6.8114     84.077  32.945588     32.178      8.001   200.1772     1.8156     1.9107     0.0228     -0.044     -0.178     -0.257        101 7.9126e+02 0.0000e+00
     -0.201    26.1605     6.8523     84.593  33.077704     32.342      8.003   200.6693     1.8156     1.9242     0.0229     -0.062     -0.190     -0.275        102 8.0336e+02 0.0000e+00
     -0.195    26.1600     6.8747     84.883  33.109458     32.342      8.005   200.5936     1.8561     2.0047     0.0229     -0.068     -0.183     -0.266        103 7.9329e+02 0.0000e+00
     -0.166    26.1582     6.8902     85.086  33.083993     32.342      8.005   200.6315     1.8237     1.9376     0.0229     -0.058     -0.156     -0.226        104 8.1188e+02 0.0000e+00
     -0.115    26.1549     6.8841     85.017  33.050088     32.286      7.998   200.8586     1.8318     1.8973     0.0229     -0.029     -0.114     -0.165        105 7.7951e+02 0.0000e+00
     -0.069    26.1282     6.8936     85.138  32.973730     32.234      7.998   200.9343     1.8439     1.8570     0.0228      0.010     -0.068     -0.100        106 5.9018e+02 0.0000e+00
     -0.026    26.0967     6.9287     85.572  32.882481     32.125      7.998   200.6693     1.8278     1.9913     0.0228      0.054     -0.027     -0.040        107 5.0192e+02 0.0000e+00
      0.011    26.0766     6.9806     86.209  32.867113     32.143      8.004   200.8965     1.8197     1.9913     0.0228      0.097      0.008      0.011        108 5.1848e+02 0.0000e+00
      0.039    26.0601     7.0566     87.144  32.874253     32.163      8.009   200.5936     1.8278     1.9645     0.0228      0.129      0.035      0.051        109 4.4900e+02 0.0000e+00
      0.057    26.0619     7.1548     88.355  32.932916     32.230      8.011   200.9722     2.0704     1.9376     0.0228      0.142      0.055      0.080        110 4.6235e+02 0.0000e+00
      0.072    26.0744     7.2626     89.681  33.031347     32.351      8.012   201.0479     2.0623     1.8839     0.0229      0.139      0.071      0.102        111 4.6869e+02 0.0000e+00
      0.087    26.0826     7.3664     90.961  33.048301     32.349      8.020   207.6729     2.0785     1.9913     0.0229      0.124      0.085      0.122        112 4.6433e+02 0.0000e+00
      0.099    26.0907     7.4614     92.144  33.089741     32.396      8.019   202.8272     2.0663     1.9779     0.0229      0.102      0.096      0.138        113 4.8861e+02 0.0000e+00
      0.106    26.0981     7.5447     93.160  33.098388     32.391      8.022   203.1679     2.1310     1.9376     0.0229      0.082      0.103      0.149        114 4.8132e+02 0.0000e+00
      0.109    26.1025     7.5884     93.680  33.037536     32.331      8.019   204.0765     2.1270     1.9376     0.0229      0.064      0.106      0.154        115 5.4356e+02 0.0000e+00
      0.109    26.1049     7.6150     93.994  33.046851     32.326      8.024   203.0922     2.1593     1.9913     0.0229      0.047      0.106      0.154        116 5.6896e+02 0.0000e+00
      0.107    26.1049     7.5983     93.782  33.146100     32.433      8.023   203.2815     2.1472     1.8973     0.0229      0.034      0.105      0.152        117 5.7175e+02 0.0000e+00
      0.105    26.1029     7.5569     93.272  33.151251     32.431      8.020   203.9251     2.1755     1.9107     0.0229      0.023      0.104      0.150        118 5.6716e+02 0.0000e+00
      0.104    26.1003     7.5030     92.612  33.099748     32.376      8.022   203.6979     2.1432     1.9107     0.0229      0.013      0.104      0.150        119 5.5650e+02 0.0000e+00
      0.108    26.0992     7.4100     91.472  33.091577     32.378      8.024   212.5944     2.1512     1.9510     0.0229      0.006      0.109      0.158        120 5.4565e+02 0.0000e+00
      0.121    26.0960     7.3145     90.297  33.102111     32.379      8.025   204.5686     2.1553     2.0182     0.0229      0.005      0.122      0.176        121 5.6082e+02 0.0000e+00
      0.143    26.0957     7.2185     89.108  33.086642     32.380      8.022   214.1465     2.1391     1.8973     0.0229      0.012      0.140      0.202        122 5.8244e+02 0.0000e+00
      0.163    26.1002     7.1404     88.144  32.992215     32.273      8.015   221.3015     2.1351     1.8705     0.0228      0.023      0.156      0.225        123 6.3193e+02 0.0000e+00
      0.171    26.0939     7.1070     87.732  32.923086     32.219      8.010   211.7994     2.1391     1.9107     0.0228      0.033      0.163      0.235        124 6.6589e+02 0.0000e+00
      0.163    26.0811     7.1153     87.831  32.876135     32.160      8.008   207.9758     2.1634     2.0316     0.0228      0.038      0.158      0.229        125 6.9177e+02 0.0000e+00
      0.149    26.0730     7.1306     88.025  32.932030     32.219      8.015   207.6351     2.3413     1.9510     0.0228      0.034      0.149      0.216        126 7.1739e+02 0.0000e+00
      0.144    26.0700     7.1500     88.271  33.031450     32.337      8.016   208.8844     2.3453     1.9376     0.0229      0.026      0.145      0.210        127 7.2357e+02 0.0000e+00
      0.150    26.0707     7.1723     88.545  33.108258     32.397      8.015   209.1115     2.3453     1.8973     0.0229      0.016      0.147      0.213        128 7.3483e+02 0.0000e+00
      0.155    26.0739     7.1965     88.844  33.132985     32.453      8.011   208.3922     2.3494     1.9242     0.0229      0.006      0.150      0.218        129 7.1272e+02 0.0000e+00
      0.154    26.0783     7.2203     89.133  33.059986     32.344      8.013   211.6479     2.3211     1.8839     0.0229     -0.002      0.150      0.219        130 6.6910e+02 0.0000e+00
      0.151    26.0802     7.2397     89.367  33.080489     32.396      8.017   211.1937     2.3575     2.0719     0.0229     -0.007      0.148      0.216        131 6.6918e+02 0.0000e+00
      0.149    26.0791     7.2571     89.580  33.107470     32.393      8.022   216.6072     2.3211     2.1524     0.0229     -0.007      0.146      0.213        132 6.2855e+02 0.0000e+00
      0.148    26.0786     7.2532     89.534  33.085714     32.392      8.027   213.0108     2.3413     2.1659     0.0229     -0.003      0.145      0.210        133 5.9618e+02 0.0000e+00
      0.144    26.0780     7.2319     89.282  33.107562     32.393      8.029   210.5122     2.3373     2.1927     0.0229     -0.001      0.145      0.209        134 6.7679e+02 0.0000e+00
      0.151    26.0765     7.2111     89.017  33.139589     32.448      8.035   209.8687     2.3049     1.9645     0.0229     -0.001      0.148      0.214        135 6.3908e+02 0.0000e+00
      0.158    26.0795     7.1795     88.583  33.105166     32.394      8.035   210.1337     2.2766     1.9376     0.0229     -0.000      0.152      0.220        136 6.2827e+02 0.0000e+00
      0.155    26.0835     7.1298     87.904  33.031786     32.340      8.032   210.2472     2.2766     1.8973     0.0229      0.000      0.149      0.216        137 6.8947e+02 0.0000e+00
      0.143    26.0836     7.0688     87.115  32.993678     32.283      8.037   221.5287     2.2726     1.9645     0.0228     -0.001      0.136      0.197        138 6.9683e+02 0.0000e+00
      0.120    26.0832     6.9929     86.171  32.974665     32.280      8.040   213.6922     2.2200     1.9376     0.0228     -0.008      0.110      0.159        139 7.8862e+02 0.0000e+00
      0.071    26.0799     6.9405     85.529  32.996137     32.281      8.040   216.6072     2.1957     1.8436     0.0228     -0.026      0.071      0.102        140 9.2871e+02 0.0000e+00
      0.026    26.0766     6.9072     85.122  33.026263     32.335      8.044   222.5130     2.2523     1.9779     0.0229     -0.051      0.031      0.044        141 9.6044e+02 0.0000e+00
     -0.003    26.0753     6.8940     84.956  33.055789     32.338      8.047   222.7401     2.1998     1.9376     0.0229     -0.077      0.004      0.005        142 9.3241e+02 0.0000e+00
     -0.012    26.0775     6.8750     84.721  33.078009     32.395      8.047   225.8823     2.1512     1.9242     0.0229     -0.096     -0.008     -0.013        143 9.3084e+02 0.0000e+00
     -0.013    26.0833     6.8472     84.375  32.998612     32.286      8.043   227.8887     2.1593     1.9376     0.0228     -0.103     -0.013     -0.019        144 9.2537e+02 0.0000e+00
     -0.017    26.0791     6.8072     83.876  32.917368     32.230      8.045   226.5637     2.1715     1.9376     0.0228     -0.098     -0.016     -0.023        145 8.7819e+02 0.0000e+00
     -0.017    26.0511     6.7670     83.376  32.882577     32.171      8.050   225.2387     2.1229     1.9779     0.0228     -0.082     -0.018     -0.025        146 7.8135e+02 0.0000e+00
     -0.019    26.0104     6.7092     82.661  32.804678     32.119      8.048   224.9358     2.0663     1.9779     0.0228     -0.060     -0.019     -0.026        147 7.7673e+02 0.0000e+00
     -0.019    25.9865     6.6365     81.759  32.806740     32.109      8.053   225.2008     2.1108     1.9913     0.0228     -0.035     -0.019     -0.027        148 7.8968e+02 0.0000e+00
     -0.019    25.9814     6.5631     80.849  32.909675     32.273      8.053   225.6551     2.0785     2.0047     0.0228     -0.016     -0.018     -0.026        149 7.2870e+02 0.0000e+00
     -0.017    25.9833     6.4818     79.843  32.884167     32.233      8.055   226.7530     2.0785     1.8705     0.0228     -0.006     -0.016     -0.023        150 7.6823e+02 0.0000e+00
     -0.012    25.9855     6.4049     78.891  32.868149     32.236      8.054   225.6173     2.0946     1.9242     0.0228     -0.001     -0.012     -0.016        151 7.8637e+02 0.0000e+00
     -0.005    25.9842     6.3381     78.063  32.870305     32.235      8.054   228.5701     2.1472     1.8973     0.0228      0.003     -0.007     -0.010        152 7.2824e+02 0.0000e+00
     -0.004    25.9831     6.2677     77.192  32.881484     32.233      8.056   229.2894     2.1593     1.9242     0.0228      0.007     -0.005     -0.007        153 6.9782e+02 0.0000e+00
     -0.006    25.9809     6.2052     76.419  32.854238     32.234      8.056   229.2516     2.1755     1.8839     0.0228      0.008     -0.006     -0.008        154 6.7467e+02 0.0000e+00
     -0.006    25.9773     6.1459     75.684  32.815251     32.152      8.056   228.8351     2.1432     1.8839     0.0228      0.009     -0.006     -0.009        155 6.6062e+02 0.0000e+00
     -0.006    25.9743     6.0936     75.036  32.841040     32.236      8.054   228.9109     2.2766     1.9376     0.0228      0.008     -0.006     -0.009        156 6.4985e+02 0.0000e+00
     -0.006    25.9716     6.0530     74.531  32.822146     32.156      8.056   229.1380     2.2847     1.9645     0.0228      0.006     -0.005     -0.008        157 6.4228e+02 0.0000e+00
     -0.004    25.9680     6.0190     74.109  32.838768     32.240      8.057   228.7594     2.3049     1.8705     0.0228      0.004     -0.005     -0.007        158 6.4022e+02 0.0000e+00
     -0.004    25.9642     5.9795     73.617  32.850009     32.187      8.056   229.1001     2.2968     1.9913     0.0228      0.002     -0.005     -0.007        159 6.4184e+02 0.0000e+00
     -0.006    25.9605     5.9510     73.263  32.837811     32.244      8.060   228.7594     2.3453     2.0450     0.0228     -0.000     -0.006     -0.008        160 6.4605e+02 0.0000e+00
     -0.006    25.9569     5.9217     72.899  32.764988     32.109      8.060   228.9109     2.3170     2.1256     0.0227     -0.000     -0.006     -0.009        161 6.4986e+02 0.0000e+00
     -0.007    25.9539     5.8956     72.573  32.762716     32.167      8.063   229.3651     2.3494     2.1927     0.0228     -0.000     -0.006     -0.009        162 6.5128e+02 0.0000e+00
     -0.006    25.9511     5.8690     72.243  32.751681     32.114      8.062   229.0623     2.3130     2.1927     0.0227     -0.000     -0.006     -0.009        163 6.5101e+02 0.0000e+00
     -0.006    25.9484     5.8425     71.913  32.778722     32.171      8.063   229.4787     2.1472     2.1256     0.0228     -0.000     -0.006     -0.009        164 6.5319e+02 0.0000e+00
     -0.006    25.9453     5.8133     71.551  32.818025     32.200      8.061   228.8351     2.1149     2.2196     0.0228     -0.001     -0.006     -0.008        165 6.5383e+02 0.0000e+00
     -0.006    25.9420     5.7916     71.280  32.732424     32.119      8.061   229.2516     2.1270     2.0853     0.0227     -0.001     -0.006     -0.008        166 6.5611e+02 0.0000e+00
     -0.006    25.9387     5.7705     71.015  32.736984     32.121      8.062   229.5166     2.1472     2.2330     0.0227     -0.000     -0.006     -0.008        167 6.6005e+02 0.0000e+00
     -0.006    25.9353     5.7471     70.723  32.782699     32.178      8.059   229.6680     2.1472     2.0719     0.0228      0.000     -0.006     -0.009        168 6.6000e+02 0.0000e+00
     -0.006    25.9318     5.7291     70.499  32.734841     32.126      8.059   229.7437     2.1149     2.0987     0.0227      0.000     -0.006     -0.009        169 6.6135e+02 0.0000e+00
     -0.006    25.9290     5.7014     70.154  32.737237     32.128      8.058   229.9330     2.1553     2.0987     0.0227      0.000     -0.006     -0.009        170 6.6264e+02 0.0000e+00
