Data/DataNotYetUploadedToEDI/Raw_CTD/2018_RawDownloads/062518_fcr20.cnv
* Sea-Bird SBE19plus  Data File:
* FileName = C:\DATA\062518_fcr_0002.hex
* Software version 2.6.3.104
* Temperature SN = 7809
* Conductivity SN = 7809
* System UpLoad Time = Jun 25 2018 17:13:21
* <ApplicationData>
* <Seaterm232>
# nquan = 17
# nvalues = 358                         
# units = specified
# name 0 = depFM: Depth [fresh water, m]
# name 1 = tv290C: Temperature [ITS-90, deg C]
# name 2 = sbeox0Mg/L: Oxygen, SBE 43 [mg/l]
# name 3 = sbeox0PS: Oxygen, SBE 43 [% saturation]
# name 4 = c0uS/cm: Conductivity [uS/cm]
# name 5 = specc: Specific Conductance [uS/cm]
# name 6 = ph: pH
# name 7 = orp: Oxidation Reduction Potential [mV]
# name 8 = flECO-AFL: Fluorescence, WET Labs ECO-AFL/FL [mg/m^3]
# name 9 = turbWETntu0: Turbidity, WET Labs ECO [NTU]
# name 10 = sal00: Salinity, Practical [PSU]
# name 11 = dz/dtM: Descent Rate [m/s]
# name 12 = prdM: Pressure, Strain Gauge [db]
# name 13 = prdE: Pressure, Strain Gauge [psi]
# name 14 = scan: Scan Count
# name 15 = par/sat/log: PAR/Logarithmic, Satlantic
# name 16 = flag:  0.000e+00
# span 0 =     -0.538,      2.940       
# span 1 =    16.7865,    26.1605       
# span 2 =    -0.2674,    12.6605       
# span 3 =     -2.758,    145.718       
# span 4 =   0.900832,  40.581500       
# span 5 =      0.884,     48.402       
# span 6 =      6.015,      8.063       
# span 7 =   189.8043,   323.6676       
# span 8 =    -0.1900,     4.6826       
# span 9 =    -0.7480,    81.2162       
# span 10 =     0.0116,     0.0269      
# span 11 =     -0.103,      0.142      
# span 12 =     -0.527,      2.882      
# span 13 =     -0.765,      4.180      
# span 14 =          1,        358      
# span 15 = 2.4194e+01, 9.6044e+02      
# span 16 = 0.0000e+00, 0.0000e+00      
# interval = seconds: 0.25
# start_time = Jun 25 2018 15:38:06 [Instrument's time stamp, header]
# bad_flag = -9.990e-29
*END*
[from data line 341]
      2.772    17.5980     0.6475      6.680  33.217445     38.876      7.386   266.0867     3.9790     1.8436     0.0231      0.061      2.719      3.944        342 3.0170e+01 0.0000e+00
      2.787    17.5553     0.3153      3.251  33.351842     39.099      7.374   266.5788     3.9992     1.7362     0.0232      0.058      2.733      3.964        343 2.9831e+01 0.0000e+00
      2.802    17.4980     0.0396      0.408  33.679320     39.532      7.357   267.3738     3.9709     1.7093     0.0233      0.057      2.747      3.985        344 2.9438e+01 0.0000e+00
      2.816    17.4081    -0.1445     -1.489  34.055458     40.000      7.342   266.3895     4.2984     1.7496     0.0235      0.057      2.762      4.006        345 2.9054e+01 0.0000e+00
      2.833    17.2918    -0.2674     -2.758  34.633475     40.743      7.327   266.4652     4.2742     1.7093     0.0238      0.057      2.779      4.031        346 2.8551e+01 0.0000e+00
      2.852    17.1773 -9.990e-29 -9.990e-29  35.243588     41.555      7.307   266.7302     4.2701     1.7093     0.0241      0.059      2.798      4.058        347 2.7861e+01 0.0000e+00
      2.874    17.0745 -9.990e-29 -9.990e-29  35.461210     41.934      7.290   266.7681     4.2822     1.7093     0.0242      0.062      2.817      4.084        348 2.7403e+01 0.0000e+00
      2.889    16.9860 -9.990e-29 -9.990e-29  35.549014     42.114      7.268   267.4495     4.5249     1.9242     0.0243      0.064      2.833      4.108        349 2.6951e+01 0.0000e+00
      2.903    16.9135 -9.990e-29 -9.990e-29  35.875834     42.649      7.250   267.8281     4.5410     1.9242     0.0245      0.066      2.845      4.126        350 2.6591e+01 0.0000e+00
      2.910    16.8771 -9.990e-29 -9.990e-29  36.329869     43.238      7.232   267.5631     4.5330     2.0182     0.0247      0.064      2.853      4.139        351 2.6346e+01 0.0000e+00
      2.917    16.8506 -9.990e-29 -9.990e-29  36.911881     44.046      7.210   267.1467     4.5491     2.0450     0.0250      0.060      2.860      4.149        352 2.6076e+01 0.0000e+00
      2.923    16.8192 -9.990e-29 -9.990e-29  37.316746     44.553      7.191   267.5631     4.3429     2.1524     0.0252      0.054      2.866      4.157        353 2.5868e+01 0.0000e+00
      2.927    16.7865 -9.990e-29 -9.990e-29  37.813310     45.145      7.175   267.4874     4.3631     2.1390     0.0255      0.046      2.871      4.164        354 2.5492e+01 0.0000e+00
      2.932    16.7956 -9.990e-29 -9.990e-29  37.776993     45.252      7.154   268.1310     4.3389     2.1659     0.0255      0.037      2.875      4.170        355 2.5015e+01 0.0000e+00
      2.935    16.8283 -9.990e-29 -9.990e-29  38.044171     45.346      7.138   268.1688     4.3712     2.2062     0.0255      0.029      2.879      4.175        356 2.4497e+01 0.0000e+00
      2.939 -9.990e-29 -9.990e-29 -9.990e-29  39.675901     47.623      7.122   267.9417     3.4897     2.4479     0.0265      0.023      2.881      4.179        357 2.4196e+01 0.0000e+00
      2.940 -9.990e-29 -9.990e-29 -9.990e-29  40.581500     48.402      7.102   268.1310     3.5099     2.4747     0.0269      0.018      2.882      4.180        358 2.4194e+01 0.0000e+00
