Data/DataNotYetUploadedToEDI/Raw_CTD/2018_RawDownloads/062518_fcr20.cnv
* Sea-Bird SBE19plus  Data File:
* FileName = C:\DATA\062518_fcr_0002.hex
* Software version 2.6.3.104
* Temperature SN = 7809
* Conductivity SN = 7809
* System UpLoad Time = Jun 25 2018 17:13:21
* <ApplicationData>
* <Seaterm232>
# nquan = 17
# nvalues = 358                         
# units = specified
# name 0 = depFM: Depth [fresh water, m]
# name 1 = tv290C: Temperature [ITS-90, deg C]
# name 2 = sbeox0Mg/L: Oxygen, SBE 43 [mg/l]
# name 3 = sbeox0PS: Oxygen, SBE 43 [% saturation]
# name 4 = c0uS/cm: Conductivity [uS/cm]
# name 5 = specc: Specific Conductance [uS/cm]
# name 6 = ph: pH
# name 7 = orp: Oxidation Reduction Potential [mV]
# name 8 = flECO-AFL: Fluorescence, WET Labs ECO-AFL/FL [mg/m^3]
# name 9 = turbWETntu0: Turbidity, WET Labs ECO [NTU]
# name 10 = sal00: Salinity, Practical [PSU]
# name 11 = dz/dtM: Descent Rate [m/s]
# name 12 = prdM: Pressure, Strain Gauge [db]
# name 13 = prdE: Pressure, Strain Gauge [psi]
# name 14 = scan: Scan Count
# name 15 = par/sat/log: PAR/Logarithmic, Satlantic
# name 16 = flag:  0.000e+00
# span 0 =     -0.538,      2.940       
# span 1 =    16.7865,    26.1605       
# span 2 =    -0.2674,    12.6605       
# span 3 =     -2.758,    145.718       
# span 4 =   0.900832,  40.581500       
# span 5 =      0.884,     48.402       
# span 6 =      6.015,      8.063       
# span 7 =   189.8043,   323.6676       
# span 8 =    -0.1900,     4.6826       
# span 9 =    -0.7480,    81.2162       
# span 10 =     0.0116,     0.0269      
# span 11 =     -0.103,      0.142      
# span 12 =     -0.527,      2.882      
# span 13 =     -0.765,      4.180      
# span 14 =          1,        358      
# span 15 = 2.4194e+01, 9.6044e+02      
# span 16 = 0.0000e+00, 0.0000e+00      
# interval = seconds: 0.25
# start_time = Jun 25 2018 15:38:06 [Instrument's time stamp, header]
# bad_flag = -9.990e-29
*END*
[from data line 171]
     -0.005    25.9236     5.9440     73.269  32.689223     32.077      8.059   229.9709     2.1068     2.1390     0.0227      0.000     -0.005     -0.007        172 6.6296e+02 0.0000e+00
     -0.005    25.9210     6.5047     80.254  32.664690     32.078      8.060   229.8573     2.0623     2.1524     0.0227      0.000     -0.005     -0.007        173 6.6384e+02 0.0000e+00
     -0.005    25.9187     7.2146     89.057  32.632331     32.025      8.058   230.2359     2.1027     2.1122     0.0227      0.000     -0.005     -0.008        174 6.6312e+02 0.0000e+00
     -0.005    25.9164     7.9103     97.673  32.670187     32.082      8.059   230.0466     2.0946     2.2196     0.0227      0.001     -0.006     -0.009        175 6.6233e+02 0.0000e+00
     -0.007    25.9138     8.5248    105.277  32.736194     32.138      8.057   230.3116     2.0866     2.2062     0.0227      0.000     -0.007     -0.011        176 6.6266e+02 0.0000e+00
     -0.010    25.9101     9.0412    111.664  32.728109     32.140      8.061   230.9551     2.2766     2.0719     0.0227     -0.001     -0.009     -0.014        177 6.5934e+02 0.0000e+00
     -0.012    25.9066     9.3773    115.820  32.680250     32.086      8.059   230.6523     2.2604     2.0853     0.0227     -0.003     -0.010     -0.015        178 6.5808e+02 0.0000e+00
     -0.011    25.9039     9.5569    118.042  32.677139     32.089      8.061   231.2580     2.2685     2.1122     0.0227     -0.004     -0.010     -0.015        179 6.5648e+02 0.0000e+00
     -0.009    25.9019     9.5838    118.376  32.672674     32.091      8.062   229.8573     2.2847     2.1659     0.0227     -0.003     -0.009     -0.013        180 6.5861e+02 0.0000e+00
     -0.007    25.9318     9.5058    117.414  32.745117     32.148      8.060   230.8416     1.9369     2.0853     0.0227     -0.002     -0.007     -0.009        181 6.6028e+02 0.0000e+00
     -0.004    25.9977     9.3875    115.951  33.091099     32.506      8.060   226.8666     1.9572     2.1122     0.0229     -0.000     -0.003     -0.004        182 6.5894e+02 0.0000e+00
      0.002    26.0488     9.2820    114.650  33.309638     32.707      8.060   230.5387     1.9491     2.1793     0.0230      0.003      0.003      0.003        183 6.5845e+02 0.0000e+00
      0.009    26.0758     9.1866    113.468  33.273791     32.608      8.060   227.6616     1.9450     2.1122     0.0230      0.008      0.008      0.012        184 6.5289e+02 0.0000e+00
      0.014    26.0922     9.1039    112.443  33.254302     32.576      8.056   231.1823     1.9491     1.9779     0.0230      0.012      0.013      0.020        185 6.5196e+02 0.0000e+00
      0.018    26.1009     9.0512    111.786  33.274560     32.559      8.056   229.7437     1.9531     2.1793     0.0230      0.016      0.017      0.025        186 6.4663e+02 0.0000e+00
      0.021    26.1060     9.0038    111.195  33.248567     32.549      8.052   231.4473     1.9572     2.1927     0.0230      0.017      0.020      0.029        187 6.5035e+02 0.0000e+00
      0.023    26.1084     8.9659    110.723  33.227335     32.488      8.055   229.8951     1.9652     2.2330     0.0229      0.018      0.023      0.034        188 6.4552e+02 0.0000e+00
      0.028    26.1100     8.9330    110.313  33.241669     32.540      8.055   231.2959     2.0825     2.1793     0.0230      0.017      0.028      0.042        189 6.5355e+02 0.0000e+00
      0.036    26.1109     8.9044    109.957  33.230725     32.484      8.054   230.5009     2.0946     2.3002     0.0229      0.018      0.035      0.052        190 6.4230e+02 0.0000e+00
      0.044    26.1112     8.8720    109.554  33.240954     32.537      8.050   229.8194     2.0946     2.0719     0.0230      0.018      0.043      0.063        191 5.5289e+02 0.0000e+00
      0.052    26.1111     8.8445    109.211  33.228938     32.482      8.049   229.6680     2.1189     2.1659     0.0229      0.020      0.050      0.073        192 5.2988e+02 0.0000e+00
      0.058    26.1112     8.8313    109.044  33.245677     32.536      8.045   231.5987     2.0785     2.1659     0.0230      0.022      0.057      0.083        193 5.7887e+02 0.0000e+00
      0.065    26.1100     8.8206    108.909  33.279431     32.537      8.039   229.5923     2.2159     2.1659     0.0230      0.024      0.066      0.095        194 5.7865e+02 0.0000e+00
      0.077    26.1082     8.8122    108.805  33.305550     32.591      8.040   228.6080     2.2240     2.1256     0.0230      0.028      0.078      0.114        195 5.4413e+02 0.0000e+00
      0.097    26.1057     8.8085    108.760  33.272483     32.537      8.030   226.6394     2.1917     2.1524     0.0230      0.034      0.097      0.141        196 5.0860e+02 0.0000e+00
      0.122    26.1026     8.8052    108.718  33.261274     32.538      8.010   229.0244     2.1876     2.0719     0.0230      0.042      0.118      0.172        197 4.9007e+02 0.0000e+00
      0.142    26.1005     8.8028    108.684  33.260190     32.540      8.002   224.7087     2.3534     2.2464     0.0230      0.050      0.139      0.203        198 4.9120e+02 0.0000e+00
      0.164    26.0986     8.8052    108.707  33.214525     32.487      7.990   225.3901     2.3413     2.2464     0.0229      0.059      0.159      0.230        199 4.7956e+02 0.0000e+00
      0.179    26.0968     8.8141    108.808  33.258798     32.543      7.990   222.4751     2.3373     2.1390     0.0230      0.067      0.176      0.255        200 4.7437e+02 0.0000e+00
      0.196    26.0958     8.8207    108.883  33.264404     32.545      7.995   222.3615     2.3211     2.1659     0.0230      0.073      0.192      0.279        201 4.6426e+02 0.0000e+00
      0.214    26.0942     8.8153    108.811  33.266858     32.546      7.998   222.0965     2.3979     2.3002     0.0230      0.076      0.210      0.304        202 4.4559e+02 0.0000e+00
      0.232    26.0919     8.7973    108.585  33.255745     32.546      8.002   222.3615     2.3979     2.2867     0.0230      0.076      0.229      0.331        203 4.3719e+02 0.0000e+00
      0.254    26.0905     8.7825    108.399  33.218926     32.493      8.004   222.5130     2.4181     2.3136     0.0229      0.074      0.248      0.359        204 4.2845e+02 0.0000e+00
      0.270    26.0902     8.7707    108.249  33.253370     32.549      8.006   223.6108     2.3817     2.2733     0.0230      0.072      0.265      0.384        205 4.2419e+02 0.0000e+00
      0.285    26.0904     8.7665    108.194  33.272188     32.550      8.013   222.6644     2.4343     2.3539     0.0230      0.071      0.281      0.407        206 4.1562e+02 0.0000e+00
      0.303    26.0898     8.7626    108.141  33.254815     32.550      8.018   223.0808     2.4141     2.3270     0.0230      0.070      0.297      0.431        207 4.0793e+02 0.0000e+00
      0.321    26.0880     8.7596    108.098  33.215684     32.495      8.022   223.0051     2.4505     2.3673     0.0229      0.070      0.316      0.459        208 4.0251e+02 0.0000e+00
      0.346    26.0845     8.7622    108.130  33.202272     32.495      8.023   224.6330     2.4100     2.2733     0.0229      0.071      0.340      0.494        209 3.8581e+02 0.0000e+00
      0.376    26.0801     8.7555    108.047  33.212199     32.496      8.019   225.2008     2.5799     2.1659     0.0229      0.076      0.367      0.532        210 3.7231e+02 0.0000e+00
      0.399    26.0767     8.7445    107.912  33.203331     32.499      8.019   226.7908     2.6001     2.3136     0.0229      0.080      0.390      0.565        211 3.6557e+02 0.0000e+00
      0.415    26.0740     8.7352    107.793  33.213309     32.502      8.018   228.2673     2.5920     2.3404     0.0229      0.082      0.407      0.590        212 3.5529e+02 0.0000e+00
      0.430    26.0720     8.7294    107.715  33.259092     32.558      8.019   228.7594     2.6082     2.2867     0.0230      0.084      0.422      0.612        213 3.5411e+02 0.0000e+00
      0.445    26.0704     8.7207    107.593  33.264974     32.560      8.017   229.0623     2.6001     2.2330     0.0230      0.083      0.436      0.632        214 3.5017e+02 0.0000e+00
      0.459    26.0686     8.7115    107.461  33.205989     32.507      8.019   228.6837     2.5718     2.0316     0.0229      0.079      0.451      0.654        215 3.3956e+02 0.0000e+00
      0.476    26.0666     8.7186    107.532  33.213882     32.508      8.012   229.5923     2.5718     2.1390     0.0229      0.074      0.468      0.678        216 3.3579e+02 0.0000e+00
      0.495    26.0636     8.7264    107.610  33.255153     32.564      8.010   229.5923     2.6001     2.1122     0.0230      0.068      0.486      0.705        217 3.2773e+02 0.0000e+00
      0.515    26.0611     8.7339    107.691  33.273247     32.565      8.001   230.9551     2.5960     2.1659     0.0230      0.065      0.504      0.731        218 3.1637e+02 0.0000e+00
      0.530    26.0604     8.7227    107.544  33.250675     32.567      7.992   230.6144     2.7780     2.0584     0.0230      0.065      0.520      0.755        219 3.0797e+02 0.0000e+00
      0.547    26.0607     8.7063    107.337  33.223935     32.514      7.988   231.1066     2.7740     2.1390     0.0229      0.066      0.536      0.779        220 3.0011e+02 0.0000e+00
      0.565    26.0607     8.6778    106.980  33.247215     32.569      7.986   230.1601     2.7942     2.2464     0.0230      0.067      0.556      0.807        221 2.9095e+02 0.0000e+00
      0.591    26.0592     8.6514    106.650  33.221702     32.514      7.983   230.2737     2.7780     2.1927     0.0229      0.070      0.580      0.842        222 2.8084e+02 0.0000e+00
      0.620    26.0553     8.6243    106.297  33.196378     32.514      7.979   231.3716     2.9964     2.0450     0.0229      0.076      0.606      0.879        223 2.7451e+02 0.0000e+00
      0.642    26.0480     8.6039    105.994  33.219426     32.515      7.972   230.8037     2.9600     2.1659     0.0229      0.080      0.629      0.912        224 2.6711e+02 0.0000e+00
      0.661    26.0392     8.5818    105.649  33.193022     32.517      7.969   231.1823     2.9883     2.1256     0.0229      0.083      0.649      0.941        225 2.5812e+02 0.0000e+00
      0.681    26.0303     8.5728    105.483  33.169930     32.467      7.970   230.9551     2.9802     2.1793     0.0229      0.085      0.668      0.968        226 2.5400e+02 0.0000e+00
      0.700    26.0214     8.5722    105.446  33.188857     32.528      7.968   231.2959     3.0489     2.1122     0.0229      0.086      0.686      0.995        227 2.5160e+02 0.0000e+00
      0.718    26.0148     8.5742    105.452  33.228780     32.533      7.964   231.6366     3.0166     2.1256     0.0229      0.086      0.703      1.020        228 2.4571e+02 0.0000e+00
      0.734    26.0106     8.5861    105.585  33.238868     32.594      7.962   231.8637     3.0449     2.1390     0.0230      0.082      0.719      1.043        229 2.4304e+02 0.0000e+00
      0.747    26.0082     8.6031    105.778  33.235616     32.543      7.960   231.9394     3.0651     2.1659     0.0229      0.076      0.734      1.064        230 2.3890e+02 0.0000e+00
      0.764    26.0056     8.6222    105.986  33.292140     32.655      7.958   232.3937     2.9398     2.2196     0.0230      0.070      0.751      1.090        231 2.3110e+02 0.0000e+00
      0.789    26.0025     8.6392    106.167  33.287144     32.602      7.953   232.5830     2.9357     2.1659     0.0230      0.069      0.774      1.123        232 2.2562e+02 0.0000e+00
      0.814    25.9927     8.6744    106.564  33.241834     32.604      7.946   232.9237     2.8993     2.1524     0.0230      0.071      0.800      1.161        233 2.1666e+02 0.0000e+00
      0.846    25.9659     8.6943    106.750  33.170603     32.496      7.939   234.0594     2.9438     2.1524     0.0229      0.077      0.828      1.201        234 2.0812e+02 0.0000e+00
      0.872    25.9286     8.7041    106.816  33.079251     32.448      7.924   234.1352     2.9236     2.0719     0.0229      0.083      0.853      1.237        235 2.0319e+02 0.0000e+00
      0.891    25.9001     8.7046    106.781  32.999679     32.355      7.915   234.8544     3.1015     2.0182     0.0228      0.089      0.873      1.266        236 1.9834e+02 0.0000e+00
      0.906    25.8848     8.7374    107.152  32.973102     32.379      7.907   235.5737     3.1177     2.1524     0.0228      0.091      0.888      1.289        237 1.9375e+02 0.0000e+00
      0.922    25.8749     8.8062    107.974  32.993723     32.397      7.904   235.3466     3.1015     2.1927     0.0228      0.091      0.905      1.313        238 1.8934e+02 0.0000e+00
      0.942    25.8674     8.8974    109.083  32.974028     32.407      7.899   237.6180     3.1258     2.0987     0.0228      0.088      0.924      1.340        239 1.8522e+02 0.0000e+00
      0.962    25.8591     8.9966    110.276  32.938314     32.358      7.896   236.7094     3.2673     2.1524     0.0228      0.083      0.944      1.368        240 1.8137e+02 0.0000e+00
      0.983    25.8453     9.1077    111.587  32.919561     32.363      7.892   237.3909     3.2390     2.1524     0.0228      0.078      0.963      1.395        241 1.7803e+02 0.0000e+00
      0.999    25.8307     9.2162    112.833  32.938063     32.368      7.884   237.4666     3.2511     2.0450     0.0228      0.073      0.978      1.418        242 1.7606e+02 0.0000e+00
      1.009    25.8122     9.2953    113.685  32.855985     32.322      7.880   237.8073     3.2390     2.1122     0.0228      0.069      0.992      1.438        243 1.7308e+02 0.0000e+00
      1.026    25.7828     9.3142    113.801  32.903096     32.331      7.877   238.2237     3.6878     2.3136     0.0228      0.068      1.010      1.465        244 1.6771e+02 0.0000e+00
      1.055    25.7543     9.2556    112.974  33.383560     32.865      7.879   237.7694     3.6312     2.3136     0.0230      0.071      1.035      1.501        245 1.6265e+02 0.0000e+00
      1.085    25.7336     9.1281    111.297  33.740775     33.215      7.877   236.8609     3.6353     2.2464     0.0231      0.075      1.063      1.541        246 1.5895e+02 0.0000e+00
      1.110    25.7172     8.9477    108.970  33.733699     33.233      7.875   237.6180     3.6474     2.2599     0.0231      0.079      1.087      1.576        247 1.5589e+02 0.0000e+00
      1.130    25.7067     8.7334    106.225  33.748235     33.247      7.870   237.9966     3.7444     2.3673     0.0231      0.083      1.106      1.604        248 1.5424e+02 0.0000e+00
      1.143    25.7015     8.5164    103.452  33.782007     33.313      7.868   237.9587     3.7849     2.3136     0.0232      0.085      1.121      1.626        249 1.5250e+02 0.0000e+00
      1.158    25.6902     8.3259    101.030  33.691678     33.210      7.865   237.9966     3.7606     2.2464     0.0231      0.085      1.136      1.647        250 1.5025e+02 0.0000e+00
      1.172    25.6652     8.1670     99.011  33.623412     33.158      7.863   237.8452     3.7606     2.2196     0.0231      0.083      1.151      1.668        251 1.4878e+02 0.0000e+00
      1.190    25.6243     8.0682     97.628  33.451798     33.000      7.860   238.4130     3.5625     2.1927     0.0230      0.078      1.168      1.693        252 1.4581e+02 0.0000e+00
      1.210    25.5688     8.0118     96.731  32.985968     32.547      7.852   239.4352     3.5867     2.3136     0.0228      0.071      1.186      1.720        253 1.4250e+02 0.0000e+00
      1.228    25.5131     7.9939     96.297  32.690783     32.270      7.848   239.3973     3.5625     2.3673     0.0227      0.067      1.205      1.748        254 1.3992e+02 0.0000e+00
      1.248    25.4596     7.9997     96.152  32.544056     32.195      7.841   239.1323     3.5787     2.2867     0.0227      0.066      1.227      1.780        255 1.3556e+02 0.0000e+00
