Data/DataNotYetUploadedToEDI/Raw_CTD/2018_RawDownloads/062718_ccr50.cnv
* Sea-Bird SBE19plus  Data File:
* FileName = C:\DATA\062718_ccr50_0001.hex
* Software version 2.6.3.104
* Temperature SN = 7809
* Conductivity SN = 7809
* System UpLoad Time = Jun 27 2018 12:53:33
* <ApplicationData>
* <Seaterm232>
# nquan = 17
# nvalues = 1540                        
# units = specified
# name 0 = depFM: Depth [fresh water, m]
# name 1 = tv290C: Temperature [ITS-90, deg C]
# name 2 = sbeox0Mg/L: Oxygen, SBE 43 [mg/l]
# name 3 = sbeox0PS: Oxygen, SBE 43 [% saturation]
# name 4 = c0uS/cm: Conductivity [uS/cm]
# name 5 = specc: Specific Conductance [uS/cm]
# name 6 = ph: pH
# name 7 = orp: Oxidation Reduction Potential [mV]
# name 8 = flECO-AFL: Fluorescence, WET Labs ECO-AFL/FL [mg/m^3]
# name 9 = turbWETntu0: Turbidity, WET Labs ECO [NTU]
# name 10 = sal00: Salinity, Practical [PSU]
# name 11 = dz/dtM: Descent Rate [m/s]
# name 12 = prdM: Pressure, Strain Gauge [db]
# name 13 = prdE: Pressure, Strain Gauge [psi]
# name 14 = scan: Scan Count
# name 15 = par/sat/log: PAR/Logarithmic, Satlantic
# name 16 = flag:  0.000e+00
# span 0 =     -0.392,     20.905       
# span 1 =     9.9153,    26.1091       
# span 2 =     1.8109,     9.3571       
# span 3 =     16.028,    109.601       
# span 4 =   0.533950,  96.016738       
# span 5 =      0.578,    137.460       
# span 6 =     -2.531,      7.781       
# span 7 = -1240.7455,   526.7717       
# span 8 =    -0.1941,     3.4007       
# span 9 =    -0.3317,     4.6635       
# span 10 =     0.0115,     0.0642      
# span 11 =     -0.072,      0.258      
# span 12 =     -0.384,     20.500      
# span 13 =     -0.557,     29.733      
# span 14 =          1,       1540      
# span 15 = 1.2492e-01, 2.1801e+03      
# span 16 = 0.0000e+00, 0.0000e+00      
# interval = seconds: 0.25
# start_time = Jun 27 2018 14:04:16 [Instrument's time stamp, header]
# bad_flag = -9.990e-29
*END*
[from data line 171]
      0.081    25.4528     4.9609     60.917  81.665338     80.925      7.620   266.2381     1.3061     0.9574     0.0433      0.008      0.079      0.115        172 1.7808e+03 0.0000e+00
      0.080    25.4533     5.5609     68.458  81.612797     80.870      7.619   266.3138     1.2980     1.0379     0.0433      0.008      0.077      0.112        173 1.7952e+03 0.0000e+00
      0.074    25.4524     6.2396     76.914  81.559185     80.815      7.619   266.1624     1.3142     1.1319     0.0433      0.005      0.073      0.106        174 1.8089e+03 0.0000e+00
      0.069    25.4516     6.9181     85.341  81.613155     80.869      7.615   266.1245     1.2576     1.1319     0.0433      0.001      0.069      0.100        175 1.8117e+03 0.0000e+00
      0.069    25.4526     7.4402     91.819  81.605081     80.871      7.617   265.8974     1.2819     1.1185     0.0433     -0.001      0.069      0.100        176 1.8076e+03 0.0000e+00
      0.074    25.4521     7.8483     96.876  81.628683     80.872      7.626   266.6167     1.2374     1.0245     0.0433     -0.003      0.072      0.105        177 1.7978e+03 0.0000e+00
      0.076    25.4544     8.1221    100.273  81.583783     80.871      7.626   266.4274     1.2293     1.0245     0.0433     -0.004      0.074      0.107        178 1.7968e+03 0.0000e+00
      0.075    25.4544     8.2163    101.445  81.601508     80.815      7.620   266.6924     1.2374     0.8902     0.0433     -0.004      0.072      0.105        179 1.7980e+03 0.0000e+00
      0.071    25.4596     8.1665    100.835  81.428272     80.758      7.619   266.6545     1.2616     0.9842     0.0433     -0.003      0.069      0.101        180 1.8078e+03 0.0000e+00
      0.065    25.5720     8.0587     99.508  81.739920     80.866      7.629   266.5788     1.2333     0.9305     0.0433     -0.003      0.066      0.096        181 1.8301e+03 0.0000e+00
      0.066    25.7775     7.9359     97.994  83.324248     82.666      7.641   266.6167     1.2576     0.9171     0.0441     -0.003      0.068      0.098        182 1.8437e+03 0.0000e+00
      0.076    25.9211     7.8250     96.623  84.123685     83.123      7.647   266.4274     1.3021     1.1453     0.0443     -0.000      0.075      0.108        183 1.8577e+03 0.0000e+00
      0.087    25.9920     7.7503     95.698  84.133831     82.857      7.649   266.7302     1.3102     1.1051     0.0443      0.003      0.083      0.119        184 1.8757e+03 0.0000e+00
      0.089    26.0341     7.6913     94.969  84.084366     82.547      7.646   266.8438     1.3425     1.0648     0.0441      0.006      0.086      0.124        185 1.8869e+03 0.0000e+00
      0.086    26.0558     7.6579     94.556  84.036436     82.375      7.634   266.3517     1.3223     1.0648     0.0441      0.008      0.083      0.120        186 1.8884e+03 0.0000e+00
      0.079    26.0687     7.6230     94.129  84.133926     82.447      7.628   266.5788     1.2455     1.0916     0.0441      0.009      0.078      0.113        187 1.8789e+03 0.0000e+00
      0.073    26.0773     7.5963     93.803  84.052177     82.273      7.629   266.1245     1.2697     1.1453     0.0441      0.007      0.073      0.106        188 1.8588e+03 0.0000e+00
      0.072    26.0827     7.5832     93.642  84.108414     82.363      7.634   266.5410     1.2536     1.1051     0.0441      0.004      0.072      0.104        189 1.8154e+03 0.0000e+00
      0.075    26.0854     7.5753     93.545  84.123379     82.321      7.643   266.7681     1.2536     1.1722     0.0441     -0.001      0.073      0.106        190 1.7563e+03 0.0000e+00
      0.077    26.0877     7.5764     93.560  84.122728     82.340      7.643   266.7681     1.2333     1.0514     0.0441     -0.005      0.075      0.108        191 1.7226e+03 0.0000e+00
      0.077    26.0881     7.5652     93.420  84.138949     82.336      7.645   266.5410     1.2253     0.9976     0.0441     -0.007      0.075      0.108        192 1.7216e+03 0.0000e+00
      0.075    26.0874     7.5638     93.402  84.162648     82.360      7.650   266.9195     1.2293     1.0111     0.0441     -0.006      0.074      0.107        193 1.7347e+03 0.0000e+00
      0.074    26.0864     7.5618     93.384  84.182418     82.386      7.658   267.1845     1.2374     1.1856     0.0441     -0.003      0.072      0.105        194 1.7556e+03 0.0000e+00
      0.072    26.0855     7.5609     93.378  84.144074     82.333      7.664   266.8438     1.2091     0.9305     0.0441     -0.001      0.070      0.102        195 1.7800e+03 0.0000e+00
      0.069    26.0857     7.5634     93.412  84.150910     82.362      7.666   266.6924     1.1686     0.8365     0.0441     -0.002      0.068      0.099        196 1.7941e+03 0.0000e+00
      0.067    26.0878     7.5654     93.438  84.144183     82.336      7.668   267.2602     1.1970     0.9305     0.0441     -0.003      0.067      0.097        197 1.7795e+03 0.0000e+00
      0.068    26.0898     7.5667     93.452  84.122717     82.336      7.668   267.1467     1.1767     0.7828     0.0441     -0.005      0.067      0.097        198 1.7390e+03 0.0000e+00
      0.068    26.0906     7.5662     93.446  84.118166     82.305      7.668   267.1467     1.3021     1.0111     0.0441     -0.005      0.067      0.098        199 1.6873e+03 0.0000e+00
      0.070    26.0912     7.5610     93.381  84.120116     82.329      7.665   266.9195     1.2900     1.1051     0.0441     -0.004      0.069      0.101        200 1.6395e+03 0.0000e+00
      0.075    26.0914     7.5510     93.259  84.150017     82.328      7.662   266.9195     1.3263     1.1856     0.0441     -0.001      0.073      0.106        201 1.6055e+03 0.0000e+00
      0.079    26.0905     7.5299     92.998  84.199870     82.409      7.662   267.2602     1.3223     1.1453     0.0441      0.002      0.076      0.111        202 1.5872e+03 0.0000e+00
      0.080    26.0905     7.5224     92.904  84.147261     82.326      7.663   266.9195     1.2980     1.0111     0.0441      0.005      0.077      0.112        203 1.5793e+03 0.0000e+00
      0.078    26.0939     7.5115     92.767  84.126301     82.328      7.665   267.1088     1.3830     0.9976     0.0441      0.007      0.076      0.111        204 1.5615e+03 0.0000e+00
      0.077    26.0975     7.5000     92.623  84.166497     82.355      7.660   266.9574     1.4072     1.0648     0.0441      0.006      0.075      0.109        205 1.5354e+03 0.0000e+00
      0.075    26.0996     7.4890     92.489  84.126965     82.322      7.662   267.1088     1.3627     1.0782     0.0441      0.005      0.074      0.107        206 1.5095e+03 0.0000e+00
      0.075    26.0998     7.4887     92.486  84.086306     82.262      7.663   266.9195     1.3668     1.0782     0.0441      0.003      0.074      0.107        207 1.4834e+03 0.0000e+00
      0.077    26.0990     7.5015     92.643  84.157636     82.340      7.663   267.0331     1.3344     1.1185     0.0441      0.001      0.075      0.109        208 1.4506e+03 0.0000e+00
      0.079    26.0987     7.5174     92.837  84.186841     82.368      7.664   267.2602     1.2940     1.0379     0.0441     -0.000      0.077      0.112        209 1.4189e+03 0.0000e+00
      0.080    26.0987     7.5273     92.959  84.139147     82.314      7.665   267.2981     1.3385     1.1453     0.0441     -0.000      0.078      0.113        210 1.3951e+03 0.0000e+00
      0.080    26.0988     7.5288     92.979  84.157531     82.342      7.664   267.4495     1.3061     1.1051     0.0441      0.001      0.077      0.113        211 1.3673e+03 0.0000e+00
      0.078    26.0989     7.5421     93.143  84.134233     82.315      7.660   267.2224     1.2778     1.0916     0.0441      0.002      0.075      0.110        212 1.3389e+03 0.0000e+00
      0.074    26.0981     7.5530     93.279  84.138413     82.314      7.661   267.0710     1.3061     1.0379     0.0441      0.001      0.073      0.106        213 1.3125e+03 0.0000e+00
      0.074    26.0964     7.5603     93.371  84.211788     82.397      7.665   267.1088     1.2900     0.9574     0.0441     -0.000      0.072      0.105        214 1.2884e+03 0.0000e+00
      0.073    26.0957     7.5694     93.483  84.191564     82.370      7.665   267.1845     1.3102     1.0916     0.0441     -0.002      0.071      0.104        215 1.2729e+03 0.0000e+00
      0.072    26.0966     7.5713     93.503  84.133853     82.318      7.663   267.3360     1.3830     1.1051     0.0441     -0.004      0.071      0.104        216 1.2642e+03 0.0000e+00
      0.073    26.0969     7.5739     93.532  84.105235     82.292      7.670   267.5631     1.3668     1.0916     0.0441     -0.004      0.071      0.104        217 1.2552e+03 0.0000e+00
      0.074    26.0962     7.5774     93.575  84.137992     82.318      7.668   267.5252     1.3749     1.0648     0.0441     -0.004      0.071      0.103        218 1.2518e+03 0.0000e+00
      0.071    26.0951     7.5800     93.610  84.122816     82.317      7.668   267.7524     1.3708     1.0379     0.0441     -0.003      0.069      0.100        219 1.2498e+03 0.0000e+00
      0.067    26.0949     7.5844     93.666  84.124121     82.291      7.672   267.5252     1.3668     0.8902     0.0441     -0.003      0.066      0.096        220 1.2422e+03 0.0000e+00
      0.065    26.0955     7.5876     93.708  84.166098     82.375      7.678   267.4495     1.3668     0.9305     0.0441     -0.004      0.064      0.093        221 1.2352e+03 0.0000e+00
      0.065    26.0958     7.5868     93.700  84.100307     82.266      7.680   267.6767     1.3668     0.8768     0.0441     -0.005      0.064      0.093        222 1.2270e+03 0.0000e+00
      0.066    26.0965     7.5903     93.744  84.146539     82.347      7.681   267.8281     1.4032     0.8902     0.0441     -0.005      0.065      0.095        223 1.2211e+03 0.0000e+00
      0.069    26.0979     7.5826     93.648  84.138291     82.319      7.683   268.3960     1.3142     0.8634     0.0441     -0.004      0.068      0.100        224 1.2197e+03 0.0000e+00
      0.074    26.0977     7.5749     93.554  84.140300     82.318      7.688   267.9417     1.2980     0.8365     0.0441     -0.001      0.073      0.106        225 1.2191e+03 0.0000e+00
      0.079    26.0956     7.5731     93.532  84.203496     82.398      7.690   267.8281     1.3102     0.9305     0.0441      0.002      0.077      0.111        226 1.2210e+03 0.0000e+00
      0.080    26.0937     7.5603     93.371  84.089374     82.261      7.692   267.9417     1.2980     0.8231     0.0441      0.006      0.078      0.112        227 1.2242e+03 0.0000e+00
      0.077    26.0936     7.5458     93.189  84.133678     82.320      7.694   268.0553     1.3830     1.1185     0.0441      0.008      0.075      0.109        228 1.2309e+03 0.0000e+00
      0.072    26.0951     7.5384     93.095  84.207821     82.405      7.691   267.8281     1.4234     1.1319     0.0441      0.007      0.071      0.104        229 1.2382e+03 0.0000e+00
      0.069    26.0964     7.5267     92.951  84.145752     82.323      7.687   267.8660     1.3708     1.1319     0.0441      0.004      0.068      0.099        230 1.2458e+03 0.0000e+00
      0.067    26.0973     7.5205     92.876  84.181191     82.375      7.681   267.6388     1.3910     1.0379     0.0441     -0.000      0.067      0.097        231 1.2536e+03 0.0000e+00
      0.069    26.0985     7.5314     93.013  84.223173     82.401      7.681   267.9417     1.3668     1.0916     0.0441     -0.003      0.068      0.099        232 1.2507e+03 0.0000e+00
      0.071    26.0988     7.5363     93.075  84.182691     82.372      7.684   268.2445     1.4315     0.8499     0.0441     -0.005      0.070      0.102        233 1.2422e+03 0.0000e+00
      0.073    26.0989     7.5281     92.973  84.142382     82.315      7.680   268.3960     1.4598     0.8634     0.0441     -0.005      0.072      0.106        234 1.2368e+03 0.0000e+00
      0.079    26.0994     7.5246     92.930  84.154421     82.342      7.677   268.2445     1.4355     0.8499     0.0441     -0.001      0.077      0.112        235 1.2324e+03 0.0000e+00
      0.084    26.0992     7.5314     93.015  84.137979     82.314      7.682   268.1310     1.4517     0.8902     0.0441      0.004      0.080      0.116        236 1.2355e+03 0.0000e+00
      0.082    26.0977     7.5366     93.081  84.133115     82.314      7.682   268.3203     1.3830     1.0782     0.0441      0.007      0.078      0.114        237 1.2454e+03 0.0000e+00
      0.075    26.0958     7.5425     93.154  84.160475     82.341      7.683   268.2445     1.3708     1.0782     0.0441      0.007      0.073      0.106        238 1.2564e+03 0.0000e+00
      0.067    26.0944     7.5408     93.135  84.133659     82.316      7.684   268.3203     1.3749     1.0111     0.0441      0.003      0.068      0.099        239 1.2677e+03 0.0000e+00
      0.067    26.0943     7.5555     93.318  84.136760     82.319      7.685   268.3203     1.3708     1.1185     0.0441     -0.001      0.068      0.098        240 1.2711e+03 0.0000e+00
      0.073    26.0957     7.5611     93.388  84.156619     82.349      7.691   267.9038     1.3142     0.9842     0.0441     -0.003      0.072      0.103        241 1.2695e+03 0.0000e+00
      0.077    26.0969     7.5739     93.547  84.138674     82.322      7.689   268.2445     1.3061     1.1588     0.0441     -0.003      0.075      0.108        242 1.2672e+03 0.0000e+00
      0.078    26.0974     7.5793     93.613  84.129362     82.319      7.684   268.3960     1.3142     1.1185     0.0441     -0.003      0.076      0.110        243 1.2560e+03 0.0000e+00
      0.077    26.0973     7.5649     93.433  84.168207     82.345      7.677   268.3960     1.3223     1.1185     0.0441     -0.002      0.076      0.110        244 1.2447e+03 0.0000e+00
      0.078    26.0972     7.5619     93.394  84.120059     82.317      7.674   268.4717     1.2697     1.1185     0.0441      0.001      0.077      0.111        245 1.2491e+03 0.0000e+00
      0.078    26.0983     7.5671     93.456  84.100093     82.262      7.680   268.2445     1.2616     1.1185     0.0441      0.005      0.078      0.112        246 1.2598e+03 0.0000e+00
      0.080    26.0994     7.5753     93.556  84.193055     82.399      7.686   268.5474     1.2455     1.0782     0.0441      0.006      0.079      0.114        247 1.2682e+03 0.0000e+00
      0.083    26.0996     7.5790     93.603  84.153015     82.315      7.683   268.3203     1.2616     1.1319     0.0441      0.006      0.081      0.118        248 1.2765e+03 0.0000e+00
      0.084    26.1002     7.5758     93.565  84.120193     82.313      7.682   268.2445     1.3830     0.9171     0.0441      0.004      0.082      0.120        249 1.2829e+03 0.0000e+00
      0.085    26.1011     7.5628     93.404  84.174442     82.341      7.684   268.5853     1.3749     0.8902     0.0441      0.004      0.084      0.122        250 1.2874e+03 0.0000e+00
      0.087    26.1018     7.5527     93.278  84.174689     82.367      7.691   268.2824     1.3668     0.8634     0.0441      0.005      0.085      0.123        251 1.2907e+03 0.0000e+00
      0.088    26.1022     7.5439     93.168  84.149615     82.311      7.697   268.6231     1.3749     0.8231     0.0441      0.006      0.085      0.123        252 1.2910e+03 0.0000e+00
      0.085    26.1018     7.5373     93.088  84.146187     82.337      7.697   268.8881     1.3708     1.1588     0.0441      0.005      0.083      0.121        253 1.2906e+03 0.0000e+00
      0.082    26.1008     7.5352     93.061  84.089767     82.254      7.699   268.6231     1.3749     1.0916     0.0441      0.003      0.080      0.116        254 1.2894e+03 0.0000e+00
      0.077    26.0994     7.5411     93.136  84.130641     82.310      7.701   268.7745     1.3830     1.1991     0.0441     -0.001      0.076      0.111        255 1.2827e+03 0.0000e+00
