Data/DataNotYetUploadedToEDI/Raw_CTD/2018_RawDownloads/062718_ccr50.cnv
* Sea-Bird SBE19plus  Data File:
* FileName = C:\DATA\062718_ccr50_0001.hex
* Software version 2.6.3.104
* Temperature SN = 7809
* Conductivity SN = 7809
* System UpLoad Time = Jun 27 2018 12:53:33
* <ApplicationData>
* <Seaterm232>
# nquan = 17
# nvalues = 1540                        
# units = specified
# name 0 = depFM: Depth [fresh water, m]
# name 1 = tv290C: Temperature [ITS-90, deg C]
# name 2 = sbeox0Mg/L: Oxygen, SBE 43 [mg/l]
# name 3 = sbeox0PS: Oxygen, SBE 43 [% saturation]
# name 4 = c0uS/cm: Conductivity [uS/cm]
# name 5 = specc: Specific Conductance [uS/cm]
# name 6 = ph: pH
# name 7 = orp: Oxidation Reduction Potential [mV]
# name 8 = flECO-AFL: Fluorescence, WET Labs ECO-AFL/FL [mg/m^3]
# name 9 = turbWETntu0: Turbidity, WET Labs ECO [NTU]
# name 10 = sal00: Salinity, Practical [PSU]
# name 11 = dz/dtM: Descent Rate [m/s]
# name 12 = prdM: Pressure, Strain Gauge [db]
# name 13 = prdE: Pressure, Strain Gauge [psi]
# name 14 = scan: Scan Count
# name 15 = par/sat/log: PAR/Logarithmic, Satlantic
# name 16 = flag:  0.000e+00
# span 0 =     -0.392,     20.905       
# span 1 =     9.9153,    26.1091       
# span 2 =     1.8109,     9.3571       
# span 3 =     16.028,    109.601       
# span 4 =   0.533950,  96.016738       
# span 5 =      0.578,    137.460       
# span 6 =     -2.531,      7.781       
# span 7 = -1240.7455,   526.7717       
# span 8 =    -0.1941,     3.4007       
# span 9 =    -0.3317,     4.6635       
# span 10 =     0.0115,     0.0642      
# span 11 =     -0.072,      0.258      
# span 12 =     -0.384,     20.500      
# span 13 =     -0.557,     29.733      
# span 14 =          1,       1540      
# span 15 = 1.2492e-01, 2.1801e+03      
# span 16 = 0.0000e+00, 0.0000e+00      
# interval = seconds: 0.25
# start_time = Jun 27 2018 14:04:16 [Instrument's time stamp, header]
# bad_flag = -9.990e-29
*END*
[from data line 1022]
     10.064    10.7490     8.1520     73.439  86.772383    121.322      7.069   319.5033     0.4812     1.5885     0.0572      0.090      9.869     14.314       1023 1.8892e+00 0.0000e+00
     10.085    10.7450     8.0989     72.952  86.719403    121.260      7.065   319.4275     0.6025     1.8033     0.0572      0.092      9.891     14.346       1024 1.8713e+00 0.0000e+00
     10.108    10.7406     8.0453     72.460  86.710567    121.275      7.065   319.6925     0.6228     1.7899     0.0572      0.094      9.913     14.378       1025 1.8296e+00 0.0000e+00
     10.133    10.7358     7.9821     71.882  86.664447    121.211      7.064   319.5033     0.6268     1.6422     0.0572      0.095      9.938     14.413       1026 1.7716e+00 0.0000e+00
     10.158    10.7312     7.9228     71.341  86.598399    121.147      7.065   319.6925     0.6389     1.6959     0.0571      0.097      9.963     14.449       1027 1.7373e+00 0.0000e+00
     10.186    10.7266     7.8698     70.857  86.554898    121.085      7.063   319.6547     0.5500     1.9913     0.0571      0.097      9.988     14.487       1028 1.6919e+00 0.0000e+00
     10.211    10.7213     7.8228     70.429  86.540185    121.101      7.063   319.8440     0.5419     2.0450     0.0571      0.097     10.013     14.522       1029 1.6622e+00 0.0000e+00
     10.231    10.7159     7.7909     70.139  86.557247    121.116      7.061   320.1090     0.5702     1.9645     0.0571      0.095     10.034     14.553       1030 1.6290e+00 0.0000e+00
     10.252    10.7112     7.7693     69.942  86.503938    121.095      7.060   319.9575     0.5621     1.9913     0.0571      0.095     10.055     14.584       1031 1.6002e+00 0.0000e+00
     10.277    10.7060     7.7660     69.910  86.428130    120.956      7.059   319.7683     0.5338     2.0450     0.0570      0.095     10.080     14.619       1032 1.5676e+00 0.0000e+00
     10.305    10.7005     7.7890     70.114  86.473192    121.090      7.058   320.0333     0.5500     2.2062     0.0571      0.095     10.107     14.659       1033 1.5078e+00 0.0000e+00
     10.336    10.6952     7.8119     70.318  86.477599    121.068      7.056   319.9954     0.5419     2.0987     0.0571      0.097     10.136     14.701       1034 1.4742e+00 0.0000e+00
     10.366    10.6898     7.8598     70.746  86.392920    121.008      7.056   320.2604     0.5581     2.1927     0.0570      0.099     10.164     14.742       1035 1.4175e+00 0.0000e+00
     10.391    10.6847     7.9013     71.117  86.370446    120.948      7.054   319.9954     0.5581     2.1927     0.0570      0.101     10.189     14.779       1036 1.3719e+00 0.0000e+00
     10.415    10.6804     7.9313     71.384  86.446107    121.124      7.052   320.1847     0.6308     1.9376     0.0571      0.103     10.211     14.811       1037 1.3514e+00 0.0000e+00
     10.434    10.6766     7.9530     71.577  86.417703    121.062      7.052   319.9575     0.6187     1.8973     0.0571      0.104     10.230     14.838       1038 1.3485e+00 0.0000e+00
     10.448    10.6735     7.9656     71.689  86.405802    121.077      7.050   320.1847     0.6025     1.9510     0.0571      0.100     10.247     14.862       1039 1.2989e+00 0.0000e+00
     10.465    10.6716     7.9874     71.878  86.460924    121.168      7.050   320.3740     0.5985     1.9645     0.0571      0.093     10.263     14.885       1040 1.2602e+00 0.0000e+00
     10.481    10.6702     7.9612     71.636  86.408576    121.101      7.052   320.1090     0.5419     1.9645     0.0571      0.085     10.279     14.909       1041 1.2549e+00 0.0000e+00
     10.501    10.6687     7.9250     71.305  86.411485    121.106      7.049   320.3740     0.5581     2.0450     0.0571      0.078     10.299     14.937       1042 1.2081e+00 0.0000e+00
     10.523    10.6672     7.8942     71.024  86.457307    121.190      7.051   320.2983     0.5581     1.9913     0.0571      0.073     10.320     14.968       1043 1.1919e+00 0.0000e+00
     10.545    10.6655     7.8646     70.752  86.411020    121.116      7.050   320.3740     0.5702     1.9645     0.0571      0.073     10.341     14.999       1044 1.1424e+00 0.0000e+00
     10.568    10.6638     7.8588     70.694  86.409622    121.122      7.049   320.5633     0.4853     1.7362     0.0571      0.074     10.363     15.031       1045 1.1043e+00 0.0000e+00
     10.590    10.6621     7.8503     70.611  86.518518    121.285      7.045   320.3361     0.4731     1.6556     0.0572      0.078     10.385     15.062       1046 1.1086e+00 0.0000e+00
     10.612    10.6602     7.8391     70.506  86.483641    121.251      7.046   320.5633     0.4893     1.7630     0.0571      0.081     10.407     15.093       1047 1.1022e+00 0.0000e+00
     10.633    10.6591     7.8314     70.432  86.423294    121.139      7.043   320.4875     0.5136     1.7630     0.0571      0.084     10.427     15.124       1048 1.0728e+00 0.0000e+00
     10.654    10.6575     7.8332     70.443  86.444953    121.224      7.046   320.5254     0.5500     2.0047     0.0571      0.086     10.450     15.156       1049 1.0111e+00 0.0000e+00
     10.681    10.6540     7.8214     70.330  86.426957    121.150      7.045   320.6390     0.5661     1.9107     0.0571      0.087     10.475     15.192       1050 9.5668e-01 0.0000e+00
     10.710    10.6503     7.7852     70.000  86.505160    121.311      7.043   320.8283     0.5661     1.9913     0.0572      0.089     10.502     15.232       1051 9.4068e-01 0.0000e+00
     10.736    10.6472     7.7593     69.761  86.496303    121.285      7.041   321.0554     0.5338     1.9913     0.0572      0.092     10.528     15.270       1052 9.3451e-01 0.0000e+00
     10.761    10.6445     7.7166     69.371  86.408250    121.179      7.040   321.0175     0.6025     1.9645     0.0571      0.095     10.553     15.306       1053 8.8711e-01 0.0000e+00
     10.788    10.6412     7.6887     69.114  86.466076    121.269      7.039   320.8661     0.5783     1.9376     0.0571      0.098     10.579     15.344       1054 8.4783e-01 0.0000e+00
     10.815    10.6375     7.6595     68.845  86.483812    121.316      7.040   320.9418     0.6187     1.9376     0.0572      0.101     10.605     15.381       1055 8.3065e-01 0.0000e+00
     10.839    10.6338     7.6367     68.634  86.415917    121.210      7.038   320.8661     0.6106     2.0047     0.0571      0.103     10.630     15.417       1056 8.1242e-01 0.0000e+00
     10.864    10.6306     7.6220     68.496  86.401906    121.222      7.036   321.0175     0.5500     1.9376     0.0571      0.103     10.654     15.453       1057 7.9435e-01 0.0000e+00
     10.889    10.6282     7.6063     68.349  86.412051    121.235      7.038   321.2447     0.5581     1.9107     0.0571      0.102     10.679     15.489       1058 7.8944e-01 0.0000e+00
     10.916    10.6251     7.6158     68.430  86.403297    121.246      7.037   321.3583     0.5581     1.8570     0.0571      0.101     10.704     15.525       1059 7.6831e-01 0.0000e+00
     10.941    10.6212     7.6299     68.550  86.472275    121.333      7.036   321.2825     0.5661     1.9779     0.0572      0.100     10.728     15.560       1060 7.2588e-01 0.0000e+00
     10.962    10.6177     7.6574     68.791  86.474882    121.382      7.035   321.3204     0.5419     1.8839     0.0572      0.099     10.750     15.592       1061 7.1519e-01 0.0000e+00
     10.985    10.6143     7.6936     69.111  86.429790    121.278      7.036   321.6233     0.5055     1.7899     0.0571      0.097     10.774     15.627       1062 7.1866e-01 0.0000e+00
     11.014    10.6107     7.7330     69.459  86.439195    121.368      7.033   321.4340     0.4812     1.7228     0.0572      0.097     10.802     15.666       1063 7.0898e-01 0.0000e+00
     11.045    10.6066     7.7966     70.024  86.433448    121.302      7.034   321.1311     0.4893     1.7630     0.0571      0.099     10.830     15.707       1064 6.9871e-01 0.0000e+00
     11.070    10.6021     7.8543     70.536  86.466681    121.432      7.034   321.2447     0.4893     1.7630     0.0572      0.100     10.855     15.743       1065 6.8144e-01 0.0000e+00
     11.091    10.5983     7.9136     71.064  86.487045    121.407      7.030   321.4340     0.4853     1.7228     0.0572      0.100     10.877     15.775       1066 6.6010e-01 0.0000e+00
     11.112    10.5951     7.9606     71.482  86.527045    121.540      7.030   321.6611     0.4812     1.6556     0.0572      0.099     10.898     15.806       1067 6.6235e-01 0.0000e+00
     11.136    10.5917     8.0114     71.933  86.565575    121.553      7.029   321.5097     0.4731     1.6422     0.0573      0.098     10.921     15.841       1068 6.3762e-01 0.0000e+00
     11.164    10.5885     8.0511     72.284  86.498568    121.525      7.031   321.7368     0.4812     1.7899     0.0572      0.098     10.948     15.879       1069 6.2668e-01 0.0000e+00
     11.192    10.5847     8.0683     72.433  86.432037    121.378      7.027   321.5475     0.4812     1.5885     0.0572      0.098     10.974     15.917       1070 6.3084e-01 0.0000e+00
     11.216    10.5807     8.0830     72.559  86.469974    121.507      7.026   321.5097     0.4974     1.4810     0.0572      0.097     10.998     15.952       1071 6.1081e-01 0.0000e+00
     11.237    10.5773     8.0945     72.656  86.481094    121.482      7.024   321.8125     0.4893     1.4676     0.0572      0.096     11.021     15.984       1072 5.9025e-01 0.0000e+00
     11.262    10.5738     8.0983     72.686  86.477671    121.534      7.026   321.7368     0.4893     1.4676     0.0572      0.096     11.045     16.019       1073 5.9463e-01 0.0000e+00
     11.290    10.5699     8.0913     72.620  86.503975    121.546      7.023   321.8125     0.4893     1.3736     0.0572      0.098     11.071     16.057       1074 5.8807e-01 0.0000e+00
     11.316    10.5663     8.0732     72.456  86.507832    121.597      7.024   321.9261     0.4812     1.2662     0.0573      0.099     11.094     16.090       1075 5.4764e-01 0.0000e+00
     11.331    10.5632     8.0388     72.146  86.413407    121.453      7.023   321.7368     0.4853     1.2662     0.0572      0.097     11.111     16.115       1076 5.8048e-01 0.0000e+00
     11.343    10.5608     8.0069     71.857  86.413354    121.465      7.022   321.9261     0.5136     1.2931     0.0572      0.090     11.126     16.137       1077 5.5985e-01 0.0000e+00
     11.364    10.5582     7.9606     71.437  86.507903    121.633      7.023   322.1533     0.4246     1.2931     0.0573      0.085     11.147     16.167       1078 5.1229e-01 0.0000e+00
     11.393    10.5552     7.9043     70.928  86.414683    121.484      7.021   321.8504     0.4206     1.3602     0.0572      0.084     11.174     16.207       1079 5.5250e-01 0.0000e+00
     11.426    10.5517     7.8509     70.447  86.410433    121.493      7.021   322.3047     0.4084     1.2931     0.0572      0.086     11.206     16.253       1080 5.5845e-01 0.0000e+00
     11.464    10.5480     7.8022     70.006  86.453726    121.582      7.019   322.3047     0.4287     1.2796     0.0572      0.092     11.239     16.301       1081 5.1193e-01 0.0000e+00
     11.492    10.5445     7.7630     69.650  86.360810    121.436      7.015   322.4940     0.4327     1.4676     0.0572      0.098     11.266     16.340       1082 5.1320e-01 0.0000e+00
     11.509    10.5420     7.7378     69.421  86.407138    121.528      7.018   322.0775     0.4327     1.5348     0.0572      0.102     11.286     16.368       1083 5.2444e-01 0.0000e+00
     11.524    10.5402     7.7175     69.236  86.455546    121.619      7.017   321.8883     0.4287     1.5616     0.0573      0.105     11.303     16.393       1084 4.9089e-01 0.0000e+00
     11.545    10.5391     7.7102     69.168  86.360038    121.470      7.017   322.2290     0.4367     1.5348     0.0572      0.104     11.322     16.420       1085 4.8040e-01 0.0000e+00
     11.565    10.5382     7.7068     69.133  86.347596    121.476      7.016   322.1154     0.3923     1.4945     0.0572      0.098     11.342     16.449       1086 5.0316e-01 0.0000e+00
     11.586    10.5364     7.6989     69.058  86.411567    121.558      7.016   321.7368     0.4287     1.6690     0.0572      0.090     11.362     16.479       1087 5.0653e-01 0.0000e+00
     11.606    10.5339     7.6937     69.009  86.399365    121.561      7.015   321.9261     0.4044     1.4139     0.0572      0.083     11.382     16.508       1088 4.9769e-01 0.0000e+00
     11.627    10.5317     7.6937     69.007  86.362782    121.489      7.016   322.0018     0.3963     1.4676     0.0572      0.078     11.402     16.538       1089 4.9016e-01 0.0000e+00
     11.648    10.5301     7.6848     68.926  86.397630    121.576      7.016   322.2668     0.4206     1.5348     0.0572      0.077     11.423     16.569       1090 4.8579e-01 0.0000e+00
     11.671    10.5282     7.6861     68.936  86.356001    121.505      7.014   322.0018     0.4853     1.4945     0.0572      0.080     11.447     16.602       1091 4.7442e-01 0.0000e+00
     11.699    10.5259     7.6992     69.051  86.355123    121.510      7.015   322.4183     0.4974     1.4408     0.0572      0.084     11.474     16.641       1092 4.5285e-01 0.0000e+00
     11.732    10.5235     7.7049     69.099  86.398726    121.596      7.012   322.2668     0.4893     1.5885     0.0572      0.089     11.504     16.685       1093 4.7104e-01 0.0000e+00
     11.762    10.5217     7.7286     69.311  86.361209    121.525      7.010   322.3047     0.4731     1.5079     0.0572      0.095     11.532     16.726       1094 4.6630e-01 0.0000e+00
     11.785    10.5199     7.7540     69.537  86.401816    121.612      7.010   322.1533     0.4893     1.4945     0.0572      0.099     11.557     16.762       1095 4.5478e-01 0.0000e+00
     11.808    10.5174     7.7920     69.877  86.467131    121.697      7.009   322.9104     0.4974     1.4676     0.0573      0.102     11.579     16.794       1096 4.7991e-01 0.0000e+00
     11.829    10.5152     7.8274     70.193  86.398864    121.624      7.009   322.4561     0.5095     1.4810     0.0572      0.103     11.600     16.824       1097 4.5192e-01 0.0000e+00
     11.849    10.5138     7.8745     70.615  86.367841    121.554      7.007   322.3047     0.4812     1.5616     0.0572      0.101     11.620     16.853       1098 4.0753e-01 0.0000e+00
     11.869    10.5125     7.9192     71.014  86.386808    121.640      7.008   322.7968     0.4206     1.5348     0.0573      0.097     11.640     16.883       1099 4.4281e-01 0.0000e+00
     11.891    10.5114     7.9603     71.380  86.375263    121.566      7.004   322.5697     0.4367     1.4542     0.0572      0.092     11.662     16.914       1100 4.5948e-01 0.0000e+00
     11.916    10.5104     7.9937     71.677  86.441677    121.728      7.008   322.6076     0.4570     1.5616     0.0573      0.087     11.685     16.948       1101 4.5108e-01 0.0000e+00
     11.940    10.5089     8.0168     71.883  86.423093    121.653      7.006   322.8347     0.4367     1.5079     0.0573      0.086     11.708     16.981       1102 4.3549e-01 0.0000e+00
     11.960    10.5074     8.0300     71.998  86.398391    121.657      7.002   322.6833     0.4408     1.5079     0.0573      0.086     11.728     17.011       1103 4.1730e-01 0.0000e+00
     11.979    10.5067     8.0367     72.055  86.412952    121.662      7.005   322.7968     0.4206     1.5750     0.0573      0.085     11.747     17.038       1104 4.2578e-01 0.0000e+00
     11.997    10.5060     8.0252     71.949  86.345508    121.588      7.004   322.4561     0.4084     1.4945     0.0572      0.085     11.764     17.063       1105 4.0702e-01 0.0000e+00
     12.013    10.5054     7.9981     71.703  86.363392    121.590      7.006   322.6833     0.4165     1.4945     0.0572      0.082     11.781     17.087       1106 3.9186e-01 0.0000e+00
