Data/DataNotYetUploadedToEDI/Raw_CTD/2018_RawDownloads/062718_ccr50.cnv
* Sea-Bird SBE19plus  Data File:
* FileName = C:\DATA\062718_ccr50_0001.hex
* Software version 2.6.3.104
* Temperature SN = 7809
* Conductivity SN = 7809
* System UpLoad Time = Jun 27 2018 12:53:33
* <ApplicationData>
* <Seaterm232>
# nquan = 17
# nvalues = 1540                        
# units = specified
# name 0 = depFM: Depth [fresh water, m]
# name 1 = tv290C: Temperature [ITS-90, deg C]
# name 2 = sbeox0Mg/L: Oxygen, SBE 43 [mg/l]
# name 3 = sbeox0PS: Oxygen, SBE 43 [% saturation]
# name 4 = c0uS/cm: Conductivity [uS/cm]
# name 5 = specc: Specific Conductance [uS/cm]
# name 6 = ph: pH
# name 7 = orp: Oxidation Reduction Potential [mV]
# name 8 = flECO-AFL: Fluorescence, WET Labs ECO-AFL/FL [mg/m^3]
# name 9 = turbWETntu0: Turbidity, WET Labs ECO [NTU]
# name 10 = sal00: Salinity, Practical [PSU]
# name 11 = dz/dtM: Descent Rate [m/s]
# name 12 = prdM: Pressure, Strain Gauge [db]
# name 13 = prdE: Pressure, Strain Gauge [psi]
# name 14 = scan: Scan Count
# name 15 = par/sat/log: PAR/Logarithmic, Satlantic
# name 16 = flag:  0.000e+00
# span 0 =     -0.392,     20.905       
# span 1 =     9.9153,    26.1091       
# span 2 =     1.8109,     9.3571       
# span 3 =     16.028,    109.601       
# span 4 =   0.533950,  96.016738       
# span 5 =      0.578,    137.460       
# span 6 =     -2.531,      7.781       
# span 7 = -1240.7455,   526.7717       
# span 8 =    -0.1941,     3.4007       
# span 9 =    -0.3317,     4.6635       
# span 10 =     0.0115,     0.0642      
# span 11 =     -0.072,      0.258      
# span 12 =     -0.384,     20.500      
# span 13 =     -0.557,     29.733      
# span 14 =          1,       1540      
# span 15 = 1.2492e-01, 2.1801e+03      
# span 16 = 0.0000e+00, 0.0000e+00      
# interval = seconds: 0.25
# start_time = Jun 27 2018 14:04:16 [Instrument's time stamp, header]
# bad_flag = -9.990e-29
*END*
[from data line 1107]
     12.048    10.5037     7.9325     71.111  86.415926    121.674      7.007   322.9483     0.3518     1.3333     0.0573      0.076     11.816     17.138       1108 3.8193e-01 0.0000e+00
     12.068    10.5029     7.9095     70.904  86.406003    121.676      7.006   322.9104     0.3478     1.2796     0.0573      0.072     11.836     17.166       1109 4.0545e-01 0.0000e+00
     12.092    10.5014     7.8715     70.561  86.403046    121.680      7.004   323.1376     0.3437     1.2662     0.0573      0.072     11.859     17.200       1110 4.0564e-01 0.0000e+00
     12.118    10.4999     7.8324     70.210  86.300673    121.525      7.004   322.7211     0.3761     1.4542     0.0572      0.075     11.883     17.235       1111 3.6000e-01 0.0000e+00
     12.141    10.4988     7.7999     69.918  86.295539    121.529      7.003   323.2890     0.3640     1.6153     0.0572      0.079     11.906     17.268       1112 3.4799e-01 0.0000e+00
     12.162    10.4973     7.7698     69.647  86.349971    121.614      7.003   323.1754     0.3720     1.5750     0.0572      0.083     11.928     17.300       1113 3.4768e-01 0.0000e+00
     12.188    10.4953     7.7453     69.426  86.351870    121.617      7.002   322.9483     0.3882     1.4676     0.0572      0.087     11.952     17.335       1114 3.4809e-01 0.0000e+00
     12.213    10.4934     7.7172     69.173  86.352645    121.622      7.000   323.3647     0.3316     1.4676     0.0572      0.090     11.976     17.369       1115 3.5718e-01 0.0000e+00
     12.234    10.4916     7.6919     68.946  86.349008    121.629      7.001   323.2890     0.4408     1.1991     0.0572      0.092     11.996     17.398       1116 3.5674e-01 0.0000e+00
     12.250    10.4902     7.6734     68.779  86.356399    121.636      6.998   323.2133     0.4165     1.2931     0.0572      0.091     12.011     17.420       1117 3.3780e-01 0.0000e+00
     12.259    10.4895     7.6633     68.687  86.402917    121.721      6.999   323.0618     0.4044     1.3736     0.0573      0.085     12.023     17.438       1118 3.5257e-01 0.0000e+00
     12.272    10.4889     7.6522     68.586  86.410054    121.726      7.001   322.9483     0.4125     1.2393     0.0573      0.078     12.036     17.456       1119 3.4031e-01 0.0000e+00
     12.289    10.4879     7.6440     68.511  86.347519    121.649      6.999   323.0618     0.4287     1.2393     0.0572      0.072     12.052     17.480       1120 3.2120e-01 0.0000e+00
     12.309    10.4873     7.6344     68.423  86.361806    121.651      7.001   323.0997     0.4125     1.3199     0.0572      0.068     12.072     17.508       1121 3.2670e-01 0.0000e+00
     12.332    10.4868     7.6358     68.434  86.392276    121.734      7.000   323.2890     0.4206     1.3602     0.0573      0.065     12.093     17.539       1122 3.1786e-01 0.0000e+00
     12.354    10.4861     7.6365     68.437  86.309603    121.578      7.000   322.8726     0.4044     1.3468     0.0572      0.066     12.113     17.569       1123 3.2202e-01 0.0000e+00
     12.369    10.4854     7.6446     68.509  86.345757    121.658      6.999   323.0618     0.4165     1.5348     0.0572      0.068     12.130     17.593       1124 3.0908e-01 0.0000e+00
     12.385    10.4850     7.6703     68.737  86.466218    121.819      6.999   323.1376     0.4044     1.4005     0.0573      0.071     12.146     17.617       1125 3.0991e-01 0.0000e+00
     12.405    10.4845     7.7011     69.012  86.397562    121.742      6.998   323.1754     0.4084     1.5750     0.0573      0.074     12.166     17.646       1126 3.1042e-01 0.0000e+00
     12.429    10.4837     7.7257     69.231  86.312265    121.586      6.997   323.1376     0.4206     1.4810     0.0572      0.076     12.189     17.679       1127 3.1208e-01 0.0000e+00
     12.454    10.4828     7.7496     69.444  86.393970    121.745      6.997   323.4404     0.5095     1.3199     0.0573      0.078     12.213     17.713       1128 2.9798e-01 0.0000e+00
     12.476    10.4818     7.7825     69.739  86.355352    121.669      6.997   323.2890     0.4893     1.3199     0.0573      0.080     12.234     17.743       1129 2.9565e-01 0.0000e+00
     12.493    10.4807     7.7973     69.871  86.360326    121.672      6.996   323.4026     0.4812     1.3333     0.0573      0.080     12.253     17.771       1130 3.0288e-01 0.0000e+00
     12.513    10.4797     7.8151     70.027  86.387781    121.755      6.993   323.4404     0.4893     1.2931     0.0573      0.081     12.272     17.799       1131 2.9248e-01 0.0000e+00
     12.535    10.4785     7.8224     70.091  86.321186    121.600      6.995   323.6297     0.4893     1.2259     0.0572      0.083     12.293     17.829       1132 2.8428e-01 0.0000e+00
     12.557    10.4770     7.8191     70.060  86.383738    121.762      6.995   323.4026     0.5136     1.2931     0.0573      0.084     12.313     17.859       1133 2.8200e-01 0.0000e+00
     12.577    10.4760     7.8178     70.047  86.369406    121.687      6.995   323.4404     0.4974     1.3871     0.0573      0.083     12.332     17.886       1134 2.8935e-01 0.0000e+00
     12.592    10.4751     7.8159     70.028  86.339024    121.692      6.993   323.8568     0.4974     1.3333     0.0573      0.080     12.348     17.909       1135 2.7293e-01 0.0000e+00
     12.606    10.4741     7.8006     69.889  86.362081    121.695      6.992   323.4783     0.4327     1.2931     0.0573      0.076     12.363     17.931       1136 2.7132e-01 0.0000e+00
     12.623    10.4735     7.7880     69.775  86.400179    121.778      6.993   323.8947     0.4246     1.2528     0.0573      0.074     12.379     17.954       1137 2.5993e-01 0.0000e+00
     12.638    10.4730     7.7738     69.645  86.410548    121.781      6.994   323.5161     0.4004     1.2931     0.0573      0.071     12.395     17.977       1138 2.6865e-01 0.0000e+00
     12.656    10.4726     7.7528     69.455  86.408646    121.783      6.993   323.7054     0.4206     1.2393     0.0573      0.068     12.413     18.003       1139 2.7867e-01 0.0000e+00
     12.677    10.4719     7.7409     69.347  86.462015    121.864      6.991   323.8568     0.4448     1.3871     0.0573      0.067     12.434     18.033       1140 2.4254e-01 0.0000e+00
     12.703    10.4708     7.7349     69.293  86.403601    121.786      6.992   324.1218     0.4327     1.2931     0.0573      0.069     12.457     18.067       1141 2.4803e-01 0.0000e+00
     12.726    10.4694     7.7304     69.251  86.362409    121.710      6.990   323.7811     0.4448     1.3065     0.0573      0.072     12.480     18.099       1142 2.7801e-01 0.0000e+00
     12.747    10.4682     7.7284     69.232  86.453812    121.872      6.990   324.1976     0.4327     1.2931     0.0573      0.077     12.500     18.129       1143 2.5897e-01 0.0000e+00
     12.766    10.4673     7.7364     69.301  86.408788    121.797      6.985   324.1218     0.4529     1.2796     0.0573      0.081     12.519     18.157       1144 2.4482e-01 0.0000e+00
     12.785    10.4664     7.7479     69.402  86.358975    121.722      6.987   324.0461     0.3599     1.3333     0.0573      0.082     12.538     18.185       1145 2.6903e-01 0.0000e+00
     12.806    10.4653     7.7535     69.450  86.396872    121.805      6.986   323.9704     0.3640     1.3065     0.0573      0.083     12.557     18.213       1146 2.3879e-01 0.0000e+00
     12.824    10.4642     7.7616     69.521  86.361629    121.729      6.985   324.1218     0.3518     1.3468     0.0573      0.082     12.576     18.240       1147 2.4071e-01 0.0000e+00
     12.841    10.4630     7.7646     69.546  86.402835    121.811      6.987   324.1976     0.3761     1.2393     0.0573      0.079     12.593     18.265       1148 2.6259e-01 0.0000e+00
     12.858    10.4619     7.7674     69.568  86.405060    121.815      6.985   324.4626     0.3640     1.2931     0.0573      0.076     12.610     18.290       1149 2.5556e-01 0.0000e+00
     12.876    10.4609     7.7680     69.572  86.358861    121.740      6.985   324.5004     0.3276     1.3468     0.0573      0.073     12.628     18.316       1150 2.5734e-01 0.0000e+00
     12.897    10.4605     7.7614     69.511  86.400863    121.823      6.987   324.3490     0.3599     1.3468     0.0573      0.073     12.648     18.346       1151 2.4786e-01 0.0000e+00
     12.922    10.4602     7.7627     69.522  86.412259    121.827      6.984   324.3111     0.3397     1.2528     0.0573      0.074     12.673     18.381       1152 2.5338e-01 0.0000e+00
     12.951    10.4587     7.7625     69.519  86.404148    121.828      6.983   324.4247     0.3357     1.2125     0.0573      0.078     12.701     18.422       1153 2.6064e-01 0.0000e+00
     12.983    10.4573     7.7729     69.611  86.470426    121.908      6.982   324.2733     0.3518     1.2662     0.0573      0.084     12.730     18.463       1154 2.6647e-01 0.0000e+00
     13.008    10.4560     7.7897     69.760  86.478448    121.953      6.982   324.4247     0.3599     1.2662     0.0574      0.091     12.755     18.500       1155 2.5021e-01 0.0000e+00
     13.028    10.4548     7.8058     69.903  86.423901    121.839      6.982   324.4247     0.3599     1.2796     0.0573      0.096     12.776     18.531       1156 2.4111e-01 0.0000e+00
     13.049    10.4537     7.8185     70.015  86.449110    121.922      6.984   324.3490     0.3357     1.4945     0.0574      0.098     12.797     18.562       1157 2.3987e-01 0.0000e+00
     13.073    10.4524     7.8349     70.161  86.417345    121.848      6.981   324.1976     0.3437     1.5079     0.0573      0.099     12.821     18.595       1158 2.4268e-01 0.0000e+00
     13.099    10.4513     7.8546     70.336  86.403968    121.852      6.980   324.6518     0.3518     1.4945     0.0573      0.099     12.846     18.631       1159 2.6482e-01 0.0000e+00
     13.125    10.4502     7.8682     70.457  86.465760    121.934      6.980   323.9704     0.3518     1.5213     0.0574      0.097     12.870     18.666       1160 2.5488e-01 0.0000e+00
     13.146    10.4492     7.8734     70.503  86.399915    121.860      6.976   324.3490     0.3599     1.5213     0.0573      0.094     12.891     18.695       1161 2.1828e-01 0.0000e+00
     13.161    10.4484     7.8736     70.503  86.366978    121.784      6.980   324.0840     0.3680     1.5348     0.0573      0.090     12.908     18.720       1162 2.2900e-01 0.0000e+00
     13.179    10.4476     7.8707     70.476  86.447284    121.946      6.981   324.3111     0.3518     1.5079     0.0574      0.087     12.924     18.745       1163 2.6066e-01 0.0000e+00
     13.198    10.4468     7.8659     70.432  86.418912    121.869      6.978   324.4247     0.3761     1.4945     0.0573      0.084     12.942     18.771       1164 2.5939e-01 0.0000e+00
     13.216    10.4460     7.8600     70.378  86.402289    121.872      6.977   324.2733     0.3478     1.5348     0.0573      0.081     12.962     18.799       1165 2.5152e-01 0.0000e+00
     13.237    10.4451     7.8539     70.322  86.408507    121.875      6.978   324.3490     0.3559     1.5213     0.0573      0.078     12.981     18.827       1166 2.2493e-01 0.0000e+00
     13.256    10.4446     7.8400     70.197  86.351708    121.799      6.979   324.8033     0.3357     1.4676     0.0573      0.074     12.999     18.853       1167 2.0274e-01 0.0000e+00
     13.272    10.4443     7.8375     70.174  86.413507    121.881      6.979   324.5761     0.3761     1.5616     0.0573      0.072     13.015     18.877       1168 2.1602e-01 0.0000e+00
     13.288    10.4433     7.8301     70.107  86.450535    121.962      6.977   324.6518     0.3680     1.4139     0.0574      0.071     13.031     18.900       1169 2.4702e-01 0.0000e+00
     13.305    10.4425     7.8347     70.147  86.365096    121.805      6.977   324.1976     0.3599     1.3065     0.0573      0.071     13.048     18.925       1170 2.3863e-01 0.0000e+00
     13.323    10.4420     7.8346     70.145  86.400900    121.887      6.979   324.6518     0.3640     1.2662     0.0573      0.070     13.067     18.951       1171 2.0827e-01 0.0000e+00
     13.344    10.4412     7.8436     70.225  86.465446    121.969      6.975   324.3868     0.3680     1.2796     0.0574      0.070     13.088     18.982       1172 2.0291e-01 0.0000e+00
     13.370    10.4405     7.8575     70.349  86.403705    121.892      6.977   324.6897     0.3276     1.2931     0.0573      0.072     13.111     19.016       1173 2.0577e-01 0.0000e+00
     13.393    10.4396     7.8702     70.461  86.358803    121.815      6.978   324.8411     0.3397     1.5750     0.0573      0.075     13.133     19.048       1174 2.0458e-01 0.0000e+00
     13.414    10.4388     7.8771     70.522  86.402394    121.897      6.976   324.9926     0.3478     1.5616     0.0573      0.079     13.153     19.076       1175 1.9605e-01 0.0000e+00
     13.430    10.4385     7.8879     70.617  86.408926    121.900      6.975   324.7654     0.3680     1.5348     0.0573      0.081     13.169     19.099       1176 1.9923e-01 0.0000e+00
     13.442    10.4380     7.8827     70.570  86.410143    121.902      6.975   324.6897     0.3761     1.4945     0.0573      0.080     13.183     19.119       1177 1.8791e-01 0.0000e+00
     13.456    10.4375     7.8769     70.517  86.460349    121.983      6.973   324.7654     0.3923     1.6019     0.0574      0.077     13.197     19.140       1178 1.7603e-01 0.0000e+00
     13.473    10.4370     7.8709     70.464  86.405912    121.905      6.975   324.9168     0.3195     1.5213     0.0573      0.073     13.212     19.162       1179 2.0662e-01 0.0000e+00
     13.487    10.4364     7.8588     70.356  86.358953    121.828      6.976   325.1061     0.3437     1.4676     0.0573      0.068     13.227     19.185       1180 2.0717e-01 0.0000e+00
     13.505    10.4359     7.8457     70.237  86.459323    121.988      6.974   324.9168     0.3437     1.4139     0.0574      0.063     13.244     19.210       1181 2.1212e-01 0.0000e+00
     13.526    10.4354     7.8335     70.126  86.489142    122.029      6.974   324.6518     0.4367     1.4542     0.0574      0.062     13.264     19.238       1182 2.1800e-01 0.0000e+00
     13.545    10.4348     7.8299     70.093  86.411048    121.913      6.974   324.9168     0.4287     1.4945     0.0573      0.064     13.284     19.266       1183 2.0319e-01 0.0000e+00
     13.566    10.4341     7.8321     70.111  86.407843    121.914      6.975   324.7654     0.4287     1.6153     0.0573      0.067     13.304     19.295       1184 2.1190e-01 0.0000e+00
     13.586    10.4334     7.8350     70.135  86.403930    121.916      6.972   324.8411     0.4489     1.5348     0.0573      0.071     13.324     19.324       1185 2.1087e-01 0.0000e+00
     13.606    10.4328     7.8436     70.210  86.415920    121.919      6.971   324.9926     0.4004     1.6153     0.0573      0.074     13.344     19.353       1186 2.0574e-01 0.0000e+00
     13.626    10.4322     7.8482     70.250  86.452391    122.000      6.975   324.7654     0.3882     1.5213     0.0574      0.077     13.364     19.382       1187 2.1971e-01 0.0000e+00
     13.649    10.4320     7.8599     70.353  86.418009    121.923      6.972   325.1440     0.4367     1.6153     0.0573      0.079     13.385     19.413       1188 2.1553e-01 0.0000e+00
     13.670    10.4320     7.8636     70.384  86.399241    121.925      6.974   325.3711     0.4084     1.5348     0.0573      0.080     13.406     19.443       1189 1.8337e-01 0.0000e+00
     13.691    10.4318     7.8732     70.470  86.416282    121.926      6.973   325.3333     0.3478     1.5885     0.0573      0.081     13.427     19.474       1190 2.0424e-01 0.0000e+00
     13.715    10.4314     7.8634     70.381  86.396803    121.926      6.973   325.4090     0.3680     1.4945     0.0573      0.082     13.450     19.507       1191 2.0583e-01 0.0000e+00
