Data/DataNotYetUploadedToEDI/Raw_CTD/2018_RawDownloads/062718_ccr50.cnv
* Sea-Bird SBE19plus  Data File:
* FileName = C:\DATA\062718_ccr50_0001.hex
* Software version 2.6.3.104
* Temperature SN = 7809
* Conductivity SN = 7809
* System UpLoad Time = Jun 27 2018 12:53:33
* <ApplicationData>
* <Seaterm232>
# nquan = 17
# nvalues = 1540                        
# units = specified
# name 0 = depFM: Depth [fresh water, m]
# name 1 = tv290C: Temperature [ITS-90, deg C]
# name 2 = sbeox0Mg/L: Oxygen, SBE 43 [mg/l]
# name 3 = sbeox0PS: Oxygen, SBE 43 [% saturation]
# name 4 = c0uS/cm: Conductivity [uS/cm]
# name 5 = specc: Specific Conductance [uS/cm]
# name 6 = ph: pH
# name 7 = orp: Oxidation Reduction Potential [mV]
# name 8 = flECO-AFL: Fluorescence, WET Labs ECO-AFL/FL [mg/m^3]
# name 9 = turbWETntu0: Turbidity, WET Labs ECO [NTU]
# name 10 = sal00: Salinity, Practical [PSU]
# name 11 = dz/dtM: Descent Rate [m/s]
# name 12 = prdM: Pressure, Strain Gauge [db]
# name 13 = prdE: Pressure, Strain Gauge [psi]
# name 14 = scan: Scan Count
# name 15 = par/sat/log: PAR/Logarithmic, Satlantic
# name 16 = flag:  0.000e+00
# span 0 =     -0.392,     20.905       
# span 1 =     9.9153,    26.1091       
# span 2 =     1.8109,     9.3571       
# span 3 =     16.028,    109.601       
# span 4 =   0.533950,  96.016738       
# span 5 =      0.578,    137.460       
# span 6 =     -2.531,      7.781       
# span 7 = -1240.7455,   526.7717       
# span 8 =    -0.1941,     3.4007       
# span 9 =    -0.3317,     4.6635       
# span 10 =     0.0115,     0.0642      
# span 11 =     -0.072,      0.258      
# span 12 =     -0.384,     20.500      
# span 13 =     -0.557,     29.733      
# span 14 =          1,       1540      
# span 15 = 1.2492e-01, 2.1801e+03      
# span 16 = 0.0000e+00, 0.0000e+00      
# interval = seconds: 0.25
# start_time = Jun 27 2018 14:04:16 [Instrument's time stamp, header]
# bad_flag = -9.990e-29
*END*
[from data line 511]
      0.079    26.0651     5.0111     61.859  83.817438     82.066      7.773   274.5667     1.3910     1.1051     0.0440      0.003      0.078      0.113        512 1.0513e+03 0.0000e+00
      0.081    26.0651     5.0380     62.191  83.776582     82.011      7.771   274.6803     1.3587     1.0245     0.0439      0.002      0.080      0.117        513 1.0514e+03 0.0000e+00
      0.087    26.0653     5.1037     63.004  83.765125     82.012      7.775   274.3396     1.3749     1.1185     0.0439      0.004      0.085      0.123        514 1.0508e+03 0.0000e+00
      0.093    26.0654     5.1720     63.851  83.831697     82.067      7.775   274.8696     1.4840     1.1185     0.0440      0.007      0.088      0.128        515 1.0509e+03 0.0000e+00
      0.090    26.0664     5.2413     64.709  83.842377     82.094      7.775   274.9831     1.5245     1.0648     0.0440      0.008      0.086      0.125        516 1.0564e+03 0.0000e+00
      0.081    26.0666     5.3183     65.660  83.781561     82.012      7.773   274.7938     1.5124     1.0916     0.0439      0.005      0.080      0.116        517 1.0559e+03 0.0000e+00
      0.074    26.0669     5.3891     66.535  83.818195     82.065      7.775   274.6424     1.4962     1.0916     0.0440      0.001      0.074      0.107        518 1.0555e+03 0.0000e+00
      0.069    26.0678     5.4742     67.585  83.856244     82.092      7.773   274.9831     1.4396     1.0379     0.0440     -0.003      0.070      0.101        519 1.0645e+03 0.0000e+00
      0.069    26.0691     5.5711     68.782  83.853123     82.092      7.778   275.0588     1.4517     1.0111     0.0440     -0.007      0.071      0.103        520 1.0621e+03 0.0000e+00
      0.080    26.0712     5.6857     70.198  83.762621     82.008      7.775   274.8696     1.4194     1.0379     0.0439     -0.008      0.077      0.111        521 1.0510e+03 0.0000e+00
      0.086    26.0715     5.7963     71.564  83.671589     81.896      7.760   274.9074     1.4032     1.0916     0.0439     -0.006      0.080      0.116        522 1.0518e+03 0.0000e+00
      0.079    26.0716     5.9204     73.095  83.758311     82.002      7.750   275.0588     1.2657     1.0514     0.0439     -0.005      0.077      0.112        523 1.0522e+03 0.0000e+00
      0.073    26.0742     6.0517     74.716  83.773607     82.002      7.746   274.6424     1.2616     1.0916     0.0439     -0.003      0.075      0.109        524 1.0507e+03 0.0000e+00
      0.079    26.0770     6.1607     76.063  83.712008     81.947      7.753   274.6424     1.2455     1.1722     0.0439      0.002      0.080      0.116        525 1.0540e+03 0.0000e+00
      0.093    26.0783     6.2360     76.992  83.775513     81.998      7.758   274.7181     1.2536     1.0514     0.0439      0.007      0.093      0.136        526 1.0533e+03 0.0000e+00
      0.114    26.0794     6.2779     77.508  83.813489     82.048      7.763   274.1881     1.2859     1.0379     0.0440      0.015      0.111      0.161        527 1.0537e+03 0.0000e+00
      0.133    26.0799     6.3119     77.930  83.724202     81.936      7.765   273.9610     1.3061     1.0379     0.0439      0.024      0.128      0.186        528 1.0513e+03 0.0000e+00
      0.146    26.0795     6.3510     78.415  83.767713     81.989      7.765   273.9988     1.2940     1.0916     0.0439      0.033      0.142      0.206        529 1.0514e+03 0.0000e+00
      0.156    26.0801     6.4286     79.372  83.878252     82.098      7.766   273.9231     1.3142     1.0514     0.0440      0.042      0.151      0.219        530 1.0425e+03 0.0000e+00
      0.160    26.0809     6.5021     80.278  83.854194     82.071      7.763   274.5667     1.3547     1.0782     0.0440      0.049      0.155      0.225        531 1.0509e+03 0.0000e+00
      0.159    26.0810     6.5656     81.063  83.857109     82.070      7.756   274.1881     1.3789     1.0782     0.0440      0.049      0.155      0.225        532 1.0420e+03 0.0000e+00
      0.155    26.0807     6.6484     82.083  83.934082     82.151      7.750   274.1124     1.3830     1.0782     0.0440      0.040      0.155      0.225        533 1.0627e+03 0.0000e+00
      0.161    26.0806     6.7391     83.202  83.907047     82.124      7.756   273.9231     1.3830     1.0648     0.0440      0.030      0.162      0.235        534 1.0287e+03 0.0000e+00
      0.179    26.0807     6.8265     84.280  83.920482     82.124      7.761   273.5824     1.3021     1.0916     0.0440      0.024      0.177      0.257        535 8.2935e+02 0.0000e+00
      0.202    26.0805     6.9059     85.259  83.976821     82.207      7.769   273.6581     1.2980     1.0111     0.0440      0.025      0.197      0.286        536 7.6575e+02 0.0000e+00
      0.221    26.0803     6.9556     85.870  83.926122     82.124      7.764   273.5067     1.3102     1.1319     0.0440      0.031      0.215      0.312        537 7.5914e+02 0.0000e+00
      0.234    26.0812     6.9705     86.052  83.953847     82.179      7.763   273.5824     1.3061     1.1051     0.0440      0.040      0.230      0.334        538 7.2547e+02 0.0000e+00
      0.249    26.0823     6.9919     86.315  84.001774     82.207      7.760   272.4845     1.3789     1.3602     0.0440      0.049      0.243      0.353        539 7.2210e+02 0.0000e+00
      0.260    26.0818     7.0395     86.899  84.015120     82.233      7.756   272.0303     1.3587     1.2796     0.0440      0.057      0.254      0.369        540 6.8183e+02 0.0000e+00
      0.269    26.0815     7.0931     87.558  84.026423     82.232      7.757   271.9545     1.3789     1.2259     0.0440      0.060      0.264      0.384        541 6.8775e+02 0.0000e+00
      0.282    26.0814     7.1611     88.394  83.987708     82.205      7.759   271.8410     1.3708     1.2662     0.0440      0.058      0.276      0.401        542 6.9857e+02 0.0000e+00
      0.295    26.0804     7.2340     89.291  83.974116     82.178      7.762   271.8031     1.3830     1.1453     0.0440      0.054      0.289      0.419        543 6.9760e+02 0.0000e+00
      0.307    26.0800     7.2898     89.977  84.013611     82.233      7.764   271.8788     1.4153     1.0916     0.0440      0.049      0.303      0.438        544 6.9139e+02 0.0000e+00
      0.324    26.0793     7.3233     90.385  83.998015     82.207      7.769   271.9545     1.4355     1.0245     0.0440      0.049      0.318      0.461        545 6.6127e+02 0.0000e+00
      0.343    26.0780     7.3363     90.538  83.963797     82.180      7.769   272.1438     1.4355     1.1051     0.0440      0.051      0.337      0.489        546 6.5174e+02 0.0000e+00
      0.365    26.0768     7.3472     90.668  84.026468     82.236      7.772   272.0303     1.4274     1.0916     0.0440      0.056      0.357      0.518        547 6.4544e+02 0.0000e+00
      0.384    26.0755     7.3564     90.778  84.038939     82.266      7.771   271.6517     1.4719     1.0111     0.0441      0.061      0.376      0.545        548 6.2627e+02 0.0000e+00
      0.402    26.0742     7.3473     90.663  83.978008     82.185      7.773   271.8031     1.5204     1.0648     0.0440      0.066      0.393      0.569        549 6.1354e+02 0.0000e+00
      0.414    26.0725     7.3379     90.544  84.013110     82.242      7.771   272.1817     1.5083     1.1588     0.0440      0.068      0.406      0.588        550 5.9931e+02 0.0000e+00
      0.424    26.0703     7.3374     90.537  84.114172     82.327      7.770   272.1817     1.4881     1.0514     0.0441      0.068      0.417      0.605        551 5.9497e+02 0.0000e+00
      0.437    26.0681     7.3383     90.546  84.060343     82.302      7.769   272.2953     1.5811     1.0648     0.0441      0.065      0.431      0.625        552 5.9001e+02 0.0000e+00
      0.458    26.0663     7.3430     90.602  83.990915     82.196      7.770   272.3331     1.6054     1.0648     0.0440      0.063      0.450      0.652        553 5.9084e+02 0.0000e+00
      0.481    26.0644     7.3562     90.764  84.022203     82.282      7.770   272.4845     1.5690     1.0916     0.0441      0.063      0.470      0.682        554 5.9211e+02 0.0000e+00
      0.500    26.0611     7.3649     90.868  83.932222     82.147      7.775   273.2796     1.5690     1.0111     0.0440      0.063      0.490      0.711        555 5.8303e+02 0.0000e+00
      0.518    26.0574     7.3594     90.800  83.954255     82.205      7.777   273.7717     1.5043     1.4005     0.0440      0.065      0.509      0.737        556 5.8047e+02 0.0000e+00
      0.538    26.0542     7.3451     90.623  83.994787     82.238      7.775   274.7181     1.4921     1.3333     0.0440      0.069      0.527      0.764        557 5.7245e+02 0.0000e+00
      0.556    26.0520     7.3164     90.268  83.911513     82.162      7.773   274.9831     1.5164     1.3602     0.0440      0.073      0.545      0.790        558 5.6256e+02 0.0000e+00
      0.572    26.0504     7.2795     89.813  83.909250     82.167      7.769   275.5888     1.5124     1.3199     0.0440      0.075      0.562      0.815        559 5.5479e+02 0.0000e+00
      0.590    26.0490     7.2588     89.555  83.938151     82.198      7.765   276.4974     1.4234     1.1319     0.0440      0.075      0.580      0.841        560 5.4854e+02 0.0000e+00
      0.612    26.0478     7.2465     89.400  83.964734     82.228      7.771   276.9138     1.4355     1.1319     0.0440      0.074      0.601      0.872        561 5.4156e+02 0.0000e+00
      0.638    26.0469     7.2391     89.306  83.965354     82.230      7.777   277.1031     1.4436     1.0245     0.0440      0.074      0.625      0.907        562 5.2930e+02 0.0000e+00
      0.664    26.0461     7.2280     89.168  83.996839     82.260      7.780   277.7089     1.4274     1.0648     0.0440      0.078      0.650      0.944        563 5.2000e+02 0.0000e+00
      0.689    26.0448     7.2281     89.167  84.014742     82.288      7.781   277.9739     1.6660     1.3333     0.0441      0.083      0.675      0.979        564 5.0947e+02 0.0000e+00
      0.713    26.0436     7.2347     89.247  83.972806     82.235      7.781   278.2010     1.6458     1.3736     0.0440      0.087      0.700      1.015        565 4.9740e+02 0.0000e+00
      0.739    26.0430     7.2404     89.317  83.930114     82.209      7.777   278.8824     1.6377     1.3065     0.0440      0.092      0.726      1.052        566 4.9166e+02 0.0000e+00
      0.767    26.0427     7.2386     89.293  83.919230     82.184      7.775   279.0339     1.6054     1.3602     0.0440      0.097      0.752      1.091        567 4.8553e+02 0.0000e+00
      0.795    26.0423     7.2442     89.361  83.956625     82.240      7.776   279.2610     1.7307     1.2125     0.0440      0.100      0.779      1.130        568 4.7835e+02 0.0000e+00
      0.822    26.0419     7.2657     89.626  83.943035     82.213      7.775   279.5639     1.7388     1.2662     0.0440      0.103      0.805      1.167        569 4.7017e+02 0.0000e+00
      0.845    26.0403     7.2802     89.803  83.906415     82.186      7.777   279.8289     1.7590     1.2528     0.0440      0.103      0.828      1.201        570 4.6215e+02 0.0000e+00
      0.866    26.0383     7.2933     89.965  83.913014     82.187      7.775   280.0560     1.7752     1.3602     0.0440      0.102      0.849      1.231        571 4.5897e+02 0.0000e+00
      0.886    26.0369     7.3242     90.346  83.934825     82.217      7.777   279.9046     1.8884     1.3333     0.0440      0.099      0.869      1.260        572 4.5808e+02 0.0000e+00
      0.905    26.0359     7.3624     90.816  83.909003     82.192      7.779   280.2453     1.9127     1.3199     0.0440      0.095      0.888      1.288        573 4.5458e+02 0.0000e+00
      0.925    26.0351     7.4061     91.353  83.915423     82.195      7.778   280.2453     1.9005     1.3333     0.0440      0.091      0.908      1.317        574 4.4812e+02 0.0000e+00
      0.946    26.0344     7.4354     91.715  83.926837     82.224      7.774   280.0181     1.9086     1.2796     0.0440      0.086      0.930      1.349        575 4.3947e+02 0.0000e+00
      0.973    26.0335     7.4529     91.929  83.924528     82.198      7.772   280.2453     1.8682     1.3333     0.0440      0.084      0.954      1.385        576 4.2933e+02 0.0000e+00
      1.000    26.0329     7.4628     92.050  83.948027     82.254      7.774   280.3210     1.9572     1.3199     0.0440      0.085      0.979      1.420        577 4.2346e+02 0.0000e+00
      1.021    26.0326     7.4636     92.058  83.897594     82.173      7.775   280.3210     1.9612     1.2393     0.0440      0.086      1.000      1.451        578 4.2060e+02 0.0000e+00
      1.039    26.0317     7.4723     92.164  83.898107     82.201      7.774   280.1696     1.9612     1.2931     0.0440      0.087      1.020      1.479        579 4.1593e+02 0.0000e+00
      1.062    26.0311     7.4643     92.063  83.917663     82.202      7.776   280.1696     1.9491     1.3065     0.0440      0.088      1.041      1.509        580 4.1126e+02 0.0000e+00
      1.082    26.0308     7.4722     92.159  83.932716     82.231      7.774   280.2453     2.0421     1.3468     0.0440      0.088      1.061      1.539        581 4.0488e+02 0.0000e+00
      1.102    26.0305     7.4439     91.808  83.909102     82.204      7.772   280.4724     2.0259     1.3333     0.0440      0.087      1.082      1.569        582 3.9887e+02 0.0000e+00
      1.126    26.0301     7.4258     91.584  83.857865     82.150      7.771   280.5103     2.0057     1.2931     0.0440      0.086      1.102      1.599        583 3.9705e+02 0.0000e+00
      1.143    26.0296     7.4100     91.389  83.877568     82.178      7.770   280.5103     2.0259     1.2931     0.0440      0.082      1.120      1.624        584 3.9479e+02 0.0000e+00
      1.157    26.0292     7.4245     91.567  83.914313     82.206      7.774   280.8510     2.0340     1.2259     0.0440      0.079      1.135      1.645        585 3.9010e+02 0.0000e+00
      1.171    26.0285     7.4091     91.375  83.960780     82.262      7.773   280.5860     2.0259     1.2796     0.0440      0.076      1.150      1.668        586 3.8580e+02 0.0000e+00
      1.190    26.0277     7.4319     91.656  83.938654     82.235      7.771   280.6617     2.0380     1.4408     0.0440      0.074      1.168      1.694        587 3.8240e+02 0.0000e+00
      1.211    26.0269     7.4317     91.653  83.912121     82.209      7.772   280.4724     2.0259     1.3602     0.0440      0.072      1.188      1.723        588 3.7907e+02 0.0000e+00
      1.232    26.0259     7.4400     91.754  83.904616     82.209      7.768   280.5860     2.0461     1.0782     0.0440      0.071      1.208      1.752        589 3.7363e+02 0.0000e+00
      1.252    26.0246     7.4492     91.867  83.829080     82.129      7.768   280.8131     2.0623     1.0111     0.0440      0.071      1.227      1.780        590 3.7085e+02 0.0000e+00
      1.270    26.0232     7.4642     92.052  83.857484     82.157      7.769   280.8889     2.0663     0.9574     0.0440      0.071      1.245      1.805        591 3.6952e+02 0.0000e+00
      1.285    26.0224     7.4717     92.144  83.899001     82.215      7.767   281.0781     2.1027     1.0916     0.0440      0.073      1.261      1.829        592 3.6548e+02 0.0000e+00
      1.302    26.0219     7.4767     92.206  83.896329     82.189      7.770   281.0781     2.1310     1.2931     0.0440      0.073      1.276      1.850        593 3.6322e+02 0.0000e+00
      1.315    26.0217     7.4818     92.269  83.890538     82.218      7.771   281.1160     2.1796     1.3602     0.0440      0.072      1.290      1.870        594 3.6195e+02 0.0000e+00
      1.328    26.0213     7.4810     92.258  83.876481     82.164      7.770   281.1160     2.1674     1.2662     0.0440      0.068      1.303      1.889        595 3.6288e+02 0.0000e+00
