Data/DataNotYetUploadedToEDI/Raw_CTD/2018_RawDownloads/062818_BVR50.cnv
* Sea-Bird SBE19plus  Data File:
* FileName = C:\DATA\062818_FCR_0002.hex
* Software version 2.6.3.104
* Temperature SN = 7809
* Conductivity SN = 7809
* System UpLoad Time = Jun 28 2018 14:57:09
* <ApplicationData>
* <Seaterm232>
# nquan = 17
# nvalues = 917                         
# units = specified
# name 0 = depFM: Depth [fresh water, m]
# name 1 = tv290C: Temperature [ITS-90, deg C]
# name 2 = sbeox0Mg/L: Oxygen, SBE 43 [mg/l]
# name 3 = sbeox0PS: Oxygen, SBE 43 [% saturation]
# name 4 = c0uS/cm: Conductivity [uS/cm]
# name 5 = specc: Specific Conductance [uS/cm]
# name 6 = ph: pH
# name 7 = orp: Oxidation Reduction Potential [mV]
# name 8 = flECO-AFL: Fluorescence, WET Labs ECO-AFL/FL [mg/m^3]
# name 9 = turbWETntu0: Turbidity, WET Labs ECO [NTU]
# name 10 = sal00: Salinity, Practical [PSU]
# name 11 = dz/dtM: Descent Rate [m/s]
# name 12 = prdM: Pressure, Strain Gauge [db]
# name 13 = prdE: Pressure, Strain Gauge [psi]
# name 14 = scan: Scan Count
# name 15 = par/sat/log: PAR/Logarithmic, Satlantic
# name 16 = flag:  0.000e+00
# span 0 =     -0.692,     10.341       
# span 1 =     7.4741,    24.8535       
# span 2 =     0.0741,     9.9607       
# span 3 =      0.621,    118.712       
# span 4 =   0.643894,  74.933027       
# span 5 =      0.623,    115.351       
# span 6 =     -2.503,      8.856       
# span 7 = -1240.7455,   391.9999       
# span 8 =    -0.7602,     4.8645       
# span 9 =    -0.8957,    40.9323       
# span 10 =     0.0118,     0.0529      
# span 11 =     -0.226,      0.140      
# span 12 =     -0.678,     10.140      
# span 13 =     -0.983,     14.707      
# span 14 =          1,        917      
# span 15 = 1.2331e-01, 1.6614e+03      
# span 16 = 0.0000e+00, 0.0000e+00      
# interval = seconds: 0.25
# start_time = Jun 28 2018 15:00:35 [Instrument's time stamp, header]
# bad_flag = -9.990e-29
*END*
     -0.691    24.8498     7.8476     94.717   0.660852      0.679     -2.499 -1240.7455    -0.1658    -0.1303     0.0118      0.000     -0.677     -0.982          1 3.2703e+02 0.0000e+00
     -0.691    24.8501     7.8492     94.736   0.643894      0.623     -2.499 -1240.7455    -0.1455    -0.0497     0.0118      0.000     -0.677     -0.982          2 2.5863e+02 0.0000e+00
     -0.690    24.8505     7.8521     94.757   1.211170      1.211     -2.499 -1240.7455    -0.1496    -0.2780     0.0118      0.000     -0.677     -0.982          3 2.1865e+02 0.0000e+00
     -0.690    24.8510     7.8650     94.722   1.760917      1.798     -2.499 -1240.7455    -0.1658    -0.1706     0.0118      0.000     -0.677     -0.982          4 2.2354e+02 0.0000e+00
     -0.691    24.8509     7.8870     94.738   1.647357      1.630     -2.499 -1240.7455    -0.1617    -0.1840     0.0118      0.000     -0.677     -0.982          5 2.0697e+02 0.0000e+00
     -0.690    24.8511     7.9002     94.745   1.796605      1.798     -2.499 -1240.7455    -0.1698    -0.2646     0.0118      0.000     -0.677     -0.982          6 2.1116e+02 0.0000e+00
     -0.690    24.8508     7.9098     94.766   2.137735      2.162     -2.499 -1240.7455    -0.1900    -0.1706     0.0119      0.000     -0.677     -0.982          7 1.9694e+02 0.0000e+00
     -0.691    24.8516     7.9145     94.762   2.111071      2.106     -2.499 -1240.7455    -0.1617    -0.1437     0.0119      0.000     -0.677     -0.982          8 2.9028e+02 0.0000e+00
     -0.691    24.8510     7.9218     94.796   2.037043      2.050     -2.499 -1240.7455    -0.1496    -0.2109     0.0119      0.000     -0.677     -0.982          9 2.7454e+02 0.0000e+00
     -0.691    24.8521     7.9260     94.796   1.933778      1.938     -2.499 -1240.7455    -0.1779    -0.1974     0.0119     -0.000     -0.678     -0.983         10 4.0762e+02 0.0000e+00
     -0.691    24.8502     7.9308     94.810   1.795459      1.798     -2.499 -1240.7455    -0.1698    -0.2109     0.0118     -0.000     -0.678     -0.983         11 1.0369e+03 0.0000e+00
     -0.691    24.8535     7.9332     94.804   1.617017      1.630     -2.499 -1240.7455    -0.1334    -0.3049     0.0118     -0.000     -0.678     -0.983         12 1.2180e+03 0.0000e+00
     -0.692    24.8402     7.9356     94.801   1.593297      1.574     -2.499 -1240.7455    -0.1698    -0.1706     0.0118     -0.000     -0.678     -0.983         13 1.1997e+03 0.0000e+00
     -0.690    24.7349     7.9369     94.774   1.528900      1.574     -2.499 -1240.7455    -0.1779    -0.2243     0.0118     -0.000     -0.677     -0.982         14 1.2400e+03 0.0000e+00
     -0.690    24.5944     7.9442     94.822   1.578726      1.519     -2.500 -1240.7455    -0.1172    -0.1974     0.0118     -0.000     -0.672     -0.975         15 1.1000e+03 0.0000e+00
     -0.675    24.5064     7.9543     94.907   1.531291      1.634     -2.503 -1240.7455    -0.1577    -0.2512     0.0118      0.004     -0.661     -0.959         16 1.0452e+03 0.0000e+00
     -0.658    24.4533     7.9694     95.057   5.081911      4.789     -1.098 -1240.7455     1.0514     5.9928     0.0124      0.012     -0.646     -0.938         17 6.9913e+02 0.0000e+00
     -0.646    24.4162     7.9813     95.176   8.264605      8.941      2.433 -1240.7455     1.0271     5.9794     0.0136      0.020     -0.632     -0.917         18 8.0757e+02 0.0000e+00
     -0.630    24.3859     8.0082     95.481  10.897006     10.192      4.481 -1240.7455     1.0352     6.0197     0.0140      0.030     -0.612     -0.888         19 1.2676e+03 0.0000e+00
     -0.593    24.3571     8.0244     95.663  21.565696     22.403      5.936 -1240.7455     1.0352     5.9123     0.0185      0.045     -0.583     -0.846         20 1.2248e+03 0.0000e+00
     -0.564    24.3324     8.0436     95.889  28.352503     28.582      6.755   391.9999     0.6308    -0.8554     0.0209      0.062     -0.549     -0.796         21 1.3839e+03 0.0000e+00
     -0.520    24.3136     8.0458     95.912  27.967338     28.400      7.530   311.1368     0.6308    -0.8554     0.0208      0.082     -0.511     -0.741         22 1.4719e+03 0.0000e+00
     -0.480    24.2949     8.0595     96.073  27.914165     28.245      7.994   299.4011     0.5944    -0.8957     0.0208      0.101     -0.472     -0.684         23 1.4247e+03 0.0000e+00
     -0.443    24.2714     8.0611     96.090  27.736814     28.142      8.263   295.1989     0.6268    -0.7748     0.0207      0.116     -0.435     -0.631         24 1.4449e+03 0.0000e+00
     -0.408    24.2485     8.0618     96.094  27.713713     28.096      8.439   289.1417    -0.6995    40.9189     0.0207      0.130     -0.401     -0.582         25 1.4446e+03 0.0000e+00
     -0.378    24.2287     8.0524     95.977  27.646460     28.053      8.520   290.8075    -0.7197    40.8786     0.0207      0.139     -0.371     -0.539         26 1.4272e+03 0.0000e+00
     -0.352    24.2118     8.0077     95.436  27.642642     28.066      8.572   289.1796    -0.7197    40.9323     0.0207      0.140     -0.344     -0.500         27 1.4528e+03 0.0000e+00
     -0.325    24.1989     7.9354     94.564  27.570240     27.992      8.583   281.9489    -0.7359    40.9055     0.0206      0.135     -0.317     -0.461         28 1.2321e+03 0.0000e+00
     -0.294    24.1898     7.8357     93.367  27.558694     28.002      8.569   281.9489    -0.7602    40.8383     0.0206      0.130     -0.290     -0.421         29 8.0642e+02 0.0000e+00
     -0.270    24.1839     7.7124     91.893  27.568081     28.009      8.552   278.9581     1.7671     3.9518     0.0206      0.121     -0.265     -0.385         30 1.2585e+03 0.0000e+00
     -0.248    24.1820     7.6154     90.738  27.558563     28.014      8.556   276.4596     1.7833     3.9518     0.0206      0.113     -0.244     -0.355         31 1.2006e+03 0.0000e+00
     -0.229    24.1803     7.5705     90.207  27.570543     28.018      8.503   277.2167     1.7671     4.0458     0.0206      0.105     -0.229     -0.331         32 8.0580e+02 0.0000e+00
     -0.223    24.1788     7.6093     90.674  27.582821     28.047      8.484   280.2074     1.7671     4.0458     0.0206      0.095     -0.221     -0.320         33 1.3313e+03 0.0000e+00
     -0.223    24.1779     7.7420     92.262  27.572931     28.020      8.510   280.1696     1.8439     3.8041     0.0206      0.081     -0.219     -0.318         34 1.4622e+03 0.0000e+00
     -0.225    24.1755     7.9162     94.343  27.553206     28.021      8.564   278.6931     1.8156     3.7235     0.0206      0.065     -0.219     -0.317         35 1.3842e+03 0.0000e+00
     -0.221    24.1723     8.0901     96.418  27.518429     27.964      8.622   277.2924     1.8237     3.7504     0.0206      0.049     -0.215     -0.311         36 1.4205e+03 0.0000e+00
     -0.210    24.1677     8.2362     98.163  27.497626     27.966      8.666   276.2703     1.8439     3.8041     0.0206      0.035     -0.206     -0.298         37 1.3895e+03 0.0000e+00
     -0.198    24.1621     8.3302     99.288  27.460513     27.911      8.703   274.3017     1.9612     3.7369     0.0206      0.027     -0.199     -0.287         38 1.4190e+03 0.0000e+00
     -0.200    24.1571     8.3688     99.751  27.505323     27.970      8.727   276.1188     1.9652     3.7369     0.0206      0.021     -0.200     -0.289         39 1.4150e+03 0.0000e+00
     -0.215    24.1541     8.3403     99.419  27.530799     28.002      8.714   272.4467     1.9652     3.8175     0.0206      0.013     -0.209     -0.303         40 1.4208e+03 0.0000e+00
     -0.225    24.1544     8.2709     98.598  27.458459     27.919      8.703   271.0838     1.9572     3.7504     0.0206      0.006     -0.216     -0.314         41 1.4230e+03 0.0000e+00
     -0.223    24.1568     8.1784     97.499  27.447122     27.921      8.707   271.6517     1.9733     3.6295     0.0206      0.001     -0.216     -0.314         42 1.4267e+03 0.0000e+00
     -0.215    24.1599     8.0886     96.433  27.455970     27.921      8.718   270.7431     1.9612     3.5758     0.0206     -0.001     -0.211     -0.305         43 1.4247e+03 0.0000e+00
     -0.208    24.1636     7.9963     95.335  27.447449     27.919      8.726   269.1910     1.9855     3.4952     0.0206     -0.003     -0.203     -0.294         44 1.4174e+03 0.0000e+00
     -0.199    24.1665     7.9199     94.424  27.457727     27.918      8.733   270.0995     1.9572     3.6967     0.0206     -0.002     -0.195     -0.283         45 1.4151e+03 0.0000e+00
     -0.191    24.1679     7.8600     93.709  27.472824     27.944      8.729   268.5095     2.0259     3.8309     0.0206      0.004     -0.189     -0.275         46 1.4282e+03 0.0000e+00
     -0.190    24.1703     7.8132     93.147  27.458305     27.914      8.738   268.2445     2.0340     3.7638     0.0206      0.012     -0.186     -0.271         47 1.4347e+03 0.0000e+00
     -0.189    24.1723     7.7953     92.929  27.505440     27.970      8.748   268.3203     2.0138     3.8175     0.0206      0.019     -0.186     -0.270         48 1.4257e+03 0.0000e+00
     -0.191    24.1741     7.8013     92.993  27.443810     27.912      8.751   267.2224     2.0097     3.7504     0.0206      0.020     -0.187     -0.271         49 1.4380e+03 0.0000e+00
     -0.193    24.1781     7.8456     93.518  27.475710     27.911      8.760   265.8595     2.0178     3.6832     0.0206      0.015     -0.183     -0.265         50 1.4303e+03 0.0000e+00
     -0.172    24.1815     7.9124     94.310  27.613970     28.109      8.767   266.9195     2.0785     3.7772     0.0207      0.015     -0.170     -0.246         51 1.3790e+03 0.0000e+00
     -0.154    24.1836     7.9929     95.269  27.538562     27.964      8.745   266.5410     2.1149     3.8041     0.0206      0.019     -0.156     -0.227         52 1.3776e+03 0.0000e+00
     -0.153    24.1862     8.0763     96.262  27.569553     28.047      8.748   265.6324     2.0866     3.7504     0.0206      0.021     -0.150     -0.218         53 1.3683e+03 0.0000e+00
     -0.150    24.1875     8.1627     97.289  27.664337     28.103      8.758   264.8374     2.1149     3.7504     0.0207      0.024     -0.147     -0.213         54 1.3538e+03 0.0000e+00
     -0.147    24.1873     8.2147     97.906  27.746711     28.215      8.765   265.1402     2.0340     3.9921     0.0207      0.027     -0.144     -0.208         55 1.3521e+03 0.0000e+00
     -0.143    24.1868     8.2311     98.099  27.822795     28.271      8.769   264.9131     2.0421     3.9249     0.0207      0.028     -0.140     -0.203         56 1.3457e+03 0.0000e+00
     -0.140    24.1850     8.2245     98.017  27.866116     28.328      8.783   264.0045     2.0259     3.9786     0.0207      0.027     -0.137     -0.199         57 1.3538e+03 0.0000e+00
     -0.137    24.1816     8.2185     97.941  27.870676     28.328      8.791   263.8152     2.0461     4.0592     0.0207      0.023     -0.136     -0.197         58 1.3530e+03 0.0000e+00
     -0.138    24.1781     8.1978     97.689  27.876411     28.329      8.791   264.5345     2.0421     3.8041     0.0207      0.014     -0.136     -0.197         59 1.3490e+03 0.0000e+00
     -0.140    24.1756     8.1652     97.287  27.918273     28.388      8.794   264.1938     2.0259     3.7772     0.0208      0.009     -0.136     -0.197         60 1.3444e+03 0.0000e+00
     -0.139    24.1740     8.1215     96.758  27.877875     28.333      8.799   263.5881     2.0138     3.8041     0.0207      0.007     -0.135     -0.196         61 1.3433e+03 0.0000e+00
     -0.135    24.1734     8.0859     96.332  27.867394     28.335      8.807   263.4367     2.0380     3.7772     0.0207      0.006     -0.132     -0.192         62 1.3436e+03 0.0000e+00
     -0.131    24.1726     8.0617     96.046  27.872024     28.336      8.807   263.7017     2.1553     3.7907     0.0207      0.006     -0.130     -0.189         63 1.3434e+03 0.0000e+00
     -0.132    24.1710     8.0471     95.878  27.872113     28.336      8.808   263.6638     2.1634     3.8712     0.0207      0.005     -0.130     -0.189         64 1.3435e+03 0.0000e+00
     -0.135    24.1694     8.0317     95.699  27.926576     28.393      8.813   263.3610     2.1391     3.7235     0.0208      0.004     -0.131     -0.191         65 1.3437e+03 0.0000e+00
     -0.136    24.1682     8.0193     95.555  27.922832     28.394      8.811   262.6417     2.1634     3.8309     0.0208      0.003     -0.132     -0.192         66 1.3446e+03 0.0000e+00
     -0.134    24.1665     8.0155     95.508  27.876774     28.338      8.804   262.4524     2.2321     3.8578     0.0207      0.002     -0.132     -0.192         67 1.3477e+03 0.0000e+00
     -0.135    24.1645     8.0203     95.565  27.865309     28.339      8.799   262.3767     2.2362     3.8309     0.0207      0.002     -0.133     -0.193         68 1.3496e+03 0.0000e+00
     -0.136    24.1607     8.0322     95.706  27.877808     28.340      8.799   261.4302     2.2159     3.7907     0.0207     -0.000     -0.133     -0.193         69 1.3460e+03 0.0000e+00
     -0.135    24.1538     8.0341     95.726  27.920514     28.398      8.790   261.7709     2.2079     3.7504     0.0208     -0.001     -0.132     -0.191         70 1.3416e+03 0.0000e+00
     -0.132    24.1491     8.0313     95.693  27.930748     28.400      8.788   261.5817     2.2443     3.7907     0.0208     -0.001     -0.129     -0.188         71 1.3387e+03 0.0000e+00
     -0.130    24.1477     8.0103     95.446  27.924366     28.404      8.794   260.6731     2.2240     4.0592     0.0208      0.001     -0.127     -0.185         72 1.3388e+03 0.0000e+00
     -0.129    24.1491     7.9621     94.877  27.928460     28.407      8.797   261.0517     2.2443     4.0055     0.0208      0.003     -0.126     -0.183         73 1.3322e+03 0.0000e+00
     -0.128    24.1525     7.8903     94.022  27.984947     28.465      8.801   261.3924     2.2362     3.9786     0.0208      0.004     -0.126     -0.183         74 1.3371e+03 0.0000e+00
     -0.129    24.1552     7.7970     92.910  27.972655     28.464      8.804   259.5374     2.2281     4.0055     0.0208      0.004     -0.126     -0.183         75 1.3360e+03 0.0000e+00
     -0.128    24.1568     7.7023     91.780  28.003051     28.462      8.788   258.6667     2.2159     4.0324     0.0208      0.004     -0.125     -0.181         76 1.3420e+03 0.0000e+00
     -0.125    24.1567     7.5960     90.514  28.154646     28.659      8.777   259.1209     2.2240     3.9786     0.0209      0.004     -0.125     -0.180         77 1.3359e+03 0.0000e+00
     -0.129    24.1560     7.4976     89.343  28.199051     28.658      8.773   259.6888     2.2200     4.0861     0.0209      0.003     -0.127     -0.183         78 1.3543e+03 0.0000e+00
     -0.133    24.1554     7.3898     88.061  28.214611     28.715      8.781   259.2345     2.2240     4.0458     0.0209      0.000     -0.129     -0.187         79 1.3232e+03 0.0000e+00
     -0.133    24.1543     7.2924     86.901  28.194576     28.659      8.788   258.2502     2.2362     3.7504     0.0209     -0.002     -0.130     -0.189         80 1.1877e+03 0.0000e+00
     -0.132    24.1544     7.1982     85.781  28.164690     28.659      8.787   257.9474     2.2038     3.7638     0.0209     -0.002     -0.129     -0.188         81 1.1805e+03 0.0000e+00
     -0.131    24.1564     7.1156     84.799  28.133215     28.603      8.786   258.5531     2.2240     3.8309     0.0208     -0.002     -0.129     -0.187         82 1.2012e+03 0.0000e+00
     -0.133    24.1586     7.0374     83.869  28.115158     28.603      8.786   258.4774     2.1998     3.7772     0.0208     -0.003     -0.130     -0.188         83 1.1849e+03 0.0000e+00
     -0.133    24.1595     6.9703     83.072  28.127869     28.602      8.787   258.0231     2.1796     3.8712     0.0208     -0.003     -0.130     -0.188         84 1.1948e+03 0.0000e+00
     -0.132    24.1591     6.9042     82.287  28.176691     28.657      8.787   257.3416     2.1634     3.7907     0.0209     -0.002     -0.129     -0.187         85 1.1862e+03 0.0000e+00
