Data/DataNotYetUploadedToEDI/Raw_CTD/2018_RawDownloads/062818_BVR50.cnv
* Sea-Bird SBE19plus  Data File:
* FileName = C:\DATA\062818_FCR_0002.hex
* Software version 2.6.3.104
* Temperature SN = 7809
* Conductivity SN = 7809
* System UpLoad Time = Jun 28 2018 14:57:09
* <ApplicationData>
* <Seaterm232>
# nquan = 17
# nvalues = 917                         
# units = specified
# name 0 = depFM: Depth [fresh water, m]
# name 1 = tv290C: Temperature [ITS-90, deg C]
# name 2 = sbeox0Mg/L: Oxygen, SBE 43 [mg/l]
# name 3 = sbeox0PS: Oxygen, SBE 43 [% saturation]
# name 4 = c0uS/cm: Conductivity [uS/cm]
# name 5 = specc: Specific Conductance [uS/cm]
# name 6 = ph: pH
# name 7 = orp: Oxidation Reduction Potential [mV]
# name 8 = flECO-AFL: Fluorescence, WET Labs ECO-AFL/FL [mg/m^3]
# name 9 = turbWETntu0: Turbidity, WET Labs ECO [NTU]
# name 10 = sal00: Salinity, Practical [PSU]
# name 11 = dz/dtM: Descent Rate [m/s]
# name 12 = prdM: Pressure, Strain Gauge [db]
# name 13 = prdE: Pressure, Strain Gauge [psi]
# name 14 = scan: Scan Count
# name 15 = par/sat/log: PAR/Logarithmic, Satlantic
# name 16 = flag:  0.000e+00
# span 0 =     -0.692,     10.341       
# span 1 =     7.4741,    24.8535       
# span 2 =     0.0741,     9.9607       
# span 3 =      0.621,    118.712       
# span 4 =   0.643894,  74.933027       
# span 5 =      0.623,    115.351       
# span 6 =     -2.503,      8.856       
# span 7 = -1240.7455,   391.9999       
# span 8 =    -0.7602,     4.8645       
# span 9 =    -0.8957,    40.9323       
# span 10 =     0.0118,     0.0529      
# span 11 =     -0.226,      0.140      
# span 12 =     -0.678,     10.140      
# span 13 =     -0.983,     14.707      
# span 14 =          1,        917      
# span 15 = 1.2331e-01, 1.6614e+03      
# span 16 = 0.0000e+00, 0.0000e+00      
# interval = seconds: 0.25
# start_time = Jun 28 2018 15:00:35 [Instrument's time stamp, header]
# bad_flag = -9.990e-29
*END*
[from data line 681]
      7.059     8.3764     0.0909      0.774  38.213555     57.534      6.613   121.3205     1.0190     1.5213     0.0274      0.077      6.921     10.037        682 2.9221e-01 0.0000e+00
      7.070     8.3710     0.0979      0.834  38.865405     58.020      6.614   119.3898     0.9988     1.5750     0.0276      0.079      6.932     10.054        683 2.7634e-01 0.0000e+00
      7.078     8.3678     0.0965      0.821  38.676075     58.038      6.613   117.4970     0.9907     1.4945     0.0276      0.075      6.941     10.067        684 2.7062e-01 0.0000e+00
      7.086     8.3664     0.0947      0.806  38.923799     58.257      6.617   115.4905     1.0433     1.5616     0.0277      0.067      6.948     10.078        685 2.6467e-01 0.0000e+00
      7.091     8.3656     0.1019      0.867  38.764770     58.136      6.620   113.2948     1.0392     1.4676     0.0276      0.057      6.955     10.087        686 2.6073e-01 0.0000e+00
      7.098     8.3655     0.0977      0.831  38.844323     58.139      6.621   111.1748     1.0554     1.4945     0.0276      0.048      6.962     10.097        687 2.6301e-01 0.0000e+00
      7.108     8.3643     0.1054      0.896  39.299429     58.936      6.622   109.2441     1.0797     1.6153     0.0280      0.040      6.972     10.112        688 2.5858e-01 0.0000e+00
      7.122     8.3578     0.0980      0.833  39.829957     59.648      6.625   107.5784     1.0352     1.4945     0.0283      0.035      6.985     10.131        689 2.6077e-01 0.0000e+00
      7.137     8.3490     0.0993      0.844  40.201320     60.279      6.628   105.4962     1.0029     1.2125     0.0286      0.035      7.000     10.154        690 2.6391e-01 0.0000e+00
      7.156     8.3417     0.1014      0.861  40.676555     60.919      6.630   104.2091     0.9988     1.2528     0.0288      0.040      7.017     10.179        691 2.7889e-01 0.0000e+00
      7.176     8.3333     0.0977      0.830  41.137197     61.732      6.632   102.5812     0.9665     1.3736     0.0292      0.047      7.037     10.206        692 2.6116e-01 0.0000e+00
      7.197     8.3263     0.0961      0.816  41.526759     62.206      6.630   101.0291     0.9826     1.3333     0.0294      0.055      7.055     10.233        693 2.2121e-01 0.0000e+00
      7.211     8.3241     0.0959      0.814  41.912487     62.935      6.632    99.8933     1.1120     1.4676     0.0297      0.062      7.070     10.254        694 2.6711e-01 0.0000e+00
      7.221     8.3205     0.0946      0.803  42.288933     63.368      6.632    98.6819     1.0999     1.4542     0.0299      0.064      7.083     10.273        695 2.5265e-01 0.0000e+00
      7.238     8.3090     0.0974      0.826  42.601066     64.001      6.634    96.9405     1.1242     1.4005     0.0302      0.066      7.099     10.297        696 2.1205e-01 0.0000e+00
      7.258     8.2937     0.0966      0.819  42.710815     64.008      6.632    95.5398     1.1242     1.6153     0.0302      0.066      7.119     10.326        697 2.5104e-01 0.0000e+00
      7.283     8.2774     0.0970      0.822  43.487508     65.289      6.631    94.5933     1.0473     1.2125     0.0307      0.068      7.144     10.361        698 2.4998e-01 0.0000e+00
      7.313     8.2600     0.0978      0.829  44.245519     66.495      6.627    93.6469     1.0756     1.2662     0.0313      0.072      7.170     10.399        699 2.5235e-01 0.0000e+00
      7.336     8.2463     0.0882      0.747  44.200522     66.360      6.622    93.1547     1.0271     1.3065     0.0312      0.077      7.192     10.431        700 2.2589e-01 0.0000e+00
      7.352     8.2364     0.0893      0.757  44.136944     66.395      6.620    92.2462     1.0554     1.2662     0.0312      0.080      7.209     10.455        701 2.3443e-01 0.0000e+00
      7.365     8.2251     0.0975      0.827  43.998260     66.128      6.620    90.8076     1.1242     1.7228     0.0311      0.082      7.222     10.475        702 2.3495e-01 0.0000e+00
      7.376     8.2141     0.0894      0.758  43.957712     66.147      6.623    89.3690     1.1201     1.7228     0.0311      0.081      7.234     10.492        703 1.9472e-01 0.0000e+00
      7.389     8.2038     0.0941      0.797  44.098396     66.338      6.623    88.3469     1.1444     1.6422     0.0312      0.076      7.246     10.510        704 2.0616e-01 0.0000e+00
      7.401     8.1925     0.0986      0.835  44.060563     66.360      6.626    87.2112     1.0999     1.6556     0.0312      0.068      7.259     10.529        705 2.0751e-01 0.0000e+00
      7.418     8.1827     0.0978      0.828  44.004802     66.212      6.625    86.3404     1.0473     1.5616     0.0311      0.061      7.273     10.549        706 2.2048e-01 0.0000e+00
      7.430     8.1744     0.0961      0.814  44.049109     66.403      6.630    85.2047     1.0554     1.5348     0.0312      0.055      7.286     10.567        707 2.0387e-01 0.0000e+00
      7.440     8.1625     0.0990      0.838  44.064773     66.339      6.629    83.7661     1.0392     1.4139     0.0311      0.051      7.297     10.583        708 2.2414e-01 0.0000e+00
      7.453     8.1568     0.0960      0.812  44.430396     66.987      6.633    82.1761     1.0473     1.5079     0.0314      0.050      7.309     10.601        709 2.4934e-01 0.0000e+00
      7.466     8.1601     0.0923      0.781  44.662303     67.349      6.633    81.3054     1.0352     1.5348     0.0316      0.050      7.322     10.620        710 1.9333e-01 0.0000e+00
      7.480     8.1573     0.0915      0.774  44.725691     67.404      6.637    79.5261     1.0635     1.4139     0.0316      0.050      7.337     10.643        711 1.7760e-01 0.0000e+00
      7.500     8.1467     0.0922      0.780  44.944971     67.816      6.639    78.0118     1.0595     1.5885     0.0318      0.052      7.357     10.670        712 2.0770e-01 0.0000e+00
      7.524     8.1330     0.0905      0.766  45.338952     68.288      6.644    77.4818     1.0514     1.4408     0.0320      0.057      7.380     10.703        713 2.2248e-01 0.0000e+00
      7.552     8.1221     0.0911      0.770  46.134513     69.657      6.645    77.0654     1.0473     1.4810     0.0326      0.063      7.403     10.738        714 2.2824e-01 0.0000e+00
      7.571     8.1153     0.0916      0.775  46.536580     70.194      6.644    76.9518     1.0312     1.7362     0.0328      0.070      7.422     10.765        715 1.9926e-01 0.0000e+00
      7.582     8.1099     0.0893      0.755  46.589402     70.343      6.646    75.7783     1.0635     1.7630     0.0329      0.074      7.434     10.782        716 1.7587e-01 0.0000e+00
      7.589     8.1063     0.0900      0.761  46.662291     70.443      6.648    75.1726     1.0797     1.6825     0.0329      0.074      7.444     10.796        717 2.1704e-01 0.0000e+00
      7.600     8.1018     0.1009      0.853  46.920688     70.834      6.648    74.0368     1.0312     1.7630     0.0331      0.070      7.454     10.812        718 2.0678e-01 0.0000e+00
      7.615     8.0930     0.0913      0.772  47.989069     72.447      6.651    73.3933     1.1120     1.5079     0.0338      0.065      7.469     10.834        719 2.0515e-01 0.0000e+00
      7.635     8.0824     0.0962      0.813  48.953328     74.019      6.654    72.4090     1.1161     1.5079     0.0345      0.061      7.486     10.857        720 2.2480e-01 0.0000e+00
      7.649     8.0753     0.0942      0.796  49.074281     74.081      6.658    71.6897     1.1363     1.5079     0.0346      0.056      7.499     10.876        721 1.9558e-01 0.0000e+00
      7.657     8.0724     0.0925      0.782  49.055366     74.189      6.658    70.5161     1.0959     1.5616     0.0346      0.052      7.509     10.891        722 2.1391e-01 0.0000e+00
      7.666     8.0696     0.0974      0.822  49.006554     74.037      6.661    69.5697     1.0554     1.4676     0.0345      0.050      7.518     10.904        723 1.9926e-01 0.0000e+00
      7.676     8.0651     0.0976      0.824  48.986636     74.085      6.661    68.8504     1.0473     1.5885     0.0345      0.049      7.528     10.918        724 1.7759e-01 0.0000e+00
      7.688     8.0545     0.0964      0.813  49.109835     74.219      6.663    67.8282     1.0797     1.4676     0.0346      0.049      7.540     10.935        725 2.0012e-01 0.0000e+00
      7.701     8.0408     0.0949      0.800  49.268748     74.524      6.668    67.1468     1.0716     1.4945     0.0347      0.047      7.551     10.952        726 1.7521e-01 0.0000e+00
      7.710     8.0320     0.0974      0.822  49.293426     74.548      6.667    66.3140     1.0716     1.2393     0.0347      0.044      7.561     10.966        727 1.8628e-01 0.0000e+00
      7.720     8.0296     0.0972      0.820  49.346246     74.664      6.672    65.6325     1.0554     1.2931     0.0348      0.041      7.570     10.979        728 1.6552e-01 0.0000e+00
      7.727     8.0298     0.0945      0.797  49.410779     74.811      6.675    64.8754     1.0271     1.2259     0.0348      0.040      7.579     10.992        729 1.4130e-01 0.0000e+00
      7.739     8.0247     0.0973      0.820  49.302159     74.605      6.677    64.0425     1.0473     1.2662     0.0348      0.040      7.590     11.009        730 1.9578e-01 0.0000e+00
      7.753     8.0132     0.0854      0.720  49.392385     74.773      6.677    63.0204     1.0878     1.5616     0.0348      0.042      7.604     11.029        731 1.9871e-01 0.0000e+00
      7.770     7.9989     0.0950      0.801  49.446894     74.870      6.680    62.6418     1.0635     1.4945     0.0349      0.043      7.621     11.054        732 1.7382e-01 0.0000e+00
      7.791     7.9839     0.0867      0.731  49.471764     74.895      6.682    62.3768     1.0595     1.4810     0.0349      0.047      7.643     11.086        733 1.5431e-01 0.0000e+00
      7.822     7.9699     0.0861      0.725  49.747282     75.395      6.681    61.3925     1.0676     1.4945     0.0351      0.056      7.669     11.123        734 1.5884e-01 0.0000e+00
      7.848     7.9588     0.0931      0.785  49.935069     75.683      6.681    60.5975     1.0392     1.4542     0.0352      0.067      7.692     11.156        735 1.7582e-01 0.0000e+00
      7.859     7.9519     0.0873      0.735  49.861359     75.631      6.681    59.7647     1.0554     1.5616     0.0352      0.074      7.706     11.176        736 1.5720e-01 0.0000e+00
      7.867     7.9473     0.0891      0.750  49.839022     75.571      6.679    58.9696     1.0352     1.4676     0.0351      0.076      7.716     11.191        737 1.5747e-01 0.0000e+00
      7.879     7.9415     0.0863      0.727  49.992557     75.884      6.685    58.2882     1.0473     1.5079     0.0353      0.074      7.728     11.209        738 1.5028e-01 0.0000e+00
      7.894     7.9337     0.0942      0.793  50.056139     75.937      6.684    58.2882     1.0392     1.5482     0.0353      0.071      7.742     11.229        739 1.5221e-01 0.0000e+00
      7.911     7.9243     0.0863      0.727  50.175427     76.163      6.688    58.6289     1.0595     1.3333     0.0354      0.066      7.758     11.252        740 1.6707e-01 0.0000e+00
      7.928     7.9154     0.0978      0.823  50.289321     76.350      6.686    58.4396     1.0716     1.2931     0.0355      0.061      7.774     11.274        741 1.3657e-01 0.0000e+00
      7.941     7.9091     0.0955      0.804  50.478343     76.627      6.691    57.7961     1.0473     1.3333     0.0356      0.055      7.787     11.294        742 1.2758e-01 0.0000e+00
      7.954     7.9056     0.0918      0.773  50.711911     77.073      6.692    57.1146     1.0635     1.3333     0.0358      0.054      7.800     11.314        743 1.4144e-01 0.0000e+00
      7.969     7.9033     0.0949      0.798  50.621964     76.875      6.696    56.6982     1.0433     1.4139     0.0357      0.056      7.815     11.335        744 1.7705e-01 0.0000e+00
      7.985     7.8981     0.0902      0.759  50.709010     77.053      6.695    56.0546     1.0756     1.4408     0.0358      0.058      7.830     11.357        745 1.6214e-01 0.0000e+00
      7.999     7.8902     0.0919      0.773  50.930086     77.398      6.701    55.6004     1.0797     1.4676     0.0359      0.058      7.844     11.377        746 1.3451e-01 0.0000e+00
      8.013     7.8817     0.0936      0.787  51.059206     77.581      6.704    54.9189     1.0676     1.4945     0.0360      0.058      7.859     11.397        747 1.5249e-01 0.0000e+00
      8.028     7.8771     0.0885      0.744  51.290379     77.982      6.707    54.4268     1.0595     1.6422     0.0362      0.057      7.874     11.419        748 1.3045e-01 0.0000e+00
      8.046     7.8761     0.0859      0.723  51.414141     78.173      6.707    53.3289     1.0554     1.7362     0.0363      0.058      7.889     11.443        749 1.3726e-01 0.0000e+00
      8.060     7.8738     0.0898      0.755  51.409792     78.184      6.709    52.8746     1.0473     1.7630     0.0363      0.059      7.903     11.463        750 1.4137e-01 0.0000e+00
      8.071     7.8699     0.0867      0.729  51.562937     78.398      6.714    51.7011     1.0635     1.7228     0.0364      0.058      7.914     11.478        751 1.2826e-01 0.0000e+00
      8.079     7.8662     0.0889      0.748  51.698483     78.659      6.715    51.7389     1.0312     1.4676     0.0365      0.056      7.922     11.490        752 1.4324e-01 0.0000e+00
      8.084     7.8636     0.0879      0.739  51.686355     78.583      6.719    50.7546     1.0716     1.4676     0.0365      0.051      7.929     11.500        753 1.4537e-01 0.0000e+00
      8.092     7.8596     0.0854      0.719  51.637398     78.593      6.720    50.1111     1.0271     1.4408     0.0365      0.047      7.938     11.513        754 1.4582e-01 0.0000e+00
      8.108     7.8545     0.0829      0.697  51.818776     78.769      6.720    50.0353     1.0676     1.4676     0.0365      0.044      7.955     11.538        755 1.3558e-01 0.0000e+00
      8.137     7.8505     0.0847      0.713  52.083985     79.332      6.722    49.6189     1.1242     1.4408     0.0368      0.046      7.980     11.574        756 1.2522e-01 0.0000e+00
      8.168     7.8444     0.0903      0.760  52.435327     79.685      6.724    49.1646     1.1323     1.5213     0.0369      0.053      8.007     11.613        757 1.2549e-01 0.0000e+00
      8.188     7.8385     0.0874      0.735  52.509526     80.077      6.723    49.0889     1.1161     1.4945     0.0371      0.062      8.029     11.645        758 1.2575e-01 0.0000e+00
      8.206     7.8387     0.0886      0.745  53.000913     80.433      6.721    48.3318     1.1403     1.4945     0.0373      0.071      8.046     11.671        759 1.2489e-01 0.0000e+00
      8.222     7.8425     0.0927      0.779  54.525203     83.259      6.726    47.9153     1.0999     1.4945     0.0385      0.078      8.061     11.692        760 1.2679e-01 0.0000e+00
      8.232     7.8452     0.0924      0.777  54.976434     83.557      6.727    47.9910     1.0554     1.4676     0.0387      0.080      8.074     11.710        761 1.2336e-01 0.0000e+00
      8.245     7.8434     0.0969      0.814  54.933025     83.717      6.728    47.2718     1.0635     1.5885     0.0387      0.078      8.088     11.730        762 1.2913e-01 0.0000e+00
      8.264     7.8394     0.0921      0.774  55.083915     83.796      6.729    46.7039     1.0473     1.6422     0.0388      0.073      8.104     11.753        763 1.4431e-01 0.0000e+00
      8.278     7.8383     0.0924      0.777  54.996469     83.757      6.731    46.0225     1.0878     1.5348     0.0388      0.065      8.119     11.774        764 1.2914e-01 0.0000e+00
      8.292     7.8361     0.0922      0.775  55.071540     83.811      6.736    45.6818     1.0595     1.5482     0.0388      0.059      8.135     11.799        765 1.2331e-01 0.0000e+00
