Data/DataNotYetUploadedToEDI/Raw_CTD/2018_RawDownloads/062818_BVR50.cnv
* Sea-Bird SBE19plus  Data File:
* FileName = C:\DATA\062818_FCR_0002.hex
* Software version 2.6.3.104
* Temperature SN = 7809
* Conductivity SN = 7809
* System UpLoad Time = Jun 28 2018 14:57:09
* <ApplicationData>
* <Seaterm232>
# nquan = 17
# nvalues = 917                         
# units = specified
# name 0 = depFM: Depth [fresh water, m]
# name 1 = tv290C: Temperature [ITS-90, deg C]
# name 2 = sbeox0Mg/L: Oxygen, SBE 43 [mg/l]
# name 3 = sbeox0PS: Oxygen, SBE 43 [% saturation]
# name 4 = c0uS/cm: Conductivity [uS/cm]
# name 5 = specc: Specific Conductance [uS/cm]
# name 6 = ph: pH
# name 7 = orp: Oxidation Reduction Potential [mV]
# name 8 = flECO-AFL: Fluorescence, WET Labs ECO-AFL/FL [mg/m^3]
# name 9 = turbWETntu0: Turbidity, WET Labs ECO [NTU]
# name 10 = sal00: Salinity, Practical [PSU]
# name 11 = dz/dtM: Descent Rate [m/s]
# name 12 = prdM: Pressure, Strain Gauge [db]
# name 13 = prdE: Pressure, Strain Gauge [psi]
# name 14 = scan: Scan Count
# name 15 = par/sat/log: PAR/Logarithmic, Satlantic
# name 16 = flag:  0.000e+00
# span 0 =     -0.692,     10.341       
# span 1 =     7.4741,    24.8535       
# span 2 =     0.0741,     9.9607       
# span 3 =      0.621,    118.712       
# span 4 =   0.643894,  74.933027       
# span 5 =      0.623,    115.351       
# span 6 =     -2.503,      8.856       
# span 7 = -1240.7455,   391.9999       
# span 8 =    -0.7602,     4.8645       
# span 9 =    -0.8957,    40.9323       
# span 10 =     0.0118,     0.0529      
# span 11 =     -0.226,      0.140      
# span 12 =     -0.678,     10.140      
# span 13 =     -0.983,     14.707      
# span 14 =          1,        917      
# span 15 = 1.2331e-01, 1.6614e+03      
# span 16 = 0.0000e+00, 0.0000e+00      
# interval = seconds: 0.25
# start_time = Jun 28 2018 15:00:35 [Instrument's time stamp, header]
# bad_flag = -9.990e-29
*END*
[from data line 596]
      5.811     9.3951     0.1015      0.885  25.440650     36.977      6.794   195.6343     1.3668     2.1122     0.0189      0.059      5.698      8.265        597 5.2503e-01 0.0000e+00
      5.823     9.3956     0.1073      0.934  25.435612     36.982      6.790   194.9529     1.3870     2.1659     0.0189      0.056      5.710      8.282        598 5.0500e-01 0.0000e+00
      5.834     9.3877     0.1035      0.900  25.396955     36.901      6.792   193.9686     1.3789     2.1659     0.0189      0.050      5.720      8.297        599 4.9655e-01 0.0000e+00
      5.843     9.3713     0.1023      0.890  25.429470     36.981      6.790   192.1515     1.3708     2.1524     0.0189      0.045      5.731      8.312        600 4.9024e-01 0.0000e+00
      5.856     9.3532     0.1048      0.912  25.395149     36.909      6.786   189.9936     1.5771     2.1927     0.0189      0.043      5.743      8.330        601 4.8104e-01 0.0000e+00
      5.870     9.3388     0.1057      0.920  25.321092     36.845      6.787   188.5172     1.5407     2.3002     0.0188      0.044      5.757      8.350        602 4.8168e-01 0.0000e+00
      5.884     9.3288     0.1092      0.950  25.284483     36.783      6.786   187.6843     1.5690     2.1659     0.0188      0.047      5.770      8.370        603 4.8381e-01 0.0000e+00
      5.898     9.3219     0.1086      0.944  25.262849     36.799      6.786   186.3972     1.5730     2.1659     0.0188      0.048      5.785      8.390        604 4.8397e-01 0.0000e+00
      5.914     9.3146     0.1064      0.925  25.199800     36.687      6.783   184.7314     1.5649     2.1793     0.0187      0.050      5.800      8.412        605 4.6281e-01 0.0000e+00
      5.930     9.3047     0.1083      0.941  25.185088     36.695      6.779   183.3307     1.5124     1.9376     0.0187      0.053      5.814      8.432        606 4.7421e-01 0.0000e+00
      5.941     9.2896     0.1069      0.929  25.192229     36.702      6.778   182.5736     1.5245     1.9510     0.0187      0.055      5.827      8.452        607 4.7727e-01 0.0000e+00
      5.956     9.2705     0.1149      0.997  25.190915     36.713      6.776   181.5136     1.4881     1.9107     0.0187      0.056      5.841      8.472        608 4.5491e-01 0.0000e+00
      5.972     9.2525     0.1004      0.872  25.216371     36.770      6.773   180.1507     1.5124     1.9107     0.0188      0.056      5.855      8.492        609 4.3505e-01 0.0000e+00
      5.985     9.2402     0.1069      0.928  25.190197     36.750      6.773   179.5450     1.5730     2.1659     0.0187      0.056      5.868      8.512        610 4.4775e-01 0.0000e+00
      5.996     9.2363     0.0960      0.833  25.193850     36.769      6.769   178.1064     1.5366     2.1390     0.0187      0.056      5.880      8.529        611 4.7206e-01 0.0000e+00
      6.009     9.2310     0.1015      0.881  25.182189     36.783      6.767   176.8193     1.5892     2.1659     0.0187      0.054      5.892      8.546        612 4.5499e-01 0.0000e+00
      6.020     9.2214     0.0963      0.835  25.204713     36.786      6.768   176.1378     1.5771     2.1659     0.0187      0.052      5.905      8.564        613 4.5218e-01 0.0000e+00
      6.035     9.2148     0.1009      0.875  25.314040     36.996      6.767   175.1157     1.5124     2.2867     0.0188      0.051      5.920      8.586        614 4.6162e-01 0.0000e+00
      6.055     9.2096     0.1128      0.978  25.401864     37.088      6.763   174.2071     1.5164     2.2599     0.0189      0.053      5.937      8.611        615 4.3939e-01 0.0000e+00
      6.073     9.1966     0.1118      0.969  25.421507     37.177      6.762   172.8821     1.5285     2.4076     0.0189      0.055      5.956      8.638        616 4.3261e-01 0.0000e+00
      6.093     9.1734     0.1165      1.010  25.586041     37.346      6.762   172.5793     1.5245     2.3270     0.0190      0.058      5.975      8.666        617 4.4224e-01 0.0000e+00
      6.114     9.1498     0.1145      0.991  25.878933     37.891      6.757   171.6707     1.8116     2.1659     0.0192      0.063      5.994      8.694        618 4.4692e-01 0.0000e+00
      6.132     9.1350     0.1077      0.932  25.768486     37.672      6.754   171.2543     1.8278     2.1927     0.0191      0.068      6.011      8.719        619 4.1006e-01 0.0000e+00
      6.145     9.1291     0.1041      0.901  25.545628     37.411      6.752   170.3835     1.8520     2.1927     0.0190      0.070      6.024      8.737        620 3.8087e-01 0.0000e+00
      6.154     9.1242     0.1040      0.900  25.563389     37.428      6.748   169.8535     1.8439     2.0987     0.0190      0.069      6.034      8.751        621 3.9922e-01 0.0000e+00
      6.161     9.1146     0.0956      0.827  25.538876     37.434      6.749   168.7557     1.7469     2.1390     0.0190      0.064      6.043      8.764        622 3.9077e-01 0.0000e+00
      6.172     9.1042     0.0991      0.857  25.665070     37.562      6.745   167.9607     1.7752     2.0719     0.0190      0.058      6.052      8.778        623 3.9175e-01 0.0000e+00
      6.179     9.1019     0.1016      0.878  25.821371     37.900      6.742   167.1278     1.7752     2.1927     0.0192      0.051      6.060      8.789        624 4.1157e-01 0.0000e+00
      6.185     9.0963     0.1043      0.901  25.907616     37.912      6.743   166.5978     1.7752     2.1122     0.0192      0.043      6.067      8.799        625 4.1518e-01 0.0000e+00
      6.195     9.0774     0.1044      0.901  26.298872     38.611      6.743   165.8028     1.7671     2.1122     0.0195      0.037      6.077      8.814        626 4.0856e-01 0.0000e+00
      6.210     9.0547     0.1095      0.945  26.342402     38.617      6.739   165.2350     1.5002     2.1390     0.0195      0.036      6.091      8.834        627 3.7716e-01 0.0000e+00
      6.226     9.0333     0.1073      0.926  26.090607     38.270      6.739   164.8564     1.5083     2.1927     0.0193      0.038      6.106      8.856        628 3.5743e-01 0.0000e+00
      6.243     9.0146     0.1080      0.932  26.137904     38.377      6.739   164.2507     1.5285     2.1659     0.0193      0.042      6.123      8.880        629 3.7890e-01 0.0000e+00
      6.263     8.9984     0.1098      0.947  26.253903     38.566      6.732   163.6828     1.5245     2.1390     0.0194      0.048      6.141      8.907        630 3.5392e-01 0.0000e+00
      6.282     8.9852     0.1054      0.909  26.390939     38.792      6.732   163.0014     1.3061     2.1659     0.0195      0.055      6.159      8.932        631 3.5043e-01 0.0000e+00
      6.295     8.9749     0.1067      0.920  26.500995     38.975      6.732   162.8121     1.2859     2.1524     0.0196      0.060      6.174      8.955        632 3.8710e-01 0.0000e+00
      6.312     8.9639     0.1017      0.877  26.561636     39.072      6.729   162.1685     1.3142     2.1659     0.0196      0.065      6.191      8.979        633 3.4935e-01 0.0000e+00
      6.333     8.9507     0.1062      0.915  26.819461     39.454      6.729   161.3735     1.3263     2.1927     0.0198      0.068      6.211      9.007        634 3.2311e-01 0.0000e+00
      6.353     8.9356     0.0974      0.839  27.010235     39.796      6.726   160.9571     1.1080     1.6422     0.0199      0.070      6.230      9.035        635 3.5637e-01 0.0000e+00
      6.371     8.9212     0.1059      0.912  27.272913     40.099      6.720   160.2757     1.1242     1.6959     0.0200      0.071      6.246      9.059        636 3.5659e-01 0.0000e+00
      6.385     8.9083     0.1005      0.865  27.648801     40.817      6.716   159.5942     1.1363     1.7630     0.0203      0.070      6.260      9.079        637 3.4687e-01 0.0000e+00
      6.392     8.9005     0.0984      0.847  27.609755     40.629      6.713   158.9128     1.1242     1.7362     0.0202      0.067      6.271      9.095        638 3.7884e-01 0.0000e+00
      6.407     8.8993     0.1000      0.860  27.617983     40.767      6.712   158.7235     1.0392     1.5885     0.0203      0.064      6.285      9.116        639 3.7422e-01 0.0000e+00
      6.429     8.8881     0.1007      0.866  27.727509     40.860      6.710   158.1556     1.0433     1.4542     0.0203      0.064      6.304      9.143        640 3.4340e-01 0.0000e+00
      6.449     8.8689     0.1019      0.876  27.799578     41.025      6.705   157.7771     1.0635     1.4945     0.0204      0.063      6.323      9.170        641 3.4244e-01 0.0000e+00
      6.466     8.8557     0.1026      0.881  27.824773     41.039      6.700   157.1335     1.0635     1.5482     0.0204      0.062      6.341      9.195        642 3.4339e-01 0.0000e+00
      6.481     8.8442     0.1079      0.927  27.874046     41.145      6.699   156.6414     1.0554     1.4676     0.0204      0.063      6.356      9.218        643 3.3526e-01 0.0000e+00
      6.495     8.8308     0.1038      0.891  28.064394     41.450      6.696   156.1871     1.0352     1.5213     0.0206      0.064      6.369      9.237        644 3.3606e-01 0.0000e+00
      6.505     8.8167     0.1079      0.927  28.180856     41.629      6.695   155.4678     1.0635     1.4676     0.0206      0.064      6.380      9.254        645 3.4481e-01 0.0000e+00
      6.518     8.8013     0.1015      0.871  28.411028     41.976      6.692   154.9756     1.0473     1.5616     0.0208      0.063      6.393      9.273        646 3.3355e-01 0.0000e+00
      6.536     8.7858     0.1008      0.866  28.874960     42.696      6.689   154.1049     1.0473     1.4408     0.0211      0.061      6.409      9.296        647 3.1880e-01 0.0000e+00
      6.553     8.7734     0.1027      0.881  29.056310     43.004      6.688   152.8556     1.1080     1.5348     0.0212      0.058      6.427      9.321        648 3.2927e-01 0.0000e+00
      6.572     8.7591     0.0965      0.828  29.104476     43.024      6.685   152.0228     1.1242     1.5348     0.0212      0.058      6.447      9.350        649 3.3354e-01 0.0000e+00
      6.597     8.7406     0.0966      0.830  29.526625     43.743      6.684   151.1142     1.1080     1.4810     0.0215      0.062      6.469      9.382        650 3.1388e-01 0.0000e+00
      6.620     8.7246     0.0952      0.818  29.894870     44.258      6.680   150.3949     1.1646     1.4139     0.0217      0.067      6.491      9.414        651 3.1414e-01 0.0000e+00
      6.637     8.7122     0.0997      0.855  30.128735     44.655      6.676   149.3349     1.1161     1.5213     0.0219      0.072      6.508      9.439        652 3.1563e-01 0.0000e+00
      6.651     8.7020     0.0942      0.808  30.303027     44.925      6.673   148.1235     1.1161     1.4810     0.0220      0.075      6.522      9.460        653 3.0353e-01 0.0000e+00
      6.665     8.6950     0.0986      0.845  30.508211     45.232      6.670   147.0635     1.1242     1.5616     0.0221      0.075      6.536      9.480        654 2.9076e-01 0.0000e+00
      6.679     8.6907     0.0993      0.851  31.148428     46.199      6.666   146.0792     1.1282     1.5482     0.0225      0.072      6.548      9.497        655 2.9530e-01 0.0000e+00
      6.689     8.6858     0.1019      0.873  31.730232     47.121      6.667   144.4892     1.1161     1.2662     0.0229      0.067      6.558      9.512        656 3.0954e-01 0.0000e+00
      6.696     8.6794     0.1034      0.886  32.008146     47.458      6.664   143.4292     1.1201     1.2662     0.0231      0.060      6.567      9.524        657 3.0897e-01 0.0000e+00
      6.705     8.6722     0.0976      0.837  32.225947     47.880      6.663   142.3692     1.1120     1.3333     0.0233      0.051      6.575      9.536        658 3.1822e-01 0.0000e+00
      6.712     8.6705     0.1003      0.860  32.289500     47.889      6.662   141.3470     1.1484     1.2662     0.0233      0.045      6.583      9.547        659 3.1425e-01 0.0000e+00
      6.721     8.6833     0.0990      0.848  32.225598     47.899      6.662   140.4006     1.0473     1.0379     0.0233      0.040      6.591      9.559        660 2.8991e-01 0.0000e+00
      6.729     8.6869     0.1005      0.860  31.742046     47.114      6.661   139.0377     1.0554     1.0916     0.0229      0.037      6.601      9.574        661 2.9351e-01 0.0000e+00
      6.745     8.6674     0.1021      0.873  31.645805     46.929      6.661   138.1292     1.0352     1.0245     0.0229      0.036      6.616      9.596        662 3.1357e-01 0.0000e+00
      6.766     8.6402     0.0997      0.852  32.819848     48.707      6.659   136.4256     1.0352     1.0648     0.0236      0.039      6.635      9.623        663 3.1031e-01 0.0000e+00
      6.785     8.6159     0.0954      0.816  34.343734     51.019      6.654   135.5549     1.0473     1.4945     0.0246      0.045      6.652      9.648        664 3.1150e-01 0.0000e+00
      6.799     8.6033     0.0960      0.821  34.731571     51.682      6.652   134.3434     1.0595     1.4676     0.0249      0.051      6.666      9.668        665 3.0830e-01 0.0000e+00
      6.809     8.5963     0.0964      0.823  34.531801     51.265      6.651   133.3591     1.0595     1.4408     0.0247      0.055      6.676      9.683        666 2.9392e-01 0.0000e+00
      6.817     8.5940     0.0960      0.819  34.829617     51.906      6.651   132.4506     1.0392     1.5213     0.0250      0.056      6.684      9.695        667 2.9106e-01 0.0000e+00
      6.823     8.6009     0.1026      0.876  35.043085     52.084      6.649   131.5799     1.0433     1.3199     0.0251      0.054      6.692      9.706        668 2.9001e-01 0.0000e+00
      6.832     8.5972     0.0982      0.838  35.274529     52.545      6.648   131.0120     0.9948     1.3736     0.0253      0.050      6.701      9.719        669 3.0149e-01 0.0000e+00
      6.844     8.5744     0.1007      0.859  35.816923     53.241      6.649   129.9520     1.0190     1.2393     0.0256      0.045      6.713      9.736        670 3.0153e-01 0.0000e+00
      6.859     8.5469     0.1018      0.868  36.503570     54.369      6.651   128.2863     0.9867     1.2393     0.0261      0.041      6.728      9.758        671 2.9078e-01 0.0000e+00
      6.880     8.5216     0.1002      0.854  36.792815     54.782      6.648   127.8698     0.9907     1.2662     0.0262      0.042      6.747      9.785        672 2.9740e-01 0.0000e+00
      6.899     8.5017     0.0967      0.824  37.028983     55.159      6.647   126.6963     0.9705     1.3199     0.0264      0.047      6.764      9.810        673 2.7916e-01 0.0000e+00
      6.912     8.4879     0.1060      0.903  37.277484     55.660      6.643   126.5827     0.9907     1.3333     0.0266      0.053      6.776      9.829        674 2.8875e-01 0.0000e+00
      6.919     8.4761     0.0991      0.844  37.254772     55.526      6.640   126.3934     1.0029     1.2259     0.0265      0.056      6.786      9.844        675 3.1270e-01 0.0000e+00
      6.931     8.4632     0.0947      0.807  37.086919     55.465      6.639   125.5227     0.9907     1.3333     0.0265      0.057      6.800      9.863        676 2.7743e-01 0.0000e+00
      6.952     8.4445     0.0992      0.845  37.605031     55.986      6.639   124.5006     1.0473     1.2662     0.0267      0.059      6.819      9.890        677 2.6745e-01 0.0000e+00
      6.976     8.4230     0.0952      0.811  37.410870     56.217      6.635   124.1598     1.0716     1.2393     0.0268      0.061      6.841      9.921        678 2.8068e-01 0.0000e+00
      6.997     8.4106     0.0963      0.821  37.476867     55.537      6.628   123.1755     1.0635     1.3602     0.0265      0.063      6.862      9.952        679 2.8188e-01 0.0000e+00
      7.018     8.4012     0.0902      0.768  38.501811     58.166      6.622   122.9484     1.0312     1.3333     0.0277      0.066      6.883      9.982        680 2.7247e-01 0.0000e+00
