Data/DataNotYetUploadedToEDI/Raw_CTD/2018_RawDownloads/062818_BVR50.cnv
* Sea-Bird SBE19plus  Data File:
* FileName = C:\DATA\062818_FCR_0002.hex
* Software version 2.6.3.104
* Temperature SN = 7809
* Conductivity SN = 7809
* System UpLoad Time = Jun 28 2018 14:57:09
* <ApplicationData>
* <Seaterm232>
# nquan = 17
# nvalues = 917                         
# units = specified
# name 0 = depFM: Depth [fresh water, m]
# name 1 = tv290C: Temperature [ITS-90, deg C]
# name 2 = sbeox0Mg/L: Oxygen, SBE 43 [mg/l]
# name 3 = sbeox0PS: Oxygen, SBE 43 [% saturation]
# name 4 = c0uS/cm: Conductivity [uS/cm]
# name 5 = specc: Specific Conductance [uS/cm]
# name 6 = ph: pH
# name 7 = orp: Oxidation Reduction Potential [mV]
# name 8 = flECO-AFL: Fluorescence, WET Labs ECO-AFL/FL [mg/m^3]
# name 9 = turbWETntu0: Turbidity, WET Labs ECO [NTU]
# name 10 = sal00: Salinity, Practical [PSU]
# name 11 = dz/dtM: Descent Rate [m/s]
# name 12 = prdM: Pressure, Strain Gauge [db]
# name 13 = prdE: Pressure, Strain Gauge [psi]
# name 14 = scan: Scan Count
# name 15 = par/sat/log: PAR/Logarithmic, Satlantic
# name 16 = flag:  0.000e+00
# span 0 =     -0.692,     10.341       
# span 1 =     7.4741,    24.8535       
# span 2 =     0.0741,     9.9607       
# span 3 =      0.621,    118.712       
# span 4 =   0.643894,  74.933027       
# span 5 =      0.623,    115.351       
# span 6 =     -2.503,      8.856       
# span 7 = -1240.7455,   391.9999       
# span 8 =    -0.7602,     4.8645       
# span 9 =    -0.8957,    40.9323       
# span 10 =     0.0118,     0.0529      
# span 11 =     -0.226,      0.140      
# span 12 =     -0.678,     10.140      
# span 13 =     -0.983,     14.707      
# span 14 =          1,        917      
# span 15 = 1.2331e-01, 1.6614e+03      
# span 16 = 0.0000e+00, 0.0000e+00      
# interval = seconds: 0.25
# start_time = Jun 28 2018 15:00:35 [Instrument's time stamp, header]
# bad_flag = -9.990e-29
*END*
[from data line 86]
     -0.130    24.1590     6.7845     80.865  28.132479     28.600      8.789   257.4931     2.1593     3.7907     0.0208      0.001     -0.127     -0.185         87 1.1269e+03 0.0000e+00
     -0.131    24.1599     6.7346     80.272  28.167807     28.657      8.792   257.6824     2.1391     3.7907     0.0209      0.001     -0.128     -0.186         88 1.1295e+03 0.0000e+00
     -0.131    24.1610     6.6850     79.683  28.129021     28.600      8.796   256.3952     2.1715     3.8578     0.0208      0.001     -0.128     -0.186         89 1.1327e+03 0.0000e+00
     -0.131    24.1620     6.6380     79.125  28.121455     28.600      8.805   256.5466     2.1796     3.8309     0.0208      0.001     -0.128     -0.186         90 1.1349e+03 0.0000e+00
     -0.130    24.1631     6.5926     78.586  28.177223     28.656      8.810   255.8274     2.1553     3.8309     0.0209      0.001     -0.127     -0.185         91 1.1347e+03 0.0000e+00
     -0.130    24.1647     6.5484     78.062  28.178205     28.655      8.815   256.3574     2.1432     3.7369     0.0209      0.001     -0.127     -0.185         92 1.1354e+03 0.0000e+00
     -0.130    24.1662     6.5056     77.555  28.120232     28.598      8.815   256.2816     2.1391     3.8175     0.0208      0.000     -0.127     -0.185         93 1.1357e+03 0.0000e+00
     -0.129    24.1678     6.4589     77.001  28.130781     28.597      8.817   255.8274     2.1796     3.7235     0.0208      0.000     -0.127     -0.184         94 1.1358e+03 0.0000e+00
     -0.129    24.1694     6.4143     76.470  28.165077     28.653      8.818   255.6759     2.1755     3.8309     0.0209      0.001     -0.127     -0.184         95 1.1368e+03 0.0000e+00
     -0.129    24.1708     6.3719     75.969  28.136845     28.595      8.818   255.2595     2.1593     3.7772     0.0208      0.001     -0.127     -0.184         96 1.1417e+03 0.0000e+00
     -0.130    24.1723     6.3357     75.539  28.165914     28.651      8.822   255.7895     2.2362     3.7638     0.0209      0.001     -0.127     -0.185         97 1.1445e+03 0.0000e+00
     -0.131    24.1740     6.2940     75.043  28.188194     28.650      8.817   255.7138     2.2564     3.8846     0.0209      0.000     -0.128     -0.186         98 1.1447e+03 0.0000e+00
     -0.131    24.1756     6.2610     74.652  28.168412     28.649      8.815   255.7138     2.2362     3.7772     0.0209     -0.001     -0.128     -0.186         99 1.1452e+03 0.0000e+00
     -0.131    24.1770     6.2273     74.253  28.131238     28.591      8.816   255.5624     2.2483     3.8444     0.0208     -0.001     -0.128     -0.186        100 1.1474e+03 0.0000e+00
     -0.130    24.1787     6.1884     73.792  28.175161     28.647      8.813   255.7138     2.3453     3.9786     0.0209     -0.001     -0.127     -0.185        101 1.1504e+03 0.0000e+00
     -0.130    24.1805     6.1574     73.424  28.173043     28.647      8.808   255.6002     2.3534     4.0458     0.0209     -0.001     -0.127     -0.185        102 1.1492e+03 0.0000e+00
     -0.131    24.1821     6.1246     73.035  28.133873     28.589      8.806   255.4866     2.3898     4.0324     0.0208     -0.001     -0.128     -0.186        103 1.1500e+03 0.0000e+00
     -0.131    24.1838     6.0933     72.664  28.164614     28.644      8.804   255.0702     2.3494     3.9384     0.0209     -0.001     -0.129     -0.187        104 1.1513e+03 0.0000e+00
     -0.131    24.1856     6.0623     72.297  28.134786     28.587      8.805   254.9188     2.4424     3.9652     0.0208     -0.000     -0.129     -0.187        105 1.1498e+03 0.0000e+00
     -0.132    24.1875     6.0381     72.010  28.170993     28.643      8.804   254.1995     2.4100     4.0189     0.0209     -0.000     -0.130     -0.188        106 1.1529e+03 0.0000e+00
     -0.133    24.1888     6.0047     71.614  28.178849     28.641      8.806   254.3509     2.4060     3.9652     0.0209     -0.001     -0.131     -0.190        107 1.1567e+03 0.0000e+00
     -0.133    24.1905     5.9774     71.290  28.125008     28.584      8.806   254.8431     2.4141     4.0324     0.0208     -0.002     -0.131     -0.190        108 1.1572e+03 0.0000e+00
     -0.134    24.1924     5.9502     70.967  28.119407     28.583      8.803   255.1459     2.3817     3.8846     0.0208     -0.002     -0.131     -0.191        109 1.1556e+03 0.0000e+00
     -0.134    24.1939     5.9262     70.682  28.126525     28.582      8.801   254.9188     2.3696     3.9786     0.0208     -0.002     -0.131     -0.191        110 1.1537e+03 0.0000e+00
     -0.133    24.1955     5.8989     70.359  28.116152     28.581      8.800   254.6159     2.3656     3.9115     0.0208     -0.002     -0.131     -0.190        111 1.1542e+03 0.0000e+00
     -0.132    24.1971     5.8548     69.834  28.132317     28.580      8.798   254.3131     2.3656     4.0592     0.0208     -0.001     -0.130     -0.189        112 1.1521e+03 0.0000e+00
     -0.133    24.1987     5.8495     69.773  28.165701     28.636      8.798   254.0859     2.3534     4.0055     0.0209     -0.000     -0.130     -0.189        113 1.1503e+03 0.0000e+00
     -0.133    24.2003     5.8278     69.514  28.133898     28.578      8.798   254.5781     2.3413     4.0592     0.0208      0.000     -0.130     -0.189        114 1.1497e+03 0.0000e+00
     -0.133    24.2017     5.8065     69.262  28.171893     28.634      8.798   254.0481     2.3373     3.9518     0.0209      0.000     -0.130     -0.189        115 1.1465e+03 0.0000e+00
     -0.133    24.2032     5.7849     69.007  28.177708     28.633      8.797   253.9345     2.3656     4.0055     0.0209      0.001     -0.130     -0.189        116 1.1446e+03 0.0000e+00
     -0.133    24.2048     5.7691     68.819  28.185953     28.632      8.797   253.3666     2.3817     4.0189     0.0209      0.000     -0.131     -0.190        117 1.1409e+03 0.0000e+00
     -0.133    24.2063     5.7494     68.584  28.220928     28.688      8.797   254.0481     2.3373     3.5758     0.0209      0.000     -0.131     -0.190        118 1.1371e+03 0.0000e+00
     -0.134    24.2075     5.7328     68.389  28.134185     28.574      8.795   254.4266     2.3373     3.5355     0.0208     -0.000     -0.131     -0.190        119 1.1347e+03 0.0000e+00
     -0.134    24.2087     5.7150     68.177  28.116020     28.573      8.795   253.3666     2.3615     3.5221     0.0208     -0.001     -0.131     -0.190        120 1.1333e+03 0.0000e+00
     -0.133    24.2099     5.6878     67.855  28.184239     28.629      8.798   253.4424     2.3656     3.4818     0.0209     -0.000     -0.130     -0.189        121 1.1312e+03 0.0000e+00
     -0.132    24.2112     5.6736     67.687  28.167877     28.628      8.796   253.2531     2.3615     3.9384     0.0209      0.000     -0.129     -0.187        122 1.1267e+03 0.0000e+00
     -0.131    24.2125     5.6599     67.524  28.136382     28.571      8.796   253.0638     2.3736     3.9921     0.0208      0.001     -0.129     -0.187        123 1.1233e+03 0.0000e+00
     -0.132    24.2136     5.6383     67.268  28.164138     28.627      8.795   252.5716     2.3736     4.0189     0.0209      0.001     -0.129     -0.187        124 1.1222e+03 0.0000e+00
     -0.131    24.2147     5.6317     67.190  28.192628     28.626      8.797   252.2309     2.3615     3.9384     0.0209      0.001     -0.129     -0.187        125 1.1212e+03 0.0000e+00
     -0.132    24.2157     5.6163     67.008  28.219514     28.682      8.795   252.1173     2.3575     3.7907     0.0209      0.001     -0.129     -0.187        126 1.1181e+03 0.0000e+00
     -0.131    24.2167     5.6013     66.829  28.189972     28.624      8.793   252.4581     2.3615     3.8309     0.0209      0.001     -0.129     -0.187        127 1.1183e+03 0.0000e+00
     -0.130    24.2175     5.5891     66.686  28.170098     28.624      8.787   252.5716     2.3292     3.7638     0.0209      0.001     -0.128     -0.186        128 1.1158e+03 0.0000e+00
     -0.130    24.2187     5.5742     66.509  28.184953     28.623      8.783   252.6852     2.3373     3.7772     0.0209      0.001     -0.128     -0.185        129 1.1106e+03 0.0000e+00
     -0.130    24.2200     5.5598     66.338  28.171485     28.623      8.782   252.2688     2.4505     3.8981     0.0209      0.001     -0.128     -0.185        130 1.1097e+03 0.0000e+00
     -0.131    24.2213     5.5489     66.210  28.127564     28.565      8.775   251.6631     2.4060     3.9786     0.0208      0.000     -0.128     -0.185        131 1.1074e+03 0.0000e+00
     -0.130    24.2223     5.5367     66.064  28.121024     28.565      8.775   251.7766     2.3979     4.0324     0.0208      0.001     -0.128     -0.185        132 1.1087e+03 0.0000e+00
     -0.130    24.2232     5.5246     65.922  28.120330     28.564      8.774   251.8902     2.4383     4.0592     0.0208      0.001     -0.128     -0.186        133 1.1104e+03 0.0000e+00
     -0.131    24.2242     5.5155     65.815  28.128428     28.563      8.772   252.1552     2.4343     3.9115     0.0208      0.000     -0.129     -0.187        134 1.1091e+03 0.0000e+00
     -0.132    24.2250     5.5074     65.719  28.170239     28.620      8.774   251.4359     2.3130     3.8309     0.0209     -0.001     -0.129     -0.187        135 1.1096e+03 0.0000e+00
     -0.131    24.2259     5.4969     65.594  28.186883     28.619      8.778   251.0952     2.3009     3.8041     0.0209     -0.001     -0.129     -0.187        136 1.1089e+03 0.0000e+00
     -0.131    24.2268     5.4950     65.569  28.167008     28.619      8.774   251.8523     2.2968     3.7907     0.0209     -0.001     -0.129     -0.187        137 1.1085e+03 0.0000e+00
     -0.130    24.2279     5.4830     65.423  28.135681     28.561      8.772   251.7009     2.3211     3.7638     0.0208     -0.000     -0.128     -0.186        138 1.1058e+03 0.0000e+00
     -0.130    24.2289     5.4700     65.264  28.166576     28.618      8.769   251.5116     2.2240     4.0458     0.0209     -0.000     -0.127     -0.185        139 1.1061e+03 0.0000e+00
     -0.129    24.2296     5.4596     65.135  28.128558     28.560      8.769   251.2466     2.2281     4.0324     0.0208      0.001     -0.126     -0.183        140 1.1076e+03 0.0000e+00
     -0.126    24.2304     5.4448     64.957  28.123698     28.560      8.768   251.7009     2.2159     3.9921     0.0208      0.002     -0.124     -0.180        141 1.1062e+03 0.0000e+00
     -0.126    24.2311     5.4338     64.825  28.113330     28.559      8.767   251.2466     2.2321     3.9786     0.0208      0.003     -0.124     -0.179        142 1.1062e+03 0.0000e+00
     -0.126    24.2324     5.4190     64.643  28.052522     28.474      8.769   251.2845     2.2806     3.9786     0.0208      0.004     -0.125     -0.181        143 1.1118e+03 0.0000e+00
     -0.129    24.2340     5.4179     64.635  28.110432     28.558      8.770   250.7545     2.2968     3.9786     0.0208      0.002     -0.126     -0.184        144 1.1111e+03 0.0000e+00
     -0.130    24.2344     5.4317     64.902  28.130200     28.558      8.770   250.0731     2.2968     4.0055     0.0208      0.001     -0.126     -0.184        145 1.1205e+03 0.0000e+00
     -0.126    24.2346     5.5289     66.179  28.116861     28.557      8.773   250.1488     2.2726     4.0055     0.0208      0.001     -0.124     -0.180        146 1.1162e+03 0.0000e+00
     -0.123    24.2333     5.7801     69.241  28.127033     28.556      8.768   249.9595     2.3736     3.8309     0.0208      0.002     -0.119     -0.172        147 1.1372e+03 0.0000e+00
     -0.115    24.2305     6.1556     73.739  28.176834     28.613      8.761   249.3916     2.3534     3.7504     0.0209      0.004     -0.112     -0.162        148 1.1154e+03 0.0000e+00
     -0.104    24.2270     6.6087     79.122  28.173470     28.614      8.769   248.8995     2.3736     3.7101     0.0209      0.009     -0.102     -0.149        149 8.7042e+02 0.0000e+00
     -0.095    24.2242     7.0408     84.235  28.131219     28.559      8.785   249.3159     2.3575     3.7638     0.0208      0.015     -0.092     -0.134        150 8.7632e+02 0.0000e+00
     -0.083    24.2214     7.4274     88.801  28.110829     28.560      8.802   249.2402     2.4262     3.9384     0.0208      0.022     -0.082     -0.119        151 1.0842e+03 0.0000e+00
     -0.074    24.2220     7.7242     92.299  28.020967     28.449      8.815   247.8773     2.4181     3.9786     0.0208      0.029     -0.072     -0.104        152 8.7488e+02 0.0000e+00
     -0.061    24.2150     7.9148     94.537  28.035525     28.478      8.825   238.2616     2.4424     3.9921     0.0208      0.035     -0.060     -0.086        153 5.9369e+02 0.0000e+00
     -0.043    24.2248     7.9872     95.378  28.033419     28.479      8.796   237.9966     2.4343     3.8578     0.0208      0.040     -0.054     -0.078        154 5.0632e+02 0.0000e+00
     -0.061    24.3059     7.9388     94.779  27.934649     28.368      8.794   239.0566     2.4222     3.9249     0.0208      0.037     -0.075     -0.109        155 8.5833e+02 0.0000e+00
     -0.125    24.3999     7.8187     93.329  27.921269     28.365      8.807   238.7916     2.4909     4.0324     0.0208      0.014     -0.133     -0.194        156 1.0765e+03 0.0000e+00
     -0.222    24.4425     7.6626     91.460  27.872181     28.260      8.806   239.2837     2.4909     3.9786     0.0208     -0.032     -0.218     -0.316        157 9.8232e+02 0.0000e+00
     -0.319    24.4426     7.4923     89.423  27.817833     28.149      8.821   250.6788     2.4990     3.9786     0.0207     -0.092     -0.302     -0.438        158 1.3037e+03 0.0000e+00
     -0.380    24.4128     7.3252     87.420  27.870287     28.182      8.844   249.8459     2.4869     4.0055     0.0208     -0.152     -0.364     -0.528        159 1.0787e+03 0.0000e+00
     -0.417    24.3736     7.1687     85.546  27.925471     28.238      8.854   250.4895     2.1917     3.6295     0.0208     -0.199     -0.403     -0.584        160 5.9758e+02 0.0000e+00
     -0.436    24.3384     7.0297     83.884  27.927035     28.255      8.852   249.9595     2.1553     3.6698     0.0208     -0.226     -0.422     -0.612        161 5.8138e+02 0.0000e+00
     -0.438    24.3090     6.9159     82.522  27.927642     28.278      8.840   250.1488     2.1715     3.4818     0.0208     -0.226     -0.425     -0.615        162 6.4116e+02 0.0000e+00
     -0.425    24.2869     6.8172     81.342  27.924728     28.298      8.834   250.4138     2.1593     3.5758     0.0208     -0.191     -0.412     -0.597        163 9.5352e+02 0.0000e+00
     -0.396    24.2730     6.7418     80.441  27.871381     28.258      8.833   249.3916     2.7618    13.8079     0.0208     -0.130     -0.393     -0.569        164 1.3509e+03 0.0000e+00
     -0.383    24.2614     6.6710     79.595  27.875458     28.271      8.834   249.8838     2.7457    13.6468     0.0207     -0.064     -0.380     -0.551        165 1.4541e+03 0.0000e+00
     -0.386    24.2521     6.6131     78.903  27.919664     28.335      8.842   249.2402     2.7376    13.7139     0.0208     -0.014     -0.380     -0.551        166 1.1985e+03 0.0000e+00
     -0.392    24.2486     6.5658     78.338  27.875666     28.286      8.847   249.6188     2.7214    13.6333     0.0207      0.013     -0.385     -0.559        167 9.5998e+02 0.0000e+00
     -0.401    24.2457     6.5323     77.939  27.870926     28.291      8.849   249.4673     1.8520     3.7235     0.0207      0.022     -0.391     -0.566        168 1.0150e+03 0.0000e+00
     -0.400    24.2404     6.4983     77.532  27.866275     28.293      8.851   249.6566     1.8439     3.8578     0.0207      0.022     -0.391     -0.566        169 1.1649e+03 0.0000e+00
     -0.392    24.2364     6.4745     77.248  27.822162     28.238      8.849   249.7323     1.8399     3.7504     0.0207      0.016     -0.386     -0.559        170 1.1498e+03 0.0000e+00
