Data/DataNotYetUploadedToEDI/Raw_CTD/2018_RawDownloads/070218_fcr10.cnv
* Sea-Bird SBE19plus  Data File:
* FileName = C:\DATA\070218_fcr_0002.hex
* Software version 2.6.3.104
* Temperature SN = 7809
* Conductivity SN = 7809
* System UpLoad Time = Jul 03 2018 07:35:52
* <ApplicationData>
* <Seaterm232>
# nquan = 17
# nvalues = 341                         
# units = specified
# name 0 = depFM: Depth [fresh water, m]
# name 1 = tv290C: Temperature [ITS-90, deg C]
# name 2 = sbeox0Mg/L: Oxygen, SBE 43 [mg/l]
# name 3 = sbeox0PS: Oxygen, SBE 43 [% saturation]
# name 4 = c0uS/cm: Conductivity [uS/cm]
# name 5 = specc: Specific Conductance [uS/cm]
# name 6 = ph: pH
# name 7 = orp: Oxidation Reduction Potential [mV]
# name 8 = flECO-AFL: Fluorescence, WET Labs ECO-AFL/FL [mg/m^3]
# name 9 = turbWETntu0: Turbidity, WET Labs ECO [NTU]
# name 10 = sal00: Salinity, Practical [PSU]
# name 11 = dz/dtM: Descent Rate [m/s]
# name 12 = prdM: Pressure, Strain Gauge [db]
# name 13 = prdE: Pressure, Strain Gauge [psi]
# name 14 = scan: Scan Count
# name 15 = par/sat/log: PAR/Logarithmic, Satlantic
# name 16 = flag:  0.000e+00
# span 0 =     -0.505,      2.651       
# span 1 =    18.6184,    35.8475       
# span 2 =    -0.5831,    11.5016       
# span 3 =     -6.280,    129.170       
# span 4 =   1.277918, 176.315919       
# span 5 =      1.095,    201.596       
# span 6 =      6.206,      8.204       
# span 7 = -1240.7455,  1240.2295       
# span 8 =    -0.4326,     8.5079       
# span 9 =    -0.7883,     3.7235       
# span 10 =     0.0150,     0.0972      
# span 11 =     -0.063,      0.163      
# span 12 =     -0.495,      2.595      
# span 13 =     -0.718,      3.765      
# span 14 =          1,        341      
# span 15 = 7.3028e+01, 2.1293e+03      
# span 16 = 0.0000e+00, 0.0000e+00      
# interval = seconds: 0.25
# start_time = Jul 02 2018 16:04:28 [Instrument's time stamp, header]
# bad_flag = -9.990e-29
*END*
[from data line 171]
      0.035    29.1682     6.2995     80.789  37.969080     35.030      8.126   262.9824     1.5124     1.0379     0.0247     -0.004      0.034      0.050        172 1.5802e+03 0.0000e+00
      0.036    29.1501     7.0114     89.446  37.997861     35.079      8.125   261.9602     1.5043     0.9842     0.0247     -0.005      0.035      0.051        173 1.5810e+03 0.0000e+00
      0.036    29.1091     7.7860     99.019  37.920068     34.982      8.125   261.6952     1.4881     0.9708     0.0247     -0.004      0.038      0.054        174 1.5836e+03 0.0000e+00
      0.042    29.0545     8.5033    107.957  37.769289     34.890      8.130   259.8024     1.5245     1.1051     0.0246     -0.001      0.044      0.063        175 1.5707e+03 0.0000e+00
      0.055    29.0018     9.1095    115.529  37.651625     34.761      8.135   255.2974     1.4921     0.9842     0.0246      0.005      0.053      0.077        176 1.5846e+03 0.0000e+00
      0.065    28.9490     9.5758    121.328  37.591951     34.797      8.137   259.9538     1.4962     1.1051     0.0246      0.012      0.063      0.092        177 1.5652e+03 0.0000e+00
      0.072    28.8790     9.9036    125.383  37.576633     34.753      8.138   260.3702     1.4921     1.0245     0.0246      0.019      0.072      0.104        178 1.4360e+03 0.0000e+00
      0.081    28.8060    10.0221    126.839  37.492754     34.788      8.140   259.0074     1.4760     1.0379     0.0246      0.025      0.080      0.115        179 1.4230e+03 0.0000e+00
      0.089    28.7592     9.9650    126.117  37.548066     34.779      8.142   261.9224     1.5245     1.0379     0.0245      0.029      0.086      0.125        180 1.4825e+03 0.0000e+00
      0.093    28.5768     9.8359    124.491  37.389192     34.829      8.139   257.7959     1.5407     0.9574     0.0245      0.032      0.091      0.132        181 1.4548e+03 0.0000e+00
      0.096    28.2160     9.7070    122.851  36.385495     33.765      8.143   259.1967     1.5771     1.0111     0.0241      0.031      0.095      0.138        182 1.3889e+03 0.0000e+00
      0.103    27.9130     9.5985    121.456  35.860940     33.486      8.147   262.1495     1.5649     1.0916     0.0239      0.028      0.101      0.146        183 1.4221e+03 0.0000e+00
      0.110    27.7397     9.5074    120.290  35.876994     33.694      8.149   262.4524     1.5851     0.9976     0.0239      0.025      0.107      0.155        184 1.3957e+03 0.0000e+00
      0.113    27.6416     9.4304    119.306  35.831821     33.858      8.149   264.7238     1.8075     1.0648     0.0239      0.023      0.111      0.161        185 1.2796e+03 0.0000e+00
      0.116    27.5814     9.3572    118.376  35.828326     33.970      8.155   265.8595     1.8075     0.8634     0.0239      0.021      0.116      0.168        186 1.4017e+03 0.0000e+00
      0.126    27.5278     9.3089    117.741  35.733146     33.926      8.154   260.8245     1.8278     1.0111     0.0239      0.021      0.123      0.179        187 1.3514e+03 0.0000e+00
      0.135    27.4847     9.2784    117.284  35.713060     33.965      8.157   256.2816     1.8075     0.9305     0.0239      0.022      0.132      0.192        188 1.1967e+03 0.0000e+00
      0.144    27.4645     9.2601    116.992  35.734726     33.999      8.155   260.6731     1.8278     1.2125     0.0239      0.025      0.139      0.203        189 1.1910e+03 0.0000e+00
      0.147    27.4645     9.2637    116.975  35.795184     34.108      8.139   261.5438     1.8035     1.1588     0.0239      0.026      0.143      0.209        190 1.0715e+03 0.0000e+00
      0.148    27.4681     9.2706    116.978  35.786130     34.094      8.121   258.6288     1.8035     1.1722     0.0239      0.024      0.144      0.210        191 1.0248e+03 0.0000e+00
      0.147    27.4641     9.2625    116.803  35.775662     34.094      8.114   257.9095     1.8197     1.2931     0.0239      0.022      0.144      0.210        192 1.1181e+03 0.0000e+00
      0.148    27.4543     9.2382    116.440  35.719239     34.038      8.121   260.7488     1.9531     1.1856     0.0239      0.019      0.147      0.213        193 1.2446e+03 0.0000e+00
      0.155    27.4477     9.2150    116.098  35.648743     33.961      8.133   255.9409     1.9491     1.2259     0.0239      0.016      0.152      0.220        194 1.2276e+03 0.0000e+00
      0.162    27.4432     9.2070    115.946  35.715107     34.047      8.132   260.0674     1.9208     1.0916     0.0239      0.014      0.158      0.229        195 1.0581e+03 0.0000e+00
      0.165    27.4415     9.2022    115.847  35.755283     34.078      8.136   255.9031     1.9329     1.0514     0.0239      0.012      0.165      0.239        196 9.7042e+02 0.0000e+00
      0.177    27.4292     9.1982    115.774  35.776693     34.108      8.146   257.3416     1.9733     1.1856     0.0239      0.015      0.176      0.256        197 9.8478e+02 0.0000e+00
      0.197    27.3965     9.1912    115.683  35.718124     34.056      8.162   259.3102     1.9491     1.1185     0.0239      0.022      0.194      0.281        198 8.0452e+02 0.0000e+00
      0.219    27.3667     9.1878    115.652  35.650228     33.983      8.163   258.4017     1.9208     1.1588     0.0239      0.033      0.214      0.311        199 4.8561e+02 0.0000e+00
      0.238    27.3371     9.1784    115.543  35.712906     34.085      8.164   250.3759     1.9531     1.3199     0.0239      0.044      0.238      0.345        200 5.2360e+02 0.0000e+00
      0.273    27.2974     9.1641    115.365  35.640137     34.024      8.164   250.3381     1.9572     1.2796     0.0239      0.059      0.266      0.386        201 6.2121e+02 0.0000e+00
      0.303    27.2617     9.1564    115.269  35.533201     33.936      8.167   250.2623     1.9693     1.2393     0.0238      0.073      0.292      0.424        202 6.4076e+02 0.0000e+00
      0.318    27.2349     9.1635    115.365  35.519768     33.963      8.171   249.9973     1.9652     1.1588     0.0238      0.083      0.312      0.453        203 6.8125e+02 0.0000e+00
      0.336    27.2107     9.1698    115.440  35.538243     33.986      8.180   249.3159     1.9369     1.1991     0.0238      0.090      0.330      0.479        204 5.7192e+02 0.0000e+00
      0.356    27.1863     9.1751    115.442  35.569543     34.057      8.187   250.6788     1.9491     1.1588     0.0238      0.091      0.348      0.504        205 7.4384e+02 0.0000e+00
      0.372    27.1674     9.1710    115.300  35.540144     34.019      8.190   250.2245     2.0138     1.2528     0.0238      0.089      0.364      0.528        206 7.1032e+02 0.0000e+00
      0.385    27.1567     9.1631    115.125  35.515528     34.035      8.194   252.2309     2.0178     1.1588     0.0238      0.083      0.377      0.547        207 6.9825e+02 0.0000e+00
      0.396    27.1550     9.1477    114.852  35.481560     33.993      8.198   251.4738     2.0097     1.1185     0.0238      0.075      0.389      0.564        208 7.6452e+02 0.0000e+00
      0.408    27.1609     9.1353    114.623  35.463795     34.000      8.201   253.6316     1.9895     1.1588     0.0238      0.065      0.399      0.579        209 6.2194e+02 0.0000e+00
      0.417    27.1652     9.1130    114.264  35.478327     34.002      8.202   253.8588     2.0421     1.2393     0.0238      0.057      0.408      0.592        210 8.0857e+02 0.0000e+00
      0.424    27.1663     9.0956    113.974  35.522792     34.051      8.204   251.9281     1.9895     1.2393     0.0238      0.052      0.417      0.604        211 6.4890e+02 0.0000e+00
      0.434    27.1668     9.0890    113.843  35.527087     34.048      8.201   253.9345     2.0097     1.1588     0.0238      0.046      0.425      0.616        212 5.3668e+02 0.0000e+00
      0.441    27.1704     9.0856    113.787  35.532295     34.048      8.200   252.4959     2.0016     1.1588     0.0238      0.041      0.434      0.629        213 5.5527e+02 0.0000e+00
      0.451    27.1672     9.0883    113.787  35.516310     34.047      8.197   252.7231     1.9976     1.1319     0.0238      0.038      0.444      0.645        214 5.2187e+02 0.0000e+00
      0.467    27.1363     9.0850    113.711  35.428351     33.938      8.184   253.7452     2.0138     1.1319     0.0238      0.038      0.459      0.667        215 7.2171e+02 0.0000e+00
      0.486    27.0934     9.0745    113.543  35.404499     33.939      8.186   252.7988     2.0178     1.2259     0.0238      0.041      0.476      0.692        216 8.3512e+02 0.0000e+00
      0.505    27.0558     9.0620    113.330  35.368052     33.906      8.184   255.1081     1.9855     1.1856     0.0238      0.046      0.496      0.720        217 9.5261e+02 0.0000e+00
      0.527    27.0180     9.0287    112.852  35.355093     33.935      8.186   252.4581     2.0542     1.5213     0.0238      0.053      0.518      0.751        218 8.8748e+02 0.0000e+00
      0.552    26.9812     8.9945    112.359  35.302016     33.905      8.180   254.2752     2.1229     1.3602     0.0237      0.062      0.541      0.784        219 6.2522e+02 0.0000e+00
      0.574    26.9437     8.9669    111.917  35.256181     33.877      8.172   255.4866     2.1472     1.4273     0.0237      0.071      0.561      0.814        220 5.9212e+02 0.0000e+00
      0.591    26.9075     8.9650    111.805  35.234209     33.900      8.173   256.3952     2.1472     1.3333     0.0237      0.077      0.578      0.839        221 6.3977e+02 0.0000e+00
      0.604    26.8856     9.0041    112.214  35.181092     33.844      8.167   257.1145     2.1553     1.4005     0.0237      0.079      0.592      0.860        222 5.5520e+02 0.0000e+00
      0.618    26.8768     9.0928    113.152  35.233332     33.948      8.164   255.1459     2.1432     1.3468     0.0237      0.077      0.607      0.881        223 4.8632e+02 0.0000e+00
      0.636    26.8620     9.2174    114.534  35.258186     33.963      8.161   257.1902     2.1270     1.3736     0.0237      0.074      0.624      0.904        224 4.9041e+02 0.0000e+00
      0.654    26.8444     9.3504    116.060  35.239145     33.968      8.153   256.5088     2.1634     1.4945     0.0237      0.071      0.640      0.928        225 4.7519e+02 0.0000e+00
      0.668    26.8263     9.4982    117.807  35.168064     33.898      8.143   258.4017     2.1229     1.3871     0.0237      0.067      0.655      0.950        226 4.3144e+02 0.0000e+00
      0.682    26.7987     9.6506    119.610  35.109395     33.855      8.140   262.7174     2.0704     1.1722     0.0237      0.063      0.669      0.970        227 4.3009e+02 0.0000e+00
      0.697    26.7682     9.7804    121.133  35.045254     33.813      8.135   258.4017     2.0704     1.2662     0.0236      0.061      0.684      0.992        228 4.5795e+02 0.0000e+00
      0.715    26.7350     9.8586    122.043  35.010643     33.777      8.130   258.0231     2.0704     1.2662     0.0236      0.061      0.701      1.017        229 4.8089e+02 0.0000e+00
      0.732    26.6870     9.8438    121.856  35.033855     33.851      8.119   258.4017     2.1027     1.2125     0.0236      0.062      0.717      1.040        230 4.2926e+02 0.0000e+00
      0.746    26.6451     9.7768    121.040  34.957070     33.764      8.112   257.2659     2.2200     1.1856     0.0236      0.062      0.732      1.062        231 4.5106e+02 0.0000e+00
      0.763    26.6025     9.6851    119.861  34.928276     33.796      8.106   257.0388     2.2038     1.1319     0.0236      0.062      0.748      1.085        232 4.9539e+02 0.0000e+00
      0.778    26.5239     9.5981    118.700  34.891767     33.770      8.101   259.5752     2.2079     1.2259     0.0236      0.062      0.763      1.107        233 4.4890e+02 0.0000e+00
      0.794    26.4410     9.5200    117.610  34.824586     33.741      8.095   258.5909     2.2038     1.2528     0.0236      0.062      0.777      1.128        234 4.8729e+02 0.0000e+00
      0.806    26.3823     9.4790    116.998  34.833969     33.795      8.085   258.4774     2.3211     1.1588     0.0236      0.062      0.792      1.148        235 5.1697e+02 0.0000e+00
      0.822    26.3394     9.4938    117.121  34.820814     33.849      8.077   258.0988     2.3292     1.2393     0.0236      0.061      0.808      1.172        236 4.5455e+02 0.0000e+00
      0.844    26.2999     9.5580    117.840  34.900306     33.942      8.071   259.4238     2.3211     1.2259     0.0236      0.061      0.828      1.201        237 4.5604e+02 0.0000e+00
      0.867    26.2609     9.6500    118.894  35.031637     34.133      8.065   260.2188     2.3534     1.2931     0.0237      0.064      0.849      1.232        238 4.9147e+02 0.0000e+00
      0.888    26.2346     9.7433    119.989  34.953965     34.051      8.053   261.2788     2.6082     1.3871     0.0236      0.068      0.867      1.258        239 4.4996e+02 0.0000e+00
      0.898    26.2328     9.8222    120.934  34.878360     34.022      8.038   260.9381     2.5799     1.4273     0.0236      0.069      0.878      1.274        240 4.0210e+02 0.0000e+00
      0.901    26.2375     9.8694    121.494  34.888488     34.040      8.031   258.6667     2.5960     1.3871     0.0236      0.066      0.887      1.286        241 3.9536e+02 0.0000e+00
      0.916    26.2190     9.8795    121.537  34.882058     34.041      8.031   259.7267     2.5718     1.3736     0.0236      0.063      0.900      1.304        242 4.0768e+02 0.0000e+00
      0.935    26.1783     9.8613    121.175  34.767740     33.928      8.036   258.5909     2.5677     1.4005     0.0235      0.062      0.918      1.331        243 4.3126e+02 0.0000e+00
      0.958    26.1212     9.8236    120.595  34.704537     33.859      8.036   258.8938     2.5839     1.4273     0.0235      0.061      0.939      1.362        244 4.1970e+02 0.0000e+00
      0.981    26.0722     9.7663    119.788  34.753129     33.968      8.016   259.3102     2.5920     1.3871     0.0235      0.061      0.958      1.390        245 3.9929e+02 0.0000e+00
      0.991    26.0430     9.6978    118.831  34.796257     34.006      8.001   259.2345     2.5758     1.4810     0.0235      0.061      0.974      1.412        246 3.9331e+02 0.0000e+00
      1.008    26.0093     9.6433    118.061  34.799171     34.094      7.991   260.4838     2.5920     1.3871     0.0236      0.063      0.989      1.434        247 3.8930e+02 0.0000e+00
      1.027    25.9723     9.5989    117.413  34.719868     33.976      7.992   259.4617     2.6527     1.4273     0.0235      0.068      1.006      1.459        248 3.8428e+02 0.0000e+00
      1.043    25.9472     9.5597    116.731  34.805996     34.135      8.001   262.5281     2.6607     1.3602     0.0236      0.071      1.023      1.484        249 3.9849e+02 0.0000e+00
      1.062    25.9353     9.5504    116.412  34.840283     34.160      8.016   262.9445     2.6405     1.3871     0.0236      0.070      1.040      1.509        250 4.2614e+02 0.0000e+00
      1.077    25.9250     9.5752    116.591  34.766182     34.122      8.024   262.2252     2.6648     1.3871     0.0235      0.068      1.055      1.531        251 3.5804e+02 0.0000e+00
      1.090    25.8877     9.6520    117.432  34.779600     34.130      8.035   263.2474     2.7901     1.3871     0.0235      0.065      1.070      1.552        252 3.5333e+02 0.0000e+00
      1.106    25.8266     9.7484    118.485  34.823593     34.192      8.040   262.5659     2.7821     1.4408     0.0236      0.064      1.086      1.574        253 3.6402e+02 0.0000e+00
      1.125    25.7726     9.8310    119.448  34.889381     34.271      8.046   263.4367     2.8023     1.3199     0.0236      0.065      1.102      1.599        254 3.9104e+02 0.0000e+00
      1.141    25.7252     9.8562    119.703  34.816373     34.259      8.051   266.7302     2.7780     1.4542     0.0236      0.064      1.119      1.624        255 3.9505e+02 0.0000e+00
