Data/DataNotYetUploadedToEDI/Raw_CTD/2018_RawDownloads/070218_fcr10.cnv
* Sea-Bird SBE19plus  Data File:
* FileName = C:\DATA\070218_fcr_0002.hex
* Software version 2.6.3.104
* Temperature SN = 7809
* Conductivity SN = 7809
* System UpLoad Time = Jul 03 2018 07:35:52
* <ApplicationData>
* <Seaterm232>
# nquan = 17
# nvalues = 341                         
# units = specified
# name 0 = depFM: Depth [fresh water, m]
# name 1 = tv290C: Temperature [ITS-90, deg C]
# name 2 = sbeox0Mg/L: Oxygen, SBE 43 [mg/l]
# name 3 = sbeox0PS: Oxygen, SBE 43 [% saturation]
# name 4 = c0uS/cm: Conductivity [uS/cm]
# name 5 = specc: Specific Conductance [uS/cm]
# name 6 = ph: pH
# name 7 = orp: Oxidation Reduction Potential [mV]
# name 8 = flECO-AFL: Fluorescence, WET Labs ECO-AFL/FL [mg/m^3]
# name 9 = turbWETntu0: Turbidity, WET Labs ECO [NTU]
# name 10 = sal00: Salinity, Practical [PSU]
# name 11 = dz/dtM: Descent Rate [m/s]
# name 12 = prdM: Pressure, Strain Gauge [db]
# name 13 = prdE: Pressure, Strain Gauge [psi]
# name 14 = scan: Scan Count
# name 15 = par/sat/log: PAR/Logarithmic, Satlantic
# name 16 = flag:  0.000e+00
# span 0 =     -0.505,      2.651       
# span 1 =    18.6184,    35.8475       
# span 2 =    -0.5831,    11.5016       
# span 3 =     -6.280,    129.170       
# span 4 =   1.277918, 176.315919       
# span 5 =      1.095,    201.596       
# span 6 =      6.206,      8.204       
# span 7 = -1240.7455,  1240.2295       
# span 8 =    -0.4326,     8.5079       
# span 9 =    -0.7883,     3.7235       
# span 10 =     0.0150,     0.0972      
# span 11 =     -0.063,      0.163      
# span 12 =     -0.495,      2.595      
# span 13 =     -0.718,      3.765      
# span 14 =          1,        341      
# span 15 = 7.3028e+01, 2.1293e+03      
# span 16 = 0.0000e+00, 0.0000e+00      
# interval = seconds: 0.25
# start_time = Jul 02 2018 16:04:28 [Instrument's time stamp, header]
# bad_flag = -9.990e-29
*END*
[from data line 256]
      1.177    25.6252     9.7993    118.886  35.345300     34.850      8.055   262.2252     3.3239     1.6556     0.0238      0.065      1.155      1.675        257 5.8053e+02 0.0000e+00
      1.195    25.5731     9.7302    117.951  35.896892     35.411      8.049   261.6574     3.2916     1.6690     0.0240      0.066      1.172      1.700        258 4.6417e+02 0.0000e+00
      1.214    25.4813     9.6472    116.862  35.770243     35.361      8.045   261.3167     3.3158     1.4945     0.0240      0.068      1.191      1.727        259 3.4816e+02 0.0000e+00
      1.235    25.3843     9.5695    115.803  35.413962     34.953      8.048   262.1117     3.2956     1.3736     0.0238      0.071      1.210      1.755        260 3.7470e+02 0.0000e+00
      1.251    25.3277     9.5146    114.999  35.480234     35.185      8.043   262.2631     3.3199     1.3871     0.0239      0.071      1.227      1.780        261 3.2874e+02 0.0000e+00
      1.268    25.2808     9.4901    114.577  35.776782     35.447      8.044   264.9131     3.2996     1.4945     0.0239      0.071      1.244      1.805        262 3.6999e+02 0.0000e+00
      1.289    25.2305     9.5159    114.757  36.824456     36.598      8.038   263.1717     3.2996     1.4139     0.0244      0.072      1.263      1.830        263 3.9662e+02 0.0000e+00
      1.304    25.2074     9.5733    115.303  37.260974     37.102      8.027   262.7931     3.2956     1.3602     0.0246      0.071      1.279      1.855        264 3.5511e+02 0.0000e+00
      1.320    25.1866     9.6341    115.906  36.894478     36.642      8.019   262.8688     3.8577     1.7630     0.0244      0.071      1.294      1.877        265 3.0622e+02 0.0000e+00
      1.334    25.1599     9.6998    116.594  37.132276     37.045      8.017   263.6638     3.8900     1.8705     0.0245      0.069      1.309      1.898        266 3.1140e+02 0.0000e+00
      1.349    25.1276     9.7435    117.028  37.054031     36.867      8.016   262.6795     3.8658     1.8839     0.0245      0.066      1.324      1.920        267 3.4981e+02 0.0000e+00
      1.366    25.0842     9.7608    117.160  36.873224     36.775      8.012   261.5817     3.8577     1.8167     0.0244      0.064      1.339      1.942        268 3.5714e+02 0.0000e+00
      1.381    25.0442     9.7748    117.211  36.971722     36.854      8.000   261.3167     3.7768     1.5616     0.0244      0.063      1.355      1.966        269 3.1695e+02 0.0000e+00
      1.399    24.9902     9.7944    117.298  36.901807     36.859      7.984   262.6038     3.7485     1.6288     0.0244      0.063      1.374      1.993        270 3.0197e+02 0.0000e+00
      1.424    24.9248     9.8104    117.380  36.693316     36.636      7.963   262.6795     3.7687     1.6422     0.0243      0.064      1.397      2.027        271 3.0352e+02 0.0000e+00
      1.451    24.8644     9.8153    117.337  36.460065     36.481      7.941   263.5502     3.7808     1.6959     0.0243      0.070      1.422      2.063        272 3.0155e+02 0.0000e+00
      1.476    24.8026     9.8181    117.198  36.213360     36.249      7.923   264.7238     4.1852     1.8436     0.0241      0.076      1.447      2.098        273 2.8869e+02 0.0000e+00
      1.497    24.7346     9.8171    116.922  35.932650     36.040      7.916   264.1560     4.1771     1.7630     0.0240      0.081      1.468      2.129        274 2.7208e+02 0.0000e+00
      1.517    24.6745     9.7886    116.312  35.801045     35.917      7.905   265.4052     4.2135     1.8436     0.0240      0.086      1.487      2.157        275 2.8642e+02 0.0000e+00
      1.534    24.6264     9.7257    115.368  35.902637     36.106      7.899   265.2917     4.2216     1.8167     0.0240      0.087      1.504      2.182        276 2.8091e+02 0.0000e+00
      1.552    24.5849     9.6227    113.850  35.895225     36.122      7.890   269.3803     4.6098     1.8167     0.0240      0.086      1.522      2.208        277 2.8316e+02 0.0000e+00
      1.571    24.5486     9.4955    112.008  35.780641     36.044      7.885   269.7210     4.6219     1.8302     0.0240      0.084      1.541      2.235        278 2.6710e+02 0.0000e+00
      1.591    24.4950     9.3607    110.257  35.896971     36.188      7.876   269.7210     4.6017     1.8167     0.0240      0.080      1.561      2.265        279 2.4302e+02 0.0000e+00
      1.615    24.4279     9.2515    108.929  36.551258     36.862      7.868   272.0681     4.6057     1.8167     0.0243      0.077      1.583      2.297        280 2.4179e+02 0.0000e+00
      1.639    24.3778     9.1930    108.124  37.101857     37.523      7.858   270.8188     4.6704     1.7630     0.0246      0.078      1.606      2.330        281 2.2847e+02 0.0000e+00
      1.660    24.3298     9.1754    107.819  36.932022     37.320      7.852   269.3045     4.6624     1.8167     0.0245      0.080      1.627      2.361        282 2.2546e+02 0.0000e+00
      1.680    24.2513     9.2237    108.240  36.881279     37.358      7.846   270.2510     4.6543     1.8167     0.0245      0.082      1.647      2.389        283 2.2436e+02 0.0000e+00
      1.698    24.1299     9.2995    108.916  37.016732     37.507      7.841   269.8724     4.6583     1.8436     0.0245      0.083      1.664      2.414        284 2.1326e+02 0.0000e+00
      1.712    24.0091     9.3773    109.615  37.000759     37.567      7.837   269.9103     4.6381     1.7899     0.0245      0.081      1.678      2.434        285 2.0991e+02 0.0000e+00
      1.725    23.9134     9.4270    109.911  36.960518     37.602      7.833   270.4403     5.0950     2.0182     0.0245      0.078      1.693      2.454        286 2.1539e+02 0.0000e+00
      1.741    23.7768     9.4123    109.411  36.918570     37.669      7.824   269.8724     5.0788     2.0719     0.0245      0.073      1.708      2.477        287 2.0769e+02 0.0000e+00
      1.760    23.6180     9.3007    107.836  36.667446     37.482      7.814   271.1595     5.0708     2.0047     0.0244      0.068      1.724      2.502        288 1.9723e+02 0.0000e+00
      1.776    23.5414     9.0803    105.044  36.323991     37.216      7.802   270.2131     5.0627     2.0853     0.0242      0.065      1.741      2.525        289 1.9639e+02 0.0000e+00
      1.791    23.5158     8.8093    101.705  36.367304     37.396      7.792   269.9481     5.3781     2.1793     0.0243      0.063      1.757      2.548        290 1.9584e+02 0.0000e+00
      1.808    23.4638     8.5411     98.432  36.346680     37.457      7.777   270.5538     5.4104     2.1927     0.0243      0.062      1.772      2.570        291 1.9159e+02 0.0000e+00
      1.822    23.4121     8.4052     96.735  36.142089     37.213      7.767   270.8945     5.4023     2.1927     0.0242      0.062      1.787      2.592        292 1.9032e+02 0.0000e+00
      1.837    23.3413     8.4461     97.231  36.147394     37.314      7.758   270.5160     5.3983     2.1390     0.0242      0.062      1.803      2.615        293 1.8717e+02 0.0000e+00
      1.856    23.2391     8.6158     99.211  35.954537     37.121      7.749   271.3867     6.5831     2.7030     0.0241      0.063      1.820      2.640        294 1.8321e+02 0.0000e+00
      1.875    23.1350     8.8395    101.632  35.640664     36.858      7.742   270.8188     6.5871     2.5553     0.0240      0.064      1.839      2.668        295 1.7949e+02 0.0000e+00
      1.898    22.9987     9.0577    103.836  35.529659     36.821      7.733   271.3867     6.5993     2.5687     0.0239      0.066      1.862      2.701        296 1.7924e+02 0.0000e+00
      1.926    22.8418     9.2562    105.841  35.232647     36.609      7.726   272.9388     6.5912     2.5956     0.0238      0.071      1.887      2.736        297 1.7678e+02 0.0000e+00
      1.947    22.7066     9.4585    107.957  34.913016     36.335      7.716   272.8631     7.3514     2.8776     0.0237      0.077      1.909      2.769        298 1.7296e+02 0.0000e+00
      1.966    22.5884     9.6741    110.205  34.592927     36.192      7.707   274.1503     7.3352     2.7970     0.0236      0.081      1.927      2.796        299 1.7140e+02 0.0000e+00
      1.983    22.4844     9.8874    112.395  33.970300     35.562      7.696   274.3774     7.3554     2.8507     0.0233      0.083      1.945      2.821        300 1.6733e+02 0.0000e+00
      2.002    22.3885    10.1394    114.944  33.374771     35.092      7.681   276.2324     7.3473     2.7970     0.0230      0.083      1.963      2.848        301 1.6455e+02 0.0000e+00
      2.022    22.3226    10.4395    117.992  33.080304     34.788      7.663   276.3460     8.4593     3.0387     0.0229      0.082      1.982      2.874        302 1.6290e+02 0.0000e+00
      2.038    22.3323    10.7799    121.538  33.328541     35.181      7.642   276.3081     8.4957     3.0790     0.0230      0.079      1.999      2.899        303 1.6123e+02 0.0000e+00
      2.054    22.3452    11.1232    125.177  33.747945     35.646      7.624   279.6774     8.4674     3.0521     0.0232      0.075      2.015      2.923        304 1.5608e+02 0.0000e+00
      2.074    22.2658    11.3740    127.876  33.596307     35.518      7.609   281.3431     8.5079     2.9984     0.0231      0.072      2.034      2.950        305 1.5150e+02 0.0000e+00
      2.095    22.1156    11.4985    129.170  33.072436     34.888      7.595   281.0781     8.4876     3.0118     0.0229      0.071      2.053      2.978        306 1.5061e+02 0.0000e+00
      2.113    21.9829    11.5016    128.956  32.768895     34.681      7.579   278.0496     7.6466     2.9984     0.0228      0.072      2.073      3.007        307 1.4452e+02 0.0000e+00
      2.135    21.8871    11.3923    127.422  32.521034     34.497      7.565   278.0496     7.6829     3.0387     0.0226      0.074      2.094      3.038        308 1.4144e+02 0.0000e+00
      2.159    21.7884    11.1343    124.373  32.254113     34.327      7.558   278.2010     7.6910     3.0924     0.0225      0.076      2.117      3.071        309 1.3997e+02 0.0000e+00
      2.182    21.6767    10.7005    119.306  32.003959     34.127      7.548   278.3903     7.6668     3.1058     0.0224      0.079      2.139      3.102        310 1.3450e+02 0.0000e+00
      2.203    21.5357     9.9637    110.698  31.675929     33.842      7.540   277.7846     6.1423     3.0253     0.0223      0.082      2.160      3.132        311 1.3604e+02 0.0000e+00
      2.222    21.3825     9.0787    100.562  31.446630     33.682      7.533   277.9739     6.1545     3.0118     0.0222      0.084      2.179      3.159        312 1.3627e+02 0.0000e+00
      2.240    21.2545     8.0186     88.719  31.370149     33.695      7.526   278.1253     6.1423     3.0387     0.0221      0.083      2.195      3.184        313 1.3339e+02 0.0000e+00
      2.254    21.1609     6.7776     74.887  31.237432     33.687      7.519   278.0496     6.1625     3.0924     0.0221      0.081      2.209      3.205        314 1.2959e+02 0.0000e+00
      2.266    21.1101     5.4343     59.905  31.167079     33.658      7.513   279.1096     4.2742     3.2133     0.0220      0.076      2.222      3.223        315 1.2322e+02 0.0000e+00
      2.279    21.0675     4.0797     44.893  31.339152     33.970      7.510   278.3524     4.2499     3.2804     0.0221      0.070      2.236      3.243        316 1.2274e+02 0.0000e+00
      2.295    20.9684     2.9532     32.464  31.082635     33.703      7.506   278.0496     4.2661     3.2535     0.0220      0.065      2.252      3.266        317 1.2141e+02 0.0000e+00
      2.314    20.8490     2.0171     22.123  30.003787     32.581      7.502   278.3146     4.2499     3.2938     0.0215      0.062      2.269      3.292        318 1.1660e+02 0.0000e+00
      2.333    20.7784     1.2215     13.363  29.360928     31.861      7.495   278.4660     4.8403     3.2804     0.0212      0.061      2.289      3.319        319 1.1442e+02 0.0000e+00
      2.354    20.6825     0.6771      7.396  30.103689     32.861      7.491   278.1253     4.8039     3.1998     0.0216      0.063      2.309      3.349        320 1.1111e+02 0.0000e+00
      2.377    20.5047     0.2982      3.251  31.599773     34.465      7.480   278.6931     4.8443     3.3072     0.0222      0.067      2.331      3.381        321 1.0680e+02 0.0000e+00
      2.401    20.3547    -0.0244     -0.266  33.814984     37.014      7.473   279.1853     4.8201     3.3475     0.0233      0.073      2.354      3.413        322 1.0413e+02 0.0000e+00
      2.421    20.2929    -0.2201     -2.385  34.196893     37.713      7.458   279.2989     3.8860     3.4818     0.0235      0.078      2.374      3.443        323 1.0172e+02 0.0000e+00
      2.440    20.2245    -0.3995     -4.320  34.475519     37.717      7.444   279.3746     3.9183     3.4281     0.0235      0.081      2.393      3.470        324 9.8688e+01 0.0000e+00
      2.457    20.1083    -0.5020     -5.418  35.158745     39.215      7.424   280.3967     3.8738     3.5355     0.0241      0.082      2.409      3.494        325 9.6345e+01 0.0000e+00
      2.471    20.0201    -0.5824     -6.280  37.736054     41.067      7.400   280.1317     3.8819     3.3744     0.0248      0.080      2.423      3.515        326 9.4796e+01 0.0000e+00
      2.484    19.9604    -0.5831     -6.276  37.615244     42.754      7.375   279.9424     3.8658     3.3878     0.0255      0.076      2.437      3.536        327 9.3358e+01 0.0000e+00
      2.502    19.8471    -0.5821     -6.247  46.166226     49.235      7.342   279.8667     3.3118     3.0387     0.0282      0.071      2.454      3.560        328 9.0930e+01 0.0000e+00
      2.522    19.7175    -0.5351     -5.725  75.781349     85.920      7.309   280.6239     3.2916     3.0924     0.0443      0.068      2.472      3.585        329 8.9263e+01 0.0000e+00
      2.538    19.6343 -9.990e-29 -9.990e-29  88.843298     98.821      7.280   281.0403     3.3199     3.0521     0.0500      0.066      2.489      3.610        330 8.7830e+01 0.0000e+00
      2.555    19.5467 -9.990e-29 -9.990e-29  91.172107    101.400      7.251   279.6017     3.3360     3.0790     0.0512      0.065      2.505      3.634        331 8.4770e+01 0.0000e+00
      2.571    19.4041 -9.990e-29 -9.990e-29 105.806063    119.012      7.216   279.4881     3.3441     2.7701     0.0591      0.064      2.520      3.655        332 8.2626e+01 0.0000e+00
      2.583    19.2530 -9.990e-29 -9.990e-29 114.309520    128.219      7.186   280.4346     3.3967     2.8238     0.0633      0.064      2.534      3.675        333 8.0544e+01 0.0000e+00
      2.598    19.1261 -9.990e-29 -9.990e-29 117.910221    132.705      7.156   280.8131     3.3643     2.8104     0.0653      0.064      2.547      3.694        334 7.9152e+01 0.0000e+00
      2.609    19.0398 -9.990e-29 -9.990e-29 124.460803    140.590      7.127   280.5481     3.3886     2.8507     0.0689      0.061      2.558      3.710        335 7.8598e+01 0.0000e+00
      2.618    18.9830 -9.990e-29 -9.990e-29 130.790120    148.294      7.090   279.7531     3.1298     3.2535     0.0724      0.057      2.567      3.723        336 7.7805e+01 0.0000e+00
      2.625    18.9051 -9.990e-29 -9.990e-29 138.427156    156.869      7.052   280.4724     3.1258     3.2401     0.0764      0.051      2.574      3.733        337 7.7252e+01 0.0000e+00
      2.631    18.7396 -9.990e-29 -9.990e-29 147.921618    168.467      7.011   281.4567     3.1177     3.3341     0.0818      0.046      2.580      3.742        338 7.6513e+01 0.0000e+00
      2.637    18.6184 -9.990e-29 -9.990e-29 160.183533    181.837      6.974   281.1539     3.1379     3.2804     0.0880      0.040      2.586      3.751        339 7.5067e+01 0.0000e+00
      2.644 -9.990e-29 -9.990e-29 -9.990e-29 172.214045    197.639      6.935   281.1917     2.9923     3.6698     0.0953      0.035      2.592      3.760        340 7.3496e+01 0.0000e+00
      2.651 -9.990e-29 -9.990e-29 -9.990e-29 176.315919    201.596      6.895   280.8889     3.0166     3.7235     0.0972      0.031      2.595      3.765        341 7.3028e+01 0.0000e+00
