Data/DataNotYetUploadedToEDI/Raw_CTD/2018_RawDownloads/070218_fcr10.cnv
* Sea-Bird SBE19plus  Data File:
* FileName = C:\DATA\070218_fcr_0002.hex
* Software version 2.6.3.104
* Temperature SN = 7809
* Conductivity SN = 7809
* System UpLoad Time = Jul 03 2018 07:35:52
* <ApplicationData>
* <Seaterm232>
# nquan = 17
# nvalues = 341                         
# units = specified
# name 0 = depFM: Depth [fresh water, m]
# name 1 = tv290C: Temperature [ITS-90, deg C]
# name 2 = sbeox0Mg/L: Oxygen, SBE 43 [mg/l]
# name 3 = sbeox0PS: Oxygen, SBE 43 [% saturation]
# name 4 = c0uS/cm: Conductivity [uS/cm]
# name 5 = specc: Specific Conductance [uS/cm]
# name 6 = ph: pH
# name 7 = orp: Oxidation Reduction Potential [mV]
# name 8 = flECO-AFL: Fluorescence, WET Labs ECO-AFL/FL [mg/m^3]
# name 9 = turbWETntu0: Turbidity, WET Labs ECO [NTU]
# name 10 = sal00: Salinity, Practical [PSU]
# name 11 = dz/dtM: Descent Rate [m/s]
# name 12 = prdM: Pressure, Strain Gauge [db]
# name 13 = prdE: Pressure, Strain Gauge [psi]
# name 14 = scan: Scan Count
# name 15 = par/sat/log: PAR/Logarithmic, Satlantic
# name 16 = flag:  0.000e+00
# span 0 =     -0.505,      2.651       
# span 1 =    18.6184,    35.8475       
# span 2 =    -0.5831,    11.5016       
# span 3 =     -6.280,    129.170       
# span 4 =   1.277918, 176.315919       
# span 5 =      1.095,    201.596       
# span 6 =      6.206,      8.204       
# span 7 = -1240.7455,  1240.2295       
# span 8 =    -0.4326,     8.5079       
# span 9 =    -0.7883,     3.7235       
# span 10 =     0.0150,     0.0972      
# span 11 =     -0.063,      0.163      
# span 12 =     -0.495,      2.595      
# span 13 =     -0.718,      3.765      
# span 14 =          1,        341      
# span 15 = 7.3028e+01, 2.1293e+03      
# span 16 = 0.0000e+00, 0.0000e+00      
# interval = seconds: 0.25
# start_time = Jul 02 2018 16:04:28 [Instrument's time stamp, header]
# bad_flag = -9.990e-29
*END*
[from data line 86]
      0.031    28.1626     7.6465     97.709  37.190770     34.955      8.054   235.0816     1.4921     1.0245     0.0244      0.063      0.029      0.041         87 6.2517e+02 0.0000e+00
      0.031    28.1600     7.5946     97.067  37.071057     34.837      8.053   241.2523     1.5164     1.0379     0.0244      0.061      0.029      0.041         88 6.0166e+02 0.0000e+00
      0.023    28.1738     7.5344     96.332  37.012233     34.803      8.063   236.5580     1.5447     0.9842     0.0244      0.053      0.024      0.036         89 6.4258e+02 0.0000e+00
      0.023    28.1659     7.4593     95.367  37.145348     34.936      8.078   235.4223     1.5649     1.0648     0.0244      0.044      0.024      0.036         90 7.0511e+02 0.0000e+00
      0.031    28.1333     7.3873     94.416  37.201998     34.978      8.086   235.6494     1.5609     0.9842     0.0244      0.034      0.029      0.043         91 7.7162e+02 0.0000e+00
      0.036    28.0997     7.3216     93.542  37.149348     34.932      8.091   236.7094     1.5771     0.9036     0.0244      0.022      0.034      0.050         92 6.7823e+02 0.0000e+00
      0.038    28.0696     7.2674     92.823  37.151555     34.953      8.094   236.7473     1.4921     0.9574     0.0244      0.011      0.036      0.052         93 8.6487e+02 0.0000e+00
      0.034    28.0409     7.2067     92.033  37.199265     35.028      8.092   257.9474     1.5083     0.9439     0.0244      0.005      0.036      0.053         94 1.4410e+03 0.0000e+00
      0.040    28.0226     7.1659     91.505  37.149310     34.995      8.098   259.1588     1.4800     0.9574     0.0244      0.006      0.039      0.058         95 8.2017e+02 0.0000e+00
      0.047    28.0127     7.1680     91.537  37.154420     35.014      8.102   261.8088     1.5043     0.9708     0.0244      0.010      0.044      0.064         96 7.9086e+02 0.0000e+00
      0.046    28.0064     7.1987     91.934  37.192919     35.079      8.097   262.3767     1.4881     0.9708     0.0245      0.012      0.044      0.063         97 1.4797e+03 0.0000e+00
      0.038    28.0186     7.2261     92.282  37.071748     34.954      8.100   261.2409     1.5002     1.0245     0.0244      0.009      0.039      0.057         98 1.0470e+03 0.0000e+00
      0.035    28.0379     7.2296     92.316  36.949306     34.853      8.105   260.1052     1.4800     0.9976     0.0244      0.004      0.037      0.053         99 9.0026e+02 0.0000e+00
      0.039    28.0357     7.1980     91.901  36.900405     34.792      8.107   256.2059     1.5083     0.9305     0.0243      0.001      0.040      0.057        100 9.4870e+02 0.0000e+00
      0.045    28.0170     7.1281     90.999  36.895324     34.778      8.109   256.3574     1.4274     1.2662     0.0243      0.002      0.045      0.064        101 9.8220e+02 0.0000e+00
      0.052    27.9969     7.0253     89.679  36.866644     34.754      8.113   252.3445     1.4194     1.1319     0.0243      0.004      0.050      0.072        102 1.0030e+03 0.0000e+00
      0.056    27.9811     6.9180     88.305  36.965755     34.845      8.116   254.7674     1.4355     1.2125     0.0244      0.005      0.052      0.076        103 7.6439e+02 0.0000e+00
      0.052    27.9714     6.8439     87.353  37.127903     35.043      8.111   254.3509     1.4557     1.1856     0.0244      0.006      0.051      0.073        104 7.0717e+02 0.0000e+00
      0.048    27.9676     6.8134     86.970  37.080097     34.975      8.110   256.7738     1.5447     0.9036     0.0244      0.007      0.048      0.069        105 7.1763e+02 0.0000e+00
      0.047    27.9699     6.8427     87.372  36.995598     34.928      8.102   258.2502     1.5649     0.9976     0.0244      0.007      0.047      0.069        106 7.2368e+02 0.0000e+00
      0.050    27.9733     6.9185     88.350  36.877153     34.799      8.103   258.9695     1.5366     1.0514     0.0243      0.006      0.049      0.071        107 7.2720e+02 0.0000e+00
      0.053    27.9721     7.0244     89.707  36.782612     34.718      8.106   259.3102     1.5649     1.1051     0.0243      0.003      0.051      0.075        108 7.2315e+02 0.0000e+00
      0.054    27.9660     7.1254     90.993  36.846318     34.769      8.112   259.6509     1.6337     0.9305     0.0243      0.001      0.053      0.077        109 7.3006e+02 0.0000e+00
      0.055    27.9590     7.2135     92.102  36.827528     34.769      8.121   260.5217     1.6377     0.9574     0.0243      0.001      0.053      0.077        110 7.2833e+02 0.0000e+00
      0.054    27.9532     7.2558     92.640  36.746677     34.668      8.123   261.3924     1.6175     1.0111     0.0243      0.001      0.053      0.076        111 7.2884e+02 0.0000e+00
      0.053    27.9485     7.2503     92.605  36.768983     34.725      8.112   260.4459     1.6013     1.0111     0.0243      0.003      0.053      0.076        112 7.2123e+02 0.0000e+00
      0.054    27.9450     7.1974     91.956  36.770113     34.703      8.107   261.3545     1.6134     0.8097     0.0243      0.003      0.054      0.077        113 7.1101e+02 0.0000e+00
      0.056    27.9406     7.1075     90.820  36.715615     34.679      8.104   261.6574     1.5649     1.0245     0.0243      0.003      0.055      0.079        114 7.0793e+02 0.0000e+00
      0.057    27.9464     6.9991     89.449  36.747829     34.682      8.106   261.8467     1.5568     0.9439     0.0243      0.002      0.055      0.080        115 7.1842e+02 0.0000e+00
      0.056    27.9626     6.8865     88.008  36.819003     34.790      8.101   254.3509     1.5487     0.9171     0.0243      0.002      0.054      0.078        116 7.3776e+02 0.0000e+00
      0.052    27.9710     6.7791     86.633  36.864315     34.787      8.104   249.1645     1.5649     0.9976     0.0243      0.000      0.051      0.075        117 7.3049e+02 0.0000e+00
      0.050    27.9725     6.6893     85.517  36.899051     34.854      8.107   256.5088     1.7064     1.1453     0.0243     -0.001      0.049      0.071        118 7.3725e+02 0.0000e+00
      0.047    27.9704     6.6050     84.472  36.864746     34.770      8.114   259.3102     1.6984     1.2796     0.0243     -0.002      0.048      0.069        119 7.5150e+02 0.0000e+00
      0.048    27.9608     6.5274     83.486  36.936661     34.874      8.121   253.5938     1.6862     1.1722     0.0244     -0.003      0.049      0.071        120 7.6274e+02 0.0000e+00
      0.054    27.9607     6.4628     82.671  36.957849     34.876      8.127   251.0195     1.6862     1.1319     0.0244     -0.003      0.053      0.077        121 7.7903e+02 0.0000e+00
      0.060    27.9808     6.3995     81.864  36.957016     34.882      8.130   261.6952     1.7024     1.2125     0.0244     -0.001      0.056      0.082        122 1.0133e+03 0.0000e+00
      0.058    27.9973     6.3463     81.161  37.145317     35.068      8.132   262.3388     1.6620     1.1185     0.0244      0.001      0.055      0.081        123 1.3885e+03 0.0000e+00
      0.052    28.0050     6.3044     80.617  37.257386     35.159      8.133   261.8088     1.6701     1.0916     0.0245      0.002      0.051      0.075        124 1.4263e+03 0.0000e+00
      0.047    28.0139     6.2673     80.191  37.262437     35.148      8.134   259.1967     1.6903     1.1588     0.0245      0.001      0.049      0.070        125 1.2227e+03 0.0000e+00
      0.050    28.0130     6.2296     79.738  37.198342     35.091      8.136   259.6131     1.7671     1.0111     0.0245      0.001      0.051      0.073        126 1.1807e+03 0.0000e+00
      0.058    28.0116     6.1872     79.199  37.070209     34.953      8.137   257.0009     1.7590     1.0782     0.0244      0.002      0.056      0.082        127 1.6185e+03 0.0000e+00
      0.065    28.0322     6.1454     78.678  37.006660     34.901      8.136   257.7959     1.7388     0.8902     0.0244      0.003      0.061      0.089        128 2.0496e+03 0.0000e+00
      0.065    28.0528     6.1071     78.190  37.158788     35.034      8.129   259.1967     1.7752     0.9305     0.0244      0.004      0.061      0.089        129 2.1041e+03 0.0000e+00
      0.058    28.0585     6.0688     77.696  37.355440     35.231      8.128   262.4145     1.8156     0.9976     0.0245      0.003      0.056      0.082        130 2.0927e+03 0.0000e+00
      0.049    28.0656     6.0268     77.172  37.384778     35.216      8.125   262.8688     1.8156     1.0245     0.0245      0.002      0.050      0.073        131 2.1168e+03 0.0000e+00
      0.046    28.0679     5.9822     76.626  37.300228     35.161      8.127   262.7174     1.8197     1.0111     0.0245      0.001      0.048      0.070        132 2.0819e+03 0.0000e+00
      0.052    28.0522     5.9423     76.143  37.164056     34.998      8.128   262.4524     1.8156     0.9842     0.0244     -0.001      0.052      0.076        133 2.1293e+03 0.0000e+00
      0.061    28.0488     5.9076     75.725  37.050021     34.917      8.127   262.5281     1.8116     0.9708     0.0244     -0.002      0.060      0.087        134 2.0534e+03 0.0000e+00
      0.070    28.0802     5.8807     75.404  37.056567     34.901      8.126   262.9067     1.8682     0.9305     0.0244      0.000      0.067      0.096        135 1.7021e+03 0.0000e+00
      0.070    28.1016     5.8567     75.118  37.244895     35.116      8.113   263.0960     1.8965     0.9574     0.0245      0.003      0.067      0.096        136 1.6693e+03 0.0000e+00
      0.062    28.1050     5.8319     74.820  37.379186     35.198      8.102   261.8845     1.8763     0.9976     0.0245      0.005      0.062      0.089        137 1.7033e+03 0.0000e+00
      0.056    28.1140     5.8141     74.612  37.363991     35.185      8.106   261.3545     1.8682     0.9976     0.0245      0.006      0.058      0.083        138 1.6664e+03 0.0000e+00
      0.058    28.1160     5.7982     74.429  37.263794     35.077      8.111   261.3167     1.9572     1.0111     0.0245      0.006      0.058      0.084        139 1.6807e+03 0.0000e+00
      0.064    28.1136     5.7822     74.240  37.207275     35.018      8.113   261.9602     1.9288     0.9305     0.0244      0.004      0.062      0.090        140 1.6759e+03 0.0000e+00
      0.067    28.1231     5.7747     74.153  37.256365     35.070      8.112   262.7552     1.9733     1.0245     0.0245      0.002      0.065      0.095        141 1.7096e+03 0.0000e+00
      0.067    28.1420     5.7730     74.134  37.321341     35.124      8.108   263.0960     1.9572     1.0111     0.0245     -0.000      0.065      0.095        142 1.7163e+03 0.0000e+00
      0.065    28.1628     5.7774     74.194  37.423012     35.223      8.111   262.1117     1.8278     0.9574     0.0245     -0.001      0.064      0.094        143 1.7102e+03 0.0000e+00
      0.065    28.1830     5.7914     74.371  37.426431     35.210      8.109   262.5281     1.8278     0.9842     0.0245      0.001      0.064      0.093        144 1.7121e+03 0.0000e+00
      0.066    28.2009     5.8106     74.612  37.435719     35.197      8.111   263.2095     1.8237     1.0111     0.0245      0.004      0.065      0.094        145 1.7019e+03 0.0000e+00
      0.066    28.2173     5.8401     74.980  37.530086     35.288      8.113   263.3231     1.8358     1.0648     0.0246      0.004      0.066      0.095        146 1.7222e+03 0.0000e+00
      0.068    28.2326     5.8828     75.562  37.486942     35.224      8.109   259.6888     1.7388     0.9439     0.0246      0.003      0.067      0.096        147 1.6907e+03 0.0000e+00
      0.069    28.2478     5.9247     76.261  37.489400     35.213      8.108   256.5088     1.7428     0.9842     0.0246      0.001      0.068      0.098        148 1.7557e+03 0.0000e+00
      0.070    28.2631     5.9727     77.128  37.527019     35.256      8.106   257.5309     1.7550     1.1185     0.0246      0.001      0.069      0.100        149 1.7588e+03 0.0000e+00
      0.072    28.2760     6.0120     77.893  37.499439     35.193      8.109   256.3574     1.7388     1.0111     0.0246      0.003      0.071      0.103        150 1.4651e+03 0.0000e+00
      0.074    28.2834     6.0398     78.429  37.612697     35.314      8.108   257.8338     1.8116     1.0111     0.0246      0.004      0.073      0.105        151 1.4792e+03 0.0000e+00
      0.075    28.2863     6.0664     78.905  37.682669     35.358      8.107   255.6002     1.7954     0.9574     0.0246      0.005      0.073      0.106        152 1.5802e+03 0.0000e+00
      0.074    28.2883     6.0779     79.128  37.679298     35.353      8.108   255.1459     1.8075     1.0111     0.0246      0.005      0.073      0.106        153 1.5054e+03 0.0000e+00
      0.075    28.2867     6.0730     79.098  37.735529     35.404      8.106   256.9252     1.8075     0.9305     0.0246      0.005      0.074      0.107        154 1.4841e+03 0.0000e+00
      0.076    28.2818     6.0575     78.890  37.731329     35.402      8.103   257.7959     1.8197     1.0111     0.0246      0.004      0.074      0.108        155 1.4761e+03 0.0000e+00
      0.074    28.2733     6.0278     78.497  37.743843     35.403      8.099   257.6824     1.8399     1.2125     0.0246      0.003      0.072      0.105        156 1.5178e+03 0.0000e+00
      0.069    28.3019     5.9915     78.045  37.838599     35.512      8.101   258.1745     1.8358     1.1453     0.0247      0.001      0.066      0.096        157 1.5896e+03 0.0000e+00
      0.057    28.4189     5.9531     77.578  37.850698     35.517      8.095   258.6288     1.7873     1.1856     0.0247     -0.005      0.057      0.082        158 1.5829e+03 0.0000e+00
      0.048    28.6048     5.9216     77.201  37.847430     35.500      8.092   258.2124     1.7954     1.1051     0.0247     -0.011      0.049      0.071        159 1.5692e+03 0.0000e+00
      0.045    28.7888     5.8839     76.742  37.901965     35.472      8.086   257.0766     1.6539     1.1588     0.0247     -0.016      0.044      0.065        160 1.5850e+03 0.0000e+00
      0.042    28.9218     5.8602     76.439  37.901413     35.350      8.087   258.0988     1.6781     1.1856     0.0247     -0.019      0.042      0.061        161 1.5768e+03 0.0000e+00
      0.042    29.0132     5.8427     76.199  37.907351     35.227      8.091   263.8910     1.6943     1.1319     0.0247     -0.020      0.041      0.059        162 1.5856e+03 0.0000e+00
      0.041    29.0688     5.8299     76.008  37.953806     35.194      8.093   265.6324     1.6984     1.1856     0.0247     -0.020      0.040      0.058        163 1.5816e+03 0.0000e+00
      0.041    29.0915     5.8249     75.889  37.902849     35.081      8.098   266.2760     1.4800     1.0245     0.0247     -0.016      0.040      0.058        164 1.5755e+03 0.0000e+00
      0.041    29.0887     5.8282     75.858  37.911397     35.046      8.099   255.9788     1.5043     1.0111     0.0247     -0.011      0.041      0.059        165 1.5790e+03 0.0000e+00
      0.043    29.0839     5.8479     76.047  37.943140     35.082      8.102   262.5659     1.4881     1.0379     0.0247     -0.006      0.041      0.060        166 1.5752e+03 0.0000e+00
      0.043    29.0996     5.8680     76.236  37.922654     35.033      8.106   263.2095     1.4921     0.9574     0.0247     -0.002      0.041      0.060        167 1.5783e+03 0.0000e+00
      0.040    29.1228     5.8898     76.428  37.996211     35.140      8.111   261.3545     1.4840     1.0379     0.0247     -0.001      0.039      0.057        168 1.5840e+03 0.0000e+00
      0.038    29.1490     5.9013     76.474  37.970241     35.078      8.118   264.0045     1.4921     1.0648     0.0247     -0.001      0.037      0.053        169 1.5766e+03 0.0000e+00
      0.035    29.1721     5.8871     76.233  37.954966     35.063      8.119   262.9067     1.4800     1.0648     0.0247     -0.003      0.035      0.050        170 1.5743e+03 0.0000e+00
