Data/DataNotYetUploadedToEDI/Raw_CTD/2018_RawDownloads/070218_fcr10.cnv
* Sea-Bird SBE19plus  Data File:
* FileName = C:\DATA\070218_fcr_0002.hex
* Software version 2.6.3.104
* Temperature SN = 7809
* Conductivity SN = 7809
* System UpLoad Time = Jul 03 2018 07:35:52
* <ApplicationData>
* <Seaterm232>
# nquan = 17
# nvalues = 341                         
# units = specified
# name 0 = depFM: Depth [fresh water, m]
# name 1 = tv290C: Temperature [ITS-90, deg C]
# name 2 = sbeox0Mg/L: Oxygen, SBE 43 [mg/l]
# name 3 = sbeox0PS: Oxygen, SBE 43 [% saturation]
# name 4 = c0uS/cm: Conductivity [uS/cm]
# name 5 = specc: Specific Conductance [uS/cm]
# name 6 = ph: pH
# name 7 = orp: Oxidation Reduction Potential [mV]
# name 8 = flECO-AFL: Fluorescence, WET Labs ECO-AFL/FL [mg/m^3]
# name 9 = turbWETntu0: Turbidity, WET Labs ECO [NTU]
# name 10 = sal00: Salinity, Practical [PSU]
# name 11 = dz/dtM: Descent Rate [m/s]
# name 12 = prdM: Pressure, Strain Gauge [db]
# name 13 = prdE: Pressure, Strain Gauge [psi]
# name 14 = scan: Scan Count
# name 15 = par/sat/log: PAR/Logarithmic, Satlantic
# name 16 = flag:  0.000e+00
# span 0 =     -0.505,      2.651       
# span 1 =    18.6184,    35.8475       
# span 2 =    -0.5831,    11.5016       
# span 3 =     -6.280,    129.170       
# span 4 =   1.277918, 176.315919       
# span 5 =      1.095,    201.596       
# span 6 =      6.206,      8.204       
# span 7 = -1240.7455,  1240.2295       
# span 8 =    -0.4326,     8.5079       
# span 9 =    -0.7883,     3.7235       
# span 10 =     0.0150,     0.0972      
# span 11 =     -0.063,      0.163      
# span 12 =     -0.495,      2.595      
# span 13 =     -0.718,      3.765      
# span 14 =          1,        341      
# span 15 = 7.3028e+01, 2.1293e+03      
# span 16 = 0.0000e+00, 0.0000e+00      
# interval = seconds: 0.25
# start_time = Jul 02 2018 16:04:28 [Instrument's time stamp, header]
# bad_flag = -9.990e-29
*END*
     -0.505    35.1955     6.2821     91.263   1.277918      1.095      6.302 -1240.7455    -0.1455    -0.6674     0.0150      0.000     -0.495     -0.718          1 2.0183e+03 0.0000e+00
     -0.504    35.2025     6.2746     91.177   1.651431      1.304      6.298 -1240.7455    -0.1860    -0.7346     0.0150      0.000     -0.495     -0.718          2 2.0441e+03 0.0000e+00
     -0.505    35.2130     6.2615     91.018   4.046776      3.366      6.307 -1240.7455    -0.1738    -0.6943     0.0152      0.000     -0.495     -0.718          3 2.0147e+03 0.0000e+00
     -0.505    35.2423     6.2507     90.896   6.232300      5.243      6.312 -1240.7455    -0.1334    -0.7480     0.0156      0.000     -0.495     -0.718          4 2.0326e+03 0.0000e+00
     -0.505    35.3112     6.2310     90.645   6.423117      5.288      6.318 -1240.7455    -0.1536    -0.7748     0.0156      0.000     -0.495     -0.718          5 1.3670e+03 0.0000e+00
     -0.504    35.3961     6.2234     90.569   6.119040      5.124      6.290 -1240.7455    -0.1738    -0.6674     0.0156      0.000     -0.495     -0.718          6 7.0128e+02 0.0000e+00
     -0.505    35.4641     6.2097     90.401   5.811155      4.771      6.206 -1240.7455    -0.1617    -0.6809     0.0155     -0.000     -0.495     -0.718          7 8.7973e+02 0.0000e+00
     -0.505    35.5129     6.1996     90.269   5.799417      4.833      6.367 -1240.7455    -0.1738    -0.7346     0.0155     -0.000     -0.495     -0.718          8 9.9691e+02 0.0000e+00
     -0.505    35.5458     6.1897     90.143   5.659831      4.666      6.408 -1240.7455    -0.1860    -0.7614     0.0155     -0.000     -0.495     -0.718          9 1.4416e+03 0.0000e+00
     -0.505    35.5664     6.1872     90.130   5.422222      4.478      6.392 -1240.7455    -0.1779    -0.7748     0.0155     -0.000     -0.495     -0.718         10 1.3584e+03 0.0000e+00
     -0.504    35.5811     6.1791     90.030   5.473250      4.522      6.378 -1240.7455    -0.1617    -0.7211     0.0155      0.000     -0.495     -0.717         11 1.1206e+03 0.0000e+00
     -0.504    35.5964     6.1806     90.064   5.418651      4.474      6.362 -1240.7455    -0.1779    -0.7346     0.0155      0.000     -0.494     -0.716         12 1.0773e+03 0.0000e+00
     -0.504    35.6168     6.1794     90.057   5.371717      4.427      6.355 -1240.7455    -0.1577    -0.7346     0.0155      0.000     -0.494     -0.716         13 8.3532e+02 0.0000e+00
     -0.504    35.6415     6.1779     90.042   5.353982      4.426      6.357 -1240.7455    -0.1698    -0.7480     0.0155      0.001     -0.494     -0.717         14 7.6955e+02 0.0000e+00
     -0.504    35.6653     6.1830     90.121   5.233435      4.309      6.353 -1240.7455    -0.1617    -0.7883     0.0155      0.001     -0.494     -0.717         15 6.1460e+02 0.0000e+00
     -0.504    35.6891     6.1827     90.122   5.047941      4.170      6.348 -1240.7455    -0.1738    -0.7748     0.0155      0.001     -0.494     -0.717         16 8.6731e+02 0.0000e+00
     -0.504    35.7095     6.1905     90.238   4.696472      3.869      6.349 -1240.7455    -0.1819    -0.3452     0.0154      0.000     -0.494     -0.717         17 1.0649e+03 0.0000e+00
     -0.504    35.7202     6.1915     90.255   4.427150      3.638      6.345 -1240.7455    -0.1496    -0.2512     0.0154      0.000     -0.494     -0.717         18 1.0626e+03 0.0000e+00
     -0.504    35.7325     6.1943     90.299   4.376326      3.613      6.349 -1240.7455    -0.1496    -0.2512     0.0154     -0.000     -0.494     -0.717         19 9.8959e+02 0.0000e+00
     -0.505    35.7484     6.2013     90.405   4.285946      3.521      6.352 -1240.7455    -0.1536    -0.3989     0.0154     -0.000     -0.494     -0.717         20 6.3116e+02 0.0000e+00
     -0.504    35.7602     6.2029     90.436   3.977024      3.290      6.354 -1240.7455    -0.1738    -0.2109     0.0153     -0.000     -0.494     -0.717         21 6.2267e+02 0.0000e+00
     -0.504    35.7691     6.2053     90.479   3.665193      2.991      6.356 -1240.7455    -0.1819    -0.2780     0.0153     -0.000     -0.494     -0.717         22 6.5868e+02 0.0000e+00
     -0.504    35.7757     6.2111     90.575   3.548831      2.945      6.360 -1240.7455    -0.1658    -0.3049     0.0153      0.000     -0.494     -0.716         23 6.8971e+02 0.0000e+00
     -0.504    35.7806     6.2139     90.632   3.292762      2.692      6.360 -1240.7455    -0.1617    -0.2914     0.0152      0.000     -0.494     -0.716         24 1.0261e+03 0.0000e+00
     -0.504    35.7839     6.2372     90.883   3.273240      2.691      6.350 -1240.7455    -0.1738    -0.3183     0.0152      0.000     -0.494     -0.716         25 1.1314e+03 0.0000e+00
     -0.504    35.7878     6.3743     91.091   3.513906      2.898      6.355 -1240.7455    -0.1738    -0.3989     0.0153      0.000     -0.494     -0.716         26 1.1502e+03 0.0000e+00
     -0.504    35.7884     6.5749     91.472   3.467007      2.852      6.366 -1240.7455    -0.1698    -0.2512     0.0153      0.000     -0.494     -0.717         27 1.1686e+03 0.0000e+00
     -0.504    35.7924     6.7136     91.625   3.420434      2.806      6.375 -1240.7455    -0.1819    -0.2109     0.0153      0.000     -0.494     -0.717         28 1.2085e+03 0.0000e+00
     -0.504    35.7913     6.8285     91.845   3.186944      2.645      6.378 -1240.7455    -0.1577    -0.3049     0.0152      0.000     -0.494     -0.717         29 1.2857e+03 0.0000e+00
     -0.504    35.7991     6.9248     92.018   3.165397      2.553      6.379 -1240.7455    -0.1496    -0.0497     0.0152      0.000     -0.494     -0.717         30 1.3907e+03 0.0000e+00
     -0.504    35.7950     6.9953     92.092   2.943895      2.507      6.381 -1240.7455    -0.1981    -0.0900     0.0152     -0.000     -0.494     -0.718         31 1.4651e+03 0.0000e+00
     -0.505    35.8146     7.0542     92.288   3.255336      2.530      6.383 -1240.7455    -0.1779    -0.0229     0.0152     -0.000     -0.494     -0.718         32 1.5914e+03 0.0000e+00
     -0.504    35.7999     7.0979     92.534   2.748205      2.507      6.384 -1240.7455    -0.1496    -0.1034     0.0152     -0.000     -0.494     -0.717         33 1.5983e+03 0.0000e+00
     -0.504    35.8475     7.1370     92.852   3.989538      2.851      6.387 -1240.7455    -0.4286     0.8499     0.0153     -0.000     -0.494     -0.717         34 1.6570e+03 0.0000e+00
     -0.505    35.7225     7.1636     93.085   3.635149      3.676      6.386 -1240.7455    -0.4165     0.7291     0.0154     -0.000     -0.493     -0.715         35 1.2766e+03 0.0000e+00
     -0.504    34.5766     7.1802     93.228   5.558029      3.515      6.373 -1240.7455    -0.4326     0.7022     0.0154     -0.000     -0.478     -0.693         36 8.3023e+02 0.0000e+00
     -0.450    32.9676     7.1971     93.420  14.510282     13.026      6.506 -1240.7455    -0.4326     0.7559     0.0180      0.014     -0.436     -0.633         37 1.6766e+03 0.0000e+00
     -0.383    31.8161     7.2026     93.537  25.435069     20.106      6.820  1240.2295     2.0825     1.0245     0.0202      0.043     -0.379     -0.550         38 1.8642e+03 0.0000e+00
     -0.326    30.9590     7.2088     93.645  38.165488     34.238      7.259   129.6113     2.0866     0.9305     0.0252      0.078     -0.328     -0.475         39 1.7647e+03 0.0000e+00
     -0.293    30.2515     7.2161     93.732  39.848360     34.237      7.541   150.9249     2.0946     0.9439     0.0250      0.110     -0.290     -0.420         40 1.6019e+03 0.0000e+00
     -0.266    29.7115     7.2190     93.750  37.543457     34.063      7.694   158.2314     2.0542     0.9976     0.0247      0.135     -0.260     -0.377         41 9.8905e+02 0.0000e+00
     -0.237    29.3513     7.2224     93.782  37.801277     33.867      7.750   171.8600    -0.2911     3.5355     0.0245      0.152     -0.228     -0.332         42 1.2435e+03 0.0000e+00
     -0.194    29.1472     7.2211     93.797  37.155017     34.150      7.704   174.8886    -0.2830     3.4952     0.0245      0.163     -0.193     -0.280         43 1.9012e+03 0.0000e+00
     -0.160    29.0294     7.2149     93.781  37.754784     34.609      7.722   174.6993    -0.3235     3.4415     0.0246      0.163     -0.162     -0.235         44 1.7784e+03 0.0000e+00
     -0.143    28.9591     7.2064     93.725  37.648270     34.841      7.781   180.1886    -0.3235     3.4818     0.0246      0.145     -0.142     -0.206         45 7.9010e+02 0.0000e+00
     -0.132    28.9140     7.2004     93.651  37.910552     35.021      7.840   185.2236    -0.2790     3.3744     0.0247      0.124     -0.128     -0.186         46 5.0514e+02 0.0000e+00
     -0.116    28.8996     7.2052     93.652  37.903013     35.169      7.858   190.1829     1.1767     1.0111     0.0247      0.108     -0.114     -0.165         47 5.8841e+02 0.0000e+00
     -0.100    28.9245     7.2073     93.569  37.954299     35.147      7.885   193.2872     1.1727     1.0514     0.0247      0.097     -0.100     -0.145         48 5.5401e+02 0.0000e+00
     -0.091    28.9420     7.2147     93.530  38.054379     35.339      7.900   197.3379     1.1767     0.9305     0.0248      0.085     -0.090     -0.130         49 5.9923e+02 0.0000e+00
     -0.084    28.9373     7.2074     93.265  38.075083     35.269      7.908   200.0636     1.1565     0.9976     0.0247      0.070     -0.082     -0.119         50 5.5493e+02 0.0000e+00
     -0.076    28.9250     6.9637     89.913  38.136153     35.362      7.909   202.0322     1.2455     0.9305     0.0248      0.055     -0.077     -0.112         51 5.5683e+02 0.0000e+00
     -0.076    28.9183     6.8675     88.463  38.185999     35.391      7.912   205.1744     1.2414     0.9708     0.0248      0.043     -0.075     -0.109         52 5.4188e+02 0.0000e+00
     -0.077    28.9380     7.0291     90.341  38.161356     35.373      7.904   209.1115     1.2414     1.0379     0.0248      0.035     -0.076     -0.110         53 5.3428e+02 0.0000e+00
     -0.080    28.9767     7.2365     92.822  38.315130     35.533      7.906   210.8908     1.2738     0.9708     0.0248      0.025     -0.079     -0.114         54 5.2658e+02 0.0000e+00
     -0.084    29.0095     7.4185     95.004  38.439550     35.623      7.917   212.4808     1.4315     0.9305     0.0249      0.015     -0.080     -0.117         55 5.2693e+02 0.0000e+00
     -0.083    29.0125     7.5588     96.675  38.421768     35.598      7.927   214.6387     1.4396     0.9708     0.0249      0.006     -0.078     -0.114         56 5.1950e+02 0.0000e+00
     -0.074    28.9747     7.6386     97.587  38.366904     35.498      7.939   216.3422     1.4234     1.1319     0.0249      0.003     -0.073     -0.105         57 5.0877e+02 0.0000e+00
     -0.066    28.9080     7.6129     97.191  38.240859     35.419      7.948   217.1751     1.4113     1.0648     0.0248      0.004     -0.065     -0.094         58 5.0416e+02 0.0000e+00
     -0.059    28.8250     7.5170     95.942  37.926082     35.107      7.962   218.1594     1.6822     0.9976     0.0247      0.006     -0.058     -0.084         59 4.9708e+02 0.0000e+00
     -0.053    28.7211     7.3387     93.635  37.601881     34.891      7.977   221.3015     1.6943     0.9036     0.0246      0.012     -0.052     -0.076         60 4.8993e+02 0.0000e+00
     -0.048    28.5955     7.1644     91.368  37.339290     34.659      7.985   222.4751     1.7105     0.9708     0.0245      0.017     -0.049     -0.071         61 4.8959e+02 0.0000e+00
     -0.049    28.4623     7.0438     89.790  37.185148     34.622      7.988   222.8915     1.6862     1.0379     0.0244      0.020     -0.049     -0.071         62 4.9285e+02 0.0000e+00
     -0.053    28.3341     6.9846     89.243  37.111582     34.600      7.991   223.9894     1.4234     0.9439     0.0244      0.019     -0.053     -0.076         63 5.0969e+02 0.0000e+00
     -0.059    28.2221     6.9729     89.241  36.986010     34.607      7.992   224.7087     1.4315     0.9976     0.0244      0.013     -0.054     -0.079         64 5.2216e+02 0.0000e+00
     -0.053    28.1308     7.0264     89.919  36.866935     34.533      7.998   225.8823     1.4355     0.9842     0.0243      0.008     -0.047     -0.069         65 5.2735e+02 0.0000e+00
     -0.031    28.0572     7.0895     90.660  36.755623     34.554      8.009   226.6394     1.4436     1.0379     0.0243      0.009     -0.034     -0.050         66 5.3435e+02 0.0000e+00
     -0.022    27.9935     7.1124     90.904  36.887318     34.665      7.995   228.0780     1.4355     1.0648     0.0243      0.013     -0.028     -0.041         67 5.3359e+02 0.0000e+00
     -0.033    27.9561     7.0829     90.832  37.029344     34.951      7.980   227.7751     1.4274     1.0111     0.0244      0.012     -0.035     -0.051         68 5.2985e+02 0.0000e+00
     -0.050    27.9374     7.0143     90.183  36.786530     34.650      7.984   228.3809     1.4194     0.9574     0.0243      0.008     -0.048     -0.070         69 5.2579e+02 0.0000e+00
     -0.064    27.9240     6.9699     89.657  36.625998     34.623      8.003   231.3716     1.4194     0.9305     0.0243      0.002     -0.062     -0.090         70 5.2790e+02 0.0000e+00
     -0.076    27.8897     6.9601     89.498  36.635957     34.553      8.027   233.7566     1.4315     1.0379     0.0242     -0.007     -0.076     -0.110         71 5.3543e+02 0.0000e+00
     -0.092    27.8775     6.9403     89.176  37.130062     35.093      8.034   233.6809     1.4032     0.9842     0.0244     -0.019     -0.091     -0.131         72 5.3963e+02 0.0000e+00
     -0.109    27.9976     6.9023     88.600  37.909327     35.824      8.031   234.7030     1.3425     1.0648     0.0247     -0.035     -0.109     -0.158         73 5.5778e+02 0.0000e+00
     -0.136    28.0925     6.8638     88.039  37.979674     35.947      8.034   235.0437     1.3668     1.0245     0.0248     -0.054     -0.129     -0.187         74 5.7467e+02 0.0000e+00
     -0.151    28.0928     6.8759     88.181  37.339112     35.199      8.036   235.6494     1.3385     0.9842     0.0245     -0.063     -0.139     -0.202         75 5.7776e+02 0.0000e+00
     -0.138    28.0423     6.8992     88.447  36.956496     34.794      8.045   234.8544     1.4396     0.8768     0.0244     -0.059     -0.133     -0.192         76 5.8357e+02 0.0000e+00
     -0.116    28.0302     6.9062     88.494  37.328703     35.140      8.051   234.6652     1.4355     1.0111     0.0245     -0.044     -0.116     -0.168         77 5.8432e+02 0.0000e+00
     -0.101    28.2019     6.8708     88.034  37.884345     35.720      8.055   234.9302     1.4315     0.9439     0.0247     -0.027     -0.101     -0.146         78 5.7880e+02 0.0000e+00
     -0.092    28.3543     6.8149     87.343  38.014982     35.846      8.056   235.3466     1.3910     0.8902     0.0248     -0.007     -0.089     -0.129         79 5.7611e+02 0.0000e+00
     -0.078    28.3806     6.8659     87.982  37.670342     35.403      8.058   234.5137     1.4032     1.2259     0.0246      0.014     -0.076     -0.111         80 5.7592e+02 0.0000e+00
     -0.062    28.3625     7.0635     90.463  37.453022     35.071      8.060   234.4380     1.3951     1.1856     0.0245      0.034     -0.064     -0.092         81 5.7689e+02 0.0000e+00
     -0.055    28.3186     7.3066     93.520  37.514195     35.156      8.057   233.9459     1.3587     1.1588     0.0246      0.048     -0.054     -0.078         82 5.7595e+02 0.0000e+00
     -0.048    28.2630     7.4864     95.771  37.445888     35.065      8.057   234.1352     1.3547     1.1319     0.0245      0.052     -0.043     -0.063         83 5.6658e+02 0.0000e+00
     -0.030    28.2214     7.5798     96.916  37.300755     34.989      8.063   233.8702     1.4840     1.1319     0.0245      0.050     -0.025     -0.036         84 5.7009e+02 0.0000e+00
      0.001    28.2101     7.6246     97.457  37.101633     34.816      8.074   234.7409     1.4800     0.9574     0.0244      0.052     -0.001     -0.001         85 6.0273e+02 0.0000e+00
