Data/DataNotYetUploadedToEDI/Raw_CTD/2018_RawDownloads/071618_fcr50.cnv
* Sea-Bird SBE19plus  Data File:
* FileName = C:\DATA\071618_fcr_0003.hex
* Software version 2.6.3.104
* Temperature SN = 7809
* Conductivity SN = 7809
* System UpLoad Time = Jul 16 2018 10:03:00
* <ApplicationData>
* <Seaterm232>
# nquan = 17
# nvalues = 1286                        
# units = specified
# name 0 = depFM: Depth [fresh water, m]
# name 1 = tv290C: Temperature [ITS-90, deg C]
# name 2 = sbeox0Mg/L: Oxygen, SBE 43 [mg/l]
# name 3 = sbeox0PS: Oxygen, SBE 43 [% saturation]
# name 4 = c0uS/cm: Conductivity [uS/cm]
# name 5 = specc: Specific Conductance [uS/cm]
# name 6 = ph: pH
# name 7 = orp: Oxidation Reduction Potential [mV]
# name 8 = flECO-AFL: Fluorescence, WET Labs ECO-AFL/FL [mg/m^3]
# name 9 = turbWETntu0: Turbidity, WET Labs ECO [NTU]
# name 10 = sal00: Salinity, Practical [PSU]
# name 11 = dz/dtM: Descent Rate [m/s]
# name 12 = prdM: Pressure, Strain Gauge [db]
# name 13 = prdE: Pressure, Strain Gauge [psi]
# name 14 = scan: Scan Count
# name 15 = par/sat/log: PAR/Logarithmic, Satlantic
# name 16 = flag:  0.000e+00
# span 0 =     -0.553,      9.539       
# span 1 =    11.4157,    27.4294       
# span 2 =     2.4765,    14.7266       
# span 3 =     23.429,    174.247       
# span 4 =  -0.156101,  46.112581       
# span 5 =      0.838,     48.091       
# span 6 =      5.316,      8.861       
# span 7 = -1240.7455,  1240.2295       
# span 8 =    -0.2385,    10.3558       
# span 9 =    -0.3452,    49.0831       
# span 10 =     0.0125,     0.0280      
# span 11 =     -0.017,      0.160      
# span 12 =     -0.542,      9.353      
# span 13 =     -0.786,     13.566      
# span 14 =          1,       1286      
# span 15 = 1.2336e-01, 9.9134e+02      
# span 16 = 0.0000e+00, 0.0000e+00      
# interval = seconds: 0.25
# start_time = Jul 16 2018 13:45:00 [Instrument's time stamp, header]
# bad_flag = -9.990e-29
*END*
[from data line 426]
      0.019    27.4067     8.7111    110.138  37.357739     35.652      8.241   236.3309     1.7631     0.8768     0.0245      0.000      0.018      0.027        427 8.9897e+02 0.0000e+00
      0.018    27.4070     8.7328    110.412  37.335618     35.598      8.242   236.6337     1.7590     0.8097     0.0245     -0.000      0.018      0.027        428 8.9970e+02 0.0000e+00
      0.019    27.4071     8.7598    110.752  37.349281     35.651      8.240   237.7694     1.7590     0.8231     0.0245     -0.000      0.018      0.027        429 9.0015e+02 0.0000e+00
      0.018    27.4070     8.7627    110.789  37.340736     35.598      8.243   237.8452     1.7590     0.9708     0.0245     -0.000      0.018      0.026        430 9.0194e+02 0.0000e+00
      0.018    27.4074     8.7470    110.590  37.405572     35.704      8.241   235.3466     1.7711     0.7828     0.0246     -0.000      0.018      0.026        431 9.0286e+02 0.0000e+00
      0.019    27.4076     8.7281    110.351  37.387232     35.651      8.240   235.4980     1.7145     0.8768     0.0245     -0.000      0.018      0.026        432 9.0338e+02 0.0000e+00
      0.019    27.4076     8.7231    110.288  37.363559     35.651      8.244   235.8766     1.6741     0.8097     0.0245     -0.000      0.019      0.027        433 9.0549e+02 0.0000e+00
      0.019    27.4080     8.6817    109.766  37.375713     35.651      8.245   235.7630     1.7064     0.7962     0.0245      0.000      0.019      0.027        434 9.0672e+02 0.0000e+00
      0.019    27.4080     8.6608    109.501  37.372107     35.651      8.242   237.2016     1.7064     0.9036     0.0245      0.000      0.018      0.026        435 9.0937e+02 0.0000e+00
      0.018    27.4081     8.6248    109.047  37.368047     35.650      8.244   235.3844     1.7590     0.9305     0.0245      0.000      0.018      0.026        436 9.1183e+02 0.0000e+00
      0.018    27.4083     8.6232    109.025  37.321444     35.597      8.243   235.6494     1.7671     0.9305     0.0245     -0.000      0.018      0.026        437 9.1418e+02 0.0000e+00
      0.019    27.4079     8.6260    109.060  37.311461     35.597      8.241   235.4602     1.7752     0.8097     0.0245      0.000      0.018      0.026        438 9.1697e+02 0.0000e+00
      0.019    27.4080     8.6303    109.116  37.321151     35.597      8.244   235.8387     1.7631     0.8231     0.0245      0.000      0.018      0.026        439 9.1719e+02 0.0000e+00
      0.019    27.4080     8.6367    109.196  37.309385     35.597      8.245   236.0659     1.7752     0.8634     0.0245     -0.000      0.018      0.026        440 9.1898e+02 0.0000e+00
      0.019    27.4076     8.6474    109.331  37.326103     35.597      8.245   236.4066     1.8399     0.8365     0.0245     -0.000      0.018      0.026        441 9.2155e+02 0.0000e+00
      0.019    27.4078     8.6622    109.517  37.359667     35.650      8.244   236.6337     1.8358     0.9036     0.0245      0.000      0.018      0.026        442 9.2249e+02 0.0000e+00
      0.018    27.4079     8.6617    109.511  37.326937     35.597      8.244   236.5202     1.8156     0.8499     0.0245      0.000      0.018      0.026        443 9.2653e+02 0.0000e+00
      0.018    27.4080     8.6670    109.578  37.366836     35.650      8.244   236.4444     1.8075     0.7022     0.0245     -0.000      0.018      0.026        444 9.2931e+02 0.0000e+00
      0.019    27.4080     8.6627    109.524  37.369334     35.650      8.241   235.9902     1.7469     0.8097     0.0245     -0.000      0.018      0.026        445 9.2886e+02 0.0000e+00
      0.019    27.4081     8.6639    109.539  37.323827     35.597      8.242   236.1794     1.7388     0.8231     0.0245     -0.000      0.018      0.026        446 9.3226e+02 0.0000e+00
      0.019    27.4081     8.6525    109.395  37.364147     35.650      8.242   238.1859     1.7671     0.9305     0.0245     -0.000      0.018      0.026        447 9.3562e+02 0.0000e+00
      0.019    27.4080     8.6366    109.194  37.319156     35.597      8.241   237.6937     1.7752     0.7828     0.0245      0.000      0.018      0.026        448 9.3673e+02 0.0000e+00
      0.018    27.4082     8.6237    109.031  37.261178     35.544      8.243   237.6559     1.7550     0.8902     0.0245      0.000      0.018      0.026        449 9.3995e+02 0.0000e+00
      0.019    27.4079     8.6146    108.915  37.317660     35.597      8.241   236.5959     1.7590     0.8902     0.0245      0.000      0.018      0.027        450 9.4288e+02 0.0000e+00
      0.019    27.4076     8.6165    108.941  37.367505     35.650      8.242   236.7473     1.7550     0.9171     0.0245      0.000      0.018      0.027        451 9.4480e+02 0.0000e+00
      0.019    27.4074     8.6187    108.967  37.377108     35.650      8.241   236.6716     1.7590     0.8768     0.0245      0.000      0.018      0.027        452 9.4780e+02 0.0000e+00
      0.018    27.4075     8.6161    108.934  37.365030     35.651      8.240   239.2837     1.7590     0.7425     0.0245     -0.000      0.018      0.026        453 9.5073e+02 0.0000e+00
      0.018    27.4075     8.6228    109.019  37.323214     35.597      8.242   238.6402     1.7509     0.8097     0.0245     -0.000      0.018      0.026        454 9.5165e+02 0.0000e+00
      0.019    27.4074     8.6360    109.186  37.310506     35.597      8.245   238.7916     1.7590     0.8499     0.0245      0.000      0.018      0.026        455 9.5346e+02 0.0000e+00
      0.018    27.4075     8.6487    109.347  37.321526     35.597      8.241   238.8295     1.7590     0.7828     0.0245     -0.000      0.018      0.026        456 9.5665e+02 0.0000e+00
      0.019    27.4074     8.6544    109.419  37.309500     35.597      8.242   237.6937     1.7590     0.7828     0.0245     -0.000      0.018      0.026        457 9.5804e+02 0.0000e+00
      0.018    27.4073     8.6666    109.574  37.325472     35.597      8.244   237.1637     1.7671     0.9036     0.0245     -0.000      0.018      0.026        458 9.6077e+02 0.0000e+00
      0.019    27.4073     8.6777    109.716  37.360970     35.651      8.243   239.9273     1.7671     0.8768     0.0245     -0.000      0.018      0.026        459 9.6343e+02 0.0000e+00
      0.019    27.4075     8.6773    109.710  37.324644     35.598      8.241   239.9652     1.7590     0.9574     0.0245      0.000      0.019      0.027        460 9.6383e+02 0.0000e+00
      0.019    27.4077     8.6566    109.449  37.311357     35.598      8.242   239.6623     1.7428     0.8097     0.0245      0.000      0.019      0.027        461 9.6606e+02 0.0000e+00
      0.019    27.4074     8.6303    109.117  37.318184     35.597      8.241   239.0945     1.8520     0.7559     0.0245      0.000      0.018      0.027        462 9.6757e+02 0.0000e+00
      0.018    27.4072     8.5999    108.732  37.316149     35.597      8.242   238.8295     1.8278     0.8097     0.0245     -0.000      0.018      0.027        463 9.6910e+02 0.0000e+00
      0.019    27.4073     8.5881    108.584  37.313890     35.597      8.241   239.2080     1.8035     0.8902     0.0245      0.000      0.018      0.027        464 9.7198e+02 0.0000e+00
      0.019    27.4074     8.5940    108.659  37.320995     35.598      8.241   239.7759     1.8399     0.8634     0.0245      0.000      0.018      0.027        465 9.7114e+02 0.0000e+00
      0.019    27.4077     8.5986    108.716  37.307306     35.598      8.239   239.4730     1.7590     0.8365     0.0245     -0.000      0.018      0.027        466 9.7215e+02 0.0000e+00
      0.019    27.4078     8.6231    109.026  37.271606     35.544      8.239   239.6623     1.7671     0.8634     0.0245     -0.000      0.018      0.027        467 9.7544e+02 0.0000e+00
      0.019    27.4081     8.6757    109.692  37.306104     35.597      8.237   239.7759     1.7711     0.9171     0.0245     -0.000      0.018      0.027        468 9.7648e+02 0.0000e+00
      0.019    27.4082     8.7351    110.443  37.323693     35.597      8.237   239.9273     1.7711     0.8365     0.0245     -0.000      0.018      0.027        469 9.7557e+02 0.0000e+00
      0.019    27.4082     8.7687    110.867  37.309037     35.597      8.239   238.6023     1.7671     0.8097     0.0245      0.000      0.018      0.027        470 9.7792e+02 0.0000e+00
      0.019    27.4085     8.7946    111.195  37.265024     35.544      8.239   238.9430     1.7226     0.8231     0.0245      0.000      0.018      0.027        471 9.8078e+02 0.0000e+00
      0.018    27.4086     8.8026    111.297  37.259826     35.544      8.239   239.9652     1.7469     0.8231     0.0245     -0.000      0.018      0.027        472 9.7834e+02 0.0000e+00
      0.019    27.4087     8.7948    111.197  37.315506     35.597      8.239   239.8137     1.7509     0.8365     0.0245     -0.000      0.018      0.027        473 9.7825e+02 0.0000e+00
      0.018    27.4089     8.7634    110.801  37.314371     35.597      8.241   239.7759     1.7590     0.8499     0.0245     -0.000      0.018      0.027        474 9.7952e+02 0.0000e+00
      0.019    27.4091     8.7327    110.412  37.320557     35.596      8.240   237.5802     1.7873     0.8231     0.0245     -0.000      0.018      0.027        475 9.7946e+02 0.0000e+00
      0.019    27.4092     8.7161    110.201  37.307808     35.596      8.241   237.8452     1.7469     0.7962     0.0245     -0.000      0.018      0.027        476 9.7924e+02 0.0000e+00
      0.019    27.4091     8.7041    110.051  37.270918     35.543      8.244   237.8830     1.7590     0.8768     0.0245      0.000      0.018      0.027        477 9.7913e+02 0.0000e+00
      0.019    27.4092     8.7103    110.129  37.307146     35.596      8.242   239.0945     1.7671     0.8634     0.0245      0.000      0.018      0.027        478 9.7983e+02 0.0000e+00
      0.018    27.4093     8.7201    110.253  37.322042     35.596      8.242   239.0566     1.7590     0.8634     0.0245     -0.000      0.018      0.026        479 9.7972e+02 0.0000e+00
      0.018    27.4094     8.7432    110.544  37.311700     35.596      8.241   239.1323     1.7469     0.7425     0.0245     -0.000      0.018      0.026        480 9.8038e+02 0.0000e+00
      0.018    27.4092     8.7677    110.849  37.320017     35.596      8.242   237.3909     1.7833     0.8634     0.0245     -0.000      0.018      0.026        481 9.8082e+02 0.0000e+00
      0.018    27.4093     8.8047    111.314  37.311692     35.596      8.241   237.9587     1.7428     0.8499     0.0245     -0.000      0.018      0.026        482 9.8054e+02 0.0000e+00
      0.019    27.4092     8.8147    111.436  37.322061     35.596      8.242   237.6180     1.7064     0.8634     0.0245     -0.000      0.018      0.027        483 9.7981e+02 0.0000e+00
      0.019    27.4093     8.8002    111.249  37.307112     35.596      8.241   237.5802     1.7064     0.8902     0.0245     -0.000      0.018      0.027        484 9.7924e+02 0.0000e+00
      0.019    27.4090     8.7650    110.802  37.330294     35.596      8.241   238.7159     1.6943     0.8097     0.0245      0.000      0.018      0.025        485 9.8081e+02 0.0000e+00
      0.016    27.4086     8.7318    110.382  37.293212     35.596      8.237   237.8073     1.7024     0.7828     0.0245     -0.000      0.013      0.018        486 9.7627e+02 0.0000e+00
      0.001    27.4092     8.7094    110.099  37.293941     35.543      8.283   235.7252     1.7064     0.8634     0.0245     -0.005      0.003      0.004        487 9.7428e+02 0.0000e+00
     -0.008    27.4096     8.6939    109.902  37.448028     35.757      8.321   235.2709     1.6943     0.8365     0.0246     -0.010     -0.005     -0.007        488 9.7473e+02 0.0000e+00
     -0.008    27.4092     8.6705    109.605  37.338735     35.596      8.332   235.2709     1.6862     0.7694     0.0245     -0.014     -0.008     -0.011        489 9.7616e+02 0.0000e+00
     -0.008    27.4082     8.6681    109.568  37.251993     35.543      8.331   235.6494     1.6781     0.7828     0.0245     -0.017     -0.008     -0.011        490 9.7272e+02 0.0000e+00
     -0.008    27.4064     8.6898    109.835  37.318696     35.596      8.339   235.6873     1.8844     0.7962     0.0245     -0.017     -0.006     -0.008        491 9.8104e+02 0.0000e+00
     -0.002    27.4044     8.7153    110.154  37.255723     35.544      8.359   236.2930     1.8156     0.9305     0.0245     -0.014     -0.001     -0.001        492 9.7369e+02 0.0000e+00
      0.008    27.4025     8.7418    110.491  37.211722     35.491      8.370   235.9144     1.8197     0.8634     0.0245     -0.008      0.007      0.010        493 9.9134e+02 0.0000e+00
      0.015    27.4010     8.7605    110.728  37.195498     35.493      8.362   235.3466     1.8116     0.8768     0.0245      0.002      0.017      0.024        494 9.7108e+02 0.0000e+00
      0.027    27.4000     8.7748    110.910  37.157276     35.441      8.371   234.6652     1.8075     0.7694     0.0244      0.014      0.028      0.041        495 8.2565e+02 0.0000e+00
      0.043    27.3996     8.7830    111.018  37.199968     35.495      8.396   234.2109     1.8278     0.9036     0.0245      0.024      0.044      0.064        496 7.0287e+02 0.0000e+00
      0.065    27.3995     8.7811    110.998  37.142370     35.443      8.431   236.2173     1.8520     0.8768     0.0244      0.035      0.066      0.095        497 6.6534e+02 0.0000e+00
      0.094    27.3995     8.7760    110.934  37.080659     35.363      8.453   233.2644     1.8075     0.8902     0.0244      0.048      0.092      0.133        498 6.1884e+02 0.0000e+00
      0.122    27.3985     8.7634    110.776  37.128468     35.443      8.473   232.2801     1.6377     0.8634     0.0244      0.062      0.120      0.173        499 5.4471e+02 0.0000e+00
      0.150    27.3954     8.7371    110.444  37.082874     35.363      8.485   230.8416     1.6175     0.8902     0.0244      0.075      0.146      0.212        500 5.3017e+02 0.0000e+00
      0.175    27.3917     8.7174    110.197  37.048422     35.363      8.494   231.3716     1.6539     0.8634     0.0244      0.086      0.171      0.248        501 5.7102e+02 0.0000e+00
      0.197    27.3899     8.7084    110.083  37.082365     35.366      8.492   230.9173     1.6579     0.9036     0.0244      0.094      0.191      0.277        502 6.0019e+02 0.0000e+00
      0.210    27.3905     8.7024    110.006  37.129613     35.448      8.474   231.5987     1.6256     0.8768     0.0244      0.096      0.207      0.300        503 5.1294e+02 0.0000e+00
      0.227    27.3915     8.7041    110.027  37.078601     35.369      8.471   231.5987     1.6781     1.0379     0.0244      0.093      0.225      0.326        504 4.6563e+02 0.0000e+00
      0.251    27.3921     8.7152    110.165  37.056869     35.369      8.470   231.7880     1.7145     1.0782     0.0244      0.089      0.248      0.360        505 4.8281e+02 0.0000e+00
      0.283    27.3942     8.7292    110.342  37.156660     35.448      8.466   230.8416     1.6862     1.1185     0.0244      0.087      0.275      0.398        506 5.0344e+02 0.0000e+00
      0.307    27.3962     8.7341    110.404  37.428972     35.715      8.460   231.2201     1.6943     1.0916     0.0246      0.086      0.296      0.428        507 5.3176e+02 0.0000e+00
      0.314    27.3966     8.7321    110.378  37.667104     35.953      8.443   231.4094     1.9450     0.9976     0.0247      0.083      0.306      0.443        508 5.1177e+02 0.0000e+00
      0.315    27.3970     8.7323    110.381  37.631474     35.898      8.436   232.1666     1.9369     1.0782     0.0246      0.076      0.308      0.447        509 5.3308e+02 0.0000e+00
      0.314    27.3973     8.7403    110.481  37.473312     35.765      8.430   232.3559     1.9733     1.0648     0.0246      0.066      0.308      0.447        510 5.5446e+02 0.0000e+00
