Data/DataNotYetUploadedToEDI/Raw_CTD/2018_RawDownloads/071618_fcr50.cnv
* Sea-Bird SBE19plus  Data File:
* FileName = C:\DATA\071618_fcr_0003.hex
* Software version 2.6.3.104
* Temperature SN = 7809
* Conductivity SN = 7809
* System UpLoad Time = Jul 16 2018 10:03:00
* <ApplicationData>
* <Seaterm232>
# nquan = 17
# nvalues = 1286                        
# units = specified
# name 0 = depFM: Depth [fresh water, m]
# name 1 = tv290C: Temperature [ITS-90, deg C]
# name 2 = sbeox0Mg/L: Oxygen, SBE 43 [mg/l]
# name 3 = sbeox0PS: Oxygen, SBE 43 [% saturation]
# name 4 = c0uS/cm: Conductivity [uS/cm]
# name 5 = specc: Specific Conductance [uS/cm]
# name 6 = ph: pH
# name 7 = orp: Oxidation Reduction Potential [mV]
# name 8 = flECO-AFL: Fluorescence, WET Labs ECO-AFL/FL [mg/m^3]
# name 9 = turbWETntu0: Turbidity, WET Labs ECO [NTU]
# name 10 = sal00: Salinity, Practical [PSU]
# name 11 = dz/dtM: Descent Rate [m/s]
# name 12 = prdM: Pressure, Strain Gauge [db]
# name 13 = prdE: Pressure, Strain Gauge [psi]
# name 14 = scan: Scan Count
# name 15 = par/sat/log: PAR/Logarithmic, Satlantic
# name 16 = flag:  0.000e+00
# span 0 =     -0.553,      9.539       
# span 1 =    11.4157,    27.4294       
# span 2 =     2.4765,    14.7266       
# span 3 =     23.429,    174.247       
# span 4 =  -0.156101,  46.112581       
# span 5 =      0.838,     48.091       
# span 6 =      5.316,      8.861       
# span 7 = -1240.7455,  1240.2295       
# span 8 =    -0.2385,    10.3558       
# span 9 =    -0.3452,    49.0831       
# span 10 =     0.0125,     0.0280      
# span 11 =     -0.017,      0.160      
# span 12 =     -0.542,      9.353      
# span 13 =     -0.786,     13.566      
# span 14 =          1,       1286      
# span 15 = 1.2336e-01, 9.9134e+02      
# span 16 = 0.0000e+00, 0.0000e+00      
# interval = seconds: 0.25
# start_time = Jul 16 2018 13:45:00 [Instrument's time stamp, header]
# bad_flag = -9.990e-29
*END*
[from data line 256]
      0.018    27.4199     8.6970    109.977  38.769192     36.948      8.170   227.3208     1.9572     0.8097     0.0251     -0.000      0.018      0.026        257 9.2707e+02 0.0000e+00
      0.018    27.4207     8.7091    110.130  38.775115     37.002      8.172   227.2073     1.9410     0.8231     0.0251     -0.000      0.018      0.026        258 9.2750e+02 0.0000e+00
      0.019    27.4215     8.7150    110.204  38.757764     36.948      8.173   225.6930     1.9652     0.8499     0.0251      0.000      0.018      0.026        259 9.2900e+02 0.0000e+00
      0.018    27.4218     8.7257    110.340  38.731461     36.948      8.174   225.7687     1.9329     0.8768     0.0251      0.000      0.018      0.026        260 9.3120e+02 0.0000e+00
      0.018    27.4215     8.7289    110.380  38.718863     36.921      8.177   228.3430     2.0016     0.8902     0.0251      0.000      0.018      0.026        261 9.3227e+02 0.0000e+00
      0.019    27.4202     8.7215    110.288  38.684454     36.894      8.176   227.9644     2.0219     0.8902     0.0250      0.000      0.018      0.026        262 9.3325e+02 0.0000e+00
      0.019    27.4187     8.7178    110.240  38.685293     36.894      8.179   228.1159     2.0178     0.8902     0.0250      0.000      0.018      0.026        263 9.3536e+02 0.0000e+00
      0.019    27.4177     8.7152    110.206  38.628834     36.842      8.180   227.3208     2.0542     0.8231     0.0250      0.000      0.018      0.026        264 9.3525e+02 0.0000e+00
      0.018    27.4173     8.7155    110.208  38.576748     36.789      8.179   227.1694     1.9733     0.8768     0.0250      0.000      0.018      0.026        265 9.3575e+02 0.0000e+00
      0.018    27.4173     8.7252    110.329  38.542480     36.764      8.180   226.9801     1.9329     0.8634     0.0250      0.000      0.018      0.026        266 9.3777e+02 0.0000e+00
      0.018    27.4170     8.7294    110.380  38.523170     36.737      8.181   227.3966     1.9491     0.8902     0.0250     -0.000      0.018      0.026        267 9.3793e+02 0.0000e+00
      0.018    27.4169     8.7171    110.223  38.511794     36.737      8.180   227.2073     1.9895     0.9574     0.0250     -0.000      0.018      0.026        268 9.3812e+02 0.0000e+00
      0.018    27.4170     8.6899    109.877  38.526975     36.737      8.182   227.0937     1.9491     0.7962     0.0250     -0.000      0.018      0.026        269 9.3904e+02 0.0000e+00
      0.018    27.4172     8.6844    109.807  38.504277     36.737      8.181   227.5858     1.9491     0.7828     0.0250     -0.000      0.018      0.026        270 9.3961e+02 0.0000e+00
      0.018    27.4176     8.6614    109.516  38.451055     36.657      8.183   228.3430     1.9895     0.8902     0.0249     -0.000      0.018      0.026        271 9.4087e+02 0.0000e+00
      0.018    27.4177     8.6555    109.442  38.474561     36.710      8.183   227.4723     1.9612     0.8097     0.0250     -0.000      0.018      0.026        272 9.4181e+02 0.0000e+00
      0.018    27.4175     8.6584    109.479  38.386040     36.604      8.187   229.4030     1.9127     0.8365     0.0249     -0.000      0.018      0.026        273 9.4324e+02 0.0000e+00
      0.018    27.4169     8.6678    109.599  38.323925     36.550      8.186   229.7059     1.9005     0.7828     0.0249     -0.000      0.018      0.026        274 9.4455e+02 0.0000e+00
      0.018    27.4160     8.6836    109.799  38.373892     36.604      8.190   229.4030     1.8682     0.7291     0.0249     -0.000      0.018      0.026        275 9.4300e+02 0.0000e+00
      0.018    27.4150     8.7009    110.020  38.383180     36.604      8.190   229.8194     1.8965     0.9305     0.0249      0.000      0.018      0.026        276 9.4363e+02 0.0000e+00
      0.018    27.4140     8.7150    110.199  38.342028     36.578      8.192   227.4723     1.9572     0.8365     0.0249      0.000      0.018      0.026        277 9.4465e+02 0.0000e+00
      0.018    27.4131     8.7217    110.284  38.276799     36.499      8.194   228.1159     1.9733     0.9036     0.0249     -0.000      0.018      0.026        278 9.4348e+02 0.0000e+00
      0.019    27.4120     8.7249    110.326  38.256726     36.500      8.196   227.8887     1.9652     0.8634     0.0249      0.000      0.018      0.026        279 9.4356e+02 0.0000e+00
      0.018    27.4117     8.7164    110.220  38.218701     36.447      8.195   228.3430     1.9652     0.8768     0.0249      0.000      0.018      0.026        280 9.4281e+02 0.0000e+00
      0.019    27.4116     8.6925    109.918  38.205475     36.448      8.194   229.7816     1.9572     0.8902     0.0249      0.000      0.018      0.026        281 9.4267e+02 0.0000e+00
      0.018    27.4118     8.6725    109.666  38.273185     36.501      8.197   229.8194     1.9693     0.8231     0.0249      0.000      0.018      0.026        282 9.4198e+02 0.0000e+00
      0.019    27.4123     8.6655    109.579  38.282745     36.528      8.197   226.5258     1.9572     0.8902     0.0249      0.000      0.018      0.026        283 9.4258e+02 0.0000e+00
      0.019    27.4126     8.6642    109.563  38.163917     36.394      8.198   227.3208     1.9288     0.8768     0.0248      0.000      0.018      0.027        284 9.4366e+02 0.0000e+00
      0.019    27.4132     8.6602    109.512  38.154112     36.394      8.199   227.0937     1.9491     0.8499     0.0248      0.000      0.018      0.027        285 9.4086e+02 0.0000e+00
      0.019    27.4141     8.6727    109.670  38.205962     36.447      8.200   227.8508     1.9086     0.7828     0.0249      0.000      0.018      0.027        286 9.4043e+02 0.0000e+00
      0.019    27.4147     8.6659    109.584  38.158713     36.393      8.199   228.4944     1.8884     0.7828     0.0248      0.000      0.018      0.027        287 9.4244e+02 0.0000e+00
      0.019    27.4148     8.6879    109.862  38.123930     36.366      8.199   226.6773     1.9127     0.8499     0.0248      0.000      0.018      0.026        288 9.4117e+02 0.0000e+00
      0.019    27.4153     8.6996    110.010  38.100942     36.339      8.198   226.7908     1.8642     0.8097     0.0248     -0.000      0.018      0.026        289 9.4115e+02 0.0000e+00
      0.019    27.4159     8.7158    110.215  38.098337     36.339      8.201   227.0558     1.9491     0.8634     0.0248      0.000      0.018      0.026        290 9.4180e+02 0.0000e+00
      0.018    27.4162     8.7094    110.135  38.097511     36.339      8.201   227.7751     1.9652     0.8365     0.0248     -0.000      0.018      0.026        291 9.4079e+02 0.0000e+00
      0.018    27.4167     8.6804    109.767  38.101969     36.338      8.205   228.1159     1.9733     0.8231     0.0248     -0.000      0.018      0.026        292 9.4047e+02 0.0000e+00
      0.018    27.4174     8.6584    109.489  38.092789     36.338      8.204   227.5480     1.9491     0.8097     0.0248     -0.000      0.018      0.026        293 9.3895e+02 0.0000e+00
      0.019    27.4177     8.6419    109.281  38.079275     36.311      8.206   228.0780     1.9410     0.7694     0.0248     -0.000      0.018      0.026        294 9.3920e+02 0.0000e+00
      0.018    27.4177     8.6212    109.019  38.089125     36.337      8.205   227.3208     1.9572     0.8902     0.0248     -0.000      0.018      0.025        295 9.3907e+02 0.0000e+00
      0.018    27.4179     8.6163    108.958  38.050868     36.284      8.208   227.3966     1.9491     0.8902     0.0248     -0.000      0.018      0.025        296 9.3762e+02 0.0000e+00
      0.019    27.4175     8.6302    109.133  38.037900     36.284      8.207   227.8130     1.9410     0.8231     0.0248     -0.000      0.018      0.025        297 9.3734e+02 0.0000e+00
      0.018    27.4175     8.6603    109.514  38.045940     36.284      8.206   227.9644     1.8803     0.8097     0.0248     -0.000      0.018      0.025        298 9.3530e+02 0.0000e+00
      0.019    27.4175     8.6708    109.647  38.070524     36.310      8.208   230.2359     1.8682     0.8097     0.0248      0.000      0.018      0.026        299 9.3409e+02 0.0000e+00
      0.018    27.4174     8.6853    109.829  38.036969     36.284      8.206   229.3273     1.9046     0.8365     0.0248      0.000      0.018      0.026        300 9.3365e+02 0.0000e+00
      0.019    27.4175     8.6926    109.921  37.969056     36.204      8.207   229.4030     1.8925     0.8634     0.0248      0.000      0.018      0.026        301 9.3198e+02 0.0000e+00
      0.018    27.4174     8.7057    110.087  38.036395     36.284      8.207   229.2516     1.8520     0.8231     0.0248      0.000      0.018      0.025        302 9.3145e+02 0.0000e+00
      0.018    27.4176     8.7153    110.208  38.101472     36.337      8.205   228.4187     1.8399     0.8097     0.0248      0.000      0.018      0.025        303 9.2895e+02 0.0000e+00
      0.018    27.4177     8.7339    110.442  38.066037     36.311      8.205   231.0309     1.7995     0.8634     0.0248     -0.000      0.018      0.025        304 9.2587e+02 0.0000e+00
      0.018    27.4178     8.7510    110.658  38.050832     36.284      8.204   230.8037     1.8278     0.8768     0.0248     -0.000      0.018      0.026        305 9.2584e+02 0.0000e+00
      0.019    27.4181     8.7532    110.688  38.031410     36.284      8.205   230.6901     1.8358     0.8365     0.0248     -0.000      0.018      0.026        306 9.2598e+02 0.0000e+00
      0.019    27.4182     8.7460    110.596  37.971564     36.204      8.206   230.8037     1.8844     0.8634     0.0248      0.000      0.018      0.026        307 9.2420e+02 0.0000e+00
      0.019    27.4180     8.7382    110.498  38.036327     36.283      8.206   229.6680     1.9005     0.8097     0.0248      0.000      0.018      0.026        308 9.2187e+02 0.0000e+00
      0.018    27.4178     8.7263    110.347  38.039796     36.283      8.205   230.1223     1.8965     0.9574     0.0248      0.000      0.018      0.026        309 9.2036e+02 0.0000e+00
      0.018    27.4176     8.6998    110.011  38.026568     36.257      8.209   232.7344     1.9046     0.8499     0.0248      0.000      0.018      0.026        310 9.2118e+02 0.0000e+00
      0.018    27.4175     8.6663    109.587  38.023128     36.284      8.206   232.7344     1.9491     0.8634     0.0248      0.000      0.018      0.026        311 9.2000e+02 0.0000e+00
      0.019    27.4174     8.6396    109.248  37.984756     36.204      8.208   232.6587     1.9450     0.8365     0.0248      0.000      0.018      0.026        312 9.1780e+02 0.0000e+00
      0.019    27.4172     8.6062    108.826  38.015000     36.284      8.208   231.4473     1.9572     0.8902     0.0248      0.000      0.018      0.026        313 9.1713e+02 0.0000e+00
      0.019    27.4168     8.5850    108.559  37.985489     36.204      8.208   231.7880     1.9572     0.8768     0.0248     -0.000      0.018      0.026        314 9.1469e+02 0.0000e+00
      0.018    27.4170     8.5887    108.605  37.991821     36.257      8.209   232.8859     1.9410     0.7962     0.0248     -0.000      0.018      0.026        315 9.1408e+02 0.0000e+00
      0.019    27.4173     8.6058    108.821  37.977459     36.204      8.208   233.6052     1.9976     0.8097     0.0248      0.000      0.018      0.026        316 9.1327e+02 0.0000e+00
      0.019    27.4174     8.6384    109.235  37.944040     36.204      8.209   233.7187     1.9369     0.8231     0.0248      0.000      0.018      0.026        317 9.1129e+02 0.0000e+00
      0.018    27.4175     8.6594    109.500  37.914767     36.151      8.207   233.3780     1.9450     0.8097     0.0247      0.000      0.018      0.026        318 9.0981e+02 0.0000e+00
      0.019    27.4174     8.6603    109.512  37.895245     36.151      8.208   233.0752     1.8965     0.9305     0.0247     -0.000      0.018      0.026        319 9.0733e+02 0.0000e+00
      0.019    27.4169     8.6723    109.665  37.909012     36.150      8.205   232.8101     1.8803     0.9305     0.0247     -0.000      0.018      0.026        320 9.0556e+02 0.0000e+00
      0.018    27.4165     8.6740    109.687  37.897635     36.151      8.206   231.7123     1.9046     0.8634     0.0247     -0.000      0.018      0.026        321 9.0447e+02 0.0000e+00
      0.019    27.4161     8.6931    109.929  37.850083     36.098      8.207   232.5451     1.8763     0.8768     0.0247      0.000      0.018      0.026        322 9.0303e+02 0.0000e+00
      0.018    27.4159     8.7175    110.237  37.908867     36.151      8.213   232.7723     1.8803     0.8365     0.0247     -0.000      0.018      0.026        323 9.0150e+02 0.0000e+00
      0.019    27.4162     8.7372    110.485  37.943122     36.205      8.211   232.7344     1.8803     0.9305     0.0248     -0.000      0.018      0.026        324 8.9888e+02 0.0000e+00
      0.018    27.4163     8.7547    110.706  37.866774     36.098      8.212   233.5294     1.8722     0.8768     0.0247     -0.000      0.018      0.026        325 8.9758e+02 0.0000e+00
      0.019    27.4162     8.7591    110.761  37.885237     36.151      8.213   232.0909     1.8925     0.8634     0.0247 -3.221e-13      0.018      0.026        326 8.9588e+02 0.0000e+00
      0.018    27.4165     8.7572    110.737  37.860824     36.098      8.215   232.9994     1.8722     0.7559     0.0247     -0.000      0.018      0.026        327 8.9335e+02 0.0000e+00
      0.019    27.4169     8.7311    110.407  37.837833     36.098      8.216   233.4916     1.9127     0.8768     0.0247     -0.000      0.018      0.026        328 8.9205e+02 0.0000e+00
      0.019    27.4171     8.6873    109.853  37.854526     36.098      8.216   233.7944     1.9046     0.8634     0.0247      0.000      0.018      0.026        329 8.9233e+02 0.0000e+00
      0.018    27.4175     8.6347    109.189  37.840049     36.098      8.218   234.9680     1.8803     0.7694     0.0247     -0.000      0.018      0.026        330 8.9053e+02 0.0000e+00
      0.018    27.4181     8.6012    108.765  37.855850     36.097      8.220   235.0059     1.9005     0.7291     0.0247      0.000      0.018      0.026        331 8.8691e+02 0.0000e+00
      0.018    27.4180     8.5787    108.480  37.834864     36.097      8.217   232.0909     1.9329     0.8499     0.0247     -0.000      0.018      0.026        332 8.8657e+02 0.0000e+00
      0.018    27.4177     8.5718    108.392  37.806845     36.043      8.220   232.3559     1.9410     0.9708     0.0247     -0.000      0.018      0.026        333 8.8560e+02 0.0000e+00
      0.019    27.4172     8.5638    108.290  37.831398     36.097      8.221   232.1666     1.9572     0.8634     0.0247     -0.000      0.018      0.026        334 8.8261e+02 0.0000e+00
      0.019    27.4166     8.5512    108.130  37.804307     36.044      8.223   232.9994     1.9491     0.8634     0.0247      0.000      0.019      0.027        335 8.8175e+02 0.0000e+00
      0.019    27.4164     8.5432    108.028  37.781237     36.044      8.220   232.7344     1.8520     0.8365     0.0247      0.000      0.019      0.027        336 8.8198e+02 0.0000e+00
      0.019    27.4166     8.5663    108.320  37.800786     36.044      8.222   230.1601     1.9005     0.8902     0.0247      0.000      0.018      0.026        337 8.7926e+02 0.0000e+00
      0.019    27.4166     8.5844    108.550  37.779977     36.045      8.224   230.4630     1.8965     0.8634     0.0247      0.000      0.018      0.026        338 8.7822e+02 0.0000e+00
      0.018    27.4168     8.6043    108.802  37.807134     36.044      8.226   229.8194     1.9127     0.8365     0.0247      0.000      0.018      0.026        339 8.7758e+02 0.0000e+00
      0.019    27.4169     8.6366    109.210  37.826312     36.098      8.226   230.9930     1.8965     0.8097     0.0247      0.000      0.018      0.026        340 8.7521e+02 0.0000e+00
