Data/DataNotYetUploadedToEDI/Raw_CTD/2018_RawDownloads/071618_fcr10.cnv
* Sea-Bird SBE19plus  Data File:
* FileName = C:\DATA\071618_fcr_0001.hex
* Software version 2.6.3.104
* Temperature SN = 7809
* Conductivity SN = 7809
* System UpLoad Time = Jul 16 2018 16:09:12
* <ApplicationData>
* <Seaterm232>
# nquan = 17
# nvalues = 411                         
# units = specified
# name 0 = depFM: Depth [fresh water, m]
# name 1 = tv290C: Temperature [ITS-90, deg C]
# name 2 = sbeox0Mg/L: Oxygen, SBE 43 [mg/l]
# name 3 = sbeox0PS: Oxygen, SBE 43 [% saturation]
# name 4 = c0uS/cm: Conductivity [uS/cm]
# name 5 = specc: Specific Conductance [uS/cm]
# name 6 = ph: pH
# name 7 = orp: Oxidation Reduction Potential [mV]
# name 8 = flECO-AFL: Fluorescence, WET Labs ECO-AFL/FL [mg/m^3]
# name 9 = turbWETntu0: Turbidity, WET Labs ECO [NTU]
# name 10 = sal00: Salinity, Practical [PSU]
# name 11 = dz/dtM: Descent Rate [m/s]
# name 12 = prdM: Pressure, Strain Gauge [db]
# name 13 = prdE: Pressure, Strain Gauge [psi]
# name 14 = scan: Scan Count
# name 15 = par/sat/log: PAR/Logarithmic, Satlantic
# name 16 = flag:  0.000e+00
# span 0 =     -0.540,      2.119       
# span 1 =    23.9685,    30.1456       
# span 2 =     5.5705,    14.7966       
# span 3 =     70.945,    177.833       
# span 4 =   0.244013,  40.291134       
# span 5 =      0.462,     41.187       
# span 6 =     -2.336,      8.609       
# span 7 = -1240.7455,  1240.2295       
# span 8 =    -1.7468,     5.2770       
# span 9 =    -4.9912,    29.6126       
# span 10 =     0.0135,     0.0259      
# span 11 =     -0.150,      0.144      
# span 12 =     -0.529,      2.077      
# span 13 =     -0.767,      3.012      
# span 14 =          1,        411      
# span 15 = 1.9746e+02, 2.9096e+03      
# span 16 = 0.0000e+00, 0.0000e+00      
# interval = seconds: 0.25
# start_time = Jul 16 2018 15:34:58 [Instrument's time stamp, header]
# bad_flag = -9.990e-29
*END*
[from data line 171]
     -0.015    27.7909     6.0738     77.104  37.896983     35.899      8.517   206.5751     2.4626     1.2931     0.0247     -0.002     -0.015     -0.021        172 2.0233e+03 0.0000e+00
     -0.015    27.7947     6.9195     87.684  37.848288     35.844      8.518   203.5844     2.4586     1.3065     0.0247     -0.002     -0.014     -0.020        173 2.0411e+03 0.0000e+00
     -0.013    27.7987     7.8640     99.551  37.854029     35.842      8.514   200.7451     2.4667     1.2528     0.0247     -0.001     -0.013     -0.019        174 2.0532e+03 0.0000e+00
     -0.012    27.8019     8.7314    110.470  37.889839     35.892      8.516   205.4394     2.4869     1.2125     0.0247      0.001     -0.012     -0.017        175 2.0437e+03 0.0000e+00
     -0.012    27.8055     9.4959    120.108  37.863044     35.836      8.517   204.0008     2.4828     1.2259     0.0247      0.002     -0.012     -0.017        176 2.0500e+03 0.0000e+00
     -0.011    27.8090    10.0315    126.861  37.887372     35.887      8.518   201.6536     2.3292     1.2931     0.0247      0.003     -0.012     -0.017        177 2.0235e+03 0.0000e+00
     -0.012    27.8117    10.3646    131.061  37.859560     35.832      8.515   207.1429     2.3494     1.2662     0.0247      0.003     -0.012     -0.017        178 2.0280e+03 0.0000e+00
     -0.012    27.8146    10.4982    132.743  37.838332     35.829      8.519   209.9065     2.3373     1.2393     0.0247      0.002     -0.012     -0.016        179 1.8347e+03 0.0000e+00
     -0.011    27.8183    10.4328    131.919  37.913788     35.881      8.517   212.1022     2.3534     1.2393     0.0247      0.002     -0.011     -0.015        180 1.2531e+03 0.0000e+00
     -0.010    27.7641    10.2687    129.842  37.765655     35.773      8.520   208.7708     2.4828     1.2662     0.0247      0.002     -0.010     -0.014        181 9.5645e+02 0.0000e+00
     -0.008    27.6379    10.0985    127.685  37.459128     35.426      8.523   207.5972     2.4667     1.2931     0.0245      0.002     -0.008     -0.012        182 9.0902e+02 0.0000e+00
     -0.007    27.5351     9.9367    125.644  37.405446     35.460      8.525   208.9222     2.5030     1.2662     0.0245      0.002     -0.007     -0.010        183 8.8294e+02 0.0000e+00
     -0.005    27.4793     9.8033    123.966  37.387586     35.496      8.523   211.3072     2.4586     1.2662     0.0245      0.003     -0.005     -0.008        184 8.9567e+02 0.0000e+00
     -0.005    27.4469     9.7103    122.796  37.362768     35.564      8.521   210.5122     2.4222     1.0379     0.0245      0.004     -0.004     -0.006        185 8.9606e+02 0.0000e+00
     -0.003    27.4308     9.6308    121.793  37.377061     35.603      8.521   211.5722     2.4020     1.0514     0.0245      0.005     -0.003     -0.005        186 9.2108e+02 0.0000e+00
     -0.002    27.4211     9.5786    121.139  37.369831     35.624      8.522   204.4929     2.4020     1.0245     0.0245      0.005     -0.002     -0.003        187 8.9696e+02 0.0000e+00
     -0.001    27.4158     9.5357    120.600  37.431105     35.688      8.524   207.4079     2.3898     1.0379     0.0246      0.005     -0.001     -0.001        188 8.8422e+02 0.0000e+00
     -0.001    27.4131     9.4956    120.095  37.419456     35.695      8.528   210.9665     2.4747     1.2662     0.0246      0.005     -0.001     -0.000        189 9.0112e+02 0.0000e+00
      0.000    27.4139     9.4555    119.596  37.325012     35.592      8.524   210.7772     2.4788     1.1453     0.0245      0.004     -0.000      0.001        190 1.0619e+03 0.0000e+00
      0.000    27.4133     9.4328    119.314  37.370681     35.647      8.523   209.2629     2.4626     1.2931     0.0245      0.004 -4.654e-07      0.001        191 1.5855e+03 0.0000e+00
      0.000    27.4112     9.4237    119.198  37.421943     35.700      8.519   207.7486     2.4747     1.2931     0.0246      0.003     -0.000      0.001        192 1.9943e+03 0.0000e+00
      0.000    27.4129     9.4314    119.293  37.379858     35.647      8.521   213.0487     2.3979     1.2393     0.0245      0.002     -0.000      0.000        193 2.0562e+03 0.0000e+00
     -0.001    27.4171     9.4391    119.391  37.363735     35.648      8.522   214.1465     2.3939     1.2931     0.0245      0.001     -0.001     -0.001        194 1.9648e+03 0.0000e+00
     -0.002    27.4196     9.4553    119.598  37.382687     35.647      8.523   209.7929     2.3898     1.1856     0.0245      0.000     -0.002     -0.003        195 1.1982e+03 0.0000e+00
     -0.003    27.4210     9.4684    119.766  37.415592     35.697      8.522   205.7422     2.4262     1.2796     0.0246     -0.001     -0.002     -0.003        196 9.6455e+02 0.0000e+00
     -0.001    27.4238     9.4680    119.764  37.382105     35.642      8.522   211.3072     2.3332     1.2125     0.0245     -0.001     -0.001     -0.001        197 1.7939e+03 0.0000e+00
      0.000    27.4257     9.4617    119.686  37.365041     35.642      8.522   204.1522     2.3251     1.2393     0.0245     -0.001     -0.000      0.001        198 2.0829e+03 0.0000e+00
      0.001    27.4267     9.4521    119.563  37.377506     35.640      8.522   203.5465     2.3251     1.2125     0.0245     -0.000     -0.000      0.001        199 2.0894e+03 0.0000e+00
     -0.000    27.4302     9.4446    119.458  37.366589     35.638      8.521   203.0922     2.3413     1.1722     0.0245      0.000     -0.000      0.000        200 2.0745e+03 0.0000e+00
     -0.001    27.4328     9.4511    119.527  37.378625     35.638      8.520   202.9408     2.3453     1.2393     0.0245      0.000     -0.001     -0.001        201 2.0727e+03 0.0000e+00
     -0.001    27.4325     9.4534    119.556  37.362527     35.635      8.522   204.1144     2.5354     1.2662     0.0245      0.001     -0.001     -0.001        202 1.7333e+03 0.0000e+00
      0.000    27.4316     9.4527    119.564  37.327301     35.580      8.523   205.9694     2.5475     1.2393     0.0245      0.001     -0.000     -0.000        203 9.6380e+02 0.0000e+00
      0.000    27.4315     9.4513    119.558  37.363142     35.634      8.521   206.1965     2.5516     1.2125     0.0245      0.001 3.4847e-10      0.000        204 8.6881e+02 0.0000e+00
      0.001    27.4322     9.4583    119.647  37.377245     35.634      8.522   207.1808     2.5354     1.2393     0.0245      0.000 3.8332e-09      0.001        205 9.1504e+02 0.0000e+00
      0.001    27.4334     9.4650    119.720  37.369072     35.634      8.519   207.3701     2.5111     1.2931     0.0245      0.000 4.2165e-08      0.001        206 9.2648e+02 0.0000e+00
      0.000    27.4349     9.4696    119.773  37.373314     35.634      8.520   207.3701     2.4990     1.2125     0.0245      0.000 4.6381e-07      0.000        207 1.2810e+03 0.0000e+00
     -0.000    27.4359     9.4719    119.803  37.371966     35.633      8.521   207.7865     2.4707     1.1856     0.0245      0.000      0.000      0.000        208 1.5608e+03 0.0000e+00
     -0.000    27.4348     9.4649    119.722  37.430070     35.685      8.520   212.8594     2.4667     1.1991     0.0246      0.000      0.000      0.001        209 1.3651e+03 0.0000e+00
      0.001    27.4303     9.4678    119.766  37.419644     35.685      8.520   211.9508     2.5192     1.0379     0.0246      0.000      0.001      0.002        210 9.5381e+02 0.0000e+00
      0.002    27.4241     9.4706    119.814  37.384938     35.632      8.520   209.7929     2.5394     1.0245     0.0245      0.000      0.002      0.003        211 8.9131e+02 0.0000e+00
      0.002    27.4246     9.4568    119.669  37.413940     35.688      8.518   213.9194     2.5556     1.0111     0.0246      0.001      0.002      0.003        212 9.1352e+02 0.0000e+00
      0.002    27.4319     9.4403    119.488  37.383555     35.639      8.517   211.5344     2.5273     0.9708     0.0245      0.001      0.002      0.002        213 9.8994e+02 0.0000e+00
      0.001    27.4378     9.4314    119.393  37.363435     35.639      8.515   209.5279     2.5475     1.3065     0.0245      0.001      0.001      0.001        214 1.2218e+03 0.0000e+00
      0.001    27.4374     9.4369    119.462  37.379659     35.634      8.512   209.4522     2.5475     1.2662     0.0245      0.001      0.000      0.000        215 1.1839e+03 0.0000e+00
     -0.001    27.4323     9.4491    119.599  37.422682     35.683      8.507   209.3008     2.5556     1.1991     0.0246     -0.000     -0.001     -0.002        216 9.6189e+02 0.0000e+00
     -0.003    27.4295     9.4596    119.722  37.428530     35.684      8.504   211.2694     2.5597     1.2796     0.0246     -0.001     -0.003     -0.005        217 9.0816e+02 0.0000e+00
     -0.006    27.4304     9.4734    119.885  37.431702     35.687      8.505   210.8151     2.3817     1.2796     0.0246     -0.003     -0.005     -0.007        218 9.1929e+02 0.0000e+00
     -0.007    27.4334     9.4733    119.887  37.418737     35.689      8.505   211.0422     2.4100     1.2796     0.0246     -0.005     -0.006     -0.008        219 9.2318e+02 0.0000e+00
     -0.005    27.4370     9.4791    119.988  37.444665     35.688      8.507   213.5030     2.4060     1.2931     0.0246     -0.005     -0.006     -0.008        220 9.2539e+02 0.0000e+00
     -0.006    27.4434     9.4801    120.033  37.518076     35.793      8.507   213.6544     2.3817     1.1588     0.0246     -0.005     -0.006     -0.008        221 9.1988e+02 0.0000e+00
     -0.006    27.4566     9.4741    119.975  37.505338     35.737      8.510   212.8215     2.3979     1.2125     0.0246     -0.004     -0.006     -0.008        222 9.4106e+02 0.0000e+00
     -0.005    27.4697     9.4658    119.856  37.519835     35.786      8.512   213.4272     2.3939     1.1856     0.0246     -0.003     -0.006     -0.008        223 1.1360e+03 0.0000e+00
     -0.005    27.4780     9.4529    119.662  37.500032     35.724      8.513   214.2222     2.4181     1.2662     0.0246     -0.001     -0.006     -0.008        224 1.3384e+03 0.0000e+00
     -0.007    27.4776     9.4388    119.440  37.470657     35.715      8.517   215.6230     2.4343     1.3065     0.0246     -0.001     -0.007     -0.009        225 1.2523e+03 0.0000e+00
     -0.008    27.4698     9.4299    119.297  37.497064     35.709      8.515   215.7744     2.4141     1.2662     0.0246     -0.001     -0.008     -0.011        226 1.1495e+03 0.0000e+00
     -0.009    27.4646     9.4267    119.230  37.526486     35.763      8.514   216.7965     2.3090     1.1051     0.0246     -0.001     -0.010     -0.014        227 1.0805e+03 0.0000e+00
     -0.013    27.4597     9.4259    119.196  37.434043     35.662      8.507   216.9101     2.3534     1.2259     0.0246     -0.003     -0.013     -0.019        228 9.6396e+02 0.0000e+00
     -0.018    27.4612     9.4199    119.121  37.434149     35.665      8.505   209.4522     2.3453     1.3199     0.0246     -0.005     -0.018     -0.025        229 9.2503e+02 0.0000e+00
     -0.023    27.4741     9.4256    119.224  37.526356     35.775      8.500   207.3322     2.3575     1.2393     0.0246     -0.008     -0.023     -0.032        230 9.2465e+02 0.0000e+00
     -0.028    27.4894     9.4475    119.516  37.556575     35.774      8.507   215.2444     2.3130     1.2393     0.0246     -0.011     -0.026     -0.037        231 9.2417e+02 0.0000e+00
     -0.027    27.4971     9.4638    119.733  37.604163     35.845      8.508   215.0172     2.3292     1.2125     0.0246     -0.012     -0.027     -0.040        232 9.2285e+02 0.0000e+00
     -0.029    27.4913     9.4722    119.848  37.556109     35.755      8.508   215.5094     2.3373     1.1319     0.0246     -0.012     -0.027     -0.040        233 9.2671e+02 0.0000e+00
     -0.027    27.4761     9.4793    119.908  37.468068     35.696      8.508   209.5279     2.3373     1.1722     0.0246     -0.011     -0.025     -0.037        234 9.1937e+02 0.0000e+00
     -0.020    27.4567     9.4808    119.880  37.446784     35.647      8.510   210.8151     2.2200     1.1722     0.0246     -0.007     -0.018     -0.027        235 9.3648e+02 0.0000e+00
     -0.009    27.4414     9.4812    119.844  37.404639     35.657      8.511   212.2158     2.1998     1.1991     0.0246     -0.000     -0.008     -0.012        236 9.2624e+02 0.0000e+00
      0.003    27.4295     9.4858    119.858  37.401884     35.618      8.519   208.2029     2.2159     1.2796     0.0245      0.009      0.005      0.006        237 9.6053e+02 0.0000e+00
      0.020    27.4182     9.4794    119.719  37.450222     35.734      8.520   207.9758     2.2038     1.2125     0.0246      0.020      0.020      0.028        238 9.1719e+02 0.0000e+00
      0.037    27.4194     9.4829    119.705  37.403811     35.636      8.517   208.3922     2.0380     1.3065     0.0245      0.031      0.036      0.051        239 7.4202e+02 0.0000e+00
      0.052    27.4327     9.4934    119.806  37.400326     35.697      8.517   208.0515     2.0542     1.1588     0.0246      0.041      0.051      0.073        240 8.7501e+02 0.0000e+00
      0.066    27.4404     9.5006    119.888  37.395243     35.643      8.522   206.1965     2.0340     1.2528     0.0245      0.050      0.065      0.094        241 1.2773e+03 0.0000e+00
      0.080    27.4458     9.5133    120.051  37.410138     35.687      8.521   205.5908     2.0340     1.2662     0.0246      0.055      0.079      0.114        242 1.1430e+03 0.0000e+00
      0.093    27.4490     9.5252    120.203  37.441107     35.682      8.521   203.5844     1.9733     1.0379     0.0246      0.057      0.093      0.135        243 9.9946e+02 0.0000e+00
      0.113    27.4357     9.5385    120.364  37.416019     35.678      8.521   203.3572     1.9369     0.9708     0.0246      0.059      0.110      0.160        244 1.1623e+03 0.0000e+00
      0.131    27.4136     9.5346    120.310  37.382037     35.622      8.520   204.4929     1.9369     1.0379     0.0245      0.061      0.127      0.185        245 1.6296e+03 0.0000e+00
      0.145    27.3942     9.5358    120.321  37.424077     35.685      8.518   204.8715     1.9491     1.0916     0.0246      0.061      0.141      0.205        246 2.0169e+03 0.0000e+00
      0.155    27.3735     9.5378    120.323  37.423026     35.700      8.520   203.5844     1.9572     1.0111     0.0246      0.060      0.153      0.221        247 1.0488e+03 0.0000e+00
      0.167    27.3465     9.5423    120.356  37.383354     35.660      8.523   201.6915     2.0785     1.3199     0.0245      0.059      0.163      0.235        248 9.9309e+02 0.0000e+00
      0.174    27.3199     9.5505    120.447  37.354818     35.674      8.515   201.3508     2.0946     1.1588     0.0245      0.055      0.169      0.245        249 1.5643e+03 0.0000e+00
      0.176    27.3044     9.5657    120.635  37.280589     35.586      8.509   201.5779     2.0785     1.2259     0.0245      0.050      0.172      0.250        250 1.3616e+03 0.0000e+00
      0.178    27.3001     9.5790    120.804  37.297785     35.657      8.503   201.2372     2.0623     1.2125     0.0245      0.042      0.175      0.254        251 1.3198e+03 0.0000e+00
      0.182    27.3016     9.5852    120.858  37.274112     35.614      8.504   201.4643     2.2362     1.2393     0.0245      0.032      0.179      0.261        252 1.2352e+03 0.0000e+00
      0.189    27.3025     9.5755    120.715  37.310057     35.670      8.512   201.4643     2.2159     1.2528     0.0245      0.026      0.187      0.272        253 1.3732e+03 0.0000e+00
      0.202    27.2990     9.5557    120.442  37.371695     35.723      8.520   201.5022     2.2079     1.3468     0.0245      0.024      0.198      0.287        254 1.2755e+03 0.0000e+00
      0.213    27.2970     9.5514    120.345  37.316044     35.669      8.528   202.5243     2.1674     1.2528     0.0245      0.024      0.208      0.302        255 1.4416e+03 0.0000e+00
