Data/DataNotYetUploadedToEDI/Raw_CTD/2018_RawDownloads/071618_fcr50.cnv
* Sea-Bird SBE19plus  Data File:
* FileName = C:\DATA\071618_fcr_0003.hex
* Software version 2.6.3.104
* Temperature SN = 7809
* Conductivity SN = 7809
* System UpLoad Time = Jul 16 2018 10:03:00
* <ApplicationData>
* <Seaterm232>
# nquan = 17
# nvalues = 1286                        
# units = specified
# name 0 = depFM: Depth [fresh water, m]
# name 1 = tv290C: Temperature [ITS-90, deg C]
# name 2 = sbeox0Mg/L: Oxygen, SBE 43 [mg/l]
# name 3 = sbeox0PS: Oxygen, SBE 43 [% saturation]
# name 4 = c0uS/cm: Conductivity [uS/cm]
# name 5 = specc: Specific Conductance [uS/cm]
# name 6 = ph: pH
# name 7 = orp: Oxidation Reduction Potential [mV]
# name 8 = flECO-AFL: Fluorescence, WET Labs ECO-AFL/FL [mg/m^3]
# name 9 = turbWETntu0: Turbidity, WET Labs ECO [NTU]
# name 10 = sal00: Salinity, Practical [PSU]
# name 11 = dz/dtM: Descent Rate [m/s]
# name 12 = prdM: Pressure, Strain Gauge [db]
# name 13 = prdE: Pressure, Strain Gauge [psi]
# name 14 = scan: Scan Count
# name 15 = par/sat/log: PAR/Logarithmic, Satlantic
# name 16 = flag:  0.000e+00
# span 0 =     -0.553,      9.539       
# span 1 =    11.4157,    27.4294       
# span 2 =     2.4765,    14.7266       
# span 3 =     23.429,    174.247       
# span 4 =  -0.156101,  46.112581       
# span 5 =      0.838,     48.091       
# span 6 =      5.316,      8.861       
# span 7 = -1240.7455,  1240.2295       
# span 8 =    -0.2385,    10.3558       
# span 9 =    -0.3452,    49.0831       
# span 10 =     0.0125,     0.0280      
# span 11 =     -0.017,      0.160      
# span 12 =     -0.542,      9.353      
# span 13 =     -0.786,     13.566      
# span 14 =          1,       1286      
# span 15 = 1.2336e-01, 9.9134e+02      
# span 16 = 0.0000e+00, 0.0000e+00      
# interval = seconds: 0.25
# start_time = Jul 16 2018 13:45:00 [Instrument's time stamp, header]
# bad_flag = -9.990e-29
*END*
[from data line 1022]
      6.809    11.4522     7.3696     67.516  34.896995     47.839      6.209   334.2297     1.0595     9.3364     0.0245      0.054      6.678      9.686       1023 4.4469e-01 0.0000e+00
      6.827    11.4458     7.3678     67.501  34.882510     47.842      6.211   334.0026     1.0392     9.2424     0.0245      0.056      6.695      9.711       1024 4.1351e-01 0.0000e+00
      6.846    11.4410     7.3694     67.519  34.884041     47.848      6.209   334.3812     1.0271     9.2961     0.0245      0.056      6.714      9.738       1025 4.2901e-01 0.0000e+00
      6.867    11.4389     7.3714     67.541  34.895092     47.857      6.212   334.3054     1.0190     9.2424     0.0245      0.059      6.734      9.766       1026 4.1130e-01 0.0000e+00
      6.887    11.4383     7.3748     67.573  34.868759     47.863      6.211   334.4947     1.0716     9.2693     0.0245      0.065      6.753      9.794       1027 3.9510e-01 0.0000e+00
      6.904    11.4379     7.3745     67.572  34.857497     47.789      6.212   334.4569     1.0312     9.1753     0.0245      0.069      6.771      9.821       1028 3.7873e-01 0.0000e+00
      6.926    11.4372     7.3805     67.627  34.909110     47.944      6.207   334.3433     1.0352     9.2021     0.0246      0.073      6.788      9.846       1029 3.6861e-01 0.0000e+00
      6.935    11.4364     7.3813     67.630  34.863845     47.790      6.206   334.8354     1.0352     9.3632     0.0245      0.073      6.799      9.861       1030 3.6446e-01 0.0000e+00
      6.938    11.4356     7.3742     67.561  34.913827     47.945      6.203   335.3276     1.0231     9.2827     0.0246      0.068      6.804      9.867       1031 3.7293e-01 0.0000e+00
      6.940    11.4360     7.3760     67.574  34.906224     47.869      6.205   335.2897     0.9948     9.3364     0.0245      0.059      6.806      9.870       1032 3.8801e-01 0.0000e+00
      6.940    11.4366     7.3729     67.544  34.873309     47.870      6.205   335.3654     0.9786     9.3230     0.0245      0.048      6.806      9.872       1033 3.8746e-01 0.0000e+00
      6.941    11.4374     7.3731     67.545  34.895474     47.870      6.206   335.5547     0.9584     9.3364     0.0245      0.035      6.807      9.873       1034 3.8223e-01 0.0000e+00
      6.942    11.4393     7.3688     67.506  34.878640     47.869      6.205   335.4790     0.9867     9.2827     0.0245      0.024      6.808      9.875       1035 3.8147e-01 0.0000e+00
      6.945    11.4413     7.3700     67.515  34.894259     47.868      6.207   335.5926     0.8694     9.2827     0.0245      0.015      6.811      9.879       1036 4.0935e-01 0.0000e+00
      6.951    11.4427     7.3600     67.423  34.876036     47.865      6.207   335.4033     0.8492     9.3095     0.0245      0.009      6.815      9.885       1037 3.9246e-01 0.0000e+00
      6.952    11.4438     7.3624     67.444  34.842001     47.786      6.207   335.6304     0.8532     9.2290     0.0245      0.008      6.820      9.891       1038 3.7769e-01 0.0000e+00
      6.958    11.4434     7.3565     67.389  34.877298     47.861      6.209   336.0469     0.8249     9.2290     0.0245      0.009      6.831      9.906       1039 3.5817e-01 0.0000e+00
      6.985    11.4410     7.3547     67.371  34.891425     47.859      6.207   337.0312     0.8371     9.2961     0.0245      0.017      6.852      9.938       1040 3.3648e-01 0.0000e+00
      7.018    11.4384     7.3626     67.442  34.883735     47.860      6.199   337.2583     0.8735     9.3632     0.0245      0.032      6.877      9.975       1041 3.5927e-01 0.0000e+00
      7.036    11.4361     7.3634     67.450  34.886868     47.863      6.200   337.2583     0.8654     9.3364     0.0245      0.045      6.897     10.004       1042 3.6897e-01 0.0000e+00
      7.045    11.4348     7.3730     67.538  34.887527     47.866      6.196   336.3497     0.8290     9.2827     0.0245      0.056      6.912     10.024       1043 3.4255e-01 0.0000e+00
      7.064    11.4345     7.3824     67.623  34.882916     47.870      6.194   336.6904     0.8452     9.2290     0.0245      0.065      6.929     10.049       1044 3.1541e-01 0.0000e+00
      7.087    11.4340     7.3926     67.716  34.892608     47.871      6.192   336.7662     0.8977     9.2693     0.0245      0.072      6.948     10.076       1045 3.1072e-01 0.0000e+00
      7.100    11.4332     7.3968     67.754  34.875467     47.872      6.192   337.3719     0.9018     9.2424     0.0245      0.076      6.964     10.099       1046 2.9819e-01 0.0000e+00
      7.115    11.4328     7.4077     67.854  34.844933     47.796      6.192   337.5233     0.8937     9.1753     0.0245      0.074      6.979     10.122       1047 3.0292e-01 0.0000e+00
      7.136    11.4324     7.4130     67.903  34.871292     47.874      6.188   335.6304     0.9220     9.2827     0.0245      0.069      6.995     10.145       1048 3.0256e-01 0.0000e+00
      7.147    11.4316     7.4141     67.914  34.901981     47.874      6.192   336.1983     0.9705     9.4841     0.0245      0.065      7.008     10.163       1049 3.1089e-01 0.0000e+00
      7.154    11.4305     7.4159     67.932  34.925373     47.951      6.186   336.4254     0.9705     9.4572     0.0246      0.062      7.017     10.177       1050 2.9987e-01 0.0000e+00
      7.165    11.4297     7.4140     67.914  34.901495     47.876      6.188   336.3497     0.9826     9.4035     0.0245      0.059      7.027     10.192       1051 2.5809e-01 0.0000e+00
      7.180    11.4302     7.4099     67.876  34.872381     47.877      6.188   336.8419     0.9745     9.4438     0.0245      0.054      7.042     10.214       1052 2.7814e-01 0.0000e+00
      7.198    11.4304     7.4062     67.844  34.902290     47.878      6.190   337.0312     1.0473     9.5647     0.0245      0.052      7.060     10.240       1053 3.0146e-01 0.0000e+00
      7.221    11.4300     7.3982     67.770  34.923591     47.954      6.192   336.2362     1.0473     9.5244     0.0246      0.055      7.080     10.269       1054 2.6713e-01 0.0000e+00
      7.239    11.4297     7.3898     67.693  34.905189     47.877      6.193   335.9712     1.0635     9.4304     0.0245      0.058      7.095     10.290       1055 2.6125e-01 0.0000e+00
      7.243    11.4294     7.3837     67.636  34.865874     47.878      6.193   336.1983     1.0352     9.4035     0.0245      0.057      7.101     10.299       1056 2.7455e-01 0.0000e+00
      7.242    11.4291     7.3868     67.667  34.853886     47.801      6.190   336.5390     1.0271     9.2558     0.0245      0.055      7.102     10.300       1057 2.4448e-01 0.0000e+00
      7.242    11.4293     7.3818     67.627  34.860793     47.879      6.195   336.2362     1.0514     9.2290     0.0245      0.049      7.102     10.301       1058 2.4537e-01 0.0000e+00
      7.243    11.4305     7.3790     67.602  34.857277     47.802      6.191   336.5012     1.0271     9.3364     0.0245      0.040      7.103     10.301       1059 2.4321e-01 0.0000e+00
      7.243    11.4309     7.3843     67.647  34.917578     47.955      6.192   336.7662     1.0352     9.2827     0.0246      0.028      7.103     10.302       1060 2.5862e-01 0.0000e+00
      7.243    11.4304     7.3900     67.695  34.904383     47.877      6.192   336.2362     1.0352     9.2558     0.0245      0.017      7.104     10.303       1061 2.7434e-01 0.0000e+00
      7.245    11.4305     7.3975     67.761  34.873697     47.877      6.192   336.5012     0.8856     9.2021     0.0245      0.007      7.105     10.305       1062 2.5242e-01 0.0000e+00
      7.247    11.4312     7.4075     67.851  34.896450     47.877      6.192   336.5390     0.8977     9.2827     0.0245      0.003      7.110     10.312       1063 2.4044e-01 0.0000e+00
      7.259    11.4314     7.4089     67.862  34.876068     47.877      6.194   336.3497     0.9018     9.2155     0.0245      0.006      7.119     10.325       1064 2.4915e-01 0.0000e+00
      7.272    11.4312     7.4069     67.845  34.899062     47.876      6.193   335.9712     0.9058     9.2424     0.0245      0.012      7.130     10.341       1065 2.6723e-01 0.0000e+00
      7.279    11.4308     7.4155     67.924  34.927151     47.953      6.190   338.8483     1.0392     9.2827     0.0246      0.018      7.139     10.355       1066 2.3935e-01 0.0000e+00
      7.289    11.4324     7.4110     67.882  34.900428     47.876      6.193   337.7505     1.0150     9.1887     0.0245      0.024      7.149     10.369       1067 2.4953e-01 0.0000e+00
      7.300    11.4358     7.4107     67.879  34.873001     47.877      6.192   338.1290     1.0676     9.3095     0.0245      0.030      7.161     10.386       1068 2.6083e-01 0.0000e+00
      7.318    11.4361     7.4054     67.832  34.842651     47.798      6.191   338.3940     1.0756     9.3901     0.0245      0.037      7.177     10.410       1069 2.5832e-01 0.0000e+00
      7.340    11.4340     7.4004     67.788  34.878882     47.870      6.189   337.6369     1.0352     9.4304     0.0245      0.045      7.196     10.437       1070 2.6550e-01 0.0000e+00
      7.356    11.4316     7.3882     67.681  34.946543     47.946      6.187   337.6369     1.0392     9.5512     0.0246      0.052      7.215     10.465       1071 2.1169e-01 0.0000e+00
      7.378    11.4295     7.3836     67.644  34.936397     47.949      6.187   340.2490     1.0271     9.5378     0.0246      0.058      7.235     10.493       1072 1.8951e-01 0.0000e+00
      7.397    11.4286     7.3838     67.645  34.891511     47.876      6.180   340.0976     1.0635     9.5110     0.0245      0.063      7.250     10.515       1073 2.2400e-01 0.0000e+00
      7.401    11.4280     7.3879     67.678  34.943088     47.955      6.182   340.0597     0.9665     9.2693     0.0246      0.066      7.259     10.528       1074 2.2945e-01 0.0000e+00
      7.408    11.4279     7.3865     67.661  34.931526     47.956      6.180   339.3783     0.9867     9.2558     0.0246      0.064      7.266     10.539       1075 1.9951e-01 0.0000e+00
      7.419    11.4281     7.3873     67.666  34.846585     47.804      6.180   339.3783     0.9665     9.3364     0.0245      0.059      7.277     10.554       1076 1.8932e-01 0.0000e+00
      7.435    11.4278     7.3944     67.730  34.930165     47.957      6.182   340.4383     0.9422     9.2961     0.0246      0.054      7.291     10.574       1077 2.2177e-01 0.0000e+00
      7.450    11.4276     7.3996     67.776  34.946144     47.957      6.181   340.5897     1.0635     9.2827     0.0246      0.050      7.304     10.593       1078 2.2068e-01 0.0000e+00
      7.459    11.4281     7.3999     67.779  34.886015     47.881      6.182   340.7033     1.0352     9.3230     0.0245      0.047      7.314     10.608       1079 1.7778e-01 0.0000e+00
      7.466    11.4300     7.4013     67.792  34.886363     47.881      6.182   340.8926     1.0554     9.2827     0.0245      0.043      7.322     10.620       1080 1.9431e-01 0.0000e+00
      7.474    11.4332     7.3994     67.775  34.886394     47.880      6.180   340.6276     1.0190     9.3230     0.0245      0.042      7.329     10.630       1081 2.2021e-01 0.0000e+00
      7.481    11.4359     7.4046     67.821  34.885975     47.878      6.183   341.0062     1.0029     9.1484     0.0245      0.041      7.338     10.642       1082 1.9991e-01 0.0000e+00
      7.492    11.4360     7.4082     67.853  34.886884     47.873      6.183   339.2647     0.9220     9.2827     0.0245      0.040      7.350     10.659       1083 1.8310e-01 0.0000e+00
      7.511    11.4332     7.4079     67.849  34.885263     47.870      6.185   340.1355     0.9018     9.2827     0.0245      0.040      7.365     10.682       1084 2.0090e-01 0.0000e+00
      7.528    11.4302     7.4136     67.902  34.887993     47.870      6.186   339.7947     0.9139     9.2558     0.0245      0.042      7.381     10.704       1085 2.0516e-01 0.0000e+00
      7.539    11.4285     7.4115     67.881  34.883487     47.873      6.184   340.6655     0.9260     9.3364     0.0245      0.044      7.394     10.723       1086 1.9394e-01 0.0000e+00
      7.551    11.4275     7.4069     67.837  34.890870     47.877      6.185   341.0062     0.9705     9.4035     0.0245      0.047      7.405     10.740       1087 2.1645e-01 0.0000e+00
      7.564    11.4270     7.4116     67.881  34.938122     47.956      6.185   341.2333     0.9543     9.5110     0.0246      0.051      7.419     10.760       1088 2.1385e-01 0.0000e+00
      7.582    11.4267     7.4142     67.905  34.884001     47.881      6.182   338.9619     0.9665     9.4438     0.0245      0.054      7.435     10.784       1089 1.8106e-01 0.0000e+00
      7.600    11.4270     7.4121     67.886  34.839592     47.805      6.181   339.6055     0.9503     9.4035     0.0245      0.057      7.453     10.810       1090 1.6044e-01 0.0000e+00
      7.619    11.4269     7.4114     67.880  34.874757     47.882      6.181   339.6055     0.9745     9.5378     0.0245      0.059      7.472     10.838       1091 1.5817e-01 0.0000e+00
      7.640    11.4264     7.4142     67.906  34.899554     47.882      6.183   339.8326     0.9665     9.4438     0.0245      0.062      7.491     10.865       1092 1.7910e-01 0.0000e+00
      7.657    11.4258     7.4089     67.857  34.927364     47.958      6.180   341.1197     0.9705     9.5647     0.0246      0.065      7.506     10.888       1093 1.6515e-01 0.0000e+00
      7.667    11.4249     7.4052     67.824  34.899464     47.883      6.179   341.0819     0.9624     9.4572     0.0245      0.066      7.519     10.906       1094 1.4921e-01 0.0000e+00
      7.680    11.4248     7.4086     67.854  34.934275     47.960      6.178   338.9619     1.0514     9.2424     0.0246      0.066      7.531     10.923       1095 1.6794e-01 0.0000e+00
      7.691    11.4242     7.4048     67.819  34.943359     47.961      6.178   339.3026     1.0514     9.3095     0.0246      0.064      7.542     10.939       1096 1.4033e-01 0.0000e+00
      7.701    11.4234     7.3964     67.742  34.888161     47.884      6.177   339.1890     1.0595     9.2827     0.0245      0.059      7.552     10.954       1097 1.3399e-01 0.0000e+00
      7.712    11.4235     7.3986     67.761  34.884336     47.885      6.177   339.2647     1.0352     9.2424     0.0245      0.053      7.564     10.971       1098 1.5424e-01 0.0000e+00
      7.728    11.4238     7.3958     67.735  34.829487     47.810      6.177   340.3247     0.9786     9.8064     0.0245      0.050      7.578     10.991       1099 1.2856e-01 0.0000e+00
      7.741    11.4239     7.3989     67.766  34.837788     47.810      6.178   340.9305     1.0069     9.6989     0.0245      0.048      7.590     11.008       1100 1.2444e-01 0.0000e+00
      7.750    11.4242     7.4002     67.780  34.874005     47.886      6.178   339.6433     0.9745     9.6587     0.0245      0.047      7.600     11.023       1101 1.4899e-01 0.0000e+00
      7.760    11.4243     7.4035     67.808  34.843732     47.809      6.178   339.7190     0.9665     9.6587     0.0245      0.046      7.613     11.040       1102 1.5202e-01 0.0000e+00
      7.778    11.4242     7.4006     67.779  34.875462     47.885      6.179   339.8705     0.9745     9.6587     0.0245      0.047      7.629     11.065       1103 1.3054e-01 0.0000e+00
      7.801    11.4246     7.4032     67.802  34.893834     47.885      6.176   339.6812     0.9745     9.5378     0.0245      0.051      7.649     11.094       1104 1.2627e-01 0.0000e+00
      7.819    11.4241     7.4094     67.859  34.880186     47.885      6.173   340.1733     0.9867     9.4438     0.0245      0.056      7.666     11.120       1105 1.2336e-01 0.0000e+00
      7.832    11.4236     7.3922     67.702  34.833131     47.808      6.174   341.7633     0.9745     9.4170     0.0245      0.059      7.681     11.140       1106 1.3324e-01 0.0000e+00
