Data/DataNotYetUploadedToEDI/Raw_CTD/2018_RawDownloads/071618_fcr10.cnv
* Sea-Bird SBE19plus  Data File:
* FileName = C:\DATA\071618_fcr_0001.hex
* Software version 2.6.3.104
* Temperature SN = 7809
* Conductivity SN = 7809
* System UpLoad Time = Jul 16 2018 16:09:12
* <ApplicationData>
* <Seaterm232>
# nquan = 17
# nvalues = 411                         
# units = specified
# name 0 = depFM: Depth [fresh water, m]
# name 1 = tv290C: Temperature [ITS-90, deg C]
# name 2 = sbeox0Mg/L: Oxygen, SBE 43 [mg/l]
# name 3 = sbeox0PS: Oxygen, SBE 43 [% saturation]
# name 4 = c0uS/cm: Conductivity [uS/cm]
# name 5 = specc: Specific Conductance [uS/cm]
# name 6 = ph: pH
# name 7 = orp: Oxidation Reduction Potential [mV]
# name 8 = flECO-AFL: Fluorescence, WET Labs ECO-AFL/FL [mg/m^3]
# name 9 = turbWETntu0: Turbidity, WET Labs ECO [NTU]
# name 10 = sal00: Salinity, Practical [PSU]
# name 11 = dz/dtM: Descent Rate [m/s]
# name 12 = prdM: Pressure, Strain Gauge [db]
# name 13 = prdE: Pressure, Strain Gauge [psi]
# name 14 = scan: Scan Count
# name 15 = par/sat/log: PAR/Logarithmic, Satlantic
# name 16 = flag:  0.000e+00
# span 0 =     -0.540,      2.119       
# span 1 =    23.9685,    30.1456       
# span 2 =     5.5705,    14.7966       
# span 3 =     70.945,    177.833       
# span 4 =   0.244013,  40.291134       
# span 5 =      0.462,     41.187       
# span 6 =     -2.336,      8.609       
# span 7 = -1240.7455,  1240.2295       
# span 8 =    -1.7468,     5.2770       
# span 9 =    -4.9912,    29.6126       
# span 10 =     0.0135,     0.0259      
# span 11 =     -0.150,      0.144      
# span 12 =     -0.529,      2.077      
# span 13 =     -0.767,      3.012      
# span 14 =          1,        411      
# span 15 = 1.9746e+02, 2.9096e+03      
# span 16 = 0.0000e+00, 0.0000e+00      
# interval = seconds: 0.25
# start_time = Jul 16 2018 15:34:58 [Instrument's time stamp, header]
# bad_flag = -9.990e-29
*END*
     -0.539    30.0506     7.7434    102.616   0.613320      0.564      6.555 -1240.7455    -0.1577    -0.6943     0.0135 -4.211e-16     -0.528     -0.766          1 2.7985e+03 0.0000e+00
     -0.539    30.0570     7.7418    102.601   0.574571      0.513      5.933 -1240.7455    -0.1860    -0.6674     0.0136 -2.105e-16     -0.528     -0.767          2 2.8058e+03 0.0000e+00
     -0.540    30.0632     7.7429    102.621   0.614873      0.564      3.249 -1240.7455    -0.1981    -0.6943     0.0135     -0.000     -0.529     -0.767          3 2.8661e+03 0.0000e+00
     -0.539    30.0686     7.7418    102.612   0.622377      0.564     -0.024 -1240.7455    -0.1617    -0.7077     0.0136     -0.000     -0.529     -0.767          4 2.7812e+03 0.0000e+00
     -0.539    30.0735     7.7447    102.657   0.565232      0.513     -0.368 -1240.7455    -0.1698    -0.6271     0.0136     -0.000     -0.529     -0.767          5 2.7615e+03 0.0000e+00
     -0.540    30.0772     7.7455    102.673   0.567566      0.513      0.948 -1240.7455    -0.1698    -0.7077     0.0136     -0.000     -0.529     -0.767          6 2.6622e+03 0.0000e+00
     -0.539    30.0805     7.7484    102.717   0.619473      0.564      0.713 -1240.7455    -0.1698    -0.7748     0.0136     -0.000     -0.529     -0.767          7 2.7932e+03 0.0000e+00
     -0.539    30.0838     7.7477    102.713   0.619057      0.564     -2.336 -1240.7455    -0.1860    -0.6137     0.0136     -0.000     -0.529     -0.767          8 2.5411e+03 0.0000e+00
     -0.539    30.0870     7.7455    102.688   0.568083      0.513     -2.336 -1240.7455    -0.1617    -0.6943     0.0136     -0.000     -0.529     -0.767          9 1.9526e+03 0.0000e+00
     -0.540    30.0906     7.7516    102.774   0.564487      0.513     -2.335 -1240.7455    -0.1698    -0.7077     0.0136     -0.000     -0.529     -0.767         10 2.5462e+03 0.0000e+00
     -0.539    30.0946     7.7468    102.715   0.564322      0.513     -2.335 -1240.7455    -0.1779    -0.7211     0.0136     -0.000     -0.529     -0.767         11 2.8036e+03 0.0000e+00
     -0.538    30.0979     7.7492    102.751   0.568288      0.513      0.113 -1240.7455    -0.1617    -0.6943     0.0136      0.000     -0.529     -0.767         12 2.6721e+03 0.0000e+00
     -0.539    30.1012     7.7488    102.750   0.559549      0.513      3.036 -1240.7455    -0.1617    -0.7883     0.0136      0.000     -0.529     -0.767         13 2.7743e+03 0.0000e+00
     -0.540    30.1046     7.7500    102.770   0.575197      0.513      4.588 -1240.7455    -0.1860    -0.7748     0.0136      0.000     -0.529     -0.767         14 2.7538e+03 0.0000e+00
     -0.539    30.1080     7.7470    102.734   0.548815      0.513      5.463 -1240.7455    -0.1779    -0.5869     0.0136     -0.000     -0.529     -0.767         15 2.8295e+03 0.0000e+00
     -0.539    30.1111     7.7455    102.719   0.592380      0.513      5.950 -1240.7455    -0.1536    -0.5197     0.0136      0.000     -0.529     -0.767         16 2.7788e+03 0.0000e+00
     -0.539    30.1143     7.7466    102.737   0.580193      0.563      6.222 -1240.7455    -0.2345    -1.0703     0.0136     -0.000     -0.529     -0.767         17 2.6298e+03 0.0000e+00
     -0.539    30.1175     7.7498    102.784   0.563984      0.462      6.375 -1240.7455    -0.2264    -1.1777     0.0136      0.000     -0.529     -0.767         18 2.7012e+03 0.0000e+00
     -0.539    30.1201     7.7461    102.738   0.671764      0.665      6.462 -1240.7455    -0.2547    -1.1508     0.0136      0.000     -0.529     -0.767         19 2.8458e+03 0.0000e+00
     -0.539    30.1228     7.7463    102.744   0.742119      0.614      6.503 -1240.7455    -0.2102    -1.1105     0.0136     -0.000     -0.529     -0.767         20 2.8315e+03 0.0000e+00
     -0.540    30.1251     7.7478    102.763   0.654063      0.665      6.531 -1240.7455    -0.2668    -0.6674     0.0136      0.000     -0.529     -0.767         21 2.7496e+03 0.0000e+00
     -0.539    30.1273     7.7468    102.748   0.840559      0.665      6.547 -1240.7455    -0.3032    -0.6674     0.0136     -0.000     -0.529     -0.767         22 2.4983e+03 0.0000e+00
     -0.538    30.1296     7.7490    102.776   3.263551      2.967      6.557 -1240.7455    -0.3073    -0.6674     0.0137      0.000     -0.529     -0.767         23 2.3324e+03 0.0000e+00
     -0.540    30.1321     7.7506    102.795   3.678738      3.524      6.558 -1240.7455    -0.2992    -0.6943     0.0138     -0.000     -0.529     -0.767         24 2.2596e+03 0.0000e+00
     -0.539    30.1344     7.7479    102.759   0.975289      0.664      6.558 -1240.7455    -0.1941    -0.6406     0.0136      0.000     -0.529     -0.767         25 2.1228e+03 0.0000e+00
     -0.539    30.1368     7.7493    102.778   0.587901      0.664      6.561 -1240.7455    -0.1941    -0.7211     0.0136      0.000     -0.529     -0.767         26 2.0342e+03 0.0000e+00
     -0.540    30.1390     7.7517    102.810   0.815102      0.664      6.559 -1240.7455    -0.1779    -0.7211     0.0136     -0.000     -0.529     -0.767         27 1.2787e+03 0.0000e+00
     -0.539    30.1413     7.7482    102.764   0.692542      0.664      6.558 -1240.7455    -0.1617    -0.6943     0.0136     -0.000     -0.529     -0.767         28 1.0347e+03 0.0000e+00
     -0.540    30.1437     7.7500    102.786   0.799637      0.715      6.565 -1240.7455    -0.1941    -0.6943     0.0136     -0.000     -0.529     -0.767         29 2.4162e+03 0.0000e+00
     -0.540    30.1449     7.7491    102.770   0.681824      0.614      6.563 -1240.7455    -0.1658    -0.6943     0.0136     -0.000     -0.529     -0.767         30 2.4094e+03 0.0000e+00
     -0.539    30.1444     7.7739    102.753   0.720734      0.664      6.563 -1240.7455    -0.1738    -0.7480     0.0136     -0.000     -0.529     -0.767         31 2.2602e+03 0.0000e+00
     -0.540    30.1439     7.8649    102.787   0.692002      0.614      6.556 -1240.7455    -0.1658    -0.7077     0.0136     -0.000     -0.529     -0.767         32 1.9218e+03 0.0000e+00
     -0.539    30.1429     7.9347    102.784   0.658368      0.614      6.538 -1240.7455    -0.1698    -0.6943     0.0136     -0.000     -0.528     -0.766         33 1.1977e+03 0.0000e+00
     -0.539    30.1426     7.9818    102.825   0.703378      0.614      2.794 -1240.7455     0.1820     0.1517     0.0136      0.000     -0.528     -0.766         34 1.6483e+03 0.0000e+00
     -0.539    30.1414     8.0086    102.792   0.695200      0.664     -2.167 -1240.7455     0.1658     0.1114     0.0136      0.000     -0.528     -0.766         35 8.7450e+02 0.0000e+00
     -0.539    30.1431     8.0314    102.812   0.727757      0.614     -2.334 -1240.7455     0.1375     0.2591     0.0136      0.000     -0.528     -0.766         36 3.7175e+02 0.0000e+00
     -0.539    30.1405     8.0433    102.783   0.603650      0.614     -2.334 -1240.7455     0.1335     0.0845     0.0136      0.000     -0.528     -0.766         37 7.2828e+02 0.0000e+00
     -0.539    30.1444     8.0580    102.802   0.849650      0.664     -2.334 -1240.7455    -0.1415     0.1785     0.0136      0.000     -0.528     -0.766         38 1.4548e+03 0.0000e+00
     -0.539    30.1373     8.0771    102.873   0.480827      0.614     -2.334 -1240.7455    -0.1698     0.1920     0.0136      0.000     -0.528     -0.766         39 1.8541e+03 0.0000e+00
     -0.539    30.1456     8.1059    103.108   1.062645      0.664     -2.334 -1240.7455    -0.1617     0.1517     0.0136      0.000     -0.527     -0.765         40 1.8523e+03 0.0000e+00
     -0.537    29.9213     8.1407    103.467   0.244013      0.715     -2.334 -1240.7455    -0.1738     0.0980     0.0136      0.001     -0.520     -0.755         41 1.9603e+03 0.0000e+00
     -0.516    29.3068     8.1734    103.840   1.677236      0.715     -2.334 -1240.7455    -0.1738    -4.9509     0.0136      0.006     -0.498     -0.724         42 2.1083e+03 0.0000e+00
     -0.472    28.7770     8.2034    104.198  10.147178      9.986      1.652   939.8700    -0.1375    -4.8972     0.0156      0.022     -0.462     -0.670         43 1.8789e+03 0.0000e+00
     -0.426    28.4729     8.2242    104.444  20.120512     17.742      4.389  1240.2295    -0.1698    -4.9912     0.0181      0.046     -0.425     -0.615         44 1.4251e+03 0.0000e+00
     -0.401    28.2558     8.2411    104.652  32.406041     30.817      6.089   279.6017    -0.1617    -4.9107     0.0229      0.068     -0.395     -0.573         45 2.1590e+03 0.0000e+00
     -0.380    28.1106     8.2503    104.759  38.283557     35.545      7.111   245.6438    -0.8896     8.3696     0.0247      0.087     -0.368     -0.535         46 2.5351e+03 0.0000e+00
     -0.346    28.0067     8.2512    104.771  37.681839     35.527      7.711   221.9073    -1.7145     8.4233     0.0247      0.105     -0.335     -0.487         47 2.5010e+03 0.0000e+00
     -0.300    27.9159     8.2460    104.732  37.840790     35.523      8.071   216.9858    -1.7266     8.4099     0.0247      0.122     -0.296     -0.430         48 2.6574e+03 0.0000e+00
     -0.263    27.8209     8.2440    104.714  37.670575     35.589      8.273   186.7757    -1.7387     8.3696     0.0247      0.133     -0.257     -0.373         49 2.7584e+03 0.0000e+00
     -0.221    27.7496     8.2512    104.808  37.893728     35.757      8.360   171.8221    -1.7468     8.4501     0.0247      0.138     -0.217     -0.315         50 2.8341e+03 0.0000e+00
     -0.178    27.7033     8.2555    104.866  37.859737     35.874      8.393   171.5193     1.2374    29.6126     0.0247      0.140     -0.178     -0.258         51 2.8034e+03 0.0000e+00
     -0.145    27.6803     8.2601    104.918  37.772244     35.764      8.370   179.3179     1.2657    29.5723     0.0247      0.143     -0.148     -0.215         52 2.8596e+03 0.0000e+00
     -0.131    27.6676     8.2683    105.029  37.765365     35.849      8.341   178.8257     1.2455    29.5052     0.0247      0.144     -0.133     -0.192         53 2.8111e+03 0.0000e+00
     -0.129    27.6581     8.2678    105.030  37.868322     35.917      8.331   177.9928     1.2495    29.5589     0.0247      0.134     -0.128     -0.185         54 2.9096e+03 0.0000e+00
     -0.131    27.6538     8.2641    105.001  37.881412     35.979      8.340   177.9928     1.5811     1.0514     0.0247      0.112     -0.128     -0.185         55 2.7612e+03 0.0000e+00
     -0.131    27.6485     8.2597    104.954  37.867725     35.932      8.349   177.6900     1.5932     1.0111     0.0247      0.085     -0.125     -0.182         56 2.2509e+03 0.0000e+00
     -0.122    27.6501     8.2201    104.443  37.826040     35.935      8.361   175.8728     1.5649     0.9574     0.0247      0.062     -0.119     -0.172         57 2.1562e+03 0.0000e+00
     -0.111    27.6633     8.1363    103.361  37.814648     35.886      8.371   174.5100     1.5730     1.0245     0.0247      0.042     -0.109     -0.157         58 2.3699e+03 0.0000e+00
     -0.100    27.6680     8.0388    102.103  37.881905     35.991      8.384   174.3207     1.6862     1.2393     0.0247      0.028     -0.098     -0.142         59 2.7861e+03 0.0000e+00
     -0.089    27.6691     7.9995    101.593  37.920304     35.981      8.398   172.8821     1.6903     1.1722     0.0247      0.024     -0.086     -0.125         60 2.8910e+03 0.0000e+00
     -0.073    27.6702     8.0100    101.719  37.885500     35.979      8.413   172.8064     1.7307     1.3199     0.0247      0.028     -0.072     -0.105         61 2.7844e+03 0.0000e+00
     -0.059    27.6680     7.9897    101.460  37.925216     35.978      8.425   174.3964     1.7064     1.2662     0.0247      0.037     -0.060     -0.088         62 2.7900e+03 0.0000e+00
     -0.054    27.6705     7.9348    100.762  37.989519     36.083      8.428   174.3964     2.0259     1.2125     0.0248      0.042     -0.054     -0.079         63 2.7938e+03 0.0000e+00
     -0.053    27.6756     7.8595     99.809  37.864798     35.926      8.423   175.7593     2.0259     1.1856     0.0247      0.042     -0.053     -0.077         64 2.8640e+03 0.0000e+00
     -0.054    27.6841     7.8087     99.172  37.665180     35.764      8.413   176.1000     2.0299     1.2393     0.0246      0.037     -0.053     -0.077         65 2.8392e+03 0.0000e+00
     -0.055    27.6894     7.7755     98.763  37.555743     35.629      8.420   176.4028     2.0097     1.2125     0.0246      0.030     -0.053     -0.077         66 2.7124e+03 0.0000e+00
     -0.054    27.6855     7.7311     98.209  37.674722     35.755      8.426   177.0086     2.0097     1.2796     0.0246      0.022     -0.053     -0.076         67 2.6700e+03 0.0000e+00
     -0.053    27.6759     7.6660     97.389  37.843376     35.911      8.435   228.8351     1.8642     1.3065     0.0247      0.014     -0.052     -0.075         68 2.7723e+03 0.0000e+00
     -0.051    27.6655     7.6201     96.801  37.850085     35.913      8.446   241.2523     1.9005     1.2528     0.0247      0.007     -0.050     -0.072         69 2.7958e+03 0.0000e+00
     -0.049    27.6588     7.5994     96.533  37.844338     35.920      8.453   234.2109     1.8925     1.2125     0.0247      0.003     -0.048     -0.069         70 2.7798e+03 0.0000e+00
     -0.047    27.6553     7.5995     96.530  37.909852     35.980      8.456   182.9521     1.8722     1.3602     0.0247      0.003     -0.046     -0.067         71 2.7671e+03 0.0000e+00
     -0.046    27.6544     7.5801     96.285  38.035506     36.117      8.453   233.4916     2.0704     1.1856     0.0248      0.004     -0.045     -0.065         72 2.7501e+03 0.0000e+00
     -0.045    27.6543     7.5480     95.878  38.221867     36.279      8.455   187.1164     2.0825     1.2662     0.0248      0.005     -0.044     -0.064         73 2.7034e+03 0.0000e+00
     -0.043    27.6555     7.4908     95.150  38.330478     36.412      8.445   181.2107     2.0582     1.2393     0.0249      0.006     -0.042     -0.061         74 2.7099e+03 0.0000e+00
     -0.042    27.6602     7.4235     94.299  38.226617     36.280      8.443   219.9387     2.0785     1.2125     0.0248      0.006     -0.041     -0.059         75 2.7439e+03 0.0000e+00
     -0.041    27.6672     7.3527     93.411  38.202813     36.279      8.451   184.0879     1.9086     1.0379     0.0248      0.006     -0.041     -0.059         76 2.7821e+03 0.0000e+00
     -0.040    27.6736     7.2774     92.464  38.271115     36.329      8.449   181.5136     1.8844     0.9574     0.0249      0.005     -0.041     -0.059         77 2.7235e+03 0.0000e+00
     -0.042    27.6766     7.1836     91.282  38.319582     36.377      8.455   221.5665     1.8803     0.9036     0.0249      0.004     -0.042     -0.061         78 2.2962e+03 0.0000e+00
     -0.045    27.6747     7.0882     90.076  38.350125     36.399      8.468   231.5987     1.8722     0.9842     0.0249      0.002     -0.044     -0.063         79 2.0449e+03 0.0000e+00
     -0.046    27.6712     7.0031     89.002  38.322086     36.370      8.477   228.4944     1.8358     1.0245     0.0249      0.000     -0.045     -0.065         80 2.1655e+03 0.0000e+00
     -0.047    27.6694     6.9487     88.327  38.324813     36.372      8.482   229.6680     1.8116     1.0379     0.0249     -0.001     -0.045     -0.065         81 2.1052e+03 0.0000e+00
     -0.046    27.6694     6.9441     88.277  38.376394     36.427      8.483   228.1916     1.8197     0.9574     0.0249     -0.003     -0.044     -0.064         82 2.0879e+03 0.0000e+00
     -0.044    27.6698     6.9924     88.888  38.435864     36.482      8.483   229.0623     1.7914     1.1453     0.0249     -0.003     -0.043     -0.063         83 2.3251e+03 0.0000e+00
     -0.043    27.6695     7.0941     90.181  38.488096     36.535      8.483   227.5480     2.0704     0.8902     0.0250     -0.002     -0.043     -0.062         84 2.4826e+03 0.0000e+00
     -0.044    27.6719     7.2082     91.636  38.519026     36.561      8.485   226.4123     2.1229     0.8634     0.0250     -0.001     -0.043     -0.062         85 2.2605e+03 0.0000e+00
