Data/DataNotYetUploadedToEDI/Raw_CTD/2018_RawDownloads/071618_fcr10.cnv
* Sea-Bird SBE19plus  Data File:
* FileName = C:\DATA\071618_fcr_0001.hex
* Software version 2.6.3.104
* Temperature SN = 7809
* Conductivity SN = 7809
* System UpLoad Time = Jul 16 2018 16:09:12
* <ApplicationData>
* <Seaterm232>
# nquan = 17
# nvalues = 411                         
# units = specified
# name 0 = depFM: Depth [fresh water, m]
# name 1 = tv290C: Temperature [ITS-90, deg C]
# name 2 = sbeox0Mg/L: Oxygen, SBE 43 [mg/l]
# name 3 = sbeox0PS: Oxygen, SBE 43 [% saturation]
# name 4 = c0uS/cm: Conductivity [uS/cm]
# name 5 = specc: Specific Conductance [uS/cm]
# name 6 = ph: pH
# name 7 = orp: Oxidation Reduction Potential [mV]
# name 8 = flECO-AFL: Fluorescence, WET Labs ECO-AFL/FL [mg/m^3]
# name 9 = turbWETntu0: Turbidity, WET Labs ECO [NTU]
# name 10 = sal00: Salinity, Practical [PSU]
# name 11 = dz/dtM: Descent Rate [m/s]
# name 12 = prdM: Pressure, Strain Gauge [db]
# name 13 = prdE: Pressure, Strain Gauge [psi]
# name 14 = scan: Scan Count
# name 15 = par/sat/log: PAR/Logarithmic, Satlantic
# name 16 = flag:  0.000e+00
# span 0 =     -0.540,      2.119       
# span 1 =    23.9685,    30.1456       
# span 2 =     5.5705,    14.7966       
# span 3 =     70.945,    177.833       
# span 4 =   0.244013,  40.291134       
# span 5 =      0.462,     41.187       
# span 6 =     -2.336,      8.609       
# span 7 = -1240.7455,  1240.2295       
# span 8 =    -1.7468,     5.2770       
# span 9 =    -4.9912,    29.6126       
# span 10 =     0.0135,     0.0259      
# span 11 =     -0.150,      0.144      
# span 12 =     -0.529,      2.077      
# span 13 =     -0.767,      3.012      
# span 14 =          1,        411      
# span 15 = 1.9746e+02, 2.9096e+03      
# span 16 = 0.0000e+00, 0.0000e+00      
# interval = seconds: 0.25
# start_time = Jul 16 2018 15:34:58 [Instrument's time stamp, header]
# bad_flag = -9.990e-29
*END*
[from data line 256]
      0.233    27.2842     9.5706    120.469  37.366783     35.726      8.537   202.8272     2.2240     1.3333     0.0245      0.031      0.229      0.333        257 1.1622e+03 0.0000e+00
      0.245    27.2734     9.5807    120.565  37.317136     35.674      8.540   202.6379     2.1957     1.3065     0.0245      0.036      0.240      0.348        258 1.6820e+03 0.0000e+00
      0.255    27.2673     9.5875    120.631  37.322459     35.681      8.542   202.6379     2.2159     1.2393     0.0245      0.040      0.249      0.362        259 1.5887e+03 0.0000e+00
      0.263    27.2664     9.6024    120.803  37.360163     35.742      8.545   201.7672     2.1836     1.2393     0.0245      0.041      0.258      0.375        260 1.2468e+03 0.0000e+00
      0.273    27.2654     9.6247    121.078  37.270220     35.639      8.546   212.3672     2.1998     1.1856     0.0245      0.041      0.268      0.389        261 1.2093e+03 0.0000e+00
      0.284    27.2553     9.6321    121.169  37.256434     35.640      8.543   202.4108     2.2240     1.2662     0.0245      0.040      0.279      0.405        262 1.6724e+03 0.0000e+00
      0.296    27.2450     9.6544    121.458  37.258678     35.640      8.543   201.9565     2.2281     1.2393     0.0245      0.040      0.292      0.424        263 1.5377e+03 0.0000e+00
      0.314    27.2348     9.6576    121.508  37.267429     35.648      8.542   202.0322     2.2079     1.1588     0.0245      0.042      0.308      0.447        264 9.8348e+02 0.0000e+00
      0.333    27.2140     9.6524    121.450  37.304870     35.708      8.539   201.6915     2.1553     1.1856     0.0245      0.046      0.326      0.474        265 9.4265e+02 0.0000e+00
      0.353    27.1848     9.6596    121.552  37.212089     35.608      8.539   202.2215     2.1512     1.2393     0.0245      0.051      0.345      0.501        266 9.7668e+02 0.0000e+00
      0.371    27.1602     9.6654    121.639  37.204940     35.622      8.542   202.6758     2.1472     1.1856     0.0245      0.058      0.363      0.527        267 1.3053e+03 0.0000e+00
      0.388    27.1459     9.6672    121.670  37.254459     35.696      8.543   202.7515     2.1634     1.3199     0.0245      0.063      0.380      0.551        268 1.6091e+03 0.0000e+00
      0.404    27.1366     9.6573    121.546  37.209798     35.659      8.546   203.5844     2.3453     1.2259     0.0245      0.067      0.395      0.573        269 1.7755e+03 0.0000e+00
      0.418    27.1299     9.6617    121.597  37.201212     35.669      8.551   203.9629     2.3534     1.2662     0.0245      0.068      0.409      0.594        270 1.2337e+03 0.0000e+00
      0.431    27.1267     9.6470    121.406  37.205832     35.675      8.550   204.5308     2.3453     1.2796     0.0245      0.067      0.423      0.614        271 1.1933e+03 0.0000e+00
      0.446    27.1261     9.6249    121.126  37.204053     35.680      8.555   204.8715     2.3736     1.2662     0.0245      0.065      0.438      0.635        272 1.8611e+03 0.0000e+00
      0.461    27.1294     9.6193    121.055  37.203429     35.682      8.556   204.7201     2.4667     1.2393     0.0245      0.062      0.453      0.656        273 1.6063e+03 0.0000e+00
      0.476    27.1342     9.6407    121.322  37.206610     35.683      8.559   205.3258     2.4545     1.1991     0.0245      0.059      0.468      0.678        274 1.3193e+03 0.0000e+00
      0.493    27.1378     9.6229    121.096  37.200095     35.680      8.559   205.8179     2.4667     1.3333     0.0245      0.059      0.483      0.700        275 9.4349e+02 0.0000e+00
      0.507    27.1429     9.6447    121.359  37.211538     35.677      8.556   205.8936     2.4788     1.2393     0.0245      0.058      0.497      0.720        276 7.8109e+02 0.0000e+00
      0.520    27.1493     9.6281    121.122  37.251689     35.728      8.561   206.3101     2.5435     1.2393     0.0245      0.058      0.510      0.740        277 9.0422e+02 0.0000e+00
      0.533    27.1528     9.6271    121.093  37.209445     35.671      8.564   206.3101     2.5192     1.1991     0.0245      0.058      0.524      0.760        278 9.1392e+02 0.0000e+00
      0.550    27.1533     9.6301    121.127  37.204785     35.666      8.568   206.3479     2.5394     1.3199     0.0245      0.058      0.540      0.782        279 8.2724e+02 0.0000e+00
      0.567    27.1511     9.6274    121.087  37.198164     35.664      8.572   206.7265     2.5718     1.2528     0.0245      0.058      0.556      0.806        280 8.2063e+02 0.0000e+00
      0.584    27.1487     9.6262    121.067  37.217684     35.664      8.571   207.4458     2.6244     1.1722     0.0245      0.059      0.572      0.830        281 8.9974e+02 0.0000e+00
      0.600    27.1478     9.5972    120.704  37.239813     35.719      8.570   207.4458     2.5960     1.2662     0.0245      0.060      0.587      0.852        282 8.0295e+02 0.0000e+00
      0.612    27.1473     9.6224    121.023  37.170626     35.613      8.574   207.4079     2.5920     1.2662     0.0245      0.060      0.600      0.871        283 9.7084e+02 0.0000e+00
      0.625    27.1466     9.5984    120.718  37.185149     35.667      8.580   207.4836     2.5920     1.2393     0.0245      0.060      0.613      0.889        284 8.9317e+02 0.0000e+00
      0.638    27.1456     9.6299    121.082  37.221740     35.668      8.584   207.6351     2.6122     1.2796     0.0245      0.059      0.626      0.907        285 7.7055e+02 0.0000e+00
      0.651    27.1400     9.6251    120.979  37.243729     35.722      8.588   207.8622     2.6163     1.2259     0.0245      0.058      0.639      0.926        286 9.5495e+02 0.0000e+00
      0.663    27.1280     9.5993    120.624  37.217104     35.669      8.590   208.0515     2.5960     1.3199     0.0245      0.055      0.650      0.942        287 9.8758e+02 0.0000e+00
      0.674    27.1198     9.5818    120.384  37.195555     35.673      8.593   208.5437     2.6001     1.2259     0.0245      0.052      0.660      0.957        288 7.6797e+02 0.0000e+00
      0.682    27.1181     9.5630    120.134  37.211230     35.681      8.597   208.3922     2.6041     1.2931     0.0245      0.049      0.669      0.970        289 7.3043e+02 0.0000e+00
      0.691    27.1157     9.5435    119.877  37.197602     35.687      8.599   208.4679     2.6607     1.3602     0.0245      0.046      0.678      0.983        290 8.7459e+02 0.0000e+00
      0.700    27.1135     9.5297    119.695  37.212518     35.688      8.598   209.0358     2.6688     1.1856     0.0245      0.043      0.686      0.996        291 7.7672e+02 0.0000e+00
      0.710    27.1135     9.5186    119.545  37.192669     35.690      8.602   209.3387     2.6324     1.1991     0.0245      0.041      0.696      1.011        292 8.9395e+02 0.0000e+00
      0.721    27.1146     9.5078    119.399  37.222305     35.691      8.600   209.1494     2.6810     1.1588     0.0245      0.039      0.707      1.026        293 1.0629e+03 0.0000e+00
      0.732    27.1124     9.5152    119.483  37.175637     35.691      8.601   209.4522     2.7335     1.2796     0.0245      0.038      0.719      1.043        294 8.1104e+02 0.0000e+00
      0.746    27.0984     9.5212    119.551  37.102448     35.556      8.603   209.6037     2.7538     1.2393     0.0244      0.039      0.732      1.061        295 6.5257e+02 0.0000e+00
      0.760    27.0791     9.5235    119.570  37.165091     35.691      8.603   209.7172     2.7133     1.2662     0.0245      0.042      0.745      1.081        296 7.0552e+02 0.0000e+00
      0.773    27.0647     9.5259    119.591  37.097682     35.567      8.605   209.5279     2.7133     1.1722     0.0244      0.045      0.759      1.101        297 7.2326e+02 0.0000e+00
      0.789    27.0553     9.5050    119.320  37.127022     35.661      8.602   210.2851     2.8831     1.2796     0.0245      0.048      0.773      1.121        298 8.1861e+02 0.0000e+00
      0.802    27.0488     9.4916    119.148  37.158246     35.671      8.604   210.0201     2.8589     1.1588     0.0245      0.051      0.787      1.141        299 9.0662e+02 0.0000e+00
      0.816    27.0434     9.4792    118.994  37.058833     35.597      8.605   210.3987     2.8629     1.2393     0.0244      0.053      0.800      1.160        300 7.2210e+02 0.0000e+00
      0.828    27.0389     9.4714    118.906  37.072788     35.601      8.603   210.3608     2.8953     1.1588     0.0244      0.054      0.812      1.178        301 7.3504e+02 0.0000e+00
      0.840    27.0343     9.4688    118.881  37.051904     35.605      8.609   210.5879     2.8831     1.1856     0.0244      0.054      0.824      1.196        302 8.2390e+02 0.0000e+00
      0.854    27.0294     9.4708    118.906  37.025504     35.554      8.608   210.8908     2.8912     1.2393     0.0244      0.053      0.836      1.213        303 6.5330e+02 0.0000e+00
      0.865    27.0253     9.4790    118.994  37.075985     35.638      8.607   211.0422     2.8751     1.2931     0.0244      0.052      0.848      1.230        304 5.7507e+02 0.0000e+00
      0.876    27.0213     9.4902    119.115  37.018744     35.561      8.606   211.5344     2.8751     1.2796     0.0244      0.050      0.859      1.245        305 8.0939e+02 0.0000e+00
      0.886    27.0172     9.4901    119.100  37.007762     35.564      8.604   211.9508     2.7982     1.2125     0.0244      0.048      0.869      1.261        306 8.9662e+02 0.0000e+00
      0.898    27.0128     9.4808    118.973  37.059995     35.620      8.603   211.7994     2.7901     1.2662     0.0244      0.046      0.880      1.277        307 6.8593e+02 0.0000e+00
      0.908    27.0091     9.4693    118.820  37.013064     35.569      8.603   211.7994     2.8063     1.3065     0.0244      0.045      0.891      1.292        308 7.7658e+02 0.0000e+00
      0.920    27.0072     9.4498    118.568  37.006850     35.572      8.598   212.1779     2.7942     1.3065     0.0244      0.044      0.902      1.308        309 8.1084e+02 0.0000e+00
      0.931    27.0081     9.4295    118.308  37.038070     35.602      8.596   212.0265     2.7901     1.2393     0.0244      0.044      0.913      1.325        310 6.8241e+02 0.0000e+00
      0.943    27.0125     9.4100    118.059  37.003872     35.576      8.590   212.0644     2.8670     1.1991     0.0244      0.044      0.924      1.341        311 5.9729e+02 0.0000e+00
      0.955    27.0162     9.3833    117.720  37.019750     35.575      8.587   211.9887     2.8629     1.2259     0.0244      0.044      0.937      1.359        312 5.9522e+02 0.0000e+00
      0.968    27.0157     9.3624    117.454  37.047969     35.626      8.584   212.2915     2.8791     1.3468     0.0244      0.045      0.951      1.380        313 6.4614e+02 0.0000e+00
      0.988    27.0091     9.3550    117.357  37.028071     35.570      8.579   212.4051     2.8831     1.2662     0.0244      0.048      0.971      1.408        314 6.2187e+02 0.0000e+00
      1.016    27.0001     9.3403    117.169  37.014852     35.597      8.563   213.2001     2.9357     1.2259     0.0244      0.054      0.993      1.440        315 6.1620e+02 0.0000e+00
      1.033    26.9935     9.3240    116.962  36.975443     35.521      8.550   212.6701     2.9155     1.2662     0.0244      0.060      1.012      1.468        316 6.1447e+02 0.0000e+00
      1.048    26.9886     9.3238    116.957  36.988140     35.581      8.544   213.1622     2.9155     1.2393     0.0244      0.065      1.027      1.490        317 5.5455e+02 0.0000e+00
      1.062    26.9845     9.3344    117.088  36.969396     35.531      8.536   213.6544     2.9236     1.2931     0.0244      0.068      1.041      1.509        318 5.9850e+02 0.0000e+00
      1.074    26.9810     9.3426    117.195  36.939453     35.535      8.530   214.0330     2.9640     1.4676     0.0244      0.069      1.053      1.527        319 6.8107e+02 0.0000e+00
      1.086    26.9783     9.3481    117.267  36.966087     35.538      8.530   213.9194     3.0045     1.4408     0.0244      0.067      1.065      1.545        320 5.9092e+02 0.0000e+00
      1.098    26.9765     9.3555    117.357  36.965914     35.567      8.528   214.1087     3.0045     1.4945     0.0244      0.063      1.077      1.562        321 5.1963e+02 0.0000e+00
      1.109    26.9748     9.3641    117.460  36.969330     35.542      8.523   214.7901     2.9681     1.4139     0.0244      0.057      1.087      1.577        322 5.7513e+02 0.0000e+00
      1.118    26.9727     9.3647    117.461  36.932176     35.543      8.523   214.7522     3.0530     1.3333     0.0244      0.050      1.097      1.591        323 6.2290e+02 0.0000e+00
      1.129    26.9711     9.3621    117.423  36.923173     35.491      8.519   215.0551     3.0692     1.2393     0.0244      0.047      1.107      1.606        324 5.6737e+02 0.0000e+00
      1.140    26.9693     9.3697    117.516  36.980536     35.600      8.515   215.0172     3.0449     1.1856     0.0244      0.045      1.118      1.622        325 5.4731e+02 0.0000e+00
      1.151    26.9679     9.3651    117.456  36.949768     35.520      8.514   215.0930     3.0328     1.2393     0.0244      0.043      1.129      1.639        326 4.9606e+02 0.0000e+00
      1.165    26.9669     9.3498    117.260  36.931805     35.548      8.510   214.9794     3.0732     1.3333     0.0244      0.043      1.143      1.659        327 4.9768e+02 0.0000e+00
      1.183    26.9663     9.3352    117.072  36.913914     35.495      8.507   214.9415     3.0449     1.2662     0.0244      0.045      1.159      1.682        328 5.2299e+02 0.0000e+00
      1.199    26.9678     9.3179    116.848  36.942375     35.550      8.499   215.6608     3.0409     1.2796     0.0244      0.048      1.174      1.703        329 4.6447e+02 0.0000e+00
      1.210    26.9692     9.3179    116.842  36.955706     35.550      8.494   215.5094     3.0287     1.2125     0.0244      0.051      1.187      1.721        330 5.2496e+02 0.0000e+00
      1.222    26.9679     9.3163    116.815  36.956643     35.549      8.493   216.1151     3.0489     1.1991     0.0244      0.053      1.198      1.738        331 5.1833e+02 0.0000e+00
      1.234    26.9653     9.3184    116.836  36.970869     35.575      8.489   216.2287     3.2107     1.2528     0.0244      0.054      1.210      1.755        332 4.5534e+02 0.0000e+00
      1.246    26.9622     9.3119    116.755  36.908343     35.495      8.486   216.5694     3.2066     1.2931     0.0244      0.053      1.222      1.771        333 4.7858e+02 0.0000e+00
      1.256    26.9597     9.2965    116.561  36.886157     35.497      8.483   216.4937     3.2066     1.3065     0.0244      0.052      1.232      1.786        334 4.5694e+02 0.0000e+00
      1.267    26.9587     9.2768    116.314  36.850182     35.445      8.483   216.9480     3.1783     1.2125     0.0243      0.049      1.242      1.801        335 4.2567e+02 0.0000e+00
      1.277    26.9577     9.2517    115.994  36.834478     35.447      8.481   217.1372     3.0692     1.2393     0.0243      0.046      1.252      1.816        336 4.4517e+02 0.0000e+00
      1.286    26.9560     9.2267    115.669  36.905703     35.502      8.480   217.1372     3.0772     1.3065     0.0244      0.043      1.261      1.830        337 4.5708e+02 0.0000e+00
      1.296    26.9534     9.2028    115.359  36.909842     35.529      8.479   217.1372     3.0692     1.2796     0.0244      0.042      1.270      1.842        338 4.2786e+02 0.0000e+00
      1.304    26.9504     9.1819    115.086  36.858986     35.450      8.480   217.4022     3.0570     1.2528     0.0243      0.040      1.279      1.854        339 4.2720e+02 0.0000e+00
      1.312    26.9472     9.1546    114.734  36.880013     35.505      8.479   217.6294     3.1824     1.1856     0.0244      0.038      1.287      1.867        340 4.2537e+02 0.0000e+00
