Data/DataNotYetUploadedToEDI/Raw_CTD/2018_RawDownloads/071618_fcr50.cnv
* Sea-Bird SBE19plus  Data File:
* FileName = C:\DATA\071618_fcr_0003.hex
* Software version 2.6.3.104
* Temperature SN = 7809
* Conductivity SN = 7809
* System UpLoad Time = Jul 16 2018 10:03:00
* <ApplicationData>
* <Seaterm232>
# nquan = 17
# nvalues = 1286                        
# units = specified
# name 0 = depFM: Depth [fresh water, m]
# name 1 = tv290C: Temperature [ITS-90, deg C]
# name 2 = sbeox0Mg/L: Oxygen, SBE 43 [mg/l]
# name 3 = sbeox0PS: Oxygen, SBE 43 [% saturation]
# name 4 = c0uS/cm: Conductivity [uS/cm]
# name 5 = specc: Specific Conductance [uS/cm]
# name 6 = ph: pH
# name 7 = orp: Oxidation Reduction Potential [mV]
# name 8 = flECO-AFL: Fluorescence, WET Labs ECO-AFL/FL [mg/m^3]
# name 9 = turbWETntu0: Turbidity, WET Labs ECO [NTU]
# name 10 = sal00: Salinity, Practical [PSU]
# name 11 = dz/dtM: Descent Rate [m/s]
# name 12 = prdM: Pressure, Strain Gauge [db]
# name 13 = prdE: Pressure, Strain Gauge [psi]
# name 14 = scan: Scan Count
# name 15 = par/sat/log: PAR/Logarithmic, Satlantic
# name 16 = flag:  0.000e+00
# span 0 =     -0.553,      9.539       
# span 1 =    11.4157,    27.4294       
# span 2 =     2.4765,    14.7266       
# span 3 =     23.429,    174.247       
# span 4 =  -0.156101,  46.112581       
# span 5 =      0.838,     48.091       
# span 6 =      5.316,      8.861       
# span 7 = -1240.7455,  1240.2295       
# span 8 =    -0.2385,    10.3558       
# span 9 =    -0.3452,    49.0831       
# span 10 =     0.0125,     0.0280      
# span 11 =     -0.017,      0.160      
# span 12 =     -0.542,      9.353      
# span 13 =     -0.786,     13.566      
# span 14 =          1,       1286      
# span 15 = 1.2336e-01, 9.9134e+02      
# span 16 = 0.0000e+00, 0.0000e+00      
# interval = seconds: 0.25
# start_time = Jul 16 2018 13:45:00 [Instrument's time stamp, header]
# bad_flag = -9.990e-29
*END*
[from data line 86]
     -0.179    27.3782     8.1788    103.331  37.767711     35.919      8.157   222.9294     0.3882    49.0697     0.0246      0.159     -0.174     -0.253         87 5.4132e+02 0.0000e+00
     -0.137    27.3778     8.0255    101.384  37.457731     35.833      8.101   229.9709     0.3640    49.0697     0.0246      0.157     -0.139     -0.202         88 5.6601e+02 0.0000e+00
     -0.113    27.3782     7.8661     99.368  37.792332     36.017      8.066   229.3273     1.6862     1.0916     0.0247      0.152     -0.112     -0.163         89 5.8519e+02 0.0000e+00
     -0.095    27.3805     7.7362     97.733  37.677570     36.018      8.076   219.1815     1.7145     1.1051     0.0247      0.138     -0.089     -0.129         90 5.9621e+02 0.0000e+00
     -0.062    27.3814     7.6811     97.044  37.600550     35.831      8.113   217.5158     1.6943     1.0514     0.0246      0.125     -0.065     -0.094         91 6.0071e+02 0.0000e+00
     -0.044    27.3827     7.6886     97.144  37.739880     36.069      8.067   214.1465     1.7024     1.0916     0.0247      0.117     -0.046     -0.067         92 6.0391e+02 0.0000e+00
     -0.036    27.3829     7.7387     97.782  37.652479     35.909      8.058   203.6979     1.6862     0.9305     0.0246      0.108     -0.031     -0.046         93 6.0763e+02 0.0000e+00
     -0.015    27.3793     7.7912     98.448  37.472035     35.774      8.094   201.8051     1.7024     0.9305     0.0246      0.097     -0.015     -0.022         94 6.1330e+02 0.0000e+00
      0.004    27.3748     7.8088     98.673  37.430551     35.721      8.124   204.9094     1.7145     0.8365     0.0246      0.085      0.001      0.000         95 6.1571e+02 0.0000e+00
      0.013    27.3712     7.8070     98.650  37.437163     35.723      8.134   202.9408     1.6822     0.7962     0.0246      0.074      0.010      0.014         96 6.1823e+02 0.0000e+00
      0.016    27.3664     7.7811     98.323  37.463809     35.780      8.127   201.8051     1.8965     0.8634     0.0246      0.065      0.013      0.019         97 6.1715e+02 0.0000e+00
      0.014    27.3612     7.7204     97.556  37.278752     35.569      8.122   200.0258     1.8925     0.8634     0.0245      0.054      0.013      0.019         98 6.1663e+02 0.0000e+00
      0.012    27.3602     7.6186     96.272  37.311543     35.625      8.126   201.2372     1.9208     0.8634     0.0245      0.039      0.013      0.018         99 6.1403e+02 0.0000e+00
      0.014    27.3635     7.4982     94.753  37.363681     35.682      8.133   201.0479     1.8803     0.8365     0.0245      0.029      0.014      0.020        100 6.1090e+02 0.0000e+00
      0.016    27.3674     7.3716     93.156  37.391829     35.683      8.134   202.7893     1.9572     0.8097     0.0245      0.020      0.015      0.022        101 5.9334e+02 0.0000e+00
      0.015    27.3708     7.2732     91.917  37.454476     35.787      8.134   204.2658     1.9369     0.7962     0.0246      0.010      0.015      0.022        102 5.8592e+02 0.0000e+00
      0.015    27.3733     7.1904     90.873  37.404357     35.678      8.133   204.5686     1.9450     0.8768     0.0245      0.004      0.015      0.022        103 6.1985e+02 0.0000e+00
      0.015    27.3747     7.1262     90.063  37.394879     35.729      8.136   204.0008     1.9491     0.8768     0.0246      0.001      0.015      0.022        104 6.3575e+02 0.0000e+00
      0.015    27.3760     7.0982     89.713  37.347630     35.621      8.139   202.7893     1.9491     0.8634     0.0245      0.001      0.015      0.022        105 6.3297e+02 0.0000e+00
      0.016    27.3765     7.1506     90.380  37.344517     35.673      8.147   203.6601     1.8965     1.1051     0.0245      0.001      0.015      0.022        106 6.3815e+02 0.0000e+00
      0.016    27.3759     7.2602     91.771  37.339431     35.619      8.149   203.5086     1.8965     1.1051     0.0245      0.001      0.015      0.022        107 6.4167e+02 0.0000e+00
      0.016    27.3759     7.3905     93.422  37.353959     35.672      8.156   202.1458     1.8884     1.0782     0.0245      0.000      0.015      0.022        108 6.3919e+02 0.0000e+00
      0.016    27.3770     7.5134     94.979  37.385760     35.672      8.158   203.4708     1.9127     0.9842     0.0245      0.000      0.016      0.023        109 6.3576e+02 0.0000e+00
      0.017    27.3786     7.6162     96.282  37.537137     35.832      8.166   204.2279     1.7752     0.8097     0.0246      0.001      0.016      0.023        110 6.3124e+02 0.0000e+00
      0.016    27.3809     7.7228     97.632  37.847759     36.125      8.169   202.4486     1.7469     0.9171     0.0247      0.001      0.016      0.023        111 6.2671e+02 0.0000e+00
      0.015    27.3830     7.8236     98.909  38.333928     36.578      8.169   202.2215     1.7428     0.8365     0.0249      0.000      0.016      0.023        112 6.0187e+02 0.0000e+00
      0.016    27.3846     7.8992     99.868  38.919418     37.163      8.176   203.8494     1.7631     0.8902     0.0251      0.000      0.016      0.023        113 5.7927e+02 0.0000e+00
      0.016    27.3861     7.9313    100.277  39.165795     37.375      8.185   202.7136     1.8439     1.1051     0.0252      0.000      0.016      0.024        114 6.0407e+02 0.0000e+00
      0.017    27.3883     7.9383    100.368  39.332457     37.534      8.196   203.6601     1.8116     1.0648     0.0253      0.001      0.017      0.024        115 6.2720e+02 0.0000e+00
      0.017    27.3911     7.9204    100.144  39.512906     37.719      8.211   202.2215     1.7995     0.9439     0.0254      0.001      0.017      0.024        116 6.2046e+02 0.0000e+00
      0.017    27.3941     7.9018     99.912  39.534489     37.718      8.219   202.1836     1.8520     1.0916     0.0254      0.000      0.017      0.024        117 5.8503e+02 0.0000e+00
      0.017    27.3968     7.8755     99.580  39.691218     37.876      8.229   202.5243     1.8278     0.8902     0.0254      0.000      0.017      0.024        118 5.5021e+02 0.0000e+00
      0.017    27.3988     7.8218     98.904  40.118777     38.274      8.232   206.1965     1.8237     0.9574     0.0256      0.001      0.017      0.024        119 5.6032e+02 0.0000e+00
      0.017    27.4003     7.7528     98.032  40.841576     38.965      8.234   207.8244     1.8318     0.7962     0.0259      0.001      0.017      0.024        120 5.9654e+02 0.0000e+00
      0.017    27.4020     7.6866     97.194  41.698868     39.791      8.236   207.5972     1.8116     0.8902     0.0262      0.000      0.017      0.024        121 6.2199e+02 0.0000e+00
      0.017    27.4037     7.6340     96.528  42.374463     40.430      8.239   207.8244     1.9127     0.9305     0.0265      0.000      0.017      0.024        122 6.2968e+02 0.0000e+00
      0.017    27.4050     7.5993     96.087  43.026829     41.042      8.243   203.2815     1.9127     0.9842     0.0267     -0.000      0.017      0.024        123 6.3089e+02 0.0000e+00
      0.018    27.4066     7.5580     95.562  43.735136     41.734      8.252   204.7579     1.8965     0.8634     0.0270      0.000      0.017      0.025        124 6.3280e+02 0.0000e+00
      0.017    27.4080     7.5077     94.925  44.222521     42.187      8.261   204.4172     1.9208     0.8365     0.0272      0.000      0.017      0.025        125 6.3475e+02 0.0000e+00
      0.017    27.4092     7.4371     94.030  44.645509     42.585      8.268   205.0986     1.8844     0.8231     0.0274      0.000      0.017      0.024        126 6.3636e+02 0.0000e+00
      0.017    27.4108     7.3659     93.129  45.226332     43.144      8.274   204.4551     1.8884     0.9305     0.0276     -0.000      0.017      0.024        127 6.3871e+02 0.0000e+00
      0.017    27.4119     7.2829     92.078  45.695371     43.597      8.277   205.2122     1.8682     0.8499     0.0278     -0.000      0.017      0.024        128 6.4109e+02 0.0000e+00
      0.017    27.4127     7.1958     90.975  45.960795     43.836      8.277   206.6886     1.8965     0.8634     0.0279 9.6739e-13      0.017      0.024        129 6.4433e+02 0.0000e+00
      0.017    27.4130     7.1025     89.795  46.112581     43.995      8.281   207.1051     1.9005     0.8902     0.0280     -0.000      0.017      0.025        130 6.4655e+02 0.0000e+00
      0.018    27.4126     7.0036     88.543  46.070257     43.941      8.286   207.3322     1.9046     0.8365     0.0279      0.000      0.017      0.025        131 6.4935e+02 0.0000e+00
      0.017    27.4120     6.9150     87.421  46.013468     43.887      8.289   207.1808     1.8844     0.8499     0.0279      0.000      0.017      0.025        132 6.5267e+02 0.0000e+00
      0.018    27.4110     6.8390     86.459  46.064561     43.941      8.296   206.0451     1.9127     0.8902     0.0279      0.000      0.017      0.025        133 6.5367e+02 0.0000e+00
      0.018    27.4096     6.7657     85.531  46.066017     43.941      8.299   207.0672     1.9005     0.9305     0.0279      0.000      0.017      0.025        134 6.5564e+02 0.0000e+00
      0.017    27.4086     6.7030     84.736  46.071003     43.942      8.300   207.5215     1.8763     0.8634     0.0279      0.000      0.017      0.025        135 6.5779e+02 0.0000e+00
      0.017    27.4078     6.6260     83.762  46.058358     43.943      8.294   208.6194     1.8642     0.7828     0.0279     -0.000      0.017      0.025        136 6.5843e+02 0.0000e+00
      0.017    27.4067     6.5677     83.023  46.022409     43.891      8.280   209.6794     1.8884     0.9036     0.0279     -0.000      0.017      0.025        137 6.5970e+02 0.0000e+00
      0.017    27.4059     6.5084     82.273  45.997049     43.892      8.270   207.7486     1.9127     0.9036     0.0279     -0.000      0.017      0.025        138 6.6152e+02 0.0000e+00
      0.018    27.4051     6.4547     81.593  45.941553     43.812      8.262   208.6951     1.9733     0.9171     0.0279     -0.000      0.017      0.025        139 6.6210e+02 0.0000e+00
      0.018    27.4043     6.3981     80.876  45.913436     43.813      8.263   208.6572     1.9693     0.8231     0.0279      0.000      0.017      0.025        140 6.6294e+02 0.0000e+00
      0.018    27.4033     6.3352     80.080  45.883679     43.760      8.271   209.4901     1.9288     0.8365     0.0279      0.000      0.018      0.026        141 6.6354e+02 0.0000e+00
      0.018    27.4022     6.2892     79.497  45.859896     43.761      8.285   208.3922     1.9652     0.9574     0.0279      0.000      0.018      0.026        142 6.6411e+02 0.0000e+00
      0.018    27.4014     6.2370     78.834  45.913360     43.789      8.296   205.6665     2.0866     0.9036     0.0279      0.001      0.018      0.026        143 6.6529e+02 0.0000e+00
      0.018    27.4004     6.1887     78.223  45.906163     43.816      8.303   205.8179     2.0906     0.8768     0.0279      0.000      0.018      0.026        144 6.6500e+02 0.0000e+00
      0.018    27.3995     6.1357     77.552  45.839182     43.710      8.300   207.0672     2.0704     0.8902     0.0278      0.000      0.018      0.026        145 6.6477e+02 0.0000e+00
      0.018    27.3989     6.0902     76.975  45.848353     43.764      8.293   207.4836     2.0785     0.8634     0.0279      0.000      0.017      0.025        146 6.6495e+02 0.0000e+00
      0.017    27.3979     6.0438     76.387  45.835404     43.712      8.283   207.2944     1.9288     1.0514     0.0278     -0.000      0.017      0.025        147 6.6480e+02 0.0000e+00
      0.017    27.3970     6.0005     75.838  45.825625     43.739      8.280   207.1429     1.9127     1.1319     0.0278     -0.000      0.017      0.025        148 6.6360e+02 0.0000e+00
      0.018    27.3961     5.9497     75.194  45.771505     43.660      8.284   206.6886     1.9652     1.0782     0.0278     -0.000      0.017      0.025        149 6.6291e+02 0.0000e+00
      0.018    27.3952     5.9082     74.669  45.754393     43.660      8.290   206.7644     1.9572     1.0245     0.0278     -0.000      0.017      0.025        150 6.6287e+02 0.0000e+00
      0.018    27.3942     5.8668     74.144  45.757904     43.661      8.292   207.6351     1.9491     1.0514     0.0278     -0.000      0.017      0.025        151 6.6196e+02 0.0000e+00
      0.018    27.3930     5.8345     73.735  45.767136     43.662      8.296   207.7865     1.9046     1.0648     0.0278     -0.000      0.017      0.025        152 6.6191e+02 0.0000e+00
      0.018    27.3920     5.7983     73.275  45.831923     43.743      8.296   208.9601     1.8965     1.0782     0.0278      0.000      0.017      0.025        153 6.6109e+02 0.0000e+00
      0.018    27.3912     5.7647     72.850  45.766298     43.664      8.296   208.8844     1.8803     1.0379     0.0278      0.000      0.017      0.025        154 6.6038e+02 0.0000e+00
      0.017    27.3900     5.7249     72.345  45.700444     43.611      8.290   209.6794     1.8803     1.0379     0.0278      0.000      0.017      0.025        155 6.5944e+02 0.0000e+00
      0.018    27.3887     5.6969     71.990  45.706170     43.612      8.287   209.6794     2.0016     1.1051     0.0278     -0.000      0.017      0.025        156 6.5847e+02 0.0000e+00
      0.018    27.3876     5.6734     71.692  45.759173     43.666      8.279   212.2158     1.9774     1.0648     0.0278     -0.000      0.017      0.025        157 6.5902e+02 0.0000e+00
      0.017    27.3865     5.6452     71.334  45.753172     43.667      8.273   211.2315     2.0259     1.0648     0.0278     -0.000      0.017      0.025        158 6.5891e+02 0.0000e+00
      0.018    27.3856     5.6198     71.013  45.713637     43.615      8.271   210.8908     2.0421     1.0916     0.0278     -0.000      0.017      0.025        159 6.5936e+02 0.0000e+00
      0.017    27.3844     5.5883     70.613  45.749030     43.669      8.272   209.7551     1.9976     0.9305     0.0278     -0.000      0.017      0.025        160 6.5950e+02 0.0000e+00
      0.018    27.3832     5.5628     70.290  45.768473     43.670      8.276   209.7172     2.0340     0.8634     0.0278     -0.000      0.017      0.025        161 6.6010e+02 0.0000e+00
      0.018    27.3823     5.5371     69.964  45.748786     43.671      8.281   212.6322     2.0057     0.8365     0.0278      0.000      0.017      0.025        162 6.6182e+02 0.0000e+00
      0.017    27.3812     5.5119     69.645  45.714186     43.619      8.284   212.5944     2.0178     0.8634     0.0278      0.000      0.017      0.025        163 6.6176e+02 0.0000e+00
      0.018    27.3800     5.4860     69.317  45.692844     43.619      8.289   213.1244     1.9976     0.8634     0.0278      0.000      0.017      0.025        164 6.6123e+02 0.0000e+00
      0.017    27.3790     5.4592     68.977  45.656658     43.567      8.291   212.4808     2.0057     0.8365     0.0278     -0.000      0.017      0.025        165 6.6249e+02 0.0000e+00
      0.017    27.3780     5.4336     68.652  45.699875     43.621      8.288   212.8594     2.0219     0.8902     0.0278     -0.000      0.017      0.025        166 6.6342e+02 0.0000e+00
      0.017    27.3772     5.4076     68.322  45.757749     43.675      8.283   213.9572     2.0016     0.8365     0.0278     -0.000      0.017      0.025        167 6.6376e+02 0.0000e+00
      0.018    27.3763     5.3829     68.010  45.703323     43.623      8.276   214.1465     2.0299     0.8902     0.0278     -0.000      0.017      0.025        168 6.6436e+02 0.0000e+00
      0.018    27.3754     5.3635     67.763  45.648918     43.570      8.277   214.3737     2.0502     0.8097     0.0278     -0.000      0.017      0.025        169 6.6526e+02 0.0000e+00
      0.017    27.3743     5.3354     67.407  45.647421     43.571      8.275   214.2980     1.9935     0.8097     0.0278     -0.000      0.017      0.025        170 6.6646e+02 0.0000e+00
