Data/DataNotYetUploadedToEDI/Raw_CTD/2018_RawDownloads/071618_fcr10.cnv
* Sea-Bird SBE19plus  Data File:
* FileName = C:\DATA\071618_fcr_0001.hex
* Software version 2.6.3.104
* Temperature SN = 7809
* Conductivity SN = 7809
* System UpLoad Time = Jul 16 2018 16:09:12
* <ApplicationData>
* <Seaterm232>
# nquan = 17
# nvalues = 411                         
# units = specified
# name 0 = depFM: Depth [fresh water, m]
# name 1 = tv290C: Temperature [ITS-90, deg C]
# name 2 = sbeox0Mg/L: Oxygen, SBE 43 [mg/l]
# name 3 = sbeox0PS: Oxygen, SBE 43 [% saturation]
# name 4 = c0uS/cm: Conductivity [uS/cm]
# name 5 = specc: Specific Conductance [uS/cm]
# name 6 = ph: pH
# name 7 = orp: Oxidation Reduction Potential [mV]
# name 8 = flECO-AFL: Fluorescence, WET Labs ECO-AFL/FL [mg/m^3]
# name 9 = turbWETntu0: Turbidity, WET Labs ECO [NTU]
# name 10 = sal00: Salinity, Practical [PSU]
# name 11 = dz/dtM: Descent Rate [m/s]
# name 12 = prdM: Pressure, Strain Gauge [db]
# name 13 = prdE: Pressure, Strain Gauge [psi]
# name 14 = scan: Scan Count
# name 15 = par/sat/log: PAR/Logarithmic, Satlantic
# name 16 = flag:  0.000e+00
# span 0 =     -0.540,      2.119       
# span 1 =    23.9685,    30.1456       
# span 2 =     5.5705,    14.7966       
# span 3 =     70.945,    177.833       
# span 4 =   0.244013,  40.291134       
# span 5 =      0.462,     41.187       
# span 6 =     -2.336,      8.609       
# span 7 = -1240.7455,  1240.2295       
# span 8 =    -1.7468,     5.2770       
# span 9 =    -4.9912,    29.6126       
# span 10 =     0.0135,     0.0259      
# span 11 =     -0.150,      0.144      
# span 12 =     -0.529,      2.077      
# span 13 =     -0.767,      3.012      
# span 14 =          1,        411      
# span 15 = 1.9746e+02, 2.9096e+03      
# span 16 = 0.0000e+00, 0.0000e+00      
# interval = seconds: 0.25
# start_time = Jul 16 2018 15:34:58 [Instrument's time stamp, header]
# bad_flag = -9.990e-29
*END*
[from data line 341]
      1.332    26.9418     9.0467    113.359  36.832022     35.456      8.473   218.2351     3.2066     1.3602     0.0243      0.036      1.307      1.895        342 4.4758e+02 0.0000e+00
      1.343    26.9415     8.9547    112.195  36.877726     35.485      8.468   218.1215     3.1864     1.2393     0.0244      0.037      1.318      1.912        343 4.0129e+02 0.0000e+00
      1.357    26.9413     8.8379    110.723  36.886118     35.513      8.464   218.5380     3.1136     1.2528     0.0244      0.038      1.331      1.930        344 4.0797e+02 0.0000e+00
      1.369    26.9407     8.6988    108.974  36.851239     35.459      8.461   218.6137     3.1015     1.2931     0.0243      0.040      1.343      1.947        345 4.3615e+02 0.0000e+00
      1.381    26.9383     8.5619    107.254  36.832155     35.460      8.456   218.7651     3.1339     1.2931     0.0243      0.042      1.355      1.966        346 4.0627e+02 0.0000e+00
      1.396    26.9334     8.4197    105.465  36.850550     35.460      8.457   218.7651     3.1460     1.2931     0.0243      0.045      1.369      1.986        347 3.9660e+02 0.0000e+00
      1.412    26.9282     8.3053    104.022  36.828348     35.462      8.453   218.9544     3.2592     1.2259     0.0243      0.049      1.386      2.010        348 4.0257e+02 0.0000e+00
      1.434    26.9228     8.2133    102.854  36.770809     35.384      8.446   219.3330     3.2349     1.2528     0.0243      0.053      1.406      2.039        349 3.8302e+02 0.0000e+00
      1.455    26.9176     8.1505    102.042  36.714543     35.361      8.441   219.7494     3.2673     1.2662     0.0243      0.059      1.426      2.068        350 3.7373e+02 0.0000e+00
      1.473    26.9124     8.1027    101.417  36.690757     35.311      8.434   219.5601     3.2754     1.2931     0.0243      0.064      1.444      2.095        351 3.8912e+02 0.0000e+00
      1.490    26.9067     8.0742    101.022  36.711435     35.368      8.428   220.2415     3.2390     1.2931     0.0243      0.067      1.460      2.117        352 3.7827e+02 0.0000e+00
      1.503    26.9013     8.0486    100.648  36.748132     35.372      8.418   220.1658     3.2471     1.3602     0.0243      0.069      1.472      2.136        353 3.7524e+02 0.0000e+00
      1.513    26.8967     8.0215    100.243  36.793389     35.456      8.412   221.0365     3.2511     1.5348     0.0243      0.068      1.482      2.150        354 3.5572e+02 0.0000e+00
      1.519    26.8936     7.9949     99.816  36.803413     35.433      8.407   220.9987     3.2592     1.4542     0.0243      0.063      1.489      2.160        355 3.5823e+02 0.0000e+00
      1.524    26.8909     7.9597     99.288  36.765319     35.436      8.402   221.0365     3.2430     1.4945     0.0243      0.056      1.494      2.167        356 3.6582e+02 0.0000e+00
      1.529    26.8865     7.9182     98.696  36.751820     35.385      8.400   221.7937     3.6676     1.1991     0.0243      0.046      1.500      2.175        357 3.5650e+02 0.0000e+00
      1.536    26.8814     7.8647     97.894  36.820214     35.494      8.393   221.2258     3.6272     1.2125     0.0243      0.037      1.506      2.185        358 3.5617e+02 0.0000e+00
      1.544    26.8727     7.8212     97.193  36.858161     35.497      8.391   221.3773     3.6231     1.2662     0.0243      0.031      1.514      2.196        359 3.4518e+02 0.0000e+00
      1.554    26.8592     7.8427     97.313  36.852894     35.528      8.381   222.0965     3.6191     1.1319     0.0244      0.028      1.523      2.209        360 3.4812e+02 0.0000e+00
      1.563    26.8445     7.9472     98.529  36.856432     35.506      8.368   221.8694     3.7000     1.3199     0.0243      0.028      1.533      2.224        361 3.4590e+02 0.0000e+00
      1.574    26.8230     8.0800    100.140  36.883424     35.570      8.355   222.4373     3.7242     1.2528     0.0244      0.029      1.544      2.239        362 3.3996e+02 0.0000e+00
      1.585    26.7934     8.2224    101.830  36.908288     35.580      8.339   222.5887     3.7081     1.2528     0.0244      0.033      1.555      2.255        363 3.2342e+02 0.0000e+00
      1.597    26.7566     8.3616    103.374  36.825495     35.541      8.324   223.3837     3.7000     1.2662     0.0243      0.036      1.568      2.274        364 3.2480e+02 0.0000e+00
      1.613    26.7043     8.4422    104.177  36.867832     35.561      8.303   223.0808     3.7161     1.3065     0.0243      0.041      1.583      2.295        365 3.2337e+02 0.0000e+00
      1.631    26.6561     8.3836    103.298  37.181874     35.937      8.279   223.2323     3.7000     1.3199     0.0245      0.046      1.600      2.320        366 3.0718e+02 0.0000e+00
      1.649    26.6113     8.1599    100.436  37.265166     36.027      8.254   223.9894     3.7081     1.2259     0.0245      0.051      1.616      2.343        367 3.0645e+02 0.0000e+00
      1.662    26.5373     7.8420     96.456  37.209096     36.008      8.230   224.7087     3.6959     1.1991     0.0245      0.054      1.630      2.363        368 3.0523e+02 0.0000e+00
      1.675    26.4447     7.5235     92.445  37.488959     36.308      8.205   225.1251     3.6312     1.2931     0.0246      0.057      1.643      2.382        369 3.0284e+02 0.0000e+00
      1.689    26.3635     7.2360     88.810  37.717736     36.606      8.183   225.1630     3.6676     1.2931     0.0247      0.059      1.655      2.401        370 2.9490e+02 0.0000e+00
      1.700    26.3167     7.0464     86.405  37.932881     36.834      8.161   225.0873     3.6393     1.2662     0.0248      0.058      1.667      2.417        371 2.9231e+02 0.0000e+00
      1.711    26.2973     6.9759     85.440  38.170409     37.193      8.146   225.5037     3.6555     1.2796     0.0249      0.056      1.677      2.432        372 2.9168e+02 0.0000e+00
      1.721    26.2544     7.0030     85.657  38.193366     37.171      8.131   225.7308     3.6150     1.1856     0.0249      0.052      1.687      2.446        373 2.8549e+02 0.0000e+00
      1.730    26.1608     7.1650     87.485  38.734863     37.758      8.114   226.9801     3.7161     1.2931     0.0251      0.048      1.696      2.459        374 2.8484e+02 0.0000e+00
      1.736    26.0577     7.5105     91.537  39.632229     38.660      8.099   227.2451     3.6757     1.3333     0.0255      0.044      1.704      2.471        375 2.8167e+02 0.0000e+00
      1.746    25.9759     8.0619     98.083  39.835271     38.951      8.082   227.3208     3.7000     1.2125     0.0256      0.041      1.713      2.484        376 2.7790e+02 0.0000e+00
      1.756    25.9182     8.8657    107.691  39.668748     38.811      8.068   227.5858     3.6919     1.2662     0.0255      0.039      1.722      2.497        377 2.7780e+02 0.0000e+00
      1.765    25.8783     9.8244    119.161  39.661533     38.928      8.054   227.8130     3.7242     1.2662     0.0255      0.037      1.731      2.510        378 2.7569e+02 0.0000e+00
      1.775    25.8229    10.8107    130.928  39.488332     38.753      8.040   228.9109     3.7970     1.2125     0.0254      0.036      1.740      2.524        379 2.7212e+02 0.0000e+00
      1.784    25.7616    11.7538    142.139  39.320722     38.645      8.026   229.2137     3.7727     1.2796     0.0254      0.036      1.750      2.539        380 2.7129e+02 0.0000e+00
      1.795    25.7095    12.6608    152.872  39.276881     38.632      8.012   229.9330     3.7566     1.1588     0.0254      0.036      1.761      2.554        381 2.6951e+02 0.0000e+00
      1.807    25.6478    13.3735    161.258  38.919997     38.350      8.000   229.6301     3.9628     1.4676     0.0252      0.038      1.772      2.570        382 2.6479e+02 0.0000e+00
      1.818    25.5716    13.9181    167.650  38.459734     37.891      7.987   230.1601     3.9507     1.4408     0.0250      0.040      1.783      2.586        383 2.6225e+02 0.0000e+00
      1.830    25.4783    14.2838    171.919  37.803018     37.359      7.976   229.8573     3.9547     1.4542     0.0248      0.041      1.794      2.603        384 2.5913e+02 0.0000e+00
      1.842    25.3781    14.5171    174.697  36.830515     36.364      7.964   230.3873     4.0032     1.5348     0.0244      0.042      1.807      2.621        385 2.5598e+02 0.0000e+00
      1.855    25.2819    14.6527    176.310  36.348082     36.018      7.949   230.7659     4.9858     1.4676     0.0242      0.044      1.820      2.640        386 2.5409e+02 0.0000e+00
      1.871    25.1952    14.7699    177.620  36.178968     35.894      7.928   231.3337     4.9778     1.4139     0.0241      0.047      1.835      2.662        387 2.4998e+02 0.0000e+00
      1.887    25.1149    14.7966    177.833  35.943647     35.741      7.909   231.3716     4.9899     1.4408     0.0240      0.050      1.851      2.684        388 2.4716e+02 0.0000e+00
      1.903    25.0336    14.7777    177.546  35.899523     35.747      7.890   231.8637     4.9373     1.4676     0.0240      0.053      1.866      2.706        389 2.4379e+02 0.0000e+00
      1.917    24.9530    14.7126    176.810  35.818709     35.748      7.874   231.8637     5.1152     1.5079     0.0240      0.055      1.880      2.726        390 2.3790e+02 0.0000e+00
      1.930    24.8701    14.6201    175.647  35.747679     35.695      7.856   232.2423     5.0788     1.4139     0.0239      0.057      1.892      2.744        391 2.3634e+02 0.0000e+00
      1.941    24.7969    14.5290    174.342  35.869326     35.920      7.844   232.5451     5.0788     1.3602     0.0240      0.057      1.904      2.761        392 2.3484e+02 0.0000e+00
      1.953    24.7394    14.4422    172.978  35.874967     35.952      7.834   233.3023     5.0869     1.4139     0.0240      0.056      1.915      2.778        393 2.3248e+02 0.0000e+00
      1.966    24.6980    14.3977    172.162  35.829672     35.977      7.826   234.3244     4.5977     1.5616     0.0240      0.054      1.927      2.795        394 2.3093e+02 0.0000e+00
      1.976    24.6881    14.3915    171.777  35.836756     36.018      7.822   235.1952     4.5855     1.5348     0.0240      0.051      1.938      2.810        395 2.2741e+02 0.0000e+00
      1.986    24.6810    14.4101    171.735  35.836522     36.049      7.826   235.6494     4.5936     1.4676     0.0240      0.048      1.948      2.825        396 2.2437e+02 0.0000e+00
      1.996    24.6522    14.4249    171.693  35.829983     36.056      7.830   236.0659     4.5774     1.3871     0.0240      0.045      1.958      2.840        397 2.2099e+02 0.0000e+00
      2.008    24.6176    14.4266    171.494  35.844903     36.060      7.835   236.6337     4.6017     1.4542     0.0240      0.044      1.969      2.856        398 2.1876e+02 0.0000e+00
      2.020    24.6029    14.3831    170.760  35.906935     36.167      7.843   236.4823     4.6745     1.5348     0.0240      0.044      1.981      2.872        399 2.1692e+02 0.0000e+00
      2.030    24.6124 -9.990e-29 -9.990e-29  35.841772     36.106      7.850   236.1416     4.6624     1.3871     0.0240      0.043      1.991      2.887        400 2.1322e+02 0.0000e+00
      2.041    24.5994 -9.990e-29 -9.990e-29  35.837037     36.119      7.856   236.0659     4.6381     1.4676     0.0240      0.043      2.003      2.905        401 2.1019e+02 0.0000e+00
      2.057    24.5316 -9.990e-29 -9.990e-29  35.823859     36.109      7.857   236.1416     4.6624     1.5348     0.0240      0.044      2.016      2.924        402 2.0690e+02 0.0000e+00
      2.068    24.4357 -9.990e-29 -9.990e-29  35.798857     36.064      7.859   236.1416     5.0182     1.6422     0.0240      0.045      2.027      2.941        403 2.0520e+02 0.0000e+00
      2.077    24.3425 -9.990e-29 -9.990e-29  35.779189     36.140      7.854   236.0280     5.0263     1.6959     0.0240      0.046      2.036      2.954        404 2.0329e+02 0.0000e+00
      2.084    24.2503 -9.990e-29 -9.990e-29  35.759390     36.129      7.856   236.5580     5.0384     1.6825     0.0240      0.045      2.043      2.964        405 2.0243e+02 0.0000e+00
      2.090    24.1634 -9.990e-29 -9.990e-29  35.675249     36.193      7.858   236.2552     5.0141     1.7362     0.0240      0.042      2.050      2.974        406 2.0069e+02 0.0000e+00
      2.097    24.1004 -9.990e-29 -9.990e-29  35.646684     36.123      7.859   236.2552     5.0222     1.8705     0.0239      0.039      2.058      2.984        407 1.9792e+02 0.0000e+00
      2.106    24.0234 -9.990e-29 -9.990e-29  35.824643     36.496      7.867   236.1794     5.0465     1.9107     0.0240      0.036      2.065      2.994        408 1.9752e+02 0.0000e+00
      2.112    23.9685 -9.990e-29 -9.990e-29  36.521525     37.087      7.872   236.7094     5.0101     1.8436     0.0243      0.033      2.071      3.004        409 1.9746e+02 0.0000e+00
      2.117 -9.990e-29 -9.990e-29 -9.990e-29  38.724235     39.534      7.878   236.5959     5.0263     1.8839     0.0253      0.029      2.075      3.010        410 1.9818e+02 0.0000e+00
      2.119 -9.990e-29 -9.990e-29 -9.990e-29  40.291134     41.187      7.883   236.6337     5.2770     2.2599     0.0259      0.026      2.077      3.012        411 1.9844e+02 0.0000e+00
