Data/DataNotYetUploadedToEDI/Raw_CTD/2018_RawDownloads/071918_bvr50.cnv
* Sea-Bird SBE19plus  Data File:
* FileName = C:\DATA\071918_bvr_0002.hex
* Software version 2.6.3.104
* Temperature SN = 7809
* Conductivity SN = 7809
* System UpLoad Time = Jul 19 2018 17:44:57
* <ApplicationData>
* <Seaterm232>
# nquan = 17
# nvalues = 1261                        
# units = specified
# name 0 = depFM: Depth [fresh water, m]
# name 1 = tv290C: Temperature [ITS-90, deg C]
# name 2 = sbeox0Mg/L: Oxygen, SBE 43 [mg/l]
# name 3 = sbeox0PS: Oxygen, SBE 43 [% saturation]
# name 4 = c0uS/cm: Conductivity [uS/cm]
# name 5 = specc: Specific Conductance [uS/cm]
# name 6 = ph: pH
# name 7 = orp: Oxidation Reduction Potential [mV]
# name 8 = flECO-AFL: Fluorescence, WET Labs ECO-AFL/FL [mg/m^3]
# name 9 = turbWETntu0: Turbidity, WET Labs ECO [NTU]
# name 10 = sal00: Salinity, Practical [PSU]
# name 11 = dz/dtM: Descent Rate [m/s]
# name 12 = prdM: Pressure, Strain Gauge [db]
# name 13 = prdE: Pressure, Strain Gauge [psi]
# name 14 = scan: Scan Count
# name 15 = par/sat/log: PAR/Logarithmic, Satlantic
# name 16 = flag:  0.000e+00
# span 0 =     -0.615,      9.726       
# span 1 =     7.7195,    29.2970       
# span 2 =     0.0595,    10.0422       
# span 3 =      0.500,    127.025       
# span 4 =   0.475309,  78.286357       
# span 5 =      0.469,    119.697       
# span 6 =      5.794,      9.178       
# span 7 = -1240.7455,   426.2607       
# span 8 =    -0.2588,    14.5410       
# span 9 =    -0.7211,    15.4192       
# span 10 =     0.0133,     0.0550      
# span 11 =     -0.075,      0.185      
# span 12 =     -0.603,      9.537      
# span 13 =     -0.875,     13.833      
# span 14 =          1,       1261      
# span 15 = 1.1853e-01, 2.0073e+03      
# span 16 = 0.0000e+00, 0.0000e+00      
# interval = seconds: 0.25
# start_time = Jul 19 2018 15:43:35 [Instrument's time stamp, header]
# bad_flag = -9.990e-29
*END*
[from data line 766]
      5.036    11.1484     0.0879      0.794  26.579233     36.803      6.416   272.1817     2.1755     3.5624     0.0196      0.029      4.939      7.164        767 1.2092e+00 0.0000e+00
      5.043    11.1002     0.0880      0.795  26.546577     36.633      6.415   271.5381     2.1472     3.4952     0.0196      0.027      4.946      7.174        768 1.1928e+00 0.0000e+00
      5.053    11.0592     0.0954      0.860  26.714915     36.986      6.418   270.7431     1.9855     3.4415     0.0197      0.027      4.956      7.187        769 1.1855e+00 0.0000e+00
      5.064    11.0362     0.0857      0.772  27.140538     37.450      6.415   270.5160     2.0259     3.4952     0.0199      0.029      4.965      7.201        770 1.1551e+00 0.0000e+00
      5.072    11.0216     0.0897      0.807  27.766049     38.470      6.415   269.6074     2.0299     3.5758     0.0204      0.030      4.974      7.214        771 1.1581e+00 0.0000e+00
      5.079    11.0061     0.0900      0.809  27.893187     38.603      6.415   268.6988     2.0016     3.5490     0.0204      0.032      4.981      7.224        772 1.1479e+00 0.0000e+00
      5.085    11.0263     0.0891      0.800  27.812451     38.566      6.415   267.9038     2.0219     3.4550     0.0204      0.032      4.986      7.232        773 1.1346e+00 0.0000e+00
      5.089    11.0591     0.0881      0.792  28.014777     38.865      6.414   266.9195     2.0178     3.5221     0.0205      0.031      4.990      7.238        774 1.1273e+00 0.0000e+00
      5.091    11.0496     0.0861      0.773  27.908237     38.761      6.413   266.2002     2.0340     3.5221     0.0204      0.029      4.994      7.243        775 1.1455e+00 0.0000e+00
      5.096    11.0336     0.0830      0.745  27.678216     38.393      6.412   265.4810     2.0259     3.5758     0.0203      0.026      4.997      7.248        776 1.1508e+00 0.0000e+00
      5.099    11.0538     0.0801      0.718  27.737730     38.526      6.413   264.5724     2.0380     3.4281     0.0203      0.021      4.999      7.250        777 1.1061e+00 0.0000e+00
      5.096    11.0804     0.0882      0.792  27.774871     38.488      6.413   263.7017     1.9652     3.5624     0.0203      0.016      4.998      7.249        778 1.1059e+00 0.0000e+00
      5.095    11.0543     0.0875      0.785  27.809872     38.579      6.412   263.0202     1.9774     3.5490     0.0204      0.012      4.998      7.248        779 1.1067e+00 0.0000e+00
      5.096    11.0235     0.0809      0.726  27.872058     38.672      6.411   262.3767     1.9491     3.5892     0.0204      0.008      5.000      7.251        780 1.1073e+00 0.0000e+00
      5.103    11.0070     0.0856      0.767  27.875370     38.653      6.412   261.5817     1.9491     3.4952     0.0204      0.007      5.005      7.259        781 1.1079e+00 0.0000e+00
      5.110    10.9753     0.0854      0.766  27.865041     38.619      6.411   259.9917     2.1310     3.5087     0.0204      0.008      5.012      7.268        782 1.0804e+00 0.0000e+00
      5.116    10.9344     0.0807      0.724  27.884909     38.652      6.412   259.3102     2.1715     3.5758     0.0204      0.010      5.017      7.277        783 1.1043e+00 0.0000e+00
      5.122    10.8812     0.0833      0.747  28.236075     39.188      6.411   258.6667     2.1553     3.4684     0.0206      0.012      5.022      7.284        784 1.1171e+00 0.0000e+00
      5.126    10.8393     0.0868      0.778  28.584310     39.709      6.413   257.9474     2.1310     3.5758     0.0208      0.016      5.027      7.291        785 1.0938e+00 0.0000e+00
      5.132    10.8225     0.0821      0.736  28.726428     39.901      6.413   257.3416     2.0866     3.5490     0.0209      0.019      5.033      7.299        786 1.0598e+00 0.0000e+00
      5.138    10.8193     0.0836      0.749  28.919039     40.255      6.412   256.5466     2.0744     3.4281     0.0210      0.022      5.039      7.308        787 1.0202e+00 0.0000e+00
      5.145    10.7937     0.0831      0.744  29.085854     40.512      6.410   255.9788     2.0785     3.5758     0.0211      0.023      5.045      7.317        788 1.0112e+00 0.0000e+00
      5.152    10.7421     0.0824      0.737  29.171134     40.714      6.410   255.4488     2.1027     3.5490     0.0212      0.023      5.052      7.327        789 1.0114e+00 0.0000e+00
      5.158    10.7007     0.0807      0.722  29.198370     40.734      6.410   254.3131     2.1229     3.6967     0.0212      0.023      5.058      7.337        790 1.0099e+00 0.0000e+00
      5.166    10.6633     0.0772      0.690  29.348464     40.970      6.411   253.8209     2.1472     3.7101     0.0213      0.024      5.067      7.349        791 9.6477e-01 0.0000e+00
      5.177    10.6114     0.0762      0.681  29.399445     41.077      6.411   253.2152     2.1310     3.7772     0.0213      0.027      5.077      7.363        792 9.6201e-01 0.0000e+00
      5.186    10.5862     0.0765      0.683  29.372135     41.060      6.412   252.8745     2.1512     3.6832     0.0213      0.029      5.087      7.378        793 9.5505e-01 0.0000e+00
      5.199    10.5916     0.0820      0.731  29.530721     41.381      6.408   252.3823     2.1027     3.5490     0.0214      0.032      5.098      7.395        794 9.4967e-01 0.0000e+00
      5.211    10.5857     0.0786      0.700  29.617206     41.503      6.407   252.3066     2.0866     3.6295     0.0214      0.036      5.109      7.410        795 9.6327e-01 0.0000e+00
      5.218    10.5708     0.0785      0.699  29.531373     41.484      6.406   251.8902     2.0542     3.4818     0.0214      0.038      5.118      7.423        796 9.1601e-01 0.0000e+00
      5.227    10.5469     0.0893      0.796  29.489306     41.399      6.402   251.4359     2.0825     3.6027     0.0214      0.039      5.126      7.434        797 9.1434e-01 0.0000e+00
      5.235    10.5336     0.0825      0.736  29.521317     41.505      6.401   251.0195     2.0906     3.4281     0.0214      0.039      5.133      7.445        798 9.1288e-01 0.0000e+00
      5.240    10.5319     0.0814      0.726  29.491537     41.399      6.400   250.3002     2.1310     3.2938     0.0214      0.037      5.138      7.451        799 9.0889e-01 0.0000e+00
      5.240    10.5149     0.0767      0.684  29.526368     41.529      6.400   249.5052     2.1189     3.1730     0.0214      0.033      5.139      7.454        800 8.9791e-01 0.0000e+00
      5.242    10.5071     0.0807      0.719  29.477977     41.444      6.398   249.2402     2.1270     3.2804     0.0214      0.027      5.141      7.457        801 8.8724e-01 0.0000e+00
      5.246    10.5315     0.0828      0.736  29.462817     41.457      6.402   248.0666     2.1391     3.3475     0.0214      0.022      5.146      7.463        802 8.7831e-01 0.0000e+00
      5.254    10.5454     0.0849      0.755  29.456289     41.460      6.400   246.5523     1.9410     3.0521     0.0214      0.019      5.152      7.472        803 8.4978e-01 0.0000e+00
      5.260    10.5265     0.0803      0.714  29.367503     41.321      6.404   245.8330     1.9450     3.1058     0.0213      0.018      5.157      7.480        804 8.4972e-01 0.0000e+00
      5.264    10.4945     0.0803      0.714  29.395414     41.413      6.402   244.6973     1.9774     3.1461     0.0213      0.017      5.163      7.488        805 8.6126e-01 0.0000e+00
      5.271    10.4694     0.0819      0.728  29.362256     41.301      6.404   244.2052     1.9491     3.1864     0.0213      0.018      5.169      7.498        806 8.6070e-01 0.0000e+00
      5.279    10.4533     0.0847      0.752  29.319812     41.248      6.402   242.8423     1.9652     3.0118     0.0213      0.020      5.177      7.509        807 8.4132e-01 0.0000e+00
      5.288    10.4428     0.0852      0.757  29.359282     41.308      6.405   241.5930     1.9369     3.0655     0.0213      0.024      5.184      7.520        808 8.3170e-01 0.0000e+00
      5.293    10.4312     0.0774      0.687  29.342793     41.346      6.406   240.6466     1.9572     3.1730     0.0213      0.026      5.189      7.527        809 8.3556e-01 0.0000e+00
      5.294    10.4104     0.0809      0.718  29.251393     41.218      6.408   239.5866     1.9531     3.1461     0.0212      0.025      5.192      7.531        810 8.5213e-01 0.0000e+00
      5.297    10.3811     0.0856      0.760  29.235837     41.236      6.409   238.1480     2.0259     3.0521     0.0212      0.023      5.196      7.537        811 8.5194e-01 0.0000e+00
      5.306    10.3366     0.0797      0.708  29.184260     41.170      6.409   236.1416     2.0340     3.0521     0.0212      0.022      5.204      7.548        812 8.3714e-01 0.0000e+00
      5.316    10.2981     0.0784      0.696  29.226636     41.221      6.408   234.7787     2.0542     3.1327     0.0212      0.023      5.214      7.563        813 8.1015e-01 0.0000e+00
      5.330    10.2681     0.0800      0.710  29.153458     41.208      6.409   233.1887     1.9814     3.0790     0.0212      0.025      5.228      7.582        814 7.6941e-01 0.0000e+00
      5.347    10.2430     0.0799      0.709  28.919543     40.805      6.407   231.9773     2.1432     2.8641     0.0210      0.030      5.242      7.603        815 7.7098e-01 0.0000e+00
      5.358    10.2448     0.0780      0.692  28.895110     40.939      6.401   231.1444     2.1553     2.9044     0.0210      0.035      5.253      7.619        816 7.6822e-01 0.0000e+00
      5.365    10.2671     0.0763      0.677  28.798437     40.745      6.399   229.6301     2.1512     2.9178     0.0209      0.039      5.260      7.629        817 7.5768e-01 0.0000e+00
      5.369    10.2778     0.0747      0.663  28.743373     40.779      6.397   228.0780     2.1472     2.8507     0.0209      0.042      5.264      7.634        818 7.5273e-01 0.0000e+00
      5.367    10.2620     0.0783      0.694  28.845051     40.889      6.396   226.7151     2.1310     2.9178     0.0210      0.039      5.264      7.634        819 7.6049e-01 0.0000e+00
      5.365    10.2314     0.0825      0.731  28.909103     41.045      6.399   225.2387     1.9572     2.7298     0.0211      0.032      5.265      7.635        820 7.9524e-01 0.0000e+00
      5.371    10.1990     0.0741      0.656  28.841558     40.860      6.400   223.9894     1.9369     2.6359     0.0210      0.025      5.270      7.643        821 7.6459e-01 0.0000e+00
      5.384    10.1744     0.0761      0.675  28.751209     40.767      6.402   222.8537     1.9450     2.7433     0.0209      0.020      5.280      7.659        822 7.2182e-01 0.0000e+00
      5.398    10.1571     0.0773      0.685  28.665748     40.628      6.403   221.5287     1.9572     2.6761     0.0209      0.019      5.293      7.677        823 7.2647e-01 0.0000e+00
      5.409    10.1451     0.0751      0.665  28.503182     40.465      6.403   220.7715     1.8682     2.4613     0.0208      0.022      5.304      7.693        824 7.1371e-01 0.0000e+00
      5.419    10.1360     0.0787      0.697  28.360552     40.265      6.406   219.9008     1.8803     2.4747     0.0207      0.027      5.313      7.707        825 6.9706e-01 0.0000e+00
      5.427    10.1234     0.0781      0.692  28.339233     40.293      6.404   218.9923     1.8682     2.4210     0.0207      0.033      5.322      7.720        826 6.9723e-01 0.0000e+00
      5.438    10.1141     0.0780      0.691  28.351832     40.312      6.410   218.1215     1.8601     2.3807     0.0207      0.038      5.332      7.734        827 6.7441e-01 0.0000e+00
      5.447    10.1120     0.0800      0.708  28.344879     40.326      6.409   217.0237     1.9046     2.4747     0.0207      0.041      5.341      7.746        828 6.7519e-01 0.0000e+00
      5.453    10.1068     0.0811      0.717  28.347890     40.336      6.411   216.4558     1.9086     2.5284     0.0207      0.040      5.348      7.756        829 7.0487e-01 0.0000e+00
      5.458    10.1031     0.0854      0.756  28.348090     40.351      6.411   215.2822     1.8884     2.3807     0.0207      0.036      5.354      7.765        830 6.7157e-01 0.0000e+00
      5.466    10.1015     0.0821      0.727  28.344636     40.362      6.412   214.2980     1.9046     2.4210     0.0207      0.033      5.360      7.775        831 6.4620e-01 0.0000e+00
      5.474    10.0943     0.0774      0.685  28.352192     40.364      6.414   213.0865     1.8358     2.4479     0.0207      0.031      5.367      7.785        832 6.5882e-01 0.0000e+00
      5.480    10.0926     0.0746      0.660  28.397985     40.449      6.415   211.5344     1.8197     2.4479     0.0207      0.030      5.374      7.795        833 6.6768e-01 0.0000e+00
      5.487    10.0850     0.0772      0.682  28.465540     40.534      6.419   210.5501     1.8197     2.4881     0.0208      0.028      5.382      7.805        834 6.4264e-01 0.0000e+00
      5.497    10.0662     0.0754      0.667  28.594260     40.733      6.417   208.7708     1.8278     2.4076     0.0209      0.028      5.391      7.819        835 6.2389e-01 0.0000e+00
      5.508    10.0599     0.0786      0.695  28.593584     40.744      6.420   207.8244     1.8278     2.2464     0.0209      0.029      5.402      7.835        836 6.4508e-01 0.0000e+00
      5.520    10.0696     0.0750      0.663  28.525680     40.625      6.418   206.7644     1.8197     2.2733     0.0208      0.032      5.412      7.850        837 6.4001e-01 0.0000e+00
      5.530    10.0640     0.0813      0.718  28.589818     40.753      6.418   205.7422     1.8439     2.2464     0.0209      0.035      5.422      7.865        838 6.2353e-01 0.0000e+00
      5.538    10.0399     0.0817      0.721  28.632363     40.815      6.417   204.3794     1.8075     2.2330     0.0209      0.036      5.432      7.878        839 5.9275e-01 0.0000e+00
      5.550    10.0237     0.0775      0.684  28.591335     40.783      6.416   203.0922     1.8075     2.1927     0.0209      0.038      5.443      7.893        840 5.8561e-01 0.0000e+00
      5.560    10.0149     0.0817      0.721  28.611231     40.771      6.415   201.9565     1.6256     2.1390     0.0209      0.040      5.453      7.909        841 5.8142e-01 0.0000e+00
      5.572    10.0150     0.0812      0.716  28.755846     41.016      6.413   201.5779     1.6256     2.0450     0.0210      0.041      5.464      7.925        842 5.8746e-01 0.0000e+00
      5.585    10.0148     0.0836      0.737  28.826454     41.126      6.414   200.9343     1.6296     2.1122     0.0210      0.042      5.476      7.942        843 5.8159e-01 0.0000e+00
      5.595    10.0032     0.0784      0.691  28.819861     41.143      6.412   199.7986     1.5932     2.0853     0.0210      0.042      5.487      7.958        844 5.5139e-01 0.0000e+00
      5.606     9.9887     0.0806      0.710  28.823355     41.155      6.409   198.8901     1.6984     2.2464     0.0210      0.043      5.497      7.973        845 5.5182e-01 0.0000e+00
      5.615     9.9735     0.0769      0.678  28.822107     41.154      6.411   197.6786     1.6903     2.2733     0.0210      0.043      5.506      7.987        846 5.2360e-01 0.0000e+00
      5.624     9.9592     0.0755      0.664  28.821415     41.154      6.410   196.9215     1.6984     2.2464     0.0210      0.043      5.515      7.999        847 5.3087e-01 0.0000e+00
      5.632     9.9485     0.0825      0.724  28.824219     41.168      6.409   195.8993     1.6862     2.2464     0.0210      0.041      5.522      8.009        848 5.3646e-01 0.0000e+00
      5.637     9.9443     0.0800      0.703  28.877922     41.265      6.410   194.8393     1.5649     2.1524     0.0210      0.038      5.528      8.018        849 5.2722e-01 0.0000e+00
      5.643     9.9461     0.0827      0.726  28.932484     41.363      6.409   194.3093     1.5609     2.0584     0.0211      0.035      5.534      8.027        850 5.4342e-01 0.0000e+00
      5.651     9.9462     0.0818      0.718  28.934219     41.380      6.409   193.5143     1.5730     2.0450     0.0211      0.032      5.542      8.038        851 5.2618e-01 0.0000e+00
