Data/DataNotYetUploadedToEDI/Raw_CTD/2018_RawDownloads/071918_bvr50.cnv
* Sea-Bird SBE19plus  Data File:
* FileName = C:\DATA\071918_bvr_0002.hex
* Software version 2.6.3.104
* Temperature SN = 7809
* Conductivity SN = 7809
* System UpLoad Time = Jul 19 2018 17:44:57
* <ApplicationData>
* <Seaterm232>
# nquan = 17
# nvalues = 1261                        
# units = specified
# name 0 = depFM: Depth [fresh water, m]
# name 1 = tv290C: Temperature [ITS-90, deg C]
# name 2 = sbeox0Mg/L: Oxygen, SBE 43 [mg/l]
# name 3 = sbeox0PS: Oxygen, SBE 43 [% saturation]
# name 4 = c0uS/cm: Conductivity [uS/cm]
# name 5 = specc: Specific Conductance [uS/cm]
# name 6 = ph: pH
# name 7 = orp: Oxidation Reduction Potential [mV]
# name 8 = flECO-AFL: Fluorescence, WET Labs ECO-AFL/FL [mg/m^3]
# name 9 = turbWETntu0: Turbidity, WET Labs ECO [NTU]
# name 10 = sal00: Salinity, Practical [PSU]
# name 11 = dz/dtM: Descent Rate [m/s]
# name 12 = prdM: Pressure, Strain Gauge [db]
# name 13 = prdE: Pressure, Strain Gauge [psi]
# name 14 = scan: Scan Count
# name 15 = par/sat/log: PAR/Logarithmic, Satlantic
# name 16 = flag:  0.000e+00
# span 0 =     -0.615,      9.726       
# span 1 =     7.7195,    29.2970       
# span 2 =     0.0595,    10.0422       
# span 3 =      0.500,    127.025       
# span 4 =   0.475309,  78.286357       
# span 5 =      0.469,    119.697       
# span 6 =      5.794,      9.178       
# span 7 = -1240.7455,   426.2607       
# span 8 =    -0.2588,    14.5410       
# span 9 =    -0.7211,    15.4192       
# span 10 =     0.0133,     0.0550      
# span 11 =     -0.075,      0.185      
# span 12 =     -0.603,      9.537      
# span 13 =     -0.875,     13.833      
# span 14 =          1,       1261      
# span 15 = 1.1853e-01, 2.0073e+03      
# span 16 = 0.0000e+00, 0.0000e+00      
# interval = seconds: 0.25
# start_time = Jul 19 2018 15:43:35 [Instrument's time stamp, header]
# bad_flag = -9.990e-29
*END*
[from data line 426]
      2.298    23.4472     6.6560     77.260  28.784214     29.536      7.863   242.6530    11.6659     6.3151     0.0211      0.050      2.254      3.270        427 2.5704e+01 0.0000e+00
      2.307    23.3909     6.6470     76.964  28.747522     29.574      7.857   243.4480    11.6215     6.2883     0.0211      0.044      2.262      3.281        428 2.5454e+01 0.0000e+00
      2.315    23.3561     6.5454     75.695  28.726035     29.553      7.850   243.1830    10.6308     6.2883     0.0211      0.038      2.271      3.293        429 2.5194e+01 0.0000e+00
      2.323    23.3216     6.3331     73.279  28.692390     29.591      7.845   243.4480    10.6752     6.2883     0.0211      0.035      2.279      3.305        430 2.4854e+01 0.0000e+00
      2.335    23.2519     6.0760     70.358  28.670826     29.568      7.844   243.5616    10.6429     6.2614     0.0210      0.035      2.289      3.320        431 2.4664e+01 0.0000e+00
      2.344    23.1742     5.7967     67.073  28.693597     29.660      7.837   243.7888    10.6550     6.3285     0.0211      0.034      2.298      3.333        432 2.4402e+01 0.0000e+00
      2.352    23.0916     5.5426     64.046  28.664070     29.625      7.834   244.2052     8.8354     6.1674     0.0210      0.034      2.308      3.347        433 2.4012e+01 0.0000e+00
      2.364    23.0472     5.3354     61.546  28.618643     29.615      7.830   243.9780     8.8516     6.0868     0.0210      0.036      2.318      3.362        434 2.3692e+01 0.0000e+00
      2.376    23.0476     5.1797     59.668  28.601909     29.631      7.822   244.6973     8.8880     5.9928     0.0210      0.038      2.328      3.377        435 2.3410e+01 0.0000e+00
      2.382    23.0315     5.0574     58.248  28.595978     29.677      7.812   244.8866     8.8313     6.0734     0.0210      0.038      2.336      3.389        436 2.3134e+01 0.0000e+00
      2.390    23.0267     4.9814     57.361  28.655702     29.788      7.805   245.2652     7.5536     6.0868     0.0210      0.038      2.343      3.399        437 2.2918e+01 0.0000e+00
      2.396    23.0610     4.9409     56.853  28.646203     29.816      7.795   245.2652     7.5414     6.1943     0.0210      0.036      2.349      3.408        438 2.2643e+01 0.0000e+00
      2.401    23.1179     4.8946     56.260  28.607817     29.755      7.791   245.4166     7.5455     6.0734     0.0210      0.034      2.354      3.415        439 2.2455e+01 0.0000e+00
      2.406    23.1728     4.8520     55.747  28.644184     29.825      7.781   245.2273     7.5495     6.0600     0.0210      0.031      2.359      3.422        440 2.2302e+01 0.0000e+00
      2.410    23.2030     4.8069     55.241  28.689891     29.856      7.770   245.3409     8.4391     6.0197     0.0210      0.028      2.363      3.428        441 2.2118e+01 0.0000e+00
      2.413    23.2099     4.7459     54.551  28.699172     29.865      7.762   245.6816     8.4351     6.1137     0.0210      0.023      2.367      3.432        442 2.1996e+01 0.0000e+00
      2.416    23.2091     4.6832     53.849  28.662271     29.771      7.757   245.9088     8.4634     6.0600     0.0210      0.020      2.369      3.435        443 2.1871e+01 0.0000e+00
      2.416    23.1973     4.6358     53.304  28.646852     29.737      7.745   245.8330     8.4310     6.0600     0.0210      0.017      2.369      3.437        444 2.1784e+01 0.0000e+00
      2.417    23.1161     4.6025     52.874  28.659046     29.718      7.739   245.9466     8.4229     6.0465     0.0210      0.014      2.372      3.441        445 2.1598e+01 0.0000e+00
      2.425    22.9457     4.5899     52.675  28.706379     29.772      7.733   245.9845     7.6102     6.0734     0.0210      0.013      2.380      3.452        446 2.1383e+01 0.0000e+00
      2.439    22.7677     4.5875     52.597  28.736180     29.801      7.727   246.2116     7.6304     6.0465     0.0211      0.015      2.392      3.469        447 2.1076e+01 0.0000e+00
      2.453    22.6370     4.5727     52.399  28.651606     29.721      7.719   246.8930     7.5940     6.2077     0.0210      0.020      2.405      3.488        448 2.0853e+01 0.0000e+00
      2.465    22.5740     4.5400     51.991  28.515163     29.625      7.712   247.6880     7.6102     6.0197     0.0210      0.026      2.416      3.504        449 2.0723e+01 0.0000e+00
      2.474    22.6009     4.4989     51.483  28.461302     29.674      7.705   248.0288     5.9037     6.1003     0.0209      0.032      2.426      3.519        450 2.0546e+01 0.0000e+00
      2.484    22.6376     4.4398     50.776  28.451868     29.785      7.691   248.2559     5.8916     6.0197     0.0209      0.037      2.436      3.533        451 2.0449e+01 0.0000e+00
      2.493    22.6014     4.3694     49.945  28.408378     29.808      7.682   248.4831     5.8997     6.1405     0.0209      0.041      2.446      3.547        452 2.0254e+01 0.0000e+00
      2.506    22.5291     4.2880     48.983  28.456179     29.907      7.671   249.2402     5.8957     6.0868     0.0209      0.044      2.457      3.564        453 1.9994e+01 0.0000e+00
      2.519    22.4401     4.2083     47.920  28.510992     29.948      7.659   249.1266     5.1395     6.0331     0.0209      0.044      2.469      3.581        454 1.9779e+01 0.0000e+00
      2.529    22.3710     4.1410     46.961  28.458750     29.864      7.644   249.7702     5.1395     6.0600     0.0209      0.043      2.479      3.595        455 1.9634e+01 0.0000e+00
      2.535    22.3570     4.0464     45.795  28.461893     29.889      7.633   249.2402     5.1638     6.1137     0.0209      0.041      2.485      3.605        456 1.9577e+01 0.0000e+00
      2.539    22.3476     3.9255     44.397  28.447799     29.933      7.621   249.7702     5.1274     6.1405     0.0209      0.039      2.490      3.611        457 1.9514e+01 0.0000e+00
      2.543    22.3087     3.7585     42.510  28.357727     29.872      7.612   249.9216     4.9616     6.0734     0.0209      0.036      2.494      3.617        458 1.9370e+01 0.0000e+00
      2.548    22.2547     3.5783     40.473  28.396132     29.976      7.601   250.3002     4.9414     6.0868     0.0209      0.032      2.499      3.625        459 1.9219e+01 0.0000e+00
      2.553    22.2328     3.4149     38.629  28.400028     29.983      7.586   250.7545     4.9454     6.1674     0.0209      0.028      2.505      3.633        460 1.9105e+01 0.0000e+00
      2.560    22.2431     3.2734     37.037  28.352889     29.931      7.578   250.3759     4.9414     6.0197     0.0209      0.024      2.511      3.642        461 1.8985e+01 0.0000e+00
      2.569    22.2542     3.1619     35.773  28.395508     30.013      7.572   251.1709     4.6381     6.1137     0.0209      0.022      2.519      3.654        462 1.8853e+01 0.0000e+00
      2.578    22.2720     3.0879     34.940  28.406297     30.050      7.565   251.0195     4.6462     6.0868     0.0209      0.023      2.528      3.667        463 1.8706e+01 0.0000e+00
      2.587    22.2703     3.0633     34.665  28.398773     30.063      7.555   251.5116     4.6624     6.0197     0.0209      0.025      2.536      3.678        464 1.8604e+01 0.0000e+00
      2.593    22.2267     3.0586     34.609  28.345585     29.997      7.540   251.8145     4.6785     6.1674     0.0208      0.028      2.543      3.688        465 1.8587e+01 0.0000e+00
      2.600    22.1711     3.0824     34.861  28.353899     29.990      7.530   252.3445     4.6543     6.1003     0.0209      0.029      2.550      3.698        466 1.8509e+01 0.0000e+00
      2.607    22.1238     3.1064     35.116  28.388423     30.038      7.521   252.7988     4.7756     5.7914     0.0209      0.030      2.558      3.709        467 1.8365e+01 0.0000e+00
      2.617    22.0933     3.1394     35.471  28.361910     29.978      7.508   253.2152     4.7796     5.8988     0.0209      0.031      2.566      3.721        468 1.8235e+01 0.0000e+00
      2.625    22.0607     3.1586     35.642  28.327601     30.008      7.496   253.5181     4.7998     5.9928     0.0208      0.031      2.573      3.732        469 1.8172e+01 0.0000e+00
      2.630    22.0239     3.1667     35.707  28.312545     29.983      7.483   253.7831     4.8039     5.9660     0.0208      0.030      2.580      3.741        470 1.8085e+01 0.0000e+00
      2.638    21.9906     3.1553     35.570  28.321373     30.074      7.472   253.8588     4.5977     5.5766     0.0208      0.029      2.587      3.751        471 1.7996e+01 0.0000e+00
      2.645    21.9676     3.1249     35.222  28.316633     30.033      7.457   254.1616     4.5977     5.5766     0.0208      0.029      2.593      3.761        472 1.7975e+01 0.0000e+00
      2.649    21.9269     3.0822     34.728  28.318457     30.113      7.445   254.3888     4.5896     5.6169     0.0208      0.028      2.598      3.769        473 1.7870e+01 0.0000e+00
      2.656    21.7653     3.0268     34.070  28.259820     30.018      7.435   254.6916     4.5936     5.7377     0.0208      0.027      2.605      3.778        474 1.7784e+01 0.0000e+00
      2.664    21.5581     2.9725     33.420  28.271031     30.098      7.428   254.8431     4.5330     5.5900     0.0208      0.027      2.614      3.791        475 1.7638e+01 0.0000e+00
      2.677    21.4491     2.9148     32.745  28.304519     30.115      7.420   254.9188     4.5249     5.5900     0.0208      0.028      2.625      3.807        476 1.7488e+01 0.0000e+00
      2.688    21.4168     2.8564     32.077  28.158862     30.018      7.409   255.2216     4.5087     5.6437     0.0208      0.030      2.635      3.822        477 1.7451e+01 0.0000e+00
      2.697    21.4178     2.8001     31.435  28.066910     29.974      7.401   255.7895     4.5532     5.6169     0.0207      0.033      2.644      3.836        478 1.7373e+01 0.0000e+00
      2.705    21.4204     2.7459     30.811  28.152184     30.261      7.394   255.6759     4.6907     5.3617     0.0207      0.034      2.653      3.848        479 1.7284e+01 0.0000e+00
      2.714    21.4257     2.7000     30.277  28.141749     30.269      7.382   256.0545     4.7351     5.4557     0.0207      0.036      2.661      3.861        480 1.7182e+01 0.0000e+00
      2.723    21.4363     2.6646     29.835  28.109588     30.291      7.374   255.7895     4.7270     5.3886     0.0207      0.037      2.670      3.873        481 1.7062e+01 0.0000e+00
      2.730    21.4351     2.6191     29.299  28.132931     30.289      7.361   256.2059     4.6987     5.5094     0.0207      0.037      2.677      3.883        482 1.6952e+01 0.0000e+00
      2.736    21.4393     2.5763     28.829  28.171995     30.348      7.354   257.0388     5.3012     5.3349     0.0207      0.035      2.683      3.892        483 1.6876e+01 0.0000e+00
      2.742    21.4453     2.5234     28.246  28.120265     30.285      7.342   257.2659     5.3012     5.2677     0.0207      0.032      2.689      3.900        484 1.6856e+01 0.0000e+00
      2.747    21.4396     2.4701     27.654  28.049070     30.186      7.332   257.1145     5.2689     5.2006     0.0207      0.029      2.694      3.908        485 1.6814e+01 0.0000e+00
      2.753    21.4145     2.4166     27.042  28.171653     30.339      7.319   257.1524     5.2689     5.2543     0.0207      0.027      2.700      3.917        486 1.6691e+01 0.0000e+00
      2.761    21.3918     2.3780     26.597  28.175241     30.335      7.307   257.4552     4.9778     5.0126     0.0207      0.026      2.707      3.926        487 1.6594e+01 0.0000e+00
      2.764    21.3615     2.3466     26.228  28.133544     30.272      7.296   257.1902     4.9778     5.0395     0.0207      0.024      2.712      3.933        488 1.6565e+01 0.0000e+00
      2.771    21.2997     2.3232     25.872  28.164250     30.335      7.289   257.4931     4.9494     4.9320     0.0207      0.023      2.719      3.943        489 1.6456e+01 0.0000e+00
      2.781    21.2602     2.2998     25.520  28.137032     30.292      7.280   257.9852     4.9494     4.8917     0.0207      0.024      2.727      3.955        490 1.6309e+01 0.0000e+00
      2.789    21.2485     2.2617     25.063  28.108128     30.307      7.270   257.7581     4.9575     5.0260     0.0207      0.025      2.735      3.968        491 1.6194e+01 0.0000e+00
      2.799    21.2398     2.1743     24.087  28.051993     30.234      7.260   258.0988     5.2851     4.8380     0.0207      0.027      2.744      3.980        492 1.6106e+01 0.0000e+00
      2.805    21.2215     2.0453     22.667  28.117965     30.368      7.251   258.1745     5.2649     4.7843     0.0207      0.029      2.751      3.990        493 1.6007e+01 0.0000e+00
      2.812    21.1714     1.9030     21.094  28.114989     30.393      7.241   258.5152     5.2608     4.8112     0.0207      0.030      2.758      4.000        494 1.5938e+01 0.0000e+00
      2.819    21.1116     1.7572     19.470  28.055711     30.310      7.231   258.2881     5.2649     4.7575     0.0207      0.030      2.765      4.010        495 1.5916e+01 0.0000e+00
      2.827    21.0712     1.6311     18.072  28.102801     30.406      7.224   258.8181     4.8969     4.3949     0.0207      0.031      2.772      4.020        496 1.5834e+01 0.0000e+00
      2.835    21.0518     1.5517     17.196  28.056391     30.327      7.215   259.2724     4.9009     4.4352     0.0207      0.030      2.779      4.030        497 1.5782e+01 0.0000e+00
      2.839    21.0350     1.5119     16.753  28.024535     30.360      7.204   258.8938     4.8928     4.3815     0.0207      0.029      2.784      4.038        498 1.5791e+01 0.0000e+00
      2.843    21.0122     1.5048     16.637  28.053521     30.400      7.192   258.8181     4.8969     4.4352     0.0207      0.027      2.789      4.044        499 1.5736e+01 0.0000e+00
      2.849    20.9748     1.5318     16.884  28.049987     30.457      7.185   258.8938     4.8281     3.8981     0.0207      0.025      2.795      4.054        500 1.5618e+01 0.0000e+00
      2.858    20.9027     1.5707     17.303  27.999302     30.379      7.177   259.5752     4.8443     3.8981     0.0206      0.025      2.802      4.065        501 1.5540e+01 0.0000e+00
      2.866    20.8563     1.5821     17.430  28.027666     30.450      7.170   259.4995     4.8241     3.9518     0.0207      0.025      2.812      4.078        502 1.5360e+01 0.0000e+00
      2.879    20.8693     1.5703     17.305  28.044344     30.466      7.160   260.0295     4.8362     3.9384     0.0207      0.027      2.823      4.095        503 1.5188e+01 0.0000e+00
      2.891    20.8864     1.5210     16.755  27.978556     30.428      7.147   260.2567     5.1921     3.9249     0.0206      0.030      2.834      4.111        504 1.5090e+01 0.0000e+00
      2.900    20.8932     1.4570     16.035  28.050260     30.539      7.137   261.0138     5.2365     3.9249     0.0207      0.033      2.843      4.123        505 1.4971e+01 0.0000e+00
      2.906    20.8685     1.3938     15.323  28.103367     30.662      7.125   261.0138     5.2285     3.9786     0.0207      0.035      2.849      4.132        506 1.4937e+01 0.0000e+00
      2.909    20.8478     1.3322     14.635  28.060715     30.560      7.118   261.3167     5.2285     3.9921     0.0207      0.036      2.853      4.137        507 1.4905e+01 0.0000e+00
      2.911    20.8046     1.2745     13.994  28.103340     30.641      7.107   261.6195     5.2244     3.8981     0.0207      0.033      2.855      4.141        508 1.4852e+01 0.0000e+00
      2.912    20.6265     1.2156     13.320  28.050316     30.544      7.095   261.6574     4.9050     3.5624     0.0207      0.028      2.859      4.147        509 1.4783e+01 0.0000e+00
      2.923    20.4446     1.1688     12.772  27.978465     30.499      7.086   262.1495     4.9050     3.6027     0.0206      0.025      2.871      4.164        510 1.4445e+01 0.0000e+00
