Data/DataNotYetUploadedToEDI/Raw_CTD/2018_RawDownloads/071918_bvr50.cnv
* Sea-Bird SBE19plus  Data File:
* FileName = C:\DATA\071918_bvr_0002.hex
* Software version 2.6.3.104
* Temperature SN = 7809
* Conductivity SN = 7809
* System UpLoad Time = Jul 19 2018 17:44:57
* <ApplicationData>
* <Seaterm232>
# nquan = 17
# nvalues = 1261                        
# units = specified
# name 0 = depFM: Depth [fresh water, m]
# name 1 = tv290C: Temperature [ITS-90, deg C]
# name 2 = sbeox0Mg/L: Oxygen, SBE 43 [mg/l]
# name 3 = sbeox0PS: Oxygen, SBE 43 [% saturation]
# name 4 = c0uS/cm: Conductivity [uS/cm]
# name 5 = specc: Specific Conductance [uS/cm]
# name 6 = ph: pH
# name 7 = orp: Oxidation Reduction Potential [mV]
# name 8 = flECO-AFL: Fluorescence, WET Labs ECO-AFL/FL [mg/m^3]
# name 9 = turbWETntu0: Turbidity, WET Labs ECO [NTU]
# name 10 = sal00: Salinity, Practical [PSU]
# name 11 = dz/dtM: Descent Rate [m/s]
# name 12 = prdM: Pressure, Strain Gauge [db]
# name 13 = prdE: Pressure, Strain Gauge [psi]
# name 14 = scan: Scan Count
# name 15 = par/sat/log: PAR/Logarithmic, Satlantic
# name 16 = flag:  0.000e+00
# span 0 =     -0.615,      9.726       
# span 1 =     7.7195,    29.2970       
# span 2 =     0.0595,    10.0422       
# span 3 =      0.500,    127.025       
# span 4 =   0.475309,  78.286357       
# span 5 =      0.469,    119.697       
# span 6 =      5.794,      9.178       
# span 7 = -1240.7455,   426.2607       
# span 8 =    -0.2588,    14.5410       
# span 9 =    -0.7211,    15.4192       
# span 10 =     0.0133,     0.0550      
# span 11 =     -0.075,      0.185      
# span 12 =     -0.603,      9.537      
# span 13 =     -0.875,     13.833      
# span 14 =          1,       1261      
# span 15 = 1.1853e-01, 2.0073e+03      
# span 16 = 0.0000e+00, 0.0000e+00      
# interval = seconds: 0.25
# start_time = Jul 19 2018 15:43:35 [Instrument's time stamp, header]
# bad_flag = -9.990e-29
*END*
     -0.615    29.2932     8.1157    104.064   0.574648      0.521      6.616 -1240.7455    -0.1860    -0.1303     0.0133 2.1053e-16     -0.603     -0.874          1 1.8980e+02 0.0000e+00
     -0.615    29.2947     8.1164    104.080   0.609251      0.572      6.625 -1240.7455    -0.1617    -0.1974     0.0133     -0.000     -0.603     -0.874          2 1.7929e+02 0.0000e+00
     -0.615    29.2935     8.1211    104.079   0.516503      0.469      6.620 -1240.7455    -0.2062    -0.2243     0.0133     -0.000     -0.603     -0.874          3 1.8502e+02 0.0000e+00
     -0.615    29.2951     8.1075    103.843   0.512437      0.469      6.607 -1240.7455    -0.1658     0.0040     0.0133     -0.000     -0.603     -0.874          4 1.7811e+02 0.0000e+00
     -0.615    29.2925     7.9793    102.162   0.555101      0.521      6.593 -1240.7455    -0.2021     0.0577     0.0133     -0.000     -0.603     -0.874          5 1.8369e+02 0.0000e+00
     -0.615    29.2970     7.9196    101.354   0.581832      0.521      6.586 -1240.7455    -0.1779    -0.0632     0.0133     -0.000     -0.603     -0.875          6 2.0333e+02 0.0000e+00
     -0.615    29.2805     7.9551    101.724   0.479170      0.469      6.590 -1240.7455    -0.1860     0.0308     0.0133     -0.000     -0.603     -0.875          7 2.1797e+02 0.0000e+00
     -0.615    29.1148     8.0253    102.505   0.623650      0.521      6.600 -1240.7455    -0.1779    -0.0632     0.0133     -0.000     -0.603     -0.875          8 2.3397e+02 0.0000e+00
     -0.615    28.8689     8.0899    103.202   0.579664      0.623      6.610 -1240.7455    -0.1415     0.0040     0.0133     -0.000     -0.600     -0.870          9 2.5327e+02 0.0000e+00
     -0.607    28.6984     8.1254    103.540   0.889179      0.675      6.562 -1240.7455    -0.1617     0.0040     0.0133      0.002     -0.586     -0.850         10 2.7344e+02 0.0000e+00
     -0.566    28.5828     8.1088    103.234   0.475309      0.675      5.794   -91.8915    -0.1819     0.0443     0.0133      0.014     -0.559     -0.812         11 2.7665e+02 0.0000e+00
     -0.542    28.4842     8.0987    103.038   0.976294      0.522      6.672   -88.4465    -0.1536    -0.1169     0.0133      0.030     -0.534     -0.775         12 2.7715e+02 0.0000e+00
     -0.527    28.4006     8.1517    103.660   3.493048      3.658      7.061   275.7024    -0.2385    -0.6943     0.0135      0.044     -0.511     -0.741         13 2.8218e+02 0.0000e+00
     -0.495    28.3403     8.1751    103.926  15.378522     13.363      7.407   426.2607    -0.2588    -0.7211     0.0164      0.061     -0.473     -0.687         14 2.8666e+02 0.0000e+00
     -0.424    28.3045     8.1260    103.287  31.870037     30.983      8.078   238.2616    -0.2224    -0.6809     0.0229      0.089     -0.417     -0.604         15 2.9649e+02 0.0000e+00
     -0.359    28.2804     8.0680    102.554  33.912768     30.936      8.495   239.8137    -0.2507    -0.7211     0.0229      0.122     -0.358     -0.519         16 3.0322e+02 0.0000e+00
     -0.312    28.2579     8.0355    102.155  32.487583     30.880      8.712   247.3473     0.7724    15.4192     0.0229      0.150     -0.310     -0.450         17 3.0973e+02 0.0000e+00
     -0.279    28.2264     7.9932    101.624  33.228542     30.862      8.853   244.2052     0.7683    15.3253     0.0228      0.166     -0.270     -0.392         18 2.5796e+02 0.0000e+00
     -0.234    28.1949     7.9357    100.891  32.694149     30.830      8.976   237.9209     0.7764    15.2850     0.0228      0.175     -0.230     -0.334         19 1.6549e+02 0.0000e+00
     -0.191    28.1865     7.8375     99.665  33.034027     30.897      9.032   233.4916     0.7724    15.3924     0.0228      0.185     -0.192     -0.279         20 1.4721e+02 0.0000e+00
     -0.164    28.2025     7.7260     98.266  32.864888     30.910      9.062   237.3152     2.3373    11.8206     0.0228      0.185     -0.168     -0.244         21 1.5215e+02 0.0000e+00
     -0.160    28.2049     7.6909     97.837  33.023266     30.981      9.063   239.7380     2.3413    11.8474     0.0229      0.166     -0.162     -0.236         22 1.5195e+02 0.0000e+00
     -0.173    28.1737     7.7111     98.134  32.955557     30.999      9.029   238.2237     2.3453    11.7937     0.0229      0.130     -0.167     -0.242         23 1.5791e+02 0.0000e+00
     -0.175    28.1390     7.7630     98.831  32.949163     30.952      9.002   238.6023     2.3453    11.6997     0.0228      0.095     -0.168     -0.243         24 1.4208e+02 0.0000e+00
     -0.167    28.1177     7.8122     99.483  32.853305     30.890      9.019   187.3436     2.4262    11.5923     0.0228      0.068     -0.157     -0.227         25 1.3734e+02 0.0000e+00
     -0.138    28.0928     7.8752    100.309  32.748658     30.756      9.053   184.8450     2.3736    11.6191     0.0228      0.051     -0.131     -0.189         26 1.3394e+02 0.0000e+00
     -0.094    28.0465     7.9350    101.094  32.753209     30.801      9.063   181.7786     2.3898    11.5654     0.0228      0.045     -0.092     -0.134         27 1.0877e+02 0.0000e+00
     -0.051    27.9821     7.9644    101.492  32.877307     30.926      9.076   180.1886     2.4181    11.5923     0.0228      0.054     -0.052     -0.075         28 9.0959e+01 0.0000e+00
     -0.014    27.9126     7.9444    101.256  32.861115     30.939      9.086   179.2043     2.4060    11.4849     0.0228      0.073     -0.017     -0.025         29 7.9227e+01 0.0000e+00
      0.012    27.8490     7.8804    100.449  32.803025     30.874      9.092   177.6521     2.4020    11.7937     0.0228      0.097      0.010      0.015         30 7.4734e+01 0.0000e+00
      0.033    27.7984     7.7923     99.322  32.712385     30.849      9.092   177.4250     2.4020    11.7937     0.0228      0.116      0.031      0.045         31 7.6303e+01 0.0000e+00
      0.050    27.7606     7.7266     98.463  32.588443     30.728      9.105   228.9109     2.3696    11.7668     0.0227      0.123      0.047      0.068         32 6.8974e+01 0.0000e+00
      0.060    27.7333     7.6878     97.943  32.601459     30.821      9.116   234.0973     2.3615    11.7937     0.0227      0.117      0.058      0.083         33 6.7741e+01 0.0000e+00
      0.065    27.7155     7.6529     97.470  32.518300     30.753      9.119   182.0057     2.3898    11.9683     0.0227      0.100      0.067      0.097         34 6.9472e+01 0.0000e+00
      0.080    27.7079     7.6052     96.868  32.454737     30.729      9.126   180.6050     2.4262    12.0354     0.0227      0.080      0.078      0.113         35 7.0088e+01 0.0000e+00
      0.093    27.7100     7.5570     96.282  32.502665     30.804      9.132   179.8857     2.4303    11.9683     0.0227      0.065      0.088      0.128         36 7.2540e+01 0.0000e+00
      0.098    27.7175     7.5198     95.816  32.577284     30.873      9.131   180.5293     2.3858    11.9951     0.0227      0.052      0.092      0.133         37 7.5102e+01 0.0000e+00
      0.089    27.7204     7.4989     95.554  32.599113     30.936      9.125   180.9457     2.4262    11.0820     0.0227      0.040      0.091      0.132         38 8.1537e+01 0.0000e+00
      0.092    27.7210     7.4811     95.326  32.475508     30.782      9.138   180.4157     2.4424    11.0552     0.0227      0.030      0.096      0.140         39 8.1074e+01 0.0000e+00
      0.117    27.7326     7.4507     94.935  32.493887     30.834      9.145   180.5293     2.4262    11.1894     0.0227      0.028      0.110      0.160         40 8.1414e+01 0.0000e+00
      0.128    27.7432     7.4013     94.296  32.516933     30.829      9.138   181.8921     2.4343    11.1894     0.0227      0.029      0.114      0.166         41 9.7560e+01 0.0000e+00
      0.103    27.7540     7.3424     93.538  32.565438     30.880      9.146   181.5893     2.3777    11.3372     0.0227      0.022      0.095      0.139         42 1.1006e+02 0.0000e+00
      0.062    27.7767     7.2857     92.813  32.552134     30.881      9.145   180.9836     2.3898    11.3909     0.0227      0.003      0.061      0.090         43 1.1595e+02 0.0000e+00
      0.024    27.7978     7.2308     92.118  32.474181     30.767      9.155   181.5514     2.3939    11.4043     0.0227     -0.021      0.031      0.045         44 1.3445e+02 0.0000e+00
      0.010    27.8121     7.1594     91.214  32.543834     30.867      9.161   182.1950     2.4181    11.4043     0.0227     -0.041      0.014      0.019         45 1.3964e+02 0.0000e+00
      0.007    27.8250     7.0885     90.315  32.643366     30.914      9.160   182.2329     2.3453    11.3237     0.0227     -0.054      0.006      0.008         46 1.6299e+02 0.0000e+00
      0.000    27.8385     7.0043     89.246  32.706146     31.006      9.158   182.5736     2.3332    11.3103     0.0228     -0.066     -0.002     -0.003         47 1.6742e+02 0.0000e+00
     -0.013    27.8518     6.9265     88.261  32.702921     30.941      9.161   182.2329     2.3453    11.3909     0.0227     -0.075     -0.012     -0.018         48 1.9232e+02 0.0000e+00
     -0.024    27.8617     6.8502     87.294  32.765982     31.039      9.157   182.7250     2.3251    11.3909     0.0228     -0.072     -0.020     -0.030         49 1.6420e+02 0.0000e+00
     -0.023    27.8670     6.7711     86.293  32.894541     31.110      9.156   182.9521     2.3575    11.3506     0.0228     -0.055     -0.025     -0.036         50 2.3441e+02 0.0000e+00
     -0.027    27.8641     6.6804     85.142  32.958074     31.208      9.146   183.2929     2.3332    11.4043     0.0229     -0.038     -0.032     -0.046         51 2.0708e+02 0.0000e+00
     -0.049    27.8522     6.6036     84.168  32.953790     31.147      9.139   182.7250     2.3453    11.3774     0.0228     -0.032     -0.048     -0.070         52 3.3166e+02 0.0000e+00
     -0.072    27.8366     6.5305     83.242  33.077787     31.300      9.133   182.9521     2.3373    11.4312     0.0229     -0.037     -0.067     -0.097         53 1.1577e+03 0.0000e+00
     -0.085    27.8218     6.4593     82.340  33.218911     31.403      9.135   183.4064     2.3494    11.3506     0.0229     -0.043     -0.079     -0.115         54 2.0073e+03 0.0000e+00
     -0.086    27.8246     6.3951     81.528  33.193314     31.404      9.139   183.2929     2.4020    11.3640     0.0229     -0.044     -0.084     -0.122         55 1.7786e+03 0.0000e+00
     -0.088    27.8397     6.3339     80.752  33.050334     31.253      9.138   183.4064     2.3979    11.3909     0.0229     -0.043     -0.086     -0.125         56 6.4654e+02 0.0000e+00
     -0.089    27.8458     6.2704     79.946  32.981699     31.209      9.136   183.5957     2.4020    11.4043     0.0229     -0.040     -0.088     -0.127         57 9.3656e+02 0.0000e+00
     -0.091    27.8475     6.2210     79.321  33.041508     31.271      9.132   183.6714     2.3817    11.3372     0.0229     -0.036     -0.088     -0.128         58 1.9006e+03 0.0000e+00
     -0.089    27.8476     6.1754     78.746  33.035216     31.269      9.136   183.8607     2.4383    11.6191     0.0229     -0.027     -0.088     -0.128         59 1.9379e+03 0.0000e+00
     -0.091    27.8449     6.1265     78.128  33.048834     31.260      9.139   184.0879     2.3817    11.5386     0.0229     -0.015     -0.089     -0.130         60 1.9103e+03 0.0000e+00
     -0.093    27.8396     6.0848     77.601  33.083863     31.310      9.142   183.7850     2.3898    11.4849     0.0229     -0.007     -0.092     -0.133         61 1.9230e+03 0.0000e+00
     -0.096    27.8347     6.0494     77.153  33.050928     31.256      9.147   183.8986     2.4060    11.5654     0.0229     -0.005     -0.093     -0.134         62 1.9192e+03 0.0000e+00
     -0.094    27.8335     6.0135     76.699  33.030513     31.256      9.144   184.3529     2.4181    11.4177     0.0229     -0.004     -0.092     -0.134         63 1.9248e+03 0.0000e+00
     -0.092    27.8355     5.9847     76.337  32.990654     31.204      9.139   184.0879     2.3979    11.3909     0.0229     -0.003     -0.091     -0.132         64 1.9191e+03 0.0000e+00
     -0.091    27.8389     5.9580     76.001  32.981917     31.208      9.138   184.5800     2.4141    11.3237     0.0229     -0.002     -0.089     -0.129         65 1.9189e+03 0.0000e+00
     -0.089    27.8417     5.9375     75.744  33.041388     31.263      9.142   184.7314     2.4222    11.2969     0.0229     -0.000     -0.087     -0.126         66 1.9113e+03 0.0000e+00
     -0.087    27.8447     5.9128     75.432  33.035260     31.264      9.143   184.7693     2.4667    11.3640     0.0229      0.001     -0.085     -0.124         67 1.9037e+03 0.0000e+00
     -0.086    27.8480     5.8980     75.245  33.048850     31.263      9.143   184.8072     2.4990    11.3640     0.0229      0.004     -0.085     -0.123         68 1.8984e+03 0.0000e+00
     -0.086    27.8520     5.8866     75.106  33.083782     31.314      9.144   185.2614     2.4667    11.4177     0.0229      0.005     -0.084     -0.122         69 1.9000e+03 0.0000e+00
     -0.086    27.8562     5.8758     74.973  33.051095     31.259      9.146   185.3750     2.4343    11.3640     0.0229      0.005     -0.084     -0.121         70 1.9052e+03 0.0000e+00
     -0.085    27.8596     5.8653     74.844  33.089528     31.310      9.145   185.1479     2.4586    11.3372     0.0229      0.005     -0.083     -0.120         71 1.9059e+03 0.0000e+00
     -0.083    27.8627     5.8580     74.755  33.095260     31.308      9.148   185.4886     2.4343    11.5923     0.0229      0.004     -0.082     -0.118         72 1.9058e+03 0.0000e+00
     -0.081    27.8665     5.8546     74.714  33.043961     31.253      9.145   185.9050     2.4586    11.5654     0.0229      0.004     -0.080     -0.117         73 1.9055e+03 0.0000e+00
     -0.082    27.8709     5.8637     74.833  33.094059     31.303      9.143   186.1322     2.4586    11.5386     0.0229      0.003     -0.080     -0.117         74 1.9018e+03 0.0000e+00
     -0.083    27.8747     5.8705     74.924  33.092220     31.301      9.144   186.1322     2.4424    11.6191     0.0229      0.003     -0.081     -0.118         75 1.8992e+03 0.0000e+00
     -0.084    27.8778     5.8718     74.947  33.105556     31.300      9.142   186.3972     2.4707    11.3909     0.0229      0.002     -0.081     -0.118         76 1.8999e+03 0.0000e+00
     -0.082    27.8808     5.8661     74.880  33.136767     31.350      9.141   186.6243     2.4869    11.3237     0.0229      0.002     -0.080     -0.117         77 1.9005e+03 0.0000e+00
     -0.081    27.8844     5.8757     75.006  33.053376     31.242      9.141   186.5864     2.4909    11.4312     0.0229      0.002     -0.079     -0.115         78 1.9002e+03 0.0000e+00
     -0.080    27.8884     5.8829     75.101  33.090718     31.292      9.142   186.5486     2.4788    11.4043     0.0229      0.001     -0.079     -0.114         79 1.9003e+03 0.0000e+00
     -0.080    27.8926     5.8957     75.268  33.149602     31.343      9.142   187.0407     2.5071    11.5789     0.0229      0.001     -0.079     -0.114         80 1.8986e+03 0.0000e+00
     -0.081    27.8959     5.9075     75.423  33.098710     31.289      9.142   187.1164     2.5475    11.5789     0.0229      0.001     -0.079     -0.114         81 1.8970e+03 0.0000e+00
     -0.080    27.8983     5.9099     75.458  33.094742     31.287      9.146   187.1164     2.5394    11.6191     0.0229      0.001     -0.079     -0.114         82 1.8993e+03 0.0000e+00
     -0.080    27.9012     5.9162     75.544  33.095231     31.284      9.145   187.3814     2.5435    11.6191     0.0229      0.002     -0.078     -0.113         83 1.9028e+03 0.0000e+00
     -0.080    27.9049     5.9210     75.608  33.157408     31.335      9.142   187.1164     2.4100    11.3909     0.0229      0.001     -0.078     -0.113         84 1.8957e+03 0.0000e+00
     -0.080    27.9089     5.9316     75.747  33.135976     31.333      9.144   187.6086     2.3656    11.3640     0.0229      0.001     -0.078     -0.113         85 1.8937e+03 0.0000e+00
