Data/DataNotYetUploadedToEDI/Raw_CTD/2018_RawDownloads/071918_bvr50.cnv
* Sea-Bird SBE19plus  Data File:
* FileName = C:\DATA\071918_bvr_0002.hex
* Software version 2.6.3.104
* Temperature SN = 7809
* Conductivity SN = 7809
* System UpLoad Time = Jul 19 2018 17:44:57
* <ApplicationData>
* <Seaterm232>
# nquan = 17
# nvalues = 1261                        
# units = specified
# name 0 = depFM: Depth [fresh water, m]
# name 1 = tv290C: Temperature [ITS-90, deg C]
# name 2 = sbeox0Mg/L: Oxygen, SBE 43 [mg/l]
# name 3 = sbeox0PS: Oxygen, SBE 43 [% saturation]
# name 4 = c0uS/cm: Conductivity [uS/cm]
# name 5 = specc: Specific Conductance [uS/cm]
# name 6 = ph: pH
# name 7 = orp: Oxidation Reduction Potential [mV]
# name 8 = flECO-AFL: Fluorescence, WET Labs ECO-AFL/FL [mg/m^3]
# name 9 = turbWETntu0: Turbidity, WET Labs ECO [NTU]
# name 10 = sal00: Salinity, Practical [PSU]
# name 11 = dz/dtM: Descent Rate [m/s]
# name 12 = prdM: Pressure, Strain Gauge [db]
# name 13 = prdE: Pressure, Strain Gauge [psi]
# name 14 = scan: Scan Count
# name 15 = par/sat/log: PAR/Logarithmic, Satlantic
# name 16 = flag:  0.000e+00
# span 0 =     -0.615,      9.726       
# span 1 =     7.7195,    29.2970       
# span 2 =     0.0595,    10.0422       
# span 3 =      0.500,    127.025       
# span 4 =   0.475309,  78.286357       
# span 5 =      0.469,    119.697       
# span 6 =      5.794,      9.178       
# span 7 = -1240.7455,   426.2607       
# span 8 =    -0.2588,    14.5410       
# span 9 =    -0.7211,    15.4192       
# span 10 =     0.0133,     0.0550      
# span 11 =     -0.075,      0.185      
# span 12 =     -0.603,      9.537      
# span 13 =     -0.875,     13.833      
# span 14 =          1,       1261      
# span 15 = 1.1853e-01, 2.0073e+03      
# span 16 = 0.0000e+00, 0.0000e+00      
# interval = seconds: 0.25
# start_time = Jul 19 2018 15:43:35 [Instrument's time stamp, header]
# bad_flag = -9.990e-29
*END*
[from data line 596]
      3.725    16.4765     1.0398     10.371  27.166544     32.642      6.598   277.2924     4.8443     1.0111     0.0201      0.027      3.653      5.298        597 8.3224e+00 0.0000e+00
      3.732    16.4092     1.0695     10.665  27.237505     32.711      6.596   277.3681     4.8281     1.0379     0.0201      0.028      3.660      5.309        598 8.2501e+00 0.0000e+00
      3.741    16.4106     1.0864     10.837  27.183636     32.654      6.596   277.5574     4.8079     1.0648     0.0201      0.028      3.668      5.320        599 8.1999e+00 0.0000e+00
      3.749    16.3619     1.1052     11.021  26.996414     32.419      6.592   277.7089     4.8281     1.0379     0.0200      0.027      3.676      5.332        600 8.1321e+00 0.0000e+00
      3.756    16.3171     1.1186     11.139  27.025825     32.586      6.593   277.6710     4.9171     0.9976     0.0200      0.027      3.683      5.342        601 8.0728e+00 0.0000e+00
      3.763    16.2607     1.1213     11.149  26.969193     32.575      6.592   277.7467     4.9171     1.0514     0.0200      0.028      3.689      5.351        602 8.0434e+00 0.0000e+00
      3.767    16.1965     1.1269     11.189  26.770460     32.296      6.590   278.0874     4.8807     1.0111     0.0199      0.028      3.693      5.358        603 8.0624e+00 0.0000e+00
      3.770    16.1859     1.1142     11.058  26.798823     32.409      6.584   278.0117     4.8807     1.0379     0.0199      0.027      3.698      5.364        604 8.0435e+00 0.0000e+00
      3.778    16.1193     1.0927     10.855  26.756033     32.372      6.588   277.9360     6.1221     1.1856     0.0199      0.026      3.705      5.373        605 7.9544e+00 0.0000e+00
      3.785    15.9990     1.0594     10.531  26.616210     32.248      6.585   277.4817     6.0857     1.2259     0.0198      0.025      3.712      5.383        606 7.9279e+00 0.0000e+00
      3.791    15.9143     1.0186     10.118  26.617106     32.301      6.585   277.9360     6.0574     1.1856     0.0198      0.024      3.718      5.392        607 7.8872e+00 0.0000e+00
      3.796    15.7929     0.9765      9.668  26.547420     32.238      6.583   278.4281     6.0614     1.1722     0.0198      0.023      3.723      5.399        608 7.8572e+00 0.0000e+00
      3.800    15.6293     0.9411      9.287  26.406494     32.086      6.580   278.1253     7.1249     1.3065     0.0197      0.022      3.728      5.407        609 7.8162e+00 0.0000e+00
      3.808    15.5007     0.9002      8.871  26.377475     32.184      6.582   278.3146     7.1330     1.2662     0.0197      0.023      3.735      5.418        610 7.7811e+00 0.0000e+00
      3.819    15.4285     0.8535      8.418  26.227829     32.042      6.583   278.2767     7.0926     1.2528     0.0196      0.025      3.745      5.432        611 7.7122e+00 0.0000e+00
      3.830    15.4324     0.7951      7.843  26.029512     31.899      6.580   278.2767     7.0885     1.3333     0.0195      0.027      3.755      5.446        612 7.6255e+00 0.0000e+00
      3.839    15.4531     0.7240      7.133  25.912848     31.892      6.581   279.0717     7.0926     1.2393     0.0194      0.029      3.762      5.458        613 7.5736e+00 0.0000e+00
      3.842    15.4248     0.6537      6.431  25.928398     31.992      6.578   279.1096     6.1019     1.2662     0.0194      0.030      3.767      5.464        614 7.5639e+00 0.0000e+00
      3.843    15.3618     0.5797      5.697  25.950915     32.120      6.578   278.8446     6.1221     1.2931     0.0194      0.029      3.769      5.467        615 7.5815e+00 0.0000e+00
      3.847    15.2991     0.5146      5.057  25.884849     31.977      6.576   279.2231     6.0978     1.2125     0.0194      0.027      3.773      5.473        616 7.5640e+00 0.0000e+00
      3.854    15.2609     0.4586      4.513  25.832753     31.959      6.576   279.5260     6.0695     1.1856     0.0194      0.025      3.779      5.482        617 7.5315e+00 0.0000e+00
      3.862    15.2519     0.4076      4.015  25.689660     31.741      6.572   279.6396     5.6450     1.1319     0.0193      0.023      3.786      5.492        618 7.4520e+00 0.0000e+00
      3.868    15.2680     0.3719      3.665  25.677561     31.824      6.569   279.6774     5.6773     1.1051     0.0193      0.021      3.792      5.500        619 7.4537e+00 0.0000e+00
      3.871    15.2540     0.3436      3.384  25.669963     31.841      6.569   279.8289     5.6369     0.9439     0.0193      0.020      3.795      5.504        620 7.4463e+00 0.0000e+00
      3.871    15.1894     0.3272      3.217  25.669489     31.869      6.568   280.7374     5.6369     1.0782     0.0193      0.018      3.796      5.506        621 7.4388e+00 0.0000e+00
      3.872    15.1177     0.3146      3.089  25.796741     32.052      6.567   280.5103     5.4023     1.1185     0.0193      0.017      3.799      5.510        622 7.4096e+00 0.0000e+00
      3.879    15.0499     0.3002      2.943  25.748760     31.967      6.563   280.5103     5.4104     1.0916     0.0193      0.017      3.805      5.519        623 7.3023e+00 0.0000e+00
      3.890    15.0337     0.2902      2.840  25.610624     31.806      6.561   280.7374     5.4185     0.9842     0.0192      0.018      3.814      5.532        624 7.2232e+00 0.0000e+00
      3.900    15.0773     0.2748      2.685  25.553637     31.788      6.562   280.8131     5.3862     0.9842     0.0192      0.019      3.823      5.545        625 7.2116e+00 0.0000e+00
      3.907    15.1107     0.2691      2.626  25.612188     31.914      6.561   281.7217     4.9575     1.2125     0.0192      0.021      3.830      5.555        626 7.1983e+00 0.0000e+00
      3.911    15.0694     0.2669      2.604  25.656358     32.038      6.561   281.8353     4.9778     1.3333     0.0192      0.023      3.834      5.560        627 7.1356e+00 0.0000e+00
      3.909    14.9234     0.2596      2.530  25.676554     32.054      6.560   281.7974     4.9494     1.2662     0.0192      0.024      3.837      5.565        628 7.1373e+00 0.0000e+00
      3.918    14.7683     0.2470      2.406  25.735280     32.118      6.559   282.1003     4.9535     1.2931     0.0193      0.025      3.847      5.578        629 7.0353e+00 0.0000e+00
      3.939    14.7116     0.2373      2.313  25.672195     31.991      6.552   281.9867     4.9575     1.1588     0.0193      0.028      3.862      5.601        630 6.9079e+00 0.0000e+00
      3.957    14.7410     0.2292      2.233  25.606836     31.948      6.541   282.1760     5.4630     1.0111     0.0192      0.032      3.877      5.623        631 6.8632e+00 0.0000e+00
      3.965    14.7462     0.2183      2.124  25.609129     32.072      6.531   282.2896     5.4711     1.0245     0.0192      0.035      3.885      5.634        632 6.8816e+00 0.0000e+00
      3.961    14.6895     0.2044      1.984  25.639741     32.229      6.513   282.5167     5.4549     1.0514     0.0192      0.035      3.885      5.635        633 6.8847e+00 0.0000e+00
      3.961    14.6246     0.1881      1.822  25.657717     32.314      6.507   282.2896     5.4387     1.0379     0.0192      0.034      3.887      5.638        634 6.8356e+00 0.0000e+00
      3.970    14.5739     0.1758      1.697  25.616424     32.215      6.512   282.4410     4.2742     1.0782     0.0192      0.033      3.895      5.648        635 6.7879e+00 0.0000e+00
      3.984    14.5775     0.1713      1.649  25.602196     32.212      6.517   283.0846     4.2903     1.1051     0.0192      0.033      3.906      5.664        636 6.6933e+00 0.0000e+00
      3.994    14.6371     0.1662      1.596  25.616137     32.258      6.523   283.0846     4.2903     0.9842     0.0192      0.030      3.916      5.679        637 6.6287e+00 0.0000e+00
      4.000    14.6913     0.1663      1.594  25.599091     32.312      6.526   283.2360     4.2661     1.0245     0.0192      0.026      3.922      5.688        638 6.6366e+00 0.0000e+00
      4.003    14.7097     0.1567      1.500  25.564142     32.282      6.528   283.0467     3.3118     1.0379     0.0192      0.025      3.925      5.693        639 6.6325e+00 0.0000e+00
      4.004    14.6729     0.1589      1.518  25.629999     32.387      6.529   282.8574     3.3158     1.0245     0.0192      0.025      3.929      5.699        640 6.5790e+00 0.0000e+00
      4.014    14.5962     0.1555      1.484  25.665353     32.370      6.533   283.2739     3.3279     1.0648     0.0192      0.028      3.938      5.712        641 6.5388e+00 0.0000e+00
      4.030    14.5285     0.1527      1.455  25.609063     32.258      6.533   283.8039     3.3199     0.9976     0.0192      0.030      3.951      5.731        642 6.4931e+00 0.0000e+00
      4.042    14.4617     0.1425      1.356  25.611100     32.241      6.534   283.6524     2.8225     0.9976     0.0192      0.031      3.963      5.747        643 6.4539e+00 0.0000e+00
      4.049    14.3811     0.1338      1.272  25.603523     32.272      6.533   283.7660     2.8710     1.0514     0.0192      0.031      3.971      5.760        644 6.3817e+00 0.0000e+00
      4.057    14.3031     0.1297      1.231  25.559218     32.265      6.533   283.8039     2.8427     1.0245     0.0192      0.033      3.980      5.773        645 6.3170e+00 0.0000e+00
      4.069    14.2618     0.1232      1.170  25.547685     32.320      6.534   283.8039     2.8427     1.0379     0.0192      0.036      3.991      5.788        646 6.2643e+00 0.0000e+00
      4.083    14.2418     0.1204      1.143  25.499324     32.303      6.536   284.0689     2.4020     1.0916     0.0191      0.040      4.003      5.806        647 6.1749e+00 0.0000e+00
      4.095    14.1956     0.1164      1.104  25.441563     32.299      6.537   284.1446     2.3817     1.0514     0.0191      0.043      4.016      5.825        648 6.0774e+00 0.0000e+00
      4.108    14.1725     0.1130      1.071  25.441731     32.362      6.538   284.1446     2.4222     0.9976     0.0191      0.044      4.029      5.844        649 5.9515e+00 0.0000e+00
      4.124    14.1868     0.1141      1.081  25.380566     32.327      6.538   284.3717     2.4060     1.0648     0.0191      0.045      4.042      5.862        650 5.9005e+00 0.0000e+00
      4.132    14.1761     0.1128      1.068  25.339835     32.269      6.536   283.9553     2.3979     1.0245     0.0190      0.046      4.051      5.876        651 5.8613e+00 0.0000e+00
      4.138    14.1042     0.1052      0.994  25.255280     32.239      6.536   284.2960     2.1957     1.3871     0.0190      0.047      4.058      5.886        652 5.8305e+00 0.0000e+00
      4.146    14.0014     0.1047      0.988  25.159727     32.079      6.535   284.1824     2.2159     1.3065     0.0189      0.045      4.065      5.896        653 5.8277e+00 0.0000e+00
      4.151    13.8979     0.1105      1.042  25.251251     32.244      6.536   284.5232     2.2240     1.2393     0.0190      0.041      4.071      5.904        654 5.8351e+00 0.0000e+00
      4.155    13.7674     0.1064      1.003  25.200665     32.146      6.533   284.2203     2.2079     1.3065     0.0190      0.036      4.075      5.909        655 5.8457e+00 0.0000e+00
      4.158    13.6309     0.1034      0.975  25.133756     32.133      6.536   284.4096     2.3170     1.2528     0.0189      0.030      4.079      5.915        656 5.8200e+00 0.0000e+00
      4.163    13.5233     0.1009      0.951  25.127036     32.221      6.538   284.4853     2.3494     1.2931     0.0189      0.025      4.085      5.925        657 5.7612e+00 0.0000e+00
      4.176    13.4495     0.1020      0.961  25.031202     32.159      6.539   284.9017     2.3090     1.3333     0.0188      0.023      4.095      5.941        658 5.6404e+00 0.0000e+00
      4.189    13.3868     0.1033      0.973  24.956625     32.198      6.539   284.8260     2.3251     1.2662     0.0188      0.025      4.107      5.957        659 5.6042e+00 0.0000e+00
      4.197    13.3178     0.1043      0.982  24.982743     32.311      6.541   284.7882     2.8548     1.7362     0.0188      0.028      4.117      5.971        660 5.5695e+00 0.0000e+00
      4.207    13.2483     0.1012      0.953  25.028386     32.511      6.539   284.9774     2.8872     1.6422     0.0188      0.031      4.127      5.986        661 5.4581e+00 0.0000e+00
      4.221    13.1769     0.1010      0.951  24.988789     32.463      6.539   285.0532     2.8872     1.6690     0.0188      0.035      4.140      6.004        662 5.3861e+00 0.0000e+00
      4.236    13.1106     0.1034      0.973  24.943120     32.517      6.540   285.2424     2.8912     1.7362     0.0188      0.041      4.155      6.026        663 5.2970e+00 0.0000e+00
      4.254    13.0579     0.1019      0.957  24.877743     32.430      6.541   285.4696     2.8670     2.5956     0.0187      0.046      4.172      6.050        664 5.1724e+00 0.0000e+00
      4.272    13.0228     0.1034      0.971  24.833027     32.488      6.538   285.6210     2.8629     2.7164     0.0187      0.051      4.188      6.074        665 5.0705e+00 0.0000e+00
      4.286    13.0034     0.1047      0.983  24.820933     32.476      6.536   285.9617     2.8427     2.7164     0.0187      0.054      4.201      6.093        666 5.0513e+00 0.0000e+00
      4.293    12.9848     0.1028      0.964  24.774245     32.533      6.535   286.2646     2.8589     2.6224     0.0187      0.055      4.209      6.104        667 5.0200e+00 0.0000e+00
      4.296    12.9603     0.1007      0.945  24.742935     32.468      6.531   285.6967     3.4978     3.2938     0.0186      0.053      4.214      6.111        668 4.9763e+00 0.0000e+00
      4.301    12.9346     0.1009      0.946  24.830274     32.682      6.530   286.1132     3.5018     3.2401     0.0187      0.049      4.219      6.119        669 4.9350e+00 0.0000e+00
      4.311    12.9070     0.0991      0.928  24.813782     32.624      6.528   285.9239     3.4978     3.3744     0.0187      0.043      4.227      6.131        670 4.8471e+00 0.0000e+00
      4.319    12.8724     0.1037      0.969  24.704180     32.530      6.528   286.0374     3.5059     3.2938     0.0186      0.038      4.236      6.144        671 4.8268e+00 0.0000e+00
      4.329    12.8250     0.1034      0.965  24.670248     32.478      6.530   285.7724     3.5018     3.3072     0.0186      0.033      4.245      6.157        672 4.7753e+00 0.0000e+00
      4.338    12.7723     0.1074      1.001  24.707803     32.573      6.529   286.1132     4.4076     4.3546     0.0186      0.030      4.255      6.171        673 4.7083e+00 0.0000e+00
      4.350    12.7275     0.1060      0.988  24.657453     32.523      6.529   286.8703     4.4076     4.4755     0.0186      0.031      4.267      6.188        674 4.6219e+00 0.0000e+00
      4.365    12.6923     0.1092      1.017  24.614346     32.479      6.530   286.7567     4.4036     4.4083     0.0186      0.036      4.280      6.208        675 4.5099e+00 0.0000e+00
      4.378    12.6765     0.1075      1.001  24.672532     32.631      6.526   286.8324     4.4157     4.3949     0.0186      0.040      4.293      6.227        676 4.4588e+00 0.0000e+00
      4.391    12.6831     0.1100      1.024  24.614700     32.565      6.526   287.3246     4.9575     4.4083     0.0186      0.044      4.305      6.244        677 4.3804e+00 0.0000e+00
      4.401    12.6792     0.1071      0.997  24.597406     32.604      6.524   287.1353     4.9414     4.2741     0.0185      0.046      4.315      6.257        678 4.3561e+00 0.0000e+00
      4.406    12.6545     0.1015      0.944  24.605141     32.634      6.518   287.0974     4.9656     4.5023     0.0185      0.046      4.321      6.267        679 4.3257e+00 0.0000e+00
      4.411    12.6414     0.1019      0.947  24.605084     32.649      6.517   286.7946     4.9656     4.3815     0.0185      0.043      4.329      6.279        680 4.2353e+00 0.0000e+00
