Data/DataNotYetUploadedToEDI/Raw_CTD/2018_RawDownloads/073018_fcr45.cnv
* Sea-Bird SBE19plus  Data File:
* FileName = C:\DATA\073018_fcr50_0006.hex
* Software version 2.6.3.104 SB_Terminal.dll
* Temperature SN = 7809
* Conductivity SN = 7809
* System UpLoad Time = Jul 30 2018 16:26:51
* <ApplicationData>
* <Seaterm232>
# nquan = 15
# nvalues = 305                         
# units = specified
# name 0 = depFM: Depth [fresh water, m]
# name 1 = dz/dtM: Descent Rate [m/s]
# name 2 = sbeox0Mg/L: Oxygen, SBE 43 [mg/l]
# name 3 = sbeox0PS: Oxygen, SBE 43 [% saturation]
# name 4 = specc: Specific Conductance [uS/cm]
# name 5 = c0uS/cm: Conductivity [uS/cm]
# name 6 = flECO-AFL: Fluorescence, WET Labs ECO-AFL/FL [mg/m^3]
# name 7 = ph: pH
# name 8 = orp: Oxidation Reduction Potential [mV]
# name 9 = par/sat/log: PAR/Logarithmic, Satlantic
# name 10 = turbWETntu0: Turbidity, WET Labs ECO [NTU]
# name 11 = prdM: Pressure, Strain Gauge [db]
# name 12 = prdE: Pressure, Strain Gauge [psi]
# name 13 = tv290C: Temperature [ITS-90, deg C]
# name 14 = flag:  0.000e+00
# span 0 =     -0.551,      7.268       
# span 1 =     -0.019,      0.235       
# span 2 =    -0.5966,     9.0749       
# span 3 =     -5.637,    104.946       
# span 4 =      0.545,     50.622       
# span 5 =   0.510903,  41.545228       
# span 6 =    -0.1849,     6.1273       
# span 7 =      6.278,      8.892       
# span 8 =   172.1388,   268.5676       
# span 9 = 1.2555e-01, 2.5917e+02       
# span 10 =    -0.2644,    23.4457      
# span 11 =     -0.541,      7.128      
# span 12 =     -0.785,     10.338      
# span 13 =    11.7988,    25.7240      
# span 14 = 0.0000e+00, 0.0000e+00      
# interval = seconds: 0.25
# start_time = Jul 30 2018 14:15:27 [Instrument's time stamp, header]
# bad_flag = -9.990e-29
*END*
[from data line 97]
      1.268      0.061     7.4664     91.143     35.051  35.380667     4.6002      8.717   198.8820 2.3346e+01     3.7707      1.241      1.800    25.5583 0.0000e+00
      1.278      0.083     7.5214     91.816     35.049  35.379448     4.6188      8.704   199.2971 2.2768e+01     3.7789      1.247      1.809    25.5042 0.0000e+00
      1.304      0.106     7.5835     92.564     34.977  35.302712     4.8208      8.688   199.6274 2.1723e+01     3.8023      1.271      1.843    25.4700 0.0000e+00
      1.346      0.121     7.6339     93.162     34.897  35.215097     5.1850      8.671   199.8632 2.0418e+01     3.8089      1.318      1.910    25.4601 0.0000e+00
      1.395      0.124     7.6600     93.478     34.830  35.145847     5.3832      8.656   200.0828 1.9288e+01     3.7978      1.372      1.990    25.4631 0.0000e+00
      1.437      0.116     7.6573     93.456     34.781  35.100626     5.3897      8.643   200.4767 1.8561e+01     3.7598      1.413      2.049    25.4703 0.0000e+00
      1.465      0.101     7.6262     93.079     34.792  35.112978     5.3273      8.630   201.1837 1.8188e+01     3.7160      1.441      2.089    25.4619 0.0000e+00
      1.480      0.086     7.5763     92.456     34.852  35.168154     5.2260      8.612   202.0065 1.8054e+01     3.6335      1.455      2.110    25.4448 0.0000e+00
      1.488      0.076     7.5244     91.789     34.893  35.196066     5.1663      8.587   202.5957 1.7914e+01     3.5567      1.457      2.113    25.4447 0.0000e+00
      1.498      0.076     7.4864     91.278     34.913  35.196360     5.1474      8.559   203.2311 1.7561e+01     3.5502      1.465      2.126    25.4565 0.0000e+00
      1.517      0.084     7.4640     90.949     34.975  35.235197     5.1452      8.529   204.1829 1.7009e+01     3.6152      1.486      2.155    25.4607 0.0000e+00
      1.544      0.099     7.4534     90.757     35.050  35.284487     5.1492      8.496   205.2411 1.6349e+01     3.7335      1.513      2.194    25.4499 0.0000e+00
      1.575      0.117     7.4594     90.748     35.084  35.284108     5.1404      8.459   206.5621 1.5733e+01     3.7895      1.545      2.241    25.4317 0.0000e+00
      1.605      0.136     7.4761     90.850     35.073  35.230568     5.1306      8.412   208.2813 1.5146e+01     3.7739      1.572      2.281    25.4019 0.0000e+00
      1.639      0.153     7.4955     90.961     35.040  35.145236     5.1318      8.358   209.8524 1.4432e+01     3.7586      1.602      2.324    25.3657 0.0000e+00
      1.680      0.168     7.5277     91.201     35.036  35.078053     5.2288      8.305   211.0184 1.3680e+01     3.7276      1.646      2.388    25.3338 0.0000e+00
      1.725      0.178     7.5810     91.700     35.072  35.053372     5.4202      8.258   211.8813 1.2912e+01     3.6730      1.689      2.450    25.2828 0.0000e+00
      1.777      0.182     7.6456     92.370     35.102  35.037287     5.5257      8.214   212.4567 1.2008e+01     3.6470      1.739      2.522    25.2215 0.0000e+00
      1.834      0.180     7.7028     92.978     35.109  35.010536     5.5392      8.175   212.8997 1.1157e+01     3.6278      1.802      2.613    25.1539 0.0000e+00
      1.884      0.173     7.7403     93.360     35.111  34.983952     5.6849      8.140   213.6227 1.0564e+01     3.4715      1.853      2.688    25.0525 0.0000e+00
      1.923      0.162     7.7584     93.519     35.122  34.969897     5.9635      8.109   214.6600 1.0134e+01     3.2210      1.888      2.738    24.9560 0.0000e+00
      1.957      0.149     7.7660     93.564     35.139  34.967600     6.1149      8.082   215.2890 9.7110e+00     3.1012      1.919      2.782    24.8954 0.0000e+00
      1.992      0.137     7.7683     93.549     35.144  34.956156     6.1273      8.057   215.4630 9.2750e+00     3.0915      1.954      2.834    24.8525 0.0000e+00
      2.027      0.129     7.7623     93.431     35.165  34.958544     6.0402      8.035   215.8173 8.8911e+00     3.0729      1.990      2.885    24.8116 0.0000e+00
      2.059      0.125     7.7479     93.206     35.225  34.996440     5.8702      8.010   216.4750 8.5392e+00     3.0904      2.019      2.928    24.7738 0.0000e+00
      2.089      0.125     7.7299     92.931     35.286  35.033201     5.7811      7.984   217.1345 8.2058e+00     3.1200      2.048      2.971    24.7510 0.0000e+00
      2.119      0.124     7.7127     92.662     35.301  35.021875     5.7723      7.963   217.7700 7.9093e+00     3.0952      2.077      3.012    24.7282 0.0000e+00
      2.149      0.121     7.6946     92.388     35.288  34.986493     5.7360      7.948   218.4799 7.5894e+00     2.9738      2.105      3.052    24.6993 0.0000e+00
      2.182      0.117     7.6673     92.012     35.308  34.986490     5.6732      7.934   219.1784 7.2714e+00     2.7811      2.140      3.104    24.6715 0.0000e+00
      2.217      0.114     7.6219     91.411     35.368  35.021806     5.6475      7.920   219.8484 7.0274e+00     2.6881      2.177      3.158    24.6370 0.0000e+00
      2.246      0.112     7.5610     90.599     35.414  35.032333     5.6364      7.902   220.4721 6.8306e+00     2.7034      2.204      3.199    24.5970 0.0000e+00
      2.268      0.109     7.4984     89.748     35.410  34.986692     5.5105      7.883   221.1265 6.6447e+00     2.6916      2.224      3.226    24.5644 0.0000e+00
      2.291      0.104     7.4414     88.968     35.444  34.978059     5.2844      7.868   221.8242 6.4134e+00     2.6065      2.243      3.254    24.5399 0.0000e+00
      2.320      0.102     7.3900     88.272     35.557  35.054923     5.1539      7.853   222.4548 6.1119e+00     2.5291      2.271      3.295    24.5116 0.0000e+00
      2.351      0.104     7.3476     87.687     35.692  35.153761     5.1363      7.837   222.9005 5.8565e+00     2.5189      2.310      3.350    24.4606 0.0000e+00
      2.376      0.109     7.3281     87.330     35.815  35.220243     5.1176      7.817   223.0835 5.7145e+00     2.5141      2.334      3.385    24.3950 0.0000e+00
      2.396      0.114     7.3416     87.321     35.894  35.223468     4.9087      7.796   223.4625 5.5650e+00     2.4399      2.346      3.403    24.3323 0.0000e+00
      2.423      0.117     7.3801     87.608     35.939  35.192651     4.5127      7.775   224.3865 5.3394e+00     2.3243      2.371      3.439    24.2823 0.0000e+00
      2.459      0.119     7.4250     87.991     35.978  35.165130     4.2813      7.755   225.4789 5.1170e+00     2.2758      2.411      3.497    24.2550 0.0000e+00
      2.496      0.121     7.4586     88.283     36.004  35.144696     4.2343      7.735   226.3458 4.9464e+00     2.2808      2.450      3.554    24.1773 0.0000e+00
      2.529      0.121     7.4738     88.400     36.024  35.136088     4.0278      7.716   226.8659 4.8080e+00     2.1709      2.481      3.598    24.0536 0.0000e+00
      2.559      0.116     7.4752     88.361     36.037  35.124525     3.6492      7.696   227.2938 4.6882e+00     1.9237      2.510      3.641    23.9533 0.0000e+00
      2.586      0.108     7.4699     88.252     36.066  35.131898     3.4427      7.677   227.9063 4.5812e+00     1.7633      2.537      3.680    23.8532 0.0000e+00
      2.611      0.101     7.4634     88.149     36.107  35.161673     3.4333      7.658   228.5932 4.4766e+00     1.7275      2.561      3.714    23.7860 0.0000e+00
      2.636      0.096     7.4580     88.064     36.122  35.166915     3.4810      7.638   229.0601 4.3832e+00     1.7044      2.586      3.751    23.7650 0.0000e+00
      2.659      0.092     7.4566     88.013     36.102  35.131747     3.5692      7.616   229.2485 4.2969e+00     1.6978      2.608      3.784    23.7258 0.0000e+00
      2.681      0.087     7.4611     88.026     36.040  35.054037     3.6182      7.591   229.3229 4.2071e+00     1.7085      2.629      3.813    23.6919 0.0000e+00
      2.704      0.080     7.4664     88.065     35.984  34.989549     3.6038      7.568   229.5287 4.1064e+00     1.7120      2.652      3.845    23.6850 0.0000e+00
      2.727      0.072     7.4617     88.017     35.979  34.987223     3.4321      7.551   230.0172 4.0065e+00     1.7095      2.675      3.880    23.6745 0.0000e+00
      2.748      0.067     7.4392     87.795     35.999  35.025905     3.1324      7.535   230.6697 3.9280e+00     1.7094      2.698      3.913    23.6530 0.0000e+00
      2.762      0.067     7.4054     87.441     36.030  35.076159     2.9849      7.516   231.5666 3.8702e+00     1.7103      2.712      3.933    23.6199 0.0000e+00
      2.770      0.074     7.3814     87.120     36.059  35.086718     2.9813      7.495   232.9463 3.8239e+00     1.7204      2.717      3.940    23.6077 0.0000e+00
      2.781      0.088     7.3874     87.016     36.076  35.026502     2.9693      7.474   234.8759 3.7488e+00     1.7093      2.724      3.950    23.6076 0.0000e+00
      2.801      0.112     7.4352     87.197     36.203  34.983190     2.8771      7.450   237.2584 3.6249e+00     1.6378      2.742      3.976    23.6369 0.0000e+00
      2.833      0.147     7.5299     87.586     36.623  35.070961     2.7114      7.420   239.2113 3.4777e+00     1.5564      2.775      4.024    23.6938 0.0000e+00
      2.875      0.185     7.6687     88.119     37.183  35.134487     2.6109      7.393   239.9029 3.3254e+00     1.5184      2.818      4.086    23.6778 0.0000e+00
      2.925      0.214     7.8614     89.096     37.663  35.051872     2.5804      7.373   240.0286 3.1636e+00     1.5144      2.866      4.156    23.5705 0.0000e+00
      2.989      0.227     8.1212     91.018     38.103  35.024125     2.4898      7.359   240.2142 2.9796e+00     1.4782      2.922      4.238    23.3915 0.0000e+00
      3.069      0.225     8.4163     93.785     38.450  35.115985     2.3429      7.346   240.3404 2.8065e+00     1.3854      3.009      4.364    22.9642 0.0000e+00
      3.147      0.211     8.6907     96.630     38.649  35.209435     2.2740      7.334   240.4362 2.7069e+00     1.3087      3.100      4.497    22.2791 0.0000e+00
      3.196      0.191     8.9043     98.851     38.778  35.264635     2.2825      7.322   240.5126 2.6476e+00     1.2822      3.140      4.555    21.4899 0.0000e+00
      3.225      0.166     9.0346    100.130     38.933  35.338673     2.3269      7.309   240.5756 2.5789e+00     1.2787      3.160      4.583    20.8257 0.0000e+00
      3.255      0.144     9.0749    100.406     39.151  35.469312     2.4059      7.296   240.7672 2.5269e+00     1.2676      3.192      4.629    20.5966 0.0000e+00
      3.287      0.130     9.0306     99.741     39.343  35.573642     2.4569      7.283   241.0237 2.4884e+00     1.2691      3.224      4.676    20.5511 0.0000e+00
      3.319      0.125     8.9085     98.240     39.423  35.583677     2.4647      7.269   241.2675 2.4356e+00     1.2972      3.255      4.721    20.4668 0.0000e+00
      3.352      0.121     8.7244     96.108     39.477  35.590550     2.3901      7.257   241.6498 2.3739e+00     1.2709      3.287      4.767    20.3790 0.0000e+00
      3.386      0.116     8.5145     93.716     39.587  35.656689     2.2350      7.244   242.1181 2.3130e+00     1.1654      3.320      4.816    20.2965 0.0000e+00
      3.419      0.108     8.3177     91.479     39.652  35.684559     2.1433      7.230   242.6278 2.2607e+00     1.0896      3.356      4.868    20.2047 0.0000e+00
      3.445      0.099     8.1535     89.619     39.737  35.736925     2.1360      7.216   243.3390 2.2282e+00     1.0861      3.381      4.904    20.1086 0.0000e+00
      3.466      0.092     8.0231     88.148     39.947  35.908670     2.0916      7.200   244.0050 2.2029e+00     1.1541      3.398      4.928    20.0758 0.0000e+00
      3.486      0.089     7.9267     87.055     40.118  36.045951     1.9931      7.179   244.3992 2.1777e+00     1.2407      3.420      4.960    20.0291 0.0000e+00
      3.504      0.089     7.8640     86.304     40.168  36.062762     1.9369      7.157   244.7500 2.1502e+00     1.2485      3.437      4.986    19.9877 0.0000e+00
      3.523      0.090     7.8251     85.790     40.127  35.984846     1.9353      7.133   245.1492 2.1058e+00     1.2484      3.451      5.005    19.9607 0.0000e+00
      3.549      0.088     7.8033     85.447     40.049  35.866105     1.9275      7.109   245.5267 2.0602e+00     1.2690      3.478      5.044    19.9356 0.0000e+00
      3.580      0.080     7.7894     85.214     39.985  35.770433     1.8976      7.090   245.7859 2.0228e+00     1.2541      3.514      5.096    19.9306 0.0000e+00
      3.608      0.070     7.7619     84.989     39.957  35.780883     1.8780      7.077   246.0470 1.9796e+00     1.2506      3.542      5.137    19.8895 0.0000e+00
      3.625      0.058     7.7147     84.746     39.976  35.928969     1.8825      7.066   246.3601 1.9534e+00     1.2878      3.559      5.163    19.8335 0.0000e+00
      3.632      0.047     7.6641     84.473     40.016  36.100074     1.8787      7.058   246.6463 1.9515e+00     1.3074      3.564      5.169    19.7813 0.0000e+00
      3.633      0.040     7.6239     84.156     40.129  36.261794     1.8237      7.050   247.0122 1.9407e+00     1.3049      3.562      5.167    19.6877 0.0000e+00
      3.637      0.041     7.5954     83.781     40.486  36.550380     1.7320      7.040   247.3432 1.9267e+00     1.3185      3.563      5.168    19.7071 0.0000e+00
      3.647      0.050     7.5737     83.012     42.141  37.747102     1.6794      7.028   247.7227 1.9144e+00     1.3185      3.573      5.183    19.9373 0.0000e+00
      3.663      0.068     7.5323     81.009     45.672  39.994182     1.6751      7.012   248.3307 1.8843e+00     1.3050      3.591      5.208    20.1474 0.0000e+00
      3.682      0.089     7.4063     77.278     49.097  41.545228     1.6979      6.988   248.9301 1.8493e+00     1.3089      3.609      5.236    20.2058 0.0000e+00
      3.704      0.109     7.0995     71.925     50.622  41.440731     1.7347      6.962   249.7221 1.8092e+00     1.3348      3.631      5.266    20.1928 0.0000e+00
      3.733      0.125     6.5088     64.579     50.602  40.444605     1.7528      6.937   250.6782 1.7479e+00     1.3432      3.657      5.302    20.0864 0.0000e+00
      3.773      0.136     5.6004     54.826     50.089  39.412208     1.7508      6.912   251.1987 1.6864e+00     1.3189      3.697      5.362    19.1356 0.0000e+00
      3.817      0.142     4.4505     43.184     49.758  38.742199     1.7754      6.887   251.4552 1.6361e+00     1.3157      3.747      5.434    17.2821 0.0000e+00
      3.857      0.142     3.1823     30.685     49.581  38.315457     1.8384      6.867   251.5437 1.5875e+00     1.3357      3.784      5.490    15.7448 0.0000e+00
      3.891      0.137     1.9462     18.680     49.374  37.937106     1.8790      6.850   250.8922 1.5369e+00     1.3155      3.815      5.533    14.8373 0.0000e+00
      3.926      0.131     0.8964      8.577     49.071  37.534527     1.8802      6.834   248.8249 1.4889e+00     1.2858      3.851      5.585    14.2653 0.0000e+00
      3.957      0.128     0.1090      1.051     48.645  37.068954     1.8712      6.818   245.2194 1.4564e+00     1.4953      3.883      5.631    13.8917 0.0000e+00
      3.984      0.132    -0.3941     -3.728     48.327  36.691267     1.8710      6.805   241.2838 1.4349e+00     1.8948      3.907      5.666    13.6108 0.0000e+00
      4.013      0.138    -0.5966     -5.637     48.298  36.525378     1.8775      6.795   238.5815 1.4048e+00     2.0887      3.932      5.704    13.4004 0.0000e+00
      4.048      0.144    -0.5162     -4.867     48.492  36.524181     1.8952      6.785   237.5834 1.3652e+00     2.1614      3.966      5.753    13.2277 0.0000e+00
      4.091      0.149    -0.2015     -1.901     48.798  36.613103     1.9560      6.775   237.3892 1.3278e+00     2.7741      4.012      5.819    13.0981 0.0000e+00
