Data/DataNotYetUploadedToEDI/Raw_CTD/2018_RawDownloads/073018_fcr45.cnv
* Sea-Bird SBE19plus  Data File:
* FileName = C:\DATA\073018_fcr50_0006.hex
* Software version 2.6.3.104 SB_Terminal.dll
* Temperature SN = 7809
* Conductivity SN = 7809
* System UpLoad Time = Jul 30 2018 16:26:51
* <ApplicationData>
* <Seaterm232>
# nquan = 15
# nvalues = 305                         
# units = specified
# name 0 = depFM: Depth [fresh water, m]
# name 1 = dz/dtM: Descent Rate [m/s]
# name 2 = sbeox0Mg/L: Oxygen, SBE 43 [mg/l]
# name 3 = sbeox0PS: Oxygen, SBE 43 [% saturation]
# name 4 = specc: Specific Conductance [uS/cm]
# name 5 = c0uS/cm: Conductivity [uS/cm]
# name 6 = flECO-AFL: Fluorescence, WET Labs ECO-AFL/FL [mg/m^3]
# name 7 = ph: pH
# name 8 = orp: Oxidation Reduction Potential [mV]
# name 9 = par/sat/log: PAR/Logarithmic, Satlantic
# name 10 = turbWETntu0: Turbidity, WET Labs ECO [NTU]
# name 11 = prdM: Pressure, Strain Gauge [db]
# name 12 = prdE: Pressure, Strain Gauge [psi]
# name 13 = tv290C: Temperature [ITS-90, deg C]
# name 14 = flag:  0.000e+00
# span 0 =     -0.551,      7.268       
# span 1 =     -0.019,      0.235       
# span 2 =    -0.5966,     9.0749       
# span 3 =     -5.637,    104.946       
# span 4 =      0.545,     50.622       
# span 5 =   0.510903,  41.545228       
# span 6 =    -0.1849,     6.1273       
# span 7 =      6.278,      8.892       
# span 8 =   172.1388,   268.5676       
# span 9 = 1.2555e-01, 2.5917e+02       
# span 10 =    -0.2644,    23.4457      
# span 11 =     -0.541,      7.128      
# span 12 =     -0.785,     10.338      
# span 13 =    11.7988,    25.7240      
# span 14 = 0.0000e+00, 0.0000e+00      
# interval = seconds: 0.25
# start_time = Jul 30 2018 14:15:27 [Instrument's time stamp, header]
# bad_flag = -9.990e-29
*END*
[from data line 290]
      7.198      0.044     3.2642     30.170     49.871  36.730418     0.4824      6.288   266.6607 1.2567e-01    13.4593      7.060     10.239    11.8202 0.0000e+00
      7.206      0.035     3.2386     29.932     49.989  36.814725     0.4769      6.291   266.7576 1.2563e-01    13.4951      7.067     10.250    11.8198 0.0000e+00
      7.211      0.032     3.2154     29.713     50.112  36.897774     0.4692      6.291   266.7586 1.2567e-01    13.5564      7.072     10.257    11.8213 0.0000e+00
      7.217      0.030     3.1999     29.564     50.138  36.908677     0.4717      6.291   266.6731 1.2564e-01    13.6503      7.076     10.263    11.8223 0.0000e+00
      7.224      0.029     3.1865     29.438     50.108  36.883019     0.4698      6.291   266.5847 1.2561e-01    13.6848      7.083     10.274    11.8233 0.0000e+00
      7.234      0.028     3.1717     29.301     50.052  36.841654     0.4648      6.292   266.7222 1.2568e-01    13.6692      7.095     10.290    11.8224 0.0000e+00
      7.243      0.027     3.1563     29.163     49.972  36.789714     0.4658      6.292   266.7861 1.2576e-01    13.6140      7.104     10.304    11.8128 0.0000e+00
      7.250      0.025     3.1398     29.017     49.922  36.763242     0.4646      6.292   266.5826 1.2577e-01    13.5354      7.109     10.312    11.8021 0.0000e+00
      7.255      0.021     3.1230     28.867     49.927  36.775707     0.4691      6.291   266.6714 1.2578e-01    13.5127      7.115     10.320    11.7997 0.0000e+00
      7.260      0.016     3.1061     28.715     49.972  36.813373     0.4836      6.290   267.0858 1.2571e-01    13.5219      7.120     10.326    11.7988 0.0000e+00
      7.264      0.014     3.0975     28.637     50.002  36.837505     0.4916      6.290   267.2909 1.2560e-01    13.5252      7.123     10.331    11.8044 0.0000e+00
      7.266 -9.990e-29 -9.990e-29 -9.990e-29 -9.990e-29 -9.990e-29 -9.990e-29 -9.990e-29 -9.990e-29 1.2560e-01 -9.990e-29      7.125     10.334    11.8201 0.0000e+00
      7.267 -9.990e-29 -9.990e-29 -9.990e-29 -9.990e-29 -9.990e-29 -9.990e-29 -9.990e-29 -9.990e-29 1.2562e-01 -9.990e-29      7.126     10.336    11.8271 0.0000e+00
      7.268 -9.990e-29 -9.990e-29 -9.990e-29 -9.990e-29 -9.990e-29 -9.990e-29 -9.990e-29 -9.990e-29 1.2563e-01 -9.990e-29      7.127     10.337    11.8309 0.0000e+00
      7.268 -9.990e-29 -9.990e-29 -9.990e-29 -9.990e-29 -9.990e-29 -9.990e-29 -9.990e-29 -9.990e-29 1.2565e-01 -9.990e-29      7.128     10.338    11.8361 0.0000e+00
