Data/DataNotYetUploadedToEDI/Raw_CTD/2018_RawDownloads/073018_fcr20.cnv
* Sea-Bird SBE19plus  Data File:
* FileName = C:\DATA\073018_fcr50_0004.hex
* Software version 2.6.3.104 SB_Terminal.dll
* Temperature SN = 7809
* Conductivity SN = 7809
* System UpLoad Time = Jul 30 2018 16:26:27
* <ApplicationData>
* <Seaterm232>
# nquan = 15
# nvalues = 303                         
# units = specified
# name 0 = depFM: Depth [fresh water, m]
# name 1 = dz/dtM: Descent Rate [m/s]
# name 2 = sbeox0Mg/L: Oxygen, SBE 43 [mg/l]
# name 3 = sbeox0PS: Oxygen, SBE 43 [% saturation]
# name 4 = specc: Specific Conductance [uS/cm]
# name 5 = c0uS/cm: Conductivity [uS/cm]
# name 6 = flECO-AFL: Fluorescence, WET Labs ECO-AFL/FL [mg/m^3]
# name 7 = ph: pH
# name 8 = orp: Oxidation Reduction Potential [mV]
# name 9 = par/sat/log: PAR/Logarithmic, Satlantic
# name 10 = turbWETntu0: Turbidity, WET Labs ECO [NTU]
# name 11 = prdM: Pressure, Strain Gauge [db]
# name 12 = prdE: Pressure, Strain Gauge [psi]
# name 13 = tv290C: Temperature [ITS-90, deg C]
# name 14 = flag:  0.000e+00
# span 0 =     -0.554,      3.408       
# span 1 =     -0.049,      0.232       
# span 2 =    -0.2950,    10.2796       
# span 3 =     -3.182,    125.226       
# span 4 =      0.927,    109.540       
# span 5 =   0.874991,  91.338681       
# span 6 =    -0.1890,     7.2867       
# span 7 =      6.184,      8.923       
# span 8 =    31.8247,   361.3625       
# span 9 = 9.9073e-01, 1.8668e+02       
# span 10 =    -0.1660,     8.6191      
# span 11 =     -0.544,      3.344      
# span 12 =     -0.789,      4.850      
# span 13 =    16.6434,    25.3760      
# span 14 = 0.0000e+00, 0.0000e+00      
# interval = seconds: 0.25
# start_time = Jul 30 2018 13:37:22 [Instrument's time stamp, header]
# bad_flag = -9.990e-29
*END*
     -0.554 -8.668e-16     8.6975     99.805      0.927   0.874991    -0.1827      6.196   314.5470 1.2032e+02    -0.0079     -0.543     -0.787    22.1694 0.0000e+00
     -0.554 -9.535e-15     8.6924     99.746      0.940   0.887559    -0.1890      6.194   322.3079 1.2139e+02    -0.0423     -0.542     -0.786    22.1694 0.0000e+00
     -0.554 -1.049e-13     8.6874     99.688      0.967   0.912695    -0.1862      6.190   337.2395 1.2248e+02    -0.0091     -0.543     -0.787    22.1694 0.0000e+00
     -0.554 -1.154e-12     8.6923     99.744      0.981   0.925263    -0.1764      6.185   348.3860 1.2329e+02     0.0280     -0.543     -0.787    22.1693 0.0000e+00
     -0.553 -1.269e-11     8.6987     99.819      0.968   0.912695    -0.1717      6.184   356.6717 1.2430e+02     0.0097     -0.543     -0.787    22.1694 0.0000e+00
     -0.553 -1.396e-10     8.7033     99.871      0.941   0.887560    -0.1756      6.184   361.3625 1.2236e+02    -0.0169     -0.543     -0.787    22.1695 0.0000e+00
     -0.554 -1.536e-09     8.7053     99.894      0.927   0.875008    -0.1774      6.188   350.8979 1.1726e+02    -0.0198     -0.543     -0.788    22.1695 0.0000e+00
     -0.554 -1.689e-08     8.7021     99.856      0.940   0.887756    -0.1746      6.194   317.3028 1.1326e+02    -0.0244     -0.543     -0.788    22.1698 0.0000e+00
     -0.554 -1.858e-07     8.7007     99.840      0.970   0.914867    -0.1789      6.199   275.7483 1.1411e+02    -0.0425     -0.543     -0.788    22.1696 0.0000e+00
     -0.554 -1.810e-07     8.7045     99.883      1.007   0.949153    -0.1838      6.204   254.1417 1.1861e+02    -0.0561     -0.543     -0.788    22.1697 0.0000e+00
     -0.554 4.1596e-08     8.7035     99.872      1.112   1.048655    -0.1782      6.210   250.7660 1.2164e+02    -0.0061     -0.543     -0.788    22.1694 0.0000e+00
     -0.554 6.4230e-07     8.6984     99.814      1.438   1.356989    -0.1753      6.215   252.8288 1.2137e+02     0.1046     -0.543     -0.787    22.1699 0.0000e+00
     -0.554      0.000     8.6996     99.827      1.865   1.760131    -0.1765      6.218   252.7543 1.1827e+02     0.1845     -0.544     -0.788    22.1689 0.0000e+00
     -0.554      0.000     8.7029     99.867      2.110   1.991300    -0.1741      6.222   248.3168 1.1307e+02     0.2274     -0.544     -0.789    22.1696 0.0000e+00
     -0.554      0.001     8.7009     99.882      2.248   2.122740    -0.1738      6.225   249.6814 1.0922e+02     0.2267     -0.543     -0.787    22.1675 0.0000e+00
     -0.554      0.004     8.6759     99.893      2.723   2.588366    -0.1738      6.227   263.2310 1.1049e+02     0.0847     -0.543     -0.788    22.1707 0.0000e+00
     -0.554      0.014     8.6045     99.889      6.582   6.352816    -0.1738      6.243   277.1477 1.1540e+02    -0.1169     -0.544     -0.789    22.1652 0.0000e+00
     -0.554      0.031     8.5075     99.864     16.680  16.237157    -0.1740      6.379   277.9608 1.2006e+02    -0.1660     -0.543     -0.788    22.1738 0.0000e+00
     -0.550      0.057     8.4239     99.799     28.138  27.552572    -0.1389      6.777   259.8128 1.2451e+02     0.0400     -0.542     -0.786    22.1593 0.0000e+00
     -0.539      0.092     8.3640     99.712     34.343  33.801737     0.2420      7.353   232.8977 1.3114e+02     2.1900     -0.533     -0.774    22.2092 0.0000e+00
     -0.515      0.133     8.3244     99.680     35.821  35.412288     0.9300      7.866   213.8342 1.4432e+02     6.1770     -0.511     -0.742    22.7125 0.0000e+00
     -0.474      0.170     8.2981     99.733     35.861  35.593278     1.3048      8.206   195.7172 1.6152e+02     8.3897     -0.471     -0.683    23.4293 0.0000e+00
     -0.418      0.196     8.2861     99.912     35.751  35.609144     1.3554      8.406   178.7844 1.7259e+02     8.6191     -0.414     -0.601    23.9080 0.0000e+00
     -0.351      0.209     8.2834    100.129     35.650  35.604304     1.4684      8.521   169.9939 1.7790e+02     8.5536     -0.345     -0.500    24.2178 0.0000e+00
     -0.281      0.212     8.2819    100.296     35.510  35.534902     2.6068      8.594   167.2109 1.8268e+02     7.4747     -0.270     -0.391    24.4297 0.0000e+00
     -0.225      0.207     8.2898    100.533     35.326  35.405327     4.6893      8.640   167.8499 1.8668e+02     5.5238     -0.212     -0.308    24.6238 0.0000e+00
     -0.187      0.193     8.3117    100.883     35.196  35.308126     5.8316      8.663   168.4283 1.8632e+02     4.4964     -0.184     -0.268    24.8144 0.0000e+00
     -0.147      0.177     8.3465    101.309     35.136  35.248988     5.9593      8.671   167.6643 1.7738e+02     4.4222     -0.152     -0.221    24.9409 0.0000e+00
     -0.097      0.159     8.3914    101.783     35.112  35.198458     6.0130      8.671   166.0124 1.6468e+02     4.3512     -0.092     -0.133    25.0365 0.0000e+00
     -0.051      0.139     8.4382    102.245     35.095  35.141782     6.0582      8.670   165.5775 1.5463e+02     4.2192     -0.046     -0.067    25.1177 0.0000e+00
     -0.014      0.112     8.4795    102.647     35.062  35.071814     6.0737      8.673   165.6752 1.3867e+02     4.1374     -0.014     -0.023    25.1684 0.0000e+00
      0.017      0.077     8.5133    102.983     35.068  35.051154     6.0717      8.681   165.6451 1.1695e+02     4.1557      0.022      0.032    25.1702 0.0000e+00
      0.036      0.037     8.5362    103.206     35.183  35.146021     6.0617      8.693   166.6765 1.0519e+02     4.1352      0.043      0.062    25.1242 0.0000e+00
      0.037      0.004     8.5434    103.284     35.434  35.393052     6.0448      8.708   167.9078 1.0694e+02     4.0430      0.041      0.059    25.0571 0.0000e+00
      0.021     -0.016     8.5536    103.472     35.895  35.878267     6.0327      8.721   168.4865 1.1614e+02     3.9860      0.025      0.036    25.0013 0.0000e+00
     -0.002     -0.025     8.5866    103.978     36.415  36.439157     6.0161      8.727   168.7700 1.2477e+02     3.9651     -0.005     -0.007    24.9687 0.0000e+00
     -0.017     -0.023     8.6195    104.478     36.649  36.711800     5.9918      8.726   168.6675 1.2842e+02     3.9738     -0.023     -0.032    24.9349 0.0000e+00
     -0.020     -0.016     8.6232    104.605     36.604  36.697395     5.9692      8.725   168.2800 1.2894e+02     3.9690     -0.022     -0.031    24.9182 0.0000e+00
     -0.013     -0.007     8.6000    104.389     36.464  36.582662     5.9532      8.731   168.3008 1.2820e+02     3.9371     -0.014     -0.021    24.9619 0.0000e+00
     -0.004     -0.002     8.5542    103.881     36.332  36.468055     5.9454      8.746   169.0049 1.2753e+02     3.9541     -0.001     -0.002    25.0299 0.0000e+00
     -0.001     -0.001     8.4862    103.089     36.306  36.455155     5.9213      8.763   169.6519 1.2745e+02     3.9916      0.004      0.005    25.0826 0.0000e+00
     -0.007     -0.002     8.4072    102.150     36.460  36.617294     5.8729      8.777   170.2719 1.2808e+02     3.9944     -0.006     -0.009    25.1247 0.0000e+00
     -0.016     -0.004     8.3309    101.235     36.741  36.903882     5.8477      8.789   171.0817 1.2901e+02     3.9577     -0.018     -0.025    25.1598 0.0000e+00
     -0.020     -0.004     8.2754    100.567     36.958  37.125162     5.8461      8.800   171.2685 1.2980e+02     3.9140     -0.022     -0.032    25.1846 0.0000e+00
     -0.018     -0.002     8.2515    100.279     37.028  37.196427     5.8353      8.810   170.7240 1.3020e+02     3.9237     -0.019     -0.028    25.2008 0.0000e+00
     -0.013      0.002     8.2461    100.211     37.027  37.193806     5.8647      8.817   170.3488 1.3014e+02     4.0142     -0.011     -0.016    25.2119 0.0000e+00
     -0.009      0.005     8.2391    100.123     37.054  37.220522     5.9532      8.822   170.7767 1.2995e+02     4.1527     -0.008     -0.011    25.2171 0.0000e+00
     -0.009      0.006     8.2240     99.943     37.224  37.392393     6.0130      8.827   171.3375 1.2988e+02     4.2254     -0.009     -0.013    25.2201 0.0000e+00
     -0.009      0.007     8.2001     99.658     37.512  37.683698     6.0183      8.830   171.4502 1.2985e+02     4.1907     -0.009     -0.013    25.2221 0.0000e+00
     -0.009      0.007     8.1630     99.208     37.585  37.756868     5.9802      8.829   171.2794 1.2969e+02     4.0998     -0.010     -0.015    25.2194 0.0000e+00
     -0.008      0.002     8.1116     98.571     37.285  37.451222     5.9198      8.823   170.6488 1.2929e+02     4.0113     -0.009     -0.013    25.2164 0.0000e+00
     -0.005     -0.011     8.0448     97.737     37.325  37.482159     5.8948      8.822   170.0205 1.2830e+02     3.9752     -0.005     -0.008    25.2204 0.0000e+00
      0.001     -0.027     7.9678     96.783     38.043  38.194383     5.8890      8.832   170.1354 1.2702e+02     3.9687      0.002      0.002    25.2238 0.0000e+00
      0.001     -0.041     7.8944     95.875     38.483  38.629770     5.8229      8.845   170.6615 1.2824e+02     3.9629      0.009      0.013    25.2275 0.0000e+00
     -0.017     -0.049     7.8341     95.129     38.097  38.235833     5.7108      8.850   170.9613 1.3471e+02     3.9665     -0.007     -0.011    25.2189 0.0000e+00
     -0.052     -0.049     7.7884     94.567     37.427  37.560746     5.6550      8.852   171.0924 1.4233e+02     3.9819     -0.055     -0.080    25.2015 0.0000e+00
     -0.080     -0.044     7.7570     94.158     37.081  37.201413     5.6535      8.854   171.3012 1.4490e+02     3.9969     -0.089     -0.130    25.1943 0.0000e+00
     -0.086     -0.032     7.7389     93.852     37.111  37.194615     5.6843      8.856   171.4204 1.4380e+02     4.0562     -0.089     -0.129    25.1845 0.0000e+00
     -0.079     -0.016     7.7287     93.607     37.320  37.351430     5.7427      8.861   171.5009 1.4261e+02     4.1497     -0.078     -0.113    25.1727 0.0000e+00
     -0.072      0.000     7.7195     93.402     37.519  37.509195     5.7707      8.866   171.7584 1.4206e+02     4.1807     -0.069     -0.100    25.1742 0.0000e+00
     -0.071      0.010     7.7015     93.137     37.544  37.513910     5.7648      8.870   171.9537 1.4150e+02     4.1864     -0.067     -0.098    25.1740 0.0000e+00
     -0.072      0.013     7.6649     92.672     37.511  37.471931     5.7635      8.872   171.9687 1.4083e+02     4.2187     -0.070     -0.103    25.1176 0.0000e+00
     -0.071      0.012     7.6084     91.976     37.555  37.509840     5.7648      8.872   172.0256 1.4068e+02     4.2361     -0.072     -0.104    25.0263 0.0000e+00
     -0.066      0.010     7.5382     91.122     37.575  37.527563     5.7613      8.872   172.1255 1.4063e+02     4.2437     -0.065     -0.095    24.9687 0.0000e+00
     -0.059      0.009     7.4617     90.196     37.544  37.495639     5.7586      8.874   172.4020 1.4036e+02     4.2502     -0.057     -0.083    24.9508 0.0000e+00
     -0.055      0.010     7.3817     89.227     37.491  37.441487     5.7592      8.875   172.8732 1.3989e+02     4.2229     -0.053     -0.077    24.9407 0.0000e+00
     -0.055      0.012     7.2991     88.224     37.432  37.381031     5.7690      8.870   173.1776 1.3919e+02     4.2494     -0.052     -0.076    24.9314 0.0000e+00
     -0.058      0.012     7.2178     87.237     37.454  37.399932     5.7757      8.864   173.3287 1.3814e+02     4.3564     -0.058     -0.083    24.9304 0.0000e+00
     -0.057      0.011     7.1429     86.328     37.599  37.542968     5.7761      8.860   173.4963 1.3661e+02     4.3875     -0.060     -0.086    24.9298 0.0000e+00
     -0.048      0.008     7.0749     85.512     37.829  37.776388     5.7735      8.860   173.5692 1.3536e+02     4.3811     -0.046     -0.067    24.9289 0.0000e+00
     -0.039      0.004     7.0185     84.859     38.038  37.998701     5.7820      8.865   173.6076 1.3527e+02     4.3709     -0.034     -0.048    24.9265 0.0000e+00
     -0.038      0.000     6.9830     84.484     38.147  38.134514     5.8054      8.871   173.7880 1.3619e+02     4.2947     -0.036     -0.051    24.9224 0.0000e+00
     -0.043     -0.004     6.9691     84.382     38.192  38.211480     5.8172      8.876   174.1159 1.3762e+02     4.2230     -0.043     -0.061    24.9189 0.0000e+00
     -0.051     -0.008     6.9698     84.448     38.182  38.230505     5.8233      8.880   174.4748 1.3880e+02     4.1751     -0.050     -0.072    24.9185 0.0000e+00
     -0.056     -0.009     6.9759     84.566     38.104  38.174009     5.8243      8.882   174.7717 1.3940e+02     4.1735     -0.056     -0.081    24.9351 0.0000e+00
     -0.056     -0.007     6.9814     84.670     38.012  38.100189     5.8199      8.881   175.1251 1.3978e+02     4.2035     -0.057     -0.082    24.9749 0.0000e+00
     -0.055     -0.004     6.9889     84.796     37.932  38.036800     5.8252      8.880   175.4781 1.3998e+02     4.2028     -0.054     -0.078    25.0229 0.0000e+00
     -0.054     -0.001     7.0048     85.023     37.858  37.979372     5.8336      8.880   175.6838 1.4011e+02     4.1946     -0.052     -0.075    25.0612 0.0000e+00
     -0.055      0.000     7.0357     85.426     37.780  37.914091     5.8657      8.879   175.9781 1.4035e+02     4.1957     -0.053     -0.077    25.0871 0.0000e+00
     -0.056      0.000     7.0847     86.043     37.675  37.819275     5.9289      8.878   176.4547 1.4066e+02     4.2170     -0.055     -0.080    25.1098 0.0000e+00
     -0.056     -0.001     7.1492     86.842     37.571  37.722369     5.9638      8.876   176.8010 1.4111e+02     4.2389     -0.055     -0.080    25.1327 0.0000e+00
     -0.055     -0.001     7.2219     87.736     37.476  37.631816     5.9652      8.873   176.8950 1.4157e+02     4.2162     -0.054     -0.078    25.1549 0.0000e+00
     -0.055     -0.000     7.2924     88.602     37.390  37.550271     5.9827      8.872   176.9891 1.4187e+02     4.1865     -0.054     -0.078    25.1737 0.0000e+00
     -0.055      0.001     7.3567     89.393     37.335  37.498757     6.0112      8.872   177.2505 1.4203e+02     4.1847     -0.055     -0.079    25.1870 0.0000e+00
     -0.055      0.001     7.4146     90.104     37.286  37.453667     6.0238      8.874   177.5602 1.4218e+02     4.1638     -0.054     -0.080    25.1962 0.0000e+00
     -0.055      0.001     7.4617     90.684     37.216  37.386267     6.0241      8.875   177.8078 1.4236e+02     4.1474     -0.053     -0.078    25.2023 0.0000e+00
     -0.055      0.001     7.4958     91.104     37.147  37.319107     6.0148      8.876   178.0074 1.4250e+02     4.1697     -0.054     -0.077    25.2078 0.0000e+00
     -0.054      0.001     7.5193     91.391     37.104  37.276902     6.0035      8.877   178.1673 1.4255e+02     4.1894     -0.053     -0.078    25.2139 0.0000e+00
     -0.053      0.001     7.5338     91.564     37.086  37.257143     6.0074      8.879   178.3644 1.4264e+02     4.2019     -0.052     -0.076    25.2191 0.0000e+00
     -0.053      0.000     7.5381     91.603     37.042  37.207251     6.0169      8.879   178.5838 1.4274e+02     4.1993     -0.052     -0.076    25.2227 0.0000e+00
     -0.054 -4.064e-07     7.5311     91.489     36.966  37.118345     6.0164      8.880   178.6698 1.4287e+02     4.1881     -0.053     -0.076    25.2258 0.0000e+00
     -0.054      0.000     7.5113     91.211     36.936  37.071538     5.9915      8.880   178.7152 1.4305e+02     4.1889     -0.053     -0.077    25.2280 0.0000e+00
     -0.055      0.000     7.4788     90.785     36.964  37.085966     5.9555      8.880   178.8751 1.4320e+02     4.2088     -0.054     -0.078    25.2275 0.0000e+00
     -0.055     -0.001     7.4378     90.267     36.988  37.102205     5.9394      8.882   179.0540 1.4335e+02     4.2454     -0.054     -0.079    25.2210 0.0000e+00
     -0.055     -0.001     7.3924     89.707     36.968  37.077282     5.9437      8.884   179.2438 1.4351e+02     4.2352     -0.054     -0.078    25.2026 0.0000e+00
     -0.055      0.000     7.3450     89.127     36.933  37.038724     5.9615      8.884   179.4491 1.4356e+02     4.1772     -0.053     -0.077    25.1767 0.0000e+00
