Data/DataNotYetUploadedToEDI/Raw_CTD/2018_RawDownloads/073018_fcr45.cnv
* Sea-Bird SBE19plus  Data File:
* FileName = C:\DATA\073018_fcr50_0006.hex
* Software version 2.6.3.104 SB_Terminal.dll
* Temperature SN = 7809
* Conductivity SN = 7809
* System UpLoad Time = Jul 30 2018 16:26:51
* <ApplicationData>
* <Seaterm232>
# nquan = 15
# nvalues = 305                         
# units = specified
# name 0 = depFM: Depth [fresh water, m]
# name 1 = dz/dtM: Descent Rate [m/s]
# name 2 = sbeox0Mg/L: Oxygen, SBE 43 [mg/l]
# name 3 = sbeox0PS: Oxygen, SBE 43 [% saturation]
# name 4 = specc: Specific Conductance [uS/cm]
# name 5 = c0uS/cm: Conductivity [uS/cm]
# name 6 = flECO-AFL: Fluorescence, WET Labs ECO-AFL/FL [mg/m^3]
# name 7 = ph: pH
# name 8 = orp: Oxidation Reduction Potential [mV]
# name 9 = par/sat/log: PAR/Logarithmic, Satlantic
# name 10 = turbWETntu0: Turbidity, WET Labs ECO [NTU]
# name 11 = prdM: Pressure, Strain Gauge [db]
# name 12 = prdE: Pressure, Strain Gauge [psi]
# name 13 = tv290C: Temperature [ITS-90, deg C]
# name 14 = flag:  0.000e+00
# span 0 =     -0.551,      7.268       
# span 1 =     -0.019,      0.235       
# span 2 =    -0.5966,     9.0749       
# span 3 =     -5.637,    104.946       
# span 4 =      0.545,     50.622       
# span 5 =   0.510903,  41.545228       
# span 6 =    -0.1849,     6.1273       
# span 7 =      6.278,      8.892       
# span 8 =   172.1388,   268.5676       
# span 9 = 1.2555e-01, 2.5917e+02       
# span 10 =    -0.2644,    23.4457      
# span 11 =     -0.541,      7.128      
# span 12 =     -0.785,     10.338      
# span 13 =    11.7988,    25.7240      
# span 14 = 0.0000e+00, 0.0000e+00      
# interval = seconds: 0.25
# start_time = Jul 30 2018 14:15:27 [Instrument's time stamp, header]
# bad_flag = -9.990e-29
*END*
     -0.550 1.8343e-13     8.7531     99.798      0.545   0.510903    -0.1816      6.320   263.3071 2.3893e+02    -0.0113     -0.539     -0.782    21.8350 0.0000e+00
     -0.550 2.0178e-12     8.7528     99.796      0.545   0.511006    -0.1798      6.323   261.6869 2.3456e+02     0.0196     -0.539     -0.782    21.8351 0.0000e+00
     -0.550 2.2195e-11     8.7512     99.778      0.560   0.524726    -0.1773      6.326   260.2487 2.2597e+02     0.0397     -0.540     -0.783    21.8352 0.0000e+00
     -0.550 2.4415e-10     8.7471     99.731      0.587   0.549968    -0.1784      6.332   257.6195 2.1998e+02     0.0187     -0.540     -0.784    21.8353 0.0000e+00
     -0.550 2.6856e-09     8.7527     99.795      0.600   0.562558    -0.1835      6.337   259.4100 2.1681e+02     0.0092     -0.540     -0.783    21.8354 0.0000e+00
     -0.551 2.9542e-08     8.7570     99.844      0.587   0.550119    -0.1842      6.333   266.7544 2.1871e+02     0.0162     -0.540     -0.783    21.8357 0.0000e+00
     -0.551 3.2496e-07     8.7526     99.795      0.562   0.526395    -0.1697      6.324   268.5542 2.2780e+02     0.0120     -0.540     -0.783    21.8353 0.0000e+00
     -0.551      0.000     8.7545     99.818      0.565   0.529369    -0.1638      6.319   262.4998 2.3831e+02    -0.0414     -0.539     -0.782    21.8360 0.0000e+00
     -0.551      0.000     8.7596     99.878      0.625   0.586076    -0.1764      6.319   257.3931 2.4687e+02    -0.1408     -0.540     -0.783    21.8354 0.0000e+00
     -0.551      0.000     8.7584     99.882      1.019   0.958384    -0.1849      6.322   255.0781 2.4864e+02    -0.1825     -0.540     -0.783    21.8367 0.0000e+00
     -0.551      0.005     8.7432     99.898      5.462   5.157732    -0.1838      6.322   244.0589 2.4044e+02    -0.1801     -0.540     -0.783    21.8353 0.0000e+00
     -0.551      0.017     8.6756     99.880     13.652  12.979636    -0.1809      6.378   223.1064 2.2803e+02    -0.2032     -0.541     -0.785    21.8393 0.0000e+00
     -0.551      0.036     8.5531     99.819     19.424  18.708847    -0.1778      6.578   212.3667 2.1637e+02    -0.2181     -0.539     -0.783    21.8342 0.0000e+00
     -0.548      0.053     8.4417     99.852     21.713  21.196243    -0.1743      6.911   215.7325 2.0901e+02    -0.2383     -0.541     -0.785    21.8434 0.0000e+00
     -0.533      0.064     8.3632     99.859     21.856  21.537468    -0.1662      7.311   222.4171 2.1096e+02    -0.2644     -0.534     -0.773    21.8294 0.0000e+00
     -0.498      0.070     8.3042     99.794     23.508  23.343976    -0.1522      7.705   227.6272 2.1932e+02    -0.2587     -0.488     -0.708    22.1711 0.0000e+00
     -0.463      0.072     8.2716     99.832     25.713  25.641676    -0.1527      8.018   228.1371 2.2563e+02    -0.2305     -0.445     -0.646    23.0970 0.0000e+00
     -0.447      0.067     8.2564     99.911     26.399  26.398793    -0.1719      8.244   226.2588 2.2793e+02    -0.1673     -0.435     -0.631    23.8698 0.0000e+00
     -0.442      0.055     8.2450     99.930     29.967  30.020667    -0.1822      8.420   227.2874 2.3283e+02    -0.1044     -0.436     -0.632    24.3114 0.0000e+00
     -0.434      0.042     8.2368     99.935     33.591  33.684492    -0.1766      8.563   224.4840 2.4248e+02    -0.0506     -0.429     -0.622    24.6583 0.0000e+00
     -0.422      0.035     8.2309     99.945     34.379  34.503872    -0.1772      8.666   213.6148 2.4996e+02    -0.0047     -0.411     -0.597    24.8787 0.0000e+00
     -0.414      0.037     8.2215     99.895     34.696  34.846523    -0.1810      8.738   209.3553 2.5339e+02    -0.0075     -0.404     -0.585    25.0116 0.0000e+00
     -0.409      0.050     8.2140     99.841     35.120  35.286732    -0.1765      8.791   207.4847 2.5623e+02     0.0381     -0.403     -0.585    25.0815 0.0000e+00
     -0.399      0.079     8.2157     99.895     35.516  35.697622    -0.1322      8.820   192.2874 2.5839e+02     0.6078     -0.394     -0.571    25.1353 0.0000e+00
     -0.387      0.121     8.2134     99.972     35.717  35.939787     0.4189      8.822   176.6050 2.5917e+02     6.5443     -0.378     -0.547    25.1769 0.0000e+00
     -0.369      0.170     8.2050    100.066     35.692  35.991519     1.4416      8.813   172.1388 2.5827e+02    17.4033     -0.373     -0.541    25.2151 0.0000e+00
     -0.321      0.212     8.2065    100.292     35.500  35.878577     2.0049      8.799   172.6166 2.5637e+02    23.3192     -0.335     -0.485    25.2400 0.0000e+00
     -0.236      0.235     8.2263    100.688     35.283  35.717729     2.1106      8.783   173.5198 2.5448e+02    23.4457     -0.230     -0.335    25.2305 0.0000e+00
     -0.143      0.231     8.2624    101.217     35.168  35.634862     2.7205      8.776   174.5419 2.4448e+02    18.5055     -0.136     -0.197    25.2816 0.0000e+00
     -0.061      0.200     8.3072    101.798     35.160  35.638955     3.8183      8.784   175.5966 2.1681e+02     9.3036     -0.053     -0.077    25.4148 0.0000e+00
     -0.005      0.145     8.3507    102.334     35.223  35.703700     4.4021      8.797   176.7220 1.9238e+02     4.2590      0.012      0.018    25.5394 0.0000e+00
      0.015      0.082     8.3848    102.739     35.306  35.782477     4.4481      8.808   177.7375 1.9428e+02     3.8074      0.024      0.034    25.6245 0.0000e+00
      0.007      0.029     8.4100    103.029     35.359  35.829177     4.4758      8.818   178.2384 2.0493e+02     3.7826      0.010      0.014    25.6685 0.0000e+00
     -0.013     -0.005     8.4415    103.404     35.357  35.823685     4.5164      8.827   178.6485 2.0956e+02     3.7763     -0.015     -0.020    25.6783 0.0000e+00
     -0.030     -0.019     8.4950    104.056     35.314  35.779591     4.5344      8.835   179.2543 2.1130e+02     3.7926     -0.034     -0.050    25.6800 0.0000e+00
     -0.036     -0.014     8.5515    104.751     35.275  35.740691     4.5283      8.840   179.7991 2.1154e+02     3.8267     -0.038     -0.054    25.6719 0.0000e+00
     -0.033      0.000     8.5673    104.946     35.268  35.734476     4.5069      8.845   180.3309 2.1107e+02     3.8531     -0.035     -0.049    25.6550 0.0000e+00
     -0.026      0.012     8.5159    104.314     35.303  35.767976     4.4780      8.848   180.9524 2.1037e+02     3.9286     -0.027     -0.038    25.6530 0.0000e+00
     -0.018      0.018     8.4057    102.963     35.363  35.828117     4.4637      8.848   181.5491 2.1028e+02     4.0064     -0.017     -0.025    25.6525 0.0000e+00
     -0.011      0.019     8.2706    101.309     35.423  35.889936     4.4628      8.848   182.1248 2.1002e+02     4.0013     -0.010     -0.015    25.6528 0.0000e+00
     -0.006      0.016     8.1338     99.629     35.478  35.943726     4.4763      8.850   182.5786 2.0963e+02     3.9277     -0.005     -0.006    25.6569 0.0000e+00
     -0.003      0.013     8.0064     98.064     35.506  35.970308     4.5080      8.855   182.8199 2.0932e+02     3.8490     -0.002     -0.004    25.6532 0.0000e+00
     -0.002      0.011     7.9181     96.985     35.491  35.957244     4.5340      8.859   182.8924 2.0811e+02     3.8125     -0.001     -0.002    25.6505 0.0000e+00
     -0.002      0.010     7.8868     96.615     35.443  35.912816     4.5421      8.863   182.9383 2.0671e+02     3.7914     -0.002     -0.003    25.6538 0.0000e+00
     -0.000      0.011     7.8981     96.770     35.339  35.814278     4.5326      8.864   183.2028 2.0581e+02     3.7762     -0.001     -0.002    25.6515 0.0000e+00
      0.004      0.012     7.9255     97.116     35.241  35.718667     4.5018      8.863   183.5098 2.0484e+02     3.7515      0.004      0.007    25.6462 0.0000e+00
      0.008      0.013     7.9427     97.330     35.231  35.709627     4.4726      8.861   183.6388 2.0395e+02     3.7368      0.009      0.014    25.6485 0.0000e+00
      0.012      0.013     7.9306     97.189     35.286  35.768498     4.4650      8.860   183.8155 2.0318e+02     3.7816      0.011      0.016    25.6559 0.0000e+00
      0.016      0.012     7.8852     96.646     35.369  35.858783     4.4637      8.862   184.0974 2.0248e+02     3.8359      0.015      0.022    25.6674 0.0000e+00
      0.020      0.009     7.8177     95.831     35.417  35.911960     4.4572      8.867   184.3800 2.0203e+02     3.8136      0.021      0.029    25.6746 0.0000e+00
      0.022      0.006     7.7419     94.908     35.406  35.903275     4.4421      8.872   184.6509 2.0193e+02     3.7556      0.023      0.032    25.6728 0.0000e+00
      0.023      0.004     7.6615     93.927     35.381  35.880826     4.4367      8.876   184.8775 2.0206e+02     3.7757      0.023      0.033    25.6758 0.0000e+00
      0.023      0.002     7.5779     92.909     35.391  35.894621     4.4566      8.879   185.1413 2.0213e+02     3.8429      0.023      0.034    25.6865 0.0000e+00
      0.022      0.002     7.4989     91.950     35.436  35.943028     4.4624      8.882   185.4316 2.0212e+02     3.8968      0.022      0.032    25.6947 0.0000e+00
      0.020      0.005     7.4297     91.107     35.449  35.957937     4.4425      8.885   185.5477 2.0200e+02     3.9395      0.020      0.029    25.6968 0.0000e+00
      0.020      0.010     7.3807     90.506     35.439  35.947846     4.4375      8.887   185.5994 2.0071e+02     3.9619      0.020      0.028    25.6984 0.0000e+00
      0.023      0.015     7.3759     90.446     35.439  35.948063     4.4565      8.889   185.6262 1.9165e+02     3.9845      0.021      0.031    25.7035 0.0000e+00
      0.030      0.020     7.4244     91.040     35.452  35.960568     4.4876      8.891   185.3552 1.7484e+02     3.9987      0.029      0.042    25.7102 0.0000e+00
      0.039      0.028     7.5129     92.123     35.464  35.971993     4.5201      8.892   184.8187 1.6372e+02     3.9812      0.039      0.056    25.7128 0.0000e+00
      0.045      0.040     7.6249     93.490     35.454  35.959151     4.5366      8.890   184.4733 1.6265e+02     3.9569      0.045      0.066    25.7122 0.0000e+00
      0.050      0.056     7.7419     94.912     35.433  35.932336     4.5411      8.886   184.6198 1.6053e+02     3.9483      0.047      0.069    25.7114 0.0000e+00
      0.060      0.076     7.8441     96.150     35.408  35.901859     4.5746      8.884   184.9561 1.5001e+02     3.9683      0.055      0.078    25.7118 0.0000e+00
      0.080      0.097     7.9248     97.130     35.356  35.844742     4.6374      8.884   185.0111 1.3434e+02     3.9861      0.074      0.107    25.7117 0.0000e+00
      0.112      0.117     7.9877     97.901     35.262  35.749908     4.6668      8.885   184.7691 1.1879e+02     3.9797      0.107      0.155    25.7070 0.0000e+00
      0.152      0.130     8.0296     98.416     35.220  35.708061     4.6536      8.887   184.5254 1.0682e+02     3.9824      0.149      0.217    25.7003 0.0000e+00
      0.193      0.134     8.0450     98.603     35.295  35.783419     4.6431      8.887   184.4733 9.7053e+01     3.9890      0.190      0.275    25.6896 0.0000e+00
      0.233      0.129     8.0346     98.474     35.410  35.898789     4.6406      8.886   184.7411 8.8664e+01     4.0289      0.230      0.333    25.6819 0.0000e+00
      0.267      0.119     8.0036     98.091     35.472  35.959591     4.6332      8.885   185.2694 8.3267e+01     4.0679      0.265      0.386    25.6858 0.0000e+00
      0.294      0.105     7.9585     97.529     35.462  35.946863     4.6368      8.882   185.7848 8.0198e+01     4.0024      0.291      0.421    25.6884 0.0000e+00
      0.314      0.092     7.9027     96.839     35.453  35.935460     4.6470      8.879   186.3265 7.8051e+01     3.9397      0.307      0.446    25.6844 0.0000e+00
      0.334      0.084     7.8383     96.053     35.466  35.948761     4.6460      8.878   187.0002 7.6049e+01     3.9197      0.325      0.470    25.6835 0.0000e+00
      0.355      0.084     7.7778     95.317     35.432  35.917119     4.6430      8.877   187.6502 7.5033e+01     3.8520      0.351      0.508    25.6847 0.0000e+00
      0.372      0.092     7.7385     94.848     35.381  35.870493     4.6477      8.878   188.2486 7.4750e+01     3.7929      0.366      0.532    25.6773 0.0000e+00
      0.389      0.106     7.7241     94.691     35.332  35.829671     4.6574      8.882   188.7288 7.3217e+01     3.7843      0.376      0.546    25.6710 0.0000e+00
      0.416      0.122     7.7296     94.771     35.239  35.741168     4.6956      8.883   189.1538 7.0065e+01     3.8396      0.406      0.589    25.6761 0.0000e+00
      0.451      0.137     7.7493     95.017     35.124  35.626194     4.7608      8.883   189.6877 6.6111e+01     3.9429      0.440      0.640    25.6775 0.0000e+00
      0.493      0.148     7.7673     95.246     35.079  35.582927     4.7923      8.880   190.1933 6.1366e+01     3.9958      0.480      0.696    25.6824 0.0000e+00
      0.541      0.151     7.7661     95.243     35.153  35.662682     4.7831      8.875   190.5356 5.6786e+01     3.9904      0.533      0.773    25.7013 0.0000e+00
      0.587      0.147     7.7424     94.958     35.251  35.764733     4.7229      8.868   190.9012 5.3396e+01     3.9701      0.579      0.839    25.7083 0.0000e+00
      0.624      0.139     7.7061     94.513     35.286  35.800474     4.6250      8.860   191.4305 5.0881e+01     3.9636      0.614      0.891    25.7044 0.0000e+00
      0.654      0.131     7.6748     94.123     35.266  35.777210     4.5828      8.851   191.9449 4.8913e+01     4.0030      0.643      0.933    25.7114 0.0000e+00
      0.679      0.126     7.6549     93.867     35.232  35.737540     4.5900      8.840   192.3880 4.7104e+01     4.0194      0.665      0.964    25.7202 0.0000e+00
      0.707      0.127     7.6350     93.608     35.203  35.701938     4.6202      8.830   192.9167 4.5022e+01     3.9793      0.691      1.002    25.7228 0.0000e+00
      0.739      0.135     7.6054     93.229     35.172  35.664353     4.6814      8.821   193.6905 4.2807e+01     3.9451      0.723      1.049    25.7240 0.0000e+00
      0.774      0.148     7.5691     92.771     35.177  35.664221     4.7140      8.814   194.6033 4.0709e+01     3.9409      0.758      1.100    25.7196 0.0000e+00
      0.813      0.165     7.5366     92.362     35.217  35.700331     4.7105      8.805   195.2630 3.8696e+01     3.9600      0.796      1.154    25.7118 0.0000e+00
      0.856      0.184     7.5177     92.124     35.239  35.719828     4.7045      8.792   195.8166 3.6670e+01     3.9627      0.837      1.214    25.7028 0.0000e+00
      0.903      0.202     7.5192     92.137     35.231  35.709379     4.6589      8.777   196.4785 3.4533e+01     3.9432      0.885      1.283    25.6916 0.0000e+00
      0.958      0.216     7.5374     92.352     35.164  35.637514     4.5726      8.761   196.9848 3.2203e+01     3.9368      0.936      1.358    25.6850 0.0000e+00
      1.021      0.221     7.5594     92.607     35.020  35.486114     4.5246      8.748   197.3785 2.9740e+01     3.9461      1.000      1.450    25.6785 0.0000e+00
      1.086      0.213     7.5722     92.746     34.883  35.339800     4.5290      8.738   197.6254 2.7519e+01     3.9642      1.066      1.547    25.6763 0.0000e+00
      1.148      0.191     7.5674     92.665     34.819  35.265899     4.5529      8.733   197.5605 2.5732e+01     3.9728      1.126      1.634    25.6729 0.0000e+00
      1.203      0.158     7.5445     92.336     34.801  35.227769     4.5830      8.730   197.1963 2.4401e+01     3.9583      1.185      1.718    25.6694 0.0000e+00
      1.243      0.119     7.5081     91.811     34.803  35.196341     4.6000      8.729   196.7495 2.3693e+01     3.9418      1.227      1.781    25.6609 0.0000e+00
      1.263      0.084     7.4660     91.215     34.843  35.203458     4.6017      8.730   196.7186 2.3522e+01     3.9564      1.244      1.803    25.6458 0.0000e+00
      1.266      0.059     7.4353     90.786     34.913  35.250252     4.6036      8.731   197.3385 2.3557e+01     3.9518      1.243      1.802    25.6432 0.0000e+00
