Data/DataNotYetUploadedToEDI/Raw_CTD/2018_RawDownloads/073018_fcr45.cnv
* Sea-Bird SBE19plus  Data File:
* FileName = C:\DATA\073018_fcr50_0006.hex
* Software version 2.6.3.104 SB_Terminal.dll
* Temperature SN = 7809
* Conductivity SN = 7809
* System UpLoad Time = Jul 30 2018 16:26:51
* <ApplicationData>
* <Seaterm232>
# nquan = 15
# nvalues = 305                         
# units = specified
# name 0 = depFM: Depth [fresh water, m]
# name 1 = dz/dtM: Descent Rate [m/s]
# name 2 = sbeox0Mg/L: Oxygen, SBE 43 [mg/l]
# name 3 = sbeox0PS: Oxygen, SBE 43 [% saturation]
# name 4 = specc: Specific Conductance [uS/cm]
# name 5 = c0uS/cm: Conductivity [uS/cm]
# name 6 = flECO-AFL: Fluorescence, WET Labs ECO-AFL/FL [mg/m^3]
# name 7 = ph: pH
# name 8 = orp: Oxidation Reduction Potential [mV]
# name 9 = par/sat/log: PAR/Logarithmic, Satlantic
# name 10 = turbWETntu0: Turbidity, WET Labs ECO [NTU]
# name 11 = prdM: Pressure, Strain Gauge [db]
# name 12 = prdE: Pressure, Strain Gauge [psi]
# name 13 = tv290C: Temperature [ITS-90, deg C]
# name 14 = flag:  0.000e+00
# span 0 =     -0.551,      7.268       
# span 1 =     -0.019,      0.235       
# span 2 =    -0.5966,     9.0749       
# span 3 =     -5.637,    104.946       
# span 4 =      0.545,     50.622       
# span 5 =   0.510903,  41.545228       
# span 6 =    -0.1849,     6.1273       
# span 7 =      6.278,      8.892       
# span 8 =   172.1388,   268.5676       
# span 9 = 1.2555e-01, 2.5917e+02       
# span 10 =    -0.2644,    23.4457      
# span 11 =     -0.541,      7.128      
# span 12 =     -0.785,     10.338      
# span 13 =    11.7988,    25.7240      
# span 14 = 0.0000e+00, 0.0000e+00      
# interval = seconds: 0.25
# start_time = Jul 30 2018 14:15:27 [Instrument's time stamp, header]
# bad_flag = -9.990e-29
*END*
[from data line 193]
      4.177      0.150     0.9021      8.419     49.280  36.754649     2.0799      6.756   237.5529 1.2272e+00     4.3650      4.096      5.943    12.8095 0.0000e+00
      4.215      0.144     1.5480     14.431     49.385  36.759719     2.0935      6.747   238.2801 1.1739e+00     4.4253      4.132      5.994    12.6572 0.0000e+00
      4.251      0.139     2.1713     20.223     49.468  36.772217     2.0697      6.737   239.0035 1.1410e+00     4.5181      4.171      6.049    12.5040 0.0000e+00
      4.283      0.136     2.7234     25.343     49.528  36.778650     1.8837      6.726   239.6748 1.1296e+00     5.5180      4.203      6.096    12.3778 0.0000e+00
      4.311      0.138     3.1711     29.483     49.576  36.773934     1.5634      6.711   240.2873 1.1052e+00     7.3585      4.225      6.127    12.2816 0.0000e+00
      4.344      0.145     3.4974     32.487     49.638  36.778679     1.3856      6.696   240.6453 1.0628e+00     8.3695      4.258      6.176    12.2041 0.0000e+00
      4.381      0.153     3.6959     34.307     49.673  36.772446     1.3508      6.684   240.9061 1.0257e+00     8.5250      4.297      6.234    12.1603 0.0000e+00
      4.421      0.158     3.7794     35.065     49.689  36.762055     1.1795      6.675   241.2892 9.8143e-01     9.1472      4.331      6.283    12.1294 0.0000e+00
      4.470      0.158     3.7776     35.036     49.734  36.780074     0.8584      6.668   241.6636 9.1937e-01    10.2781      4.381      6.354    12.0857 0.0000e+00
      4.520      0.155     3.7252     34.542     49.774  36.799715     0.6856      6.660   242.0770 8.6783e-01    10.9061      4.439      6.439    12.0410 0.0000e+00
      4.560      0.149     3.6518     33.856     49.797  36.808939     0.6805      6.652   242.5028 8.5372e-01    11.0023      4.476      6.492    12.0079 0.0000e+00
      4.589      0.140     3.5751     33.141     49.831  36.828055     0.6584      6.645   242.8542 8.4182e-01    11.3201      4.500      6.525    11.9859 0.0000e+00
      4.617      0.128     3.5055     32.493     49.854  36.840260     0.6208      6.637   243.3993 8.0110e-01    11.8801      4.526      6.564    11.9729 0.0000e+00
      4.650      0.116     3.4475     31.953     49.842  36.829444     0.6113      6.630   244.2754 7.6135e-01    12.2191      4.560      6.614    11.9628 0.0000e+00
      4.685      0.109     3.4004     31.516     49.834  36.824324     0.6087      6.623   245.2737 7.4999e-01    12.3059      4.597      6.668    11.9554 0.0000e+00
      4.715      0.108     3.3626     31.166     49.857  36.841888     0.5886      6.613   246.1782 7.4335e-01    12.4709      4.628      6.712    11.9494 0.0000e+00
      4.735      0.112     3.3326     30.889     49.870  36.851230     0.5606      6.604   246.8649 7.2183e-01    12.7194      4.646      6.740    11.9450 0.0000e+00
      4.752      0.119     3.3091     30.671     49.901  36.873744     0.5462      6.596   247.2963 6.9938e-01    12.8074      4.655      6.751    11.9426 0.0000e+00
      4.779      0.128     3.2906     30.499     49.969  36.923515     0.5439      6.588   247.6078 6.6808e-01    12.8031      4.680      6.789    11.9434 0.0000e+00
      4.820      0.138     3.2766     30.368     49.999  36.944790     0.5415      6.581   247.8775 6.2644e-01    12.7894      4.726      6.854    11.9453 0.0000e+00
      4.865      0.145     3.2632     30.244     49.992  36.940385     0.5450      6.574   248.1486 5.7529e-01    12.7025      4.771      6.920    11.9444 0.0000e+00
      4.909      0.145     3.2500     30.124     49.978  36.933778     0.5493      6.568   248.4762 5.1975e-01    12.6377      4.815      6.984    11.9439 0.0000e+00
      4.949      0.136     3.2376     30.013     49.965  36.928438     0.5474      6.563   248.8268 4.8223e-01    12.6158      4.855      7.043    11.9436 0.0000e+00
      4.983      0.122     3.2234     29.882     49.978  36.939355     0.5408      6.559   249.2903 4.5671e-01    12.6209      4.890      7.092    11.9417 0.0000e+00
      5.011      0.109     3.2055     29.715     49.980  36.938720     0.5332      6.552   250.0371 4.3664e-01    12.7294      4.917      7.131    11.9420 0.0000e+00
      5.032      0.103     3.1849     29.521     49.960  36.920760     0.5386      6.543   250.8872 4.1824e-01    12.9208      4.935      7.158    11.9470 0.0000e+00
      5.050      0.104     3.1626     29.313     49.952  36.912779     0.5510      6.534   251.3947 3.9515e-01    13.0429      4.951      7.181    11.9524 0.0000e+00
      5.070      0.109     3.1408     29.109     49.948  36.905749     0.5445      6.527   251.5277 3.7813e-01    13.0765      4.969      7.207    11.9549 0.0000e+00
      5.099      0.114     3.1235     28.944     49.947  36.899284     0.5164      6.524   251.6351 3.6197e-01    13.1444      4.995      7.246    11.9516 0.0000e+00
      5.138      0.116     3.1090     28.806     49.954  36.898129     0.4869      6.521   251.7468 3.3802e-01    13.2235      5.038      7.307    11.9469 0.0000e+00
      5.179      0.115     3.0963     28.685     49.954  36.891776     0.4812      6.517   251.9315 3.2172e-01    13.2390      5.084      7.373    11.9460 0.0000e+00
      5.211      0.111     3.0881     28.605     49.953  36.885996     0.4838      6.511   252.4063 3.1224e-01    13.2710      5.113      7.416    11.9419 0.0000e+00
      5.232      0.107     3.0841     28.567     49.965  36.891761     0.4727      6.503   253.0132 3.0329e-01    13.3658      5.132      7.443    11.9362 0.0000e+00
      5.250      0.106     3.0833     28.558     49.975  36.897943     0.4756      6.493   253.5049 3.0059e-01    13.4696      5.148      7.466    11.9296 0.0000e+00
      5.270      0.108     3.0857     28.578     49.977  36.897214     0.4920      6.484   253.8769 2.8539e-01    13.5189      5.164      7.490    11.9220 0.0000e+00
      5.299      0.113     3.0881     28.599     49.962  36.882947     0.4875      6.479   254.2411 2.5393e-01    13.5043      5.193      7.532    11.9170 0.0000e+00
      5.336      0.115     3.0881     28.597     49.923  36.852490     0.4575      6.477   254.5533 2.3138e-01    13.5071      5.233      7.590    11.9150 0.0000e+00
      5.374      0.113     3.0894     28.609     49.916  36.846601     0.4232      6.476   254.8123 2.1828e-01    13.5830      5.272      7.647    11.9140 0.0000e+00
      5.407      0.108     3.0945     28.657     49.953  36.875268     0.4036      6.476   255.0497 2.1106e-01    13.6595      5.306      7.695    11.9115 0.0000e+00
      5.431      0.098     3.1007     28.716     49.958  36.881458     0.4044      6.475   255.2737 2.1520e-01    13.6994      5.329      7.728    11.9087 0.0000e+00
      5.450      0.086     3.1061     28.767     49.926  36.857921     0.4140      6.472   255.5409 2.1891e-01    13.8219      5.345      7.752    11.9066 0.0000e+00
      5.467      0.074     3.1116     28.817     49.910  36.844798     0.4189      6.468   255.8718 2.1450e-01    14.0108      5.360      7.774    11.9050 0.0000e+00
      5.486      0.065     3.1161     28.859     49.916  36.849843     0.4175      6.464   256.3483 2.0642e-01    14.0911      5.379      7.802    11.9067 0.0000e+00
      5.504      0.063     3.1186     28.883     49.922  36.855392     0.4153      6.460   256.9150 1.9457e-01    14.0903      5.399      7.832    11.9107 0.0000e+00
      5.519      0.070     3.1218     28.914     49.909  36.848361     0.4196      6.454   257.3886 1.8874e-01    14.0934      5.415      7.854    11.9101 0.0000e+00
      5.528      0.084     3.1248     28.943     49.879  36.828364     0.4329      6.446   257.7723 1.9119e-01    14.0977      5.421      7.863    11.9081 0.0000e+00
      5.539      0.100     3.1273     28.967     49.847  36.804203     0.4572      6.438   258.1124 1.9047e-01    14.1125      5.424      7.867    11.9088 0.0000e+00
      5.567      0.115     3.1324     29.012     49.858  36.810338     0.4828      6.432   258.4904 1.7636e-01    14.1195      5.452      7.908    11.9094 0.0000e+00
      5.611      0.128     3.1370     29.053     49.898  36.839009     0.4944      6.426   258.9009 1.5237e-01    14.1213      5.503      7.981    11.9116 0.0000e+00
      5.657      0.138     3.1392     29.075     49.888  36.833222     0.4875      6.421   259.2044 1.3695e-01    14.1639      5.550      8.049    11.9162 0.0000e+00
      5.697      0.139     3.1408     29.092     49.844  36.803901     0.4732      6.416   259.4920 1.3153e-01    14.2381      5.590      8.108    11.9159 0.0000e+00
      5.729      0.134     3.1412     29.097     49.841  36.802129     0.4687      6.412   259.8837 1.2938e-01    14.2859      5.621      8.152    11.9116 0.0000e+00
      5.758      0.127     3.1399     29.083     49.856  36.811796     0.4787      6.407   260.4987 1.2781e-01    14.3150      5.645      8.188    11.9091 0.0000e+00
      5.787      0.124     3.1383     29.065     49.836  36.793712     0.4752      6.402   261.1633 1.2697e-01    14.2850      5.675      8.231    11.9124 0.0000e+00
      5.817      0.128     3.1378     29.059     49.815  36.774066     0.4441      6.394   261.4665 1.3363e-01    14.1670      5.706      8.274    11.9184 0.0000e+00
      5.847      0.133     3.1382     29.060     49.807  36.764835     0.4154      6.389   261.4977 1.3985e-01    14.0786      5.733      8.314    11.9181 0.0000e+00
      5.881      0.137     3.1403     29.078     49.784  36.745629     0.4043      6.385   261.4537 1.3343e-01    14.0712      5.763      8.359    11.9150 0.0000e+00
      5.922      0.136     3.1448     29.119     49.768  36.732426     0.4201      6.381   261.3655 1.2638e-01    14.0767      5.807      8.422    11.9121 0.0000e+00
      5.965      0.127     3.1498     29.165     49.769  36.732248     0.4591      6.379   261.2913 1.2572e-01    14.0844      5.854      8.489    11.9079 0.0000e+00
      6.001      0.112     3.1548     29.211     49.784  36.743479     0.4899      6.381   261.2441 1.2567e-01    14.1031      5.888      8.540    11.9039 0.0000e+00
      6.029      0.097     3.1593     29.252     49.780  36.741160     0.4985      6.382   261.3975 1.2567e-01    14.1199      5.917      8.582    11.9013 0.0000e+00
      6.047      0.085     3.1635     29.292     49.730  36.704207     0.4893      6.382   261.8552 1.2568e-01    14.1352      5.935      8.607    11.9005 0.0000e+00
      6.057      0.082     3.1695     29.346     49.697  36.677849     0.4793      6.377   262.3903 1.2568e-01    14.1353      5.938      8.613    11.9004 0.0000e+00
      6.067      0.088     3.1776     29.420     49.699  36.676574     0.4783      6.371   262.8765 1.2563e-01    14.1213      5.945      8.623    11.8999 0.0000e+00
      6.086      0.103     3.1870     29.505     49.719  36.688785     0.4782      6.364   263.2597 1.2558e-01    14.1178      5.964      8.649    11.9004 0.0000e+00
      6.118      0.122     3.1966     29.592     49.735  36.698442     0.4778      6.357   263.4960 1.2559e-01    14.1241      5.997      8.696    11.9015 0.0000e+00
      6.158      0.139     3.2073     29.689     49.695  36.666280     0.4642      6.352   263.5837 1.2560e-01    14.1066      6.038      8.758    11.8993 0.0000e+00
      6.201      0.148     3.2180     29.787     49.632  36.617540     0.4341      6.350   263.5462 1.2555e-01    14.0885      6.081      8.819    11.8959 0.0000e+00
      6.245      0.144     3.2257     29.857     49.635  36.617358     0.4073      6.350   263.6437 1.2555e-01    14.0889      6.123      8.881    11.8933 0.0000e+00
      6.288      0.131     3.2313     29.907     49.699  36.664077     0.3979      6.350   263.9877 1.2560e-01    14.0813      6.168      8.948    11.8906 0.0000e+00
      6.324      0.119     3.2378     29.968     49.712  36.674187     0.4034      6.349   264.4362 1.2564e-01    14.0878      6.206      9.002    11.8885 0.0000e+00
      6.347      0.112     3.2439     30.025     49.627  36.612544     0.4096      6.344   265.1090 1.2564e-01    14.1053      6.229      9.034    11.8860 0.0000e+00
      6.360      0.114     3.2479     30.062     49.548  36.554032     0.4173      6.337   265.9285 1.2560e-01    14.1102      6.237      9.045    11.8835 0.0000e+00
      6.376      0.124     3.2538     30.115     49.528  36.538462     0.4232      6.329   266.3424 1.2560e-01    14.1164      6.246      9.058    11.8823 0.0000e+00
      6.408      0.140     3.2629     30.198     49.548  36.551351     0.4347      6.323   266.3280 1.2561e-01    14.0577      6.277      9.104    11.8830 0.0000e+00
      6.454      0.157     3.2744     30.305     49.592  36.582808     0.4647      6.320   266.1850 1.2559e-01    13.9497      6.328      9.176    11.8853 0.0000e+00
      6.506      0.168     3.2863     30.415     49.618  36.601172     0.4908      6.319   265.9897 1.2561e-01    13.9098      6.380      9.253    11.8853 0.0000e+00
      6.559      0.168     3.2969     30.512     49.594  36.582794     0.4936      6.319   266.0309 1.2572e-01    13.8807      6.434      9.331    11.8834 0.0000e+00
      6.606      0.158     3.3082     30.616     49.553  36.551193     0.4802      6.318   266.4254 1.2575e-01    13.8111      6.483      9.402    11.8817 0.0000e+00
      6.645      0.145     3.3172     30.698     49.534  36.536718     0.4760      6.316   266.8022 1.2567e-01    13.7393      6.521      9.458    11.8809 0.0000e+00
      6.672      0.133     3.3215     30.738     49.532  36.534834     0.4888      6.313   266.9732 1.2560e-01    13.6848      6.546      9.494    11.8802 0.0000e+00
      6.696      0.125     3.3262     30.783     49.523  36.528416     0.4966      6.310   267.0296 1.2559e-01    13.6712      6.563      9.520    11.8790 0.0000e+00
      6.724      0.123     3.3327     30.843     49.517  36.522631     0.4697      6.308   266.9679 1.2561e-01    13.6968      6.593      9.561    11.8775 0.0000e+00
      6.758      0.123     3.3367     30.878     49.526  36.528420     0.4208      6.308   266.9162 1.2562e-01    13.7188      6.628      9.612    11.8767 0.0000e+00
      6.793      0.124     3.3401     30.908     49.535  36.534877     0.4015      6.308   267.1790 1.2564e-01    13.7243      6.660      9.660    11.8777 0.0000e+00
      6.828      0.125     3.3449     30.953     49.538  36.537180     0.4205      6.305   267.7355 1.2567e-01    13.7329      6.696      9.713    11.8779 0.0000e+00
      6.862      0.127     3.3492     30.992     49.566  36.556264     0.4574      6.299   268.1390 1.2570e-01    13.7308      6.732      9.765    11.8765 0.0000e+00
      6.890      0.131     3.3524     31.019     49.597  36.575038     0.4881      6.294   268.3572 1.2569e-01    13.7298      6.759      9.802    11.8750 0.0000e+00
      6.915      0.138     3.3536     31.025     49.605  36.573578     0.4893      6.288   268.5676 1.2564e-01    13.7212      6.778      9.830    11.8746 0.0000e+00
      6.948      0.146     3.3524     31.006     49.656  36.602130     0.4722      6.282   268.4447 1.2564e-01    13.6868      6.808      9.875    11.8759 0.0000e+00
      6.991      0.152     3.3493     30.970     49.757  36.666136     0.4645      6.278   267.9905 1.2566e-01    13.6807      6.856      9.944    11.8746 0.0000e+00
      7.038      0.152     3.3458     30.932     49.833  36.712184     0.4696      6.278   267.6360 1.2564e-01    13.6476      6.902     10.010    11.8700 0.0000e+00
      7.084      0.143     3.3418     30.889     49.845  36.714185     0.4791      6.280   267.4272 1.2562e-01    13.5309      6.946     10.075    11.8629 0.0000e+00
      7.126      0.127     3.3325     30.801     49.818  36.690322     0.4791      6.283   267.1871 1.2566e-01    13.4590      6.993     10.143    11.8532 0.0000e+00
      7.157      0.104     3.3184     30.671     49.802  36.677766     0.4695      6.285   266.9699 1.2572e-01    13.4510      7.024     10.187    11.8422 0.0000e+00
      7.175      0.080     3.3032     30.530     49.817  36.689430     0.4726      6.286   266.7807 1.2578e-01    13.4334      7.037     10.207    11.8317 0.0000e+00
