Data/DataNotYetUploadedToEDI/Raw_CTD/2018_RawDownloads/073018_fcr20.cnv
* Sea-Bird SBE19plus  Data File:
* FileName = C:\DATA\073018_fcr50_0004.hex
* Software version 2.6.3.104 SB_Terminal.dll
* Temperature SN = 7809
* Conductivity SN = 7809
* System UpLoad Time = Jul 30 2018 16:26:27
* <ApplicationData>
* <Seaterm232>
# nquan = 15
# nvalues = 303                         
# units = specified
# name 0 = depFM: Depth [fresh water, m]
# name 1 = dz/dtM: Descent Rate [m/s]
# name 2 = sbeox0Mg/L: Oxygen, SBE 43 [mg/l]
# name 3 = sbeox0PS: Oxygen, SBE 43 [% saturation]
# name 4 = specc: Specific Conductance [uS/cm]
# name 5 = c0uS/cm: Conductivity [uS/cm]
# name 6 = flECO-AFL: Fluorescence, WET Labs ECO-AFL/FL [mg/m^3]
# name 7 = ph: pH
# name 8 = orp: Oxidation Reduction Potential [mV]
# name 9 = par/sat/log: PAR/Logarithmic, Satlantic
# name 10 = turbWETntu0: Turbidity, WET Labs ECO [NTU]
# name 11 = prdM: Pressure, Strain Gauge [db]
# name 12 = prdE: Pressure, Strain Gauge [psi]
# name 13 = tv290C: Temperature [ITS-90, deg C]
# name 14 = flag:  0.000e+00
# span 0 =     -0.554,      3.408       
# span 1 =     -0.049,      0.232       
# span 2 =    -0.2950,    10.2796       
# span 3 =     -3.182,    125.226       
# span 4 =      0.927,    109.540       
# span 5 =   0.874991,  91.338681       
# span 6 =    -0.1890,     7.2867       
# span 7 =      6.184,      8.923       
# span 8 =    31.8247,   361.3625       
# span 9 = 9.9073e-01, 1.8668e+02       
# span 10 =    -0.1660,     8.6191      
# span 11 =     -0.544,      3.344      
# span 12 =     -0.789,      4.850      
# span 13 =    16.6434,    25.3760      
# span 14 = 0.0000e+00, 0.0000e+00      
# interval = seconds: 0.25
# start_time = Jul 30 2018 13:37:22 [Instrument's time stamp, header]
# bad_flag = -9.990e-29
*END*
[from data line 193]
      0.199      0.027     9.6332    117.352     36.107  36.366119     6.4009      8.918   208.3490 7.0307e+01     3.9477      0.197      0.285    25.3540 0.0000e+00
      0.205      0.030     9.5787    116.690     36.107  36.366619     6.4089      8.917   199.5241 6.9765e+01     3.9754      0.202      0.293    25.3537 0.0000e+00
      0.207      0.035     9.5412    116.237     36.112  36.372684     6.4052      8.912   197.2381 6.9209e+01     3.9737      0.203      0.294    25.3532 0.0000e+00
      0.211      0.043     9.5242    116.032     36.114  36.375928     6.3471      8.905   196.0236 6.7911e+01     4.0495      0.206      0.297    25.3523 0.0000e+00
      0.220      0.053     9.5191    115.972     36.080  36.342313     6.2574      8.900   195.2501 6.5627e+01     4.2201      0.213      0.309    25.3521 0.0000e+00
      0.237      0.062     9.5199    115.984     36.021  36.283869     6.2116      8.897   194.7689 6.2862e+01     4.3584      0.230      0.333    25.3534 0.0000e+00
      0.262      0.067     9.5279    116.084     35.978  36.241009     6.2165      8.894   194.3364 6.0130e+01     4.4396      0.258      0.374    25.3551 0.0000e+00
      0.285      0.066     9.5391    116.223     35.942  36.205239     6.2887      8.895   193.8916 5.8046e+01     4.4696      0.283      0.411    25.3562 0.0000e+00
      0.304      0.059     9.5474    116.327     35.905  36.168981     6.4051      8.901   193.5208 5.6415e+01     4.4462      0.298      0.433    25.3568 0.0000e+00
      0.319      0.048     9.5538    116.409     35.918  36.183765     6.4561      8.905   193.3813 5.5390e+01     4.4005      0.315      0.457    25.3583 0.0000e+00
      0.329      0.038     9.5580    116.461     35.990  36.256938     6.4551      8.908   193.4946 5.5511e+01     4.3748      0.326      0.473    25.3595 0.0000e+00
      0.333      0.036     9.5580    116.460     36.025  36.291430     6.3939      8.909   193.7728 5.6436e+01     4.3491      0.327      0.475    25.3601 0.0000e+00
      0.333      0.041     9.5566    116.440     36.018  36.283185     6.2577      8.908   194.0776 5.7439e+01     4.2727      0.326      0.473    25.3618 0.0000e+00
      0.337      0.051     9.5510    116.369     36.021  36.284298     6.1683      8.906   194.3414 5.7668e+01     4.2146      0.326      0.474    25.3638 0.0000e+00
      0.351      0.066     9.5365    116.189     35.979  36.241368     6.1585      8.904   194.6389 5.6405e+01     4.1965      0.340      0.493    25.3641 0.0000e+00
      0.376      0.083     9.5204    115.996     35.882  36.145261     6.2315      8.903   194.9210 5.4385e+01     4.2976      0.369      0.536    25.3635 0.0000e+00
      0.403      0.098     9.5094    115.867     35.811  36.075122     6.3527      8.902   195.0851 5.2479e+01     4.5207      0.395      0.574    25.3621 0.0000e+00
      0.431      0.106     9.4981    115.736     35.762  36.028560     6.4017      8.901   195.1610 5.0120e+01     4.6359      0.421      0.609    25.3598 0.0000e+00
      0.463      0.107     9.4846    115.576     35.696  35.963420     6.3921      8.901   195.2360 4.7532e+01     4.6219      0.455      0.660    25.3583 0.0000e+00
      0.494      0.103     9.4733    115.442     35.654  35.922746     6.3561      8.901   195.3892 4.5321e+01     4.5054      0.486      0.705    25.3598 0.0000e+00
      0.520      0.100     9.4674    115.372     35.649  35.917903     6.2971      8.900   195.5511 4.3460e+01     4.3259      0.511      0.743    25.3633 0.0000e+00
      0.542      0.100     9.4672    115.371     35.636  35.904868     6.2663      8.896   195.6450 4.1904e+01     4.2204      0.533      0.774    25.3664 0.0000e+00
      0.562      0.105     9.4686    115.390     35.622  35.892185     6.2600      8.892   195.7502 4.0443e+01     4.1765      0.551      0.798    25.3688 0.0000e+00
      0.584      0.116     9.4656    115.354     35.622  35.891600     6.2661      8.890   195.9632 3.8889e+01     4.1612      0.571      0.828    25.3709 0.0000e+00
      0.612      0.130     9.4557    115.234     35.628  35.897794     6.3676      8.890   196.3272 3.7079e+01     4.1576      0.596      0.865    25.3712 0.0000e+00
      0.648      0.145     9.4416    115.063     35.633  35.903559     6.5506      8.893   196.7095 3.4962e+01     4.1631      0.631      0.916    25.3715 0.0000e+00
      0.694      0.156     9.4291    114.911     35.627  35.897783     6.6498      8.895   196.7994 3.2861e+01     4.1967      0.681      0.986    25.3733 0.0000e+00
      0.741      0.159     9.4226    114.833     35.620  35.891478     6.6577      8.895   196.6396 3.1111e+01     4.1982      0.730      1.058    25.3735 0.0000e+00
      0.786      0.152     9.4251    114.865     35.619  35.890842     6.6092      8.897   196.6703 2.9507e+01     4.1811      0.770      1.117    25.3728 0.0000e+00
      0.829      0.139     9.4367    115.008     35.618  35.890092     6.5134      8.897   196.9983 2.8016e+01     4.2034      0.814      1.181    25.3729 0.0000e+00
      0.866      0.127     9.4548    115.228     35.611  35.882413     6.4647      8.893   197.4220 2.7102e+01     4.2244      0.856      1.242    25.3735 0.0000e+00
      0.889      0.120     9.4755    115.476     35.591  35.861518     6.4614      8.888   197.7496 2.6603e+01     4.2214      0.875      1.269    25.3738 0.0000e+00
      0.904      0.118     9.4904    115.651     35.560  35.828013     6.4549      8.884   197.9480 2.5870e+01     4.1972      0.882      1.280    25.3750 0.0000e+00
      0.929      0.123     9.4894    115.632     35.530  35.794914     6.4500      8.880   198.0997 2.4736e+01     4.1757      0.906      1.315    25.3760 0.0000e+00
      0.966      0.135     9.4737    115.431     35.517  35.778924     6.4578      8.876   198.2942 2.3442e+01     4.1762      0.947      1.374    25.3759 0.0000e+00
      1.006      0.151     9.4607    115.262     35.503  35.761716     6.4750      8.871   198.5780 2.2189e+01     4.1723      0.987      1.432    25.3741 0.0000e+00
      1.046      0.166     9.4582    115.212     35.462  35.713900     6.5853      8.864   198.8644 2.0925e+01     4.2201      1.023      1.484    25.3706 0.0000e+00
      1.091      0.178     9.4562    115.150     35.407  35.645418     6.7895      8.851   199.5204 1.9633e+01     4.3263      1.068      1.548    25.3663 0.0000e+00
      1.139      0.188     9.4554    115.082     35.350  35.568904     6.8951      8.823   200.6589 1.8433e+01     4.3892      1.118      1.621    25.3626 0.0000e+00
      1.187      0.198     9.4601    115.066     35.294  35.487480     6.9056      8.780   201.9607 1.7322e+01     4.4001      1.165      1.689    25.3587 0.0000e+00
      1.237      0.204     9.4616    114.991     35.261  35.423141     7.0077      8.732   203.2144 1.6265e+01     4.3364      1.213      1.759    25.3521 0.0000e+00
      1.290      0.204     9.4443    114.674     35.300  35.426153     7.1927      8.687   204.0308 1.5208e+01     4.2289      1.262      1.831    25.3348 0.0000e+00
      1.349      0.197     9.3962    113.982     35.561  35.650886     7.2867      8.650   204.6893 1.4148e+01     4.1995      1.322      1.917    25.3048 0.0000e+00
      1.409      0.187     9.3171    112.918     36.052  36.107607     7.2801      8.621   205.4987 1.3287e+01     4.2245      1.386      2.012    25.2713 0.0000e+00
      1.458      0.176     9.2205    111.653     36.606  36.628747     7.2606      8.589   206.5036 1.2717e+01     4.2270      1.434      2.081    25.2278 0.0000e+00
      1.494      0.165     9.1196    110.345     37.133  37.124070     7.1694      8.544   207.8052 1.2272e+01     4.1983      1.466      2.125    25.1729 0.0000e+00
      1.525      0.156     9.0191    109.034     37.248  37.204997     7.0051      8.491   208.8463 1.1779e+01     4.1823      1.495      2.166    25.1203 0.0000e+00
      1.559      0.149     8.9190    107.705     36.868  36.781323     6.9193      8.437   209.4546 1.1213e+01     4.1862      1.528      2.215    25.0708 0.0000e+00
      1.598      0.148     8.8136    106.298     36.585  36.448203     6.9129      8.387   210.5140 1.0594e+01     4.1842      1.566      2.271    25.0229 0.0000e+00
      1.642      0.150     8.6918    104.693     36.541  36.353491     6.8627      8.345   212.1058 9.9882e+00     4.1891      1.610      2.336    24.9844 0.0000e+00
      1.683      0.151     8.5453    102.789     36.577  36.334857     6.7720      8.309   213.9020 9.4986e+00     4.1849      1.653      2.397    24.9412 0.0000e+00
      1.719      0.156     8.3791    100.621     36.724  36.413392     6.7258      8.270   216.0564 9.0461e+00     4.1644      1.684      2.443    24.8795 0.0000e+00
      1.756      0.168     8.2101     98.383     36.937  36.540666     6.7277      8.224   217.6772 8.5742e+00     4.1844      1.722      2.498    24.8072 0.0000e+00
      1.791      0.186     8.0514     96.230     37.170  36.666625     6.7851      8.176   218.4423 8.1633e+00     4.3358      1.758      2.551    24.7363 0.0000e+00
      1.830      0.206     7.9103     94.212     37.377  36.729225     6.8961      8.133   219.1128 7.6811e+00     4.5599      1.786      2.592    24.6708 0.0000e+00
      1.888      0.221     7.7914     92.398     37.484  36.662102     6.9573      8.096   219.9327 6.9695e+00     4.6659      1.842      2.671    24.5810 0.0000e+00
      1.965      0.228     7.6813     90.705     37.482  36.490038     6.9093      8.064   220.6980 6.2065e+00     4.6407      1.929      2.798    24.4627 0.0000e+00
      2.040      0.225     7.5511     88.835     37.374  36.236687     6.3166      8.034   221.1389 5.6500e+00     4.4392      2.007      2.911    24.3377 0.0000e+00
      2.101      0.210     7.3562     86.252     37.282  36.012562     5.2400      8.008   221.3922 5.3088e+00     4.1215      2.064      2.994    24.1501 0.0000e+00
      2.147      0.183     7.0479     82.383     37.334  35.939768     4.6543      7.988   221.6950 5.0447e+00     3.9731      2.108      3.058    23.8928 0.0000e+00
      2.186      0.153     6.6181     77.156     37.430  35.928075     4.5918      7.970   222.0465 4.7978e+00     3.9578      2.144      3.110    23.6578 0.0000e+00
      2.220      0.129     6.1039     71.007     37.460  35.871038     4.5491      7.954   222.3739 4.6083e+00     3.8447      2.180      3.163    23.4674 0.0000e+00
      2.246      0.113     5.5694     64.652     37.430  35.758198     4.4971      7.939   222.7280 4.4652e+00     3.6732      2.205      3.198    23.2901 0.0000e+00
      2.266      0.103     5.0753     58.783     37.402  35.643511     4.4770      7.925   223.0580 4.3119e+00     3.5932      2.219      3.219    23.1169 0.0000e+00
      2.290      0.098     4.6551     53.799     37.475  35.627642     4.4809      7.910   223.4387 4.1562e+00     3.5793      2.243      3.254    22.9780 0.0000e+00
      2.317      0.098     4.3341     49.993     37.688  35.756773     4.4895      7.892   224.1476 4.0170e+00     3.5973      2.272      3.297    22.8748 0.0000e+00
      2.342      0.104     4.1310     47.558     38.157  36.124835     4.6265      7.868   225.1761 3.8836e+00     3.6884      2.298      3.333    22.7663 0.0000e+00
      2.365      0.114     4.0314     46.283     38.829  36.647463     4.8965      7.838   226.3244 3.7513e+00     3.8576      2.318      3.362    22.6417 0.0000e+00
      2.390      0.128     4.0015     45.770     39.695  37.311337     5.0520      7.804   227.1906 3.5911e+00     3.9941      2.340      3.394    22.5234 0.0000e+00
      2.422      0.145     4.0112     45.692     41.969  39.259909     5.0643      7.769   227.7331 3.4058e+00     4.0261      2.373      3.442    22.4269 0.0000e+00
      2.461      0.165     4.0343     45.718     48.020  44.641432     4.9992      7.724   227.8072 3.2151e+00     4.0013      2.411      3.497    22.3549 0.0000e+00
      2.508      0.189     4.0444     45.533     57.786  53.318053     4.8900      7.651   219.0527 2.9935e+00     3.9687      2.456      3.563    22.2125 0.0000e+00
      2.561      0.214     3.9951     44.665     67.753  62.039447     4.8374      7.545   194.9305 2.7740e+00     3.9681      2.513      3.645    21.9907 0.0000e+00
      2.616      0.230     3.8293     42.531     75.076  68.251685     4.7953      7.434   167.7658 2.5829e+00     3.9941      2.565      3.721    21.8056 0.0000e+00
      2.676      0.232     3.5336     38.997     78.778  71.114907     4.3995      7.344   147.9496 2.3664e+00     3.9461      2.616      3.795    21.5547 0.0000e+00
      2.750      0.218     3.1277     34.309     79.918  71.653466     3.6817      7.279   132.5750 2.1254e+00     3.8153      2.695      3.908    21.1825 0.0000e+00
      2.825      0.193     2.6150     28.554     80.090  71.453807     3.2849      7.232   120.5680 1.9522e+00     3.7553      2.781      4.033    20.7974 0.0000e+00
      2.879      0.162     2.0092     21.894     79.801  71.054835     3.2417      7.194   112.7327 1.8775e+00     3.7708      2.834      4.111    20.4643 0.0000e+00
      2.906      0.131     1.3759     14.989     80.352  71.538327     3.2687      7.164   106.8431 1.8512e+00     3.8188      2.856      4.142    20.1412 0.0000e+00
      2.916      0.104     0.8028      8.747     82.330  73.290464     3.3358      7.143   101.4105 1.8401e+00     3.9088      2.859      4.147    19.7921 0.0000e+00
      2.926      0.088     0.3388      3.692     85.636  76.139152     3.3739      7.128    96.4341 1.8061e+00     3.9742      2.865      4.156    19.5474 0.0000e+00
      2.945      0.083     0.0002      0.007     89.661  79.503581     3.3890      7.117    91.5864 1.7363e+00     3.9988      2.886      4.187    19.4824 0.0000e+00
      2.971      0.084    -0.2060     -2.225     92.105  81.377679     3.5451      7.106    86.6769 1.6699e+00     3.9932      2.912      4.224    19.5176 0.0000e+00
      3.001      0.086    -0.2950     -3.182     92.430  81.419588     3.8366      7.094    81.2987 1.6194e+00     3.9673      2.943      4.268    19.5238 0.0000e+00
      3.030      0.087    -0.2909     -3.135     92.637  81.474253     3.9915      7.076    75.7736 1.5761e+00     3.9606      2.975      4.315    19.4765 0.0000e+00
      3.051      0.090    -0.2216     -2.387     95.605  84.012056     4.0124      7.051    70.9797 1.5556e+00     3.9730      2.997      4.346    19.3597 0.0000e+00
      3.062      0.093    -0.1286     -1.385     99.990  87.714839     4.0887      7.026    66.7863 1.5470e+00     3.9652      3.002      4.354    19.1573 0.0000e+00
      3.076      0.097    -0.0429     -0.463    101.288  88.545743     4.2062      7.002    63.1012 1.5067e+00     3.9576      3.009      4.365    19.0101 0.0000e+00
      3.105      0.098     0.0308      0.327    100.469  87.436572     4.2667      6.981    59.8931 1.4366e+00     3.9724      3.040      4.410    18.9568 0.0000e+00
      3.142      0.097     0.0920      0.977    100.422  87.041181     4.2782      6.966    56.7346 1.3757e+00     3.9606      3.083      4.472    18.9482 0.0000e+00
      3.177      0.092     0.1413      1.499    101.032  87.331132     4.2718      6.954    53.7349 1.3387e+00     3.9369      3.120      4.525    18.8976 0.0000e+00
      3.202      0.082     0.1851      1.962    101.497  87.630401     4.1794      6.943    51.1566 1.3174e+00     3.9306      3.144      4.560    18.7186 0.0000e+00
      3.216      0.071     0.2222      2.354    102.061  88.048401     4.0247      6.932    48.9636 1.2996e+00     3.9458      3.157      4.578    18.4982 0.0000e+00
      3.222      0.060     0.2508      2.653    103.201  88.882191     3.9451      6.922    47.0076 1.2726e+00     3.9677      3.159      4.582    18.3150 0.0000e+00
      3.230      0.050     0.2728      2.880    104.285  89.622902     3.9340      6.915    45.1451 1.2349e+00     3.9512      3.164      4.589    18.1836 0.0000e+00
      3.246      0.043     0.2876      3.032    104.695  89.806949     3.9189      6.911    42.9635 1.1902e+00     3.7764      3.182      4.615    18.1555 0.0000e+00
