Data/DataNotYetUploadedToEDI/Raw_CTD/2018_RawDownloads/073018_fcr20.cnv
* Sea-Bird SBE19plus  Data File:
* FileName = C:\DATA\073018_fcr50_0004.hex
* Software version 2.6.3.104 SB_Terminal.dll
* Temperature SN = 7809
* Conductivity SN = 7809
* System UpLoad Time = Jul 30 2018 16:26:27
* <ApplicationData>
* <Seaterm232>
# nquan = 15
# nvalues = 303                         
# units = specified
# name 0 = depFM: Depth [fresh water, m]
# name 1 = dz/dtM: Descent Rate [m/s]
# name 2 = sbeox0Mg/L: Oxygen, SBE 43 [mg/l]
# name 3 = sbeox0PS: Oxygen, SBE 43 [% saturation]
# name 4 = specc: Specific Conductance [uS/cm]
# name 5 = c0uS/cm: Conductivity [uS/cm]
# name 6 = flECO-AFL: Fluorescence, WET Labs ECO-AFL/FL [mg/m^3]
# name 7 = ph: pH
# name 8 = orp: Oxidation Reduction Potential [mV]
# name 9 = par/sat/log: PAR/Logarithmic, Satlantic
# name 10 = turbWETntu0: Turbidity, WET Labs ECO [NTU]
# name 11 = prdM: Pressure, Strain Gauge [db]
# name 12 = prdE: Pressure, Strain Gauge [psi]
# name 13 = tv290C: Temperature [ITS-90, deg C]
# name 14 = flag:  0.000e+00
# span 0 =     -0.554,      3.408       
# span 1 =     -0.049,      0.232       
# span 2 =    -0.2950,    10.2796       
# span 3 =     -3.182,    125.226       
# span 4 =      0.927,    109.540       
# span 5 =   0.874991,  91.338681       
# span 6 =    -0.1890,     7.2867       
# span 7 =      6.184,      8.923       
# span 8 =    31.8247,   361.3625       
# span 9 = 9.9073e-01, 1.8668e+02       
# span 10 =    -0.1660,     8.6191      
# span 11 =     -0.544,      3.344      
# span 12 =     -0.789,      4.850      
# span 13 =    16.6434,    25.3760      
# span 14 = 0.0000e+00, 0.0000e+00      
# interval = seconds: 0.25
# start_time = Jul 30 2018 13:37:22 [Instrument's time stamp, header]
# bad_flag = -9.990e-29
*END*
[from data line 97]
     -0.055 3.7227e-08     7.2564     88.044     36.905  37.007087     5.9636      8.880   179.6927 1.4327e+02     4.1697     -0.055     -0.079    25.1456 0.0000e+00
     -0.055 4.0950e-07     7.2207     87.606     36.880  36.980498     5.9589      8.873   179.8802 1.4291e+02     4.1826     -0.055     -0.080    25.1410 0.0000e+00
     -0.054      0.000     7.1858     87.175     36.853  36.949763     5.9681      8.865   180.0178 1.4266e+02     4.1873     -0.053     -0.077    25.1377 0.0000e+00
     -0.054      0.000     7.1478     86.701     36.861  36.953099     5.9835      8.858   180.1523 1.4266e+02     4.1973     -0.053     -0.078    25.1351 0.0000e+00
     -0.054      0.001     7.1093     86.225     36.870  36.957299     5.9790      8.857   180.3015 1.4297e+02     4.2109     -0.052     -0.076    25.1336 0.0000e+00
     -0.054      0.001     7.0724     85.773     36.851  36.937019     5.9605      8.858   180.4446 1.4330e+02     4.1993     -0.052     -0.074    25.1314 0.0000e+00
     -0.055      0.001     7.0361     85.333     36.814  36.898467     5.9520      8.861   180.5921 1.4337e+02     4.1788     -0.055     -0.080    25.1264 0.0000e+00
     -0.055      0.000     7.0005     84.898     36.790  36.872326     5.9591      8.864   180.7943 1.4333e+02     4.1775     -0.054     -0.079    25.1184 0.0000e+00
     -0.053 3.3703e-10     6.9635     84.440     36.797  36.875042     5.9645      8.868   181.0830 1.4349e+02     4.1837     -0.052     -0.075    25.1112 0.0000e+00
     -0.053 3.7074e-09     6.9249     83.961     36.794  36.867778     5.9529      8.871   181.3294 1.4385e+02     4.1929     -0.052     -0.075    25.1091 0.0000e+00
     -0.053 4.0781e-08     6.8872     83.495     36.779  36.848013     5.9654      8.875   181.4503 1.4410e+02     4.1967     -0.051     -0.074    25.1102 0.0000e+00
     -0.054 4.4859e-07     6.8507     83.045     36.761  36.826635     6.0231      8.877   181.5981 1.4416e+02     4.1989     -0.053     -0.079    25.1077 0.0000e+00
     -0.055      0.000     6.8145     82.598     36.737  36.799871     6.0719      8.878   181.8264 1.4418e+02     4.1895     -0.054     -0.078    25.1007 0.0000e+00
     -0.054      0.000     6.7767     82.131     36.721  36.778503     6.0869      8.880   181.9729 1.4406e+02     4.1746     -0.053     -0.077    25.0933 0.0000e+00
     -0.053      0.001     6.7383     81.656     36.706  36.758852     6.0753      8.883   181.9929 1.4392e+02     4.2020     -0.052     -0.075    25.0879 0.0000e+00
     -0.053      0.002     6.7018     81.204     36.705  36.752848     6.0419      8.884   182.0684 1.4398e+02     4.2146     -0.051     -0.075    25.0833 0.0000e+00
     -0.053      0.002     6.6662     80.762     36.726  36.769429     6.0147      8.884   182.2833 1.4411e+02     4.1742     -0.053     -0.077    25.0786 0.0000e+00
     -0.053      0.002     6.6308     80.326     36.730  36.768739     6.0122      8.886   182.5262 1.4423e+02     4.1717     -0.053     -0.076    25.0734 0.0000e+00
     -0.052      0.002     6.5969     79.906     36.710  36.744502     6.0216      8.887   182.6822 1.4431e+02     4.2151     -0.051     -0.074    25.0665 0.0000e+00
     -0.051      0.003     6.5642     79.501     36.700  36.730481     6.0827      8.887   182.7933 1.4424e+02     4.1802     -0.050     -0.073    25.0592 0.0000e+00
     -0.050      0.003     6.5318     79.102     36.700  36.726252     6.1996      8.887   183.0095 1.4418e+02     4.0543     -0.050     -0.072    25.0528 0.0000e+00
     -0.049      0.002     6.5008     78.719     36.670  36.693365     6.2683      8.887   183.1455 1.4436e+02     3.9757     -0.048     -0.069    25.0471 0.0000e+00
     -0.049      0.000     6.4711     78.351     36.631  36.650462     6.2789      8.886   183.1465 1.4461e+02     3.9621     -0.047     -0.069    25.0416 0.0000e+00
     -0.049     -0.001     6.4426     77.999     36.637  36.652192     6.2626      8.884   183.3659 1.4491e+02     3.9511     -0.048     -0.070    25.0360 0.0000e+00
     -0.049     -0.002     6.4169     77.679     36.640  36.650752     6.2278      8.878   183.6474 1.4515e+02     3.9336     -0.048     -0.069    25.0305 0.0000e+00
     -0.050     -0.002     6.3922     77.372     36.626  36.633037     6.2162      8.870   183.7957 1.4517e+02     3.9340     -0.049     -0.071    25.0254 0.0000e+00
     -0.052     -0.001     6.3678     77.068     36.626  36.628574     6.2236      8.863   183.9542 1.4517e+02     3.9857     -0.052     -0.075    25.0202 0.0000e+00
     -0.052     -0.001     6.3444     76.778     36.598  36.596787     6.2077      8.860   184.1015 1.4522e+02     4.0713     -0.053     -0.076    25.0146 0.0000e+00
     -0.051     -0.001     6.3235     76.518     36.572  36.566312     6.1705      8.861   184.2862 1.4530e+02     4.1454     -0.050     -0.071    25.0087 0.0000e+00
     -0.050     -0.001     6.3035     76.269     36.587  36.577732     6.1507      8.866   184.4672 1.4550e+02     4.1790     -0.049     -0.071    25.0027 0.0000e+00
     -0.051      0.000     6.2803     75.981     36.621  36.607806     6.1516      8.870   184.4837 1.4590e+02     4.1721     -0.050     -0.073    24.9970 0.0000e+00
     -0.052 3.7258e-08     6.2562     75.681     36.630  36.612309     6.2000      8.872   184.4846 1.4634e+02     4.1541     -0.051     -0.074    24.9920 0.0000e+00
     -0.053 4.0984e-07     6.2332     75.395     36.590  36.568637     6.2859      8.874   184.6506 1.4665e+02     4.1445     -0.052     -0.075    24.9871 0.0000e+00
     -0.053      0.000     6.2122     75.133     36.549  36.524436     6.3268      8.877   184.8563 1.4679e+02     4.1477     -0.052     -0.075    24.9818 0.0000e+00
     -0.052      0.000     6.1937     74.904     36.551  36.522551     6.3358      8.880   184.9070 1.4682e+02     4.1616     -0.052     -0.075    24.9762 0.0000e+00
     -0.051      0.001     6.1756     74.678     36.577  36.545840     6.3484      8.881   185.0051 1.4687e+02     4.1605     -0.050     -0.073    24.9703 0.0000e+00
     -0.051      0.001     6.1563     74.438     36.587  36.551915     6.3782      8.881   185.2683 1.4697e+02     4.1640     -0.050     -0.072    24.9648 0.0000e+00
     -0.051      0.001     6.1375     74.204     36.572  36.532479     6.4295      8.881   185.3355 1.4709e+02     4.1731     -0.050     -0.073    24.9603 0.0000e+00
     -0.052      0.001     6.1221     74.010     36.544  36.501403     6.4545      8.881   185.2154 1.4725e+02     4.1493     -0.051     -0.074    24.9559 0.0000e+00
     -0.052      0.002     6.1076     73.829     36.540  36.493801     6.4499      8.880   185.2792 1.4745e+02     4.1510     -0.051     -0.074    24.9511 0.0000e+00
     -0.052      0.003     6.0915     73.629     36.554  36.504082     6.4105      8.879   185.5042 1.4750e+02     4.1930     -0.050     -0.072    24.9457 0.0000e+00
     -0.051      0.003     6.0750     73.423     36.552  36.498656     6.3374      8.879   185.6128 1.4734e+02     4.2308     -0.051     -0.073    24.9402 0.0000e+00
     -0.050      0.002     6.0601     73.238     36.547  36.491711     6.2911      8.881   185.6462 1.4715e+02     4.2725     -0.049     -0.071    24.9352 0.0000e+00
     -0.047      0.001     6.0461     73.063     36.542  36.483635     6.2734      8.881   185.7362 1.4711e+02     4.2691     -0.047     -0.068    24.9305 0.0000e+00
     -0.046      0.000     6.0317     72.883     36.527  36.464521     6.2426      8.882   185.8402 1.4721e+02     4.2820     -0.044     -0.065    24.9260 0.0000e+00
     -0.048      0.000     6.0174     72.704     36.517  36.451180     6.1944      8.882   185.9572 1.4727e+02     4.3971     -0.046     -0.067    24.9218 0.0000e+00
     -0.050     -0.001     6.0027     72.521     36.518  36.449380     6.1595      8.882   186.1190 1.4730e+02     4.4406     -0.050     -0.072    24.9185 0.0000e+00
     -0.051     -0.001     5.9879     72.337     36.514  36.442751     6.1522      8.879   186.3331 1.4729e+02     4.3806     -0.050     -0.073    24.9144 0.0000e+00
     -0.051     -0.001     5.9730     72.153     36.508  36.434553     6.1790      8.872   186.3953 1.4729e+02     4.3124     -0.051     -0.072    24.9092 0.0000e+00
     -0.050      0.000     5.9572     71.957     36.490  36.413773     6.2352      8.867   186.2691 1.4734e+02     4.2570     -0.049     -0.070    24.9044 0.0000e+00
     -0.049      0.000     5.9410     71.754     36.462  36.382071     6.2717      8.869   186.1833 1.4757e+02     4.2602     -0.048     -0.069    24.9001 0.0000e+00
     -0.049      0.000     5.9255     71.559     36.452  36.368857     6.2708      8.878   186.2190 1.4793e+02     4.2291     -0.048     -0.070    24.8971 0.0000e+00
     -0.050     -0.001     5.9102     71.368     36.468  36.381050     6.2615      8.887   186.4420 1.4812e+02     4.1550     -0.049     -0.071    24.8943 0.0000e+00
     -0.051     -0.001     5.8952     71.182     36.493  36.402436     6.2326      8.892   186.6427 1.4821e+02     4.1585     -0.050     -0.072    24.8902 0.0000e+00
     -0.051     -0.001     5.8822     71.019     36.531  36.436856     6.1782      8.891   186.6664 1.4816e+02     4.2105     -0.050     -0.072    24.8853 0.0000e+00
     -0.052      0.000     5.8723     70.895     36.576  36.479594     6.1468      8.884   186.7284 1.4785e+02     4.2345     -0.051     -0.074    24.8796 0.0000e+00
     -0.053      0.002     5.8652     70.805     36.573  36.474512     6.1476      8.874   186.7903 1.4757e+02     4.2035     -0.051     -0.074    24.8746 0.0000e+00
     -0.053      0.003     5.8606     70.747     36.539  36.438928     6.1791      8.867   186.7260 1.4727e+02     4.1719     -0.053     -0.076    24.8705 0.0000e+00
     -0.050      0.003     5.8586     70.722     36.532  36.430495     6.2321      8.867   186.7260 1.4696e+02     4.1875     -0.050     -0.073    24.8658 0.0000e+00
     -0.046      0.003     5.8571     70.700     36.539  36.436065     6.2656      8.875   186.8757 1.4690e+02     4.2099     -0.044     -0.065    24.8613 0.0000e+00
     -0.045      0.004     5.8550     70.671     36.548  36.442759     6.2810      8.886   186.9882 1.4708e+02     4.2291     -0.042     -0.061    24.8584 0.0000e+00
     -0.047      0.005     5.8532     70.648     36.553  36.447898     6.2985      8.894   187.0538 1.4728e+02     4.2357     -0.046     -0.067    24.8573 0.0000e+00
     -0.049      0.005     5.8522     70.636     36.540  36.434681     6.3208      8.897   187.1524 1.4723e+02     4.1987     -0.051     -0.073    24.8560 0.0000e+00
     -0.047      0.005     5.8521     70.632     36.517  36.410002     6.3394      8.894   187.2339 1.4709e+02     4.1790     -0.048     -0.069    24.8530 0.0000e+00
     -0.042      0.005     5.8523     70.631     36.513  36.403603     6.3479      8.888   187.3509 1.4704e+02     4.2104     -0.042     -0.060    24.8502 0.0000e+00
     -0.038      0.006     5.8511     70.611     36.533  36.420823     6.3327      8.886   187.5345 1.4697e+02     4.2116     -0.037     -0.054    24.8499 0.0000e+00
     -0.037      0.006     5.8481     70.571     36.543  36.427629     6.2932      8.887   187.7335 1.4696e+02     4.1635     -0.035     -0.051    24.8500 0.0000e+00
     -0.038      0.005     5.8461     70.543     36.539  36.422364     6.2652      8.888   187.8631 1.4697e+02     4.1479     -0.036     -0.053    24.8484 0.0000e+00
     -0.038      0.004     5.8459     70.537     36.539  36.420687     6.2610      8.888   187.8971 1.4692e+02     4.1761     -0.039     -0.057    24.8453 0.0000e+00
     -0.038      0.003     5.8451     70.524     36.528  36.407349     6.2604      8.888   187.9733 1.4677e+02     4.1681     -0.038     -0.055    24.8408 0.0000e+00
     -0.036      0.002     5.8420     70.481     36.511  36.388142     6.2488      8.889   188.0961 1.4666e+02     4.1429     -0.035     -0.050    24.8369 0.0000e+00
     -0.033      0.001     5.8364     70.408     36.505  36.379025     6.2308      8.892   188.2630 1.4668e+02     4.1458     -0.033     -0.047    24.8345 0.0000e+00
     -0.032      0.001     5.8297     70.322     36.489  36.360645     6.2173      8.895   188.4429 1.4671e+02     4.1421     -0.031     -0.046    24.8327 0.0000e+00
     -0.034      0.001     5.8234     70.242     36.488  36.356478     6.2236      8.898   188.5496 1.4671e+02     4.1596     -0.032     -0.047    24.8298 0.0000e+00
     -0.036      0.002     5.8181     70.174     36.527  36.392158     6.2516      8.902   188.6073 1.4674e+02     4.2044     -0.035     -0.052    24.8258 0.0000e+00
     -0.037      0.004     5.8118     70.095     36.547  36.410901     6.2713      8.904   188.7098 1.4674e+02     4.2269     -0.037     -0.054    24.8213 0.0000e+00
     -0.037      0.008     5.8045     70.004     36.529  36.392519     6.2683      8.904   188.9279 1.4663e+02     4.2170     -0.037     -0.053    24.8172 0.0000e+00
     -0.033      0.010     5.7981     69.925     36.498  36.360483     6.2619      8.903   189.0943 1.4629e+02     4.1767     -0.032     -0.047    24.8136 0.0000e+00
     -0.027      0.010     5.7930     69.862     36.480  36.341169     6.2774      8.902   189.1733 1.4563e+02     4.1669     -0.026     -0.039    24.8101 0.0000e+00
     -0.022      0.009     5.7901     69.828     36.488  36.349567     6.3084      8.903   189.1080 1.4497e+02     4.1900     -0.020     -0.030    24.8074 0.0000e+00
     -0.019      0.007     5.8038     70.025     36.455  36.334977     6.3236      8.904   188.9078 1.4472e+02     4.1812     -0.017     -0.024    24.8060 0.0000e+00
     -0.019      0.009     5.9111     71.440     36.348  36.291826     6.3235      8.903   188.7308 1.4490e+02     4.1527     -0.018     -0.026    24.8053 0.0000e+00
     -0.022      0.019     6.2443     75.673     36.225  36.272593     6.3157      8.894   188.1725 1.4519e+02     4.1805     -0.020     -0.030    24.8041 0.0000e+00
     -0.023      0.036     6.8488     83.193     36.153  36.293163     6.2940      8.883   187.2338 1.4492e+02     4.3035     -0.023     -0.035    24.8012 0.0000e+00
     -0.019      0.058     7.6160     92.640     36.153  36.350106     6.2720      8.878   186.5869 1.4248e+02     4.3900     -0.023     -0.033    24.8011 0.0000e+00
     -0.002      0.080     8.3957    102.197     36.163  36.389454     6.2616      8.877   186.3744 1.3188e+02     4.3712     -0.008     -0.012    24.8883 0.0000e+00
      0.031      0.097     9.0944    110.743     36.146  36.387813     6.2691      8.880   186.3848 1.1253e+02     4.3512      0.027      0.040    25.0715 0.0000e+00
      0.071      0.104     9.6603    117.657     36.144  36.393811     6.2989      8.886   186.5411 9.5573e+01     4.3617      0.071      0.104    25.2099 0.0000e+00
      0.106      0.100    10.0527    122.450     36.144  36.398461     6.3272      8.892   186.9732 8.6326e+01     4.3754      0.107      0.155    25.2770 0.0000e+00
      0.132      0.087    10.2537    124.906     36.124  36.380512     6.3447      8.898   190.4042 8.1978e+01     4.3944      0.133      0.192    25.3136 0.0000e+00
      0.151      0.068    10.2796    125.226     36.109  36.367382     6.4189      8.905   202.3006 7.9858e+01     4.3481      0.150      0.217    25.3318 0.0000e+00
      0.162      0.051    10.1866    124.096     36.107  36.366757     6.5538      8.914   218.0137 7.8146e+01     4.2426      0.160      0.233    25.3423 0.0000e+00
      0.167      0.039    10.0473    122.400     36.113  36.372948     6.6342      8.921   225.2607 7.7186e+01     4.2172      0.164      0.239    25.3468 0.0000e+00
      0.171      0.032     9.9108    120.737     36.119  36.378713     6.6461      8.923   226.1681 7.6188e+01     4.2247      0.165      0.240    25.3505 0.0000e+00
      0.178      0.028     9.7949    119.324     36.113  36.372937     6.5880      8.921   227.6086 7.3735e+01     4.1188      0.171      0.250    25.3526 0.0000e+00
