Data/DataNotYetUploadedToEDI/Raw_CTD/2018_RawDownloads/080218_bvr50.cnv
* Sea-Bird SBE19plus  Data File:
* FileName = C:\DATA\080218_bvr_0001.hex
* Software version 2.6.3.104
* Temperature SN = 7809
* Conductivity SN = 7809
* System UpLoad Time = Aug 02 2018 14:36:19
* <ApplicationData>
* <Seaterm232>
# nquan = 17
# nvalues = 1391                        
# units = specified
# name 0 = depFM: Depth [fresh water, m]
# name 1 = tv290C: Temperature [ITS-90, deg C]
# name 2 = sbeox0Mg/L: Oxygen, SBE 43 [mg/l]
# name 3 = sbeox0PS: Oxygen, SBE 43 [% saturation]
# name 4 = c0uS/cm: Conductivity [uS/cm]
# name 5 = specc: Specific Conductance [uS/cm]
# name 6 = ph: pH
# name 7 = orp: Oxidation Reduction Potential [mV]
# name 8 = flECO-AFL: Fluorescence, WET Labs ECO-AFL/FL [mg/m^3]
# name 9 = turbWETntu0: Turbidity, WET Labs ECO [NTU]
# name 10 = sal00: Salinity, Practical [PSU]
# name 11 = dz/dtM: Descent Rate [m/s]
# name 12 = prdM: Pressure, Strain Gauge [db]
# name 13 = prdE: Pressure, Strain Gauge [psi]
# name 14 = scan: Scan Count
# name 15 = par/sat/log: PAR/Logarithmic, Satlantic
# name 16 = flag:  0.000e+00
# span 0 =     -0.626,     10.386       
# span 1 =     7.6819,    24.9639       
# span 2 =     0.0724,     8.9523       
# span 3 =      0.610,    108.251       
# span 4 =  10.070130, 104.119353       
# span 5 =     11.661,    159.233       
# span 6 =      6.219,      8.493       
# span 7 =   -32.1906,   551.2275       
# span 8 =    -0.2021,     6.7367       
# span 9 =    -0.2646,     7.0134       
# span 10 =     0.0140,     0.0732      
# span 11 =     -0.106,      0.245      
# span 12 =     -0.614,     10.184      
# span 13 =     -0.890,     14.772      
# span 14 =          1,       1391      
# span 15 = 1.2147e-01, 2.5748e+02      
# span 16 = 0.0000e+00, 0.0000e+00      
# interval = seconds: 0.25
# start_time = Aug 02 2018 14:27:26 [Instrument's time stamp, header]
# bad_flag = -9.990e-29
*END*
[from data line 766]
      1.974    24.6364     5.0920     61.127  29.195724     29.386      8.117   252.7231     4.3510     5.3752     0.0213      0.042      1.936      2.808        767 9.5055e+00 0.0000e+00
      1.987    24.6339     5.0181     60.240  29.173757     29.392      8.103   252.9502     4.3389     5.4826     0.0213      0.041      1.948      2.826        768 9.3493e+00 0.0000e+00
      1.999    24.6286     4.9511     59.440  29.195620     29.394      8.089   253.2531     4.3429     5.8854     0.0213      0.042      1.960      2.844        769 9.1975e+00 0.0000e+00
      2.012    24.6192     4.8900     58.705  29.227815     29.452      8.078   253.2909     4.3510     5.9660     0.0213      0.044      1.972      2.861        770 9.0003e+00 0.0000e+00
      2.023    24.6074     4.8388     58.074  29.252284     29.455      8.061   253.7074     4.3348     5.9123     0.0213      0.045      1.983      2.877        771 8.8721e+00 0.0000e+00
      2.033    24.5960     4.8013     57.597  29.343063     29.574      8.052   253.5559     4.3429     5.8586     0.0214      0.046      1.993      2.891        772 8.8051e+00 0.0000e+00
      2.041    24.5848     4.7859     57.386  29.381685     29.609      8.039   253.4802     4.9009     5.7108     0.0214      0.045      2.001      2.903        773 8.6781e+00 0.0000e+00
      2.049    24.5721     4.7736     57.214  29.352466     29.587      8.027   253.4802     4.9050     5.7511     0.0214      0.044      2.008      2.913        774 8.5633e+00 0.0000e+00
      2.055    24.5625     4.7634     57.072  29.349780     29.594      8.017   253.7074     4.8888     5.6169     0.0214      0.040      2.014      2.921        775 8.5111e+00 0.0000e+00
      2.057    24.5574     4.7419     56.797  29.355383     29.602      8.003   253.7074     4.8848     5.6840     0.0214      0.035      2.017      2.925        776 8.5034e+00 0.0000e+00
      2.058    24.5563     4.7096     56.397  29.404795     29.664      7.989   253.7074     4.9050     5.6169     0.0214      0.030      2.018      2.927        777 8.5196e+00 0.0000e+00
      2.059    24.5574     4.6566     55.752  29.406888     29.667      7.973   253.8966     5.3457     5.3080     0.0214      0.023      2.020      2.930        778 8.4929e+00 0.0000e+00
      2.063    24.5602     4.5877     54.920  29.382430     29.639      7.962   254.5781     5.3417     5.2946     0.0214      0.018      2.024      2.936        779 8.3711e+00 0.0000e+00
      2.071    24.5594     4.5071     53.951  29.405584     29.667      7.958   255.4109     5.3174     5.2677     0.0214      0.016      2.033      2.949        780 8.2561e+00 0.0000e+00
      2.085    24.5445     4.4388     53.131  29.407722     29.665      7.952   256.1302     5.3255     5.2812     0.0214      0.017      2.047      2.969        781 8.0309e+00 0.0000e+00
      2.106    24.5197     4.3822     52.455  29.350120     29.609      7.943   256.6602     5.2204     5.0395     0.0214      0.023      2.064      2.994        782 7.8264e+00 0.0000e+00
      2.123    24.4941     4.3398     51.941  29.358675     29.618      7.931   256.7359     5.2042     5.0663     0.0214      0.032      2.082      3.019        783 7.7032e+00 0.0000e+00
      2.138    24.4714     4.3113     51.592  29.397080     29.689      7.917   256.5845     5.1961     5.1603     0.0214      0.041      2.098      3.042        784 7.4694e+00 0.0000e+00
      2.156    24.4524     4.2923     51.353  29.361631     29.648      7.899   257.0009     5.2285     5.0126     0.0214      0.051      2.113      3.064        785 7.3526e+00 0.0000e+00
      2.170    24.4366     4.2798     51.195  29.373153     29.690      7.877   257.1524     6.0857     4.5829     0.0214      0.058      2.126      3.084        786 7.3025e+00 0.0000e+00
      2.179    24.4238     4.2717     51.086  29.353103     29.673      7.862   257.2281     6.0898     4.5829     0.0214      0.061      2.137      3.099        787 7.1753e+00 0.0000e+00
      2.188    24.4138     4.2606     50.939  29.297645     29.626      7.850   257.7959     6.0817     4.5560     0.0213      0.060      2.145      3.111        788 7.1069e+00 0.0000e+00
      2.194    24.4073     4.2355     50.623  29.353230     29.690      7.832   257.8717     6.0776     4.6500     0.0214      0.054      2.150      3.119        789 7.0615e+00 0.0000e+00
      2.197    24.4026     4.2022     50.211  29.343231     29.696      7.816   258.3259     5.0182     4.3815     0.0214      0.046      2.154      3.124        790 7.0369e+00 0.0000e+00
      2.200    24.4011     4.1646     49.747  29.310092     29.644      7.799   258.8181     5.0505     4.4218     0.0213      0.038      2.158      3.129        791 7.0397e+00 0.0000e+00
      2.202    24.4006     4.1224     49.228  29.364826     29.731      7.783   258.8559     5.0263     4.4755     0.0214      0.030      2.161      3.134        792 6.9707e+00 0.0000e+00
      2.207    24.3952     4.0593     48.463  29.364065     29.704      7.777   259.1209     5.0263     4.3546     0.0214      0.023      2.165      3.140        793 6.9165e+00 0.0000e+00
      2.213    24.3862     4.0029     47.776  29.340688     29.704      7.768   259.5374     4.9899     4.3546     0.0214      0.019      2.171      3.149        794 6.8856e+00 0.0000e+00
      2.220    24.3755     3.9337     46.935  29.304972     29.651      7.763   259.7645     5.3134     4.3815     0.0213      0.018      2.180      3.161        795 6.7371e+00 0.0000e+00
      2.233    24.3648     3.8637     46.083  29.349218     29.713      7.763   259.4617     5.2851     4.4352     0.0214      0.020      2.190      3.177        796 6.5917e+00 0.0000e+00
      2.246    24.3530     3.7976     45.275  29.344926     29.720      7.760   260.2567     5.2689     4.3412     0.0214      0.024      2.201      3.193        797 6.5333e+00 0.0000e+00
      2.255    24.3375     3.7344     44.502  29.310318     29.669      7.750   260.0295     5.2770     4.3949     0.0213      0.029      2.211      3.207        798 6.4839e+00 0.0000e+00
      2.262    24.3215     3.6606     43.605  29.362643     29.761      7.740   260.4459     5.3336     5.0260     0.0214      0.033      2.219      3.218        799 6.4071e+00 0.0000e+00
      2.272    24.3062     3.5949     42.804  29.309462     29.686      7.729   260.8245     5.3579     5.0529     0.0213      0.036      2.227      3.231        800 6.3070e+00 0.0000e+00
      2.280    24.2895     3.5308     42.027  29.287560     29.695      7.720   261.0895     5.3417     5.0797     0.0213      0.037      2.235      3.242        801 6.2155e+00 0.0000e+00
      2.286    24.2743     3.4529     41.084  29.300960     29.704      7.708   261.3545     5.3376     5.0395     0.0213      0.037      2.241      3.251        802 6.1235e+00 0.0000e+00
      2.290    24.2609     3.3854     40.263  29.292793     29.715      7.701   261.0895     5.2649     5.0932     0.0213      0.034      2.247      3.260        803 6.0666e+00 0.0000e+00
      2.298    24.2457     3.3151     39.405  29.297730     29.724      7.692   260.9381     5.2770     5.0797     0.0213      0.031      2.256      3.272        804 5.9906e+00 0.0000e+00
      2.314    24.2281     3.2461     38.560  29.324471     29.760      7.683   261.5817     5.2689     5.0797     0.0213      0.031      2.270      3.292        805 5.8046e+00 0.0000e+00
      2.332    24.2079     3.1647     37.567  29.348466     29.798      7.669   261.6195     5.2932     5.0932     0.0213      0.034      2.286      3.316        806 5.6559e+00 0.0000e+00
      2.347    24.1857     3.0892     36.646  29.297522     29.752      7.654   262.1874     5.2082     4.9857     0.0213      0.039      2.302      3.338        807 5.5431e+00 0.0000e+00
      2.363    24.1630     3.0079     35.660  29.298931     29.764      7.642   262.8310     5.2285     5.1603     0.0213      0.044      2.316      3.358        808 5.4486e+00 0.0000e+00
      2.374    24.1401     2.9257     34.667  29.346722     29.834      7.625   262.8688     5.2365     5.0663     0.0213      0.049      2.326      3.374        809 5.4301e+00 0.0000e+00
      2.380    24.1182     2.8364     33.586  29.356652     29.848      7.610   262.4524     5.2082     5.0663     0.0213      0.052      2.335      3.387        810 5.3587e+00 0.0000e+00
      2.389    24.0990     2.7392     32.412  29.375528     29.890      7.604   262.7552     4.9050     4.8515     0.0214      0.052      2.344      3.399        811 5.2737e+00 0.0000e+00
      2.399    24.0794     2.6232     31.019  29.412185     29.932      7.591   263.7395     4.8726     4.8246     0.0214      0.049      2.354      3.414        812 5.1865e+00 0.0000e+00
      2.412    24.0552     2.5264     29.854  29.399988     29.944      7.584   263.5881     4.8928     4.7575     0.0214      0.046      2.366      3.432        813 5.0560e+00 0.0000e+00
      2.427    24.0256     2.4283     28.673  29.420364     29.956      7.574   263.5502     4.9171     4.8380     0.0214      0.043      2.379      3.451        814 5.0038e+00 0.0000e+00
      2.438    23.9915     2.3228     27.409  29.446135     30.027      7.563   264.2317     4.8807     4.8380     0.0214      0.043      2.391      3.468        815 4.9432e+00 0.0000e+00
      2.449    23.9553     2.2061     26.013  29.367929     29.932      7.553   263.7017     4.7068     4.7709     0.0213      0.043      2.403      3.485        816 4.8436e+00 0.0000e+00
      2.463    23.9194     2.0883     24.602  29.399106     30.010      7.542   264.3452     4.7351     4.8649     0.0214      0.045      2.415      3.503        817 4.7689e+00 0.0000e+00
      2.475    23.8868     1.9739     23.235  29.436996     30.060      7.528   264.2317     4.7149     4.8783     0.0214      0.047      2.428      3.521        818 4.6940e+00 0.0000e+00
      2.489    23.8562     1.8494     21.751  29.409736     30.054      7.518   264.4967     4.7028     4.7843     0.0214      0.049      2.441      3.541        819 4.6000e+00 0.0000e+00
      2.503    23.8219     1.7356     20.393  29.403397     30.074      7.506   264.7238     4.9818     4.3546     0.0214      0.050      2.454      3.559        820 4.5009e+00 0.0000e+00
      2.513    23.7834     1.6187     19.001  29.415251     30.093      7.493   265.1781     4.9575     4.3815     0.0214      0.050      2.464      3.573        821 4.4703e+00 0.0000e+00
      2.519    23.7469     1.4980     17.569  29.394997     30.114      7.478   265.3674     4.9414     4.5023     0.0214      0.048      2.471      3.584        822 4.4328e+00 0.0000e+00
      2.528    23.7106     1.3838     16.218  29.428615     30.138      7.464   265.0267     4.9454     4.4889     0.0214      0.046      2.480      3.598        823 4.3532e+00 0.0000e+00
      2.542    23.6722     1.2755     14.939  29.521673     30.303      7.454   265.2917     4.6421     3.5490     0.0214      0.044      2.492      3.615        824 4.2782e+00 0.0000e+00
      2.555    23.6357     1.1606     13.582  29.427448     30.182      7.443   265.2160     4.6624     3.6161     0.0214      0.043      2.506      3.634        825 4.2130e+00 0.0000e+00
      2.570    23.5953     1.0604     12.396  29.397648     30.207      7.431   265.7460     4.6421     3.5892     0.0214      0.044      2.521      3.655        826 4.1242e+00 0.0000e+00
      2.586    23.5494     0.9687     11.311  29.410529     30.229      7.419   266.2002     4.6704     3.5087     0.0213      0.045      2.534      3.675        827 4.0705e+00 0.0000e+00
      2.594    23.5059     0.8829     10.297  29.411431     30.254      7.403   265.7838     4.2297     2.7701     0.0213      0.047      2.545      3.691        828 4.0263e+00 0.0000e+00
      2.604    23.4611     0.8036      9.354  29.455839     30.340      7.394   266.2002     4.1892     2.6493     0.0214      0.048      2.555      3.706        829 3.9619e+00 0.0000e+00
      2.617    23.4084     0.7328      8.512  29.473879     30.368      7.386   266.3517     4.2135     2.7433     0.0214      0.050      2.566      3.722        830 3.9336e+00 0.0000e+00
      2.628    23.3568     0.6577      7.628  29.537245     30.482      7.368   266.1245     4.2054     2.7970     0.0214      0.049      2.578      3.739        831 3.8576e+00 0.0000e+00
      2.642    23.3123     0.5908      6.841  29.554894     30.516      7.362   266.5788     3.6838     2.2464     0.0214      0.048      2.591      3.757        832 3.7975e+00 0.0000e+00
      2.654    23.2738     0.5286      6.112  29.540883     30.548      7.347   266.9195     3.6959     2.3673     0.0214      0.047      2.602      3.774        833 3.7574e+00 0.0000e+00
      2.663    23.2386     0.4600      5.310  29.554702     30.576      7.339   266.7681     3.6919     2.3404     0.0214      0.045      2.612      3.789        834 3.7430e+00 0.0000e+00
      2.674    23.1955     0.3825      4.408  29.597011     30.658      7.331   266.7681     3.6676     2.2464     0.0214      0.045      2.623      3.804        835 3.7278e+00 0.0000e+00
      2.687    23.1399     0.3171      3.648  29.666139     30.739      7.320   267.0710     3.6757     2.1927     0.0214      0.046      2.636      3.823        836 3.6601e+00 0.0000e+00
      2.702    23.0820     0.2580      2.963  29.676233     30.795      7.310   267.1088     3.6272     2.1122     0.0215      0.047      2.651      3.845        837 3.6204e+00 0.0000e+00
      2.720    23.0141     0.2045      2.344  29.673415     30.802      7.298   267.5252     3.6514     2.2196     0.0214      0.049      2.667      3.868        838 3.5709e+00 0.0000e+00
      2.735    22.9158     0.1724      1.972  29.699317     30.897      7.286   268.0931     3.6150     2.1524     0.0215      0.051      2.681      3.889        839 3.5637e+00 0.0000e+00
      2.745    22.8071     0.1463      1.670  29.673674     30.882      7.271   268.2445     3.6312     2.2062     0.0214      0.052      2.693      3.906        840 3.5564e+00 0.0000e+00
      2.759    22.7174     0.1366      1.556  29.705359     31.004      7.256   268.4717     3.2430     1.8167     0.0215      0.054      2.705      3.924        841 3.4977e+00 0.0000e+00
      2.774    22.6413     0.1291      1.467  29.778520     31.133      7.246   268.5474     3.2430     1.7899     0.0215      0.055      2.720      3.945        842 3.4526e+00 0.0000e+00
      2.790    22.5617     0.1294      1.468  29.790212     31.221      7.230   268.9638     3.2511     1.6959     0.0215      0.056      2.737      3.969        843 3.3857e+00 0.0000e+00
      2.809    22.4738     0.1298      1.469  29.839094     31.300      7.211   269.4560     3.2390     1.6959     0.0215      0.058      2.753      3.993        844 3.3652e+00 0.0000e+00
      2.822    22.3870     0.1375      1.553  29.925267     31.470      7.192   269.2288     3.1905     1.7362     0.0215      0.058      2.768      4.014        845 3.3434e+00 0.0000e+00
      2.835    22.3034     0.1466      1.654  30.038799     31.617      7.178   269.6074     3.1986     1.7899     0.0216      0.058      2.782      4.034        846 3.2694e+00 0.0000e+00
      2.852    22.2139     0.1535      1.728  30.231538     31.910      7.166   269.7967     3.1783     1.6422     0.0217      0.059      2.797      4.056        847 3.2295e+00 0.0000e+00
      2.867    22.1122     0.1575      1.771  30.426694     32.144      7.151   269.3803     3.1702     1.6959     0.0217      0.061      2.812      4.078        848 3.2036e+00 0.0000e+00
      2.883    22.0033     0.1602      1.798  30.655825     32.471      7.136   269.5695     2.8953     1.7362     0.0218      0.061      2.828      4.101        849 3.1634e+00 0.0000e+00
      2.899    21.8982     0.1675      1.878  30.835943     32.719      7.120   269.8345     2.9034     1.8167     0.0219      0.061      2.843      4.123        850 3.0854e+00 0.0000e+00
      2.914    21.7877     0.1720      1.927  30.973505     32.944      7.109   269.9103     2.9195     1.8167     0.0220      0.060      2.857      4.144        851 3.0477e+00 0.0000e+00
