Data/DataNotYetUploadedToEDI/Raw_CTD/2018_RawDownloads/080218_fcr50.cnv
* Sea-Bird SBE19plus  Data File:
* FileName = C:\DATA\080218_bvr_0002.hex
* Software version 2.6.3.104
* Temperature SN = 7809
* Conductivity SN = 7809
* System UpLoad Time = Aug 02 2018 14:37:00
* <ApplicationData>
* <Seaterm232>
# nquan = 17
# nvalues = 1446                        
# units = specified
# name 0 = depFM: Depth [fresh water, m]
# name 1 = tv290C: Temperature [ITS-90, deg C]
# name 2 = sbeox0Mg/L: Oxygen, SBE 43 [mg/l]
# name 3 = sbeox0PS: Oxygen, SBE 43 [% saturation]
# name 4 = c0uS/cm: Conductivity [uS/cm]
# name 5 = specc: Specific Conductance [uS/cm]
# name 6 = ph: pH
# name 7 = orp: Oxidation Reduction Potential [mV]
# name 8 = flECO-AFL: Fluorescence, WET Labs ECO-AFL/FL [mg/m^3]
# name 9 = turbWETntu0: Turbidity, WET Labs ECO [NTU]
# name 10 = sal00: Salinity, Practical [PSU]
# name 11 = dz/dtM: Descent Rate [m/s]
# name 12 = prdM: Pressure, Strain Gauge [db]
# name 13 = prdE: Pressure, Strain Gauge [psi]
# name 14 = scan: Scan Count
# name 15 = par/sat/log: PAR/Logarithmic, Satlantic
# name 16 = flag:  0.000e+00
# span 0 =     -0.544,      9.634       
# span 1 =    11.6346,    25.4057       
# span 2 =     0.0572,     9.3926       
# span 3 =      0.529,    114.527       
# span 4 =   0.616822,  97.443429       
# span 5 =      0.633,    132.882       
# span 6 =      5.984,      8.453       
# span 7 =  -309.1543,   281.9489       
# span 8 =    -0.2062,     3.9668       
# span 9 =    -0.3049,    42.9331       
# span 10 =     0.0115,     0.0629      
# span 11 =     -0.138,      0.222      
# span 12 =     -0.533,      9.447      
# span 13 =     -0.773,     13.701      
# span 14 =          1,       1446      
# span 15 = 1.2325e-01, 1.0332e+03      
# span 16 = 0.0000e+00, 0.0000e+00      
# interval = seconds: 0.25
# start_time = Aug 02 2018 16:29:49 [Instrument's time stamp, header]
# bad_flag = -9.990e-29
*END*
[from data line 1192]
      5.826    11.8860     2.7292     25.265  36.828555     49.935      6.105   267.7903     0.4327    13.2439     0.0256      0.020      5.713      8.286       1193 3.9579e-01 0.0000e+00
      5.833    11.8857     2.7218     25.197  36.859412     49.937      6.108   267.8281     0.4206    13.1768     0.0256      0.024      5.720      8.296       1194 3.8310e-01 0.0000e+00
      5.839    11.8850     2.7215     25.193  36.879093     50.013      6.105   267.9795     0.4125    13.4319     0.0257      0.027      5.726      8.304       1195 3.8249e-01 0.0000e+00
      5.843    11.8853     2.7193     25.172  36.833724     49.900      6.106   270.0995     0.4044    13.7408     0.0256      0.029      5.730      8.311       1196 3.9220e-01 0.0000e+00
      5.847    11.8864     2.7167     25.147  36.826892     49.939      6.106   269.7210     0.4287    13.7273     0.0256      0.029      5.735      8.318       1197 4.0066e-01 0.0000e+00
      5.854    11.8874     2.7165     25.144  36.857934     49.939      6.107   269.0017     0.4246    13.6602     0.0256      0.027      5.741      8.326       1198 3.7333e-01 0.0000e+00
      5.860    11.8889     2.7118     25.101  36.884074     50.013      6.107   268.9638     0.4125    13.6333     0.0257      0.024      5.747      8.335       1199 3.7478e-01 0.0000e+00
      5.865    11.8901     2.7137     25.119  36.853683     49.936      6.105   268.6231     0.4084    13.2036     0.0256      0.022      5.752      8.343       1200 3.8067e-01 0.0000e+00
      5.871    11.8907     2.7068     25.055  36.866093     49.971      6.107   271.3867     0.4287    13.2305     0.0257      0.022      5.758      8.351       1201 3.4611e-01 0.0000e+00
      5.878    11.8914     2.7165     25.145  36.898290     50.008      6.108   270.9703     0.4246    13.3513     0.0257      0.022      5.764      8.360       1202 3.4910e-01 0.0000e+00
      5.884    11.8917     2.7126     25.108  36.843277     49.931      6.107   270.8945     0.4287    13.2439     0.0256      0.023      5.771      8.369       1203 3.4940e-01 0.0000e+00
      5.890    11.8915     2.7151     25.132  36.845574     49.930      6.108   270.9324     0.3518    13.7273     0.0256      0.023      5.776      8.378       1204 3.6642e-01 0.0000e+00
      5.896    11.8900     2.7000     24.991  36.895430     50.006      6.107   269.6453     0.3559    13.6602     0.0257      0.024      5.782      8.386       1205 3.7189e-01 0.0000e+00
      5.903    11.8877     2.6985     24.977  36.899875     50.006      6.106   270.0238     0.3559    13.7408     0.0257      0.024      5.789      8.396       1206 3.4567e-01 0.0000e+00
      5.910    11.8859     2.6806     24.811  36.869703     49.970      6.107   271.3867     0.3599    13.7005     0.0257      0.025      5.797      8.407       1207 3.4112e-01 0.0000e+00
      5.919    11.8856     2.6599     24.620  36.843996     49.935      6.107   271.8788     0.4287    13.6333     0.0256      0.026      5.806      8.420       1208 3.3645e-01 0.0000e+00
      5.930    11.8858     2.6403     24.437  36.842885     49.938      6.109   271.9924     0.3963    13.6199     0.0256      0.028      5.815      8.434       1209 3.6977e-01 0.0000e+00
      5.939    11.8855     2.6237     24.284  36.900747     50.014      6.109   271.3110     0.4165    13.5259     0.0257      0.030      5.824      8.447       1210 3.5360e-01 0.0000e+00
      5.947    11.8858     2.6163     24.215  37.009276     50.165      6.109   271.5381     0.4246    13.6870     0.0257      0.032      5.832      8.459       1211 3.1958e-01 0.0000e+00
      5.955    11.8867     2.6091     24.148  37.034095     50.204      6.105   271.4624     0.4934    13.4588     0.0258      0.033      5.841      8.471       1212 3.0460e-01 0.0000e+00
      5.965    11.8866     2.6083     24.141  37.018167     50.165      6.109   272.0303     0.4934    13.5125     0.0257      0.035      5.851      8.486       1213 2.8908e-01 0.0000e+00
      5.979    11.8859     2.6154     24.207  36.999437     50.164      6.108   271.9167     0.4731    13.4319     0.0257      0.037      5.864      8.504       1214 2.9505e-01 0.0000e+00
      5.992    11.8856     2.6216     24.264  36.968419     50.088      6.109   272.2195     0.4812    13.4856     0.0257      0.039      5.875      8.520       1215 3.0404e-01 0.0000e+00
      6.001    11.8849     2.6233     24.279  36.997446     50.165      6.106   272.2953     0.5378    13.4722     0.0257      0.040      5.885      8.535       1216 2.9781e-01 0.0000e+00
      6.010    11.8843     2.6334     24.373  37.022637     50.165      6.107   272.5224     0.5338    13.4051     0.0257      0.040      5.895      8.550       1217 2.6877e-01 0.0000e+00
      6.022    11.8836     2.6306     24.347  37.026054     50.204      6.106   271.1595     0.5419    13.4588     0.0258      0.042      5.906      8.565       1218 3.1306e-01 0.0000e+00
      6.034    11.8826     2.6298     24.339  36.963534     50.091      6.105   271.8788     0.5419    13.4051     0.0257      0.043      5.917      8.582       1219 2.8408e-01 0.0000e+00
      6.046    11.8824     2.6345     24.383  36.952137     50.092      6.106   271.6895     0.5257    13.4991     0.0257      0.044      5.930      8.600       1220 2.5683e-01 0.0000e+00
      6.061    11.8826     2.6327     24.366  37.010575     50.169      6.105   272.6738     0.4206    13.3379     0.0257      0.045      5.943      8.619       1221 2.9058e-01 0.0000e+00
      6.072    11.8824     2.6346     24.383  37.009453     50.170      6.105   272.8631     0.4327    13.2036     0.0257      0.045      5.953      8.634       1222 2.6540e-01 0.0000e+00
      6.077    11.8823     2.6405     24.438  36.983195     50.132      6.105   270.6674     0.4489    13.3111     0.0257      0.044      5.960      8.644       1223 2.5212e-01 0.0000e+00
      6.083    11.8825     2.6353     24.389  36.954270     50.094      6.103   271.1217     0.4044    13.2305     0.0257      0.043      5.966      8.652       1224 2.6667e-01 0.0000e+00
      6.090    11.8823     2.6331     24.368  36.956466     50.094      6.101   271.4624     0.4772    13.2708     0.0257      0.040      5.972      8.661       1225 2.7747e-01 0.0000e+00
      6.095    11.8817     2.6349     24.384  37.010123     50.170      6.104   272.5224     0.4772    13.3379     0.0257      0.036      5.977      8.668       1226 2.5824e-01 0.0000e+00
      6.098    11.8813     2.6375     24.408  37.006139     50.170      6.101   272.1817     0.5217    13.2574     0.0257      0.031      5.980      8.673       1227 2.4919e-01 0.0000e+00
      6.100    11.8808     2.6381     24.414  36.961423     50.095      6.101   272.5603     0.4691    13.2708     0.0257      0.025      5.982      8.677       1228 2.4486e-01 0.0000e+00
      6.103    11.8804     2.6387     24.419  36.976788     50.133      6.101   270.7053     0.3963    13.4185     0.0257      0.020      5.987      8.683       1229 2.3628e-01 0.0000e+00
      6.112    11.8806     2.6401     24.433  37.016681     50.172      6.099   271.5760     0.3963    13.4453     0.0257      0.018      5.997      8.698       1230 2.3235e-01 0.0000e+00
      6.131    11.8804     2.6478     24.503  37.000763     50.173      6.100   271.3867     0.4287    13.4722     0.0257      0.022      6.013      8.720       1231 2.4548e-01 0.0000e+00
      6.150    11.8798     2.6547     24.565  36.966937     50.096      6.096   271.6517     0.4448    13.4319     0.0257      0.028      6.028      8.743       1232 2.4603e-01 0.0000e+00
      6.159    11.8793     2.6615     24.626  36.999455     50.173      6.086   272.7117     0.4084    13.5125     0.0257      0.034      6.041      8.761       1233 2.5268e-01 0.0000e+00
      6.173    11.8783     2.6689     24.694  36.960295     50.098      6.084   273.3174     0.4246    13.4588     0.0257      0.040      6.053      8.780       1234 2.1541e-01 0.0000e+00
      6.186    11.8770     2.6742     24.743  36.926687     50.060      6.083   271.9924     0.4327    13.5259     0.0257      0.047      6.065      8.796       1235 2.1652e-01 0.0000e+00
      6.193    11.8764     2.6755     24.753  36.952297     50.100      6.081   271.6895     0.4367    13.4588     0.0257      0.050      6.072      8.807       1236 2.3572e-01 0.0000e+00
      6.197    11.8768     2.6776     24.773  36.958086     50.101      6.080   271.9545     0.4084    13.6468     0.0257      0.049      6.076      8.814       1237 2.0682e-01 0.0000e+00
      6.200    11.8769     2.6797     24.791  36.889822     50.026      6.078   272.3710     0.4125    13.6870     0.0257      0.043      6.080      8.819       1238 2.4728e-01 0.0000e+00
      6.203    11.8772     2.6701     24.703  36.859283     49.950      6.076   272.2195     0.4287    13.6736     0.0256      0.035      6.084      8.825       1239 2.2031e-01 0.0000e+00
      6.209    11.8774     2.6650     24.655  36.907109     50.063      6.078   273.0146     0.4004    13.6602     0.0257      0.029      6.093      8.837       1240 1.9249e-01 0.0000e+00
      6.226    11.8759     2.6521     24.537  36.859966     49.950      6.080   272.9010     0.3963    13.6065     0.0256      0.027      6.109      8.861       1241 1.9506e-01 0.0000e+00
      6.253    11.8723     2.6392     24.419  36.828968     49.949      6.078   273.6203     0.4125    13.4588     0.0256      0.031      6.134      8.896       1242 1.8952e-01 0.0000e+00
      6.286    11.8688     2.6224     24.264  36.856703     49.951      6.074   273.5067     0.4246    13.4185     0.0256      0.042      6.160      8.935       1243 2.2349e-01 0.0000e+00
      6.305    11.8680     2.6142     24.187  36.884774     50.032      6.067   273.8474     0.4287    13.4185     0.0257      0.055      6.180      8.963       1244 1.9691e-01 0.0000e+00
      6.312    11.8676     2.6009     24.062  36.912679     50.037      6.063   273.3174     0.4287    13.4453     0.0257      0.064      6.195      8.985       1245 1.7132e-01 0.0000e+00
      6.337    11.8662     2.5908     23.969  36.970282     50.152      6.063   275.9296     0.4327    13.2976     0.0257      0.074      6.217      9.017       1246 1.7382e-01 0.0000e+00
      6.372    11.8653     2.5863     23.925  36.961393     50.114      6.056   275.5510     0.4125    13.2305     0.0257      0.084      6.242      9.053       1247 1.6721e-01 0.0000e+00
      6.384    11.8644     2.5816     23.880  36.953403     50.116      6.051   275.6267     0.4246    13.2305     0.0257      0.087      6.257      9.075       1248 1.6765e-01 0.0000e+00
      6.386    11.8641     2.5788     23.853  37.009888     50.193      6.051   274.4910     0.4367    13.2305     0.0257      0.081      6.262      9.082       1249 1.7163e-01 0.0000e+00
      6.388    11.8643     2.5710     23.780  37.009744     50.194      6.053   274.7938     0.4287    13.2842     0.0257      0.069      6.264      9.086       1250 1.7243e-01 0.0000e+00
      6.390    11.8655     2.5622     23.698  36.983244     50.157      6.055   276.3460     0.4367    13.2708     0.0257      0.056      6.268      9.092       1251 1.6887e-01 0.0000e+00
      6.399    11.8679     2.5536     23.617  36.953882     50.119      6.058   276.3838     0.4408    13.2305     0.0257      0.048      6.276      9.103       1252 1.6532e-01 0.0000e+00
      6.409    11.8678     2.5466     23.550  36.957301     50.117      6.058   276.2703     0.4125    13.2708     0.0257      0.040      6.292      9.125       1253 1.3980e-01 0.0000e+00
      6.441    11.8653     2.5415     23.503  37.008650     50.189      6.058   275.8160     0.4206    13.5796     0.0257      0.037      6.317      9.163       1254 1.5653e-01 0.0000e+00
      6.474    11.8643     2.5339     23.433  37.008622     50.190      6.056   276.9138     0.4287    13.5259     0.0257      0.042      6.345      9.204       1255 1.6898e-01 0.0000e+00
      6.493    11.8626     2.5210     23.314  37.016658     50.193      6.054   277.1031     0.4044    13.4319     0.0257      0.054      6.370      9.239       1256 1.2921e-01 0.0000e+00
      6.521    11.8592     2.5129     23.239  37.087635     50.308      6.053   277.4060     0.4125    13.4453     0.0258      0.070      6.396      9.277       1257 1.2325e-01 0.0000e+00
      6.553    11.8568     2.4997     23.116  37.009279     50.197      6.052   277.6331     0.4044    13.5125     0.0257      0.085      6.425      9.318       1258 1.2698e-01 0.0000e+00
      6.578    11.8552     2.4881     23.009  37.025189     50.201      6.048   277.6710     0.4246    13.5259     0.0257      0.097      6.450      9.354       1259 1.2473e-01 0.0000e+00
      6.599    11.8534     2.4715     22.855  37.127159     50.394      6.048   277.4438     0.4206    13.4722     0.0258      0.103      6.470      9.384       1260 1.2590e-01 0.0000e+00
      6.615    11.8513     2.4586     22.735  37.090009     50.283      6.047   276.9138     0.4327    13.3648     0.0258      0.102      6.487      9.409       1261 1.2540e-01 0.0000e+00
      6.632    11.8487     2.4490     22.646  37.130744     50.399      6.050   277.1788     0.4206    13.4319     0.0258      0.095      6.506      9.435       1262 1.4109e-01 0.0000e+00
      6.656    11.8465     2.4375     22.539  37.165449     50.402      6.048   277.2924     0.3397    13.4856     0.0258      0.090      6.526      9.465       1263 1.4672e-01 0.0000e+00
      6.676    11.8455     2.4317     22.486  37.195128     50.481      6.046   277.1031     0.3761    13.4453     0.0259      0.087      6.545      9.493       1264 1.3191e-01 0.0000e+00
      6.689    11.8458     2.4211     22.389  37.212457     50.484      6.046   277.3681     0.3680    13.5259     0.0259      0.081      6.562      9.517       1265 1.2367e-01 0.0000e+00
      6.710    11.8464     2.4069     22.258  37.143886     50.410      6.049   277.4438     0.3518    13.4051     0.0258      0.076      6.578      9.542       1266 1.2745e-01 0.0000e+00
      6.724    11.8463     2.3937     22.134  37.161821     50.409      6.044   277.6331     0.3680    13.8750     0.0258      0.073      6.592      9.562       1267 1.3371e-01 0.0000e+00
      6.731    11.8460     2.3805     22.011  37.190137     50.484      6.043   277.0653     0.3437    13.8885     0.0259      0.068      6.606      9.582       1268 1.2729e-01 0.0000e+00
      6.757    11.8454     2.3773     21.982  37.167968     50.409      6.044   277.7089     0.3599    13.8750     0.0258      0.068      6.630      9.616       1269 1.2435e-01 0.0000e+00
      6.794    11.8445     2.3719     21.930  37.248733     50.561      6.044   277.6331     0.3842    13.9287     0.0259      0.072      6.659      9.658       1270 1.2633e-01 0.0000e+00
      6.819    11.8433     2.3656     21.873  37.267596     50.561      6.040   278.5417     0.3599    13.9019     0.0259      0.076      6.683      9.693       1271 1.2559e-01 0.0000e+00
      6.831    11.8422     2.3593     21.815  37.263140     50.563      6.040   278.4281     0.3518    13.8885     0.0259      0.079      6.699      9.716       1272 1.2592e-01 0.0000e+00
      6.844    11.8418     2.3426     21.660  37.372924     50.716      6.043   276.6488     0.3478    13.9556     0.0260      0.081      6.713      9.736       1273 1.2532e-01 0.0000e+00
      6.859    11.8428     2.3247     21.493  37.308940     50.642      6.046   277.2546     0.3559    13.8616     0.0259      0.080      6.729      9.760       1274 1.2562e-01 0.0000e+00
      6.882    11.8441     2.3074     21.332  37.164799     50.415      6.045   276.9896     0.3599    14.0362     0.0258      0.080      6.750      9.791       1275 1.2536e-01 0.0000e+00
      6.909    11.8440     2.2844     21.119  37.196369     50.489      6.045   278.2010     0.3316    14.0765     0.0259      0.081      6.774      9.825       1276 1.2556e-01 0.0000e+00
