Data/DataNotYetUploadedToEDI/Raw_CTD/2018_RawDownloads/080218_bvr50.cnv
* Sea-Bird SBE19plus  Data File:
* FileName = C:\DATA\080218_bvr_0001.hex
* Software version 2.6.3.104
* Temperature SN = 7809
* Conductivity SN = 7809
* System UpLoad Time = Aug 02 2018 14:36:19
* <ApplicationData>
* <Seaterm232>
# nquan = 17
# nvalues = 1391                        
# units = specified
# name 0 = depFM: Depth [fresh water, m]
# name 1 = tv290C: Temperature [ITS-90, deg C]
# name 2 = sbeox0Mg/L: Oxygen, SBE 43 [mg/l]
# name 3 = sbeox0PS: Oxygen, SBE 43 [% saturation]
# name 4 = c0uS/cm: Conductivity [uS/cm]
# name 5 = specc: Specific Conductance [uS/cm]
# name 6 = ph: pH
# name 7 = orp: Oxidation Reduction Potential [mV]
# name 8 = flECO-AFL: Fluorescence, WET Labs ECO-AFL/FL [mg/m^3]
# name 9 = turbWETntu0: Turbidity, WET Labs ECO [NTU]
# name 10 = sal00: Salinity, Practical [PSU]
# name 11 = dz/dtM: Descent Rate [m/s]
# name 12 = prdM: Pressure, Strain Gauge [db]
# name 13 = prdE: Pressure, Strain Gauge [psi]
# name 14 = scan: Scan Count
# name 15 = par/sat/log: PAR/Logarithmic, Satlantic
# name 16 = flag:  0.000e+00
# span 0 =     -0.626,     10.386       
# span 1 =     7.6819,    24.9639       
# span 2 =     0.0724,     8.9523       
# span 3 =      0.610,    108.251       
# span 4 =  10.070130, 104.119353       
# span 5 =     11.661,    159.233       
# span 6 =      6.219,      8.493       
# span 7 =   -32.1906,   551.2275       
# span 8 =    -0.2021,     6.7367       
# span 9 =    -0.2646,     7.0134       
# span 10 =     0.0140,     0.0732      
# span 11 =     -0.106,      0.245      
# span 12 =     -0.614,     10.184      
# span 13 =     -0.890,     14.772      
# span 14 =          1,       1391      
# span 15 = 1.2147e-01, 2.5748e+02      
# span 16 = 0.0000e+00, 0.0000e+00      
# interval = seconds: 0.25
# start_time = Aug 02 2018 14:27:26 [Instrument's time stamp, header]
# bad_flag = -9.990e-29
*END*
[from data line 171]
     -0.083    24.3468     5.1888     62.406  29.721407     30.103      8.418   225.9201     5.0788     5.4691     0.0215      0.000     -0.082     -0.119        172 2.0933e+02 0.0000e+00
     -0.083    24.3458     5.6896     68.607  29.682563     30.076      8.421   226.1473     5.0748     5.5229     0.0215      0.000     -0.082     -0.119        173 2.0939e+02 0.0000e+00
     -0.083    24.3446     6.4139     77.448  29.662734     30.048      8.422   226.3366     5.0788     5.4557     0.0215     -0.000     -0.082     -0.119        174 2.0970e+02 0.0000e+00
     -0.083    24.3428     7.1166     85.992  29.657139     30.049      8.421   226.2230     5.0546     5.4557     0.0215     -0.000     -0.082     -0.119        175 2.0996e+02 0.0000e+00
     -0.083    24.3419     7.7458     93.626  29.659876     30.050      8.421   226.0716     5.0788     5.4423     0.0215     -0.000     -0.082     -0.119        176 2.0974e+02 0.0000e+00
     -0.083    24.3400     8.2594     99.852  29.659327     30.050      8.421   226.6016     5.1840     5.4557     0.0215     -0.000     -0.081     -0.118        177 2.1007e+02 0.0000e+00
     -0.082    24.3396     8.6390    104.453  29.657824     30.051      8.419   226.6016     5.2002     5.4557     0.0215      0.000     -0.081     -0.118        178 2.1052e+02 0.0000e+00
     -0.083    24.3366     8.8673    107.219  29.632098     30.024      8.418   226.3744     5.1961     5.4826     0.0215      0.000     -0.081     -0.118        179 2.1045e+02 0.0000e+00
     -0.083    24.3407     8.9523    108.251  29.661694     30.053      8.416   226.5637     5.2002     5.4691     0.0215      0.000     -0.082     -0.118        180 2.1084e+02 0.0000e+00
     -0.083    24.4518     8.8909    107.509  29.650643     30.054      8.417   226.9044     5.1435     5.3349     0.0215     -0.000     -0.082     -0.118        181 2.1085e+02 0.0000e+00
     -0.082    24.6543     8.7761    106.121  29.290065     29.685      8.419   227.2451     5.1193     5.2140     0.0213      0.000     -0.081     -0.118        182 2.1072e+02 0.0000e+00
     -0.083    24.7985     8.6688    104.822  28.894823     29.196      8.420   227.6237     5.1355     5.2677     0.0212      0.000     -0.081     -0.118        183 2.1100e+02 0.0000e+00
     -0.083    24.8715     8.5667    103.584  28.867591     29.072      8.417   227.2830     5.1678     5.3214     0.0212      0.000     -0.081     -0.118        184 2.1109e+02 0.0000e+00
     -0.083    24.9106     8.4812    102.548  28.879165     28.990      8.420   227.3208     5.2002     5.2812     0.0212     -0.000     -0.081     -0.118        185 2.1135e+02 0.0000e+00
     -0.083    24.9283     8.4057    101.635  28.821066     28.891      8.417   227.3208     5.2204     5.3080     0.0212     -0.000     -0.081     -0.118        186 2.1161e+02 0.0000e+00
     -0.082    24.9387     8.3464    100.918  28.821269     28.869      8.418   227.9644     5.2002     5.2543     0.0212      0.000     -0.081     -0.118        187 2.1159e+02 0.0000e+00
     -0.082    24.9445     8.2951    100.299  28.819601     28.859      8.416   227.9266     5.2002     5.3080     0.0212      0.000     -0.081     -0.118        188 2.1166e+02 0.0000e+00
     -0.083    24.9477     8.2581     99.855  28.823134     28.853      8.415   228.5701     5.3215     5.0529     0.0212      0.000     -0.081     -0.118        189 2.1177e+02 0.0000e+00
     -0.083    24.9489     8.2296     99.511  28.816868     28.849      8.416   228.5323     5.3417     5.0126     0.0212     -0.000     -0.081     -0.118        190 2.1170e+02 0.0000e+00
     -0.083    24.9497     8.2106     99.281  28.827397     28.848      8.417   228.6080     5.3215     5.0126     0.0212     -0.000     -0.081     -0.118        191 2.1169e+02 0.0000e+00
     -0.083    24.9497     8.1899     99.031  28.869323     28.903      8.413   228.5323     5.3498     5.0529     0.0212      0.000     -0.081     -0.118        192 2.1226e+02 0.0000e+00
     -0.083    24.9490     8.1715     98.811  28.883281     28.902      8.407   228.3051     5.2527     4.8112     0.0212     -0.000     -0.081     -0.118        193 2.1227e+02 0.0000e+00
     -0.082    24.9473     8.1531     98.589  28.869321     28.902      8.407   228.7216     5.2689     4.8783     0.0212     -0.000     -0.081     -0.117        194 2.1212e+02 0.0000e+00
     -0.082    24.9459     8.1344     98.363  28.827400     28.847      8.406   228.8730     5.2689     4.7575     0.0212      0.000     -0.081     -0.117        195 2.1244e+02 0.0000e+00
     -0.083    24.9457     8.1203     98.192  28.816861     28.848      8.405   228.6837     5.2608     4.7440     0.0212     -0.000     -0.082     -0.118        196 2.1242e+02 0.0000e+00
     -0.083    24.9459     8.1163     98.144  28.823144     28.849      8.405   228.6080     5.2608     4.7709     0.0212      0.000     -0.082     -0.118        197 2.1284e+02 0.0000e+00
     -0.082    24.9469     8.1098     98.065  28.819584     28.849      8.406   228.5323     5.3417     5.3886     0.0212      0.000     -0.081     -0.118        198 2.1309e+02 0.0000e+00
     -0.083    24.9484     8.1129     98.104  28.821292     28.849      8.406   228.9866     5.3296     5.2812     0.0212     -0.000     -0.081     -0.118        199 2.1288e+02 0.0000e+00
     -0.083    24.9491     8.1304     98.317  28.821017     28.848      8.405   229.4030     5.3174     5.2946     0.0212     -0.000     -0.081     -0.118        200 2.1300e+02 0.0000e+00
     -0.083    24.9490     8.1475     98.523  28.819924     28.847      8.403   229.4030     5.3134     5.2946     0.0212     -0.000     -0.081     -0.118        201 2.1310e+02 0.0000e+00
     -0.082    24.9491     8.1613     98.690  28.822650     28.847      8.401   228.9109     5.2082     5.2812     0.0212     -0.000     -0.080     -0.117        202 2.1311e+02 0.0000e+00
     -0.081    24.9499     8.1608     98.682  28.817625     28.847      8.398   229.0244     5.2163     5.3752     0.0212      0.001     -0.079     -0.115        203 2.1302e+02 0.0000e+00
     -0.079    24.9506     8.1519     98.576  28.826178     28.847      8.395   228.9487     5.1961     5.2543     0.0212      0.002     -0.078     -0.113        204 2.1336e+02 0.0000e+00
     -0.079    24.9505     8.1380     98.408  28.871301     28.902      8.391   229.5923     5.1840     5.2812     0.0212      0.002     -0.078     -0.113        205 2.1344e+02 0.0000e+00
     -0.080    24.9500     8.1387     98.416  28.820765     28.846      8.395   229.8194     5.3821     5.1334     0.0212      0.002     -0.079     -0.114        206 2.1330e+02 0.0000e+00
     -0.081    24.9502     8.1362     98.386  28.770478     28.790      8.393   230.0466     5.3821     5.0260     0.0211      0.002     -0.079     -0.115        207 2.1378e+02 0.0000e+00
     -0.081    24.9508     8.1423     98.459  28.815293     28.846      8.389   229.8573     5.3942     5.1066     0.0212      0.001     -0.079     -0.115        208 2.1383e+02 0.0000e+00
     -0.080    24.9517     8.1411     98.444  28.824289     28.846      8.391   229.8951     5.4185     4.9992     0.0212      0.001     -0.079     -0.114        209 2.1407e+02 0.0000e+00
     -0.080    24.9520     8.1377     98.401  28.818578     28.846      8.394   229.7437     5.3134     5.1066     0.0212      0.000     -0.078     -0.114        210 2.1443e+02 0.0000e+00
     -0.080    24.9517     8.1426     98.456  28.822401     28.845      8.396   230.2359     5.3336     5.1066     0.0212 -9.747e-07     -0.078     -0.114        211 2.1408e+02 0.0000e+00
     -0.081    24.9513     8.1441     98.473  28.819531     28.845      8.398   229.9709     5.3336     4.9992     0.0212     -0.000     -0.079     -0.115        212 2.1391e+02 0.0000e+00
     -0.081    24.9508     8.1321     98.328  28.881444     28.901      8.395   230.0466     5.3296     5.0797     0.0212     -0.000     -0.079     -0.115        213 2.1459e+02 0.0000e+00
     -0.081    24.9511     8.1250     98.241  28.863942     28.901      8.395   230.2737     5.1597     5.4557     0.0212     -0.000     -0.079     -0.115        214 2.1478e+02 0.0000e+00
     -0.080    24.9517     8.1295     98.296  28.841312     28.846      8.394   230.3873     5.1961     5.4154     0.0212      0.000     -0.078     -0.114        215 2.1477e+02 0.0000e+00
     -0.080    24.9514     8.1410     98.436  28.909608     28.957      8.392   230.9173     5.2163     5.4960     0.0212      0.000     -0.078     -0.114        216 2.1513e+02 0.0000e+00
     -0.081    24.9509     8.1560     98.617  28.838246     28.845      8.393   231.1444     5.2082     5.5094     0.0212     -0.000     -0.079     -0.115        217 2.1507e+02 0.0000e+00
     -0.081    24.9505     8.1743     98.838  28.811529     28.845      8.391   231.6744     5.2042     5.4826     0.0212     -0.000     -0.079     -0.115        218 2.1535e+02 0.0000e+00
     -0.081    24.9503     8.1873     98.994  28.824264     28.846      8.393   231.5609     5.3134     5.4691     0.0212     -0.000     -0.079     -0.115        219 2.1533e+02 0.0000e+00
     -0.081    24.9494     8.1990     99.137  28.822398     28.846      8.394   231.8259     5.3093     5.4289     0.0212     -0.000     -0.079     -0.115        220 2.1529e+02 0.0000e+00
     -0.081    24.9474     8.1958     99.098  28.813851     28.846      8.396   231.7880     5.3296     5.5497     0.0212     -0.000     -0.079     -0.115        221 2.1589e+02 0.0000e+00
     -0.081    24.9464     8.1868     98.989  28.775604     28.791      8.396   231.5609     5.3296     5.4826     0.0211     -0.000     -0.079     -0.115        222 2.1627e+02 0.0000e+00
     -0.081    24.9463     8.1843     98.957  28.810701     28.848      8.396   231.5230     5.3296     5.2006     0.0212     -0.001     -0.080     -0.116        223 2.1612e+02 0.0000e+00
     -0.082    24.9460     8.1837     98.948  28.829470     28.848      8.399   231.2959     5.3336     5.2409     0.0212     -0.001     -0.080     -0.116        224 2.1613e+02 0.0000e+00
     -0.081    24.9459     8.1839     98.949  28.811541     28.848      8.395   231.9394     5.3215     5.2677     0.0212     -0.000     -0.079     -0.115        225 2.1640e+02 0.0000e+00
     -0.080    24.9463     8.1817     98.924  28.833015     28.848      8.394   232.3559     5.3053     5.2946     0.0212      0.000     -0.079     -0.115        226 2.1643e+02 0.0000e+00
     -0.081    24.9467     8.1813     98.925  28.862045     28.904      8.392   232.5073     5.0869     5.6437     0.0212      0.000     -0.079     -0.115        227 2.1664e+02 0.0000e+00
     -0.080    24.9464     8.1905     99.039  28.834709     28.848      8.391   232.5451     5.0869     5.6974     0.0212      0.000     -0.079     -0.115        228 2.1679e+02 0.0000e+00
     -0.081    24.9463     8.1968     99.116  28.867032     28.904      8.391   232.8480     5.0869     5.6571     0.0212      0.000     -0.079     -0.115        229 2.1685e+02 0.0000e+00
     -0.081    24.9466     8.1987     99.140  28.881116     28.904      8.391   232.1666     5.0869     5.6169     0.0212      0.000     -0.079     -0.115        230 2.1688e+02 0.0000e+00
     -0.081    24.9466     8.1998     99.153  28.817183     28.848      8.391   232.3937     5.2770     5.7511     0.0212      0.000     -0.079     -0.115        231 2.1721e+02 0.0000e+00
     -0.080    24.9464     8.1941     99.085  28.828003     28.848      8.390   232.5451     5.2932     5.5631     0.0212      0.000     -0.079     -0.115        232 2.1733e+02 0.0000e+00
     -0.081    24.9455     8.1918     99.057  28.867648     28.904      8.390   232.8101     5.2446     5.6034     0.0212     -0.000     -0.079     -0.115        233 2.1712e+02 0.0000e+00
     -0.080    24.9443     8.1913     99.050  28.827141     28.848      8.388   232.6209     5.2770     5.6169     0.0212     -0.000     -0.079     -0.115        234 2.1737e+02 0.0000e+00
     -0.081    24.9437     8.1934     99.073  28.819120     28.849      8.383   232.5830     5.4104     5.4557     0.0212      0.000     -0.079     -0.115        235 2.1771e+02 0.0000e+00
     -0.081    24.9447     8.1859     98.978  28.818335     28.850      8.369   232.2044     5.4145     5.4154     0.0212      0.000     -0.079     -0.115        236 2.1794e+02 0.0000e+00
     -0.081    24.9473     8.1810     98.920  28.828118     28.850      8.355   232.5830     5.3821     5.4826     0.0212      0.000     -0.079     -0.115        237 2.1790e+02 0.0000e+00
     -0.081    24.9488     8.1754     98.856  28.866241     28.905      8.345   232.5451     5.4023     5.3617     0.0212      0.000     -0.079     -0.115        238 2.1786e+02 0.0000e+00
     -0.080    24.9494     8.1697     98.790  28.830185     28.848      8.342   232.9237     5.3821     5.4557     0.0212      0.000     -0.079     -0.115        239 2.1808e+02 0.0000e+00
     -0.081    24.9500     8.1656     98.739  28.813691     28.847      8.344   233.1130     5.4549     5.7243     0.0212     -0.000     -0.079     -0.115        240 2.1854e+02 0.0000e+00
     -0.080    24.9503     8.1568     98.632  28.827472     28.847      8.350   233.0752     5.4549     5.7108     0.0212      0.000     -0.079     -0.114        241 2.1861e+02 0.0000e+00
     -0.080    24.9509     8.1497     98.547  28.813036     28.846      8.355   233.0752     5.4711     5.6840     0.0212      0.000     -0.079     -0.114        242 2.1815e+02 0.0000e+00
     -0.081    24.9508     8.1400     98.431  28.831657     28.846      8.358   233.0752     5.4873     5.7914     0.0212      0.000     -0.079     -0.115        243 2.1856e+02 0.0000e+00
     -0.081    24.9501     8.1404     98.438  28.863593     28.902      8.365   233.4159     5.3417     5.5363     0.0212      0.000     -0.079     -0.115        244 2.1871e+02 0.0000e+00
     -0.081    24.9487     8.1515     98.573  28.832588     28.846      8.364   233.2266     5.3417     5.4826     0.0212      0.000     -0.079     -0.115        245 2.1848e+02 0.0000e+00
     -0.080    24.9465     8.1705     98.804  28.810948     28.846      8.361   233.4916     5.3215     5.4826     0.0212     -0.000     -0.079     -0.114        246 2.1904e+02 0.0000e+00
     -0.080    24.9469     8.1759     98.871  28.831227     28.847      8.359   233.4537     5.3215     5.4154     0.0212     -0.000     -0.079     -0.114        247 2.1947e+02 0.0000e+00
     -0.081    24.9490     8.1764     98.880  28.866646     28.904      8.355   233.5673     5.3296     5.5900     0.0212     -0.000     -0.079     -0.115        248 2.1967e+02 0.0000e+00
     -0.081    24.9502     8.1785     98.902  28.826167     28.848      8.355   233.5294     5.3336     5.4826     0.0212     -0.000     -0.079     -0.115        249 2.1953e+02 0.0000e+00
     -0.081    24.9500     8.1837     98.955  28.822307     28.847      8.355   233.7187     5.3174     5.4557     0.0212     -0.000     -0.079     -0.115        250 2.1948e+02 0.0000e+00
     -0.080    24.9497     8.1838     98.955  28.812153     28.846      8.355   233.6052     5.3134     5.4020     0.0212      0.000     -0.078     -0.114        251 2.1985e+02 0.0000e+00
     -0.080    24.9502     8.1636     98.713  28.779508     28.790      8.354   233.5673     5.4266     5.5094     0.0211      0.000     -0.078     -0.114        252 2.2004e+02 0.0000e+00
     -0.080    24.9508     8.1443     98.481  28.803639     28.846      8.351   234.0594     5.4549     5.4826     0.0212      0.000     -0.078     -0.114        253 2.1995e+02 0.0000e+00
     -0.081    24.9516     8.1349     98.371  28.782122     28.790      8.350   233.9080     5.4428     5.5094     0.0211      0.000     -0.079     -0.115        254 2.2006e+02 0.0000e+00
     -0.081    24.9523     8.1292     98.305  28.806283     28.846      8.343   233.6052     5.4347     5.4557     0.0212     -0.000     -0.079     -0.115        255 2.2040e+02 0.0000e+00
