Data/DataNotYetUploadedToEDI/Raw_CTD/2018_RawDownloads/080218_fcr50.cnv
* Sea-Bird SBE19plus  Data File:
* FileName = C:\DATA\080218_bvr_0002.hex
* Software version 2.6.3.104
* Temperature SN = 7809
* Conductivity SN = 7809
* System UpLoad Time = Aug 02 2018 14:37:00
* <ApplicationData>
* <Seaterm232>
# nquan = 17
# nvalues = 1446                        
# units = specified
# name 0 = depFM: Depth [fresh water, m]
# name 1 = tv290C: Temperature [ITS-90, deg C]
# name 2 = sbeox0Mg/L: Oxygen, SBE 43 [mg/l]
# name 3 = sbeox0PS: Oxygen, SBE 43 [% saturation]
# name 4 = c0uS/cm: Conductivity [uS/cm]
# name 5 = specc: Specific Conductance [uS/cm]
# name 6 = ph: pH
# name 7 = orp: Oxidation Reduction Potential [mV]
# name 8 = flECO-AFL: Fluorescence, WET Labs ECO-AFL/FL [mg/m^3]
# name 9 = turbWETntu0: Turbidity, WET Labs ECO [NTU]
# name 10 = sal00: Salinity, Practical [PSU]
# name 11 = dz/dtM: Descent Rate [m/s]
# name 12 = prdM: Pressure, Strain Gauge [db]
# name 13 = prdE: Pressure, Strain Gauge [psi]
# name 14 = scan: Scan Count
# name 15 = par/sat/log: PAR/Logarithmic, Satlantic
# name 16 = flag:  0.000e+00
# span 0 =     -0.544,      9.634       
# span 1 =    11.6346,    25.4057       
# span 2 =     0.0572,     9.3926       
# span 3 =      0.529,    114.527       
# span 4 =   0.616822,  97.443429       
# span 5 =      0.633,    132.882       
# span 6 =      5.984,      8.453       
# span 7 =  -309.1543,   281.9489       
# span 8 =    -0.2062,     3.9668       
# span 9 =    -0.3049,    42.9331       
# span 10 =     0.0115,     0.0629      
# span 11 =     -0.138,      0.222      
# span 12 =     -0.533,      9.447      
# span 13 =     -0.773,     13.701      
# span 14 =          1,       1446      
# span 15 = 1.2325e-01, 1.0332e+03      
# span 16 = 0.0000e+00, 0.0000e+00      
# interval = seconds: 0.25
# start_time = Aug 02 2018 16:29:49 [Instrument's time stamp, header]
# bad_flag = -9.990e-29
*END*
[from data line 511]
      0.143    25.3835     8.0303     97.813  35.602462     35.308      8.346   176.8950     2.3453     3.7772     0.0239      0.036      0.138      0.199        512 3.7637e+02 0.0000e+00
      0.178    25.3808     8.0322     97.850  35.670707     35.419      8.338   176.4028     2.3534     3.7772     0.0239      0.054      0.171      0.247        513 3.6525e+02 0.0000e+00
      0.199    25.3781     8.0403     97.962  35.546348     35.253      8.339   176.1757     2.3575     3.7504     0.0239      0.072      0.196      0.284        514 3.5771e+02 0.0000e+00
      0.224    25.3755     8.0577     98.177  35.519963     35.255      8.333   176.4407     2.3373     3.7772     0.0239      0.088      0.219      0.318        515 3.4953e+02 0.0000e+00
      0.245    25.3727     8.0734     98.340  35.525597     35.257      8.329   176.5543     2.3534     3.7772     0.0239      0.100      0.240      0.348        516 3.3870e+02 0.0000e+00
      0.265    25.3636     8.0954     98.574  35.480023     35.203      8.325   177.5007     2.3373     3.8041     0.0238      0.105      0.257      0.373        517 3.3347e+02 0.0000e+00
      0.276    25.3479     8.1212     98.868  35.458050     35.205      8.312   177.9171     2.3211     3.7772     0.0238      0.101      0.268      0.389        518 3.3217e+02 0.0000e+00
      0.279    25.3354     8.1419     99.115  35.375000     35.100      8.298   178.1821     2.3453     3.7235     0.0238      0.088      0.273      0.396        519 3.3169e+02 0.0000e+00
      0.280    25.3325     8.1642     99.388  35.346123     35.111      8.295   178.7500     2.4747     3.5221     0.0238      0.068      0.275      0.399        520 3.3261e+02 0.0000e+00
      0.281    25.3376     8.1683     99.439  35.375363     35.120      8.294   178.9393     2.5030     3.5221     0.0238      0.052      0.275      0.399        521 3.3248e+02 0.0000e+00
      0.280    25.3456     8.1714     99.480  35.457245     35.233      8.292   179.0529     2.4869     3.6295     0.0238      0.038      0.275      0.399        522 3.3117e+02 0.0000e+00
      0.281    25.3530     8.1570     99.309  35.481484     35.229      8.294   179.7721     2.4626     3.5624     0.0238      0.024      0.276      0.400        523 3.3227e+02 0.0000e+00
      0.282    25.3606     8.1507     99.240  35.463829     35.224      8.299   179.0907     2.3858     3.0790     0.0238      0.013      0.282      0.408        524 3.2913e+02 0.0000e+00
      0.300    25.3613     8.1411     99.130  35.479214     35.219      8.307   179.6964     2.3817     3.1193     0.0238      0.011      0.296      0.428        525 3.1721e+02 0.0000e+00
      0.321    25.3464     8.1332     99.022  35.462333     35.213      8.308   179.7721     2.4020     3.1058     0.0238      0.016      0.311      0.451        526 3.1018e+02 0.0000e+00
      0.330    25.3277     8.1363     99.041  35.425518     35.157      8.303   180.8700     2.3898     3.1461     0.0238      0.024      0.321      0.466        527 3.1121e+02 0.0000e+00
      0.332    25.3168     8.1518     99.209  35.406400     35.168      8.298   181.2107     2.3898     3.1461     0.0238      0.030      0.325      0.472        528 3.1192e+02 0.0000e+00
      0.333    25.3136     8.1595     99.280  35.426816     35.181      8.297   181.2864     2.5111     3.5624     0.0238      0.033      0.327      0.475        529 3.0859e+02 0.0000e+00
      0.337    25.3142     8.1610     99.286  35.459433     35.244      8.298   180.9836     2.4626     3.6295     0.0238      0.034      0.330      0.479        530 3.0735e+02 0.0000e+00
      0.340    25.3155     8.1664     99.343  35.425129     35.191      8.301   181.1729     2.4707     3.5758     0.0238      0.031      0.332      0.482        531 3.0725e+02 0.0000e+00
      0.339    25.3173     8.1695     99.367  35.410195     35.190      8.304   181.5136     2.4667     3.5758     0.0238      0.025      0.333      0.483        532 3.0523e+02 0.0000e+00
      0.340    25.3189     8.1619     99.273  35.418704     35.189      8.306   181.8921     2.3858     3.5624     0.0238      0.016      0.335      0.486        533 3.0774e+02 0.0000e+00
      0.343    25.3232     8.1396     99.009  35.414539     35.188      8.311   181.8164     2.3979     3.6027     0.0238      0.009      0.342      0.496        534 3.0301e+02 0.0000e+00
      0.363    25.3268     8.1049     98.578  35.474693     35.242      8.318   183.1414     2.4060     3.5758     0.0238      0.012      0.357      0.519        535 2.9072e+02 0.0000e+00
      0.388    25.3212     8.0753     98.202  35.462474     35.240      8.305   183.4822     2.4181     3.6027     0.0238      0.021      0.375      0.544        536 2.8791e+02 0.0000e+00
      0.395    25.3107     8.0509     97.906  35.370428     35.126      8.290   183.3307     2.3777     3.5490     0.0238      0.030      0.386      0.560        537 2.8613e+02 0.0000e+00
      0.400    25.2993     8.0328     97.677  35.411293     35.185      8.288   183.8986     2.3898     3.5490     0.0238      0.035      0.392      0.568        538 2.8616e+02 0.0000e+00
      0.404    25.2868     8.0061     97.311  35.411620     35.193      8.290   183.9364     2.4141     3.6161     0.0238      0.039      0.397      0.576        539 2.8548e+02 0.0000e+00
      0.410    25.2800     7.9945     97.130  35.370029     35.145      8.298   184.4286     2.4262     3.6027     0.0238      0.041      0.403      0.585        540 2.8063e+02 0.0000e+00
      0.420    25.2749     7.9843     96.979  35.463058     35.265      8.298   185.4507     2.3494     3.2938     0.0238      0.040      0.411      0.596        541 2.7925e+02 0.0000e+00
      0.428    25.2677     7.9830     96.944  35.473797     35.270      8.303   185.2993     2.3494     3.3475     0.0238      0.037      0.420      0.608        542 2.7674e+02 0.0000e+00
      0.436    25.2674     7.9795     96.888  35.475299     35.273      8.306   185.5643     2.3413     3.4012     0.0238      0.031      0.428      0.619        543 2.7389e+02 0.0000e+00
      0.443    25.2708     7.9641     96.690  35.520506     35.334      8.304   186.4729     2.3453     3.4550     0.0239      0.027      0.434      0.629        544 2.7269e+02 0.0000e+00
      0.447    25.2657     7.9601     96.631  35.476855     35.279      8.299   186.2079     2.3979     3.4012     0.0238      0.027      0.438      0.636        545 2.7205e+02 0.0000e+00
      0.449    25.2575     7.9582     96.600  35.529622     35.332      8.299   186.0943     2.3898     3.3207     0.0239      0.026      0.443      0.643        546 2.7055e+02 0.0000e+00
      0.461    25.2577     7.9543     96.546  35.514153     35.335      8.302   187.9872     2.4100     3.2804     0.0239      0.027      0.457      0.663        547 2.6165e+02 0.0000e+00
      0.491    25.2519     7.9532     96.530  35.436793     35.230      8.304   188.5550     2.3979     3.3744     0.0238      0.032      0.479      0.694        548 2.5318e+02 0.0000e+00
      0.511    25.2297     7.9493     96.479  35.507268     35.341      8.303   188.7443     2.4100     3.3072     0.0239      0.040      0.499      0.724        549 2.5052e+02 0.0000e+00
      0.525    25.2069     7.9389     96.352  35.545082     35.345      8.304   187.8357     2.4667     3.5758     0.0239      0.047      0.517      0.749        550 2.4512e+02 0.0000e+00
      0.546    25.1915     7.9270     96.205  35.567685     35.417      8.304   188.4793     2.4747     3.5490     0.0239      0.056      0.536      0.777        551 2.3898e+02 0.0000e+00
      0.567    25.1810     7.9108     96.007  35.597778     35.433      8.298   188.7443     2.4707     3.5490     0.0239      0.065      0.557      0.807        552 2.3402e+02 0.0000e+00
      0.589    25.1735     7.8872     95.719  35.626274     35.499      8.282   191.2429     2.4424     3.5221     0.0239      0.074      0.577      0.837        553 2.2831e+02 0.0000e+00
      0.610    25.1671     7.8636     95.431  35.591546     35.451      8.264   191.5079     2.4020     3.5490     0.0239      0.080      0.597      0.866        554 2.2311e+02 0.0000e+00
      0.627    25.1614     7.8455     95.210  35.581686     35.456      8.246   191.7350     2.4060     3.5355     0.0239      0.080      0.614      0.891        555 2.1943e+02 0.0000e+00
      0.642    25.1568     7.8353     95.084  35.579234     35.461      8.233   191.6972     2.3858     3.5355     0.0239      0.076      0.629      0.912        556 2.1663e+02 0.0000e+00
      0.655    25.1534     7.8295     95.011  35.594601     35.465      8.220   191.6593     2.3898     3.5490     0.0239      0.074      0.642      0.930        557 2.1409e+02 0.0000e+00
      0.665    25.1511     7.8406     95.145  35.621880     35.524      8.208   192.4165     2.4667     3.6295     0.0239      0.070      0.652      0.946        558 2.1224e+02 0.0000e+00
      0.675    25.1496     7.8458     95.208  35.604603     35.470      8.198   193.0222     2.4747     3.5355     0.0239      0.064      0.661      0.959        559 2.1032e+02 0.0000e+00
      0.682    25.1486     7.8539     95.307  35.616103     35.528      8.190   192.9465     2.5030     3.5221     0.0239      0.056      0.670      0.972        560 2.0739e+02 0.0000e+00
      0.693    25.1478     7.8621     95.407  35.607570     35.473      8.187   193.7036     2.4667     3.5355     0.0239      0.049      0.680      0.986        561 2.0496e+02 0.0000e+00
      0.704    25.1471     7.8722     95.530  35.615223     35.529      8.178   194.0065     2.3898     3.6161     0.0239      0.044      0.690      1.001        562 2.0305e+02 0.0000e+00
      0.713    25.1464     7.8790     95.614  35.606579     35.474      8.173   193.8550     2.4060     3.6027     0.0239      0.041      0.699      1.014        563 2.0136e+02 0.0000e+00
      0.722    25.1453     7.8696     95.498  35.618327     35.531      8.165   193.7415     2.4262     3.5490     0.0239      0.039      0.707      1.025        564 1.9986e+02 0.0000e+00
      0.728    25.1443     7.8627     95.413  35.600603     35.475      8.156   194.1579     2.3898     3.5624     0.0239      0.037      0.713      1.034        565 1.9862e+02 0.0000e+00
      0.733    25.1429     7.8557     95.327  35.569322     35.476      8.151   194.4986     2.4788     3.7369     0.0239      0.034      0.718      1.041        566 1.9802e+02 0.0000e+00
      0.736    25.1414     7.8451     95.195  35.538628     35.421      8.142   194.8393     2.4667     3.7772     0.0239      0.032      0.722      1.046        567 1.9721e+02 0.0000e+00
      0.738    25.1409     7.8357     95.076  35.520172     35.422      8.137   195.4829     2.4950     3.8175     0.0239      0.028      0.724      1.050        568 1.9699e+02 0.0000e+00
      0.740    25.1410     7.8344     95.056  35.592289     35.479      8.127   195.2179     2.4586     3.8041     0.0239      0.023      0.726      1.053        569 1.9713e+02 0.0000e+00
      0.743    25.1413     7.8378     95.095  35.626826     35.535      8.125   192.9465     2.4545     3.7235     0.0239      0.018      0.730      1.058        570 1.9567e+02 0.0000e+00
      0.749    25.1417     7.8430     95.154  35.536508     35.423      8.122   193.7415     2.3939     3.3207     0.0239      0.015      0.735      1.067        571 1.9311e+02 0.0000e+00
      0.758    25.1420     7.8559     95.304  35.526742     35.423      8.122   194.1958     2.4343     3.3207     0.0239      0.015      0.744      1.079        572 1.9087e+02 0.0000e+00
      0.768    25.1424     7.8642     95.398  35.579662     35.479      8.118   195.3315     2.4343     3.4147     0.0239      0.018      0.754      1.093        573 1.8848e+02 0.0000e+00
      0.779    25.1416     7.8805     95.590  35.529964     35.423      8.111   195.2558     2.4020     3.3207     0.0239      0.021      0.766      1.110        574 1.8496e+02 0.0000e+00
      0.795    25.1409     7.8897     95.698  35.529275     35.422      8.107   195.4072     2.4060     3.2938     0.0239      0.028      0.781      1.133        575 1.8067e+02 0.0000e+00
      0.815    25.1402     7.8919     95.721  35.580519     35.479      8.097   193.5900     2.3817     3.3610     0.0239      0.037      0.800      1.160        576 1.7589e+02 0.0000e+00
      0.836    25.1382     7.8826     95.604  35.525509     35.423      8.087   193.6279     2.4060     3.4147     0.0239      0.047      0.818      1.186        577 1.7213e+02 0.0000e+00
      0.852    25.1353     7.8691     95.432  35.538422     35.424      8.075   194.1200     2.3979     3.2535     0.0239      0.055      0.834      1.209        578 1.6955e+02 0.0000e+00
      0.864    25.1330     7.8710     95.435  35.623766     35.537      8.065   195.2558     2.4626     3.7907     0.0239      0.060      0.847      1.228        579 1.6745e+02 0.0000e+00
      0.874    25.1316     7.8681     95.374  35.597246     35.483      8.058   195.1043     2.4667     3.8981     0.0239      0.061      0.857      1.243        580 1.6562e+02 0.0000e+00
      0.884    25.1293     7.8515     95.164  35.630741     35.541      8.050   195.2558     2.4747     3.7101     0.0239      0.060      0.866      1.257        581 1.6363e+02 0.0000e+00
      0.892    25.1257     7.8320     94.910  35.641400     35.542      8.043   194.8393     2.4667     3.8309     0.0239      0.057      0.875      1.269        582 1.6184e+02 0.0000e+00
      0.902    25.1221     7.8066     94.575  35.583984     35.487      8.040   194.9908     2.4586     3.5624     0.0239      0.051      0.884      1.282        583 1.5988e+02 0.0000e+00
      0.911    25.1190     7.7856     94.316  35.642879     35.546      8.035   194.9908     2.4586     3.4415     0.0239      0.045      0.894      1.297        584 1.5764e+02 0.0000e+00
      0.924    25.1164     7.7725     94.138  35.627422     35.548      8.031   195.0665     2.4869     3.5758     0.0239      0.041      0.906      1.315        585 1.5487e+02 0.0000e+00
      0.939    25.1144     7.7566     93.909  35.603222     35.495      8.027   195.1800     2.4869     3.6161     0.0239      0.041      0.921      1.335        586 1.5189e+02 0.0000e+00
      0.954    25.1123     7.7362     93.629  35.672996     35.608      8.021   197.7165     2.4828     3.6027     0.0239      0.043      0.934      1.355        587 1.4978e+02 0.0000e+00
      0.964    25.1079     7.7203     93.415  35.659222     35.554      8.010   196.2779     2.4586     3.6027     0.0239      0.045      0.945      1.371        588 1.4806e+02 0.0000e+00
      0.974    25.0960     7.7064     93.237  35.709340     35.639      8.010   196.4293     2.4545     3.5758     0.0239      0.046      0.954      1.385        589 1.4637e+02 0.0000e+00
      0.982    25.0817     7.6935     93.071  35.788575     35.698      8.004   197.0729     2.4747     3.6295     0.0240      0.046      0.963      1.397        590 1.4525e+02 0.0000e+00
      0.989    25.0764     7.6708     92.770  35.827540     35.762      8.001   196.4293     2.4667     3.5892     0.0240      0.045      0.970      1.407        591 1.4400e+02 0.0000e+00
      0.996    25.0658     7.6425     92.403  35.838801     35.773      7.996   196.5429     2.4950     3.3207     0.0240      0.042      0.978      1.418        592 1.4235e+02 0.0000e+00
      1.005    25.0517     7.6102     92.015  35.863540     35.804      7.997   199.2686     2.4626     3.2938     0.0240      0.038      0.986      1.430        593 1.4091e+02 0.0000e+00
      1.014    25.0478     7.5792     91.647  35.945048     35.895      7.992   198.7008     2.4667     3.3207     0.0240      0.035      0.995      1.443        594 1.3941e+02 0.0000e+00
      1.023    25.0368     7.5581     91.386  35.944977     35.906      7.988   198.8901     2.4909     3.2804     0.0240      0.033      1.004      1.456        595 1.3778e+02 0.0000e+00
