Data/DataNotYetUploadedToEDI/Raw_CTD/2018_RawDownloads/080218_bvr50.cnv
* Sea-Bird SBE19plus  Data File:
* FileName = C:\DATA\080218_bvr_0001.hex
* Software version 2.6.3.104
* Temperature SN = 7809
* Conductivity SN = 7809
* System UpLoad Time = Aug 02 2018 14:36:19
* <ApplicationData>
* <Seaterm232>
# nquan = 17
# nvalues = 1391                        
# units = specified
# name 0 = depFM: Depth [fresh water, m]
# name 1 = tv290C: Temperature [ITS-90, deg C]
# name 2 = sbeox0Mg/L: Oxygen, SBE 43 [mg/l]
# name 3 = sbeox0PS: Oxygen, SBE 43 [% saturation]
# name 4 = c0uS/cm: Conductivity [uS/cm]
# name 5 = specc: Specific Conductance [uS/cm]
# name 6 = ph: pH
# name 7 = orp: Oxidation Reduction Potential [mV]
# name 8 = flECO-AFL: Fluorescence, WET Labs ECO-AFL/FL [mg/m^3]
# name 9 = turbWETntu0: Turbidity, WET Labs ECO [NTU]
# name 10 = sal00: Salinity, Practical [PSU]
# name 11 = dz/dtM: Descent Rate [m/s]
# name 12 = prdM: Pressure, Strain Gauge [db]
# name 13 = prdE: Pressure, Strain Gauge [psi]
# name 14 = scan: Scan Count
# name 15 = par/sat/log: PAR/Logarithmic, Satlantic
# name 16 = flag:  0.000e+00
# span 0 =     -0.626,     10.386       
# span 1 =     7.6819,    24.9639       
# span 2 =     0.0724,     8.9523       
# span 3 =      0.610,    108.251       
# span 4 =  10.070130, 104.119353       
# span 5 =     11.661,    159.233       
# span 6 =      6.219,      8.493       
# span 7 =   -32.1906,   551.2275       
# span 8 =    -0.2021,     6.7367       
# span 9 =    -0.2646,     7.0134       
# span 10 =     0.0140,     0.0732      
# span 11 =     -0.106,      0.245      
# span 12 =     -0.614,     10.184      
# span 13 =     -0.890,     14.772      
# span 14 =          1,       1391      
# span 15 = 1.2147e-01, 2.5748e+02      
# span 16 = 0.0000e+00, 0.0000e+00      
# interval = seconds: 0.25
# start_time = Aug 02 2018 14:27:26 [Instrument's time stamp, header]
# bad_flag = -9.990e-29
*END*
[from data line 1277]
      9.398     7.8993     0.0836      0.704  77.959461    118.523      6.886    -4.8955     1.2900     1.9510     0.0545      0.025      9.217     13.367       1278 1.2564e-01 0.0000e+00
      9.403     7.9066     0.0777      0.654  77.986207    118.517      6.889    -5.0091     1.2900     1.9779     0.0545      0.023      9.222     13.375       1279 1.2549e-01 0.0000e+00
      9.410     7.9093     0.0803      0.676  77.968296    118.500      6.890    -5.5391     1.2374     1.8973     0.0545      0.021      9.227     13.383       1280 1.2557e-01 0.0000e+00
      9.413     7.9092     0.0827      0.696  78.041190    118.558      6.891    -5.7663     1.2374     1.9376     0.0546      0.018      9.232     13.390       1281 1.2562e-01 0.0000e+00
      9.418     7.9086     0.0805      0.677  78.073818    118.634      6.890    -6.0691     1.2333     1.9376     0.0546      0.018      9.237     13.398       1282 1.2549e-01 0.0000e+00
      9.427     7.9054     0.0855      0.719  78.046575    118.550      6.891    -5.9934     1.2253     1.9107     0.0546      0.020      9.245     13.411       1283 1.2544e-01 0.0000e+00
      9.439     7.9006     0.0856      0.721  78.223703    118.849      6.892    -6.4098     1.2819     2.3002     0.0547      0.023      9.260     13.432       1284 1.2561e-01 0.0000e+00
      9.464     7.8922     0.0785      0.661  78.507273    119.287      6.895    -6.5613     1.2778     2.2330     0.0549      0.030      9.283     13.464       1285 1.2566e-01 0.0000e+00
      9.495     7.8809     0.0842      0.709  78.882572    119.856      6.896    -6.8263     1.2980     2.2196     0.0552      0.042      9.310     13.503       1286 1.2568e-01 0.0000e+00
      9.521     7.8705     0.0855      0.720  79.391411    120.697      6.899    -6.9020     1.3304     2.3673     0.0555      0.055      9.335     13.539       1287 1.2559e-01 0.0000e+00
      9.541     7.8635     0.0835      0.703  79.716888    121.207      6.896    -6.9020     1.3304     2.3136     0.0558      0.068      9.354     13.567       1288 1.2548e-01 0.0000e+00
      9.552     7.8595     0.0834      0.702  79.755654    121.331      6.898    -6.9398     1.3910     2.2867     0.0558      0.076      9.366     13.584       1289 1.2555e-01 0.0000e+00
      9.556     7.8570     0.0801      0.674  79.610694    121.100      6.899    -7.8105     1.3910     2.3136     0.0557      0.078      9.373     13.595       1290 1.2567e-01 0.0000e+00
      9.567     7.8552     0.0824      0.693  79.837848    121.457      6.898    -7.8863     1.3789     2.3404     0.0559      0.074      9.383     13.609       1291 1.2558e-01 0.0000e+00
      9.581     7.8531     0.0835      0.703  80.305259    122.232      6.902    -7.8863     1.3425     2.2464     0.0562      0.067      9.393     13.625       1292 1.2548e-01 0.0000e+00
      9.588     7.8520     0.0874      0.735  80.634149    122.666      6.898    -8.2270     1.2819     2.1659     0.0564      0.056      9.401     13.635       1293 1.2566e-01 0.0000e+00
      9.590     7.8525     0.0811      0.682  80.647280    122.801      6.903    -8.3027     1.2859     2.0853     0.0565      0.044      9.404     13.639       1294 1.2560e-01 0.0000e+00
      9.590     7.8532     0.0834      0.702  80.229473    122.038      6.905    -8.7948     1.3142     2.1659     0.0561      0.034      9.405     13.642       1295 1.2561e-01 0.0000e+00
      9.593     7.8526     0.0817      0.688  79.994822    121.780      6.908    -8.9084     1.3021     2.1927     0.0560      0.027      9.409     13.647       1296 1.2580e-01 0.0000e+00
      9.602     7.8507     0.0801      0.675  80.463695    122.375      6.908    -9.2491     1.1242     1.8167     0.0563      0.024      9.418     13.659       1297 1.2559e-01 0.0000e+00
      9.616     7.8483     0.0861      0.725  81.459234    124.039      6.911    -9.9305     1.1242     1.6959     0.0570      0.024      9.428     13.674       1298 1.2557e-01 0.0000e+00
      9.624     7.8468     0.0816      0.687  81.817670    124.516      6.911    -9.9684     1.1080     1.7630     0.0573      0.024      9.436     13.687       1299 1.2573e-01 0.0000e+00
      9.629     7.8464     0.0834      0.702  81.682305    124.312      6.910   -10.2334     1.1080     1.6959     0.0572      0.024      9.442     13.695       1300 1.2557e-01 0.0000e+00
      9.633     7.8455     0.0856      0.721  81.687149    124.360      6.912   -10.3470     1.2212     2.0047     0.0572      0.025      9.446     13.701       1301 1.2555e-01 0.0000e+00
      9.636     7.8459     0.0820      0.691  81.633281    124.234      6.916   -10.6120     1.2657     2.0316     0.0571      0.027      9.450     13.706       1302 1.2561e-01 0.0000e+00
      9.640     7.8486     0.0804      0.677  81.541255    124.152      6.917   -10.9527     1.2455     1.9376     0.0571      0.027      9.454     13.712       1303 1.2557e-01 0.0000e+00
      9.644     7.8518     0.0756      0.637  81.415224    123.895      6.919   -11.8613     1.2536     1.9376     0.0570      0.024      9.458     13.717       1304 1.2564e-01 0.0000e+00
      9.647     7.8574     0.0815      0.687  81.255042    123.713      6.924   -12.5048     1.1970     1.9242     0.0569      0.020      9.460     13.720       1305 1.2560e-01 0.0000e+00
      9.647     7.8662     0.0820      0.690  80.878530    123.063      6.921   -12.6184     1.2253     1.9107     0.0566      0.015      9.461     13.721       1306 1.2551e-01 0.0000e+00
      9.647     7.8752     0.0782      0.658  80.456932    122.444      6.922   -12.9213     1.2131     1.9242     0.0563      0.012      9.461     13.721       1307 1.2557e-01 0.0000e+00
      9.647     7.8848     0.0829      0.698  80.263695    122.071      6.920   -13.6406     1.2495     2.0047     0.0561      0.009      9.461     13.722       1308 1.2565e-01 0.0000e+00
      9.648     7.8864     0.0822      0.691  80.316415    122.165      6.925   -13.9813     1.1080     1.9107     0.0562      0.007      9.462     13.724       1309 1.2567e-01 0.0000e+00
      9.652     7.8842     0.0828      0.696  80.480488    122.343      6.924   -14.4356     1.1080     1.9510     0.0563      0.006      9.465     13.728       1310 1.2569e-01 0.0000e+00
      9.655     7.8895     0.0873      0.734  80.713457    122.717      6.926   -14.7006     1.0716     1.9510     0.0565      0.005      9.467     13.731       1311 1.2573e-01 0.0000e+00
      9.656     7.8857     0.0772      0.649  80.799350    122.860      6.926   -14.8520     1.0999     1.9376     0.0565      0.005      9.469     13.734       1312 1.2555e-01 0.0000e+00
      9.658     7.8780     0.0820      0.690  81.027563    123.130      6.929   -15.0791     1.0999     1.6690     0.0566      0.006      9.471     13.737       1313 1.2547e-01 0.0000e+00
      9.661     7.8740     0.0851      0.716  81.291504    123.661      6.929   -15.2306     1.1120     1.7630     0.0569      0.007      9.474     13.742       1314 1.2568e-01 0.0000e+00
      9.664     7.8668     0.0850      0.715  81.570755    123.944      6.931   -15.8741     1.1323     1.7362     0.0570      0.009      9.478     13.747       1315 1.2566e-01 0.0000e+00
      9.670     7.8577     0.0825      0.694  82.077212    124.938      6.931   -16.0256     1.1161     1.6556     0.0575      0.010      9.484     13.755       1316 1.2556e-01 0.0000e+00
      9.679     7.8446     0.0857      0.721  82.236778    125.009      6.934   -16.0256     1.1242     1.6959     0.0575      0.013      9.494     13.769       1317 1.2561e-01 0.0000e+00
      9.693     7.8340     0.0931      0.784  82.858577    126.108      6.934   -16.3284     1.1444     1.7362     0.0580      0.018      9.507     13.788       1318 1.2571e-01 0.0000e+00
      9.710     7.8272     0.0825      0.694  83.622244    127.311      6.936   -16.5934     1.1403     1.6288     0.0585      0.025      9.522     13.811       1319 1.2572e-01 0.0000e+00
      9.726     7.8235     0.0833      0.701  83.932322    127.779      6.935   -16.3284     1.1565     1.6422     0.0587      0.034      9.537     13.833       1320 1.2563e-01 0.0000e+00
      9.741     7.8247     0.0762      0.642  84.375424    128.530      6.939   -16.7070     1.1606     1.7228     0.0591      0.042      9.550     13.852       1321 1.2559e-01 0.0000e+00
      9.749     7.8274     0.0787      0.663  84.557352    128.803      6.939   -16.5556     1.3749     2.1659     0.0592      0.048      9.558     13.864       1322 1.2553e-01 0.0000e+00
      9.751     7.8275     0.0770      0.648  84.508652    128.710      6.941   -16.5934     1.3587     2.1390     0.0592      0.049      9.562     13.869       1323 1.2544e-01 0.0000e+00
      9.753     7.8305     0.0790      0.665  84.436030    128.617      6.944   -16.8963     1.3668     2.0719     0.0591      0.045      9.563     13.871       1324 1.2544e-01 0.0000e+00
      9.751     7.8389     0.0730      0.615  84.172030    128.186      6.946   -16.7827     1.3708     2.1256     0.0589      0.037      9.563     13.871       1325 1.2560e-01 0.0000e+00
      9.752     7.8417     0.0724      0.610  83.856076    127.710      6.944   -17.1234     1.2900     2.1390     0.0587      0.028      9.564     13.872       1326 1.2557e-01 0.0000e+00
      9.755     7.8372     0.0828      0.697  83.937304    127.757      6.949   -17.5020     1.2738     2.1659     0.0587      0.018      9.567     13.875       1327 1.2552e-01 0.0000e+00
      9.758     7.8362     0.0802      0.675  83.952013    127.878      6.948   -17.5399     1.2940     2.1390     0.0588      0.012      9.569     13.878       1328 1.2551e-01 0.0000e+00
      9.758     7.8413     0.0869      0.732  83.391823    126.912      6.948   -17.8049     1.3102     2.1390     0.0583      0.007      9.569     13.880       1329 1.2552e-01 0.0000e+00
      9.759     7.8432     0.0842      0.708  82.999313    126.408      6.948   -17.8427     1.2374     1.8973     0.0581      0.005      9.572     13.883       1330 1.2565e-01 0.0000e+00
      9.765     7.8427     0.0846      0.712  83.162108    126.554      6.950   -18.1834     1.2212     1.9242     0.0582      0.006      9.577     13.891       1331 1.2572e-01 0.0000e+00
      9.774     7.8454     0.0824      0.693  83.516248    127.190      6.949   -18.4106     1.2414     1.8705     0.0585      0.009      9.586     13.903       1332 1.2556e-01 0.0000e+00
      9.785     7.8493     0.0877      0.738  83.955883    127.744      6.952   -18.9784     1.2010     1.9645     0.0587      0.014      9.596     13.918       1333 1.2551e-01 0.0000e+00
      9.796     7.8546     0.0844      0.709  84.279875    128.376      6.954   -18.9027     1.2819     1.9107     0.0590      0.020      9.605     13.932       1334 1.2550e-01 0.0000e+00
      9.803     7.8596     0.0802      0.674  84.242800    128.145      6.951   -19.2434     1.3142     1.9913     0.0589      0.024      9.612     13.942       1335 1.2549e-01 0.0000e+00
      9.807     7.8605     0.0762      0.641  84.031746    127.956      6.953   -19.2813     1.2819     1.9913     0.0588      0.028      9.618     13.951       1336 1.2568e-01 0.0000e+00
      9.815     7.8596     0.0807      0.678  83.769529    127.379      6.955   -19.6599     1.2738     1.9107     0.0586      0.031      9.626     13.961       1337 1.2567e-01 0.0000e+00
      9.825     7.8572     0.0858      0.720  84.004242    127.848      6.957   -19.7356     1.2819     2.1390     0.0588      0.033      9.636     13.976       1338 1.2565e-01 0.0000e+00
      9.839     7.8498     0.0836      0.702  84.631570    128.744      6.957   -19.9627     1.3223     2.0987     0.0592      0.034      9.650     13.995       1339 1.2556e-01 0.0000e+00
      9.855     7.8338     0.0862      0.724  85.070005    129.480      6.959   -19.9627     1.2980     1.9645     0.0595      0.036      9.665     14.017       1340 1.2543e-01 0.0000e+00
      9.872     7.8194     0.0847      0.711  85.985833    130.787      6.959   -19.9627     1.2778     2.0719     0.0601      0.040      9.681     14.042       1341 1.2565e-01 0.0000e+00
      9.889     7.8161     0.0873      0.733  86.673269    132.132      6.962   -20.3792     1.2536     2.1659     0.0607      0.046      9.699     14.067       1342 1.2572e-01 0.0000e+00
      9.909     7.8109     0.0827      0.695  86.622929    131.807      6.961   -20.7956     1.2333     2.1256     0.0606      0.053      9.717     14.093       1343 1.2559e-01 0.0000e+00
      9.926     7.7991     0.0789      0.662  87.118928    132.842      6.959   -21.2499     1.2374     2.2196     0.0611      0.060      9.734     14.119       1344 1.2556e-01 0.0000e+00
      9.943     7.7876     0.0831      0.697  87.869854    133.803      6.959   -21.1742     1.2131     2.0450     0.0615      0.065      9.751     14.144       1345 1.2554e-01 0.0000e+00
      9.962     7.7794     0.0773      0.648  88.572786    135.091      6.958   -21.5906     1.2374     2.1122     0.0621      0.068      9.768     14.168       1346 1.2561e-01 0.0000e+00
      9.978     7.7750     0.0807      0.677  89.069129    135.780      6.955   -21.5906     1.2414     2.0853     0.0624      0.069      9.785     14.192       1347 1.2571e-01 0.0000e+00
      9.994     7.7720     0.0756      0.634  89.274312    136.198      6.957   -21.8177     1.2414     2.1256     0.0626      0.069      9.800     14.214       1348 1.2564e-01 0.0000e+00
     10.008     7.7680     0.0779      0.654  89.447492    136.430      6.957   -22.0449     1.2374     2.1256     0.0627      0.067      9.814     14.234       1349 1.2553e-01 0.0000e+00
     10.020     7.7632     0.0843      0.707  89.656554    136.784      6.958   -21.6663     1.2414     2.1524     0.0628      0.065      9.827     14.253       1350 1.2550e-01 0.0000e+00
     10.034     7.7581     0.0836      0.701  90.025261    137.357      6.958   -21.9313     1.3830     2.1659     0.0631      0.062      9.840     14.272       1351 1.2553e-01 0.0000e+00
     10.047     7.7534     0.0807      0.677  90.386386    137.933      6.960   -22.3477     1.3547     2.1927     0.0634      0.059      9.853     14.292       1352 1.2562e-01 0.0000e+00
     10.062     7.7488     0.0792      0.664  90.932048    138.767      6.958   -22.8777     1.3344     2.0450     0.0637      0.057      9.867     14.312       1353 1.2568e-01 0.0000e+00
     10.077     7.7441     0.0855      0.717  91.487509    139.686      6.960   -22.2720     1.3506     2.0719     0.0642      0.055      9.882     14.333       1354 1.2562e-01 0.0000e+00
     10.091     7.7400     0.0819      0.687  91.866224    140.219      6.963   -22.3477     1.3627     2.2867     0.0644      0.055      9.896     14.353       1355 1.2561e-01 0.0000e+00
     10.105     7.7362     0.0848      0.711  92.156022    140.753      6.965   -22.0449     1.3910     2.3002     0.0647      0.055      9.910     14.373       1356 1.2563e-01 0.0000e+00
     10.120     7.7319     0.0798      0.669  92.524752    141.241      6.967   -22.8399     1.3385     2.2330     0.0649      0.055      9.925     14.395       1357 1.2568e-01 0.0000e+00
     10.137     7.7271     0.0775      0.650  93.102698    142.242      6.966   -22.8777     1.3991     2.3002     0.0653      0.057      9.942     14.420       1358 1.2586e-01 0.0000e+00
     10.157     7.7222     0.0759      0.637  93.816273    143.245      6.968   -23.5592     1.4962     2.2733     0.0658      0.059      9.961     14.447       1359 1.2569e-01 0.0000e+00
     10.178     7.7174     0.0821      0.689  94.819402    144.894      6.973   -23.3320     1.5245     2.3404     0.0665      0.063      9.980     14.474       1360 1.2550e-01 0.0000e+00
     10.194     7.7130     0.0819      0.687  95.394054    145.772      6.972   -24.0513     1.4881     2.2196     0.0670      0.065      9.996     14.498       1361 1.2570e-01 0.0000e+00
