Data/DataNotYetUploadedToEDI/Raw_CTD/2018_RawDownloads/080218_fcr50.cnv
* Sea-Bird SBE19plus  Data File:
* FileName = C:\DATA\080218_bvr_0002.hex
* Software version 2.6.3.104
* Temperature SN = 7809
* Conductivity SN = 7809
* System UpLoad Time = Aug 02 2018 14:37:00
* <ApplicationData>
* <Seaterm232>
# nquan = 17
# nvalues = 1446                        
# units = specified
# name 0 = depFM: Depth [fresh water, m]
# name 1 = tv290C: Temperature [ITS-90, deg C]
# name 2 = sbeox0Mg/L: Oxygen, SBE 43 [mg/l]
# name 3 = sbeox0PS: Oxygen, SBE 43 [% saturation]
# name 4 = c0uS/cm: Conductivity [uS/cm]
# name 5 = specc: Specific Conductance [uS/cm]
# name 6 = ph: pH
# name 7 = orp: Oxidation Reduction Potential [mV]
# name 8 = flECO-AFL: Fluorescence, WET Labs ECO-AFL/FL [mg/m^3]
# name 9 = turbWETntu0: Turbidity, WET Labs ECO [NTU]
# name 10 = sal00: Salinity, Practical [PSU]
# name 11 = dz/dtM: Descent Rate [m/s]
# name 12 = prdM: Pressure, Strain Gauge [db]
# name 13 = prdE: Pressure, Strain Gauge [psi]
# name 14 = scan: Scan Count
# name 15 = par/sat/log: PAR/Logarithmic, Satlantic
# name 16 = flag:  0.000e+00
# span 0 =     -0.544,      9.634       
# span 1 =    11.6346,    25.4057       
# span 2 =     0.0572,     9.3926       
# span 3 =      0.529,    114.527       
# span 4 =   0.616822,  97.443429       
# span 5 =      0.633,    132.882       
# span 6 =      5.984,      8.453       
# span 7 =  -309.1543,   281.9489       
# span 8 =    -0.2062,     3.9668       
# span 9 =    -0.3049,    42.9331       
# span 10 =     0.0115,     0.0629      
# span 11 =     -0.138,      0.222      
# span 12 =     -0.533,      9.447      
# span 13 =     -0.773,     13.701      
# span 14 =          1,       1446      
# span 15 = 1.2325e-01, 1.0332e+03      
# span 16 = 0.0000e+00, 0.0000e+00      
# interval = seconds: 0.25
# start_time = Aug 02 2018 16:29:49 [Instrument's time stamp, header]
# bad_flag = -9.990e-29
*END*
[from data line 171]
     -0.010    25.1773     5.0198     61.075  35.562957     35.451      8.179   148.8428     2.4667     3.5355     0.0239     -0.000     -0.010     -0.014        172 7.1439e+02 0.0000e+00
     -0.010    25.1756     5.7066     69.500  35.490955     35.341      8.171   147.6313     2.4626     3.5087     0.0238     -0.000     -0.010     -0.014        173 7.1435e+02 0.0000e+00
     -0.010    25.1739     6.5654     80.004  35.455565     35.342      8.167   148.2370     2.4464     3.5355     0.0238     -0.000     -0.010     -0.014        174 7.1443e+02 0.0000e+00
     -0.010    25.1717     7.4708     91.064  35.488369     35.343      8.158   148.4642     2.4828     3.6027     0.0238     -0.000     -0.010     -0.014        175 7.1394e+02 0.0000e+00
     -0.009    25.1703     8.2119    100.113  35.568761     35.456      8.152   150.8871     2.4667     3.8309     0.0239      0.000     -0.010     -0.014        176 7.1298e+02 0.0000e+00
     -0.010    25.1683     8.8042    107.340  35.592781     35.457      8.148   150.3949     2.4505     3.7638     0.0239      0.000     -0.010     -0.014        177 7.1282e+02 0.0000e+00
     -0.010    25.1674     9.1990    112.159  35.517791     35.403      8.140   150.3571     2.4747     3.7235     0.0239     -0.000     -0.010     -0.014        178 7.1315e+02 0.0000e+00
     -0.010    25.1655     9.3905    114.497  35.484138     35.348      8.132   150.7356     2.4586     3.6967     0.0238     -0.000     -0.010     -0.014        179 7.1191e+02 0.0000e+00
     -0.010    25.1662     9.3926    114.527  35.516032     35.405      8.118   149.6378     2.4586     3.6564     0.0239      0.000     -0.010     -0.014        180 7.1223e+02 0.0000e+00
     -0.010    25.2080     9.2756    113.102  35.537416     35.406      8.110   149.6756     2.5354     3.2938     0.0239     -0.000     -0.010     -0.014        181 7.1293e+02 0.0000e+00
     -0.010    25.2831     9.0935    110.883  35.635474     35.518      8.100   151.4549     2.5637     3.3341     0.0239     -0.000     -0.010     -0.014        182 7.1269e+02 0.0000e+00
     -0.010    25.3383     8.9129    108.680  35.720231     35.572      8.096   151.7956     2.5152     3.3207     0.0239     -0.000     -0.010     -0.014        183 7.1237e+02 0.0000e+00
     -0.009    25.3682     8.7709    106.949  35.728495     35.517      8.088   151.8713     2.5192     3.3610     0.0239      0.000     -0.010     -0.014        184 7.1185e+02 0.0000e+00
     -0.010    25.3851     8.6361    105.307  35.773449     35.534      8.081   151.6442     2.4788     3.7772     0.0240      0.000     -0.010     -0.014        185 7.1185e+02 0.0000e+00
     -0.010    25.3928     8.5178    103.864  35.782892     35.513      8.074   151.6063     2.4586     3.7504     0.0240      0.000     -0.010     -0.014        186 7.1039e+02 0.0000e+00
     -0.009    25.3965     8.4106    102.554  35.746384     35.474      8.068   151.8713     2.4788     3.7235     0.0240      0.000     -0.010     -0.014        187 7.0957e+02 0.0000e+00
     -0.010    25.3987     8.3172    101.415  35.729899     35.440      8.063   152.4392     2.4626     3.7772     0.0239      0.000     -0.010     -0.014        188 7.1042e+02 0.0000e+00
     -0.009    25.4005     8.2447    100.532  35.773746     35.493      8.059   152.5906     2.3898     3.5624     0.0240      0.000     -0.010     -0.014        189 7.1080e+02 0.0000e+00
     -0.011    25.4024     8.1955     99.931  35.780789     35.492      8.055   152.9313     2.4100     3.5758     0.0240     -0.000     -0.010     -0.014        190 7.1023e+02 0.0000e+00
     -0.009    25.4037     8.1602     99.500  35.780448     35.490      8.051   153.4235     2.3615     3.5087     0.0240     -0.000     -0.010     -0.014        191 7.0933e+02 0.0000e+00
     -0.010    25.4039     8.1487     99.360  35.833485     35.545      8.051   153.4992     2.4060     3.4952     0.0240     -0.000     -0.010     -0.014        192 7.0833e+02 0.0000e+00
     -0.010    25.4039     8.1386     99.236  35.803761     35.516      8.050   151.7956     2.4060     4.0055     0.0240      0.000     -0.010     -0.014        193 7.0723e+02 0.0000e+00
     -0.010    25.4043     8.1414     99.272  35.787783     35.488      8.056   152.5906     2.4141     4.0055     0.0240      0.000     -0.010     -0.014        194 7.0710e+02 0.0000e+00
     -0.009    25.4046     8.1504     99.383  35.823710     35.543      8.058   152.7421     2.3979     3.9518     0.0240     -0.000     -0.009     -0.014        195 7.0685e+02 0.0000e+00
     -0.009    25.4040     8.1602     99.502  35.788706     35.488      8.062   154.0671     2.4020     4.0592     0.0240      0.000     -0.009     -0.014        196 7.0608e+02 0.0000e+00
     -0.009    25.4033     8.1601     99.501  35.772028     35.488      8.067   154.2942     2.3777     3.7638     0.0240      0.000     -0.009     -0.014        197 7.0610e+02 0.0000e+00
     -0.010    25.4035     8.1586     99.482  35.785150     35.488      8.069   154.3699     2.3817     3.8041     0.0240      0.000     -0.009     -0.014        198 7.0649e+02 0.0000e+00
     -0.009    25.4035     8.1609     99.512  35.802034     35.516      8.074   151.5306     2.3979     3.8041     0.0240      0.000     -0.009     -0.014        199 7.0609e+02 0.0000e+00
     -0.010    25.4032     8.1644     99.555  35.780675     35.488      8.076   152.0606     2.4262     3.8846     0.0240      0.000     -0.010     -0.014        200 7.0564e+02 0.0000e+00
     -0.010    25.4030     8.1684     99.606  35.782073     35.488      8.075   152.3256     2.3453     3.7907     0.0240     -0.000     -0.010     -0.014        201 7.0559e+02 0.0000e+00
     -0.010    25.4026     8.1747     99.682  35.770636     35.489      8.073   153.4613     2.4667     3.7772     0.0240     -0.000     -0.010     -0.014        202 7.0565e+02 0.0000e+00
     -0.009    25.4028     8.1867     99.826  35.735593     35.433      8.072   154.0292     2.4747     3.7504     0.0239     -0.000     -0.009     -0.014        203 7.0588e+02 0.0000e+00
     -0.009    25.4036     8.1800     99.741  35.766368     35.489      8.069   154.8621     2.4626     3.7772     0.0240      0.000     -0.009     -0.014        204 7.0595e+02 0.0000e+00
     -0.010    25.4040     8.1688     99.603  35.761994     35.461      8.065   152.5528     2.4667     3.8981     0.0240      0.000     -0.010     -0.014        205 7.0655e+02 0.0000e+00
     -0.010    25.4041     8.1480     99.349  35.770693     35.488      8.063   152.4771     2.4667     3.5221     0.0240      0.000     -0.010     -0.014        206 7.0692e+02 0.0000e+00
     -0.009    25.4038     8.1233     99.048  35.785199     35.488      8.063   152.8556     2.4950     3.5087     0.0240      0.000     -0.009     -0.013        207 7.0744e+02 0.0000e+00
     -0.009    25.4037     8.1108     98.892  35.773600     35.488      8.063   153.7264     2.4626     3.5892     0.0240      0.000     -0.009     -0.013        208 7.0902e+02 0.0000e+00
     -0.010    25.4044     8.1044     98.813  35.785129     35.488      8.067   153.9535     2.4747     3.6161     0.0240      0.000     -0.010     -0.014        209 7.0919e+02 0.0000e+00
     -0.010    25.4053     8.1064     98.835  35.800509     35.516      8.068   153.6506     2.3898     3.5355     0.0240     -0.000     -0.010     -0.014        210 7.0836e+02 0.0000e+00
     -0.010    25.4057     8.1149     98.937  35.784118     35.488      8.071   153.5749     2.3858     3.4818     0.0240     -0.000     -0.010     -0.014        211 7.0843e+02 0.0000e+00
     -0.010    25.4057     8.1222     99.024  35.775871     35.487      8.072   153.5749     2.4141     3.6027     0.0240     -0.000     -0.010     -0.014        212 7.0992e+02 0.0000e+00
     -0.010    25.4045     8.1263     99.075  35.781114     35.487      8.073   153.8021     2.3939     3.5355     0.0240     -0.000     -0.010     -0.014        213 7.1142e+02 0.0000e+00
     -0.010    25.4030     8.1268     99.082  35.718276     35.431      8.074   153.6128     2.1957     3.5624     0.0239     -0.000     -0.010     -0.014        214 7.1199e+02 0.0000e+00
     -0.010    25.4022     8.1324     99.149  35.646465     35.349      8.073   153.9535     2.2362     3.5490     0.0239     -0.000     -0.010     -0.014        215 7.1250e+02 0.0000e+00
     -0.010    25.4019     8.1446     99.298  35.692535     35.405      8.074   155.7706     2.1917     3.5087     0.0239     -0.000     -0.010     -0.014        216 7.1324e+02 0.0000e+00
     -0.010    25.4012     8.1536     99.409  35.720260     35.434      8.075   155.3921     2.2200     3.6295     0.0239      0.000     -0.010     -0.014        217 7.1335e+02 0.0000e+00
     -0.009    25.3997     8.1641     99.538  35.641620     35.351      8.075   155.3921     2.2645     3.6429     0.0239      0.000     -0.009     -0.013        218 7.1236e+02 0.0000e+00
     -0.009    25.3988     8.1817     99.753  35.642110     35.351      8.075   154.5592     2.2523     3.6295     0.0239      0.000     -0.009     -0.013        219 7.1334e+02 0.0000e+00
     -0.009    25.3979     8.1921     99.878  35.719649     35.436      8.073   154.7485     2.2726     3.6027     0.0239      0.000     -0.009     -0.013        220 7.1461e+02 0.0000e+00
     -0.009    25.3969     8.2020    100.000  35.723073     35.436      8.072   154.8999     2.2685     3.5624     0.0239      0.000     -0.009     -0.013        221 7.1407e+02 0.0000e+00
     -0.009    25.3962     8.2075    100.070  35.637850     35.354      8.073   157.9285     2.2443     3.6698     0.0239      0.000     -0.009     -0.013        222 7.1433e+02 0.0000e+00
     -0.010    25.3963     8.2018    100.001  35.647761     35.354      8.076   157.2092     2.2321     3.7235     0.0239      0.000     -0.009     -0.013        223 7.1478e+02 0.0000e+00
     -0.009    25.3965     8.1938     99.903  35.710741     35.438      8.073   157.0956     2.2079     3.6967     0.0239      0.000     -0.009     -0.013        224 7.1566e+02 0.0000e+00
     -0.009    25.3962     8.1880     99.827  35.737421     35.438      8.076   156.4899     2.1917     3.7235     0.0239      0.000     -0.009     -0.013        225 7.1537e+02 0.0000e+00
     -0.010    25.3963     8.1765     99.682  35.703531     35.438      8.077   156.8306     2.1957     3.7772     0.0239     -0.000     -0.009     -0.013        226 7.1612e+02 0.0000e+00
     -0.009    25.3969     8.1779     99.692  35.663943     35.355      8.078   158.8371     2.2079     3.4550     0.0239     -0.000     -0.009     -0.013        227 7.1738e+02 0.0000e+00
     -0.010    25.3973     8.1770     99.677  35.697714     35.438      8.081   159.0264     2.1917     3.3207     0.0239     -0.000     -0.010     -0.014        228 7.1546e+02 0.0000e+00
     -0.010    25.3974     8.1860     99.780  35.661503     35.354      8.084   158.7614     2.1796     3.4012     0.0239     -0.000     -0.010     -0.014        229 7.1619e+02 0.0000e+00
     -0.010    25.3971     8.1846     99.768  35.620033     35.354      8.087   159.1399     2.2159     3.3207     0.0239     -0.000     -0.010     -0.014        230 7.1729e+02 0.0000e+00
     -0.010    25.3977     8.2005     99.973  35.601033     35.299      8.089   158.0799     2.2685     3.4012     0.0239     -0.000     -0.010     -0.014        231 7.1640e+02 0.0000e+00
     -0.009    25.3987     8.1948     99.908  35.625832     35.354      8.092   159.1778     2.2523     3.3744     0.0239     -0.000     -0.009     -0.013        232 7.1632e+02 0.0000e+00
     -0.009    25.3993     8.1798     99.725  35.648488     35.354      8.092   159.5942     2.2887     3.3475     0.0239 -3.225e-13     -0.009     -0.013        233 7.1724e+02 0.0000e+00
     -0.010    25.3987     8.1698     99.606  35.632155     35.353      8.094   160.1242     2.2645     3.3475     0.0239      0.000     -0.010     -0.014        234 7.1756e+02 0.0000e+00
     -0.010    25.3965     8.1772     99.695  35.646158     35.353      8.094   159.9728     2.2887     3.2938     0.0239      0.000     -0.010     -0.014        235 7.1674e+02 0.0000e+00
     -0.009    25.3931     8.1670     99.568  35.631061     35.353      8.094   159.8592     2.2766     3.3475     0.0239      0.000     -0.009     -0.013        236 7.1793e+02 0.0000e+00
     -0.009    25.3898     8.1453     99.302  35.591627     35.299      8.094   160.0485     2.2523     3.3341     0.0239      0.000     -0.009     -0.013        237 7.1822e+02 0.0000e+00
     -0.009    25.3868     8.1377     99.208  35.635916     35.357      8.096   160.6542     2.2483     3.3207     0.0239      0.000     -0.009     -0.013        238 7.1803e+02 0.0000e+00
     -0.009    25.3844     8.1355     99.183  35.635260     35.359      8.096   159.5942     2.3211     3.5221     0.0239      0.000     -0.009     -0.013        239 7.1918e+02 0.0000e+00
     -0.009    25.3871     8.1369     99.201  35.592447     35.306      8.096   160.1999     2.3373     3.6027     0.0239      0.000     -0.009     -0.013        240 7.1945e+02 0.0000e+00
     -0.010    25.3927     8.1419     99.263  35.629883     35.363      8.094   160.1621     2.3534     3.6027     0.0239      0.000     -0.009     -0.013        241 7.2068e+02 0.0000e+00
     -0.009    25.3950     8.1249     99.055  35.647987     35.361      8.098   160.9571     2.3373     3.5490     0.0239      0.000     -0.009     -0.013        242 7.2214e+02 0.0000e+00
     -0.010    25.3952     8.0879     98.602  35.629230     35.357      8.101   161.4492     2.3575     3.5355     0.0239     -0.000     -0.009     -0.013        243 7.2296e+02 0.0000e+00
     -0.009    25.3966     8.0654     98.325  35.653223     35.356      8.105   159.1021     2.3251     3.5758     0.0239     -0.000     -0.009     -0.013        244 7.2384e+02 0.0000e+00
     -0.009    25.3962     8.0740     98.428  35.707102     35.439      8.108   159.5564     2.3251     3.6698     0.0239     -0.000     -0.009     -0.013        245 7.2372e+02 0.0000e+00
     -0.010    25.3944     8.0880     98.596  35.651154     35.354      8.113   159.9728     2.3494     3.5892     0.0239     -0.000     -0.009     -0.013        246 7.2242e+02 0.0000e+00
     -0.009    25.3933     8.1059     98.814  35.633875     35.355      8.116   160.0864     2.3413     3.5758     0.0239     -0.000     -0.009     -0.013        247 7.2345e+02 0.0000e+00
     -0.009    25.3929     8.1143     98.916  35.728603     35.439      8.118   161.1085     2.3211     3.5221     0.0239     -0.000     -0.009     -0.013        248 7.2513e+02 0.0000e+00
     -0.009    25.3940     8.1230     99.021  35.711215     35.440      8.122   161.1085     2.3453     3.5355     0.0239      0.000     -0.009     -0.013        249 7.2419e+02 0.0000e+00
     -0.009    25.3946     8.1383     99.205  35.655516     35.357      8.123   159.2157     2.3211     3.5892     0.0239      0.000     -0.009     -0.013        250 7.2412e+02 0.0000e+00
     -0.010    25.3950     8.1329     99.139  35.708945     35.440      8.123   159.6699     2.3453     3.5355     0.0239      0.000     -0.010     -0.014        251 7.2436e+02 0.0000e+00
     -0.010    25.3949     8.1169     98.943  35.644723     35.356      8.124   159.7457     2.3332     3.5758     0.0239     -0.000     -0.010     -0.014        252 7.2539e+02 0.0000e+00
     -0.009    25.3937     8.1081     98.835  35.646466     35.356      8.125   160.6164     2.3453     3.5221     0.0239     -0.000     -0.009     -0.013        253 7.2670e+02 0.0000e+00
     -0.009    25.3923     8.1102     98.861  35.706777     35.439      8.127   160.7299     2.3373     3.5221     0.0239      0.000     -0.009     -0.013        254 7.2709e+02 0.0000e+00
     -0.010    25.3907     8.1258     99.050  35.658640     35.357      8.123   160.6921     2.3373     3.4952     0.0239     -0.000     -0.009     -0.013        255 7.3010e+02 0.0000e+00
