Data/DataNotYetUploadedToEDI/Raw_CTD/2018_RawDownloads/080218_fcr50.cnv
* Sea-Bird SBE19plus  Data File:
* FileName = C:\DATA\080218_bvr_0002.hex
* Software version 2.6.3.104
* Temperature SN = 7809
* Conductivity SN = 7809
* System UpLoad Time = Aug 02 2018 14:37:00
* <ApplicationData>
* <Seaterm232>
# nquan = 17
# nvalues = 1446                        
# units = specified
# name 0 = depFM: Depth [fresh water, m]
# name 1 = tv290C: Temperature [ITS-90, deg C]
# name 2 = sbeox0Mg/L: Oxygen, SBE 43 [mg/l]
# name 3 = sbeox0PS: Oxygen, SBE 43 [% saturation]
# name 4 = c0uS/cm: Conductivity [uS/cm]
# name 5 = specc: Specific Conductance [uS/cm]
# name 6 = ph: pH
# name 7 = orp: Oxidation Reduction Potential [mV]
# name 8 = flECO-AFL: Fluorescence, WET Labs ECO-AFL/FL [mg/m^3]
# name 9 = turbWETntu0: Turbidity, WET Labs ECO [NTU]
# name 10 = sal00: Salinity, Practical [PSU]
# name 11 = dz/dtM: Descent Rate [m/s]
# name 12 = prdM: Pressure, Strain Gauge [db]
# name 13 = prdE: Pressure, Strain Gauge [psi]
# name 14 = scan: Scan Count
# name 15 = par/sat/log: PAR/Logarithmic, Satlantic
# name 16 = flag:  0.000e+00
# span 0 =     -0.544,      9.634       
# span 1 =    11.6346,    25.4057       
# span 2 =     0.0572,     9.3926       
# span 3 =      0.529,    114.527       
# span 4 =   0.616822,  97.443429       
# span 5 =      0.633,    132.882       
# span 6 =      5.984,      8.453       
# span 7 =  -309.1543,   281.9489       
# span 8 =    -0.2062,     3.9668       
# span 9 =    -0.3049,    42.9331       
# span 10 =     0.0115,     0.0629      
# span 11 =     -0.138,      0.222      
# span 12 =     -0.533,      9.447      
# span 13 =     -0.773,     13.701      
# span 14 =          1,       1446      
# span 15 = 1.2325e-01, 1.0332e+03      
# span 16 = 0.0000e+00, 0.0000e+00      
# interval = seconds: 0.25
# start_time = Aug 02 2018 16:29:49 [Instrument's time stamp, header]
# bad_flag = -9.990e-29
*END*
[from data line 596]
      1.038    24.9966     7.5273     90.970  35.950060     35.916      7.979   198.3979     2.4586     3.5758     0.0240      0.032      1.018      1.476        597 1.3573e+02 0.0000e+00
      1.043    24.9845     7.5195     90.851  36.052286     36.043      7.974   200.5936     2.4667     3.5490     0.0241      0.031      1.023      1.484        598 1.3472e+02 0.0000e+00
      1.049    24.9785     7.5151     90.779  36.121981     36.113      7.972   200.6693     2.4586     3.5624     0.0241      0.030      1.030      1.493        599 1.3339e+02 0.0000e+00
      1.058    24.9721     7.5165     90.784  36.189576     36.205      7.970   200.3665     2.4262     3.5087     0.0241      0.030      1.038      1.505        600 1.3142e+02 0.0000e+00
      1.069    24.9570     7.5204     90.829  36.264757     36.265      7.965   200.5558     2.4060     3.4952     0.0242      0.029      1.048      1.520        601 1.2973e+02 0.0000e+00
      1.080    24.9433     7.5306     90.958  36.295353     36.326      7.962   200.2151     2.4060     3.5221     0.0242      0.030      1.059      1.535        602 1.2785e+02 0.0000e+00
      1.091    24.9443     7.5128     90.755  36.270138     36.281      7.956   200.4422     2.3817     3.5221     0.0242      0.032      1.069      1.550        603 1.2665e+02 0.0000e+00
      1.099    24.9476     7.5065     90.685  36.266484     36.320      7.948   200.8208     2.4060     3.2938     0.0242      0.034      1.077      1.562        604 1.2615e+02 0.0000e+00
      1.104    24.9452     7.4924     90.516  36.270249     36.290      7.942   201.0858     2.4141     3.3207     0.0242      0.035      1.083      1.571        605 1.2494e+02 0.0000e+00
      1.110    24.9362     7.4764     90.322  36.295113     36.344      7.940   201.1615     2.3979     3.2133     0.0242      0.035      1.090      1.581        606 1.2307e+02 0.0000e+00
      1.122    24.9194     7.4800     90.368  36.324516     36.346      7.934   202.4486     2.4262     3.3207     0.0242      0.035      1.099      1.594        607 1.2198e+02 0.0000e+00
      1.129    24.9038     7.4792     90.360  36.292977     36.352      7.927   201.8808     2.4303     3.5221     0.0242      0.034      1.107      1.605        608 1.2128e+02 0.0000e+00
      1.134    24.8927     7.4771     90.334  36.275050     36.309      7.921   201.9565     2.4343     3.5758     0.0242      0.031      1.113      1.614        609 1.2023e+02 0.0000e+00
      1.141    24.8861     7.4742     90.300  36.317174     36.404      7.913   201.0858     2.4303     3.5490     0.0242      0.029      1.118      1.621        610 1.1980e+02 0.0000e+00
      1.143    24.8845     7.4816     90.388  36.329538     36.384      7.909   201.3886     2.4181     3.4684     0.0242      0.027      1.121      1.626        611 1.1937e+02 0.0000e+00
      1.146    24.8880     7.4901     90.499  36.348646     36.445      7.905   202.2215     2.3858     3.4550     0.0242      0.025      1.125      1.632        612 1.1825e+02 0.0000e+00
      1.154    24.8944     7.4924     90.549  36.323056     36.390      7.903   202.6001     2.5030     3.3207     0.0242      0.024      1.131      1.641        613 1.1699e+02 0.0000e+00
      1.161    24.8985     7.4994     90.660  36.302067     36.388      7.899   202.7893     2.5394     3.4012     0.0242      0.022      1.138      1.651        614 1.1637e+02 0.0000e+00
      1.167    24.8991     7.5030     90.712  36.285789     36.354      7.894   200.8208     2.5233     3.3475     0.0242      0.021      1.144      1.660        615 1.1562e+02 0.0000e+00
      1.173    24.8986     7.5056     90.742  36.254335     36.324      7.891   201.4643     2.5233     3.3072     0.0242      0.021      1.151      1.670        616 1.1448e+02 0.0000e+00
      1.181    24.9002     7.5150     90.848  36.311550     36.379      7.889   201.5779     2.5233     3.3207     0.0242      0.023      1.159      1.681        617 1.1316e+02 0.0000e+00
      1.191    24.9015     7.5220     90.912  36.303560     36.380      7.888   201.9943     2.5556     3.3341     0.0242      0.025      1.168      1.694        618 1.1196e+02 0.0000e+00
      1.200    24.9015     7.5292     90.970  36.264276     36.322      7.885   202.7893     2.5314     3.3610     0.0242      0.028      1.177      1.707        619 1.1089e+02 0.0000e+00
      1.207    24.9017     7.5351     91.015  36.301120     36.377      7.880   202.9408     2.5314     3.3207     0.0242      0.030      1.184      1.717        620 1.0979e+02 0.0000e+00
      1.214    24.9012     7.5347     90.999  36.346687     36.405      7.876   201.7672     2.5111     3.3475     0.0242      0.030      1.190      1.727        621 1.0893e+02 0.0000e+00
      1.221    24.9058     7.5318     90.960  36.355865     36.433      7.870   202.0322     2.5192     3.3341     0.0242      0.031      1.197      1.736        622 1.0796e+02 0.0000e+00
      1.228    24.9196     7.5285     90.899  36.319356     36.378      7.866   202.2215     2.5516     3.4012     0.0242      0.030      1.204      1.746        623 1.0709e+02 0.0000e+00
      1.234    24.9343     7.5136     90.692  36.303144     36.374      7.863   202.5243     2.5273     3.4415     0.0242      0.030      1.210      1.755        624 1.0629e+02 0.0000e+00
      1.240    24.9400     7.4980     90.485  36.316721     36.364      7.857   203.0922     2.6244     3.3744     0.0242      0.028      1.216      1.764        625 1.0561e+02 0.0000e+00
      1.246    24.9392     7.4931     90.415  36.332114     36.381      7.849   203.6601     2.5758     3.3341     0.0242      0.027      1.222      1.773        626 1.0486e+02 0.0000e+00
      1.252    24.9345     7.4921     90.396  36.313642     36.349      7.841   203.2058     2.5799     3.2938     0.0242      0.026      1.228      1.781        627 1.0388e+02 0.0000e+00
      1.258    24.9222     7.4980     90.459  36.250729     36.294      7.837   203.3572     2.5799     3.3475     0.0242      0.025      1.234      1.790        628 1.0325e+02 0.0000e+00
      1.264    24.9049     7.5050     90.540  36.262113     36.297      7.829   203.7358     2.5152     3.4952     0.0242      0.024      1.240      1.798        629 1.0253e+02 0.0000e+00
      1.271    24.8894     7.5056     90.537  36.299479     36.362      7.824   203.7358     2.5030     3.5490     0.0242      0.024      1.246      1.807        630 1.0162e+02 0.0000e+00
      1.276    24.8830     7.5112     90.580  36.322868     36.375      7.818   204.1901     2.5718     3.6027     0.0242      0.024      1.252      1.817        631 1.0065e+02 0.0000e+00
      1.285    24.8802     7.5093     90.528  36.321989     36.414      7.811   204.5686     2.5111     3.5355     0.0242      0.024      1.262      1.830        632 9.9147e+01 0.0000e+00
      1.299    24.8676     7.5038     90.434  36.270922     36.335      7.803   204.7579     2.4950     3.8444     0.0242      0.027      1.274      1.847        633 9.7773e+01 0.0000e+00
      1.311    24.8515     7.4979     90.331  36.297448     36.393      7.796   204.8715     2.4383     3.6967     0.0242      0.031      1.285      1.863        634 9.6891e+01 0.0000e+00
      1.319    24.8403     7.4772     90.051  36.318639     36.402      7.788   204.4172     2.4869     3.7907     0.0242      0.033      1.294      1.877        635 9.5970e+01 0.0000e+00
      1.330    24.8340     7.4479     89.682  36.363188     36.470      7.779   204.8336     2.4788     3.7101     0.0242      0.036      1.304      1.891        636 9.4721e+01 0.0000e+00
      1.341    24.8297     7.3958     89.048  36.360649     36.478      7.776   204.8336     2.4586     3.7907     0.0242      0.039      1.315      1.907        637 9.3178e+01 0.0000e+00
      1.353    24.8249     7.3375     88.340  36.292147     36.399      7.766   205.6286     2.6163     3.6027     0.0242      0.041      1.327      1.924        638 9.1929e+01 0.0000e+00
      1.365    24.8224     7.2706     87.519  36.300148     36.430      7.760   205.8558     2.6122     3.5490     0.0242      0.043      1.337      1.940        639 9.0967e+01 0.0000e+00
      1.374    24.8166     7.2025     86.684  36.321037     36.434      7.752   205.8936     2.5920     3.5355     0.0242      0.043      1.347      1.954        640 9.0085e+01 0.0000e+00
      1.382    24.8022     7.1431     85.964  36.355131     36.491      7.745   205.6665     2.5920     3.5758     0.0242      0.042      1.356      1.966        641 8.9284e+01 0.0000e+00
      1.391    24.7843     7.0946     85.378  36.376356     36.495      7.740   205.8936     2.5556     3.3072     0.0242      0.041      1.364      1.978        642 8.8344e+01 0.0000e+00
      1.400    24.7675     7.0449     84.771  36.442921     36.590      7.728   206.9915     2.5435     3.3207     0.0243      0.040      1.372      1.989        643 8.7525e+01 0.0000e+00
      1.406    24.7486     7.0078     84.312  36.539230     36.688      7.726   206.9536     2.5475     3.2804     0.0243      0.038      1.378      1.999        644 8.7109e+01 0.0000e+00
      1.411    24.7308     6.9829     84.006  36.582759     36.756      7.720   206.8779     2.5111     3.2670     0.0243      0.034      1.383      2.007        645 8.6703e+01 0.0000e+00
      1.417    24.7207     6.9700     83.847  36.596371     36.770      7.716   207.1429     2.6324     3.6027     0.0243      0.031      1.389      2.016        646 8.5751e+01 0.0000e+00
      1.424    24.7168     6.9594     83.716  36.581616     36.784      7.710   207.3322     2.6769     3.5490     0.0243      0.029      1.397      2.027        647 8.4876e+01 0.0000e+00
      1.433    24.7128     6.9516     83.618  36.601131     36.791      7.706   207.2944     2.6688     3.5355     0.0243      0.028      1.407      2.040        648 8.3931e+01 0.0000e+00
      1.447    24.7031     6.9453     83.532  36.661070     36.878      7.702   207.7865     2.6688     3.4952     0.0244      0.029      1.420      2.059        649 8.2308e+01 0.0000e+00
      1.463    24.6937     6.9525     83.601  36.684982     36.881      7.696   208.0894     3.0611     3.3072     0.0244      0.033      1.436      2.081        650 8.0496e+01 0.0000e+00
      1.480    24.6909     6.9572     83.641  36.660355     36.888      7.684   207.9379     3.0570     3.4012     0.0244      0.038      1.451      2.104        651 7.9154e+01 0.0000e+00
      1.494    24.6893     6.9622     83.687  36.602744     36.811      7.673   208.3165     3.0772     3.2938     0.0243      0.044      1.464      2.124        652 7.8101e+01 0.0000e+00
      1.505    24.6833     6.9545     83.581  36.578725     36.813      7.666   208.3922     3.0651     3.3341     0.0243      0.049      1.475      2.139        653 7.7279e+01 0.0000e+00
      1.514    24.6756     6.9547     83.584  36.601271     36.814      7.656   208.4679     3.5018     3.6027     0.0243      0.051      1.484      2.152        654 7.6618e+01 0.0000e+00
      1.521    24.6710     6.9204     83.171  36.663665     36.903      7.647   208.5815     3.5059     3.5490     0.0244      0.051      1.491      2.163        655 7.5746e+01 0.0000e+00
      1.528    24.6687     6.9044     82.965  36.679034     36.909      7.644   208.7329     3.5018     3.5355     0.0244      0.047      1.497      2.172        656 7.5320e+01 0.0000e+00
      1.531    24.6670     6.8790     82.643  36.730444     36.968      7.636   208.7708     3.5099     3.4550     0.0244      0.041      1.501      2.178        657 7.5153e+01 0.0000e+00
      1.535    24.6639     6.8548     82.339  36.718326     36.970      7.630   209.1872     3.5099     3.5221     0.0244      0.034      1.506      2.184        658 7.4550e+01 0.0000e+00
      1.541    24.6566     6.8299     82.028  36.694117     36.915      7.626   209.1872     3.1702     3.5758     0.0244      0.028      1.512      2.193        659 7.3712e+01 0.0000e+00
      1.550    24.6456     6.8076     81.751  36.730915     37.002      7.619   209.2629     3.1702     3.5758     0.0244      0.025      1.520      2.204        660 7.3082e+01 0.0000e+00
      1.557    24.6353     6.7897     81.518  36.702194     36.923      7.614   209.6037     3.1864     3.5490     0.0244      0.024      1.527      2.214        661 7.2435e+01 0.0000e+00
      1.564    24.6260     6.7788     81.356  36.759523     37.044      7.610   209.7551     3.1945     3.5490     0.0244      0.024      1.534      2.224        662 7.1665e+01 0.0000e+00
      1.570    24.6182     6.7973     81.538  36.748552     36.995      7.606   210.0958     2.9964     3.5490     0.0244      0.024      1.540      2.233        663 7.1227e+01 0.0000e+00
      1.576    24.6179     6.8164     81.728  36.715851     37.002      7.601   210.0201     3.0004     3.5624     0.0244      0.025      1.545      2.241        664 7.0997e+01 0.0000e+00
      1.580    24.6173     6.8409     81.985  36.740904     37.008      7.595   210.4744     2.9802     3.6295     0.0244      0.025      1.552      2.251        665 6.9974e+01 0.0000e+00
      1.593    24.6082     6.8620     82.209  36.747037     37.036      7.586   210.7772     2.9883     3.5087     0.0244      0.027      1.563      2.266        666 6.8526e+01 0.0000e+00
      1.607    24.5979     6.8788     82.389  36.797199     37.065      7.580   211.0801     3.1622     3.4684     0.0244      0.029      1.576      2.285        667 6.7556e+01 0.0000e+00
      1.620    24.5891     6.8908     82.510  36.826779     37.128      7.573   210.8908     3.1622     3.5355     0.0244      0.032      1.589      2.305        668 6.6338e+01 0.0000e+00
      1.635    24.5813     6.8992     82.587  36.680570     36.967      7.564   211.3072     3.1986     3.5892     0.0244      0.037      1.603      2.325        669 6.5062e+01 0.0000e+00
      1.649    24.5745     6.8977     82.573  36.593584     36.888      7.555   211.5344     3.1783     3.5490     0.0243      0.042      1.617      2.346        670 6.3911e+01 0.0000e+00
      1.664    24.5629     6.8852     82.443  36.668102     36.979      7.549   211.7615     3.1905     3.5087     0.0244      0.048      1.632      2.366        671 6.2564e+01 0.0000e+00
      1.679    24.5419     6.8679     82.213  36.587840     36.899      7.539   212.1779     3.1945     3.4952     0.0243      0.053      1.646      2.386        672 6.1612e+01 0.0000e+00
      1.689    24.5161     6.8455     81.879  36.485859     36.795      7.529   212.3294     3.1581     3.4550     0.0243      0.055      1.657      2.402        673 6.0911e+01 0.0000e+00
      1.699    24.4904     6.8193     81.505  36.468769     36.811      7.526   212.0265     3.1945     3.5624     0.0243      0.054      1.666      2.416        674 6.0125e+01 0.0000e+00
      1.707    24.4662     6.7852     81.042  36.371845     36.717      7.521   212.7837     3.2430     3.5892     0.0242      0.051      1.673      2.426        675 5.9667e+01 0.0000e+00
      1.712    24.4475     6.7414     80.467  36.369221     36.736      7.509   212.7837     3.2390     3.5490     0.0242      0.046      1.678      2.434        676 5.9538e+01 0.0000e+00
      1.717    24.4335     6.6989     79.918  36.383070     36.783      7.507   212.4429     3.2309     3.4818     0.0242      0.041      1.684      2.443        677 5.9008e+01 0.0000e+00
      1.726    24.4178     6.6481     79.277  36.324962     36.712      7.505   212.9729     3.2552     3.4952     0.0242      0.036      1.692      2.455        678 5.8243e+01 0.0000e+00
      1.736    24.4034     6.5934     78.592  36.352568     36.779      7.500   212.9351     3.2390     3.6027     0.0242      0.032      1.702      2.469        679 5.7425e+01 0.0000e+00
      1.747    24.4056     6.5459     77.998  36.378381     36.790      7.499   212.8594     3.4533     3.5355     0.0242      0.031      1.713      2.484        680 5.6587e+01 0.0000e+00
