Data/DataNotYetUploadedToEDI/Raw_CTD/2018_RawDownloads/080218_bvr50.cnv
* Sea-Bird SBE19plus  Data File:
* FileName = C:\DATA\080218_bvr_0001.hex
* Software version 2.6.3.104
* Temperature SN = 7809
* Conductivity SN = 7809
* System UpLoad Time = Aug 02 2018 14:36:19
* <ApplicationData>
* <Seaterm232>
# nquan = 17
# nvalues = 1391                        
# units = specified
# name 0 = depFM: Depth [fresh water, m]
# name 1 = tv290C: Temperature [ITS-90, deg C]
# name 2 = sbeox0Mg/L: Oxygen, SBE 43 [mg/l]
# name 3 = sbeox0PS: Oxygen, SBE 43 [% saturation]
# name 4 = c0uS/cm: Conductivity [uS/cm]
# name 5 = specc: Specific Conductance [uS/cm]
# name 6 = ph: pH
# name 7 = orp: Oxidation Reduction Potential [mV]
# name 8 = flECO-AFL: Fluorescence, WET Labs ECO-AFL/FL [mg/m^3]
# name 9 = turbWETntu0: Turbidity, WET Labs ECO [NTU]
# name 10 = sal00: Salinity, Practical [PSU]
# name 11 = dz/dtM: Descent Rate [m/s]
# name 12 = prdM: Pressure, Strain Gauge [db]
# name 13 = prdE: Pressure, Strain Gauge [psi]
# name 14 = scan: Scan Count
# name 15 = par/sat/log: PAR/Logarithmic, Satlantic
# name 16 = flag:  0.000e+00
# span 0 =     -0.626,     10.386       
# span 1 =     7.6819,    24.9639       
# span 2 =     0.0724,     8.9523       
# span 3 =      0.610,    108.251       
# span 4 =  10.070130, 104.119353       
# span 5 =     11.661,    159.233       
# span 6 =      6.219,      8.493       
# span 7 =   -32.1906,   551.2275       
# span 8 =    -0.2021,     6.7367       
# span 9 =    -0.2646,     7.0134       
# span 10 =     0.0140,     0.0732      
# span 11 =     -0.106,      0.245      
# span 12 =     -0.614,     10.184      
# span 13 =     -0.890,     14.772      
# span 14 =          1,       1391      
# span 15 = 1.2147e-01, 2.5748e+02      
# span 16 = 0.0000e+00, 0.0000e+00      
# interval = seconds: 0.25
# start_time = Aug 02 2018 14:27:26 [Instrument's time stamp, header]
# bad_flag = -9.990e-29
*END*
[from data line 511]
     -0.078    24.9513     7.9009     95.537  28.670982     28.706      8.471   241.1009     5.2082     6.0197     0.0211      0.000     -0.077     -0.111        512 2.5193e+02 0.0000e+00
     -0.078    24.9510     7.9305     95.896  28.660609     28.678      8.470   241.3659     4.9494     6.1405     0.0211     -0.000     -0.077     -0.111        513 2.5210e+02 0.0000e+00
     -0.077    24.9508     7.9556     96.200  28.648368     28.678      8.470   241.3280     4.9535     5.9928     0.0211     -0.000     -0.076     -0.111        514 2.5245e+02 0.0000e+00
     -0.078    24.9500     7.9694     96.367  28.656568     28.678      8.470   241.5930     4.9575     6.0063     0.0211     -0.000     -0.076     -0.111        515 2.5253e+02 0.0000e+00
     -0.078    24.9486     7.9791     96.483  28.650406     28.678      8.469   241.6687     4.9697     6.1405     0.0211     -0.000     -0.076     -0.111        516 2.5246e+02 0.0000e+00
     -0.078    24.9477     7.9712     96.387  28.656037     28.678      8.471   241.7066     5.0627     6.2883     0.0211     -0.000     -0.076     -0.111        517 2.5249e+02 0.0000e+00
     -0.078    24.9472     7.9544     96.183  28.679207     28.707      8.472   241.4416     5.0788     6.3151     0.0211     -0.000     -0.077     -0.111        518 2.5243e+02 0.0000e+00
     -0.078    24.9471     7.9311     95.900  28.651221     28.680      8.470   241.2523     5.0748     6.2614     0.0211     -0.000     -0.077     -0.111        519 2.5212e+02 0.0000e+00
     -0.077    24.9474     7.9077     95.614  28.661220     28.680      8.469   241.7066     5.0708     6.3285     0.0211      0.000     -0.076     -0.110        520 2.5201e+02 0.0000e+00
     -0.076    24.9480     7.8909     95.406  28.696409     28.736      8.470   241.5930     5.1193     6.3017     0.0211      0.000     -0.075     -0.108        521 2.5258e+02 0.0000e+00
     -0.076    24.9489     7.8679     95.127  28.666722     28.680      8.468   241.8202     5.1314     6.2748     0.0211      0.001     -0.075     -0.108        522 2.5235e+02 0.0000e+00
     -0.076    24.9495     7.8575     95.002  28.638871     28.680      8.465   241.6687     5.1355     6.4360     0.0211      0.001     -0.075     -0.109        523 2.5252e+02 0.0000e+00
     -0.076    24.9498     7.8545     94.969  28.671774     28.679      8.463   241.6687     5.1355     6.3688     0.0211      0.001     -0.075     -0.109        524 2.5264e+02 0.0000e+00
     -0.077    24.9497     7.8496     94.911  28.714717     28.763      8.466   241.5173     5.3296     6.1003     0.0211      0.001     -0.075     -0.109        525 2.5121e+02 0.0000e+00
     -0.076    24.9493     7.8520     94.943  28.674372     28.679      8.465   241.6687     5.3296     6.0600     0.0211      0.001     -0.074     -0.107        526 2.5099e+02 0.0000e+00
     -0.073    24.9487     7.8642     95.093  28.692335     28.735      8.464   241.3659     5.3053     6.1405     0.0211      0.001     -0.071     -0.103        527 2.5075e+02 0.0000e+00
     -0.069    24.9485     7.8884     95.386  28.662716     28.679      8.465   241.9337     5.3417     6.1271     0.0211      0.003     -0.069     -0.100        528 2.5081e+02 0.0000e+00
     -0.071    24.9479     7.9067     95.608  28.651938     28.679      8.428   241.3280     5.3417     6.1137     0.0211      0.003     -0.070     -0.101        529 2.5063e+02 0.0000e+00
     -0.074    24.9461     7.9078     95.622  28.705746     28.735      8.410   241.8202     5.3417     6.4360     0.0211      0.003     -0.073     -0.106        530 2.4970e+02 0.0000e+00
     -0.077    24.9437     7.9070     95.611  28.684695     28.708      8.397   241.1766     5.3498     6.4628     0.0211      0.002     -0.076     -0.110        531 2.5076e+02 0.0000e+00
     -0.080    24.9425     7.8866     95.365  28.648489     28.681      8.398   241.1387     5.3174     6.5165     0.0211     -0.001     -0.078     -0.113        532 2.5013e+02 0.0000e+00
     -0.080    24.9435     7.8564     94.997  28.661861     28.682      8.398   241.6687     5.3174     6.5971     0.0211     -0.003     -0.079     -0.114        533 2.4991e+02 0.0000e+00
     -0.081    24.9451     7.8349     94.735  28.697702     28.739      8.396   241.7066     5.2082     5.9928     0.0211     -0.005     -0.079     -0.114        534 2.5122e+02 0.0000e+00
     -0.080    24.9462     7.8305     94.680  28.663181     28.682      8.395   241.1387     5.1840     5.8854     0.0211     -0.006     -0.079     -0.114        535 2.5104e+02 0.0000e+00
     -0.080    24.9474     7.8258     94.621  28.645527     28.681      8.393   241.1009     5.2002     5.9391     0.0211     -0.006     -0.079     -0.114        536 2.5186e+02 0.0000e+00
     -0.079    24.9486     7.8408     94.802  28.660378     28.681      8.393   241.2145     5.1840     5.9660     0.0211     -0.004     -0.078     -0.113        537 2.5131e+02 0.0000e+00
     -0.079    24.9493     7.8626     95.067  28.674347     28.708      8.395   241.8959     5.1476     5.9928     0.0211     -0.002     -0.078     -0.113        538 2.5097e+02 0.0000e+00
     -0.079    24.9497     7.8575     95.007  28.657790     28.679      8.400   241.2523     5.1476     5.9123     0.0211     -0.000     -0.078     -0.113        539 2.5146e+02 0.0000e+00
     -0.080    24.9495     7.8407     94.802  28.592041     28.623      8.408   241.9337     5.1233     5.8317     0.0211      0.001     -0.079     -0.114        540 2.5185e+02 0.0000e+00
     -0.080    24.9491     7.8091     94.420  28.607933     28.623      8.416   241.6687     5.1355     5.8720     0.0211      0.000     -0.079     -0.114        541 2.5147e+02 0.0000e+00
     -0.079    24.9490     7.7532     93.745  28.697306     28.735      8.425   241.6687     5.1152     5.7243     0.0211      0.000     -0.079     -0.114        542 2.5176e+02 0.0000e+00
     -0.079    24.9481     7.6955     93.049  28.717995     28.735      8.430   242.1230     5.1718     5.7243     0.0211      0.000     -0.081     -0.118        543 2.5056e+02 0.0000e+00
     -0.090    24.9468     7.6240     92.186  28.730422     28.763      8.434   241.5173     5.1597     5.6437     0.0211     -0.003     -0.091     -0.132        544 2.5090e+02 0.0000e+00
     -0.107    24.9456     7.5517     91.311  28.711489     28.735      8.438   241.4795     5.1193     5.7914     0.0211     -0.009     -0.106     -0.154        545 2.5293e+02 0.0000e+00
     -0.126    24.9446     7.4834     90.485  28.652615     28.680      8.435   240.9116     5.1557     5.1066     0.0211     -0.019     -0.123     -0.179        546 2.5494e+02 0.0000e+00
     -0.142    24.9446     7.4148     89.656  28.596158     28.625      8.435   241.4416     5.1921     5.0126     0.0211     -0.030     -0.139     -0.202        547 2.5182e+02 0.0000e+00
     -0.156    24.9450     7.3084     88.370  28.603865     28.626      8.428   241.2523     5.2042     4.9320     0.0211     -0.040     -0.155     -0.225        548 2.4666e+02 0.0000e+00
     -0.179    24.9457     7.1933     86.978  28.643024     28.681      8.427   240.8737     5.2244     5.0529     0.0211     -0.051     -0.173     -0.251        549 2.5433e+02 0.0000e+00
     -0.194    24.9452     7.0656     85.434  28.666016     28.681      8.433   241.6687     5.1880     5.1469     0.0211     -0.060     -0.190     -0.274        550 2.5322e+02 0.0000e+00
     -0.208    24.9449     6.9352     83.856  28.723489     28.765      8.432   241.4795     5.0748     4.6366     0.0211     -0.065     -0.201     -0.290        551 2.4668e+02 0.0000e+00
     -0.211    24.9456     6.7927     82.131  28.719736     28.737      8.430   241.6309     5.0748     4.6366     0.0211     -0.062     -0.205     -0.298        552 2.5027e+02 0.0000e+00
     -0.210    24.9464     6.6664     80.604  28.700334     28.737      8.435   241.5173     5.1031     4.5829     0.0211     -0.054     -0.205     -0.298        553 2.5404e+02 0.0000e+00
     -0.207    24.9472     6.5533     79.235  28.717987     28.737      8.433   242.1987     5.0708     4.5695     0.0211     -0.043     -0.204     -0.295        554 2.5131e+02 0.0000e+00
     -0.207    24.9472     6.4752     78.290  28.697767     28.736      8.431   241.8959     5.0263     5.5094     0.0211     -0.032     -0.204     -0.295        555 2.5368e+02 0.0000e+00
     -0.209    24.9470     6.4374     77.832  28.666202     28.680      8.424   241.8202     5.0141     5.4557     0.0211     -0.021     -0.205     -0.296        556 2.5748e+02 0.0000e+00
     -0.210    24.9474     6.4096     77.495  28.668325     28.708      8.421   241.7823     5.0384     5.4557     0.0211     -0.011     -0.205     -0.296        557 2.5464e+02 0.0000e+00
     -0.207    24.9475     6.3947     77.314  28.665477     28.680      8.422   242.0095     5.0263     5.4557     0.0211     -0.003     -0.204     -0.295        558 2.5415e+02 0.0000e+00
     -0.207    24.9476     6.3973     77.346  28.699395     28.736      8.422   241.9337     5.0586     5.2274     0.0211      0.001     -0.203     -0.294        559 2.5406e+02 0.0000e+00
     -0.207    24.9475     6.3967     77.337  28.655762     28.680      8.425   242.3880     5.0788     5.3886     0.0211      0.002     -0.204     -0.295        560 2.5487e+02 0.0000e+00
     -0.209    24.9466     6.4015     77.397  28.660482     28.680      8.428   242.1609     5.0910     5.2274     0.0211      0.001     -0.204     -0.295        561 2.5438e+02 0.0000e+00
     -0.208    24.9457     6.4022     77.404  28.693522     28.736      8.433   242.5773     5.0748     5.2677     0.0211     -0.000     -0.204     -0.295        562 2.5389e+02 0.0000e+00
     -0.207    24.9451     6.4013     77.393  28.673940     28.680      8.439   242.7287     5.4023     5.3886     0.0211      0.000     -0.203     -0.295        563 2.5443e+02 0.0000e+00
     -0.207    24.9446     6.4030     77.413  28.714498     28.765      8.442   242.6530     5.3983     5.4826     0.0211      0.001     -0.203     -0.295        564 2.5484e+02 0.0000e+00
     -0.207    24.9441     6.4150     77.557  28.672696     28.681      8.445   242.8423     5.3902     5.5094     0.0211      0.001     -0.203     -0.294        565 2.5444e+02 0.0000e+00
     -0.206    24.9436     6.4269     77.702  28.696316     28.737      8.452   242.5773     5.4104     5.5900     0.0211      0.000     -0.202     -0.292        566 2.5457e+02 0.0000e+00
     -0.203    24.9429     6.4296     77.735  28.714750     28.738      8.454   242.1609     5.3942     5.3617     0.0211      0.001     -0.200     -0.289        567 2.5513e+02 0.0000e+00
     -0.201    24.9424     6.4342     77.795  28.649755     28.682      8.457   241.5173     5.3336     5.4826     0.0211      0.003     -0.197     -0.285        568 2.5468e+02 0.0000e+00
     -0.196    24.9423     6.4429     77.902  28.658614     28.683      8.459   241.9337     5.3174     5.4557     0.0211      0.005     -0.192     -0.278        569 2.5603e+02 0.0000e+00
     -0.189    24.9420     6.4808     78.363  28.674079     28.711      8.459   241.7445     5.3700     5.4423     0.0211      0.008     -0.184     -0.266        570 2.5339e+02 0.0000e+00
     -0.176    24.9420     6.5749     79.502  28.660155     28.683      8.457   241.4795     5.3215     5.4557     0.0211      0.013     -0.171     -0.249        571 2.5118e+02 0.0000e+00
     -0.160    24.9416     6.7185     81.238  28.705589     28.739      8.452   241.4416     5.3134     5.5900     0.0211      0.021     -0.156     -0.226        572 2.5390e+02 0.0000e+00
     -0.140    24.9412     6.9264     83.752  28.706481     28.739      8.444   241.4037     5.3376     5.6840     0.0211      0.031     -0.139     -0.202        573 2.5269e+02 0.0000e+00
     -0.126    24.9409     7.1809     86.831  28.659046     28.683      8.407   241.5930     5.3498     5.6571     0.0211      0.040     -0.126     -0.184        574 2.5422e+02 0.0000e+00
     -0.122    24.9403     7.4457     90.033  28.646030     28.684      8.371   241.5173     5.3457     5.6840     0.0211      0.045     -0.119     -0.173        575 2.5362e+02 0.0000e+00
     -0.116    24.9405     7.7030     93.145  28.663383     28.684      8.368   241.3659     5.0788     5.6706     0.0211      0.047     -0.113     -0.164        576 2.5014e+02 0.0000e+00
     -0.107    24.9419     7.9132     95.686  28.726393     28.768      8.373   240.6845     5.0708     5.6706     0.0211      0.047     -0.105     -0.152        577 2.5151e+02 0.0000e+00
     -0.097    24.9439     8.0673     97.550  28.715854     28.740      8.378   240.8737     5.0788     5.6034     0.0211      0.045     -0.097     -0.140        578 2.5050e+02 0.0000e+00
     -0.091    24.9461     8.1577     98.643  28.706147     28.739      8.380   240.6087     5.0708     5.7646     0.0211      0.039     -0.090     -0.130        579 2.5447e+02 0.0000e+00
     -0.085    24.9479     8.1852     98.975  28.708825     28.738      8.388   240.6466     5.0101     6.1137     0.0211      0.034     -0.083     -0.119        580 2.4763e+02 0.0000e+00
     -0.076    24.9484     8.1672     98.757  28.653226     28.681      8.397   241.1009     5.0020     6.0600     0.0211      0.030     -0.075     -0.108        581 2.5269e+02 0.0000e+00
     -0.067    24.9479     8.1270     98.271  28.716043     28.736      8.411   240.4952     5.0222     6.1674     0.0211      0.029     -0.065     -0.094        582 2.4741e+02 0.0000e+00
     -0.056    24.9482     8.0718     97.604  28.719591     28.763      8.426   240.4573     5.0222     6.1271     0.0211      0.032     -0.053     -0.077        583 2.1339e+02 0.0000e+00
     -0.038    24.9488     8.0203     96.980  28.619163     28.624      8.438   239.9273     5.1476     5.9660     0.0211      0.035     -0.036     -0.052        584 2.1427e+02 0.0000e+00
     -0.015    24.9492     7.9697     96.368  28.692787     28.735      8.438   239.7380     5.1718     5.8586     0.0211      0.041     -0.015     -0.022        585 2.1220e+02 0.0000e+00
      0.008    24.9496     7.9359     95.959  28.657615     28.679      8.425   239.5487     5.1314     5.8586     0.0211      0.050      0.003      0.006        586 1.9899e+02 0.0000e+00
      0.018    24.9496     7.8989     95.511  28.603639     28.623      8.410   238.3752     5.1597     5.9928     0.0211      0.056      0.016      0.024        587 1.9498e+02 0.0000e+00
      0.027    24.9496     7.8682     95.139  28.641369     28.679      8.408   238.2616     5.1476     5.9123     0.0211      0.060      0.025      0.037        588 1.9196e+02 0.0000e+00
      0.033    24.9496     7.8482     94.898  28.610661     28.623      8.403   238.1480     5.1314     5.7511     0.0211      0.060      0.032      0.047        589 1.8932e+02 0.0000e+00
      0.038    24.9494     7.8423     94.825  28.612207     28.651      8.399   237.5423     5.1476     5.6571     0.0211      0.056      0.039      0.056        590 1.8612e+02 0.0000e+00
      0.048    24.9492     7.8484     94.900  28.609797     28.623      8.402   237.3152     5.1516     5.7108     0.0211      0.050      0.048      0.069        591 1.8155e+02 0.0000e+00
      0.060    24.9490     7.8549     94.979  28.643307     28.679      8.402   237.5423     5.1597     5.7243     0.0211      0.043      0.058      0.084        592 1.7807e+02 0.0000e+00
      0.069    24.9489     7.8620     95.065  28.659448     28.679      8.411   237.3909     5.1395     5.6571     0.0211      0.037      0.069      0.100        593 1.7574e+02 0.0000e+00
      0.083    24.9487     7.8601     95.041  28.589711     28.623      8.412   237.6180     5.1314     5.7511     0.0211      0.035      0.080      0.116        594 1.6980e+02 0.0000e+00
      0.093    24.9485     7.8674     95.130  28.611503     28.623      8.412   237.2016     5.1314     5.6706     0.0211      0.037      0.091      0.132        595 1.6732e+02 0.0000e+00
