Data/DataNotYetUploadedToEDI/Raw_CTD/2018_RawDownloads/080618_fcr50.cnv
* Sea-Bird SBE19plus  Data File:
* FileName = C:\DATA\080618_fcr50_0001.hex
* Software version 2.6.3.104 SB_Terminal.dll
* Temperature SN = 7809
* Conductivity SN = 7809
* System UpLoad Time = Aug 06 2018 16:27:35
* <ApplicationData>
* <Seaterm232>
# nquan = 15
# nvalues = 1109                        
# units = specified
# name 0 = depFM: Depth [fresh water, m]
# name 1 = dz/dtM: Descent Rate [m/s]
# name 2 = sbeox0Mg/L: Oxygen, SBE 43 [mg/l]
# name 3 = sbeox0PS: Oxygen, SBE 43 [% saturation]
# name 4 = specc: Specific Conductance [uS/cm]
# name 5 = c0uS/cm: Conductivity [uS/cm]
# name 6 = flECO-AFL: Fluorescence, WET Labs ECO-AFL/FL [mg/m^3]
# name 7 = ph: pH
# name 8 = orp: Oxidation Reduction Potential [mV]
# name 9 = par/sat/log: PAR/Logarithmic, Satlantic
# name 10 = turbWETntu0: Turbidity, WET Labs ECO [NTU]
# name 11 = prdM: Pressure, Strain Gauge [db]
# name 12 = prdE: Pressure, Strain Gauge [psi]
# name 13 = tv290C: Temperature [ITS-90, deg C]
# name 14 = flag:  0.000e+00
# span 0 =     -0.513,      9.304       
# span 1 =     -0.111,      3.687       
# span 2 =     0.0550,     8.2502       
# span 3 =      0.506,    101.927       
# span 4 =      3.734,    113.117       
# span 5 =   3.763887,  82.860949       
# span 6 =    -0.4271,     2.8831       
# span 7 =     -2.482,      7.626       
# span 8 =   188.4831,  1240.2295       
# span 9 = 1.2542e-01, 1.2603e+03       
# span 10 =    -0.4583,    46.1943      
# span 11 =     -0.504,      9.124      
# span 12 =     -0.731,     13.234      
# span 13 =    11.5983,    26.2976      
# span 14 = 0.0000e+00, 0.0000e+00      
# interval = seconds: 0.25
# start_time = Aug 06 2018 13:37:13 [Instrument's time stamp, header]
# bad_flag = -9.990e-29
*END*
[from data line 482]
      1.356      0.046     7.4186     89.679     35.166  35.122395     2.4406      7.487   269.5739 1.6584e+02     2.9736      1.329      1.927    24.9970 0.0000e+00
      1.366      0.040     7.3946     89.391     35.158  35.115245     2.4227      7.488   269.7414 1.5893e+02     2.9351      1.340      1.943    24.9660 0.0000e+00
      1.375      0.036     7.3670     89.057     35.150  35.107467     2.4102      7.488   269.7513 1.5857e+02     2.9012      1.348      1.956    24.9557 0.0000e+00
      1.384      0.034     7.3400     88.725     35.137  35.091880     2.3995      7.488   269.6932 1.5812e+02     2.8683      1.357      1.970    24.9358 0.0000e+00
      1.393      0.034     7.3127     88.379     35.106  35.053811     2.4034      7.486   269.6407 1.6337e+02     2.8735      1.366      1.982    24.9269 0.0000e+00
      1.401      0.034     7.2867     88.015     35.102  35.028287     2.4202      7.483   269.6334 1.6874e+02     2.9034      1.373      1.992    24.9361 0.0000e+00
      1.409      0.034     7.2673     87.683     35.153  35.037323     2.4288      7.479   269.6039 1.5814e+02     2.9240      1.380      2.002    24.9352 0.0000e+00
      1.417      0.033     7.2558     87.422     35.206  35.035967     2.4247      7.477   269.6288 1.4684e+02     2.9092      1.390      2.015    24.9290 0.0000e+00
      1.426      0.031     7.2448     87.175     35.231  35.011816     2.3877      7.477   269.7626 1.4805e+02     2.7857      1.399      2.028    24.9282 0.0000e+00
      1.436      0.027     7.2243     86.854     35.251  34.999315     2.3226      7.476   270.0166 1.5525e+02     2.5900      1.410      2.044    24.9031 0.0000e+00
      1.445      0.022     7.1953     86.483     35.274  35.011811     2.2898      7.474   270.3780 1.5788e+02     2.4964      1.421      2.059    24.8343 0.0000e+00
      1.450      0.016     7.1635     86.110     35.294  35.035846     2.2940      7.471   270.4316 1.4905e+02     2.4778      1.423      2.063    24.7515 0.0000e+00
      1.451      0.011     7.1304     85.722     35.289  35.035844     2.2820      7.469   270.2347 1.4026e+02     2.5181      1.422      2.062    24.6737 0.0000e+00
      1.451      0.009     7.0957     85.309     35.263  35.011800     2.2452      7.467   270.2345 1.3937e+02     2.6478      1.423      2.063    24.6236 0.0000e+00
      1.451      0.009     7.0586     84.860     35.252  34.999211     2.2262      7.465   270.3426 1.4363e+02     2.7340      1.423      2.064    24.6161 0.0000e+00
      1.452      0.012     7.0200     84.384     35.269  35.010676     2.2366      7.462   270.5101 1.4722e+02     2.7359      1.424      2.065    24.6293 0.0000e+00
      1.455      0.014     6.9853     83.951     35.288  35.023371     2.2601      7.461   270.7097 1.4306e+02     2.6709      1.425      2.067    24.6369 0.0000e+00
      1.461      0.016     6.9585     83.625     35.293  35.025650     2.2806      7.463   270.6058 1.3700e+02     2.5587      1.432      2.077    24.6380 0.0000e+00
      1.469      0.020     6.9395     83.402     35.303  35.038229     2.2826      7.463   270.4586 1.3969e+02     2.4780      1.442      2.091    24.6387 0.0000e+00
      1.474      0.025     6.9275     83.259     35.313  35.048432     2.2840      7.460   270.6506 1.4459e+02     2.4580      1.446      2.097    24.6293 0.0000e+00
      1.476      0.032     6.9222     83.173     35.297  35.021977     2.2884      7.455   270.7752 1.4144e+02     2.4692      1.447      2.098    24.6134 0.0000e+00
      1.480      0.038     6.9205     83.093     35.274  34.972426     2.2710      7.449   270.8475 1.3506e+02     2.4600      1.448      2.100    24.6139 0.0000e+00
      1.491      0.043     6.9194     83.005     35.294  34.957428     2.2396      7.440   271.0089 1.3142e+02     2.4385      1.458      2.116    24.6199 0.0000e+00
      1.510      0.046     6.9190     82.941     35.332  34.967618     2.2220      7.430   271.0056 1.3191e+02     2.4548      1.482      2.150    24.6237 0.0000e+00
      1.528      0.045     6.9183     82.903     35.347  34.968555     2.2233      7.425   270.8937 1.3273e+02     2.4734      1.500      2.176    24.6164 0.0000e+00
      1.541      0.040     6.9128     82.841     35.345  34.968744     2.2365      7.424   270.7745 1.2880e+02     2.3882      1.512      2.192    24.5704 0.0000e+00
      1.550      0.030     6.9022     82.735     35.336  34.969905     2.2530      7.425   270.8540 1.2503e+02     2.2795      1.523      2.208    24.5124 0.0000e+00
      1.554      0.020     6.8889     82.588     35.343  34.982608     2.2659      7.427   271.1670 1.2485e+02     2.2581      1.525      2.213    24.4722 0.0000e+00
      1.556      0.013     6.8729     82.390     35.358  34.995303     2.2828      7.428   271.2031 1.2505e+02     2.2509      1.526      2.212    24.4500 0.0000e+00
      1.556      0.008     6.8564     82.175     35.368  34.996355     2.3094      7.428   271.0327 1.2406e+02     2.2536      1.527      2.214    24.4574 0.0000e+00
      1.557      0.008     6.8412     81.980     35.373  34.995317     2.3307      7.425   271.1717 1.2237e+02     2.2607      1.526      2.214    24.4801 0.0000e+00
      1.558      0.010     6.8272     81.806     35.363  34.982738     2.3384      7.420   271.3348 1.2177e+02     2.2445      1.528      2.216    24.4883 0.0000e+00
      1.559      0.012     6.8146     81.645     35.356  34.971295     2.3479      7.416   271.2839 1.2207e+02     2.2411      1.529      2.218    24.4842 0.0000e+00
      1.564      0.013     6.8031     81.493     35.376  34.984000     2.3534      7.415   271.2451 1.2110e+02     2.2502      1.532      2.222    24.4681 0.0000e+00
      1.572      0.013     6.7946     81.382     35.406  35.009303     2.3494      7.416   271.3818 1.2010e+02     2.2637      1.543      2.236    24.4555 0.0000e+00
      1.577      0.012     6.7909     81.338     35.420  35.023143     2.3453      7.416   271.5608 1.1960e+02     2.2817      1.549      2.246    24.4592 0.0000e+00
      1.579      0.009     6.7882     81.316     35.416  35.024307     2.3406      7.417   271.4297 1.1955e+02     2.2851      1.549      2.246    24.4527 0.0000e+00
      1.579      0.006     6.7833     81.280     35.405  35.023379     2.3103      7.418   271.0870 1.2384e+02     2.2742      1.549      2.246    24.4377 0.0000e+00
      1.580      0.004     6.7778     81.240     35.380  35.011942     2.2548      7.417   271.0308 1.2891e+02     2.2718      1.549      2.247    24.4308 0.0000e+00
      1.580      0.004     6.7716     81.181     35.374  35.013077     2.2222      7.416   271.1807 1.2836e+02     2.2859      1.549      2.247    24.4321 0.0000e+00
      1.580      0.006     6.7656     81.106     35.400  35.037112     2.2187      7.415   271.5226 1.2594e+02     2.2928      1.549      2.248    24.4384 0.0000e+00
      1.581      0.010     6.7632     81.062     35.418  35.048462     2.2407      7.413   272.2401 1.2340e+02     2.2942      1.550      2.249    24.4532 0.0000e+00
      1.584      0.015     6.7652     81.076     35.398  35.023266     2.2762      7.410   272.8863 1.2193e+02     2.3024      1.553      2.252    24.4767 0.0000e+00
      1.588      0.025     6.7724     81.153     35.365  34.986537     2.2896      7.403   273.2273 1.2279e+02     2.3006      1.557      2.258    24.4905 0.0000e+00
      1.594      0.036     6.7841     81.274     35.374  34.985489     2.2832      7.395   273.1796 1.2233e+02     2.3029      1.564      2.268    24.4850 0.0000e+00
      1.601      0.045     6.7960     81.375     35.418  35.010588     2.2727      7.389   273.4273 1.2071e+02     2.2989      1.569      2.275    24.4701 0.0000e+00
      1.614      0.050     6.8033     81.407     35.470  35.035896     2.2264      7.386   274.1576 1.1700e+02     2.2533      1.577      2.287    24.4642 0.0000e+00
      1.638      0.054     6.8033     81.357     35.495  35.037369     2.1467      7.386   274.4390 1.1124e+02     2.1783      1.608      2.332    24.4620 0.0000e+00
      1.658      0.059     6.7949     81.227     35.500  35.028354     2.1082      7.382   274.4197 1.0964e+02     2.1242      1.632      2.367    24.4503 0.0000e+00
      1.668      0.063     6.7769     80.991     35.536  35.053922     2.1107      7.373   274.5263 1.1201e+02     2.1184      1.635      2.371    24.4242 0.0000e+00
      1.676      0.063     6.7466     80.597     35.591  35.092422     2.1209      7.367   274.5241 1.1038e+02     2.1388      1.641      2.379    24.3793 0.0000e+00
      1.691      0.059     6.7001     80.000     35.632  35.112699     2.1396      7.364   274.3069 1.0388e+02     2.1572      1.653      2.398    24.3419 0.0000e+00
      1.714      0.054     6.6390     79.234     35.645  35.108500     2.1536      7.363   274.3088 1.0048e+02     2.1581      1.682      2.437    24.3283 0.0000e+00
      1.735      0.049     6.5733     78.424     35.654  35.105152     2.1626      7.362   274.7198 1.0191e+02     2.1496      1.708      2.476    24.3194 0.0000e+00
      1.746      0.044     6.5112     77.666     35.694  35.135716     2.2016      7.361   275.0598 1.0150e+02     2.1456      1.714      2.487    24.2975 0.0000e+00
      1.750      0.035     6.4549     76.978     35.727  35.160432     2.2662      7.359   275.0640 9.8202e+01     2.1408      1.715      2.488    24.2635 0.0000e+00
      1.754      0.027     6.4006     76.317     35.723  35.149902     2.2922      7.358   275.0286 9.6666e+01     2.1218      1.718      2.493    24.2379 0.0000e+00
      1.760      0.024     6.3417     75.614     35.709  35.135430     2.2855      7.355   274.8898 9.6470e+01     2.0985      1.725      2.503    24.2227 0.0000e+00
      1.766      0.027     6.2817     74.908     35.745  35.176005     2.2953      7.348   274.6771 9.6088e+01     2.1039      1.734      2.515    24.2117 0.0000e+00
      1.771      0.032     6.2337     74.327     35.835  35.259381     2.3282      7.342   274.6941 9.6227e+01     2.1260      1.738      2.521    24.2012 0.0000e+00
      1.777      0.036     6.2050     73.931     35.923  35.317753     2.3613      7.341   274.7508 9.5645e+01     2.1217      1.739      2.522    24.1881 0.0000e+00
      1.790      0.039     6.1889     73.663     36.020  35.373568     2.3643      7.340   275.0184 9.3297e+01     2.1130      1.753      2.543    24.1837 0.0000e+00
      1.806      0.041     6.1794     73.478     36.111  35.426009     2.3370      7.338   275.4351 9.0104e+01     2.1428      1.775      2.574    24.2014 0.0000e+00
      1.817      0.042     6.1737     73.344     36.166  35.443589     2.3069      7.336   274.9707 8.7564e+01     2.1770      1.783      2.586    24.2090 0.0000e+00
      1.826      0.041     6.1635     73.165     36.213  35.459031     2.2944      7.333   273.8769 8.6119e+01     2.1599      1.789      2.594    24.1567 0.0000e+00
      1.836      0.038     6.1393     72.840     36.260  35.485627     2.2965      7.330   273.5677 8.5182e+01     2.1189      1.801      2.612    24.0916 0.0000e+00
      1.846      0.035     6.0923     72.260     36.299  35.511050     2.2961      7.325   274.0712 8.4321e+01     2.1083      1.812      2.629    24.0459 0.0000e+00
      1.854      0.033     6.0185     71.365     36.311  35.512314     2.2803      7.319   274.6302 8.3533e+01     2.1232      1.818      2.637    23.9935 0.0000e+00
      1.860      0.030     5.9191     70.172     36.308  35.500890     2.2519      7.314   274.3901 8.2802e+01     2.1470      1.823      2.644    23.9474 0.0000e+00
      1.869      0.028     5.8004     68.764     36.307  35.499956     2.2293      7.311   273.4042 8.2248e+01     2.1822      1.832      2.657    23.9218 0.0000e+00
      1.878      0.028     5.6775     67.314     36.304  35.501018     2.2278      7.306   273.0356 8.2349e+01     2.2139      1.842      2.671    23.9107 0.0000e+00
      1.884      0.031     5.5670     66.005     36.316  35.513734     2.2332      7.296   273.4606 8.3094e+01     2.1944      1.848      2.681    23.8955 0.0000e+00
      1.888      0.036     5.4769     64.930     36.333  35.526667     2.2304      7.284   273.8964 8.3882e+01     2.1591      1.852      2.685    23.8779 0.0000e+00
      1.893      0.040     5.4075     64.089     36.348  35.530345     2.2309      7.277   274.0893 8.4084e+01     2.1527      1.854      2.688    23.8808 0.0000e+00
      1.906      0.044     5.3583     63.476     36.395  35.558185     2.2379      7.271   274.1581 8.3516e+01     2.1479      1.865      2.705    23.8917 0.0000e+00
      1.925      0.049     5.3298     63.101     36.471  35.609164     2.2702      7.266   274.0391 8.1972e+01     2.1623      1.889      2.741    23.8912 0.0000e+00
      1.940      0.055     5.3182     62.923     36.527  35.638517     2.3273      7.258   273.7693 8.0231e+01     2.1740      1.904      2.762    23.8874 0.0000e+00
      1.951      0.060     5.3121     62.825     36.564  35.658970     2.3583      7.248   273.7356 7.9863e+01     2.1378      1.913      2.774    23.8735 0.0000e+00
      1.963      0.061     5.3013     62.689     36.576  35.665867     2.3593      7.237   273.9764 8.0075e+01     2.1215      1.924      2.791    23.8474 0.0000e+00
      1.979      0.059     5.2827     62.464     36.573  35.658377     2.3394      7.230   274.1857 7.9202e+01     2.0992      1.937      2.809    23.8167 0.0000e+00
      2.000      0.054     5.2550     62.125     36.618  35.695453     2.3024      7.225   274.4591 7.7890e+01     1.9900      1.962      2.846    23.7704 0.0000e+00
      2.020      0.049     5.2185     61.669     36.673  35.733006     2.2790      7.221   274.8730 7.7138e+01     1.8998      1.986      2.879    23.7494 0.0000e+00
      2.030      0.042     5.1739     61.101     36.698  35.731270     2.2769      7.217   275.0598 7.6435e+01     1.8939      1.993      2.891    23.7525 0.0000e+00
      2.035      0.034     5.1193     60.413     36.733  35.737953     2.2862      7.211   275.0832 7.6017e+01     1.9486      1.996      2.896    23.7428 0.0000e+00
      2.040      0.025     5.0558     59.622     36.774  35.750246     2.2907      7.205   274.9838 7.6132e+01     2.0425      1.999      2.901    23.7417 0.0000e+00
      2.045      0.020     4.9872     58.776     36.803  35.752813     2.2851      7.200   274.8050 7.5864e+01     2.0825      2.005      2.908    23.7186 0.0000e+00
      2.050      0.018     4.9165     57.909     36.843  35.768950     2.2831      7.194   275.5016 7.5328e+01     2.0662      2.011      2.917    23.6754 0.0000e+00
      2.055      0.018     4.8485     57.076     36.850  35.754763     2.2856      7.185   276.9536 7.5380e+01     2.0596      2.016      2.924    23.6418 0.0000e+00
      2.058      0.018     4.7851     56.314     36.813  35.708291     2.3060      7.177   277.5622 7.6041e+01     2.0025      2.019      2.928    23.5990 0.0000e+00
      2.062      0.019     4.7255     55.612     36.820  35.715230     2.3364      7.170   277.1827 7.6045e+01     1.9249      2.021      2.931    23.5658 0.0000e+00
      2.067      0.024     4.6730     54.990     36.820  35.711613     2.3413      7.160   276.7526 7.4608e+01     1.9154      2.026      2.940    23.5395 0.0000e+00
      2.072      0.032     4.6308     54.475     36.785  35.664555     2.3373      7.148   277.1799 7.3730e+01     1.9169      2.034      2.950    23.5012 0.0000e+00
      2.077      0.039     4.5995     54.070     36.802  35.654411     2.3234      7.140   278.4773 7.4181e+01     1.9127      2.035      2.951    23.4843 0.0000e+00
      2.087      0.044     4.5798     53.784     36.842  35.652445     2.2930      7.134   279.2744 7.3505e+01     1.9253      2.041      2.960    23.4988 0.0000e+00
      2.107      0.047     4.5705     53.625     36.867  35.640730     2.2833      7.126   279.2468 7.1809e+01     1.9479      2.067      2.998    23.4932 0.0000e+00
      2.126      0.047     4.5689     53.567     36.895  35.639749     2.2882      7.119   279.0902 7.1186e+01     1.9727      2.090      3.032    23.4760 0.0000e+00
