Data/DataNotYetUploadedToEDI/Raw_CTD/2018_RawDownloads/080618_fcr50.cnv
* Sea-Bird SBE19plus  Data File:
* FileName = C:\DATA\080618_fcr50_0001.hex
* Software version 2.6.3.104 SB_Terminal.dll
* Temperature SN = 7809
* Conductivity SN = 7809
* System UpLoad Time = Aug 06 2018 16:27:35
* <ApplicationData>
* <Seaterm232>
# nquan = 15
# nvalues = 1109                        
# units = specified
# name 0 = depFM: Depth [fresh water, m]
# name 1 = dz/dtM: Descent Rate [m/s]
# name 2 = sbeox0Mg/L: Oxygen, SBE 43 [mg/l]
# name 3 = sbeox0PS: Oxygen, SBE 43 [% saturation]
# name 4 = specc: Specific Conductance [uS/cm]
# name 5 = c0uS/cm: Conductivity [uS/cm]
# name 6 = flECO-AFL: Fluorescence, WET Labs ECO-AFL/FL [mg/m^3]
# name 7 = ph: pH
# name 8 = orp: Oxidation Reduction Potential [mV]
# name 9 = par/sat/log: PAR/Logarithmic, Satlantic
# name 10 = turbWETntu0: Turbidity, WET Labs ECO [NTU]
# name 11 = prdM: Pressure, Strain Gauge [db]
# name 12 = prdE: Pressure, Strain Gauge [psi]
# name 13 = tv290C: Temperature [ITS-90, deg C]
# name 14 = flag:  0.000e+00
# span 0 =     -0.513,      9.304       
# span 1 =     -0.111,      3.687       
# span 2 =     0.0550,     8.2502       
# span 3 =      0.506,    101.927       
# span 4 =      3.734,    113.117       
# span 5 =   3.763887,  82.860949       
# span 6 =    -0.4271,     2.8831       
# span 7 =     -2.482,      7.626       
# span 8 =   188.4831,  1240.2295       
# span 9 = 1.2542e-01, 1.2603e+03       
# span 10 =    -0.4583,    46.1943      
# span 11 =     -0.504,      9.124      
# span 12 =     -0.731,     13.234      
# span 13 =    11.5983,    26.2976      
# span 14 = 0.0000e+00, 0.0000e+00      
# interval = seconds: 0.25
# start_time = Aug 06 2018 13:37:13 [Instrument's time stamp, header]
# bad_flag = -9.990e-29
*END*
[from data line 772]
      4.118      0.132     0.1652      1.585     49.370  38.024538     2.0747      6.216   289.9577 1.1636e+01     2.0719      4.039      5.858    14.0716 0.0000e+00
      4.160      0.132     0.1962      1.878     49.714  38.177238     2.0808      6.213   289.3350 1.1216e+01     2.0807      4.084      5.923    13.9602 0.0000e+00
      4.194      0.132     0.2577      2.462     50.033  38.328633     2.0901      6.207   289.8665 1.0918e+01     2.1397      4.115      5.969    13.8040 0.0000e+00
      4.221      0.132     0.3652      3.482     50.310  38.457219     2.0304      6.202   290.3617 1.0657e+01     2.4197      4.139      6.004    13.6375 0.0000e+00
      4.248      0.130     0.5225      4.972     50.918  38.842409     1.9014      6.197   289.6438 1.0347e+01     2.8713      4.164      6.040    13.4962 0.0000e+00
      4.280      0.125     0.7216      6.856     52.040  39.618531     1.8264      6.196   288.4999 9.9963e+00     3.1130      4.195      6.084    13.3877 0.0000e+00
      4.319      0.120     0.9494      9.009     53.254  40.470985     1.8130      6.197   287.7166 9.6653e+00     3.1752      4.235      6.142    13.2980 0.0000e+00
      4.359      0.110     1.1927     11.305     53.959  40.952897     1.7475      6.197   288.0884 9.4095e+00     3.6541      4.278      6.205    13.2157 0.0000e+00
      4.389      0.098     1.4312     13.556     54.487  41.315182     1.6315      6.198   289.3809 9.2378e+00     4.5086      4.308      6.250    13.1411 0.0000e+00
      4.409      0.085     1.6368     15.495     55.500  42.055427     1.5689      6.198   289.9224 9.1231e+00     4.9626      4.326      6.274    13.0609 0.0000e+00
      4.421      0.076     1.7900     16.938     56.414  42.722665     1.5514      6.196   289.5592 9.0458e+00     5.0233      4.338      6.290    12.9888 0.0000e+00
      4.431      0.073     1.8805     17.785     56.603  42.837578     1.4567      6.194   289.0337 8.9459e+00     5.4258      4.345      6.301    12.9400 0.0000e+00
      4.444      0.076     1.9084     18.038     56.519  42.745810     1.2885      6.192   289.3325 8.7740e+00     6.1973      4.354      6.315    12.9069 0.0000e+00
      4.466      0.081     1.8820     17.778     56.576  42.756910     1.1985      6.189   290.5055 8.5385e+00     6.6610      4.377      6.349    12.8838 0.0000e+00
      4.496      0.084     1.8077     17.064     56.743  42.844656     1.1868      6.187   291.1702 8.2778e+00     6.7590      4.410      6.396    12.8637 0.0000e+00
      4.525      0.084     1.6921     15.963     56.880  42.917038     1.1655      6.185   291.0026 8.0686e+00     6.7726      4.440      6.439    12.8370 0.0000e+00
      4.548      0.081     1.5487     14.607     56.916  42.933023     1.0793      6.183   290.7163 7.9466e+00     6.8865      4.463      6.473    12.8129 0.0000e+00
      4.563      0.076     1.3923     13.132     57.054  43.037924     0.9441      6.181   290.8915 7.8632e+00     7.1898      4.476      6.492    12.7892 0.0000e+00
      4.577      0.074     1.2357     11.651     57.255  43.168626     0.8718      6.178   291.4863 7.7520e+00     7.3878      4.487      6.507    12.7468 0.0000e+00
      4.592      0.077     1.0908     10.271     57.274  43.115255     0.8576      6.174   291.9716 7.6236e+00     7.3885      4.504      6.533    12.7156 0.0000e+00
      4.609      0.083     0.9657      9.077     57.280  43.028016     0.8651      6.170   291.9413 7.4916e+00     7.4117      4.518      6.553    12.7070 0.0000e+00
      4.631      0.089     0.8644      8.112     57.356  43.003391     0.8975      6.166   291.5494 7.2956e+00     7.5168      4.537      6.580    12.7196 0.0000e+00
      4.662      0.093     0.7829      7.337     57.365  42.944529     0.9190      6.163   290.9337 7.0643e+00     7.5911      4.572      6.630    12.7165 0.0000e+00
      4.693      0.093     0.7153      6.697     57.363  42.888174     0.9221      6.161   290.5196 6.8686e+00     7.6382      4.605      6.679    12.6440 0.0000e+00
      4.717      0.091     0.6614      6.187     57.431  42.893860     0.9080      6.161   290.7583 6.7073e+00     7.9942      4.627      6.712    12.5503 0.0000e+00
      4.737      0.087     0.6186      5.782     57.725  43.076776     0.8769      6.162   290.9804 6.5715e+00     8.6605      4.646      6.739    12.4801 0.0000e+00
      4.755      0.083     0.5813      5.430     58.434  43.574609     0.8590      6.162   291.1399 6.4370e+00     9.0411      4.664      6.765    12.4251 0.0000e+00
      4.773      0.082     0.5467      5.104     59.318  44.210457     0.8570      6.160   290.7941 6.2648e+00     9.1481      4.680      6.788    12.3774 0.0000e+00
      4.793      0.086     0.5153      4.809     59.699  44.473255     0.8713      6.157   289.2936 6.0660e+00     9.8623      4.699      6.816    12.3377 0.0000e+00
      4.814      0.089     0.4925      4.594     59.466  44.273563     0.9037      6.154   287.7108 5.8794e+00    11.1768      4.722      6.848    12.3080 0.0000e+00
      4.838      0.087     0.4830      4.503     59.248  44.083839     0.9267      6.154   286.5417 5.6728e+00    11.9179      4.743      6.878    12.2800 0.0000e+00
      4.867      0.079     0.4872      4.540     59.188  44.022292     0.9381      6.154   285.3108 5.4312e+00    12.0183      4.773      6.922    12.2610 0.0000e+00
      4.896      0.066     0.5059      4.715     59.042  43.910692     0.9579      6.155   283.1531 5.2605e+00    12.2072      4.806      6.972    12.2488 0.0000e+00
      4.913      0.050     0.5392      5.026     58.815  43.751288     0.9821      6.157   280.3277 5.2125e+00    12.4927      4.822      6.994    12.2232 0.0000e+00
      4.918      0.034     0.5877      5.480     58.615  43.620169     0.9924      6.160   278.4228 5.2195e+00    12.6021      4.824      6.996    12.1962 0.0000e+00
      4.918      0.019     0.6472      6.036     58.478  43.532813     0.9899      6.163   277.5875 5.2210e+00    12.5834      4.823      6.995    12.1809 0.0000e+00
      4.918      0.008     0.7104      6.626     58.369  43.457678     0.9897      6.164   276.9395 5.2023e+00    12.5715      4.822      6.993    12.1790 0.0000e+00
      4.919      0.003     0.7741      7.221     58.298  43.410763     1.0078      6.165   275.7501 5.1788e+00    12.1848      4.822      6.994    12.1882 0.0000e+00
      4.920      0.001     0.8305      7.751     58.272  43.410418     1.0340      6.167   274.1331 5.1604e+00    11.4168      4.825      6.997    12.2070 0.0000e+00
      4.921      0.001     0.8719      8.142     58.202  43.389982     1.0402      6.169   272.7041 5.1509e+00    11.0069      4.827      7.000    12.2230 0.0000e+00
      4.920      0.003     0.8995      8.404     58.112  43.354352     1.0370      6.171   271.6356 5.1532e+00    10.9814      4.826      7.000    12.2240 0.0000e+00
      4.919      0.008     0.9157      8.559     58.179  43.424502     1.0137      6.173   271.0235 5.1373e+00    11.0784      4.824      6.997    12.2236 0.0000e+00
      4.919      0.015     0.9210      8.609     58.500  43.666230     0.9602      6.174   270.7234 5.0922e+00    11.2651      4.823      6.995    12.2391 0.0000e+00
      4.921      0.024     0.9169      8.568     58.956  43.989290     0.9234      6.174   270.4163 5.0352e+00    11.3466      4.824      6.997    12.2733 0.0000e+00
      4.928      0.034     0.9078      8.478     59.386  44.280171     0.9184      6.174   269.8061 4.9560e+00    11.3613      4.831      7.007    12.3032 0.0000e+00
      4.941      0.043     0.8968      8.371     59.655  44.450523     0.9264      6.176   269.0238 4.8534e+00    11.5041      4.845      7.027    12.3218 0.0000e+00
      4.957      0.050     0.8844      8.252     59.612  44.396622     0.9369      6.177   268.5288 4.7464e+00    11.7305      4.861      7.050    12.3259 0.0000e+00
      4.972      0.055     0.8740      8.152     59.626  44.391054     0.9444      6.176   268.3818 4.6511e+00    11.8404      4.877      7.073    12.3085 0.0000e+00
      4.987      0.058     0.8672      8.086     59.983  44.637371     0.9438      6.176   268.1924 4.5715e+00    11.8561      4.891      7.094    12.2783 0.0000e+00
      4.999      0.060     0.8627      8.040     60.283  44.832708     0.9666      6.177   267.7019 4.4841e+00    12.0419      4.902      7.110    12.2504 0.0000e+00
      5.014      0.060     0.8614      8.024     60.246  44.782716     1.0178      6.179   267.1819 4.3713e+00    12.4093      4.915      7.129    12.2323 0.0000e+00
      5.031      0.059     0.8621      8.028     59.511  44.223550     1.0491      6.180   266.7235 4.2508e+00    12.6055      4.934      7.156    12.2236 0.0000e+00
      5.048      0.058     0.8616      8.022     58.432  43.410120     1.0599      6.180   266.3762 4.1481e+00    12.6438      4.952      7.182    12.2093 0.0000e+00
      5.063      0.055     0.8598      8.004     58.095  43.145574     1.0383      6.180   266.1659 4.0575e+00    13.0551      4.965      7.202    12.1799 0.0000e+00
      5.077      0.051     0.8561      7.967     58.161  43.185683     0.9898      6.180   265.9019 3.9677e+00    13.8255      4.979      7.222    12.1596 0.0000e+00
      5.089      0.047     0.8496      7.906     57.926  43.005392     0.9700      6.181   265.5933 3.8893e+00    14.2674      4.993      7.241    12.1535 0.0000e+00
      5.099      0.046     0.8439      7.851     56.731  42.109546     0.9735      6.182   265.2738 3.8237e+00    14.3088      5.002      7.254    12.1442 0.0000e+00
      5.108      0.047     0.8445      7.854     54.226  40.233431     0.9678      6.182   264.8779 3.7560e+00    14.2047      5.008      7.263    12.1287 0.0000e+00
      5.118      0.052     0.8560      7.955     51.922  38.494120     0.9475      6.181   264.4207 3.6774e+00    14.0155      5.019      7.278    12.1207 0.0000e+00
      5.132      0.058     0.8786      8.158     50.940  37.726564     0.9297      6.179   264.0467 3.6004e+00    13.8835      5.032      7.299    12.1191 0.0000e+00
      5.148      0.064     0.9126      8.468     50.851  37.623940     0.9270      6.179   263.8833 3.5219e+00    13.8591      5.046      7.319    12.1125 0.0000e+00
      5.167      0.069     0.9623      8.924     51.159  37.825063     0.9325      6.181   263.9087 3.4259e+00    13.9956      5.065      7.346    12.1002 0.0000e+00
      5.189      0.073     1.0385      9.626     51.589  38.125291     0.9225      6.183   263.8368 3.3326e+00    15.1978      5.089      7.381    12.0698 0.0000e+00
      5.209      0.075     1.1505     10.661     51.709  38.204425     0.8898      6.185   263.5308 3.2620e+00    17.3465      5.109      7.410    12.0248 0.0000e+00
      5.226      0.077     1.2993     12.040     51.465  38.019471     0.8681      6.186   263.2200 3.1886e+00    18.5215      5.124      7.432    11.9873 0.0000e+00
      5.243      0.078     1.4780     13.695     51.507  38.049112     0.8708      6.186   262.9189 3.0791e+00    18.6929      5.140      7.456    11.9622 0.0000e+00
      5.263      0.082     1.6671     15.447     52.116  38.499262     0.9047      6.186   262.5564 2.9379e+00    19.1443      5.161      7.486    11.9455 0.0000e+00
      5.284      0.089     1.8456     17.102     52.899  39.078432     0.9571      6.182   262.4511 2.7900e+00    19.8899      5.181      7.516    11.9365 0.0000e+00
      5.306      0.096     1.9981     18.516     53.498  39.524333     0.9797      6.179   262.9360 2.6511e+00    20.2617      5.204      7.547    11.9333 0.0000e+00
      5.330      0.101     2.1149     19.600     53.813  39.760796     0.9844      6.177   263.6013 2.4986e+00    20.2831      5.226      7.580    11.9330 0.0000e+00
      5.360      0.101     2.1878     20.277     53.916  39.840782     0.9962      6.175   263.6979 2.3274e+00    20.4229      5.254      7.621    11.9331 0.0000e+00
      5.392      0.099     2.2082     20.467     53.933  39.856072     1.0029      6.172   263.5875 2.1743e+00    20.6703      5.290      7.673    11.9334 0.0000e+00
      5.420      0.095     2.1748     20.158     53.881  39.818592     1.0010      6.169   263.7291 2.0532e+00    20.7718      5.318      7.713    11.9367 0.0000e+00
      5.441      0.090     2.0900     19.372     53.814  39.768834     0.9919      6.166   263.9481 1.9486e+00    20.7646      5.337      7.740    11.9409 0.0000e+00
      5.460      0.082     1.9615     18.180     53.809  39.762758     0.9930      6.162   264.1706 1.8505e+00    20.7974      5.355      7.767    11.9445 0.0000e+00
      5.479      0.075     1.8056     16.735     53.787  39.745118     1.0147      6.160   264.0965 1.7608e+00    20.8020      5.373      7.792    11.9472 0.0000e+00
      5.499      0.072     1.6371     15.173     53.702  39.682630     1.0432      6.160   263.7399 1.6779e+00    20.7587      5.392      7.820    11.9477 0.0000e+00
      5.517      0.074     1.4677     13.603     53.649  39.642593     1.0621      6.158   263.4729 1.6035e+00    20.7014      5.411      7.849    11.9479 0.0000e+00
      5.532      0.080     1.3111     12.151     53.654  39.642254     1.1234      6.153   263.6209 1.5311e+00    20.4151      5.424      7.867    11.9453 0.0000e+00
      5.548      0.088     1.1793     10.928     53.712  39.678524     1.2419      6.149   263.9811 1.4511e+00    19.9206      5.438      7.888    11.9429 0.0000e+00
      5.569      0.096     1.0829     10.034     53.922  39.826959     1.3094      6.145   264.0420 1.3456e+00    19.6975      5.458      7.917    11.9447 0.0000e+00
      5.598      0.104     1.0242      9.489     54.474  40.229754     1.3148      6.142   263.9280 1.2110e+00    19.7313      5.488      7.958    11.9447 0.0000e+00
      5.633      0.110     0.9955      9.222     55.508  40.990509     1.3075      6.140   263.7211 1.0858e+00    19.6889      5.527      8.015    11.9405 0.0000e+00
      5.665      0.110     0.9916      9.185     56.494  41.718007     1.2847      6.139   263.4333 9.9774e-01    19.4285      5.558      8.062    11.9339 0.0000e+00
      5.692      0.103     1.0044      9.305     56.577  41.782094     1.2601      6.140   263.3730 9.3701e-01    19.0559      5.580      8.093    11.9267 0.0000e+00
      5.720      0.089     1.0239      9.486     55.949  41.320594     1.2483      6.140   263.5941 8.7769e-01    18.8762      5.609      8.136    11.9219 0.0000e+00
      5.746      0.071     1.0449      9.681     55.384  40.903764     1.2437      6.140   263.8696 8.2111e-01    18.8727      5.639      8.178    11.9193 0.0000e+00
      5.763      0.056     1.0585      9.806     55.258  40.808939     1.2411      6.142   264.0368 7.9271e-01    18.9225      5.655      8.202    11.9188 0.0000e+00
      5.771      0.046     1.0581      9.803     55.603  41.063632     1.2353      6.143   264.1542 7.8639e-01    19.0203      5.661      8.211    11.9221 0.0000e+00
      5.773      0.043     1.0473      9.703     55.771  41.187422     1.2283      6.142   264.1693 7.8798e-01    19.0789      5.661      8.210    11.9254 0.0000e+00
      5.775      0.047     1.0322      9.563     55.737  41.161921     1.2306      6.141   264.0470 7.8572e-01    19.0811      5.662      8.212    11.9247 0.0000e+00
      5.784      0.059     1.0152      9.405     56.394  41.644860     1.2262      6.139   264.0527 7.4800e-01    18.9861      5.668      8.219    11.9229 0.0000e+00
      5.803      0.075     0.9985      9.250     57.229  42.260846     1.2031      6.135   264.2382 6.7873e-01    18.7845      5.688      8.250    11.9224 0.0000e+00
      5.829      0.090     0.9858      9.132     57.479  42.446033     1.1802      6.131   264.3967 6.0527e-01    18.6584      5.716      8.291    11.9232 0.0000e+00
      5.858      0.101     0.9781      9.061     57.530  42.485973     1.1711      6.129   264.3340 5.3761e-01    18.6510      5.743      8.329    11.9230 0.0000e+00
