Data/DataNotYetUploadedToEDI/Raw_CTD/2018_RawDownloads/080618_fcr10.cnv
* Sea-Bird SBE19plus  Data File:
* FileName = C:\DATA\080618_fcr50_0002.hex
* Software version 2.6.3.104 SB_Terminal.dll
* Temperature SN = 7809
* Conductivity SN = 7809
* System UpLoad Time = Aug 06 2018 16:27:46
* <ApplicationData>
* <Seaterm232>
# nquan = 15
# nvalues = 291                         
# units = specified
# name 0 = depFM: Depth [fresh water, m]
# name 1 = dz/dtM: Descent Rate [m/s]
# name 2 = sbeox0Mg/L: Oxygen, SBE 43 [mg/l]
# name 3 = sbeox0PS: Oxygen, SBE 43 [% saturation]
# name 4 = specc: Specific Conductance [uS/cm]
# name 5 = c0uS/cm: Conductivity [uS/cm]
# name 6 = flECO-AFL: Fluorescence, WET Labs ECO-AFL/FL [mg/m^3]
# name 7 = ph: pH
# name 8 = orp: Oxidation Reduction Potential [mV]
# name 9 = par/sat/log: PAR/Logarithmic, Satlantic
# name 10 = turbWETntu0: Turbidity, WET Labs ECO [NTU]
# name 11 = prdM: Pressure, Strain Gauge [db]
# name 12 = prdE: Pressure, Strain Gauge [psi]
# name 13 = tv290C: Temperature [ITS-90, deg C]
# name 14 = flag:  0.000e+00
# span 0 =     -0.512,      2.279       
# span 1 =     -0.009,      0.199       
# span 2 =     0.0743,     9.2586       
# span 3 =      0.862,    111.929       
# span 4 =      1.749,     42.035       
# span 5 =   1.697983,  40.125405       
# span 6 =    -1.1246,     7.5578       
# span 7 =      5.856,      8.017       
# span 8 =   131.2315,   256.1464       
# span 9 = 2.9135e+01, 1.3916e+03       
# span 10 =    -2.5946,     5.2959      
# span 11 =     -0.502,      2.237      
# span 12 =     -0.728,      3.244      
# span 13 =    22.6913,    25.5190      
# span 14 = 0.0000e+00, 0.0000e+00      
# interval = seconds: 0.25
# start_time = Aug 06 2018 14:08:58 [Instrument's time stamp, header]
# bad_flag = -9.990e-29
*END*
     -0.510     -0.001     7.7877     91.737      1.789   1.737310    -0.1497      6.191   210.8151 5.0732e+02     0.0450     -0.500     -0.726    23.5440 0.0000e+00
     -0.510     -0.001     7.7891     91.755      1.789   1.737072    -0.1523      6.191   209.4499 4.7997e+02     0.0090     -0.500     -0.726    23.5446 0.0000e+00
     -0.511     -0.001     7.7886     91.750      1.788   1.735813    -0.1703      6.192   209.6980 4.9141e+02    -0.0731     -0.501     -0.727    23.5454 0.0000e+00
     -0.511     -0.000     7.7874     91.738      1.774   1.722090    -0.1929      6.194   208.9114 5.3196e+02    -0.1541     -0.501     -0.727    23.5465 0.0000e+00
     -0.511 -1.892e-08     7.7871     91.736      1.749   1.697983    -0.2052      6.194   208.4572 5.4063e+02    -0.2075     -0.501     -0.727    23.5475 0.0000e+00
     -0.511 -2.081e-07     7.7864     91.728      1.749   1.697997    -0.2092      6.194   209.1100 5.1570e+02    -0.2606     -0.501     -0.727    23.5484 0.0000e+00
     -0.511 -2.420e-07     7.7852     91.715      1.774   1.722257    -0.2134      6.194   208.7169 5.6556e+02    -0.2778     -0.501     -0.727    23.5493 0.0000e+00
     -0.510 -4.281e-07     7.7848     91.712      1.790   1.737650    -0.2000      6.194   210.0705 6.9406e+02    -0.2628     -0.500     -0.726    23.5502 0.0000e+00
     -0.510     -0.000     7.7853     91.722      1.810   1.757276    -0.1765      6.194   216.4421 7.6730e+02    -0.2616     -0.501     -0.726    23.5509 0.0000e+00
     -0.511     -0.000     7.7856     91.731      1.887   1.832721    -0.1682      6.184   219.1610 7.4534e+02    -0.2334     -0.501     -0.727    23.5517 0.0000e+00
     -0.511     -0.001     7.7847     91.725      2.010   1.952287    -0.1633      6.077   205.4318 7.4935e+02    -0.1964     -0.501     -0.727    23.5524 0.0000e+00
     -0.511     -0.001     7.7845     91.725      2.122   2.061457    -0.1544      5.898   192.4950 8.4145e+02    -0.2107     -0.501     -0.727    23.5532 0.0000e+00
     -0.511     -0.001     7.7850     91.731      2.267   2.201445    -0.1526      5.856   202.3844 9.1508e+02    -0.2240     -0.501     -0.727    23.5555 0.0000e+00
     -0.511     -0.000     7.7842     91.722      2.512   2.439954    -0.1597      5.951   216.9384 9.8433e+02    -0.2036     -0.502     -0.728    23.5585 0.0000e+00
     -0.511      0.000     7.7830     91.708      2.806   2.725657    -0.1672      6.052   226.1569 9.5313e+02    -0.1786     -0.502     -0.728    23.5613 0.0000e+00
     -0.511      0.000     7.7825     91.703      3.145   3.055728    -0.1692      6.141   232.1939 8.5716e+02    -0.1044     -0.501     -0.727    23.5623 0.0000e+00
     -0.512      0.004     7.7820     91.708      5.309   5.162451    -0.1659      6.397   207.0743 9.4161e+02    -0.0075     -0.502     -0.728    23.5630 0.0000e+00
     -0.512      0.021     7.7715     91.712     14.669  14.307031    -0.1640      6.932   156.1203 1.0499e+03     0.0165     -0.502     -0.728    23.5624 0.0000e+00
     -0.512      0.056     7.7298     91.687     28.251  27.694573    -0.1827      7.478   131.2315 1.0485e+03    -0.0283     -0.502     -0.728    23.5633 0.0000e+00
     -0.511      0.106     7.6602     91.642     35.111  34.687846    -0.4193      7.823   134.4077 1.0478e+03    -0.6718     -0.502     -0.727    23.5617 0.0000e+00
     -0.497      0.154     7.5961     91.618     35.764  35.634777    -0.8648      7.986   140.1462 1.0882e+03    -1.9046     -0.502     -0.728    23.5640 0.0000e+00
     -0.446      0.188     7.5552     91.639     35.628  35.714187    -1.1124      8.017   145.7226 1.1489e+03    -2.5735     -0.458     -0.664    23.5601 0.0000e+00
     -0.353      0.199     7.5369     91.734     35.429  35.648310    -1.1246      7.976   150.8966 1.2089e+03    -2.5946     -0.343     -0.496    23.8178 0.0000e+00
     -0.262      0.191     7.5434     91.989     35.308  35.600715    -1.0041      7.909   153.8346 1.2599e+03    -2.4650     -0.242     -0.352    24.4049 0.0000e+00
     -0.205      0.166     7.5889     92.637     35.252  35.583479     0.2625      7.844   155.0895 1.3048e+03    -1.0671     -0.189     -0.273    24.8709 0.0000e+00
     -0.184      0.127     7.6726     93.712     35.214  35.567019     2.5727      7.786   157.2072 1.3400e+03     1.5504     -0.171     -0.247    25.1522 0.0000e+00
     -0.186      0.085     7.7698     94.929     35.165  35.528763     3.8427      7.730   165.1563 1.3548e+03     2.9980     -0.187     -0.271    25.3362 0.0000e+00
     -0.182      0.052     7.8663     96.116     35.135  35.502071     3.9746      7.675   173.5078 1.3561e+03     3.1304     -0.186     -0.270    25.4226 0.0000e+00
     -0.163      0.034     7.9499     97.133     35.133  35.498385     4.0759      7.633   171.1998 1.3601e+03     3.1812     -0.158     -0.230    25.4720 0.0000e+00
     -0.145      0.027     8.0084     97.838     35.123  35.484192     4.2403      7.608   166.8479 1.3698e+03     3.2757     -0.138     -0.200    25.4991 0.0000e+00
     -0.138      0.026     8.0390     98.207     35.098  35.457495     4.3266      7.593   167.4367 1.3758e+03     3.3579     -0.132     -0.191    25.5160 0.0000e+00
     -0.139      0.024     8.0440     98.265     35.072  35.429670     4.3478      7.583   169.2855 1.3754e+03     3.3817     -0.135     -0.195    25.5190 0.0000e+00
     -0.142      0.021     8.0259     98.032     35.049  35.401847     4.4140      7.578   171.3908 1.3765e+03     3.3197     -0.141     -0.204    25.5141 0.0000e+00
     -0.141      0.020     7.9830     97.476     35.035  35.375171     4.5106      7.576   172.8439 1.3809e+03     3.2187     -0.142     -0.205    25.5072 0.0000e+00
     -0.131      0.021     7.9165     96.621     35.038  35.361189     4.5514      7.576   173.5189 1.3803e+03     3.1678     -0.131     -0.190    25.5058 0.0000e+00
     -0.117      0.021     7.8349     95.596     35.048  35.359805     4.5396      7.576   173.9596 1.3757e+03     3.1621     -0.111     -0.162    25.5055 0.0000e+00
     -0.107      0.022     7.7454     94.501     35.048  35.358420     4.4962      7.575   174.4731 1.3678e+03     3.2714     -0.101     -0.147    25.5031 0.0000e+00
     -0.105      0.024     7.6478     93.319     35.031  35.344447     4.4118      7.575   175.0813 1.3254e+03     3.4824     -0.101     -0.147    25.4836 0.0000e+00
     -0.108      0.028     7.5374     91.986     34.998  35.317902     4.3564      7.577   175.8923 1.2973e+03     3.5770     -0.106     -0.155    25.4496 0.0000e+00
     -0.108      0.035     7.4160     90.519     34.967  35.291558     4.3599      7.578   177.0523 1.3496e+03     3.5607     -0.109     -0.160    25.4316 0.0000e+00
     -0.098      0.045     7.2960     89.054     34.955  35.280022     4.4537      7.582   178.3519 1.3916e+03     3.4683     -0.098     -0.144    25.4352 0.0000e+00
     -0.079      0.055     7.1858     87.706     34.981  35.305460     4.6261      7.593   179.8175 1.3747e+03     3.2840     -0.077     -0.113    25.4415 0.0000e+00
     -0.057      0.060     7.0908     86.549     35.019  35.345050     4.7348      7.605   182.1251 1.3515e+03     3.1629     -0.055     -0.080    25.4500 0.0000e+00
     -0.036      0.058     7.0148     85.629     35.049  35.377578     4.7483      7.614   184.1416 1.3397e+03     3.1331     -0.035     -0.050    25.4624 0.0000e+00
     -0.020      0.048     6.9548     84.900     35.113  35.444677     4.7429      7.612   184.6674 1.3362e+03     3.1375     -0.018     -0.026    25.4606 0.0000e+00
     -0.008      0.034     6.9100     84.353     35.189  35.521132     4.7713      7.597   184.9545 1.3352e+03     3.1857     -0.007     -0.010    25.4537 0.0000e+00
     -0.002      0.019     6.8809     83.992     35.210  35.539727     4.8161      7.579   185.3764 1.3289e+03     3.2280     -0.000      0.000    25.4579 0.0000e+00
     -0.002      0.005     6.8636     83.773     35.216  35.542467     4.8349      7.573   185.9834 1.3116e+03     3.2213      0.000     -0.001    25.4647 0.0000e+00
     -0.005     -0.005     6.8571     83.689     35.230  35.554256     4.8423      7.579   187.6471 1.2784e+03     3.1963     -0.005     -0.008    25.4671 0.0000e+00
     -0.010     -0.009     6.8653     83.782     35.234  35.555225     4.9044      7.592   189.5742 1.2384e+03     3.1699     -0.008     -0.012    25.4680 0.0000e+00
     -0.016     -0.009     6.8918     84.095     35.238  35.554178     5.0256      7.603   190.3556 1.2106e+03     3.1457     -0.016     -0.023    25.4626 0.0000e+00
     -0.021     -0.006     6.9353     84.613     35.231  35.541580     5.0949      7.612   190.7285 1.1995e+03     3.1485     -0.023     -0.033    25.4546 0.0000e+00
     -0.022     -0.001     6.9925     85.296     35.226  35.529938     5.1081      7.621   192.3621 1.1990e+03     3.1727     -0.021     -0.031    25.4535 0.0000e+00
     -0.019      0.003     7.0627     86.142     35.241  35.540457     5.2031      7.627   194.8782 1.1943e+03     3.1634     -0.018     -0.027    25.4504 0.0000e+00
     -0.015      0.007     7.1439     87.131     35.244  35.541708     5.3714      7.632   196.0277 1.1761e+03     3.1274     -0.014     -0.020    25.4430 0.0000e+00
     -0.012      0.009     7.2277     88.157     35.246  35.545059     5.4610      7.632   196.0209 1.1581e+03     3.1351     -0.011     -0.016    25.4341 0.0000e+00
     -0.011      0.009     7.3018     89.067     35.279  35.580978     5.4685      7.626   196.9464 1.1520e+03     3.1650     -0.011     -0.016    25.4238 0.0000e+00
     -0.010      0.008     7.3558     89.734     35.289  35.594881     5.4522      7.618   198.4422 1.1530e+03     3.1522     -0.009     -0.014    25.4163 0.0000e+00
     -0.007      0.007     7.3854     90.101     35.277  35.586122     5.4207      7.611   199.9969 1.1528e+03     3.1334     -0.007     -0.010    25.4154 0.0000e+00
     -0.004      0.006     7.3918     90.181     35.292  35.602117     5.4094      7.608   202.2361 1.1457e+03     3.1518     -0.004     -0.006    25.4188 0.0000e+00
     -0.001      0.004     7.3806     90.046     35.350  35.661228     5.4251      7.610   204.3499 1.1340e+03     3.1612     -0.001     -0.002    25.4224 0.0000e+00
     -0.000      0.003     7.3616     89.816     35.416  35.729143     5.5196      7.612   205.7658 1.1234e+03     3.1555      0.001      0.001    25.4279 0.0000e+00
     -0.001      0.003     7.3436     89.599     35.411  35.724538     5.6876      7.609   207.1374 1.1174e+03     3.1437     -0.000     -0.001    25.4326 0.0000e+00
     -0.003      0.004     7.3325     89.460     35.357  35.669066     5.7749      7.604   208.1994 1.1192e+03     3.1407     -0.003     -0.004    25.4337 0.0000e+00
     -0.003      0.005     7.3286     89.407     35.321  35.630134     5.7750      7.602   208.9707 1.1286e+03     3.1801     -0.004     -0.006    25.4346 0.0000e+00
     -0.001      0.005     7.3289     89.403     35.329  35.634934     5.7810      7.605   210.0102 1.1414e+03     3.1928     -0.001     -0.003    25.4363 0.0000e+00
      0.004      0.005     7.3314     89.428     35.360  35.663576     5.8472      7.612   210.7015 1.1533e+03     3.1414      0.005      0.007    25.4376 0.0000e+00
      0.007      0.004     7.3360     89.483     35.356  35.658827     5.9507      7.622   210.4465 1.1612e+03     3.1084      0.009      0.013    25.4354 0.0000e+00
      0.007      0.003     7.3408     89.538     35.339  35.641042     6.0034      7.635   210.1096 1.1647e+03     3.0986      0.008      0.011    25.4308 0.0000e+00
      0.006      0.000     7.3420     89.550     35.339  35.639105     6.0244      7.648   210.2430 1.1628e+03     3.0842      0.006      0.009    25.4264 0.0000e+00
      0.005     -0.001     7.3376     89.499     35.334  35.635409     6.0123      7.661   210.2519 1.1458e+03     3.1472      0.005      0.008    25.4238 0.0000e+00
      0.004      0.001     7.3288     89.396     35.293  35.596348     5.9583      7.671   210.4746 1.0076e+03     3.2508      0.004      0.006    25.4227 0.0000e+00
      0.004      0.004     7.3200     89.293     35.243  35.547955     5.9322      7.679   211.3871 8.7824e+02     3.2998      0.004      0.005    25.4206 0.0000e+00
      0.005      0.005     7.3135     89.217     35.252  35.558469     5.9348      7.687   212.7677 9.7471e+02     3.3117      0.004      0.005    25.4190 0.0000e+00
      0.008      0.005     7.3020     89.086     35.287  35.596424     6.0085      7.693   213.7457 1.0898e+03     3.3035      0.007      0.008    25.4183 0.0000e+00
      0.014      0.005     7.2790     88.817     35.311  35.625745     6.1610      7.697   213.5750 1.1228e+03     3.3228      0.016      0.023    25.4238 0.0000e+00
      0.016      0.005     7.2496     88.471     35.338  35.658908     6.2351      7.700   213.1991 1.1447e+03     3.3611      0.018      0.027    25.4281 0.0000e+00
      0.013      0.006     7.2224     88.150     35.354  35.679801     6.2248      7.704   213.5028 1.1353e+03     3.3401      0.011      0.016    25.4257 0.0000e+00
      0.011      0.007     7.1957     87.828     35.360  35.687791     6.2563      7.704   214.5793 1.1232e+03     3.2514      0.009      0.014    25.4315 0.0000e+00
      0.013      0.008     7.1601     87.392     35.365  35.692002     6.3220      7.701   216.1483 1.1347e+03     3.1734      0.011      0.016    25.4412 0.0000e+00
      0.017      0.011     7.1113     86.791     35.343  35.667187     6.3483      7.697   217.1593 1.1474e+03     3.1607      0.016      0.023    25.4489 0.0000e+00
      0.023      0.013     7.0536     86.081     35.319  35.641843     6.3452      7.696   217.2527 1.1471e+03     3.1581      0.023      0.034    25.4567 0.0000e+00
      0.028      0.013     6.9977     85.397     35.318  35.639657     6.4032      7.696   217.0187 1.1448e+03     3.1424      0.028      0.041    25.4601 0.0000e+00
      0.032      0.011     6.9562     84.891     35.319  35.640748     6.5259      7.698   216.9971 1.1377e+03     3.1544      0.031      0.045    25.4575 0.0000e+00
      0.034      0.008     6.9353     84.636     35.333  35.655037     6.5971      7.700   217.3359 1.1178e+03     3.1811      0.033      0.048    25.4527 0.0000e+00
      0.034      0.004     6.9328     84.605     35.363  35.685378     6.6027      7.701   217.7601 1.1003e+03     3.1904      0.034      0.049    25.4493 0.0000e+00
      0.034      0.002     6.9420     84.719     35.367  35.689996     6.5846      7.703   218.0820 1.1028e+03     3.1758      0.034      0.049    25.4484 0.0000e+00
      0.034      0.001     6.9557     84.889     35.324  35.647358     6.3871      7.706   218.3892 1.1052e+03     3.1562      0.033      0.048    25.4491 0.0000e+00
      0.034      0.000     6.9716     85.085     35.291  35.614495     6.0345      7.709   218.8064 1.0961e+03     3.1670      0.033      0.048    25.4492 0.0000e+00
      0.034 5.7943e-08     6.9905     85.317     35.286  35.610259     5.8501      7.712   219.3413 1.0811e+03     3.1846      0.034      0.049    25.4492 0.0000e+00
      0.034 6.3737e-07     7.0103     85.560     35.271  35.596137     5.8398      7.715   219.9528 1.0338e+03     3.1861      0.034      0.049    25.4501 0.0000e+00
      0.034      0.000     7.0279     85.776     35.246  35.570799     5.8459      7.715   220.6935 8.9233e+02     3.1542      0.034      0.049    25.4515 0.0000e+00
      0.034      0.000     7.0402     85.926     35.233  35.557988     5.8499      7.716   221.5850 6.8293e+02     3.1033      0.033      0.049    25.4522 0.0000e+00
      0.034      0.001     7.0417     85.942     35.244  35.568277     5.8516      7.716   222.2996 5.4208e+02     3.1200      0.034      0.049    25.4535 0.0000e+00
      0.035      0.001     7.0297     85.793     35.246  35.568152     5.8667      7.717   222.7093 5.1674e+02     3.1731      0.035      0.050    25.4549 0.0000e+00
      0.035      0.001     7.0038     85.473     35.236  35.556477     5.9858      7.717   223.0103 5.5137e+02     3.2267      0.034      0.050    25.4555 0.0000e+00
