Data/DataNotYetUploadedToEDI/Raw_CTD/2018_RawDownloads/080618_fcr45.cnv
* Sea-Bird SBE19plus  Data File:
* FileName = C:\DATA\080618_fcr50_0005.hex
* Software version 2.6.3.104 SB_Terminal.dll
* Temperature SN = 7809
* Conductivity SN = 7809
* System UpLoad Time = Aug 06 2018 16:28:37
* <ApplicationData>
* <Seaterm232>
# nquan = 15
# nvalues = 599                         
# units = specified
# name 0 = depFM: Depth [fresh water, m]
# name 1 = dz/dtM: Descent Rate [m/s]
# name 2 = sbeox0Mg/L: Oxygen, SBE 43 [mg/l]
# name 3 = sbeox0PS: Oxygen, SBE 43 [% saturation]
# name 4 = specc: Specific Conductance [uS/cm]
# name 5 = c0uS/cm: Conductivity [uS/cm]
# name 6 = flECO-AFL: Fluorescence, WET Labs ECO-AFL/FL [mg/m^3]
# name 7 = ph: pH
# name 8 = orp: Oxidation Reduction Potential [mV]
# name 9 = par/sat/log: PAR/Logarithmic, Satlantic
# name 10 = turbWETntu0: Turbidity, WET Labs ECO [NTU]
# name 11 = prdM: Pressure, Strain Gauge [db]
# name 12 = prdE: Pressure, Strain Gauge [psi]
# name 13 = tv290C: Temperature [ITS-90, deg C]
# name 14 = flag:  0.000e+00
# span 0 =     -0.506,      7.314       
# span 1 =     -0.096,      0.211       
# span 2 =     0.1428,     8.7947       
# span 3 =      1.388,    107.674       
# span 4 =      2.075,     54.045       
# span 5 =   2.152655,  42.883078       
# span 6 =    -0.1745,     3.0034       
# span 7 =      5.899,      7.890       
# span 8 =   181.5862,   289.1296       
# span 9 = 2.0950e-01, 2.0796e+03       
# span 10 =    -0.2724,    17.8081      
# span 11 =     -0.498,      7.174      
# span 12 =     -0.723,     10.405      
# span 13 =    11.7304,    27.2955      
# span 14 = 0.0000e+00, 0.0000e+00      
# interval = seconds: 0.25
# start_time = Aug 06 2018 15:09:29 [Instrument's time stamp, header]
# bad_flag = -9.990e-29
*END*
[from data line 97]
      0.036      0.002     6.9287     86.658     35.453  36.736254     1.6380      7.871   214.8751 2.0529e+03     2.9227      0.036      0.052    26.8032 0.0000e+00
      0.038      0.001     6.8988     86.285     35.448  36.731142     1.6501      7.868   213.8218 2.0624e+03     2.8861      0.037      0.054    26.8022 0.0000e+00
      0.038     -0.002     6.8431     85.589     35.460  36.743751     1.7019      7.864   212.5694 2.0524e+03     2.8350      0.037      0.054    26.8019 0.0000e+00
      0.037     -0.004     6.7711     84.690     35.476  36.761654     1.7859      7.863   211.8637 2.0422e+03     2.7634      0.037      0.053    26.8021 0.0000e+00
      0.034     -0.004     6.6920     83.702     35.471  36.757029     1.8289      7.863   211.9143 2.0398e+03     2.7229      0.033      0.048    26.8026 0.0000e+00
      0.031     -0.003     6.6170     82.764     35.465  36.751359     1.8367      7.862   212.1490 2.0455e+03     2.7114      0.029      0.043    26.8035 0.0000e+00
      0.030     -0.002     6.5540     81.977     35.470  36.756624     1.8710      7.862   212.6362 2.0559e+03     2.8069      0.028      0.041    26.8046 0.0000e+00
      0.031      0.000     6.4965     81.260     35.470  36.757164     1.9315      7.863   213.3309 2.0661e+03     3.0236      0.029      0.043    26.8055 0.0000e+00
      0.032      0.001     6.4378     80.528     35.470  36.757884     1.9607      7.865   213.5801 2.0750e+03     3.1342      0.032      0.047    26.8060 0.0000e+00
      0.034      0.002     6.3754     79.748     35.476  36.765343     1.9581      7.868   213.5840 2.0796e+03     3.1065      0.034      0.049    26.8066 0.0000e+00
      0.034      0.002     6.3076     78.901     35.494  36.783823     1.9729      7.870   213.7230 2.0778e+03     3.0549      0.033      0.048    26.8073 0.0000e+00
      0.033      0.002     6.2368     78.016     35.500  36.790753     2.0022      7.871   213.9690 2.0721e+03     2.9979      0.032      0.047    26.8083 0.0000e+00
      0.033      0.001     6.1639     77.105     35.495  36.785604     2.0182      7.871   214.2355 2.0634e+03     2.9669      0.032      0.046    26.8093 0.0000e+00
      0.033      0.001     6.0892     76.172     35.494  36.785084     2.0199      7.871   214.3648 2.0556e+03     2.9556      0.033      0.047    26.8102 0.0000e+00
      0.034      0.001     6.0158     75.254     35.493  36.784469     2.0224      7.871   214.3272 2.0497e+03     2.9519      0.034      0.049    26.8108 0.0000e+00
      0.035      0.000     5.9462     74.383     35.487  36.778164     2.0300      7.872   214.2117 2.0479e+03     2.9528      0.035      0.051    26.8113 0.0000e+00
      0.035      0.000     5.8817     73.578     35.481  36.772379     2.0379      7.873   214.2579 2.0516e+03     2.9354      0.035      0.050    26.8118 0.0000e+00
      0.035      0.000     5.8241     72.858     35.486  36.778055     2.0452      7.874   215.3169 2.0538e+03     2.9256      0.034      0.049    26.8122 0.0000e+00
      0.034     -0.001     5.7736     72.226     35.490  36.783261     2.0450      7.874   217.3790 2.0531e+03     2.9256      0.033      0.048    26.8128 0.0000e+00
      0.034     -0.001     5.7287     71.665     35.479  36.771808     2.0349      7.875   219.0571 2.0467e+03     2.8741      0.032      0.047    26.8132 0.0000e+00
      0.034      0.000     5.6876     71.151     35.474  36.766619     2.0229      7.877   219.8622 2.0192e+03     2.7603      0.033      0.048    26.8135 0.0000e+00
      0.034 -1.509e-08     5.6507     70.690     35.491  36.784054     2.0208      7.878   220.3167 1.9585e+03     2.7096      0.034      0.049    26.8142 0.0000e+00
      0.034 -1.659e-07     5.6211     70.320     35.499  36.792034     2.0179      7.878   220.5937 1.8619e+03     2.7499      0.034      0.049    26.8148 0.0000e+00
      0.034 2.0660e-07     5.5992     70.047     35.506  36.799588     1.9056      7.878   220.7165 1.7363e+03     2.8195      0.034      0.049    26.8151 0.0000e+00
      0.034      0.000     5.5820     69.832     35.517  36.811868     1.6919      7.879   220.8555 1.5902e+03     2.9412      0.033      0.048    26.8154 0.0000e+00
      0.033      0.000     5.5656     69.628     35.518  36.813449     1.5757      7.879   220.8978 1.4173e+03     3.0316      0.032      0.047    26.8157 0.0000e+00
      0.033      0.001     5.5500     69.433     35.523  36.818705     1.5670      7.879   220.5395 1.2118e+03     3.0276      0.032      0.047    26.8159 0.0000e+00
      0.034      0.001     5.5364     69.262     35.516  36.811899     1.5493      7.878   220.4804 9.9177e+02     2.9837      0.034      0.050    26.8162 0.0000e+00
      0.035      0.001     5.5239     69.107     35.499  36.794685     1.5178      7.877   221.3883 7.8622e+02     2.9287      0.035      0.051    26.8168 0.0000e+00
      0.035      0.001     5.5110     68.947     35.505  36.801142     1.5083      7.878   222.5684 6.1241e+02     2.9114      0.035      0.050    26.8173 0.0000e+00
      0.035      0.001     5.4996     68.805     35.529  36.826446     1.5167      7.878   223.3928 4.8537e+02     2.9577      0.034      0.050    26.8178 0.0000e+00
      0.034      0.000     5.4914     68.703     35.548  36.846534     1.5280      7.878   223.6116 4.0607e+02     2.9999      0.033      0.048    26.8183 0.0000e+00
      0.034      0.000     5.4872     68.650     35.554  36.853459     1.5255      7.880   223.8374 3.5907e+02     2.9950      0.033      0.048    26.8187 0.0000e+00
      0.035      0.000     5.4878     68.658     35.547  36.846643     1.5048      7.883   224.2295 3.3618e+02     2.9594      0.034      0.050    26.8193 0.0000e+00
      0.035      0.001     5.4915     68.706     35.529  36.827644     1.4984      7.884   223.7921 3.3003e+02     2.9350      0.035      0.051    26.8201 0.0000e+00
      0.035      0.001     5.4971     68.776     35.516  36.814324     1.5025      7.885   223.1092 3.3046e+02     2.9447      0.034      0.050    26.8205 0.0000e+00
      0.035      0.001     5.5041     68.864     35.514  36.812639     1.4717      7.887   223.1141 3.3345e+02     2.9543      0.033      0.048    26.8206 0.0000e+00
      0.035      0.001     5.5091     68.928     35.508  36.807271     1.4108      7.889   222.9907 3.4100e+02     2.9298      0.034      0.049    26.8208 0.0000e+00
      0.036      0.001     5.5095     68.934     35.513  36.812941     1.3831      7.889   222.3063 3.5726e+02     2.9222      0.035      0.051    26.8212 0.0000e+00
      0.036      0.001     5.5047     68.874     35.517  36.817673     1.3937      7.889   222.4970 3.8212e+02     2.9544      0.036      0.052    26.8216 0.0000e+00
      0.036      0.001     5.4943     68.744     35.501  36.800971     1.4283      7.889   222.4572 4.1287e+02     3.0136      0.035      0.051    26.8220 0.0000e+00
      0.036      0.001     5.4799     68.564     35.501  36.801577     1.4802      7.889   219.8456 4.4691e+02     3.0882      0.035      0.051    26.8229 0.0000e+00
      0.037      0.002     5.4640     68.366     35.523  36.824997     1.5072      7.888   217.6783 4.8201e+02     3.1239      0.036      0.052    26.8235 0.0000e+00
      0.038      0.003     5.4456     68.137     35.528  36.830033     1.5064      7.887   217.5044 5.1415e+02     3.1400      0.037      0.053    26.8239 0.0000e+00
      0.038      0.006     5.4253     67.882     35.498  36.798943     1.5344      7.888   216.7108 5.3017e+02     3.0995      0.037      0.054    26.8246 0.0000e+00
      0.039      0.010     5.4048     67.627     35.467  36.766720     1.6065      7.889   215.7401 5.2870e+02     3.0005      0.038      0.055    26.8250 0.0000e+00
      0.040      0.016     5.3819     67.341     35.458  36.758059     1.6523      7.890   215.4903 5.2130e+02     2.9505      0.039      0.057    26.8257 0.0000e+00
      0.044      0.022     5.3554     67.008     35.458  36.757735     1.6470      7.890   215.1527 5.1095e+02     2.9531      0.041      0.061    26.8262 0.0000e+00
      0.050      0.029     5.3264     66.646     35.463  36.762807     1.6428      7.890   215.1860 4.9923e+02     2.9707      0.048      0.069    26.8265 0.0000e+00
      0.060      0.037     5.2959     66.262     35.457  36.755861     1.6668      7.889   215.1187 4.5649e+02     2.9797      0.058      0.083    26.8270 0.0000e+00
      0.071      0.044     5.2660     65.887     35.440  36.737266     1.6886      7.885   213.1351 3.8004e+02     2.9399      0.071      0.101    26.8269 0.0000e+00
      0.084      0.051     5.2412     65.575     35.433  36.728561     1.6956      7.879   210.3025 3.3022e+02     2.8867      0.082      0.119    26.8266 0.0000e+00
      0.097      0.058     5.2243     65.360     35.421  36.714129     1.7139      7.872   208.9183 3.3901e+02     2.9470      0.095      0.138    26.8264 0.0000e+00
      0.112      0.067     5.2163     65.252     35.401  36.689804     1.7446      7.864   208.4448 3.6883e+02     3.0896      0.110      0.160    26.8257 0.0000e+00
      0.128      0.077     5.2233     65.328     35.407  36.688539     1.7634      7.859   207.6750 4.8589e+02     3.1457      0.124      0.180    26.8244 0.0000e+00
      0.146      0.086     5.2469     65.608     35.425  36.698831     1.7759      7.857   206.4942 6.7950e+02     3.1372      0.141      0.206    26.8233 0.0000e+00
      0.171      0.094     5.2801     66.008     35.423  36.687176     1.7945      7.857   204.9226 6.4644e+02     3.1393      0.165      0.241    26.8212 0.0000e+00
      0.201      0.099     5.3185     66.475     35.419  36.674657     1.8699      7.857   203.9006 4.3331e+02     3.1400      0.197      0.287    26.8147 0.0000e+00
      0.231      0.101     5.3582     66.961     35.424  36.674501     2.0064      7.856   203.7750 3.5409e+02     3.1460      0.228      0.331    26.8033 0.0000e+00
      0.258      0.098     5.4009     67.488     35.439  36.685279     2.0851      7.855   203.8342 3.5962e+02     3.1510      0.254      0.369    26.7903 0.0000e+00
      0.283      0.093     5.4557     68.169     35.435  36.677921     2.1044      7.853   203.9282 3.1361e+02     3.1697      0.279      0.404    26.7770 0.0000e+00
      0.304      0.088     5.5291     69.080     35.410  36.649046     2.1565      7.852   204.1363 2.6918e+02     3.1887      0.299      0.435    26.7652 0.0000e+00
      0.324      0.084     5.6203     70.210     35.420  36.653780     2.2379      7.852   204.4578 2.5788e+02     3.1680      0.318      0.462    26.7575 0.0000e+00
      0.342      0.082     5.7253     71.511     35.442  36.671625     2.2896      7.855   205.0629 2.4900e+02     3.1327      0.335      0.486    26.7523 0.0000e+00
      0.363      0.079     5.8363     72.893     35.447  36.674229     2.3030      7.859   205.7734 2.4401e+02     3.0977      0.354      0.514    26.7490 0.0000e+00
      0.387      0.077     5.9398     74.185     35.458  36.685256     2.2984      7.862   206.1651 2.4348e+02     3.0797      0.380      0.550    26.7450 0.0000e+00
      0.409      0.075     6.0227     75.219     35.452  36.677906     2.2898      7.864   206.5297 2.4214e+02     3.0986      0.403      0.583    26.7357 0.0000e+00
      0.427      0.073     6.0776     75.899     35.426  36.648877     2.2907      7.865   207.0843 2.3718e+02     3.1433      0.420      0.609    26.7263 0.0000e+00
      0.442      0.070     6.1046     76.230     35.432  36.651883     2.2917      7.866   207.5373 2.3257e+02     3.1931      0.434      0.628    26.7239 0.0000e+00
      0.457      0.067     6.1094     76.282     35.435  36.650723     2.2732      7.866   207.7041 2.3021e+02     3.2118      0.448      0.649    26.7245 0.0000e+00
      0.474      0.065     6.0974     76.127     35.422  36.634842     2.2422      7.866   207.7239 2.2892e+02     3.1868      0.465      0.674    26.7239 0.0000e+00
      0.493      0.065     6.0716     75.802     35.438  36.650437     2.2295      7.867   207.8620 2.2863e+02     3.1339      0.484      0.702    26.7204 0.0000e+00
      0.511      0.064     6.0350     75.345     35.437  36.648718     2.2399      7.869   208.1703 2.3358e+02     3.1222      0.502      0.728    26.7143 0.0000e+00
      0.527      0.061     5.9929     74.817     35.404  36.614056     2.3124      7.870   208.6118 2.4103e+02     3.1372      0.518      0.750    26.7087 0.0000e+00
      0.541      0.057     5.9484     74.260     35.404  36.612478     2.4342      7.871   208.8980 2.4130e+02     3.1013      0.531      0.769    26.7047 0.0000e+00
      0.555      0.055     5.9016     73.676     35.420  36.629640     2.4905      7.872   208.8776 2.4105e+02     3.0858      0.545      0.790    26.7033 0.0000e+00
      0.569      0.054     5.8518     73.054     35.421  36.630978     2.4881      7.869   209.1398 2.4400e+02     3.1025      0.558      0.810    26.7023 0.0000e+00
      0.581      0.056     5.8022     72.433     35.421  36.628653     2.4970      7.863   209.8308 2.5268e+02     3.0586      0.569      0.827    26.7011 0.0000e+00
      0.593      0.061     5.7601     71.904     35.397  36.601533     2.5158      7.853   210.5220 2.7005e+02     2.9824      0.581      0.843    26.7005 0.0000e+00
      0.607      0.067     5.7309     71.531     35.297  36.493646     2.5305      7.842   211.0436 2.7710e+02     2.9444      0.595      0.862    26.7009 0.0000e+00
      0.625      0.073     5.7291     71.458     35.113  36.277048     2.5465      7.834   211.3201 2.6631e+02     2.9343      0.611      0.886    26.7005 0.0000e+00
      0.646      0.077     5.8171     72.397     35.001  36.078910     2.5538      7.829   211.4553 2.5603e+02     2.9521      0.633      0.918    26.6992 0.0000e+00
      0.671      0.079     6.1026     75.690     35.054  36.003549     2.5358      7.825   211.7327 2.4626e+02     3.0374      0.659      0.956    26.6963 0.0000e+00
      0.695      0.079     6.5966     81.562     35.108  35.937364     2.5037      7.821   212.1786 2.2869e+02     3.1416      0.683      0.991    26.6954 0.0000e+00
      0.715      0.078     7.1686     88.429     35.050  35.786668     2.4780      7.816   212.7167 2.1763e+02     3.1746      0.702      1.018    26.6861 0.0000e+00
      0.731      0.075     7.6990     94.782     34.985  35.642363     2.4720      7.809   213.3346 2.1198e+02     3.1609      0.717      1.039    26.5653 0.0000e+00
      0.747      0.074     8.1356     99.973     35.004  35.589946     2.5136      7.799   213.8848 2.0005e+02     3.1597      0.732      1.062    26.3353 0.0000e+00
      0.765      0.076     8.4642    103.858     35.068  35.597435     2.5863      7.788   214.2932 1.9232e+02     3.1598      0.751      1.088    26.1536 0.0000e+00
      0.785      0.080     8.6853    106.455     35.118  35.605790     2.6160      7.778   214.6592 1.9255e+02     3.1309      0.770      1.116    26.0430 0.0000e+00
      0.805      0.084     8.7922    107.674     35.109  35.563852     2.6064      7.771   214.9537 1.9677e+02     3.0854      0.788      1.142    25.9325 0.0000e+00
      0.829      0.086     8.7947    107.620     35.048  35.471448     2.6174      7.766   215.1006 2.1361e+02     3.0382      0.811      1.176    25.8205 0.0000e+00
      0.854      0.086     8.7314    106.743     34.992  35.377798     2.6567      7.762   215.3171 2.5547e+02     2.9870      0.839      1.218    25.7423 0.0000e+00
      0.878      0.086     8.6436    105.566     34.973  35.320767     2.6771      7.757   215.6788 3.1728e+02     2.9537      0.862      1.250    25.6827 0.0000e+00
      0.898      0.085     8.5591    104.455     34.971  35.289999     2.6807      7.752   215.9467 3.5188e+02     2.9413      0.881      1.279    25.6383 0.0000e+00
      0.917      0.083     8.4953    103.618     34.962  35.259819     2.7461      7.748   216.1468 3.3621e+02     2.9900      0.899      1.303    25.6040 0.0000e+00
