Data/DataNotYetUploadedToEDI/Raw_CTD/2018_RawDownloads/080618_fcr50.cnv
* Sea-Bird SBE19plus  Data File:
* FileName = C:\DATA\080618_fcr50_0001.hex
* Software version 2.6.3.104 SB_Terminal.dll
* Temperature SN = 7809
* Conductivity SN = 7809
* System UpLoad Time = Aug 06 2018 16:27:35
* <ApplicationData>
* <Seaterm232>
# nquan = 15
# nvalues = 1109                        
# units = specified
# name 0 = depFM: Depth [fresh water, m]
# name 1 = dz/dtM: Descent Rate [m/s]
# name 2 = sbeox0Mg/L: Oxygen, SBE 43 [mg/l]
# name 3 = sbeox0PS: Oxygen, SBE 43 [% saturation]
# name 4 = specc: Specific Conductance [uS/cm]
# name 5 = c0uS/cm: Conductivity [uS/cm]
# name 6 = flECO-AFL: Fluorescence, WET Labs ECO-AFL/FL [mg/m^3]
# name 7 = ph: pH
# name 8 = orp: Oxidation Reduction Potential [mV]
# name 9 = par/sat/log: PAR/Logarithmic, Satlantic
# name 10 = turbWETntu0: Turbidity, WET Labs ECO [NTU]
# name 11 = prdM: Pressure, Strain Gauge [db]
# name 12 = prdE: Pressure, Strain Gauge [psi]
# name 13 = tv290C: Temperature [ITS-90, deg C]
# name 14 = flag:  0.000e+00
# span 0 =     -0.513,      9.304       
# span 1 =     -0.111,      3.687       
# span 2 =     0.0550,     8.2502       
# span 3 =      0.506,    101.927       
# span 4 =      3.734,    113.117       
# span 5 =   3.763887,  82.860949       
# span 6 =    -0.4271,     2.8831       
# span 7 =     -2.482,      7.626       
# span 8 =   188.4831,  1240.2295       
# span 9 = 1.2542e-01, 1.2603e+03       
# span 10 =    -0.4583,    46.1943      
# span 11 =     -0.504,      9.124      
# span 12 =     -0.731,     13.234      
# span 13 =    11.5983,    26.2976      
# span 14 = 0.0000e+00, 0.0000e+00      
# interval = seconds: 0.25
# start_time = Aug 06 2018 13:37:13 [Instrument's time stamp, header]
# bad_flag = -9.990e-29
*END*
     -0.512 1.0843e-38     8.2428    100.480      4.730   4.767899    -0.1661      5.642  1239.9330 3.7102e+02     0.0190     -0.502     -0.729    25.3915 0.0000e+00
     -0.512 1.1927e-37     8.2438    100.491      4.777   4.814794    -0.1685      5.835  1240.2026 3.6891e+02    -0.0132     -0.502     -0.729    25.3917 0.0000e+00
     -0.512 1.3120e-36     8.2438    100.490      4.645   4.681749    -0.1775      5.938  1240.2271 3.6487e+02    -0.0180     -0.502     -0.729    25.3914 0.0000e+00
     -0.512 1.4432e-35     8.2439    100.492      4.582   4.618019    -0.2010      6.007  1240.2293 3.5877e+02    -0.0094     -0.503     -0.729    25.3911 0.0000e+00
     -0.512 1.5875e-34     8.2440    100.493      4.768   4.805325    -0.2230      6.064  1240.2295 3.4923e+02    -0.0009     -0.502     -0.728    25.3912 0.0000e+00
     -0.512 1.7462e-33     8.2450    100.505      4.627   4.663184    -0.2323      6.100  1240.2295 3.3454e+02     0.0246     -0.502     -0.729    25.3908 0.0000e+00
     -0.512 1.9209e-32     8.2464    100.522      4.261   4.294691    -0.2298      6.102  1240.2295 3.2253e+02     0.0239     -0.503     -0.729    25.3907 0.0000e+00
     -0.512 2.1130e-31     8.2462    100.519      4.249   4.282159    -0.2115      6.086  1240.2295 3.2670e+02    -0.0396     -0.502     -0.728    25.3906 0.0000e+00
     -0.512 2.3242e-30     8.2444    100.498      4.351   4.384855    -0.1860      6.072  1240.2295 3.3646e+02    -0.1335     -0.503     -0.729    25.3905 0.0000e+00
     -0.512 2.5567e-29     8.2439    100.492      4.297   4.331367    -0.1792      6.068  1240.2295 3.2802e+02    -0.2258     -0.502     -0.729    25.3906 0.0000e+00
     -0.512 2.8123e-28     8.2448    100.502      4.236   4.269661    -0.1839      6.067  1240.2295 3.0904e+02    -0.2399     -0.503     -0.729    25.3904 0.0000e+00
     -0.512 3.0936e-27     8.2445    100.498      4.239   4.272997    -0.1785      6.063  1240.2295 2.9714e+02    -0.0901     -0.502     -0.728    25.3906 0.0000e+00
     -0.512 3.4029e-26     8.2440    100.493      4.211   4.244862    -0.1692      6.061  1240.2295 2.9122e+02     0.1196     -0.503     -0.729    25.3905 0.0000e+00
     -0.512 3.7432e-25     8.2460    100.517      4.150   4.183182    -0.1722      6.061  1240.2295 2.8567e+02     0.2202     -0.502     -0.728    25.3906 0.0000e+00
     -0.512 4.1175e-24     8.2480    100.541      4.129   4.161444    -0.1785      6.066  1240.2295 2.7702e+02     0.2115     -0.502     -0.728    25.3905 0.0000e+00
     -0.512 4.5293e-23     8.2475    100.535      4.202   4.235717    -0.1806      6.073  1240.2295 2.7236e+02     0.0751     -0.503     -0.729    25.3904 0.0000e+00
     -0.512 4.9822e-22     8.2460    100.516      4.286   4.320143    -0.1799      6.075  1240.2295 2.7569e+02    -0.1165     -0.503     -0.729    25.3906 0.0000e+00
     -0.512 5.4804e-21     8.2446    100.500      4.386   4.421163    -0.1704      6.068  1240.2295 2.7781e+02    -0.1829     -0.502     -0.728    25.3904 0.0000e+00
     -0.512 6.0285e-20     8.2440    100.492      4.470   4.505794    -0.1665      6.070  1240.2295 2.7389e+02    -0.1787     -0.502     -0.729    25.3904 0.0000e+00
     -0.513 6.6313e-19     8.2441    100.493      4.358   4.392062    -0.1694      6.081  1240.2295 2.6977e+02    -0.1872     -0.503     -0.730    25.3905 0.0000e+00
     -0.513 7.2945e-18     8.2444    100.497      4.218   4.251075    -0.1690      6.094  1240.2295 2.7027e+02    -0.2251     -0.504     -0.730    25.3904 0.0000e+00
     -0.513 8.0239e-17     8.2445    100.498      4.163   4.196450    -0.1706      6.100  1240.2295 2.7337e+02    -0.2710     -0.503     -0.729    25.3905 0.0000e+00
     -0.513 8.8263e-16     8.2450    100.503      4.143   4.175545    -0.1705      6.098  1240.2295 2.7801e+02    -0.2532     -0.503     -0.729    25.3903 0.0000e+00
     -0.513 9.7089e-15     8.2458    100.514      4.219   4.252008    -0.1677      6.100  1240.2295 2.8287e+02    -0.2241     -0.503     -0.729    25.3901 0.0000e+00
     -0.513 1.0680e-13     8.2451    100.505      4.263   4.296467    -0.1729      6.105  1240.2295 2.9007e+02    -0.2545     -0.503     -0.729    25.3899 0.0000e+00
     -0.513 1.1748e-12     8.2437    100.488      4.236   4.269137    -0.1784      6.106  1240.2295 3.0823e+02    -0.2848     -0.502     -0.728    25.3898 0.0000e+00
     -0.513 1.2923e-11     8.2437    100.487      4.143   4.175248    -0.1708      6.092  1240.2295 3.3263e+02    -0.2546     -0.503     -0.729    25.3900 0.0000e+00
     -0.513 1.4215e-10     8.2439    100.490      3.955   3.985740    -0.1630      6.075  1240.2295 3.5040e+02    -0.2246     -0.502     -0.729    25.3899 0.0000e+00
     -0.513 1.5636e-09     8.2441    100.493      3.976   4.007317    -0.1679      6.086  1240.2295 3.6428e+02    -0.2274     -0.503     -0.729    25.3898 0.0000e+00
     -0.513 1.7200e-08     8.2449    100.503      4.150   4.182467    -0.1735      6.111  1240.2295 3.8069e+02    -0.2279     -0.502     -0.729    25.3899 0.0000e+00
     -0.513 1.8920e-07     8.2454    100.508      4.231   4.264219    -0.1754      6.109  1240.2295 3.9564e+02    -0.2300     -0.503     -0.729    25.3898 0.0000e+00
     -0.513      0.000     8.2454    100.508      4.265   4.298139    -0.1730      6.084  1240.2295 4.0012e+02    -0.2227     -0.503     -0.729    25.3897 0.0000e+00
     -0.513      0.000     8.2458    100.513      4.243   4.275464    -0.1632      6.075  1240.2295 3.9211e+02    -0.2012     -0.503     -0.729    25.3897 0.0000e+00
     -0.513      0.000     8.2459    100.514      4.148   4.180327    -0.1572      6.066  1240.2295 3.7841e+02    -0.1842     -0.503     -0.729    25.3897 0.0000e+00
     -0.513      0.003     8.2460    100.515      4.067   4.099191    -0.1560      6.042  1240.2295 3.6626e+02    -0.1688     -0.503     -0.730    25.3896 0.0000e+00
     -0.513      0.030     8.2465    100.520      4.024   4.055525    -0.1582      6.035  1240.2295 3.5961e+02    -0.1676     -0.503     -0.730    25.3894 0.0000e+00
     -0.513      0.335     8.2465    100.519      4.001   4.032889    -0.1655      6.048  1240.2295 3.5441e+02    -0.1397     -0.502     -0.729    25.3895 0.0000e+00
     -0.513      3.687     8.2465    100.519      4.047   4.079193    -0.1615      6.053  1240.2295 3.4362e+02    -0.0452     -0.503     -0.730    25.3893 0.0000e+00
     -0.513 4.0557e-99     8.2461    100.515      3.949   3.981159    -0.1559      6.056  1240.2295 3.2150e+02     0.0301     -0.503     -0.729    25.3889 0.0000e+00
     -0.513 4.4612e-98     8.2450    100.501      3.769   3.798886    -0.1622      6.066  1240.2295 2.8640e+02     0.0380     -0.503     -0.729    25.3887 0.0000e+00
     -0.513 4.9074e-97     8.2444    100.494      3.811   3.841405    -0.1639      6.073  1240.2295 2.4816e+02     0.0185     -0.503     -0.729    25.3886 0.0000e+00
     -0.513 5.3981e-96     8.2442    100.491      3.894   3.924470    -0.1580      6.078  1240.2295 2.2102e+02     0.0083     -0.503     -0.729    25.3885 0.0000e+00
     -0.513 5.9379e-95     8.2432    100.477      3.822   3.851905    -0.1555      6.086  1240.2295 2.1332e+02     0.0067     -0.503     -0.730    25.3884 0.0000e+00
     -0.513 6.5317e-94     8.2424    100.467      3.759   3.788501    -0.1611      6.096  1240.2295 2.3028e+02    -0.0003     -0.503     -0.729    25.3883 0.0000e+00
     -0.513 7.1849e-93     8.2432    100.477      3.951   3.982335    -0.1606      6.101  1240.2295 2.5508e+02    -0.0149     -0.503     -0.730    25.3881 0.0000e+00
     -0.513 7.9034e-92     8.2448    100.497      4.133   4.166036    -0.1495      6.098  1240.2295 2.5582e+02    -0.0183     -0.503     -0.729    25.3879 0.0000e+00
     -0.513 8.6937e-91     8.2459    100.510      3.949   3.980116    -0.1461      6.087  1240.2295 2.3090e+02    -0.0098     -0.503     -0.730    25.3877 0.0000e+00
     -0.513 9.5631e-90     8.2459    100.510      3.734   3.763887    -0.1569      6.077  1240.2295 2.0036e+02    -0.0352     -0.503     -0.729    25.3878 0.0000e+00
     -0.513 1.0519e-88     8.2455    100.505      3.805   3.834820    -0.1704      6.078  1240.2295 1.8189e+02    -0.0507     -0.502     -0.729    25.3879 0.0000e+00
     -0.513 1.1571e-87     8.2467    100.519      3.982   4.013288    -0.1704      6.083  1240.2295 1.7685e+02    -0.0747     -0.503     -0.730    25.3877 0.0000e+00
     -0.513 1.2728e-86     8.2478    100.532      4.051   4.082502    -0.1669      6.085  1240.2295 1.7942e+02    -0.1729     -0.503     -0.730    25.3876 0.0000e+00
     -0.512 1.4001e-85     8.2474    100.527      4.006   4.037452    -0.1737      6.090  1240.2295 1.9538e+02    -0.2313     -0.502     -0.729    25.3874 0.0000e+00
     -0.512 1.5401e-84     8.2478    100.532      3.945   3.975979    -0.1697      6.095  1240.2295 2.1663e+02    -0.2013     -0.502     -0.729    25.3870 0.0000e+00
     -0.513 1.6942e-83     8.2484    100.539      4.005   4.036876    -0.1554      6.095  1240.2295 2.1908e+02    -0.1457     -0.503     -0.730    25.3870 0.0000e+00
     -0.513 1.8636e-82     8.2474    100.527      4.107   4.139513    -0.1577      6.094  1240.2295 2.0197e+02    -0.0780     -0.503     -0.730    25.3871 0.0000e+00
     -0.513 2.0499e-81     8.2460    100.510      4.044   4.075355    -0.1702      6.087  1240.2295 1.8351e+02    -0.0235     -0.503     -0.729    25.3868 0.0000e+00
     -0.513 2.2549e-80     8.2453    100.502      3.991   4.022221    -0.1767      6.072  1240.2295 1.7318e+02    -0.0051     -0.503     -0.730    25.3867 0.0000e+00
     -0.513 2.4804e-79     8.2448    100.495      3.911   3.941051    -0.1728      6.046  1240.2295 1.6958e+02    -0.0382     -0.503     -0.730    25.3867 0.0000e+00
     -0.513 2.7285e-78     8.2449    100.495      3.762   3.791551    -0.1688      6.022  1240.2295 1.7017e+02    -0.1192     -0.503     -0.729    25.3868 0.0000e+00
     -0.513 3.0013e-77     8.2455    100.503      3.771   3.800175    -0.1747      6.027  1240.2295 1.7121e+02    -0.1905     -0.503     -0.730    25.3865 0.0000e+00
     -0.513 3.3014e-76     8.2458    100.507      3.825   3.855063    -0.1795      6.063  1240.2295 1.7106e+02    -0.2300     -0.503     -0.730    25.3862 0.0000e+00
     -0.513 3.6316e-75     8.2466    100.516      3.854   3.884398    -0.1800      6.113  1240.2295 1.8008e+02    -0.2295     -0.503     -0.730    25.3862 0.0000e+00
     -0.513 3.9947e-74     8.2461    100.510      3.871   3.901187    -0.1720      6.137  1240.2295 2.0054e+02    -0.2150     -0.503     -0.730    25.3861 0.0000e+00
     -0.513 4.3942e-73     8.2444    100.489      3.901   3.931216    -0.1651      6.129  1240.2295 2.2831e+02    -0.2078     -0.503     -0.729    25.3862 0.0000e+00
     -0.513 4.8336e-72     8.2445    100.491      3.963   3.993790    -0.1711      6.122  1240.2295 3.8931e+02    -0.2023     -0.504     -0.731    25.3861 0.0000e+00
     -0.513 5.3170e-71     8.2451    100.499      3.992   4.023543    -0.1702      6.103  1240.2295 6.7102e+02    -0.2404     -0.503     -0.730    25.3861 0.0000e+00
     -0.513 5.8487e-70     8.2454    100.502      4.006   4.037276    -0.1636      6.084  1240.2295 8.1907e+02    -0.2729     -0.503     -0.729    25.3862 0.0000e+00
     -0.513 6.4335e-69     8.2464    100.513      4.002   4.032984    -0.1646      6.091  1240.2295 8.4000e+02    -0.2281     -0.503     -0.730    25.3861 0.0000e+00
     -0.513 7.0769e-68     8.2468    100.518      4.192   4.225344    -0.1651      6.102  1240.2295 8.4545e+02    -0.1875     -0.503     -0.730    25.3860 0.0000e+00
     -0.513 7.7846e-67     8.2463    100.513      4.677   4.714056    -0.1687      6.103  1240.2295 8.2970e+02    -0.2094     -0.503     -0.729    25.3860 0.0000e+00
     -0.513 8.5630e-66     8.2466    100.516      5.082   5.121781    -0.1719      6.108  1240.2295 8.1032e+02    -0.2175     -0.503     -0.730    25.3859 0.0000e+00
     -0.513 9.4194e-65     8.2472    100.524      5.371   5.413094    -0.1668      6.122  1240.2295 7.9032e+02    -0.1941     -0.503     -0.730    25.3859 0.0000e+00
     -0.513 1.0361e-63     8.2473    100.525      5.781   5.826113    -0.1714      6.133  1240.2295 7.6462e+02    -0.1708     -0.504     -0.731    25.3858 0.0000e+00
     -0.513 1.1397e-62     8.2465    100.515      6.323   6.373350    -0.1817      6.139  1240.2295 7.4678e+02    -0.1796     -0.503     -0.730    25.3859 0.0000e+00
     -0.513 1.2537e-61     8.2450    100.498      6.838   6.891964    -0.1812      6.141  1240.2295 6.3294e+02    -0.2703     -0.503     -0.729    25.3860 0.0000e+00
     -0.513 1.3791e-60     8.2450    100.499      7.030   7.085664    -0.1736      6.131  1240.2295 3.9952e+02    -0.3828     -0.503     -0.730    25.3859 0.0000e+00
     -0.513 1.5170e-59     8.2465    100.517      6.885   6.939300    -0.1635      6.120  1240.2295 2.6226e+02    -0.4413     -0.503     -0.730    25.3856 0.0000e+00
     -0.513 1.6687e-58     8.2470    100.525      6.718   6.771501    -0.1607      6.125  1240.2293 2.5227e+02    -0.4583     -0.503     -0.729    25.3856 0.0000e+00
     -0.513 1.8356e-57     8.2465    100.520      6.716   6.769470    -0.1857      6.133  1240.2271 2.6032e+02    -0.3445     -0.503     -0.730    25.3858 0.0000e+00
     -0.513 2.0191e-56     8.2449    100.503      6.861   6.914730    -0.2168      6.132  1240.2029 2.8919e+02    -0.1025     -0.503     -0.730    25.3864 0.0000e+00
     -0.513 2.2210e-55     8.2439    100.492      7.077   7.132352    -0.2253      6.123  1239.9369 4.5273e+02     0.0255     -0.504     -0.731    25.3871 0.0000e+00
     -0.513 2.4431e-54     8.2447    100.503      7.313   7.370912    -0.2318      6.105  1237.0112 7.2185e+02     0.0141     -0.503     -0.730    25.3878 0.0000e+00
     -0.513 2.6875e-53     8.2450    100.508      7.457   7.515582    -0.2323      6.082  1229.7795 8.5647e+02     0.0036     -0.503     -0.730    25.3887 0.0000e+00
     -0.513 2.9562e-52     8.2443    100.500      7.490   7.549466    -0.2040      6.077  1219.8677 8.3749e+02    -0.0096     -0.503     -0.730    25.3894 0.0000e+00
     -0.513 3.2518e-51     8.2440    100.497      7.468   7.526863    -0.1747      6.088  1202.8641 7.5897e+02    -0.0241     -0.503     -0.730    25.3903 0.0000e+00
     -0.513 3.5770e-50     8.2450    100.512      7.374   7.432595    -0.1624      6.093  1180.0933 6.6714e+02    -0.0192     -0.503     -0.730    25.3912 0.0000e+00
     -0.513 3.9347e-49     8.2467    100.536      7.177   7.234302    -0.1567      6.097  1164.4644 6.0973e+02    -0.0117     -0.503     -0.729    25.3918 0.0000e+00
     -0.513 4.3282e-48     8.2471    100.542      7.039   7.095703    -0.1605      6.103  1147.0844 5.7889e+02     0.0058     -0.503     -0.730    25.3927 0.0000e+00
     -0.513 4.7610e-47     8.2465    100.535      7.158   7.215730    -0.1624      6.101  1119.0603 6.1298e+02     0.0088     -0.503     -0.730    25.3935 0.0000e+00
     -0.513 5.2371e-46     8.2455    100.525      7.232   7.290053    -0.1605      6.103  1096.9094 7.0163e+02    -0.0057     -0.503     -0.730    25.3944 0.0000e+00
     -0.513 5.7608e-45     8.2449    100.519      7.112   7.169738    -0.1659      6.118  1084.2918 7.3036e+02    -0.0172     -0.503     -0.730    25.3953 0.0000e+00
     -0.513 6.3369e-44     8.2455    100.526      6.847   6.902786    -0.1634      6.138  1062.4356 6.5860e+02    -0.0383     -0.503     -0.730    25.3960 0.0000e+00
     -0.513 6.9706e-43     8.2454    100.526      6.547   6.599601    -0.1576      6.146  1016.3406 6.1219e+02    -0.0469     -0.503     -0.730    25.3969 0.0000e+00
     -0.513 7.6676e-42     8.2447    100.518      6.496   6.548620    -0.1608      6.121   962.4925 6.2088e+02    -0.0296     -0.503     -0.729    25.3976 0.0000e+00
     -0.513 8.4344e-41     8.2455    100.530      6.550   6.603547    -0.1555      6.087   928.3725 5.6805e+02    -0.0122     -0.503     -0.730    25.3982 0.0000e+00
     -0.513 9.2778e-40     8.2473    100.554      6.450   6.502565    -0.1491      6.077   912.5076 4.4289e+02    -0.0199     -0.503     -0.730    25.3989 0.0000e+00
