Data/DataNotYetUploadedToEDI/Raw_CTD/2018_RawDownloads/080618_fcr45.cnv
* Sea-Bird SBE19plus  Data File:
* FileName = C:\DATA\080618_fcr50_0005.hex
* Software version 2.6.3.104 SB_Terminal.dll
* Temperature SN = 7809
* Conductivity SN = 7809
* System UpLoad Time = Aug 06 2018 16:28:37
* <ApplicationData>
* <Seaterm232>
# nquan = 15
# nvalues = 599                         
# units = specified
# name 0 = depFM: Depth [fresh water, m]
# name 1 = dz/dtM: Descent Rate [m/s]
# name 2 = sbeox0Mg/L: Oxygen, SBE 43 [mg/l]
# name 3 = sbeox0PS: Oxygen, SBE 43 [% saturation]
# name 4 = specc: Specific Conductance [uS/cm]
# name 5 = c0uS/cm: Conductivity [uS/cm]
# name 6 = flECO-AFL: Fluorescence, WET Labs ECO-AFL/FL [mg/m^3]
# name 7 = ph: pH
# name 8 = orp: Oxidation Reduction Potential [mV]
# name 9 = par/sat/log: PAR/Logarithmic, Satlantic
# name 10 = turbWETntu0: Turbidity, WET Labs ECO [NTU]
# name 11 = prdM: Pressure, Strain Gauge [db]
# name 12 = prdE: Pressure, Strain Gauge [psi]
# name 13 = tv290C: Temperature [ITS-90, deg C]
# name 14 = flag:  0.000e+00
# span 0 =     -0.506,      7.314       
# span 1 =     -0.096,      0.211       
# span 2 =     0.1428,     8.7947       
# span 3 =      1.388,    107.674       
# span 4 =      2.075,     54.045       
# span 5 =   2.152655,  42.883078       
# span 6 =    -0.1745,     3.0034       
# span 7 =      5.899,      7.890       
# span 8 =   181.5862,   289.1296       
# span 9 = 2.0950e-01, 2.0796e+03       
# span 10 =    -0.2724,    17.8081      
# span 11 =     -0.498,      7.174      
# span 12 =     -0.723,     10.405      
# span 13 =    11.7304,    27.2955      
# span 14 = 0.0000e+00, 0.0000e+00      
# interval = seconds: 0.25
# start_time = Aug 06 2018 15:09:29 [Instrument's time stamp, header]
# bad_flag = -9.990e-29
*END*
[from data line 579]
      7.146      0.046     1.0692      9.865     52.909  38.886942     0.5088      6.063   287.3540 2.9833e-01    16.3392      7.006     10.162    11.7491 0.0000e+00
      7.158      0.049     1.0627      9.805     53.179  39.082297     0.4956      6.062   287.2121 3.0103e-01    16.3948      7.019     10.181    11.7487 0.0000e+00
      7.172      0.053     1.0579      9.760     53.317  39.179275     0.4844      6.062   287.0799 2.9814e-01    16.7124      7.033     10.200    11.7486 0.0000e+00
      7.187      0.054     1.0565      9.746     53.309  39.169990     0.4835      6.062   287.0463 2.8889e-01    17.3717      7.048     10.222    11.7488 0.0000e+00
      7.203      0.054     1.0534      9.717     53.299  39.160634     0.4937      6.062   287.1497 2.8142e-01    17.7746      7.064     10.245    11.7470 0.0000e+00
      7.218      0.052     1.0432      9.623     53.431  39.256758     0.4974      6.062   287.3838 2.7972e-01    17.7998      7.079     10.266    11.7432 0.0000e+00
      7.231      0.048     1.0217      9.424     53.599  39.379183     0.4924      6.062   287.5536 2.8033e-01    17.7682      7.092     10.286    11.7387 0.0000e+00
      7.242      0.043     0.9876      9.110     53.585  39.370139     0.4878      6.061   287.4821 2.7024e-01    17.7587      7.103     10.303    11.7350 0.0000e+00
      7.252      0.038     0.9461      8.728     53.447  39.274479     0.4881      6.061   287.2940 2.6036e-01    17.7772      7.112     10.315    11.7335 0.0000e+00
      7.261      0.033     0.9000      8.303     53.390  39.239148     0.4956      6.062   287.0859 2.6701e-01    17.8081      7.120     10.327    11.7338 0.0000e+00
      7.268      0.029     0.8527      7.868     53.419  39.260647     0.4961      6.064   287.0308 2.6841e-01    17.7964      7.128     10.338    11.7326 0.0000e+00
      7.275      0.027     0.8105      7.478     53.452  39.280280     0.4851      6.064   287.1439 2.5721e-01    17.7270      7.134     10.347    11.7304 0.0000e+00
      7.281      0.025     0.7763      7.161     53.464  39.285916     0.4820      6.063   287.0772 2.4829e-01    17.6396      7.141     10.356    11.7379 0.0000e+00
      7.287      0.024     0.7514      6.932     53.434  39.265254     0.4858      6.063   286.9125 2.4331e-01    17.5941      7.147     10.365    11.7480 0.0000e+00
      7.293      0.023     0.7357      6.788     53.366  39.221066     0.4953      6.063   287.0446 2.3845e-01    17.6050      7.152     10.373    11.7461 0.0000e+00
      7.299      0.022     0.7298      6.734     53.328  39.196391     0.5037      6.063   287.2121 2.3496e-01    17.6185      7.158     10.381    11.7398 0.0000e+00
      7.305 -9.990e-29 -9.990e-29 -9.990e-29 -9.990e-29 -9.990e-29 -9.990e-29 -9.990e-29 -9.990e-29 2.3641e-01 -9.990e-29      7.164     10.390    11.7366 0.0000e+00
      7.310 -9.990e-29 -9.990e-29 -9.990e-29 -9.990e-29 -9.990e-29 -9.990e-29 -9.990e-29 -9.990e-29 2.3495e-01 -9.990e-29      7.170     10.398    11.7374 0.0000e+00
      7.313 -9.990e-29 -9.990e-29 -9.990e-29 -9.990e-29 -9.990e-29 -9.990e-29 -9.990e-29 -9.990e-29 2.2033e-01 -9.990e-29      7.173     10.403    11.7448 0.0000e+00
      7.314 -9.990e-29 -9.990e-29 -9.990e-29 -9.990e-29 -9.990e-29 -9.990e-29 -9.990e-29 -9.990e-29 2.0950e-01 -9.990e-29      7.174     10.405    11.7507 0.0000e+00
