Data/DataNotYetUploadedToEDI/Raw_CTD/2018_RawDownloads/080618_fcr10.cnv
* Sea-Bird SBE19plus  Data File:
* FileName = C:\DATA\080618_fcr50_0002.hex
* Software version 2.6.3.104 SB_Terminal.dll
* Temperature SN = 7809
* Conductivity SN = 7809
* System UpLoad Time = Aug 06 2018 16:27:46
* <ApplicationData>
* <Seaterm232>
# nquan = 15
# nvalues = 291                         
# units = specified
# name 0 = depFM: Depth [fresh water, m]
# name 1 = dz/dtM: Descent Rate [m/s]
# name 2 = sbeox0Mg/L: Oxygen, SBE 43 [mg/l]
# name 3 = sbeox0PS: Oxygen, SBE 43 [% saturation]
# name 4 = specc: Specific Conductance [uS/cm]
# name 5 = c0uS/cm: Conductivity [uS/cm]
# name 6 = flECO-AFL: Fluorescence, WET Labs ECO-AFL/FL [mg/m^3]
# name 7 = ph: pH
# name 8 = orp: Oxidation Reduction Potential [mV]
# name 9 = par/sat/log: PAR/Logarithmic, Satlantic
# name 10 = turbWETntu0: Turbidity, WET Labs ECO [NTU]
# name 11 = prdM: Pressure, Strain Gauge [db]
# name 12 = prdE: Pressure, Strain Gauge [psi]
# name 13 = tv290C: Temperature [ITS-90, deg C]
# name 14 = flag:  0.000e+00
# span 0 =     -0.512,      2.279       
# span 1 =     -0.009,      0.199       
# span 2 =     0.0743,     9.2586       
# span 3 =      0.862,    111.929       
# span 4 =      1.749,     42.035       
# span 5 =   1.697983,  40.125405       
# span 6 =    -1.1246,     7.5578       
# span 7 =      5.856,      8.017       
# span 8 =   131.2315,   256.1464       
# span 9 = 2.9135e+01, 1.3916e+03       
# span 10 =    -2.5946,     5.2959      
# span 11 =     -0.502,      2.237      
# span 12 =     -0.728,      3.244      
# span 13 =    22.6913,    25.5190      
# span 14 = 0.0000e+00, 0.0000e+00      
# interval = seconds: 0.25
# start_time = Aug 06 2018 14:08:58 [Instrument's time stamp, header]
# bad_flag = -9.990e-29
*END*
[from data line 193]
      0.889      0.070     8.7370    105.526     34.986  34.909918     6.6908      7.633   240.0482 1.8437e+02     3.3497      0.873      1.265    24.9121 0.0000e+00
      0.906      0.070     8.6961    105.029     34.974  34.897309     6.6243      7.638   240.0410 1.8007e+02     3.3495      0.889      1.288    24.9006 0.0000e+00
      0.923      0.070     8.6648    104.635     34.954  34.871912     6.6113      7.644   240.2074 1.7440e+02     3.3673      0.905      1.313    24.8903 0.0000e+00
      0.941      0.070     8.6392    104.296     34.950  34.856920     6.5789      7.652   240.5105 1.6913e+02     3.3522      0.923      1.339    24.8857 0.0000e+00
      0.958      0.071     8.6127    103.941     34.949  34.843055     6.5265      7.658   240.7805 1.6510e+02     3.3494      0.939      1.363    24.8862 0.0000e+00
      0.976      0.071     8.5804    103.515     34.951  34.831290     6.4932      7.662   241.4079 1.6047e+02     3.3640      0.957      1.389    24.8873 0.0000e+00
      0.994      0.070     8.5437    103.042     34.972  34.841685     6.4790      7.666   242.0725 1.5483e+02     3.3453      0.975      1.413    24.8800 0.0000e+00
      1.014      0.069     8.5069    102.577     34.980  34.841695     6.4743      7.671   242.0197 1.4976e+02     3.3372      0.994      1.442    24.8616 0.0000e+00
      1.033      0.066     8.4707    102.127     34.974  34.831396     6.4823      7.675   241.8013 1.4535e+02     3.3567      1.014      1.471    24.8425 0.0000e+00
      1.050      0.063     8.4347    101.683     34.990  34.844194     6.4928      7.677   241.4978 1.4107e+02     3.3674      1.030      1.494    24.8228 0.0000e+00
      1.065      0.061     8.3997    101.252     35.020  34.869393     6.4913      7.678   241.2744 1.3723e+02     3.3450      1.045      1.515    24.8057 0.0000e+00
      1.078      0.060     8.3664    100.841     35.036  34.881984     6.4276      7.674   241.4240 1.3397e+02     3.2687      1.057      1.533    24.7953 0.0000e+00
      1.091      0.062     8.3349    100.449     35.028  34.869386     6.3014      7.667   241.5000 1.3067e+02     3.1775      1.070      1.551    24.7894 0.0000e+00
      1.105      0.066     8.3039    100.062     35.008  34.844105     6.2241      7.657   241.8486 1.2680e+02     3.1274      1.083      1.570    24.7847 0.0000e+00
      1.122      0.071     8.2706     99.647     34.999  34.830385     6.2092      7.646   242.6271 1.2246e+02     3.1208      1.097      1.591    24.7791 0.0000e+00
      1.143      0.075     8.2334     99.183     35.005  34.830533     6.1034      7.635   242.9975 1.1833e+02     3.1287      1.120      1.624    24.7743 0.0000e+00
      1.165      0.077     8.1930     98.683     35.026  34.845882     5.9009      7.628   243.0571 1.1470e+02     3.1311      1.143      1.658    24.7676 0.0000e+00
      1.187      0.077     8.1535     98.194     35.074  34.888918     5.7928      7.625   243.0897 1.1165e+02     3.1189      1.164      1.688    24.7609 0.0000e+00
      1.207      0.076     8.1224     97.803     35.162  34.969752     5.7968      7.624   242.7904 1.0956e+02     3.1034      1.185      1.719    24.7533 0.0000e+00
      1.224      0.075     8.1036     97.557     35.261  35.060991     5.8855      7.623   242.5357 1.0786e+02     3.0662      1.200      1.742    24.7435 0.0000e+00
      1.240      0.075     8.0940     97.422     35.311  35.102796     6.0292      7.620   242.5911 1.0579e+02     2.9745      1.215      1.763    24.7364 0.0000e+00
      1.258      0.076     8.0874     97.322     35.310  35.094083     6.0912      7.619   242.7720 1.0347e+02     2.9097      1.234      1.789    24.7311 0.0000e+00
      1.278      0.076     8.0775     97.183     35.307  35.082671     6.0928      7.619   243.0879 1.0104e+02     2.9233      1.253      1.817    24.7218 0.0000e+00
      1.300      0.076     8.0585     96.931     35.326  35.091839     6.0944      7.619   243.3990 9.8387e+01     2.9568      1.275      1.849    24.7099 0.0000e+00
      1.322      0.075     8.0255     96.515     35.319  35.077881     6.0471      7.618   243.5224 9.5908e+01     2.9784      1.298      1.882    24.6984 0.0000e+00
      1.342      0.072     7.9816     95.975     35.287  35.040935     5.9617      7.615   243.6334 9.3972e+01     2.9704      1.317      1.909    24.6877 0.0000e+00
      1.359      0.069     7.9348     95.398     35.278  35.026235     5.9166      7.608   243.8806 9.2367e+01     2.9519      1.335      1.935    24.6771 0.0000e+00
      1.374      0.065     7.8891     94.829     35.286  35.027181     5.9153      7.603   244.1886 9.0747e+01     2.9685      1.348      1.954    24.6624 0.0000e+00
      1.389      0.063     7.8438     94.264     35.320  35.052362     5.8996      7.601   244.4317 8.8918e+01     2.9267      1.361      1.973    24.6508 0.0000e+00
      1.406      0.061     7.7950     93.658     35.353  35.076610     5.8647      7.596   244.5839 8.7239e+01     2.8128      1.379      2.001    24.6468 0.0000e+00
      1.422      0.061     7.7456     93.045     35.349  35.066264     5.8522      7.590   244.7374 8.5850e+01     2.7510      1.395      2.024    24.6392 0.0000e+00
      1.437      0.061     7.7039     92.530     35.344  35.054301     5.8584      7.586   244.9969 8.4367e+01     2.7283      1.408      2.041    24.6265 0.0000e+00
      1.452      0.060     7.6724     92.143     35.353  35.058989     5.8844      7.585   245.3990 8.2751e+01     2.7214      1.423      2.064    24.6150 0.0000e+00
      1.468      0.059     7.6493     91.860     35.419  35.122939     5.9455      7.583   245.8998 8.1251e+01     2.7289      1.440      2.088    24.6040 0.0000e+00
      1.483      0.058     7.6343     91.673     35.684  35.382867     5.9914      7.580   246.4914 7.9861e+01     2.7275      1.455      2.110    24.5922 0.0000e+00
      1.498      0.057     7.6283     91.593     36.353  36.042044     5.9980      7.576   246.8734 7.8490e+01     2.7352      1.469      2.131    24.5826 0.0000e+00
      1.512      0.054     7.6271     91.568     37.383  37.058326     6.0523      7.573   246.8189 7.7271e+01     2.7913      1.483      2.151    24.5778 0.0000e+00
      1.526      0.051     7.6216     91.491     38.353  38.014857     6.1707      7.568   246.6924 7.6111e+01     2.8873      1.496      2.170    24.5759 0.0000e+00
      1.539      0.049     7.6006     91.223     39.001  38.650032     6.2347      7.564   246.6346 7.4832e+01     2.9499      1.509      2.188    24.5726 0.0000e+00
      1.551      0.049     7.5484     90.582     39.317  38.956942     6.2285      7.561   246.6365 7.3764e+01     2.9679      1.522      2.207    24.5670 0.0000e+00
      1.562      0.050     7.4562     89.465     39.359  38.993831     6.1604      7.556   246.9735 7.2970e+01     2.9526      1.532      2.223    24.5616 0.0000e+00
      1.572      0.051     7.3312     87.960     39.337  38.968976     6.0450      7.550   247.3534 7.1953e+01     2.9179      1.540      2.234    24.5542 0.0000e+00
      1.584      0.053     7.1882     86.239     39.344  38.974082     5.9912      7.544   247.3579 7.0632e+01     2.9145      1.553      2.253    24.5441 0.0000e+00
      1.599      0.056     7.0435     84.492     39.304  38.928497     5.9880      7.536   247.3720 6.9255e+01     2.9418      1.569      2.275    24.5350 0.0000e+00
      1.615      0.060     6.9137     82.917     39.247  38.862537     5.9784      7.525   247.6108 6.7886e+01     2.9433      1.584      2.297    24.5290 0.0000e+00
      1.632      0.061     6.8053     81.594     39.272  38.875394     5.9946      7.512   247.9217 6.6541e+01     2.8708      1.601      2.323    24.5267 0.0000e+00
      1.648      0.061     6.7162     80.504     39.430  39.020401     6.0281      7.498   248.0332 6.5187e+01     2.7670      1.616      2.344    24.5249 0.0000e+00
      1.664      0.060     6.6479     79.664     39.642  39.218077     6.0436      7.485   247.9263 6.3904e+01     2.7267      1.632      2.367    24.5184 0.0000e+00
      1.680      0.059     6.6003     79.071     39.733  39.295949     6.0436      7.472   248.0068 6.2851e+01     2.7497      1.648      2.390    24.5050 0.0000e+00
      1.694      0.057     6.5678     78.661     39.647  39.199529     5.9369      7.459   248.2317 6.1819e+01     2.7392      1.660      2.408    24.4889 0.0000e+00
      1.708      0.056     6.5459     78.386     39.393  38.941710     5.7273      7.446   248.4950 6.0670e+01     2.6915      1.674      2.428    24.4746 0.0000e+00
      1.723      0.054     6.5353     78.251     38.915  38.465835     5.6141      7.432   248.8665 5.9635e+01     2.6611      1.690      2.450    24.4598 0.0000e+00
      1.737      0.054     6.5410     78.300     38.282  37.829409     5.6064      7.420   249.2827 5.8728e+01     2.6463      1.703      2.470    24.4440 0.0000e+00
      1.749      0.054     6.5650     78.550     37.747  37.282041     5.5967      7.407   249.6550 5.7857e+01     2.6654      1.716      2.489    24.4276 0.0000e+00
      1.762      0.053     6.6054     78.993     37.540  37.056926     5.5702      7.395   250.0127 5.6944e+01     2.7085      1.727      2.505    24.4187 0.0000e+00
      1.775      0.052     6.6575     79.591     37.509  37.013352     5.5438      7.385   250.4240 5.5936e+01     2.7408      1.741      2.525    24.4210 0.0000e+00
      1.790      0.053     6.7140     80.261     37.250  36.755163     5.5351      7.376   250.7560 5.5005e+01     2.7507      1.755      2.548    24.4093 0.0000e+00
      1.803      0.054     6.7687     80.901     36.910  36.412667     5.5666      7.367   251.0161 5.4230e+01     2.7368      1.769      2.566    24.3786 0.0000e+00
      1.815      0.056     6.8155     81.410     36.952  36.429658     5.6300      7.360   251.2460 5.3408e+01     2.7250      1.780      2.581    24.3463 0.0000e+00
      1.829      0.057     6.8476     81.720     37.334  36.769989     5.6676      7.354   251.7275 5.2433e+01     2.7304      1.792      2.599    24.3269 0.0000e+00
      1.844      0.058     6.8554     81.741     37.831  37.224226     5.6729      7.349   252.5369 5.1434e+01     2.7410      1.808      2.622    24.3327 0.0000e+00
      1.861      0.060     6.8199     81.260     38.504  37.856071     5.6840      7.344   253.0302 5.0405e+01     2.7619      1.825      2.647    24.3327 0.0000e+00
      1.877      0.061     6.7180     79.997     39.252  38.564930     5.7095      7.339   253.3039 4.9360e+01     2.7686      1.841      2.670    24.2941 0.0000e+00
      1.893      0.061     6.5467     77.908     39.718  38.997248     5.7336      7.335   253.8677 4.8398e+01     2.7308      1.856      2.692    24.2374 0.0000e+00
      1.908      0.060     6.3274     75.252     39.829  39.080704     5.7365      7.331   254.3404 4.7494e+01     2.7020      1.871      2.714    24.1880 0.0000e+00
      1.924      0.058     6.0888     72.372     39.710  38.938626     5.7083      7.327   254.3735 4.6639e+01     2.7246      1.886      2.736    24.1519 0.0000e+00
      1.939      0.057     5.8521     69.518     39.534  38.740597     5.4835      7.322   254.3544 4.5822e+01     3.0349      1.901      2.758    24.1204 0.0000e+00
      1.953      0.055     5.6187     66.716     39.532  38.719339     5.0771      7.316   254.5388 4.5018e+01     3.6162      1.916      2.778    24.0858 0.0000e+00
      1.966      0.052     5.3867     63.946     39.762  38.935699     4.8563      7.308   254.7967 4.4281e+01     3.9548      1.928      2.797    24.0542 0.0000e+00
      1.979      0.049     5.1737     61.403     40.038  39.196482     4.8274      7.301   254.8055 4.3641e+01     4.0467      1.941      2.815    24.0231 0.0000e+00
      1.992      0.046     5.0014     59.338     40.257  39.394666     4.6639      7.294   254.4727 4.3026e+01     4.3914      1.955      2.834    23.9877 0.0000e+00
      2.003      0.045     4.8811     57.883     40.505  39.616492     4.3582      7.285   254.0422 4.2433e+01     4.9794      1.965      2.849    23.9607 0.0000e+00
      2.014      0.046     4.8166     57.083     40.766  39.845437     4.1918      7.273   253.8170 4.1898e+01     5.2959      1.976      2.865    23.9569 0.0000e+00
      2.024      0.048     4.8082     56.938     40.832  39.875536     4.1768      7.261   253.9006 4.1403e+01     5.2892      1.986      2.880    23.9465 0.0000e+00
      2.034      0.051     4.8543     57.419     40.533  39.535616     4.1412      7.249   254.0206 4.0870e+01     5.2337      1.993      2.890    23.9242 0.0000e+00
      2.047      0.055     4.9463     58.427     40.084  39.039209     4.0731      7.237   254.0631 4.0174e+01     5.2348      2.005      2.908    23.9017 0.0000e+00
      2.064      0.059     5.0540     59.619     39.665  38.574928     4.0339      7.226   254.0696 3.9310e+01     5.2713      2.023      2.934    23.8675 0.0000e+00
      2.082      0.061     5.1098     60.201     39.248  38.115049     4.0348      7.214   254.1004 3.8427e+01     5.2791      2.042      2.961    23.8309 0.0000e+00
      2.099      0.062     5.0377     59.263     38.988  37.798840     4.0829      7.203   254.1772 3.7665e+01     5.1457      2.059      2.986    23.7702 0.0000e+00
      2.115      0.061     4.7929     56.279     39.007  37.737484     4.1660      7.193   254.2234 3.7013e+01     4.9102      2.074      3.007    23.6886 0.0000e+00
      2.129      0.058     4.3593     51.095     39.168  37.817789     4.2123      7.183   254.3153 3.6375e+01     4.8121      2.088      3.029    23.6168 0.0000e+00
      2.143      0.053     3.7551     43.958     39.286  37.880279     4.2297      7.172   254.4275 3.5713e+01     4.8144      2.102      3.048    23.5558 0.0000e+00
      2.157      0.048     3.0374     35.533     39.288  37.857688     4.2744      7.162   254.4619 3.5031e+01     4.7545      2.116      3.068    23.4801 0.0000e+00
      2.169      0.044     2.2774     26.637     39.105  37.671658     4.3309      7.152   254.4723 3.4411e+01     4.6368      2.128      3.087    23.3675 0.0000e+00
      2.180      0.042     1.5660     18.312     38.650  37.219203     4.3514      7.145   254.4678 3.3949e+01     4.5821      2.139      3.103    23.2556 0.0000e+00
      2.189      0.040     0.9953     11.629     38.028  36.579886     4.3485      7.136   254.5795 3.3613e+01     4.6120      2.147      3.114    23.1941 0.0000e+00
      2.196      0.040     0.5977      6.974     37.534  36.040159     4.3502      7.126   254.7904 3.3189e+01     4.6011      2.153      3.123    23.1680 0.0000e+00
      2.205      0.039     0.3537      4.119     37.334  35.775284     4.3726      7.117   254.8664 3.2549e+01     4.4203      2.161      3.135    23.1625 0.0000e+00
      2.217      0.039     0.2254      2.620     37.420  35.791082     4.4074      7.108   254.9819 3.1840e+01     4.1350      2.174      3.154    23.1605 0.0000e+00
      2.230      0.038     0.1643      1.907     37.867  36.167556     4.4215      7.099   255.3273 3.1243e+01     3.9899      2.188      3.173    23.1024 0.0000e+00
      2.241      0.036     0.1307      1.516     38.929  37.150941     4.4153      7.088   255.6870 3.0827e+01     4.0089      2.199      3.189    23.0052 0.0000e+00
      2.249      0.033     0.1080      1.253     40.519  38.660263     4.3499      7.077   255.8889 3.0532e+01     4.0889      2.206      3.200    22.9055 0.0000e+00
      2.255      0.028     0.0865      1.003     41.708  39.804794     4.2282      7.067   256.0479 3.0284e+01     4.1643      2.212      3.208    22.8100 0.0000e+00
      2.261      0.026     0.0743      0.862     42.035  40.125405     4.1664      7.062   256.1464 3.0074e+01     4.1882      2.218      3.217    22.7404 0.0000e+00
      2.267 -9.990e-29 -9.990e-29 -9.990e-29 -9.990e-29 -9.990e-29 -9.990e-29 -9.990e-29 -9.990e-29 2.9863e+01 -9.990e-29      2.224      3.225    22.7028 0.0000e+00
      2.272 -9.990e-29 -9.990e-29 -9.990e-29 -9.990e-29 -9.990e-29 -9.990e-29 -9.990e-29 -9.990e-29 2.9566e+01 -9.990e-29      2.228      3.232    22.6913 0.0000e+00
