Data/DataNotYetUploadedToEDI/Raw_CTD/2018_RawDownloads/080618_fcr50.cnv
* Sea-Bird SBE19plus  Data File:
* FileName = C:\DATA\080618_fcr50_0001.hex
* Software version 2.6.3.104 SB_Terminal.dll
* Temperature SN = 7809
* Conductivity SN = 7809
* System UpLoad Time = Aug 06 2018 16:27:35
* <ApplicationData>
* <Seaterm232>
# nquan = 15
# nvalues = 1109                        
# units = specified
# name 0 = depFM: Depth [fresh water, m]
# name 1 = dz/dtM: Descent Rate [m/s]
# name 2 = sbeox0Mg/L: Oxygen, SBE 43 [mg/l]
# name 3 = sbeox0PS: Oxygen, SBE 43 [% saturation]
# name 4 = specc: Specific Conductance [uS/cm]
# name 5 = c0uS/cm: Conductivity [uS/cm]
# name 6 = flECO-AFL: Fluorescence, WET Labs ECO-AFL/FL [mg/m^3]
# name 7 = ph: pH
# name 8 = orp: Oxidation Reduction Potential [mV]
# name 9 = par/sat/log: PAR/Logarithmic, Satlantic
# name 10 = turbWETntu0: Turbidity, WET Labs ECO [NTU]
# name 11 = prdM: Pressure, Strain Gauge [db]
# name 12 = prdE: Pressure, Strain Gauge [psi]
# name 13 = tv290C: Temperature [ITS-90, deg C]
# name 14 = flag:  0.000e+00
# span 0 =     -0.513,      9.304       
# span 1 =     -0.111,      3.687       
# span 2 =     0.0550,     8.2502       
# span 3 =      0.506,    101.927       
# span 4 =      3.734,    113.117       
# span 5 =   3.763887,  82.860949       
# span 6 =    -0.4271,     2.8831       
# span 7 =     -2.482,      7.626       
# span 8 =   188.4831,  1240.2295       
# span 9 = 1.2542e-01, 1.2603e+03       
# span 10 =    -0.4583,    46.1943      
# span 11 =     -0.504,      9.124      
# span 12 =     -0.731,     13.234      
# span 13 =    11.5983,    26.2976      
# span 14 = 0.0000e+00, 0.0000e+00      
# interval = seconds: 0.25
# start_time = Aug 06 2018 13:37:13 [Instrument's time stamp, header]
# bad_flag = -9.990e-29
*END*
[from data line 1061]
      8.897      0.019     0.0883      0.814     85.784  62.989547     2.0156      6.104   227.7460 1.2563e-01    25.1476      8.724     12.653    11.6971 0.0000e+00
      8.901      0.019     0.0886      0.818     89.527  65.716962     2.0881      6.109   227.4071 1.2559e-01    25.6079      8.729     12.660    11.7024 0.0000e+00
      8.907      0.019     0.0916      0.844     92.586  67.931074     2.0914      6.115   227.3363 1.2552e-01    25.5819      8.735     12.669    11.7108 0.0000e+00
      8.913      0.019     0.0967      0.891     93.503  68.574164     2.0839      6.120   227.0617 1.2547e-01    25.1385      8.740     12.677    11.7171 0.0000e+00
      8.918      0.019     0.1016      0.936     92.341  67.702663     2.0800      6.125   226.6679 1.2546e-01    24.3968      8.746     12.685    11.7150 0.0000e+00
      8.922      0.019     0.1042      0.959     91.482  67.064962     2.0808      6.130   226.6187 1.2546e-01    23.9683      8.750     12.691    11.7016 0.0000e+00
      8.927      0.018     0.1032      0.951     92.309  67.671751     2.0847      6.134   226.8109 1.2548e-01    23.9258      8.755     12.697    11.6822 0.0000e+00
      8.932      0.018     0.0996      0.918     93.677  68.676770     2.0718      6.138   226.4969 1.2555e-01    24.1272      8.759     12.704    11.6646 0.0000e+00
      8.936      0.018     0.0967      0.891     94.347  69.163630     2.0447      6.142   225.6624 1.2559e-01    24.4808      8.763     12.710    11.6536 0.0000e+00
      8.941      0.018     0.0963      0.887     93.157  68.277173     2.0326      6.147   224.9804 1.2556e-01    24.6302      8.768     12.717    11.6503 0.0000e+00
      8.945      0.020     0.0962      0.886     88.985  65.211746     2.0258      6.152   224.7033 1.2555e-01    24.5598      8.772     12.723    11.6525 0.0000e+00
      8.950      0.024     0.0964      0.887     85.266  62.509471     1.9995      6.155   225.8403 1.2554e-01    24.4228      8.777     12.730    11.6540 0.0000e+00
      8.955      0.034     0.0958      0.882     85.993  63.086289     1.9626      6.151   227.7148 1.2551e-01    24.2563      8.782     12.737    11.6534 0.0000e+00
      8.961      0.060     0.0939      0.866     89.604  65.761953     1.9474      6.135   227.2342 1.2550e-01    24.1643      8.786     12.743    11.6442 0.0000e+00
      8.970      0.105     0.0946      0.872     95.633  70.178278     1.9449      6.114   224.6757 1.2552e-01    24.1352      8.796     12.757    11.6302 0.0000e+00
      8.984      0.149     0.0970      0.894    105.023  77.032466     1.9229      6.106   222.2477 1.2559e-01    24.0868      8.810     12.777    11.6471 0.0000e+00
      9.016      0.179     0.0972      0.895    112.297  82.314374     1.7641      6.113   220.2476 1.2559e-01    23.9152      8.817     12.788    11.6834 0.0000e+00
      9.098      0.192     0.0947      0.872    113.117  82.860949     1.4769      6.128   217.7003 1.2553e-01    23.6468      8.906     12.918    11.7010 0.0000e+00
      9.200      0.186     0.0928      0.854    111.280  81.478403     1.3175      6.144   214.0767 1.2552e-01    23.5273      9.049     13.125    11.6940 0.0000e+00
      9.259      0.163     0.0930      0.856    109.524  80.179252     1.3075      6.158   210.5060 1.2552e-01    23.5685      9.095     13.190    11.6750 0.0000e+00
      9.277      0.123     0.0938      0.863    107.904  78.994893     1.3750      6.170   208.2550 1.2550e-01    23.5958      9.097     13.195    11.6490 0.0000e+00
      9.284      0.074     0.0949      0.873    106.940  78.299526     1.4987      6.182   206.8215 1.2552e-01    23.5528      9.107     13.209    11.6193 0.0000e+00
      9.287      0.034     0.0963      0.885    106.703  78.137685     1.5636      6.193   204.1001 1.2559e-01    23.5060      9.108     13.209    11.6030 0.0000e+00
      9.289      0.015     0.0962      0.884    107.275  78.565906     1.5708      6.203   200.5605 1.2559e-01    23.5187      9.110     13.213    11.5983 0.0000e+00
      9.291      0.010     0.0948      0.872    108.240  79.275577     1.6320      6.213   199.4727 1.2555e-01    23.8585      9.112     13.215    11.5996 0.0000e+00
      9.293      0.008     0.0944      0.869    108.929  79.779276     1.7516      6.223   200.1538 1.2550e-01    24.4709      9.113     13.217    11.6060 0.0000e+00
      9.295      0.008     0.0951      0.875    109.328  80.072436     1.8226      6.232   200.6219 1.2550e-01    24.7585      9.115     13.221    11.6123 0.0000e+00
      9.298      0.007     0.0972      0.894    109.684  80.337267     1.8466      6.241   201.0033 1.2553e-01    24.7420      9.119     13.226    11.6170 0.0000e+00
      9.300      0.006     0.0992      0.913    110.074  80.625730     1.9309      6.249   199.6027 1.2552e-01    24.6983      9.121     13.229    11.6182 0.0000e+00
      9.302      0.005     0.0987      0.908    109.824  80.440590     2.0709      6.256   196.7642 1.2549e-01    24.6272      9.122     13.230    11.6168 0.0000e+00
      9.303      0.003     0.0974      0.896    108.633  79.562938     2.1426      6.263   195.3354 1.2555e-01    24.5847      9.123     13.231    11.6167 0.0000e+00
      9.303      0.002     0.0983      0.905    107.855  78.990697     2.1366      6.270   194.8033 1.2562e-01    24.6722      9.123     13.232    11.6198 0.0000e+00
      9.303      0.001     0.1003      0.924    107.777  78.933091     2.0716      6.276   193.8578 1.2559e-01    25.8387      9.122     13.231    11.6219 0.0000e+00
      9.303      0.001     0.1010      0.930    107.599  78.802769     1.9628      6.283   193.1098 1.2554e-01    27.9760      9.123     13.232    11.6200 0.0000e+00
      9.303      0.000     0.0999      0.919    107.442  78.688196     1.9054      6.288   192.7283 1.2555e-01    29.1205      9.123     13.232    11.6164 0.0000e+00
      9.304 1.8798e-08     0.0976      0.898    107.535  78.757347     1.9007      6.293   192.1701 1.2559e-01    29.1181      9.124     13.233    11.6158 0.0000e+00
      9.304 2.0678e-07     0.0978      0.900    107.525  78.747626     1.9156      6.298   191.3513 1.2558e-01    28.1603      9.124     13.233    11.6163 0.0000e+00
      9.304 2.0678e-07     0.1014      0.933    107.029  78.379663     1.9385      6.303   191.0018 1.2553e-01    26.4212      9.123     13.232    11.6153 0.0000e+00
      9.304 1.8798e-08     0.1038      0.954    105.736  77.427638     1.9470      6.307   191.0420 1.2550e-01    25.4854      9.124     13.233    11.6161 0.0000e+00
      9.303 1.7089e-09     0.1021      0.939    103.731  75.957600     1.9548      6.312   190.2890 1.2550e-01    25.4211      9.123     13.232    11.6173 0.0000e+00
      9.303 1.5536e-10     0.1001      0.920    102.321  74.927540     1.9597      6.316   189.0384 1.2551e-01    25.4006      9.123     13.232    11.6159 0.0000e+00
      9.304 1.4124e-11     0.1015      0.934    101.844  74.584696     1.9692      6.320   188.4831 1.2555e-01    25.0232      9.124     13.233    11.6130 0.0000e+00
      9.304 1.2946e-12     0.1038      0.955    101.787  74.549163     2.0053      6.323   188.5649 1.2555e-01    24.3369      9.124     13.233    11.6106 0.0000e+00
      9.304 2.3344e-13     0.1044      0.961    101.888  74.625186     2.0288      6.324   188.6499 1.2551e-01    24.0000      9.124     13.233    11.6086 0.0000e+00
      9.304 -9.990e-29 -9.990e-29 -9.990e-29 -9.990e-29 -9.990e-29 -9.990e-29 -9.990e-29 -9.990e-29 1.2551e-01 -9.990e-29      9.123     13.232    11.6098 0.0000e+00
      9.304 -9.990e-29 -9.990e-29 -9.990e-29 -9.990e-29 -9.990e-29 -9.990e-29 -9.990e-29 -9.990e-29 1.2551e-01 -9.990e-29      9.124     13.233    11.6148 0.0000e+00
      9.304 -9.990e-29 -9.990e-29 -9.990e-29 -9.990e-29 -9.990e-29 -9.990e-29 -9.990e-29 -9.990e-29 1.2548e-01 -9.990e-29      9.124     13.233    11.6181 0.0000e+00
      9.304 -9.990e-29 -9.990e-29 -9.990e-29 -9.990e-29 -9.990e-29 -9.990e-29 -9.990e-29 -9.990e-29 1.2547e-01 -9.990e-29      9.124     13.234    11.6189 0.0000e+00
