Data/DataNotYetUploadedToEDI/Raw_CTD/2018_RawDownloads/080618_fcr45.cnv
* Sea-Bird SBE19plus  Data File:
* FileName = C:\DATA\080618_fcr50_0005.hex
* Software version 2.6.3.104 SB_Terminal.dll
* Temperature SN = 7809
* Conductivity SN = 7809
* System UpLoad Time = Aug 06 2018 16:28:37
* <ApplicationData>
* <Seaterm232>
# nquan = 15
# nvalues = 599                         
# units = specified
# name 0 = depFM: Depth [fresh water, m]
# name 1 = dz/dtM: Descent Rate [m/s]
# name 2 = sbeox0Mg/L: Oxygen, SBE 43 [mg/l]
# name 3 = sbeox0PS: Oxygen, SBE 43 [% saturation]
# name 4 = specc: Specific Conductance [uS/cm]
# name 5 = c0uS/cm: Conductivity [uS/cm]
# name 6 = flECO-AFL: Fluorescence, WET Labs ECO-AFL/FL [mg/m^3]
# name 7 = ph: pH
# name 8 = orp: Oxidation Reduction Potential [mV]
# name 9 = par/sat/log: PAR/Logarithmic, Satlantic
# name 10 = turbWETntu0: Turbidity, WET Labs ECO [NTU]
# name 11 = prdM: Pressure, Strain Gauge [db]
# name 12 = prdE: Pressure, Strain Gauge [psi]
# name 13 = tv290C: Temperature [ITS-90, deg C]
# name 14 = flag:  0.000e+00
# span 0 =     -0.506,      7.314       
# span 1 =     -0.096,      0.211       
# span 2 =     0.1428,     8.7947       
# span 3 =      1.388,    107.674       
# span 4 =      2.075,     54.045       
# span 5 =   2.152655,  42.883078       
# span 6 =    -0.1745,     3.0034       
# span 7 =      5.899,      7.890       
# span 8 =   181.5862,   289.1296       
# span 9 = 2.0950e-01, 2.0796e+03       
# span 10 =    -0.2724,    17.8081      
# span 11 =     -0.498,      7.174      
# span 12 =     -0.723,     10.405      
# span 13 =    11.7304,    27.2955      
# span 14 = 0.0000e+00, 0.0000e+00      
# interval = seconds: 0.25
# start_time = Aug 06 2018 15:09:29 [Instrument's time stamp, header]
# bad_flag = -9.990e-29
*END*
     -0.505 1.0870e-11     7.9440     99.467      2.075   2.152655    -0.1721      5.903   279.2957 1.1682e+02     0.0310     -0.495     -0.718    26.8677 0.0000e+00
     -0.506 1.1957e-10     7.9444     99.472      2.269   2.353765    -0.1745      5.905   278.0811 1.2327e+02     0.0075     -0.496     -0.719    26.8679 0.0000e+00
     -0.506 1.3152e-09     7.9457     99.491      2.792   2.896820    -0.1646      5.910   278.7026 1.2603e+02    -0.0455     -0.496     -0.719    26.8682 0.0000e+00
     -0.505 1.4467e-08     7.9457     99.491      3.147   3.264785    -0.1531      5.910   279.0651 1.1413e+02    -0.1519     -0.496     -0.719    26.8684 0.0000e+00
     -0.505 1.5914e-07     7.9434     99.466      3.134   3.251384    -0.1461      5.904   279.1953 1.0050e+02    -0.2414     -0.496     -0.719    26.8685 0.0000e+00
     -0.506      0.000     7.9415     99.450      2.941   3.051896    -0.1445      5.899   278.7288 9.7111e+01    -0.2724     -0.496     -0.719    26.8691 0.0000e+00
     -0.506      0.000     7.9410     99.457      2.655   2.755329    -0.1517      5.903   275.6606 1.0275e+02    -0.2221     -0.496     -0.720    26.8696 0.0000e+00
     -0.506      0.000     7.9412     99.475      3.343   3.470689    -0.1606      5.913   269.3727 1.1241e+02    -0.1516     -0.495     -0.719    26.8699 0.0000e+00
     -0.506      0.002     7.9406     99.479      5.404   5.612595    -0.1594      5.962   251.5726 1.2882e+02    -0.1526     -0.496     -0.719    26.8702 0.0000e+00
     -0.506      0.016     7.9353     99.479     11.634  12.099734    -0.1554      6.201   218.4095 1.6668e+02    -0.1733     -0.495     -0.718    26.8754 0.0000e+00
     -0.505      0.052     7.9215     99.504     23.184  24.160653    -0.1308      6.685   192.0798 2.1360e+02    -0.1269     -0.496     -0.720    26.8833 0.0000e+00
     -0.504      0.106     7.9075     99.579     32.157  33.576686     0.1287      7.177   183.8550 2.3542e+02     0.4081     -0.494     -0.716    26.8962 0.0000e+00
     -0.498      0.159     7.9057     99.704     34.971  36.563086     0.5934      7.496   183.4076 2.2928e+02     1.3826     -0.498     -0.723    26.8949 0.0000e+00
     -0.453      0.195     7.9220     99.934     35.404  37.023503     0.8462      7.665   184.0035 2.1640e+02     1.8892     -0.475     -0.689    26.8979 0.0000e+00
     -0.351      0.211     7.9562    100.331     35.439  37.047261     0.8882      7.743   184.0048 2.1242e+02     1.9248     -0.346     -0.502    27.0278 0.0000e+00
     -0.243      0.206     7.9970    100.797     35.452  37.040892     1.0651      7.774   184.1972 2.1941e+02     2.2401     -0.211     -0.306    27.2173 0.0000e+00
     -0.185      0.180     8.0352    101.237     35.499  37.073520     1.3861      7.783   184.6952 2.2679e+02     2.8326     -0.168     -0.243    27.2941 0.0000e+00
     -0.168      0.134     8.0674    101.627     35.553  37.124106     1.5614      7.785   184.9501 2.2835e+02     3.1383     -0.164     -0.237    27.2896 0.0000e+00
     -0.161      0.081     8.0887    101.922     35.562  37.144309     1.5764      7.782   184.4399 2.2735e+02     3.1598     -0.158     -0.229    27.2645 0.0000e+00
     -0.154      0.046     8.0989    102.108     35.524  37.127232     1.5665      7.775   183.0861 2.2575e+02     3.1526     -0.150     -0.218    27.2331 0.0000e+00
     -0.148      0.039     8.1035    102.217     35.487  37.108234     1.5435      7.765   181.9179 2.4634e+02     3.1131     -0.144     -0.209    27.2077 0.0000e+00
     -0.143      0.050     8.1070    102.278     35.478  37.105221     1.5285      7.756   181.5862 5.3594e+02     3.0476     -0.140     -0.204    27.1938 0.0000e+00
     -0.136      0.068     8.1140    102.336     35.476  37.090809     1.5221      7.750   181.9151 1.0857e+03     2.9721     -0.137     -0.198    27.2101 0.0000e+00
     -0.119      0.083     8.1294    102.445     35.479  37.061012     1.5209      7.749   182.4521 1.1943e+03     2.9324     -0.123     -0.178    27.2524 0.0000e+00
     -0.088      0.091     8.1497    102.576     35.465  36.999007     1.5603      7.754   183.0891 7.2028e+02     2.9339     -0.090     -0.130    27.2846 0.0000e+00
     -0.050      0.089     8.1651    102.636     35.432  36.912763     1.6500      7.760   183.9383 3.1597e+02     2.9591     -0.047     -0.066    27.2955 0.0000e+00
     -0.016      0.074     8.1509    102.335     35.411  36.843987     1.7134      7.766   184.8046 2.1112e+02     2.9622     -0.012     -0.017    27.2818 0.0000e+00
      0.005      0.051     8.0756    101.285     35.411  36.802618     1.7208      7.774   185.5621 2.2346e+02     2.9420      0.010      0.014    27.2313 0.0000e+00
      0.011      0.025     7.9462     99.575     35.436  36.793663     1.6840      7.781   186.1268 2.4154e+02     2.9590      0.016      0.023    27.1567 0.0000e+00
      0.005      0.002     7.8060     97.755     35.466  36.799193     1.6176      7.786   186.3844 2.4487e+02     2.9835      0.006      0.008    27.0797 0.0000e+00
     -0.007     -0.011     7.6830     96.173     35.488  36.805903     1.5801      7.788   186.6115 2.4161e+02     2.9635     -0.008     -0.011    27.0131 0.0000e+00
     -0.018     -0.015     7.5709     94.746     35.502  36.811253     1.5796      7.788   186.8949 2.3629e+02     2.9314     -0.018     -0.026    26.9546 0.0000e+00
     -0.024     -0.011     7.4569     93.310     35.496  36.800338     1.6115      7.788   187.2294 2.1726e+02     2.9316     -0.027     -0.040    26.9045 0.0000e+00
     -0.023     -0.004     7.3378     91.820     35.496  36.800973     1.6717      7.788   188.8490 1.8739e+02     2.9349     -0.027     -0.038    26.8689 0.0000e+00
     -0.017      0.002     7.2114     90.246     35.510  36.818932     1.7007      7.790   202.5191 1.7526e+02     2.9405     -0.014     -0.021    26.8461 0.0000e+00
     -0.012      0.006     7.0886     88.716     35.515  36.826912     1.6863      7.795   215.5398 1.9105e+02     2.9688     -0.009     -0.014    26.8339 0.0000e+00
     -0.012      0.007     6.9942     87.535     35.522  36.833932     1.6636      7.801   204.8327 2.1870e+02     2.9415     -0.012     -0.017    26.8286 0.0000e+00
     -0.012      0.006     6.9356     86.799     35.530  36.840293     1.6465      7.804   192.0526 2.3465e+02     2.8852     -0.013     -0.018    26.8286 0.0000e+00
     -0.012      0.006     6.9010     86.364     35.530  36.840293     1.6450      7.806   190.4188 2.3726e+02     2.8987     -0.012     -0.017    26.8358 0.0000e+00
     -0.011      0.007     6.8809     86.111     35.524  36.833932     1.6542      7.807   189.8110 2.3006e+02     2.9218     -0.011     -0.015    26.8429 0.0000e+00
     -0.008      0.009     6.8780     86.075     35.518  36.826902     1.6571      7.807   189.2633 2.1116e+02     2.9208     -0.009     -0.012    26.8410 0.0000e+00
     -0.005      0.008     6.8992     86.341     35.510  36.818817     1.6522      7.810   189.0456 2.1093e+02     2.9160     -0.005     -0.006    26.8369 0.0000e+00
     -0.001      0.000     6.9333     86.771     35.490  36.799712     1.6410      7.814   190.3624 2.5651e+02     2.8950     -0.002     -0.002    26.8362 0.0000e+00
      0.003     -0.016     6.9566     87.066     35.476  36.786477     1.6319      7.818   197.8715 3.2051e+02     2.9100      0.003      0.004    26.8367 0.0000e+00
      0.004     -0.040     6.9522     87.018     35.472  36.785852     1.6251      7.820   207.8230 3.5342e+02     2.9456      0.008      0.011    26.8361 0.0000e+00
     -0.004     -0.065     6.9193     86.619     35.472  36.792156     1.6140      7.818   206.5766 3.7232e+02     2.8982      0.001      0.001    26.8354 0.0000e+00
     -0.027     -0.086     6.8744     86.075     35.471  36.799191     1.6178      7.811   197.6006 7.4781e+02     2.7948     -0.021     -0.030    26.8386 0.0000e+00
     -0.063     -0.096     6.8373     85.630     35.471  36.807392     1.6335      7.804   193.3359 1.4856e+03     2.7325     -0.060     -0.086    26.8410 0.0000e+00
     -0.103     -0.091     6.8117     85.327     35.482  36.827812     1.6385      7.799   194.5041 1.9297e+03     2.7249     -0.104     -0.151    26.8432 0.0000e+00
     -0.138     -0.073     6.7902     85.078     35.500  36.855519     1.6232      7.795   198.8199 2.0311e+03     2.7644     -0.141     -0.205    26.8525 0.0000e+00
     -0.156     -0.047     6.7659     84.797     35.521  36.888311     1.5956      7.795   201.7230 2.0572e+03     2.8435     -0.161     -0.233    26.8660 0.0000e+00
     -0.155     -0.018     6.7391     84.486     35.527  36.906690     1.5707      7.800   204.8264 1.9754e+03     2.9186     -0.155     -0.225    26.8771 0.0000e+00
     -0.145      0.007     6.7262     84.346     35.499  36.887179     1.5524      7.806   213.5425 1.9000e+03     2.9706     -0.142     -0.205    26.8889 0.0000e+00
     -0.135      0.022     6.7452     84.597     35.451  36.842988     1.5122      7.811   220.2946 1.9500e+03     2.9831     -0.133     -0.191    26.9025 0.0000e+00
     -0.126      0.028     6.7961     85.242     35.422  36.817068     1.4339      7.816   222.8833 1.9994e+03     2.9478     -0.124     -0.179    26.9171 0.0000e+00
     -0.119      0.027     6.8653     86.111     35.432  36.827889     1.3772      7.821   224.7089 1.9874e+03     2.9105     -0.116     -0.169    26.9361 0.0000e+00
     -0.113      0.023     6.9355     86.988     35.452  36.846774     1.3692      7.822   224.1276 1.9723e+03     2.8977     -0.109     -0.159    26.9507 0.0000e+00
     -0.109      0.018     6.9907     87.675     35.462  36.854831     1.4007      7.820   222.4795 1.9706e+03     2.8551     -0.107     -0.155    26.9589 0.0000e+00
     -0.104      0.011     7.0144     87.966     35.472  36.861775     1.4651      7.819   220.8708 1.9869e+03     2.7912     -0.103     -0.149    26.9640 0.0000e+00
     -0.099      0.003     6.9939     87.704     35.479  36.867200     1.5048      7.821   219.2176 2.0141e+03     2.7670     -0.095     -0.139    26.9636 0.0000e+00
     -0.096     -0.002     6.9283     86.878     35.470  36.856901     1.5033      7.826   216.9460 2.0446e+03     2.7446     -0.091     -0.133    26.9608 0.0000e+00
     -0.101     -0.004     6.8259     85.590     35.479  36.864296     1.4744      7.829   214.5708 2.0671e+03     2.7341     -0.098     -0.142    26.9571 0.0000e+00
     -0.109     -0.003     6.7044     84.063     35.509  36.893082     1.4215      7.830   211.7511 2.0738e+03     2.7617     -0.108     -0.157    26.9524 0.0000e+00
     -0.114      0.002     6.5846     82.558     35.505  36.887317     1.3878      7.829   206.5997 2.0719e+03     2.7739     -0.114     -0.165    26.9496 0.0000e+00
     -0.113      0.013     6.4781     81.221     35.478  36.858120     1.3802      7.826   201.5865 2.0677e+03     2.7596     -0.113     -0.164    26.9476 0.0000e+00
     -0.106      0.032     6.3954     80.182     35.478  36.857694     1.3662      7.821   200.2646 2.0556e+03     2.8025     -0.105     -0.153    26.9448 0.0000e+00
     -0.097      0.055     6.3529     79.646     35.503  36.882156     1.3467      7.817   202.9208 2.0352e+03     2.9255     -0.095     -0.138    26.9425 0.0000e+00
     -0.086      0.075     6.3667     79.815     35.522  36.899781     1.3379      7.819   205.3090 2.0113e+03     2.9959     -0.086     -0.124    26.9406 0.0000e+00
     -0.066      0.084     6.4380     80.711     35.502  36.880221     1.3325      7.825   205.1358 1.9502e+03     2.9827     -0.072     -0.105    26.9393 0.0000e+00
     -0.029      0.083     6.5423     82.029     35.456  36.836234     1.3189      7.832   205.9026 1.5520e+03     2.9494     -0.034     -0.048    26.9385 0.0000e+00
      0.012      0.073     6.6523     83.410     35.431  36.812623     1.3108      7.837   208.3003 1.2128e+03     2.9290      0.022      0.032    26.9365 0.0000e+00
      0.033      0.057     6.7483     84.603     35.410  36.785321     1.3179      7.842   210.5509 1.5781e+03     2.9491      0.040      0.058    26.9302 0.0000e+00
      0.034      0.036     6.8108     85.362     35.396  36.760215     1.3216      7.847   210.3133 1.9695e+03     2.9476      0.033      0.047    26.9315 0.0000e+00
      0.032      0.014     6.8384     85.677     35.413  36.763151     1.3182      7.850   207.7506 2.0129e+03     2.9115      0.032      0.046    26.9436 0.0000e+00
      0.030     -0.001     6.8609     85.931     35.420  36.757271     1.3139      7.851   208.1316 2.0297e+03     2.9096      0.030      0.043    26.9474 0.0000e+00
      0.025     -0.007     6.9088     86.508     35.425  36.752624     1.3074      7.852   210.9616 2.0442e+03     2.9546      0.024      0.035    26.9390 0.0000e+00
      0.022     -0.008     6.9813     87.404     35.448  36.770474     1.3129      7.853   213.6612 2.0424e+03     2.9982      0.020      0.029    26.9218 0.0000e+00
      0.022     -0.009     7.0615     88.402     35.463  36.782511     1.3244      7.854   215.2186 2.0248e+03     2.9795      0.022      0.031    26.9003 0.0000e+00
      0.023     -0.009     7.1379     89.353     35.454  36.771109     1.3556      7.855   214.5636 2.0039e+03     2.9418      0.024      0.035    26.8801 0.0000e+00
      0.021     -0.008     7.2007     90.134     35.445  36.759669     1.4145      7.856   212.5383 1.9940e+03     2.9384      0.023      0.032    26.8648 0.0000e+00
      0.016     -0.005     7.2410     90.633     35.458  36.771229     1.4485      7.856   209.4874 1.9978e+03     2.9387      0.017      0.024    26.8571 0.0000e+00
      0.010     -0.002     7.2497     90.737     35.472  36.783825     1.4531      7.857   209.4236 2.0054e+03     2.9459      0.008      0.011    26.8541 0.0000e+00
      0.009      0.002     7.2166     90.317     35.476  36.784918     1.4340      7.858   211.9381 2.0134e+03     2.9643      0.006      0.008    26.8517 0.0000e+00
      0.014      0.007     7.1433     89.393     35.478  36.784440     1.3912      7.858   212.7890 2.0279e+03     2.9468      0.014      0.021    26.8479 0.0000e+00
      0.020      0.011     7.0453     88.161     35.474  36.778035     1.3677      7.858   213.4300 2.0459e+03     2.9181      0.020      0.029    26.8449 0.0000e+00
      0.024      0.012     6.9439     86.887     35.469  36.771001     1.3707      7.859   215.4733 2.0556e+03     2.9218      0.024      0.035    26.8427 0.0000e+00
      0.026      0.012     6.8579     85.807     35.463  36.762916     1.3822      7.862   217.8772 2.0515e+03     2.9311      0.027      0.039    26.8388 0.0000e+00
      0.028      0.010     6.7955     85.021     35.448  36.743808     1.3871      7.864   219.2646 2.0237e+03     2.9395      0.027      0.040    26.8348 0.0000e+00
      0.031      0.007     6.7535     84.487     35.438  36.730532     1.3840      7.866   219.7717 1.9347e+03     2.9308      0.029      0.042    26.8317 0.0000e+00
      0.034      0.004     6.7267     84.146     35.440  36.729438     1.3815      7.866   219.9654 1.7289e+03     2.9179      0.033      0.048    26.8287 0.0000e+00
      0.035      0.002     6.7158     84.006     35.443  36.730578     1.3839      7.867   219.9723 1.3822e+03     2.9361      0.035      0.051    26.8261 0.0000e+00
      0.035      0.001     6.7257     84.126     35.458  36.744314     1.4224      7.868   219.6827 9.4628e+02     2.8768      0.035      0.051    26.8216 0.0000e+00
      0.033      0.000     6.7595     84.545     35.483  36.768468     1.4791      7.868   217.4102 5.8168e+02     2.7499      0.033      0.047    26.8165 0.0000e+00
      0.032      0.000     6.8099     85.173     35.484  36.768520     1.5003      7.869   214.2637 5.2388e+02     2.7134      0.031      0.044    26.8128 0.0000e+00
      0.032      0.001     6.8618     85.821     35.462  36.744943     1.5137      7.871   213.9885 9.0644e+02     2.7416      0.031      0.045    26.8095 0.0000e+00
      0.032      0.002     6.9039     86.347     35.455  36.737499     1.5578      7.872   215.0298 1.5103e+03     2.8161      0.031      0.045    26.8069 0.0000e+00
