Data/DataNotYetUploadedToEDI/Raw_CTD/2018_RawDownloads/080618_fcr10.cnv
* Sea-Bird SBE19plus  Data File:
* FileName = C:\DATA\080618_fcr50_0002.hex
* Software version 2.6.3.104 SB_Terminal.dll
* Temperature SN = 7809
* Conductivity SN = 7809
* System UpLoad Time = Aug 06 2018 16:27:46
* <ApplicationData>
* <Seaterm232>
# nquan = 15
# nvalues = 291                         
# units = specified
# name 0 = depFM: Depth [fresh water, m]
# name 1 = dz/dtM: Descent Rate [m/s]
# name 2 = sbeox0Mg/L: Oxygen, SBE 43 [mg/l]
# name 3 = sbeox0PS: Oxygen, SBE 43 [% saturation]
# name 4 = specc: Specific Conductance [uS/cm]
# name 5 = c0uS/cm: Conductivity [uS/cm]
# name 6 = flECO-AFL: Fluorescence, WET Labs ECO-AFL/FL [mg/m^3]
# name 7 = ph: pH
# name 8 = orp: Oxidation Reduction Potential [mV]
# name 9 = par/sat/log: PAR/Logarithmic, Satlantic
# name 10 = turbWETntu0: Turbidity, WET Labs ECO [NTU]
# name 11 = prdM: Pressure, Strain Gauge [db]
# name 12 = prdE: Pressure, Strain Gauge [psi]
# name 13 = tv290C: Temperature [ITS-90, deg C]
# name 14 = flag:  0.000e+00
# span 0 =     -0.512,      2.279       
# span 1 =     -0.009,      0.199       
# span 2 =     0.0743,     9.2586       
# span 3 =      0.862,    111.929       
# span 4 =      1.749,     42.035       
# span 5 =   1.697983,  40.125405       
# span 6 =    -1.1246,     7.5578       
# span 7 =      5.856,      8.017       
# span 8 =   131.2315,   256.1464       
# span 9 = 2.9135e+01, 1.3916e+03       
# span 10 =    -2.5946,     5.2959      
# span 11 =     -0.502,      2.237      
# span 12 =     -0.728,      3.244      
# span 13 =    22.6913,    25.5190      
# span 14 = 0.0000e+00, 0.0000e+00      
# interval = seconds: 0.25
# start_time = Aug 06 2018 14:08:58 [Instrument's time stamp, header]
# bad_flag = -9.990e-29
*END*
[from data line 97]
      0.036      0.001     6.9022     84.221     35.225  35.540213     6.2640      7.722   223.5523 6.0482e+02     3.3680      0.035      0.051    25.4544 0.0000e+00
      0.036      0.001     6.8339     83.381     35.202  35.514796     6.2783      7.725   223.9029 5.8252e+02     3.3671      0.035      0.050    25.4524 0.0000e+00
      0.036      0.001     6.7575     82.442     35.192  35.500936     6.3983      7.726   224.3277 6.7462e+02     3.3306      0.035      0.050    25.4497 0.0000e+00
      0.036      0.000     6.6808     81.498     35.194  35.499668     6.6023      7.726   224.7298 8.7912e+02     3.2926      0.035      0.051    25.4461 0.0000e+00
      0.036 1.8628e-08     6.6073     80.593     35.198  35.499459     6.7152      7.726   225.0656 9.9875e+02     3.3047      0.035      0.051    25.4422 0.0000e+00
      0.036 2.0490e-07     6.5357     79.712     35.201  35.498398     6.7245      7.725   225.4634 1.0191e+03     3.3244      0.036      0.051    25.4383 0.0000e+00
      0.036 2.0490e-07     6.4717     78.927     35.192  35.486839     6.7320      7.724   225.8397 1.0260e+03     3.3167      0.036      0.051    25.4334 0.0000e+00
      0.036 1.8627e-08     6.4178     78.266     35.193  35.486744     6.7428      7.723   226.0874 1.0292e+03     3.3343      0.035      0.050    25.4272 0.0000e+00
      0.036 1.6934e-09     6.3684     77.661     35.205  35.497234     6.7358      7.723   226.3069 1.0298e+03     3.3543      0.035      0.051    25.4212 0.0000e+00
      0.036 1.5417e-10     6.3210     77.080     35.196  35.486630     6.7288      7.723   226.5154 1.0303e+03     3.3445      0.035      0.051    25.4163 0.0000e+00
      0.036 1.6519e-11     6.2772     76.543     35.196  35.485570     6.7602      7.722   226.7146 1.0302e+03     3.3383      0.036      0.052    25.4128 0.0000e+00
      0.036 2.9031e-11     6.2383     76.067     35.196  35.484415     6.8209      7.719   226.9953 1.0285e+03     3.3396      0.036      0.052    25.4105 0.0000e+00
      0.036 3.0547e-10     6.2032     75.636     35.186  35.472665     6.8556      7.715   227.3283 1.0269e+03     3.3296      0.035      0.051    25.4087 0.0000e+00
      0.036 3.3589e-09     6.1706     75.235     35.185  35.470546     6.8586      7.713   227.6432 1.0262e+03     3.3089      0.036      0.052    25.4070 0.0000e+00
      0.036 3.6947e-08     6.1381     74.836     35.175  35.458796     6.8666      7.713   227.9629 1.0261e+03     3.3035      0.035      0.051    25.4051 0.0000e+00
      0.036 4.0642e-07     6.1043     74.420     35.176  35.457632     6.8976      7.711   228.3549 1.0266e+03     3.3251      0.035      0.051    25.4032 0.0000e+00
      0.036      0.000     6.0705     74.005     35.177  35.456477     6.9300      7.707   228.7684 1.0279e+03     3.3561      0.036      0.052    25.4013 0.0000e+00
      0.036      0.000     6.0376     73.600     35.167  35.444822     6.9362      7.701   229.0914 1.0304e+03     3.3735      0.035      0.051    25.3996 0.0000e+00
      0.036      0.001     6.0055     73.205     35.168  35.443753     6.9364      7.693   229.4205 1.0329e+03     3.3839      0.036      0.052    25.3972 0.0000e+00
      0.036      0.001     5.9748     72.827     35.170  35.443552     6.9411      7.687   229.8231 1.0331e+03     3.3899      0.035      0.051    25.3943 0.0000e+00
      0.037      0.000     5.9456     72.467     35.170  35.442389     6.9382      7.682   230.1729 1.0324e+03     3.3854      0.036      0.052    25.3915 0.0000e+00
      0.037 1.8474e-08     5.9167     72.112     35.159  35.429685     6.9291      7.680   230.4664 1.0320e+03     3.3894      0.036      0.052    25.3886 0.0000e+00
      0.037 2.0321e-07     5.8888     71.768     35.148  35.416980     6.9229      7.681   230.7058 1.0303e+03     3.3771      0.036      0.052    25.3860 0.0000e+00
      0.037 2.0321e-07     5.8624     71.443     35.149  35.415825     6.9090      7.683   230.8296 1.0273e+03     3.3285      0.036      0.052    25.3836 0.0000e+00
      0.037 1.8474e-08     5.8371     71.131     35.152  35.415720     6.8802      7.685   230.9306 1.0242e+03     3.3206      0.036      0.052    25.3810 0.0000e+00
      0.037 1.6795e-09     5.8124     70.827     35.154  35.415702     6.8604      7.685   231.0662 1.0208e+03     3.3728      0.036      0.052    25.3789 0.0000e+00
      0.037 1.5374e-10     5.7882     70.528     35.155  35.415597     6.8533      7.684   231.1794 1.0171e+03     3.3793      0.036      0.052    25.3761 0.0000e+00
      0.037 2.5576e-11     5.7646     70.237     35.156  35.414452     6.8674      7.681   231.2661 1.0121e+03     3.3083      0.036      0.052    25.3727 0.0000e+00
      0.037 1.4254e-10     5.7411     69.947     35.145  35.401853     6.9029      7.678   231.5121 1.0052e+03     3.2161      0.036      0.052    25.3696 0.0000e+00
      0.037 1.5680e-09     5.7193     69.678     35.135  35.390304     6.9237      7.675   231.8315 9.8886e+02     3.1497      0.036      0.052    25.3668 0.0000e+00
      0.038 1.7248e-08     5.7000     69.440     35.148  35.401853     6.9253      7.673   232.0296 8.9750e+02     3.1162      0.037      0.053    25.3641 0.0000e+00
      0.038 1.8972e-07     5.6818     69.217     35.162  35.414452     6.9125      7.670   232.2731 7.3924e+02     3.1159      0.037      0.054    25.3615 0.0000e+00
      0.038 2.2421e-07     5.6645     69.004     35.165  35.415587     6.8068      7.666   232.6244 7.1732e+02     3.1464      0.037      0.053    25.3591 0.0000e+00
      0.037 4.3425e-07     5.6480     68.799     35.166  35.415577     6.6303      7.663   232.9216 8.6155e+02     3.1490      0.036      0.053    25.3569 0.0000e+00
      0.037      0.000     5.6326     68.609     35.167  35.414328     6.5520      7.661   232.9414 9.6267e+02     3.1476      0.036      0.053    25.3545 0.0000e+00
      0.038      0.000     5.6189     68.439     35.155  35.400490     6.5499      7.662   232.6045 9.2402e+02     3.1905      0.037      0.054    25.3524 0.0000e+00
      0.038      0.001     5.6056     68.272     35.132  35.375291     6.4672      7.665   232.2905 8.1016e+02     3.2401      0.037      0.054    25.3507 0.0000e+00
      0.038      0.001     5.5915     68.097     35.122  35.363733     6.3145      7.668   232.1564 7.9836e+02     3.2895      0.037      0.053    25.3486 0.0000e+00
      0.038      0.002     5.5787     67.939     35.148  35.387787     6.2298      7.669   231.8444 9.1410e+02     3.3298      0.038      0.054    25.3463 0.0000e+00
      0.038      0.004     5.5682     67.811     35.173  35.412032     6.2332      7.671   231.7879 9.8793e+02     3.3623      0.038      0.054    25.3438 0.0000e+00
      0.039      0.007     5.5607     67.721     35.163  35.402793     6.3182      7.676   232.0752 9.9517e+02     3.3772      0.038      0.055    25.3409 0.0000e+00
      0.040      0.011     5.5605     67.721     35.162  35.403125     6.4578      7.682   232.1337 9.9465e+02     3.3572      0.039      0.056    25.3381 0.0000e+00
      0.043      0.015     5.5681     67.816     35.172  35.416058     6.5247      7.690   232.0661 9.9450e+02     3.3332      0.042      0.060    25.3354 0.0000e+00
      0.049      0.019     5.5810     67.976     35.186  35.432114     6.5293      7.698   231.9460 9.9632e+02     3.3308      0.048      0.070    25.3341 0.0000e+00
      0.055      0.023     5.5999     68.211     35.221  35.470217     6.5414      7.707   231.7994 9.9398e+02     3.2987      0.055      0.078    25.3357 0.0000e+00
      0.061      0.026     5.6244     68.515     35.244  35.495634     6.5516      7.713   231.6705 9.3446e+02     3.2197      0.060      0.087    25.3379 0.0000e+00
      0.067      0.030     5.6527     68.866     35.230  35.485355     6.5512      7.715   231.5062 8.1454e+02     3.1689      0.066      0.096    25.3398 0.0000e+00
      0.075      0.033     5.6824     69.235     35.215  35.472983     6.5460      7.714   230.5867 7.3182e+02     3.1734      0.073      0.106    25.3426 0.0000e+00
      0.084      0.037     5.7124     69.606     35.211  35.473098     6.5438      7.713   228.9843 6.8408e+02     3.2439      0.081      0.118    25.3462 0.0000e+00
      0.094      0.041     5.7447     70.004     35.222  35.486739     6.5526      7.712   228.2220 6.4155e+02     3.3190      0.091      0.133    25.3507 0.0000e+00
      0.105      0.044     5.7787     70.420     35.245  35.510878     6.5691      7.713   228.2520 6.3802e+02     3.3483      0.103      0.149    25.3555 0.0000e+00
      0.118      0.047     5.8104     70.810     35.243  35.510879     6.5782      7.715   227.9705 6.3042e+02     3.3547      0.116      0.168    25.3608 0.0000e+00
      0.130      0.049     5.8373     71.142     35.218  35.486750     6.6530      7.716   227.3135 5.7726e+02     3.3353      0.129      0.187    25.3666 0.0000e+00
      0.143      0.052     5.8604     71.427     35.202  35.473223     6.8123      7.714   226.8475 5.2646e+02     3.3278      0.140      0.202    25.3701 0.0000e+00
      0.156      0.055     5.8836     71.713     35.202  35.474378     6.9141      7.707   226.7245 4.8650e+02     3.3545      0.153      0.221    25.3711 0.0000e+00
      0.169      0.058     5.9101     72.036     35.228  35.500712     6.9374      7.697   226.7730 4.2594e+02     3.3836      0.166      0.240    25.3727 0.0000e+00
      0.184      0.062     5.9396     72.389     35.268  35.537545     6.9473      7.690   226.9174 3.8047e+02     3.3750      0.179      0.260    25.3757 0.0000e+00
      0.201      0.065     5.9689     72.740     35.272  35.538595     7.0332      7.683   227.1797 3.7668e+02     3.3415      0.198      0.286    25.3782 0.0000e+00
      0.220      0.067     5.9965     73.075     35.247  35.513397     7.2047      7.674   227.3632 3.9699e+02     3.3451      0.217      0.314    25.3822 0.0000e+00
      0.238      0.068     6.0194     73.352     35.222  35.486958     7.3023      7.667   227.2435 4.2524e+02     3.3575      0.234      0.340    25.3834 0.0000e+00
      0.255      0.067     6.0331     73.512     35.212  35.473006     7.3120      7.662   227.2812 4.4169e+02     3.3077      0.250      0.363    25.3757 0.0000e+00
      0.273      0.065     6.0345     73.522     35.215  35.471739     7.3219      7.658   227.6468 4.4581e+02     3.2623      0.268      0.389    25.3699 0.0000e+00
      0.290      0.065     6.0268     73.424     35.216  35.471624     7.3482      7.655   228.0507 4.4596e+02     3.2973      0.286      0.415    25.3716 0.0000e+00
      0.305      0.066     6.0180     73.317     35.215  35.471614     7.3736      7.652   228.4652 4.3961e+02     3.3642      0.299      0.434    25.3721 0.0000e+00
      0.319      0.067     6.0140     73.271     35.215  35.471621     7.3811      7.652   228.8718 4.4400e+02     3.3988      0.312      0.453    25.3648 0.0000e+00
      0.336      0.068     6.0205     73.348     35.216  35.471716     7.3740      7.653   229.1809 4.4020e+02     3.4115      0.330      0.477    25.3566 0.0000e+00
      0.356      0.069     6.0383     73.561     35.219  35.472757     7.3710      7.656   229.4489 4.0799e+02     3.4566      0.348      0.504    25.3552 0.0000e+00
      0.375      0.069     6.0655     73.890     35.232  35.484212     7.3806      7.660   229.8761 3.7760e+02     3.5166      0.369      0.535    25.3570 0.0000e+00
      0.393      0.069     6.1018     74.330     35.232  35.483162     7.3804      7.661   230.4743 3.6250e+02     3.5575      0.387      0.561    25.3587 0.0000e+00
      0.410      0.068     6.1428     74.826     35.211  35.460063     7.4137      7.661   231.0893 3.6098e+02     3.5233      0.402      0.583    25.3567 0.0000e+00
      0.426      0.066     6.1830     75.311     35.212  35.459014     7.4992      7.661   231.8055 3.5259e+02     3.4087      0.418      0.606    25.3534 0.0000e+00
      0.443      0.064     6.2176     75.728     35.226  35.470468     7.5507      7.661   232.5949 3.3802e+02     3.3313      0.435      0.630    25.3516 0.0000e+00
      0.460      0.063     6.2426     76.029     35.229  35.471499     7.5578      7.661   233.1482 3.2804e+02     3.3508      0.452      0.656    25.3502 0.0000e+00
      0.475      0.064     6.2598     76.234     35.230  35.471479     7.5298      7.657   233.5043 3.1549e+02     3.4008      0.466      0.676    25.3487 0.0000e+00
      0.490      0.066     6.2723     76.385     35.230  35.470219     7.4695      7.650   233.8896 3.0647e+02     3.3863      0.480      0.696    25.3457 0.0000e+00
      0.505      0.069     6.2808     76.488     35.217  35.456265     7.4353      7.642   234.5375 2.9953e+02     3.3583      0.495      0.718    25.3418 0.0000e+00
      0.523      0.073     6.2858     76.546     35.191  35.429800     7.4287      7.634   235.3155 2.8849e+02     3.3666      0.512      0.742    25.3380 0.0000e+00
      0.544      0.074     6.2876     76.564     35.168  35.404315     7.4168      7.626   235.8109 2.7563e+02     3.3650      0.533      0.773    25.3355 0.0000e+00
      0.565      0.074     6.2834     76.505     35.170  35.402216     7.3846      7.621   236.1398 2.6722e+02     3.3392      0.554      0.803    25.3345 0.0000e+00
      0.587      0.073     6.2723     76.360     35.177  35.404412     7.3326      7.618   236.4522 2.6594e+02     3.2985      0.577      0.837    25.3341 0.0000e+00
      0.605      0.070     6.2690     76.295     35.089  35.303821     7.3026      7.617   236.6637 2.6823e+02     3.2997      0.596      0.864    25.3342 0.0000e+00
      0.620      0.067     6.3290     76.959     34.957  35.138767     7.3068      7.617   236.8042 2.6933e+02     3.3540      0.609      0.882    25.3310 0.0000e+00
      0.635      0.065     6.5376     79.385     34.931  35.060238     7.3553      7.617   236.9459 2.6645e+02     3.4059      0.623      0.903    25.3239 0.0000e+00
      0.651      0.064     6.9208     83.933     34.971  35.052983     7.4391      7.615   237.3450 2.6006e+02     3.4084      0.638      0.925    25.3178 0.0000e+00
      0.667      0.066     7.4203     89.914     35.002  35.050966     7.4840      7.608   237.8436 2.5332e+02     3.3543      0.654      0.949    25.3126 0.0000e+00
      0.684      0.070     7.9518     96.296     35.010  35.035802     7.4847      7.596   238.0691 2.4678e+02     3.2998      0.671      0.974    25.2672 0.0000e+00
      0.701      0.073     8.4391    102.149     34.990  34.996646     7.4202      7.590   238.2656 2.3768e+02     3.3305      0.687      0.996    25.1743 0.0000e+00
      0.721      0.075     8.8342    106.890     34.967  34.958621     7.3014      7.594   238.4983 2.2638e+02     3.4503      0.705      1.022    25.1012 0.0000e+00
      0.742      0.075     9.1072    110.157     34.977  34.957133     7.2431      7.601   238.7321 2.1668e+02     3.5268      0.728      1.058    25.0601 0.0000e+00
      0.762      0.074     9.2427    111.765     35.010  34.978638     7.2394      7.610   239.0278 2.0983e+02     3.5236      0.749      1.086    25.0285 0.0000e+00
      0.781      0.073     9.2586    111.929     35.005  34.964552     7.2191      7.620   239.3194 2.0417e+02     3.4731      0.766      1.110    25.0030 0.0000e+00
      0.800      0.072     9.1915    111.094     34.963  34.913842     7.1915      7.627   239.6767 2.0052e+02     3.3743      0.785      1.138    24.9823 0.0000e+00
      0.817      0.070     9.0823    109.750     34.931  34.873650     7.1805      7.629   239.8205 1.9935e+02     3.3054      0.802      1.162    24.9648 0.0000e+00
      0.832      0.070     8.9676    108.341     34.924  34.859697     7.1688      7.630   239.5952 1.9778e+02     3.3111      0.816      1.182    24.9487 0.0000e+00
      0.850      0.070     8.8686    107.127     34.943  34.872163     7.0781      7.630   239.6201 1.9383e+02     3.3518      0.832      1.208    24.9355 0.0000e+00
