Data/DataNotYetUploadedToEDI/Raw_CTD/2018_RawDownloads/080618_fcr45.cnv
* Sea-Bird SBE19plus  Data File:
* FileName = C:\DATA\080618_fcr50_0005.hex
* Software version 2.6.3.104 SB_Terminal.dll
* Temperature SN = 7809
* Conductivity SN = 7809
* System UpLoad Time = Aug 06 2018 16:28:37
* <ApplicationData>
* <Seaterm232>
# nquan = 15
# nvalues = 599                         
# units = specified
# name 0 = depFM: Depth [fresh water, m]
# name 1 = dz/dtM: Descent Rate [m/s]
# name 2 = sbeox0Mg/L: Oxygen, SBE 43 [mg/l]
# name 3 = sbeox0PS: Oxygen, SBE 43 [% saturation]
# name 4 = specc: Specific Conductance [uS/cm]
# name 5 = c0uS/cm: Conductivity [uS/cm]
# name 6 = flECO-AFL: Fluorescence, WET Labs ECO-AFL/FL [mg/m^3]
# name 7 = ph: pH
# name 8 = orp: Oxidation Reduction Potential [mV]
# name 9 = par/sat/log: PAR/Logarithmic, Satlantic
# name 10 = turbWETntu0: Turbidity, WET Labs ECO [NTU]
# name 11 = prdM: Pressure, Strain Gauge [db]
# name 12 = prdE: Pressure, Strain Gauge [psi]
# name 13 = tv290C: Temperature [ITS-90, deg C]
# name 14 = flag:  0.000e+00
# span 0 =     -0.506,      7.314       
# span 1 =     -0.096,      0.211       
# span 2 =     0.1428,     8.7947       
# span 3 =      1.388,    107.674       
# span 4 =      2.075,     54.045       
# span 5 =   2.152655,  42.883078       
# span 6 =    -0.1745,     3.0034       
# span 7 =      5.899,      7.890       
# span 8 =   181.5862,   289.1296       
# span 9 = 2.0950e-01, 2.0796e+03       
# span 10 =    -0.2724,    17.8081      
# span 11 =     -0.498,      7.174      
# span 12 =     -0.723,     10.405      
# span 13 =    11.7304,    27.2955      
# span 14 = 0.0000e+00, 0.0000e+00      
# interval = seconds: 0.25
# start_time = Aug 06 2018 15:09:29 [Instrument's time stamp, header]
# bad_flag = -9.990e-29
*END*
[from data line 290]
      2.765      0.059     2.5697     28.469     40.124  36.402419     2.2877      6.796   251.5107 5.4342e+01     1.5102      2.712      3.934    20.5562 0.0000e+00
      2.780      0.057     2.3804     26.354     40.015  36.276761     2.2875      6.786   251.7050 5.3494e+01     1.4967      2.726      3.954    20.4881 0.0000e+00
      2.794      0.054     2.1804     24.116     39.931  36.160107     2.2759      6.777   251.9368 5.2781e+01     1.5032      2.740      3.974    20.4313 0.0000e+00
      2.808      0.051     1.9831     21.901     39.972  36.135360     2.2480      6.767   252.1618 5.2278e+01     1.5279      2.754      3.993    20.3931 0.0000e+00
      2.821      0.047     1.8055     19.906     40.082  36.168025     2.2352      6.758   252.4464 5.1697e+01     1.5209      2.767      4.012    20.3536 0.0000e+00
      2.833      0.045     1.6705     18.393     40.219  36.237347     2.2321      6.748   253.2276 5.1071e+01     1.5101      2.778      4.030    20.3305 0.0000e+00
      2.843      0.045     1.5885     17.469     40.384  36.338215     2.2287      6.737   254.1215 5.0533e+01     1.5192      2.789      4.046    20.2872 0.0000e+00
      2.852      0.048     1.5534     17.058     40.559  36.434678     2.2311      6.726   254.9087 5.0014e+01     1.5087      2.798      4.057    20.1988 0.0000e+00
      2.860      0.053     1.5542     17.035     40.731  36.514240     2.2328      6.715   255.7769 4.9344e+01     1.5056      2.803      4.065    20.1037 0.0000e+00
      2.872      0.059     1.5741     17.217     40.849  36.537788     2.2315      6.701   255.8421 4.8516e+01     1.5125      2.814      4.081    20.0390 0.0000e+00
      2.891      0.066     1.5920     17.377     40.936  36.528708     2.1965      6.689   255.4386 4.7560e+01     1.4390      2.835      4.112    19.9947 0.0000e+00
      2.912      0.071     1.5899     17.318     41.110  36.594915     2.1218      6.679   255.4587 4.6395e+01     1.3188      2.855      4.141    19.9183 0.0000e+00
      2.933      0.074     1.5569     16.922     41.330  36.702911     2.0828      6.670   255.6553 4.5341e+01     1.2798      2.876      4.172    19.8197 0.0000e+00
      2.953      0.074     1.4927     16.190     41.487  36.754433     2.0921      6.661   255.8365 4.4590e+01     1.3035      2.897      4.203    19.7218 0.0000e+00
      2.971      0.072     1.4071     15.229     41.611  36.773065     2.0784      6.651   256.1000 4.3800e+01     1.2693      2.914      4.226    19.6124 0.0000e+00
      2.987      0.069     1.3076     14.120     41.821  36.864544     2.0271      6.642   256.4335 4.2942e+01     1.1713      2.930      4.249    19.5021 0.0000e+00
      3.005      0.065     1.2008     12.938     42.119  37.034524     1.9868      6.634   256.7706 4.2257e+01     1.0951      2.947      4.274    19.3979 0.0000e+00
      3.022      0.062     1.0954     11.779     42.378  37.176446     1.9771      6.627   257.0788 4.1652e+01     1.0810      2.963      4.298    19.2919 0.0000e+00
      3.037      0.060     0.9982     10.713     42.546  37.246334     1.9751      6.619   257.1480 4.1070e+01     1.0917      2.979      4.321    19.1850 0.0000e+00
      3.052      0.058     0.9091      9.741     42.694  37.307675     1.9522      6.611   257.1777 4.0619e+01     1.0718      2.993      4.342    19.0708 0.0000e+00
      3.066      0.056     0.8215      8.791     42.873  37.409798     1.9205      6.603   257.4374 4.0225e+01     1.0538      3.006      4.360    18.9547 0.0000e+00
      3.079      0.054     0.7332      7.839     42.981  37.464565     1.9047      6.596   257.7938 3.9759e+01     1.0575      3.020      4.380    18.8551 0.0000e+00
      3.093      0.054     0.6487      6.929     43.024  37.461582     1.8995      6.591   258.1312 3.9226e+01     1.0556      3.033      4.399    18.7652 0.0000e+00
      3.106      0.054     0.5699      6.080     43.138  37.500743     1.8854      6.585   258.3330 3.8723e+01     1.0614      3.046      4.418    18.6804 0.0000e+00
      3.120      0.054     0.4970      5.292     43.290  37.556803     1.8529      6.577   258.4265 3.8271e+01     1.0665      3.060      4.438    18.6174 0.0000e+00
      3.134      0.054     0.4280      4.549     43.379  37.567530     1.8280      6.569   258.6600 3.7788e+01     1.0870      3.073      4.458    18.5784 0.0000e+00
      3.148      0.055     0.3640      3.864     43.286  37.439766     1.8237      6.560   259.0045 3.7277e+01     1.1259      3.087      4.477    18.5418 0.0000e+00
      3.161      0.057     0.3086      3.273     43.169  37.282543     1.8285      6.551   259.2367 3.6766e+01     1.1406      3.100      4.496    18.4721 0.0000e+00
      3.176      0.058     0.2608      2.761     43.318  37.318234     1.8307      6.542   259.5743 3.6261e+01     1.1119      3.113      4.516    18.3685 0.0000e+00
      3.191      0.059     0.2208      2.331     43.564  37.426493     1.8233      6.535   260.0756 3.5791e+01     1.0544      3.129      4.538    18.2835 0.0000e+00
      3.207      0.059     0.1927      2.030     43.757  37.511369     1.8213      6.527   260.6519 3.5326e+01     1.0551      3.145      4.562    18.2462 0.0000e+00
      3.222      0.058     0.1773      1.865     43.996  37.645541     1.7888      6.519   261.2938 3.4848e+01     1.1203      3.160      4.583    18.1998 0.0000e+00
      3.237      0.057     0.1708      1.793     44.246  37.778079     1.7055      6.513   261.7280 3.4399e+01     1.1413      3.175      4.604    18.0781 0.0000e+00
      3.252      0.057     0.1703      1.784     44.341  37.779651     1.6501      6.508   262.1164 3.3989e+01     1.0950      3.189      4.626    17.9328 0.0000e+00
      3.266      0.058     0.1730      1.810     44.127  37.537389     1.6433      6.502   262.8921 3.3629e+01     1.0793      3.204      4.647    17.8546 0.0000e+00
      3.279      0.060     0.1760      1.839     43.714  37.135878     1.6875      6.495   263.8794 3.3320e+01     1.1647      3.216      4.665    17.7908 0.0000e+00
      3.292      0.063     0.1783      1.861     43.457  36.863723     1.7795      6.488   264.6751 3.3002e+01     1.2734      3.227      4.680    17.6841 0.0000e+00
      3.308      0.065     0.1778      1.852     43.435  36.787834     1.8368      6.480   265.2005 3.2620e+01     1.3249      3.242      4.701    17.5869 0.0000e+00
      3.329      0.065     0.1750      1.821     43.494  36.789988     1.8385      6.472   265.4999 3.2170e+01     1.3300      3.264      4.733    17.5237 0.0000e+00
      3.350      0.064     0.1745      1.816     43.569  36.826178     1.8278      6.465   265.7989 3.1812e+01     1.3052      3.286      4.767    17.4754 0.0000e+00
      3.367      0.064     0.1810      1.884     43.675  36.907731     1.7714      6.458   266.1485 3.1647e+01     1.3297      3.302      4.791    17.4118 0.0000e+00
      3.379      0.063     0.1954      2.032     43.903  37.077236     1.6616      6.451   266.3718 3.1505e+01     1.4434      3.313      4.806    17.3394 0.0000e+00
      3.391      0.060     0.2134      2.215     44.233  37.287421     1.5947      6.445   266.5191 3.1335e+01     1.5507      3.325      4.822    17.2806 0.0000e+00
      3.406      0.059     0.2319      2.401     44.500  37.416081     1.5782      6.440   266.7253 3.1158e+01     1.5588      3.339      4.842    17.2436 0.0000e+00
      3.423      0.059     0.2486      2.570     44.600  37.425684     1.5624      6.436   266.9718 3.0950e+01     1.5113      3.357      4.869    17.2536 0.0000e+00
      3.441      0.060     0.2585      2.671     44.601  37.403438     1.5603      6.432   267.0914 3.0748e+01     1.4943      3.376      4.896    17.2491 0.0000e+00
      3.456      0.061     0.2607      2.693     44.610  37.401191     1.5812      6.429   267.0526 3.0581e+01     1.4752      3.390      4.917    17.1586 0.0000e+00
      3.469      0.063     0.2585      2.665     44.708  37.398518     1.6030      6.425   266.9332 3.0388e+01     1.4642      3.402      4.934    17.0267 0.0000e+00
      3.483      0.065     0.2511      2.578     45.053  37.498081     1.6496      6.420   266.8530 3.0113e+01     1.5442      3.415      4.952    16.9267 0.0000e+00
      3.500      0.068     0.2400      2.452     45.656  37.778870     1.7220      6.415   266.8564 2.9806e+01     1.6800      3.430      4.975    16.9126 0.0000e+00
      3.520      0.072     0.2310      2.350     46.383  38.188511     1.7609      6.410   266.9740 2.9466e+01     1.7323      3.451      5.005    16.9528 0.0000e+00
      3.540      0.075     0.2249      2.279     47.276  38.765988     1.7801      6.406   267.2429 2.9080e+01     1.7198      3.472      5.035    16.8780 0.0000e+00
      3.560      0.075     0.2215      2.238     48.157  39.360608     1.8343      6.402   267.4404 2.8687e+01     1.7718      3.491      5.063    16.6186 0.0000e+00
      3.580      0.073     0.2203      2.220     48.738  39.723330     1.9114      6.399   267.4692 2.8275e+01     1.8729      3.511      5.093    16.3527 0.0000e+00
      3.599      0.070     0.2169      2.181     49.181  39.974727     1.9492      6.396   267.4189 2.7884e+01     1.9344      3.531      5.122    16.1533 0.0000e+00
      3.616      0.066     0.2113      2.120     49.715  40.303372     1.9606      6.393   267.4347 2.7589e+01     1.9362      3.547      5.144    15.9843 0.0000e+00
      3.631      0.064     0.2051      2.053     50.338  40.710539     1.9846      6.390   267.7467 2.7340e+01     1.9253      3.561      5.165    15.8592 0.0000e+00
      3.646      0.061     0.1959      1.957     50.598  40.831124     2.0101      6.386   268.2654 2.7074e+01     1.9250      3.576      5.186    15.7493 0.0000e+00
      3.662      0.060     0.1835      1.830     50.203  40.426910     2.0297      6.381   268.7158 2.6823e+01     1.9326      3.591      5.208    15.6354 0.0000e+00
      3.677      0.061     0.1722      1.715     49.956  40.143765     2.0372      6.376   269.0622 2.6588e+01     1.9559      3.606      5.230    15.5276 0.0000e+00
      3.692      0.063     0.1632      1.623     50.610  40.584491     2.0277      6.370   269.4430 2.6332e+01     1.9621      3.621      5.252    15.4316 0.0000e+00
      3.707      0.066     0.1560      1.548     51.700  41.371364     2.0076      6.364   269.7917 2.6082e+01     1.8856      3.635      5.272    15.3438 0.0000e+00
      3.723      0.070     0.1521      1.506     52.402  41.842215     1.9861      6.356   269.9228 2.5804e+01     1.7633      3.650      5.293    15.2589 0.0000e+00
      3.741      0.074     0.1498      1.481     52.822  42.083666     1.9701      6.349   270.0826 2.5442e+01     1.7044      3.667      5.319    15.1750 0.0000e+00
      3.762      0.076     0.1476      1.456     53.476  42.511376     1.9617      6.342   270.5191 2.5017e+01     1.7230      3.689      5.350    15.0946 0.0000e+00
      3.784      0.076     0.1472      1.450     54.045  42.883078     1.9487      6.337   270.9843 2.4583e+01     1.8055      3.712      5.383    15.0103 0.0000e+00
      3.805      0.074     0.1479      1.455     54.038  42.828596     1.9237      6.332   271.1467 2.4217e+01     1.9079      3.732      5.413    14.9214 0.0000e+00
      3.824      0.071     0.1478      1.453     53.636  42.488046     1.9068      6.327   270.9338 2.3912e+01     1.9529      3.751      5.440    14.8331 0.0000e+00
      3.842      0.066     0.1472      1.447     53.236  42.133424     1.9015      6.322   270.5618 2.3646e+01     1.9537      3.768      5.465    14.7421 0.0000e+00
      3.857      0.063     0.1467      1.440     53.046  41.908743     1.8595      6.315   270.1758 2.3394e+01     1.9478      3.783      5.487    14.6592 0.0000e+00
      3.871      0.062     0.1461      1.431     52.941  41.741224     1.7754      6.308   269.6223 2.3119e+01     1.9424      3.796      5.506    14.6107 0.0000e+00
      3.885      0.062     0.1450      1.418     52.669  41.442274     1.7212      6.303   268.9465 2.2840e+01     1.9197      3.810      5.525    14.6106 0.0000e+00
      3.900      0.063     0.1438      1.403     52.262  41.026380     1.7095      6.298   268.3717 2.2549e+01     1.8862      3.824      5.545    14.5893 0.0000e+00
      3.917      0.065     0.1429      1.391     51.744  40.525058     1.6615      6.294   267.8337 2.2233e+01     1.9045      3.840      5.570    14.4988 0.0000e+00
      3.936      0.067     0.1428      1.388     51.048  39.892048     1.5718      6.291   267.2605 2.1890e+01     1.9578      3.860      5.598    14.4155 0.0000e+00
      3.954      0.068     0.1439      1.397     50.385  39.281657     1.5254      6.288   266.7755 2.1573e+01     1.9816      3.878      5.625    14.3475 0.0000e+00
      3.970      0.070     0.1453      1.407     49.980  38.863063     1.5153      6.285   266.4436 2.1323e+01     1.9782      3.893      5.647    14.2443 0.0000e+00
      3.986      0.071     0.1478      1.427     49.832  38.642850     1.4771      6.282   266.1726 2.1069e+01     2.0081      3.909      5.670    14.1492 0.0000e+00
      4.004      0.072     0.1503      1.448     49.798  38.524980     1.4214      6.280   265.9087 2.0757e+01     2.0996      3.926      5.695    14.0736 0.0000e+00
      4.024      0.073     0.1505      1.448     49.722  38.390805     1.3935      6.278   265.8345 2.0435e+01     2.1683      3.946      5.723    13.9798 0.0000e+00
      4.044      0.073     0.1531      1.471     49.609  38.227575     1.3973      6.277   265.9625 2.0138e+01     2.1677      3.967      5.752    13.8776 0.0000e+00
      4.063      0.073     0.1645      1.577     49.514  38.076078     1.4027      6.276   266.0799 1.9838e+01     2.1534      3.985      5.780    13.7639 0.0000e+00
      4.082      0.072     0.1878      1.797     49.449  37.956681     1.3849      6.275   266.1358 1.9537e+01     2.3305      4.003      5.806    13.6677 0.0000e+00
      4.101      0.071     0.2295      2.193     49.409  37.863919     1.3569      6.273   266.1215 1.9251e+01     2.6918      4.021      5.832    13.6064 0.0000e+00
      4.118      0.071     0.2991      2.854     49.379  37.780336     1.3394      6.270   266.0793 1.8973e+01     2.8908      4.038      5.857    13.5277 0.0000e+00
      4.134      0.071     0.4017      3.828     49.364  37.708390     1.3299      6.267   265.9706 1.8680e+01     2.9357      4.054      5.880    13.4416 0.0000e+00
      4.152      0.071     0.5360      5.101     49.337  37.629267     1.3257      6.265   265.8395 1.8370e+01     3.1742      4.072      5.906    13.3737 0.0000e+00
      4.171      0.072     0.6979      6.634     49.269  37.522428     1.3252      6.262   265.8702 1.8079e+01     3.5762      4.091      5.933    13.3131 0.0000e+00
      4.190      0.073     0.8816      8.371     49.221  37.433031     1.3327      6.260   265.9980 1.7802e+01     3.7684      4.109      5.959    13.2528 0.0000e+00
      4.209      0.075     1.0792     10.235     49.212  37.374209     1.3426      6.258   266.1798 1.7535e+01     3.7891      4.128      5.988    13.1908 0.0000e+00
      4.227      0.077     1.2877     12.199     49.209  37.319399     1.4089      6.254   266.3480 1.7277e+01     4.0093      4.145      6.012    13.1307 0.0000e+00
      4.246      0.077     1.4982     14.175     49.224  37.278503     1.5450      6.252   266.4827 1.7002e+01     4.3860      4.163      6.038    13.0747 0.0000e+00
      4.267      0.076     1.6925     15.995     49.269  37.260854     1.6284      6.249   266.9483 1.6726e+01     4.5901      4.185      6.069    13.0224 0.0000e+00
      4.289      0.074     1.8663     17.620     49.294  37.233002     1.6457      6.247   268.0202 1.6462e+01     4.6765      4.207      6.102    12.9693 0.0000e+00
      4.309      0.070     2.0232     19.083     49.298  37.195814     1.6799      6.245   268.8589 1.6226e+01     5.1567      4.227      6.131    12.9159 0.0000e+00
