Data/DataNotYetUploadedToEDI/Raw_CTD/2018_RawDownloads/080918_fcr20.cnv
* Sea-Bird SBE19plus  Data File:
* FileName = C:\DATA\080918_bvr50_0005.hex
* Software version 2.6.3.104
* Temperature SN = 7809
* Conductivity SN = 7809
* System UpLoad Time = Aug 09 2018 20:26:14
* <ApplicationData>
* <Seaterm232>
# nquan = 17
# nvalues = 480                         
# units = specified
# name 0 = depFM: Depth [fresh water, m]
# name 1 = tv290C: Temperature [ITS-90, deg C]
# name 2 = sbeox0Mg/L: Oxygen, SBE 43 [mg/l]
# name 3 = sbeox0PS: Oxygen, SBE 43 [% saturation]
# name 4 = c0uS/cm: Conductivity [uS/cm]
# name 5 = specc: Specific Conductance [uS/cm]
# name 6 = ph: pH
# name 7 = orp: Oxidation Reduction Potential [mV]
# name 8 = flECO-AFL: Fluorescence, WET Labs ECO-AFL/FL [mg/m^3]
# name 9 = turbWETntu0: Turbidity, WET Labs ECO [NTU]
# name 10 = sal00: Salinity, Practical [PSU]
# name 11 = dz/dtM: Descent Rate [m/s]
# name 12 = prdM: Pressure, Strain Gauge [db]
# name 13 = prdE: Pressure, Strain Gauge [psi]
# name 14 = scan: Scan Count
# name 15 = par/sat/log: PAR/Logarithmic, Satlantic
# name 16 = flag:  0.000e+00
# span 0 =     -0.440,      3.681       
# span 1 =    15.1111,    28.5245       
# span 2 =    -0.5015,    10.2538       
# span 3 =     -5.539,    128.969       
# span 4 =  36.193558, 303.580801       
# span 5 =     35.721,    373.157       
# span 6 =      6.702,      8.540       
# span 7 =    79.5640,   231.1066       
# span 8 =    -0.3154,     7.8568       
# span 9 =     0.4337,    10.6926       
# span 10 =     0.0242,     0.1785      
# span 11 =     -0.194,      0.334      
# span 12 =     -0.410,      3.608      
# span 13 =     -0.595,      5.233      
# span 14 =          1,        480      
# span 15 = 7.4753e-01, 1.8597e+03      
# span 16 = 0.0000e+00, 0.0000e+00      
# interval = seconds: 0.25
# start_time = Aug 09 2018 20:54:48 [Instrument's time stamp, header]
# bad_flag = -9.990e-29
*END*
[from data line 256]
      0.291    26.8083     9.4243    119.702  37.619206     36.317      8.488   194.9908     3.2875     2.2196     0.0247     -0.004      0.287      0.416        257 7.0394e+01 0.0000e+00
      0.290    26.8296     9.3746    119.166  37.680327     36.373      8.486   194.9908     3.2673     2.1659     0.0247     -0.009      0.286      0.416        258 7.2304e+01 0.0000e+00
      0.297    26.8349     9.3325    118.593  37.619492     36.306      8.480   195.1043     3.2875     2.1256     0.0247     -0.009      0.289      0.420        259 6.9090e+01 0.0000e+00
      0.300    26.8468     9.3041    117.976  37.546605     36.210      8.480   195.7858     3.2916     2.1122     0.0246     -0.007      0.281      0.408        260 7.7244e+01 0.0000e+00
      0.264    26.9182     9.2955    117.509  37.622723     36.287      8.469   194.9908     3.3037     2.1927     0.0247     -0.014      0.242      0.351        261 8.0751e+01 0.0000e+00
      0.176    27.0374     9.2935    117.148  37.732383     36.388      8.466   195.0665     3.3037     2.1927     0.0247     -0.042      0.167      0.244        262 1.0513e+02 0.0000e+00
      0.075    27.1369     9.2884    116.830  37.795710     36.391      8.459   195.0665     3.2996     2.1256     0.0247     -0.087      0.082      0.120        263 1.5319e+02 0.0000e+00
      0.003    27.2506     9.2780    116.575  37.840484     36.360      8.451   195.7479     3.2066     2.0450     0.0247     -0.136      0.018      0.026        264 1.5213e+02 0.0000e+00
     -0.023    27.4384     9.2659    116.649  37.973216     36.398      8.427   197.1108     3.1945     2.0719     0.0248     -0.175     -0.011     -0.017        265 1.4934e+02 0.0000e+00
     -0.017    27.5987     9.2889    117.319  38.253353     36.615      8.401   197.4893     3.2309     2.0719     0.0249     -0.194     -0.012     -0.018        266 1.5148e+02 0.0000e+00
      0.001    27.6671     9.3254    118.026  38.262982     36.482      8.390   197.4136     3.2269     2.0853     0.0249     -0.189      0.000      0.000        267 1.4268e+02 0.0000e+00
      0.016    27.7092     9.3565    118.602  38.168774     36.263      8.379   197.4515     3.2349     1.9510     0.0248     -0.158      0.015      0.022        268 1.2905e+02 0.0000e+00
      0.031    27.6910     9.3895    119.134  38.251871     36.325      8.369   197.5650     2.8265     2.1390     0.0249     -0.103      0.031      0.045        269 1.0433e+02 0.0000e+00
      0.049    27.5706     9.4151    119.471  38.129864     36.161      8.366   197.4893     2.8427     2.1927     0.0248     -0.039      0.047      0.069        270 8.9825e+01 0.0000e+00
      0.064    27.3994     9.4327    119.630  37.905337     35.961      8.364   197.0729     2.8387     2.0987     0.0247      0.015      0.062      0.091        271 8.1936e+01 0.0000e+00
      0.081    27.2413     9.4273    119.503  37.789781     35.939      8.361   197.2622     2.8468     2.2196     0.0247      0.048      0.077      0.112        272 7.4057e+01 0.0000e+00
      0.093    27.1176     9.3986    119.112  37.680510     35.949      8.361   196.6186     2.8831     2.1122     0.0247      0.060      0.086      0.124        273 6.8685e+01 0.0000e+00
      0.088    27.0636     9.3650    118.760  37.626151     36.006      8.360   196.8458     2.9115     2.0987     0.0246      0.056      0.086      0.124        274 7.2522e+01 0.0000e+00
      0.082    27.1684     9.3439    118.580  37.738866     36.197      8.365   196.8458     2.8710     2.0987     0.0247      0.046      0.079      0.115        275 7.1039e+01 0.0000e+00
      0.072    27.3463     9.3269    118.417  37.955551     36.453      8.368   196.8079     2.8993     2.1122     0.0248      0.032      0.069      0.101        276 7.4760e+01 0.0000e+00
      0.059    27.4671     9.3176    118.304  38.098030     36.511      8.366   196.9972     3.0934     1.9645     0.0248      0.015      0.059      0.086        277 8.7630e+01 0.0000e+00
      0.052    27.5514     9.3328    118.322  38.154729     36.438      8.366   197.5650     3.0934     1.9913     0.0248     -0.002      0.052      0.076        278 7.9673e+01 0.0000e+00
      0.049    27.6064     9.3389    118.191  38.151863     36.357      8.363   197.1865     3.0692     2.0047     0.0248     -0.015      0.051      0.074        279 6.8074e+01 0.0000e+00
      0.055    27.6108     9.3362    118.248  38.160854     36.297      8.363   197.6408     3.0813     2.0047     0.0248     -0.022      0.055      0.080        280 6.7087e+01 0.0000e+00
      0.065    27.5830     9.3265    118.289  38.173157     36.286      8.363   197.5272     3.0247     2.0719     0.0248     -0.019      0.064      0.092        281 6.4755e+01 0.0000e+00
      0.074    27.5529     9.3217    118.348  38.106863     36.203      8.361   197.6029     3.0449     1.9376     0.0248     -0.010      0.071      0.102        282 6.4226e+01 0.0000e+00
      0.076    27.5432     9.3191    118.343  38.095044     36.224      8.360   197.6029     3.0206     2.1390     0.0248     -0.000      0.072      0.104        283 6.4806e+01 0.0000e+00
      0.069    27.5755     9.3340    118.345  38.098894     36.243      8.358   197.5650     3.0368     2.0450     0.0248      0.007      0.070      0.101        284 6.0963e+01 0.0000e+00
      0.067    27.6177     9.3432    118.291  38.161407     36.305      8.358   197.2622     2.8468     2.1524     0.0248      0.010      0.070      0.102        285 6.0102e+01 0.0000e+00
      0.077    27.6429     9.3535    118.229  38.224879     36.360      8.351   197.4893     2.8468     2.1659     0.0249      0.013      0.079      0.115        286 6.6150e+01 0.0000e+00
      0.096    27.6438     9.3706    118.192  38.227520     36.305      8.350   197.6029     2.8427     2.2599     0.0248      0.017      0.096      0.139        287 6.8774e+01 0.0000e+00
      0.119    27.5598     9.3580    118.087  38.187761     36.288      8.347   197.5650     2.8427     2.1659     0.0248      0.023      0.113      0.165        288 6.6460e+01 0.0000e+00
      0.131    27.4689     9.3703    118.333  38.066718     36.127      8.344   197.9436     3.0328     2.2330     0.0248      0.029      0.123      0.179        289 6.6082e+01 0.0000e+00
      0.126    27.5053     9.3903    118.652  38.081553     36.237      8.343   197.7543     3.0166     2.2196     0.0248      0.033      0.122      0.177        290 6.5840e+01 0.0000e+00
      0.116    27.5846     9.4085    118.980  38.169333     36.359      8.344   197.1108     3.0489     2.1122     0.0248      0.033      0.116      0.168        291 6.1443e+01 0.0000e+00
      0.111    27.6419     9.4327    119.428  38.224459     36.408      8.338   197.5650     3.0328     2.0584     0.0249      0.029      0.114      0.165        292 5.9019e+01 0.0000e+00
      0.122    27.6518     9.4507    119.725  38.220570     36.328      8.337   197.5650     3.0409     2.0450     0.0249      0.024      0.122      0.177        293 6.3464e+01 0.0000e+00
      0.140    27.5670     9.4409    119.625  38.144477     36.235      8.335   197.9058     3.0409     2.1659     0.0248      0.019      0.136      0.197        294 6.7337e+01 0.0000e+00
      0.153    27.4862     9.4064    119.229  38.052177     36.120      8.330   198.0572     3.0530     2.1390     0.0248      0.017      0.148      0.215        295 6.8300e+01 0.0000e+00
      0.159    27.3890     9.3632    118.674  38.038825     36.181      8.325   198.0193     3.0247     2.1659     0.0248      0.017      0.157      0.229        296 7.3040e+01 0.0000e+00
      0.171    27.2820     9.3313    118.120  37.894177     36.104      8.327   198.2086     3.0247     2.1122     0.0247      0.024      0.166      0.241        297 8.0795e+01 0.0000e+00
      0.177    27.2954     9.3336    117.872  37.816981     36.060      8.329   198.5115     3.2309     2.0450     0.0247      0.032      0.171      0.248        298 8.4548e+01 0.0000e+00
      0.175    27.3445     9.3409    117.759  37.927318     36.303      8.333   198.1329     3.2309     2.1659     0.0248      0.036      0.170      0.247        299 8.4405e+01 0.0000e+00
      0.170    27.3719     9.3218    117.559  37.934870     36.232      8.337   198.5493     3.2430     2.1659     0.0247      0.032      0.162      0.236        300 8.7617e+01 0.0000e+00
      0.152    27.4220     9.2702    117.044  38.015212     36.336      8.340   198.2465     3.2269     2.1256     0.0248      0.018      0.146      0.213        301 8.0245e+01 0.0000e+00
      0.126    27.4849     9.1913    116.225  38.094263     36.341      8.340   198.0950     3.2349     1.9913     0.0248     -0.002      0.125      0.181        302 8.5728e+01 0.0000e+00
      0.104    27.5196     9.1546    115.959  38.133083     36.389      8.347   197.9436     3.2188     2.0182     0.0248     -0.022      0.106      0.154        303 1.0765e+02 0.0000e+00
      0.095    27.5309     9.1887    116.474  38.115182     36.289      8.349   198.8522     3.2511     2.0450     0.0248     -0.038      0.097      0.142        304 1.0745e+02 0.0000e+00
      0.099    27.5498     9.2328    117.017  38.086851     36.267      8.351   198.9279     3.2269     2.0182     0.0248     -0.047      0.100      0.145        305 1.0359e+02 0.0000e+00
      0.111    27.5452     9.2748    117.460  38.109000     36.259      8.346   199.1551     2.8751     1.9913     0.0248     -0.045      0.110      0.160        306 1.0438e+02 0.0000e+00
      0.127    27.4749     9.3206    117.791  38.087610     36.246      8.340   198.9279     2.9155     2.0719     0.0248     -0.033      0.125      0.181        307 1.0628e+02 0.0000e+00
      0.146    27.3435     9.3493    117.985  37.965159     36.115      8.339   198.8143     2.9034     2.0182     0.0248     -0.014      0.139      0.201        308 1.1670e+02 0.0000e+00
      0.152    27.2496     9.3903    118.487  37.786820     36.004      8.339   198.7008     2.9034     2.0450     0.0247      0.008      0.146      0.211        309 1.1563e+02 0.0000e+00
      0.146    27.2648     9.4320    119.000  37.805350     36.095      8.341   199.0415     3.0489     2.1390     0.0247      0.023      0.143      0.207        310 1.0389e+02 0.0000e+00
      0.138    27.3309     9.4507    119.248  37.882831     36.269      8.342   199.2686     3.0166     2.1524     0.0247      0.028      0.136      0.197        311 1.0092e+02 0.0000e+00
      0.132    27.4169     9.4531    119.289  37.927721     36.256      8.337   199.7608     3.0206     2.1256     0.0247      0.024      0.130      0.188        312 1.0040e+02 0.0000e+00
      0.128    27.5109     9.4470    119.206  38.105418     36.424      8.333   199.4579     3.0409     2.1927     0.0248      0.013      0.126      0.182        313 1.0065e+02 0.0000e+00
      0.124    27.5508     9.4337    118.977  38.165901     36.391      8.330   199.3065     3.0206     2.1390     0.0248      0.001      0.123      0.178        314 1.0427e+02 0.0000e+00
      0.123    27.5455     9.4201    118.692  38.089695     36.272      8.334   199.3065     3.0934     2.1524     0.0248     -0.009      0.124      0.180        315 1.0765e+02 0.0000e+00
      0.131    27.4986     9.4174    118.439  38.111228     36.244      8.336   199.3822     3.0894     2.1122     0.0248     -0.013      0.133      0.192        316 1.0153e+02 0.0000e+00
      0.152    27.3851     9.3959    117.977  38.020436     36.196      8.334   199.9501     3.0651     2.0987     0.0248     -0.006      0.146      0.211        317 9.9215e+01 0.0000e+00
      0.161    27.3050     9.3708    117.575  37.817094     35.986      8.329   199.7608     3.1177     2.2464     0.0247      0.006      0.154      0.223        318 1.0024e+02 0.0000e+00
      0.158    27.2944     9.3798    117.623  37.830415     36.120      8.332   199.6093     3.1783     2.1659     0.0247      0.014      0.155      0.225        319 9.5626e+01 0.0000e+00
      0.156    27.2913     9.3984    117.813  37.855602     36.176      8.334   199.3822     3.1500     2.2464     0.0247      0.019      0.157      0.228        320 8.9280e+01 0.0000e+00
      0.166    27.2946     9.4161    118.004  37.904431     36.234      8.343   199.4958     3.1581     2.1256     0.0247      0.023      0.165      0.239        321 8.4261e+01 0.0000e+00
      0.182    27.3017     9.4384    118.247  37.947625     36.292      8.348   199.0036     3.1500     2.2196     0.0248      0.027      0.177      0.257        322 8.8201e+01 0.0000e+00
      0.192    27.2959     9.4695    118.646  37.920491     36.235      8.350   199.4201     3.1177     2.2196     0.0247      0.030      0.187      0.272        323 9.3427e+01 0.0000e+00
      0.200    27.2698     9.4879    118.851  37.938197     36.285      8.355   199.0793     3.0853     2.2330     0.0248      0.029      0.197      0.286        324 9.0748e+01 0.0000e+00
      0.213    27.2134     9.5000    118.967  37.866268     36.180      8.360   199.3822     3.0975     2.2196     0.0247      0.030      0.210      0.305        325 8.5599e+01 0.0000e+00
      0.230    27.1129     9.4929    118.881  37.832044     36.200      8.367   199.2308     3.0934     2.1390     0.0247      0.036      0.228      0.332        326 7.9024e+01 0.0000e+00
      0.257    27.0226     9.4629    118.490  37.684195     36.076      8.372   199.6851     3.2107     2.2062     0.0247      0.047      0.252      0.367        327 7.2301e+01 0.0000e+00
      0.287    26.9800     9.4381    118.158  37.635046     36.094      8.370   199.1929     3.2552     2.2196     0.0246      0.059      0.277      0.402        328 7.0590e+01 0.0000e+00
      0.303    26.9497     9.4294    118.129  37.715292     36.264      8.368   199.3822     3.2147     2.1390     0.0247      0.067      0.294      0.427        329 6.6292e+01 0.0000e+00
      0.312    26.9295     9.4479    118.460  37.643695     36.186      8.372   199.1172     3.2471     2.1927     0.0246      0.070      0.304      0.441        330 6.4908e+01 0.0000e+00
      0.315    26.9130     9.4797    118.853  37.605532     36.207      8.381   199.4579     3.9547     2.1659     0.0246      0.070      0.308      0.447        331 6.6786e+01 0.0000e+00
      0.316    26.8987     9.5096    119.110  37.555177     36.141      8.388   199.6472     3.9385     2.1793     0.0246      0.064      0.309      0.449        332 6.4910e+01 0.0000e+00
      0.316    26.9001     9.5150    119.045  37.617391     36.232      8.396   199.2686     3.9547     2.0584     0.0246      0.053      0.310      0.451        333 6.1074e+01 0.0000e+00
      0.319    26.8899     9.5057    118.829  37.617098     36.244      8.404   199.5336     3.9547     2.0853     0.0246      0.040      0.313      0.454        334 6.1950e+01 0.0000e+00
      0.322    26.8738     9.4983    118.731  37.585206     36.187      8.409   199.9501     3.9507     2.2062     0.0246      0.025      0.315      0.457        335 6.6165e+01 0.0000e+00
      0.323    26.8745     9.4759    118.576  37.597761     36.249      8.413   199.6851     4.0154     2.0987     0.0246      0.014      0.316      0.459        336 6.8347e+01 0.0000e+00
      0.323    26.8662     9.4579    118.466  37.571819     36.179      8.422   199.6093     3.9911     2.1122     0.0246      0.008      0.316      0.459        337 6.9084e+01 0.0000e+00
      0.324    26.8588     9.4456    118.388  37.587837     36.260      8.423   200.0258     4.0235     2.1524     0.0246      0.006      0.315      0.458        338 7.1542e+01 0.0000e+00
      0.318    26.8940     9.4483    118.454  37.577830     36.184      8.425   199.4579     3.9951     2.1390     0.0246      0.003      0.310      0.449        339 7.4608e+01 0.0000e+00
      0.305    26.9405     9.4494    118.445  37.643596     36.326      8.431   199.6093     4.0073     2.1256     0.0247     -0.002      0.302      0.438        340 7.3528e+01 0.0000e+00
