Data/DataNotYetUploadedToEDI/Raw_CTD/2018_RawDownloads/080918_fcr20.cnv
* Sea-Bird SBE19plus  Data File:
* FileName = C:\DATA\080918_bvr50_0005.hex
* Software version 2.6.3.104
* Temperature SN = 7809
* Conductivity SN = 7809
* System UpLoad Time = Aug 09 2018 20:26:14
* <ApplicationData>
* <Seaterm232>
# nquan = 17
# nvalues = 480                         
# units = specified
# name 0 = depFM: Depth [fresh water, m]
# name 1 = tv290C: Temperature [ITS-90, deg C]
# name 2 = sbeox0Mg/L: Oxygen, SBE 43 [mg/l]
# name 3 = sbeox0PS: Oxygen, SBE 43 [% saturation]
# name 4 = c0uS/cm: Conductivity [uS/cm]
# name 5 = specc: Specific Conductance [uS/cm]
# name 6 = ph: pH
# name 7 = orp: Oxidation Reduction Potential [mV]
# name 8 = flECO-AFL: Fluorescence, WET Labs ECO-AFL/FL [mg/m^3]
# name 9 = turbWETntu0: Turbidity, WET Labs ECO [NTU]
# name 10 = sal00: Salinity, Practical [PSU]
# name 11 = dz/dtM: Descent Rate [m/s]
# name 12 = prdM: Pressure, Strain Gauge [db]
# name 13 = prdE: Pressure, Strain Gauge [psi]
# name 14 = scan: Scan Count
# name 15 = par/sat/log: PAR/Logarithmic, Satlantic
# name 16 = flag:  0.000e+00
# span 0 =     -0.440,      3.681       
# span 1 =    15.1111,    28.5245       
# span 2 =    -0.5015,    10.2538       
# span 3 =     -5.539,    128.969       
# span 4 =  36.193558, 303.580801       
# span 5 =     35.721,    373.157       
# span 6 =      6.702,      8.540       
# span 7 =    79.5640,   231.1066       
# span 8 =    -0.3154,     7.8568       
# span 9 =     0.4337,    10.6926       
# span 10 =     0.0242,     0.1785      
# span 11 =     -0.194,      0.334      
# span 12 =     -0.410,      3.608      
# span 13 =     -0.595,      5.233      
# span 14 =          1,        480      
# span 15 = 7.4753e-01, 1.8597e+03      
# span 16 = 0.0000e+00, 0.0000e+00      
# interval = seconds: 0.25
# start_time = Aug 09 2018 20:54:48 [Instrument's time stamp, header]
# bad_flag = -9.990e-29
*END*
[from data line 86]
      0.618    27.2437     6.0536     76.410  37.786049     36.169      8.247   186.5107     4.1245     2.2196     0.0247      0.007      0.606      0.879         87 5.0113e+01 0.0000e+00
      0.620    27.2464     6.2321     78.706  37.740964     36.112      8.254   186.7379     4.1852     2.2330     0.0247      0.007      0.608      0.882         88 5.0024e+01 0.0000e+00
      0.622    27.2486     6.4904     81.969  37.731575     36.110      8.258   186.8893     4.1690     2.2330     0.0247      0.006      0.610      0.885         89 4.9985e+01 0.0000e+00
      0.625    27.2508     6.7685     85.460  37.738411     36.108      8.267   187.2679     4.2054     2.1659     0.0247      0.006      0.613      0.890         90 4.9733e+01 0.0000e+00
      0.629    27.2524     6.9902     88.241  37.732455     36.107      8.276   187.3436     4.1852     2.1659     0.0247      0.007      0.617      0.894         91 4.9589e+01 0.0000e+00
      0.632    27.2533     7.1614     90.383  37.738985     36.105      8.283   187.2300     4.2580     2.1390     0.0247      0.008      0.620      0.898         92 4.9568e+01 0.0000e+00
      0.634    27.2513     7.2763     91.873  37.730282     36.104      8.294   187.7600     4.2378     2.2330     0.0247      0.010      0.620      0.899         93 4.9690e+01 0.0000e+00
      0.630    27.2528     7.3496     92.852  37.743284     36.104      8.299   187.7600     4.2378     2.1390     0.0247      0.009      0.618      0.896         94 4.9896e+01 0.0000e+00
      0.626    27.2569     7.4100     93.644  37.782126     36.158      8.305   187.4950     4.2580     2.0182     0.0247      0.006      0.616      0.894         95 4.9736e+01 0.0000e+00
      0.633    27.2726     7.4598     94.278  37.741266     36.104      8.313   187.8357     4.2216     2.1122     0.0247      0.005      0.610      0.885         96 5.1053e+01 0.0000e+00
      0.608    27.3137     7.4943     94.709  37.734813     36.100      8.319   185.9807     4.1448     2.2062     0.0247     -0.003      0.581      0.844         97 5.4787e+01 0.0000e+00
      0.535    27.3455     7.5102     94.898  37.790154     36.145      8.328   185.9429     4.1286     2.1927     0.0247     -0.028      0.530      0.769         98 5.7920e+01 0.0000e+00
      0.482    27.3450     7.4946     94.698  37.731705     36.061      8.340   186.1322     4.1407     2.2330     0.0247     -0.061      0.485      0.704         99 5.8658e+01 0.0000e+00
      0.468    27.3331     7.4699     94.377  37.688891     35.987      8.349   186.0186     4.1205     2.2196     0.0247     -0.086      0.465      0.674        100 5.8447e+01 0.0000e+00
      0.470    27.3189     7.4447     94.075  37.724779     36.040      8.361   186.3214     3.9911     2.0182     0.0247     -0.100      0.464      0.672        101 5.8085e+01 0.0000e+00
      0.478    27.3102     7.4318     93.955  37.687041     35.996      8.370   186.3593     4.0194     2.0719     0.0247     -0.100      0.469      0.681        102 5.7407e+01 0.0000e+00
      0.487    27.3322     7.4090     93.685  37.676540     36.004      8.379   186.7000     4.0032     2.0719     0.0247     -0.089      0.476      0.691        103 5.7173e+01 0.0000e+00
      0.492    27.3656     7.3808     93.325  37.678532     36.012      8.386   186.7000     4.0032     2.0853     0.0247     -0.069      0.482      0.699        104 5.7142e+01 0.0000e+00
      0.495    27.3818     7.3511     92.933  37.684563     35.995      8.391   186.2457     4.3874     2.1659     0.0247     -0.036      0.485      0.704        105 5.6774e+01 0.0000e+00
      0.496    27.3854     7.3288     92.628  37.728347     36.026      8.397   186.4729     4.4036     2.0584     0.0247     -0.003      0.487      0.707        106 5.6632e+01 0.0000e+00
      0.499    27.3813     7.3302     92.650  37.683350     35.961      8.404   186.4350     4.3914     2.2464     0.0247      0.014      0.490      0.711        107 5.6647e+01 0.0000e+00
      0.503    27.3760     7.3525     92.956  37.681231     35.959      8.410   186.0564     4.3874     2.1256     0.0247      0.018      0.493      0.716        108 5.6884e+01 0.0000e+00
      0.508    27.3727     7.3767     93.281  37.730983     36.015      8.418   185.9807     4.2418     2.2464     0.0247      0.017      0.497      0.721        109 5.7496e+01 0.0000e+00
      0.511    27.3685     7.3895     93.451  37.740080     36.019      8.424   186.2079     4.2459     2.1793     0.0247      0.014      0.498      0.722        110 5.7841e+01 0.0000e+00
      0.508    27.3783     7.3864     93.411  37.729233     36.021      8.426   185.9807     4.2297     2.0719     0.0247      0.011      0.491      0.712        111 5.9128e+01 0.0000e+00
      0.483    27.4027     7.3757     93.272  37.685160     35.971      8.432   185.3372     4.2701     2.2062     0.0247      0.002      0.467      0.678        112 6.2373e+01 0.0000e+00
      0.437    27.4148     7.3424     92.851  37.676284     35.964      8.444   184.4664     4.6381     2.1793     0.0247     -0.016      0.434      0.630        113 6.4607e+01 0.0000e+00
      0.411    27.4125     7.2974     92.284  37.680953     35.947      8.454   184.7314     4.6138     2.0719     0.0247     -0.037      0.409      0.593        114 6.5018e+01 0.0000e+00
      0.403    27.4017     7.2353     91.499  37.679341     35.939      8.464   184.5043     4.6381     2.0987     0.0247     -0.054      0.398      0.577        115 6.6334e+01 0.0000e+00
      0.402    27.3890     7.1774     90.770  37.678283     35.941      8.470   184.8450     4.6098     2.1793     0.0247     -0.065      0.395      0.572        116 6.7458e+01 0.0000e+00
      0.402    27.3912     7.1202     90.051  37.622949     35.894      8.475   184.4286     4.6381     2.1659     0.0246     -0.067      0.395      0.572        117 6.7730e+01 0.0000e+00
      0.403    27.4053     7.0832     89.598  37.629567     35.904      8.481   184.3907     4.6340     2.1390     0.0246     -0.062      0.395      0.572        118 6.7761e+01 0.0000e+00
      0.402    27.4174     7.0596     89.310  37.670052     35.955      8.482   184.7314     4.6462     2.1122     0.0247     -0.048      0.395      0.572        119 6.7450e+01 0.0000e+00
      0.403    27.4223     7.0386     89.038  37.631887     35.892      8.485   184.6179     4.6502     2.1524     0.0246     -0.029      0.395      0.573        120 6.7666e+01 0.0000e+00
      0.403    27.4213     7.0427     89.039  37.617736     35.884      8.488   184.8450     4.6260     2.1659     0.0246     -0.011      0.395      0.573        121 6.7899e+01 0.0000e+00
      0.404    27.4194     7.0550     89.124  37.628337     35.880      8.490   185.2236     4.8281     2.2062     0.0246     -0.002      0.396      0.574        122 6.7830e+01 0.0000e+00
      0.405    27.4198     7.0635     89.182  37.678011     35.935      8.493   185.1100     4.8079     2.1122     0.0247      0.001      0.397      0.576        123 6.7798e+01 0.0000e+00
      0.406    27.4206     7.0953     89.615  37.674556     35.936      8.496   185.4886     4.7917     2.2330     0.0247      0.002      0.398      0.578        124 6.7830e+01 0.0000e+00
      0.407    27.4215     7.1772     90.683  37.543657     35.802      8.497   185.3372     4.8120     2.1659     0.0246      0.002      0.399      0.579        125 6.8088e+01 0.0000e+00
      0.409    27.4225     7.2871     92.093  37.544310     35.802      8.497   185.4886     5.0627     2.2196     0.0246      0.003      0.400      0.580        126 6.8739e+01 0.0000e+00
      0.409    27.4262     7.3778     93.249  37.614422     35.881      8.496   185.7157     5.0627     2.2330     0.0246      0.004      0.394      0.571        127 6.9988e+01 0.0000e+00
      0.387    27.4342     7.4543     94.221  37.634366     35.880      8.499   184.6179     5.0829     2.2464     0.0246     -0.002      0.371      0.537        128 7.3136e+01 0.0000e+00
      0.337    27.4421     7.5043     94.852  37.608469     35.878      8.500   183.5957     5.0586     2.1256     0.0246     -0.020      0.331      0.479        129 7.7888e+01 0.0000e+00
      0.288    27.4362     7.5210     95.058  37.557665     35.792      8.501   183.2171     4.8281     2.2196     0.0246     -0.046      0.291      0.423        130 8.0019e+01 0.0000e+00
      0.268    27.4065     7.5008     94.792  37.608606     35.867      8.505   183.4443     4.8969     2.2330     0.0246     -0.070      0.269      0.391        131 7.9266e+01 0.0000e+00
      0.267    27.3603     7.4370     93.973  37.634053     35.870      8.501   183.9364     4.8605     2.1390     0.0246     -0.084      0.264      0.383        132 7.9229e+01 0.0000e+00
      0.270    27.3323     7.3386     92.724  37.614983     35.892      8.496   183.7850     4.8767     2.0987     0.0246     -0.088      0.265      0.384        133 7.9933e+01 0.0000e+00
      0.272    27.3482     7.2216     91.249  37.632353     35.922      8.491   184.1636     4.7068     2.0853     0.0246     -0.083      0.267      0.387        134 7.8703e+01 0.0000e+00
      0.275    27.3716     7.1152     89.912  37.612455     35.944      8.490   184.2014     4.7068     2.1122     0.0246     -0.068      0.272      0.394        135 7.6678e+01 0.0000e+00
      0.287    27.3830     7.0118     88.619  37.550777     35.850      8.488   183.9364     4.6907     2.0987     0.0246     -0.040      0.281      0.407        136 7.6037e+01 0.0000e+00
      0.297    27.3896     6.9294     87.597  37.620126     35.916      8.487   183.9743     4.7068     2.1793     0.0246     -0.010      0.290      0.420        137 7.5224e+01 0.0000e+00
      0.303    27.3923     6.8600     86.735  37.615122     35.907      8.482   183.8607     5.0708     2.1122     0.0246      0.012      0.296      0.428        138 7.5241e+01 0.0000e+00
      0.305    27.3924     6.8053     86.027  37.556999     35.823      8.472   184.0879     5.0910     2.1122     0.0246      0.021      0.299      0.433        139 7.5976e+01 0.0000e+00
      0.307    27.3891     6.7693     85.519  37.603474     35.901      8.458   184.2772     5.0586     2.0584     0.0246      0.023      0.301      0.436        140 7.6300e+01 0.0000e+00
      0.308    27.3830     6.7466     85.172  37.557282     35.821      8.454   184.5043     5.0829     2.1927     0.0246      0.022      0.302      0.438        141 7.5765e+01 0.0000e+00
      0.309    27.3753     6.7404     85.070  37.525504     35.823      8.457   184.3529     5.0748     2.1524     0.0246      0.020      0.303      0.440        142 7.4639e+01 0.0000e+00
      0.312    27.3718     6.7943     85.805  37.583702     35.854      8.460   184.6557     5.1395     2.1390     0.0246      0.016      0.306      0.443        143 7.4711e+01 0.0000e+00
      0.314    27.3736     6.9214     87.447  37.603500     35.913      8.465   184.7693     5.1516     2.1524     0.0246      0.011      0.307      0.445        144 7.5049e+01 0.0000e+00
      0.314    27.3786     7.1007     89.723  37.560190     35.835      8.471   185.1100     5.1233     2.1659     0.0246      0.008      0.307      0.445        145 7.5134e+01 0.0000e+00
      0.312    27.3873     7.2965     92.196  37.607941     35.914      8.471   184.9964     5.1314     2.1524     0.0246      0.006      0.302      0.438        146 7.5348e+01 0.0000e+00
      0.297    27.3995     7.4804     94.520  37.633055     35.911      8.474   184.8450     5.2689     2.2196     0.0246      0.000      0.287      0.416        147 7.8672e+01 0.0000e+00
      0.267    27.4089     7.6275     96.371  37.617915     35.905      8.486   184.9964     5.2527     2.0987     0.0246     -0.012      0.263      0.381        148 8.4506e+01 0.0000e+00
      0.238    27.3978     7.7047     97.319  37.567457     35.843      8.493   184.6557     5.2689     2.1524     0.0246     -0.029      0.239      0.346        149 8.7500e+01 0.0000e+00
      0.223    27.3647     7.7063     97.308  37.488218     35.756      8.503   184.3529     5.2770     2.1122     0.0246     -0.044      0.224      0.325        150 8.7271e+01 0.0000e+00
      0.222    27.3237     7.6431     96.487  37.538560     35.817      8.504   184.9964     4.7958     1.9645     0.0246     -0.054      0.221      0.320        151 8.4460e+01 0.0000e+00
      0.232    27.3113     7.5507     95.367  37.534475     35.840      8.503   185.6400     4.7715     2.0450     0.0246     -0.055      0.222      0.323        152 8.3204e+01 0.0000e+00
      0.226    27.3429     7.4568     94.220  37.552640     35.868      8.487   185.5643     4.7877     1.9376     0.0246     -0.052      0.216      0.313        153 8.4445e+01 0.0000e+00
      0.202    27.3682     7.3772     93.224  37.604952     35.958      8.484   185.7157     4.7634     2.0450     0.0246     -0.049      0.201      0.290        154 8.7956e+01 0.0000e+00
      0.187    27.3741     7.3241     92.551  37.558357     35.854      8.481   186.0564     4.8039     2.1927     0.0246     -0.043      0.186      0.269        155 8.8490e+01 0.0000e+00
      0.179    27.3744     7.2885     92.090  37.521634     35.838      8.473   186.2457     4.7837     2.1659     0.0246     -0.036      0.173      0.251        156 8.8629e+01 0.0000e+00
      0.162    27.3740     7.2722     91.876  37.502340     35.780      8.464   191.0915     4.7837     2.1524     0.0246     -0.035      0.156      0.226        157 9.0199e+01 0.0000e+00
      0.134    27.3690     7.2697     91.840  37.523042     35.834      8.459   188.8579     4.7594     2.1390     0.0246     -0.044      0.135      0.196        158 8.8650e+01 0.0000e+00
      0.115    27.3549     7.2719     91.874  37.555190     35.834      8.454   186.4729     4.6260     2.0182     0.0246     -0.057      0.123      0.178        159 9.2019e+01 0.0000e+00
      0.128    27.3349     7.2551     91.668  37.551316     35.863      8.449   196.2022     4.6543     1.9645     0.0246     -0.059      0.129      0.187        160 9.4002e+01 0.0000e+00
      0.149    27.3250     7.2090     91.084  37.498208     35.794      8.441   196.1265     4.6300     2.0316     0.0246     -0.047      0.143      0.207        161 9.3948e+01 0.0000e+00
      0.158    27.3487     7.1418     90.224  37.472986     35.806      8.426   196.6186     4.6785     1.9645     0.0246     -0.029      0.153      0.221        162 9.4793e+01 0.0000e+00
      0.158    27.3735     7.0595     89.178  37.493732     35.815      8.409   187.5329     4.6502     1.9913     0.0246     -0.014      0.156      0.226        163 9.2670e+01 0.0000e+00
      0.161    27.3796     6.9596     87.915  37.531714     35.850      8.406   187.2679     4.4602     2.2599     0.0246     -0.000      0.160      0.232        164 8.7111e+01 0.0000e+00
      0.170    27.3777     6.8615     86.666  37.544349     35.834      8.411   187.0786     4.4399     2.1122     0.0246      0.015      0.166      0.241        165 8.1963e+01 0.0000e+00
      0.177    27.3711     6.7625     85.413  37.477998     35.776      8.409   187.5707     4.4642     2.1256     0.0246      0.027      0.172      0.249        166 8.1814e+01 0.0000e+00
      0.179    27.3662     6.6807     84.383  37.436322     35.724      8.411   187.0786     4.4642     2.1256     0.0246      0.029      0.175      0.254        167 7.9312e+01 0.0000e+00
      0.180    27.3642     6.6206     83.647  37.477571     35.782      8.408   186.7000     4.4359     2.0584     0.0246      0.023      0.175      0.254        168 7.3617e+01 0.0000e+00
      0.175    27.3673     6.5917     83.303  37.485986     35.785      8.410   186.9650     4.4723     2.0987     0.0246      0.015      0.172      0.249        169 7.3656e+01 0.0000e+00
      0.170    27.3714     6.5776     83.126  37.485174     35.787      8.412   187.2679     4.4723     2.1659     0.0246      0.010      0.168      0.244        170 7.5190e+01 0.0000e+00
