Data/DataNotYetUploadedToEDI/Raw_CTD/2018_RawDownloads/080918_fcr20.cnv
* Sea-Bird SBE19plus  Data File:
* FileName = C:\DATA\080918_bvr50_0005.hex
* Software version 2.6.3.104
* Temperature SN = 7809
* Conductivity SN = 7809
* System UpLoad Time = Aug 09 2018 20:26:14
* <ApplicationData>
* <Seaterm232>
# nquan = 17
# nvalues = 480                         
# units = specified
# name 0 = depFM: Depth [fresh water, m]
# name 1 = tv290C: Temperature [ITS-90, deg C]
# name 2 = sbeox0Mg/L: Oxygen, SBE 43 [mg/l]
# name 3 = sbeox0PS: Oxygen, SBE 43 [% saturation]
# name 4 = c0uS/cm: Conductivity [uS/cm]
# name 5 = specc: Specific Conductance [uS/cm]
# name 6 = ph: pH
# name 7 = orp: Oxidation Reduction Potential [mV]
# name 8 = flECO-AFL: Fluorescence, WET Labs ECO-AFL/FL [mg/m^3]
# name 9 = turbWETntu0: Turbidity, WET Labs ECO [NTU]
# name 10 = sal00: Salinity, Practical [PSU]
# name 11 = dz/dtM: Descent Rate [m/s]
# name 12 = prdM: Pressure, Strain Gauge [db]
# name 13 = prdE: Pressure, Strain Gauge [psi]
# name 14 = scan: Scan Count
# name 15 = par/sat/log: PAR/Logarithmic, Satlantic
# name 16 = flag:  0.000e+00
# span 0 =     -0.440,      3.681       
# span 1 =    15.1111,    28.5245       
# span 2 =    -0.5015,    10.2538       
# span 3 =     -5.539,    128.969       
# span 4 =  36.193558, 303.580801       
# span 5 =     35.721,    373.157       
# span 6 =      6.702,      8.540       
# span 7 =    79.5640,   231.1066       
# span 8 =    -0.3154,     7.8568       
# span 9 =     0.4337,    10.6926       
# span 10 =     0.0242,     0.1785      
# span 11 =     -0.194,      0.334      
# span 12 =     -0.410,      3.608      
# span 13 =     -0.595,      5.233      
# span 14 =          1,        480      
# span 15 = 7.4753e-01, 1.8597e+03      
# span 16 = 0.0000e+00, 0.0000e+00      
# interval = seconds: 0.25
# start_time = Aug 09 2018 20:54:48 [Instrument's time stamp, header]
# bad_flag = -9.990e-29
*END*
[from data line 171]
      0.171    27.3630     6.9701     87.905  37.479684     35.782      8.406   187.0407     4.5774     2.1659     0.0246      0.001      0.168      0.243        172 7.3096e+01 0.0000e+00
      0.173    27.3597     7.5968     95.681  37.438985     35.730      8.407   187.4193     4.5774     2.1659     0.0246     -0.002      0.169      0.245        173 7.2356e+01 0.0000e+00
      0.174    27.3583     8.2911    104.359  37.469912     35.788      8.406   187.4572     4.5693     2.1659     0.0246     -0.003      0.172      0.249        174 7.1911e+01 0.0000e+00
      0.178    27.3531     8.9567    112.715  37.500519     35.790      8.410   186.9272     4.5896     2.1659     0.0246     -0.002      0.178      0.259        175 6.9956e+01 0.0000e+00
      0.197    27.3501     9.4910    119.460  37.519539     35.844      8.409   187.0029     4.4642     2.1927     0.0246      0.006      0.191      0.278        176 6.8533e+01 0.0000e+00
      0.211    27.3534     9.8961    124.548  37.446244     35.742      8.415   186.7379     4.4440     2.1390     0.0246      0.016      0.205      0.298        177 6.7571e+01 0.0000e+00
      0.222    27.3676    10.1441    127.652  37.413775     35.743      8.413   187.0786     4.4521     2.1122     0.0246      0.025      0.215      0.311        178 6.5281e+01 0.0000e+00
      0.224    27.3826    10.2538    128.969  37.500627     35.795      8.409   187.6843     4.4723     2.1927     0.0246      0.031      0.218      0.316        179 6.5171e+01 0.0000e+00
      0.221    27.3835    10.2238    128.495  37.456796     35.784      8.414   188.4036     3.9911     2.1927     0.0246      0.032      0.221      0.320        180 6.6024e+01 0.0000e+00
      0.231    27.3485    10.1268    127.202  37.468315     35.721      8.413   188.4793     4.0032     2.1390     0.0246      0.032      0.234      0.340        181 6.5028e+01 0.0000e+00
      0.267    27.2682    10.0124    125.725  37.753231     36.067      8.406   188.8200     3.9911     2.1390     0.0247      0.039      0.262      0.380        182 6.5288e+01 0.0000e+00
      0.302    27.1946     9.9034    124.298  37.814078     36.091      8.402   188.4036     3.9951     2.2062     0.0247      0.049      0.293      0.425        183 6.4047e+01 0.0000e+00
      0.327    27.1571     9.8075    123.010  37.778198     36.147      8.397   189.1229     4.0315     2.1927     0.0247      0.058      0.316      0.458        184 6.1774e+01 0.0000e+00
      0.336    27.1484     9.7192    121.842  37.797919     36.199      8.391   189.6529     4.3348     2.1122     0.0247      0.067      0.327      0.475        185 6.3182e+01 0.0000e+00
      0.339    27.1549     9.6313    120.755  37.848893     36.277      8.388   189.5393     4.3227     2.1256     0.0247      0.071      0.333      0.483        186 6.4753e+01 0.0000e+00
      0.344    27.1527     9.5779    120.110  37.892746     36.338      8.393   189.5772     4.3106     2.0853     0.0247      0.072      0.337      0.489        187 6.5341e+01 0.0000e+00
      0.349    27.1432     9.5380    119.639  37.802672     36.224      8.393   189.5772     4.3146     2.0719     0.0247      0.067      0.342      0.496        188 6.5437e+01 0.0000e+00
      0.354    27.1170     9.5157    119.383  37.783025     36.228      8.399   189.6907     4.1892     2.1659     0.0247      0.055      0.347      0.504        189 6.4792e+01 0.0000e+00
      0.360    27.0749     9.5189    119.394  37.798553     36.233      8.397   189.7665     4.2054     2.2599     0.0247      0.038      0.351      0.510        190 6.5170e+01 0.0000e+00
      0.361    27.0432     9.5308    119.490  37.783353     36.252      8.403   189.7286     4.1933     2.1256     0.0247      0.025      0.352      0.511        191 6.4916e+01 0.0000e+00
      0.357    27.0238     9.5480    119.662  37.742634     36.227      8.411   189.5393     4.1852     2.1122     0.0247      0.016      0.351      0.509        192 6.3968e+01 0.0000e+00
      0.356    26.9983     9.5656    119.805  37.730602     36.250      8.416   189.8800     4.0315     2.0450     0.0247      0.012      0.350      0.507        193 6.4883e+01 0.0000e+00
      0.358    26.9596     9.5679    119.754  37.739021     36.262      8.421   189.6907     4.0720     2.0853     0.0247      0.009      0.351      0.509        194 6.6101e+01 0.0000e+00
      0.359    26.9336     9.5465    119.452  37.672848     36.227      8.425   189.8043     4.0639     2.0450     0.0247      0.006      0.352      0.510        195 6.4895e+01 0.0000e+00
      0.359    26.9386     9.5112    118.998  37.635004     36.200      8.437   190.1450     4.0639     1.9913     0.0246      0.003      0.352      0.510        196 6.4926e+01 0.0000e+00
      0.358    26.9514     9.4765    118.521  37.726815     36.327      8.444   190.2965     4.2822     2.2196     0.0247      0.001      0.351      0.509        197 6.5988e+01 0.0000e+00
      0.356    26.9646     9.4578    118.267  37.736567     36.322      8.452   190.4100     4.2580     2.1256     0.0247     -0.001      0.349      0.506        198 6.5303e+01 0.0000e+00
      0.354    26.9751     9.4496    118.158  37.682188     36.260      8.458   190.3722     4.2539     2.1659     0.0247     -0.002      0.348      0.505        199 6.3925e+01 0.0000e+00
      0.354    26.9618     9.4483    118.150  37.675839     36.250      8.466   190.9400     4.2620     2.1927     0.0247     -0.001      0.348      0.505        200 6.3467e+01 0.0000e+00
      0.356    26.9377     9.4486    118.162  37.685141     36.243      8.474   190.9400     4.1205     2.1659     0.0247     -0.002      0.349      0.506        201 6.4385e+01 0.0000e+00
      0.356    26.9155     9.4569    118.260  37.670609     36.252      8.481   190.8265     4.1165     2.1390     0.0247     -0.002      0.349      0.506        202 6.5836e+01 0.0000e+00
      0.356    26.8812     9.4624    118.329  37.634607     36.216      8.484   190.9400     4.1326     2.1927     0.0246     -0.002      0.349      0.506        203 6.8300e+01 0.0000e+00
      0.355    26.8439     9.4756    118.462  37.611314     36.230      8.491   190.9400     4.1448     2.1927     0.0246     -0.001      0.348      0.505        204 7.0300e+01 0.0000e+00
      0.354    26.8285     9.4897    118.613  37.551307     36.174      8.495   191.1293     4.1165     2.1256     0.0246     -0.001      0.347      0.503        205 7.0537e+01 0.0000e+00
      0.353    26.8206     9.4963    118.696  37.531338     36.200      8.499   191.0915     4.1933     2.2062     0.0246     -0.000      0.347      0.503        206 7.1703e+01 0.0000e+00
      0.353    26.8026     9.4928    118.639  37.547201     36.211      8.506   191.3943     4.2054     2.0316     0.0246     -0.001      0.346      0.502        207 7.3641e+01 0.0000e+00
      0.351    26.7918     9.4782    118.448  37.531577     36.215      8.507   191.2050     4.2054     2.1524     0.0246     -0.002      0.345      0.500        208 7.4350e+01 0.0000e+00
      0.351    26.7895     9.4707    118.354  37.580448     36.257      8.512   191.2050     4.1933     2.2330     0.0246     -0.003      0.344      0.499        209 7.5685e+01 0.0000e+00
      0.350    26.7931     9.4802    118.459  37.605030     36.317      8.511   191.0536     4.1367     1.9645     0.0247     -0.003      0.343      0.497        210 7.8104e+01 0.0000e+00
      0.347    26.7961     9.4843    118.497  37.560311     36.238      8.514   191.2429     4.1205     1.9913     0.0246     -0.004      0.342      0.495        211 7.8152e+01 0.0000e+00
      0.347    26.7947     9.4905    118.561  37.517459     36.236      8.517   191.7729     4.1407     2.0182     0.0246     -0.004      0.342      0.495        212 7.4658e+01 0.0000e+00
      0.350    26.7934     9.4945    118.627  37.510055     36.179      8.513   191.3943     4.1245     2.0450     0.0246     -0.003      0.344      0.498        213 7.1871e+01 0.0000e+00
      0.353    26.7796     9.5077    118.807  37.599184     36.316      8.516   191.6972     4.2580     2.1122     0.0247     -0.001      0.346      0.501        214 7.0055e+01 0.0000e+00
      0.353    26.7678     9.5294    119.072  37.584503     36.262      8.517   191.8107     4.2661     2.1927     0.0246      0.000      0.347      0.504        215 6.9592e+01 0.0000e+00
      0.356    26.7674     9.5509    119.309  37.528329     36.245      8.514   192.1515     4.2661     2.1524     0.0246      0.002      0.350      0.508        216 6.8317e+01 0.0000e+00
      0.361    26.7617     9.5626    119.425  37.550455     36.254      8.506   192.3407     4.2499     2.1659     0.0246      0.005      0.353      0.512        217 6.4873e+01 0.0000e+00
      0.363    26.7579     9.5558    119.362  37.527311     36.253      8.502   192.8707     4.2742     2.1793     0.0246      0.007      0.355      0.514        218 6.5689e+01 0.0000e+00
      0.362    26.7568     9.5219    119.001  37.497814     36.204      8.507   192.4165     4.2580     2.1524     0.0246      0.008      0.354      0.513        219 6.7867e+01 0.0000e+00
      0.359    26.7514     9.4958    118.733  37.557506     36.287      8.511   192.6436     4.2539     2.2062     0.0246      0.007      0.352      0.509        220 6.8794e+01 0.0000e+00
      0.354    26.7444     9.4841    118.662  37.542007     36.261      8.520   192.7193     4.2378     2.1390     0.0246      0.004      0.347      0.503        221 7.0269e+01 0.0000e+00
      0.348    26.7390     9.4716    118.608  37.487443     36.211      8.528   192.6436     4.2580     2.1927     0.0246     -0.001      0.342      0.495        222 6.9626e+01 0.0000e+00
      0.342    26.7451     9.4624    118.534  37.536432     36.269      8.534   192.5300     4.2742     2.2062     0.0246     -0.006      0.337      0.488        223 6.9935e+01 0.0000e+00
      0.341    26.7528     9.4657    118.565  37.540366     36.274      8.540   192.0757     4.2459     2.2196     0.0246     -0.010      0.335      0.486        224 7.2865e+01 0.0000e+00
      0.342    26.7499     9.4765    118.678  37.541869     36.269      8.539   192.3786     4.2539     2.0450     0.0246     -0.012      0.335      0.486        225 7.2203e+01 0.0000e+00
      0.342    26.7354     9.4929    118.858  37.534559     36.264      8.539   192.0757     4.2742     2.2062     0.0246     -0.012      0.335      0.486        226 7.1344e+01 0.0000e+00
      0.341    26.7220     9.5101    119.035  37.490140     36.212      8.539   192.3029     4.3186     2.1927     0.0246     -0.011      0.335      0.486        227 7.2937e+01 0.0000e+00
      0.341    26.7317     9.5135    119.017  37.478507     36.222      8.538   192.2272     4.3065     2.2867     0.0246     -0.008      0.333      0.483        228 7.2453e+01 0.0000e+00
      0.336    26.7604     9.5146    118.995  37.489722     36.232      8.537   192.4543     4.3106     2.0987     0.0246     -0.006      0.327      0.474        229 7.2024e+01 0.0000e+00
      0.323    26.7880     9.5092    118.938  37.535508     36.279      8.533   192.1136     4.3267     2.1390     0.0246     -0.008      0.316      0.458        230 7.2862e+01 0.0000e+00
      0.307    26.8246     9.4939    118.786  37.569824     36.285      8.531   192.0757     4.3065     2.1659     0.0246     -0.014      0.301      0.437        231 7.3735e+01 0.0000e+00
      0.291    26.8705     9.4811    118.653  37.624967     36.320      8.534   191.9622     4.3308     2.1524     0.0247     -0.023      0.288      0.418        232 7.2777e+01 0.0000e+00
      0.283    26.8903     9.4683    118.495  37.674490     36.349      8.534   191.6215     4.3267     2.2062     0.0247     -0.031      0.279      0.405        233 7.1400e+01 0.0000e+00
      0.280    26.8854     9.4594    118.348  37.686136     36.315      8.535   192.3407     4.3106     2.1256     0.0247     -0.036      0.275      0.399        234 7.2980e+01 0.0000e+00
      0.278    26.8752     9.4455    118.120  37.669776     36.302      8.536   192.1515     4.2499     2.1659     0.0247     -0.038      0.273      0.396        235 7.3683e+01 0.0000e+00
      0.278    26.8638     9.4323    117.919  37.635518     36.252      8.532   192.1515     4.2539     2.1659     0.0246     -0.035      0.274      0.397        236 7.2693e+01 0.0000e+00
      0.283    26.8455     9.4378    117.972  37.669448     36.313      8.533   192.7193     4.2337     2.2196     0.0247     -0.027      0.279      0.404        237 7.2860e+01 0.0000e+00
      0.293    26.8181     9.4362    117.961  37.627558     36.267      8.532   192.8707     4.2620     2.2330     0.0246     -0.015      0.288      0.417        238 7.1566e+01 0.0000e+00
      0.303    26.8006     9.4417    118.048  37.539354     36.199      8.526   193.0600     3.6191     2.1390     0.0246     -0.001      0.295      0.428        239 6.9435e+01 0.0000e+00
      0.306    26.8060     9.4638    118.348  37.541941     36.218      8.511   193.0979     3.6070     2.1524     0.0246      0.010      0.298      0.432        240 6.9212e+01 0.0000e+00
      0.300    26.8236     9.4933    118.755  37.535371     36.231      8.499   192.9086     3.6272     2.2062     0.0246      0.014      0.295      0.428        241 6.9772e+01 0.0000e+00
      0.295    26.8366     9.5197    119.092  37.577199     36.254      8.498   193.0222     3.6150     2.1256     0.0246      0.014      0.293      0.425        242 6.7959e+01 0.0000e+00
      0.301    26.8375     9.5399    119.339  37.667846     36.349      8.502   193.0979     4.2054     2.1390     0.0247      0.013      0.297      0.430        243 6.5361e+01 0.0000e+00
      0.310    26.8209     9.5539    119.495  37.630178     36.286      8.503   193.3629     4.1812     2.1793     0.0247      0.012      0.302      0.439        244 6.4351e+01 0.0000e+00
      0.314    26.7960     9.5696    119.666  37.535089     36.204      8.503   192.9843     4.1852     2.1390     0.0246      0.010      0.305      0.443        245 6.4733e+01 0.0000e+00
      0.311    26.7787     9.5681    119.640  37.489579     36.162      8.503   193.2872     4.2337     2.1256     0.0246      0.007      0.304      0.440        246 6.5754e+01 0.0000e+00
      0.303    26.7712     9.5557    119.527  37.538520     36.234      8.499   193.2872     4.1892     2.1659     0.0246      0.004      0.299      0.433        247 6.6686e+01 0.0000e+00
      0.299    26.7755     9.5352    119.316  37.563174     36.273      8.498   194.0822     3.9426     2.2062     0.0246      0.001      0.294      0.427        248 6.8803e+01 0.0000e+00
      0.299    26.7834     9.5305    119.268  37.547888     36.251      8.494   194.8015     3.9224     2.1256     0.0246      0.001      0.294      0.427        249 6.9187e+01 0.0000e+00
      0.304    26.7956     9.5357    119.355  37.616869     36.329      8.493   194.9529     3.9345     2.0719     0.0247     -0.000      0.298      0.431        250 7.0719e+01 0.0000e+00
      0.308    26.8120     9.5407    119.571  37.625630     36.323      8.490   194.4608     3.9305     2.1256     0.0247     -0.002      0.301      0.436        251 7.3901e+01 0.0000e+00
      0.308    26.8166     9.5404    119.828  37.625962     36.315      8.491   195.1422     3.3805     2.1927     0.0247     -0.003      0.302      0.438        252 7.5216e+01 0.0000e+00
      0.308    26.8129     9.5247    119.843  37.616449     36.303      8.489   194.6500     3.3684     2.1927     0.0247     -0.001      0.302      0.438        253 7.5333e+01 0.0000e+00
      0.307    26.8049     9.5004    119.774  37.548480     36.220      8.487   194.4229     3.3522     2.1122     0.0246      0.002      0.301      0.436        254 7.3727e+01 0.0000e+00
      0.305    26.7925     9.4668    119.758  37.532582     36.221      8.486   194.9908     3.3522     2.1659     0.0246      0.004      0.297      0.431        255 7.1004e+01 0.0000e+00
