Data/DataNotYetUploadedToEDI/Raw_CTD/2018_RawDownloads/080918_fcr20.cnv
* Sea-Bird SBE19plus  Data File:
* FileName = C:\DATA\080918_bvr50_0005.hex
* Software version 2.6.3.104
* Temperature SN = 7809
* Conductivity SN = 7809
* System UpLoad Time = Aug 09 2018 20:26:14
* <ApplicationData>
* <Seaterm232>
# nquan = 17
# nvalues = 480                         
# units = specified
# name 0 = depFM: Depth [fresh water, m]
# name 1 = tv290C: Temperature [ITS-90, deg C]
# name 2 = sbeox0Mg/L: Oxygen, SBE 43 [mg/l]
# name 3 = sbeox0PS: Oxygen, SBE 43 [% saturation]
# name 4 = c0uS/cm: Conductivity [uS/cm]
# name 5 = specc: Specific Conductance [uS/cm]
# name 6 = ph: pH
# name 7 = orp: Oxidation Reduction Potential [mV]
# name 8 = flECO-AFL: Fluorescence, WET Labs ECO-AFL/FL [mg/m^3]
# name 9 = turbWETntu0: Turbidity, WET Labs ECO [NTU]
# name 10 = sal00: Salinity, Practical [PSU]
# name 11 = dz/dtM: Descent Rate [m/s]
# name 12 = prdM: Pressure, Strain Gauge [db]
# name 13 = prdE: Pressure, Strain Gauge [psi]
# name 14 = scan: Scan Count
# name 15 = par/sat/log: PAR/Logarithmic, Satlantic
# name 16 = flag:  0.000e+00
# span 0 =     -0.440,      3.681       
# span 1 =    15.1111,    28.5245       
# span 2 =    -0.5015,    10.2538       
# span 3 =     -5.539,    128.969       
# span 4 =  36.193558, 303.580801       
# span 5 =     35.721,    373.157       
# span 6 =      6.702,      8.540       
# span 7 =    79.5640,   231.1066       
# span 8 =    -0.3154,     7.8568       
# span 9 =     0.4337,    10.6926       
# span 10 =     0.0242,     0.1785      
# span 11 =     -0.194,      0.334      
# span 12 =     -0.410,      3.608      
# span 13 =     -0.595,      5.233      
# span 14 =          1,        480      
# span 15 = 7.4753e-01, 1.8597e+03      
# span 16 = 0.0000e+00, 0.0000e+00      
# interval = seconds: 0.25
# start_time = Aug 09 2018 20:54:48 [Instrument's time stamp, header]
# bad_flag = -9.990e-29
*END*
     -0.440    28.2404     7.5404     96.646  39.114805     36.852      7.517   161.4871    -0.3073     0.4337     0.0252 -2.105e-16     -0.410     -0.595          1 9.7682e+02 0.0000e+00
     -0.367    28.3409     7.7783     99.782  39.088978     36.785      7.625   174.9264    -0.3154     0.5679     0.0252      0.019     -0.355     -0.515          2 1.6386e+03 0.0000e+00
     -0.281    28.4386     7.9688    102.238  38.923451     36.539      7.681   162.0549    -0.3073     0.5545     0.0251      0.056     -0.281     -0.408          3 1.8597e+03 0.0000e+00
     -0.217    28.4982     8.0986    103.814  38.846153     36.414      7.718   163.2285     0.6996    10.6926     0.0251      0.099     -0.211     -0.307          4 1.5194e+03 0.0000e+00
     -0.147    28.5245     8.2383    105.399  38.858836     36.349      7.740   160.9571     0.6996    10.6389     0.0251      0.146     -0.140     -0.203          5 6.0827e+02 0.0000e+00
     -0.065    28.4863     8.3386    106.474  38.848295     36.308      7.774   162.2821     0.7036    10.5986     0.0251      0.195     -0.056     -0.082          6 1.7339e+02 0.0000e+00
      0.041    28.3723     8.3409    106.383  38.770252     36.211      7.804   162.8121     0.6632    10.6792     0.0250      0.247      0.041      0.059          7 1.5135e+02 0.0000e+00
      0.150    28.2187     8.2538    105.223  38.688991     36.158      7.838   162.2442     2.4545     1.9645     0.0250      0.297      0.140      0.203          8 8.1253e+01 0.0000e+00
      0.237    28.1114     8.1311    103.630  38.623165     36.184      7.876   162.0549     2.4303     2.0182     0.0250      0.331      0.221      0.320          9 1.0657e+02 0.0000e+00
      0.290    28.1132     8.0845    103.023  38.585272     36.236      7.919   162.4335     2.4343     2.0584     0.0250      0.334      0.273      0.396         10 7.2676e+01 0.0000e+00
      0.310    28.1776     8.1149    103.423  38.617573     36.364      7.954   162.0549     2.4505     2.1122     0.0250      0.319      0.296      0.430         11 9.1104e+01 0.0000e+00
      0.309    28.2259     8.1261    103.577  38.612678     36.335      7.985   162.4335     2.4505     2.0182     0.0250      0.287      0.300      0.435         12 8.2956e+01 0.0000e+00
      0.297    28.2333     8.0890    103.109  38.561706     36.264      8.009   163.4935     2.9438     2.1524     0.0250      0.234      0.295      0.427         13 8.9413e+01 0.0000e+00
      0.295    28.1833     8.0262    102.313  38.532673     36.178      8.028   164.4400     2.9802     2.0316     0.0249      0.170      0.295      0.426         14 8.4849e+01 0.0000e+00
      0.308    28.0750     7.9625    101.512  38.500477     36.173      8.032   164.8564     2.9600     2.0182     0.0249      0.107      0.304      0.440         15 8.6338e+01 0.0000e+00
      0.325    27.9653     7.8777    100.449  38.394140     36.075      8.040   165.5000     2.9640     2.0584     0.0249      0.059      0.320      0.463         16 8.2770e+01 0.0000e+00
      0.346    27.9012     7.7676     99.080  38.368419     36.150      8.044   166.6735     2.8306     2.1122     0.0249      0.034      0.336      0.486         17 7.9484e+01 0.0000e+00
      0.355    27.8736     7.6157     97.195  38.384229     36.226      8.047   166.7492     2.8346     2.0450     0.0249      0.027      0.346      0.501         18 7.5841e+01 0.0000e+00
      0.356    27.8584     7.4641     95.303  38.315195     36.217      8.051   167.1657     2.8144     2.0719     0.0249      0.029      0.350      0.507         19 7.3193e+01 0.0000e+00
      0.359    27.8521     7.3405     93.759  38.335720     36.235      8.054   167.6957     2.8427     2.0182     0.0249      0.035      0.352      0.511         20 7.1071e+01 0.0000e+00
      0.362    27.8576     7.2534     92.681  38.358702     36.298      8.060   167.9985     2.9640     2.0450     0.0249      0.038      0.356      0.516         21 6.9152e+01 0.0000e+00
      0.368    27.8637     7.2053     92.100  38.286603     36.197      8.065   168.1500     2.9519     2.0182     0.0249      0.035      0.362      0.524         22 6.7842e+01 0.0000e+00
      0.377    27.8667     7.2688     92.937  38.336466     36.272      8.071   169.3235     2.9438     1.9645     0.0249      0.029      0.368      0.534         23 6.8758e+01 0.0000e+00
      0.381    27.8698     7.4517     95.296  38.326308     36.242      8.075   169.9293     2.9559     2.0182     0.0249      0.023      0.373      0.540         24 6.8895e+01 0.0000e+00
      0.382    27.8751     7.6684     98.085  38.269579     36.187      8.079   170.9514     3.1460     2.0719     0.0249      0.018      0.375      0.543         25 6.8036e+01 0.0000e+00
      0.382    27.8854     7.8610    100.553  38.318078     36.238      8.080   171.2543     3.1662     2.0719     0.0249      0.016      0.375      0.543         26 6.9362e+01 0.0000e+00
      0.383    27.9063     7.9798    102.049  38.384597     36.287      8.088   172.1628     3.1500     1.9779     0.0249      0.015      0.376      0.545         27 7.1223e+01 0.0000e+00
      0.385    27.9355     8.0215    102.558  38.424087     36.333      8.088   172.4278     3.1783     2.0450     0.0249      0.013      0.378      0.548         28 7.1789e+01 0.0000e+00
      0.388    27.9613     8.0113    102.402  38.387574     36.266      8.089   173.2607     3.1986     1.9913     0.0249      0.011      0.380      0.551         29 7.2043e+01 0.0000e+00
      0.388    27.9820     7.9200    101.217  38.370701     36.245      8.089   173.6393     3.2430     2.1122     0.0249      0.008      0.381      0.553         30 7.1536e+01 0.0000e+00
      0.389    28.0029     7.7966     99.620  38.385747     36.228      8.093   173.8664     3.2228     2.0584     0.0249      0.006      0.384      0.557         31 7.1001e+01 0.0000e+00
      0.397    28.0235     7.6884     98.185  38.428162     36.266      8.095   174.2828     3.2066     2.0182     0.0249      0.007      0.393      0.571         32 6.9677e+01 0.0000e+00
      0.418    28.0391     7.6271     97.352  38.436552     36.252      8.098   175.4186     3.2147     1.9913     0.0249      0.013      0.409      0.593         33 6.7699e+01 0.0000e+00
      0.436    28.0506     7.5908     96.828  38.375294     36.185      8.094   175.8350     3.3441     1.9242     0.0249      0.023      0.426      0.616         34 6.7412e+01 0.0000e+00
      0.444    28.0615     7.5559     96.229  38.385742     36.175      8.089   175.8350     3.3603     2.0182     0.0249      0.031      0.441      0.639         35 6.6758e+01 0.0000e+00
      0.468    28.0632     7.5104     95.459  38.423541     36.219      8.091   176.4028     3.3724     2.0182     0.0249      0.041      0.463      0.672         36 6.4911e+01 0.0000e+00
      0.503    28.0513     7.4733     94.795  38.446891     36.212      8.093   176.9707     3.3522     2.0450     0.0249      0.055      0.496      0.720         37 6.2979e+01 0.0000e+00
      0.546    28.0372     7.4613     94.381  38.504987     36.289      8.093   178.0307     3.4048     2.1122     0.0249      0.075      0.538      0.780         38 6.0801e+01 0.0000e+00
      0.596    28.0237     7.4615     94.126  38.440227     36.219      8.101   178.6743     3.4088     2.1524     0.0249      0.097      0.583      0.845         39 5.9129e+01 0.0000e+00
      0.639    28.0136     7.4629     93.955  38.379182     36.176      8.114   179.0529     3.4129     2.2599     0.0249      0.117      0.623      0.903         40 5.8110e+01 0.0000e+00
      0.668    28.0009     7.4801     94.031  38.373334     36.185      8.134   179.2043     3.4048     2.1122     0.0249      0.130      0.653      0.947         41 5.7231e+01 0.0000e+00
      0.690    27.9718     7.5335     94.611  38.328865     36.139      8.153   179.0529     3.9264     2.1122     0.0249      0.139      0.678      0.983         42 5.5919e+01 0.0000e+00
      0.717    27.9435     7.6230     95.684  38.375206     36.200      8.173   178.8257     3.9345     2.1793     0.0249      0.142      0.703      1.020         43 5.4438e+01 0.0000e+00
      0.746    27.9055     7.7136     96.769  38.374995     36.221      8.183   178.9771     3.9183     2.1793     0.0249      0.138      0.726      1.053         44 5.3794e+01 0.0000e+00
      0.757    27.8166     7.7936     97.730  38.329142     36.188      8.190   179.1664     3.9345     2.2330     0.0249      0.125      0.739      1.072         45 5.3433e+01 0.0000e+00
      0.759    27.7055     7.8451     98.361  38.313640     36.212      8.199   178.9771     4.5330     2.1927     0.0249      0.104      0.743      1.077         46 5.2885e+01 0.0000e+00
      0.757    27.5890     7.8670     98.644  38.275665     36.221      8.209   179.2421     4.4723     2.1793     0.0249      0.081      0.741      1.075         47 5.2272e+01 0.0000e+00
      0.752    27.4359     7.8482     98.443  38.257798     36.298      8.222   179.3936     4.5208     2.1122     0.0249      0.059      0.738      1.070         48 5.2008e+01 0.0000e+00
      0.749    27.2827     7.7797     97.653  38.157962     36.271      8.233   179.3179     4.5046     2.2330     0.0248      0.040      0.737      1.068         49 5.1982e+01 0.0000e+00
      0.750    27.1699     7.6837     96.478  38.014378     36.245      8.244   179.4693     4.4723     2.0450     0.0248      0.023      0.737      1.068         50 5.1789e+01 0.0000e+00
      0.753    27.0865     7.5739     95.107  37.902663     36.244      8.253   179.8100     4.4480     2.1256     0.0247      0.009      0.739      1.072         51 5.1708e+01 0.0000e+00
      0.757    27.0329     7.4655     93.750  37.852150     36.269      8.260   180.1129     4.4804     1.9913     0.0247      0.000      0.742      1.077         52 5.1436e+01 0.0000e+00
      0.760    27.0020     7.3857     92.765  37.840013     36.327      8.264   180.5293     4.4602     1.9376     0.0247     -0.000      0.745      1.081         53 5.1425e+01 0.0000e+00
      0.761    26.9733     7.3627     92.557  37.799167     36.311      8.271   181.0593     4.4359     2.0182     0.0247      0.002      0.746      1.082         54 5.1131e+01 0.0000e+00
      0.761    26.9484     7.3723     92.765  37.784367     36.332      8.275   180.9457     4.2903     2.0584     0.0247      0.005      0.746      1.081         55 5.0496e+01 0.0000e+00
      0.759    26.9400     7.3703     92.783  37.739806     36.298      8.278   181.2107     4.2620     2.0450     0.0247      0.006      0.744      1.079         56 5.0371e+01 0.0000e+00
      0.756    26.9442     7.3445     92.473  37.735996     36.316      8.280   181.7407     4.2378     2.0182     0.0247      0.005      0.740      1.074         57 5.0051e+01 0.0000e+00
      0.749    26.9653     7.3057     92.004  37.729800     36.322      8.283   181.5514     4.2459     2.0450     0.0247      0.001      0.735      1.065         58 4.9865e+01 0.0000e+00
      0.744    27.0025     7.2691     91.549  37.688199     36.264      8.286   181.9300     4.1407     2.1659     0.0247     -0.005      0.728      1.055         59 4.9919e+01 0.0000e+00
      0.732    27.0217     7.2419     91.209  37.728443     36.305      8.288   182.3086     4.1003     2.1122     0.0247     -0.012      0.715      1.036         60 5.0328e+01 0.0000e+00
      0.710    27.0260     7.2322     91.097  37.739028     36.277      8.284   182.4600     4.1286     2.1659     0.0247     -0.022      0.693      1.005         61 5.0972e+01 0.0000e+00
      0.678    27.0280     7.2339     91.128  37.734332     36.265      8.278   182.3086     4.1609     2.1390     0.0247     -0.036      0.662      0.961         62 5.2352e+01 0.0000e+00
      0.638    27.0401     7.2424     91.241  37.734276     36.261      8.277   182.1193     3.9790     1.9779     0.0247     -0.055      0.627      0.910         63 5.4097e+01 0.0000e+00
      0.603    27.0866     7.2516     91.358  37.679772     36.206      8.275   182.6493     4.0073     2.0987     0.0247     -0.076      0.598      0.868         64 5.4365e+01 0.0000e+00
      0.591    27.1400     7.2357     91.159  37.683515     36.199      8.268   182.8764     4.0032     1.9779     0.0247     -0.089      0.583      0.846         65 5.4278e+01 0.0000e+00
      0.587    27.1656     7.1919     90.609  37.729607     36.219      8.258   183.2171     3.9992     1.9779     0.0247     -0.094      0.577      0.837         66 5.4192e+01 0.0000e+00
      0.585    27.1755     7.1446     90.022  37.741034     36.182      8.252   183.5579     3.5989     2.0316     0.0247     -0.090      0.575      0.835         67 5.3921e+01 0.0000e+00
      0.587    27.1866     7.0742     89.143  37.787914     36.218      8.245   184.2393     3.5989     1.9913     0.0247     -0.077      0.576      0.836         68 5.3569e+01 0.0000e+00
      0.589    27.1905     7.0008     88.222  37.849215     36.265      8.240   184.2772     3.6312     2.0450     0.0247     -0.057      0.578      0.838         69 5.3192e+01 0.0000e+00
      0.590    27.1918     6.9269     87.294  37.842705     36.257      8.238   183.8607     3.6231     2.0584     0.0247     -0.035      0.579      0.840         70 5.2717e+01 0.0000e+00
      0.593    27.1983     6.8537     86.377  37.796010     36.201      8.235   184.2014     3.5503     1.9645     0.0247     -0.015      0.581      0.843         71 5.2450e+01 0.0000e+00
      0.595    27.2043     6.7888     85.563  37.788680     36.200      8.229   183.7850     3.5342     1.9913     0.0247     -0.001      0.584      0.847         72 5.2198e+01 0.0000e+00
      0.600    27.2076     6.7155     84.640  37.792505     36.195      8.229   183.7093     3.5099     2.0182     0.0247      0.005      0.588      0.852         73 5.1897e+01 0.0000e+00
      0.603    27.2088     6.6433     83.732  37.791246     36.191      8.231   183.8986     3.5746     2.0182     0.0247      0.008      0.591      0.857         74 5.1838e+01 0.0000e+00
      0.605    27.2092     6.5694     82.805  37.790243     36.189      8.232   183.8607     3.5261     1.9913     0.0247      0.010      0.593      0.860         75 5.1552e+01 0.0000e+00
      0.606    27.2108     6.4927     81.844  37.793751     36.188      8.234   184.4286     3.8132     2.1659     0.0247      0.010      0.593      0.861         76 5.1524e+01 0.0000e+00
      0.604    27.2157     6.4270     81.021  37.786880     36.188      8.234   184.6557     3.7889     2.1659     0.0247      0.009      0.593      0.860         77 5.1586e+01 0.0000e+00
      0.604    27.2206     6.3670     80.268  37.739474     36.133      8.232   185.2236     3.7889     2.0719     0.0247      0.008      0.593      0.860         78 5.1452e+01 0.0000e+00
      0.604    27.2233     6.3093     79.543  37.734103     36.130      8.231   185.5643     3.7808     2.2196     0.0247      0.006      0.593      0.860         79 5.1337e+01 0.0000e+00
      0.605    27.2257     6.2595     78.919  37.734240     36.126      8.228   185.4507     3.8536     2.1390     0.0247      0.004      0.594      0.862         80 5.1113e+01 0.0000e+00
      0.608    27.2287     6.2090     78.285  37.739301     36.124      8.231   185.6779     3.8658     2.0450     0.0247      0.002      0.596      0.865         81 5.0808e+01 0.0000e+00
      0.611    27.2311     6.1548     77.602  37.787124     36.176      8.235   186.0564     3.8536     2.0987     0.0247      0.003      0.599      0.869         82 5.0656e+01 0.0000e+00
      0.613    27.2323     6.1042     76.962  37.793368     36.174      8.237   186.2836     3.8617     1.9645     0.0247      0.004      0.601      0.872         83 5.0540e+01 0.0000e+00
      0.615    27.2340     6.0628     76.441  37.790852     36.172      8.236   186.4350     4.1609     2.2733     0.0247      0.005      0.603      0.874         84 5.0427e+01 0.0000e+00
      0.616    27.2368     6.0262     75.987  37.790253     36.172      8.240   186.6243     4.1448     2.1122     0.0247      0.007      0.604      0.876         85 5.0413e+01 0.0000e+00
