Data/DataNotYetUploadedToEDI/Raw_CTD/2018_RawDownloads/081318_fcr20.cnv
* Sea-Bird SBE19plus  Data File:
* FileName = C:\DATA\081318_fcr_0006.hex
* Software version 2.6.3.104
* Temperature SN = 7809
* Conductivity SN = 7809
* System UpLoad Time = Aug 13 2018 19:26:38
* <ApplicationData>
* <Seaterm232>
# nquan = 17
# nvalues = 275                         
# units = specified
# name 0 = depFM: Depth [fresh water, m]
# name 1 = tv290C: Temperature [ITS-90, deg C]
# name 2 = sbeox0Mg/L: Oxygen, SBE 43 [mg/l]
# name 3 = sbeox0PS: Oxygen, SBE 43 [% saturation]
# name 4 = c0uS/cm: Conductivity [uS/cm]
# name 5 = specc: Specific Conductance [uS/cm]
# name 6 = ph: pH
# name 7 = orp: Oxidation Reduction Potential [mV]
# name 8 = flECO-AFL: Fluorescence, WET Labs ECO-AFL/FL [mg/m^3]
# name 9 = turbWETntu0: Turbidity, WET Labs ECO [NTU]
# name 10 = sal00: Salinity, Practical [PSU]
# name 11 = dz/dtM: Descent Rate [m/s]
# name 12 = prdM: Pressure, Strain Gauge [db]
# name 13 = prdE: Pressure, Strain Gauge [psi]
# name 14 = scan: Scan Count
# name 15 = par/sat/log: PAR/Logarithmic, Satlantic
# name 16 = flag:  0.000e+00
# span 0 =     -0.555,      3.695       
# span 1 =    15.5272,    26.6511       
# span 2 =     0.0732,     8.9252       
# span 3 =      0.826,    109.548       
# span 4 =  -0.020674, 263.373228       
# span 5 =      0.571,    324.229       
# span 6 =      6.220,      8.886       
# span 7 = -1240.7455,  1240.2295       
# span 8 =    -0.5256,   258.1299       
# span 9 =    -1.1911,    75.2273       
# span 10 =     0.0117,     0.1549      
# span 11 =     -0.082,      0.368      
# span 12 =     -0.544,      3.623      
# span 13 =     -0.789,      5.255      
# span 14 =          1,        275      
# span 15 = 1.5577e+01, 2.6492e+03      
# span 16 = 0.0000e+00, 0.0000e+00      
# interval = seconds: 0.25
# start_time = Aug 13 2018 18:14:59 [Instrument's time stamp, header]
# bad_flag = -9.990e-29
*END*
[from data line 86]
     -0.554    24.5091     8.4109    100.875   0.621564      0.627      8.016   191.1672    -0.1496    -0.1169     0.0117     -0.000     -0.543     -0.788         87 2.4742e+03 0.0000e+00
     -0.554    24.5093     8.4139    100.912   0.617475      0.627      8.886   384.1634    -0.2021    -0.2780     0.0117     -0.000     -0.543     -0.788         88 2.4759e+03 0.0000e+00
     -0.554    24.5095     8.4091    100.855   0.628806      0.627      7.360 -1240.7455    -0.1779    -0.3989     0.0117     -0.000     -0.543     -0.788         89 2.4922e+03 0.0000e+00
     -0.554    24.5096     8.4098    100.862   0.666675      0.684      7.042 -1240.7455    -0.1698    -0.2512     0.0117      0.000     -0.543     -0.788         90 2.5015e+03 0.0000e+00
     -0.553    24.5098     8.4099    100.863   0.629561      0.627      6.799 -1134.1395    -0.1617    -0.3720     0.0117      0.000     -0.543     -0.788         91 2.5009e+03 0.0000e+00
     -0.554    24.5098     8.4095    100.858   0.615782      0.627      6.368 -1240.7455    -0.1577    -0.1840     0.0117      0.000     -0.543     -0.788         92 2.5020e+03 0.0000e+00
     -0.555    24.5099     8.4093    100.856   0.624610      0.627      6.744 -1240.7455    -0.1860     0.0040     0.0117      0.000     -0.543     -0.788         93 2.5071e+03 0.0000e+00
     -0.554    24.5099     8.4071    100.830   0.618574      0.627      6.784 -1214.8133    -0.1819    -0.0095     0.0117      0.000     -0.543     -0.788         94 2.5074e+03 0.0000e+00
     -0.554    24.5099     8.4106    100.872   0.623294      0.627      7.244  -474.3255    -0.1900    -0.0363     0.0117     -0.000     -0.543     -0.788         95 2.5155e+03 0.0000e+00
     -0.553    24.5099     8.4141    100.914   0.618736      0.627      7.356  -602.5101    -0.1860    -0.0900     0.0117      0.000     -0.543     -0.788         96 2.5197e+03 0.0000e+00
     -0.554    24.5099     8.4134    100.907   0.624246      0.627      7.511 -1240.7455    -0.1617    -0.2243     0.0117      0.000     -0.543     -0.788         97 2.5174e+03 0.0000e+00
     -0.554    24.5098     8.4132    100.906   0.675649      0.684      8.091 -1240.7455    -0.1617    -0.1974     0.0117     -0.000     -0.543     -0.788         98 2.5120e+03 0.0000e+00
     -0.554    24.5099     8.4138    100.913   0.673192      0.684      8.436 -1240.7455    -0.1577    -0.2377     0.0117     -0.000     -0.543     -0.788         99 2.5293e+03 0.0000e+00
     -0.554    24.5098     8.4155    100.935   0.627304      0.627      7.853 -1127.6281    -0.2021    -0.2109     0.0117      0.000     -0.543     -0.788        100 2.5103e+03 0.0000e+00
     -0.554    24.5095     8.4139    100.916   0.673541      0.684      6.868 -1240.7455    -0.1779    -0.3049     0.0117      0.000     -0.543     -0.788        101 2.5297e+03 0.0000e+00
     -0.554    24.5094     8.4107    100.877   0.674863      0.684      6.949 -1240.7455    -0.1617    -0.2243     0.0117     -0.000     -0.543     -0.788        102 2.4878e+03 0.0000e+00
     -0.554    24.5094     8.4105    100.875   0.684873      0.684      6.827 -1240.7455    -0.1860    -0.1974     0.0117     -0.000     -0.543     -0.788        103 2.5689e+03 0.0000e+00
     -0.554    24.5097     8.4091    100.864   0.661085      0.684      7.040 -1240.7455    -0.1698    -0.2646     0.0117     -0.000     -0.543     -0.788        104 2.4468e+03 0.0000e+00
     -0.554    24.5100     8.4077    100.850   0.586041      0.571      6.677 -1240.7455    -0.1658    -0.3317     0.0117     -0.000     -0.543     -0.788        105 2.6492e+03 0.0000e+00
     -0.554    24.5102     8.4059    100.829   0.659839      0.684      6.484 -1240.7455    -0.1941    -0.2646     0.0117     -0.000     -0.543     -0.788        106 2.3113e+03 0.0000e+00
     -0.554    24.5105     8.4074    100.846   0.687671      0.684      8.109 -1159.3524    -0.1819    -0.3452     0.0117     -0.000     -0.543     -0.788        107 5.5998e+02 0.0000e+00
     -0.554    24.5112     8.4118    100.895   0.610617      0.627      8.500 -1240.7455    -0.1900    -0.2646     0.0117      0.000     -0.543     -0.788        108 7.9896e+01 0.0000e+00
     -0.554    24.5117     8.4094    100.866   0.637305      0.627      8.498 -1240.7455    -0.1860    -0.2243     0.0117      0.000     -0.543     -0.788        109 2.3309e+02 0.0000e+00
     -0.554    24.5119     8.3707    100.895   0.654457      0.684      8.334 -1240.7455    -0.1779    -0.2243     0.0117      0.000     -0.543     -0.788        110 1.1458e+02 0.0000e+00
     -0.554    24.5120     8.2705    100.904   0.648484      0.627      8.118 -1240.7455    -0.1738    -0.2512     0.0117     -0.000     -0.543     -0.788        111 2.4607e+02 0.0000e+00
     -0.554    24.5117     8.1864    100.907   0.644739      0.683      7.907 -1240.7455    -0.1779    -0.2243     0.0117      0.000     -0.543     -0.788        112 1.8962e+02 0.0000e+00
     -0.554    24.5124     8.1468    101.111   0.659118      0.627      7.713 -1240.7455    -0.1617    -0.2512     0.0117     -0.000     -0.543     -0.788        113 3.1517e+02 0.0000e+00
     -0.555    24.5151     8.1646    101.637   0.630588      0.684      7.559 -1240.7455    -0.1536    -0.7346     0.0117     -0.000     -0.544     -0.789        114 1.8013e+02 0.0000e+00
     -0.555    24.5171     8.2177    102.384   0.798669      0.740      7.414 -1240.7455    -0.1819    -0.8957     0.0117     -0.000     -0.544     -0.789        115 3.8973e+02 0.0000e+00
     -0.554    24.5170     8.2828    103.182   0.627583      0.740      7.269 -1240.7455    -0.1658    -0.6943     0.0117     -0.000     -0.543     -0.788        116 4.0714e+01 0.0000e+00
     -0.554    24.5160     8.3516    103.990   0.843502      0.683      7.152 -1240.7455    -0.1658    -0.6943     0.0117     -0.000     -0.543     -0.788        117 6.3914e+02 0.0000e+00
     -0.554    24.5145     8.4135    104.693   0.411537      0.683      7.066 -1240.7455    -0.1698    -0.7211     0.0117      0.000     -0.543     -0.788        118 1.9584e+03 0.0000e+00
     -0.554    24.5135     8.4660    105.274   1.105943      0.683      7.016 -1240.7455    -0.1213    -0.4794     0.0117      0.000     -0.542     -0.786        119 7.4703e+02 0.0000e+00
     -0.554    24.7908     8.5041    105.676  -0.020674      0.683      7.002 -1240.7455    -0.1091    -0.4526     0.0117      0.000     -0.527     -0.765        120 7.4725e+01 0.0000e+00
     -0.511    25.4231     8.5261    105.877  11.112027      9.531      6.736 -1240.7455    -0.1334    -0.4794     0.0138      0.011     -0.466     -0.676        121 6.9597e+02 0.0000e+00
     -0.351    26.0000     8.5304    105.872  34.153507     36.273      7.349   245.9845    -0.1213    -0.3989     0.0241      0.062     -0.345     -0.500        122 2.0180e+03 0.0000e+00
     -0.199    26.3673     8.5206    105.699  38.488603     36.990      7.789   234.7409   258.0773    35.5343     0.0246      0.138     -0.207     -0.300        123 1.2185e+03 0.0000e+00
     -0.083    26.5436     8.4230    104.450  36.809968     36.802      7.980   232.9616   258.1218    35.5612     0.0247      0.222     -0.095     -0.138        124 6.6423e+02 0.0000e+00
     -0.008    26.5863     8.2665    102.500  37.873539     36.422      8.030   233.7187   258.1097    35.5074     0.0246      0.295     -0.015     -0.022        125 1.7523e+03 0.0000e+00
      0.048    26.5823     8.0720    100.094  37.046179     36.195      8.009   231.7880   258.1299    35.5343     0.0245      0.347      0.039      0.057        126 9.0798e+02 0.0000e+00
      0.081    26.5540     7.9175     98.166  37.483584     36.162      7.948   229.8951     2.0340    25.3156     0.0245      0.368      0.074      0.108        127 1.0050e+03 0.0000e+00
      0.098    26.5201     7.7872     96.537  37.151202     36.114      7.896   227.3966     1.9895    25.4499     0.0245      0.352      0.097      0.141        128 1.3870e+03 0.0000e+00
      0.121    26.4816     7.6946     95.391  37.222542     36.024      7.847   228.7973     2.0057    25.4096     0.0245      0.299      0.116      0.167        129 7.4192e+02 0.0000e+00
      0.134    26.4438     7.6373     94.744  37.098214     36.048      7.801   226.7530     2.0016    25.3828     0.0245      0.219      0.129      0.187        130 4.4134e+02 0.0000e+00
      0.140    26.4064     7.6568     95.079  37.098321     35.993      7.763   225.9958     2.2159    75.2273     0.0244      0.151      0.138      0.201        131 1.0387e+03 0.0000e+00
      0.151    26.3756     7.6981     95.683  37.074128     36.047      7.722   226.8287     2.1957    75.2273     0.0245      0.104      0.148      0.215        132 9.0808e+02 0.0000e+00
      0.160    26.3488     7.7286     96.136  37.069023     36.046      7.702   225.9201     2.2200    75.0930     0.0244      0.074      0.161      0.234        133 7.7249e+02 0.0000e+00
      0.184    26.3288     7.7341     96.249  36.956396     35.959      7.679   226.9801     2.1998    75.1736     0.0244      0.059      0.180      0.262        134 1.1150e+03 0.0000e+00
      0.207    26.3237     7.6900     95.716  37.006689     36.032      7.652   234.3623     2.2645     1.8705     0.0244      0.056      0.199      0.289        135 7.7546e+02 0.0000e+00
      0.217    26.3259     7.6025     94.651  37.006447     36.046      7.630   244.3566     2.2685     1.7899     0.0244      0.056      0.210      0.305        136 1.0898e+03 0.0000e+00
      0.221    26.3209     7.4936     93.328  37.016026     36.050      7.595   230.5387     2.2806     1.9107     0.0244      0.053      0.212      0.307        137 7.6990e+02 0.0000e+00
      0.213    26.3115     7.3999     92.191  37.083752     36.129      7.565   233.1509     2.2685     1.8570     0.0245      0.048      0.200      0.290        138 1.4662e+03 0.0000e+00
      0.177    26.3142     7.3208     91.223  37.011144     36.052      7.567   226.4880     2.1917     1.7496     0.0244      0.032      0.174      0.252        139 2.5417e+03 0.0000e+00
      0.142    26.3497     7.2593     90.475  37.076726     36.112      7.570   225.9958     2.1715     1.6959     0.0244      0.006      0.145      0.210        140 1.5668e+03 0.0000e+00
      0.126    26.4043     7.2154     89.951  37.298737     36.357      7.570   226.3744     2.1998     1.6556     0.0245     -0.021      0.122      0.176        141 1.2279e+03 0.0000e+00
      0.101    26.4566     7.1688     89.390  37.446692     36.440      7.555   224.6330     2.1876     1.6422     0.0246     -0.050      0.100      0.145        142 1.4763e+03 0.0000e+00
      0.078    26.5000     7.1270     88.882  37.901034     36.863      7.564   224.9358     2.1998     1.7765     0.0248     -0.073      0.083      0.120        143 1.7175e+03 0.0000e+00
      0.078    26.5247     7.1017     88.574  38.275649     37.206      7.578   224.8601     2.3373     1.3333     0.0249     -0.082      0.078      0.113        144 1.6898e+03 0.0000e+00
      0.082    26.5353     7.1077     88.649  38.107580     36.984      7.586   224.7844     2.3413     1.3333     0.0249     -0.079      0.079      0.116        145 1.5746e+03 0.0000e+00
      0.083    26.5484     7.1505     89.186  37.961865     36.831      7.592   224.5573     2.3251     1.1856     0.0248     -0.064      0.080      0.116        146 1.6148e+03 0.0000e+00
      0.080    26.5683     7.2171     90.019  38.041718     36.905      7.598   224.8601     2.3332     1.2259     0.0248     -0.044      0.077      0.112        147 1.5415e+03 0.0000e+00
      0.073    26.5858     7.3022     91.079  38.215825     37.058      7.602   225.0116     2.2766     1.2931     0.0249     -0.029      0.071      0.103        148 1.5719e+03 0.0000e+00
      0.064    26.5966     7.3688     91.905  38.486719     37.315      7.606   224.6330     2.2564     1.2259     0.0250     -0.021      0.065      0.093        149 1.7693e+03 0.0000e+00
      0.060    26.6084     7.4057     92.358  38.624096     37.438      7.603   224.6330     2.2604     1.2125     0.0251     -0.014      0.060      0.087        150 1.8278e+03 0.0000e+00
      0.058    26.6223     7.3967     92.242  38.578765     37.376      7.605   225.5416     2.2604     1.2125     0.0250     -0.011      0.058      0.084        151 1.6465e+03 0.0000e+00
      0.058    26.6345     7.3376     91.504  38.424479     37.232      7.607   225.2387     2.2968     1.4945     0.0250     -0.014      0.058      0.085        152 1.6852e+03 0.0000e+00
      0.062    26.6434     7.2457     90.352  38.222862     37.005      7.614   224.8980     2.3251     1.4945     0.0249     -0.014      0.063      0.091        153 1.5688e+03 0.0000e+00
      0.073    26.6472     7.1885     89.628  38.177110     36.969      7.621   224.3680     2.3453     1.5348     0.0249     -0.009      0.072      0.105        154 1.4276e+03 0.0000e+00
      0.088    26.6482     7.1966     89.724  38.155132     36.936      7.633   224.8223     2.3373     1.5348     0.0249      0.001      0.083      0.121        155 1.9025e+03 0.0000e+00
      0.095    26.6496     7.2504     90.395  38.042580     36.825      7.633   225.3523     2.3898     1.2662     0.0248      0.012      0.091      0.132        156 1.7282e+03 0.0000e+00
      0.096    26.6511     7.3176     91.229  38.050227     36.824      7.639   225.2387     2.3939     1.2931     0.0248      0.020      0.093      0.135        157 1.4820e+03 0.0000e+00
      0.095    26.6506     7.3811     92.015  38.026970     36.823      7.643   225.4280     2.4060     1.3199     0.0248      0.023      0.093      0.135        158 2.2911e+03 0.0000e+00
      0.096    26.6477     7.4253     92.547  37.982538     36.741      7.644   225.3523     2.4262     1.1588     0.0248      0.023      0.095      0.138        159 2.2934e+03 0.0000e+00
      0.101    26.6430     7.4311     92.565  38.046198     36.850      7.650   224.6708     2.3130     1.3333     0.0248      0.021      0.102      0.147        160 1.5723e+03 0.0000e+00
      0.115    26.6406     7.4237     92.432  37.977409     36.744      7.659   224.4437     2.3251     1.4408     0.0248      0.020      0.115      0.167        161 1.7560e+03 0.0000e+00
      0.135    26.6405     7.3841     91.911  37.949503     36.747      7.664   223.8758     2.3211     1.5079     0.0248      0.022      0.137      0.198        162 1.8574e+03 0.0000e+00
      0.169    26.6365     7.3062     90.909  37.962284     36.749      7.662   223.8380     2.3656     1.5616     0.0248      0.032      0.168      0.243        163 1.2409e+03 0.0000e+00
      0.208    26.6299     7.2321     89.940  37.902182     36.695      7.655   253.5938     2.3736     1.4676     0.0248      0.050      0.204      0.296        164 1.3344e+03 0.0000e+00
      0.246    26.6275     7.1913     89.362  37.905656     36.697      7.663   226.4880     2.3251     1.2528     0.0248      0.073      0.241      0.350        165 1.3446e+03 0.0000e+00
      0.284    26.6274     7.1670     88.996  37.839321     36.648      7.675   226.3744     2.3211     1.1856     0.0247      0.096      0.279      0.405        166 1.1151e+03 0.0000e+00
      0.323    26.6246     7.1489     88.695  37.806773     36.596      7.683   225.5037     2.3373     1.1856     0.0247      0.117      0.320      0.464        167 8.4660e+02 0.0000e+00
      0.372    26.6216     7.1333     88.410  37.886841     36.704      7.698   227.3966     2.3211     1.2796     0.0248      0.136      0.367      0.532        168 8.8738e+02 0.0000e+00
      0.427    26.6085     7.1252     88.238  37.858322     36.652      7.710   227.7751     2.4505     1.2662     0.0247      0.153      0.422      0.612        169 1.1197e+03 0.0000e+00
      0.494    26.5783     7.1091     87.978  37.842265     36.654      7.720   228.2294     2.4424     1.2662     0.0247      0.171      0.482      0.699        170 8.5258e+02 0.0000e+00
