Data/DataNotYetUploadedToEDI/Raw_CTD/2018_RawDownloads/081318_fcr20.cnv
* Sea-Bird SBE19plus  Data File:
* FileName = C:\DATA\081318_fcr_0006.hex
* Software version 2.6.3.104
* Temperature SN = 7809
* Conductivity SN = 7809
* System UpLoad Time = Aug 13 2018 19:26:38
* <ApplicationData>
* <Seaterm232>
# nquan = 17
# nvalues = 275                         
# units = specified
# name 0 = depFM: Depth [fresh water, m]
# name 1 = tv290C: Temperature [ITS-90, deg C]
# name 2 = sbeox0Mg/L: Oxygen, SBE 43 [mg/l]
# name 3 = sbeox0PS: Oxygen, SBE 43 [% saturation]
# name 4 = c0uS/cm: Conductivity [uS/cm]
# name 5 = specc: Specific Conductance [uS/cm]
# name 6 = ph: pH
# name 7 = orp: Oxidation Reduction Potential [mV]
# name 8 = flECO-AFL: Fluorescence, WET Labs ECO-AFL/FL [mg/m^3]
# name 9 = turbWETntu0: Turbidity, WET Labs ECO [NTU]
# name 10 = sal00: Salinity, Practical [PSU]
# name 11 = dz/dtM: Descent Rate [m/s]
# name 12 = prdM: Pressure, Strain Gauge [db]
# name 13 = prdE: Pressure, Strain Gauge [psi]
# name 14 = scan: Scan Count
# name 15 = par/sat/log: PAR/Logarithmic, Satlantic
# name 16 = flag:  0.000e+00
# span 0 =     -0.555,      3.695       
# span 1 =    15.5272,    26.6511       
# span 2 =     0.0732,     8.9252       
# span 3 =      0.826,    109.548       
# span 4 =  -0.020674, 263.373228       
# span 5 =      0.571,    324.229       
# span 6 =      6.220,      8.886       
# span 7 = -1240.7455,  1240.2295       
# span 8 =    -0.5256,   258.1299       
# span 9 =    -1.1911,    75.2273       
# span 10 =     0.0117,     0.1549      
# span 11 =     -0.082,      0.368      
# span 12 =     -0.544,      3.623      
# span 13 =     -0.789,      5.255      
# span 14 =          1,        275      
# span 15 = 1.5577e+01, 2.6492e+03      
# span 16 = 0.0000e+00, 0.0000e+00      
# interval = seconds: 0.25
# start_time = Aug 13 2018 18:14:59 [Instrument's time stamp, header]
# bad_flag = -9.990e-29
*END*
     -0.552    24.4969     8.4228    100.961   0.567137      0.571      6.361   630.3492     0.0283     0.6082     0.0117      0.000     -0.542     -0.786          1 2.8840e+02 0.0000e+00
     -0.552    24.4966     8.4173    100.894   0.621531      0.627      6.359   638.2992     0.0162     0.6082     0.0117      0.000     -0.542     -0.786          2 2.9450e+02 0.0000e+00
     -0.553    24.4964     8.4217    100.949   0.614918      0.627      6.359   644.1670     0.0122     0.5679     0.0117     -0.000     -0.542     -0.786          3 3.2402e+02 0.0000e+00
     -0.553    24.4959     8.4203    100.937   0.575367      0.571      6.359   650.1106    -0.4286     1.0648     0.0117     -0.000     -0.542     -0.786          4 3.3637e+02 0.0000e+00
     -0.553    24.4941     8.4193    100.928   0.611538      0.627      6.357   655.7892    -0.4367     1.0245     0.0117     -0.000     -0.542     -0.786          5 3.3637e+02 0.0000e+00
     -0.553    24.4915     8.4181    100.920   0.629117      0.627      6.360   662.1492    -0.4569     0.9842     0.0117     -0.000     -0.542     -0.786          6 3.3222e+02 0.0000e+00
     -0.553    24.4891     8.4175    100.914   0.612703      0.627      6.359   666.4271    -0.4448     0.9842     0.0117     -0.000     -0.542     -0.787          7 3.3512e+02 0.0000e+00
     -0.553    24.4867     8.4175    100.917   0.572752      0.571      6.360   669.9857    -0.4286     0.9036     0.0117     -0.000     -0.542     -0.787          8 3.2899e+02 0.0000e+00
     -0.553    24.4839     8.4159    100.899   0.560410      0.571      6.362   672.9764    -0.5014    -1.1508     0.0117     -0.000     -0.542     -0.787          9 3.3818e+02 0.0000e+00
     -0.553    24.4812     8.4146    100.886   0.568850      0.571      6.361   676.0807    -0.5256    -1.1911     0.0117     -0.000     -0.542     -0.787         10 3.1498e+02 0.0000e+00
     -0.553    24.4795     8.4176    100.923   0.621461      0.628      6.362   678.5793    -0.4973    -1.1240     0.0117     -0.000     -0.542     -0.787         11 3.4757e+02 0.0000e+00
     -0.553    24.4789     8.4193    100.946   0.613362      0.628      6.361   681.3807    -0.5054    -1.1105     0.0117     -0.000     -0.543     -0.787         12 2.9008e+02 0.0000e+00
     -0.553    24.4799     8.4162    100.912   0.578929      0.571      6.360   682.5543    -0.1253    -0.4660     0.0117     -0.000     -0.543     -0.787         13 3.6566e+02 0.0000e+00
     -0.553    24.4822     8.4150    100.903   0.605098      0.628      6.356   679.5257    -0.1011    -0.4929     0.0117     -0.000     -0.543     -0.787         14 1.9212e+02 0.0000e+00
     -0.553    24.4846     8.4148    100.908   0.580794      0.571      6.350   675.4750    -0.1091    -0.4660     0.0117     -0.000     -0.543     -0.787         15 3.9620e+02 0.0000e+00
     -0.554    24.4869     8.4171    100.941   0.609175      0.628      6.349   673.0900    -0.0808    -0.4929     0.0117     -0.000     -0.543     -0.787         16 1.1522e+03 0.0000e+00
     -0.553    24.4886     8.4149    100.916   0.628991      0.628      6.352   674.4907    -0.1779    -0.2780     0.0117     -0.000     -0.543     -0.787         17 1.4514e+03 0.0000e+00
     -0.554    24.4895     8.4172    100.943   0.615346      0.627      6.356   678.2386    -0.1658    -0.3317     0.0117     -0.000     -0.543     -0.788         18 1.8013e+03 0.0000e+00
     -0.554    24.4904     8.4161    100.930   0.626157      0.627      6.362   683.9929    -0.1819    -0.1974     0.0117     -0.000     -0.543     -0.788         19 1.0153e+03 0.0000e+00
     -0.554    24.4914     8.4185    100.961   0.615537      0.627      6.360   687.4757    -0.1617    -0.1706     0.0117     -0.000     -0.543     -0.788         20 2.4777e+02 0.0000e+00
     -0.554    24.4924     8.4170    100.943   0.628561      0.627      6.358   689.2929     0.0000     1.6959     0.0117     -0.000     -0.543     -0.788         21 3.6699e+02 0.0000e+00
     -0.554    24.4937     8.4196    100.973   0.609948      0.627      6.359   693.2300     0.0162     1.7093     0.0117     -0.000     -0.543     -0.788         22 2.3736e+02 0.0000e+00
     -0.553    24.4950     8.4159    100.928   0.579488      0.571      6.358   697.8865     0.0364     1.7093     0.0117     -0.000     -0.543     -0.788         23 2.1893e+02 0.0000e+00
     -0.554    24.4980     8.4139    100.901   0.607256      0.627      6.362   705.2687     0.0203     1.6690     0.0117      0.000     -0.543     -0.788         24 2.2815e+02 0.0000e+00
     -0.553    24.5024     8.4146    100.905   0.575392      0.571      6.366   720.0708    -0.0040     1.6019     0.0117     -0.000     -0.543     -0.787         25 2.3652e+02 0.0000e+00
     -0.553    24.5050     8.4141    100.896   0.559929      0.571      6.370   715.5280    -0.3558     0.0443     0.0117      0.000     -0.543     -0.787         26 2.4324e+02 0.0000e+00
     -0.554    24.5058     8.4157    100.913   0.626499      0.627      6.371   717.1558    -0.3679    -0.0229     0.0117      0.000     -0.543     -0.787         27 2.5384e+02 0.0000e+00
     -0.553    24.5058     8.4116    100.862   0.670185      0.684      6.374   720.2980    -0.3599    -0.0766     0.0117      0.000     -0.543     -0.787         28 2.6672e+02 0.0000e+00
     -0.553    24.5059     8.4148    100.901   0.623989      0.627      6.376   718.0644    -0.3841    -0.1034     0.0117      0.000     -0.543     -0.787         29 2.7433e+02 0.0000e+00
     -0.554    24.5062     8.4140    100.890   0.565566      0.571      6.377   719.4273    -0.1779    -0.3989     0.0117      0.000     -0.543     -0.787         30 2.6828e+02 0.0000e+00
     -0.553    24.5064     8.4144    100.896   0.624467      0.627      6.378   720.4116    -0.1294    -0.2512     0.0117 -1.684e-15     -0.543     -0.787         31 2.5601e+02 0.0000e+00
     -0.553    24.5065     8.4151    100.906   0.669112      0.684      6.376   721.8501    -0.1577    -0.4526     0.0117      0.000     -0.543     -0.787         32 2.4085e+02 0.0000e+00
     -0.553    24.5059     8.4132    100.884   0.628430      0.627      6.374   723.5537    -0.1779    -0.5734     0.0117      0.000     -0.542     -0.787         33 2.1777e+02 0.0000e+00
     -0.553    24.5044     8.4130    100.882   0.615882      0.627      6.376   723.6294    -0.1738    -0.0229     0.0117      0.000     -0.542     -0.787         34 2.2514e+02 0.0000e+00
     -0.554    24.5023     8.4143    100.899   0.625516      0.627      6.378   724.1973    -0.1617    -0.0497     0.0117      0.000     -0.543     -0.787         35 1.8106e+02 0.0000e+00
     -0.553    24.5004     8.4141    100.898   0.616441      0.627      6.376   726.9609    -0.1779    -0.0363     0.0117      0.000     -0.543     -0.787         36 1.8933e+02 0.0000e+00
     -0.554    24.4991     8.4122    100.875   0.627175      0.627      6.374   726.1659    -0.1779    -0.1169     0.0117     -0.000     -0.543     -0.788         37 1.7832e+02 0.0000e+00
     -0.554    24.4985     8.4103    100.854   0.612158      0.627      6.373   727.3394    -0.0485     0.1785     0.0117     -0.000     -0.543     -0.788         38 9.2966e+02 0.0000e+00
     -0.553    24.4981     8.4153    100.915   0.635129      0.627      6.373   728.8159    -0.0283     0.1517     0.0117     -0.000     -0.543     -0.787         39 2.2212e+03 0.0000e+00
     -0.553    24.4982     8.4123    100.880   0.657800      0.684      6.372   729.6866    -0.0606     0.1517     0.0117     -0.000     -0.543     -0.787         40 2.4387e+03 0.0000e+00
     -0.554    24.4986     8.4125    100.882   0.643158      0.627      6.372   729.2702    -0.0404     0.1785     0.0117     -0.000     -0.543     -0.787         41 2.3700e+03 0.0000e+00
     -0.553    24.4991     8.4123    100.880   0.653352      0.684      6.377   726.7337    -0.3073    -0.7480     0.0117     -0.000     -0.543     -0.787         42 2.4449e+03 0.0000e+00
     -0.554    24.4994     8.4135    100.895   0.645114      0.627      6.385   728.3616    -0.3113    -0.6674     0.0117      0.000     -0.543     -0.788         43 2.4222e+03 0.0000e+00
     -0.554    24.4997     8.4101    100.854   0.712621      0.740      6.381   739.0752    -0.2992    -0.6809     0.0117     -0.000     -0.543     -0.788         44 2.4493e+03 0.0000e+00
     -0.554    24.5003     8.4170    100.937   0.687765      0.684      6.384   874.9827    -0.3073    -0.7748     0.0117     -0.000     -0.543     -0.788         45 2.4370e+03 0.0000e+00
     -0.554    24.5010     8.4128    100.885   0.616835      0.627      6.498  1214.6758    -0.2911    -0.7077     0.0117     -0.000     -0.543     -0.788         46 2.4578e+03 0.0000e+00
     -0.554    24.5016     8.4146    100.906   0.623254      0.627      6.462  1207.6344    -0.1496    -0.2377     0.0117     -0.000     -0.543     -0.788         47 2.4561e+03 0.0000e+00
     -0.554    24.5023     8.4126    100.882   0.620563      0.627      6.524  1240.2295    -0.1941    -0.2512     0.0117     -0.000     -0.543     -0.788         48 2.4533e+03 0.0000e+00
     -0.553    24.5028     8.4136    100.895   0.620184      0.627      6.498  1240.2295    -0.1900    -0.1974     0.0117     -0.000     -0.543     -0.788         49 2.4490e+03 0.0000e+00
     -0.554    24.5032     8.4150    100.910   0.623727      0.627      6.520  1240.2295    -0.1617    -0.2646     0.0117     -0.000     -0.543     -0.788         50 2.4586e+03 0.0000e+00
     -0.554    24.5031     8.4125    100.881   0.616154      0.627      6.409  1206.5365    -0.2021    -0.1572     0.0117     -0.000     -0.543     -0.788         51 2.4645e+03 0.0000e+00
     -0.553    24.5032     8.4110    100.863   0.629608      0.627      6.247   888.8385    -0.1779    -0.2646     0.0117      0.000     -0.543     -0.787         52 2.4609e+03 0.0000e+00
     -0.553    24.5036     8.4134    100.891   0.666195      0.684      6.383  1210.2465    -0.1738    -0.2512     0.0117      0.000     -0.543     -0.787         53 2.4620e+03 0.0000e+00
     -0.554    24.5038     8.4145    100.905   0.629834      0.627      6.398  1240.2295    -0.1577    -0.3452     0.0117      0.000     -0.543     -0.787         54 2.4649e+03 0.0000e+00
     -0.553    24.5036     8.4163    100.926   0.615647      0.627      6.498  1240.2295    -0.1860    -0.1706     0.0117      0.000     -0.543     -0.787         55 2.4619e+03 0.0000e+00
     -0.553    24.5030     8.4156    100.919   0.683852      0.684      6.490  1240.2295    -0.1900    -0.2243     0.0117      0.000     -0.543     -0.787         56 2.4675e+03 0.0000e+00
     -0.554    24.5025     8.4157    100.921   0.663380      0.684      6.389  1215.4330    -0.1577    -0.2512     0.0117      0.000     -0.543     -0.788         57 2.4636e+03 0.0000e+00
     -0.554    24.5026     8.4140    100.900   0.641123      0.627      6.371  1115.6413    -0.1819    -0.3452     0.0117     -0.000     -0.543     -0.788         58 2.4446e+03 0.0000e+00
     -0.554    24.5025     8.4119    100.875   0.652337      0.684      6.370  1069.3797    -0.1860    -0.2646     0.0117     -0.000     -0.543     -0.788         59 2.4328e+03 0.0000e+00
     -0.554    24.5022     8.4096    100.847   0.590212      0.571      6.262   658.4014    -0.1860    -0.2512     0.0117     -0.000     -0.543     -0.788         60 2.4398e+03 0.0000e+00
     -0.554    24.5023     8.4078    100.826   0.659223      0.684      6.308   573.2226    -0.1779    -0.3049     0.0117     -0.000     -0.543     -0.788         61 2.4539e+03 0.0000e+00
     -0.554    24.5021     8.4120    100.876   0.684879      0.684      6.361   814.1083    -0.1617    -0.3452     0.0117     -0.000     -0.543     -0.788         62 2.4627e+03 0.0000e+00
     -0.554    24.5022     8.4096    100.848   0.617498      0.627      6.375   762.0545    -0.1698    -0.3586     0.0117     -0.000     -0.543     -0.788         63 2.4679e+03 0.0000e+00
     -0.554    24.5025     8.4097    100.851   0.624653      0.627      6.363   889.1413    -0.2062    -0.2109     0.0117     -0.000     -0.543     -0.788         64 2.4800e+03 0.0000e+00
     -0.554    24.5027     8.4119    100.877   0.616762      0.627      6.426   712.8401    -0.2183    -0.2512     0.0117     -0.000     -0.543     -0.788         65 2.4884e+03 0.0000e+00
     -0.554    24.5028     8.4111    100.867   0.568106      0.571      6.343   680.0936    -0.2224    -0.2914     0.0117      0.000     -0.543     -0.788         66 2.4855e+03 0.0000e+00
     -0.554    24.5030     8.4132    100.893   0.566780      0.571      6.415   679.4121    -0.2466    -0.2914     0.0117      0.000     -0.543     -0.788         67 2.4799e+03 0.0000e+00
     -0.553    24.5031     8.4137    100.900   0.618412      0.627      6.318   703.2622    -0.1617    -0.2243     0.0117      0.000     -0.543     -0.787         68 2.4741e+03 0.0000e+00
     -0.553    24.5029     8.4145    100.910   0.622275      0.627      6.368   707.8051    -0.1819    -0.2780     0.0117      0.000     -0.543     -0.787         69 2.4779e+03 0.0000e+00
     -0.553    24.5028     8.4120    100.881   0.621185      0.627      6.395   881.3806    -0.2021    -0.2646     0.0117      0.000     -0.543     -0.787         70 2.4792e+03 0.0000e+00
     -0.554    24.5030     8.4105    100.864   0.619769      0.627      6.360   714.5058    -0.1860    -0.2243     0.0117      0.000     -0.543     -0.788         71 2.4749e+03 0.0000e+00
     -0.554    24.5033     8.4106    100.866   0.624037      0.627      6.374   795.4825    -0.1496    -0.1974     0.0117      0.000     -0.543     -0.788         72 2.4690e+03 0.0000e+00
     -0.554    24.5034     8.4132    100.899   0.615873      0.627      6.565  1169.7771    -0.1536    -0.3317     0.0117     -0.000     -0.543     -0.788         73 2.4654e+03 0.0000e+00
     -0.554    24.5039     8.4151    100.922   0.629930      0.627      6.315   834.8919    -0.1819    -0.2780     0.0117     -0.000     -0.543     -0.788         74 2.4634e+03 0.0000e+00
     -0.553    24.5041     8.4134    100.902   0.665757      0.684      6.690  1240.2295    -0.1981    -0.2243     0.0117     -0.000     -0.543     -0.788         75 2.4652e+03 0.0000e+00
     -0.555    24.5043     8.4120    100.886   0.630499      0.627      6.220   217.2508    -0.1860    -0.0229     0.0117     -0.000     -0.543     -0.788         76 2.4728e+03 0.0000e+00
     -0.554    24.5046     8.4162    100.937   0.614595      0.627      6.263    49.5432    -0.1900    -0.0900     0.0117     -0.000     -0.543     -0.788         77 2.4727e+03 0.0000e+00
     -0.554    24.5049     8.4113    100.879   0.626336      0.627      6.358   205.7422    -0.2062    -0.0363     0.0117     -0.000     -0.543     -0.788         78 2.4733e+03 0.0000e+00
     -0.554    24.5053     8.4145    100.919   0.615887      0.627      6.423   488.6116    -0.1738     0.0577     0.0117      0.000     -0.543     -0.788         79 2.4715e+03 0.0000e+00
     -0.554    24.5058     8.4108    100.874   0.627598      0.627      6.436   747.2902    -0.1698    -0.1706     0.0117      0.000     -0.543     -0.787         80 2.4681e+03 0.0000e+00
     -0.554    24.5062     8.4090    100.853   0.670974      0.684      6.643  1116.2470    -0.1779    -0.2646     0.0117      0.000     -0.543     -0.787         81 2.4724e+03 0.0000e+00
     -0.554    24.5067     8.4152    100.927   0.680331      0.684      6.444  1051.7382    -0.1819    -0.1706     0.0117      0.000     -0.543     -0.788         82 2.4775e+03 0.0000e+00
     -0.554    24.5074     8.4110    100.877   0.615953      0.627      6.449   526.2039    -0.1577    -0.1974     0.0117     -0.000     -0.543     -0.788         83 2.4771e+03 0.0000e+00
     -0.554    24.5078     8.4130    100.900   0.573454      0.571      6.734   774.8124    -0.1617    -0.3720     0.0117     -0.000     -0.543     -0.788         84 2.4699e+03 0.0000e+00
     -0.554    24.5082     8.4117    100.886   0.614796      0.627      7.874  1240.2295    -0.1617    -0.2914     0.0117     -0.000     -0.543     -0.788         85 2.4659e+03 0.0000e+00
