Data/DataNotYetUploadedToEDI/Raw_CTD/2018_RawDownloads/081318_fcr45.cnv
* Sea-Bird SBE19plus  Data File:
* FileName = C:\DATA\081318_fcr_0009.hex
* Software version 2.6.3.104
* Temperature SN = 7809
* Conductivity SN = 7809
* System UpLoad Time = Aug 13 2018 19:27:23
* <ApplicationData>
* <Seaterm232>
# nquan = 17
# nvalues = 438                         
# units = specified
# name 0 = depFM: Depth [fresh water, m]
# name 1 = tv290C: Temperature [ITS-90, deg C]
# name 2 = sbeox0Mg/L: Oxygen, SBE 43 [mg/l]
# name 3 = sbeox0PS: Oxygen, SBE 43 [% saturation]
# name 4 = c0uS/cm: Conductivity [uS/cm]
# name 5 = specc: Specific Conductance [uS/cm]
# name 6 = ph: pH
# name 7 = orp: Oxidation Reduction Potential [mV]
# name 8 = flECO-AFL: Fluorescence, WET Labs ECO-AFL/FL [mg/m^3]
# name 9 = turbWETntu0: Turbidity, WET Labs ECO [NTU]
# name 10 = sal00: Salinity, Practical [PSU]
# name 11 = dz/dtM: Descent Rate [m/s]
# name 12 = prdM: Pressure, Strain Gauge [db]
# name 13 = prdE: Pressure, Strain Gauge [psi]
# name 14 = scan: Scan Count
# name 15 = par/sat/log: PAR/Logarithmic, Satlantic
# name 16 = flag:  0.000e+00
# span 0 =     -0.585,      7.132       
# span 1 =    11.9694,    27.7917       
# span 2 =     0.0816,     9.6953       
# span 3 =      0.766,    122.946       
# span 4 =  -0.036342,  41.567535       
# span 5 =      0.676,     54.322       
# span 6 =      6.260,      8.257       
# span 7 =   173.7150,   278.7310       
# span 8 =    -0.2021,     8.3785       
# span 9 =    -0.2914,    21.5424       
# span 10 =     0.0119,     0.0279      
# span 11 =     -0.087,      0.336      
# span 12 =     -0.573,      6.994      
# span 13 =     -0.831,     10.143      
# span 14 =          1,        438      
# span 15 = 1.2283e-01, 6.0987e+02      
# span 16 = 0.0000e+00, 0.0000e+00      
# interval = seconds: 0.25
# start_time = Aug 13 2018 19:35:44 [Instrument's time stamp, header]
# bad_flag = -9.990e-29
*END*
[from data line 86]
      0.120    27.7044     6.4591     81.926  38.020359     36.048      7.958   223.4594     3.6919     0.9036     0.0248      0.004      0.117      0.169         87 2.8816e+02 0.0000e+00
      0.119    27.6943     6.4116     81.313  38.039874     36.079      7.958   223.8001     4.0032     0.8768     0.0248      0.003      0.117      0.169         88 2.8848e+02 0.0000e+00
      0.119    27.6844     6.3681     80.751  38.042207     36.086      7.956   223.7623     4.0235     0.9574     0.0248      0.002      0.116      0.168         89 2.8864e+02 0.0000e+00
      0.118    27.6773     6.3210     80.144  38.047122     36.093      7.960   223.9894     4.0032     0.9305     0.0248      0.003      0.114      0.165         90 2.8598e+02 0.0000e+00
      0.113    27.6777     6.2739     79.539  38.033765     36.100      7.956   224.4437     4.0356     0.9036     0.0248      0.002      0.106      0.154         91 2.9667e+02 0.0000e+00
      0.094    27.6583     6.2086     78.703  37.910529     35.973      7.951   224.5573     4.0113     0.8634     0.0247     -0.005      0.090      0.131         92 3.2199e+02 0.0000e+00
      0.067    27.6214     6.1559     78.025  37.844557     35.918      7.947   224.5573     4.0073     0.9574     0.0247     -0.018      0.069      0.101         93 3.2896e+02 0.0000e+00
      0.053    27.6060     6.1060     77.382  37.848920     35.931      7.948   224.7466     4.0073     0.8097     0.0247     -0.031      0.053      0.076         94 3.2430e+02 0.0000e+00
      0.040    27.6031     6.0635     76.833  37.845788     35.958      7.947   225.2008     4.0113     0.9439     0.0247     -0.042      0.041      0.060         95 3.3319e+02 0.0000e+00
      0.034    27.5957     6.0330     76.437  37.848470     35.968      7.948   225.9201     4.0032     0.9305     0.0247     -0.049      0.034      0.050         96 3.4158e+02 0.0000e+00
      0.030    27.5879     5.9955     75.953  37.845590     35.970      7.953   225.5794     3.4776     0.8097     0.0247     -0.052      0.032      0.047         97 3.3880e+02 0.0000e+00
      0.036    27.5806     5.9614     75.514  37.849375     35.975      7.959   225.8823     3.4857     0.8634     0.0247     -0.047      0.036      0.052         98 3.3123e+02 0.0000e+00
      0.044    27.5733     5.9402     75.237  37.843763     35.980      7.961   226.3366     3.4735     0.8499     0.0247     -0.035      0.042      0.062         99 3.2564e+02 0.0000e+00
      0.049    27.5665     5.9119     74.872  37.793254     35.932      7.961   227.0558     3.4776     0.9305     0.0247     -0.019      0.047      0.069        100 3.2117e+02 0.0000e+00
      0.052    27.5610     5.8823     74.493  37.793593     35.937      7.957   227.3587     3.6717     0.8902     0.0247     -0.004      0.050      0.072        101 3.1902e+02 0.0000e+00
      0.052    27.5553     5.8410     73.974  37.784026     35.942      7.957   227.6616     3.7081     0.9305     0.0247      0.005      0.051      0.074        102 3.1640e+02 0.0000e+00
      0.053    27.5479     5.8080     73.555  37.745843     35.892      7.954   227.6616     3.7000     0.8097     0.0247      0.011      0.052      0.075        103 3.1223e+02 0.0000e+00
      0.054    27.5402     5.7840     73.207  37.781793     35.949      7.959   227.8130     3.6878     0.8365     0.0247      0.012      0.053      0.076        104 3.1604e+02 0.0000e+00
      0.056    27.5328     5.7717     73.015  37.739290     35.901      7.962   227.7751     3.7606     0.8499     0.0247      0.011      0.055      0.079        105 3.1880e+02 0.0000e+00
      0.059    27.5260     5.7659     72.933  37.739420     35.906      7.966   228.2673     3.7647     0.8634     0.0247      0.009      0.057      0.083        106 3.1247e+02 0.0000e+00
      0.061    27.5195     5.7621     72.886  37.781635     35.965      7.969   229.0244     3.7283     0.7291     0.0247      0.007      0.059      0.086        107 3.1371e+02 0.0000e+00
      0.062    27.5133     5.7599     72.853  37.746078     35.916      7.971   229.0244     3.7202     0.8365     0.0247      0.006      0.062      0.091        108 3.0976e+02 0.0000e+00
      0.069    27.5076     5.7557     72.797  37.724353     35.921      7.975   229.1001     3.6150     0.8097     0.0247      0.008      0.067      0.097        109 2.9945e+02 0.0000e+00
      0.072    27.5032     5.7475     72.690  37.690034     35.872      7.975   229.5166     3.6434     0.9171     0.0246      0.010      0.071      0.102        110 3.0134e+02 0.0000e+00
      0.075    27.4998     5.7242     72.386  37.729468     35.929      7.976   229.6680     3.6029     0.9305     0.0247      0.011      0.072      0.105        111 3.0758e+02 0.0000e+00
      0.076    27.5036     5.7006     72.079  37.734602     35.932      7.979   229.9330     3.6150     0.8365     0.0247      0.012      0.071      0.102        112 3.0859e+02 0.0000e+00
      0.067    27.5001     5.6693     71.678  37.683649     35.881      7.977   229.9709     3.6150     0.8365     0.0246      0.009      0.062      0.089        113 3.1777e+02 0.0000e+00
      0.045    27.4690     5.6419     71.328  37.733558     35.932      7.978   229.8194     3.7404     0.7828     0.0247     -0.000      0.047      0.068        114 3.4026e+02 0.0000e+00
      0.033    27.4399     5.6122     70.949  37.731811     35.933      7.980   230.0466     3.7485     0.8097     0.0247     -0.011      0.035      0.051        115 3.4600e+02 0.0000e+00
      0.030    27.4336     5.5861     70.616  37.626505     35.849      7.982   230.3873     3.7768     0.9305     0.0246     -0.020      0.030      0.044        116 3.3663e+02 0.0000e+00
      0.029    27.4335     5.5532     70.200  37.686658     35.922      7.985   230.6523     3.7404     0.9574     0.0247     -0.026      0.029      0.042        117 3.3804e+02 0.0000e+00
      0.030    27.4300     5.5313     69.915  37.716285     35.980      7.985   231.2580     3.6919     0.8768     0.0247     -0.028      0.028      0.041        118 3.4691e+02 0.0000e+00
      0.026    27.4281     5.5155     69.705  37.648961     35.873      7.986   231.6744     3.7161     0.8365     0.0246     -0.028      0.026      0.037        119 3.4731e+02 0.0000e+00
      0.023    27.4254     5.5015     69.521  37.711121     35.982      7.988   231.9016     3.7121     0.9036     0.0247     -0.024      0.024      0.035        120 3.3968e+02 0.0000e+00
      0.026    27.4188     5.4932     69.410  37.698249     35.930      7.988   232.0151     3.7081     0.8634     0.0247     -0.016      0.027      0.039        121 3.3580e+02 0.0000e+00
      0.032    27.4124     5.4893     69.356  37.664981     35.932      7.993   232.7723     3.8051     0.8365     0.0247     -0.006      0.031      0.044        122 3.3450e+02 0.0000e+00
      0.035    27.4076     5.4764     69.193  37.633883     35.883      7.993   232.3180     3.8334     0.8902     0.0246      0.000      0.034      0.049        123 3.2882e+02 0.0000e+00
      0.036    27.4048     5.4646     69.045  37.618312     35.887      7.996   232.7344     3.8374     0.9171     0.0246      0.003      0.036      0.051        124 3.2431e+02 0.0000e+00
      0.037    27.4016     5.4531     68.900  37.625042     35.891      7.995   232.5830     3.8213     0.7962     0.0246      0.005      0.037      0.054        125 3.2207e+02 0.0000e+00
      0.041    27.4000     5.4399     68.728  37.625510     35.893      7.992   232.8480     4.2701     0.8634     0.0246      0.007      0.039      0.057        126 3.2533e+02 0.0000e+00
      0.041    27.3993     5.4348     68.652  37.617730     35.895      7.997   232.5073     4.2661     0.7828     0.0246      0.009      0.041      0.060        127 3.2685e+02 0.0000e+00
      0.044    27.3931     5.4323     68.599  37.634724     35.896      7.998   232.5451     4.2903     0.8634     0.0246      0.010      0.044      0.064        128 3.1563e+02 0.0000e+00
      0.050    27.3851     5.4353     68.615  37.604363     35.896      8.003   232.9616     4.2620     0.9842     0.0246      0.010      0.047      0.068        129 3.1589e+02 0.0000e+00
      0.050    27.3790     5.4465     68.737  37.566535     35.821      7.991   233.4537     4.1609     1.0111     0.0246      0.009      0.047      0.068        130 3.3194e+02 0.0000e+00
      0.043    27.3737     5.4577     68.859  37.592821     35.906      7.980   233.6430     4.1569     1.0379     0.0246      0.007      0.041      0.060        131 3.3313e+02 0.0000e+00
      0.034    27.3706     5.4714     69.014  37.571653     35.830      7.982   233.5294     4.1407     1.1588     0.0246      0.002      0.034      0.051        132 3.3414e+02 0.0000e+00
      0.029    27.3702     5.4742     69.035  37.592883     35.914      7.982   233.8323     4.1407     1.0245     0.0246     -0.003      0.031      0.046        133 3.3819e+02 0.0000e+00
      0.035    27.3717     5.4736     69.015  37.566404     35.836      7.991   234.2109     3.6150     0.8365     0.0246     -0.006      0.034      0.050        134 3.3130e+02 0.0000e+00
      0.041    27.3719     5.4658     68.908  37.604605     35.916      8.001   234.3623     3.6312     0.9305     0.0246     -0.006      0.039      0.057        135 3.2885e+02 0.0000e+00
      0.045    27.3672     5.4514     68.720  37.634324     35.915      8.006   234.8166     3.6353     0.8097     0.0246     -0.004      0.043      0.062        136 3.2434e+02 0.0000e+00
      0.046    27.3571     5.4319     68.469  37.618402     35.915      8.010   234.9680     3.6393     0.8365     0.0246     -0.002      0.044      0.064        137 3.2193e+02 0.0000e+00
      0.045    27.3406     5.4051     68.128  37.624422     35.918      8.014   235.1952     3.6150     0.9036     0.0246      0.001      0.044      0.063        138 3.2387e+02 0.0000e+00
      0.044    27.3223     5.3861     67.885  37.626835     35.925      8.013   235.3466     3.9790     0.9171     0.0246      0.005      0.043      0.061        139 3.2237e+02 0.0000e+00
      0.041    27.3060     5.3663     67.631  37.674724     35.990      8.016   235.5737     3.9547     0.8231     0.0247      0.006      0.042      0.060        140 3.1884e+02 0.0000e+00
      0.042    27.2904     5.3438     67.343  37.683474     36.003      8.021   235.1573     3.9547     0.8634     0.0247      0.005      0.042      0.061        141 3.1653e+02 0.0000e+00
      0.046    27.2766     5.3264     67.118  37.615954     35.960      8.022   235.4980     3.9224     0.8634     0.0246      0.003      0.044      0.065        142 3.2157e+02 0.0000e+00
      0.047    27.2649     5.3130     66.950  37.640118     35.971      8.025   235.4980     4.0760     0.9574     0.0246      0.001      0.046      0.066        143 3.2228e+02 0.0000e+00
      0.047    27.2547     5.3113     66.930  37.653411     36.034      8.028   235.3844     4.0639     0.8634     0.0247      0.001      0.046      0.066        144 3.2368e+02 0.0000e+00
      0.046    27.2474     5.3202     67.034  37.569758     35.909      8.019   236.1037     4.1043     0.9305     0.0246      0.001      0.045      0.065        145 3.2900e+02 0.0000e+00
      0.044    27.2424     5.3322     67.187  37.595927     35.996      8.010   235.9523     4.0962     0.8097     0.0246      0.001      0.043      0.062        146 3.2596e+02 0.0000e+00
      0.043    27.2384     5.3382     67.270  37.591189     35.947      8.004   235.9902     3.8172     0.8499     0.0246      0.001      0.043      0.062        147 3.2623e+02 0.0000e+00
      0.045    27.2350     5.3380     67.275  37.605319     36.004      8.006   236.7473     3.8253     0.7828     0.0246      0.001      0.045      0.065        148 3.2745e+02 0.0000e+00
      0.049    27.2319     5.3498     67.418  37.548685     35.927      8.007   236.8987     3.8051     0.9305     0.0246      0.001      0.047      0.069        149 3.2087e+02 0.0000e+00
      0.050    27.2284     5.4129     68.192  37.543029     35.929      8.011   236.6716     3.8577     0.8634     0.0246      0.001      0.049      0.072        150 3.2029e+02 0.0000e+00
      0.050    27.2250     5.5223     69.562  37.612360     36.011      8.015   237.1259     3.9588     0.8097     0.0246      0.002      0.049      0.072        151 3.1805e+02 0.0000e+00
      0.049    27.2209     5.6950     71.742  37.551387     35.934      8.018   237.2016     3.9385     0.8634     0.0246      0.003      0.049      0.072        152 3.1561e+02 0.0000e+00
      0.052    27.2211     5.8929     74.239  37.559590     35.963      8.024   237.3909     3.9466     0.8768     0.0246      0.004      0.053      0.078        153 2.9947e+02 0.0000e+00
      0.063    27.2217     6.0947     76.789  37.542833     35.939      8.025   237.3909     3.9385     0.9305     0.0246      0.008      0.063      0.092        154 2.7783e+02 0.0000e+00
      0.078    27.2160     6.2696     78.995  37.483261     35.885      8.025   237.2016     4.1448     0.7828     0.0246      0.013      0.077      0.112        155 2.7804e+02 0.0000e+00
      0.095    27.2167     6.3916     80.520  37.485425     35.884      8.025   237.2016     4.1407     0.7962     0.0246      0.021      0.092      0.134        156 2.7751e+02 0.0000e+00
      0.109    27.2233     6.4559     81.326  37.540140     35.943      8.022   237.4287     4.1205     0.8768     0.0246      0.029      0.104      0.151        157 2.7326e+02 0.0000e+00
      0.116    27.2292     6.4584     81.362  37.533810     35.941      8.020   237.3530     4.1326     0.8634     0.0246      0.036      0.108      0.158        158 2.7356e+02 0.0000e+00
      0.109    27.2242     6.4212     80.896  37.552622     35.937      8.012   237.4666     4.1205     0.8634     0.0246      0.038      0.098      0.143        159 2.9557e+02 0.0000e+00
      0.076    27.2076     6.3499     80.002  37.665029     36.067      8.013   237.3909     4.5936     0.8097     0.0247      0.027      0.073      0.106        160 3.3099e+02 0.0000e+00
      0.039    27.2006     6.2643     78.929  37.690526     36.070      8.020   238.0345     4.5774     0.7962     0.0247      0.004      0.040      0.058        161 3.5882e+02 0.0000e+00
      0.008    27.2038     6.1697     77.741  37.669196     36.082      8.023   237.6937     4.6017     0.9036     0.0247     -0.025      0.010      0.013        162 3.7326e+02 0.0000e+00
     -0.021    27.2076     6.0778     76.587  37.632257     36.033      8.025   237.9966     4.5936     0.7828     0.0246     -0.055     -0.015     -0.022        163 3.8200e+02 0.0000e+00
     -0.034    27.2130     5.9951     75.538  37.558537     35.977      8.030   237.9587     3.8981     0.9439     0.0246     -0.078     -0.027     -0.040        164 3.7667e+02 0.0000e+00
     -0.030    27.2138     5.9226     74.621  37.493995     35.894      8.033   237.8452     3.8658     0.8902     0.0246     -0.087     -0.027     -0.039        165 3.7474e+02 0.0000e+00
     -0.018    27.2058     5.8623     73.859  37.534614     35.944      8.034   238.5266     3.8860     0.8365     0.0246     -0.080     -0.019     -0.027        166 3.7080e+02 0.0000e+00
     -0.011    27.2029     5.8006     73.079  37.537646     35.943      8.028   238.7537     3.8900     0.8499     0.0246     -0.062     -0.011     -0.016        167 3.7138e+02 0.0000e+00
     -0.004    27.2059     5.7483     72.418  37.490221     35.896      8.025   238.7916     3.8819     0.9842     0.0246     -0.035     -0.002     -0.004        168 3.7826e+02 0.0000e+00
      0.008    27.2077     5.6929     71.715  37.534315     35.951      8.021   239.4352     3.9062     0.9036     0.0246     -0.008      0.007      0.009        169 3.3519e+02 0.0000e+00
      0.014    27.2112     5.6474     71.139  37.542094     35.949      8.016   239.3216     3.8981     0.7962     0.0246      0.012      0.012      0.017        170 3.0863e+02 0.0000e+00
