Data/DataNotYetUploadedToEDI/Raw_CTD/2018_RawDownloads/081318_fcr45.cnv
* Sea-Bird SBE19plus  Data File:
* FileName = C:\DATA\081318_fcr_0009.hex
* Software version 2.6.3.104
* Temperature SN = 7809
* Conductivity SN = 7809
* System UpLoad Time = Aug 13 2018 19:27:23
* <ApplicationData>
* <Seaterm232>
# nquan = 17
# nvalues = 438                         
# units = specified
# name 0 = depFM: Depth [fresh water, m]
# name 1 = tv290C: Temperature [ITS-90, deg C]
# name 2 = sbeox0Mg/L: Oxygen, SBE 43 [mg/l]
# name 3 = sbeox0PS: Oxygen, SBE 43 [% saturation]
# name 4 = c0uS/cm: Conductivity [uS/cm]
# name 5 = specc: Specific Conductance [uS/cm]
# name 6 = ph: pH
# name 7 = orp: Oxidation Reduction Potential [mV]
# name 8 = flECO-AFL: Fluorescence, WET Labs ECO-AFL/FL [mg/m^3]
# name 9 = turbWETntu0: Turbidity, WET Labs ECO [NTU]
# name 10 = sal00: Salinity, Practical [PSU]
# name 11 = dz/dtM: Descent Rate [m/s]
# name 12 = prdM: Pressure, Strain Gauge [db]
# name 13 = prdE: Pressure, Strain Gauge [psi]
# name 14 = scan: Scan Count
# name 15 = par/sat/log: PAR/Logarithmic, Satlantic
# name 16 = flag:  0.000e+00
# span 0 =     -0.585,      7.132       
# span 1 =    11.9694,    27.7917       
# span 2 =     0.0816,     9.6953       
# span 3 =      0.766,    122.946       
# span 4 =  -0.036342,  41.567535       
# span 5 =      0.676,     54.322       
# span 6 =      6.260,      8.257       
# span 7 =   173.7150,   278.7310       
# span 8 =    -0.2021,     8.3785       
# span 9 =    -0.2914,    21.5424       
# span 10 =     0.0119,     0.0279      
# span 11 =     -0.087,      0.336      
# span 12 =     -0.573,      6.994      
# span 13 =     -0.831,     10.143      
# span 14 =          1,        438      
# span 15 = 1.2283e-01, 6.0987e+02      
# span 16 = 0.0000e+00, 0.0000e+00      
# interval = seconds: 0.25
# start_time = Aug 13 2018 19:35:44 [Instrument's time stamp, header]
# bad_flag = -9.990e-29
*END*
     -0.584    25.0703     8.2107     99.475   0.760663      0.759      7.528   227.7751    -0.1779    -0.2109     0.0119      0.000     -0.573     -0.831          1 6.0987e+02 0.0000e+00
     -0.584    25.0688     8.2143     99.516   0.730921      0.732      7.529   227.3208    -0.2021    -0.2109     0.0119      0.000     -0.573     -0.831          2 6.0946e+02 0.0000e+00
     -0.584    25.0673     8.2159     99.540   0.738380      0.732      7.524   226.0337    -0.1496    -0.1437     0.0119      0.000     -0.573     -0.831          3 6.0940e+02 0.0000e+00
     -0.584    25.0660     8.1596     99.524   0.721774      0.732      7.524   229.6680    -0.1698    -0.2377     0.0119      0.000     -0.573     -0.831          4 6.0140e+02 0.0000e+00
     -0.584    25.0646     8.0445     99.524   0.692374      0.676      7.517   241.2902    -0.1941    -0.2243     0.0119      0.000     -0.573     -0.831          5 5.9616e+02 0.0000e+00
     -0.585    25.0629     7.9546     99.555   0.656541      0.676      7.505   244.3945    -0.1860    -0.2914     0.0119     -0.000     -0.573     -0.831          6 5.8390e+02 0.0000e+00
     -0.584    25.0620     7.8969     99.641   0.707154      0.676      7.494   242.1609    -0.1577    -0.1572     0.0119      0.000     -0.573     -0.831          7 5.7350e+02 0.0000e+00
     -0.584    25.0601     7.9011    100.107   0.688601      0.732      7.488   243.0316    -0.1415    -0.2512     0.0119     -0.000     -0.573     -0.831          8 5.8527e+02 0.0000e+00
     -0.584    25.0598     7.9196    100.520   0.798058      0.732      7.479   236.0280    -0.1941    -0.2512     0.0119     -0.000     -0.573     -0.831          9 5.7937e+02 0.0000e+00
     -0.584    25.0572     7.9660    101.160   0.630150      0.732      7.476   238.4130    -0.1860    -0.1706     0.0119     -0.000     -0.573     -0.831         10 5.6485e+02 0.0000e+00
     -0.584    25.0585     8.0157    101.806   0.897559      0.732      7.476   240.1545    -0.1698    -0.2512     0.0119     -0.000     -0.573     -0.831         11 5.6994e+02 0.0000e+00
     -0.584    25.0531     8.0647    102.434   0.465271      0.732      7.479   231.3716    -0.1536    -0.1706     0.0119      0.000     -0.573     -0.831         12 5.7360e+02 0.0000e+00
     -0.584    25.0612     8.1104    102.990   1.168124      0.732      7.477   238.9809    -0.1658    -0.2243     0.0119      0.000     -0.572     -0.829         13 5.5578e+02 0.0000e+00
     -0.584    25.4344     8.1402    103.357  -0.036342      0.676      7.483   237.9966    -0.1860    -0.2512     0.0119      0.000     -0.558     -0.809         14 5.5373e+02 0.0000e+00
     -0.542    26.1870     8.1603    103.612  11.884695     10.125      7.302   190.9400    -0.1415    -0.2243     0.0142      0.011     -0.501     -0.728         15 5.6391e+02 0.0000e+00
     -0.402    26.8443     8.1636    103.646  35.814031     37.584      7.712   173.7150    -0.1779    -0.2914     0.0248      0.056     -0.390     -0.566         16 5.7216e+02 0.0000e+00
     -0.252    27.2860     8.1754    103.802  39.534055     37.366      7.914   176.6678     0.2184     9.2558     0.0249      0.128     -0.260     -0.378         17 5.7843e+02 0.0000e+00
     -0.144    27.5284     8.2196    104.368  37.548230     36.958      7.957   176.3650     0.2265     9.2961     0.0249      0.207     -0.157     -0.228         18 5.7214e+02 0.0000e+00
     -0.086    27.6231     8.1980    104.102  38.848592     36.690      7.971   178.6743     0.2386     9.2693     0.0249      0.272     -0.089     -0.130         19 5.6808e+02 0.0000e+00
     -0.039    27.6563     8.0964    102.810  37.974868     36.421      7.964   180.0371     0.2224     9.2021     0.0249      0.317     -0.041     -0.061         20 5.5175e+02 0.0000e+00
     -0.002    27.6624     7.9601    101.092  38.338815     36.246      7.946   181.6271     3.1015     0.8365     0.0248      0.336     -0.005     -0.006         21 4.4658e+02 0.0000e+00
      0.028    27.6659     7.8200     99.331  38.010006     36.199      7.933   182.9521     3.0934     0.7962     0.0248      0.324      0.025      0.037         22 3.4633e+02 0.0000e+00
      0.054    27.6529     7.6951     97.758  38.117092     36.115      7.923   184.5800     3.1258     0.8499     0.0248      0.280      0.047      0.068         23 3.3762e+02 0.0000e+00
      0.062    27.6467     7.5423     95.840  37.997915     36.112      7.915   186.0186     3.0853     0.8902     0.0248      0.209      0.056      0.081         24 3.3514e+02 0.0000e+00
      0.056    27.6457     7.4246     94.356  37.980354     36.042      7.907   187.6464     3.2269     0.8365     0.0248      0.143      0.057      0.083         25 3.3272e+02 0.0000e+00
      0.058    27.6430     7.3611     93.559  37.960985     36.046      7.901   188.7065     3.2309     0.8634     0.0248      0.098      0.059      0.086         26 3.3004e+02 0.0000e+00
      0.066    27.6448     7.3507     93.443  38.051685     36.153      7.895   189.9557     3.2309     0.8365     0.0248      0.069      0.064      0.093         27 3.3232e+02 0.0000e+00
      0.071    27.6487     7.3561     93.523  37.986125     36.049      7.896   191.3186     3.2309     0.8902     0.0248      0.046      0.068      0.099         28 3.2826e+02 0.0000e+00
      0.073    27.6520     7.3537     93.499  38.072235     36.180      7.896   192.3029     3.2592     0.7157     0.0248      0.029      0.068      0.099         29 3.3208e+02 0.0000e+00
      0.063    27.6518     7.3350     93.263  38.122488     36.178      7.896   193.6279     3.3118     0.8365     0.0248      0.015      0.063      0.091         30 3.3781e+02 0.0000e+00
      0.058    27.6582     7.2931     92.729  38.131210     36.228      7.896   194.9150     3.2916     0.8097     0.0248      0.004      0.058      0.085         31 3.3316e+02 0.0000e+00
      0.058    27.6686     7.2328     91.965  38.120702     36.176      7.894   195.5208     3.3118     0.8365     0.0248      0.001      0.057      0.083         32 3.4154e+02 0.0000e+00
      0.058    27.6773     7.1814     91.317  38.165225     36.250      7.894   196.2779     3.3118     0.9305     0.0248     -0.001      0.058      0.085         33 3.3360e+02 0.0000e+00
      0.063    27.6898     7.1318     90.688  38.164781     36.217      7.891   196.4672     3.4048     0.9439     0.0248     -0.003      0.063      0.091         34 3.2306e+02 0.0000e+00
      0.070    27.6978     7.1224     90.581  38.150911     36.211      7.890   197.5650     3.3441     0.8902     0.0248     -0.003      0.068      0.099         35 3.3174e+02 0.0000e+00
      0.075    27.7038     7.1335     90.737  38.152821     36.202      7.893   198.0193     3.3522     0.8634     0.0248      0.001      0.073      0.105         36 3.3802e+02 0.0000e+00
      0.076    27.7132     7.1757     91.291  38.103078     36.144      7.892   198.9279     3.3805     0.9439     0.0248      0.005      0.074      0.107         37 3.3744e+02 0.0000e+00
      0.074    27.7205     7.2213     91.887  38.123827     36.166      7.897   199.6472     3.3805     0.9036     0.0248      0.010      0.073      0.106         38 3.3089e+02 0.0000e+00
      0.073    27.7240     7.2740     92.570  38.097333     36.133      7.896   200.4043     3.3603     0.9305     0.0248      0.010      0.073      0.105         39 3.2454e+02 0.0000e+00
      0.073    27.7249     7.3193     93.156  38.047062     36.075      7.895   200.7451     3.3522     0.8902     0.0248      0.009      0.073      0.105         40 3.2222e+02 0.0000e+00
      0.077    27.7242     7.3495     93.543  38.097402     36.126      7.898   201.6158     3.3441     0.9305     0.0248      0.007      0.076      0.110         41 3.0759e+02 0.0000e+00
      0.083    27.7258     7.3590     93.662  38.094007     36.125      7.899   202.2215     3.3037     0.9305     0.0248      0.006      0.081      0.118         42 2.9391e+02 0.0000e+00
      0.088    27.7288     7.3492     93.543  38.051288     36.073      7.899   203.2815     3.3360     0.9171     0.0248      0.006      0.088      0.127         43 2.9429e+02 0.0000e+00
      0.098    27.7311     7.3392     93.421  38.120902     36.151      7.898   204.4172     3.3360     0.9171     0.0248      0.010      0.096      0.138         44 2.8910e+02 0.0000e+00
      0.105    27.7381     7.3374     93.404  38.155676     36.175      7.897   205.1365     3.3239     0.8768     0.0248      0.015      0.102      0.147         45 2.8529e+02 0.0000e+00
      0.107    27.7477     7.3312     93.321  38.156317     36.174      7.895   205.7044     3.5544     1.0514     0.0248      0.019      0.104      0.150         46 2.8877e+02 0.0000e+00
      0.106    27.7577     7.3220     93.172  38.149765     36.169      7.897   205.9315     3.5463     1.1319     0.0248      0.020      0.104      0.150         47 2.9168e+02 0.0000e+00
      0.105    27.7674     7.3085     92.991  38.163828     36.163      7.896   206.8779     3.5665     1.0916     0.0248      0.018      0.104      0.150         48 2.9828e+02 0.0000e+00
      0.106    27.7751     7.2946     92.815  38.227795     36.235      7.895   207.2186     3.5867     1.1319     0.0249      0.015      0.104      0.151         49 2.9773e+02 0.0000e+00
      0.108    27.7811     7.3014     92.900  38.218461     36.202      7.895   207.9758     3.5544     1.0782     0.0248      0.011      0.105      0.153         50 2.9717e+02 0.0000e+00
      0.109    27.7828     7.3162     93.092  38.205101     36.197      7.897   208.6951     3.5746     0.7962     0.0248      0.007      0.106      0.154         51 2.9596e+02 0.0000e+00
      0.107    27.7818     7.3092     93.000  38.214756     36.192      7.898   209.0358     3.5867     0.8768     0.0248      0.003      0.104      0.151         52 2.9462e+02 0.0000e+00
      0.101    27.7848     7.2779     92.573  38.206442     36.191      7.899   209.4901     3.5544     0.8097     0.0248     -0.000      0.100      0.146         53 2.9598e+02 0.0000e+00
      0.100    27.7881     7.2217     91.838  38.185784     36.166      7.902   210.1715     3.5584     0.9171     0.0248     -0.002      0.100      0.145         54 2.9766e+02 0.0000e+00
      0.104    27.7917     7.1342     90.721  38.151480     36.137      7.900   211.0044     3.4493     0.7828     0.0248     -0.002      0.103      0.150         55 3.0244e+02 0.0000e+00
      0.111    27.7881     7.0593     89.774  38.160147     36.135      7.889   211.4587     3.4452     0.8499     0.0248     -0.000      0.110      0.160         56 2.9087e+02 0.0000e+00
      0.122    27.7709     6.9992     89.014  38.204657     36.186      7.883   212.1022     3.4452     0.8365     0.0248      0.004      0.115      0.166         57 2.9118e+02 0.0000e+00
      0.117    27.7636     6.9785     88.752  38.096089     36.081      7.872   212.2915     3.4614     0.8365     0.0248      0.006      0.106      0.154         58 3.0977e+02 0.0000e+00
      0.083    27.7653     6.9719     88.670  38.057973     36.041      7.883   213.5030     3.5665     0.7694     0.0248     -0.001      0.082      0.119         59 3.1908e+02 0.0000e+00
      0.052    27.7643     6.9647     88.579  38.163113     36.178      7.893   213.8437     3.5746     0.8365     0.0248     -0.015      0.056      0.080         60 3.3350e+02 0.0000e+00
      0.033    27.7666     6.9434     88.312  38.172874     36.151      7.900   214.4115     3.5342     0.8365     0.0248     -0.030      0.038      0.055         61 3.4029e+02 0.0000e+00
      0.028    27.7636     6.8950     87.700  38.194133     36.204      7.907   214.0708     3.5867     0.9036     0.0248     -0.043      0.035      0.051         62 3.1303e+02 0.0000e+00
      0.046    27.7472     6.8381     86.978  38.166319     36.150      7.911   215.0551     3.4412     1.0648     0.0248     -0.048      0.047      0.068         63 2.9941e+02 0.0000e+00
      0.068    27.7344     6.7685     86.096  38.148164     36.151      7.913   215.2065     3.4250     1.1185     0.0248     -0.041      0.064      0.093         64 3.0576e+02 0.0000e+00
      0.083    27.7325     6.7220     85.506  38.187067     36.190      7.908   216.0015     3.4210     1.0245     0.0248     -0.026      0.078      0.113         65 2.9986e+02 0.0000e+00
      0.088    27.7350     6.7104     85.358  38.147573     36.172      7.915   216.0772     3.4452     1.0916     0.0248     -0.005      0.084      0.122         66 2.9757e+02 0.0000e+00
      0.086    27.7381     6.7343     85.663  38.108336     36.120      7.920   216.5315     3.5018     0.9305     0.0248      0.017      0.085      0.123         67 3.0635e+02 0.0000e+00
      0.086    27.7393     6.7845     86.306  38.146916     36.171      7.922   216.6451     3.5140     0.8097     0.0248      0.030      0.086      0.124         68 3.1147e+02 0.0000e+00
      0.089    27.7399     6.8648     87.327  38.158884     36.169      7.927   217.1372     3.4857     0.7694     0.0248      0.033      0.088      0.127         69 3.0077e+02 0.0000e+00
      0.093    27.7405     6.9462     88.357  38.152763     36.168      7.930   217.5915     3.5140     0.7828     0.0248      0.028      0.091      0.131         70 3.0561e+02 0.0000e+00
      0.095    27.7428     7.0077     89.123  38.184191     36.194      7.935   217.9701     3.4776     0.8634     0.0248      0.018      0.092      0.134         71 3.0660e+02 0.0000e+00
      0.094    27.7454     7.0441     89.574  38.149431     36.168      7.935   218.1215     3.5665     0.8902     0.0248      0.010      0.093      0.135         72 2.9843e+02 0.0000e+00
      0.096    27.7467     7.0454     89.585  38.107038     36.113      7.938   218.7273     3.5625     0.8634     0.0248      0.006      0.094      0.136         73 3.0080e+02 0.0000e+00
      0.096    27.7478     7.0269     89.345  38.147967     36.164      7.939   219.0301     3.5301     0.8097     0.0248      0.006      0.094      0.137         74 3.0027e+02 0.0000e+00
      0.096    27.7490     7.0044     89.054  38.157819     36.163      7.944   219.0680     3.5463     0.8097     0.0248      0.005      0.094      0.137         75 3.0021e+02 0.0000e+00
      0.097    27.7497     6.9812     88.748  38.124438     36.136      7.942   220.1280     3.7202     0.8902     0.0248      0.004      0.095      0.138         76 3.0346e+02 0.0000e+00
      0.099    27.7505     6.9574     88.430  38.100524     36.109      7.945   220.0144     3.7040     0.9305     0.0248      0.004      0.097      0.141         77 3.0115e+02 0.0000e+00
      0.102    27.7524     6.9309     88.076  38.098594     36.108      7.948   220.3930     3.6838     0.7962     0.0248      0.004      0.100      0.146         78 2.9275e+02 0.0000e+00
      0.107    27.7529     6.8995     87.663  38.097177     36.108      7.951   220.7715     3.6838     0.8634     0.0248      0.005      0.105      0.152         79 2.9290e+02 0.0000e+00
      0.113    27.7484     6.8559     87.097  38.102288     36.106      7.953   221.1123     3.7121     0.7828     0.0248      0.008      0.110      0.159         80 2.9129e+02 0.0000e+00
      0.117    27.7391     6.8060     86.465  38.092234     36.106      7.952   221.2258     3.6838     0.8634     0.0248      0.010      0.113      0.164         81 2.9120e+02 0.0000e+00
      0.115    27.7312     6.7386     85.580  38.080027     36.082      7.952   222.0208     3.7161     0.8097     0.0248      0.012      0.113      0.164         82 2.9206e+02 0.0000e+00
      0.113    27.7273     6.6656     84.594  38.087820     36.115      7.953   221.9073     3.7000     0.8768     0.0248      0.011      0.111      0.162         83 2.9289e+02 0.0000e+00
      0.112    27.7247     6.5973     83.706  38.052879     36.068      7.953   222.0208     3.6595     0.8365     0.0248      0.009      0.111      0.162         84 2.9299e+02 0.0000e+00
      0.115    27.7215     6.5479     83.075  38.093853     36.124      7.951   222.5130     3.6919     1.0111     0.0248      0.007      0.113      0.164         85 2.8849e+02 0.0000e+00
