Data/DataNotYetUploadedToEDI/Raw_CTD/2018_RawDownloads/081318_fcr45.cnv
* Sea-Bird SBE19plus  Data File:
* FileName = C:\DATA\081318_fcr_0009.hex
* Software version 2.6.3.104
* Temperature SN = 7809
* Conductivity SN = 7809
* System UpLoad Time = Aug 13 2018 19:27:23
* <ApplicationData>
* <Seaterm232>
# nquan = 17
# nvalues = 438                         
# units = specified
# name 0 = depFM: Depth [fresh water, m]
# name 1 = tv290C: Temperature [ITS-90, deg C]
# name 2 = sbeox0Mg/L: Oxygen, SBE 43 [mg/l]
# name 3 = sbeox0PS: Oxygen, SBE 43 [% saturation]
# name 4 = c0uS/cm: Conductivity [uS/cm]
# name 5 = specc: Specific Conductance [uS/cm]
# name 6 = ph: pH
# name 7 = orp: Oxidation Reduction Potential [mV]
# name 8 = flECO-AFL: Fluorescence, WET Labs ECO-AFL/FL [mg/m^3]
# name 9 = turbWETntu0: Turbidity, WET Labs ECO [NTU]
# name 10 = sal00: Salinity, Practical [PSU]
# name 11 = dz/dtM: Descent Rate [m/s]
# name 12 = prdM: Pressure, Strain Gauge [db]
# name 13 = prdE: Pressure, Strain Gauge [psi]
# name 14 = scan: Scan Count
# name 15 = par/sat/log: PAR/Logarithmic, Satlantic
# name 16 = flag:  0.000e+00
# span 0 =     -0.585,      7.132       
# span 1 =    11.9694,    27.7917       
# span 2 =     0.0816,     9.6953       
# span 3 =      0.766,    122.946       
# span 4 =  -0.036342,  41.567535       
# span 5 =      0.676,     54.322       
# span 6 =      6.260,      8.257       
# span 7 =   173.7150,   278.7310       
# span 8 =    -0.2021,     8.3785       
# span 9 =    -0.2914,    21.5424       
# span 10 =     0.0119,     0.0279      
# span 11 =     -0.087,      0.336      
# span 12 =     -0.573,      6.994      
# span 13 =     -0.831,     10.143      
# span 14 =          1,        438      
# span 15 = 1.2283e-01, 6.0987e+02      
# span 16 = 0.0000e+00, 0.0000e+00      
# interval = seconds: 0.25
# start_time = Aug 13 2018 19:35:44 [Instrument's time stamp, header]
# bad_flag = -9.990e-29
*END*
[from data line 426]
      7.121    11.9736 -9.990e-29 -9.990e-29  39.216481     53.023      6.261   275.1724     0.5944    21.4484     0.0270      0.114      6.983     10.128        427 1.2565e-01 0.0000e+00
      7.125    11.9694 -9.990e-29 -9.990e-29  39.219371     53.027      6.264   275.0588     0.6106    21.2201     0.0270      0.089      6.987     10.133        428 1.2571e-01 0.0000e+00
      7.128    11.9711 -9.990e-29 -9.990e-29  39.220212     53.032      6.263   274.9074     0.6228    21.2201     0.0270      0.063      6.990     10.137        429 1.2562e-01 0.0000e+00
      7.130    11.9808 -9.990e-29 -9.990e-29  39.245101     53.076      6.264   274.1124     0.6470    21.1530     0.0270      0.042      6.992     10.140        430 1.2555e-01 0.0000e+00
      7.131    11.9906 -9.990e-29 -9.990e-29  39.277392     53.112      6.266   273.8474     0.6187    21.2470     0.0271      0.027      6.992     10.141        431 1.2551e-01 0.0000e+00
      7.130    11.9987 -9.990e-29 -9.990e-29  39.269019     53.097      6.266   274.1503     0.6389    21.3544     0.0271      0.018      6.992     10.141        432 1.2557e-01 0.0000e+00
      7.131    12.0086 -9.990e-29 -9.990e-29  39.344511     53.160      6.268   274.2260     0.6025    21.4484     0.0271      0.011      6.993     10.142        433 1.2558e-01 0.0000e+00
      7.132    12.0119 -9.990e-29 -9.990e-29  39.509750     53.411      6.266   274.4153     0.6147    21.5021     0.0272      0.007      6.994     10.143        434 1.2556e-01 0.0000e+00
      7.132    12.0203 -9.990e-29 -9.990e-29  39.478682     53.323      6.266   274.4153     0.5944    21.3544     0.0272      0.005      6.994     10.143        435 1.2560e-01 0.0000e+00
      7.132    12.0313 -9.990e-29 -9.990e-29  39.472162     53.316      6.267   274.5288     0.5297    21.3544     0.0272      0.003      6.994     10.143        436 1.2568e-01 0.0000e+00
      7.132 -9.990e-29 -9.990e-29 -9.990e-29  39.517860     53.383      6.268   274.3396     0.5702    21.4484     0.0272      0.002      6.994     10.143        437 1.2566e-01 0.0000e+00
      7.132 -9.990e-29 -9.990e-29 -9.990e-29  39.481137     53.286      6.268   274.5667     0.5540    21.3813     0.0272      0.001      6.994     10.143        438 1.2554e-01 0.0000e+00
