Data/DataNotYetUploadedToEDI/Raw_CTD/2018_RawDownloads/081318_fcr20.cnv
* Sea-Bird SBE19plus  Data File:
* FileName = C:\DATA\081318_fcr_0006.hex
* Software version 2.6.3.104
* Temperature SN = 7809
* Conductivity SN = 7809
* System UpLoad Time = Aug 13 2018 19:26:38
* <ApplicationData>
* <Seaterm232>
# nquan = 17
# nvalues = 275                         
# units = specified
# name 0 = depFM: Depth [fresh water, m]
# name 1 = tv290C: Temperature [ITS-90, deg C]
# name 2 = sbeox0Mg/L: Oxygen, SBE 43 [mg/l]
# name 3 = sbeox0PS: Oxygen, SBE 43 [% saturation]
# name 4 = c0uS/cm: Conductivity [uS/cm]
# name 5 = specc: Specific Conductance [uS/cm]
# name 6 = ph: pH
# name 7 = orp: Oxidation Reduction Potential [mV]
# name 8 = flECO-AFL: Fluorescence, WET Labs ECO-AFL/FL [mg/m^3]
# name 9 = turbWETntu0: Turbidity, WET Labs ECO [NTU]
# name 10 = sal00: Salinity, Practical [PSU]
# name 11 = dz/dtM: Descent Rate [m/s]
# name 12 = prdM: Pressure, Strain Gauge [db]
# name 13 = prdE: Pressure, Strain Gauge [psi]
# name 14 = scan: Scan Count
# name 15 = par/sat/log: PAR/Logarithmic, Satlantic
# name 16 = flag:  0.000e+00
# span 0 =     -0.555,      3.695       
# span 1 =    15.5272,    26.6511       
# span 2 =     0.0732,     8.9252       
# span 3 =      0.826,    109.548       
# span 4 =  -0.020674, 263.373228       
# span 5 =      0.571,    324.229       
# span 6 =      6.220,      8.886       
# span 7 = -1240.7455,  1240.2295       
# span 8 =    -0.5256,   258.1299       
# span 9 =    -1.1911,    75.2273       
# span 10 =     0.0117,     0.1549      
# span 11 =     -0.082,      0.368      
# span 12 =     -0.544,      3.623      
# span 13 =     -0.789,      5.255      
# span 14 =          1,        275      
# span 15 = 1.5577e+01, 2.6492e+03      
# span 16 = 0.0000e+00, 0.0000e+00      
# interval = seconds: 0.25
# start_time = Aug 13 2018 18:14:59 [Instrument's time stamp, header]
# bad_flag = -9.990e-29
*END*
[from data line 171]
      0.592    26.5358     7.1996     88.828  37.629027     36.468      7.738   229.2137     2.4545     1.2393     0.0247      0.195      0.580      0.840        172 7.0169e+02 0.0000e+00
      0.628    26.5164     7.4667     91.994  37.625096     36.486      7.742   228.9487     2.9195     1.7093     0.0247      0.198      0.617      0.895        173 6.3249e+02 0.0000e+00
      0.666    26.4864     7.8188     96.226  37.733767     36.606      7.744   230.1223     2.8993     1.6153     0.0247      0.197      0.656      0.952        174 7.1322e+02 0.0000e+00
      0.714    26.4438     8.1792    100.560  37.731084     36.620      7.737   230.0087     2.9034     1.6825     0.0247      0.193      0.700      1.014        175 8.0371e+02 0.0000e+00
      0.759    26.4032     8.4795    104.170  37.687767     36.587      7.736   229.5544     2.9276     1.6422     0.0247      0.185      0.741      1.074        176 5.8041e+02 0.0000e+00
      0.791    26.3557     8.7131    106.991  37.609725     36.564      7.740   229.2894     2.9842     1.2662     0.0247      0.173      0.779      1.130        177 7.2742e+02 0.0000e+00
      0.835    26.2996     8.8601    108.767  37.501961     36.456      7.741   229.8194     2.9964     1.2393     0.0246      0.163      0.822      1.193        178 1.0044e+03 0.0000e+00
      0.890    26.2545     8.9252    109.548  37.406656     36.435      7.743   230.8416     2.9964     1.2259     0.0246      0.163      0.872      1.265        179 6.1615e+02 0.0000e+00
      0.943    26.2160     8.9008    109.232  37.402094     36.421      7.740   230.8794     3.0004     1.2528     0.0246      0.170      0.919      1.332        180 6.3198e+02 0.0000e+00
      0.976    26.1470     8.8252    108.297  37.329704     36.453      7.743   230.8794     3.2511     1.2662     0.0246      0.173      0.953      1.381        181 6.8735e+02 0.0000e+00
      0.994    26.0499     8.7410    107.259  36.962887     36.044      7.746   230.3873     3.2552     1.2931     0.0244      0.167      0.978      1.418        182 5.6524e+02 0.0000e+00
      1.022    25.9709     8.6709    106.389  36.761200     35.955      7.747   230.7280     3.2269     1.3065     0.0243      0.158      1.009      1.463        183 5.6724e+02 0.0000e+00
      1.071    25.9109     8.6170    105.715  36.750264     35.970      7.746   231.9773     3.2430     1.1991     0.0243      0.153      1.054      1.529        184 5.5217e+02 0.0000e+00
      1.134    25.8558     8.5716    105.129  36.709607     36.025      7.744   232.0151     3.2147     1.3065     0.0243      0.156      1.109      1.608        185 5.1263e+02 0.0000e+00
      1.186    25.8128     8.5342    104.594  36.693200     36.013      7.744   232.7723     3.8294     1.2931     0.0243      0.159      1.160      1.682        186 4.5841e+02 0.0000e+00
      1.229    25.7868     8.4941    103.906  36.711396     36.107      7.745   232.5451     3.8294     1.2528     0.0243      0.162      1.203      1.745        187 4.7947e+02 0.0000e+00
      1.266    25.7728     8.4143    102.700  36.686990     36.083      7.746   232.6966     3.8496     1.2931     0.0243      0.166      1.239      1.797        188 4.5543e+02 0.0000e+00
      1.296    25.7632     8.2694    100.745  36.664278     36.101      7.740   233.0752     3.8091     1.2259     0.0243      0.172      1.271      1.844        189 3.9529e+02 0.0000e+00
      1.327    25.7557     8.0556     97.917  36.680358     36.111      7.738   233.3780     4.8807     1.1319     0.0243      0.173      1.301      1.888        190 4.3613e+02 0.0000e+00
      1.357    25.7517     7.8019     94.599  36.666986     36.118      7.731   233.0373     4.8928     1.0916     0.0243      0.164      1.329      1.929        191 4.7546e+02 0.0000e+00
      1.381    25.7486     7.5303     91.157  36.680922     36.123      7.729   233.6052     4.8969     0.9842     0.0243      0.148      1.357      1.969        192 4.0085e+02 0.0000e+00
      1.414    25.7445     7.2739     87.975  36.722337     36.181      7.727   234.1730     4.8807     1.0379     0.0243      0.133      1.390      2.016        193 3.8339e+02 0.0000e+00
      1.458    25.7368     7.0058     84.677  36.674768     36.128      7.716   234.7409     5.3215     1.0916     0.0243      0.127      1.430      2.074        194 4.0427e+02 0.0000e+00
      1.502    25.7226     6.7339     81.339  36.740123     36.186      7.707   235.5737     5.3093     0.9439     0.0243      0.128      1.473      2.136        195 3.7775e+02 0.0000e+00
      1.546    25.6807     6.4878     78.317  36.996922     36.467      7.695   235.4602     5.3134     1.0379     0.0244      0.135      1.514      2.196        196 3.5126e+02 0.0000e+00
      1.583    25.5784     6.2620     75.553  37.333961     36.780      7.689   235.7630     5.3296     1.1051     0.0246      0.142      1.553      2.253        197 3.3705e+02 0.0000e+00
      1.623    25.4578     6.0694     73.171  37.596073     37.113      7.688   236.6716     5.6854     0.9976     0.0247      0.149      1.593      2.310        198 3.4224e+02 0.0000e+00
      1.667    25.3550     5.9277     71.377  37.560562     37.106      7.678   236.9744     5.6894     0.9976     0.0247      0.156      1.632      2.367        199 3.3746e+02 0.0000e+00
      1.699    25.2310     5.8410     70.257  37.407861     37.085      7.665   237.1259     5.7016     1.0379     0.0246      0.160      1.668      2.420        200 3.2433e+02 0.0000e+00
      1.739    25.0980     5.8055     69.734  37.341258     37.048      7.647   238.1102     5.7137     0.9842     0.0246      0.159      1.704      2.471        201 3.1024e+02 0.0000e+00
      1.774    25.0086     5.7625     69.052  37.406225     37.251      7.628   238.1480     5.6854     1.1185     0.0246      0.155      1.736      2.518        202 2.9446e+02 0.0000e+00
      1.795    24.9600     5.6933     68.023  37.445715     37.351      7.614   238.4887     5.6854     1.0111     0.0246      0.147      1.762      2.556        203 2.8388e+02 0.0000e+00
      1.822    24.9246     5.6485     67.277  37.559120     37.557      7.600   239.2080     5.7056     1.0916     0.0247      0.138      1.787      2.592        204 2.9115e+02 0.0000e+00
      1.849    24.8899     5.5572     65.999  37.621069     37.649      7.586   239.1323     5.6854     1.0111     0.0247      0.130      1.811      2.627        205 2.9753e+02 0.0000e+00
      1.870    24.8568     5.3413     63.283  37.694915     37.732      7.570   240.0409     5.7137     1.0245     0.0248      0.120      1.835      2.661        206 2.8054e+02 0.0000e+00
      1.895    24.8282     4.9398     58.412  37.704525     37.814      7.554   240.6087     6.1423     0.9305     0.0248      0.111      1.859      2.696        207 2.6712e+02 0.0000e+00
      1.921    24.7847     4.3416     51.238  37.787093     37.840      7.536   241.2902     6.1221     0.9574     0.0248      0.105      1.885      2.734        208 2.6187e+02 0.0000e+00
      1.949    24.7209     3.5513     41.813  38.215064     38.394      7.521   242.5773     6.1423     1.0648     0.0250      0.100      1.914      2.776        209 2.5636e+02 0.0000e+00
      1.986    24.6621     2.8075     32.962  38.388055     38.511      7.502   243.8645     6.1464     1.0379     0.0250      0.101      1.948      2.825        210 2.5413e+02 0.0000e+00
      2.024    24.5865     2.1160     24.770  38.165061     38.421      7.489   244.1673     6.5993     1.2528     0.0250      0.108      1.985      2.878        211 2.4333e+02 0.0000e+00
      2.062    24.4595     1.5166     17.711  37.513786     37.735      7.467   244.3188     6.5831     1.2259     0.0247      0.116      2.022      2.932        212 2.2964e+02 0.0000e+00
      2.098    24.3006     1.0270     11.966  37.003679     37.312      7.448   245.0380     6.5548     1.2662     0.0245      0.124      2.057      2.984        213 2.2641e+02 0.0000e+00
      2.134    24.1340     0.6246      7.261  36.901649     37.296      7.430   245.8330     6.5629     1.3199     0.0245      0.132      2.092      3.035        214 2.2456e+02 0.0000e+00
      2.168    23.9794     0.3851      4.470  36.810343     37.331      7.416   246.1359     6.8297     1.4676     0.0244      0.138      2.123      3.080        215 2.1895e+02 0.0000e+00
      2.194    23.8518     0.2586      2.998  36.850450     37.487      7.401   246.7416     6.8378     1.4945     0.0244      0.139      2.148      3.116        216 2.1235e+02 0.0000e+00
      2.210    23.7462     0.2011      2.327  36.940799     37.719      7.391   247.2338     6.8419     1.4676     0.0245      0.133      2.167      3.144        217 2.0744e+02 0.0000e+00
      2.227    23.6419     0.1714      1.979  36.846281     37.703      7.381   247.5366     6.8136     1.4139     0.0245      0.121      2.186      3.172        218 2.0557e+02 0.0000e+00
      2.254    23.5179     0.1528      1.758  36.730865     37.670      7.367   248.7102     6.9308     1.5616     0.0244      0.111      2.212      3.209        219 1.9715e+02 0.0000e+00
      2.288    23.3674     0.1381      1.584  36.728573     37.750      7.350   249.1645     6.8904     1.5482     0.0244      0.105      2.243      3.254        220 1.9026e+02 0.0000e+00
      2.321    23.2125     0.1337      1.529  36.878848     37.991      7.326   249.8081     6.9106     1.5213     0.0245      0.102      2.273      3.298        221 1.8988e+02 0.0000e+00
      2.344    23.0832     0.1290      1.473  37.255752     38.514      7.306   250.0731     6.9106     1.4676     0.0247      0.100      2.298      3.334        222 1.8485e+02 0.0000e+00
      2.366    22.9639     0.1123      1.281  37.475662     38.870      7.287   251.0195     7.1532     1.6153     0.0248      0.100      2.322      3.368        223 1.7796e+02 0.0000e+00
      2.394    22.8500     0.0979      1.116  37.435739     38.916      7.258   252.0038     7.1532     1.7630     0.0247      0.103      2.346      3.402        224 1.7745e+02 0.0000e+00
      2.415    22.7612     0.0765      0.869  37.483469     39.071      7.236   252.3066     7.1896     1.6690     0.0248      0.105      2.370      3.437        225 1.7527e+02 0.0000e+00
      2.441    22.6972     0.0732      0.826  37.683273     39.369      7.215   253.5559     7.1694     1.6825     0.0249      0.104      2.397      3.477        226 1.6769e+02 0.0000e+00
      2.478    22.6171     0.0830      0.932  37.899005     39.676      7.192   254.4266     7.1735     1.6959     0.0250      0.104      2.430      3.525        227 1.6166e+02 0.0000e+00
      2.514    22.4752     0.1028      1.149  38.549806     40.375      7.173   255.3352     7.4080     1.8973     0.0252      0.106      2.467      3.578        228 1.5519e+02 0.0000e+00
      2.556    22.3133     0.1204      1.342  39.839648     41.848      7.144   257.0766     7.4403     1.9376     0.0258      0.113      2.507      3.634        229 1.4704e+02 0.0000e+00
      2.596    22.1561     0.1427      1.585  40.891707     43.065      7.116   257.4931     7.4201     1.9510     0.0263      0.123      2.542      3.685        230 1.4080e+02 0.0000e+00
      2.621    22.0142     0.1699      1.881  41.660650     44.010      7.092   258.0988     7.3878     1.8705     0.0267      0.130      2.569      3.725        231 1.3724e+02 0.0000e+00
      2.641    21.9179     0.1847      2.037  41.671390     44.245      7.071   258.7424     7.2665     2.0719     0.0267      0.130      2.589      3.755        232 1.3353e+02 0.0000e+00
      2.658    21.8630     0.1962      2.155  41.323421     43.846      7.052   259.5752     7.2584     2.0182     0.0265      0.127      2.608      3.782        233 1.2986e+02 0.0000e+00
      2.679    21.7914     0.2096      2.292  41.559766     44.380      7.030   260.5595     7.3109     2.1390     0.0267      0.118      2.631      3.816        234 1.2473e+02 0.0000e+00
      2.711    21.5909     0.2203      2.392  43.513409     46.225      7.008   261.5817     7.2907     2.0987     0.0275      0.109      2.661      3.859        235 1.1804e+02 0.0000e+00
      2.749    21.2964     0.2327      2.512  47.437272     50.860      6.980   262.4902     7.2139     2.2330     0.0294      0.105      2.697      3.912        236 1.1236e+02 0.0000e+00
      2.792    21.0308     0.2515      2.703  49.702982     53.273      6.950   263.2852     7.2058     2.3136     0.0304      0.106      2.737      3.970        237 1.0527e+02 0.0000e+00
      2.832    20.8257     0.2670      2.862  49.685394     53.735      6.922   263.7017     7.2260     2.1927     0.0305      0.113      2.773      4.022        238 1.0064e+02 0.0000e+00
      2.858    20.6606     0.2727      2.912  50.249040     54.440      6.893   264.1181     7.2260     2.2330     0.0307      0.122      2.802      4.064        239 9.7654e+01 0.0000e+00
      2.882    20.4983     0.2793      2.971  51.702614     56.545      6.865   264.1560     6.8419     3.0924     0.0316      0.128      2.827      4.101        240 9.3223e+01 0.0000e+00
      2.910    20.3292     0.2853      3.021  54.673767     59.628      6.839   264.6102     6.8419     3.0655     0.0329      0.131      2.854      4.140        241 8.9574e+01 0.0000e+00
      2.939    20.1395     0.2851      3.003  57.980388     64.021      6.818   265.7460     6.8580     2.9984     0.0347      0.129      2.882      4.181        242 8.5365e+01 0.0000e+00
      2.969    19.9301     0.2877      3.020  63.323282     69.323      6.794   265.8595     6.8500     3.0521     0.0370      0.123      2.910      4.221        243 8.1791e+01 0.0000e+00
      2.994    19.6861     0.2838      2.965  67.594293     75.657      6.772   266.0110     6.4860     4.1532     0.0398      0.116      2.938      4.262        244 7.8640e+01 0.0000e+00
      3.027    19.3557     0.2824      2.933  67.039860     73.835      6.748   265.6702     6.4577     4.2741     0.0389      0.111      2.969      4.307        245 7.3861e+01 0.0000e+00
      3.064    19.0415     0.2830      2.924  71.201984     80.085      6.714   266.3138     6.4658     4.1801     0.0416      0.112      3.001      4.354        246 7.1024e+01 0.0000e+00
      3.089    18.8467     0.2867      2.949  75.695145     85.204      6.682   267.4117     6.4537     4.0726     0.0438      0.115      3.030      4.395        247 6.8688e+01 0.0000e+00
      3.118    18.6991     0.2881      2.951  75.145396     85.434      6.652   266.9195     5.8957     4.5292     0.0438      0.117      3.057      4.434        248 6.5384e+01 0.0000e+00
      3.147    18.5246     0.2899      2.958  76.848792     87.342      6.627   266.0488     5.8876     4.5560     0.0446      0.117      3.085      4.474        249 6.3304e+01 0.0000e+00
      3.171    18.3291     0.2860      2.909  79.578886     91.416      6.611   266.2002     5.9118     4.5158     0.0464      0.116      3.113      4.514        250 5.9905e+01 0.0000e+00
      3.205    18.0938     0.2822      2.862  78.286404     89.724      6.590   265.4052     5.8795     4.5560     0.0456      0.116      3.144      4.559        251 5.5527e+01 0.0000e+00
      3.240    17.8566     0.2778      2.811  80.062315     92.199      6.571   265.5567     5.9037     4.5963     0.0466      0.117      3.176      4.606        252 5.2148e+01 0.0000e+00
      3.271    17.6681     0.2714      2.741  85.305948     99.294      6.552   265.3674     5.2082     5.4154     0.0498      0.117      3.206      4.650        253 4.9615e+01 0.0000e+00
      3.297    17.4434     0.2583      2.605  88.260050    102.639      6.540   265.2160     5.1961     5.4289     0.0512      0.116      3.234      4.691        254 4.7298e+01 0.0000e+00
      3.326    17.1755     0.2428      2.446  91.787734    107.833      6.530   265.2917     5.2002     5.3886     0.0535      0.118      3.264      4.735        255 4.4157e+01 0.0000e+00
