Data/DataNotYetUploadedToEDI/Raw_CTD/2018_RawDownloads/081318_fcr45.cnv
* Sea-Bird SBE19plus  Data File:
* FileName = C:\DATA\081318_fcr_0009.hex
* Software version 2.6.3.104
* Temperature SN = 7809
* Conductivity SN = 7809
* System UpLoad Time = Aug 13 2018 19:27:23
* <ApplicationData>
* <Seaterm232>
# nquan = 17
# nvalues = 438                         
# units = specified
# name 0 = depFM: Depth [fresh water, m]
# name 1 = tv290C: Temperature [ITS-90, deg C]
# name 2 = sbeox0Mg/L: Oxygen, SBE 43 [mg/l]
# name 3 = sbeox0PS: Oxygen, SBE 43 [% saturation]
# name 4 = c0uS/cm: Conductivity [uS/cm]
# name 5 = specc: Specific Conductance [uS/cm]
# name 6 = ph: pH
# name 7 = orp: Oxidation Reduction Potential [mV]
# name 8 = flECO-AFL: Fluorescence, WET Labs ECO-AFL/FL [mg/m^3]
# name 9 = turbWETntu0: Turbidity, WET Labs ECO [NTU]
# name 10 = sal00: Salinity, Practical [PSU]
# name 11 = dz/dtM: Descent Rate [m/s]
# name 12 = prdM: Pressure, Strain Gauge [db]
# name 13 = prdE: Pressure, Strain Gauge [psi]
# name 14 = scan: Scan Count
# name 15 = par/sat/log: PAR/Logarithmic, Satlantic
# name 16 = flag:  0.000e+00
# span 0 =     -0.585,      7.132       
# span 1 =    11.9694,    27.7917       
# span 2 =     0.0816,     9.6953       
# span 3 =      0.766,    122.946       
# span 4 =  -0.036342,  41.567535       
# span 5 =      0.676,     54.322       
# span 6 =      6.260,      8.257       
# span 7 =   173.7150,   278.7310       
# span 8 =    -0.2021,     8.3785       
# span 9 =    -0.2914,    21.5424       
# span 10 =     0.0119,     0.0279      
# span 11 =     -0.087,      0.336      
# span 12 =     -0.573,      6.994      
# span 13 =     -0.831,     10.143      
# span 14 =          1,        438      
# span 15 = 1.2283e-01, 6.0987e+02      
# span 16 = 0.0000e+00, 0.0000e+00      
# interval = seconds: 0.25
# start_time = Aug 13 2018 19:35:44 [Instrument's time stamp, header]
# bad_flag = -9.990e-29
*END*
[from data line 171]
      0.016    27.2184     5.9390     75.081  37.537095     35.945      8.024   239.4730     4.1488     0.8902     0.0246      0.027      0.015      0.021        172 3.1716e+02 0.0000e+00
      0.015    27.2201     6.5578     83.042  37.545534     35.943      8.023   239.5487     4.1690     0.9305     0.0246      0.023      0.016      0.022        173 3.1501e+02 0.0000e+00
      0.017    27.2165     7.3652     93.354  37.618338     36.021      8.029   239.1702     4.1569     0.8097     0.0246      0.017      0.020      0.028        174 3.0772e+02 0.0000e+00
      0.029    27.2129     8.1074    102.813  37.565131     35.966      8.032   239.0187     4.1326     0.8365     0.0246      0.015      0.028      0.041        175 2.9817e+02 0.0000e+00
      0.039    27.2115     8.7429    110.898  37.493106     35.888      8.033   239.3973     4.1407     0.8365     0.0246      0.016      0.036      0.053        176 2.9396e+02 0.0000e+00
      0.043    27.2095     9.2286    117.067  37.530010     35.944      8.034   239.8137     4.1609     0.8902     0.0246      0.016      0.041      0.059        177 3.0370e+02 0.0000e+00
      0.043    27.2079     9.5430    121.050  37.548866     35.945      8.033   240.0409     4.1690     0.9574     0.0246      0.017      0.042      0.061        178 3.0359e+02 0.0000e+00
      0.042    27.2034     9.6953    122.946  37.528963     35.946      8.033   240.0030     4.1529     0.7828     0.0246      0.018      0.041      0.059        179 3.0017e+02 0.0000e+00
      0.039    27.2021     9.6665    122.569  37.495461     35.894      8.032   240.2302     4.1529     0.8097     0.0246      0.016      0.040      0.058        180 2.9897e+02 0.0000e+00
      0.040    27.2702     9.5230    120.741  37.560901     35.977      8.033   240.3059     4.2782     0.8097     0.0246      0.013      0.040      0.058        181 2.9831e+02 0.0000e+00
      0.043    27.4004     9.3585    118.656  37.862775     36.247      8.034   240.7223     4.3146     0.8231     0.0247      0.009      0.042      0.061        182 2.9899e+02 0.0000e+00
      0.045    27.4959     9.2278    117.001  38.128241     36.495      8.036   240.9116     4.2742     0.8499     0.0248      0.004      0.044      0.063        183 2.9579e+02 0.0000e+00
      0.046    27.5474     9.1279    115.739  38.120324     36.347      8.035   240.9495     4.2822     0.8902     0.0248      0.002      0.044      0.064        184 2.9720e+02 0.0000e+00
      0.044    27.5778     9.0559    114.828  38.139521     36.337      8.036   241.1009     4.1569     0.8634     0.0248      0.001      0.043      0.063        185 2.9715e+02 0.0000e+00
      0.042    27.5898     9.0106    114.253  38.193286     36.326      8.036   240.7602     4.1609     0.8768     0.0248      0.001      0.042      0.062        186 2.9496e+02 0.0000e+00
      0.045    27.5946     8.9704    113.739  38.142366     36.280      8.037   240.6087     4.1407     0.8634     0.0248      0.002      0.045      0.066        187 2.9582e+02 0.0000e+00
      0.051    27.5903     8.9312    113.236  38.113888     36.217      8.037   240.8737     4.1609     0.7828     0.0248      0.004      0.051      0.073        188 2.9560e+02 0.0000e+00
      0.058    27.5766     8.8985    112.810  38.139736     36.268      8.040   240.9495     4.2014     0.8365     0.0248      0.006      0.056      0.080        189 2.9570e+02 0.0000e+00
      0.061    27.5689     8.8708    112.417  38.110196     36.217      8.033   241.4795     4.1933     0.8365     0.0248      0.008      0.058      0.083        190 2.9941e+02 0.0000e+00
      0.058    27.5664     8.8511    112.120  38.120990     36.254      8.034   241.9716     4.1933     0.8634     0.0248      0.009      0.056      0.082        191 3.0420e+02 0.0000e+00
      0.053    27.5656     8.8444    111.998  38.155970     36.285      8.032   241.7823     4.2337     0.8768     0.0248      0.008      0.053      0.077        192 3.0847e+02 0.0000e+00
      0.051    27.5675     8.8531    112.098  38.096329     36.234      8.030   242.1230     4.2701     0.8634     0.0248      0.006      0.051      0.075        193 3.0600e+02 0.0000e+00
      0.053    27.5693     8.8647    112.204  38.106231     36.234      8.027   242.2745     4.2701     0.9036     0.0248      0.004      0.053      0.076        194 3.0057e+02 0.0000e+00
      0.057    27.5704     8.8773    112.311  38.143648     36.287      8.030   242.4637     4.2822     0.8499     0.0248      0.002      0.055      0.080        195 2.9733e+02 0.0000e+00
      0.057    27.5701     8.8915    112.471  38.109086     36.232      8.029   242.5773     4.3025     0.8499     0.0248     -0.000      0.056      0.082        196 3.0012e+02 0.0000e+00
      0.058    27.5677     8.8914    112.464  38.119583     36.258      8.031   242.1987     4.5208     0.8634     0.0248     -0.001      0.058      0.085        197 2.9543e+02 0.0000e+00
      0.064    27.5654     8.8855    112.389  38.100924     36.232      8.033   242.0852     4.5370     0.9171     0.0248      0.002      0.063      0.093        198 2.8489e+02 0.0000e+00
      0.073    27.5583     8.8858    112.393  38.102643     36.233      8.035   241.8580     4.5491     0.9171     0.0248      0.007      0.073      0.107        199 2.8544e+02 0.0000e+00
      0.087    27.5386     8.8917    112.447  38.087782     36.235      8.038   241.8580     4.5208     0.8231     0.0248      0.015      0.087      0.127        200 2.8145e+02 0.0000e+00
      0.107    27.5140     8.9111    112.661  38.060099     36.186      8.040   241.9337     4.5330     0.7828     0.0248      0.024      0.107      0.156        201 2.6878e+02 0.0000e+00
      0.134    27.4970     8.9317    112.889  38.048117     36.227      8.036   241.7066     4.6057     0.8902     0.0248      0.036      0.132      0.191        202 2.4638e+02 0.0000e+00
      0.163    27.4904     8.9372    112.906  37.984060     36.137      8.030   242.0095     4.6138     0.8499     0.0248      0.051      0.160      0.231        203 2.4378e+02 0.0000e+00
      0.191    27.4707     8.9427    112.883  38.021184     36.230      8.026   242.4637     4.5936     0.8634     0.0248      0.067      0.186      0.269        204 2.4115e+02 0.0000e+00
      0.213    27.4449     8.9417    112.798  37.972263     36.153      8.025   242.2366     4.6138     0.8365     0.0248      0.080      0.208      0.301        205 2.2145e+02 0.0000e+00
      0.232    27.4348     8.9363    112.678  37.896642     36.114      8.032   242.3880     5.0020     0.8634     0.0247      0.089      0.224      0.325        206 2.2515e+02 0.0000e+00
      0.240    27.4320     8.9379    112.591  37.966999     36.185      8.029   244.3188     4.9656     0.8097     0.0248      0.090      0.233      0.338        207 2.2675e+02 0.0000e+00
      0.240    27.4319     8.9463    112.576  38.003361     36.245      8.025   246.6280     4.9494     0.8634     0.0248      0.082      0.239      0.346        208 2.1898e+02 0.0000e+00
      0.250    27.4310     8.9580    112.610  37.970040     36.194      8.034   245.2652     4.9575     0.8097     0.0248      0.071      0.250      0.362        209 2.2129e+02 0.0000e+00
      0.274    27.4216     8.9662    112.599  37.949147     36.194      8.050   244.5080     5.2649     0.9036     0.0248      0.062      0.271      0.392        210 2.1752e+02 0.0000e+00
      0.301    27.4059     8.9714    112.595  37.910720     36.141      8.065   244.7730     5.2851     0.9574     0.0247      0.058      0.297      0.431        211 2.0603e+02 0.0000e+00
      0.334    27.3897     8.9851    112.680  37.899218     36.148      8.070   244.9245     5.2729     0.8634     0.0247      0.061      0.327      0.475        212 2.0046e+02 0.0000e+00
      0.367    27.3627     8.9918    112.689  37.904142     36.158      8.076   245.9088     5.2729     0.9305     0.0247      0.070      0.360      0.522        213 1.9675e+02 0.0000e+00
      0.400    27.3181     8.9939    112.689  37.845280     36.116      8.080   246.4388     5.1638     0.8097     0.0247      0.084      0.392      0.568        214 1.9227e+02 0.0000e+00
      0.431    27.2824     8.9968    112.740  37.794517     36.081      8.085   246.8552     5.1476     0.8499     0.0247      0.101      0.422      0.611        215 1.8985e+02 0.0000e+00
      0.456    27.2547     8.9959    112.729  37.789364     36.113      8.090   246.4766     5.1678     1.1051     0.0247      0.113      0.448      0.649        216 1.8640e+02 0.0000e+00
      0.483    27.2028     8.9887    112.597  37.792392     36.137      8.099   247.1202     5.1759     0.8097     0.0247      0.118      0.473      0.685        217 1.8276e+02 0.0000e+00
      0.507    27.1433     8.9817    112.418  37.731447     36.102      8.101   247.4988     5.1314     0.8902     0.0247      0.117      0.494      0.717        218 1.8074e+02 0.0000e+00
      0.521    27.0856     8.9635    112.094  37.687264     36.085      8.100   247.5366     5.1355     0.8097     0.0247      0.111      0.510      0.741        219 1.7869e+02 0.0000e+00
      0.533    27.0320     8.9547    111.931  37.669439     36.127      8.105   248.1802     5.1435     0.9036     0.0247      0.100      0.524      0.760        220 1.7503e+02 0.0000e+00
      0.547    26.9948     8.9500    111.880  37.635018     36.112      8.113   248.4831     5.1678     0.8902     0.0246      0.088      0.541      0.785        221 1.7110e+02 0.0000e+00
      0.574    26.9532     8.9666    112.111  37.611489     36.151      8.115   249.5809     5.1678     0.8634     0.0246      0.081      0.566      0.821        222 1.6548e+02 0.0000e+00
      0.611    26.9156     9.0020    112.486  37.550444     36.094      8.114   249.4295     5.1435     0.8231     0.0246      0.080      0.595      0.864        223 1.5980e+02 0.0000e+00
      0.634    26.9035     9.0331    112.792  37.562707     36.151      8.115   249.6566     5.1476     0.8231     0.0246      0.082      0.620      0.898        224 1.5677e+02 0.0000e+00
      0.650    26.9089     9.0489    112.948  37.536928     36.150      8.113   249.5431     5.1516     0.8231     0.0246      0.083      0.636      0.923        225 1.5354e+02 0.0000e+00
      0.663    26.9101     9.0480    112.915  37.552881     36.159      8.113   249.3538     5.1476     0.8365     0.0246      0.083      0.650      0.944        226 1.5144e+02 0.0000e+00
      0.676    26.8887     9.0402    112.773  37.602180     36.235      8.118   248.8995     5.1718     0.8499     0.0246      0.083      0.669      0.971        227 1.4904e+02 0.0000e+00
      0.710    26.8439     9.0170    112.392  37.505237     36.100      8.124   249.3538     5.1718     0.8499     0.0246      0.086      0.698      1.012        228 1.4446e+02 0.0000e+00
      0.748    26.7972     8.9922    111.907  37.465906     36.115      8.124   249.5431     5.1718     0.9439     0.0246      0.090      0.731      1.061        229 1.3962e+02 0.0000e+00
      0.778    26.7700     8.9760    111.527  37.443516     36.092      8.133   249.7323     5.1516     0.9708     0.0246      0.092      0.761      1.104        230 1.3686e+02 0.0000e+00
      0.802    26.7750     8.9841    111.506  37.355159     36.071      8.137   249.8838     5.2163     0.7962     0.0246      0.094      0.783      1.136        231 1.3630e+02 0.0000e+00
      0.816    26.7837     8.9980    111.611  37.397927     36.090      8.141   249.8081     5.2123     0.9171     0.0246      0.097      0.802      1.164        232 1.3409e+02 0.0000e+00
      0.838    26.7526     9.0369    112.042  37.449626     36.195      8.150   250.1109     5.2163     0.7962     0.0246      0.100      0.825      1.196        233 1.3044e+02 0.0000e+00
      0.870    26.7111     9.0908    112.654  37.350142     36.025      8.152   250.3759     5.2082     0.8097     0.0245      0.103      0.850      1.233        234 1.2823e+02 0.0000e+00
      0.890    26.6916     9.1359    113.151  37.343773     36.102      8.157   250.4138     5.2406     0.8902     0.0246      0.102      0.872      1.265        235 1.2671e+02 0.0000e+00
      0.908    26.6795     9.1820    113.648  37.338922     36.077      8.161   250.3381     5.2891     0.9305     0.0245      0.094      0.892      1.294        236 1.2409e+02 0.0000e+00
      0.932    26.6590     9.2161    113.961  37.296878     36.091      8.164   250.9059     5.2608     0.8365     0.0245      0.089      0.914      1.326        237 1.2167e+02 0.0000e+00
      0.956    26.6117     9.2245    113.941  37.277470     36.045      8.164   250.8681     5.2689     0.8231     0.0245      0.087      0.939      1.362        238 1.1923e+02 0.0000e+00
      0.987    26.5266     9.2112    113.709  37.185122     36.005      8.166   251.1331     5.4630     0.8365     0.0245      0.091      0.968      1.404        239 1.1500e+02 0.0000e+00
      1.020    26.4377     9.1994    113.529  37.085556     35.902      8.163   251.1709     5.4832     0.9305     0.0244      0.097      0.998      1.447        240 1.1280e+02 0.0000e+00
      1.044    26.3779     9.1868    113.303  37.075146     35.989      8.164   251.8145     5.4670     0.9036     0.0245      0.099      1.024      1.484        241 1.1045e+02 0.0000e+00
      1.068    26.3436     9.1617    112.903  37.020158     35.970      8.164   251.7388     5.4711     0.8634     0.0244      0.100      1.047      1.518        242 1.0731e+02 0.0000e+00
      1.092    26.3179     9.1245    112.377  37.005730     36.012      8.169   251.8902     5.4387     0.8097     0.0244      0.103      1.072      1.553        243 1.0572e+02 0.0000e+00
      1.116    26.2904     9.0525    111.411  37.004154     36.036      8.177   251.5873     5.7056     0.9036     0.0244      0.104      1.099      1.592        244 1.0270e+02 0.0000e+00
      1.152    26.2601     8.9582    110.123  36.962821     35.999      8.190   251.8902     5.7380     0.8634     0.0244      0.106      1.129      1.637        245 9.9568e+01 0.0000e+00
      1.184    26.2240     8.8269    108.296  36.968203     36.046      8.203   252.0038     5.7137     0.9439     0.0244      0.108      1.159      1.681        246 9.7667e+01 0.0000e+00
      1.209    26.1714     8.6702    106.215  36.908491     35.986      8.216   251.8523     5.7056     0.8365     0.0244      0.108      1.186      1.721        247 9.5608e+01 0.0000e+00
      1.237    26.1128     8.4913    103.916  36.829531     35.956      8.224   252.1552     6.0251     0.8365     0.0244      0.108      1.211      1.756        248 9.4009e+01 0.0000e+00
      1.257    26.0792     8.3046    101.524  36.799551     35.938      8.231   251.5873     6.0493     0.8499     0.0243      0.109      1.235      1.791        249 9.2700e+01 0.0000e+00
      1.285    26.0617     8.1274     99.282  36.827189     36.035      8.238   251.6631     6.0251     0.8365     0.0244      0.109      1.261      1.829        250 9.0097e+01 0.0000e+00
      1.316    26.0274     7.9757     97.378  36.795162     36.004      8.242   251.5495     6.0251     0.7559     0.0243      0.109      1.288      1.869        251 8.8305e+01 0.0000e+00
      1.339    25.9847     7.8907     96.209  36.720788     35.961      8.247   252.0795     6.1989     1.0782     0.0243      0.107      1.312      1.904        252 8.6959e+01 0.0000e+00
      1.361    25.9498     7.8436     95.360  36.593507     35.848      8.254   252.0038     6.2151     1.1319     0.0243      0.102      1.335      1.938        253 8.5089e+01 0.0000e+00
      1.387    25.9128     7.8297     94.791  36.538350     35.824      8.257   252.3445     6.2151     1.0648     0.0242      0.100      1.360      1.974        254 8.3375e+01 0.0000e+00
      1.414    25.8457     7.8215     94.250  36.522518     35.848      8.250   252.2309     6.2272     1.0648     0.0242      0.100      1.389      2.016        255 8.0876e+01 0.0000e+00
