Data/DataNotYetUploadedToEDI/Raw_CTD/2018_RawDownloads/081318_fcr20.cnv
* Sea-Bird SBE19plus  Data File:
* FileName = C:\DATA\081318_fcr_0006.hex
* Software version 2.6.3.104
* Temperature SN = 7809
* Conductivity SN = 7809
* System UpLoad Time = Aug 13 2018 19:26:38
* <ApplicationData>
* <Seaterm232>
# nquan = 17
# nvalues = 275                         
# units = specified
# name 0 = depFM: Depth [fresh water, m]
# name 1 = tv290C: Temperature [ITS-90, deg C]
# name 2 = sbeox0Mg/L: Oxygen, SBE 43 [mg/l]
# name 3 = sbeox0PS: Oxygen, SBE 43 [% saturation]
# name 4 = c0uS/cm: Conductivity [uS/cm]
# name 5 = specc: Specific Conductance [uS/cm]
# name 6 = ph: pH
# name 7 = orp: Oxidation Reduction Potential [mV]
# name 8 = flECO-AFL: Fluorescence, WET Labs ECO-AFL/FL [mg/m^3]
# name 9 = turbWETntu0: Turbidity, WET Labs ECO [NTU]
# name 10 = sal00: Salinity, Practical [PSU]
# name 11 = dz/dtM: Descent Rate [m/s]
# name 12 = prdM: Pressure, Strain Gauge [db]
# name 13 = prdE: Pressure, Strain Gauge [psi]
# name 14 = scan: Scan Count
# name 15 = par/sat/log: PAR/Logarithmic, Satlantic
# name 16 = flag:  0.000e+00
# span 0 =     -0.555,      3.695       
# span 1 =    15.5272,    26.6511       
# span 2 =     0.0732,     8.9252       
# span 3 =      0.826,    109.548       
# span 4 =  -0.020674, 263.373228       
# span 5 =      0.571,    324.229       
# span 6 =      6.220,      8.886       
# span 7 = -1240.7455,  1240.2295       
# span 8 =    -0.5256,   258.1299       
# span 9 =    -1.1911,    75.2273       
# span 10 =     0.0117,     0.1549      
# span 11 =     -0.082,      0.368      
# span 12 =     -0.544,      3.623      
# span 13 =     -0.789,      5.255      
# span 14 =          1,        275      
# span 15 = 1.5577e+01, 2.6492e+03      
# span 16 = 0.0000e+00, 0.0000e+00      
# interval = seconds: 0.25
# start_time = Aug 13 2018 18:14:59 [Instrument's time stamp, header]
# bad_flag = -9.990e-29
*END*
[from data line 256]
      3.398    16.7017     0.2197      2.212  96.220475    114.085      6.505   264.0802     5.1516     7.6713     0.0562      0.123      3.332      4.832        257 3.8700e+01 0.0000e+00
      3.432    16.4973     0.2006      2.018  99.132236    118.284      6.490   263.2852     5.1233     7.8190     0.0581      0.126      3.365      4.881        258 3.5906e+01 0.0000e+00
      3.467    16.3202     0.1856      1.866 101.384844    121.432      6.482   261.7709     5.1395     7.6982     0.0594      0.127      3.398      4.928        259 3.3777e+01 0.0000e+00
      3.494    16.1690     0.1679      1.686 104.158448    125.618      6.478   262.5281     5.1395     7.7116     0.0613      0.127      3.428      4.972        260 3.1393e+01 0.0000e+00
      3.527    16.0366     0.1559      1.565 103.982776    125.881      6.472   259.4995     5.0829    10.3166     0.0614      0.129      3.458      5.015        261 2.8613e+01 0.0000e+00
      3.557    15.9270     0.1464      1.469 104.877023    127.026      6.469   257.0766     5.0788    10.2898     0.0618      0.129      3.485      5.055        262 2.6910e+01 0.0000e+00
      3.577    15.8435     0.1379      1.385 105.307573    128.940      6.472   255.3352     5.0708    10.3569     0.0627      0.125      3.508      5.089        263 2.5492e+01 0.0000e+00
      3.600    15.7839 -9.990e-29 -9.990e-29 106.095826    128.632      6.476   253.4045     5.0546    10.2763     0.0625      0.117      3.532      5.122        264 2.3456e+01 0.0000e+00
      3.628    15.7148 -9.990e-29 -9.990e-29 104.550940    129.448      6.478   250.9438     5.1152    11.0955     0.0628      0.112      3.555      5.157        265 2.1714e+01 0.0000e+00
      3.647    15.6766 -9.990e-29 -9.990e-29 110.087530    132.486      6.485   248.5588     5.1516    11.1089     0.0642      0.105      3.573      5.183        266 2.1284e+01 0.0000e+00
      3.655    15.6707 -9.990e-29 -9.990e-29 105.039341    133.195      6.494   245.9088     5.1193    11.1357     0.0645      0.095      3.584      5.198        267 2.1259e+01 0.0000e+00
      3.662    15.6302 -9.990e-29 -9.990e-29 129.799579    151.472      6.501   243.2966     5.1395    11.1089     0.0730      0.084      3.592      5.210        268 2.1008e+01 0.0000e+00
      3.671    15.5760 -9.990e-29 -9.990e-29 231.780943    291.361      6.506   241.2523     4.8928    10.0078     0.1391      0.072      3.600      5.221        269 2.0664e+01 0.0000e+00
      3.678    15.5437 -9.990e-29 -9.990e-29 263.373228    324.229      6.518   238.8295     4.8888    10.0212     0.1549      0.060      3.607      5.231        270 1.9738e+01 0.0000e+00
      3.684    15.5272 -9.990e-29 -9.990e-29 250.239270    304.750      6.524   235.5737     4.9090    10.0884     0.1455      0.050      3.613      5.240        271 1.7851e+01 0.0000e+00
      3.690    15.5326 -9.990e-29 -9.990e-29 246.438875    310.255      6.534   232.8101     4.8848    10.1152     0.1481      0.040      3.618      5.248        272 1.6044e+01 0.0000e+00
      3.694    15.5459 -9.990e-29 -9.990e-29 226.729256    271.689      6.539   231.3337     4.8928     9.8332     0.1296      0.030      3.621      5.253        273 1.5577e+01 0.0000e+00
      3.695 -9.990e-29 -9.990e-29 -9.990e-29 184.207104    238.493      6.547   228.8730     4.8969     9.8601     0.1138      0.024      3.623      5.255        274 1.5765e+01 0.0000e+00
      3.695 -9.990e-29 -9.990e-29 -9.990e-29 139.958889    158.163      6.554   227.9266     4.9050     9.8198     0.0760      0.021      3.623      5.255        275 1.5815e+01 0.0000e+00
