Data/DataNotYetUploadedToEDI/Raw_CTD/2018_RawDownloads/081418_fcr50.cnv
* Sea-Bird SBE19plus  Data File:
* FileName = C:\DATA\081318_fcr50_0001.hex
* Software version 2.6.3.104 SB_Terminal.dll
* Temperature SN = 7809
* Conductivity SN = 7809
* System UpLoad Time = Aug 14 2018 15:58:17
* <ApplicationData>
* <Seaterm232>
# nquan = 15
# nvalues = 1321                        
# units = specified
# name 0 = depFM: Depth [fresh water, m]
# name 1 = dz/dtM: Descent Rate [m/s]
# name 2 = sbeox0Mg/L: Oxygen, SBE 43 [mg/l]
# name 3 = sbeox0PS: Oxygen, SBE 43 [% saturation]
# name 4 = specc: Specific Conductance [uS/cm]
# name 5 = c0uS/cm: Conductivity [uS/cm]
# name 6 = flECO-AFL: Fluorescence, WET Labs ECO-AFL/FL [mg/m^3]
# name 7 = ph: pH
# name 8 = orp: Oxidation Reduction Potential [mV]
# name 9 = par/sat/log: PAR/Logarithmic, Satlantic
# name 10 = turbWETntu0: Turbidity, WET Labs ECO [NTU]
# name 11 = prdM: Pressure, Strain Gauge [db]
# name 12 = prdE: Pressure, Strain Gauge [psi]
# name 13 = tv290C: Temperature [ITS-90, deg C]
# name 14 = flag:  0.000e+00
# span 0 =     -0.548,      9.764       
# span 1 =     -0.038,      0.235       
# span 2 =     0.0216,     9.0512       
# span 3 =      0.200,    110.699       
# span 4 =      2.511,    206.558       
# span 5 =   2.681506, 152.358074       
# span 6 =    -0.1948,     8.2391       
# span 7 =     -2.388,      7.735       
# span 8 = -1240.7455,   304.8321       
# span 9 = 1.2527e-01, 2.5762e+03       
# span 10 =    -0.6876,    30.5879      
# span 11 =     -0.538,      9.577      
# span 12 =     -0.780,     13.890      
# span 13 =    11.8314,    28.4101      
# span 14 = 0.0000e+00, 0.0000e+00      
# interval = seconds: 0.25
# start_time = Aug 14 2018 15:59:03 [Instrument's time stamp, header]
# bad_flag = -9.990e-29
*END*
[from data line 772]
      5.352      0.027     1.2890     11.991     53.942  40.032144     0.9061      6.083   295.0227 2.2758e+00    23.7039      5.248      7.612    12.0873 0.0000e+00
      5.355      0.038     1.3010     12.100     53.867  39.965203     0.9088      6.078   294.2672 2.2433e+00    23.6677      5.250      7.615    12.0899 0.0000e+00
      5.365      0.049     1.3073     12.154     53.866  39.948225     0.9298      6.075   293.4731 2.1593e+00    23.5434      5.257      7.626    12.0994 0.0000e+00
      5.385      0.057     1.3111     12.186     53.889  39.953923     0.9662      6.074   292.9068 2.0311e+00    23.3602      5.279      7.656    12.1084 0.0000e+00
      5.409      0.062     1.3146     12.218     53.918  39.970543     0.9905      6.074   292.5827 1.9153e+00    23.2840      5.308      7.699    12.1083 0.0000e+00
      5.429      0.063     1.3214     12.281     53.902  39.958560     1.0038      6.075   292.4799 1.8372e+00    23.2929      5.327      7.726    12.0944 0.0000e+00
      5.443      0.060     1.3365     12.421     53.871  39.936121     1.0068      6.075   292.4384 1.7832e+00    23.2854      5.338      7.743    12.0761 0.0000e+00
      5.453      0.054     1.3609     12.648     53.895  39.953388     0.9993      6.074   292.3388 1.7326e+00    23.3463      5.346      7.755    12.0654 0.0000e+00
      5.465      0.049     1.3887     12.907     53.925  39.976711     0.9878      6.074   291.7060 1.6798e+00    23.4484      5.357      7.770    12.0613 0.0000e+00
      5.478      0.047     1.4167     13.168     53.905  39.963973     0.9775      6.075   290.6383 1.6378e+00    23.4834      5.373      7.792    12.0630 0.0000e+00
      5.490      0.048     1.4441     13.421     53.854  39.926445     0.9841      6.075   290.0973 1.5873e+00    23.4934      5.384      7.809    12.0644 0.0000e+00
      5.501      0.050     1.4667     13.631     53.827  39.904193     0.9856      6.074   290.1561 1.5207e+00    23.5393      5.394      7.823    12.0619 0.0000e+00
      5.513      0.050     1.4818     13.771     53.807  39.885540     0.9767      6.074   290.4024 1.4482e+00    23.6115      5.407      7.841    12.0632 0.0000e+00
      5.528      0.049     1.4893     13.840     53.820  39.891527     0.9781      6.074   290.1505 1.3775e+00    23.6636      5.421      7.863    12.0670 0.0000e+00
      5.543      0.048     1.4906     13.851     53.851  39.913039     0.9751      6.075   289.3469 1.3095e+00    23.6508      5.436      7.885    12.0663 0.0000e+00
      5.556      0.045     1.4884     13.831     53.820  39.891486     0.9683      6.077   288.7737 1.2451e+00    23.5795      5.450      7.904    12.0638 0.0000e+00
      5.566      0.042     1.4879     13.828     53.807  39.885076     0.9691      6.078   288.6405 1.1961e+00    23.5034      5.460      7.918    12.0616 0.0000e+00
      5.575      0.039     1.4913     13.860     53.821  39.899084     0.9746      6.078   288.5965 1.1436e+00    23.4930      5.466      7.928    12.0566 0.0000e+00
      5.583      0.036     1.4959     13.903     53.780  39.870247     0.9801      6.078   288.4140 1.0780e+00    23.5143      5.475      7.941    12.0546 0.0000e+00
      5.593      0.032     1.5012     13.951     53.762  39.854093     0.9627      6.079   288.4122 1.0141e+00    23.3646      5.485      7.955    12.0564 0.0000e+00
      5.602      0.030     1.5074     14.008     53.824  39.894382     0.9292      6.081   288.4036 9.5115e-01    23.0563      5.494      7.969    12.0592 0.0000e+00
      5.610      0.028     1.5129     14.058     53.854  39.912605     0.9149      6.082   288.1374 8.9955e-01    22.8693      5.502      7.980    12.0644 0.0000e+00
      5.616      0.026     1.5173     14.097     53.819  39.883808     0.9190      6.082   288.0320 8.6059e-01    22.8437      5.508      7.989    12.0665 0.0000e+00
      5.621      0.025     1.5206     14.127     53.795  39.863888     0.9415      6.083   288.1626 8.1779e-01    22.8991      5.513      7.995    12.0633 0.0000e+00
      5.626      0.025     1.5227     14.147     53.792  39.862360     0.9666      6.084   288.7701 7.6131e-01    22.9894      5.517      8.002    12.0569 0.0000e+00
      5.632      0.026     1.5242     14.163     53.786  39.865335     0.9750      6.084   289.6123 7.1765e-01    23.0209      5.523      8.011    12.0522 0.0000e+00
      5.639      0.028     1.5267     14.192     53.811  39.899864     0.9777      6.084   289.8282 7.0278e-01    23.0353      5.530      8.020    12.0505 0.0000e+00
      5.647      0.030     1.5291     14.219     53.867  39.962175     0.9532      6.084   289.7465 6.8583e-01    23.2247      5.538      8.032    12.0490 0.0000e+00
      5.656      0.031     1.5317     14.249     53.869  39.983382     0.9004      6.083   289.5707 6.7235e-01    23.5411      5.546      8.044    12.0462 0.0000e+00
      5.664      0.031     1.5384     14.315     53.833  39.965684     0.8626      6.083   289.6812 6.6997e-01    23.6867      5.554      8.056    12.0532 0.0000e+00
      5.673      0.031     1.5452     14.376     53.807  39.938810     0.8457      6.083   290.4803 6.6572e-01    23.6723      5.564      8.069    12.0710 0.0000e+00
      5.680      0.031     1.5461     14.379     53.796  39.912598     0.8424      6.083   290.9725 6.5894e-01    23.6420      5.570      8.079    12.0892 0.0000e+00
      5.686      0.031     1.5441     14.355     53.805  39.902888     0.8499      6.081   290.9857 6.5514e-01    23.4422      5.575      8.086    12.1120 0.0000e+00
      5.693      0.031     1.5439     14.350     53.798  39.884926     0.8545      6.080   290.8982 6.6605e-01    23.0885      5.583      8.098    12.1247 0.0000e+00
      5.703      0.031     1.5400     14.312     53.809  39.886020     0.8520      6.081   290.6882 6.8016e-01    22.8738      5.593      8.111    12.1130 0.0000e+00
      5.712      0.032     1.5309     14.227     53.853  39.916101     0.8471      6.082   290.6851 6.7947e-01    22.7996      5.602      8.125    12.0921 0.0000e+00
      5.720      0.032     1.5249     14.171     53.874  39.930947     0.8418      6.082   291.0321 6.8059e-01    22.6489      5.611      8.137    12.0763 0.0000e+00
      5.727      0.031     1.5219     14.143     53.883  39.938446     0.8419      6.082   291.3568 6.9147e-01    22.4251      5.618      8.146    12.0652 0.0000e+00
      5.735      0.030     1.5212     14.138     53.881  39.943235     0.8486      6.082   291.4274 6.9813e-01    22.2914      5.625      8.158    12.0580 0.0000e+00
      5.744      0.029     1.5252     14.179     53.842  39.925319     0.8492      6.082   291.3698 7.0225e-01    22.2228      5.633      8.170    12.0575 0.0000e+00
      5.752      0.027     1.5298     14.224     53.812  39.912444     0.8489      6.081   291.0042 7.0483e-01    22.1450      5.641      8.181    12.0567 0.0000e+00
      5.759      0.025     1.5328     14.254     53.808  39.914655     0.8451      6.080   290.4481 7.0193e-01    22.0826      5.648      8.191    12.0543 0.0000e+00
      5.764      0.023     1.5387     14.308     53.776  39.888524     0.8401      6.080   290.3253 6.9470e-01    22.0479      5.653      8.199    12.0624 0.0000e+00
      5.769      0.021     1.5465     14.376     53.739  39.850640     0.8533      6.081   290.5518 6.8287e-01    22.0304      5.659      8.208    12.0750 0.0000e+00
      5.774      0.019     1.5511     14.416     53.740  39.837824     0.8675      6.081   290.6905 6.7196e-01    21.8407      5.663      8.214    12.0828 0.0000e+00
      5.778      0.019     1.5534     14.434     53.783  39.860624     0.8641      6.082   290.2817 6.6366e-01    21.4947      5.667      8.219    12.0889 0.0000e+00
      5.782      0.019     1.5550     14.448     53.799  39.872148     0.8489      6.082   289.6536 6.5076e-01    21.3252      5.671      8.225    12.0878 0.0000e+00
      5.787      0.020     1.5557     14.455     53.765  39.850083     0.8400      6.083   289.5489 6.3869e-01    21.3181      5.676      8.232    12.0764 0.0000e+00
      5.792      0.021     1.5559     14.457     53.766  39.847992     0.8755      6.083   289.6175 6.2937e-01    21.2857      5.680      8.239    12.0616 0.0000e+00
      5.798      0.024     1.5570     14.465     53.775  39.846857     0.9387      6.083   289.7956 6.1330e-01    21.2089      5.686      8.247    12.0506 0.0000e+00
      5.804      0.026     1.5570     14.463     53.771  39.836348     0.9696      6.083   289.8956 5.9726e-01    21.1515      5.692      8.255    12.0519 0.0000e+00
      5.811      0.027     1.5550     14.442     53.794  39.847995     0.9738      6.083   289.4495 5.8887e-01    21.1412      5.698      8.264    12.0599 0.0000e+00
      5.820      0.028     1.5537     14.430     53.814  39.860607     0.9711      6.084   289.1332 5.7767e-01    21.1466      5.707      8.277    12.0568 0.0000e+00
      5.829      0.028     1.5520     14.414     53.817  39.861763     0.9829      6.085   289.2552 5.7207e-01    21.0945      5.717      8.292    12.0463 0.0000e+00
      5.835      0.028     1.5506     14.401     53.818  39.861972     1.0153      6.086   289.3765 5.8578e-01    20.9683      5.722      8.301    12.0387 0.0000e+00
      5.841      0.027     1.5504     14.398     53.820  39.863127     1.0322      6.086   289.4810 6.0346e-01    20.9028      5.727      8.307    12.0340 0.0000e+00
      5.848      0.024     1.5472     14.368     53.837  39.875731     1.0307      6.085   289.8300 6.1226e-01    20.9131      5.734      8.316    12.0325 0.0000e+00
      5.855      0.023     1.5427     14.327     53.853  39.887284     1.0344      6.085   290.2411 6.1756e-01    20.9402      5.742      8.328    12.0320 0.0000e+00
      5.860      0.024     1.5403     14.305     53.837  39.875742     1.0492      6.085   290.3215 6.2010e-01    21.0164      5.748      8.336    12.0314 0.0000e+00
      5.864      0.026     1.5371     14.275     53.820  39.863257     1.0534      6.085   290.1134 6.2287e-01    21.1024      5.751      8.341    12.0308 0.0000e+00
      5.868      0.029     1.5323     14.231     53.820  39.863403     1.0391      6.085   289.8765 6.2491e-01    21.1559      5.754      8.346    12.0303 0.0000e+00
      5.876      0.031     1.5286     14.196     53.838  39.877506     1.0045      6.085   290.2963 6.1178e-01    21.2052      5.761      8.356    12.0305 0.0000e+00
      5.887      0.033     1.5271     14.182     53.875  39.906693     0.9569      6.086   291.2322 5.9953e-01    21.2107      5.772      8.372    12.0310 0.0000e+00
      5.898      0.033     1.5271     14.183     53.862  39.898615     0.9333      6.086   291.6417 5.8411e-01    21.1916      5.785      8.390    12.0313 0.0000e+00
      5.908      0.032     1.5267     14.179     53.789  39.843384     0.9294      6.086   291.4614 5.5120e-01    21.1876      5.795      8.405    12.0315 0.0000e+00
      5.916      0.029     1.5261     14.172     53.749  39.810732     0.9102      6.086   291.1177 5.3076e-01    21.1631      5.803      8.416    12.0313 0.0000e+00
      5.921      0.026     1.5256     14.167     53.767  39.821512     0.8753      6.085   291.1848 5.2155e-01    21.1392      5.807      8.422    12.0334 0.0000e+00
      5.926      0.024     1.5245     14.156     53.802  39.846638     0.8575      6.084   291.7569 5.0789e-01    21.1425      5.811      8.428    12.0360 0.0000e+00
      5.931      0.023     1.5216     14.130     53.822  39.860372     0.8596      6.082   292.2698 4.9651e-01    21.1726      5.815      8.436    12.0341 0.0000e+00
      5.937      0.024     1.5181     14.097     53.822  39.860492     0.8549      6.081   292.5687 4.8814e-01    21.2901      5.821      8.443    12.0307 0.0000e+00
      5.944      0.026     1.5144     14.062     53.804  39.848098     0.8384      6.080   292.7030 4.8065e-01    21.4649      5.829      8.453    12.0285 0.0000e+00
      5.951      0.027     1.5104     14.026     53.788  39.837597     0.8339      6.077   292.7751 4.7580e-01    21.5462      5.836      8.464    12.0271 0.0000e+00
      5.959      0.027     1.5073     13.998     53.818  39.860607     0.8463      6.075   292.7536 4.7042e-01    21.5704      5.844      8.474    12.0268 0.0000e+00
      5.966      0.027     1.5054     13.981     53.831  39.872160     0.8510      6.073   292.7870 4.6105e-01    21.6056      5.851      8.486    12.0270 0.0000e+00
      5.972      0.027     1.5067     13.993     53.798  39.850201     0.8626      6.071   293.1790 4.5444e-01    21.6664      5.857      8.495    12.0276 0.0000e+00
      5.978      0.027     1.5102     14.027     53.791  39.849254     0.8853      6.069   293.6207 4.4360e-01    21.7557      5.863      8.502    12.0284 0.0000e+00
      5.985      0.028     1.5122     14.047     53.800  39.860710     0.8958      6.066   293.9977 4.3170e-01    21.8003      5.870      8.513    12.0294 0.0000e+00
      5.992      0.030     1.5147     14.072     53.793  39.861647     0.8979      6.063   293.9520 4.2898e-01    21.8093      5.877      8.523    12.0317 0.0000e+00
      5.999      0.034     1.5172     14.097     53.784  39.860597     0.8835      6.060   293.4118 4.1844e-01    21.7117      5.883      8.532    12.0343 0.0000e+00
      6.008      0.036     1.5186     14.111     53.763  39.848012     0.8596      6.056   293.3166 4.0474e-01    21.5051      5.891      8.544    12.0370 0.0000e+00
      6.018      0.037     1.5226     14.149     53.747  39.836565     0.8478      6.053   293.6611 3.9342e-01    21.3862      5.900      8.558    12.0423 0.0000e+00
      6.030      0.037     1.5263     14.184     53.762  39.849263     0.8422      6.051   293.9644 3.7087e-01    21.3728      5.914      8.577    12.0491 0.0000e+00
      6.041      0.038     1.5260     14.181     53.795  39.874468     0.8276      6.051   293.8004 3.5036e-01    21.3746      5.926      8.594    12.0544 0.0000e+00
      6.049      0.038     1.5247     14.169     53.813  39.887167     0.8003      6.051   293.1406 3.3982e-01    21.3774      5.932      8.603    12.0564 0.0000e+00
      6.057      0.039     1.5244     14.166     53.798  39.875728     0.7791      6.050   292.7841 3.2509e-01    21.3759      5.939      8.614    12.0566 0.0000e+00
      6.066      0.040     1.5241     14.163     53.781  39.863238     0.7731      6.049   292.9304 3.1289e-01    21.3559      5.948      8.626    12.0579 0.0000e+00
      6.076      0.042     1.5233     14.155     53.781  39.863229     0.7739      6.049   293.1897 3.1214e-01    21.2885      5.957      8.641    12.0589 0.0000e+00
      6.088      0.042     1.5210     14.134     53.798  39.875623     0.7795      6.050   293.3387 3.1174e-01    21.2017      5.970      8.659    12.0586 0.0000e+00
      6.102      0.042     1.5184     14.109     53.815  39.886011     0.7856      6.051   293.3550 2.9385e-01    21.1607      5.985      8.681    12.0576 0.0000e+00
      6.114      0.041     1.5184     14.108     53.788  39.861752     0.7826      6.052   293.2999 2.6407e-01    21.1287      5.997      8.699    12.0581 0.0000e+00
      6.123      0.039     1.5179     14.101     53.758  39.836451     0.7619      6.053   293.1886 2.4827e-01    21.0589      6.005      8.710    12.0585 0.0000e+00
      6.132      0.039     1.5147     14.071     53.758  39.834246     0.7374      6.053   293.0419 2.4577e-01    20.9886      6.012      8.720    12.0577 0.0000e+00
      6.140      0.039     1.5117     14.043     53.762  39.835087     0.7257      6.053   292.9884 2.3897e-01    20.9501      6.021      8.731    12.0563 0.0000e+00
      6.149      0.040     1.5127     14.051     53.783  39.846622     0.7125      6.054   293.4894 2.2219e-01    20.9292      6.028      8.743    12.0515 0.0000e+00
      6.159      0.041     1.5168     14.088     53.792  39.846637     0.7055      6.056   294.3665 2.1249e-01    20.9187      6.039      8.759    12.0475 0.0000e+00
