Data/DataNotYetUploadedToEDI/Raw_CTD/2018_RawDownloads/081418_fcr50.cnv
* Sea-Bird SBE19plus  Data File:
* FileName = C:\DATA\081318_fcr50_0001.hex
* Software version 2.6.3.104 SB_Terminal.dll
* Temperature SN = 7809
* Conductivity SN = 7809
* System UpLoad Time = Aug 14 2018 15:58:17
* <ApplicationData>
* <Seaterm232>
# nquan = 15
# nvalues = 1321                        
# units = specified
# name 0 = depFM: Depth [fresh water, m]
# name 1 = dz/dtM: Descent Rate [m/s]
# name 2 = sbeox0Mg/L: Oxygen, SBE 43 [mg/l]
# name 3 = sbeox0PS: Oxygen, SBE 43 [% saturation]
# name 4 = specc: Specific Conductance [uS/cm]
# name 5 = c0uS/cm: Conductivity [uS/cm]
# name 6 = flECO-AFL: Fluorescence, WET Labs ECO-AFL/FL [mg/m^3]
# name 7 = ph: pH
# name 8 = orp: Oxidation Reduction Potential [mV]
# name 9 = par/sat/log: PAR/Logarithmic, Satlantic
# name 10 = turbWETntu0: Turbidity, WET Labs ECO [NTU]
# name 11 = prdM: Pressure, Strain Gauge [db]
# name 12 = prdE: Pressure, Strain Gauge [psi]
# name 13 = tv290C: Temperature [ITS-90, deg C]
# name 14 = flag:  0.000e+00
# span 0 =     -0.548,      9.764       
# span 1 =     -0.038,      0.235       
# span 2 =     0.0216,     9.0512       
# span 3 =      0.200,    110.699       
# span 4 =      2.511,    206.558       
# span 5 =   2.681506, 152.358074       
# span 6 =    -0.1948,     8.2391       
# span 7 =     -2.388,      7.735       
# span 8 = -1240.7455,   304.8321       
# span 9 = 1.2527e-01, 2.5762e+03       
# span 10 =    -0.6876,    30.5879      
# span 11 =     -0.538,      9.577      
# span 12 =     -0.780,     13.890      
# span 13 =    11.8314,    28.4101      
# span 14 = 0.0000e+00, 0.0000e+00      
# interval = seconds: 0.25
# start_time = Aug 14 2018 15:59:03 [Instrument's time stamp, header]
# bad_flag = -9.990e-29
*END*
[from data line 675]
      4.449      0.033     1.1520     10.919     52.055  39.493895     1.1536      6.172   295.4171 1.4091e+01    12.9212      4.361      6.325    12.9195 0.0000e+00
      4.457      0.041     1.1581     10.969     52.052  39.463433     1.1206      6.166   296.0186 1.3962e+01    13.0082      4.370      6.338    12.9248 0.0000e+00
      4.469      0.047     1.1655     11.026     52.082  39.433508     1.1194      6.161   296.4141 1.3716e+01    13.0275      4.379      6.352    12.9263 0.0000e+00
      4.486      0.048     1.1709     11.066     52.169  39.449697     1.1392      6.158   296.4999 1.3369e+01    13.1845      4.398      6.379    12.9350 0.0000e+00
      4.506      0.045     1.1749     11.100     52.215  39.468508     1.1662      6.156   296.4534 1.3092e+01    13.4722      4.420      6.411    12.9436 0.0000e+00
      4.521      0.040     1.1801     11.154     52.192  39.470319     1.1794      6.156   296.6264 1.2925e+01    13.6382      4.436      6.434    12.9156 0.0000e+00
      4.528      0.034     1.1866     11.223     52.154  39.471616     1.1892      6.156   297.0434 1.2910e+01    13.6342      4.443      6.444    12.8526 0.0000e+00
      4.529      0.029     1.1967     11.319     52.161  39.484232     1.1926      6.156   297.1922 1.2961e+01    13.5465      4.441      6.441    12.7929 0.0000e+00
      4.530      0.026     1.2092     11.430     52.216  39.495789     1.1836      6.156   297.1354 1.2886e+01    13.4325      4.440      6.440    12.7764 0.0000e+00
      4.537      0.025     1.2202     11.524     52.258  39.484252     1.1722      6.156   297.0454 1.2689e+01    13.3847      4.446      6.450    12.8050 0.0000e+00
      4.547      0.026     1.2291     11.600     52.280  39.471759     1.1656      6.156   297.0501 1.2492e+01    13.3952      4.459      6.467    12.8482 0.0000e+00
      4.558      0.029     1.2376     11.676     52.307  39.471771     1.1767      6.156   297.3650 1.2377e+01    13.3772      4.471      6.485    12.8616 0.0000e+00
      4.565      0.034     1.2476     11.763     52.362  39.484378     1.2063      6.154   297.6685 1.2307e+01    13.3198      4.477      6.495    12.8213 0.0000e+00
      4.570      0.040     1.2569     11.841     52.429  39.497081     1.2298      6.151   297.7084 1.2225e+01    13.2804      4.482      6.500    12.7654 0.0000e+00
      4.575      0.045     1.2659     11.914     52.484  39.498250     1.2393      6.147   297.7614 1.2074e+01    13.2669      4.484      6.502    12.7433 0.0000e+00
      4.586      0.049     1.2784     12.024     52.532  39.498464     1.2386      6.144   297.9661 1.1726e+01    13.2792      4.493      6.515    12.7336 0.0000e+00
      4.606      0.053     1.2922     12.146     52.571  39.499625     1.2676      6.142   298.0326 1.1261e+01    13.3372      4.518      6.553    12.7036 0.0000e+00
      4.627      0.054     1.3052     12.263     52.617  39.512257     1.3318      6.141   297.9630 1.0926e+01    13.4188      4.541      6.586    12.6638 0.0000e+00
      4.641      0.052     1.3211     12.407     52.658  39.524105     1.3719      6.141   298.0707 1.0751e+01    13.4726      4.553      6.604    12.6239 0.0000e+00
      4.651      0.048     1.3392     12.572     52.669  39.515780     1.3847      6.143   298.1301 1.0622e+01    13.4688      4.562      6.617    12.5888 0.0000e+00
      4.660      0.044     1.3555     12.722     52.718  39.538652     1.3945      6.144   297.9933 1.0468e+01    13.4952      4.569      6.627    12.5628 0.0000e+00
      4.669      0.044     1.3696     12.851     52.914  39.673564     1.4165      6.144   297.9645 1.0290e+01    13.5782      4.578      6.640    12.5433 0.0000e+00
      4.679      0.047     1.3835     12.977     53.206  39.876235     1.4397      6.145   298.1262 1.0074e+01    13.6180      4.587      6.654    12.5254 0.0000e+00
      4.691      0.052     1.3937     13.067     53.426  40.019458     1.4363      6.145   298.3140 9.8134e+00    13.6405      4.600      6.672    12.5091 0.0000e+00
      4.706      0.056     1.4012     13.132     53.605  40.134482     1.3474      6.144   298.4284 9.5406e+00    13.7585      4.615      6.693    12.4968 0.0000e+00
      4.722      0.058     1.4092     13.202     53.864  40.313888     1.1921      6.142   298.4769 9.2345e+00    13.9468      4.630      6.715    12.4886 0.0000e+00
      4.739      0.058     1.4123     13.227     54.095  40.473066     1.1121      6.141   298.4694 8.8820e+00    14.0556      4.647      6.740    12.4730 0.0000e+00
      4.757      0.053     1.4068     13.172     54.195  40.534140     1.1154      6.140   298.4241 8.5580e+00    14.0970      4.666      6.767    12.4484 0.0000e+00
      4.772      0.047     1.3925     13.035     54.224  40.544000     1.1674      6.141   298.4460 8.3417e+00    14.2340      4.681      6.790    12.4306 0.0000e+00
      4.782      0.040     1.3666     12.791     54.215  40.528725     1.2534      6.141   298.5614 8.2131e+00    14.4293      4.691      6.805    12.4191 0.0000e+00
      4.790      0.034     1.3283     12.431     54.240  40.540065     1.3010      6.141   298.6150 8.1218e+00    14.5056      4.699      6.815    12.4065 0.0000e+00
      4.795      0.029     1.2792     11.970     54.351  40.617555     1.3109      6.142   298.6634 8.0423e+00    14.5160      4.702      6.820    12.3924 0.0000e+00
      4.800      0.028     1.2205     11.418     54.477  40.703176     1.2538      6.142   298.6302 7.9549e+00    14.5859      4.706      6.826    12.3814 0.0000e+00
      4.806      0.029     1.1582     10.833     54.557  40.749262     1.1258      6.142   298.3860 7.8355e+00    14.6790      4.712      6.834    12.3745 0.0000e+00
      4.814      0.030     1.0998     10.284     54.550  40.729980     1.0493      6.141   298.2924 7.6760e+00    14.7258      4.719      6.845    12.3673 0.0000e+00
      4.824      0.031     1.0481      9.798     54.469  40.660649     1.0369      6.141   298.4453 7.5141e+00    14.7251      4.730      6.861    12.3637 0.0000e+00
      4.834      0.031     1.0045      9.390     54.405  40.609926     1.0304      6.141   298.5996 7.3831e+00    14.9139      4.741      6.876    12.3573 0.0000e+00
      4.842      0.031     0.9705      9.072     54.430  40.625001     1.0349      6.141   298.5226 7.2934e+00    15.3305      4.749      6.888    12.3427 0.0000e+00
      4.847      0.031     0.9456      8.837     54.476  40.652298     1.0462      6.141   298.2893 7.2228e+00    15.5813      4.754      6.894    12.3275 0.0000e+00
      4.853      0.031     0.9272      8.663     54.451  40.622254     1.0468      6.141   298.1876 7.1247e+00    15.6271      4.759      6.901    12.3191 0.0000e+00
      4.860      0.032     0.9161      8.557     54.413  40.579434     1.0418      6.140   298.2392 6.9980e+00    15.6705      4.766      6.913    12.3198 0.0000e+00
      4.870      0.033     0.9128      8.524     54.426  40.579327     1.0408      6.138   298.3114 6.8560e+00    15.8623      4.775      6.925    12.3174 0.0000e+00
      4.881      0.034     0.9133      8.528     54.484  40.620953     1.0452      6.138   298.2002 6.7093e+00    16.1762      4.786      6.942    12.3109 0.0000e+00
      4.891      0.035     0.9157      8.551     54.508  40.637943     1.0487      6.138   298.0132 6.5864e+00    16.3221      4.797      6.957    12.3011 0.0000e+00
      4.899      0.035     0.9204      8.594     54.458  40.594141     1.0465      6.138   297.9433 6.4938e+00    16.3133      4.805      6.968    12.2836 0.0000e+00
      4.906      0.034     0.9264      8.648     54.393  40.536114     1.0458      6.137   297.9571 6.3992e+00    16.3145      4.811      6.978    12.2722 0.0000e+00
      4.913      0.034     0.9350      8.727     54.370  40.508189     1.0496      6.136   298.0940 6.2500e+00    16.3362      4.817      6.986    12.2752 0.0000e+00
      4.922      0.035     0.9475      8.840     54.393  40.510653     1.0468      6.135   298.3081 6.0549e+00    16.3625      4.827      7.000    12.2770 0.0000e+00
      4.933      0.036     0.9592      8.946     54.404  40.502344     1.0397      6.133   298.3083 5.8937e+00    16.3578      4.838      7.017    12.2685 0.0000e+00
      4.943      0.036     0.9680      9.025     54.382  40.471248     1.0090      6.133   298.0972 5.7689e+00    16.4016      4.847      7.030    12.2601 0.0000e+00
      4.952      0.034     0.9772      9.110     54.371  40.452357     0.9518      6.132   297.9925 5.6422e+00    16.5567      4.856      7.043    12.2510 0.0000e+00
      4.961      0.031     0.9872      9.202     54.396  40.464544     0.9266      6.131   297.9884 5.5292e+00    16.6760      4.865      7.057    12.2366 0.0000e+00
      4.969      0.026     0.9955      9.279     54.434  40.491512     0.9250      6.130   298.0478 5.4398e+00    16.7147      4.874      7.069    12.2203 0.0000e+00
      4.975      0.021     1.0018      9.339     54.470  40.524265     0.9145      6.130   298.4523 5.3594e+00    16.7810      4.880      7.077    12.2057 0.0000e+00
      4.980      0.017     1.0071      9.390     54.480  40.542870     0.9092      6.130   299.0076 5.2846e+00    16.8670      4.885      7.084    12.1962 0.0000e+00
      4.983      0.014     1.0135      9.453     54.441  40.525859     0.9075      6.131   299.2555 5.2457e+00    16.8996      4.888      7.090    12.1897 0.0000e+00
      4.984      0.014     1.0215      9.530     54.402  40.509212     0.9119      6.131   299.2116 5.2220e+00    16.9317      4.887      7.089    12.1878 0.0000e+00
      4.985      0.016     1.0288      9.599     54.420  40.532231     0.9070      6.129   298.9934 5.1621e+00    17.0718      4.889      7.090    12.1940 0.0000e+00
      4.989      0.020     1.0336      9.644     54.445  40.550023     0.8763      6.127   299.0270 5.0891e+00    17.2504      4.892      7.096    12.2055 0.0000e+00
      4.995      0.024     1.0353      9.658     54.435  40.533722     0.8533      6.125   299.5318 5.0106e+00    17.3210      4.897      7.101    12.2176 0.0000e+00
      5.004      0.027     1.0347      9.650     54.438  40.525745     0.8497      6.124   300.1070 4.8993e+00    17.3153      4.906      7.115    12.2288 0.0000e+00
      5.014      0.030     1.0330      9.633     54.434  40.517100     0.8506      6.122   300.3891 4.7876e+00    17.3948      4.920      7.135    12.2411 0.0000e+00
      5.023      0.032     1.0286      9.593     54.402  40.492727     0.8637      6.120   300.4478 4.7143e+00    18.3138      4.927      7.146    12.2411 0.0000e+00
      5.028      0.034     1.0225      9.534     54.394  40.485208     0.8979      6.118   300.5586 4.6601e+00    19.9725      4.930      7.151    12.2278 0.0000e+00
      5.034      0.037     1.0165      9.477     54.413  40.489730     0.9246      6.115   300.6955 4.5859e+00    20.8483      4.934      7.157    12.2174 0.0000e+00
      5.043      0.041     1.0120      9.432     54.428  40.483846     0.9206      6.112   300.8989 4.4832e+00    20.9679      4.945      7.172    12.2108 0.0000e+00
      5.056      0.046     1.0120      9.428     54.443  40.477589     0.9129      6.111   301.1247 4.3611e+00    21.8774      4.958      7.191    12.2131 0.0000e+00
      5.070      0.049     1.0155      9.458     54.461  40.477590     0.9149      6.110   301.1031 4.2300e+00    23.5436      4.971      7.211    12.2155 0.0000e+00
      5.085      0.050     1.0176      9.476     54.480  40.483840     0.9171      6.108   300.4646 4.1172e+00    24.4506      4.988      7.235    12.2052 0.0000e+00
      5.099      0.048     1.0215      9.512     54.492  40.489610     0.9207      6.107   299.4285 4.0289e+00    24.5436      5.001      7.254    12.1882 0.0000e+00
      5.111      0.045     1.0303      9.593     54.487  40.483824     0.9404      6.107   298.8134 3.9394e+00    24.4239      5.012      7.270    12.1700 0.0000e+00
      5.121      0.041     1.0387      9.671     54.484  40.477413     0.9797      6.108   298.5345 3.8412e+00    24.1323      5.022      7.284    12.1563 0.0000e+00
      5.131      0.037     1.0444      9.722     54.489  40.475633     1.0011      6.108   298.3793 3.7607e+00    23.9480      5.032      7.298    12.1499 0.0000e+00
      5.140      0.035     1.0515      9.787     54.480  40.462288     0.9879      6.107   298.3128 3.6985e+00    23.9039      5.040      7.310    12.1493 0.0000e+00
      5.147      0.032     1.0612      9.877     54.461  40.443141     0.9397      6.107   297.6444 3.6232e+00    23.6603      5.047      7.321    12.1477 0.0000e+00
      5.155      0.029     1.0703      9.962     54.451  40.434746     0.8772      6.107   296.4925 3.5403e+00    23.2610      5.055      7.332    12.1437 0.0000e+00
      5.164      0.028     1.0789     10.042     54.430  40.424309     0.8576      6.107   295.7432 3.4780e+00    23.0739      5.064      7.345    12.1386 0.0000e+00
      5.170      0.028     1.0868     10.116     54.367  40.380498     0.8683      6.106   295.6399 3.4310e+00    23.0160      5.071      7.355    12.1322 0.0000e+00
      5.175      0.030     1.0928     10.172     54.246  40.286265     0.8786      6.104   295.8463 3.3899e+00    22.6210      5.075      7.362    12.1256 0.0000e+00
      5.180      0.034     1.0987     10.224     54.110  40.174486     0.8990      6.102   295.6571 3.3444e+00    21.9292      5.078      7.366    12.1236 0.0000e+00
      5.188      0.039     1.1057     10.287     54.037  40.109139     0.9124      6.099   295.0726 3.2684e+00    21.5487      5.085      7.376    12.1318 0.0000e+00
      5.201      0.043     1.1123     10.346     54.080  40.131540     0.9127      6.097   294.7164 3.1662e+00    21.5304      5.099      7.396    12.1375 0.0000e+00
      5.216      0.047     1.1184     10.402     54.165  40.191168     0.9207      6.096   294.6199 3.0602e+00    21.6469      5.115      7.419    12.1313 0.0000e+00
      5.230      0.049     1.1278     10.490     54.166  40.194694     0.9077      6.094   294.5942 2.9699e+00    22.5918      5.130      7.440    12.1207 0.0000e+00
      5.243      0.049     1.1403     10.608     54.133  40.174179     0.8664      6.093   294.8360 2.8977e+00    24.2574      5.141      7.457    12.1099 0.0000e+00
      5.254      0.047     1.1559     10.753     54.164  40.197293     0.8435      6.093   295.2198 2.8264e+00    25.1227      5.152      7.472    12.0992 0.0000e+00
      5.265      0.044     1.1749     10.929     54.198  40.220001     0.8430      6.093   295.2772 2.7546e+00    25.1501      5.163      7.488    12.0943 0.0000e+00
      5.277      0.042     1.1945     11.112     54.164  40.194578     0.8596      6.093   295.0993 2.6914e+00    25.0160      5.176      7.507    12.1006 0.0000e+00
      5.287      0.042     1.2126     11.280     54.099  40.144071     0.8882      6.092   294.9624 2.6261e+00    24.8133      5.186      7.522    12.1069 0.0000e+00
      5.296      0.042     1.2270     11.413     54.069  40.117625     0.9034      6.091   295.3436 2.5577e+00    24.7436      5.194      7.533    12.1036 0.0000e+00
      5.306      0.041     1.2365     11.499     54.091  40.128970     0.9055      6.090   295.9226 2.5014e+00    24.7220      5.203      7.546    12.1005 0.0000e+00
      5.317      0.039     1.2436     11.564     54.128  40.154156     0.8953      6.089   295.8540 2.4425e+00    24.4612      5.213      7.561    12.1013 0.0000e+00
      5.330      0.034     1.2503     11.627     54.148  40.167996     0.8718      6.088   295.3741 2.3815e+00    24.0016      5.227      7.581    12.1015 0.0000e+00
      5.342      0.029     1.2547     11.667     54.149  40.169221     0.8521      6.088   294.9381 2.3321e+00    23.7119      5.241      7.601    12.0961 0.0000e+00
      5.349      0.024     1.2596     11.714     54.144  40.168981     0.8407      6.088   294.6267 2.2984e+00    23.6437      5.247      7.610    12.0900 0.0000e+00
      5.352      0.019     1.2669     11.783     54.128  40.165095     0.8527      6.088   294.7061 2.2829e+00    23.6357      5.248      7.612    12.0879 0.0000e+00
