Data/DataNotYetUploadedToEDI/Raw_CTD/2018_RawDownloads/081418_fcr50.cnv
* Sea-Bird SBE19plus  Data File:
* FileName = C:\DATA\081318_fcr50_0001.hex
* Software version 2.6.3.104 SB_Terminal.dll
* Temperature SN = 7809
* Conductivity SN = 7809
* System UpLoad Time = Aug 14 2018 15:58:17
* <ApplicationData>
* <Seaterm232>
# nquan = 15
# nvalues = 1321                        
# units = specified
# name 0 = depFM: Depth [fresh water, m]
# name 1 = dz/dtM: Descent Rate [m/s]
# name 2 = sbeox0Mg/L: Oxygen, SBE 43 [mg/l]
# name 3 = sbeox0PS: Oxygen, SBE 43 [% saturation]
# name 4 = specc: Specific Conductance [uS/cm]
# name 5 = c0uS/cm: Conductivity [uS/cm]
# name 6 = flECO-AFL: Fluorescence, WET Labs ECO-AFL/FL [mg/m^3]
# name 7 = ph: pH
# name 8 = orp: Oxidation Reduction Potential [mV]
# name 9 = par/sat/log: PAR/Logarithmic, Satlantic
# name 10 = turbWETntu0: Turbidity, WET Labs ECO [NTU]
# name 11 = prdM: Pressure, Strain Gauge [db]
# name 12 = prdE: Pressure, Strain Gauge [psi]
# name 13 = tv290C: Temperature [ITS-90, deg C]
# name 14 = flag:  0.000e+00
# span 0 =     -0.548,      9.764       
# span 1 =     -0.038,      0.235       
# span 2 =     0.0216,     9.0512       
# span 3 =      0.200,    110.699       
# span 4 =      2.511,    206.558       
# span 5 =   2.681506, 152.358074       
# span 6 =    -0.1948,     8.2391       
# span 7 =     -2.388,      7.735       
# span 8 = -1240.7455,   304.8321       
# span 9 = 1.2527e-01, 2.5762e+03       
# span 10 =    -0.6876,    30.5879      
# span 11 =     -0.538,      9.577      
# span 12 =     -0.780,     13.890      
# span 13 =    11.8314,    28.4101      
# span 14 = 0.0000e+00, 0.0000e+00      
# interval = seconds: 0.25
# start_time = Aug 14 2018 15:59:03 [Instrument's time stamp, header]
# bad_flag = -9.990e-29
*END*
[from data line 579]
      3.604      0.026     0.1255      1.281     48.483  40.097811     4.6580      6.325   288.3146 2.6996e+01     2.8921      3.535      5.127    16.6149 0.0000e+00
      3.608      0.024     0.1237      1.262     48.533  40.097953     4.6654      6.324   287.6792 2.6822e+01     2.8513      3.538      5.131    16.4967 0.0000e+00
      3.613      0.024     0.1236      1.260     48.563  40.089182     4.7468      6.323   287.5149 2.6617e+01     2.8161      3.542      5.137    16.4595 0.0000e+00
      3.618      0.025     0.1244      1.267     48.645  40.118789     4.8878      6.322   287.6177 2.6358e+01     2.7720      3.548      5.146    16.4077 0.0000e+00
      3.624      0.028     0.1239      1.259     48.815  40.201729     4.9653      6.321   287.7172 2.6033e+01     2.7147      3.554      5.155    16.3393 0.0000e+00
      3.632      0.033     0.1220      1.237     49.071  40.329484     4.9668      6.319   287.9441 2.5661e+01     2.6717      3.561      5.165    16.3054 0.0000e+00
      3.641      0.038     0.1205      1.220     49.349  40.456141     4.9417      6.317   287.6079 2.5250e+01     2.6794      3.569      5.178    16.2725 0.0000e+00
      3.652      0.042     0.1206      1.219     49.569  40.525770     4.7168      6.316   286.6649 2.4800e+01     2.7782      3.580      5.193    16.2378 0.0000e+00
      3.663      0.044     0.1239      1.248     49.724  40.535842     4.3160      6.314   286.2637 2.4375e+01     2.9507      3.593      5.211    16.1878 0.0000e+00
      3.676      0.046     0.1281      1.288     49.839  40.514242     4.1030      6.313   286.5424 2.4001e+01     3.0564      3.605      5.229    16.0930 0.0000e+00
      3.688      0.046     0.1299      1.303     49.899  40.455072     4.0705      6.312   286.9377 2.3645e+01     3.0796      3.618      5.246    15.9906 0.0000e+00
      3.700      0.045     0.1316      1.317     49.941  40.392147     3.9225      6.309   287.0859 2.3328e+01     3.1388      3.629      5.263    15.8773 0.0000e+00
      3.712      0.043     0.1344      1.343     50.043  40.388687     3.6559      6.307   286.8707 2.3037e+01     3.2533      3.640      5.279    15.7569 0.0000e+00
      3.722      0.041     0.1361      1.358     50.162  40.413140     3.5121      6.305   286.6584 2.2745e+01     3.3360      3.651      5.295    15.6387 0.0000e+00
      3.732      0.038     0.1351      1.347     50.247  40.433567     3.4893      6.303   286.5839 2.2488e+01     3.3454      3.661      5.310    15.5286 0.0000e+00
      3.741      0.036     0.1326      1.321     50.277  40.444989     3.3807      6.301   286.6593 2.2273e+01     3.3654      3.669      5.321    15.4340 0.0000e+00
      3.750      0.036     0.1292      1.288     50.224  40.424151     3.2007      6.299   287.2253 2.2106e+01     3.4557      3.678      5.335    15.3457 0.0000e+00
      3.759      0.037     0.1256      1.253     50.135  40.372263     3.1134      6.295   287.7491 2.1956e+01     3.5226      3.686      5.347    15.2699 0.0000e+00
      3.767      0.038     0.1241      1.237     50.129  40.325961     3.1071      6.291   287.5721 2.1760e+01     3.5333      3.693      5.356    15.2195 0.0000e+00
      3.776      0.039     0.1244      1.238     50.214  40.309029     3.0412      6.288   287.4072 2.1498e+01     3.5848      3.702      5.369    15.2034 0.0000e+00
      3.787      0.040     0.1262      1.254     50.267  40.294505     2.9233      6.286   287.3911 2.1202e+01     3.6573      3.713      5.384    15.2348 0.0000e+00
      3.799      0.041     0.1282      1.273     50.264  40.277361     2.8586      6.283   287.7217 2.0952e+01     3.6767      3.727      5.405    15.2912 0.0000e+00
      3.810      0.042     0.1292      1.283     50.211  40.228808     2.8464      6.279   288.6506 2.0745e+01     3.6973      3.737      5.420    15.2432 0.0000e+00
      3.819      0.042     0.1305      1.296     50.062  40.088682     2.8038      6.276   289.2450 2.0545e+01     3.7545      3.746      5.432    15.1123 0.0000e+00
      3.829      0.042     0.1317      1.306     49.905  39.917368     2.7195      6.273   289.4016 2.0333e+01     3.7576      3.755      5.445    15.0586 0.0000e+00
      3.839      0.043     0.1327      1.314     49.867  39.809398     2.6739      6.270   289.3394 2.0063e+01     3.7042      3.764      5.459    15.0625 0.0000e+00
      3.850      0.045     0.1363      1.346     49.900  39.736185     2.6745      6.267   289.0951 1.9767e+01     3.6887      3.776      5.477    15.0618 0.0000e+00
      3.863      0.047     0.1429      1.409     49.921  39.667405     2.6720      6.265   289.4587 1.9463e+01     3.6932      3.787      5.493    15.0430 0.0000e+00
      3.876      0.047     0.1518      1.495     49.929  39.613060     2.6805      6.262   290.3805 1.9137e+01     3.6668      3.801      5.512    15.0020 0.0000e+00
      3.889      0.047     0.1637      1.610     49.966  39.587322     2.7127      6.260   290.8622 1.8837e+01     3.6129      3.814      5.531    14.9236 0.0000e+00
      3.901      0.046     0.1798      1.766     50.065  39.610286     2.7392      6.258   290.8090 1.8582e+01     3.5300      3.826      5.549    14.8039 0.0000e+00
      3.913      0.043     0.2009      1.971     50.149  39.636504     2.7438      6.256   290.5975 1.8354e+01     3.4885      3.838      5.566    14.7128 0.0000e+00
      3.923      0.039     0.2270      2.226     50.187  39.650126     2.7400      6.254   290.5426 1.8147e+01     3.5690      3.848      5.582    14.6675 0.0000e+00
      3.933      0.036     0.2570      2.521     50.178  39.647899     2.7400      6.254   290.7471 1.7973e+01     3.6789      3.858      5.595    14.6130 0.0000e+00
      3.941      0.034     0.2870      2.817     50.123  39.609574     2.7349      6.253   291.0050 1.7830e+01     3.7193      3.865      5.605    14.5487 0.0000e+00
      3.947      0.033     0.3140      3.080     50.099  39.567978     2.7152      6.253   291.2518 1.7685e+01     3.7215      3.871      5.615    14.5058 0.0000e+00
      3.955      0.033     0.3388      3.320     50.104  39.526145     2.6753      6.252   291.4084 1.7545e+01     3.7054      3.878      5.624    14.4908 0.0000e+00
      3.964      0.034     0.3606      3.530     50.112  39.484935     2.6296      6.250   291.0915 1.7390e+01     3.7070      3.887      5.638    14.5000 0.0000e+00
      3.974      0.037     0.3759      3.675     50.138  39.450882     2.6132      6.247   290.6036 1.7218e+01     3.7419      3.897      5.652    14.5249 0.0000e+00
      3.983      0.039     0.3855      3.763     50.206  39.432031     2.5966      6.242   290.6715 1.7048e+01     3.7613      3.906      5.665    14.4962 0.0000e+00
      3.993      0.039     0.3951      3.851     50.322  39.447535     2.4291      6.238   290.8797 1.6878e+01     3.8188      3.915      5.679    14.4341 0.0000e+00
      4.004      0.037     0.4068      3.961     50.381  39.447644     2.1405      6.237   291.0565 1.6713e+01     3.9187      3.926      5.694    14.3980 0.0000e+00
      4.015      0.034     0.4231      4.119     50.369  39.433294     1.9844      6.237   291.5181 1.6584e+01     3.9618      3.939      5.712    14.3462 0.0000e+00
      4.025      0.030     0.4457      4.340     50.394  39.464631     1.9650      6.236   291.4710 1.6540e+01     3.9728      3.949      5.727    14.2718 0.0000e+00
      4.032      0.026     0.4708      4.586     50.433  39.508868     1.9613      6.235   290.7453 1.6563e+01     4.1744      3.954      5.736    14.1802 0.0000e+00
      4.036      0.021     0.4963      4.836     50.428  39.523428     1.9584      6.233   290.4867 1.6611e+01     4.5693      3.959      5.741    14.1259 0.0000e+00
      4.040      0.017     0.5214      5.082     50.390  39.513613     1.9569      6.232   290.8397 1.6661e+01     4.8100      3.961      5.744    14.1380 0.0000e+00
      4.043      0.014     0.5425      5.289     50.387  39.517301     1.9524      6.230   291.2281 1.6710e+01     4.8563      3.965      5.750    14.1536 0.0000e+00
      4.047      0.014     0.5569      5.428     50.471  39.568030     1.9505      6.227   291.0518 1.6777e+01     4.8543      3.969      5.756    14.1629 0.0000e+00
      4.050      0.015     0.5649      5.503     50.558  39.618653     2.0168      6.225   290.3424 1.6854e+01     4.8783      3.972      5.760    14.1831 0.0000e+00
      4.053      0.015     0.5684      5.537     50.567  39.621069     2.1470      6.223   290.0504 1.6921e+01     4.9625      3.974      5.763    14.2085 0.0000e+00
      4.058      0.016     0.5692      5.546     50.534  39.597248     2.2293      6.221   290.3615 1.6970e+01     5.0181      3.978      5.769    14.2217 0.0000e+00
      4.063      0.019     0.5684      5.538     50.514  39.584778     2.2402      6.218   290.9206 1.7056e+01     5.0018      3.986      5.780    14.1965 0.0000e+00
      4.067      0.023     0.5690      5.544     50.530  39.597371     2.2602      6.215   291.6478 1.7199e+01     4.8263      3.989      5.786    14.1682 0.0000e+00
      4.070      0.028     0.5719      5.572     50.570  39.622434     2.3143      6.210   292.2713 1.7285e+01     4.5441      3.990      5.787    14.1756 0.0000e+00
      4.077      0.032     0.5759      5.610     50.587  39.633662     2.3437      6.206   292.5224 1.7264e+01     4.3971      3.996      5.796    14.1738 0.0000e+00
      4.087      0.036     0.5799      5.650     50.548  39.606049     2.3402      6.202   292.6180 1.7203e+01     4.3919      4.007      5.813    14.1791 0.0000e+00
      4.099      0.040     0.5854      5.701     50.479  39.542723     2.3089      6.198   292.6532 1.7138e+01     4.5426      4.019      5.830    14.1857 0.0000e+00
      4.111      0.042     0.5940      5.780     50.477  39.503345     2.2500      6.195   292.6898 1.7084e+01     4.8149      4.033      5.848    14.1669 0.0000e+00
      4.123      0.043     0.6053      5.883     50.564  39.511110     2.2155      6.193   293.2325 1.7068e+01     4.9685      4.044      5.865    14.1673 0.0000e+00
      4.133      0.042     0.6187      6.005     50.636  39.509457     2.2131      6.192   294.0534 1.7073e+01     5.0267      4.053      5.879    14.1766 0.0000e+00
      4.143      0.041     0.6321      6.130     50.657  39.483289     2.2028      6.192   294.1836 1.7046e+01     5.3959      4.063      5.893    14.1769 0.0000e+00
      4.153      0.040     0.6456      6.255     50.657  39.448808     2.1742      6.191   293.7741 1.6985e+01     6.0449      4.073      5.907    14.1366 0.0000e+00
      4.163      0.038     0.6622      6.410     50.662  39.410196     2.1522      6.189   293.5758 1.6933e+01     6.4040      4.083      5.921    14.0637 0.0000e+00
      4.174      0.035     0.6833      6.606     50.718  39.397592     2.1387      6.189   293.9378 1.6903e+01     6.4726      4.094      5.937    14.0030 0.0000e+00
      4.184      0.031     0.7067      6.825     50.823  39.423422     2.0751      6.189   294.6232 1.6912e+01     6.7525      4.104      5.952    13.9629 0.0000e+00
      4.191      0.027     0.7306      7.051     50.928  39.468306     1.9630      6.188   294.8937 1.6960e+01     7.2548      4.111      5.963    13.9386 0.0000e+00
      4.196      0.026     0.7553      7.287     50.979  39.495482     1.8953      6.188   294.8842 1.7040e+01     7.5411      4.116      5.970    13.8983 0.0000e+00
      4.200      0.026     0.7803      7.530     50.976  39.497848     1.8814      6.188   294.8528 1.7121e+01     7.6205      4.118      5.973    13.8359 0.0000e+00
      4.204      0.028     0.8056      7.774     50.971  39.496916     1.8778      6.188   294.8593 1.7140e+01     7.8791      4.122      5.978    13.7744 0.0000e+00
      4.212      0.033     0.8301      8.008     50.972  39.484216     1.8511      6.187   295.2207 1.7077e+01     8.3181      4.129      5.988    13.7377 0.0000e+00
      4.222      0.038     0.8502      8.198     50.983  39.471356     1.7980      6.185   295.5218 1.6945e+01     8.5632      4.139      6.003    13.7268 0.0000e+00
      4.234      0.042     0.8662      8.346     51.023  39.468477     1.7591      6.183   295.5749 1.6796e+01     8.6155      4.152      6.023    13.7377 0.0000e+00
      4.248      0.044     0.8808      8.477     51.063  39.449372     1.7386      6.182   295.6048 1.6654e+01     8.6751      4.166      6.042    13.7511 0.0000e+00
      4.260      0.044     0.8941      8.596     51.100  39.430894     1.6613      6.182   295.5385 1.6507e+01     9.0405      4.179      6.059    13.7286 0.0000e+00
      4.271      0.043     0.9069      8.711     51.161  39.435624     1.5226      6.183   295.2041 1.6371e+01     9.7069      4.189      6.076    13.7097 0.0000e+00
      4.281      0.042     0.9209      8.834     51.253  39.442984     1.4494      6.183   294.6592 1.6227e+01    10.0483      4.198      6.089    13.6850 0.0000e+00
      4.291      0.041     0.9357      8.958     51.387  39.456265     1.4379      6.182   294.3707 1.6075e+01    10.0861      4.208      6.104    13.6216 0.0000e+00
      4.300      0.041     0.9514      9.091     51.526  39.469035     1.3835      6.181   294.4696 1.5939e+01    10.4700      4.217      6.117    13.5730 0.0000e+00
      4.310      0.040     0.9684      9.239     51.620  39.470204     1.2975      6.180   294.7357 1.5779e+01    11.1800      4.226      6.129    13.5475 0.0000e+00
      4.322      0.040     0.9821      9.366     51.645  39.470311     1.2522      6.181   294.6632 1.5595e+01    11.5600      4.239      6.147    13.4890 0.0000e+00
      4.333      0.039     0.9936      9.481     51.609  39.470303     1.2489      6.181   294.1950 1.5426e+01    11.5850      4.251      6.166    13.3866 0.0000e+00
      4.343      0.038     1.0082      9.626     51.575  39.470145     1.2487      6.181   293.9781 1.5288e+01    11.7266      4.260      6.179    13.2927 0.0000e+00
      4.352      0.037     1.0269      9.801     51.590  39.468429     1.2413      6.181   294.1065 1.5189e+01    12.0221      4.267      6.189    13.2083 0.0000e+00
      4.360      0.034     1.0454      9.968     51.624  39.449541     1.2328      6.181   294.2836 1.5084e+01    12.1974      4.276      6.201    13.1874 0.0000e+00
      4.369      0.032     1.0603     10.101     51.660  39.432323     1.2278      6.182   294.2274 1.4950e+01    12.2278      4.284      6.215    13.2404 0.0000e+00
      4.378      0.032     1.0734     10.219     51.725  39.450811     1.2274      6.182   293.9434 1.4827e+01    12.2677      4.294      6.228    13.2784 0.0000e+00
      4.386      0.032     1.0856     10.327     51.815  39.482436     1.2364      6.181   293.8614 1.4743e+01    12.3442      4.302      6.239    13.2616 0.0000e+00
      4.393      0.033     1.0966     10.417     51.910  39.496973     1.2451      6.179   294.0100 1.4685e+01    12.3896      4.308      6.248    13.2019 0.0000e+00
      4.399      0.033     1.1045     10.477     51.998  39.499437     1.2418      6.177   294.1051 1.4616e+01    12.3895      4.314      6.256    13.1555 0.0000e+00
      4.408      0.033     1.1090     10.511     52.073  39.512154     1.2337      6.176   294.2371 1.4509e+01    12.3733      4.322      6.268    13.1336 0.0000e+00
      4.419      0.032     1.1145     10.560     52.111  39.523615     1.2290      6.175   294.5734 1.4353e+01    12.4081      4.333      6.285    13.1079 0.0000e+00
      4.430      0.029     1.1227     10.637     52.094  39.510919     1.2310      6.175   294.9020 1.4213e+01    12.5041      4.345      6.303    13.0429 0.0000e+00
      4.438      0.027     1.1316     10.722     52.055  39.485712     1.2393      6.175   294.9400 1.4170e+01    12.5581      4.354      6.315    12.9694 0.0000e+00
      4.442      0.026     1.1397     10.801     52.033  39.472990     1.2463      6.175   294.9476 1.4185e+01    12.6027      4.357      6.320    12.9257 0.0000e+00
