Data/DataNotYetUploadedToEDI/Raw_CTD/2018_RawDownloads/081418_fcr50.cnv
* Sea-Bird SBE19plus  Data File:
* FileName = C:\DATA\081318_fcr50_0001.hex
* Software version 2.6.3.104 SB_Terminal.dll
* Temperature SN = 7809
* Conductivity SN = 7809
* System UpLoad Time = Aug 14 2018 15:58:17
* <ApplicationData>
* <Seaterm232>
# nquan = 15
# nvalues = 1321                        
# units = specified
# name 0 = depFM: Depth [fresh water, m]
# name 1 = dz/dtM: Descent Rate [m/s]
# name 2 = sbeox0Mg/L: Oxygen, SBE 43 [mg/l]
# name 3 = sbeox0PS: Oxygen, SBE 43 [% saturation]
# name 4 = specc: Specific Conductance [uS/cm]
# name 5 = c0uS/cm: Conductivity [uS/cm]
# name 6 = flECO-AFL: Fluorescence, WET Labs ECO-AFL/FL [mg/m^3]
# name 7 = ph: pH
# name 8 = orp: Oxidation Reduction Potential [mV]
# name 9 = par/sat/log: PAR/Logarithmic, Satlantic
# name 10 = turbWETntu0: Turbidity, WET Labs ECO [NTU]
# name 11 = prdM: Pressure, Strain Gauge [db]
# name 12 = prdE: Pressure, Strain Gauge [psi]
# name 13 = tv290C: Temperature [ITS-90, deg C]
# name 14 = flag:  0.000e+00
# span 0 =     -0.548,      9.764       
# span 1 =     -0.038,      0.235       
# span 2 =     0.0216,     9.0512       
# span 3 =      0.200,    110.699       
# span 4 =      2.511,    206.558       
# span 5 =   2.681506, 152.358074       
# span 6 =    -0.1948,     8.2391       
# span 7 =     -2.388,      7.735       
# span 8 = -1240.7455,   304.8321       
# span 9 = 1.2527e-01, 2.5762e+03       
# span 10 =    -0.6876,    30.5879      
# span 11 =     -0.538,      9.577      
# span 12 =     -0.780,     13.890      
# span 13 =    11.8314,    28.4101      
# span 14 = 0.0000e+00, 0.0000e+00      
# interval = seconds: 0.25
# start_time = Aug 14 2018 15:59:03 [Instrument's time stamp, header]
# bad_flag = -9.990e-29
*END*
[from data line 193]
      0.624      0.030     8.6343    105.573     36.115  36.519079     3.5674      7.704   237.5678 1.4942e+02     0.6176      0.611      0.886    25.5610 0.0000e+00
      0.632      0.033     8.5953    105.095     36.091  36.494522     3.5690      7.709   237.9368 1.4640e+02     0.6241      0.619      0.898    25.5578 0.0000e+00
      0.643      0.037     8.5659    104.733     36.092  36.495042     3.5657      7.714   238.2786 1.4305e+02     0.6223      0.629      0.914    25.5550 0.0000e+00
      0.654      0.040     8.5456    104.478     36.124  36.525375     3.6100      7.717   238.3442 1.3997e+02     0.5953      0.642      0.930    25.5531 0.0000e+00
      0.666      0.041     8.5345    104.333     36.146  36.543646     3.7100      7.720   238.2146 1.3731e+02     0.6033      0.653      0.947    25.5533 0.0000e+00
      0.677      0.041     8.5305    104.274     36.131  36.525380     3.7634      7.722   238.3451 1.3491e+02     0.6271      0.663      0.962    25.5540 0.0000e+00
      0.687      0.040     8.5272    104.227     36.104  36.495087     3.7684      7.723   238.7189 1.3289e+02     0.6397      0.674      0.978    25.5523 0.0000e+00
      0.697      0.039     8.5219    104.158     36.106  36.494992     3.8349      7.725   239.1201 1.3084e+02     0.6948      0.684      0.993    25.5498 0.0000e+00
      0.706      0.037     8.5172    104.097     36.136  36.524236     3.9523      7.725   239.4098 1.2859e+02     0.7738      0.692      1.004    25.5446 0.0000e+00
      0.715      0.034     8.5148    104.067     36.143  36.531037     4.0103      7.726   239.6410 1.2618e+02     0.8023      0.701      1.016    25.5375 0.0000e+00
      0.724      0.031     8.5133    104.052     36.125  36.513701     4.0127      7.727   239.9365 1.2373e+02     0.8249      0.710      1.030    25.5348 0.0000e+00
      0.733      0.029     8.5107    104.023     36.116  36.505209     3.9911      7.728   240.1444 1.2138e+02     0.8029      0.720      1.043    25.5336 0.0000e+00
      0.740      0.027     8.5034    103.932     36.103  36.491888     3.9411      7.729   240.2614 1.1927e+02     0.6886      0.726      1.053    25.5303 0.0000e+00
      0.745      0.027     8.4925    103.795     36.092  36.479686     3.9049      7.730   240.4902 1.1725e+02     0.6031      0.729      1.059    25.5288 0.0000e+00
      0.750      0.028     8.4861    103.711     36.099  36.484711     3.8932      7.732   240.8459 1.1523e+02     0.5936      0.735      1.066    25.5320 0.0000e+00
      0.756      0.031     8.4859    103.701     36.107  36.489121     3.8917      7.733   241.2062 1.1333e+02     0.6042      0.742      1.076    25.5348 0.0000e+00
      0.765      0.035     8.4872    103.707     36.091  36.469483     3.8961      7.733   241.4907 1.1134e+02     0.6089      0.749      1.088    25.5331 0.0000e+00
      0.775      0.037     8.4883    103.711     36.063  36.437835     3.9007      7.733   241.7049 1.0914e+02     0.5892      0.760      1.102    25.5305 0.0000e+00
      0.786      0.039     8.4894    103.718     36.052  36.424080     3.9105      7.733   241.9032 1.0681e+02     0.5800      0.771      1.118    25.5284 0.0000e+00
      0.798      0.039     8.4905    103.726     36.060  36.430224     3.9963      7.734   241.8232 1.0457e+02     0.6495      0.783      1.136    25.5240 0.0000e+00
      0.809      0.039     8.4905    103.724     36.079  36.448584     4.1664      7.735   241.5122 1.0253e+02     0.7582      0.794      1.152    25.5181 0.0000e+00
      0.818      0.038     8.4899    103.713     36.087  36.455494     4.2764      7.735   241.4134 1.0078e+02     0.8259      0.803      1.164    25.5131 0.0000e+00
      0.825      0.037     8.4904    103.716     36.083  36.450249     4.2959      7.735   241.4891 9.9320e+01     0.8279      0.808      1.172    25.5094 0.0000e+00
      0.833      0.036     8.4926    103.740     36.082  36.448688     4.3020      7.734   241.7384 9.7832e+01     0.8129      0.816      1.183    25.5067 0.0000e+00
      0.844      0.036     8.4958    103.775     36.072  36.436628     4.4052      7.734   242.0183 9.6187e+01     0.8284      0.828      1.201    25.5052 0.0000e+00
      0.854      0.036     8.4977    103.795     36.067  36.431470     4.6060      7.733   241.8628 9.4424e+01     0.8614      0.838      1.216    25.5045 0.0000e+00
      0.864      0.036     8.4968    103.782     36.086  36.449845     4.7172      7.733   241.4928 9.2609e+01     0.8760      0.847      1.229    25.5030 0.0000e+00
      0.874      0.035     8.4949    103.758     36.106  36.468220     4.7203      7.733   241.5020 9.1059e+01     0.8528      0.858      1.244    25.5012 0.0000e+00
      0.882      0.035     8.4938    103.743     36.101  36.463070     4.6988      7.733   241.8015 8.9888e+01     0.8253      0.865      1.254    25.4995 0.0000e+00
      0.888      0.036     8.4927    103.728     36.090  36.451103     4.6783      7.733   242.1894 8.9004e+01     0.8178      0.870      1.262    25.4978 0.0000e+00
      0.897      0.037     8.4896    103.691     36.090  36.450573     4.6743      7.732   242.5787 8.8346e+01     0.8234      0.878      1.274    25.4967 0.0000e+00
      0.908      0.038     8.4810    103.586     36.095  36.456669     4.6687      7.730   242.7226 8.7636e+01     0.8315      0.890      1.290    25.4959 0.0000e+00
      0.920      0.038     8.4680    103.425     36.100  36.461280     4.6472      7.729   242.6386 8.6854e+01     0.8243      0.902      1.308    25.4949 0.0000e+00
      0.931      0.036     8.4609    103.335     36.084  36.442805     4.6168      7.727   242.4239 8.6051e+01     0.7982      0.913      1.325    25.4939 0.0000e+00
      0.940      0.033     8.4648    103.375     36.068  36.423853     4.6052      7.726   242.2765 8.5223e+01     0.7902      0.922      1.338    25.4940 0.0000e+00
      0.947      0.029     8.4722    103.457     36.070  36.422698     4.6261      7.727   242.3192 8.4422e+01     0.8188      0.928      1.346    25.4947 0.0000e+00
      0.953      0.027     8.4764    103.506     36.077  36.428841     4.7680      7.728   242.6829 8.3572e+01     0.8395      0.935      1.357    25.4942 0.0000e+00
      0.958      0.026     8.4771    103.516     36.082  36.434602     5.0064      7.728   243.3176 8.2795e+01     0.8266      0.940      1.364    25.4922 0.0000e+00
      0.963      0.026     8.4747    103.487     36.076  36.428828     5.1287      7.730   243.6263 8.2227e+01     0.8154      0.945      1.369    25.4874 0.0000e+00
      0.969      0.028     8.4698    103.427     36.069  36.422543     5.1430      7.732   243.6631 8.1851e+01     0.8565      0.950      1.378    25.4824 0.0000e+00
      0.977      0.030     8.4654    103.372     36.069  36.422136     5.1800      7.732   243.5903 8.1611e+01     0.8970      0.957      1.389    25.4819 0.0000e+00
      0.986      0.032     8.4642    103.355     36.072  36.423916     5.2457      7.732   243.4336 8.1550e+01     0.8773      0.967      1.402    25.4831 0.0000e+00
      0.995      0.034     8.4640    103.347     36.094  36.444062     5.2841      7.732   243.8336 8.1680e+01     0.8615      0.976      1.415    25.4830 0.0000e+00
      1.004      0.036     8.4610    103.301     36.129  36.475142     5.2766      7.731   244.6415 8.1892e+01     0.8590      0.985      1.429    25.4828 0.0000e+00
      1.013      0.036     8.4565    103.237     36.139  36.482072     5.2569      7.731   245.0280 8.2052e+01     0.8475      0.993      1.441    25.4829 0.0000e+00
      1.022      0.035     8.4531    103.192     36.123  36.464322     5.2479      7.731   244.9787 8.2073e+01     0.8442      1.002      1.454    25.4821 0.0000e+00
      1.032      0.033     8.4521    103.178     36.110  36.451107     5.2417      7.731   244.9060 8.1946e+01     0.8196      1.012      1.468    25.4786 0.0000e+00
      1.041      0.031     8.4540    103.201     36.108  36.449328     5.2279      7.732   244.9235 8.1736e+01     0.7944      1.022      1.482    25.4728 0.0000e+00
      1.049      0.030     8.4586    103.255     36.103  36.442813     5.2085      7.734   245.0187 8.1594e+01     0.8138      1.029      1.492    25.4677 0.0000e+00
      1.055      0.030     8.4636    103.313     36.098  36.435865     5.1726      7.734   245.1963 8.1359e+01     0.8405      1.034      1.500    25.4655 0.0000e+00
      1.061      0.030     8.4645    103.321     36.091  36.428834     5.1254      7.734   245.6076 8.0947e+01     0.8425      1.040      1.509    25.4658 0.0000e+00
      1.068      0.030     8.4600    103.263     36.085  36.421325     5.0968      7.734   246.1197 8.0612e+01     0.8382      1.047      1.518    25.4663 0.0000e+00
      1.076      0.030     8.4525    103.164     36.075  36.408602     5.0937      7.733   246.3990 8.0395e+01     0.8494      1.055      1.531    25.4643 0.0000e+00
      1.086      0.030     8.4457    103.070     36.073  36.402050     5.1243      7.733   246.3171 8.0230e+01     0.8557      1.065      1.545    25.4621 0.0000e+00
      1.095      0.029     8.4396    102.984     36.081  36.405625     5.1821      7.733   245.9892 8.0170e+01     0.8528      1.075      1.558    25.4615 0.0000e+00
      1.102      0.027     8.4326    102.888     36.068  36.388291     5.2134      7.733   245.8761 8.0230e+01     0.8452      1.081      1.568    25.4600 0.0000e+00
      1.107      0.025     8.4269    102.809     36.066  36.383027     5.2179      7.734   245.9825 8.0468e+01     0.8256      1.086      1.575    25.4563 0.0000e+00
      1.113      0.025     8.4252    102.779     36.091  36.405500     5.2551      7.734   246.1574 8.0977e+01     0.8286      1.091      1.582    25.4497 0.0000e+00
      1.119      0.025     8.4292    102.818     36.096  36.405908     5.3135      7.734   246.4414 8.1594e+01     0.8516      1.097      1.591    25.4431 0.0000e+00
      1.125      0.026     8.4362    102.888     36.085  36.387950     5.3449      7.733   246.4909 8.2144e+01     0.8586      1.103      1.599    25.4375 0.0000e+00
      1.131      0.028     8.4406    102.923     36.083  36.378939     5.3589      7.732   246.3259 8.2573e+01     0.8528      1.110      1.609    25.4330 0.0000e+00
      1.139      0.030     8.4388    102.886     36.070  36.360467     5.4010      7.731   246.4254 8.2835e+01     0.8115      1.117      1.620    25.4290 0.0000e+00
      1.147      0.031     8.4309    102.778     36.069  36.355165     5.4767      7.729   246.6623 8.2950e+01     0.7263      1.125      1.632    25.4230 0.0000e+00
      1.156      0.031     8.4158    102.586     36.095  36.378359     5.5203      7.728   246.7812 8.2930e+01     0.6466      1.135      1.646    25.4150 0.0000e+00
      1.165      0.030     8.3922    102.293     36.105  36.386802     5.5242      7.729   246.9165 8.2845e+01     0.6107      1.143      1.658    25.4046 0.0000e+00
      1.172      0.027     8.3647    101.955     36.113  36.393719     5.4966      7.729   247.0930 8.2777e+01     0.6581      1.150      1.668    25.3951 0.0000e+00
      1.179      0.025     8.3412    101.665     36.119  36.398462     5.4343      7.729   247.2810 8.2765e+01     0.7620      1.157      1.678    25.3892 0.0000e+00
      1.185      0.024     8.3259    101.476     36.102  36.380627     5.4056      7.729   247.4686 8.2776e+01     0.8298      1.162      1.686    25.3856 0.0000e+00
      1.190      0.024     8.3187    101.389     36.091  36.368643     5.4071      7.729   247.6399 8.2746e+01     0.8367      1.167      1.691    25.3834 0.0000e+00
      1.195      0.024     8.3183    101.384     36.103  36.380618     5.3964      7.728   247.7180 8.2731e+01     0.8151      1.172      1.698    25.3823 0.0000e+00
      1.201      0.025     8.3232    101.439     36.122  36.398359     5.3688      7.726   247.7244 8.2798e+01     0.7825      1.178      1.708    25.3803 0.0000e+00
      1.208      0.026     8.3284    101.494     36.120  36.392585     5.3217      7.724   247.8036 8.2910e+01     0.7775      1.185      1.718    25.3784 0.0000e+00
      1.216      0.026     8.3297    101.500     36.105  36.374315     5.2953      7.721   247.9875 8.3097e+01     0.8155      1.193      1.729    25.3795 0.0000e+00
      1.223      0.026     8.3252    101.438     36.101  36.368030     5.2883      7.719   248.2270 8.3463e+01     0.8451      1.201      1.740    25.3795 0.0000e+00
      1.230      0.025     8.3122    101.276     36.114  36.380110     5.2734      7.719   248.3765 8.3956e+01     0.8606      1.207      1.750    25.3770 0.0000e+00
      1.237      0.023     8.2884    100.989     36.127  36.393327     5.2720      7.719   248.4183 8.4469e+01     0.8508      1.213      1.760    25.3726 0.0000e+00
      1.242      0.022     8.2580    100.626     36.132  36.400785     5.2804      7.719   248.2154 8.4994e+01     0.8180      1.219      1.768    25.3665 0.0000e+00
      1.246      0.022     8.2293    100.286     36.134  36.406769     5.2828      7.719   247.7309 8.5412e+01     0.8005      1.222      1.774    25.3622 0.0000e+00
      1.251      0.022     8.2077    100.032     36.125  36.402162     5.2830      7.719   247.4639 8.5602e+01     0.7608      1.227      1.779    25.3604 0.0000e+00
      1.256      0.023     8.1955     99.895     36.127  36.408609     5.2827      7.719   247.6545 8.5782e+01     0.7044      1.233      1.786    25.3610 0.0000e+00
      1.262      0.025     8.1945     99.898     36.134  36.421200     5.2802      7.718   248.0562 8.6008e+01     0.6681      1.238      1.795    25.3664 0.0000e+00
      1.269      0.027     8.2035    100.019     36.136  36.427352     5.2699      7.717   248.2770 8.6092e+01     0.6268      1.244      1.805    25.3721 0.0000e+00
      1.277      0.029     8.2196    100.218     36.126  36.419482     5.2682      7.715   248.1731 8.6073e+01     0.6319      1.252      1.816    25.3760 0.0000e+00
      1.285      0.031     8.2369    100.423     36.100  36.389566     5.2786      7.715   248.0044 8.6038e+01     0.7301      1.260      1.828    25.3829 0.0000e+00
      1.294      0.031     8.2461    100.517     36.100  36.383263     5.2759      7.714   248.0440 8.5964e+01     0.8068      1.269      1.841    25.3923 0.0000e+00
      1.301      0.030     8.2440    100.469     36.132  36.406780     5.2728      7.712   248.3084 8.5815e+01     0.7964      1.276      1.851    25.3995 0.0000e+00
      1.309      0.029     8.2353    100.349     36.151  36.419797     5.2778      7.710   248.5344 8.5635e+01     0.7877      1.284      1.862    25.4017 0.0000e+00
      1.317      0.027     8.2257    100.228     36.146  36.413595     5.2809      7.708   248.6259 8.5530e+01     0.8232      1.292      1.874    25.3983 0.0000e+00
      1.324      0.026     8.2201    100.167     36.125  36.395323     5.2833      7.706   248.6389 8.5471e+01     0.8600      1.299      1.884    25.3868 0.0000e+00
      1.329      0.026     8.2210    100.185     36.117  36.389444     5.2786      7.704   248.6059 8.5389e+01     0.8662      1.304      1.891    25.3721 0.0000e+00
      1.335      0.027     8.2264    100.250     36.133  36.406040     5.2702      7.701   248.6572 8.5218e+01     0.8377      1.308      1.898    25.3633 0.0000e+00
      1.341      0.028     8.2345    100.342     36.135  36.405405     5.2646      7.698   248.6572 8.4912e+01     0.8202      1.315      1.907    25.3620 0.0000e+00
      1.349      0.030     8.2461    100.475     36.115  36.381766     5.2662      7.697   248.6056 8.4551e+01     0.8382      1.322      1.917    25.3679 0.0000e+00
      1.358      0.032     8.2595    100.627     36.111  36.374316     5.2715      7.694   249.0661 8.4209e+01     0.8408      1.332      1.932    25.3739 0.0000e+00
      1.367      0.032     8.2698    100.740     36.121  36.378843     5.2725      7.691   249.8366 8.3935e+01     0.8216      1.341      1.945    25.3726 0.0000e+00
      1.375      0.031     8.2750    100.789     36.121  36.372970     5.3157      7.689   250.1786 8.3865e+01     0.8193      1.348      1.955    25.3676 0.0000e+00
