Data/DataNotYetUploadedToEDI/Raw_CTD/2018_RawDownloads/082018_fcr45.cnv
* Sea-Bird SBE19plus  Data File:
* FileName = C:\DATA\082018_fcr_0005.hex
* Software version 2.6.3.104
* Temperature SN = 7809
* Conductivity SN = 7809
* System UpLoad Time = Aug 20 2018 17:53:38
* <ApplicationData>
* <Seaterm232>
# nquan = 17
# nvalues = 781                         
# units = specified
# name 0 = depFM: Depth [fresh water, m]
# name 1 = tv290C: Temperature [ITS-90, deg C]
# name 2 = sbeox0Mg/L: Oxygen, SBE 43 [mg/l]
# name 3 = sbeox0PS: Oxygen, SBE 43 [% saturation]
# name 4 = c0uS/cm: Conductivity [uS/cm]
# name 5 = specc: Specific Conductance [uS/cm]
# name 6 = ph: pH
# name 7 = orp: Oxidation Reduction Potential [mV]
# name 8 = flECO-AFL: Fluorescence, WET Labs ECO-AFL/FL [mg/m^3]
# name 9 = turbWETntu0: Turbidity, WET Labs ECO [NTU]
# name 10 = sal00: Salinity, Practical [PSU]
# name 11 = dz/dtM: Descent Rate [m/s]
# name 12 = prdM: Pressure, Strain Gauge [db]
# name 13 = prdE: Pressure, Strain Gauge [psi]
# name 14 = scan: Scan Count
# name 15 = par/sat/log: PAR/Logarithmic, Satlantic
# name 16 = flag:  0.000e+00
# span 0 =     -0.548,      7.465       
# span 1 =    11.9481,    25.9085       
# span 2 =     0.0642,     9.0624       
# span 3 =      0.596,    111.429       
# span 4 =  -0.194358,  62.779098       
# span 5 =      0.423,     84.930       
# span 6 =      6.135,      8.132       
# span 7 =   143.4670,   285.9996       
# span 8 =    -0.1941,     9.9474       
# span 9 =     0.3800,    22.5092       
# span 10 =     0.0108,     0.0412      
# span 11 =     -0.081,      0.263      
# span 12 =     -0.537,      7.319      
# span 13 =     -0.779,     10.615      
# span 14 =          1,        781      
# span 15 = 1.2281e-01, 3.5767e+02      
# span 16 = 0.0000e+00, 0.0000e+00      
# interval = seconds: 0.25
# start_time = Aug 20 2018 16:49:20 [Instrument's time stamp, header]
# bad_flag = -9.990e-29
*END*
[from data line 426]
      0.330    25.9085     8.3427    102.610  36.477089     35.823      8.079   217.3265     4.3510     0.8902     0.0242      0.104      0.324      0.469        427 1.5790e+02 0.0000e+00
      0.357    25.9079     8.3393    102.560  36.478519     35.823      8.078   217.6294     4.3753     0.8097     0.0242      0.106      0.350      0.508        428 1.4967e+02 0.0000e+00
      0.386    25.9066     8.3412    102.568  36.476659     35.822      8.079   218.3487     4.3955     0.8231     0.0242      0.105      0.377      0.547        429 1.4726e+02 0.0000e+00
      0.412    25.9050     8.3399    102.531  36.479404     35.823      8.083   219.0301     4.3914     0.8902     0.0242      0.103      0.404      0.586        430 1.4399e+02 0.0000e+00
      0.438    25.9018     8.3276    102.364  36.504763     35.851      8.081   219.6737     4.3753     0.8097     0.0242      0.104      0.429      0.622        431 1.4021e+02 0.0000e+00
      0.462    25.8981     8.3144    102.192  36.474761     35.825      8.081   220.2415     4.4076     0.8634     0.0242      0.104      0.452      0.656        432 1.3824e+02 0.0000e+00
      0.483    25.8934     8.3092    102.117  36.487084     35.827      8.081   220.6201     4.3874     0.8365     0.0242      0.103      0.474      0.688        433 1.3416e+02 0.0000e+00
      0.507    25.8872     8.3145    102.173  36.519089     35.885      8.079   221.0365     4.4076     0.8231     0.0243      0.101      0.496      0.720        434 1.3014e+02 0.0000e+00
      0.528    25.8821     8.3138    102.155  36.434933     35.778      8.081   221.3394     4.3833     0.7962     0.0242      0.097      0.517      0.750        435 1.2855e+02 0.0000e+00
      0.547    25.8793     8.3030    102.013  36.473179     35.838      8.083   221.6044     4.3793     0.9171     0.0242      0.093      0.538      0.780        436 1.2546e+02 0.0000e+00
      0.571    25.8770     8.3098    102.085  36.501154     35.868      8.080   222.0208     4.6057     0.9439     0.0242      0.090      0.561      0.813        437 1.2205e+02 0.0000e+00
      0.598    25.8724     8.3303    102.329  36.429782     35.788      8.082   221.9451     4.6340     0.8902     0.0242      0.089      0.585      0.848        438 1.1883e+02 0.0000e+00
      0.619    25.8641     8.3518    102.589  36.413709     35.789      8.081   222.7780     4.5693     0.7828     0.0242      0.088      0.607      0.881        439 1.1487e+02 0.0000e+00
      0.643    25.8535     8.3474    102.529  36.432182     35.793      8.077   223.1944     4.6017     0.8097     0.0242      0.089      0.630      0.915        440 1.1195e+02 0.0000e+00
      0.668    25.8448     8.3242    102.234  36.466112     35.854      8.072   223.4594     4.6624     0.8365     0.0242      0.090      0.655      0.951        441 1.0857e+02 0.0000e+00
      0.694    25.8390     8.2914    101.817  36.490124     35.861      8.069   223.9894     4.6624     0.8499     0.0242      0.092      0.681      0.988        442 1.0525e+02 0.0000e+00
      0.721    25.8336     8.2818    101.685  36.491283     35.895      8.065   224.1787     4.6543     0.8365     0.0242      0.095      0.709      1.030        443 1.0210e+02 0.0000e+00
      0.756    25.8283     8.2796    101.650  36.435015     35.816      8.059   224.6330     4.6300     0.8365     0.0242      0.100      0.742      1.077        444 9.8321e+01 0.0000e+00
      0.793    25.8233     8.2624    101.431  36.411856     35.820      8.057   225.2008     4.5855     0.8365     0.0242      0.106      0.775      1.123        445 9.4811e+01 0.0000e+00
      0.820    25.8184     8.2470    101.232  36.431130     35.824      8.055   225.0494     4.5815     0.8231     0.0242      0.111      0.802      1.163        446 9.2770e+01 0.0000e+00
      0.841    25.8125     8.2089    100.753  36.411032     35.828      8.057   225.2387     4.5774     0.7828     0.0242      0.113      0.826      1.198        447 9.0318e+01 0.0000e+00
      0.865    25.8080     8.1633    100.183  36.407212     35.803      8.055   225.5794     4.5774     0.7559     0.0242      0.113      0.849      1.231        448 8.8098e+01 0.0000e+00
      0.888    25.8056     8.1397     99.886  36.406227     35.835      8.056   225.4280     4.7877     1.0782     0.0242      0.111      0.872      1.264        449 8.6405e+01 0.0000e+00
      0.913    25.8023     8.1278     99.736  36.382601     35.783      8.053   225.7308     4.8403     1.0916     0.0242      0.107      0.895      1.298        450 8.3946e+01 0.0000e+00
      0.938    25.7973     8.1215     99.656  36.406959     35.840      8.055   225.9958     4.8241     1.1051     0.0242      0.103      0.918      1.331        451 8.2389e+01 0.0000e+00
      0.957    25.7896     8.1181     99.610  36.375918     35.787      8.053   226.4123     4.8322     1.1051     0.0242      0.096      0.939      1.361        452 8.0937e+01 0.0000e+00
      0.977    25.7822     8.0844     99.193  36.361916     35.791      8.053   226.4880     4.8281     1.0648     0.0242      0.091      0.959      1.391        453 7.8931e+01 0.0000e+00
      0.999    25.7778     8.0576     98.859  36.394726     35.824      8.048   226.5637     4.8160     1.0379     0.0242      0.089      0.981      1.424        454 7.6989e+01 0.0000e+00
      1.026    25.7735     8.0283     98.493  36.364748     35.802      8.043   227.3966     4.8403     1.1319     0.0242      0.089      1.006      1.460        455 7.4784e+01 0.0000e+00
      1.053    25.7681     8.0013     98.156  36.369570     35.805      8.033   227.5480     4.8362     1.1319     0.0242      0.090      1.033      1.498        456 7.2920e+01 0.0000e+00
      1.079    25.7620     7.9578     97.618  36.359071     35.808      8.023   227.9644     4.8322     1.1051     0.0242      0.092      1.059      1.537        457 7.1063e+01 0.0000e+00
      1.110    25.7564     7.9093     97.016  36.377816     35.811      8.008   228.6080     4.9778     1.0111     0.0242      0.095      1.087      1.577        458 6.8813e+01 0.0000e+00
      1.137    25.7524     7.8689     96.513  36.405562     35.871      7.997   228.9109     4.9656     1.1185     0.0242      0.099      1.115      1.617        459 6.7207e+01 0.0000e+00
      1.164    25.7500     7.8664     96.476  36.354203     35.792      7.988   229.0244     4.9414     1.0514     0.0242      0.103      1.143      1.658        460 6.5278e+01 0.0000e+00
      1.197    25.7482     7.8647     96.448  36.352757     35.823      7.976   230.0844     4.9575     1.0916     0.0242      0.108      1.175      1.703        461 6.2824e+01 0.0000e+00
      1.232    25.7465     7.8822     96.651  36.318389     35.769      7.968   230.2359     4.7917     1.0648     0.0242      0.113      1.206      1.748        462 6.1315e+01 0.0000e+00
      1.257    25.7441     7.9000     96.856  36.308000     35.770      7.961   230.1601     4.7796     1.0916     0.0242      0.115      1.231      1.786        463 6.0158e+01 0.0000e+00
      1.276    25.7413     7.9138     96.997  36.365685     35.827      7.953   230.2359     4.7715     1.0648     0.0242      0.113      1.253      1.817        464 5.8920e+01 0.0000e+00
      1.299    25.7380     7.9091     96.901  36.335576     35.801      7.947   230.7659     4.7756     1.0916     0.0242      0.110      1.276      1.850        465 5.7438e+01 0.0000e+00
      1.328    25.7348     7.8782     96.466  36.256496     35.720      7.941   230.9173     5.1031     1.1051     0.0241      0.107      1.302      1.888        466 5.5909e+01 0.0000e+00
      1.354    25.7319     7.8371     95.886  36.256491     35.723      7.929   231.5230     5.0788     1.0916     0.0241      0.105      1.327      1.925        467 5.4655e+01 0.0000e+00
      1.378    25.7281     7.7929     95.256  36.305926     35.780      7.921   232.2044     5.0708     1.0916     0.0242      0.102      1.352      1.961        468 5.3133e+01 0.0000e+00
      1.405    25.7236     7.7582     94.737  36.313613     35.782      7.911   232.1666     5.0991     1.0514     0.0242      0.099      1.376      1.996        469 5.2089e+01 0.0000e+00
      1.427    25.7206     7.7280     94.265  36.306245     35.785      7.901   232.6587     5.4549     1.0648     0.0242      0.097      1.400      2.030        470 5.0984e+01 0.0000e+00
      1.451    25.7161     7.7231     94.110  36.285439     35.760      7.893   232.8859     5.4711     1.0648     0.0242      0.097      1.423      2.064        471 4.9636e+01 0.0000e+00
      1.475    25.7099     7.7579     94.455  36.250533     35.735      7.884   233.0752     5.4792     1.0648     0.0241      0.098      1.446      2.097        472 4.8685e+01 0.0000e+00
      1.496    25.7017     7.8310     95.281  36.260711     35.738      7.882   232.8101     5.4306     1.0245     0.0241      0.096      1.468      2.129        473 4.7513e+01 0.0000e+00
      1.521    25.6864     7.9227     96.349  36.243115     35.742      7.876   233.2266     5.2123     1.0111     0.0241      0.094      1.491      2.163        474 4.6430e+01 0.0000e+00
      1.545    25.6640     7.9908     97.132  36.272434     35.748      7.868   233.4916     5.1921     1.0245     0.0241      0.093      1.516      2.198        475 4.5431e+01 0.0000e+00
      1.571    25.6320     8.0223     97.472  36.372522     35.897      7.859   234.1730     5.2204     1.1453     0.0242      0.093      1.543      2.237        476 4.4072e+01 0.0000e+00
      1.604    25.5883     8.0071     97.229  36.385493     35.885      7.845   234.5137     5.1840     1.0111     0.0242      0.096      1.573      2.282        477 4.2689e+01 0.0000e+00
      1.637    25.5372     7.9439     96.412  36.523234     36.073      7.836   234.5894     5.0950     1.1319     0.0243      0.101      1.604      2.327        478 4.1434e+01 0.0000e+00
      1.666    25.4823     7.8441     95.175  36.675669     36.242      7.824   234.7030     5.0788     1.1051     0.0243      0.105      1.633      2.370        479 4.0379e+01 0.0000e+00
      1.695    25.4233     7.7253     93.676  36.670358     36.279      7.812   235.6494     5.0788     0.9574     0.0243      0.110      1.662      2.411        480 3.9328e+01 0.0000e+00
      1.724    25.3679     7.5910     91.948  36.737484     36.374      7.800   235.9144     5.0788     1.0111     0.0243      0.114      1.691      2.452        481 3.8047e+01 0.0000e+00
      1.755    25.3221     7.4552     90.216  36.859095     36.555      7.785   236.1037     5.0627     0.9842     0.0244      0.117      1.718      2.492        482 3.7305e+01 0.0000e+00
      1.775    25.2861     7.3208     88.452  36.904616     36.623      7.778   235.9902     5.2123     1.1588     0.0244      0.116      1.741      2.525        483 3.6775e+01 0.0000e+00
      1.796    25.2580     7.1940     86.767  37.007116     36.768      7.771   236.1794     5.1961     1.0648     0.0245      0.112      1.762      2.556        484 3.5925e+01 0.0000e+00
      1.821    25.2333     7.0715     85.132  37.057815     36.850      7.764   236.8609     5.2082     1.1051     0.0245      0.106      1.785      2.588        485 3.5207e+01 0.0000e+00
      1.843    25.2084     6.9456     83.442  37.019500     36.814      7.756   237.2773     5.1759     0.9842     0.0245      0.101      1.807      2.621        486 3.4441e+01 0.0000e+00
      1.865    25.1768     6.7768     81.238  37.143794     36.972      7.744   237.7694     5.1557     1.0782     0.0245      0.096      1.829      2.652        487 3.3583e+01 0.0000e+00
      1.888    25.1488     6.6004     78.947  37.199746     37.045      7.730   237.8452     5.1435     1.1319     0.0245      0.093      1.850      2.683        488 3.3073e+01 0.0000e+00
      1.906    25.1340     6.4140     76.547  37.157503     37.014      7.721   238.3373     5.1314     1.0111     0.0245      0.088      1.871      2.714        489 3.2371e+01 0.0000e+00
      1.932    25.0993     6.2192     74.069  37.196380     37.090      7.712   239.2080     5.1435     1.0916     0.0246      0.087      1.895      2.749        490 3.1408e+01 0.0000e+00
      1.961    25.0434     6.0099     71.438  37.151377     37.045      7.695   239.3216     6.5548     0.9305     0.0245      0.089      1.922      2.788        491 3.0708e+01 0.0000e+00
      1.988    24.9873     5.7587     68.313  37.154200     37.069      7.677   239.4730     6.5346     1.0648     0.0245      0.092      1.950      2.828        492 2.9883e+01 0.0000e+00
      2.017    24.9059     5.5073     65.249  37.192885     37.169      7.661   239.8137     6.5467     1.1185     0.0246      0.095      1.979      2.870        493 2.8980e+01 0.0000e+00
      2.049    24.8092     5.2599     62.285  37.162580     37.152      7.644   240.1166     6.5305     1.0916     0.0245      0.101      2.010      2.915        494 2.8151e+01 0.0000e+00
      2.080    24.7094     5.0400     59.593  37.132627     37.215      7.628   240.8359     7.8164     1.3065     0.0245      0.106      2.041      2.960        495 2.7239e+01 0.0000e+00
      2.113    24.5970     4.8636     57.347  37.022584     37.146      7.610   241.9337     7.7921     1.2125     0.0245      0.112      2.072      3.005        496 2.6428e+01 0.0000e+00
      2.145    24.4798     4.6907     55.161  36.943657     37.165      7.592   242.3880     7.7962     1.2528     0.0245      0.118      2.104      3.050        497 2.5655e+01 0.0000e+00
      2.177    24.3603     4.5403     53.259  36.904645     37.193      7.575   242.9938     7.7760     1.3602     0.0244      0.121      2.134      3.095        498 2.4878e+01 0.0000e+00
      2.206    24.2406     4.4408     51.975  36.863572     37.252      7.561   243.3723     8.2288     1.7630     0.0244      0.122      2.162      3.136        499 2.4224e+01 0.0000e+00
      2.232    24.1304     4.3602     50.907  36.846532     37.314      7.546   243.3345     8.2208     1.7630     0.0244      0.122      2.187      3.171        500 2.3749e+01 0.0000e+00
      2.251    24.0249     4.2700     49.728  36.836931     37.405      7.533   243.5616     8.2208     1.6959     0.0244      0.118      2.207      3.201        501 2.3364e+01 0.0000e+00
      2.268    23.9184     4.1666     48.375  36.786600     37.433      7.521   244.0916     8.2369     1.6690     0.0244      0.110      2.224      3.226        502 2.3001e+01 0.0000e+00
      2.285    23.8508     4.0205     46.505  36.731268     37.455      7.508   244.3566     8.2369     1.7630     0.0244      0.102      2.242      3.252        503 2.2509e+01 0.0000e+00
      2.305    23.8213     3.8760     44.683  36.727889     37.538      7.492   244.7352     7.9134     1.9510     0.0244      0.093      2.262      3.282        504 2.1931e+01 0.0000e+00
      2.331    23.7409     3.7087     42.642  36.672216     37.533      7.475   245.3409     7.9054     1.9376     0.0244      0.086      2.287      3.317        505 2.1305e+01 0.0000e+00
      2.360    23.5964     3.5235     40.379  36.533652     37.411      7.458   246.0602     7.9054     1.8570     0.0243      0.084      2.314      3.357        506 2.0730e+01 0.0000e+00
      2.388    23.4519     3.3234     37.950  36.485126     37.414      7.442   246.2116     7.9337     1.9376     0.0243      0.086      2.342      3.397        507 2.0198e+01 0.0000e+00
      2.416    23.3226     3.1228     35.542  36.525033     37.586      7.426   246.6280     7.9256     2.1390     0.0243      0.090      2.368      3.435        508 1.9605e+01 0.0000e+00
      2.440    23.2002     2.9029     32.935  36.484052     37.638      7.410   246.4766     7.9013     2.1390     0.0243      0.095      2.393      3.471        509 1.9159e+01 0.0000e+00
      2.466    23.0735     2.7158     30.723  36.506537     37.770      7.390   246.7038     7.9054     2.0719     0.0243      0.100      2.421      3.512        510 1.8455e+01 0.0000e+00
