Data/DataNotYetUploadedToEDI/Raw_CTD/2018_RawDownloads/082018_fcr45.cnv
* Sea-Bird SBE19plus  Data File:
* FileName = C:\DATA\082018_fcr_0005.hex
* Software version 2.6.3.104
* Temperature SN = 7809
* Conductivity SN = 7809
* System UpLoad Time = Aug 20 2018 17:53:38
* <ApplicationData>
* <Seaterm232>
# nquan = 17
# nvalues = 781                         
# units = specified
# name 0 = depFM: Depth [fresh water, m]
# name 1 = tv290C: Temperature [ITS-90, deg C]
# name 2 = sbeox0Mg/L: Oxygen, SBE 43 [mg/l]
# name 3 = sbeox0PS: Oxygen, SBE 43 [% saturation]
# name 4 = c0uS/cm: Conductivity [uS/cm]
# name 5 = specc: Specific Conductance [uS/cm]
# name 6 = ph: pH
# name 7 = orp: Oxidation Reduction Potential [mV]
# name 8 = flECO-AFL: Fluorescence, WET Labs ECO-AFL/FL [mg/m^3]
# name 9 = turbWETntu0: Turbidity, WET Labs ECO [NTU]
# name 10 = sal00: Salinity, Practical [PSU]
# name 11 = dz/dtM: Descent Rate [m/s]
# name 12 = prdM: Pressure, Strain Gauge [db]
# name 13 = prdE: Pressure, Strain Gauge [psi]
# name 14 = scan: Scan Count
# name 15 = par/sat/log: PAR/Logarithmic, Satlantic
# name 16 = flag:  0.000e+00
# span 0 =     -0.548,      7.465       
# span 1 =    11.9481,    25.9085       
# span 2 =     0.0642,     9.0624       
# span 3 =      0.596,    111.429       
# span 4 =  -0.194358,  62.779098       
# span 5 =      0.423,     84.930       
# span 6 =      6.135,      8.132       
# span 7 =   143.4670,   285.9996       
# span 8 =    -0.1941,     9.9474       
# span 9 =     0.3800,    22.5092       
# span 10 =     0.0108,     0.0412      
# span 11 =     -0.081,      0.263      
# span 12 =     -0.537,      7.319      
# span 13 =     -0.779,     10.615      
# span 14 =          1,        781      
# span 15 = 1.2281e-01, 3.5767e+02      
# span 16 = 0.0000e+00, 0.0000e+00      
# interval = seconds: 0.25
# start_time = Aug 20 2018 16:49:20 [Instrument's time stamp, header]
# bad_flag = -9.990e-29
*END*
[from data line 766]
      7.333    11.9536     0.0821      0.761  55.921095     75.471      6.147   275.5131     1.2374    19.9847     0.0369      0.062      7.192     10.432        767 1.2559e-01 0.0000e+00
      7.368    11.9595     0.0847      0.785  58.916077     79.786      6.144   275.0967     1.1161    19.3939     0.0389      0.072      7.222     10.475        768 1.2560e-01 0.0000e+00
      7.392    11.9642     0.0819      0.760  61.674840     83.525      6.140   274.3774     1.1080    19.3536     0.0406      0.082      7.245     10.508        769 1.2562e-01 0.0000e+00
      7.403    11.9666 -9.990e-29 -9.990e-29  61.871114     83.663      6.143   273.7717     1.0797    19.2462     0.0406      0.087      7.259     10.528        770 1.2550e-01 0.0000e+00
      7.412    11.9673 -9.990e-29 -9.990e-29  61.849235     83.652      6.147   272.7874     1.1080    19.2462     0.0406      0.088      7.268     10.541        771 1.2560e-01 0.0000e+00
      7.419    11.9684 -9.990e-29 -9.990e-29  62.266322     84.215      6.147   271.6517     1.1080    17.3932     0.0409      0.083      7.276     10.551        772 1.2563e-01 0.0000e+00
      7.424    11.9703 -9.990e-29 -9.990e-29  62.688470     84.781      6.150   271.0081     1.0999    17.4334     0.0411      0.073      7.281     10.560        773 1.2548e-01 0.0000e+00
      7.430    11.9728 -9.990e-29 -9.990e-29  62.779098     84.930      6.155   270.5917     1.1444    17.5006     0.0412      0.059      7.286     10.567        774 1.2559e-01 0.0000e+00
      7.434    11.9735 -9.990e-29 -9.990e-29  62.717810     84.774      6.160   269.9481     1.1080    17.2723     0.0411      0.044      7.290     10.574        775 1.2559e-01 0.0000e+00
      7.438    11.9730 -9.990e-29 -9.990e-29  62.556849     84.655      6.163   269.3424     1.1323    17.7289     0.0411      0.031      7.295     10.580        776 1.2548e-01 0.0000e+00
      7.443    11.9746 -9.990e-29 -9.990e-29  62.266644     84.123      6.169   268.6231     1.0999    17.8497     0.0408      0.024      7.300     10.587        777 1.2559e-01 0.0000e+00
      7.450    11.9828 -9.990e-29 -9.990e-29  61.891031     83.784      6.171   266.9195     1.0999    17.9168     0.0407      0.021      7.306     10.596        778 1.2558e-01 0.0000e+00
      7.457    11.9896 -9.990e-29 -9.990e-29  61.123645     82.569      6.177   266.8438     1.0999    17.8497     0.0401      0.021      7.312     10.605        779 1.2564e-01 0.0000e+00
      7.463 -9.990e-29 -9.990e-29 -9.990e-29  60.192566     81.454      6.177   266.2760     1.1686    16.7486     0.0396      0.021      7.317     10.612        780 1.2565e-01 0.0000e+00
      7.465 -9.990e-29 -9.990e-29 -9.990e-29  59.723785     80.605      6.181   265.8217     1.1848    16.6680     0.0393      0.021      7.319     10.615        781 1.2550e-01 0.0000e+00
