Data/DataNotYetUploadedToEDI/Raw_CTD/2018_RawDownloads/082018_fcr45.cnv
* Sea-Bird SBE19plus  Data File:
* FileName = C:\DATA\082018_fcr_0005.hex
* Software version 2.6.3.104
* Temperature SN = 7809
* Conductivity SN = 7809
* System UpLoad Time = Aug 20 2018 17:53:38
* <ApplicationData>
* <Seaterm232>
# nquan = 17
# nvalues = 781                         
# units = specified
# name 0 = depFM: Depth [fresh water, m]
# name 1 = tv290C: Temperature [ITS-90, deg C]
# name 2 = sbeox0Mg/L: Oxygen, SBE 43 [mg/l]
# name 3 = sbeox0PS: Oxygen, SBE 43 [% saturation]
# name 4 = c0uS/cm: Conductivity [uS/cm]
# name 5 = specc: Specific Conductance [uS/cm]
# name 6 = ph: pH
# name 7 = orp: Oxidation Reduction Potential [mV]
# name 8 = flECO-AFL: Fluorescence, WET Labs ECO-AFL/FL [mg/m^3]
# name 9 = turbWETntu0: Turbidity, WET Labs ECO [NTU]
# name 10 = sal00: Salinity, Practical [PSU]
# name 11 = dz/dtM: Descent Rate [m/s]
# name 12 = prdM: Pressure, Strain Gauge [db]
# name 13 = prdE: Pressure, Strain Gauge [psi]
# name 14 = scan: Scan Count
# name 15 = par/sat/log: PAR/Logarithmic, Satlantic
# name 16 = flag:  0.000e+00
# span 0 =     -0.548,      7.465       
# span 1 =    11.9481,    25.9085       
# span 2 =     0.0642,     9.0624       
# span 3 =      0.596,    111.429       
# span 4 =  -0.194358,  62.779098       
# span 5 =      0.423,     84.930       
# span 6 =      6.135,      8.132       
# span 7 =   143.4670,   285.9996       
# span 8 =    -0.1941,     9.9474       
# span 9 =     0.3800,    22.5092       
# span 10 =     0.0108,     0.0412      
# span 11 =     -0.081,      0.263      
# span 12 =     -0.537,      7.319      
# span 13 =     -0.779,     10.615      
# span 14 =          1,        781      
# span 15 = 1.2281e-01, 3.5767e+02      
# span 16 = 0.0000e+00, 0.0000e+00      
# interval = seconds: 0.25
# start_time = Aug 20 2018 16:49:20 [Instrument's time stamp, header]
# bad_flag = -9.990e-29
*END*
[from data line 596]
      4.293    13.7908     0.1724      1.644  38.697755     49.622      6.427   268.0553     1.8601     4.7977     0.0263      0.071      4.212      6.109        597 2.2062e+00 0.0000e+00
      4.325    13.6782     0.1670      1.592  38.763737     49.866      6.422   268.5095     1.8722     4.8246     0.0264      0.081      4.241      6.152        598 2.0974e+00 0.0000e+00
      4.356    13.5586     0.1676      1.596  38.743390     49.933      6.417   268.6231     1.8601     4.7575     0.0264      0.091      4.270      6.193        599 2.0293e+00 0.0000e+00
      4.380    13.4706     0.1579      1.502  38.634137     49.936      6.411   269.5317     1.5043     5.8988     0.0264      0.098      4.292      6.225        600 1.9930e+00 0.0000e+00
      4.393    13.4116     0.1585      1.507  38.573462     50.019      6.407   269.6074     1.5285     5.9391     0.0264      0.099      4.308      6.249        601 1.9647e+00 0.0000e+00
      4.407    13.3598     0.1540      1.464  38.581652     50.133      6.405   269.9481     1.4800     5.8183     0.0264      0.095      4.322      6.269        602 1.9355e+00 0.0000e+00
      4.421    13.3057     0.1500      1.425  38.535003     50.173      6.401   269.9103     1.4881     5.7914     0.0264      0.089      4.336      6.289        603 1.8947e+00 0.0000e+00
      4.435    13.2583     0.1520      1.443  38.394246     50.022      6.395   269.7967     1.4113     7.4028     0.0263      0.082      4.349      6.308        604 1.8507e+00 0.0000e+00
      4.449    13.2286     0.1476      1.401  38.371231     50.093      6.392   269.9860     1.4598     7.4162     0.0263      0.073      4.363      6.328        605 1.8257e+00 0.0000e+00
      4.462    13.2219     0.1476      1.401  38.445019     50.228      6.391   270.4024     1.4557     7.3491     0.0263      0.063      4.377      6.348        606 1.8097e+00 0.0000e+00
      4.479    13.2159     0.1522      1.443  38.421092     50.268      6.385   271.5381     1.4315     7.4028     0.0263      0.057      4.393      6.371        607 1.7484e+00 0.0000e+00
      4.497    13.1798     0.1502      1.424  38.401024     50.203      6.380   271.8031     1.5326     6.7448     0.0263      0.056      4.412      6.399        608 1.6958e+00 0.0000e+00
      4.521    13.1197     0.1498      1.421  38.470001     50.356      6.370   272.4845     1.5730     6.7045     0.0264      0.060      4.434      6.432        609 1.6705e+00 0.0000e+00
      4.547    13.0774     0.1514      1.436  38.453912     50.331      6.364   273.0146     1.5609     6.7179     0.0263      0.066      4.457      6.465        610 1.6174e+00 0.0000e+00
      4.567    13.0676     0.1539      1.457  38.421067     50.411      6.357   273.0146     1.5649     6.7851     0.0263      0.072      4.477      6.493        611 1.6032e+00 0.0000e+00
      4.581    13.0625     0.1550      1.466  38.451577     50.468      6.355   272.8253     1.5649     6.7985     0.0264      0.075      4.493      6.516        612 1.5980e+00 0.0000e+00
      4.598    13.0457     0.1548      1.461  38.504952     50.589      6.352   272.9010     1.6175     7.5773     0.0264      0.077      4.509      6.540        613 1.5530e+00 0.0000e+00
      4.615    13.0134     0.1567      1.476  38.502966     50.560      6.349   272.5224     1.6175     7.5773     0.0264      0.077      4.525      6.563        614 1.5276e+00 0.0000e+00
      4.629    12.9824     0.1585      1.492  38.513380     50.619      6.345   272.7117     1.6337     7.5505     0.0264      0.075      4.539      6.584        615 1.4546e+00 0.0000e+00
      4.643    12.9765     0.1601      1.507  38.521663     50.662      6.344   272.7874     1.6013     7.6579     0.0264      0.070      4.553      6.603        616 1.4365e+00 0.0000e+00
      4.656    12.9765     0.1637      1.540  38.522335     50.705      6.344   272.9767     1.4194     8.5844     0.0264      0.064      4.566      6.622        617 1.4666e+00 0.0000e+00
      4.669    12.9671     0.1751      1.648  38.571886     50.785      6.341   272.8631     1.3910     8.6381     0.0265      0.059      4.578      6.640        618 1.4336e+00 0.0000e+00
      4.681    12.9625     0.1835      1.726  38.548995     50.748      6.343   272.7874     1.4315     8.6516     0.0264      0.056      4.590      6.658        619 1.4162e+00 0.0000e+00
      4.693    12.9551     0.1971      1.853  38.521161     50.724      6.339   272.9388     1.4477     8.6650     0.0264      0.054      4.603      6.676        620 1.3852e+00 0.0000e+00
      4.707    12.9071     0.2073      1.950  38.517537     50.730      6.337   273.3931     1.3102     9.5781     0.0264      0.052      4.618      6.698        621 1.3488e+00 0.0000e+00
      4.727    12.8197     0.2248      2.113  38.523845     50.739      6.335   273.7717     1.2819     9.6855     0.0264      0.053      4.638      6.727        622 1.3565e+00 0.0000e+00
      4.754    12.7368     0.2353      2.209  38.572646     50.876      6.331   273.8853     1.3183     9.7124     0.0265      0.057      4.663      6.763        623 1.3155e+00 0.0000e+00
      4.783    12.6742     0.2544      2.386  38.575483     50.996      6.326   274.2638     1.2819     9.7392     0.0265      0.065      4.690      6.802        624 1.1994e+00 0.0000e+00
      4.809    12.6339     0.2652      2.486  38.609346     51.145      6.319   274.9074     1.4234    10.3166     0.0265      0.074      4.713      6.835        625 1.1914e+00 0.0000e+00
      4.824    12.6209     0.2689      2.520  38.619538     51.267      6.314   274.9831     1.4355    10.3166     0.0265      0.081      4.729      6.860        626 1.1960e+00 0.0000e+00
      4.835    12.6229     0.2864      2.684  38.592496     51.248      6.311   275.2103     1.4032    10.3703     0.0265      0.083      4.742      6.878        627 1.1264e+00 0.0000e+00
      4.847    12.6238     0.3150      2.951  38.613357     51.340      6.309   275.0588     1.4355    10.3166     0.0266      0.082      4.755      6.897        628 1.1272e+00 0.0000e+00
      4.863    12.6116     0.3584      3.356  38.593584     51.262      6.307   275.3617     1.4355    10.5181     0.0265      0.078      4.770      6.918        629 1.1094e+00 0.0000e+00
      4.881    12.5934     0.4142      3.878  38.646768     51.372      6.305   275.3617     1.4396    10.5583     0.0266      0.072      4.786      6.942        630 1.0974e+00 0.0000e+00
      4.898    12.5808     0.4817      4.510  38.636163     51.352      6.301   275.7024     1.4517    10.5046     0.0266      0.065      4.803      6.966        631 1.0917e+00 0.0000e+00
      4.914    12.5581     0.5547      5.191  38.577123     51.303      6.299   275.5510     1.4234    10.5181     0.0265      0.061      4.822      6.993        632 1.0025e+00 0.0000e+00
      4.939    12.5157     0.6198      5.799  38.631260     51.394      6.293   276.2703     1.4113    10.4643     0.0266      0.062      4.847      7.029        633 9.5377e-01 0.0000e+00
      4.974    12.4714     0.6866      6.421  38.687454     51.499      6.289   276.8760     1.1201    12.0488     0.0266      0.070      4.878      7.075        634 8.9891e-01 0.0000e+00
      5.010    12.4419     0.7384      6.903  38.744513     51.632      6.282   276.9138     1.1120    11.9951     0.0266      0.082      4.910      7.121        635 8.4397e-01 0.0000e+00
      5.036    12.4272     0.7838      7.324  38.767917     51.731      6.278   276.7246     1.0959    11.9817     0.0267      0.093      4.936      7.159        636 8.4355e-01 0.0000e+00
      5.054    12.4209     0.8199      7.659  38.747340     51.734      6.279   276.9138     1.1120    12.0220     0.0267      0.099      4.956      7.188        637 8.2534e-01 0.0000e+00
      5.070    12.4151     0.8391      7.836  38.740473     51.755      6.277   276.6867     1.1201    12.6262     0.0267      0.101      4.971      7.210        638 8.1066e-01 0.0000e+00
      5.084    12.4060     0.8626      8.053  38.746809     51.763      6.278   276.4974     1.1242    12.6531     0.0267      0.098      4.985      7.230        639 7.6758e-01 0.0000e+00
      5.096    12.3964     0.8849      8.260  38.798787     51.846      6.278   276.6488     1.1039    12.6262     0.0267      0.091      4.999      7.250        640 7.6351e-01 0.0000e+00
      5.112    12.3838     0.8994      8.395  38.824108     51.896      6.282   276.8760     1.1242    12.5994     0.0267      0.081      5.014      7.272        641 7.5905e-01 0.0000e+00
      5.130    12.3693     0.9124      8.516  38.863621     51.946      6.283   276.6867     0.9584    13.4588     0.0267      0.071      5.031      7.297        642 7.0731e-01 0.0000e+00
      5.148    12.3572     0.9200      8.586  38.897940     52.039      6.282   276.7624     0.9584    13.4856     0.0268      0.064      5.049      7.322        643 6.9810e-01 0.0000e+00
      5.166    12.3421     0.9256      8.637  38.870397     51.985      6.281   277.0274     0.9826    13.4856     0.0267      0.062      5.067      7.349        644 6.8304e-01 0.0000e+00
      5.186    12.3235     0.9337      8.709  38.986896     52.188      6.286   277.2546     0.9462    13.4991     0.0268      0.064      5.090      7.382        645 6.5010e-01 0.0000e+00
      5.220    12.3060     0.9295      8.668  39.108933     52.359      6.279   277.6331     0.8290    13.8348     0.0269      0.071      5.121      7.426        646 6.3821e-01 0.0000e+00
      5.260    12.2886     0.9273      8.646  39.163494     52.460      6.269   278.3146     0.8290    13.8482     0.0269      0.082      5.153      7.474        647 6.1559e-01 0.0000e+00
      5.284    12.2729     0.9170      8.548  39.215649     52.560      6.263   278.2010     0.8775    13.8885     0.0270      0.092      5.177      7.509        648 5.7817e-01 0.0000e+00
      5.293    12.2622     0.9031      8.417  39.222022     52.584      6.260   278.3146     0.8856    13.9556     0.0270      0.096      5.191      7.528        649 5.6373e-01 0.0000e+00
      5.303    12.2560     0.8919      8.311  39.214898     52.606      6.258   278.3524     0.7036    14.9761     0.0270      0.094      5.200      7.542        650 5.4126e-01 0.0000e+00
      5.313    12.2542     0.8733      8.135  39.224521     52.621      6.256   278.4660     0.7158    15.1373     0.0270      0.088      5.209      7.556        651 5.3686e-01 0.0000e+00
      5.320    12.2536     0.8564      7.975  39.239718     52.668      6.255   278.3146     0.6996    15.0970     0.0270      0.078      5.219      7.568        652 5.1253e-01 0.0000e+00
      5.331    12.2495     0.8454      7.871  39.225655     52.632      6.255   278.3146     0.7238    15.1104     0.0270      0.066      5.229      7.583        653 5.0453e-01 0.0000e+00
      5.344    12.2389     0.8388      7.809  39.271688     52.709      6.257   278.2010     0.6996    15.1910     0.0270      0.053      5.240      7.600        654 5.4218e-01 0.0000e+00
      5.355    12.2265     0.8273      7.700  39.330753     52.789      6.259   278.1253     0.7643    15.3118     0.0270      0.043      5.251      7.616        655 5.1004e-01 0.0000e+00
      5.365    12.2167     0.8277      7.703  39.389467     52.880      6.260   278.0496     0.7562    15.3387     0.0271      0.040      5.262      7.631        656 4.9261e-01 0.0000e+00
      5.377    12.2072     0.8205      7.635  39.465606     53.010      6.260   278.3146     0.7926    15.2715     0.0271      0.041      5.274      7.649        657 5.0167e-01 0.0000e+00
      5.391    12.1961     0.8326      7.746  39.473324     53.024      6.261   278.6553     0.8290    15.3253     0.0271      0.043      5.290      7.672        658 4.7272e-01 0.0000e+00
      5.413    12.1871     0.8464      7.874  39.468861     53.037      6.259   278.0496     0.6996    15.3118     0.0271      0.047      5.311      7.703        659 4.6089e-01 0.0000e+00
      5.444    12.1789     0.8547      7.951  39.471165     53.053      6.258   279.1853     0.7036    15.3521     0.0271      0.056      5.339      7.744        660 4.5315e-01 0.0000e+00
      5.477    12.1658     0.8674      8.069  39.470464     53.066      6.249   279.4881     0.7077    15.4327     0.0271      0.067      5.369      7.787        661 4.2468e-01 0.0000e+00
      5.502    12.1526     0.8863      8.244  39.529067     53.152      6.242   279.2231     0.6996    15.3655     0.0272      0.078      5.393      7.822        662 4.1556e-01 0.0000e+00
      5.519    12.1430     0.9134      8.495  39.516898     53.172      6.236   279.6774     0.8411    15.3790     0.0272      0.087      5.411      7.848        663 4.0409e-01 0.0000e+00
      5.532    12.1359     0.9380      8.722  39.485616     53.115      6.239   279.8289     0.8654    15.3924     0.0271      0.090      5.424      7.867        664 3.9169e-01 0.0000e+00
      5.543    12.1300     0.9606      8.931  39.568005     53.280      6.238   279.5260     0.8371    15.3655     0.0272      0.089      5.437      7.885        665 3.8536e-01 0.0000e+00
      5.557    12.1244     0.9853      9.158  39.533032     53.214      6.239   280.1696     0.8411    15.2715     0.0272      0.083      5.452      7.907        666 3.7005e-01 0.0000e+00
      5.576    12.1181     1.0056      9.346  39.469814     53.148      6.238   280.2831     0.8492    15.1910     0.0271      0.075      5.470      7.933        667 3.5615e-01 0.0000e+00
      5.599    12.1114     1.0148      9.431  39.528023     53.231      6.240   280.3210     0.8735    15.1910     0.0272      0.069      5.490      7.962        668 3.3989e-01 0.0000e+00
      5.617    12.1077     1.0222      9.499  39.519926     53.240      6.238   280.4346     0.8532    15.0567     0.0272      0.065      5.509      7.990        669 3.3692e-01 0.0000e+00
      5.636    12.1049     1.0132      9.415  39.479895     53.174      6.236   280.5860     0.8411    15.1238     0.0271      0.065      5.526      8.015        670 3.2660e-01 0.0000e+00
      5.651    12.1012     1.0037      9.326  39.518513     53.255      6.236   280.4724     0.8452    15.2178     0.0272      0.067      5.541      8.037        671 3.3574e-01 0.0000e+00
      5.663    12.0984     0.9964      9.258  39.531197     53.259      6.236   280.9267     0.8532    15.2178     0.0272      0.068      5.556      8.058        672 3.4194e-01 0.0000e+00
      5.681    12.0947     0.9857      9.159  39.523442     53.264      6.237   280.8510     0.8492    15.1910     0.0272      0.069      5.577      8.087        673 2.9193e-01 0.0000e+00
      5.716    12.0867     0.9675      8.992  39.528167     53.268      6.231   281.9489     0.8371    15.1641     0.0272      0.073      5.607      8.132        674 2.8748e-01 0.0000e+00
      5.756    12.0766     0.9563      8.887  39.525320     53.273      6.225   281.8731     0.7966    15.1641     0.0272      0.080      5.639      8.179        675 2.7720e-01 0.0000e+00
      5.778    12.0697     0.9490      8.818  39.526987     53.285      6.222   282.0246     0.8371    15.6878     0.0272      0.087      5.662      8.212        676 2.3523e-01 0.0000e+00
      5.788    12.0653     0.9420      8.751  39.526096     53.300      6.217   282.1381     0.8694    15.7952     0.0272      0.090      5.676      8.232        677 2.6419e-01 0.0000e+00
      5.799    12.0615     0.9400      8.731  39.526435     53.310      6.216   281.9489     0.8654    15.7281     0.0272      0.089      5.686      8.247        678 2.4399e-01 0.0000e+00
      5.807    12.0600     0.9290      8.629  39.526568     53.315      6.217   281.6460     0.8613    15.7147     0.0272      0.085      5.695      8.260        679 2.1268e-01 0.0000e+00
      5.815    12.0576     0.9180      8.525  39.525932     53.322      6.217   281.8731     0.7724    16.2249     0.0272      0.077      5.703      8.271        680 2.5046e-01 0.0000e+00
