Data/DataNotYetUploadedToEDI/Raw_CTD/2018_RawDownloads/082018_fcr45.cnv
* Sea-Bird SBE19plus  Data File:
* FileName = C:\DATA\082018_fcr_0005.hex
* Software version 2.6.3.104
* Temperature SN = 7809
* Conductivity SN = 7809
* System UpLoad Time = Aug 20 2018 17:53:38
* <ApplicationData>
* <Seaterm232>
# nquan = 17
# nvalues = 781                         
# units = specified
# name 0 = depFM: Depth [fresh water, m]
# name 1 = tv290C: Temperature [ITS-90, deg C]
# name 2 = sbeox0Mg/L: Oxygen, SBE 43 [mg/l]
# name 3 = sbeox0PS: Oxygen, SBE 43 [% saturation]
# name 4 = c0uS/cm: Conductivity [uS/cm]
# name 5 = specc: Specific Conductance [uS/cm]
# name 6 = ph: pH
# name 7 = orp: Oxidation Reduction Potential [mV]
# name 8 = flECO-AFL: Fluorescence, WET Labs ECO-AFL/FL [mg/m^3]
# name 9 = turbWETntu0: Turbidity, WET Labs ECO [NTU]
# name 10 = sal00: Salinity, Practical [PSU]
# name 11 = dz/dtM: Descent Rate [m/s]
# name 12 = prdM: Pressure, Strain Gauge [db]
# name 13 = prdE: Pressure, Strain Gauge [psi]
# name 14 = scan: Scan Count
# name 15 = par/sat/log: PAR/Logarithmic, Satlantic
# name 16 = flag:  0.000e+00
# span 0 =     -0.548,      7.465       
# span 1 =    11.9481,    25.9085       
# span 2 =     0.0642,     9.0624       
# span 3 =      0.596,    111.429       
# span 4 =  -0.194358,  62.779098       
# span 5 =      0.423,     84.930       
# span 6 =      6.135,      8.132       
# span 7 =   143.4670,   285.9996       
# span 8 =    -0.1941,     9.9474       
# span 9 =     0.3800,    22.5092       
# span 10 =     0.0108,     0.0412      
# span 11 =     -0.081,      0.263      
# span 12 =     -0.537,      7.319      
# span 13 =     -0.779,     10.615      
# span 14 =          1,        781      
# span 15 = 1.2281e-01, 3.5767e+02      
# span 16 = 0.0000e+00, 0.0000e+00      
# interval = seconds: 0.25
# start_time = Aug 20 2018 16:49:20 [Instrument's time stamp, header]
# bad_flag = -9.990e-29
*END*
     -0.547    22.0346     7.5605     91.603   0.470734      0.542      6.295   143.4670    -0.1779     0.6619     0.0108 -4.211e-16     -0.537     -0.778          1 1.3730e+02 0.0000e+00
     -0.548    22.0312     7.6054     92.566   0.513558      0.482      6.295   146.0413    -0.1819     0.6217     0.0108     -0.000     -0.537     -0.779          2 1.5483e+02 0.0000e+00
     -0.547    22.0369     7.6774     93.691   0.361553      0.482      6.297   146.1928    -0.1860     0.5814     0.0108     -0.000     -0.537     -0.779          3 1.7325e+02 0.0000e+00
     -0.547    22.0275     7.7672     94.922   0.600688      0.482      6.296   146.7606    -0.1860     0.5411     0.0108     -0.000     -0.537     -0.779          4 1.8535e+02 0.0000e+00
     -0.548    22.0430     7.8392     95.842   0.156748      0.423      6.296   148.6156    -0.1779     0.4740     0.0108     -0.000     -0.537     -0.779          5 1.9677e+02 0.0000e+00
     -0.548    22.0182     7.8842     96.412   0.795604      0.423      6.298   149.7513    -0.1860     0.4337     0.0108     -0.000     -0.537     -0.778          6 1.8999e+02 0.0000e+00
     -0.548    22.1360     7.9068     96.685  -0.194358      0.482      6.296   149.6378    -0.1819     0.4068     0.0108     -0.000     -0.533     -0.773          7 2.0598e+02 0.0000e+00
     -0.546    22.9386     7.9081     96.714   1.566376      0.542      6.300   160.0107    -0.1819     0.4605     0.0108      0.000     -0.494     -0.716          8 2.7019e+02 0.0000e+00
     -0.401    23.9805     7.8859     96.438  18.746078     20.508      6.971   186.6243    -0.1941     0.5142     0.0170      0.038     -0.392     -0.569          9 3.0421e+02 0.0000e+00
     -0.257    24.6486     7.8562     96.047  33.531727     35.008      7.660   181.7786    -0.1941     0.4471     0.0231      0.105     -0.276     -0.401         10 3.0168e+02 0.0000e+00
     -0.194    25.0541     7.8229     95.645  36.006520     36.800      7.976   176.5543    -0.1779     0.3800     0.0241      0.169     -0.198     -0.288         11 2.9746e+02 0.0000e+00
     -0.152    25.3018     7.7973     95.337  36.330365     36.561      8.117   177.8793    -0.1294     0.4605     0.0242      0.220     -0.152     -0.220         12 2.9888e+02 0.0000e+00
     -0.113    25.4476     7.7797     95.128  36.272014     36.237      8.132   172.3900     3.0287    18.6285     0.0242      0.257     -0.125     -0.181         13 2.9319e+02 0.0000e+00
     -0.118    25.5242     7.7699     94.996  36.197557     35.975      8.096   164.1371     3.0328    18.6420     0.0241      0.263     -0.125     -0.182         14 2.8697e+02 0.0000e+00
     -0.154    25.5502     7.7636     94.885  36.007675     35.679      8.030   164.0235     3.0287    18.6420     0.0241      0.232     -0.145     -0.210         15 2.9034e+02 0.0000e+00
     -0.167    25.5587     7.7628     94.852  36.004049     35.623      7.958   165.3485     3.0166    18.6420     0.0240      0.171     -0.157     -0.228         16 2.9882e+02 0.0000e+00
     -0.158    25.5590     7.7678     94.868  36.053737     35.663      7.903   167.9228     3.4452     1.9376     0.0241      0.089     -0.157     -0.228         17 2.9776e+02 0.0000e+00
     -0.158    25.5650     7.7710     94.925  35.945822     35.544      7.845   167.4685     3.4452     1.9510     0.0240      0.028     -0.156     -0.226         18 2.9085e+02 0.0000e+00
     -0.163    25.5626     7.7742     94.956  35.871418     35.463      7.797   167.9228     3.4412     1.8705     0.0240     -0.002     -0.155     -0.224         19 3.0267e+02 0.0000e+00
     -0.150    25.5481     7.7806     94.998  35.820088     35.430      7.754   168.6421     3.4169     1.9242     0.0240     -0.015     -0.151     -0.220         20 3.0198e+02 0.0000e+00
     -0.154    25.5493     7.7853     95.063  35.742777     35.321      7.719   167.6200     3.3441     0.9171     0.0239     -0.018     -0.151     -0.220         21 2.8788e+02 0.0000e+00
     -0.157    25.5532     7.7851     95.099  35.700711     35.332      7.700   169.2100     3.3724     0.9171     0.0239     -0.008     -0.153     -0.222         22 2.8444e+02 0.0000e+00
     -0.156    25.5567     7.7858     95.169  35.605523     35.192      7.681   170.3078     3.3805     0.7828     0.0239      0.002     -0.153     -0.222         23 2.8921e+02 0.0000e+00
     -0.156    25.5486     7.8586     96.120  35.623976     35.245      7.661   170.1564     3.3724     0.9036     0.0239      0.004     -0.153     -0.222         24 2.9017e+02 0.0000e+00
     -0.156    25.5320     7.9895     97.779  35.588771     35.187      7.653   171.3300     3.4857     0.8902     0.0239      0.001     -0.150     -0.218         25 2.9261e+02 0.0000e+00
     -0.147    25.5139     8.0407     98.465  35.530705     35.137      7.653   170.1564     3.4937     0.8634     0.0239      0.003     -0.141     -0.204         26 3.0296e+02 0.0000e+00
     -0.127    25.4935     8.0363     98.469  35.636927     35.261      7.648   170.8000     3.4897     0.8902     0.0239      0.010     -0.127     -0.183         27 3.0140e+02 0.0000e+00
     -0.114    25.4995     7.9989     98.060  35.575217     35.215      7.639   243.2966     3.5018     0.9305     0.0239      0.016     -0.118     -0.170         28 2.9158e+02 0.0000e+00
     -0.118    25.4961     7.9108     97.020  35.429565     35.067      7.650   283.6524     3.4735     0.8097     0.0238      0.023     -0.119     -0.172         29 2.8431e+02 0.0000e+00
     -0.130    25.4763     7.8154     95.877  35.462302     35.115      7.659   172.2385     3.5544     0.9574     0.0238      0.022     -0.127     -0.185         30 2.8236e+02 0.0000e+00
     -0.140    25.4796     7.6974     94.434  35.534475     35.174      7.678   170.8000     3.5382     0.7828     0.0239      0.017     -0.134     -0.195         31 2.8383e+02 0.0000e+00
     -0.141    25.5025     7.5352     92.459  35.725300     35.382      7.696   170.4214     3.5746     0.8365     0.0239      0.010     -0.134     -0.194         32 2.8965e+02 0.0000e+00
     -0.127    25.5368     7.3974     90.789  36.055251     35.712      7.708   171.0650     3.5706     0.8634     0.0241      0.006     -0.124     -0.180         33 2.9338e+02 0.0000e+00
     -0.113    25.5719     7.3013     89.625  36.250864     35.889      7.710   171.2543     3.5220     0.8231     0.0242      0.004     -0.112     -0.162         34 2.9519e+02 0.0000e+00
     -0.104    25.6043     7.2226     88.668  36.312288     35.920      7.715   170.7243     3.5665     0.9171     0.0242      0.004     -0.098     -0.142         35 2.8602e+02 0.0000e+00
     -0.081    25.6376     7.1831     88.174  36.394015     35.978      7.727   170.9514     3.5503     0.8499     0.0242      0.014     -0.076     -0.109         36 2.8696e+02 0.0000e+00
     -0.045    25.6700     7.1527     87.801  36.356751     35.927      7.734   170.8378     3.5584     0.7962     0.0242      0.035     -0.044     -0.063         37 2.7032e+02 0.0000e+00
     -0.008    25.6972     7.1275     87.482  36.269670     35.793      7.744   170.7621     3.5787     0.8097     0.0241      0.060     -0.008     -0.011         38 2.1127e+02 0.0000e+00
      0.030    25.7200     7.1102     87.258  36.294757     35.826      7.753   170.9135     3.5463     0.8097     0.0242      0.083      0.025      0.037         39 1.9354e+02 0.0000e+00
      0.057    25.7349     7.1015     87.157  36.266197     35.751      7.750   171.4435     3.5544     0.8365     0.0241      0.100      0.050      0.072         40 1.8044e+02 0.0000e+00
      0.065    25.7384     7.0746     86.829  36.216224     35.708      7.751   170.6107     3.5706     0.8634     0.0241      0.106      0.061      0.088         41 1.6588e+02 0.0000e+00
      0.066    25.7466     7.0523     86.565  36.208645     35.669      7.768   188.7443     3.5746     0.8768     0.0241      0.103      0.063      0.091         42 1.7316e+02 0.0000e+00
      0.061    25.7592     7.0221     86.205  36.186647     35.667      7.785   189.8422     3.5342     0.7694     0.0241      0.091      0.060      0.087         43 1.7612e+02 0.0000e+00
      0.056    25.7699     6.9795     85.684  36.124962     35.579      7.804   174.6993     3.5382     0.7559     0.0241      0.069      0.059      0.085         44 1.8607e+02 0.0000e+00
      0.064    25.7742     6.9623     85.453  36.048139     35.515      7.824   173.7528     3.5463     0.9842     0.0241      0.046      0.066      0.095         45 1.9379e+02 0.0000e+00
      0.083    25.7696     6.9672     85.500  36.015321     35.453      7.842   173.7907     3.5948     0.8902     0.0240      0.030      0.079      0.114         46 2.0062e+02 0.0000e+00
      0.094    25.7686     6.9763     85.614  35.987847     35.449      7.852   174.0936     3.6434     0.8902     0.0240      0.021      0.087      0.125         47 2.1648e+02 0.0000e+00
      0.088    25.7629     6.9880     85.766  36.023011     35.453      7.859   174.1314     3.6312     0.8902     0.0240      0.016      0.085      0.123         48 2.3842e+02 0.0000e+00
      0.080    25.7565     7.0078     86.016  36.090196     35.563      7.871   174.0178     3.6150     0.8768     0.0241      0.014      0.080      0.115         49 2.3223e+02 0.0000e+00
      0.075    25.7587     7.0245     86.214  36.141505     35.567      7.879   174.8128     3.5018     0.8365     0.0241      0.012      0.078      0.113         50 2.2884e+02 0.0000e+00
      0.085    25.7612     7.0374     86.370  36.166767     35.655      7.890   174.1314     3.4857     0.8231     0.0241      0.012      0.082      0.118         51 2.3537e+02 0.0000e+00
      0.091    25.7665     7.0345     86.333  36.088418     35.515      7.899   174.3586     3.4776     0.8634     0.0241      0.011      0.084      0.122         52 2.2866e+02 0.0000e+00
      0.083    25.7740     7.0121     86.034  36.031401     35.514      7.909   174.7750     3.5018     0.8634     0.0241      0.005      0.078      0.113         53 2.5201e+02 0.0000e+00
      0.065    25.7741     7.0014     85.887  35.970798     35.400      7.909   175.4943     3.4735     0.8097     0.0240     -0.006      0.064      0.092         54 2.8597e+02 0.0000e+00
      0.046    25.7629     6.9796     85.570  36.104520     35.560      7.909   175.7593     3.6312     0.8634     0.0241     -0.015      0.048      0.070         55 2.9940e+02 0.0000e+00
      0.037    25.7542     6.9384     84.978  36.250541     35.697      7.916   175.9864     3.6312     0.7828     0.0241     -0.021      0.036      0.051         56 3.0431e+02 0.0000e+00
      0.026    25.7552     6.8790     84.198  36.204293     35.650      7.910   176.1757     3.6231     0.8231     0.0241     -0.028      0.021      0.031         57 2.9326e+02 0.0000e+00
      0.001    25.7609     6.8100     83.322  36.162079     35.629      7.914   176.5543     3.6191     0.8634     0.0241     -0.040      0.000      0.001         58 2.8213e+02 0.0000e+00
     -0.026    25.7649     6.7622     82.719  36.125128     35.573      7.923   176.1757     3.5584     0.8634     0.0241     -0.056     -0.024     -0.034         59 2.9656e+02 0.0000e+00
     -0.046    25.7604     6.7189     82.183  36.042669     35.514      7.935   177.1978     3.5342     0.9305     0.0241     -0.067     -0.045     -0.066         60 2.9202e+02 0.0000e+00
     -0.067    25.7595     6.6894     81.822  35.908797     35.345      7.947   177.3114     3.5584     0.8768     0.0240     -0.073     -0.067     -0.098         61 2.8421e+02 0.0000e+00
     -0.094    25.7568     6.6678     81.563  35.817197     35.294      7.952   177.3493     3.5746     0.8499     0.0240     -0.078     -0.087     -0.127         62 2.8801e+02 0.0000e+00
     -0.106    25.7431     6.6550     81.401  35.919399     35.350      7.960   177.6900     3.4937     0.8634     0.0240     -0.081     -0.095     -0.138         63 2.8935e+02 0.0000e+00
     -0.090    25.7324     6.6491     81.328  36.018875     35.516      7.961   178.4471     3.5018     0.8634     0.0241     -0.074     -0.090     -0.131         64 2.8891e+02 0.0000e+00
     -0.082    25.7003     6.6231     80.991  35.812036     35.251      7.944   178.2578     3.4897     0.8634     0.0240     -0.060     -0.084     -0.122         65 2.7817e+02 0.0000e+00
     -0.086    25.6463     6.5956     80.611  35.702281     35.203      7.948   178.8636     3.4897     0.8499     0.0239     -0.042     -0.082     -0.119         66 2.8914e+02 0.0000e+00
     -0.082    25.6108     6.5555     80.097  35.740258     35.225      7.953   178.5607     3.5059     0.8231     0.0239     -0.024     -0.078     -0.114         67 2.8325e+02 0.0000e+00
     -0.073    25.5909     6.5185     79.623  35.705475     35.264      7.965   178.7500     3.4573     0.8365     0.0239     -0.007     -0.073     -0.106         68 2.8882e+02 0.0000e+00
     -0.069    25.5784     6.4701     78.992  35.656616     35.205      7.967   179.2800     3.4857     0.9305     0.0239      0.007     -0.070     -0.102         69 2.6085e+02 0.0000e+00
     -0.073    25.5738     6.4439     78.516  35.623132     35.219      7.954   178.9014     3.5220     0.8902     0.0239      0.015     -0.072     -0.104         70 2.6591e+02 0.0000e+00
     -0.078    25.5744     6.4233     78.182  35.598867     35.172      7.953   178.7879     3.5706     0.7828     0.0239      0.013     -0.075     -0.109         71 2.0282e+02 0.0000e+00
     -0.079    25.5770     6.4109     78.045  35.627504     35.231      7.961   179.0529     3.5382     0.8365     0.0239      0.006     -0.075     -0.108         72 1.7458e+02 0.0000e+00
     -0.070    25.5738     6.4176     78.160  35.646812     35.230      7.970   178.9771     3.5423     0.8365     0.0239      0.005     -0.070     -0.100         73 2.1607e+02 0.0000e+00
     -0.064    25.5735     6.4256     78.280  35.574840     35.173      7.979   179.3179     3.5423     0.8902     0.0239      0.007     -0.066     -0.095         74 5.0620e+01 0.0000e+00
     -0.068    25.5589     6.4564     78.589  35.539126     35.120      7.982   179.2421     3.5544     0.7694     0.0239      0.005     -0.067     -0.097         75 1.0452e+02 0.0000e+00
     -0.073    25.5324     6.5166     79.197  35.513311     35.121      7.986   179.4314     3.6231     0.8768     0.0239      0.002     -0.069     -0.101         76 2.5277e+02 0.0000e+00
     -0.072    25.5124     6.5857     79.956  35.488338     35.074      7.990   179.7343     3.6231     0.8499     0.0238      0.001     -0.069     -0.100         77 2.9488e+02 0.0000e+00
     -0.065    25.5024     6.6479     80.683  35.570212     35.206      7.996   179.4693     3.6110     0.8634     0.0239      0.004     -0.066     -0.095         78 3.2561e+02 0.0000e+00
     -0.062    25.4672     6.6971     81.264  35.530061     35.161      7.996   179.8857     3.6110     0.8902     0.0239      0.006     -0.066     -0.095         79 3.2126e+02 0.0000e+00
     -0.075    25.3671     6.7262     81.599  35.419684     35.061      7.993   179.4314     3.6797     0.9305     0.0238      0.002     -0.076     -0.110         80 3.3552e+02 0.0000e+00
     -0.098    25.3058     6.7236     81.556  35.470323     35.135      7.999   179.9614     3.6797     0.8499     0.0238     -0.008     -0.090     -0.131         81 3.3734e+02 0.0000e+00
     -0.101    25.3152     6.6913     81.164  35.526379     35.267      8.006   180.2264     3.6878     0.8768     0.0239     -0.015     -0.095     -0.138         82 3.4748e+02 0.0000e+00
     -0.092    25.3389     6.6334     80.470  35.527906     35.307      8.007   180.7943     3.6676     0.8365     0.0239     -0.016     -0.090     -0.129         83 3.4219e+02 0.0000e+00
     -0.082    25.3527     6.5511     79.478  35.527765     35.301      8.001   181.2486     3.6312     0.9171     0.0239     -0.013     -0.083     -0.119         84 3.3620e+02 0.0000e+00
     -0.079    25.3074     6.4611     78.386  35.467241     35.229      7.982   181.4757     3.6150     0.8634     0.0238     -0.011     -0.080     -0.116         85 3.3553e+02 0.0000e+00
