Data/DataNotYetUploadedToEDI/Raw_CTD/2018_RawDownloads/091018_fcr30.cnv
* Sea-Bird SBE19plus  Data File:
* FileName = C:\DATA\091018_fcr_0003.hex
* Software version 2.6.3.104
* Temperature SN = 7809
* Conductivity SN = 7809
* System UpLoad Time = Sep 10 2018 16:57:07
* <ApplicationData>
* <Seaterm232>
# nquan = 17
# nvalues = 978                         
# units = specified
# name 0 = depFM: Depth [fresh water, m]
# name 1 = tv290C: Temperature [ITS-90, deg C]
# name 2 = sbeox0Mg/L: Oxygen, SBE 43 [mg/l]
# name 3 = sbeox0PS: Oxygen, SBE 43 [% saturation]
# name 4 = c0uS/cm: Conductivity [uS/cm]
# name 5 = specc: Specific Conductance [uS/cm]
# name 6 = ph: pH
# name 7 = orp: Oxidation Reduction Potential [mV]
# name 8 = flECO-AFL: Fluorescence, WET Labs ECO-AFL/FL [mg/m^3]
# name 9 = turbWETntu0: Turbidity, WET Labs ECO [NTU]
# name 10 = sal00: Salinity, Practical [PSU]
# name 11 = dz/dtM: Descent Rate [m/s]
# name 12 = prdM: Pressure, Strain Gauge [db]
# name 13 = prdE: Pressure, Strain Gauge [psi]
# name 14 = scan: Scan Count
# name 15 = par/sat/log: PAR/Logarithmic, Satlantic
# name 16 = flag:  0.000e+00
# span 0 =     -0.569,      5.449       
# span 1 =    12.4600,    23.9645       
# span 2 =    -0.0638,     8.8937       
# span 3 =     -0.721,    102.600       
# span 4 =   0.813615,  84.285089       
# span 5 =      0.895,    107.827       
# span 6 =      5.565,      7.346       
# span 7 =    97.5462,   450.3758       
# span 8 =    -0.2224,    14.9696       
# span 9 =    -0.3586,    13.3245       
# span 10 =     0.0102,     0.0524      
# span 11 =     -0.150,      0.243      
# span 12 =     -0.558,      5.343      
# span 13 =     -0.809,      7.750      
# span 14 =          1,        978      
# span 15 = 1.2518e-01, 4.2826e+02      
# span 16 = 0.0000e+00, 0.0000e+00      
# interval = seconds: 0.25
# start_time = Sep 10 2018 15:23:17 [Instrument's time stamp, header]
# bad_flag = -9.990e-29
*END*
[from data line 426]
      0.000    23.9634     7.7629     92.169  35.320008     36.048      7.305   252.3066     5.5843     2.3404     0.0238      0.107     -0.002     -0.003        427 2.8149e+02 0.0000e+00
      0.017    23.9625     7.7742     92.303  35.352774     36.104      7.306   237.0123     5.6288     2.2733     0.0238      0.101      0.014      0.020        428 2.5376e+02 0.0000e+00
      0.026    23.9621     7.7707     92.259  35.356784     36.104      7.291   241.1766     5.6207     2.2330     0.0238      0.091      0.025      0.036        429 2.3721e+02 0.0000e+00
      0.035    23.9626     7.7657     92.199  35.315020     36.048      7.284   250.0731     5.6409     2.2733     0.0238      0.080      0.037      0.054        430 2.3349e+02 0.0000e+00
      0.054    23.9630     7.7598     92.127  35.345435     36.105      7.300   253.2152     5.6247     2.2196     0.0238      0.072      0.055      0.080        431 2.0872e+02 0.0000e+00
      0.080    23.9636     7.7591     92.117  35.318932     36.048      7.314   253.4802     5.7258     2.1659     0.0238      0.069      0.078      0.112        432 1.8721e+02 0.0000e+00
      0.102    23.9638     7.7645     92.181  35.348001     36.105      7.319   241.9716     5.7177     2.0719     0.0238      0.068      0.099      0.143        433 1.8169e+02 0.0000e+00
      0.120    23.9637     7.7692     92.239  35.368573     36.104      7.304   239.0945     5.7137     2.1390     0.0238      0.068      0.118      0.171        434 1.7937e+02 0.0000e+00
      0.140    23.9639     7.7752     92.311  35.352646     36.104      7.303   239.5487     5.6894     2.2464     0.0238      0.070      0.137      0.199        435 1.7037e+02 0.0000e+00
      0.159    23.9640     7.7817     92.389  35.367823     36.104      7.311   238.8295     5.7137     2.1793     0.0238      0.074      0.154      0.224        436 1.6543e+02 0.0000e+00
      0.173    23.9645     7.7832     92.407  35.349686     36.104      7.317   253.4802     5.8916     2.1524     0.0238      0.077      0.167      0.243        437 1.6270e+02 0.0000e+00
      0.179    23.9642     7.7907     92.497  35.315902     36.047      7.323   253.5938     5.8876     2.1524     0.0238      0.074      0.174      0.253        438 1.6077e+02 0.0000e+00
      0.183    23.9630     7.7944     92.541  35.350551     36.104      7.328   247.2338     5.8957     2.0987     0.0238      0.065      0.178      0.259        439 1.5986e+02 0.0000e+00
      0.186    23.9622     7.7941     92.538  35.365881     36.104      7.332   254.0481     5.8795     2.1927     0.0238      0.053      0.182      0.264        440 1.5938e+02 0.0000e+00
      0.189    23.9610     7.7893     92.482  35.356141     36.105      7.333   246.4009     5.7824     2.1927     0.0238      0.042      0.186      0.270        441 1.5766e+02 0.0000e+00
      0.195    23.9602     7.7766     92.331  35.362674     36.105      7.336   253.8966     5.7380     2.1659     0.0238      0.033      0.192      0.278        442 1.5381e+02 0.0000e+00
      0.202    23.9606     7.7632     92.171  35.357751     36.106      7.343   254.9188     5.7784     2.0853     0.0238      0.026      0.198      0.287        443 1.5208e+02 0.0000e+00
      0.208    23.9612     7.7502     92.017  35.362268     36.107      7.343   254.8809     5.7299     2.2196     0.0238      0.021      0.203      0.295        444 1.5064e+02 0.0000e+00
      0.211    23.9617     7.7453     91.959  35.357054     36.106      7.344   244.3945     5.8876     2.1524     0.0238      0.019      0.208      0.302        445 1.4775e+02 0.0000e+00
      0.219    23.9622     7.7382     91.874  35.364240     36.106      7.343   242.7287     5.9037     2.1390     0.0238      0.020      0.215      0.313        446 1.4337e+02 0.0000e+00
      0.230    23.9629     7.7390     91.882  35.353325     36.106      7.346   241.9716     5.8714     2.0450     0.0238      0.023      0.225      0.327        447 1.3831e+02 0.0000e+00
      0.240    23.9631     7.7352     91.837  35.370637     36.105      7.339   241.2145     5.8876     2.1659     0.0238      0.026      0.235      0.341        448 1.3820e+02 0.0000e+00
      0.247    23.9629     7.7337     91.819  35.402009     36.162      7.336   240.3437     5.8188     2.1927     0.0239      0.028      0.247      0.358        449 1.3510e+02 0.0000e+00
      0.271    23.9633     7.7277     91.745  35.373597     36.105      7.336   239.5487     5.8471     2.0450     0.0238      0.034      0.267      0.387        450 1.2711e+02 0.0000e+00
      0.299    23.9638     7.7199     91.651  35.346681     36.105      7.326   239.0566     5.8674     2.1927     0.0238      0.044      0.289      0.420        451 1.2506e+02 0.0000e+00
      0.314    23.9637     7.7218     91.673  35.316877     36.047      7.324   239.0945     5.8188     2.1390     0.0238      0.053      0.305      0.443        452 1.2331e+02 0.0000e+00
      0.321    23.9635     7.7258     91.720  35.351374     36.104      7.315   239.3973     5.8188     2.1390     0.0238      0.059      0.313      0.453        453 1.2179e+02 0.0000e+00
      0.321    23.9634     7.7447     91.944  35.363066     36.104      7.298   238.9809     6.0331     2.2330     0.0238      0.058      0.315      0.456        454 1.2195e+02 0.0000e+00
      0.320    23.9635     7.7571     92.092  35.361640     36.104      7.294   238.3373     6.0089     2.2196     0.0238      0.052      0.315      0.456        455 1.2034e+02 0.0000e+00
      0.322    23.9634     7.7586     92.111  35.353146     36.104      7.299   238.3373     6.0291     2.3404     0.0238      0.044      0.317      0.459        456 1.1876e+02 0.0000e+00
      0.326    23.9630     7.7603     92.132  35.314322     36.047      7.305   238.4887     6.0129     2.2867     0.0238      0.034      0.320      0.465        457 1.1807e+02 0.0000e+00
      0.331    23.9625     7.7534     92.050  35.350641     36.104      7.309   238.2995     6.1383     2.0182     0.0238      0.022      0.324      0.470        458 1.1854e+02 0.0000e+00
      0.334    23.9619     7.7451     91.952  35.367262     36.105      7.312   238.4887     6.1949     2.1927     0.0238      0.013      0.328      0.475        459 1.1854e+02 0.0000e+00
      0.337    23.9608     7.7393     91.882  35.352953     36.105      7.315   238.7537     6.1383     2.0719     0.0238      0.010      0.330      0.479        460 1.1895e+02 0.0000e+00
      0.339    23.9600     7.7382     91.870  35.368448     36.105      7.314   238.2616     6.1504     2.1524     0.0238      0.010      0.333      0.483        461 1.1834e+02 0.0000e+00
      0.343    23.9599     7.7423     91.919  35.347979     36.106      7.315   238.9052     6.3283     2.3270     0.0238      0.012      0.336      0.488        462 1.1799e+02 0.0000e+00
      0.347    23.9594     7.7450     91.953  35.319112     36.050      7.314   238.5266     6.3364     2.1927     0.0238      0.013      0.341      0.495        463 1.1716e+02 0.0000e+00
      0.354    23.9591     7.7473     91.980  35.404372     36.164      7.316   238.3752     6.3405     2.2733     0.0239      0.014      0.350      0.508        464 1.1394e+02 0.0000e+00
      0.372    23.9593     7.7467     91.972  35.419821     36.164      7.317   239.1702     6.3405     2.3270     0.0239      0.019      0.364      0.527        465 1.1115e+02 0.0000e+00
      0.385    23.9599     7.7518     92.033  35.359203     36.108      7.316   239.3595     6.3971     2.4344     0.0238      0.024      0.376      0.545        466 1.0889e+02 0.0000e+00
      0.393    23.9606     7.7601     92.130  35.361180     36.107      7.315   239.3973     6.4132     2.3673     0.0238      0.030      0.385      0.559        467 1.0667e+02 0.0000e+00
      0.402    23.9611     7.7610     92.141  35.358046     36.107      7.314   239.6245     6.3890     2.5150     0.0238      0.035      0.394      0.571        468 1.0510e+02 0.0000e+00
      0.410    23.9608     7.7608     92.137  35.422419     36.163      7.317   239.6623     6.3890     2.4613     0.0239      0.038      0.403      0.584        469 1.0383e+02 0.0000e+00
      0.420    23.9603     7.7620     92.148  35.399698     36.163      7.319   239.7002     6.6599     2.2733     0.0239      0.040      0.414      0.600        470 1.0157e+02 0.0000e+00
      0.437    23.9609     7.7543     92.052  35.327006     36.049      7.325   239.8895     6.6316     2.3002     0.0238      0.042      0.429      0.622        471 9.9310e+01 0.0000e+00
      0.456    23.9615     7.7463     91.955  35.394253     36.164      7.324   240.5330     6.6154     2.2867     0.0239      0.045      0.447      0.648        472 9.7289e+01 0.0000e+00
      0.474    23.9619     7.7415     91.899  35.375325     36.106      7.317   240.6466     6.6356     2.3136     0.0238      0.047      0.464      0.673        473 9.5147e+01 0.0000e+00
      0.489    23.9618     7.7441     91.929  35.350562     36.106      7.309   240.9116     6.4860     2.3539     0.0238      0.052      0.478      0.693        474 9.3633e+01 0.0000e+00
      0.498    23.9617     7.7537     92.045  35.365755     36.105      7.302   241.3659     6.4618     2.3404     0.0238      0.055      0.486      0.704        475 9.2912e+01 0.0000e+00
      0.497    23.9618     7.7563     92.076  35.356417     36.105      7.276   241.5173     6.4375     2.2733     0.0238      0.054      0.487      0.706        476 9.2582e+01 0.0000e+00
      0.495    23.9613     7.7557     92.071  35.362183     36.106      7.270   241.5552     6.4577     2.2867     0.0238      0.048      0.486      0.704        477 9.2200e+01 0.0000e+00
      0.494    23.9608     7.7552     92.065  35.358580     36.106      7.277   241.3659     6.4820     2.2062     0.0238      0.038      0.485      0.703        478 9.1767e+01 0.0000e+00
      0.495    23.9600     7.7548     92.061  35.360903     36.106      7.282   241.6687     6.9025     2.3539     0.0238      0.026      0.485      0.704        479 9.1910e+01 0.0000e+00
      0.496    23.9582     7.7564     92.081  35.359293     36.106      7.291   241.6309     6.9025     2.2464     0.0238      0.015      0.486      0.704        480 9.2255e+01 0.0000e+00
      0.495    23.9559     7.7601     92.124  35.360582     36.107      7.297   241.6687     6.9106     2.2733     0.0238      0.006      0.486      0.704        481 9.2656e+01 0.0000e+00
      0.494    23.9548     7.7686     92.225  35.359297     36.108      7.303   241.5930     6.9106     2.3136     0.0238      0.001      0.485      0.703        482 9.3466e+01 0.0000e+00
      0.495    23.9546     7.7718     92.264  35.360893     36.110      7.306   241.9337     6.3890     2.2733     0.0238     -0.001      0.485      0.703        483 9.3975e+01 0.0000e+00
      0.494    23.9548     7.7643     92.174  35.358597     36.111      7.311   242.4259     6.3971     2.3539     0.0238     -0.001      0.485      0.703        484 9.4136e+01 0.0000e+00
      0.495    23.9552     7.7501     92.006  35.362153     36.111      7.317   242.4259     6.4173     2.2867     0.0238     -0.000      0.485      0.703        485 9.4155e+01 0.0000e+00
      0.494    23.9559     7.7436     91.930  35.356467     36.111      7.320   242.6909     6.3728     2.2196     0.0238     -0.000      0.484      0.702        486 9.4256e+01 0.0000e+00
      0.492    23.9567     7.7374     91.857  35.365674     36.110      7.322   242.8045     6.5103     2.3539     0.0238     -0.001      0.482      0.700        487 9.4010e+01 0.0000e+00
      0.491    23.9573     7.7351     91.830  35.410011     36.167      7.323   242.6152     6.5588     2.3404     0.0239     -0.002      0.482      0.699        488 9.3810e+01 0.0000e+00
      0.492    23.9577     7.7400     91.888  35.419922     36.166      7.324   242.6152     6.5305     2.2867     0.0239     -0.002      0.483      0.700        489 9.3401e+01 0.0000e+00
      0.494    23.9578     7.7437     91.932  35.412655     36.166      7.328   242.7287     6.5305     2.2330     0.0239     -0.001      0.485      0.704        490 9.2580e+01 0.0000e+00
      0.499    23.9576     7.7478     91.982  35.359739     36.108      7.328   242.8045     6.6478     2.2464     0.0238      0.001      0.489      0.710        491 9.2212e+01 0.0000e+00
      0.503    23.9573     7.7535     92.051  35.307830     36.051      7.326   242.7287     6.6761     2.3941     0.0238      0.003      0.494      0.715        492 9.1956e+01 0.0000e+00
      0.507    23.9576     7.7528     92.043  35.358625     36.109      7.327   242.8423     6.6599     2.3673     0.0238      0.006      0.499      0.724        493 9.0634e+01 0.0000e+00
      0.519    23.9579     7.7479     91.985  35.355840     36.109      7.329   242.9938     6.6599     2.3136     0.0238      0.012      0.509      0.738        494 8.8874e+01 0.0000e+00
      0.530    23.9581     7.7378     91.866  35.311297     36.052      7.334   242.9559     6.5143     2.2733     0.0238      0.018      0.520      0.754        495 8.7579e+01 0.0000e+00
      0.541    23.9587     7.7327     91.805  35.354744     36.108      7.337   243.1452     6.5265     2.2062     0.0238      0.024      0.530      0.769        496 8.6171e+01 0.0000e+00
      0.551    23.9593     7.7246     91.708  35.361085     36.108      7.343   243.1452     6.5184     2.2464     0.0238      0.030      0.541      0.784        497 8.4562e+01 0.0000e+00
      0.563    23.9594     7.7251     91.713  35.362720     36.108      7.342   243.4102     6.4982     2.2330     0.0238      0.035      0.554      0.802        498 8.2759e+01 0.0000e+00
      0.579    23.9590     7.7352     91.833  35.352709     36.107      7.343   243.5616     6.5265     2.3404     0.0238      0.040      0.569      0.824        499 8.0727e+01 0.0000e+00
      0.596    23.9593     7.7424     91.918  35.314228     36.050      7.339   243.7888     6.6761     2.2733     0.0238      0.046      0.584      0.846        500 7.9090e+01 0.0000e+00
      0.609    23.9602     7.7509     92.019  35.291979     36.051      7.337   243.9780     6.6559     2.2733     0.0238      0.050      0.597      0.865        501 7.8038e+01 0.0000e+00
      0.620    23.9605     7.7514     92.021  35.261768     35.993      7.336   243.9023     6.6720     2.2867     0.0238      0.051      0.608      0.882        502 7.6435e+01 0.0000e+00
      0.633    23.9608     7.7457     91.953  35.292512     36.050      7.337   244.4323     6.6316     2.2733     0.0238      0.052      0.620      0.899        503 7.5209e+01 0.0000e+00
      0.643    23.9610     7.7313     91.783  35.313034     36.049      7.335   244.0538     6.8338     2.4613     0.0238      0.052      0.630      0.914        504 7.4327e+01 0.0000e+00
      0.654    23.9613     7.7203     91.652  35.295542     36.049      7.337   244.3566     6.8419     2.4747     0.0238      0.051      0.640      0.929        505 7.3034e+01 0.0000e+00
      0.664    23.9614     7.7081     91.507  35.254965     35.992      7.335   244.3945     6.8742     2.5150     0.0238      0.048      0.650      0.943        506 7.2311e+01 0.0000e+00
      0.671    23.9610     7.7042     91.461  35.244902     35.992      7.336   244.5838     6.8419     2.5687     0.0238      0.045      0.658      0.954        507 7.1792e+01 0.0000e+00
      0.677    23.9604     7.6979     91.387  35.308066     36.049      7.335   245.0002     6.8944     2.2464     0.0238      0.041      0.663      0.961        508 7.1744e+01 0.0000e+00
      0.679    23.9600     7.7005     91.417  35.294989     36.049      7.330   245.3409     6.8944     2.2330     0.0238      0.036      0.666      0.965        509 7.1920e+01 0.0000e+00
      0.679    23.9601     7.7165     91.606  35.261176     35.992      7.330   245.0759     6.9147     2.2062     0.0238      0.030      0.666      0.965        510 7.1805e+01 0.0000e+00
