Data/DataNotYetUploadedToEDI/Raw_CTD/2018_RawDownloads/091018_fcr30.cnv
* Sea-Bird SBE19plus  Data File:
* FileName = C:\DATA\091018_fcr_0003.hex
* Software version 2.6.3.104
* Temperature SN = 7809
* Conductivity SN = 7809
* System UpLoad Time = Sep 10 2018 16:57:07
* <ApplicationData>
* <Seaterm232>
# nquan = 17
# nvalues = 978                         
# units = specified
# name 0 = depFM: Depth [fresh water, m]
# name 1 = tv290C: Temperature [ITS-90, deg C]
# name 2 = sbeox0Mg/L: Oxygen, SBE 43 [mg/l]
# name 3 = sbeox0PS: Oxygen, SBE 43 [% saturation]
# name 4 = c0uS/cm: Conductivity [uS/cm]
# name 5 = specc: Specific Conductance [uS/cm]
# name 6 = ph: pH
# name 7 = orp: Oxidation Reduction Potential [mV]
# name 8 = flECO-AFL: Fluorescence, WET Labs ECO-AFL/FL [mg/m^3]
# name 9 = turbWETntu0: Turbidity, WET Labs ECO [NTU]
# name 10 = sal00: Salinity, Practical [PSU]
# name 11 = dz/dtM: Descent Rate [m/s]
# name 12 = prdM: Pressure, Strain Gauge [db]
# name 13 = prdE: Pressure, Strain Gauge [psi]
# name 14 = scan: Scan Count
# name 15 = par/sat/log: PAR/Logarithmic, Satlantic
# name 16 = flag:  0.000e+00
# span 0 =     -0.569,      5.449       
# span 1 =    12.4600,    23.9645       
# span 2 =    -0.0638,     8.8937       
# span 3 =     -0.721,    102.600       
# span 4 =   0.813615,  84.285089       
# span 5 =      0.895,    107.827       
# span 6 =      5.565,      7.346       
# span 7 =    97.5462,   450.3758       
# span 8 =    -0.2224,    14.9696       
# span 9 =    -0.3586,    13.3245       
# span 10 =     0.0102,     0.0524      
# span 11 =     -0.150,      0.243      
# span 12 =     -0.558,      5.343      
# span 13 =     -0.809,      7.750      
# span 14 =          1,        978      
# span 15 = 1.2518e-01, 4.2826e+02      
# span 16 = 0.0000e+00, 0.0000e+00      
# interval = seconds: 0.25
# start_time = Sep 10 2018 15:23:17 [Instrument's time stamp, header]
# bad_flag = -9.990e-29
*END*
[from data line 511]
      0.689    23.9582     7.7512     92.011  35.317399     36.050      7.329   245.0380     6.4294     2.1659     0.0238      0.020      0.677      0.982        512 7.0801e+01 0.0000e+00
      0.703    23.9574     7.7640     92.162  35.287428     36.050      7.331   245.5680     6.4052     2.1927     0.0238      0.019      0.689      0.999        513 6.9557e+01 0.0000e+00
      0.716    23.9578     7.7666     92.194  35.268816     35.994      7.330   245.2273     6.3526     2.1122     0.0238      0.021      0.701      1.017        514 6.8527e+01 0.0000e+00
      0.726    23.9578     7.7473     91.965  35.281247     36.052      7.329   245.3409     6.3809     2.1793     0.0238      0.026      0.711      1.031        515 6.7927e+01 0.0000e+00
      0.733    23.9575     7.7255     91.708  35.271958     35.994      7.321   245.9088     6.5790     2.3539     0.0238      0.030      0.719      1.042        516 6.7725e+01 0.0000e+00
      0.739    23.9577     7.6920     91.310  35.280375     36.051      7.308   245.9088     6.5912     2.3404     0.0238      0.034      0.725      1.052        517 6.7523e+01 0.0000e+00
      0.746    23.9580     7.6832     91.206  35.270770     35.994      7.301   245.9088     6.5871     2.2464     0.0238      0.037      0.733      1.063        518 6.6361e+01 0.0000e+00
      0.758    23.9582     7.6783     91.149  35.283912     36.052      7.300   245.7952     6.5548     2.2196     0.0238      0.038      0.745      1.080        519 6.4584e+01 0.0000e+00
      0.775    23.9576     7.6731     91.087  35.264022     35.994      7.301   246.0602     6.5750     2.2867     0.0238      0.038      0.760      1.103        520 6.3668e+01 0.0000e+00
      0.792    23.9551     7.6994     91.398  35.295522     36.051      7.307   245.7952     6.3364     2.2733     0.0238      0.040      0.778      1.128        521 6.2251e+01 0.0000e+00
      0.812    23.9531     7.7126     91.555  35.304026     36.051      7.310   246.8173     6.3647     2.2599     0.0238      0.045      0.794      1.152        522 6.1579e+01 0.0000e+00
      0.826    23.9530     7.6973     91.372  35.253441     35.996      7.302   246.1738     6.3485     2.2464     0.0238      0.050      0.809      1.173        523 6.1246e+01 0.0000e+00
      0.836    23.9532     7.7239     91.687  35.299160     36.055      7.303   246.3630     6.3324     2.2733     0.0238      0.055      0.820      1.188        524 6.0781e+01 0.0000e+00
      0.845    23.9537     7.7048     91.460  35.306443     36.055      7.300   246.2873     6.0695     2.3136     0.0238      0.057      0.830      1.203        525 6.0357e+01 0.0000e+00
      0.856    23.9545     7.7281     91.737  35.303692     36.055      7.304   246.1738     6.0736     2.2733     0.0238      0.056      0.840      1.219        526 5.9300e+01 0.0000e+00
      0.870    23.9544     7.7034     91.442  35.302585     36.054      7.307   246.3630     6.0776     2.3002     0.0238      0.054      0.853      1.238        527 5.8269e+01 0.0000e+00
      0.884    23.9545     7.6998     91.399  35.248505     35.997      7.311   246.4766     6.1019     2.2330     0.0238      0.051      0.866      1.256        528 5.7047e+01 0.0000e+00
      0.895    23.9552     7.6700     91.046  35.252362     35.997      7.312   246.7416     6.4496     2.2733     0.0238      0.048      0.876      1.271        529 5.6238e+01 0.0000e+00
      0.902    23.9549     7.6681     91.025  35.297785     36.054      7.312   247.0445     6.4335     2.3404     0.0238      0.045      0.883      1.281        530 5.5512e+01 0.0000e+00
      0.905    23.9544     7.6910     91.296  35.310607     36.053      7.312   247.0823     6.4658     2.3136     0.0238      0.042      0.888      1.288        531 5.5057e+01 0.0000e+00
      0.910    23.9541     7.6929     91.319  35.295720     36.053      7.313   247.1959     6.4699     2.2330     0.0238      0.039      0.894      1.297        532 5.4464e+01 0.0000e+00
      0.918    23.9538     7.6966     91.365  35.256997     35.997      7.317   247.0823     6.3728     2.2733     0.0238      0.036      0.901      1.307        533 5.3766e+01 0.0000e+00
      0.927    23.9535     7.7053     91.467  35.240169     35.997      7.317   247.1202     6.4092     2.3002     0.0238      0.032      0.909      1.318        534 5.3423e+01 0.0000e+00
      0.935    23.9532     7.7162     91.597  35.257347     35.997      7.319   247.2338     6.3607     2.4210     0.0238      0.029      0.917      1.330        535 5.2995e+01 0.0000e+00
      0.942    23.9530     7.7371     91.844  35.294935     36.055      7.315   247.4609     6.4132     2.3136     0.0238      0.027      0.924      1.341        536 5.2837e+01 0.0000e+00
      0.950    23.9524     7.7201     91.643  35.252709     35.998      7.315   247.3473     6.8257     2.1927     0.0238      0.027      0.932      1.352        537 5.2497e+01 0.0000e+00
      0.957    23.9521     7.7091     91.513  35.250582     35.998      7.319   247.4230     6.8540     2.1122     0.0238      0.029      0.939      1.362        538 5.2169e+01 0.0000e+00
      0.964    23.9527     7.6826     91.197  35.297582     36.055      7.321   247.7638     6.8419     2.1659     0.0238      0.030      0.946      1.371        539 5.1880e+01 0.0000e+00
      0.970    23.9533     7.6913     91.299  35.312848     36.056      7.326   248.0288     6.8338     2.1659     0.0238      0.030      0.952      1.380        540 5.1524e+01 0.0000e+00
      0.977    23.9534     7.6909     91.293  35.350212     36.112      7.325   247.8395     6.8419     2.1524     0.0238      0.029      0.957      1.388        541 5.1263e+01 0.0000e+00
      0.980    23.9535     7.6917     91.301  35.310398     36.055      7.329   247.9909     6.5912     2.2599     0.0238      0.026      0.961      1.393        542 5.0795e+01 0.0000e+00
      0.983    23.9538     7.6909     91.291  35.243768     35.998      7.329   248.2559     6.5790     2.2867     0.0238      0.024      0.964      1.398        543 5.0690e+01 0.0000e+00
      0.985    23.9539     7.6766     91.120  35.255188     35.998      7.329   248.4831     6.5912     2.3136     0.0238      0.021      0.966      1.402        544 5.0198e+01 0.0000e+00
      0.988    23.9538     7.6682     91.021  35.296186     36.054      7.332   248.1802     6.6154     2.2733     0.0238      0.018      0.969      1.407        545 4.9680e+01 0.0000e+00
      0.993    23.9536     7.6559     90.875  35.311375     36.054      7.333   248.4831     6.5993     2.1390     0.0238      0.016      0.974      1.413        546 4.9612e+01 0.0000e+00
      0.997    23.9536     7.6463     90.763  35.295600     36.054      7.333   248.2559     6.5831     2.1793     0.0238      0.015      0.979      1.420        547 4.9194e+01 0.0000e+00
      1.005    23.9538     7.6435     90.729  35.256504     35.997      7.330   248.4831     6.5912     2.0719     0.0238      0.015      0.985      1.428        548 4.9062e+01 0.0000e+00
      1.010    23.9533     7.6510     90.820  35.241400     35.997      7.328   248.1802     6.5993     2.1793     0.0238      0.016      0.990      1.436        549 4.8935e+01 0.0000e+00
      1.015    23.9527     7.6626     90.956  35.255082     35.997      7.325   249.1266     6.7125     2.2330     0.0238      0.018      0.994      1.441        550 4.9034e+01 0.0000e+00
      1.014    23.9518     7.6735     91.085  35.298791     36.055      7.321   248.9373     6.7003     2.1390     0.0238      0.018      0.995      1.443        551 4.9403e+01 0.0000e+00
      1.013    23.9510     7.6771     91.126  35.305635     36.055      7.316   248.5209     6.7084     2.1390     0.0238      0.016      0.995      1.443        552 4.9350e+01 0.0000e+00
      1.017    23.9504     7.6719     91.063  35.305880     36.056      7.317   248.8995     6.7165     2.1524     0.0238      0.014      0.998      1.447        553 4.9010e+01 0.0000e+00
      1.024    23.9499     7.6605     90.927  35.298486     36.056      7.314   248.7102     6.8419     2.1659     0.0238      0.013      1.003      1.455        554 4.8525e+01 0.0000e+00
      1.028    23.9501     7.6442     90.732  35.255522     36.000      7.316   249.0131     6.8500     2.1122     0.0238      0.012      1.007      1.461        555 4.8030e+01 0.0000e+00
      1.029    23.9510     7.6443     90.731  35.240718     36.000      7.318   249.3916     6.8338     2.1390     0.0238      0.011      1.009      1.463        556 4.7750e+01 0.0000e+00
      1.028    23.9516     7.6426     90.710  35.257595     36.000      7.319   249.3916     6.8459     2.0719     0.0238      0.010      1.009      1.463        557 4.7698e+01 0.0000e+00
      1.029    23.9518     7.6452     90.740  35.293833     36.056      7.321   249.4295     6.3324     2.1122     0.0238      0.009      1.010      1.464        558 4.7457e+01 0.0000e+00
      1.032    23.9519     7.6481     90.775  35.254934     35.999      7.325   249.2781     6.3405     2.1122     0.0238      0.009      1.012      1.468        559 4.7251e+01 0.0000e+00
      1.037    23.9516     7.6437     90.725  35.246691     35.999      7.326   249.3916     6.3445     2.1927     0.0238      0.010      1.017      1.474        560 4.7124e+01 0.0000e+00
      1.041    23.9509     7.6364     90.639  35.304092     36.056      7.326   249.2023     6.3162     2.0719     0.0238      0.009      1.021      1.481        561 4.7005e+01 0.0000e+00
      1.047    23.9502     7.6319     90.586  35.302129     36.056      7.327   249.6945     6.3324     2.1524     0.0238      0.010      1.025      1.487        562 4.7203e+01 0.0000e+00
      1.048    23.9496     7.6342     90.614  35.308448     36.056      7.328   249.4295     6.7772     2.1122     0.0238      0.011      1.028      1.490        563 4.7379e+01 0.0000e+00
      1.049    23.9488     7.6325     90.594  35.296228     36.057      7.329   249.5431     6.7812     2.1927     0.0238      0.012      1.030      1.494        564 4.7255e+01 0.0000e+00
      1.054    23.9477     7.6345     90.618  35.258023     36.000      7.328   249.8459     6.7650     2.2196     0.0238      0.013      1.033      1.499        565 4.7085e+01 0.0000e+00
      1.059    23.9471     7.6292     90.554  35.296680     36.058      7.331   249.8081     6.7529     2.1927     0.0238      0.014      1.038      1.506        566 4.6796e+01 0.0000e+00
      1.064    23.9466     7.6278     90.536  35.307436     36.059      7.332   249.9216     6.8297     2.1256     0.0238      0.015      1.043      1.514        567 4.6392e+01 0.0000e+00
      1.069    23.9461     7.6180     90.420  35.303952     36.059      7.326   249.7702     6.8297     2.0719     0.0238      0.015      1.048      1.521        568 4.6104e+01 0.0000e+00
      1.073    23.9464     7.6105     90.328  35.301015     36.060      7.331   249.9595     6.8297     2.1524     0.0238      0.016      1.052      1.526        569 4.5652e+01 0.0000e+00
      1.077    23.9471     7.5936     90.126  35.311092     36.060      7.330   250.1866     6.8500     2.2196     0.0238      0.016      1.057      1.532        570 4.5147e+01 0.0000e+00
      1.083    23.9478     7.5773     89.932  35.291412     36.060      7.334   250.1109     6.4699     2.1659     0.0238      0.018      1.062      1.540        571 4.4719e+01 0.0000e+00
      1.088    23.9480     7.5637     89.770  35.266191     36.002      7.332   250.4138     6.4456     2.1390     0.0238      0.019      1.067      1.547        572 4.4471e+01 0.0000e+00
      1.092    23.9482     7.5504     89.612  35.283164     36.059      7.336   250.3759     6.4860     2.0719     0.0238      0.019      1.071      1.553        573 4.4341e+01 0.0000e+00
      1.096    23.9483     7.5499     89.607  35.270290     36.002      7.336   250.1866     6.4901     2.1659     0.0238      0.018      1.075      1.559        574 4.4275e+01 0.0000e+00
      1.101    23.9481     7.5561     89.681  35.282213     36.058      7.336   250.6409     6.8500     2.2599     0.0238      0.018      1.080      1.566        575 4.4133e+01 0.0000e+00
      1.107    23.9479     7.5742     89.895  35.268326     36.001      7.337   250.7545     6.8297     2.3270     0.0238      0.018      1.085      1.573        576 4.3917e+01 0.0000e+00
      1.110    23.9476     7.5932     90.121  35.287571     36.059      7.338   250.6409     6.8014     2.2733     0.0238      0.018      1.089      1.579        577 4.3844e+01 0.0000e+00
      1.113    23.9471     7.6078     90.295  35.258262     36.002      7.335   250.7923     6.8297     2.2464     0.0238      0.018      1.092      1.584        578 4.3798e+01 0.0000e+00
      1.117    23.9459     7.6231     90.476  35.245486     36.002      7.337   250.8681     6.8864     2.2196     0.0238      0.017      1.096      1.590        579 4.3619e+01 0.0000e+00
      1.122    23.9449     7.6310     90.570  35.303471     36.059      7.333   250.7545     6.9308     2.2062     0.0238      0.017      1.100      1.596        580 4.3291e+01 0.0000e+00
      1.126    23.9444     7.6343     90.608  35.304730     36.060      7.333   250.9059     6.9025     2.2599     0.0238      0.016      1.104      1.601        581 4.3053e+01 0.0000e+00
      1.130    23.9441     7.6308     90.567  35.303234     36.061      7.333   250.9816     6.8985     2.3136     0.0238      0.016      1.108      1.607        582 4.2748e+01 0.0000e+00
      1.134    23.9442     7.6328     90.590  35.305333     36.061      7.334   251.0952     6.9025     2.2196     0.0238      0.016      1.112      1.613        583 4.2542e+01 0.0000e+00
      1.139    23.9445     7.6306     90.563  35.302117     36.062      7.333   251.3602     6.6518     2.1390     0.0238      0.016      1.116      1.618        584 4.2364e+01 0.0000e+00
      1.141    23.9446     7.6356     90.622  35.307237     36.061      7.333   250.9438     6.6195     2.2196     0.0238      0.016      1.120      1.624        585 4.2060e+01 0.0000e+00
      1.146    23.9445     7.6354     90.620  35.298962     36.061      7.333   251.1709     6.6478     2.1659     0.0238      0.016      1.124      1.630        586 4.1928e+01 0.0000e+00
      1.151    23.9448     7.6354     90.620  35.312415     36.061      7.331   251.4359     6.6518     2.1122     0.0238      0.016      1.128      1.636        587 4.1781e+01 0.0000e+00
      1.153    23.9447     7.6339     90.603  35.290495     36.061      7.334   251.4738     6.5993     2.2330     0.0238      0.016      1.132      1.641        588 4.1432e+01 0.0000e+00
      1.159    23.9445     7.6329     90.590  35.266926     36.004      7.334   251.4738     6.5790     2.1122     0.0238      0.016      1.137      1.647        589 4.1200e+01 0.0000e+00
      1.163    23.9445     7.6275     90.525  35.282432     36.061      7.332   251.7009     6.5912     2.1390     0.0238      0.016      1.140      1.653        590 4.1114e+01 0.0000e+00
      1.165    23.9443     7.6260     90.508  35.271198     36.004      7.333   251.6631     6.5912     2.2599     0.0238      0.016      1.142      1.657        591 4.0934e+01 0.0000e+00
      1.167    23.9441     7.6236     90.480  35.280906     36.061      7.331   251.6252     6.8985     2.2867     0.0238      0.015      1.144      1.660        592 4.0745e+01 0.0000e+00
      1.170    23.9437     7.6251     90.497  35.270351     36.004      7.332   251.5116     6.8864     2.2867     0.0238      0.014      1.147      1.665        593 4.0566e+01 0.0000e+00
      1.175    23.9434     7.6232     90.473  35.284333     36.061      7.332   251.5116     6.8823     2.2196     0.0238      0.013      1.152      1.671        594 4.0405e+01 0.0000e+00
      1.178    23.9435     7.6185     90.416  35.322822     36.062      7.333   251.7388     6.9187     2.1659     0.0238      0.013      1.156      1.676        595 4.0225e+01 0.0000e+00
