Data/DataNotYetUploadedToEDI/Raw_CTD/2018_RawDownloads/091018_fcr30.cnv
* Sea-Bird SBE19plus  Data File:
* FileName = C:\DATA\091018_fcr_0003.hex
* Software version 2.6.3.104
* Temperature SN = 7809
* Conductivity SN = 7809
* System UpLoad Time = Sep 10 2018 16:57:07
* <ApplicationData>
* <Seaterm232>
# nquan = 17
# nvalues = 978                         
# units = specified
# name 0 = depFM: Depth [fresh water, m]
# name 1 = tv290C: Temperature [ITS-90, deg C]
# name 2 = sbeox0Mg/L: Oxygen, SBE 43 [mg/l]
# name 3 = sbeox0PS: Oxygen, SBE 43 [% saturation]
# name 4 = c0uS/cm: Conductivity [uS/cm]
# name 5 = specc: Specific Conductance [uS/cm]
# name 6 = ph: pH
# name 7 = orp: Oxidation Reduction Potential [mV]
# name 8 = flECO-AFL: Fluorescence, WET Labs ECO-AFL/FL [mg/m^3]
# name 9 = turbWETntu0: Turbidity, WET Labs ECO [NTU]
# name 10 = sal00: Salinity, Practical [PSU]
# name 11 = dz/dtM: Descent Rate [m/s]
# name 12 = prdM: Pressure, Strain Gauge [db]
# name 13 = prdE: Pressure, Strain Gauge [psi]
# name 14 = scan: Scan Count
# name 15 = par/sat/log: PAR/Logarithmic, Satlantic
# name 16 = flag:  0.000e+00
# span 0 =     -0.569,      5.449       
# span 1 =    12.4600,    23.9645       
# span 2 =    -0.0638,     8.8937       
# span 3 =     -0.721,    102.600       
# span 4 =   0.813615,  84.285089       
# span 5 =      0.895,    107.827       
# span 6 =      5.565,      7.346       
# span 7 =    97.5462,   450.3758       
# span 8 =    -0.2224,    14.9696       
# span 9 =    -0.3586,    13.3245       
# span 10 =     0.0102,     0.0524      
# span 11 =     -0.150,      0.243      
# span 12 =     -0.558,      5.343      
# span 13 =     -0.809,      7.750      
# span 14 =          1,        978      
# span 15 = 1.2518e-01, 4.2826e+02      
# span 16 = 0.0000e+00, 0.0000e+00      
# interval = seconds: 0.25
# start_time = Sep 10 2018 15:23:17 [Instrument's time stamp, header]
# bad_flag = -9.990e-29
*END*
[from data line 256]
      0.185    23.9455     7.7039     91.441  35.401599     36.173      7.277   237.2394     6.1949     2.2196     0.0239     -0.001      0.181      0.263        257 1.6641e+02 0.0000e+00
      0.185    23.9477     7.7005     91.400  35.371515     36.118      7.281   237.0502     6.1908     2.0719     0.0238     -0.000      0.182      0.264        258 1.6523e+02 0.0000e+00
      0.187    23.9488     7.6987     91.379  35.351772     36.118      7.285   237.1259     6.2111     2.2062     0.0238      0.001      0.183      0.266        259 1.6552e+02 0.0000e+00
      0.188    23.9495     7.7050     91.450  35.366853     36.116      7.283   237.2773     6.1181     2.1390     0.0238      0.001      0.184      0.267        260 1.6490e+02 0.0000e+00
      0.188    23.9501     7.7145     91.556  35.352747     36.115      7.284   237.7694     6.1666     2.1793     0.0238      0.002      0.184      0.267        261 1.6459e+02 0.0000e+00
      0.187    23.9495     7.7246     91.674  35.369326     36.115      7.283   238.0345     6.1504     2.1122     0.0238      0.002      0.183      0.266        262 1.6600e+02 0.0000e+00
      0.185    23.9483     7.7345     91.792  35.405535     36.171      7.286   237.7694     6.1221     2.1927     0.0239      0.001      0.182      0.264        263 1.6647e+02 0.0000e+00
      0.184    23.9478     7.7327     91.774  35.367001     36.115      7.285   237.9587     6.1181     2.1390     0.0238      0.000      0.180      0.262        264 1.6638e+02 0.0000e+00
      0.184    23.9473     7.7485     91.966  35.357965     36.116      7.280   238.1480     6.0614     2.1793     0.0238     -0.001      0.180      0.261        265 1.6713e+02 0.0000e+00
      0.183    23.9476     7.7579     92.079  35.357464     36.116      7.276   238.4509     6.0938     2.2196     0.0238     -0.002      0.180      0.261        266 1.6743e+02 0.0000e+00
      0.184    23.9484     7.7711     92.235  35.367625     36.116      7.276   238.7159     6.0736     2.2062     0.0238     -0.003      0.180      0.261        267 1.6729e+02 0.0000e+00
      0.184    23.9483     7.7833     92.378  35.404636     36.173      7.276   238.6780     6.0695     2.0853     0.0239     -0.003      0.180      0.260        268 1.6711e+02 0.0000e+00
      0.182    23.9481     7.7889     92.444  35.430035     36.172      7.276   238.4509     6.2515     2.1927     0.0239     -0.003      0.179      0.258        269 1.6793e+02 0.0000e+00
      0.180    23.9460     7.7939     92.504  35.454645     36.230      7.282   238.3373     6.2798     2.1256     0.0239     -0.003      0.176      0.255        270 1.7024e+02 0.0000e+00
      0.177    23.9422     7.7951     92.519  35.433324     36.173      7.282   238.6402     6.2515     2.2464     0.0239     -0.003      0.174      0.253        271 1.7026e+02 0.0000e+00
      0.177    23.9407     7.7904     92.463  35.456570     36.231      7.276   238.8295     6.2879     2.1390     0.0239     -0.004      0.174      0.252        272 1.6977e+02 0.0000e+00
      0.179    23.9416     7.7808     92.352  35.425717     36.177      7.276   238.7159     6.3971     2.0987     0.0239     -0.004      0.174      0.253        273 1.6917e+02 0.0000e+00
      0.178    23.9435     7.7722     92.253  35.412407     36.178      7.279   239.3216     6.3566     2.1390     0.0239     -0.004      0.174      0.253        274 1.6885e+02 0.0000e+00
      0.177    23.9458     7.7641     92.158  35.413819     36.178      7.281   238.9430     6.3890     2.2867     0.0239     -0.004      0.173      0.252        275 1.7032e+02 0.0000e+00
      0.176    23.9469     7.7676     92.203  35.423959     36.176      7.281   239.2837     6.4213     2.0719     0.0239     -0.003      0.172      0.251        276 1.7009e+02 0.0000e+00
      0.175    23.9466     7.7732     92.272  35.459104     36.232      7.279   239.2080     6.3971     2.1927     0.0239     -0.002      0.172      0.251        277 1.6946e+02 0.0000e+00
      0.177    23.9456     7.7802     92.355  35.370082     36.116      7.280   239.3216     6.3728     2.3136     0.0238     -0.001      0.173      0.252        278 1.6977e+02 0.0000e+00
      0.179    23.9447     7.7794     92.345  35.356797     36.117      7.279   239.6623     6.3849     2.3270     0.0238      0.000      0.175      0.255        279 1.6747e+02 0.0000e+00
      0.182    23.9454     7.7778     92.327  35.416320     36.175      7.273   239.8516     6.3890     2.3002     0.0239      0.001      0.178      0.258        280 1.6649e+02 0.0000e+00
      0.184    23.9459     7.7613     92.131  35.414638     36.175      7.274   239.5866     6.3930     2.1390     0.0239      0.003      0.181      0.262        281 1.6532e+02 0.0000e+00
      0.186    23.9458     7.7458     91.950  35.418206     36.175      7.277   239.8895     6.3890     2.0719     0.0239      0.005      0.182      0.263        282 1.6482e+02 0.0000e+00
      0.186    23.9474     7.7465     91.959  35.411880     36.174      7.279   240.0787     6.3849     2.1524     0.0239      0.006      0.181      0.263        283 1.6749e+02 0.0000e+00
      0.182    23.9489     7.7505     92.007  35.363196     36.117      7.281   231.5609     6.3607     2.1390     0.0238      0.005      0.179      0.260        284 1.6757e+02 0.0000e+00
      0.182    23.9498     7.7601     92.120  35.360161     36.116      7.275   240.0787     6.3809     2.1524     0.0238      0.004      0.179      0.260        285 1.6626e+02 0.0000e+00
      0.186    23.9513     7.7603     92.117  35.356341     36.115      7.276   239.8895     6.1585     2.0853     0.0238      0.003      0.182      0.265        286 1.6406e+02 0.0000e+00
      0.190    23.9529     7.7541     92.043  35.308636     36.057      7.270   240.3816     6.1423     2.0047     0.0238      0.003      0.186      0.270        287 1.6254e+02 0.0000e+00
      0.193    23.9532     7.7449     91.937  35.360216     36.113      7.266   240.4195     6.1221     2.1122     0.0238      0.004      0.188      0.273        288 1.6229e+02 0.0000e+00
      0.193    23.9528     7.7397     91.876  35.351465     36.112      7.259   240.7980     6.1545     2.1524     0.0238      0.004      0.189      0.274        289 1.6248e+02 0.0000e+00
      0.192    23.9529     7.7325     91.791  35.319524     36.055      7.251   241.1009     6.0089     2.1659     0.0238      0.005      0.188      0.273        290 1.6336e+02 0.0000e+00
      0.191    23.9537     7.7274     91.729  35.340650     36.112      7.248   241.2145     6.0089     2.0316     0.0238      0.005      0.187      0.270        291 1.6346e+02 0.0000e+00
      0.188    23.9548     7.7254     91.705  35.325174     36.055      7.244   241.6309     6.0089     2.0719     0.0238      0.004      0.184      0.267        292 1.6497e+02 0.0000e+00
      0.184    23.9554     7.7237     91.686  35.338783     36.111      7.247   241.2523     6.0251     2.1122     0.0238      0.001      0.180      0.262        293 1.6753e+02 0.0000e+00
      0.181    23.9559     7.7291     91.750  35.323713     36.054      7.238   241.5930     6.1625     2.0450     0.0238     -0.003      0.178      0.258        294 1.6815e+02 0.0000e+00
      0.180    23.9549     7.7342     91.812  35.343927     36.110      7.236   241.4037     6.1666     1.9645     0.0238     -0.006      0.177      0.257        295 1.6652e+02 0.0000e+00
      0.181    23.9525     7.7352     91.825  35.372941     36.110      7.242   241.7066     6.1383     1.9107     0.0238     -0.008      0.177      0.258        296 1.6734e+02 0.0000e+00
      0.182    23.9522     7.7320     91.787  35.346921     36.111      7.251   241.4795     6.1302     1.8302     0.0238     -0.007      0.178      0.259        297 1.6620e+02 0.0000e+00
      0.184    23.9537     7.7285     91.745  35.316995     36.055      7.260   241.6687     6.2515     2.0853     0.0238     -0.005      0.180      0.261        298 1.6481e+02 0.0000e+00
      0.186    23.9545     7.7243     91.695  35.350869     36.113      7.263   242.3123     6.2192     2.1659     0.0238     -0.002      0.182      0.264        299 1.6454e+02 0.0000e+00
      0.188    23.9541     7.7228     91.677  35.423396     36.169      7.271   242.2366     6.2232     2.0450     0.0239      0.001      0.184      0.267        300 1.6290e+02 0.0000e+00
      0.189    23.9534     7.7397     91.877  35.404682     36.168      7.274   242.1230     6.2151     2.0987     0.0239      0.004      0.186      0.269        301 1.6255e+02 0.0000e+00
      0.190    23.9534     7.7484     91.980  35.374159     36.111      7.273   240.2302     6.3202     2.1524     0.0238      0.005      0.187      0.271        302 1.6194e+02 0.0000e+00
      0.193    23.9540     7.7617     92.139  35.402067     36.169      7.271   242.4637     6.3283     2.1927     0.0239      0.007      0.189      0.274        303 1.6167e+02 0.0000e+00
      0.194    23.9542     7.7772     92.323  35.369950     36.112      7.270   242.6909     6.3202     2.2867     0.0238      0.007      0.191      0.276        304 1.6031e+02 0.0000e+00
      0.195    23.9546     7.7839     92.402  35.354813     36.111      7.268   234.4002     6.3526     2.1659     0.0238      0.007      0.192      0.278        305 1.6006e+02 0.0000e+00
      0.196    23.9554     7.7841     92.403  35.420904     36.168      7.269   233.3780     6.2960     2.2196     0.0239      0.006      0.193      0.279        306 1.5986e+02 0.0000e+00
      0.198    23.9554     7.7704     92.239  35.406330     36.168      7.275   239.4352     6.2677     2.1659     0.0239      0.006      0.194      0.281        307 1.5880e+02 0.0000e+00
      0.200    23.9552     7.7533     92.038  35.372950     36.110      7.279   241.8959     6.2717     2.2196     0.0238      0.006      0.196      0.284        308 1.5851e+02 0.0000e+00
      0.201    23.9551     7.7483     91.979  35.403128     36.167      7.281   242.6909     6.2677     2.1927     0.0239      0.006      0.197      0.286        309 1.5761e+02 0.0000e+00
      0.201    23.9550     7.7531     92.035  35.428089     36.167      7.286   242.1230     6.2636     2.0584     0.0239      0.005      0.197      0.286        310 1.5733e+02 0.0000e+00
      0.201    23.9550     7.7676     92.206  35.401203     36.168      7.288   242.6530     6.1949     2.2196     0.0239      0.004      0.197      0.286        311 1.5813e+02 0.0000e+00
      0.201    23.9548     7.7743     92.286  35.377272     36.111      7.287   243.6373     6.1989     2.0987     0.0238      0.004      0.197      0.286        312 1.5740e+02 0.0000e+00
      0.200    23.9550     7.7791     92.344  35.339240     36.111      7.291   243.5995     6.1908     2.1927     0.0238      0.003      0.196      0.284        313 1.5931e+02 0.0000e+00
      0.197    23.9553     7.7824     92.384  35.329904     36.054      7.288   243.6373     6.2030     2.1122     0.0238      0.001      0.193      0.280        314 1.6076e+02 0.0000e+00
      0.194    23.9550     7.7715     92.256  35.388892     36.168      7.287   237.9966     6.0776     2.1659     0.0239     -0.002      0.191      0.277        315 1.6122e+02 0.0000e+00
      0.193    23.9537     7.7633     92.159  35.384460     36.110      7.278   244.0538     6.0857     2.1524     0.0238     -0.004      0.191      0.276        316 1.6112e+02 0.0000e+00
      0.194    23.9535     7.7552     92.063  35.394733     36.168      7.274   243.9402     6.0857     2.1793     0.0239     -0.005      0.191      0.277        317 1.5965e+02 0.0000e+00
      0.196    23.9544     7.7507     92.008  35.376108     36.112      7.273   244.0159     6.1019     2.1256     0.0238     -0.004      0.192      0.279        318 1.5994e+02 0.0000e+00
      0.198    23.9545     7.7512     92.014  35.407639     36.169      7.279   243.8645     6.1868     2.2464     0.0239     -0.003      0.195      0.282        319 1.5729e+02 0.0000e+00
      0.202    23.9540     7.7613     92.133  35.414807     36.168      7.284   244.0159     6.1908     2.1524     0.0239     -0.000      0.198      0.286        320 1.5687e+02 0.0000e+00
      0.203    23.9534     7.7655     92.182  35.367188     36.111      7.286   243.9402     6.1908     2.1927     0.0238      0.003      0.200      0.290        321 1.5562e+02 0.0000e+00
      0.206    23.9538     7.7694     92.231  35.466902     36.225      7.289   244.3566     6.2070     2.1927     0.0239      0.006      0.202      0.292        322 1.5476e+02 0.0000e+00
      0.207    23.9543     7.7755     92.304  35.468660     36.226      7.291   243.7888     6.2960     2.2196     0.0239      0.007      0.203      0.294        323 1.5494e+02 0.0000e+00
      0.208    23.9545     7.7787     92.343  35.364999     36.111      7.287   244.3188     6.2879     2.1659     0.0238      0.008      0.203      0.295        324 1.5401e+02 0.0000e+00
      0.208    23.9555     7.7711     92.254  35.358646     36.111      7.286   244.1295     6.2555     2.1659     0.0238      0.008      0.203      0.295        325 1.5533e+02 0.0000e+00
      0.206    23.9560     7.7586     92.106  35.357937     36.111      7.285   239.1702     6.2677     2.1256     0.0238      0.006      0.202      0.293        326 1.5576e+02 0.0000e+00
      0.204    23.9555     7.7481     91.982  35.365880     36.110      7.282   244.4702     6.2555     2.1390     0.0238      0.003      0.200      0.291        327 1.5665e+02 0.0000e+00
      0.203    23.9549     7.7390     91.875  35.408075     36.167      7.280   245.1138     6.1545     2.1524     0.0239      0.000      0.199      0.289        328 1.5674e+02 0.0000e+00
      0.202    23.9547     7.7263     91.724  35.364740     36.110      7.271   245.3409     6.1464     2.1256     0.0238     -0.001      0.199      0.288        329 1.5713e+02 0.0000e+00
      0.202    23.9547     7.7223     91.676  35.360493     36.111      7.266   244.8488     6.1019     2.1122     0.0238     -0.003      0.199      0.288        330 1.5759e+02 0.0000e+00
      0.202    23.9544     7.7226     91.680  35.413361     36.168      7.266   242.2745     6.1545     2.1524     0.0239     -0.003      0.199      0.288        331 1.5675e+02 0.0000e+00
      0.203    23.9550     7.7251     91.710  35.417580     36.168      7.262   244.7730     6.3122     2.1659     0.0239     -0.003      0.200      0.289        332 1.5589e+02 0.0000e+00
      0.205    23.9561     7.7308     91.777  35.414560     36.168      7.269   244.8488     6.3485     2.1524     0.0239     -0.001      0.201      0.292        333 1.5464e+02 0.0000e+00
      0.207    23.9567     7.7459     91.955  35.357804     36.111      7.274   243.1073     6.3243     2.0853     0.0238      0.000      0.203      0.294        334 1.5454e+02 0.0000e+00
      0.208    23.9569     7.7569     92.085  35.310264     36.053      7.279   245.6438     6.3485     2.1793     0.0238      0.002      0.204      0.295        335 1.5401e+02 0.0000e+00
      0.209    23.9572     7.7702     92.243  35.355091     36.109      7.280   245.3788     6.3364     2.1927     0.0238      0.003      0.205      0.297        336 1.5317e+02 0.0000e+00
      0.210    23.9578     7.7779     92.335  35.361333     36.109      7.282   245.8330     6.3485     2.1524     0.0238      0.004      0.206      0.299        337 1.5247e+02 0.0000e+00
      0.212    23.9581     7.7750     92.301  35.302496     36.052      7.281   246.1359     6.3283     2.1122     0.0238      0.005      0.208      0.301        338 1.5175e+02 0.0000e+00
      0.212    23.9579     7.7696     92.235  35.309682     36.051      7.283   246.3252     6.3202     2.1256     0.0238      0.005      0.208      0.302        339 1.5236e+02 0.0000e+00
      0.211    23.9580     7.7581     92.097  35.352391     36.108      7.286   241.5173     6.3566     2.1122     0.0238      0.004      0.207      0.301        340 1.5370e+02 0.0000e+00
