Data/DataNotYetUploadedToEDI/Raw_CTD/2018_RawDownloads/091018_fcr30.cnv
* Sea-Bird SBE19plus  Data File:
* FileName = C:\DATA\091018_fcr_0003.hex
* Software version 2.6.3.104
* Temperature SN = 7809
* Conductivity SN = 7809
* System UpLoad Time = Sep 10 2018 16:57:07
* <ApplicationData>
* <Seaterm232>
# nquan = 17
# nvalues = 978                         
# units = specified
# name 0 = depFM: Depth [fresh water, m]
# name 1 = tv290C: Temperature [ITS-90, deg C]
# name 2 = sbeox0Mg/L: Oxygen, SBE 43 [mg/l]
# name 3 = sbeox0PS: Oxygen, SBE 43 [% saturation]
# name 4 = c0uS/cm: Conductivity [uS/cm]
# name 5 = specc: Specific Conductance [uS/cm]
# name 6 = ph: pH
# name 7 = orp: Oxidation Reduction Potential [mV]
# name 8 = flECO-AFL: Fluorescence, WET Labs ECO-AFL/FL [mg/m^3]
# name 9 = turbWETntu0: Turbidity, WET Labs ECO [NTU]
# name 10 = sal00: Salinity, Practical [PSU]
# name 11 = dz/dtM: Descent Rate [m/s]
# name 12 = prdM: Pressure, Strain Gauge [db]
# name 13 = prdE: Pressure, Strain Gauge [psi]
# name 14 = scan: Scan Count
# name 15 = par/sat/log: PAR/Logarithmic, Satlantic
# name 16 = flag:  0.000e+00
# span 0 =     -0.569,      5.449       
# span 1 =    12.4600,    23.9645       
# span 2 =    -0.0638,     8.8937       
# span 3 =     -0.721,    102.600       
# span 4 =   0.813615,  84.285089       
# span 5 =      0.895,    107.827       
# span 6 =      5.565,      7.346       
# span 7 =    97.5462,   450.3758       
# span 8 =    -0.2224,    14.9696       
# span 9 =    -0.3586,    13.3245       
# span 10 =     0.0102,     0.0524      
# span 11 =     -0.150,      0.243      
# span 12 =     -0.558,      5.343      
# span 13 =     -0.809,      7.750      
# span 14 =          1,        978      
# span 15 = 1.2518e-01, 4.2826e+02      
# span 16 = 0.0000e+00, 0.0000e+00      
# interval = seconds: 0.25
# start_time = Sep 10 2018 15:23:17 [Instrument's time stamp, header]
# bad_flag = -9.990e-29
*END*
[from data line 937]
      5.112    12.8143     0.0998      0.943  70.679373     93.117      6.612   111.9319     3.7889     1.7362     0.0453      0.039      5.013      7.271        938 1.6440e-01 0.0000e+00
      5.123    12.8065     0.0953      0.901  69.848145     92.339      6.612   110.7962     3.5665     1.4542     0.0449      0.039      5.023      7.286        939 1.8218e-01 0.0000e+00
      5.133    12.7936     0.0990      0.934  69.930314     92.359      6.613   109.8119     3.5665     1.5079     0.0449      0.041      5.033      7.300        940 1.9184e-01 0.0000e+00
      5.141    12.7580     0.0956      0.902  70.161206     92.892      6.614   109.1305     3.5625     1.5213     0.0451      0.042      5.041      7.311        941 1.5053e-01 0.0000e+00
      5.147    12.7231     0.0900      0.849  69.798497     92.258      6.616   108.2976     3.5544     1.5213     0.0448      0.042      5.047      7.320        942 1.4562e-01 0.0000e+00
      5.152    12.7135     0.0928      0.875  69.401311     91.938      6.613   107.9191     3.1217     1.2931     0.0447      0.039      5.052      7.328        943 1.5964e-01 0.0000e+00
      5.158    12.7304     0.0902      0.849  69.170076     91.653      6.615   107.4269     3.1177     1.3602     0.0445      0.035      5.057      7.334        944 1.6601e-01 0.0000e+00
      5.160    12.7569     0.0888      0.835  69.135619     91.639      6.613   106.3669     3.1177     1.3065     0.0445      0.029      5.060      7.338        945 1.8095e-01 0.0000e+00
      5.160    12.7780     0.0903      0.849  69.355077     91.931      6.613   105.6855     3.1217     1.3602     0.0447      0.024      5.060      7.339        946 1.7050e-01 0.0000e+00
      5.160    12.7841     0.0951      0.894  69.461412     91.940      6.611   105.3069     3.0328     1.2528     0.0447      0.018      5.060      7.339        947 1.8162e-01 0.0000e+00
      5.160    12.7992     0.0928      0.872  69.448891     91.963      6.613   105.2312     3.0166     1.2125     0.0447      0.013      5.062      7.342        948 1.7660e-01 0.0000e+00
      5.166    12.7915     0.0962      0.903  69.430058     91.799      6.613   103.9441     3.0287     1.2931     0.0446      0.010      5.069      7.350        949 1.6673e-01 0.0000e+00
      5.179    12.7527     0.1046      0.982  68.920379     91.285      6.611   103.9062     3.0611     1.4005     0.0444      0.011      5.079      7.365        950 1.8358e-01 0.0000e+00
      5.190    12.7484     0.0953      0.894  68.241285     90.107      6.612   103.0733     2.9681     1.0648     0.0439      0.015      5.089      7.381        951 1.6951e-01 0.0000e+00
      5.199    12.7414     0.1040      0.975  68.492730     90.849      6.612   102.5812     3.0085     1.0916     0.0442      0.019      5.099      7.396        952 1.6246e-01 0.0000e+00
      5.209    12.7052     0.1002      0.940  68.607472     90.768      6.610   102.5433     2.9842     1.0379     0.0441      0.025      5.109      7.412        953 1.5364e-01 0.0000e+00
      5.224    12.6578     0.0960      0.901  67.979674     90.164      6.612   102.2026     2.9802     1.0782     0.0439      0.033      5.124      7.433        954 1.5215e-01 0.0000e+00
      5.244    12.6101     0.0959      0.900  67.135162     88.908      6.609   101.8241     2.9681     1.0782     0.0433      0.041      5.140      7.456        955 1.6533e-01 0.0000e+00
      5.256    12.5731     0.0971      0.911  66.242321     88.059      6.608   101.5212     2.8063     1.3871     0.0429      0.048      5.155      7.476        956 1.6893e-01 0.0000e+00
      5.268    12.5485     0.0937      0.879  65.526279     86.977      6.606   101.3319     2.8144     1.3333     0.0424      0.051      5.169      7.495        957 1.5725e-01 0.0000e+00
      5.285    12.5376     0.0918      0.861  65.115344     86.766      6.609   101.0291     2.7982     1.2662     0.0423      0.053      5.184      7.519        958 1.5911e-01 0.0000e+00
      5.305    12.5212     0.0956      0.898  64.674561     86.003      6.606   100.5748     2.7901     1.1722     0.0419      0.057      5.202      7.545        959 1.5217e-01 0.0000e+00
      5.325    12.5006     0.0917      0.860  64.144223     85.543      6.603   100.5369     2.4990     0.9574     0.0417      0.061      5.221      7.573        960 1.3999e-01 0.0000e+00
      5.343    12.4845     0.0904      0.848  63.547764     84.572      6.603   100.6126     2.5516     1.0782     0.0413      0.065      5.239      7.599        961 1.7572e-01 0.0000e+00
      5.359    12.4724     0.0941      0.883  63.308117     84.472      6.600    99.8933     2.5314     1.0514     0.0412      0.066      5.253      7.620        962 1.4367e-01 0.0000e+00
      5.368    12.4717     0.0883      0.828  63.195067     84.244      6.600    99.2119     2.5435     1.1051     0.0411      0.065      5.266      7.638        963 1.3383e-01 0.0000e+00
      5.385    12.4759     0.0956      0.896  63.539970     84.760      6.596    99.0983     2.2604     1.0648     0.0413      0.065      5.280      7.657        964 1.6015e-01 0.0000e+00
      5.398    12.4786     0.0915      0.858  64.274814     85.804      6.586    98.7955     2.2645     1.1185     0.0418      0.064      5.293      7.676        965 1.2925e-01 0.0000e+00
      5.407    12.4809     0.0934      0.876  64.300195     85.759      6.583    98.6440     2.2766     0.9842     0.0418      0.059      5.303      7.692        966 1.2730e-01 0.0000e+00
      5.420    12.4837 -9.990e-29 -9.990e-29  64.310296     85.789      6.584    98.6819     2.2523     1.0648     0.0418      0.055      5.313      7.707        967 1.3109e-01 0.0000e+00
      5.428    12.4874 -9.990e-29 -9.990e-29  64.529554     86.083      6.580    98.3790     2.2523     1.4945     0.0419      0.050      5.321      7.718        968 1.5229e-01 0.0000e+00
      5.431    12.4839 -9.990e-29 -9.990e-29  64.591654     86.151      6.576    98.4169     2.2887     1.4273     0.0419      0.045      5.326      7.725        969 1.6358e-01 0.0000e+00
      5.435    12.4707 -9.990e-29 -9.990e-29  64.559726     86.105      6.573    98.3412     2.2766     1.4945     0.0419      0.040      5.330      7.730        970 1.3502e-01 0.0000e+00
      5.438    12.4618 -9.990e-29 -9.990e-29  64.539586     86.075      6.572    98.2655     2.2483     1.4810     0.0419      0.034      5.332      7.734        971 1.2518e-01 0.0000e+00
      5.439    12.4600 -9.990e-29 -9.990e-29  64.527618     86.107      6.575    98.3790     2.1998     1.5348     0.0419      0.027      5.334      7.736        972 1.2557e-01 0.0000e+00
      5.441    12.4618 -9.990e-29 -9.990e-29  64.515226     86.090      6.570    98.1140     2.1836     1.4945     0.0419      0.021      5.336      7.739        973 1.2718e-01 0.0000e+00
      5.444    12.4635 -9.990e-29 -9.990e-29  64.584716     86.205      6.569    98.0762     2.2038     1.5885     0.0420      0.016      5.339      7.743        974 1.3207e-01 0.0000e+00
      5.446    12.4616 -9.990e-29 -9.990e-29  64.589648     86.203      6.567    97.9248     2.2240     1.5750     0.0420      0.012      5.341      7.746        975 1.2704e-01 0.0000e+00
      5.447    12.4607 -9.990e-29 -9.990e-29  64.598190     86.196      6.564    97.8490     2.2685     1.2931     0.0420      0.009      5.342      7.748        976 1.2563e-01 0.0000e+00
      5.448 -9.990e-29 -9.990e-29 -9.990e-29  64.633488     86.279      6.561    97.5462     2.2604     1.2125     0.0420      0.008      5.343      7.749        977 1.2635e-01 0.0000e+00
      5.449 -9.990e-29 -9.990e-29 -9.990e-29  64.605125     86.202      6.562    97.6976     2.2847     1.2662     0.0420      0.007      5.343      7.750        978 1.2518e-01 0.0000e+00
