Data/DataNotYetUploadedToEDI/Raw_CTD/2018_RawDownloads/091718_fcr45.cnv
* Sea-Bird SBE19plus  Data File:
* FileName = C:\DATA\20180917_fcr_0004.hex
* Software version 2.6.3.104 SB_Terminal.dll
* Temperature SN = 7809
* Conductivity SN = 7809
* System UpLoad Time = Sep 17 2018 17:52:11
* <ApplicationData>
* <Seaterm232>
# nquan = 15
# nvalues = 673                         
# units = specified
# name 0 = depFM: Depth [fresh water, m]
# name 1 = dz/dtM: Descent Rate [m/s]
# name 2 = sbeox0Mg/L: Oxygen, SBE 43 [mg/l]
# name 3 = sbeox0PS: Oxygen, SBE 43 [% saturation]
# name 4 = specc: Specific Conductance [uS/cm]
# name 5 = c0uS/cm: Conductivity [uS/cm]
# name 6 = flECO-AFL: Fluorescence, WET Labs ECO-AFL/FL [mg/m^3]
# name 7 = ph: pH
# name 8 = orp: Oxidation Reduction Potential [mV]
# name 9 = par/sat/log: PAR/Logarithmic, Satlantic
# name 10 = turbWETntu0: Turbidity, WET Labs ECO [NTU]
# name 11 = prdM: Pressure, Strain Gauge [db]
# name 12 = prdE: Pressure, Strain Gauge [psi]
# name 13 = tv290C: Temperature [ITS-90, deg C]
# name 14 = flag:  0.000e+00
# span 0 =     -0.599,      7.581       
# span 1 =     -0.168,      0.272       
# span 2 =    -0.0263,     8.3437       
# span 3 =     -0.293,     97.155       
# span 4 =      2.744,    109.566       
# span 5 =   2.625022,  84.149755       
# span 6 =    -0.1755,    13.0606       
# span 7 =      6.277,      7.826       
# span 8 =    64.2990,   392.5628       
# span 9 = 1.2546e-01, 7.0311e+02       
# span 10 =    -0.2709,    18.7824      
# span 11 =     -0.587,      7.435      
# span 12 =     -0.852,     10.783      
# span 13 =    13.3754,    22.9601      
# span 14 = 0.0000e+00, 0.0000e+00      
# interval = seconds: 0.25
# start_time = Sep 17 2018 16:19:45 [Instrument's time stamp, header]
# bad_flag = -9.990e-29
*END*
[from data line 482]
      4.610      0.041     0.1676      1.784     63.134  54.784963     3.4470      6.322   191.5056 3.3990e-01     3.6337      4.521      6.558    18.4119 0.0000e+00
      4.612      0.041     0.1634      1.738     62.500  54.168656     3.4424      6.320   190.1156 3.3031e-01     3.5730      4.521      6.558    18.3908 0.0000e+00
      4.620      0.047     0.1589      1.687     62.008  53.643688     3.4493      6.319   188.8026 3.2854e-01     3.5474      4.527      6.566    18.3903 0.0000e+00
      4.635      0.054     0.1544      1.636     61.979  53.523981     3.5393      6.316   187.5893 3.2642e-01     3.6298      4.543      6.590    18.4038 0.0000e+00
      4.655      0.059     0.1500      1.588     62.531  53.929180     3.6942      6.314   186.4587 3.1762e-01     3.8367      4.565      6.621    18.4006 0.0000e+00
      4.677      0.061     0.1462      1.547     63.956  55.109456     3.7689      6.314   185.2855 3.0712e-01     3.9738      4.588      6.654    18.3401 0.0000e+00
      4.695      0.061     0.1441      1.524     65.435  56.349347     3.7815      6.313   184.2452 2.9634e-01     3.9758      4.608      6.683    18.2473 0.0000e+00
      4.706      0.061     0.1427      1.509     66.035  56.839276     3.9563      6.310   183.5159 2.8331e-01     3.9516      4.617      6.696    18.1678 0.0000e+00
      4.715      0.065     0.1398      1.477     66.657  57.345151     4.2739      6.306   182.7491 2.7795e-01     3.9559      4.622      6.703    18.1097 0.0000e+00
      4.727      0.073     0.1368      1.443     67.340  57.887220     4.4425      6.300   181.8569 2.6970e-01     3.9674      4.633      6.720    18.0763 0.0000e+00
      4.747      0.085     0.1354      1.428     67.383  57.860872     4.4600      6.292   181.1600 2.5662e-01     3.9679      4.652      6.748    18.0523 0.0000e+00
      4.772      0.095     0.1346      1.418     67.236  57.662449     4.4210      6.286   180.6900 2.4823e-01     4.0231      4.677      6.784    18.0316 0.0000e+00
      4.803      0.100     0.1337      1.407     67.226  57.586581     4.3290      6.282   180.3041 2.3424e-01     4.1163      4.708      6.829    18.0164 0.0000e+00
      4.837      0.098     0.1328      1.397     67.276  57.579398     4.2765      6.279   179.7637 2.3299e-01     4.1483      4.744      6.880    17.9825 0.0000e+00
      4.868      0.089     0.1320      1.389     67.306  57.575539     4.2735      6.279   178.9738 2.4821e-01     4.1353      4.777      6.929    17.9319 0.0000e+00
      4.889      0.079     0.1320      1.387     67.286  57.539876     4.2640      6.280   178.2395 2.4359e-01     4.1418      4.797      6.959    17.8765 0.0000e+00
      4.900      0.071     0.1326      1.393     67.305  57.529739     4.2082      6.280   177.5961 2.2841e-01     4.1666      4.806      6.971    17.8209 0.0000e+00
      4.910      0.069     0.1328      1.394     67.431  57.580122     4.1232      6.280   176.7872 2.2403e-01     4.1916      4.813      6.981    17.7837 0.0000e+00
      4.922      0.074     0.1331      1.396     67.667  57.703834     4.0812      6.279   176.0312 2.1907e-01     4.1993      4.824      6.997    17.7635 0.0000e+00
      4.939      0.085     0.1347      1.411     68.199  58.071540     4.0674      6.279   175.3377 2.1192e-01     4.1986      4.842      7.023    17.7541 0.0000e+00
      4.964      0.098     0.1359      1.421     68.939  58.591843     3.9290      6.279   174.4252 2.1019e-01     4.3661      4.866      7.058    17.7464 0.0000e+00
      4.995      0.107     0.1361      1.420     69.384  58.843466     3.6662      6.278   173.4307 2.0619e-01     4.6985      4.897      7.103    17.6973 0.0000e+00
      5.030      0.108     0.1361      1.418     69.498  58.824326     3.5188      6.277   172.4324 2.0085e-01     4.8605      4.933      7.154    17.6305 0.0000e+00
      5.063      0.101     0.1358      1.413     69.496  58.741850     3.5069      6.278   171.3889 1.9595e-01     4.8304      4.968      7.205    17.5806 0.0000e+00
      5.091      0.088     0.1364      1.418     69.463  58.672908     3.5506      6.280   170.4508 1.9771e-01     4.6704      4.996      7.246    17.4985 0.0000e+00
      5.111      0.071     0.1369      1.423     69.421  58.626662     3.6423      6.282   169.6083 2.0064e-01     4.3907      5.016      7.274    17.3953 0.0000e+00
      5.124      0.055     0.1366      1.420     69.341  58.564252     3.6963      6.284   168.6880 1.8597e-01     4.2553      5.026      7.290    17.3075 0.0000e+00
      5.132      0.043     0.1357      1.411     69.320  58.554271     3.7074      6.285   167.8411 1.8767e-01     4.2546      5.034      7.301    17.2480 0.0000e+00
      5.138      0.038     0.1319      1.372     69.411  58.633191     3.7027      6.285   167.1980 2.0899e-01     4.1681      5.039      7.308    17.2215 0.0000e+00
      5.143      0.038     0.1269      1.319     69.566  58.755322     3.6854      6.286   166.5909 2.1078e-01     4.0343      5.043      7.313    17.2166 0.0000e+00
      5.152      0.040     0.1239      1.287     69.744  58.886209     3.6827      6.287   165.9212 1.9612e-01     3.9794      5.051      7.325    17.2260 0.0000e+00
      5.165      0.042     0.1216      1.263     69.914  59.007383     3.6880      6.289   165.2954 1.8061e-01     3.9925      5.065      7.347    17.2315 0.0000e+00
      5.180      0.044     0.1187      1.233     70.181  59.202858     3.6770      6.290   164.8748 1.7035e-01     4.0707      5.080      7.369    17.2362 0.0000e+00
      5.193      0.045     0.1176      1.221     70.700  59.596102     3.6510      6.290   164.5350 1.6070e-01     4.1919      5.094      7.388    17.2302 0.0000e+00
      5.203      0.046     0.1179      1.223     71.401  60.136902     3.6393      6.291   164.1124 1.5194e-01     4.2379      5.103      7.401    17.2098 0.0000e+00
      5.211      0.049     0.1168      1.211     71.996  60.589984     3.6455      6.293   163.6370 1.5799e-01     4.1991      5.109      7.410    17.1984 0.0000e+00
      5.221      0.054     0.1153      1.195     72.319  60.812966     3.6995      6.293   163.0891 1.6768e-01     4.2117      5.118      7.424    17.1787 0.0000e+00
      5.235      0.059     0.1154      1.195     72.513  60.924840     3.8047      6.292   162.4785 1.6032e-01     4.3288      5.132      7.444    17.1449 0.0000e+00
      5.254      0.064     0.1161      1.201     72.796  61.115738     3.8693      6.292   161.8462 1.4741e-01     4.4244      5.151      7.471    17.1072 0.0000e+00
      5.274      0.068     0.1146      1.184     73.262  61.467354     3.8838      6.292   161.2095 1.4600e-01     4.4524      5.173      7.503    17.0744 0.0000e+00
      5.293      0.070     0.1122      1.159     73.789  61.868726     3.8786      6.292   160.5450 1.4778e-01     4.4541      5.192      7.530    17.0420 0.0000e+00
      5.312      0.070     0.1115      1.150     74.268  62.215940     3.8066      6.292   159.9197 1.5248e-01     4.3834      5.209      7.556    17.0042 0.0000e+00
      5.329      0.068     0.1115      1.150     75.358  63.057570     3.6832      6.292   159.4147 1.5908e-01     4.2389      5.226      7.579    16.9706 0.0000e+00
      5.345      0.065     0.1124      1.158     78.064  65.238405     3.6192      6.293   158.9129 1.4958e-01     4.1409      5.241      7.600    16.9459 0.0000e+00
      5.362      0.064     0.1142      1.175     82.057  68.481640     3.6299      6.293   158.3264 1.3468e-01     4.1449      5.258      7.626    16.9235 0.0000e+00
      5.379      0.064     0.1159      1.191     86.006  71.668896     3.6749      6.292   157.7428 1.2814e-01     4.2563      5.276      7.652    16.8862 0.0000e+00
      5.394      0.065     0.1183      1.213     88.408  73.550339     3.7310      6.292   157.1053 1.2681e-01     4.3892      5.291      7.673    16.8371 0.0000e+00
      5.409      0.068     0.1214      1.244     88.006  73.093110     3.7575      6.292   156.3828 1.3210e-01     4.4094      5.303      7.692    16.7842 0.0000e+00
      5.424      0.071     0.1239      1.269     85.057  70.531607     3.7565      6.292   155.7192 1.3678e-01     4.3777      5.318      7.713    16.7284 0.0000e+00
      5.444      0.075     0.1254      1.282     81.707  67.651489     3.7550      6.291   155.0180 1.3638e-01     4.3117      5.338      7.742    16.6660 0.0000e+00
      5.465      0.079     0.1258      1.284     80.002  66.139609     3.7667      6.289   154.2722 1.3572e-01     4.1907      5.360      7.774    16.5946 0.0000e+00
      5.487      0.080     0.1252      1.276     79.637  65.740077     3.7782      6.287   153.5842 1.3272e-01     4.1061      5.380      7.803    16.5203 0.0000e+00
      5.509      0.079     0.1244      1.267     79.602  65.619901     3.7744      6.287   152.9803 1.2961e-01     4.0503      5.402      7.834    16.4535 0.0000e+00
      5.531      0.074     0.1238      1.259     79.643  65.577116     3.7481      6.289   152.3908 1.2757e-01     3.9441      5.425      7.868    16.3934 0.0000e+00
      5.551      0.066     0.1228      1.248     79.667  65.540755     3.7183      6.292   151.7057 1.2581e-01     3.8288      5.445      7.897    16.3326 0.0000e+00
      5.567      0.057     0.1225      1.244     79.728  65.561910     3.7177      6.295   150.8919 1.2567e-01     3.7853      5.460      7.920    16.2692 0.0000e+00
      5.580      0.048     0.1226      1.245     79.768  65.578387     3.7223      6.298   150.0355 1.2565e-01     3.7853      5.473      7.939    16.2110 0.0000e+00
      5.589      0.042     0.1222      1.241     79.764  65.549111     3.7280      6.303   149.2667 1.2570e-01     3.7980      5.482      7.951    16.1608 0.0000e+00
      5.596      0.037     0.1214      1.232     79.872  65.589601     3.7497      6.308   148.2219 1.2576e-01     3.7869      5.487      7.958    16.1230 0.0000e+00
      5.602      0.035     0.1201      1.218     79.982  65.622566     3.7640      6.314   146.7809 1.2576e-01     3.7424      5.493      7.968    16.1090 0.0000e+00
      5.611      0.035     0.1180      1.196     79.949  65.565909     3.7625      6.319   145.2662 1.2575e-01     3.7169      5.502      7.981    16.1043 0.0000e+00
      5.621      0.036     0.1162      1.178     79.909  65.540708     3.7596      6.324   143.7597 1.2567e-01     3.6922      5.512      7.995    16.0921 0.0000e+00
      5.631      0.037     0.1152      1.168     79.937  65.572349     3.7656      6.329   142.2467 1.2558e-01     3.6277      5.523      8.010    16.0605 0.0000e+00
      5.641      0.039     0.1124      1.139     79.816  65.439550     3.7710      6.332   140.7383 1.2553e-01     3.5775      5.533      8.025    16.0115 0.0000e+00
      5.651      0.039     0.1085      1.098     79.561  65.143729     3.7692      6.334   139.4609 1.2552e-01     3.5730      5.542      8.038    15.9885 0.0000e+00
      5.660      0.040     0.1061      1.072     79.568  65.049101     3.7721      6.336   138.4172 1.2558e-01     3.5738      5.550      8.049    16.0059 0.0000e+00
      5.670      0.041     0.1061      1.072     79.897  65.249542     3.8146      6.340   137.3242 1.2563e-01     3.5869      5.559      8.063    16.0221 0.0000e+00
      5.681      0.045     0.1087      1.098     80.616  65.785894     3.8966      6.343   136.3131 1.2565e-01     3.6089      5.572      8.081    16.0049 0.0000e+00
      5.693      0.050     0.1110      1.119     83.001  67.653343     3.9462      6.344   135.5700 1.2566e-01     3.6263      5.582      8.097    15.9397 0.0000e+00
      5.704      0.058     0.1102      1.109     86.747  70.585917     3.9548      6.344   134.8787 1.2566e-01     3.6144      5.593      8.113    15.8601 0.0000e+00
      5.716      0.066     0.1102      1.107     88.778  72.101167     3.9738      6.345   134.1495 1.2568e-01     3.4654      5.604      8.128    15.8245 0.0000e+00
      5.734      0.071     0.1147      1.152     88.611  71.848032     4.0004      6.346   133.4644 1.2565e-01     3.2283      5.621      8.152    15.8072 0.0000e+00
      5.758      0.071     0.1202      1.205     88.156  71.407055     4.0104      6.348   132.7034 1.2554e-01     3.1278      5.646      8.190    15.7621 0.0000e+00
      5.783      0.068     0.1225      1.227     88.064  71.287545     4.0117      6.350   131.9180 1.2550e-01     3.1355      5.674      8.230    15.6884 0.0000e+00
      5.803      0.061     0.1211      1.213     88.204  71.357538     4.0071      6.350   131.2816 1.2556e-01     3.1380      5.695      8.260    15.5995 0.0000e+00
      5.816      0.052     0.1195      1.196     88.502  71.553285     3.9912      6.351   130.6875 1.2564e-01     3.1581      5.705      8.274    15.5259 0.0000e+00
      5.824      0.047     0.1199      1.199     88.581  71.554240     3.9760      6.352   130.0691 1.2567e-01     3.1653      5.711      8.282    15.4902 0.0000e+00
      5.829      0.046     0.1206      1.204     88.076  71.050809     3.9606      6.351   129.4833 1.2567e-01     3.1338      5.716      8.291    15.4741 0.0000e+00
      5.837      0.051     0.1206      1.203     87.366  70.366160     3.9438      6.349   128.9392 1.2565e-01     3.0518      5.722      8.299    15.4453 0.0000e+00
      5.849      0.059     0.1194      1.190     86.837  69.830407     3.9381      6.347   128.3933 1.2568e-01     2.9366      5.733      8.316    15.4235 0.0000e+00
      5.868      0.066     0.1190      1.183     86.691  69.599885     3.9470      6.347   127.7871 1.2569e-01     2.8702      5.753      8.345    15.3964 0.0000e+00
      5.891      0.071     0.1195      1.188     86.918  69.678638     3.9589      6.347   127.2026 1.2564e-01     2.8592      5.778      8.381    15.3323 0.0000e+00
      5.914      0.072     0.1192      1.183     87.272  69.891653     3.9434      6.348   126.6603 1.2561e-01     2.8034      5.801      8.413    15.2650 0.0000e+00
      5.934      0.070     0.1192      1.182     87.880  70.330041     3.9077      6.352   126.1351 1.2562e-01     2.7148      5.820      8.441    15.2054 0.0000e+00
      5.949      0.066     0.1209      1.198     88.907  71.097491     3.8947      6.356   125.7572 1.2561e-01     2.6727      5.834      8.462    15.1389 0.0000e+00
      5.962      0.063     0.1220      1.208     89.934  71.852781     3.8970      6.359   125.4462 1.2559e-01     2.6604      5.845      8.478    15.0699 0.0000e+00
      5.977      0.062     0.1206      1.193     90.633  72.334876     3.9175      6.362   125.0418 1.2559e-01     2.6271      5.860      8.501    15.0322 0.0000e+00
      5.992      0.063     0.1181      1.168     91.071  72.598990     3.9575      6.364   124.5683 1.2556e-01     2.5443      5.876      8.523    15.0163 0.0000e+00
      6.008      0.064     0.1181      1.167     91.290  72.691394     3.9761      6.367   124.0223 1.2550e-01     2.4842      5.891      8.545    14.9818 0.0000e+00
      6.025      0.064     0.1201      1.185     91.624  72.879266     3.9691      6.370   123.5164 1.2546e-01     2.4802      5.908      8.569    14.9455 0.0000e+00
      6.043      0.064     0.1198      1.181     92.137  73.215775     3.9643      6.374   123.1834 1.2553e-01     2.4647      5.926      8.595    14.9053 0.0000e+00
      6.060      0.064     0.1173      1.156     92.503  73.450657     3.9723      6.377   122.9229 1.2563e-01     2.3887      5.944      8.621    14.8526 0.0000e+00
      6.076      0.063     0.1146      1.129     92.681  73.555309     3.9749      6.380   122.5172 1.2563e-01     2.3252      5.960      8.644    14.8091 0.0000e+00
      6.091      0.062     0.1123      1.106     92.833  73.653709     3.9590      6.381   121.8050 1.2563e-01     2.3369      5.973      8.664    14.7675 0.0000e+00
      6.106      0.060     0.1104      1.087     93.058  73.813011     3.9544      6.382   121.0232 1.2565e-01     2.3476      5.987      8.683    14.7245 0.0000e+00
      6.122      0.058     0.1087      1.070     93.192  73.890305     3.9659      6.383   120.2912 1.2562e-01     2.3325      6.004      8.709    14.6943 0.0000e+00
