Data/DataNotYetUploadedToEDI/Raw_CTD/2018_RawDownloads/091718_fcr45.cnv
* Sea-Bird SBE19plus  Data File:
* FileName = C:\DATA\20180917_fcr_0004.hex
* Software version 2.6.3.104 SB_Terminal.dll
* Temperature SN = 7809
* Conductivity SN = 7809
* System UpLoad Time = Sep 17 2018 17:52:11
* <ApplicationData>
* <Seaterm232>
# nquan = 15
# nvalues = 673                         
# units = specified
# name 0 = depFM: Depth [fresh water, m]
# name 1 = dz/dtM: Descent Rate [m/s]
# name 2 = sbeox0Mg/L: Oxygen, SBE 43 [mg/l]
# name 3 = sbeox0PS: Oxygen, SBE 43 [% saturation]
# name 4 = specc: Specific Conductance [uS/cm]
# name 5 = c0uS/cm: Conductivity [uS/cm]
# name 6 = flECO-AFL: Fluorescence, WET Labs ECO-AFL/FL [mg/m^3]
# name 7 = ph: pH
# name 8 = orp: Oxidation Reduction Potential [mV]
# name 9 = par/sat/log: PAR/Logarithmic, Satlantic
# name 10 = turbWETntu0: Turbidity, WET Labs ECO [NTU]
# name 11 = prdM: Pressure, Strain Gauge [db]
# name 12 = prdE: Pressure, Strain Gauge [psi]
# name 13 = tv290C: Temperature [ITS-90, deg C]
# name 14 = flag:  0.000e+00
# span 0 =     -0.599,      7.581       
# span 1 =     -0.168,      0.272       
# span 2 =    -0.0263,     8.3437       
# span 3 =     -0.293,     97.155       
# span 4 =      2.744,    109.566       
# span 5 =   2.625022,  84.149755       
# span 6 =    -0.1755,    13.0606       
# span 7 =      6.277,      7.826       
# span 8 =    64.2990,   392.5628       
# span 9 = 1.2546e-01, 7.0311e+02       
# span 10 =    -0.2709,    18.7824      
# span 11 =     -0.587,      7.435      
# span 12 =     -0.852,     10.783      
# span 13 =    13.3754,    22.9601      
# span 14 = 0.0000e+00, 0.0000e+00      
# interval = seconds: 0.25
# start_time = Sep 17 2018 16:19:45 [Instrument's time stamp, header]
# bad_flag = -9.990e-29
*END*
[from data line 97]
      0.012      0.008     5.7111     66.462     36.391  34.867063     5.1460      7.310   203.0474 3.7917e+02     1.9288      0.012      0.017    22.9025 0.0000e+00
      0.012      0.008     5.6906     66.223     36.392  34.868103     5.1478      7.310   203.2214 3.6424e+02     1.9051      0.011      0.016    22.9017 0.0000e+00
      0.012      0.007     5.6613     65.882     36.366  34.842915     5.1797      7.309   203.4517 3.6145e+02     1.8602      0.010      0.015    22.9010 0.0000e+00
      0.013      0.003     5.6263     65.474     36.339  34.816592     5.2372      7.309   203.5952 3.6800e+02     1.7836      0.012      0.018    22.9005 0.0000e+00
      0.016     -0.003     5.5892     65.040     36.327  34.803907     5.2640      7.308   203.6650 3.7243e+02     1.7415      0.015      0.023    22.9004 0.0000e+00
      0.020     -0.008     5.5520     64.605     36.342  34.816583     5.2649      7.306   203.8657 3.7669e+02     1.7470      0.021      0.030    22.9005 0.0000e+00
      0.019     -0.010     5.5158     64.182     36.370  34.842812     5.2664      7.301   204.2156 3.9159e+02     1.7898      0.023      0.033    22.9000 0.0000e+00
      0.010     -0.002     5.4852     63.827     36.395  34.866960     5.2732      7.292   204.5401 4.1013e+02     1.8927      0.012      0.018    22.8998 0.0000e+00
     -0.003      0.016     5.4660     63.607     36.380  34.854475     5.2821      7.282   204.7771 4.1209e+02     1.9842     -0.006     -0.008    22.8986 0.0000e+00
     -0.008      0.041     5.4592     63.532     36.341  34.818901     5.2818      7.272   204.9299 4.1773e+02     1.9799     -0.015     -0.021    22.8957 0.0000e+00
      0.003      0.067     5.4614     63.557     36.339  34.817955     5.2886      7.265   204.9259 4.2157e+02     1.9328     -0.006     -0.008    22.8937 0.0000e+00
      0.034      0.087     5.4714     63.670     36.368  34.843040     5.4196      7.260   204.7287 3.9212e+02     1.9034      0.028      0.040    22.8947 0.0000e+00
      0.078      0.097     5.4970     63.963     36.397  34.868115     5.6702      7.260   204.5247 3.6054e+02     1.8988      0.079      0.114    22.8977 0.0000e+00
      0.118      0.095     5.5474     64.547     36.398  34.867055     5.8193      7.261   204.4374 3.4684e+02     1.9083      0.122      0.176    22.9011 0.0000e+00
      0.143      0.082     5.6198     65.387     36.360  34.830213     5.8442      7.261   204.3614 3.3844e+02     1.9265      0.145      0.210    22.9029 0.0000e+00
      0.153      0.064     5.7006     66.329     36.332  34.803775     5.8703      7.260   204.3805 3.3177e+02     1.9353      0.152      0.221    22.8990 0.0000e+00
      0.158      0.046     5.7756     67.202     36.330  34.801475     5.9233      7.259   204.5819 3.2938e+02     1.9235      0.154      0.223    22.8936 0.0000e+00
      0.163      0.031     5.8368     67.914     36.330  34.802410     5.9613      7.259   204.7315 3.2894e+02     1.9358      0.158      0.229    22.8910 0.0000e+00
      0.172      0.020     5.8808     68.424     36.344  34.815084     5.9708      7.259   204.7266 3.2793e+02     1.9615      0.168      0.243    22.8904 0.0000e+00
      0.182      0.012     5.9070     68.727     36.358  34.827672     6.0019      7.259   204.9534 3.3243e+02     1.9604      0.180      0.260    22.8912 0.0000e+00
      0.188      0.008     5.9160     68.830     36.359  34.827568     6.0520      7.255   205.5808 3.4255e+02     1.9530      0.189      0.273    22.8918 0.0000e+00
      0.186      0.008     5.9065     68.721     36.344  34.813824     6.0806      7.246   206.1177 3.5692e+02     1.9639      0.186      0.269    22.8924 0.0000e+00
      0.175      0.011     5.8837     68.457     36.317  34.788540     6.0897      7.237   206.1964 3.7071e+02     1.9689      0.171      0.248    22.8915 0.0000e+00
      0.169      0.010     5.8579     68.157     36.303  34.775932     6.0616      7.232   206.1019 3.7383e+02     1.9525      0.160      0.231    22.8891 0.0000e+00
      0.179     -0.002     5.8415     67.965     36.317  34.788417     5.9985      7.231   206.1798 3.7075e+02     1.9493      0.170      0.247    22.8881 0.0000e+00
      0.199     -0.027     5.8439     67.991     36.344  34.812460     5.9606      7.232   206.3638 3.7256e+02     1.9610      0.196      0.286    22.8890 0.0000e+00
      0.211     -0.063     5.8690     68.281     36.345  34.812564     5.9528      7.235   206.6060 3.8447e+02     1.9413      0.216      0.314    22.8907 0.0000e+00
      0.196     -0.107     5.9175     68.844     36.322  34.789674     5.8854      7.236   207.0438 4.1461e+02     1.8642      0.206      0.298    22.8917 0.0000e+00
      0.149     -0.146     5.9818     69.591     36.323  34.789778     5.7438      7.232   207.6133 4.5679e+02     1.7603      0.153      0.222    22.8901 0.0000e+00
      0.083     -0.168     6.0494     70.376     36.348  34.813822     5.6554      7.225   207.8981 5.3446e+02     1.6932      0.081      0.118    22.8875 0.0000e+00
      0.014     -0.164     6.1144     71.129     36.363  34.826308     5.6348      7.220   207.8208 6.2993e+02     1.6938      0.011      0.016    22.8858 0.0000e+00
     -0.043     -0.139     6.1755     71.838     36.351  34.813699     5.4847      7.219   207.7112 6.6378e+02     1.7068     -0.053     -0.076    22.8848 0.0000e+00
     -0.075     -0.102     6.2290     72.460     36.326  34.788405     5.2016      7.220   207.6911 6.5846e+02     1.6969     -0.085     -0.123    22.8845 0.0000e+00
     -0.078     -0.066     6.2673     72.905     36.311  34.774555     5.0426      7.223   207.6634 6.5646e+02     1.6960     -0.080     -0.116    22.8843 0.0000e+00
     -0.071     -0.037     6.2827     73.086     36.308  34.773281     5.0136      7.228   207.5485 6.5829e+02     1.6960     -0.066     -0.096    22.8826 0.0000e+00
     -0.070     -0.018     6.2784     73.037     36.308  34.773011     5.0071      7.231   207.5930 6.6413e+02     1.6966     -0.064     -0.093    22.8804 0.0000e+00
     -0.079     -0.008     6.2628     72.855     36.306  34.771282     5.0832      7.234   207.8566 6.6787e+02     1.7645     -0.075     -0.109    22.8784 0.0000e+00
     -0.089     -0.004     6.2372     72.556     36.287  34.752384     5.2176      7.238   207.8967 6.7149e+02     1.8767     -0.091     -0.131    22.8786 0.0000e+00
     -0.094     -0.001     6.2018     72.143     36.269  34.735070     5.2807      7.239   207.7343 6.7610e+02     1.9242     -0.096     -0.138    22.8807 0.0000e+00
     -0.089      0.003     6.1589     71.644     36.288  34.752497     5.2763      7.239   207.6995 6.7925e+02     1.9407     -0.089     -0.128    22.8814 0.0000e+00
     -0.079      0.007     6.1114     71.091     36.309  34.772541     5.2570      7.239   207.7339 6.7994e+02     1.8947     -0.078     -0.112    22.8808 0.0000e+00
     -0.073      0.008     6.0634     70.533     36.324  34.786858     5.2304      7.239   207.8066 6.8070e+02     1.7640     -0.069     -0.099    22.8801 0.0000e+00
     -0.072      0.007     6.0181     70.005     36.336  34.798563     5.2209      7.239   207.8896 6.8165e+02     1.7025     -0.070     -0.101    22.8795 0.0000e+00
     -0.075      0.006     5.9731     69.483     36.324  34.787029     5.2166      7.240   207.9641 6.8207e+02     1.7006     -0.074     -0.108    22.8792 0.0000e+00
     -0.079      0.006     5.9279     68.958     36.310  34.774431     5.2238      7.242   208.1038 6.8245e+02     1.7116     -0.077     -0.113    22.8790 0.0000e+00
     -0.079      0.008     5.8846     68.454     36.309  34.773286     5.2524      7.243   208.2027 6.8089e+02     1.7441     -0.079     -0.113    22.8788 0.0000e+00
     -0.074      0.011     5.8412     67.948     36.309  34.773182     5.2697      7.245   208.3000 6.7549e+02     1.7568     -0.074     -0.107    22.8788 0.0000e+00
     -0.067      0.012     5.7974     67.438     36.309  34.773172     5.2760      7.245   208.5059 6.7105e+02     1.7433     -0.065     -0.095    22.8788 0.0000e+00
     -0.060      0.010     5.7570     66.968     36.310  34.773171     5.2918      7.244   208.6265 6.7324e+02     1.7642     -0.057     -0.083    22.8791 0.0000e+00
     -0.056      0.006     5.7204     66.542     36.310  34.773170     5.3139      7.243   208.6405 6.7930e+02     1.8574     -0.053     -0.078    22.8795 0.0000e+00
     -0.056      0.003     5.6837     66.115     36.310  34.773155     5.3311      7.243   208.7603 6.8585e+02     1.9238     -0.053     -0.077    22.8794 0.0000e+00
     -0.060      0.003     5.6458     65.675     36.310  34.772999     5.3438      7.243   208.9563 6.9205e+02     1.9263     -0.059     -0.086    22.8791 0.0000e+00
     -0.065      0.005     5.6025     65.171     36.308  34.771281     5.3115      7.240   209.1174 6.9604e+02     1.9185     -0.067     -0.097    22.8786 0.0000e+00
     -0.065      0.008     5.5556     64.625     36.288  34.752383     5.2347      7.237   209.2466 6.9789e+02     1.9206     -0.068     -0.098    22.8782 0.0000e+00
     -0.058      0.010     5.5161     64.165     36.270  34.735060     5.2060      7.236   209.3993 6.9611e+02     1.9509     -0.058     -0.084    22.8784 0.0000e+00
     -0.049      0.010     5.4818     63.765     36.289  34.752381     5.2211      7.238   209.5008 6.8961e+02     1.9800     -0.046     -0.068    22.8787 0.0000e+00
     -0.044      0.008     5.4487     63.380     36.309  34.771264     5.2147      7.240   209.6132 6.8451e+02     1.9677     -0.040     -0.058    22.8788 0.0000e+00
     -0.044      0.005     5.4208     63.056     36.311  34.772812     5.1564      7.241   209.8129 6.8475e+02     1.9246     -0.042     -0.059    22.8787 0.0000e+00
     -0.048      0.001     5.4006     62.821     36.309  34.771094     5.0679      7.243   209.8507 6.8595e+02     1.8852     -0.047     -0.068    22.8778 0.0000e+00
     -0.052     -0.001     5.3888     62.684     36.287  34.750490     5.0274      7.244   209.8119 6.8619e+02     1.8879     -0.053     -0.077    22.8769 0.0000e+00
     -0.052     -0.001     5.3839     62.626     36.249  34.714255     5.0248      7.245   209.9456 6.8598e+02     1.9268     -0.052     -0.075    22.8768 0.0000e+00
     -0.049     -0.002     5.3810     62.592     36.249  34.714089     4.9715      7.246   210.0909 6.8507e+02     1.8978     -0.048     -0.069    22.8770 0.0000e+00
     -0.045     -0.004     5.3735     62.504     36.285  34.748489     4.8798      7.247   210.1051 6.8476e+02     1.7817     -0.043     -0.063    22.8772 0.0000e+00
     -0.044     -0.007     5.3575     62.317     36.287  34.749060     4.8353      7.248   210.1174 6.8585e+02     1.7129     -0.041     -0.060    22.8774 0.0000e+00
     -0.047     -0.011     5.3355     62.062     36.258  34.720997     4.8375      7.250   210.1536 6.8773e+02     1.7377     -0.045     -0.065    22.8773 0.0000e+00
     -0.055     -0.012     5.3139     61.810     36.263  34.726771     4.8699      7.251   210.2855 6.8887e+02     1.8066     -0.052     -0.076    22.8772 0.0000e+00
     -0.063     -0.011     5.2954     61.595     36.292  34.755358     4.9239      7.251   210.6787 6.8902e+02     1.8751     -0.063     -0.093    22.8766 0.0000e+00
     -0.067     -0.009     5.2794     61.410     36.286  34.749045     4.9479      7.251   211.0360 6.8952e+02     1.8947     -0.069     -0.100    22.8761 0.0000e+00
     -0.066     -0.006     5.2660     61.254     36.249  34.713968     4.9493      7.250   211.0782 6.8950e+02     1.8909     -0.066     -0.095    22.8761 0.0000e+00
     -0.063     -0.003     5.2549     61.124     36.248  34.712353     4.9393      7.250   211.0175 6.8841e+02     1.9209     -0.061     -0.090    22.8762 0.0000e+00
     -0.062     -0.001     5.2452     61.011     36.266  34.729517     4.9099      7.250   210.9899 6.8762e+02     1.9519     -0.058     -0.085    22.8767 0.0000e+00
     -0.062      0.001     5.2375     60.922     36.268  34.730936     4.8978      7.250   211.0889 6.8715e+02     1.9601     -0.060     -0.087    22.8768 0.0000e+00
     -0.066      0.001     5.2330     60.869     36.266  34.729506     4.9031      7.250   211.3544 6.8776e+02     1.9599     -0.065     -0.095    22.8765 0.0000e+00
     -0.068      0.001     5.2323     60.862     36.248  34.712235     4.9006      7.248   211.6185 6.8958e+02     1.9494     -0.069     -0.100    22.8758 0.0000e+00
     -0.067      0.001     5.2357     60.901     36.248  34.712666     4.8951      7.245   211.7872 6.9117e+02     1.9549     -0.067     -0.097    22.8754 0.0000e+00
     -0.062     -0.000     5.2404     60.955     36.271  34.734717     4.8914      7.245   211.8450 6.9160e+02     1.9646     -0.060     -0.087    22.8756 0.0000e+00
     -0.059     -0.002     5.2436     60.992     36.261  34.724776     4.8931      7.245   211.8874 6.9134e+02     1.9453     -0.056     -0.081    22.8757 0.0000e+00
     -0.059     -0.002     5.2456     61.017     36.256  34.719504     4.8968      7.245   212.0417 6.9179e+02     1.9039     -0.057     -0.081    22.8759 0.0000e+00
     -0.065     -0.001     5.2510     61.080     36.272  34.734497     4.9085      7.245   212.2481 6.9291e+02     1.8918     -0.063     -0.091    22.8760 0.0000e+00
     -0.071      0.001     5.2631     61.220     36.318  34.779018     4.9339      7.244   212.4036 6.9364e+02     1.9211     -0.071     -0.103    22.8759 0.0000e+00
     -0.072      0.004     5.2814     61.436     36.418  34.876690     4.9462      7.242   212.5459 6.9336e+02     1.9223     -0.074     -0.107    22.8755 0.0000e+00
     -0.068      0.008     5.3192     61.891     36.498  34.962652     4.9474      7.242   212.6776 6.9266e+02     1.9070     -0.067     -0.098    22.8756 0.0000e+00
     -0.060      0.010     5.4200     63.089     36.513  34.992635     4.9673      7.243   212.7916 6.9239e+02     1.9191     -0.057     -0.083    22.8756 0.0000e+00
     -0.053      0.010     5.6290     65.543     36.492  34.985146     5.0018      7.244   212.8914 6.9215e+02     1.9462     -0.050     -0.073    22.8758 0.0000e+00
     -0.051      0.008     5.9372     69.146     36.499  34.999163     5.0253      7.244   212.9383 6.9182e+02     1.9593     -0.048     -0.069    22.8759 0.0000e+00
     -0.051      0.003     6.2904     73.268     36.532  35.035091     5.0206      7.243   213.0142 6.9255e+02     1.9559     -0.049     -0.071    22.8876 0.0000e+00
     -0.054     -0.002     6.6384     77.325     36.533  35.038434     4.9636      7.242   213.1210 6.9437e+02     1.9048     -0.053     -0.078    22.9136 0.0000e+00
     -0.057     -0.008     6.9484     80.938     36.533  35.039580     4.8800      7.243   213.1970 6.9535e+02     1.7994     -0.056     -0.081    22.9328 0.0000e+00
     -0.057     -0.015     7.1989     83.858     36.542  35.048944     4.8454      7.244   213.3307 6.9518e+02     1.7493     -0.055     -0.080    22.9422 0.0000e+00
     -0.057     -0.020     7.3740     85.901     36.515  35.024616     4.8479      7.244   213.5329 6.9712e+02     1.7577     -0.054     -0.079    22.9480 0.0000e+00
     -0.062     -0.021     7.4681     87.001     36.487  34.999513     4.8557      7.241   213.8347 7.0012e+02     1.7786     -0.057     -0.082    22.9502 0.0000e+00
     -0.074     -0.017     7.4911     87.272     36.486  34.999512     4.8758      7.236   214.1412 6.9835e+02     1.8501     -0.072     -0.103    22.9510 0.0000e+00
     -0.088     -0.009     7.4670     86.992     36.511  35.024605     4.8879      7.228   214.3127 6.9491e+02     1.9194     -0.091     -0.131    22.9515 0.0000e+00
     -0.093     -0.003     7.4223     86.469     36.538  35.048830     4.8917      7.221   214.4459 6.9546e+02     1.9450     -0.097     -0.140    22.9532 0.0000e+00
     -0.087      0.001     7.3725     85.885     36.528  35.038330     4.9132      7.219   214.4610 6.9603e+02     1.9468     -0.087     -0.126    22.9563 0.0000e+00
