Data/DataNotYetUploadedToEDI/Raw_CTD/2018_RawDownloads/091718_fcr45.cnv
* Sea-Bird SBE19plus  Data File:
* FileName = C:\DATA\20180917_fcr_0004.hex
* Software version 2.6.3.104 SB_Terminal.dll
* Temperature SN = 7809
* Conductivity SN = 7809
* System UpLoad Time = Sep 17 2018 17:52:11
* <ApplicationData>
* <Seaterm232>
# nquan = 15
# nvalues = 673                         
# units = specified
# name 0 = depFM: Depth [fresh water, m]
# name 1 = dz/dtM: Descent Rate [m/s]
# name 2 = sbeox0Mg/L: Oxygen, SBE 43 [mg/l]
# name 3 = sbeox0PS: Oxygen, SBE 43 [% saturation]
# name 4 = specc: Specific Conductance [uS/cm]
# name 5 = c0uS/cm: Conductivity [uS/cm]
# name 6 = flECO-AFL: Fluorescence, WET Labs ECO-AFL/FL [mg/m^3]
# name 7 = ph: pH
# name 8 = orp: Oxidation Reduction Potential [mV]
# name 9 = par/sat/log: PAR/Logarithmic, Satlantic
# name 10 = turbWETntu0: Turbidity, WET Labs ECO [NTU]
# name 11 = prdM: Pressure, Strain Gauge [db]
# name 12 = prdE: Pressure, Strain Gauge [psi]
# name 13 = tv290C: Temperature [ITS-90, deg C]
# name 14 = flag:  0.000e+00
# span 0 =     -0.599,      7.581       
# span 1 =     -0.168,      0.272       
# span 2 =    -0.0263,     8.3437       
# span 3 =     -0.293,     97.155       
# span 4 =      2.744,    109.566       
# span 5 =   2.625022,  84.149755       
# span 6 =    -0.1755,    13.0606       
# span 7 =      6.277,      7.826       
# span 8 =    64.2990,   392.5628       
# span 9 = 1.2546e-01, 7.0311e+02       
# span 10 =    -0.2709,    18.7824      
# span 11 =     -0.587,      7.435      
# span 12 =     -0.852,     10.783      
# span 13 =    13.3754,    22.9601      
# span 14 = 0.0000e+00, 0.0000e+00      
# interval = seconds: 0.25
# start_time = Sep 17 2018 16:19:45 [Instrument's time stamp, header]
# bad_flag = -9.990e-29
*END*
[from data line 193]
     -0.063     -0.001     7.2834     84.844     36.502  35.010954     4.9655      7.222   214.6034 6.9713e+02     1.8956     -0.056     -0.081    22.9601 0.0000e+00
     -0.067     -0.002     7.2447     84.391     36.490  34.999292     4.9756      7.222   215.0786 6.9804e+02     1.9270     -0.060     -0.087    22.9571 0.0000e+00
     -0.081      0.001     7.2104     83.989     36.503  35.010727     4.9752      7.217   215.5095 6.9606e+02     1.9235     -0.081     -0.118    22.9543 0.0000e+00
     -0.094      0.008     7.1836     83.673     36.518  35.022171     5.0256      7.210   215.5970 6.8664e+02     1.8829     -0.096     -0.140    22.9534 0.0000e+00
     -0.095      0.018     7.1626     83.423     36.508  35.010613     5.1433      7.205   215.4481 6.7509e+02     1.8935     -0.100     -0.145    22.9523 0.0000e+00
     -0.080      0.024     7.1476     83.246     36.496  34.998023     5.2039      7.205   215.3451 6.7729e+02     1.9608     -0.083     -0.120    22.9518 0.0000e+00
     -0.055      0.024     7.1389     83.143     36.495  34.996982     5.1972      7.208   215.3837 6.8241e+02     1.9941     -0.051     -0.073    22.9512 0.0000e+00
     -0.038      0.015     7.1327     83.071     36.496  34.998023     5.1545      7.213   215.4846 6.8030e+02     1.9309     -0.030     -0.045    22.9476 0.0000e+00
     -0.036      0.003     7.1287     83.025     36.509  35.010613     5.0732      7.217   215.5324 6.8477e+02     1.8067     -0.030     -0.043    22.9435 0.0000e+00
     -0.048     -0.009     7.1267     83.005     36.520  35.022161     5.0233      7.219   215.6176 6.9596e+02     1.7437     -0.044     -0.064    22.9422 0.0000e+00
     -0.066     -0.014     7.1257     82.993     36.508  35.010613     5.0193      7.219   215.8258 7.0311e+02     1.7494     -0.067     -0.098    22.9419 0.0000e+00
     -0.077     -0.012     7.1272     83.010     36.495  34.998022     5.0806      7.218   215.9850 7.0217e+02     1.8142     -0.082     -0.118    22.9416 0.0000e+00
     -0.077     -0.003     7.1307     83.050     36.494  34.996972     5.1947      7.217   216.0795 6.9444e+02     1.9166     -0.080     -0.115    22.9426 0.0000e+00
     -0.068      0.010     7.1304     83.046     36.495  34.997907     5.2590      7.218   216.1087 6.8729e+02     1.9499     -0.066     -0.096    22.9445 0.0000e+00
     -0.058      0.021     7.1237     82.969     36.507  35.009331     5.2796      7.218   216.0798 6.8914e+02     1.9419     -0.055     -0.079    22.9449 0.0000e+00
     -0.052      0.029     7.1154     82.874     36.505  35.008062     5.3794      7.219   216.1603 6.9428e+02     2.0036     -0.050     -0.073    22.9439 0.0000e+00
     -0.049      0.036     7.1071     82.775     36.479  34.982560     5.5550      7.220   216.2222 6.9432e+02     2.1162     -0.049     -0.071    22.9432 0.0000e+00
     -0.042      0.043     7.0983     82.661     36.455  34.955061     5.6484      7.220   216.0537 6.7282e+02     2.1432     -0.044     -0.064    22.9429 0.0000e+00
     -0.031      0.053     7.0924     82.572     36.439  34.929653     5.6537      7.219   215.8429 6.3218e+02     2.1169     -0.031     -0.046    22.9437 0.0000e+00
     -0.015      0.065     7.0899     82.521     36.450  34.929418     5.7106      7.217   215.8253 5.9881e+02     2.1331     -0.017     -0.024    22.9442 0.0000e+00
      0.005      0.076     7.0907     82.511     36.483  34.952202     5.8308      7.214   215.9260 5.6199e+02     2.1567      0.003      0.004    22.9448 0.0000e+00
      0.028      0.083     7.0956     82.548     36.491  34.951037     5.9036      7.211   215.8563 5.2326e+02     2.1583      0.028      0.041    22.9396 0.0000e+00
      0.052      0.088     7.1021     82.597     36.466  34.915332     5.9115      7.209   215.5848 5.0323e+02     2.1218      0.051      0.073    22.9239 0.0000e+00
      0.075      0.089     7.1091     82.651     36.466  34.901588     5.9073      7.209   215.4825 4.9308e+02     2.0811      0.074      0.107    22.9073 0.0000e+00
      0.099      0.086     7.1166     82.716     36.487  34.911879     5.9168      7.210   215.6525 4.8079e+02     2.0935      0.098      0.143    22.8962 0.0000e+00
      0.122      0.080     7.1217     82.761     36.495  34.912713     5.9440      7.211   215.8335 4.6529e+02     2.1199      0.120      0.174    22.8868 0.0000e+00
      0.142      0.073     7.1201     82.733     36.498  34.911653     5.9606      7.212   215.8630 4.4955e+02     2.1251      0.139      0.202    22.8688 0.0000e+00
      0.161      0.064     7.1119     82.637     36.486  34.899061     5.9613      7.213   215.8376 4.3914e+02     2.1252      0.157      0.229    22.8473 0.0000e+00
      0.176      0.057     7.1023     82.527     36.473  34.887503     5.9800      7.214   215.8705 4.3211e+02     2.0913      0.174      0.252    22.8333 0.0000e+00
      0.188      0.052     7.0925     82.416     36.484  34.898947     6.0216      7.212   216.0032 4.2328e+02     2.0201      0.185      0.269    22.8252 0.0000e+00
      0.197      0.049     7.0834     82.311     36.495  34.910391     6.0503      7.210   216.2367 4.1790e+02     1.9664      0.192      0.279    22.8197 0.0000e+00
      0.206      0.047     7.0776     82.241     36.484  34.898833     6.0513      7.208   216.4575 4.1210e+02     1.9613      0.201      0.291    22.8188 0.0000e+00
      0.219      0.045     7.0761     82.221     36.473  34.886243     6.0973      7.207   216.6072 4.0164e+02     2.0185      0.214      0.310    22.8214 0.0000e+00
      0.234      0.045     7.0782     82.241     36.474  34.885193     6.2119      7.206   216.8426 3.9357e+02     2.0785      0.230      0.334    22.8231 0.0000e+00
      0.248      0.046     7.0800     82.258     36.476  34.886128     6.2788      7.204   217.3250 3.8774e+02     2.1068      0.245      0.355    22.8233 0.0000e+00
      0.258      0.048     7.0794     82.247     36.490  34.897551     6.2808      7.199   218.0516 3.8254e+02     2.1478      0.254      0.369    22.8222 0.0000e+00
      0.265      0.053     7.0793     82.238     36.493  34.896273     6.3198      7.192   218.8301 3.7745e+02     2.1465      0.259      0.376    22.8199 0.0000e+00
      0.275      0.058     7.0802     82.236     36.473  34.870668     6.4011      7.187   219.5108 3.6942e+02     2.1213      0.267      0.386    22.8169 0.0000e+00
      0.292      0.063     7.0790     82.207     36.450  34.842025     6.4461      7.182   220.0875 3.5841e+02     2.1488      0.285      0.413    22.8156 0.0000e+00
      0.312      0.068     7.0754     82.147     36.419  34.804028     6.4592      7.177   220.3828 3.4622e+02     2.1742      0.306      0.443    22.8136 0.0000e+00
      0.335      0.067     7.0677     82.041     36.415  34.792356     6.5128      7.176   220.4139 3.3460e+02     2.1529      0.329      0.477    22.8075 0.0000e+00
      0.356      0.061     7.0530     81.862     36.456  34.827928     6.6074      7.177   220.4632 3.2465e+02     2.1052      0.351      0.509    22.7992 0.0000e+00
      0.374      0.051     7.0325     81.622     36.483  34.853001     6.6662      7.181   220.6342 3.1745e+02     2.0856      0.369      0.535    22.7900 0.0000e+00
      0.385      0.044     7.0085     81.344     36.470  34.841431     6.6721      7.185   220.9332 3.1456e+02     2.0984      0.381      0.552    22.7778 0.0000e+00
      0.388      0.041     6.9835     81.053     36.443  34.815074     6.6691      7.186   221.3249 3.1447e+02     2.1082      0.382      0.554    22.7656 0.0000e+00
      0.388      0.043     6.9601     80.777     36.418  34.788395     6.7224      7.185   221.6713 3.1350e+02     2.0514      0.377      0.548    22.7590 0.0000e+00
      0.396      0.046     6.9401     80.537     36.406  34.772933     6.8293      7.182   221.8523 3.0853e+02     1.9305      0.383      0.557    22.7595 0.0000e+00
      0.413      0.050     6.9234     80.337     36.391  34.755161     6.8957      7.180   221.8775 2.9877e+02     1.8975      0.404      0.585    22.7626 0.0000e+00
      0.436      0.052     6.9082     80.155     36.402  34.764066     6.9185      7.181   221.9758 2.8865e+02     1.9273      0.429      0.622    22.7618 0.0000e+00
      0.456      0.050     6.8937     79.985     36.459  34.817076     6.9396      7.184   222.2669 2.8174e+02     1.9245      0.450      0.653    22.7576 0.0000e+00
      0.469      0.044     6.8817     79.846     36.467  34.824424     6.9583      7.187   222.4721 2.7734e+02     1.9241      0.462      0.670    22.7524 0.0000e+00
      0.475      0.039     6.8765     79.787     36.429  34.789394     6.9691      7.190   222.6498 2.7453e+02     1.9224      0.466      0.676    22.7473 0.0000e+00
      0.477      0.038     6.8796     79.822     36.414  34.774644     6.9781      7.192   223.0378 2.7148e+02     1.9347      0.467      0.677    22.7442 0.0000e+00
      0.480      0.043     6.8875     79.910     36.414  34.773132     6.9761      7.191   223.3788 2.6639e+02     1.9507      0.469      0.681    22.7426 0.0000e+00
      0.490      0.050     6.8980     80.027     36.414  34.771110     6.9540      7.189   223.5025 2.5834e+02     1.9341      0.476      0.691    22.7425 0.0000e+00
      0.508      0.058     6.9103     80.166     36.394  34.750195     6.9311      7.188   223.6730 2.4819e+02     1.9161      0.495      0.718    22.7443 0.0000e+00
      0.533      0.066     6.9208     80.287     36.354  34.710803     6.9104      7.186   224.2365 2.3932e+02     1.9166      0.524      0.760    22.7446 0.0000e+00
      0.553      0.075     6.9278     80.365     36.319  34.675931     6.8229      7.180   225.0668 2.3376e+02     1.9399      0.546      0.792    22.7418 0.0000e+00
      0.567      0.087     6.9338     80.430     36.290  34.646156     6.6738      7.171   225.7111 2.2979e+02     1.9536      0.556      0.807    22.7374 0.0000e+00
      0.582      0.101     6.9390     80.480     36.252  34.604868     6.5953      7.161   226.0904 2.2440e+02     1.9301      0.568      0.824    22.7355 0.0000e+00
      0.603      0.115     6.9420     80.495     36.212  34.557828     6.5821      7.155   226.2104 2.1503e+02     1.9004      0.587      0.851    22.7351 0.0000e+00
      0.638      0.125     6.9449     80.505     36.187  34.522017     6.4677      7.153   226.0437 2.0198e+02     1.9294      0.622      0.901    22.7330 0.0000e+00
      0.683      0.130     6.9456     80.491     36.163  34.489451     6.2596      7.154   225.8814 1.8868e+02     2.0368      0.671      0.973    22.7317 0.0000e+00
      0.729      0.125     6.9399     80.410     36.163  34.481656     6.1530      7.156   225.8832 1.7761e+02     2.1313      0.717      1.040    22.7261 0.0000e+00
      0.766      0.110     6.9280     80.260     36.178  34.491280     6.1440      7.157   225.8932 1.7008e+02     2.1561      0.756      1.096    22.7122 0.0000e+00
      0.791      0.093     6.9120     80.070     36.167  34.478771     6.1315      7.158   226.0891 1.6593e+02     2.1229      0.780      1.131    22.6934 0.0000e+00
      0.805      0.080     6.8940     79.859     36.146  34.457444     6.0574      7.153   226.7884 1.6361e+02     2.0960      0.791      1.147    22.6791 0.0000e+00
      0.812      0.079     6.8766     79.654     36.113  34.423962     5.9281      7.143   227.5517 1.6154e+02     2.1362      0.796      1.154    22.6700 0.0000e+00
      0.820      0.088     6.8610     79.462     36.084  34.391530     5.8541      7.136   227.8323 1.5760e+02     2.1816      0.800      1.161    22.6618 0.0000e+00
      0.839      0.102     6.8464     79.278     36.083  34.382896     5.8251      7.131   227.8586 1.5032e+02     2.1565      0.816      1.184    22.6587 0.0000e+00
      0.875      0.114     6.8327     79.108     36.088  34.383083     5.6968      7.128   227.8700 1.4072e+02     2.1072      0.854      1.238    22.6590 0.0000e+00
      0.920      0.121     6.8176     78.928     36.102  34.393779     5.4706      7.127   227.8837 1.3186e+02     2.1042      0.905      1.312    22.6581 0.0000e+00
      0.963      0.120     6.8001     78.724     36.094  34.385172     5.3409      7.127   228.1103 1.2562e+02     2.1204      0.949      1.376    22.6500 0.0000e+00
      0.994      0.113     6.7822     78.516     36.049  34.342535     5.3144      7.126   228.4589 1.2172e+02     2.1202      0.979      1.419    22.6378 0.0000e+00
      1.015      0.101     6.7665     78.334     36.029  34.322893     5.1222      7.124   228.7429 1.1930e+02     2.1321      0.997      1.447    22.6302 0.0000e+00
      1.030      0.089     6.7551     78.200     36.047  34.338237     4.7627      7.122   228.9628 1.1707e+02     2.1725      1.009      1.464    22.6271 0.0000e+00
      1.048      0.082     6.7512     78.152     36.047  34.337499     4.5617      7.120   229.0525 1.1383e+02     2.2119      1.025      1.487    22.6270 0.0000e+00
      1.071      0.080     6.7564     78.211     36.023  34.313966     4.5392      7.118   229.1395 1.1018e+02     2.2420      1.051      1.524    22.6280 0.0000e+00
      1.095      0.080     6.7654     78.314     36.017  34.307774     4.5187      7.116   229.3263 1.0723e+02     2.3239      1.075      1.561    22.6272 0.0000e+00
      1.115      0.083     6.7732     78.402     36.037  34.326147     4.4792      7.112   229.6762 1.0466e+02     2.4387      1.094      1.587    22.6249 0.0000e+00
      1.134      0.088     6.7810     78.492     36.058  34.345557     4.4565      7.109   230.1006 1.0208e+02     2.4706      1.112      1.612    22.6228 0.0000e+00
      1.154      0.095     6.7886     78.581     36.064  34.351899     4.4559      7.105   230.2419 9.9352e+01     2.4650      1.133      1.642    22.6216 0.0000e+00
      1.176      0.101     6.7941     78.644     36.052  34.339309     4.4714      7.103   230.1799 9.6172e+01     2.4937      1.152      1.670    22.6209 0.0000e+00
      1.203      0.102     6.7971     78.677     36.032  34.320369     4.5074      7.102   230.1262 9.1959e+01     2.5121      1.175      1.705    22.6203 0.0000e+00
      1.238      0.096     6.7991     78.700     36.025  34.313446     4.5323      7.103   230.0220 8.7163e+01     2.5350      1.213      1.759    22.6204 0.0000e+00
      1.273      0.083     6.8008     78.719     36.031  34.319124     4.5234      7.105   229.9527 8.3633e+01     2.5564      1.253      1.818    22.6206 0.0000e+00
      1.297      0.066     6.8011     78.724     36.037  34.325509     4.5101      7.107   229.9762 8.1952e+01     2.5271      1.278      1.852    22.6201 0.0000e+00
      1.308      0.051     6.8000     78.714     36.038  34.327121     4.5092      7.107   230.2210 8.1517e+01     2.4547      1.286      1.865    22.6192 0.0000e+00
      1.309      0.043     6.7964     78.674     36.049  34.338616     4.4944      7.105   230.6754 8.1616e+01     2.3523      1.285      1.864    22.6188 0.0000e+00
      1.306      0.044     6.7916     78.621     36.047  34.337466     4.4689      7.100   230.9955 8.1248e+01     2.2664      1.280      1.856    22.6186 0.0000e+00
      1.309      0.055     6.7875     78.572     36.022  34.313214     4.4587      7.095   231.1670 7.9588e+01     2.2397      1.278      1.854    22.6194 0.0000e+00
      1.326      0.072     6.7839     78.527     36.009  34.299461     4.4353      7.091   231.2860 7.6471e+01     2.3047      1.294      1.877    22.6209 0.0000e+00
      1.356      0.087     6.7827     78.506     36.011  34.298212     4.3788      7.087   231.3153 7.2879e+01     2.4103      1.328      1.927    22.6225 0.0000e+00
      1.389      0.096     6.7837     78.510     36.014  34.298108     4.3364      7.085   231.2628 6.9924e+01     2.4491      1.364      1.978    22.6237 0.0000e+00
      1.419      0.097     6.7830     78.497     36.017  34.298203     4.3273      7.084   231.2534 6.7625e+01     2.4686      1.393      2.021    22.6234 0.0000e+00
      1.444      0.090     6.7781     78.438     36.019  34.299348     4.3048      7.085   231.2884 6.5808e+01     2.4929      1.418      2.057    22.6212 0.0000e+00
