Data/DataNotYetUploadedToEDI/Raw_CTD/2018_RawDownloads/091718_fcr45.cnv
* Sea-Bird SBE19plus  Data File:
* FileName = C:\DATA\20180917_fcr_0004.hex
* Software version 2.6.3.104 SB_Terminal.dll
* Temperature SN = 7809
* Conductivity SN = 7809
* System UpLoad Time = Sep 17 2018 17:52:11
* <ApplicationData>
* <Seaterm232>
# nquan = 15
# nvalues = 673                         
# units = specified
# name 0 = depFM: Depth [fresh water, m]
# name 1 = dz/dtM: Descent Rate [m/s]
# name 2 = sbeox0Mg/L: Oxygen, SBE 43 [mg/l]
# name 3 = sbeox0PS: Oxygen, SBE 43 [% saturation]
# name 4 = specc: Specific Conductance [uS/cm]
# name 5 = c0uS/cm: Conductivity [uS/cm]
# name 6 = flECO-AFL: Fluorescence, WET Labs ECO-AFL/FL [mg/m^3]
# name 7 = ph: pH
# name 8 = orp: Oxidation Reduction Potential [mV]
# name 9 = par/sat/log: PAR/Logarithmic, Satlantic
# name 10 = turbWETntu0: Turbidity, WET Labs ECO [NTU]
# name 11 = prdM: Pressure, Strain Gauge [db]
# name 12 = prdE: Pressure, Strain Gauge [psi]
# name 13 = tv290C: Temperature [ITS-90, deg C]
# name 14 = flag:  0.000e+00
# span 0 =     -0.599,      7.581       
# span 1 =     -0.168,      0.272       
# span 2 =    -0.0263,     8.3437       
# span 3 =     -0.293,     97.155       
# span 4 =      2.744,    109.566       
# span 5 =   2.625022,  84.149755       
# span 6 =    -0.1755,    13.0606       
# span 7 =      6.277,      7.826       
# span 8 =    64.2990,   392.5628       
# span 9 = 1.2546e-01, 7.0311e+02       
# span 10 =    -0.2709,    18.7824      
# span 11 =     -0.587,      7.435      
# span 12 =     -0.852,     10.783      
# span 13 =    13.3754,    22.9601      
# span 14 = 0.0000e+00, 0.0000e+00      
# interval = seconds: 0.25
# start_time = Sep 17 2018 16:19:45 [Instrument's time stamp, header]
# bad_flag = -9.990e-29
*END*
[from data line 290]
      1.481      0.071     6.7580     78.199     36.048  34.323495     4.2247      7.090   231.1930 6.3451e+01     2.4825      1.453      2.108    22.6107 0.0000e+00
      1.493      0.065     6.7440     78.027     36.041  34.311947     4.2102      7.092   231.1433 6.2384e+01     2.4455      1.464      2.124    22.6069 0.0000e+00
      1.507      0.061     6.7290     77.836     36.037  34.299351     4.2212      7.093   231.1692 6.1061e+01     2.4485      1.477      2.142    22.6066 0.0000e+00
      1.525      0.059     6.7105     77.604     36.045  34.298218     4.2563      7.094   231.2483 5.9526e+01     2.4883      1.495      2.168    22.6059 0.0000e+00
      1.544      0.057     6.6860     77.309     36.050  34.298229     4.2853      7.095   231.3254 5.8162e+01     2.5297      1.515      2.197    22.6043 0.0000e+00
      1.559      0.057     6.6555     76.952     36.054  34.299480     4.2967      7.096   231.4136 5.7093e+01     2.5520      1.530      2.219    22.5980 0.0000e+00
      1.571      0.058     6.6206     76.545     36.071  34.313338     4.2840      7.096   231.5401 5.6130e+01     2.5440      1.540      2.234    22.5842 0.0000e+00
      1.582      0.060     6.5841     76.116     36.101  34.338752     4.2693      7.094   231.7358 5.5114e+01     2.5255      1.551      2.250    22.5703 0.0000e+00
      1.595      0.062     6.5503     75.717     36.120  34.352676     4.2746      7.091   231.8864 5.3816e+01     2.5115      1.562      2.266    22.5621 0.0000e+00
      1.612      0.063     6.5210     75.373     36.126  34.354644     4.2755      7.088   231.9851 5.2256e+01     2.4955      1.579      2.290    22.5610 0.0000e+00
      1.634      0.062     6.4948     75.067     36.136  34.362547     4.2614      7.086   232.1551 5.0782e+01     2.4853      1.603      2.325    22.5601 0.0000e+00
      1.655      0.059     6.4702     74.782     36.159  34.384710     4.2139      7.083   232.3064 4.9667e+01     2.4795      1.625      2.357    22.5535 0.0000e+00
      1.669      0.054     6.4467     74.509     36.210  34.432062     4.1339      7.081   232.3529 4.9006e+01     2.4562      1.640      2.378    22.5470 0.0000e+00
      1.678      0.049     6.4258     74.257     36.277  34.490441     4.0925      7.080   232.4584 4.8530e+01     2.4482      1.646      2.387    22.5426 0.0000e+00
      1.686      0.045     6.4080     74.033     36.316  34.518888     4.0909      7.078   232.6361 4.7905e+01     2.4741      1.652      2.396    22.5396 0.0000e+00
      1.696      0.044     6.3884     73.785     36.331  34.521930     4.1053      7.076   232.7798 4.7131e+01     2.5862      1.663      2.411    22.5414 0.0000e+00
      1.708      0.046     6.3543     73.369     36.349  34.527207     4.1375      7.074   232.9915 4.6277e+01     2.7663      1.676      2.429    22.5424 0.0000e+00
      1.722      0.051     6.2975     72.690     36.353  34.519156     4.1500      7.071   233.2179 4.5423e+01     2.8817      1.688      2.448    22.5343 0.0000e+00
      1.735      0.054     6.2253     71.837     36.332  34.488086     4.1457      7.069   233.3658 4.4548e+01     2.9130      1.700      2.466    22.5202 0.0000e+00
      1.749      0.055     6.1481     70.932     36.320  34.469127     4.1597      7.067   233.4884 4.3617e+01     2.8997      1.714      2.487    22.5042 0.0000e+00
      1.765      0.055     6.0701     70.022     36.337  34.480466     4.1896      7.065   233.4963 4.2690e+01     2.9044      1.730      2.509    22.4888 0.0000e+00
      1.780      0.054     5.9936     69.132     36.360  34.498139     4.2128      7.063   233.5463 4.1837e+01     2.9393      1.747      2.533    22.4720 0.0000e+00
      1.794      0.053     5.9228     68.309     36.358  34.492246     4.2202      7.059   233.7491 4.1125e+01     2.9554      1.761      2.554    22.4556 0.0000e+00
      1.806      0.053     5.8661     67.649     36.341  34.472727     4.2327      7.054   233.8837 4.0493e+01     2.9465      1.771      2.569    22.4448 0.0000e+00
      1.818      0.056     5.8295     67.219     36.324  34.452689     4.2543      7.049   234.1417 3.9914e+01     2.9233      1.783      2.586    22.4386 0.0000e+00
      1.829      0.062     5.8121     67.008     36.317  34.440517     4.2613      7.043   234.6309 3.9247e+01     2.9185      1.793      2.600    22.4346 0.0000e+00
      1.844      0.069     5.8091     66.963     36.337  34.452590     4.2709      7.036   234.9805 3.8307e+01     2.9502      1.806      2.619    22.4292 0.0000e+00
      1.863      0.074     5.8142     67.010     36.363  34.471605     4.3339      7.029   235.0991 3.7176e+01     3.0022      1.825      2.648    22.4240 0.0000e+00
      1.887      0.075     5.8218     67.089     36.377  34.479863     4.4340      7.024   235.1189 3.5886e+01     3.0585      1.848      2.681    22.4193 0.0000e+00
      1.913      0.071     5.8286     67.163     36.389  34.488909     4.4800      7.019   235.1335 3.4663e+01     3.0807      1.877      2.723    22.4114 0.0000e+00
      1.936      0.064     5.8313     67.195     36.419  34.517463     4.4677      7.016   235.1892 3.3949e+01     3.0877      1.902      2.761    22.4020 0.0000e+00
      1.949      0.056     5.8280     67.155     36.544  34.634557     4.4602      7.015   235.2771 3.3674e+01     3.1133      1.913      2.776    22.3929 0.0000e+00
      1.955      0.050     5.8205     67.063     36.748  34.824843     4.4523      7.014   235.5086 3.3394e+01     3.1155      1.916      2.778    22.3849 0.0000e+00
      1.961      0.048     5.8124     66.960     36.846  34.912620     4.4283      7.011   235.7510 3.2964e+01     3.1140      1.922      2.788    22.3826 0.0000e+00
      1.971      0.049     5.7991     66.798     36.808  34.870100     4.4078      7.007   235.7985 3.2429e+01     3.1563      1.932      2.803    22.3838 0.0000e+00
      1.985      0.054     5.7658     66.405     36.759  34.818884     4.3977      7.003   235.8248 3.1734e+01     3.1996      1.946      2.822    22.3837 0.0000e+00
      2.002      0.059     5.6994     65.630     36.747  34.801525     4.3982      6.999   235.8964 3.0957e+01     3.2415      1.963      2.848    22.3806 0.0000e+00
      2.021      0.061     5.6016     64.491     36.740  34.787246     4.4050      6.996   235.9754 3.0237e+01     3.2965      1.982      2.876    22.3711 0.0000e+00
      2.039      0.059     5.4881     63.175     36.731  34.773262     4.3977      6.992   236.0926 2.9597e+01     3.3150      2.000      2.901    22.3616 0.0000e+00
      2.054      0.056     5.3780     61.900     36.721  34.759481     4.3832      6.988   236.2803 2.9059e+01     3.3126      2.016      2.923    22.3570 0.0000e+00
      2.067      0.055     5.2861     60.838     36.712  34.747655     4.3032      6.981   236.6102 2.8665e+01     3.3894      2.029      2.942    22.3488 0.0000e+00
      2.077      0.057     5.2212     60.088     36.725  34.757306     4.1381      6.972   237.0697 2.8333e+01     3.5108      2.037      2.954    22.3366 0.0000e+00
      2.087      0.062     5.1875     59.695     36.719  34.749131     4.0315      6.962   237.5353 2.7861e+01     3.5293      2.045      2.966    22.3280 0.0000e+00
      2.102      0.069     5.1857     59.670     36.683  34.712321     4.0166      6.951   237.8520 2.7159e+01     3.4908      2.059      2.986    22.3234 0.0000e+00
      2.122      0.077     5.2096     59.938     36.668  34.693356     4.0504      6.941   238.1451 2.6328e+01     3.3511      2.080      3.017    22.3197 0.0000e+00
      2.146      0.083     5.2456     60.344     36.691  34.710376     4.1174      6.933   238.4119 2.5493e+01     3.0914      2.105      3.053    22.3161 0.0000e+00
      2.171      0.085     5.2823     60.759     36.714  34.727545     4.1561      6.928   238.4108 2.4694e+01     2.9752      2.129      3.088    22.3131 0.0000e+00
      2.196      0.082     5.3151     61.134     36.697  34.710379     4.1412      6.924   238.3031 2.3960e+01     2.9838      2.154      3.124    22.3094 0.0000e+00
      2.218      0.076     5.3413     61.436     36.679  34.693369     4.0015      6.920   238.4009 2.3370e+01     3.1038      2.176      3.158    22.3027 0.0000e+00
      2.236      0.071     5.3596     61.645     36.700  34.712440     3.7726      6.916   238.7319 2.2951e+01     3.3890      2.195      3.184    22.2948 0.0000e+00
      2.250      0.068     5.3705     61.764     36.745  34.750405     3.6523      6.911   239.1223 2.2625e+01     3.5640      2.208      3.202    22.2884 0.0000e+00
      2.262      0.067     5.3748     61.800     36.776  34.771284     3.6319      6.906   239.4215 2.2214e+01     3.5707      2.216      3.215    22.2864 0.0000e+00
      2.277      0.068     5.3743     61.778     36.789  34.774304     3.6272      6.901   239.5102 2.1664e+01     3.5622      2.231      3.235    22.2874 0.0000e+00
      2.297      0.071     5.3674     61.686     36.811  34.786909     3.7054      6.897   239.5066 2.1086e+01     3.5526      2.252      3.266    22.2883 0.0000e+00
      2.318      0.073     5.3505     61.482     36.828  34.796636     3.8599      6.894   239.6362 2.0500e+01     3.5455      2.274      3.298    22.2838 0.0000e+00
      2.340      0.074     5.3255     61.185     36.801  34.764863     3.9522      6.890   239.8723 1.9920e+01     3.5684      2.296      3.330    22.2697 0.0000e+00
      2.359      0.073     5.2969     60.844     36.762  34.720338     3.9665      6.885   240.2107 1.9430e+01     3.6152      2.316      3.359    22.2553 0.0000e+00
      2.375      0.072     5.2668     60.481     36.754  34.702922     3.9776      6.880   240.4583 1.9012e+01     3.6236      2.329      3.379    22.2452 0.0000e+00
      2.391      0.072     5.2395     60.149     36.744  34.681309     3.9943      6.875   240.3705 1.8576e+01     3.5786      2.343      3.398    22.2367 0.0000e+00
      2.409      0.073     5.2186     59.893     36.721  34.649554     4.0031      6.871   240.2675 1.8101e+01     3.5589      2.362      3.426    22.2291 0.0000e+00
      2.429      0.074     5.2038     59.713     36.715  34.636549     4.0109      6.867   240.4173 1.7599e+01     3.5691      2.382      3.455    22.2197 0.0000e+00
      2.450      0.077     5.1955     59.610     36.735  34.651101     3.9873      6.863   240.5475 1.7085e+01     3.6098      2.402      3.484    22.2055 0.0000e+00
      2.470      0.078     5.1918     59.561     36.791  34.698452     3.9207      6.859   240.5519 1.6586e+01     3.6853      2.422      3.514    22.1877 0.0000e+00
      2.490      0.078     5.1897     59.527     36.867  34.764418     3.8850      6.855   240.6421 1.6104e+01     3.7185      2.441      3.541    22.1723 0.0000e+00
      2.510      0.076     5.1882     59.498     36.927  34.813491     3.8864      6.853   240.7782 1.5646e+01     3.7362      2.461      3.569    22.1632 0.0000e+00
      2.530      0.073     5.1854     59.457     36.968  34.847142     3.8455      6.851   240.8202 1.5211e+01     3.8692      2.481      3.599    22.1582 0.0000e+00
      2.550      0.070     5.1781     59.367     37.047  34.917204     3.7579      6.848   240.8060 1.4791e+01     4.0748      2.501      3.627    22.1515 0.0000e+00
      2.567      0.068     5.1648     59.206     37.167  35.025402     3.7005      6.844   240.9500 1.4413e+01     4.1773      2.519      3.653    22.1427 0.0000e+00
      2.582      0.067     5.1454     58.964     37.302  35.139017     3.6755      6.839   241.2708 1.4086e+01     4.1940      2.532      3.673    22.1328 0.0000e+00
      2.597      0.067     5.1191     58.631     37.401  35.211057     3.5205      6.832   241.4155 1.3759e+01     4.3377      2.546      3.693    22.1237 0.0000e+00
      2.613      0.068     5.0819     58.169     37.413  35.197664     3.2317      6.826   241.4085 1.3405e+01     4.6323      2.562      3.716    22.1214 0.0000e+00
      2.631      0.068     5.0258     57.498     37.400  35.167617     3.0697      6.822   241.4448 1.3014e+01     4.7958      2.578      3.739    22.1170 0.0000e+00
      2.651      0.067     4.9468     56.578     37.410  35.165342     3.0497      6.819   241.4245 1.2583e+01     4.7884      2.599      3.769    22.0994 0.0000e+00
      2.671      0.066     4.8508     55.470     37.422  35.170134     3.0366      6.815   241.4206 1.2201e+01     4.7870      2.621      3.801    22.0695 0.0000e+00
      2.688      0.063     4.7515     54.328     37.420  35.162027     3.0219      6.811   241.5699 1.1921e+01     4.8096      2.637      3.825    22.0306 0.0000e+00
      2.702      0.059     4.6650     53.326     37.397  35.130831     3.0005      6.806   241.7672 1.1670e+01     4.8177      2.650      3.844    22.0052 0.0000e+00
      2.714      0.055     4.5977     52.540     37.388  35.110536     2.9799      6.800   241.9132 1.1412e+01     4.7942      2.661      3.860    21.9938 0.0000e+00
      2.726      0.054     4.5502     51.983     37.396  35.107194     2.9840      6.794   242.0445 1.1160e+01     4.7997      2.672      3.876    21.9841 0.0000e+00
      2.739      0.054     4.5229     51.662     37.386  35.090406     3.0405      6.789   242.2357 1.0888e+01     4.8537      2.686      3.896    21.9797 0.0000e+00
      2.754      0.055     4.5108     51.517     37.331  35.034582     3.1305      6.783   242.5046 1.0599e+01     4.8669      2.701      3.917    21.9675 0.0000e+00
      2.769      0.056     4.5103     51.502     37.238  34.940392     3.1807      6.777   242.8008 1.0339e+01     4.8379      2.716      3.939    21.9494 0.0000e+00
      2.783      0.058     4.5182     51.577     37.144  34.840831     3.1782      6.772   242.9773 1.0106e+01     4.8074      2.730      3.959    21.9335 0.0000e+00
      2.797      0.061     4.5289     51.684     37.027  34.720062     3.1841      6.768   243.0034 9.8705e+00     4.8039      2.744      3.979    21.9234 0.0000e+00
      2.812      0.064     4.5423     51.827     36.864  34.560002     3.2244      6.765   243.0313 9.6139e+00     4.8257      2.758      3.999    21.9218 0.0000e+00
      2.828      0.066     4.5606     52.027     36.732  34.430015     3.2512      6.761   243.1418 9.3419e+00     4.8271      2.773      4.022    21.9127 0.0000e+00
      2.846      0.068     4.5858     52.304     36.661  34.355242     3.2415      6.757   243.3068 9.0506e+00     4.8216      2.791      4.048    21.8934 0.0000e+00
      2.866      0.068     4.6218     52.704     36.601  34.291105     3.1809      6.754   243.3918 8.7429e+00     4.8197      2.810      4.075    21.8773 0.0000e+00
      2.885      0.067     4.6729     53.277     36.539  34.226186     3.0983      6.751   243.4827 8.4683e+00     4.8346      2.829      4.105    21.8693 0.0000e+00
      2.903      0.066     4.7373     54.002     36.388  34.078448     3.0691      6.749   243.6310 8.2280e+00     4.8788      2.847      4.130    21.8624 0.0000e+00
      2.918      0.066     4.8065     54.780     36.071  33.775151     3.0667      6.748   243.7210 8.0025e+00     4.8977      2.862      4.150    21.8503 0.0000e+00
      2.932      0.066     4.8757     55.558     35.765  33.480816     3.1151      6.747   243.7978 7.7967e+00     4.9102      2.875      4.170    21.8385 0.0000e+00
      2.947      0.067     4.9427     56.311     35.730  33.441406     3.2316      6.745   243.8707 7.5913e+00     4.9689      2.890      4.192    21.8302 0.0000e+00
      2.964      0.067     5.0093     57.062     35.922  33.616208     3.2994      6.743   243.9133 7.3754e+00     5.0269      2.906      4.215    21.8220 0.0000e+00
      2.984      0.065     5.0836     57.903     36.072  33.752361     3.3100      6.742   243.8829 7.1630e+00     5.0629      2.925      4.242    21.8129 0.0000e+00
      3.004      0.061     5.1724     58.912     36.143  33.817311     3.3140      6.741   243.8477 6.9654e+00     5.0687      2.947      4.274    21.8023 0.0000e+00
