Data/DataNotYetUploadedToEDI/Raw_CTD/2018_RawDownloads/092118_fcr50.cnv
* Sea-Bird SBE19plus  Data File:
* FileName = C:\DATA\092118_bvr_0002.hex
* Software version 2.6.3.104
* Temperature SN = 7809
* Conductivity SN = 7809
* System UpLoad Time = Sep 21 2018 18:25:52
* <ApplicationData>
* <Seaterm232>
# nquan = 17
# nvalues = 949                         
# units = specified
# name 0 = depFM: Depth [fresh water, m]
# name 1 = tv290C: Temperature [ITS-90, deg C]
# name 2 = sbeox0Mg/L: Oxygen, SBE 43 [mg/l]
# name 3 = sbeox0PS: Oxygen, SBE 43 [% saturation]
# name 4 = c0uS/cm: Conductivity [uS/cm]
# name 5 = specc: Specific Conductance [uS/cm]
# name 6 = ph: pH
# name 7 = orp: Oxidation Reduction Potential [mV]
# name 8 = flECO-AFL: Fluorescence, WET Labs ECO-AFL/FL [mg/m^3]
# name 9 = turbWETntu0: Turbidity, WET Labs ECO [NTU]
# name 10 = sal00: Salinity, Practical [PSU]
# name 11 = dz/dtM: Descent Rate [m/s]
# name 12 = prdM: Pressure, Strain Gauge [db]
# name 13 = prdE: Pressure, Strain Gauge [psi]
# name 14 = scan: Scan Count
# name 15 = par/sat/log: PAR/Logarithmic, Satlantic
# name 16 = flag:  0.000e+00
# span 0 =     -0.523,      9.764       
# span 1 =    12.8389,    30.1886       
# span 2 =     0.0572,     9.7856       
# span 3 =      0.549,    117.961       
# span 4 =   1.736037, 272.130660       
# span 5 =      1.574,    354.645       
# span 6 =      6.294,      8.001       
# span 7 =    38.1482,  1240.2295       
# span 8 =    -1.3667,    14.0517       
# span 9 =    -0.3452,    24.1206       
# span 10 =     0.0136,     0.1687      
# span 11 = -1.551e-07,      0.247      
# span 12 =     -0.513,      9.574      
# span 13 =     -0.744,     13.887      
# span 14 =          1,        949      
# span 15 = 1.2353e-01, 1.5225e+03      
# span 16 = 0.0000e+00, 0.0000e+00      
# interval = seconds: 0.25
# start_time = Sep 21 2018 20:01:59 [Instrument's time stamp, header]
# bad_flag = -9.990e-29
*END*
[from data line 426]
      1.212    23.7440     8.8018    103.506  35.988723     36.877      7.773   211.4965     4.4197     1.2662     0.0241      0.055      1.186      1.719        427 2.6055e+02 0.0000e+00
      1.229    23.7121     8.7893    103.340  35.903994     36.785      7.756   211.1937     4.4925     1.4408     0.0241      0.070      1.204      1.745        428 2.6504e+02 0.0000e+00
      1.240    23.6892     8.7884    103.305  35.882925     36.811      7.747   210.6258     4.4723     1.3602     0.0241      0.079      1.220      1.768        429 2.5975e+02 0.0000e+00
      1.261    23.6625     8.7810    103.185  35.896325     36.836      7.749   210.5879     4.4642     1.3602     0.0241      0.085      1.240      1.798        430 2.5073e+02 0.0000e+00
      1.292    23.6319     8.7755    103.085  35.887333     36.853      7.751   210.9665     4.4844     1.4676     0.0241      0.090      1.266      1.836        431 2.4799e+02 0.0000e+00
      1.318    23.5986     8.7645    102.937  35.894129     36.873      7.758   211.4587     4.5249     1.1319     0.0241      0.089      1.291      1.873        432 2.3874e+02 0.0000e+00
      1.340    23.5552     8.7519    102.767  35.858222     36.868      7.765   211.8751     4.5289     1.1185     0.0241      0.087      1.313      1.904        433 2.3932e+02 0.0000e+00
      1.358    23.5149     8.7399    102.578  35.783741     36.806      7.760   211.7994     4.5410     1.1319     0.0240      0.085      1.329      1.928        434 2.3871e+02 0.0000e+00
      1.367    23.4868     8.7406    102.539  35.779230     36.840      7.754   211.6101     4.5208     1.2662     0.0240      0.082      1.340      1.944        435 2.2951e+02 0.0000e+00
      1.376    23.4661     8.7443    102.553  35.774883     36.870      7.753   212.5187     4.5532     1.1722     0.0240      0.079      1.349      1.957        436 2.3265e+02 0.0000e+00
      1.383    23.4530     8.7543    102.670  35.789170     36.892      7.747   212.2915     4.5330     1.1856     0.0240      0.072      1.356      1.967        437 2.3314e+02 0.0000e+00
      1.388    23.4435     8.7598    102.747  35.791124     36.936      7.748   211.2315     4.5491     1.2125     0.0240      0.060      1.364      1.979        438 2.2746e+02 0.0000e+00
      1.405    23.4307     8.7642    102.802  35.742803     36.860      7.754   211.5344     4.5249     1.2796     0.0240      0.050      1.378      1.999        439 2.2547e+02 0.0000e+00
      1.422    23.4136     8.7512    102.655  35.701018     36.867      7.757   211.9129     4.4197     1.4408     0.0240      0.045      1.394      2.021        440 2.2482e+02 0.0000e+00
      1.435    23.3960     8.7404    102.520  35.665181     36.790      7.759   212.7458     4.3914     1.4408     0.0240      0.043      1.407      2.041        441 2.2389e+02 0.0000e+00
      1.446    23.3863     8.7286    102.363  35.698436     36.890      7.759   212.5187     4.3955     1.3602     0.0240      0.044      1.423      2.064        442 2.1604e+02 0.0000e+00
      1.474    23.3743     8.7262    102.330  35.659643     36.817      7.757   213.1622     4.3914     1.4139     0.0240      0.051      1.447      2.098        443 2.1097e+02 0.0000e+00
      1.504    23.3497     8.7191    102.238  35.624493     36.824      7.754   211.3072     4.3955     1.3333     0.0240      0.061      1.473      2.135        444 2.1135e+02 0.0000e+00
      1.525    23.3255     8.7226    102.234  35.593896     36.775      7.750   213.0865     4.4804     1.2393     0.0239      0.071      1.493      2.165        445 2.0443e+02 0.0000e+00
      1.537    23.3107     8.7082    102.028  35.519779     36.736      7.733   212.7837     4.4723     1.1588     0.0239      0.076      1.505      2.182        446 2.0085e+02 0.0000e+00
      1.540    23.3102     8.7108    102.020  35.598108     36.812      7.714   212.6322     4.4885     1.1856     0.0239      0.073      1.511      2.190        447 2.0448e+02 0.0000e+00
      1.544    23.3164     8.7177    102.079  35.615060     36.882      7.714   213.5787     4.4763     1.2393     0.0240      0.068      1.516      2.198        448 2.0077e+02 0.0000e+00
      1.554    23.3190     8.7222    102.130  35.558005     36.766      7.716   213.5408     4.5977     1.0111     0.0239      0.061      1.524      2.211        449 1.9763e+02 0.0000e+00
      1.565    23.3207     8.7259    102.166  35.609797     36.877      7.721   211.5344     4.6017     1.0514     0.0240      0.053      1.535      2.226        450 1.9687e+02 0.0000e+00
      1.576    23.3165     8.7175    102.032  35.550604     36.760      7.725   212.3294     4.6098     1.0379     0.0239      0.043      1.545      2.241        451 1.9577e+02 0.0000e+00
      1.586    23.3072     8.7096    101.901  35.572352     36.816      7.732   211.9129     4.6300     0.9439     0.0239      0.036      1.555      2.256        452 1.9509e+02 0.0000e+00
      1.597    23.3052     8.6998    101.749  35.582732     36.819      7.732   212.9729     4.7877     1.2393     0.0239      0.034      1.569      2.276        453 1.8995e+02 0.0000e+00
      1.618    23.2991     8.6769    101.464  35.537690     36.769      7.735   213.3515     4.8039     1.2393     0.0239      0.039      1.589      2.304        454 1.8396e+02 0.0000e+00
      1.645    23.2778     8.6555    101.224  35.569094     36.828      7.734   211.9887     4.8120     1.2393     0.0239      0.049      1.613      2.338        455 1.8019e+02 0.0000e+00
      1.670    23.2568     8.6331    100.985  35.543652     36.774      7.736   211.9887     4.7998     1.2125     0.0239      0.059      1.636      2.372        456 1.7615e+02 0.0000e+00
      1.690    23.2384     8.6295    100.935  35.569356     36.849      7.736   212.6322     5.2770     1.0648     0.0239      0.067      1.655      2.400        457 1.7139e+02 0.0000e+00
      1.703    23.2262     8.6315    100.937  35.537114     36.807      7.731   212.7837     5.2891     1.1051     0.0239      0.073      1.667      2.418        458 1.7155e+02 0.0000e+00
      1.707    23.2256     8.6342    100.944  35.524471     36.821      7.722   212.8594     5.2932     1.1991     0.0239      0.073      1.674      2.428        459 1.7201e+02 0.0000e+00
      1.711    23.2209     8.6357    100.937  35.585098     36.888      7.723   212.7079     5.2851     1.2796     0.0239      0.069      1.683      2.440        460 1.6825e+02 0.0000e+00
      1.731    23.2037     8.6370    100.929  35.520987     36.831      7.726   213.0487     5.4792     1.1319     0.0239      0.064      1.698      2.463        461 1.6614e+02 0.0000e+00
      1.754    23.1827     8.6409    100.938  35.485629     36.776      7.729   212.8594     5.4630     1.1722     0.0239      0.059      1.718      2.493        462 1.6135e+02 0.0000e+00
      1.773    23.1645     8.6400    100.892  35.510473     36.848      7.730   212.5944     5.4428     1.2393     0.0239      0.056      1.736      2.518        463 1.5776e+02 0.0000e+00
      1.785    23.1544     8.6394    100.867  35.490076     36.805      7.728   212.5944     5.4832     1.1991     0.0239      0.055      1.748      2.534        464 1.5786e+02 0.0000e+00
      1.787    23.1609     8.6415    100.881  35.511022     36.878      7.719   212.6701     5.4711     1.2125     0.0239      0.053      1.753      2.542        465 1.5707e+02 0.0000e+00
      1.790    23.1717     8.6296    100.730  35.484413     36.827      7.720   212.5187     5.6045     1.1588     0.0239      0.051      1.757      2.549        466 1.5700e+02 0.0000e+00
      1.799    23.1682     8.6263    100.658  35.463878     36.823      7.722   214.4872     5.6166     1.1856     0.0239      0.049      1.765      2.561        467 1.5439e+02 0.0000e+00
      1.811    23.1563     8.6244    100.599  35.477262     36.813      7.719   214.1087     5.6045     1.1051     0.0239      0.045      1.776      2.576        468 1.5143e+02 0.0000e+00
      1.822    23.1437     8.6138    100.451  35.467755     36.817      7.722   213.9194     5.6207     1.1856     0.0239      0.039      1.787      2.592        469 1.4845e+02 0.0000e+00
      1.834    23.1314     8.5994    100.262  35.475710     36.826      7.723   213.2380     5.6611     0.8768     0.0239      0.035      1.799      2.609        470 1.4622e+02 0.0000e+00
      1.845    23.1188     8.5646     99.841  35.467367     36.835      7.720   213.3515     5.6369     0.9842     0.0239      0.035      1.809      2.624        471 1.4571e+02 0.0000e+00
      1.856    23.0999     8.5400     99.544  35.478144     36.845      7.719   213.2380     5.6611     0.9842     0.0239      0.037      1.821      2.641        472 1.4314e+02 0.0000e+00
      1.872    23.0816     8.5084     99.166  35.462305     36.854      7.718   216.1908     5.6369     1.0379     0.0239      0.043      1.834      2.661        473 1.4022e+02 0.0000e+00
      1.885    23.0718     8.5111     99.183  35.427770     36.811      7.714   215.4337     5.6450     1.2662     0.0239      0.046      1.847      2.679        474 1.3840e+02 0.0000e+00
      1.894    23.0668     8.5142     99.202  35.461815     36.883      7.715   215.5094     5.6692     1.2662     0.0239      0.047      1.857      2.695        475 1.3668e+02 0.0000e+00
      1.904    23.0596     8.5450     99.541  35.479261     36.890      7.717   215.3580     5.6652     1.2125     0.0239      0.047      1.868      2.710        476 1.3559e+02 0.0000e+00
      1.917    23.0428     8.5377     99.444  35.465380     36.894      7.719   214.4872     5.6450     1.2125     0.0239      0.047      1.880      2.727        477 1.3331e+02 0.0000e+00
      1.931    23.0236     8.5512     99.598  35.419777     36.841      7.718   217.3644     6.0412     1.1856     0.0239      0.047      1.892      2.745        478 1.3098e+02 0.0000e+00
      1.941    23.0101     8.5645     99.751  35.417387     36.855      7.715   217.0615     6.0534     1.1856     0.0239      0.047      1.903      2.760        479 1.2988e+02 0.0000e+00
      1.949    22.9996     8.5509     99.576  35.409046     36.869      7.716   217.6294     6.0453     1.2528     0.0239      0.046      1.910      2.771        480 1.2809e+02 0.0000e+00
      1.954    22.9914     8.5234     99.228  35.370850     36.821      7.708   216.9858     6.0210     1.1319     0.0239      0.042      1.915      2.778        481 1.2758e+02 0.0000e+00
      1.955    22.9860     8.4998     98.926  35.405612     36.888      7.709   215.7365     6.3081     1.0245     0.0239      0.038      1.919      2.783        482 1.2690e+02 0.0000e+00
      1.960    22.9808     8.4747     98.611  35.425106     36.894      7.707   215.9258     6.2758     0.9976     0.0239      0.034      1.924      2.790        483 1.2536e+02 0.0000e+00
      1.971    22.9730     8.4534     98.342  35.405910     36.898      7.706   218.1215     6.3041     1.1185     0.0239      0.030      1.933      2.803        484 1.2350e+02 0.0000e+00
      1.982    22.9633     8.4298     98.051  35.370188     36.844      7.708   218.3487     6.2839     1.0916     0.0239      0.028      1.945      2.821        485 1.2129e+02 0.0000e+00
      1.997    22.9537     8.4107     97.812  35.350933     36.850      7.707   218.5380     6.2677     0.9439     0.0239      0.029      1.959      2.842        486 1.1872e+02 0.0000e+00
      2.016    22.9475     8.3971     97.640  35.370561     36.857      7.703   218.1215     6.1464     1.0111     0.0239      0.033      1.974      2.863        487 1.1713e+02 0.0000e+00
      2.024    22.9457     8.4030     97.693  35.405081     36.923      7.694   217.5915     6.1625     1.0111     0.0239      0.039      1.985      2.879        488 1.1679e+02 0.0000e+00
      2.032    22.9442     8.4132     97.795  35.426608     36.928      7.694   217.8187     6.1383     0.9976     0.0239      0.043      1.995      2.894        489 1.1501e+02 0.0000e+00
      2.049    22.9355     8.4282     97.956  35.403091     36.929      7.690   218.8408     6.1423     0.9708     0.0239      0.048      2.009      2.914        490 1.1283e+02 0.0000e+00
      2.065    22.9207     8.4372     98.045  35.375036     36.872      7.686   219.4087     6.1140     0.9574     0.0239      0.051      2.023      2.934        491 1.1196e+02 0.0000e+00
      2.074    22.9063     8.4423     98.088  35.402210     36.937      7.681   219.1437     6.1625     1.0648     0.0239      0.051      2.034      2.950        492 1.1123e+02 0.0000e+00
      2.083    22.8939     8.4369     98.007  35.369278     36.890      7.676   219.1058     6.1585     1.0782     0.0239      0.050      2.044      2.964        493 1.0999e+02 0.0000e+00
      2.095    22.8831     8.4234     97.829  35.356709     36.901      7.680   219.0301     6.1585     0.9976     0.0239      0.047      2.055      2.980        494 1.0878e+02 0.0000e+00
      2.106    22.8737     8.4047     97.592  35.358542     36.911      7.676   218.3108     6.3930     1.1453     0.0239      0.046      2.065      2.995        495 1.0781e+02 0.0000e+00
      2.116    22.8652     8.3729     97.202  35.307688     36.861      7.679   218.1973     6.3809     1.0379     0.0238      0.046      2.075      3.009        496 1.0724e+02 0.0000e+00
      2.125    22.8573     8.3380     96.783  35.301373     36.868      7.677   219.5223     6.3769     1.1588     0.0238      0.044      2.084      3.022        497 1.0662e+02 0.0000e+00
      2.134    22.8491     8.2893     96.201  35.307092     36.875      7.679   219.5223     6.4496     1.2662     0.0238      0.041      2.094      3.036        498 1.0560e+02 0.0000e+00
      2.147    22.8406     8.2338     95.536  35.300574     36.881      7.677   220.2794     6.5305     1.1991     0.0238      0.040      2.106      3.053        499 1.0470e+02 0.0000e+00
      2.161    22.8331     8.1781     94.867  35.250171     36.828      7.675   220.3930     6.5507     1.1856     0.0238      0.041      2.119      3.073        500 1.0414e+02 0.0000e+00
      2.174    22.8251     8.1187     94.151  35.251191     36.835      7.673   218.3108     6.5386     1.0916     0.0238      0.043      2.132      3.093        501 1.0338e+02 0.0000e+00
      2.189    22.8161     8.0710     93.565  35.239994     36.841      7.671   219.7873     6.5305     1.1991     0.0238      0.045      2.146      3.113        502 1.0237e+02 0.0000e+00
      2.202    22.8060     8.0190     92.938  35.175138     36.759      7.667   219.5601     6.7327     1.2931     0.0238      0.047      2.159      3.132        503 1.0125e+02 0.0000e+00
      2.216    22.7950     7.9720     92.378  35.242937     36.854      7.666   219.7494     6.7206     1.2259     0.0238      0.050      2.173      3.151        504 1.0035e+02 0.0000e+00
      2.229    22.7837     7.9217     91.779  35.244597     36.862      7.662   220.8094     6.7287     1.1453     0.0238      0.052      2.186      3.171        505 9.9625e+01 0.0000e+00
      2.243    22.7734     7.8464     90.882  35.262048     36.870      7.657   221.1501     6.7367     1.2528     0.0238      0.054      2.197      3.188        506 9.9315e+01 0.0000e+00
      2.250    22.7654     7.7693     89.957  35.280538     36.937      7.650   218.1215     6.6033     1.0111     0.0238      0.052      2.207      3.202        507 9.8511e+01 0.0000e+00
      2.259    22.7565     7.6839     88.937  35.191935     36.799      7.644   219.1058     6.6114     1.0648     0.0238      0.050      2.218      3.218        508 9.6660e+01 0.0000e+00
      2.280    22.7445     7.5911     87.833  35.224032     36.893      7.637   219.8251     6.5912     1.0111     0.0238      0.050      2.233      3.240        509 9.5855e+01 0.0000e+00
      2.292    22.7322     7.4823     86.548  35.270255     36.900      7.618   219.2951     6.5912     0.9842     0.0238      0.050      2.248      3.262        510 9.5113e+01 0.0000e+00
