Data/DataNotYetUploadedToEDI/Raw_CTD/2018_RawDownloads/092118_fcr50.cnv
* Sea-Bird SBE19plus  Data File:
* FileName = C:\DATA\092118_bvr_0002.hex
* Software version 2.6.3.104
* Temperature SN = 7809
* Conductivity SN = 7809
* System UpLoad Time = Sep 21 2018 18:25:52
* <ApplicationData>
* <Seaterm232>
# nquan = 17
# nvalues = 949                         
# units = specified
# name 0 = depFM: Depth [fresh water, m]
# name 1 = tv290C: Temperature [ITS-90, deg C]
# name 2 = sbeox0Mg/L: Oxygen, SBE 43 [mg/l]
# name 3 = sbeox0PS: Oxygen, SBE 43 [% saturation]
# name 4 = c0uS/cm: Conductivity [uS/cm]
# name 5 = specc: Specific Conductance [uS/cm]
# name 6 = ph: pH
# name 7 = orp: Oxidation Reduction Potential [mV]
# name 8 = flECO-AFL: Fluorescence, WET Labs ECO-AFL/FL [mg/m^3]
# name 9 = turbWETntu0: Turbidity, WET Labs ECO [NTU]
# name 10 = sal00: Salinity, Practical [PSU]
# name 11 = dz/dtM: Descent Rate [m/s]
# name 12 = prdM: Pressure, Strain Gauge [db]
# name 13 = prdE: Pressure, Strain Gauge [psi]
# name 14 = scan: Scan Count
# name 15 = par/sat/log: PAR/Logarithmic, Satlantic
# name 16 = flag:  0.000e+00
# span 0 =     -0.523,      9.764       
# span 1 =    12.8389,    30.1886       
# span 2 =     0.0572,     9.7856       
# span 3 =      0.549,    117.961       
# span 4 =   1.736037, 272.130660       
# span 5 =      1.574,    354.645       
# span 6 =      6.294,      8.001       
# span 7 =    38.1482,  1240.2295       
# span 8 =    -1.3667,    14.0517       
# span 9 =    -0.3452,    24.1206       
# span 10 =     0.0136,     0.1687      
# span 11 = -1.551e-07,      0.247      
# span 12 =     -0.513,      9.574      
# span 13 =     -0.744,     13.887      
# span 14 =          1,        949      
# span 15 = 1.2353e-01, 1.5225e+03      
# span 16 = 0.0000e+00, 0.0000e+00      
# interval = seconds: 0.25
# start_time = Sep 21 2018 20:01:59 [Instrument's time stamp, header]
# bad_flag = -9.990e-29
*END*
[from data line 852]
      7.781    14.1033     0.0800      0.775  75.814787     96.868      6.388   135.8199     3.1783     1.5885     0.0474      0.079      7.635     11.074        853 1.3939e-01 0.0000e+00
      7.812    14.0834     0.0811      0.786  76.080642     97.224      6.389   135.7820     3.1743     1.5885     0.0476      0.080      7.663     11.114        854 1.6073e-01 0.0000e+00
      7.850    14.0571     0.0803      0.778  76.537245     97.868      6.390   135.2899     3.2228     1.3736     0.0478      0.086      7.694     11.159        855 1.4682e-01 0.0000e+00
      7.875    14.0316     0.0772      0.748  76.910816     98.383      6.394   133.8134     3.2269     1.4273     0.0481      0.091      7.719     11.196        856 1.2806e-01 0.0000e+00
      7.890    14.0156     0.0787      0.762  76.982837     98.558      6.392   131.9206     3.2511     1.4408     0.0481      0.094      7.737     11.221        857 1.2735e-01 0.0000e+00
      7.903    14.0117     0.0783      0.757  76.923151     98.513      6.394   131.6556     3.2390     1.3871     0.0481      0.094      7.750     11.240        858 1.2858e-01 0.0000e+00
      7.915    14.0079     0.0804      0.776  76.895960     98.556      6.397   131.0120     3.2228     1.6422     0.0481      0.090      7.762     11.258        859 1.2375e-01 0.0000e+00
      7.926    13.9949     0.0771      0.745  76.986973     98.635      6.401   129.9141     3.2390     1.6959     0.0482      0.083      7.777     11.280        860 1.3171e-01 0.0000e+00
      7.950    13.9647     0.0783      0.756  77.077371     98.825      6.404   126.8477     3.2228     1.6288     0.0482      0.077      7.798     11.310        861 1.3548e-01 0.0000e+00
      7.979    13.9296     0.0760      0.734  77.050943     98.749      6.403   126.2798     3.2633     1.6288     0.0482      0.072      7.823     11.345        862 1.2864e-01 0.0000e+00
      8.001    13.9144     0.0793      0.765  77.109037     98.970      6.407   126.2041     3.2552     1.6959     0.0483      0.069      7.847     11.380        863 1.2421e-01 0.0000e+00
      8.024    13.9121     0.0786      0.758  77.123984     99.026      6.409   121.8127     3.2754     1.6690     0.0483      0.073      7.867     11.410        864 1.2878e-01 0.0000e+00
      8.041    13.9045     0.0809      0.780  77.002655     98.955      6.412   121.6234     3.2349     1.5348     0.0483      0.078      7.886     11.437        865 1.4367e-01 0.0000e+00
      8.057    13.8791     0.0767      0.740  77.111448     99.032      6.414   121.5855     3.2471     1.6422     0.0483      0.081      7.906     11.466        866 1.3528e-01 0.0000e+00
      8.089    13.8414     0.0749      0.723  77.196639     99.267      6.415   117.9891     3.2147     1.5885     0.0484      0.086      7.932     11.505        867 1.2434e-01 0.0000e+00
      8.119    13.8098     0.0803      0.774  77.134408     99.116      6.414   117.0805     3.2471     1.6422     0.0483      0.091      7.959     11.544        868 1.2650e-01 0.0000e+00
      8.139    13.7839     0.0804      0.775  77.337521     99.611      6.419   116.8155     3.2471     1.6288     0.0485      0.091      7.981     11.576        869 1.2519e-01 0.0000e+00
      8.157    13.7619     0.0772      0.744  77.449144     99.726      6.420   114.8470     3.2430     1.6959     0.0486      0.089      8.000     11.603        870 1.2591e-01 0.0000e+00
      8.177    13.7525     0.0772      0.743  77.679094    100.154      6.422   113.5219     3.3199     1.5750     0.0488      0.089      8.020     11.631        871 1.2534e-01 0.0000e+00
      8.197    13.7493     0.0796      0.767  78.240211    100.898      6.425   112.6512     3.3441     1.6153     0.0491      0.088      8.040     11.661        872 1.2507e-01 0.0000e+00
      8.221    13.7369     0.0811      0.781  79.217747    102.188      6.429   112.5377     3.3077     1.6153     0.0497      0.089      8.062     11.693        873 1.2568e-01 0.0000e+00
      8.245    13.7189     0.0782      0.753  80.802104    104.254      6.429   110.6069     3.3118     1.5750     0.0506      0.088      8.083     11.724        874 1.2460e-01 0.0000e+00
      8.261    13.7071     0.0754      0.727  81.826922    105.663      6.431   109.5848     3.3724     1.6153     0.0513      0.083      8.100     11.748        875 1.2615e-01 0.0000e+00
      8.273    13.7015     0.0728      0.701  81.895840    105.712      6.433   109.9634     3.3805     1.5885     0.0513      0.078      8.115     11.770        876 1.2354e-01 0.0000e+00
      8.291    13.6970     0.0733      0.705  82.618855    106.685      6.435   108.7519     3.3441     1.6153     0.0517      0.077      8.133     11.796        877 1.2803e-01 0.0000e+00
      8.315    13.6903     0.0795      0.764  83.037817    107.387      6.435   106.7076     3.3765     1.6556     0.0520      0.076      8.154     11.827        878 1.3908e-01 0.0000e+00
      8.338    13.6784     0.0741      0.713  84.228380    108.559      6.435   105.5341     3.3522     1.5885     0.0526      0.076      8.177     11.860        879 1.2786e-01 0.0000e+00
      8.363    13.6661     0.0741      0.712  85.596740    111.003      6.437   106.1019     3.3805     1.6019     0.0537      0.077      8.201     11.895        880 1.2353e-01 0.0000e+00
      8.387    13.6545     0.0769      0.738  85.556690    110.168      6.436   104.5876     3.3886     1.6422     0.0533      0.079      8.226     11.930        881 1.2623e-01 0.0000e+00
      8.412    13.6405     0.0747      0.717  85.080943    110.494      6.435   102.8083     3.3805     1.5885     0.0534      0.083      8.251     11.967        882 1.2461e-01 0.0000e+00
      8.443    13.6376     0.0809      0.776  86.129345    110.743      6.437   103.7169     3.3765     1.5885     0.0535      0.091      8.279     12.007        883 1.2559e-01 0.0000e+00
      8.471    13.6473     0.0811      0.778  91.299508    118.653      6.435   102.4298     3.3643     1.6825     0.0571      0.097      8.304     12.044        884 1.2509e-01 0.0000e+00
      8.489    13.6527     0.0765      0.734  94.764751    122.362      6.436   102.1648     3.3765     1.6825     0.0588      0.099      8.324     12.073        885 1.2546e-01 0.0000e+00
      8.505    13.6386     0.0764      0.732  94.158963    122.111      6.441   101.9376     3.3724     1.5616     0.0587      0.097      8.343     12.100        886 1.2513e-01 0.0000e+00
      8.528    13.6085     0.0745      0.715  91.161144    117.745      6.442   100.9155     3.3603     1.5348     0.0567      0.095      8.365     12.133        887 1.2535e-01 0.0000e+00
      8.557    13.5879     0.0706      0.677  88.859145    114.956      6.444    99.8176     3.3603     1.5616     0.0555      0.093      8.390     12.169        888 1.2525e-01 0.0000e+00
      8.581    13.5721     0.0756      0.725  89.023585    115.305      6.443    99.2876     3.3765     1.6959     0.0556      0.092      8.415     12.206        889 1.2524e-01 0.0000e+00
      8.608    13.5437     0.0762      0.730  87.596159    113.585      6.446    99.0605     3.3886     1.6153     0.0548      0.092      8.442     12.244        890 1.2534e-01 0.0000e+00
      8.637    13.5121     0.0726      0.695  85.818474    111.052      6.446    95.8048     3.3846     1.6153     0.0536      0.093      8.468     12.281        891 1.2533e-01 0.0000e+00
      8.657    13.4870     0.0726      0.695  85.080906    110.553      6.443    95.6533     3.4493     1.6959     0.0534      0.095      8.489     12.312        892 1.2534e-01 0.0000e+00
      8.675    13.4679     0.0783      0.750  83.846097    108.680      6.450    96.3348     3.4007     1.5348     0.0525      0.096      8.509     12.341        893 1.2542e-01 0.0000e+00
      8.701    13.4541     0.0752      0.719  83.401020    108.424      6.456    93.2305     3.4250     1.6153     0.0524      0.097      8.528     12.369        894 1.2531e-01 0.0000e+00
      8.711    13.4508     0.0728      0.697  83.642890    108.659      6.460    92.8140     3.4371     1.6288     0.0525      0.092      8.539     12.384        895 1.2529e-01 0.0000e+00
      8.708    13.4523     0.0751      0.719  83.842410    109.027      6.463    92.3976     3.4857     1.6825     0.0527      0.080      8.544     12.392        896 1.2530e-01 0.0000e+00
      8.718    13.4473     0.0702      0.673  83.925702    109.145      6.470    89.5205     3.4978     1.5885     0.0527      0.068      8.559     12.413        897 1.2519e-01 0.0000e+00
      8.759    13.4351     0.0725      0.694  83.895997    109.031      6.474    89.5962     3.5180     1.5616     0.0527      0.064      8.591     12.460        898 1.2520e-01 0.0000e+00
      8.802    13.4210     0.0740      0.708  84.652371    110.101      6.478    88.9147     3.4897     1.7362     0.0532      0.069      8.630     12.516        899 1.2531e-01 0.0000e+00
      8.836    13.4085     0.0763      0.730  85.243943    110.902      6.482    87.0597     3.6838     1.9107     0.0535      0.080      8.665     12.567        900 1.2527e-01 0.0000e+00
      8.870    13.3957     0.0731      0.699  85.686956    111.454      6.487    85.3183     3.6838     1.8033     0.0538      0.093      8.698     12.616        901 1.2529e-01 0.0000e+00
      8.905    13.3816     0.0722      0.690  86.241779    112.329      6.489    84.5990     3.6797     1.8033     0.0542      0.107      8.732     12.665        902 1.2533e-01 0.0000e+00
      8.939    13.3726     0.0748      0.715  86.783458    112.913      6.493    84.0311     3.6676     1.7899     0.0544      0.123      8.763     12.710        903 1.2520e-01 0.0000e+00
      8.963    13.3696     0.0769      0.735  87.748383    114.379      6.493    82.6304     3.7606     1.7362     0.0551      0.134      8.787     12.744        904 1.2528e-01 0.0000e+00
      8.978    13.3697     0.0742      0.708  87.360248    113.858      6.498    81.2297     3.7606     1.8167     0.0549      0.131      8.803     12.767        905 1.2535e-01 0.0000e+00
      8.989    13.3714     0.0742      0.707  87.742239    114.122      6.501    81.4569     3.7606     1.9645     0.0550      0.116      8.815     12.784        906 1.2526e-01 0.0000e+00
      8.999    13.3754     0.0741      0.706  87.391946    114.305      6.504    80.0940     3.7606     1.8839     0.0551      0.099      8.827     12.803        907 1.2539e-01 0.0000e+00
      9.016    13.3790     0.0764      0.727  89.520868    115.796      6.504    78.6933     3.7768     1.8436     0.0557      0.086      8.845     12.829        908 1.2538e-01 0.0000e+00
      9.044    13.3710     0.0810      0.770  96.216124    126.266      6.505    78.8447     3.7606     1.8167     0.0605      0.077      8.869     12.865        909 1.2531e-01 0.0000e+00
      9.074    13.3551     0.0804      0.764  97.589480    126.544      6.506    77.7468     3.7606     1.7765     0.0607      0.073      8.894     12.901        910 1.2540e-01 0.0000e+00
      9.090    13.3411     0.0792      0.752  96.972725    126.754      6.504    77.1033     3.7687     1.8705     0.0608      0.072      8.912     12.926        911 1.2538e-01 0.0000e+00
      9.099    13.3290     0.0764      0.726  97.578659    126.880      6.509    76.1947     3.7364     1.8167     0.0608      0.072      8.925     12.945        912 1.2533e-01 0.0000e+00
      9.115    13.3066     0.0739      0.703  97.846920    127.841      6.509    75.0211     3.6434     1.6288     0.0613      0.073      8.943     12.971        913 1.2531e-01 0.0000e+00
      9.146    13.2666     0.0814      0.773 100.238784    130.404      6.510    73.8854     3.6312     1.6288     0.0624      0.078      8.969     13.009        914 1.2530e-01 0.0000e+00
      9.177    13.2242     0.0733      0.696 102.754448    134.541      6.507    73.0904     3.6231     1.6690     0.0643      0.083      8.999     13.053        915 1.2524e-01 0.0000e+00
      9.208    13.1795     0.0777      0.737 104.267657    135.783      6.509    72.5225     3.6029     1.5616     0.0649      0.087      9.033     13.102        916 1.2523e-01 0.0000e+00
      9.252    13.1280     0.0746      0.707 107.700055    141.179      6.507    71.3868     3.5948     1.7765     0.0674      0.095      9.073     13.158        917 1.2518e-01 0.0000e+00
      9.296    13.0842     0.0737      0.699 112.680387    147.258      6.508    71.6140     3.6191     1.8167     0.0702      0.108      9.110     13.213        918 1.2518e-01 0.0000e+00
      9.320    13.0591     0.0737      0.699 115.186327    151.507      6.508    70.0618     3.5948     1.8033     0.0721      0.121      9.135     13.249        919 1.2527e-01 0.0000e+00
      9.329    13.0491     0.0785      0.744 113.870050    149.139      6.516    68.8504     3.6070     1.7228     0.0710      0.125      9.147     13.266        920 1.2534e-01 0.0000e+00
      9.333    13.0460     0.0723      0.685 113.484750    149.238      6.523    67.7525     3.6272     1.6690     0.0710      0.117      9.152     13.273        921 1.2530e-01 0.0000e+00
      9.336    13.0508     0.0746      0.706 113.909142    149.644      6.527    66.5032     3.6110     1.5750     0.0712      0.101      9.157     13.281        922 1.2528e-01 0.0000e+00
      9.344    13.0486     0.0760      0.719 113.193060    148.735      6.534    64.9890     3.6474     1.6422     0.0708      0.082      9.169     13.299        923 1.2539e-01 0.0000e+00
      9.371    13.0172     0.0709      0.671 115.626484    151.740      6.539    63.6639     3.6312     1.6288     0.0722      0.067      9.192     13.332        924 1.2528e-01 0.0000e+00
      9.404    12.9760     0.0713      0.675 124.639302    163.656      6.546    62.7175     3.6474     1.5616     0.0777      0.058      9.222     13.375        925 1.2531e-01 0.0000e+00
      9.434    12.9506     0.0729      0.690 129.944440    171.587      6.552    61.6575     3.5989     1.6690     0.0814      0.059      9.253     13.420        926 1.2540e-01 0.0000e+00
      9.467    12.9411     0.0727      0.688 131.395970    171.995      6.557    61.2411     3.6231     1.6019     0.0816      0.071      9.285     13.467        927 1.2528e-01 0.0000e+00
      9.504    12.9391     0.0771      0.730 140.982242    186.395      6.561    59.6889     3.6231     1.6153     0.0883      0.089      9.319     13.515        928 1.2525e-01 0.0000e+00
      9.535    12.9294     0.0739      0.702 147.883183    194.735      6.570    58.8939     3.8658     1.8705     0.0922      0.106      9.349     13.559        929 1.2515e-01 0.0000e+00
      9.560    12.9021     0.0762      0.726 147.940349    195.078      6.576    56.9254     3.8738     1.8436     0.0924      0.118      9.376     13.598        930 1.2522e-01 0.0000e+00
      9.587    12.8713     0.0708      0.675 146.576567    193.200      6.579    56.9254     3.8779     1.8302     0.0915      0.122      9.400     13.634        931 1.2527e-01 0.0000e+00
      9.609    12.8516     0.0686      0.656 145.912272    192.303      6.587    54.8054     3.8738     1.7899     0.0911      0.119      9.422     13.665        932 1.2522e-01 0.0000e+00
      9.627    12.8407     0.0716      0.687 145.486701    192.388      6.593    54.3511     3.9951     2.1122     0.0911      0.112      9.442     13.694        933 1.2531e-01 0.0000e+00
      9.649    12.8389     0.0634      0.608 148.120205    194.935      6.605    53.5182     4.0073     2.0316     0.0923      0.105      9.462     13.724        934 1.2521e-01 0.0000e+00
      9.670    12.8412     0.0587      0.564 151.075217    200.675      6.615    52.7232     4.0275     2.0047     0.0950      0.097      9.481     13.751        935 1.2530e-01 0.0000e+00
      9.683    12.8415     0.0576      0.553 153.142977    200.980      6.629    51.2089     3.9871     2.0987     0.0951      0.088      9.496     13.773        936 1.2541e-01 0.0000e+00
