Data/DataNotYetUploadedToEDI/Raw_CTD/2018_RawDownloads/092118_fcr50.cnv
* Sea-Bird SBE19plus  Data File:
* FileName = C:\DATA\092118_bvr_0002.hex
* Software version 2.6.3.104
* Temperature SN = 7809
* Conductivity SN = 7809
* System UpLoad Time = Sep 21 2018 18:25:52
* <ApplicationData>
* <Seaterm232>
# nquan = 17
# nvalues = 949                         
# units = specified
# name 0 = depFM: Depth [fresh water, m]
# name 1 = tv290C: Temperature [ITS-90, deg C]
# name 2 = sbeox0Mg/L: Oxygen, SBE 43 [mg/l]
# name 3 = sbeox0PS: Oxygen, SBE 43 [% saturation]
# name 4 = c0uS/cm: Conductivity [uS/cm]
# name 5 = specc: Specific Conductance [uS/cm]
# name 6 = ph: pH
# name 7 = orp: Oxidation Reduction Potential [mV]
# name 8 = flECO-AFL: Fluorescence, WET Labs ECO-AFL/FL [mg/m^3]
# name 9 = turbWETntu0: Turbidity, WET Labs ECO [NTU]
# name 10 = sal00: Salinity, Practical [PSU]
# name 11 = dz/dtM: Descent Rate [m/s]
# name 12 = prdM: Pressure, Strain Gauge [db]
# name 13 = prdE: Pressure, Strain Gauge [psi]
# name 14 = scan: Scan Count
# name 15 = par/sat/log: PAR/Logarithmic, Satlantic
# name 16 = flag:  0.000e+00
# span 0 =     -0.523,      9.764       
# span 1 =    12.8389,    30.1886       
# span 2 =     0.0572,     9.7856       
# span 3 =      0.549,    117.961       
# span 4 =   1.736037, 272.130660       
# span 5 =      1.574,    354.645       
# span 6 =      6.294,      8.001       
# span 7 =    38.1482,  1240.2295       
# span 8 =    -1.3667,    14.0517       
# span 9 =    -0.3452,    24.1206       
# span 10 =     0.0136,     0.1687      
# span 11 = -1.551e-07,      0.247      
# span 12 =     -0.513,      9.574      
# span 13 =     -0.744,     13.887      
# span 14 =          1,        949      
# span 15 = 1.2353e-01, 1.5225e+03      
# span 16 = 0.0000e+00, 0.0000e+00      
# interval = seconds: 0.25
# start_time = Sep 21 2018 20:01:59 [Instrument's time stamp, header]
# bad_flag = -9.990e-29
*END*
[from data line 596]
      3.362    21.6928     1.8256     20.730  35.508913     37.997      6.851   234.0973     3.1136     1.3871     0.0240      0.024      3.297      4.783        597 3.4354e+01 0.0000e+00
      3.373    21.6567     1.7884     20.293  35.486094     37.952      6.848   234.0973     3.1055     1.3871     0.0240      0.030      3.309      4.799        598 3.3877e+01 0.0000e+00
      3.387    21.6269     1.7705     20.076  35.522256     38.041      6.842   234.4380     3.1177     1.3602     0.0240      0.036      3.322      4.817        599 3.3415e+01 0.0000e+00
      3.400    21.6113     1.7589     19.935  35.523240     38.069      6.838   233.4916     3.3643     1.3736     0.0240      0.041      3.334      4.836        600 3.3011e+01 0.0000e+00
      3.413    21.6063     1.7469     19.793  35.484886     38.034      6.835   234.2487     3.3765     1.4408     0.0240      0.044      3.346      4.853        601 3.2648e+01 0.0000e+00
      3.424    21.6056     1.7245     19.536  35.510687     38.107      6.831   233.7944     3.3886     1.4139     0.0240      0.046      3.358      4.870        602 3.2372e+01 0.0000e+00
      3.436    21.6137     1.6881     19.122  35.491140     38.051      6.827   233.8323     3.3643     1.3736     0.0240      0.047      3.369      4.886        603 3.1850e+01 0.0000e+00
      3.448    21.6200     1.6362     18.533  35.568531     38.172      6.825   234.7787     3.1298     1.4542     0.0240      0.048      3.379      4.900        604 3.1563e+01 0.0000e+00
      3.453    21.6202     1.5823     17.923  35.592324     38.165      6.818   234.1352     3.1379     1.4139     0.0240      0.046      3.386      4.910        605 3.1594e+01 0.0000e+00
      3.455    21.6256     1.5277     17.302  35.520843     38.099      6.817   234.0973     3.1419     1.4273     0.0240      0.042      3.391      4.918        606 3.1230e+01 0.0000e+00
      3.467    21.6199     1.4838     16.799  35.538852     38.100      6.813   234.5137     3.1096     1.4810     0.0240      0.039      3.401      4.933        607 3.0663e+01 0.0000e+00
      3.483    21.5862     1.4413     16.310  35.569911     38.155      6.812   234.2109     2.9802     1.1722     0.0240      0.038      3.414      4.952        608 3.0368e+01 0.0000e+00
      3.492    21.5498     1.3986     15.823  35.600823     38.159      6.804   234.5137     2.9721     1.3333     0.0240      0.037      3.426      4.969        609 2.9981e+01 0.0000e+00
      3.506    21.5245     1.3606     15.391  35.678336     38.308      6.799   235.4602     2.9559     1.1856     0.0241      0.038      3.437      4.986        610 2.9629e+01 0.0000e+00
      3.517    21.5074     1.3116     14.836  35.651410     38.277      6.794   234.9680     2.9964     1.2125     0.0240      0.040      3.448      5.002        611 2.9352e+01 0.0000e+00
      3.527    21.4978     1.2671     14.331  35.575032     38.238      6.789   235.1194     3.1177     1.4005     0.0240      0.042      3.457      5.014        612 2.9194e+01 0.0000e+00
      3.530    21.4930     1.2101     13.685  35.595451     38.252      6.780   234.9680     3.1096     1.4139     0.0240      0.042      3.462      5.021        613 2.9222e+01 0.0000e+00
      3.533    21.4926     1.1473     12.972  35.626007     38.320      6.774   234.7409     3.0975     1.4005     0.0240      0.040      3.468      5.030        614 2.8800e+01 0.0000e+00
      3.547    21.4923     1.0816     12.225  35.655642     38.324      6.772   235.2330     3.1339     1.5213     0.0240      0.037      3.479      5.046        615 2.8376e+01 0.0000e+00
      3.561    21.4843     1.0311     11.651  35.677207     38.384      6.762   235.8766     3.1136     1.4810     0.0241      0.036      3.493      5.066        616 2.7954e+01 0.0000e+00
      3.578    21.4662     0.9757     11.020  35.658489     38.325      6.757   235.8766     2.9155     1.3736     0.0240      0.038      3.509      5.089        617 2.7243e+01 0.0000e+00
      3.595    21.4453     0.9295     10.493  35.708595     38.421      6.749   236.1416     2.9478     1.3871     0.0241      0.041      3.523      5.110        618 2.7058e+01 0.0000e+00
      3.603    21.4308     0.8744      9.868  35.733488     38.436      6.744   235.3466     2.9034     1.3871     0.0241      0.044      3.535      5.127        619 2.6805e+01 0.0000e+00
      3.617    21.4253     0.8118      9.158  35.775810     38.513      6.737   235.9902     2.9317     1.4005     0.0241      0.048      3.546      5.143        620 2.6328e+01 0.0000e+00
      3.628    21.4205     0.7338      8.274  35.804225     38.556      6.724   237.0123     3.2066     1.4945     0.0241      0.052      3.556      5.157        621 2.6252e+01 0.0000e+00
      3.631    21.4162     0.6557      7.392  35.787107     38.530      6.711   236.5959     3.1905     1.4139     0.0241      0.051      3.563      5.167        622 2.6125e+01 0.0000e+00
      3.642    21.4112     0.5714      6.440  35.826777     38.595      6.712   237.1637     3.1783     1.4005     0.0241      0.047      3.573      5.182        623 2.5639e+01 0.0000e+00
      3.658    21.3995     0.4861      5.477  35.843834     38.598      6.708   237.2773     3.1945     1.4676     0.0241      0.044      3.586      5.200        624 2.5323e+01 0.0000e+00
      3.668    21.3835     0.4093      4.610  35.825198     38.602      6.702   236.6337     2.9883     1.5616     0.0241      0.042      3.598      5.218        625 2.5032e+01 0.0000e+00
      3.680    21.3641     0.3328      3.748  35.849973     38.612      6.702   236.5959     2.9802     1.4945     0.0241      0.041      3.611      5.237        626 2.4539e+01 0.0000e+00
      3.699    21.3427     0.2706      3.046  35.901983     38.715      6.701   237.6937     2.9802     1.4139     0.0242      0.044      3.628      5.261        627 2.4053e+01 0.0000e+00
      3.719    21.3219     0.2158      2.430  35.849456     38.641      6.699   237.7694     3.0004     1.3602     0.0241      0.048      3.645      5.287        628 2.3737e+01 0.0000e+00
      3.733    21.3031     0.1795      2.020  35.885694     38.719      6.694   237.9587     3.0692     1.6422     0.0242      0.053      3.662      5.312        629 2.3375e+01 0.0000e+00
      3.753    21.2836     0.1476      1.661  35.945872     38.797      6.691   237.6180     3.0570     1.6556     0.0242      0.060      3.680      5.338        630 2.2711e+01 0.0000e+00
      3.773    21.2641     0.1340      1.506  35.952525     38.813      6.682   237.6180     3.0328     1.6153     0.0242      0.064      3.697      5.362        631 2.2454e+01 0.0000e+00
      3.782    21.2488     0.1144      1.286  35.996057     38.890      6.672   237.5044     3.0166     1.6153     0.0242      0.065      3.710      5.380        632 2.2293e+01 0.0000e+00
      3.794    21.2336     0.1118      1.256  36.010343     38.906      6.667   238.1859     3.1096     2.0182     0.0242      0.065      3.722      5.397        633 2.1800e+01 0.0000e+00
      3.809    21.2181     0.1172      1.318  36.053393     38.979      6.663   238.5266     3.1379     2.0182     0.0242      0.063      3.734      5.415        634 2.1514e+01 0.0000e+00
      3.818    21.2031     0.1170      1.315  36.061125     38.992      6.659   237.9209     3.1096     2.0987     0.0243      0.059      3.744      5.431        635 2.1358e+01 0.0000e+00
      3.829    21.1890     0.1206      1.355  36.119363     39.066      6.657   238.2237     3.0772     1.9913     0.0243      0.054      3.753      5.444        636 2.1157e+01 0.0000e+00
      3.835    21.1800     0.1305      1.466  36.247856     39.230      6.650   238.1859     3.1015     1.9913     0.0243      0.049      3.760      5.453        637 2.1105e+01 0.0000e+00
      3.837    21.1724     0.1362      1.530  36.286792     39.272      6.645   237.8073     2.9276     1.8033     0.0244      0.042      3.768      5.464        638 2.1023e+01 0.0000e+00
      3.853    21.1543     0.1417      1.592  36.248868     39.249      6.645   238.8673     2.9115     1.8705     0.0243      0.038      3.786      5.491        639 2.0157e+01 0.0000e+00
      3.893    21.1310     0.1515      1.702  36.443354     39.437      6.637   239.9652     2.9357     1.8167     0.0244      0.046      3.814      5.531        640 1.9272e+01 0.0000e+00
      3.919    21.1116     0.1550      1.741  36.756591     39.846      6.617   239.8895     2.9276     1.8705     0.0246      0.054      3.836      5.564        641 1.9233e+01 0.0000e+00
      3.922    21.0937     0.1559      1.751  36.748845     39.806      6.613   240.1166     2.9721     1.8436     0.0246      0.059      3.845      5.577        642 1.9200e+01 0.0000e+00
      3.923    21.0852     0.1555      1.746  36.719940     39.822      6.604   239.3973     3.0125     1.8705     0.0246      0.060      3.848      5.582        643 1.9123e+01 0.0000e+00
      3.927    21.0884     0.1536      1.722  36.733252     39.839      6.605   239.2080     2.9964     1.8973     0.0246      0.058      3.853      5.589        644 1.8915e+01 0.0000e+00
      3.939    21.0911     0.1513      1.696  36.672966     39.785      6.601   239.3595     3.0085     1.8302     0.0245      0.056      3.862      5.601        645 1.8711e+01 0.0000e+00
      3.947    21.0881     0.1484      1.662  36.794969     39.904      6.596   239.3216     2.4505     1.8167     0.0246      0.050      3.870      5.613        646 1.8611e+01 0.0000e+00
      3.953    21.0765     0.1435      1.606  36.878021     40.022      6.592   239.4352     2.4626     1.8973     0.0246      0.040      3.879      5.625        647 1.8389e+01 0.0000e+00
      3.965    21.0614     0.1408      1.575  37.103488     40.207      6.590   239.4352     2.4667     1.9376     0.0247      0.030      3.889      5.640        648 1.8106e+01 0.0000e+00
      3.978    21.0546     0.1391      1.555  37.522832     40.763      6.586   238.0345     2.4626     1.9645     0.0249      0.029      3.901      5.657        649 1.7907e+01 0.0000e+00
      3.988    21.0547     0.1387      1.550  37.512922     40.686      6.584   238.2616     2.8427     1.8167     0.0249      0.034      3.911      5.672        650 1.7750e+01 0.0000e+00
      3.998    21.0497     0.1306      1.459  37.531077     40.752      6.584   238.6023     2.8548     1.7228     0.0249      0.038      3.920      5.686        651 1.7524e+01 0.0000e+00
      4.007    21.0398     0.1267      1.413  37.856177     41.086      6.581   238.2616     2.8589     1.8705     0.0251      0.039      3.930      5.701        652 1.7325e+01 0.0000e+00
      4.019    21.0199     0.1213      1.351  38.324462     41.605      6.580   239.2837     2.8589     1.8570     0.0253      0.040      3.943      5.719        653 1.6961e+01 0.0000e+00
      4.036    20.9818     0.1159      1.289  39.113638     42.466      6.579   239.3973     2.8670     1.9645     0.0256      0.043      3.956      5.738        654 1.6736e+01 0.0000e+00
      4.046    20.9535     0.1167      1.297  39.781025     43.241      6.572   237.0502     2.8508     2.0719     0.0260      0.045      3.966      5.753        655 1.6689e+01 0.0000e+00
      4.053    20.9236     0.1112      1.236  39.955990     43.432      6.570   237.9209     2.8589     2.0719     0.0260      0.044      3.975      5.766        656 1.6464e+01 0.0000e+00
      4.063    20.8715     0.1081      1.200  40.349460     43.883      6.564   238.0723     2.8548     2.0450     0.0262      0.043      3.985      5.780        657 1.6242e+01 0.0000e+00
      4.074    20.8293     0.1058      1.174  40.922955     44.580      6.564   238.9809     2.8508     2.1390     0.0265      0.043      3.997      5.797        658 1.6003e+01 0.0000e+00
      4.090    20.8137     0.1084      1.202  41.140895     44.815      6.558   238.6402     3.0368     2.0450     0.0266      0.044      4.010      5.816        659 1.5705e+01 0.0000e+00
      4.103    20.8072     0.1042      1.155  41.175899     44.948      6.555   236.5580     3.0732     2.0450     0.0266      0.045      4.023      5.834        660 1.5597e+01 0.0000e+00
      4.112    20.7717     0.1084      1.199  41.532077     45.268      6.549   237.1637     3.0287     1.9779     0.0268      0.044      4.035      5.852        661 1.5334e+01 0.0000e+00
      4.130    20.7046     0.1051      1.160  42.833704     46.769      6.547   237.2016     3.0409     2.0853     0.0274      0.046      4.051      5.876        662 1.4948e+01 0.0000e+00
      4.153    20.6349     0.1044      1.151  44.273331     48.362      6.539   237.9209     3.8698     2.2464     0.0281      0.051      4.071      5.905        663 1.4588e+01 0.0000e+00
      4.174    20.5749     0.1096      1.205  45.348083     49.597      6.532   239.0187     3.8738     2.1524     0.0286      0.058      4.091      5.933        664 1.4258e+01 0.0000e+00
      4.189    20.5308     0.1107      1.215  46.035943     50.469      6.522   237.2016     3.9143     2.1390     0.0289      0.062      4.107      5.956        665 1.4143e+01 0.0000e+00
      4.199    20.4969     0.1189      1.305  46.265905     50.720      6.517   237.4287     3.9102     2.2062     0.0290      0.064      4.121      5.977        666 1.3863e+01 0.0000e+00
      4.220    20.4585     0.1141      1.253  47.020402     51.628      6.512   237.3152     3.9628     2.2330     0.0294      0.066      4.138      6.001        667 1.3487e+01 0.0000e+00
      4.238    20.4194     0.1147      1.261  48.064504     52.835      6.501   237.8073     3.9628     2.2330     0.0299      0.068      4.153      6.024        668 1.3354e+01 0.0000e+00
      4.247    20.3862     0.1145      1.257  48.557311     53.402      6.494   237.9587     3.9183     2.2599     0.0301      0.067      4.165      6.041        669 1.3211e+01 0.0000e+00
      4.258    20.3481     0.1166      1.278  48.959315     53.880      6.489   236.7852     3.9709     2.1927     0.0303      0.063      4.177      6.059        670 1.3004e+01 0.0000e+00
      4.274    20.2916     0.1122      1.227  49.760394     54.812      6.489   236.4066     5.1597     2.1793     0.0307      0.058      4.194      6.083        671 1.2702e+01 0.0000e+00
      4.299    20.2056     0.1126      1.229  50.765711     55.968      6.484   236.5959     5.1516     2.2196     0.0312      0.059      4.217      6.115        672 1.2263e+01 0.0000e+00
      4.326    20.0944     0.1144      1.248  51.833751     57.211      6.473   237.2394     5.1476     2.2196     0.0317      0.064      4.241      6.150        673 1.1970e+01 0.0000e+00
      4.348    19.9870     0.1135      1.236  52.705375     58.309      6.462   238.6780     5.1718     2.1927     0.0322      0.069      4.261      6.180        674 1.1759e+01 0.0000e+00
      4.362    19.9067     0.1128      1.227  53.213259     58.981      6.446   237.9209     9.2276     2.6493     0.0324      0.072      4.275      6.199        675 1.1652e+01 0.0000e+00
      4.366    19.8882     0.1136      1.235  53.042133     58.998      6.434   238.3373     9.2276     2.6359     0.0324      0.071      4.280      6.208        676 1.1650e+01 0.0000e+00
      4.367    19.9363     0.1171      1.273  52.502843     58.387      6.428   238.6780     9.2438     2.6090     0.0321      0.067      4.282      6.212        677 1.1544e+01 0.0000e+00
      4.369    19.9696     0.1131      1.228  52.519005     58.539      6.426   239.0945     9.2681     2.6359     0.0322      0.058      4.287      6.217        678 1.1521e+01 0.0000e+00
      4.376    19.9151     0.1153      1.249  52.754877     58.658      6.429   240.4952     7.6910     2.6359     0.0323      0.047      4.297      6.232        679 1.1297e+01 0.0000e+00
      4.402    19.7873     0.1174      1.270  53.515367     59.486      6.431   239.4730     7.6506     2.5956     0.0326      0.040      4.316      6.259        680 1.0896e+01 0.0000e+00
