Data/DataNotYetUploadedToEDI/Raw_CTD/2018_RawDownloads/092118_fcr50.cnv
* Sea-Bird SBE19plus  Data File:
* FileName = C:\DATA\092118_bvr_0002.hex
* Software version 2.6.3.104
* Temperature SN = 7809
* Conductivity SN = 7809
* System UpLoad Time = Sep 21 2018 18:25:52
* <ApplicationData>
* <Seaterm232>
# nquan = 17
# nvalues = 949                         
# units = specified
# name 0 = depFM: Depth [fresh water, m]
# name 1 = tv290C: Temperature [ITS-90, deg C]
# name 2 = sbeox0Mg/L: Oxygen, SBE 43 [mg/l]
# name 3 = sbeox0PS: Oxygen, SBE 43 [% saturation]
# name 4 = c0uS/cm: Conductivity [uS/cm]
# name 5 = specc: Specific Conductance [uS/cm]
# name 6 = ph: pH
# name 7 = orp: Oxidation Reduction Potential [mV]
# name 8 = flECO-AFL: Fluorescence, WET Labs ECO-AFL/FL [mg/m^3]
# name 9 = turbWETntu0: Turbidity, WET Labs ECO [NTU]
# name 10 = sal00: Salinity, Practical [PSU]
# name 11 = dz/dtM: Descent Rate [m/s]
# name 12 = prdM: Pressure, Strain Gauge [db]
# name 13 = prdE: Pressure, Strain Gauge [psi]
# name 14 = scan: Scan Count
# name 15 = par/sat/log: PAR/Logarithmic, Satlantic
# name 16 = flag:  0.000e+00
# span 0 =     -0.523,      9.764       
# span 1 =    12.8389,    30.1886       
# span 2 =     0.0572,     9.7856       
# span 3 =      0.549,    117.961       
# span 4 =   1.736037, 272.130660       
# span 5 =      1.574,    354.645       
# span 6 =      6.294,      8.001       
# span 7 =    38.1482,  1240.2295       
# span 8 =    -1.3667,    14.0517       
# span 9 =    -0.3452,    24.1206       
# span 10 =     0.0136,     0.1687      
# span 11 = -1.551e-07,      0.247      
# span 12 =     -0.513,      9.574      
# span 13 =     -0.744,     13.887      
# span 14 =          1,        949      
# span 15 = 1.2353e-01, 1.5225e+03      
# span 16 = 0.0000e+00, 0.0000e+00      
# interval = seconds: 0.25
# start_time = Sep 21 2018 20:01:59 [Instrument's time stamp, header]
# bad_flag = -9.990e-29
*END*
[from data line 937]
      9.715    12.9079 -9.990e-29 -9.990e-29 154.947332    201.858      6.650    49.5053     4.2297     2.0719     0.0955      0.075      9.526     13.817        938 1.2530e-01 0.0000e+00
      9.728    13.0162 -9.990e-29 -9.990e-29 189.391972    251.585      6.663    49.6568     4.1812     1.9913     0.1190      0.069      9.538     13.834        939 1.2541e-01 0.0000e+00
      9.735    13.1120 -9.990e-29 -9.990e-29 220.908221    291.617      6.671    48.8996     4.2175     2.1256     0.1382      0.063      9.546     13.845        940 1.2529e-01 0.0000e+00
      9.740    13.2002 -9.990e-29 -9.990e-29 231.264176    303.825      6.683    47.6882     4.4642     2.1793     0.1441      0.056      9.552     13.854        941 1.2525e-01 0.0000e+00
      9.746    13.2941 -9.990e-29 -9.990e-29 245.247445    321.806      6.690    47.7260     4.4359     2.1390     0.1528      0.048      9.557     13.861        942 1.2527e-01 0.0000e+00
      9.751    13.3897 -9.990e-29 -9.990e-29 258.836967    338.931      6.702    46.4010     4.4561     2.1122     0.1610      0.040      9.562     13.868        943 1.2522e-01 0.0000e+00
      9.755    13.4636 -9.990e-29 -9.990e-29 267.523216    349.219      6.709    44.3567     4.4925     2.1927     0.1661      0.034      9.566     13.875        944 1.2529e-01 0.0000e+00
      9.759    13.5218 -9.990e-29 -9.990e-29 272.130660    354.645      6.715    42.1610     3.8779     1.8167     0.1687      0.028      9.570     13.880        945 1.2542e-01 0.0000e+00
      9.761    13.5013 -9.990e-29 -9.990e-29 270.470494    351.589      6.723    40.6846     3.9021     1.8705     0.1673      0.022      9.573     13.884        946 1.2532e-01 0.0000e+00
      9.763    13.4429 -9.990e-29 -9.990e-29 266.858833    346.190      6.731    38.9053     3.8981     1.8033     0.1647      0.017      9.574     13.886        947 1.2524e-01 0.0000e+00
      9.763 -9.990e-29 -9.990e-29 -9.990e-29 260.306658    338.488      6.737    38.1482     3.8900     1.8436     0.1610      0.015      9.574     13.887        948 1.2529e-01 0.0000e+00
      9.764 -9.990e-29 -9.990e-29 -9.990e-29 254.631985    330.289      6.743    38.1860     3.8213     1.7362     0.1570      0.012      9.574     13.887        949 1.2521e-01 0.0000e+00
