Data/DataNotYetUploadedToEDI/Raw_CTD/2018_RawDownloads/092418_fcr30.cnv
* Sea-Bird SBE19plus  Data File:
* FileName = C:\DATA\092418_fcr_0003.hex
* Software version 2.6.3.104
* Temperature SN = 7809
* Conductivity SN = 7809
* System UpLoad Time = Sep 24 2018 16:48:20
* <ApplicationData>
* <Seaterm232>
# nquan = 17
# nvalues = 636                         
# units = specified
# name 0 = depFM: Depth [fresh water, m]
# name 1 = tv290C: Temperature [ITS-90, deg C]
# name 2 = sbeox0Mg/L: Oxygen, SBE 43 [mg/l]
# name 3 = sbeox0PS: Oxygen, SBE 43 [% saturation]
# name 4 = c0uS/cm: Conductivity [uS/cm]
# name 5 = specc: Specific Conductance [uS/cm]
# name 6 = ph: pH
# name 7 = orp: Oxidation Reduction Potential [mV]
# name 8 = flECO-AFL: Fluorescence, WET Labs ECO-AFL/FL [mg/m^3]
# name 9 = turbWETntu0: Turbidity, WET Labs ECO [NTU]
# name 10 = sal00: Salinity, Practical [PSU]
# name 11 = dz/dtM: Descent Rate [m/s]
# name 12 = prdM: Pressure, Strain Gauge [db]
# name 13 = prdE: Pressure, Strain Gauge [psi]
# name 14 = scan: Scan Count
# name 15 = par/sat/log: PAR/Logarithmic, Satlantic
# name 16 = flag:  0.000e+00
# span 0 =     -0.490,      5.633       
# span 1 =    17.2547,    22.0608       
# span 2 =    -0.7277,     9.1058       
# span 3 =     -7.997,     99.899       
# span 4 =   0.624054,  66.498425       
# span 5 =      0.711,     78.665       
# span 6 =      6.330,      7.834       
# span 7 =   166.1435,   495.8423       
# span 8 =    -0.2224,     5.2770       
# span 9 =    -0.4660,   105.7759       
# span 10 =     0.0094,     0.0403      
# span 11 =     -0.261,      0.240      
# span 12 =     -0.479,      5.523      
# span 13 =     -0.695,      8.011      
# span 14 =          1,        636      
# span 15 = 2.0524e-01, 4.0581e+02      
# span 16 = 0.0000e+00, 0.0000e+00      
# interval = seconds: 0.25
# start_time = Sep 24 2018 14:42:29 [Instrument's time stamp, header]
# bad_flag = -9.990e-29
*END*
[from data line 171]
      0.280    20.9765     4.2042     47.653  33.629758     36.556      6.889   254.3131     3.1986     2.0182     0.0232     -0.001      0.273      0.397        172 1.0849e+02 0.0000e+00
      0.276    20.9701     4.4466     50.630  33.624168     36.560      6.878   254.1616     3.1622     2.1659     0.0232     -0.002      0.271      0.393        173 1.0973e+02 0.0000e+00
      0.274    20.9684     4.8419     55.263  33.632819     36.566      6.872   254.2752     3.1500     2.1256     0.0232     -0.002      0.270      0.391        174 1.1306e+02 0.0000e+00
      0.274    20.9694     5.3322     60.936  33.678305     36.632      6.872   254.3131     3.1622     2.2330     0.0232     -0.003      0.270      0.391        175 1.1219e+02 0.0000e+00
      0.276    20.9726     5.7841     66.147  33.626875     36.573      6.884   254.5024     3.0328     2.1927     0.0232     -0.003      0.271      0.392        176 1.1229e+02 0.0000e+00
      0.277    20.9740     6.1841     70.750  33.578203     36.511      6.895   254.6538     3.0449     2.1122     0.0231     -0.002      0.272      0.394        177 1.1294e+02 0.0000e+00
      0.277    20.9777     6.5189     74.596  33.620255     36.570      6.907   254.6538     3.0206     2.1122     0.0232     -0.002      0.272      0.394        178 1.1021e+02 0.0000e+00
      0.277    20.9764     6.7505     77.254  33.693162     36.629      6.908   254.9188     3.0247     2.1256     0.0232     -0.001      0.272      0.394        179 1.1153e+02 0.0000e+00
      0.277    20.9901     6.8729     78.659  33.606091     36.566      6.902   254.5781     3.0328     2.2464     0.0232      0.000      0.273      0.395        180 1.1210e+02 0.0000e+00
      0.280    21.1824     6.9047     79.024  33.728613     36.626      6.898   255.1081     3.0247     2.0987     0.0232      0.002      0.273      0.396        181 1.1053e+02 0.0000e+00
      0.278    21.5216     6.8565     78.472  34.252423     37.287      6.900   254.8052     3.0368     2.1927     0.0235      0.002      0.272      0.395        182 1.1031e+02 0.0000e+00
      0.276    21.7630     6.7907     77.715  34.377671     37.194      6.898   255.3352     3.0004     2.1256     0.0235      0.001      0.271      0.392        183 1.1295e+02 0.0000e+00
      0.273    21.8846     6.7219     76.924  34.343708     36.914      6.896   254.5024     3.0085     2.1927     0.0235     -0.001      0.270      0.391        184 1.1341e+02 0.0000e+00
      0.275    21.9522     6.6605     76.222  34.413181     36.788      6.905   254.7674     2.9762     2.1390     0.0235     -0.001      0.271      0.392        185 1.1368e+02 0.0000e+00
      0.279    21.9878     6.5956     75.483  34.350413     36.631      6.910   254.5781     2.9559     2.0182     0.0235     -0.000      0.274      0.397        186 1.1610e+02 0.0000e+00
      0.282    22.0093     6.5455     74.913  34.332788     36.551      6.909   254.9945     2.9762     2.1122     0.0234      0.001      0.275      0.399        187 1.1528e+02 0.0000e+00
      0.280    22.0200     6.4977     74.371  34.346112     36.552      6.917   255.6381     2.9478     2.1122     0.0235      0.001      0.275      0.398        188 1.1538e+02 0.0000e+00
      0.280    22.0255     6.4563     73.899  34.304155     36.476      6.915   255.9031     2.9721     2.1390     0.0234      0.002      0.275      0.398        189 1.1135e+02 0.0000e+00
      0.280    22.0275     6.4228     73.517  34.355336     36.527      6.886   255.4109     2.9721     2.1524     0.0235      0.003      0.276      0.399        190 1.1160e+02 0.0000e+00
      0.282    22.0289     6.3994     73.253  34.401039     36.582      6.875   255.5624     2.9600     2.1524     0.0235      0.004      0.276      0.400        191 1.1387e+02 0.0000e+00
      0.280    22.0283     6.3865     73.107  34.306588     36.462      6.878   255.3731     2.9762     2.0987     0.0234      0.003      0.275      0.399        192 1.1191e+02 0.0000e+00
      0.279    22.0263     6.3828     73.064  34.324595     36.491      6.881   255.9788     3.0287     2.3270     0.0234      0.001      0.274      0.397        193 1.1355e+02 0.0000e+00
      0.279    22.0240     6.3805     73.034  34.348974     36.521      6.877   256.1681     3.0328     2.3673     0.0235     -0.000      0.273      0.396        194 1.1513e+02 0.0000e+00
      0.277    22.0244     6.3784     73.006  34.365218     36.522      6.869   255.9788     3.0206     2.2599     0.0235     -0.002      0.271      0.393        195 1.1712e+02 0.0000e+00
      0.273    22.0270     6.3771     72.985  34.393348     36.584      6.895   256.1681     3.0449     2.2867     0.0235     -0.003      0.268      0.389        196 1.1761e+02 0.0000e+00
      0.272    22.0294     6.3773     72.982  34.373280     36.524      6.926   256.0545     2.9681     2.6493     0.0235     -0.004      0.267      0.387        197 1.1703e+02 0.0000e+00
      0.273    22.0319     6.3685     72.880  34.390191     36.581      6.946   256.2438     3.0085     2.7567     0.0235     -0.005      0.267      0.388        198 1.1791e+02 0.0000e+00
      0.273    22.0335     6.3614     72.801  34.342645     36.490      6.950   256.3574     2.9842     2.6896     0.0234     -0.005      0.267      0.388        199 1.1622e+02 0.0000e+00
      0.272    22.0349     6.3485     72.654  34.343482     36.518      6.950   256.0545     2.9721     2.6359     0.0235     -0.004      0.267      0.388        200 1.1505e+02 0.0000e+00
      0.272    22.0369     6.3378     72.532  34.359493     36.517      6.962   256.1302     2.9559     2.6627     0.0235     -0.004      0.268      0.388        201 1.1430e+02 0.0000e+00
      0.274    22.0389     6.3359     72.511  34.352374     36.516      6.977   256.4709     3.0085     2.0719     0.0235     -0.002      0.268      0.389        202 1.1318e+02 0.0000e+00
      0.273    22.0383     6.3457     72.624  34.352340     36.514      6.986   256.6981     3.0611     2.1256     0.0235     -0.001      0.268      0.389        203 1.1394e+02 0.0000e+00
      0.273    22.0360     6.3510     72.683  34.359535     36.513      6.994   256.2438     3.0247     2.0987     0.0235      0.000      0.269      0.389        204 1.1429e+02 0.0000e+00
      0.275    22.0329     6.3663     72.856  34.373076     36.543      6.991   257.2659     3.0368     2.0584     0.0235      0.001      0.269      0.389        205 1.1587e+02 0.0000e+00
      0.272    22.0286     6.3772     72.978  34.365144     36.515      6.990   257.0388     2.9559     1.9779     0.0235      0.000      0.268      0.388        206 1.1628e+02 0.0000e+00
      0.271    22.0251     6.3786     72.995  34.399064     36.577      6.988   256.5466     2.9923     2.0987     0.0235     -0.000      0.268      0.388        207 1.1556e+02 0.0000e+00
      0.278    22.0240     6.3767     72.976  34.419836     36.580      6.991   257.2659     2.9802     2.2062     0.0235      0.001      0.271      0.393        208 1.1563e+02 0.0000e+00
      0.280    22.0248     6.3676     72.875  34.398608     36.583      6.991   257.8717     2.9438     2.1659     0.0235      0.003      0.271      0.394        209 1.1612e+02 0.0000e+00
      0.273    22.0258     6.3550     72.730  34.425482     36.584      6.991   257.3416     2.9883     2.2196     0.0235      0.002      0.265      0.384        210 1.1845e+02 0.0000e+00
      0.257    22.0265     6.3473     72.641  34.475361     36.672      6.992   256.7738     2.9964     2.2196     0.0235     -0.003      0.254      0.368        211 1.2124e+02 0.0000e+00
      0.247    22.0268     6.3438     72.599  34.484815     36.642      6.992   257.3038     2.9923     2.2196     0.0235     -0.010      0.246      0.356        212 1.2181e+02 0.0000e+00
      0.247    22.0270     6.3446     72.606  34.502684     36.700      6.997   257.3416     2.9762     2.1927     0.0235     -0.014      0.244      0.354        213 1.1976e+02 0.0000e+00
      0.252    22.0264     6.3468     72.633  34.482779     36.641      6.996   257.6824     3.0166     2.1122     0.0235     -0.015      0.247      0.358        214 1.1979e+02 0.0000e+00
      0.256    22.0243     6.3558     72.735  34.450273     36.640      6.998   257.9474     3.0247     2.0719     0.0235     -0.015      0.249      0.361        215 1.2161e+02 0.0000e+00
      0.253    22.0226     6.3689     72.884  34.454167     36.611      6.992   258.0988     3.0409     2.1122     0.0235     -0.014      0.248      0.359        216 1.2268e+02 0.0000e+00
      0.248    22.0234     6.3736     72.938  34.448277     36.643      6.987   258.1367     3.0328     2.1659     0.0235     -0.012      0.244      0.354        217 1.2417e+02 0.0000e+00
      0.245    22.0252     6.3797     73.007  34.368638     36.525      6.981   257.8717     3.0045     2.0450     0.0235     -0.008      0.242      0.351        218 1.2293e+02 0.0000e+00
      0.248    22.0269     6.3797     73.006  34.404997     36.584      6.975   258.1745     3.0247     2.0719     0.0235     -0.003      0.244      0.354        219 1.1817e+02 0.0000e+00
      0.253    22.0271     6.3828     73.041  34.462340     36.642      6.969   258.0988     3.0166     2.1256     0.0235      0.000      0.248      0.359        220 1.1825e+02 0.0000e+00
      0.255    22.0258     6.3703     72.900  34.356588     36.522      6.962   258.4774     3.0409     2.1122     0.0235      0.001      0.249      0.361        221 1.1978e+02 0.0000e+00
      0.254    22.0244     6.3638     72.831  34.388321     36.551      6.958   258.3259     3.0166     2.1659     0.0235      0.000      0.249      0.361        222 1.1971e+02 0.0000e+00
      0.253    22.0240     6.3666     72.865  34.452504     36.642      6.958   258.3259     3.0287     2.0450     0.0235      0.001      0.249      0.360        223 1.1935e+02 0.0000e+00
      0.254    22.0246     6.3684     72.882  34.365684     36.524      6.957   258.8559     3.0125     2.2733     0.0235      0.003      0.249      0.361        224 1.1927e+02 0.0000e+00
      0.254    22.0242     6.3692     72.885  34.348086     36.524      6.959   258.9695     3.0409     2.0987     0.0235      0.004      0.249      0.361        225 1.2061e+02 0.0000e+00
      0.253    22.0235     6.3704     72.895  34.415090     36.583      6.956   259.2724     3.0287     2.2196     0.0235      0.003      0.248      0.360        226 1.2124e+02 0.0000e+00
      0.253    22.0229     6.3775     72.977  34.400922     36.583      6.951   259.2345     3.0085     2.2867     0.0235      0.001      0.248      0.359        227 1.2079e+02 0.0000e+00
      0.252    22.0224     6.3837     73.047  34.395374     36.554      6.942   258.8938     3.0085     2.2599     0.0235     -0.001      0.248      0.359        228 1.1887e+02 0.0000e+00
      0.252    22.0223     6.3875     73.089  34.392340     36.584      6.937   259.5374     3.0328     2.1927     0.0235     -0.001      0.248      0.359        229 1.1877e+02 0.0000e+00
      0.251    22.0220     6.3886     73.105  34.375044     36.525      6.934   259.2345     3.0247     2.3404     0.0235     -0.001      0.247      0.358        230 1.2007e+02 0.0000e+00
      0.251    22.0236     6.3812     73.023  34.387244     36.585      6.935   259.6888     3.1136     2.1390     0.0235     -0.001      0.247      0.358        231 1.2138e+02 0.0000e+00
      0.252    22.0271     6.3811     73.024  34.317845     36.466      6.937   259.5374     3.0772     2.0853     0.0234     -0.001      0.248      0.359        232 1.2041e+02 0.0000e+00
      0.253    22.0287     6.3769     72.975  34.342783     36.524      6.937   259.8402     3.0853     2.1659     0.0235     -0.001      0.249      0.360        233 1.1973e+02 0.0000e+00
      0.254    22.0261     6.3774     72.979  34.385863     36.551      6.933   259.6888     3.0934     2.1659     0.0235      0.000      0.249      0.360        234 1.2138e+02 0.0000e+00
      0.253    22.0213     6.3718     72.916  34.353201     36.520      6.926   259.6888     3.0853     2.2196     0.0235      0.001      0.248      0.360        235 1.2066e+02 0.0000e+00
      0.253    22.0192     6.3604     72.785  34.353774     36.522      6.928   260.0295     3.1177     2.2062     0.0235      0.001      0.248      0.360        236 1.2038e+02 0.0000e+00
      0.254    22.0196     6.3544     72.716  34.355494     36.526      6.927   259.9538     3.1015     2.1256     0.0235      0.001      0.249      0.361        237 1.2019e+02 0.0000e+00
      0.254    22.0187     6.3522     72.689  34.351063     36.528      6.925   260.4459     3.0772     2.1390     0.0235      0.001      0.249      0.361        238 1.1995e+02 0.0000e+00
      0.254    22.0184     6.3573     72.746  34.359290     36.527      6.928   260.8245     2.9964     2.2062     0.0235      0.001      0.249      0.361        239 1.2167e+02 0.0000e+00
      0.253    22.0203     6.3653     72.840  34.374911     36.558      6.928   261.2409     2.9802     2.1927     0.0235      0.000      0.249      0.360        240 1.2186e+02 0.0000e+00
      0.253    22.0223     6.3687     72.884  34.361277     36.529      6.932   261.2409     2.9559     2.1390     0.0235      0.000      0.248      0.360        241 1.2020e+02 0.0000e+00
      0.252    22.0234     6.3753     72.963  34.346601     36.527      6.933   261.2409     2.9681     2.0853     0.0235     -0.000      0.247      0.358        242 1.2161e+02 0.0000e+00
      0.250    22.0227     6.3784     72.999  34.363520     36.525      6.931   260.7867     2.9883     2.1256     0.0235     -0.001      0.246      0.357        243 1.2447e+02 0.0000e+00
      0.251    22.0219     6.3823     73.044  34.399534     36.584      6.932   260.6731     3.1096     2.2062     0.0235     -0.002      0.247      0.357        244 1.2082e+02 0.0000e+00
      0.253    22.0225     6.3817     73.039  34.420407     36.585      6.933   260.7488     3.0934     2.1659     0.0235     -0.002      0.248      0.359        245 1.2126e+02 0.0000e+00
      0.254    22.0224     6.3783     73.001  34.426513     36.615      6.937   261.2788     3.1015     2.0719     0.0235     -0.001      0.249      0.361        246 1.2265e+02 0.0000e+00
      0.255    22.0218     6.3802     73.023  34.362278     36.525      6.939   261.4681     3.0813     2.2599     0.0235      0.000      0.250      0.362        247 1.2194e+02 0.0000e+00
      0.255    22.0206     6.3790     73.009  34.352065     36.525      6.939   261.8088     3.1055     2.1793     0.0235      0.001      0.251      0.363        248 1.2295e+02 0.0000e+00
      0.255    22.0195     6.3753     72.966  34.350255     36.526      6.937   261.9602     3.1136     2.1390     0.0235      0.002      0.251      0.363        249 1.1989e+02 0.0000e+00
      0.255    22.0215     6.3754     72.967  34.364531     36.527      6.924   261.8088     3.0934     2.2062     0.0235      0.003      0.250      0.363        250 1.2176e+02 0.0000e+00
      0.254    22.0251     6.3796     73.017  34.423267     36.617      6.903   261.5059     3.1298     2.2867     0.0235      0.003      0.250      0.362        251 1.2279e+02 0.0000e+00
      0.254    22.0275     6.3815     73.040  34.366127     36.526      6.893   262.0738     3.0894     2.0719     0.0235      0.001      0.250      0.362        252 1.2101e+02 0.0000e+00
      0.254    22.0280     6.3798     73.021  34.405985     36.583      6.884   261.7331     3.1015     2.1256     0.0235      0.000      0.250      0.363        253 1.1959e+02 0.0000e+00
      0.256    22.0279     6.3733     72.947  34.403320     36.581      6.879   262.1117     3.1136     2.2196     0.0235      0.000      0.251      0.364        254 1.2092e+02 0.0000e+00
      0.258    22.0293     6.3696     72.905  34.369441     36.521      6.874   262.5281     3.1055     2.1793     0.0235      0.001      0.252      0.365        255 1.2574e+02 0.0000e+00
