Data/DataNotYetUploadedToEDI/Raw_CTD/2018_RawDownloads/092418_fcr30.cnv
* Sea-Bird SBE19plus  Data File:
* FileName = C:\DATA\092418_fcr_0003.hex
* Software version 2.6.3.104
* Temperature SN = 7809
* Conductivity SN = 7809
* System UpLoad Time = Sep 24 2018 16:48:20
* <ApplicationData>
* <Seaterm232>
# nquan = 17
# nvalues = 636                         
# units = specified
# name 0 = depFM: Depth [fresh water, m]
# name 1 = tv290C: Temperature [ITS-90, deg C]
# name 2 = sbeox0Mg/L: Oxygen, SBE 43 [mg/l]
# name 3 = sbeox0PS: Oxygen, SBE 43 [% saturation]
# name 4 = c0uS/cm: Conductivity [uS/cm]
# name 5 = specc: Specific Conductance [uS/cm]
# name 6 = ph: pH
# name 7 = orp: Oxidation Reduction Potential [mV]
# name 8 = flECO-AFL: Fluorescence, WET Labs ECO-AFL/FL [mg/m^3]
# name 9 = turbWETntu0: Turbidity, WET Labs ECO [NTU]
# name 10 = sal00: Salinity, Practical [PSU]
# name 11 = dz/dtM: Descent Rate [m/s]
# name 12 = prdM: Pressure, Strain Gauge [db]
# name 13 = prdE: Pressure, Strain Gauge [psi]
# name 14 = scan: Scan Count
# name 15 = par/sat/log: PAR/Logarithmic, Satlantic
# name 16 = flag:  0.000e+00
# span 0 =     -0.490,      5.633       
# span 1 =    17.2547,    22.0608       
# span 2 =    -0.7277,     9.1058       
# span 3 =     -7.997,     99.899       
# span 4 =   0.624054,  66.498425       
# span 5 =      0.711,     78.665       
# span 6 =      6.330,      7.834       
# span 7 =   166.1435,   495.8423       
# span 8 =    -0.2224,     5.2770       
# span 9 =    -0.4660,   105.7759       
# span 10 =     0.0094,     0.0403      
# span 11 =     -0.261,      0.240      
# span 12 =     -0.479,      5.523      
# span 13 =     -0.695,      8.011      
# span 14 =          1,        636      
# span 15 = 2.0524e-01, 4.0581e+02      
# span 16 = 0.0000e+00, 0.0000e+00      
# interval = seconds: 0.25
# start_time = Sep 24 2018 14:42:29 [Instrument's time stamp, header]
# bad_flag = -9.990e-29
*END*
[from data line 256]
      0.254    22.0301     6.3775     72.995  34.349530     36.490      6.873   262.1874     3.0166     2.0719     0.0234      0.000      0.249      0.361        257 1.2462e+02 0.0000e+00
      0.252    22.0297     6.3778     72.998  34.388697     36.579      6.882   262.4524     3.0247     2.1927     0.0235     -0.000      0.249      0.360        258 1.2227e+02 0.0000e+00
      0.253    22.0291     6.3723     72.935  34.369748     36.519      6.888   262.7174     3.0409     2.1390     0.0235     -0.001      0.249      0.361        259 1.2101e+02 0.0000e+00
      0.254    22.0296     6.3742     72.955  34.343457     36.520      6.892   263.3988     3.1096     1.9913     0.0235     -0.001      0.249      0.361        260 1.2170e+02 0.0000e+00
      0.254    22.0305     6.3794     73.013  34.362103     36.520      6.894   263.0960     3.0692     2.0719     0.0235     -0.001      0.249      0.362        261 1.1921e+02 0.0000e+00
      0.255    22.0317     6.3724     72.933  34.346542     36.520      6.898   263.0960     3.1015     2.2196     0.0235     -0.001      0.251      0.365        262 1.2302e+02 0.0000e+00
      0.260    22.0324     6.3749     72.962  34.333166     36.489      6.901   263.1338     3.1015     2.2464     0.0234      0.000      0.255      0.370        263 1.2329e+02 0.0000e+00
      0.264    22.0328     6.3688     72.893  34.349093     36.518      6.900   263.4367     3.0692     2.1256     0.0235      0.004      0.260      0.377        264 1.2013e+02 0.0000e+00
      0.270    22.0331     6.3665     72.866  34.356376     36.517      6.903   262.7552     3.0934     2.0987     0.0235      0.008      0.266      0.386        265 1.1890e+02 0.0000e+00
      0.280    22.0330     6.3634     72.833  34.353756     36.517      6.916   263.2095     3.0975     2.0987     0.0235      0.012      0.275      0.399        266 1.1381e+02 0.0000e+00
      0.292    22.0323     6.3599     72.795  34.352353     36.517      6.927   263.4367     3.1015     2.1256     0.0235      0.018      0.285      0.413        267 1.0883e+02 0.0000e+00
      0.300    22.0318     6.3630     72.829  34.358125     36.517      6.936   263.8152     3.1217     2.1390     0.0235      0.023      0.292      0.423        268 1.0769e+02 0.0000e+00
      0.300    22.0316     6.3618     72.808  34.376231     36.547      6.927   264.1560     3.1702     2.3807     0.0235      0.026      0.292      0.423        269 1.0711e+02 0.0000e+00
      0.294    22.0303     6.3617     72.805  34.359477     36.518      6.922   263.4367     3.1581     2.2464     0.0235      0.024      0.289      0.419        270 1.0955e+02 0.0000e+00
      0.291    22.0292     6.3605     72.793  34.349319     36.518      6.924   263.7774     3.1581     2.2464     0.0235      0.019      0.287      0.416        271 1.1200e+02 0.0000e+00
      0.294    22.0294     6.3626     72.821  34.359217     36.519      6.924   263.7774     3.1662     2.3136     0.0235      0.014      0.289      0.419        272 1.1253e+02 0.0000e+00
      0.299    22.0300     6.3609     72.805  34.347159     36.520      6.918   263.5881     2.9600     2.1927     0.0235      0.010      0.294      0.426        273 1.1293e+02 0.0000e+00
      0.305    22.0304     6.3615     72.812  34.364325     36.520      6.892   264.1560     2.9478     2.0719     0.0235      0.007      0.300      0.435        274 1.0895e+02 0.0000e+00
      0.313    22.0303     6.3618     72.815  34.367510     36.549      6.871   263.5881     2.9842     2.1390     0.0235      0.006      0.309      0.448        275 1.0394e+02 0.0000e+00
      0.327    22.0313     6.3684     72.889  34.313538     36.460      6.866   263.4745     2.9640     2.0719     0.0234      0.012      0.320      0.464        276 9.7516e+01 0.0000e+00
      0.339    22.0337     6.3701     72.908  34.342523     36.519      6.859   264.1181     3.0206     2.2196     0.0235      0.020      0.329      0.477        277 9.1677e+01 0.0000e+00
      0.341    22.0324     6.3689     72.891  34.361095     36.518      6.839   263.7017     3.0206     2.1659     0.0235      0.027      0.332      0.482        278 9.2291e+01 0.0000e+00
      0.338    22.0273     6.3658     72.857  34.349738     36.517      6.817   263.5881     3.0328     2.2464     0.0235      0.028      0.331      0.480        279 9.1231e+01 0.0000e+00
      0.335    22.0257     6.3573     72.764  34.356656     36.517      6.822   263.3231     3.0166     2.1256     0.0235      0.024      0.328      0.476        280 9.0629e+01 0.0000e+00
      0.332    22.0277     6.3556     72.749  34.322829     36.492      6.842   264.4967     2.9438     2.0182     0.0234      0.019      0.324      0.471        281 9.2583e+01 0.0000e+00
      0.325    22.0301     6.3548     72.747  34.302867     36.463      6.862   263.8910     2.9802     2.1390     0.0234      0.010      0.318      0.462        282 9.7694e+01 0.0000e+00
      0.318    22.0317     6.3662     72.879  34.351844     36.521      6.871   263.4745     2.9842     2.1659     0.0235     -0.000      0.313      0.454        283 1.0243e+02 0.0000e+00
      0.315    22.0320     6.3651     72.868  34.410161     36.579      6.882   263.7774     2.9600     2.1390     0.0235     -0.010      0.311      0.451        284 1.0251e+02 0.0000e+00
      0.317    22.0316     6.3651     72.870  34.408229     36.578      6.904   264.0424     2.9478     2.1524     0.0235     -0.014      0.314      0.455        285 1.0014e+02 0.0000e+00
      0.328    22.0310     6.3655     72.875  34.383903     36.548      6.932   263.9288     2.9398     2.3539     0.0235     -0.011      0.320      0.465        286 1.0173e+02 0.0000e+00
      0.336    22.0303     6.3653     72.875  34.351466     36.518      6.939   264.4210     2.9802     2.2464     0.0235     -0.004      0.318      0.462        287 1.0194e+02 0.0000e+00
      0.309    22.0285     6.3633     72.855  34.359627     36.519      6.928   280.2453     2.9721     2.3270     0.0235     -0.006      0.292      0.424        288 1.1559e+02 0.0000e+00
      0.249    22.0293     6.3602     72.821  34.344090     36.519      6.942   290.2017     2.9438     2.2196     0.0235     -0.022      0.241      0.350        289 1.3836e+02 0.0000e+00
      0.181    22.0325     6.3517     72.725  34.311491     36.461      6.959   269.7588     2.9115     2.1927     0.0234     -0.051      0.177      0.257        290 1.7646e+02 0.0000e+00
      0.115    22.0360     6.3386     72.577  34.340884     36.520      6.963   266.1624     2.8993     2.1390     0.0235     -0.090      0.106      0.154        291 2.4647e+02 0.0000e+00
      0.025    22.0399     6.3235     72.405  34.337165     36.488      6.967   264.4210     2.9236     2.1256     0.0234     -0.141      0.029      0.041        292 2.9383e+02 0.0000e+00
     -0.051    22.0423     6.3006     72.144  34.286460     36.455      6.976   264.7617     2.9195     2.1122     0.0234     -0.193     -0.045     -0.066        293 3.1984e+02 0.0000e+00
     -0.114    22.0433     6.2726     71.824  34.226045     36.363      6.962   264.1560     2.9721     2.1390     0.0234     -0.237     -0.104     -0.151        294 3.2156e+02 0.0000e+00
     -0.155    22.0441     6.2503     71.570  34.293722     36.450      6.951   296.4860     3.0085     2.1793     0.0234     -0.261     -0.142     -0.206        295 3.1271e+02 0.0000e+00
     -0.164    22.0451     6.2281     71.317  34.291203     36.450      6.953   296.7132     2.9721     2.1524     0.0234     -0.252     -0.159     -0.231        296 3.1418e+02 0.0000e+00
     -0.169    22.0470     6.2185     71.207  34.318148     36.449      6.959   288.8010     2.9802     2.0987     0.0234     -0.221     -0.168     -0.243        297 3.1367e+02 0.0000e+00
     -0.180    22.0486     6.2100     71.112  34.349159     36.537      6.971   299.1739     2.9600     2.1390     0.0235     -0.182     -0.179     -0.260        298 3.1910e+02 0.0000e+00
     -0.199    22.0497     6.2147     71.166  34.252611     36.358      6.960   284.8639     2.9802     2.1659     0.0234     -0.141     -0.198     -0.287        299 3.2321e+02 0.0000e+00
     -0.227    22.0508     6.2281     71.318  34.260362     36.446      6.962   291.7539     2.9721     2.1390     0.0234     -0.104     -0.219     -0.318        300 3.1954e+02 0.0000e+00
     -0.244    22.0518     6.2406     71.460  34.250542     36.356      6.965   290.3532     2.9802     2.1390     0.0234     -0.079     -0.234     -0.339        301 3.2024e+02 0.0000e+00
     -0.243    22.0524     6.2545     71.618  34.264832     36.444      6.968   290.6939     1.1525     4.8246     0.0234     -0.061     -0.235     -0.340        302 3.2501e+02 0.0000e+00
     -0.231    22.0530     6.2675     71.768  34.242579     36.354      6.971   290.8832     1.1484     4.8246     0.0234     -0.048     -0.225     -0.326        303 3.2229e+02 0.0000e+00
     -0.213    22.0538     6.2763     71.869  34.307890     36.472      6.960   291.2996     1.1686     4.7843     0.0234     -0.036     -0.212     -0.307        304 3.2241e+02 0.0000e+00
     -0.205    22.0548     6.2776     71.882  34.302176     36.442      6.948   290.5803     1.1727     4.8112     0.0234     -0.021     -0.203     -0.295        305 3.2448e+02 0.0000e+00
     -0.204    22.0552     6.2843     71.959  34.220033     36.352      6.941   289.5203     1.1484     4.7977     0.0234     -0.005     -0.198     -0.288        306 3.2561e+02 0.0000e+00
     -0.197    22.0555     6.2831     71.946  34.291492     36.441      6.944   289.3310     2.2604   105.6684     0.0234      0.012     -0.189     -0.274        307 3.2542e+02 0.0000e+00
     -0.177    22.0567     6.2846     71.965  34.302218     36.440      6.942   288.4603     2.2523   105.7759     0.0234      0.029     -0.172     -0.249        308 3.2606e+02 0.0000e+00
     -0.151    22.0575     6.2865     71.990  34.295654     36.440      6.930   288.6875     2.2645   105.6416     0.0234      0.042     -0.147     -0.213        309 3.2563e+02 0.0000e+00
     -0.120    22.0568     6.2862     71.988  34.299659     36.439      6.910   285.8103     2.2523   105.7087     0.0234      0.053     -0.118     -0.171        310 3.2574e+02 0.0000e+00
     -0.089    22.0554     6.2847     71.972  34.297232     36.439      6.899   283.3496     2.7780     2.3136     0.0234      0.064     -0.087     -0.126        311 3.1481e+02 0.0000e+00
     -0.056    22.0544     6.2797     71.915  34.298674     36.439      6.894   282.0624     2.7901     2.3136     0.0234      0.078     -0.053     -0.078        312 2.9148e+02 0.0000e+00
     -0.018    22.0549     6.2806     71.924  34.297865     36.440      6.889   264.4967     2.7538     2.3404     0.0234      0.096     -0.017     -0.025        313 2.7029e+02 0.0000e+00
      0.022    22.0555     6.2791     71.904  34.298240     36.441      6.896   263.4367     2.7901     2.3673     0.0234      0.114      0.021      0.030        314 2.5294e+02 0.0000e+00
      0.061    22.0551     6.2739     71.843  34.298209     36.441      6.900   263.4367     2.9681     2.2733     0.0234      0.128      0.057      0.082        315 2.4082e+02 0.0000e+00
      0.091    22.0549     6.2702     71.800  34.297902     36.440      6.906   262.9824     2.9559     2.2464     0.0234      0.135      0.087      0.126        316 1.9912e+02 0.0000e+00
      0.115    22.0549     6.2606     71.689  34.298622     36.441      6.906   262.7931     2.9640     2.2464     0.0234      0.136      0.111      0.161        317 1.6976e+02 0.0000e+00
      0.135    22.0565     6.2599     71.681  34.297316     36.441      6.910   262.1495     2.9802     2.2867     0.0234      0.131      0.132      0.191        318 1.8210e+02 0.0000e+00
      0.155    22.0587     6.2539     71.613  34.299529     36.441      6.912   261.9981     2.9802     2.1659     0.0234      0.123      0.152      0.221        319 1.7691e+02 0.0000e+00
      0.176    22.0601     6.2658     71.750  34.295869     36.439      6.919   261.6952     2.9519     2.0450     0.0234      0.113      0.173      0.251        320 1.6821e+02 0.0000e+00
      0.199    22.0608     6.2686     71.783  34.301870     36.438      6.920   262.0738     2.9721     2.0719     0.0234      0.102      0.195      0.283        321 1.6622e+02 0.0000e+00
      0.222    22.0607     6.2786     71.899  34.292059     36.437      6.925   261.9224     2.9883     2.1256     0.0234      0.093      0.216      0.314        322 1.5987e+02 0.0000e+00
      0.240    22.0597     6.2831     71.949  34.219109     36.347      6.932   261.9602     3.0287     2.2062     0.0234      0.086      0.235      0.341        323 1.5642e+02 0.0000e+00
      0.258    22.0578     6.2767     71.874  34.214718     36.347      6.936   261.7331     3.0570     2.3404     0.0234      0.082      0.254      0.367        324 1.4793e+02 0.0000e+00
      0.278    22.0567     6.2628     71.712  34.297525     36.437      6.941   261.9602     3.0287     2.3136     0.0234      0.081      0.274      0.397        325 1.4095e+02 0.0000e+00
      0.302    22.0562     6.2632     71.716  34.353307     36.498      6.947   261.8467     3.0368     2.3270     0.0235      0.081      0.296      0.430        326 1.3313e+02 0.0000e+00
      0.327    22.0558     6.2580     71.658  34.293580     36.439      6.951   261.6952     3.0247     2.2733     0.0234      0.082      0.321      0.466        327 1.2169e+02 0.0000e+00
      0.352    22.0559     6.2463     71.527  34.312542     36.440      6.957   262.0738     3.0975     2.3404     0.0234      0.084      0.345      0.501        328 1.1618e+02 0.0000e+00
      0.376    22.0561     6.2433     71.493  34.329708     36.499      6.954   261.9224     3.1096     2.2196     0.0235      0.086      0.370      0.536        329 1.0562e+02 0.0000e+00
      0.404    22.0564     6.2614     71.701  34.242562     36.351      6.952   262.1117     3.0894     2.2464     0.0234      0.090      0.396      0.574        330 9.6997e+01 0.0000e+00
      0.430    22.0574     6.2761     71.869  34.272715     36.440      6.946   262.6795     3.1096     2.1659     0.0234      0.094      0.421      0.610        331 9.2668e+01 0.0000e+00
      0.452    22.0582     6.2869     71.991  34.321840     36.440      6.944   262.8688     3.3886     2.3404     0.0234      0.097      0.443      0.643        332 8.6458e+01 0.0000e+00
      0.475    22.0575     6.3016     72.158  34.270395     36.439      6.936   263.5881     3.3805     2.2599     0.0234      0.098      0.466      0.676        333 8.4245e+01 0.0000e+00
      0.498    22.0557     6.3150     72.311  34.247768     36.349      6.927   264.2695     3.3482     2.3136     0.0234      0.097      0.488      0.708        334 8.1368e+01 0.0000e+00
      0.520    22.0543     6.3211     72.380  34.261031     36.439      6.917   264.3074     3.3441     2.3136     0.0234      0.095      0.509      0.738        335 8.0659e+01 0.0000e+00
      0.538    22.0539     6.3239     72.412  34.253891     36.351      6.889   265.2160     3.0206     2.3807     0.0234      0.092      0.524      0.759        336 8.1676e+01 0.0000e+00
      0.542    22.0546     6.3224     72.394  34.256654     36.441      6.868   265.4810     3.0692     2.2867     0.0234      0.085      0.530      0.769        337 8.3389e+01 0.0000e+00
      0.541    22.0562     6.3163     72.325  34.257592     36.352      6.861   265.2917     3.0409     2.2464     0.0234      0.072      0.531      0.770        338 8.5409e+01 0.0000e+00
      0.540    22.0574     6.3067     72.220  34.282379     36.471      6.873   265.3674     3.0692     2.3404     0.0234      0.058      0.535      0.775        339 8.4863e+01 0.0000e+00
      0.556    22.0577     6.2968     72.109  34.255462     36.351      6.891   265.4431     3.0489     2.0853     0.0234      0.047      0.546      0.791        340 8.3756e+01 0.0000e+00
