Data/DataNotYetUploadedToEDI/Raw_CTD/2018_RawDownloads/092418_fcr30.cnv
* Sea-Bird SBE19plus  Data File:
* FileName = C:\DATA\092418_fcr_0003.hex
* Software version 2.6.3.104
* Temperature SN = 7809
* Conductivity SN = 7809
* System UpLoad Time = Sep 24 2018 16:48:20
* <ApplicationData>
* <Seaterm232>
# nquan = 17
# nvalues = 636                         
# units = specified
# name 0 = depFM: Depth [fresh water, m]
# name 1 = tv290C: Temperature [ITS-90, deg C]
# name 2 = sbeox0Mg/L: Oxygen, SBE 43 [mg/l]
# name 3 = sbeox0PS: Oxygen, SBE 43 [% saturation]
# name 4 = c0uS/cm: Conductivity [uS/cm]
# name 5 = specc: Specific Conductance [uS/cm]
# name 6 = ph: pH
# name 7 = orp: Oxidation Reduction Potential [mV]
# name 8 = flECO-AFL: Fluorescence, WET Labs ECO-AFL/FL [mg/m^3]
# name 9 = turbWETntu0: Turbidity, WET Labs ECO [NTU]
# name 10 = sal00: Salinity, Practical [PSU]
# name 11 = dz/dtM: Descent Rate [m/s]
# name 12 = prdM: Pressure, Strain Gauge [db]
# name 13 = prdE: Pressure, Strain Gauge [psi]
# name 14 = scan: Scan Count
# name 15 = par/sat/log: PAR/Logarithmic, Satlantic
# name 16 = flag:  0.000e+00
# span 0 =     -0.490,      5.633       
# span 1 =    17.2547,    22.0608       
# span 2 =    -0.7277,     9.1058       
# span 3 =     -7.997,     99.899       
# span 4 =   0.624054,  66.498425       
# span 5 =      0.711,     78.665       
# span 6 =      6.330,      7.834       
# span 7 =   166.1435,   495.8423       
# span 8 =    -0.2224,     5.2770       
# span 9 =    -0.4660,   105.7759       
# span 10 =     0.0094,     0.0403      
# span 11 =     -0.261,      0.240      
# span 12 =     -0.479,      5.523      
# span 13 =     -0.695,      8.011      
# span 14 =          1,        636      
# span 15 = 2.0524e-01, 4.0581e+02      
# span 16 = 0.0000e+00, 0.0000e+00      
# interval = seconds: 0.25
# start_time = Sep 24 2018 14:42:29 [Instrument's time stamp, header]
# bad_flag = -9.990e-29
*END*
[from data line 86]
      0.302    21.8508     5.1534     58.751  34.448748     36.735      7.102   238.3752     2.8225     2.1122     0.0235     -0.010      0.294      0.427         87 1.0339e+02 0.0000e+00
      0.293    21.8585     5.1478     58.678  34.344155     36.661      7.101   238.4509     2.9357     2.0853     0.0235     -0.014      0.287      0.417         88 1.0744e+02 0.0000e+00
      0.285    21.8598     5.1360     58.535  34.311273     36.599      7.100   238.7537     2.9115     2.1390     0.0234     -0.016      0.281      0.408         89 1.0680e+02 0.0000e+00
      0.282    21.8585     5.1210     58.357  34.341390     36.653      7.100   239.6623     2.8831     2.1793     0.0235     -0.016      0.278      0.403         90 1.0642e+02 0.0000e+00
      0.282    21.8547     5.1024     58.137  34.306672     36.592      7.099   239.2837     2.8993     2.1256     0.0234     -0.014      0.277      0.402         91 1.0492e+02 0.0000e+00
      0.282    21.8500     5.0790     57.864  34.295166     36.594      7.096   239.7002     2.9034     2.1390     0.0234     -0.013      0.276      0.401         92 1.0397e+02 0.0000e+00
      0.280    21.8443     5.0442     57.459  34.296397     36.596      7.093   239.8137     2.9034     2.2196     0.0234     -0.013      0.275      0.398         93 1.0557e+02 0.0000e+00
      0.278    21.8383     5.0120     57.086  34.305142     36.600      7.093   239.8137     2.8953     2.0987     0.0234     -0.013      0.274      0.397         94 1.0891e+02 0.0000e+00
      0.280    21.8346     4.9850     56.770  34.402912     36.724      7.088   240.1166     2.9276     2.0719     0.0235     -0.009      0.275      0.398         95 1.0796e+02 0.0000e+00
      0.281    21.8321     4.9543     56.412  34.411977     36.729      7.088   240.6087     2.8993     2.1390     0.0235     -0.005      0.275      0.399         96 1.0757e+02 0.0000e+00
      0.280    21.8265     4.9250     56.072  34.412488     36.732      7.084   241.3659     3.0409     2.0987     0.0235     -0.002      0.274      0.398         97 1.0891e+02 0.0000e+00
      0.279    21.8186     4.8928     55.698  34.402278     36.733      7.073   241.2523     3.0409     2.2062     0.0235     -0.001      0.273      0.396         98 1.0540e+02 0.0000e+00
      0.276    21.8112     4.8660     55.385  34.335715     36.648      7.062   241.6309     3.0489     2.1659     0.0235     -0.002      0.272      0.394         99 1.0553e+02 0.0000e+00
      0.277    21.8044     4.8380     55.060  34.287732     36.625      7.061   242.0095     3.0409     2.1524     0.0234     -0.002      0.272      0.394        100 1.0593e+02 0.0000e+00
      0.278    21.7978     4.8222     54.875  34.224747     36.541      7.061   242.2745     2.9721     2.1524     0.0234     -0.002      0.272      0.395        101 1.0542e+02 0.0000e+00
      0.278    21.7916     4.8000     54.616  34.206511     36.546      7.061   242.3123     2.9883     2.0987     0.0234     -0.001      0.272      0.395        102 1.0751e+02 0.0000e+00
      0.277    21.7851     4.7738     54.312  34.162149     36.492      7.060   242.1987     2.9721     2.1659     0.0234     -0.002      0.272      0.394        103 1.0907e+02 0.0000e+00
      0.277    21.7779     4.7494     54.029  34.161332     36.497      7.058   242.5773     2.9478     2.0987     0.0234     -0.002      0.272      0.394        104 1.1051e+02 0.0000e+00
      0.277    21.7706     4.7308     53.810  34.237185     36.591      7.056   242.6530     2.9276     2.1793     0.0234     -0.001      0.272      0.394        105 1.0762e+02 0.0000e+00
      0.277    21.7635     4.7093     53.559  34.216035     36.567      7.055   242.9180     2.9074     2.1793     0.0234     -0.000      0.272      0.394        106 1.0737e+02 0.0000e+00
      0.277    21.7573     4.6852     53.278  34.158003     36.513      7.056   243.5238     2.9276     2.0584     0.0234      0.000      0.271      0.393        107 1.0985e+02 0.0000e+00
      0.275    21.7511     4.6601     52.988  34.161130     36.518      7.049   243.8645     2.8710     2.0182     0.0234     -0.001      0.271      0.392        108 1.1006e+02 0.0000e+00
      0.275    21.7439     4.6417     52.774  34.152834     36.523      7.050   244.0159     2.9802     2.1256     0.0234     -0.001      0.271      0.392        109 1.0728e+02 0.0000e+00
      0.278    21.7375     4.6249     52.578  34.168330     36.528      7.047   244.6973     2.9842     2.1659     0.0234     -0.001      0.272      0.395        110 1.0423e+02 0.0000e+00
      0.279    21.7319     4.6012     52.303  34.171504     36.564      7.039   244.9623     2.9802     2.1793     0.0234      0.000      0.274      0.397        111 1.0538e+02 0.0000e+00
      0.279    21.7260     4.5838     52.099  34.119230     36.479      7.033   244.8488     2.9600     2.0719     0.0234      0.001      0.274      0.397        112 1.0575e+02 0.0000e+00
      0.279    21.7204     4.5633     51.861  34.144420     36.543      7.030   244.9623     2.9640     2.1927     0.0234      0.001      0.274      0.397        113 1.0484e+02 0.0000e+00
      0.278    21.7147     4.5443     51.638  34.110503     36.488      7.031   245.4923     2.9559     2.1659     0.0234      0.002      0.273      0.396        114 1.0404e+02 0.0000e+00
      0.278    21.7084     4.5281     51.449  34.042818     36.433      7.029   245.4166     2.9640     2.1659     0.0233      0.001      0.272      0.395        115 1.0583e+02 0.0000e+00
      0.278    21.7021     4.5086     51.227  34.080376     36.467      7.027   245.7952     2.9559     2.1256     0.0233      0.001      0.272      0.395        116 1.0535e+02 0.0000e+00
      0.278    21.6957     4.4891     51.008  34.093422     36.502      7.023   245.6816     2.9721     2.0719     0.0234      0.001      0.273      0.396        117 1.0627e+02 0.0000e+00
      0.278    21.6908     4.4762     50.863  34.056240     36.447      7.022   246.6280     2.9034     2.0987     0.0233     -0.000      0.273      0.396        118 1.0553e+02 0.0000e+00
      0.278    21.6869     4.4573     50.647  34.037682     36.452      7.022   246.4766     2.8993     2.1390     0.0233     -0.001      0.273      0.396        119 1.0630e+02 0.0000e+00
      0.278    21.6816     4.4407     50.454  33.997898     36.396      7.016   246.5902     2.9195     2.1659     0.0233     -0.000      0.273      0.395        120 1.0863e+02 0.0000e+00
      0.278    21.6757     4.4218     50.235  33.987130     36.399      7.016   246.6659     2.8912     2.1659     0.0233     -0.000      0.273      0.395        121 1.0561e+02 0.0000e+00
      0.279    21.6700     4.3979     49.961  34.021428     36.433      7.015   247.0823     2.9034     2.1256     0.0233      0.000      0.274      0.396        122 1.0573e+02 0.0000e+00
      0.280    21.6642     4.3742     49.688  33.984873     36.408      7.014   247.4609     2.8751     2.0719     0.0233      0.001      0.275      0.398        123 1.0477e+02 0.0000e+00
      0.281    21.6582     4.3577     49.493  33.943659     36.352      7.015   247.6123     2.9398     2.0316     0.0233      0.001      0.276      0.400        124 1.0465e+02 0.0000e+00
      0.282    21.6536     4.3360     49.237  33.983753     36.416      7.014   247.6123     2.9034     2.1256     0.0233      0.002      0.277      0.402        125 1.0484e+02 0.0000e+00
      0.283    21.6520     4.3194     49.039  33.934977     36.361      7.012   248.4073     3.0894     2.1122     0.0233      0.003      0.277      0.402        126 1.0249e+02 0.0000e+00
      0.282    21.6540     4.3035     48.849  33.885741     36.305      7.007   248.8995     3.0894     2.2599     0.0233      0.003      0.276      0.401        127 1.0352e+02 0.0000e+00
      0.280    21.6563     4.2916     48.701  33.896752     36.336      6.996   249.2402     3.1015     2.1122     0.0233      0.002      0.275      0.399        128 1.0388e+02 0.0000e+00
      0.279    21.6551     4.2785     48.536  33.891619     36.305      6.988   248.8995     3.1015     2.2330     0.0233      0.001      0.275      0.398        129 1.0396e+02 0.0000e+00
      0.279    21.6509     4.2680     48.396  33.921784     36.363      6.986   248.7481     2.8831     2.0987     0.0233     -0.000      0.275      0.398        130 1.0648e+02 0.0000e+00
      0.281    21.6469     4.2535     48.206  33.888868     36.304      6.988   249.1645     2.8953     2.1793     0.0233     -0.001      0.276      0.399        131 1.0592e+02 0.0000e+00
      0.281    21.6441     4.2412     48.041  33.873272     36.307      6.988   249.1645     2.8791     2.1927     0.0233     -0.001      0.276      0.399        132 1.0504e+02 0.0000e+00
      0.280    21.6397     4.2324     47.916  33.881882     36.310      6.990   249.5052     2.9155     2.0719     0.0233     -0.001      0.275      0.399        133 1.0572e+02 0.0000e+00
      0.280    21.6321     4.2139     47.683  33.848499     36.282      6.988   249.5809     3.0166     2.3404     0.0232     -0.001      0.275      0.399        134 1.0711e+02 0.0000e+00
      0.281    21.6221     4.2001     47.508  33.825852     36.256      6.987   249.2402     3.0247     2.3270     0.0232     -0.000      0.276      0.400        135 1.0702e+02 0.0000e+00
      0.282    21.6117     4.1910     47.393  33.821100     36.262      6.987   249.3916     3.0409     2.1793     0.0232      0.001      0.277      0.401        136 1.0523e+02 0.0000e+00
      0.284    21.6018     4.1865     47.329  33.824760     36.270      6.987   249.6188     3.0328     2.2599     0.0232      0.002      0.277      0.402        137 1.0346e+02 0.0000e+00
      0.283    21.5888     4.1760     47.190  33.821304     36.278      6.983   249.8459     3.0368     2.2867     0.0232      0.002      0.277      0.402        138 1.0467e+02 0.0000e+00
      0.282    21.5709     4.1704     47.106  33.825407     36.285      6.977   249.8838     2.9964     2.1256     0.0232      0.001      0.276      0.401        139 1.0609e+02 0.0000e+00
      0.281    21.5488     4.1591     46.962  33.790003     36.266      6.967   249.6945     2.9519     2.1659     0.0232      0.001      0.276      0.400        140 1.0621e+02 0.0000e+00
      0.281    21.5221     4.1531     46.881  33.746747     36.220      6.962   250.3759     2.9883     2.1927     0.0232      0.001      0.276      0.400        141 1.0519e+02 0.0000e+00
      0.281    21.4940     4.1462     46.790  33.730969     36.237      6.955   250.0352     2.9842     2.2330     0.0232      0.000      0.276      0.400        142 1.0410e+02 0.0000e+00
      0.281    21.4669     4.1347     46.647  33.750339     36.258      6.952   250.5273     2.9276     2.1390     0.0232     -0.001      0.276      0.400        143 1.0542e+02 0.0000e+00
      0.281    21.4409     4.1225     46.496  33.722654     36.279      6.946   251.2088     2.8831     2.1122     0.0232     -0.001      0.276      0.400        144 1.0706e+02 0.0000e+00
      0.281    21.4213     4.1167     46.417  33.706125     36.240      6.944   250.5273     2.8912     2.1122     0.0232     -0.001      0.276      0.400        145 1.0637e+02 0.0000e+00
      0.282    21.4078     4.1013     46.229  33.770922     36.381      6.946   250.6788     2.8993     2.1256     0.0232     -0.001      0.277      0.401        146 1.0249e+02 0.0000e+00
      0.283    21.3928     4.1014     46.215  33.701338     36.276      6.948   251.2466     3.0449     2.1390     0.0232      0.001      0.277      0.402        147 1.0148e+02 0.0000e+00
      0.283    21.3713     4.0985     46.167  33.674108     36.287      6.947   251.2466     3.0247     2.0987     0.0232      0.001      0.276      0.401        148 1.0434e+02 0.0000e+00
      0.280    21.3489     4.0945     46.100  33.686194     36.298      6.940   251.2466     3.0328     2.1524     0.0232      0.000      0.275      0.399        149 1.0437e+02 0.0000e+00
      0.279    21.3308     4.0953     46.084  33.626995     36.255      6.929   251.0573     3.0409     2.1390     0.0232     -0.000      0.274      0.398        150 1.0158e+02 0.0000e+00
      0.280    21.3159     4.0982     46.093  33.629169     36.272      6.917   251.0952     2.9559     2.1122     0.0232     -0.001      0.274      0.398        151 1.0375e+02 0.0000e+00
      0.281    21.3021     4.1099     46.201  33.683497     36.347      6.908   251.0952     2.9883     2.1256     0.0232     -0.001      0.275      0.399        152 1.0521e+02 0.0000e+00
      0.281    21.2877     4.1211     46.306  33.678015     36.359      6.907   251.2845     2.9600     2.1390     0.0232     -0.001      0.276      0.400        153 1.0474e+02 0.0000e+00
      0.281    21.2727     4.1370     46.467  33.636000     36.309      6.902   251.7766     2.9721     2.1390     0.0232     -0.001      0.276      0.400        154 1.0475e+02 0.0000e+00
      0.281    21.2580     4.1502     46.597  33.676480     36.381      6.899   252.2309     2.9883     2.1659     0.0232     -0.001      0.276      0.400        155 1.0314e+02 0.0000e+00
      0.281    21.2424     4.1652     46.750  33.627645     36.332      6.892   252.3823     2.9721     2.1390     0.0232      0.000      0.276      0.400        156 1.0337e+02 0.0000e+00
      0.281    21.2257     4.1942     47.064  33.637470     36.344      6.886   252.8745     2.9721     2.1390     0.0232      0.001      0.275      0.399        157 1.0215e+02 0.0000e+00
      0.281    21.2072     4.1985     47.103  33.664259     36.416      6.877   252.3066     2.9559     2.1659     0.0232      0.001      0.275      0.399        158 9.9017e+01 0.0000e+00
      0.281    21.1836     4.2057     47.178  33.653625     36.369      6.886   252.0795     2.9762     2.1524     0.0232      0.000      0.275      0.399        159 1.0083e+02 0.0000e+00
      0.280    21.1559     4.2115     47.237  33.650713     36.444      6.897   252.5716     3.0328     2.3136     0.0232     -0.000      0.275      0.399        160 1.0187e+02 0.0000e+00
      0.280    21.1291     4.2114     47.231  33.608581     36.342      6.899   252.4202     3.0611     2.3673     0.0231     -0.001      0.275      0.399        161 1.0302e+02 0.0000e+00
      0.281    21.1039     4.2067     47.172  33.646757     36.485      6.905   252.6095     3.0085     2.2464     0.0232     -0.000      0.276      0.400        162 1.0456e+02 0.0000e+00
      0.282    21.0808     4.2112     47.217  33.662527     36.445      6.919   252.5716     3.0206     2.2196     0.0232      0.000      0.277      0.402        163 1.0348e+02 0.0000e+00
      0.282    21.0601     4.2084     47.183  33.707589     36.587      6.919   253.4045     3.0287     2.1524     0.0232      0.001      0.277      0.402        164 1.0542e+02 0.0000e+00
      0.282    21.0406     4.2040     47.136  33.709309     36.544      6.911   253.5938     3.0489     2.2599     0.0232      0.001      0.277      0.401        165 1.0653e+02 0.0000e+00
      0.281    21.0241     4.2005     47.099  33.660396     36.561      6.909   253.6695     3.0409     2.2599     0.0232      0.001      0.276      0.400        166 1.0505e+02 0.0000e+00
      0.279    21.0108     4.1922     47.008  33.649849     36.515      6.902   253.4802     3.0085     2.1927     0.0232      0.000      0.274      0.398        167 1.0194e+02 0.0000e+00
      0.279    21.0009     4.1844     46.922  33.663134     36.589      6.899   253.2909     3.1743     2.2867     0.0232     -0.000      0.274      0.397        168 1.0376e+02 0.0000e+00
      0.279    20.9942     4.1730     46.796  33.643872     36.539      6.900   253.0638     3.1864     2.3002     0.0232     -0.001      0.274      0.397        169 1.0656e+02 0.0000e+00
      0.279    20.9893     4.1679     46.747  33.673827     36.608      6.903   253.5938     3.1783     2.3270     0.0232     -0.002      0.274      0.398        170 1.0700e+02 0.0000e+00
