Data/DataNotYetUploadedToEDI/Raw_CTD/2018_RawDownloads/092418_fcr30.cnv
* Sea-Bird SBE19plus  Data File:
* FileName = C:\DATA\092418_fcr_0003.hex
* Software version 2.6.3.104
* Temperature SN = 7809
* Conductivity SN = 7809
* System UpLoad Time = Sep 24 2018 16:48:20
* <ApplicationData>
* <Seaterm232>
# nquan = 17
# nvalues = 636                         
# units = specified
# name 0 = depFM: Depth [fresh water, m]
# name 1 = tv290C: Temperature [ITS-90, deg C]
# name 2 = sbeox0Mg/L: Oxygen, SBE 43 [mg/l]
# name 3 = sbeox0PS: Oxygen, SBE 43 [% saturation]
# name 4 = c0uS/cm: Conductivity [uS/cm]
# name 5 = specc: Specific Conductance [uS/cm]
# name 6 = ph: pH
# name 7 = orp: Oxidation Reduction Potential [mV]
# name 8 = flECO-AFL: Fluorescence, WET Labs ECO-AFL/FL [mg/m^3]
# name 9 = turbWETntu0: Turbidity, WET Labs ECO [NTU]
# name 10 = sal00: Salinity, Practical [PSU]
# name 11 = dz/dtM: Descent Rate [m/s]
# name 12 = prdM: Pressure, Strain Gauge [db]
# name 13 = prdE: Pressure, Strain Gauge [psi]
# name 14 = scan: Scan Count
# name 15 = par/sat/log: PAR/Logarithmic, Satlantic
# name 16 = flag:  0.000e+00
# span 0 =     -0.490,      5.633       
# span 1 =    17.2547,    22.0608       
# span 2 =    -0.7277,     9.1058       
# span 3 =     -7.997,     99.899       
# span 4 =   0.624054,  66.498425       
# span 5 =      0.711,     78.665       
# span 6 =      6.330,      7.834       
# span 7 =   166.1435,   495.8423       
# span 8 =    -0.2224,     5.2770       
# span 9 =    -0.4660,   105.7759       
# span 10 =     0.0094,     0.0403      
# span 11 =     -0.261,      0.240      
# span 12 =     -0.479,      5.523      
# span 13 =     -0.695,      8.011      
# span 14 =          1,        636      
# span 15 = 2.0524e-01, 4.0581e+02      
# span 16 = 0.0000e+00, 0.0000e+00      
# interval = seconds: 0.25
# start_time = Sep 24 2018 14:42:29 [Instrument's time stamp, header]
# bad_flag = -9.990e-29
*END*
[from data line 341]
      0.590    22.0563     6.2731     71.833  34.245292     36.349      6.918   265.7838     3.0328     2.1524     0.0234      0.037      0.578      0.839        342 7.8884e+01 0.0000e+00
      0.607    22.0554     6.2632     71.718  34.275551     36.439      6.928   266.2002     3.0328     2.2062     0.0234      0.038      0.593      0.861        343 7.6992e+01 0.0000e+00
      0.618    22.0549     6.2590     71.671  34.312746     36.440      6.932   266.6545     3.2147     2.2196     0.0234      0.042      0.605      0.877        344 7.5625e+01 0.0000e+00
      0.625    22.0543     6.2550     71.626  34.287970     36.440      6.927   266.6167     3.2228     2.3002     0.0234      0.048      0.614      0.890        345 7.3595e+01 0.0000e+00
      0.635    22.0542     6.2605     71.689  34.217417     36.352      6.928   266.4652     3.2269     2.3136     0.0234      0.052      0.626      0.907        346 7.0809e+01 0.0000e+00
      0.655    22.0543     6.2724     71.824  34.222615     36.352      6.930   267.1845     3.2390     2.3136     0.0234      0.054      0.646      0.936        347 6.8839e+01 0.0000e+00
      0.684    22.0546     6.2938     72.065  34.281501     36.441      6.936   267.1845     3.2349     2.2733     0.0234      0.057      0.673      0.976        348 6.6326e+01 0.0000e+00
      0.720    22.0571     6.3041     72.181  34.233102     36.352      6.937   267.2224     3.1136     2.0987     0.0234      0.064      0.705      1.023        349 6.4161e+01 0.0000e+00
      0.753    22.0593     6.3134     72.286  34.282847     36.441      6.938   267.8660     3.0934     2.1659     0.0234      0.076      0.739      1.072        350 6.2260e+01 0.0000e+00
      0.788    22.0584     6.3195     72.356  34.308561     36.439      6.932   267.7145     3.0934     2.1793     0.0234      0.090      0.772      1.121        351 6.0302e+01 0.0000e+00
      0.823    22.0565     6.3202     72.366  34.290067     36.437      6.932   268.1310     3.1015     2.1927     0.0234      0.105      0.806      1.169        352 5.8697e+01 0.0000e+00
      0.853    22.0553     6.3119     72.274  34.305863     36.438      6.928   268.1688     3.0975     2.2733     0.0234      0.118      0.836      1.213        353 5.6815e+01 0.0000e+00
      0.882    22.0554     6.3002     72.142  34.288907     36.440      6.917   268.2824     3.0611     2.2196     0.0234      0.126      0.865      1.255        354 5.5147e+01 0.0000e+00
      0.912    22.0563     6.2853     71.971  34.222202     36.351      6.907   268.6231     3.1015     2.2464     0.0234      0.128      0.895      1.298        355 5.3265e+01 0.0000e+00
      0.943    22.0564     6.2775     71.882  34.210940     36.351      6.903   268.8503     3.1258     2.3136     0.0234      0.126      0.925      1.342        356 5.1351e+01 0.0000e+00
      0.975    22.0553     6.2659     71.747  34.243612     36.380      6.903   268.8124     3.0328     2.2733     0.0234      0.124      0.956      1.387        357 4.9764e+01 0.0000e+00
      1.008    22.0530     6.2553     71.626  34.211198     36.351      6.908   268.7367     3.0409     2.2196     0.0234      0.123      0.988      1.432        358 4.8085e+01 0.0000e+00
      1.037    22.0513     6.2447     71.504  34.221622     36.351      6.912   269.1910     3.0247     2.2464     0.0234      0.121      1.018      1.476        359 4.6844e+01 0.0000e+00
      1.069    22.0506     6.2515     71.581  34.200984     36.353      6.917   269.0017     3.0489     2.3270     0.0234      0.121      1.048      1.521        360 4.5701e+01 0.0000e+00
      1.100    22.0502     6.2586     71.663  34.236883     36.354      6.925   269.1531     3.0449     2.2330     0.0234      0.122      1.081      1.568        361 4.4469e+01 0.0000e+00
      1.139    22.0514     6.2608     71.687  34.295573     36.474      6.928   269.6831     3.0530     2.2062     0.0234      0.125      1.117      1.620        362 4.2828e+01 0.0000e+00
      1.179    22.0537     6.2652     71.736  34.246571     36.355      6.930   269.6074     3.0206     2.2464     0.0234      0.129      1.153      1.672        363 4.1777e+01 0.0000e+00
      1.208    22.0550     6.2618     71.697  34.268208     36.444      6.934   270.0238     3.0409     2.1927     0.0234      0.131      1.183      1.717        364 4.1183e+01 0.0000e+00
      1.233    22.0550     6.2272     71.300  34.238990     36.353      6.934   270.0995     3.1136     2.3673     0.0234      0.130      1.208      1.753        365 4.0432e+01 0.0000e+00
      1.255    22.0547     6.2281     71.310  34.193965     36.352      6.934   269.9481     3.1015     2.3404     0.0234      0.127      1.232      1.787        366 3.9755e+01 0.0000e+00
      1.282    22.0541     6.2149     71.159  34.235272     36.352      6.931   270.4403     3.0975     2.2196     0.0234      0.123      1.256      1.822        367 3.8958e+01 0.0000e+00
      1.306    22.0537     6.2019     71.011  34.276552     36.441      6.926   270.0617     3.1136     2.2599     0.0234      0.116      1.278      1.854        368 3.8469e+01 0.0000e+00
      1.324    22.0535     6.1914     70.892  34.231561     36.352      6.927   270.6674     3.1096     2.2464     0.0234      0.108      1.298      1.883        369 3.7996e+01 0.0000e+00
      1.343    22.0531     6.1923     70.902  34.202294     36.353      6.921   270.3267     3.2228     2.3002     0.0234      0.098      1.317      1.910        370 3.7414e+01 0.0000e+00
      1.363    22.0531     6.1890     70.865  34.224006     36.353      6.922   270.6295     3.2269     2.2062     0.0234      0.090      1.337      1.938        371 3.7077e+01 0.0000e+00
      1.382    22.0523     6.1991     70.981  34.204541     36.353      6.920   270.6674     3.2349     2.3404     0.0234      0.085      1.356      1.965        372 3.6684e+01 0.0000e+00
      1.400    22.0517     6.2101     71.106  34.226519     36.353      6.922   271.4624     3.2430     2.2464     0.0234      0.082      1.372      1.990        373 3.6405e+01 0.0000e+00
      1.414    22.0515     6.2145     71.157  34.226311     36.383      6.916   271.1217     3.2188     2.1256     0.0234      0.077      1.387      2.012        374 3.6282e+01 0.0000e+00
      1.429    22.0512     6.2197     71.214  34.175143     36.295      6.916   271.0838     3.2633     2.1793     0.0234      0.072      1.405      2.037        375 3.5659e+01 0.0000e+00
      1.455    22.0509     6.2249     71.267  34.201231     36.354      6.916   270.8188     3.2511     2.1524     0.0234      0.071      1.427      2.069        376 3.4840e+01 0.0000e+00
      1.479    22.0507     6.2289     71.305  34.223504     36.355      6.912   271.3488     3.2147     2.1122     0.0234      0.073      1.449      2.101        377 3.4306e+01 0.0000e+00
      1.497    22.0510     6.2216     71.216  34.206737     36.355      6.909   271.1595     3.1419     2.2733     0.0234      0.074      1.469      2.130        378 3.3691e+01 0.0000e+00
      1.518    22.0517     6.2043     71.000  34.222098     36.355      6.910   271.3488     3.1622     2.3404     0.0234      0.076      1.490      2.160        379 3.2922e+01 0.0000e+00
      1.541    22.0521     6.1596     70.464  34.234043     36.384      6.908   271.3110     3.1783     2.2733     0.0234      0.079      1.512      2.194        380 3.2245e+01 0.0000e+00
      1.567    22.0525     6.1017     69.783  34.221526     36.354      6.903   271.8031     3.1824     2.3941     0.0234      0.083      1.536      2.228        381 3.1444e+01 0.0000e+00
      1.590    22.0528     6.0184     68.818  34.208020     36.354      6.898   271.5381     3.1622     2.1390     0.0234      0.087      1.559      2.261        382 3.0646e+01 0.0000e+00
      1.612    22.0524     5.8932     67.379  34.221197     36.354      6.893   272.2574     3.1743     2.2062     0.0234      0.089      1.579      2.291        383 3.0231e+01 0.0000e+00
      1.629    22.0522     5.7224     65.427  34.205127     36.353      6.892   272.2195     3.1905     2.1927     0.0234      0.087      1.599      2.320        384 2.9775e+01 0.0000e+00
      1.652    22.0509     5.5042     62.943  34.228017     36.354      6.891   271.9545     3.1743     2.1122     0.0234      0.087      1.624      2.355        385 2.8764e+01 0.0000e+00
      1.688    22.0456     5.3031     60.648  34.281679     36.443      6.896   272.2953     3.3805     2.2464     0.0234      0.091      1.653      2.397        386 2.7882e+01 0.0000e+00
      1.715    22.0403     5.1322     58.689  34.316284     36.444      6.899   272.7496     3.3765     2.1927     0.0234      0.094      1.678      2.434        387 2.7425e+01 0.0000e+00
      1.731    22.0358     5.0367     57.593  34.273921     36.448      6.899   272.2574     3.3765     2.3002     0.0234      0.094      1.698      2.463        388 2.7035e+01 0.0000e+00
      1.750    22.0235     5.0082     57.261  34.245432     36.363      6.903   273.0524     3.3563     2.2464     0.0234      0.093      1.716      2.489        389 2.6613e+01 0.0000e+00
      1.767    22.0056     5.0089     57.265  34.381398     36.574      6.903   272.9388     3.3401     2.2464     0.0235      0.091      1.733      2.514        390 2.6167e+01 0.0000e+00
      1.785    21.9913     5.0029     57.181  34.430935     36.584      6.904   273.0146     3.4210     2.3270     0.0235      0.088      1.749      2.538        391 2.5827e+01 0.0000e+00
      1.800    21.9817     4.9898     57.012  34.421038     36.628      6.901   273.0903     3.4088     2.2464     0.0235      0.084      1.764      2.558        392 2.5552e+01 0.0000e+00
      1.810    21.9758     4.9464     56.510  34.423378     36.609      6.901   272.9767     3.4210     2.3136     0.0235      0.075      1.777      2.578        393 2.5265e+01 0.0000e+00
      1.827    21.9772     4.8458     55.358  34.398374     36.616      6.905   273.4310     3.4331     2.3673     0.0235      0.066      1.796      2.604        394 2.4735e+01 0.0000e+00
      1.856    21.9857     4.6883     53.547  34.363193     36.562      6.901   273.5067     3.3522     2.2464     0.0235      0.066      1.822      2.643        395 2.3933e+01 0.0000e+00
      1.892    21.9896     4.4894     51.261  34.289226     36.501      6.897   273.4310     3.3765     2.3404     0.0234      0.072      1.854      2.689        396 2.3305e+01 0.0000e+00
      1.925    21.9864     4.2579     48.610  34.342142     36.524      6.888   273.3553     3.3684     2.2867     0.0234      0.081      1.886      2.734        397 2.2839e+01 0.0000e+00
      1.951    21.9817     4.0467     46.194  34.445619     36.670      6.885   273.7338     3.3603     2.2733     0.0235      0.091      1.912      2.772        398 2.2415e+01 0.0000e+00
      1.971    21.9776     3.8455     43.894  34.427356     36.613      6.886   273.8474     3.2996     2.2330     0.0235      0.097      1.932      2.801        399 2.2181e+01 0.0000e+00
      1.987    21.9725     3.6456     41.600  34.453840     36.676      6.887   274.0746     3.2835     2.2196     0.0235      0.101      1.949      2.826        400 2.1856e+01 0.0000e+00
      2.003    21.9590     3.4983     39.902  34.531289     36.739      6.888   274.0746     3.3037     2.2599     0.0235      0.101      1.965      2.850        401 2.1422e+01 0.0000e+00
      2.021    21.9420     3.3784     38.522  34.568226     36.802      6.882   274.2638     3.3077     2.2867     0.0236      0.095      1.981      2.873        402 2.1200e+01 0.0000e+00
      2.035    21.9354     3.3137     37.777  34.615471     36.842      6.880   274.2260     3.3846     2.0987     0.0236      0.085      1.996      2.895        403 2.1020e+01 0.0000e+00
      2.048    21.9332     3.3419     38.098  34.620781     36.886      6.878   274.1503     3.3603     2.1256     0.0236      0.074      2.013      2.920        404 2.0597e+01 0.0000e+00
      2.077    21.9215     3.4556     39.400  34.531968     36.772      6.873   274.3396     3.3886     2.1524     0.0235      0.069      2.037      2.954        405 1.9983e+01 0.0000e+00
      2.107    21.9075     3.6191     41.278  34.459094     36.713      6.864   274.8317     3.3805     2.0853     0.0235      0.072      2.061      2.989        406 1.9666e+01 0.0000e+00
      2.119    21.8990     3.8141     43.520  34.474222     36.723      6.850   274.6046     3.1905     2.2464     0.0235      0.074      2.077      3.013        407 1.9551e+01 0.0000e+00
      2.129    21.8947     3.9893     45.531  34.513145     36.794      6.848   274.5667     3.1702     2.1927     0.0235      0.074      2.090      3.032        408 1.9257e+01 0.0000e+00
      2.145    21.8899     4.1135     46.954  34.558943     36.830      6.844   274.7938     3.1824     2.0853     0.0235      0.073      2.106      3.055        409 1.8854e+01 0.0000e+00
      2.168    21.8744     4.1648     47.534  34.387576     36.684      6.839   275.2860     3.1662     2.1524     0.0235      0.074      2.127      3.085        410 1.8401e+01 0.0000e+00
      2.192    21.8532     4.1538     47.401  33.955353     36.181      6.834   275.4753     3.1702     2.2464     0.0233      0.075      2.148      3.115        411 1.8150e+01 0.0000e+00
      2.210    21.8366     4.0947     46.714  33.673357     35.925      6.826   275.4753     3.1419     2.4076     0.0232      0.075      2.165      3.139        412 1.7953e+01 0.0000e+00
      2.220    21.8264     4.0216     45.868  33.522642     35.763      6.815   275.7024     3.1743     2.3673     0.0231      0.070      2.175      3.153        413 1.7866e+01 0.0000e+00
      2.223    21.8247     3.9614     45.169  33.520164     35.775      6.801   275.7781     3.1541     2.3807     0.0231      0.064      2.178      3.158        414 1.7902e+01 0.0000e+00
      2.220    21.8323     3.9192     44.675  33.676448     35.962      6.789   275.8160     3.1622     2.2599     0.0232      0.057      2.176      3.155        415 1.7979e+01 0.0000e+00
      2.213    21.8503     3.9144     44.607  33.891603     36.172      6.781   275.8160     3.0409     2.1793     0.0233      0.045      2.169      3.145        416 1.8228e+01 0.0000e+00
      2.201    21.8716     3.9364     44.842  34.290353     36.614      6.784   275.4753     3.0247     2.1390     0.0234      0.028      2.161      3.134        417 1.8357e+01 0.0000e+00
      2.197    21.8858     4.0031     45.587  34.455407     36.779      6.786   275.6646     3.0489     2.1390     0.0235      0.010      2.157      3.129        418 1.8412e+01 0.0000e+00
      2.201    21.8902     4.0846     46.504  34.427587     36.702      6.788   275.9674     3.0085     2.1659     0.0235     -0.003      2.160      3.133        419 1.8346e+01 0.0000e+00
      2.209    21.8853     4.1558     47.304  34.384278     36.691      6.788   276.1188     2.9115     2.2196     0.0235     -0.009      2.168      3.144        420 1.8156e+01 0.0000e+00
      2.221    21.8764     4.1690     47.444  34.153426     36.390      6.785   275.9296     2.9034     2.1524     0.0234     -0.006      2.179      3.161        421 1.8046e+01 0.0000e+00
      2.236    21.8635     4.1105     46.767  34.092100     36.364      6.785   276.1567     2.9074     2.0987     0.0234      0.003      2.194      3.183        422 1.7741e+01 0.0000e+00
      2.255    21.8487     3.9874     45.357  34.045415     36.311      6.782   276.2703     2.9195     2.1256     0.0233      0.017      2.213      3.210        423 1.7289e+01 0.0000e+00
      2.278    21.8349     3.8248     43.503  33.885316     36.142      6.778   275.7781     3.0287     2.2733     0.0233      0.034      2.234      3.240        424 1.6965e+01 0.0000e+00
      2.300    21.8201     3.6454     41.462  33.727889     36.005      6.769   276.2703     3.0166     2.2733     0.0232      0.051      2.254      3.269        425 1.6697e+01 0.0000e+00
