Data/DataNotYetUploadedToEDI/Raw_CTD/2018_RawDownloads/100818_fcr30.cnv
* Sea-Bird SBE19plus  Data File:
* FileName = C:\DATA\100818_fcr_0003.hex
* Software version 2.6.3.104
* Temperature SN = 7809
* Conductivity SN = 7809
* System UpLoad Time = Oct 08 2018 14:57:29
* <ApplicationData>
* <Seaterm232>
# nquan = 17
# nvalues = 550                         
# units = specified
# name 0 = depFM: Depth [fresh water, m]
# name 1 = tv290C: Temperature [ITS-90, deg C]
# name 2 = sbeox0Mg/L: Oxygen, SBE 43 [mg/l]
# name 3 = sbeox0PS: Oxygen, SBE 43 [% saturation]
# name 4 = c0uS/cm: Conductivity [uS/cm]
# name 5 = specc: Specific Conductance [uS/cm]
# name 6 = ph: pH
# name 7 = orp: Oxidation Reduction Potential [mV]
# name 8 = flECO-AFL: Fluorescence, WET Labs ECO-AFL/FL [mg/m^3]
# name 9 = turbWETntu0: Turbidity, WET Labs ECO [NTU]
# name 10 = sal00: Salinity, Practical [PSU]
# name 11 = dz/dtM: Descent Rate [m/s]
# name 12 = prdM: Pressure, Strain Gauge [db]
# name 13 = prdE: Pressure, Strain Gauge [psi]
# name 14 = scan: Scan Count
# name 15 = par/sat/log: PAR/Logarithmic, Satlantic
# name 16 = flag:  0.000e+00
# span 0 =     -0.472,      5.498       
# span 1 =    16.9171,    23.2983       
# span 2 =     0.0962,     9.2637       
# span 3 =      1.023,    108.607       
# span 4 =   1.257755,  75.291770       
# span 5 =      1.370,     89.749       
# span 6 =      6.084,      7.801       
# span 7 =    89.3312,   224.5573       
# span 8 =    -0.2224,    12.9397       
# span 9 =    -0.3183,    26.0945       
# span 10 =     0.0112,     0.0451      
# span 11 =     -0.148,      0.254      
# span 12 =     -0.462,      5.391      
# span 13 =     -0.670,      7.819      
# span 14 =          1,        550      
# span 15 = 1.5538e+00, 3.9693e+02      
# span 16 = 0.0000e+00, 0.0000e+00      
# interval = seconds: 0.25
# start_time = Oct 08 2018 14:39:35 [Instrument's time stamp, header]
# bad_flag = -9.990e-29
*END*
[from data line 511]
      4.982    17.9631     0.1088      1.141  70.241226     81.607      6.406   172.6171     2.2685     2.9313     0.0418      0.046      4.887      7.088        512 3.0042e+00 0.0000e+00
      4.994    17.9349     0.1105      1.158  70.150426     81.595      6.410   171.5193     2.2604     2.8776     0.0418      0.043      4.899      7.105        513 2.9881e+00 0.0000e+00
      5.010    17.9015     0.1056      1.106  69.952402     81.415      6.409   170.9135     2.2645     2.7970     0.0417      0.043      4.914      7.126        514 2.9572e+00 0.0000e+00
      5.027    17.8613     0.1076      1.125  69.774675     81.208      6.410   170.0807     2.2806     2.9581     0.0416      0.044      4.930      7.150        515 2.9193e+00 0.0000e+00
      5.044    17.8184     0.1023      1.069  70.133963     81.761      6.410   169.8914     2.3453     3.5758     0.0418      0.048      4.945      7.172        516 2.8655e+00 0.0000e+00
      5.056    17.7837     0.1026      1.071  70.485706     82.196      6.408   169.2857     2.3656     3.5758     0.0420      0.051      4.958      7.191        517 2.8215e+00 0.0000e+00
      5.066    17.7557     0.1050      1.095  70.614475     82.476      6.411   168.8314     2.3292     3.5490     0.0421      0.053      4.969      7.207        518 2.7739e+00 0.0000e+00
      5.078    17.7239     0.1044      1.087  70.775915     82.673      6.412   168.1878     2.3453     3.4550     0.0422      0.054      4.981      7.224        519 2.7730e+00 0.0000e+00
      5.092    17.6919     0.1074      1.118  70.968161     83.022      6.413   167.1278     2.4303     3.6295     0.0424      0.055      4.994      7.243        520 2.7388e+00 0.0000e+00
      5.106    17.6635     0.1086      1.130  71.207145     83.280      6.415   166.3707     2.4060     3.5892     0.0425      0.054      5.008      7.264        521 2.6629e+00 0.0000e+00
      5.122    17.6271     0.1132      1.176  71.280719     83.540      6.415   166.2571     2.4181     3.5490     0.0426      0.053      5.024      7.287        522 2.6306e+00 0.0000e+00
      5.141    17.5808     0.1131      1.175  72.005652     84.250      6.415   166.1057     2.4181     3.4952     0.0429      0.053      5.043      7.315        523 2.5306e+00 0.0000e+00
      5.164    17.5461     0.1150      1.193  73.721941     86.589      6.415   165.3485     2.4505     4.0324     0.0439      0.057      5.064      7.345        524 2.4637e+00 0.0000e+00
      5.187    17.5220     0.1130      1.171  74.374385     87.276      6.410   165.1971     2.4990     3.9249     0.0442      0.064      5.085      7.376        525 2.4248e+00 0.0000e+00
      5.206    17.4775     0.1109      1.149  74.432551     87.479      6.406   165.2728     2.4505     4.0055     0.0443      0.070      5.105      7.404        526 2.3466e+00 0.0000e+00
      5.225    17.4153     0.1065      1.102  75.046218     88.217      6.404   164.8185     2.4424     3.8981     0.0446      0.074      5.124      7.432        527 2.2713e+00 0.0000e+00
      5.245    17.3573     0.1095      1.132  75.066803     88.410      6.403   163.1149     2.5233     3.7772     0.0447      0.077      5.143      7.460        528 2.2153e+00 0.0000e+00
      5.265    17.3216     0.1098      1.135  74.644706     87.913      6.397   161.2978     2.5192     3.7907     0.0444      0.079      5.162      7.487        529 2.1627e+00 0.0000e+00
      5.283    17.2944     0.1101      1.138  74.590936     88.100      6.398   159.0264     2.5394     3.8041     0.0445      0.079      5.180      7.513        530 2.1150e+00 0.0000e+00
      5.300    17.2546     0.1096      1.132  74.628602     88.110      6.394   155.6571     2.5314     3.8309     0.0445      0.077      5.198      7.539        531 2.0725e+00 0.0000e+00
      5.319    17.2151     0.1058      1.093  74.597875     88.228      6.391   152.5906     2.5233     3.6967     0.0445      0.075      5.216      7.565        532 2.0234e+00 0.0000e+00
      5.337    17.1664     0.1060      1.095  74.540060     88.151      6.391   150.2813     2.8063     3.5490     0.0445      0.074      5.235      7.593        533 1.9440e+00 0.0000e+00
      5.359    17.1092     0.1081      1.118  74.433146     88.195      6.390   146.3820     2.7821     3.5490     0.0445      0.074      5.255      7.622        534 1.8557e+00 0.0000e+00
      5.380    17.0610     0.1062      1.098  74.314954     88.068      6.391   141.5363     2.7982     3.5490     0.0444      0.075      5.274      7.649        535 1.8268e+00 0.0000e+00
      5.394    17.0258     0.1035      1.069  74.300900     88.253      6.392   137.6370     2.8144     3.6429     0.0445      0.074      5.289      7.671        536 1.7626e+00 0.0000e+00
      5.406    17.0011     0.1005      1.039  74.361546     88.355      6.396   132.9806     3.3279     2.9178     0.0445      0.072      5.302      7.690        537 1.7261e+00 0.0000e+00
      5.420    16.9750     0.0989      1.023  74.477253     88.628      6.400   129.3841     3.2996     2.8507     0.0446      0.069      5.315      7.709        538 1.7167e+00 0.0000e+00
      5.434    16.9488 -9.990e-29 -9.990e-29  74.899833     89.113      6.400   125.7877     3.2916     2.8641     0.0449      0.066      5.329      7.730        539 1.6818e+00 0.0000e+00
      5.449    16.9354 -9.990e-29 -9.990e-29  75.291770     89.735      6.402   121.8884     3.3279     2.9178     0.0451      0.063      5.344      7.750        540 1.6467e+00 0.0000e+00
      5.463    16.9247 -9.990e-29 -9.990e-29  74.999875     89.359      6.405   119.1627     3.8334     2.9715     0.0450      0.060      5.357      7.769        541 1.6063e+00 0.0000e+00
      5.474    16.9183 -9.990e-29 -9.990e-29  74.579639     88.919      6.405   116.3612     3.8374     2.9447     0.0447      0.055      5.367      7.785        542 1.5616e+00 0.0000e+00
      5.482    16.9278 -9.990e-29 -9.990e-29  74.596396     88.941      6.409   114.5441     3.8051     2.8238     0.0448      0.052      5.375      7.797        543 1.5538e+00 0.0000e+00
      5.488    16.9302 -9.990e-29 -9.990e-29  74.741302     89.158      6.411   112.6134     3.8334     2.9447     0.0449      0.048      5.381      7.805        544 1.5975e+00 0.0000e+00
      5.491    16.9219 -9.990e-29 -9.990e-29  74.874766     89.268      6.414   110.6069     3.5867     2.6627     0.0449      0.044      5.385      7.810        545 1.6039e+00 0.0000e+00
      5.493    16.9171 -9.990e-29 -9.990e-29  75.113771     89.565      6.415   107.9948     3.5827     2.7836     0.0450      0.037      5.387      7.814        546 1.6182e+00 0.0000e+00
      5.496    16.9267 -9.990e-29 -9.990e-29  75.246207     89.749      6.420   105.4205     3.5463     2.7298     0.0451      0.029      5.389      7.816        547 1.6147e+00 0.0000e+00
      5.497    16.9376 -9.990e-29 -9.990e-29  75.185422     89.660      6.422   103.4898     3.5463     2.8507     0.0451      0.022      5.391      7.818        548 1.5888e+00 0.0000e+00
      5.497 -9.990e-29 -9.990e-29 -9.990e-29  75.219136     89.707      6.423   101.4455     3.5018     2.5419     0.0451      0.016      5.391      7.819        549 1.6000e+00 0.0000e+00
      5.498 -9.990e-29 -9.990e-29 -9.990e-29  75.263677     89.714      6.427    99.8933     3.5140     2.5419     0.0451      0.011      5.391      7.819        550 1.6110e+00 0.0000e+00
