Data/DataNotYetUploadedToEDI/Raw_CTD/2018_RawDownloads/100818_fcr30.cnv
* Sea-Bird SBE19plus  Data File:
* FileName = C:\DATA\100818_fcr_0003.hex
* Software version 2.6.3.104
* Temperature SN = 7809
* Conductivity SN = 7809
* System UpLoad Time = Oct 08 2018 14:57:29
* <ApplicationData>
* <Seaterm232>
# nquan = 17
# nvalues = 550                         
# units = specified
# name 0 = depFM: Depth [fresh water, m]
# name 1 = tv290C: Temperature [ITS-90, deg C]
# name 2 = sbeox0Mg/L: Oxygen, SBE 43 [mg/l]
# name 3 = sbeox0PS: Oxygen, SBE 43 [% saturation]
# name 4 = c0uS/cm: Conductivity [uS/cm]
# name 5 = specc: Specific Conductance [uS/cm]
# name 6 = ph: pH
# name 7 = orp: Oxidation Reduction Potential [mV]
# name 8 = flECO-AFL: Fluorescence, WET Labs ECO-AFL/FL [mg/m^3]
# name 9 = turbWETntu0: Turbidity, WET Labs ECO [NTU]
# name 10 = sal00: Salinity, Practical [PSU]
# name 11 = dz/dtM: Descent Rate [m/s]
# name 12 = prdM: Pressure, Strain Gauge [db]
# name 13 = prdE: Pressure, Strain Gauge [psi]
# name 14 = scan: Scan Count
# name 15 = par/sat/log: PAR/Logarithmic, Satlantic
# name 16 = flag:  0.000e+00
# span 0 =     -0.472,      5.498       
# span 1 =    16.9171,    23.2983       
# span 2 =     0.0962,     9.2637       
# span 3 =      1.023,    108.607       
# span 4 =   1.257755,  75.291770       
# span 5 =      1.370,     89.749       
# span 6 =      6.084,      7.801       
# span 7 =    89.3312,   224.5573       
# span 8 =    -0.2224,    12.9397       
# span 9 =    -0.3183,    26.0945       
# span 10 =     0.0112,     0.0451      
# span 11 =     -0.148,      0.254      
# span 12 =     -0.462,      5.391      
# span 13 =     -0.670,      7.819      
# span 14 =          1,        550      
# span 15 = 1.5538e+00, 3.9693e+02      
# span 16 = 0.0000e+00, 0.0000e+00      
# interval = seconds: 0.25
# start_time = Oct 08 2018 14:39:35 [Instrument's time stamp, header]
# bad_flag = -9.990e-29
*END*
[from data line 86]
      0.208    23.0697     6.8939     80.488  36.687885     38.143      7.416   147.3285     2.7295     0.9305     0.0244     -0.002      0.204      0.297         87 1.3922e+02 0.0000e+00
      0.209    23.0702     6.8602     80.095  36.774418     38.259      7.417   143.1642     2.7174     0.8634     0.0245     -0.003      0.204      0.297         88 1.3975e+02 0.0000e+00
      0.208    23.0704     6.8233     79.665  36.789529     38.258      7.415   139.6435     2.7376     0.8365     0.0245     -0.003      0.203      0.296         89 1.4018e+02 0.0000e+00
      0.206    23.0705     6.7903     79.280  36.728398     38.200      7.412   138.9242     2.7538     0.9036     0.0244     -0.003      0.202      0.294         90 1.3888e+02 0.0000e+00
      0.205    23.0706     6.7424     78.721  36.731854     38.200      7.415   139.3027     2.7376     0.9708     0.0244     -0.003      0.202      0.294         91 1.4049e+02 0.0000e+00
      0.208    23.0706     6.6927     78.141  36.725909     38.199      7.418   139.3785     2.7093     0.7828     0.0244     -0.002      0.204      0.296         92 1.3832e+02 0.0000e+00
      0.211    23.0707     6.6509     77.653  36.735798     38.200      7.415   139.3027     2.7052     0.7962     0.0244     -0.000      0.207      0.300         93 1.3796e+02 0.0000e+00
      0.213    23.0711     6.6066     77.136  36.719547     38.199      7.415   139.7192     2.7335     0.7828     0.0244      0.001      0.209      0.303         94 1.3970e+02 0.0000e+00
      0.215    23.0713     6.5573     76.560  36.686813     38.141      7.416   140.0220     2.7254     0.8231     0.0244      0.003      0.211      0.306         95 1.3755e+02 0.0000e+00
      0.217    23.0715     6.5029     75.926  36.717216     38.199      7.414   139.8327     2.7093     0.8768     0.0244      0.005      0.213      0.309         96 1.3580e+02 0.0000e+00
      0.219    23.0719     6.4547     75.363  36.741030     38.199      7.412   140.1735     2.6486     0.8365     0.0244      0.007      0.214      0.310         97 1.3608e+02 0.0000e+00
      0.219    23.0724     6.4073     74.810  36.775815     38.257      7.415   140.4385     2.6365     0.7559     0.0245      0.008      0.214      0.310         98 1.3551e+02 0.0000e+00
      0.216    23.0725     6.3603     74.262  36.733247     38.198      7.412   140.9685     2.6446     0.8634     0.0244      0.006      0.212      0.308         99 1.3598e+02 0.0000e+00
      0.214    23.0728     6.3152     73.736  36.734685     38.198      7.408   140.7413     2.6567     0.9574     0.0244      0.004      0.210      0.304        100 1.3833e+02 0.0000e+00
      0.212    23.0731     6.2732     73.244  36.774024     38.256      7.410   141.1577     2.6446     0.8231     0.0245      0.001      0.208      0.302        101 1.3876e+02 0.0000e+00
      0.211    23.0730     6.2247     72.678  36.743609     38.198      7.412   141.3470     2.6769     0.8365     0.0244     -0.002      0.208      0.302        102 1.3785e+02 0.0000e+00
      0.213    23.0732     6.1815     72.175  36.742876     38.227      7.408   142.2177     2.6405     0.8768     0.0245     -0.003      0.209      0.303        103 1.3748e+02 0.0000e+00
      0.215    23.0733     6.1448     71.747  36.745278     38.198      7.401   142.4827     2.6607     0.9036     0.0244     -0.003      0.210      0.304        104 1.3799e+02 0.0000e+00
      0.215    23.0735     6.1095     71.334  36.770281     38.255      7.394   142.6720     2.7457     0.8365     0.0245     -0.002      0.209      0.304        105 1.3868e+02 0.0000e+00
      0.212    23.0738     6.0682     70.853  36.741421     38.197      7.380   142.9749     2.7295     0.8097     0.0244     -0.002      0.208      0.301        106 1.3919e+02 0.0000e+00
      0.209    23.0740     6.0273     70.375  36.721874     38.197      7.369   143.0885     2.7214     0.9439     0.0244     -0.001      0.206      0.299        107 1.3881e+02 0.0000e+00
      0.209    23.0741     5.9903     69.943  36.764945     38.226      7.368   143.4670     2.6971     0.8499     0.0245     -0.001      0.206      0.299        108 1.3851e+02 0.0000e+00
      0.212    23.0743     5.9615     69.608  36.776798     38.255      7.368   143.8456     2.7497     0.8097     0.0245     -0.001      0.207      0.301        109 1.3894e+02 0.0000e+00
      0.213    23.0744     5.9256     69.189  36.736784     38.197      7.369   144.4892     2.7497     0.7828     0.0244     -0.001      0.208      0.303        110 1.3820e+02 0.0000e+00
      0.214    23.0743     5.8916     68.792  36.785083     38.255      7.367   145.2463     2.7416     0.9171     0.0245     -0.001      0.208      0.303        111 1.3917e+02 0.0000e+00
      0.212    23.0746     5.8579     68.398  36.776008     38.255      7.367   145.3599     2.7174     0.8634     0.0245     -0.001      0.207      0.301        112 1.3892e+02 0.0000e+00
      0.210    23.0748     5.8262     68.028  36.748076     38.196      7.366   145.2842     2.6810     0.9305     0.0244     -0.000      0.207      0.300        113 1.3824e+02 0.0000e+00
      0.212    23.0751     5.7956     67.672  36.790187     38.283      7.370   147.4042     2.6324     0.9976     0.0245      0.000      0.207      0.300        114 1.3926e+02 0.0000e+00
      0.210    23.0753     5.7737     67.416  36.753263     38.196      7.372   146.2685     2.6648     0.8365     0.0244      0.000      0.206      0.299        115 1.4032e+02 0.0000e+00
      0.208    23.0753     5.7429     67.057  36.764366     38.254      7.370   146.5713     2.6527     0.9171     0.0245     -0.001      0.204      0.296        116 1.4112e+02 0.0000e+00
      0.206    23.0755     5.7185     66.772  36.806027     38.254      7.372   146.8742     2.6284     0.8499     0.0245     -0.003      0.203      0.295        117 1.3921e+02 0.0000e+00
      0.207    23.0758     5.6837     66.365  36.820055     38.312      7.372   146.9878     2.6527     0.8768     0.0245     -0.004      0.204      0.296        118 1.3893e+02 0.0000e+00
      0.211    23.0760     5.6673     66.174  36.776569     38.225      7.374   147.8206     2.6648     0.8902     0.0245     -0.002      0.206      0.299        119 1.3862e+02 0.0000e+00
      0.212    23.0761     5.6404     65.860  36.771166     38.253      7.374   148.2749     2.6446     0.7828     0.0245     -0.001      0.207      0.300        120 1.3867e+02 0.0000e+00
      0.212    23.0762     5.6186     65.606  36.797119     38.253      7.370   160.2757     2.6446     0.8365     0.0245      0.000      0.207      0.300        121 1.3976e+02 0.0000e+00
      0.210    23.0762     5.5946     65.325  36.773930     38.253      7.373   149.7513     2.6244     0.8634     0.0245      0.001      0.206      0.299        122 1.3932e+02 0.0000e+00
      0.209    23.0766     5.5806     65.162  36.740705     38.195      7.372   149.8649     2.6001     0.8634     0.0244      0.001      0.205      0.298        123 1.3970e+02 0.0000e+00
      0.210    23.0767     5.5623     64.949  36.779147     38.253      7.375   149.6378     2.5637     0.8365     0.0245      0.001      0.205      0.298        124 1.3918e+02 0.0000e+00
      0.210    23.0766     5.5368     64.651  36.815067     38.282      7.376   150.1678     2.6041     0.8365     0.0245      0.001      0.206      0.299        125 1.3780e+02 0.0000e+00
      0.212    23.0768     5.5166     64.415  36.784982     38.253      7.379   150.7356     2.5839     0.8365     0.0245      0.001      0.207      0.300        126 1.3828e+02 0.0000e+00
      0.211    23.0770     5.5073     64.307  36.786929     38.253      7.380   151.3035     2.6082     0.8902     0.0245     -0.000      0.207      0.300        127 1.3831e+02 0.0000e+00
      0.210    23.0772     5.4934     64.145  36.782986     38.253      7.380   151.8713     2.6324     0.9036     0.0245     -0.000      0.206      0.299        128 1.3807e+02 0.0000e+00
      0.210    23.0773     5.4844     64.040  36.789889     38.252      7.384   152.5149     2.5920     0.8365     0.0245      0.000      0.206      0.299        129 1.3939e+02 0.0000e+00
      0.210    23.0774     5.4708     63.882  36.807998     38.281      7.382   152.2878     2.7254     0.7559     0.0245      0.000      0.206      0.299        130 1.3838e+02 0.0000e+00
      0.211    23.0777     5.4635     63.796  36.790109     38.252      7.384   152.7421     2.6810     0.7828     0.0245      0.001      0.206      0.299        131 1.3873e+02 0.0000e+00
      0.210    23.0777     5.4534     63.679  36.782491     38.252      7.382   153.3099     2.7457     0.9439     0.0245     -0.000      0.205      0.298        132 1.3991e+02 0.0000e+00
      0.207    23.0780     5.4424     63.549  36.787818     38.252      7.384   154.2185     2.7295     0.8499     0.0245     -0.001      0.205      0.297        133 1.3998e+02 0.0000e+00
      0.210    23.0781     5.4269     63.369  36.783480     38.252      7.384   166.7871     2.6527     0.9305     0.0245     -0.001      0.208      0.302        134 1.4072e+02 0.0000e+00
      0.219    23.0778     5.4144     63.223  36.787890     38.252      7.386   162.4335     2.6527     0.7694     0.0245      0.002      0.214      0.310        135 1.3877e+02 0.0000e+00
      0.224    23.0781     5.4025     63.086  36.811988     38.281      7.377   156.9064     2.6729     0.8365     0.0245      0.005      0.218      0.317        136 1.3622e+02 0.0000e+00
      0.224    23.0783     5.4141     63.237  36.783150     38.252      7.368   155.7706     2.6729     0.8634     0.0245      0.007      0.222      0.322        137 1.3681e+02 0.0000e+00
      0.233    23.0783     5.4370     63.527  36.734801     38.193      7.364   166.2950     2.6405     0.7291     0.0244      0.011      0.229      0.331        138 1.3661e+02 0.0000e+00
      0.241    23.0784     5.4865     64.127  36.783179     38.251      7.351   157.2849     2.5920     0.8499     0.0245      0.015      0.234      0.339        139 1.3373e+02 0.0000e+00
      0.239    23.0786     5.5646     65.057  36.782263     38.251      7.346   156.9821     2.5920     0.8634     0.0245      0.017      0.235      0.341        140 1.3498e+02 0.0000e+00
      0.239    23.0786     5.6514     66.075  36.735941     38.193      7.350   156.4899     2.6163     0.8634     0.0244      0.017      0.235      0.342        141 1.3416e+02 0.0000e+00
      0.243    23.0790     5.7394     67.106  36.751847     38.222      7.351   157.2092     2.6163     0.8365     0.0245      0.015      0.238      0.346        142 1.3537e+02 0.0000e+00
      0.247    23.0789     5.8369     68.255  36.732808     38.193      7.356   161.3735     2.6607     0.8097     0.0244      0.013      0.243      0.353        143 1.3477e+02 0.0000e+00
      0.254    23.0790     5.9452     69.537  36.729976     38.193      7.360   157.8906     2.6527     0.7694     0.0244      0.014      0.248      0.360        144 1.4165e+02 0.0000e+00
      0.258    23.0785     6.0519     70.807  36.785032     38.251      7.365   158.1178     2.6567     0.9305     0.0245      0.014      0.249      0.362        145 1.4614e+02 0.0000e+00
      0.250    23.0809     6.1522     71.990  36.782930     38.251      7.360   157.7014     2.6486     0.9036     0.0245      0.010      0.240      0.348        146 1.6003e+02 0.0000e+00
      0.225    23.0939     6.2275     72.869  36.762251     38.222      7.337   157.7771     2.6769     0.8499     0.0245      0.001      0.218      0.316        147 1.6700e+02 0.0000e+00
      0.193    23.1120     6.2876     73.564  36.781106     38.250      7.320   157.6635     2.6769     0.8365     0.0245     -0.013      0.187      0.272        148 1.8324e+02 0.0000e+00
      0.156    23.1300     6.3406     74.179  36.848442     38.297      7.324   157.2092     2.6405     0.7828     0.0245     -0.035      0.149      0.217        149 2.3098e+02 0.0000e+00
      0.107    23.1436     6.3806     74.642  36.945383     38.399      7.326   157.6635     2.6527     0.8768     0.0245     -0.064      0.107      0.155        150 2.6696e+02 0.0000e+00
      0.063    23.1469     6.3972     74.834  36.897734     38.326      7.339   157.9664     2.7254     1.1991     0.0245     -0.094      0.068      0.098        151 2.9577e+02 0.0000e+00
      0.039    23.1487     6.3974     74.829  36.789094     38.199      7.357   158.0799     2.7335     1.0648     0.0245     -0.118      0.037      0.053        152 3.0530e+02 0.0000e+00
      0.009    23.1554     6.3696     74.506  36.813638     38.226      7.355   157.5499     2.7335     0.9574     0.0245     -0.133      0.005      0.007        153 3.4760e+02 0.0000e+00
     -0.035    23.1673     6.3575     74.373  36.896845     38.312      7.361   171.6707     2.7214     1.1051     0.0245     -0.143     -0.034     -0.049        154 3.6961e+02 0.0000e+00
     -0.077    23.1830     6.3470     74.255  36.952481     38.364      7.369   176.8950     2.6041     0.8634     0.0245     -0.147     -0.073     -0.106        155 3.5901e+02 0.0000e+00
     -0.112    23.1906     6.3378     74.153  36.952014     38.355      7.372   176.2136     2.6001     0.8768     0.0245     -0.148     -0.108     -0.156        156 3.6105e+02 0.0000e+00
     -0.141    23.1881     6.3328     74.097  36.897419     38.284      7.373   176.9707     2.5799     0.9036     0.0245     -0.144     -0.136     -0.197        157 3.5863e+02 0.0000e+00
     -0.164    23.1838     6.3202     73.948  36.812799     38.191      7.374   160.8435     2.5799     0.7828     0.0245     -0.136     -0.156     -0.226        158 3.6069e+02 0.0000e+00
     -0.171    23.1794     6.2992     73.699  36.731061     38.106      7.377   161.4871     2.5718     0.8097     0.0244     -0.126     -0.167     -0.243        159 3.5825e+02 0.0000e+00
     -0.178    23.1761     6.2707     73.365  36.732204     38.110      7.374   178.4093     2.5556     0.8768     0.0244     -0.113     -0.175     -0.253        160 3.6018e+02 0.0000e+00
     -0.187    23.1736     6.2278     72.864  36.781719     38.171      7.370   177.9171     2.5314     0.8768     0.0245     -0.095     -0.178     -0.257        161 3.6093e+02 0.0000e+00
     -0.177    23.1696     6.1732     72.229  36.728760     38.116      7.375   178.7500     2.5314     0.7425     0.0244     -0.069     -0.167     -0.242        162 3.6129e+02 0.0000e+00
     -0.147    23.1707     6.1105     71.526  36.738793     38.118      7.378   178.8257     2.5111     0.8634     0.0244     -0.038     -0.141     -0.205        163 3.6333e+02 0.0000e+00
     -0.108    23.1764     6.0735     71.119  36.739578     38.150      7.364   177.8414     2.5960     0.9036     0.0245     -0.003     -0.108     -0.158        164 3.6610e+02 0.0000e+00
     -0.077    23.1801     6.0235     70.540  36.698125     38.062      7.357   177.6143     2.6082     1.0245     0.0244      0.031     -0.081     -0.118        165 3.6589e+02 0.0000e+00
     -0.063    23.1842     6.0149     70.437  36.760719     38.173      7.348   177.7278     2.5880     0.8634     0.0245      0.056     -0.065     -0.094        166 3.6611e+02 0.0000e+00
     -0.057    23.1863     6.0598     70.965  36.750657     38.113      7.342   177.0464     2.5839     0.8902     0.0244      0.071     -0.056     -0.081        167 3.6566e+02 0.0000e+00
     -0.050    23.1849     6.0926     71.354  36.769964     38.167      7.341   176.2514     2.6163     0.8902     0.0245      0.078     -0.050     -0.073        168 3.6630e+02 0.0000e+00
     -0.046    23.1826     6.1518     72.048  36.796011     38.166      7.348   176.4028     2.6001     0.8634     0.0245      0.077     -0.048     -0.068        169 3.6677e+02 0.0000e+00
     -0.049    23.1822     6.2043     72.658  36.866540     38.254      7.349   176.9328     2.6082     0.9574     0.0245      0.062     -0.048     -0.069        170 3.6324e+02 0.0000e+00
