Data/DataNotYetUploadedToEDI/Raw_CTD/2018_RawDownloads/100818_fcr20.cnv
* Sea-Bird SBE19plus  Data File:
* FileName = C:\DATA\100818_fcr_0002.hex
* Software version 2.6.3.104
* Temperature SN = 7809
* Conductivity SN = 7809
* System UpLoad Time = Oct 08 2018 14:57:11
* <ApplicationData>
* <Seaterm232>
# nquan = 17
# nvalues = 354                         
# units = specified
# name 0 = depFM: Depth [fresh water, m]
# name 1 = tv290C: Temperature [ITS-90, deg C]
# name 2 = sbeox0Mg/L: Oxygen, SBE 43 [mg/l]
# name 3 = sbeox0PS: Oxygen, SBE 43 [% saturation]
# name 4 = c0uS/cm: Conductivity [uS/cm]
# name 5 = specc: Specific Conductance [uS/cm]
# name 6 = ph: pH
# name 7 = orp: Oxidation Reduction Potential [mV]
# name 8 = flECO-AFL: Fluorescence, WET Labs ECO-AFL/FL [mg/m^3]
# name 9 = turbWETntu0: Turbidity, WET Labs ECO [NTU]
# name 10 = sal00: Salinity, Practical [PSU]
# name 11 = dz/dtM: Descent Rate [m/s]
# name 12 = prdM: Pressure, Strain Gauge [db]
# name 13 = prdE: Pressure, Strain Gauge [psi]
# name 14 = scan: Scan Count
# name 15 = par/sat/log: PAR/Logarithmic, Satlantic
# name 16 = flag:  0.000e+00
# span 0 =     -0.472,      3.356       
# span 1 =    19.9992,    22.7796       
# span 2 =     0.0614,     9.5413       
# span 3 =      0.680,    110.747       
# span 4 =   0.405715,  45.996637       
# span 5 =      1.156,     51.177       
# span 6 =      5.951,      7.669       
# span 7 =   126.0906,   279.5260       
# span 8 =    -0.1941,     4.5491       
# span 9 =    -0.3049,    36.9174       
# span 10 =     0.0109,     0.0291      
# span 11 =     -0.291,      0.289      
# span 12 =     -0.463,      3.289      
# span 13 =     -0.672,      4.771      
# span 14 =          1,        354      
# span 15 = 7.4687e+00, 4.3222e+02      
# span 16 = 0.0000e+00, 0.0000e+00      
# interval = seconds: 0.25
# start_time = Oct 08 2018 14:13:35 [Instrument's time stamp, header]
# bad_flag = -9.990e-29
*END*
[from data line 256]
      1.545    21.7101     5.4137     61.302  36.496687     39.014      7.278   194.4229     3.3886     1.2662     0.0244      0.082      1.513      2.194        257 4.3956e+01 0.0000e+00
      1.569    21.6759     5.1689     58.513  36.622619     39.154      7.270   194.5743     3.3643     1.1588     0.0245      0.090      1.537      2.229        258 4.3276e+01 0.0000e+00
      1.587    21.6482     4.9596     56.117  36.254377     38.804      7.269   194.9150     3.3643     1.2796     0.0243      0.096      1.557      2.258        259 4.2611e+01 0.0000e+00
      1.608    21.6218     4.8285     54.605  36.213501     38.772      7.264   194.9908     3.4331     1.2393     0.0243      0.099      1.577      2.287        260 4.1931e+01 0.0000e+00
      1.630    21.5961     4.7775     53.990  36.406572     39.035      7.256   195.1043     3.4088     1.2393     0.0244      0.100      1.597      2.316        261 4.1311e+01 0.0000e+00
      1.647    21.5754     4.8205     54.441  36.547984     39.177      7.251   194.9908     3.4614     1.3333     0.0244      0.096      1.617      2.344        262 4.0747e+01 0.0000e+00
      1.669    21.5557     4.9419     55.791  36.719694     39.409      7.242   195.7479     3.4371     1.2931     0.0245      0.089      1.637      2.374        263 4.0070e+01 0.0000e+00
      1.693    21.5353     5.1012     57.579  36.786086     39.486      7.232   195.6343     3.4250     1.2796     0.0246      0.084      1.659      2.406        264 3.9488e+01 0.0000e+00
      1.714    21.5185     5.2737     59.511  36.732310     39.443      7.222   196.2400     3.5342     1.5616     0.0245      0.082      1.681      2.438        265 3.8862e+01 0.0000e+00
      1.737    21.4978     5.4240     61.192  36.667988     39.400      7.210   196.8836     3.5099     1.5616     0.0245      0.083      1.704      2.472        266 3.8117e+01 0.0000e+00
      1.762    21.4778     5.5421     62.484  36.480566     39.204      7.200   197.3000     3.4978     1.4408     0.0244      0.085      1.728      2.507        267 3.7426e+01 0.0000e+00
      1.788    21.4609     5.6348     63.478  36.372373     39.101      7.190   197.6408     3.5140     1.5213     0.0244      0.088      1.753      2.542        268 3.6671e+01 0.0000e+00
      1.812    21.4379     5.7031     64.219  36.209457     38.968      7.178   197.5650     3.8132     1.6288     0.0243      0.090      1.778      2.578        269 3.5943e+01 0.0000e+00
      1.838    21.4096     5.7578     64.809  35.971506     38.681      7.167   197.6786     3.8294     1.4945     0.0242      0.094      1.803      2.613        270 3.5181e+01 0.0000e+00
      1.863    21.3743     5.8017     65.267  35.927037     38.701      7.157   198.1329     3.8011     1.4408     0.0242      0.096      1.825      2.645        271 3.4573e+01 0.0000e+00
      1.878    21.3408     5.8240     65.485  35.908904     38.663      7.145   198.0572     3.8213     1.5616     0.0242      0.094      1.841      2.670        272 3.4221e+01 0.0000e+00
      1.890    21.3215     5.8018     65.204  35.875452     38.694      7.135   198.9279     4.3389     1.4676     0.0242      0.090      1.851      2.685        273 3.4056e+01 0.0000e+00
      1.895    21.3111     5.6805     63.815  35.909368     38.721      7.120   198.5872     4.3429     1.5616     0.0242      0.081      1.860      2.697        274 3.3805e+01 0.0000e+00
      1.905    21.3001     5.4756     61.494  35.926030     38.798      7.111   199.4201     4.3631     1.5482     0.0242      0.071      1.871      2.714        275 3.3194e+01 0.0000e+00
      1.926    21.2854     5.2006     58.402  35.854727     38.685      7.108   199.3822     4.3308     1.4676     0.0241      0.064      1.891      2.743        276 3.2472e+01 0.0000e+00
      1.954    21.2534     4.8797     54.806  35.820159     38.695      7.103   199.9501     4.2742     1.6019     0.0241      0.061      1.917      2.780        277 3.1549e+01 0.0000e+00
      1.984    21.2132     4.5539     51.150  35.791103     38.646      7.098   200.3286     4.2580     1.4945     0.0241      0.063      1.943      2.818        278 3.0716e+01 0.0000e+00
      2.005    21.1890     4.2562     47.796  35.772260     38.673      7.086   199.8743     4.2984     1.5079     0.0241      0.068      1.966      2.850        279 3.0245e+01 0.0000e+00
      2.024    21.1685     4.0126     45.051  35.813966     38.738      7.082   200.4422     4.2539     1.5616     0.0241      0.075      1.985      2.878        280 2.9741e+01 0.0000e+00
      2.043    21.1410     3.8563     43.285  35.828195     38.788      7.075   200.1393     3.7364     1.6959     0.0242      0.082      2.002      2.904        281 2.9267e+01 0.0000e+00
      2.059    21.1139     3.7585     42.177  35.902858     38.865      7.071   201.0479     3.7525     1.7228     0.0242      0.086      2.019      2.929        282 2.8810e+01 0.0000e+00
      2.077    21.0902     3.7052     41.577  35.987988     39.010      7.068   201.1615     3.7606     1.7093     0.0242      0.085      2.036      2.953        283 2.8307e+01 0.0000e+00
      2.093    21.0694     3.6665     41.141  35.959535     38.972      7.061   201.3886     3.7647     1.7228     0.0242      0.080      2.051      2.975        284 2.7895e+01 0.0000e+00
      2.105    21.0542     3.6490     40.944  35.997598     39.053      7.060   202.0322     3.7444     1.6422     0.0242      0.072      2.063      2.992        285 2.7670e+01 0.0000e+00
      2.113    21.0502     3.6513     40.970  36.059266     39.131      7.053   202.0701     3.6797     1.6959     0.0243      0.065      2.070      3.002        286 2.7660e+01 0.0000e+00
      2.114    21.0576     3.6619     41.081  36.001437     39.084      7.045   202.2972     3.6919     1.7496     0.0242      0.056      2.073      3.006        287 2.7722e+01 0.0000e+00
      2.114    21.0601     3.6788     41.244  35.950936     39.026      7.039   202.1079     3.7000     1.7228     0.0242      0.046      2.076      3.011        288 2.7556e+01 0.0000e+00
      2.124    21.0494     3.6884     41.323  36.003479     39.081      7.037   202.6001     3.7000     1.7093     0.0242      0.038      2.085      3.024        289 2.7150e+01 0.0000e+00
      2.140    21.0389     3.6865     41.271  36.054683     39.139      7.027   202.3729     3.6272     1.7093     0.0243      0.034      2.098      3.042        290 2.6926e+01 0.0000e+00
      2.150    21.0262     3.6270     40.585  36.065167     39.149      7.025   202.5622     3.6312     1.7093     0.0243      0.031      2.110      3.060        291 2.6672e+01 0.0000e+00
      2.165    21.0140     3.5037     39.190  36.109070     39.218      7.021   202.7136     3.5989     1.7362     0.0243      0.032      2.124      3.080        292 2.6264e+01 0.0000e+00
      2.182    21.0116     3.3124     37.028  36.059368     39.168      7.020   202.9029     3.6272     1.6825     0.0243      0.037      2.141      3.105        293 2.5855e+01 0.0000e+00
      2.204    21.0096     3.0863     34.478  36.067710     39.179      7.013   203.6222     3.5867     1.9107     0.0243      0.046      2.160      3.132        294 2.5450e+01 0.0000e+00
      2.220    21.0072     2.8418     31.730  36.098696     39.241      6.998   203.3951     3.5423     1.8436     0.0243      0.055      2.176      3.156        295 2.5149e+01 0.0000e+00
      2.233    21.0085     2.6129     29.160  36.080127     39.183      6.990   204.1144     3.5544     1.8839     0.0243      0.061      2.189      3.175        296 2.4936e+01 0.0000e+00
      2.244    20.9980     2.3863     26.619  36.090819     39.245      6.978   203.4329     3.5706     1.9107     0.0243      0.061      2.202      3.195        297 2.4642e+01 0.0000e+00
      2.261    20.9666     2.2032     24.566  36.085389     39.183      6.973   204.1144     3.5099     1.9107     0.0243      0.061      2.220      3.220        298 2.4092e+01 0.0000e+00
      2.287    20.9292     2.0372     22.711  36.235180     39.404      6.963   204.2279     3.4978     1.8839     0.0244      0.065      2.243      3.253        299 2.3476e+01 0.0000e+00
      2.312    20.8927     1.8977     21.152  36.378960     39.554      6.955   204.5308     3.5059     1.9376     0.0244      0.068      2.267      3.287        300 2.2982e+01 0.0000e+00
      2.335    20.8671     1.7635     19.646  36.410678     39.646      6.944   204.8715     3.5099     1.9645     0.0244      0.072      2.290      3.321        301 2.2438e+01 0.0000e+00
      2.358    20.8470     1.6251     18.094  36.373680     39.618      6.937   205.3258     3.6555     1.9107     0.0244      0.076      2.313      3.355        302 2.1870e+01 0.0000e+00
      2.383    20.8172     1.5140     16.848  36.336042     39.609      6.928   205.6286     3.6312     1.9913     0.0244      0.082      2.337      3.389        303 2.1396e+01 0.0000e+00
      2.407    20.7843     1.3943     15.508  36.368554     39.656      6.918   205.8558     3.6150     1.8705     0.0244      0.089      2.358      3.421        304 2.0954e+01 0.0000e+00
      2.426    20.7554     1.2556     13.961  36.362891     39.682      6.908   205.7801     3.6070     1.8570     0.0244      0.092      2.378      3.449        305 2.0595e+01 0.0000e+00
      2.443    20.7311     1.1078     12.312  36.372763     39.711      6.902   205.9315     3.6272     1.9107     0.0244      0.090      2.397      3.476        306 2.0211e+01 0.0000e+00
      2.462    20.7074     0.9568     10.629  36.415602     39.797      6.890   206.7644     3.5787     1.7362     0.0244      0.087      2.414      3.501        307 1.9813e+01 0.0000e+00
      2.479    20.6871     0.7917      8.791  36.487548     39.879      6.879   206.6129     3.5908     1.7228     0.0245      0.083      2.431      3.525        308 1.9507e+01 0.0000e+00
      2.495    20.6781     0.6515      7.231  36.550175     39.991      6.871   206.9158     3.5948     1.7362     0.0245      0.078      2.448      3.550        309 1.9125e+01 0.0000e+00
      2.515    20.6676     0.5273      5.850  36.485975     39.918      6.862   207.4079     3.5584     1.6690     0.0245      0.075      2.468      3.579        310 1.8651e+01 0.0000e+00
      2.539    20.6431     0.4172      4.627  36.537795     39.987      6.849   207.3322     3.4331     1.7630     0.0245      0.073      2.491      3.613        311 1.8197e+01 0.0000e+00
      2.567    20.6134     0.3208      3.558  36.663648     40.149      6.839   207.5215     3.4816     1.6690     0.0246      0.076      2.516      3.650        312 1.7749e+01 0.0000e+00
      2.591    20.5862     0.2373      2.630  36.744595     40.232      6.829   207.7108     3.4129     1.6690     0.0246      0.080      2.540      3.685        313 1.7333e+01 0.0000e+00
      2.614    20.5631     0.1763      1.953  36.852308     40.411      6.819   208.3165     3.4129     1.7093     0.0247      0.084      2.563      3.717        314 1.6986e+01 0.0000e+00
      2.634    20.5427     0.1346      1.491  36.855875     40.404      6.810   207.9758     3.4412     1.9107     0.0246      0.087      2.583      3.746        315 1.6638e+01 0.0000e+00
      2.654    20.5217     0.1019      1.128  36.829149     40.425      6.803   208.4679     3.4290     2.0316     0.0246      0.089      2.604      3.776        316 1.6235e+01 0.0000e+00
      2.678    20.4990     0.0867      0.959  36.855919     40.443      6.791   208.3165     3.4371     2.0450     0.0247      0.091      2.626      3.809        317 1.5822e+01 0.0000e+00
      2.703    20.4752     0.0715      0.791  36.881893     40.523      6.782   208.8465     3.4412     1.9376     0.0247      0.090      2.650      3.842        318 1.5514e+01 0.0000e+00
      2.724    20.4551     0.0614      0.680  36.856157     40.482      6.768   208.6572     3.5018     1.9510     0.0247      0.089      2.670      3.872        319 1.5286e+01 0.0000e+00
      2.741    20.4359     0.0727      0.804  36.858298     40.534      6.759   209.4144     3.4695     1.8973     0.0247      0.086      2.689      3.899        320 1.4993e+01 0.0000e+00
      2.760    20.4173     0.0832      0.920  36.908901     40.583      6.747   209.0358     3.5382     2.0182     0.0247      0.084      2.707      3.926        321 1.4739e+01 0.0000e+00
      2.780    20.4072     0.0965      1.066  36.941493     40.661      6.740   209.2629     3.5301     1.9107     0.0247      0.082      2.726      3.954        322 1.4505e+01 0.0000e+00
      2.800    20.3916     0.1067      1.178  36.906728     40.617      6.730   209.3008     3.4412     1.9242     0.0247      0.081      2.746      3.982        323 1.4153e+01 0.0000e+00
      2.820    20.3652     0.1162      1.284  36.952175     40.687      6.723   209.4522     3.4412     1.9645     0.0247      0.080      2.765      4.011        324 1.3885e+01 0.0000e+00
      2.839    20.3460     0.1251      1.382  37.033242     40.793      6.705   209.5658     3.4412     1.9107     0.0248      0.078      2.783      4.036        325 1.3735e+01 0.0000e+00
      2.853    20.3350     0.1345      1.484  36.954151     40.725      6.698   209.2629     3.4493     1.8705     0.0247      0.075      2.799      4.059        326 1.3493e+01 0.0000e+00
      2.870    20.3266     0.1423      1.570  36.902313     40.680      6.695   209.3387     3.4412     1.9376     0.0247      0.073      2.815      4.083        327 1.3254e+01 0.0000e+00
      2.889    20.3146     0.1488      1.642  36.890141     40.690      6.689   209.2251     3.1743     2.1122     0.0247      0.073      2.833      4.109        328 1.3026e+01 0.0000e+00
      2.907    20.2914     0.1529      1.687  36.791346     40.574      6.683   209.3387     3.1905     2.1122     0.0246      0.071      2.851      4.135        329 1.2760e+01 0.0000e+00
      2.926    20.2699     0.1555      1.716  36.787989     40.585      6.677   209.5658     3.1905     2.1927     0.0246      0.070      2.871      4.164        330 1.2501e+01 0.0000e+00
      2.949    20.2547     0.1589      1.752  36.864666     40.699      6.669   209.4144     3.1783     2.1256     0.0247      0.071      2.893      4.197        331 1.2178e+01 0.0000e+00
      2.976    20.2365     0.1613      1.778  36.903552     40.749      6.660   210.2472     3.1945     2.1927     0.0247      0.074      2.917      4.230        332 1.1907e+01 0.0000e+00
      2.995    20.2192     0.1617      1.782  37.065868     40.947      6.651   210.0201     3.1986     2.1122     0.0248      0.078      2.937      4.259        333 1.1706e+01 0.0000e+00
      3.012    20.2046     0.1609      1.774  36.810977     40.717      6.646   210.0201     3.2026     2.1390     0.0247      0.080      2.955      4.285        334 1.1484e+01 0.0000e+00
      3.031    20.1909     0.1591      1.753  36.746208     40.547      6.638   210.1715     3.1824     2.1927     0.0246      0.081      2.973      4.312        335 1.1192e+01 0.0000e+00
      3.051    20.1773     0.1565      1.725  36.553280     40.560      6.631   209.9822     3.1945     2.3136     0.0246      0.081      2.993      4.341        336 1.0918e+01 0.0000e+00
      3.075    20.1660     0.1525      1.680  37.169720     40.882      6.622   210.0579     3.1743     2.2196     0.0247      0.081      3.016      4.374        337 1.0641e+01 0.0000e+00
      3.102    20.1587     0.1564      1.723  39.419837     43.864      6.616   209.8308     3.1783     2.2196     0.0260      0.083      3.041      4.409        338 1.0315e+01 0.0000e+00
      3.125    20.1494     0.1544      1.700  39.982111     44.122      6.611   210.0958     3.1702     2.2062     0.0261      0.083      3.064      4.443        339 1.0098e+01 0.0000e+00
      3.145    20.1399     0.1506      1.658  39.999836     44.346      6.604   210.1715     3.8051     2.4613     0.0262      0.084      3.084      4.473        340 9.8928e+00 0.0000e+00
