Data/DataNotYetUploadedToEDI/Raw_CTD/2018_RawDownloads/100818_fcr20.cnv
* Sea-Bird SBE19plus  Data File:
* FileName = C:\DATA\100818_fcr_0002.hex
* Software version 2.6.3.104
* Temperature SN = 7809
* Conductivity SN = 7809
* System UpLoad Time = Oct 08 2018 14:57:11
* <ApplicationData>
* <Seaterm232>
# nquan = 17
# nvalues = 354                         
# units = specified
# name 0 = depFM: Depth [fresh water, m]
# name 1 = tv290C: Temperature [ITS-90, deg C]
# name 2 = sbeox0Mg/L: Oxygen, SBE 43 [mg/l]
# name 3 = sbeox0PS: Oxygen, SBE 43 [% saturation]
# name 4 = c0uS/cm: Conductivity [uS/cm]
# name 5 = specc: Specific Conductance [uS/cm]
# name 6 = ph: pH
# name 7 = orp: Oxidation Reduction Potential [mV]
# name 8 = flECO-AFL: Fluorescence, WET Labs ECO-AFL/FL [mg/m^3]
# name 9 = turbWETntu0: Turbidity, WET Labs ECO [NTU]
# name 10 = sal00: Salinity, Practical [PSU]
# name 11 = dz/dtM: Descent Rate [m/s]
# name 12 = prdM: Pressure, Strain Gauge [db]
# name 13 = prdE: Pressure, Strain Gauge [psi]
# name 14 = scan: Scan Count
# name 15 = par/sat/log: PAR/Logarithmic, Satlantic
# name 16 = flag:  0.000e+00
# span 0 =     -0.472,      3.356       
# span 1 =    19.9992,    22.7796       
# span 2 =     0.0614,     9.5413       
# span 3 =      0.680,    110.747       
# span 4 =   0.405715,  45.996637       
# span 5 =      1.156,     51.177       
# span 6 =      5.951,      7.669       
# span 7 =   126.0906,   279.5260       
# span 8 =    -0.1941,     4.5491       
# span 9 =    -0.3049,    36.9174       
# span 10 =     0.0109,     0.0291      
# span 11 =     -0.291,      0.289      
# span 12 =     -0.463,      3.289      
# span 13 =     -0.672,      4.771      
# span 14 =          1,        354      
# span 15 = 7.4687e+00, 4.3222e+02      
# span 16 = 0.0000e+00, 0.0000e+00      
# interval = seconds: 0.25
# start_time = Oct 08 2018 14:13:35 [Instrument's time stamp, header]
# bad_flag = -9.990e-29
*END*
[from data line 341]
      3.185    20.1287     0.1454      1.599  40.157161     44.427      6.595   209.6794     3.8253     2.5150     0.0262      0.087      3.124      4.531        342 9.4335e+00 0.0000e+00
      3.207    20.1197 -9.990e-29 -9.990e-29  41.201277     45.670      6.587   209.9065     3.8172     2.5150     0.0267      0.087      3.144      4.561        343 9.2401e+00 0.0000e+00
      3.227    20.1128 -9.990e-29 -9.990e-29  41.954948     46.482      6.579   209.7172     4.5370     2.8776     0.0271      0.085      3.167      4.594        344 8.9073e+00 0.0000e+00
      3.258    20.1039 -9.990e-29 -9.990e-29  43.847356     48.474      6.570   209.5279     4.5491     2.9044     0.0279      0.086      3.193      4.631        345 8.5302e+00 0.0000e+00
      3.284    20.0914 -9.990e-29 -9.990e-29  45.996637     51.177      6.554   209.1115     4.5451     2.8641     0.0291      0.087      3.216      4.664        346 8.4135e+00 0.0000e+00
      3.296    20.0766 -9.990e-29 -9.990e-29  45.896844     50.722      6.545   207.1808     4.5410     2.9044     0.0289      0.087      3.232      4.688        347 8.3074e+00 0.0000e+00
      3.309    20.0630 -9.990e-29 -9.990e-29  45.484772     50.551      6.537   205.2122     4.5127     2.8507     0.0288      0.085      3.243      4.705        348 8.2051e+00 0.0000e+00
      3.318    20.0479 -9.990e-29 -9.990e-29  45.055487     49.884      6.533   203.7358     4.0235     2.9044     0.0285      0.080      3.253      4.719        349 8.1171e+00 0.0000e+00
      3.326    20.0301 -9.990e-29 -9.990e-29  43.137548     48.008      6.526   202.5243     4.0194     2.9178     0.0277      0.072      3.262      4.732        350 8.0157e+00 0.0000e+00
      3.336    20.0108 -9.990e-29 -9.990e-29  42.085905     46.440      6.521   201.6158     4.0396     2.9313     0.0270      0.063      3.272      4.745        351 7.8162e+00 0.0000e+00
      3.346    19.9992 -9.990e-29 -9.990e-29  43.248927     48.261      6.518   200.8965     4.0235     2.8776     0.0278      0.053      3.281      4.757        352 7.5249e+00 0.0000e+00
      3.354 -9.990e-29 -9.990e-29 -9.990e-29  43.410977     48.062      6.511   200.3665     3.5706     2.8910     0.0277      0.044      3.287      4.767        353 7.4687e+00 0.0000e+00
      3.356 -9.990e-29 -9.990e-29 -9.990e-29  42.803951     47.674      6.506   199.1551     3.5544     2.9715     0.0275      0.036      3.289      4.771        354 7.5222e+00 0.0000e+00
