Data/DataNotYetUploadedToEDI/Raw_CTD/2018_RawDownloads/100818_fcr20.cnv
* Sea-Bird SBE19plus  Data File:
* FileName = C:\DATA\100818_fcr_0002.hex
* Software version 2.6.3.104
* Temperature SN = 7809
* Conductivity SN = 7809
* System UpLoad Time = Oct 08 2018 14:57:11
* <ApplicationData>
* <Seaterm232>
# nquan = 17
# nvalues = 354                         
# units = specified
# name 0 = depFM: Depth [fresh water, m]
# name 1 = tv290C: Temperature [ITS-90, deg C]
# name 2 = sbeox0Mg/L: Oxygen, SBE 43 [mg/l]
# name 3 = sbeox0PS: Oxygen, SBE 43 [% saturation]
# name 4 = c0uS/cm: Conductivity [uS/cm]
# name 5 = specc: Specific Conductance [uS/cm]
# name 6 = ph: pH
# name 7 = orp: Oxidation Reduction Potential [mV]
# name 8 = flECO-AFL: Fluorescence, WET Labs ECO-AFL/FL [mg/m^3]
# name 9 = turbWETntu0: Turbidity, WET Labs ECO [NTU]
# name 10 = sal00: Salinity, Practical [PSU]
# name 11 = dz/dtM: Descent Rate [m/s]
# name 12 = prdM: Pressure, Strain Gauge [db]
# name 13 = prdE: Pressure, Strain Gauge [psi]
# name 14 = scan: Scan Count
# name 15 = par/sat/log: PAR/Logarithmic, Satlantic
# name 16 = flag:  0.000e+00
# span 0 =     -0.472,      3.356       
# span 1 =    19.9992,    22.7796       
# span 2 =     0.0614,     9.5413       
# span 3 =      0.680,    110.747       
# span 4 =   0.405715,  45.996637       
# span 5 =      1.156,     51.177       
# span 6 =      5.951,      7.669       
# span 7 =   126.0906,   279.5260       
# span 8 =    -0.1941,     4.5491       
# span 9 =    -0.3049,    36.9174       
# span 10 =     0.0109,     0.0291      
# span 11 =     -0.291,      0.289      
# span 12 =     -0.463,      3.289      
# span 13 =     -0.672,      4.771      
# span 14 =          1,        354      
# span 15 = 7.4687e+00, 4.3222e+02      
# span 16 = 0.0000e+00, 0.0000e+00      
# interval = seconds: 0.25
# start_time = Oct 08 2018 14:13:35 [Instrument's time stamp, header]
# bad_flag = -9.990e-29
*END*
     -0.472    22.3612     8.5741     98.757   1.610521      1.716      6.011   244.1673    -0.1617    -0.2780     0.0109 -4.211e-16     -0.463     -0.672          1 3.1050e+02 0.0000e+00
     -0.472    22.3615     8.5736     98.752   1.531719      1.598      6.015   234.2487    -0.1779    -0.2512     0.0109      0.000     -0.463     -0.671          2 3.3368e+02 0.0000e+00
     -0.472    22.3617     8.5695     98.705   1.555230      1.657      6.054   255.3731    -0.1738    -0.2243     0.0109      0.000     -0.463     -0.671          3 3.1312e+02 0.0000e+00
     -0.472    22.3622     8.5691     98.701   1.640478      1.716      6.069   262.9067    -0.1617    -0.1572     0.0109      0.000     -0.463     -0.671          4 2.3708e+02 0.0000e+00
     -0.472    22.3625     8.5709     98.723   1.662492      1.775      5.969   227.3587    -0.1698    -0.1706     0.0109      0.000     -0.463     -0.671          5 1.5234e+02 0.0000e+00
     -0.472    22.3629     8.5714     98.729   1.646265      1.716      5.951   240.1923    -0.1698    -0.1974     0.0109      0.000     -0.463     -0.671          6 1.1868e+02 0.0000e+00
     -0.472    22.3632     8.5724     98.740   1.719888      1.834      5.962   236.1416    -0.1860    -0.1572     0.0110      0.000     -0.463     -0.671          7 1.2018e+02 0.0000e+00
     -0.472    22.3637     8.5689     98.701   1.748517      1.834      5.977   235.8766    -0.1860    -0.3049     0.0110      0.000     -0.463     -0.671          8 1.1563e+02 0.0000e+00
     -0.472    22.3641     8.5707     98.722   1.669853      1.775      5.981   243.5995    -0.1577    -0.1303     0.0109      0.000     -0.463     -0.671          9 1.6215e+02 0.0000e+00
     -0.472    22.3641     8.5678     98.689   1.580920      1.657      5.996   236.1794    -0.1698    -0.2646     0.0109      0.000     -0.463     -0.671         10 2.4091e+02 0.0000e+00
     -0.472    22.3643     8.5667     98.676   1.681544      1.775      5.997   245.4166    -0.1779    -0.2377     0.0109     -0.000     -0.463     -0.671         11 2.8314e+02 0.0000e+00
     -0.472    22.3646     8.5695     98.709   1.781493      1.893      6.001   242.5016    -0.1738    -0.1303     0.0110     -0.000     -0.463     -0.671         12 2.9772e+02 0.0000e+00
     -0.472    22.3649     8.5601     98.651   1.634184      1.716      6.002   210.3608    -0.1617    -0.2914     0.0109     -0.000     -0.462     -0.671         13 2.9311e+02 0.0000e+00
     -0.471    22.3652     8.5429     98.655   1.509571      1.598      6.010   243.5616    -0.1658    -0.2512     0.0109      0.000     -0.462     -0.671         14 2.7828e+02 0.0000e+00
     -0.472    22.3656     8.5321     98.703   1.403628      1.480      6.015   250.2245    -0.1617    -0.2512     0.0109      0.000     -0.463     -0.671         15 2.5244e+02 0.0000e+00
     -0.472    22.3655     8.5235     98.720   1.321912      1.392      6.013   279.5260    -0.1455    -0.2512     0.0109      0.000     -0.463     -0.671         16 2.2662e+02 0.0000e+00
     -0.472    22.3661     8.5159     98.731   1.137545      1.215      6.013   253.2909    -0.1941    -0.1974     0.0109      0.000     -0.463     -0.671         17 2.2131e+02 0.0000e+00
     -0.472    22.3661     8.5184     98.829   1.248171      1.274      6.016   243.6752    -0.1779    -0.1706     0.0109      0.000     -0.463     -0.671         18 2.1562e+02 0.0000e+00
     -0.472    22.3667     8.5204     98.895   1.006595      1.156      6.018   244.8109    -0.1617    -0.1437     0.0109      0.000     -0.462     -0.671         19 2.0844e+02 0.0000e+00
     -0.472    22.3660     8.5392     99.139   1.260540      1.156      6.018   240.4573    -0.1698    -0.2646     0.0109      0.000     -0.462     -0.671         20 2.2150e+02 0.0000e+00
     -0.472    22.3673     8.5710     99.515   0.872927      1.215      6.020   222.8537    -0.1496    -0.2109     0.0109     -0.000     -0.463     -0.671         21 2.5608e+02 0.0000e+00
     -0.472    22.3654     8.5855     99.672   1.607400      1.215      6.023   255.9409    -0.1375    -0.1974     0.0109     -0.000     -0.463     -0.671         22 2.9248e+02 0.0000e+00
     -0.472    22.3963     8.5728     99.510   0.405715      1.215      6.030   249.4295    -0.1658    -0.1706     0.0109     -0.000     -0.460     -0.667         23 3.3245e+02 0.0000e+00
     -0.468    22.4956     8.5184     98.867   2.605262      1.451      6.087   236.2173    -0.1698    -0.0900     0.0109      0.001     -0.445     -0.644         24 3.6138e+02 0.0000e+00
     -0.418    22.5892     8.4295     97.822  15.930540     17.939      6.321   222.5130    -0.1698    -0.2646     0.0162      0.015     -0.402     -0.583         25 3.7304e+02 0.0000e+00
     -0.350    22.6503     8.3161     96.497  27.517238     28.101      6.849   154.8999    -0.1738    -0.2780     0.0202      0.043     -0.331     -0.480         26 4.0874e+02 0.0000e+00
     -0.240    22.7031     8.2411     95.620  34.592332     37.206      7.336   154.7864    -0.1698    -0.2243     0.0239      0.092     -0.243     -0.354         27 4.3222e+02 0.0000e+00
     -0.158    22.7396     8.2092     95.243  36.031025     37.275      7.517   155.4299    -0.1455    -0.2512     0.0239      0.147     -0.171     -0.248         28 4.2506e+02 0.0000e+00
     -0.128    22.7627     8.1657     94.727  35.333879     37.351      7.556   152.1363    -0.1617    -0.1840     0.0240      0.190     -0.128     -0.186         29 4.1542e+02 0.0000e+00
     -0.108    22.7762     8.1128     94.103  35.904762     37.410      7.567   129.1949     1.7550     3.1058     0.0240      0.215     -0.087     -0.127         30 3.6844e+02 0.0000e+00
     -0.027    22.7796     8.0756     93.663  35.646793     37.422      7.612   128.0591     1.7469     3.0790     0.0240      0.237     -0.015     -0.022         31 2.5432e+02 0.0000e+00
      0.087    22.7739     8.0467     93.323  35.832854     37.440      7.662   127.9077     1.7792     3.1595     0.0241      0.261      0.082      0.119         32 1.4602e+02 0.0000e+00
      0.188    22.7663     8.0157     92.962  35.613891     37.291      7.669   126.0906     1.7631     3.1058     0.0240      0.275      0.178      0.259         33 1.0883e+02 0.0000e+00
      0.271    22.7598     7.9755     92.495  35.741340     37.384      7.651   126.9613     3.2309     1.1185     0.0240      0.285      0.257      0.374         34 9.0510e+01 0.0000e+00
      0.330    22.7530     7.9102     91.738  35.703907     37.390      7.619   127.9834     3.2309     1.1319     0.0240      0.287      0.314      0.456         35 7.8511e+01 0.0000e+00
      0.362    22.7475     7.8256     90.755  35.660480     37.307      7.573   128.8163     3.2026     1.0782     0.0240      0.289      0.351      0.509         36 8.1276e+01 0.0000e+00
      0.384    22.7444     7.7390     89.748  35.706414     37.400      7.545   129.6870     3.2552     1.1185     0.0240      0.285      0.373      0.541         37 8.1432e+01 0.0000e+00
      0.395    22.7406     7.6411     88.613  35.646747     37.317      7.519   131.6556     3.4776     1.0379     0.0240      0.257      0.387      0.561         38 8.1547e+01 0.0000e+00
      0.406    22.7343     7.5497     87.553  35.586447     37.261      7.504   132.7534     3.4816     1.0916     0.0240      0.205      0.397      0.576         39 8.6846e+01 0.0000e+00
      0.414    22.7282     7.4718     86.649  35.633168     37.322      7.496   133.5484     3.5140     1.0782     0.0240      0.148      0.405      0.587         40 9.4212e+01 0.0000e+00
      0.417    22.7242     7.4183     86.028  35.647922     37.327      7.485   134.4570     3.4978     1.0648     0.0240      0.100      0.410      0.595         41 9.7035e+01 0.0000e+00
      0.424    22.7214     7.3974     85.785  35.686720     37.390      7.479   135.5170     3.3765     1.0648     0.0240      0.065      0.414      0.601         42 1.0020e+02 0.0000e+00
      0.426    22.7200     7.3760     85.536  35.733176     37.423      7.483   135.9334     3.3603     1.0111     0.0240      0.043      0.415      0.601         43 1.0132e+02 0.0000e+00
      0.418    22.7198     7.3689     85.454  35.708742     37.425      7.480   136.9934     3.3441     0.9574     0.0240      0.027      0.410      0.595         44 1.0266e+02 0.0000e+00
      0.411    22.7198     7.3535     85.275  35.657814     37.338      7.474   137.1449     3.3724     1.1319     0.0240      0.015      0.406      0.590         45 1.0408e+02 0.0000e+00
      0.415    22.7188     7.3381     85.095  35.707583     37.426      7.475   137.9777     3.4452     1.0782     0.0240      0.007      0.409      0.594         46 1.0205e+02 0.0000e+00
      0.425    22.7174     7.2997     84.648  35.735781     37.426      7.474   138.9242     3.4331     1.0514     0.0240      0.004      0.417      0.604         47 1.0093e+02 0.0000e+00
      0.435    22.7172     7.2603     84.189  35.682038     37.398      7.463   139.6813     3.4371     1.1185     0.0240      0.005      0.423      0.613         48 1.0263e+02 0.0000e+00
      0.432    22.7173     7.2277     83.811  35.596515     37.282      7.459   140.1356     3.4210     1.0245     0.0240      0.006      0.422      0.612         49 1.0510e+02 0.0000e+00
      0.425    22.7169     7.2115     83.624  35.634607     37.340      7.451   140.5142     3.4533     0.9574     0.0240      0.005      0.418      0.607         50 1.0668e+02 0.0000e+00
      0.425    22.7166     7.2294     83.835  35.723608     37.428      7.441   141.4606     3.4371     1.1051     0.0240      0.005      0.418      0.606         51 1.0886e+02 0.0000e+00
      0.429    22.7163     7.2819     84.446  35.723018     37.428      7.435   142.3692     3.4412     1.0916     0.0240      0.007      0.420      0.609         52 1.1055e+02 0.0000e+00
      0.430    22.7161     7.3532     85.277  35.753974     37.458      7.434   143.2020     3.4250     1.0514     0.0240      0.007      0.421      0.611         53 1.1259e+02 0.0000e+00
      0.429    22.7160     7.4140     85.984  35.774061     37.487      7.435   143.8835     3.4169     1.0648     0.0241      0.003      0.420      0.609         54 1.1296e+02 0.0000e+00
      0.425    22.7160     7.4526     86.433  35.786996     37.488      7.439   144.5270     3.4816     1.0916     0.0241     -0.001      0.416      0.603         55 1.1135e+02 0.0000e+00
      0.418    22.7151     7.4633     86.559  35.826850     37.546      7.443   144.9435     3.4816     1.0916     0.0241     -0.005      0.411      0.596         56 1.1182e+02 0.0000e+00
      0.416    22.7135     7.4595     86.515  35.843095     37.546      7.454   145.5113     3.4816     1.0111     0.0241     -0.006      0.410      0.595         57 1.1076e+02 0.0000e+00
      0.423    22.7123     7.4520     86.425  35.885413     37.606      7.462   146.5713     3.5059     1.0379     0.0241     -0.004      0.414      0.602         58 1.0730e+02 0.0000e+00
      0.429    22.7119     7.4443     86.333  35.863162     37.578      7.467   147.5935     3.4816     0.9976     0.0241     -0.003      0.418      0.607         59 1.0788e+02 0.0000e+00
      0.427    22.7134     7.4415     86.297  35.841128     37.549      7.465   147.3285     3.5180     1.1722     0.0241     -0.002      0.418      0.606         60 1.0952e+02 0.0000e+00
      0.421    22.7152     7.4486     86.376  35.883176     37.608      7.467   147.4799     3.5180     1.0916     0.0241     -0.002      0.414      0.601         61 1.0881e+02 0.0000e+00
      0.418    22.7168     7.4616     86.525  35.899809     37.607      7.465   148.1992     3.4978     1.0379     0.0241     -0.002      0.412      0.598         62 1.0910e+02 0.0000e+00
      0.422    22.7189     7.4795     86.730  35.939061     37.664      7.466   148.8049     3.4937     1.0782     0.0241      0.000      0.414      0.600         63 1.0927e+02 0.0000e+00
      0.424    22.7204     7.5017     86.986  36.012277     37.721      7.459   149.4106     3.5099     1.0111     0.0242      0.002      0.416      0.602         64 1.1008e+02 0.0000e+00
      0.425    22.7212     7.5201     87.199  36.045960     37.778      7.438   150.3949     3.4937     1.0245     0.0242      0.001      0.417      0.604         65 1.1037e+02 0.0000e+00
      0.425    22.7219     7.5371     87.396  36.015777     37.719      7.427   150.5085     3.5059     1.1588     0.0242     -0.001      0.417      0.604         66 1.0892e+02 0.0000e+00
      0.425    22.7221     7.5624     87.690  36.049839     37.776      7.431   151.0385     3.6353     1.1319     0.0242     -0.001      0.416      0.603         67 1.0809e+02 0.0000e+00
      0.422    22.7206     7.5897     88.007  36.062886     37.776      7.435   151.3413     3.6272     1.0916     0.0242      0.001      0.414      0.600         68 1.0727e+02 0.0000e+00
      0.419    22.7187     7.6007     88.133  36.058856     37.776      7.440   152.0228     3.6231     1.0379     0.0242      0.001      0.410      0.595         69 1.0732e+02 0.0000e+00
      0.413    22.7169     7.6067     88.198  36.114172     37.835      7.447   151.9471     3.6353     1.1319     0.0242     -0.002      0.405      0.589         70 1.0900e+02 0.0000e+00
      0.408    22.7151     7.5828     87.918  36.053365     37.778      7.452   151.9471     3.6393     1.0916     0.0242     -0.007      0.403      0.584         71 1.1097e+02 0.0000e+00
      0.411    22.7134     7.5358     87.371  36.015897     37.721      7.454   152.8935     3.6231     1.0245     0.0242     -0.009      0.404      0.586         72 1.1107e+02 0.0000e+00
      0.417    22.7119     7.4797     86.718  36.042167     37.781      7.449   153.9156     3.6110     1.1319     0.0242     -0.008      0.408      0.591         73 1.1190e+02 0.0000e+00
      0.418    22.7108     7.4261     86.095  36.020673     37.724      7.436   154.2564     3.6150     1.0648     0.0242     -0.006      0.409      0.593         74 1.1313e+02 0.0000e+00
      0.416    22.7105     7.3696     85.439  36.042646     37.784      7.431   153.7264     3.6150     1.0648     0.0242     -0.004      0.408      0.592         75 1.1244e+02 0.0000e+00
      0.415    22.7108     7.3298     84.976  36.014822     37.726      7.424   153.9914     3.6393     1.1319     0.0242     -0.001      0.407      0.590         76 1.1058e+02 0.0000e+00
      0.415    22.7112     7.3147     84.800  35.995984     37.726      7.421   154.2942     3.6150     0.9842     0.0242      0.001      0.407      0.590         77 1.0719e+02 0.0000e+00
      0.415    22.7112     7.3171     84.825  36.006774     37.726      7.429   154.8621     3.6272     1.1319     0.0242      0.002      0.409      0.593         78 1.0613e+02 0.0000e+00
      0.423    22.7103     7.3321     85.000  36.001393     37.726      7.437   155.4678     3.6110     1.0379     0.0242      0.004      0.413      0.600         79 1.0578e+02 0.0000e+00
      0.428    22.7080     7.3417     85.111  36.002679     37.726      7.441   155.3921     3.4857     1.0379     0.0242      0.005      0.418      0.606         80 1.0458e+02 0.0000e+00
      0.427    22.7063     7.3572     85.289  36.005173     37.726      7.442   155.5056     3.4978     1.1319     0.0242      0.006      0.419      0.607         81 1.0696e+02 0.0000e+00
      0.427    22.7049     7.3757     85.503  35.998290     37.728      7.439   156.3385     3.4978     1.0916     0.0242      0.007      0.419      0.607         82 1.0979e+02 0.0000e+00
      0.428    22.7037     7.3757     85.506  35.951930     37.671      7.427   156.2628     3.4776     1.0782     0.0241      0.008      0.420      0.609         83 1.0922e+02 0.0000e+00
      0.431    22.7024     7.3508     85.212  35.944234     37.672      7.410   156.9821     3.5099     1.0111     0.0241      0.009      0.421      0.612         84 1.1091e+02 0.0000e+00
      0.432    22.7012     7.3049     84.673  35.948551     37.673      7.400   157.4742     3.4937     1.0379     0.0241      0.008      0.423      0.614         85 1.1254e+02 0.0000e+00
