Data/DataNotYetUploadedToEDI/Raw_CTD/2018_RawDownloads/100818_fcr30.cnv
* Sea-Bird SBE19plus  Data File:
* FileName = C:\DATA\100818_fcr_0003.hex
* Software version 2.6.3.104
* Temperature SN = 7809
* Conductivity SN = 7809
* System UpLoad Time = Oct 08 2018 14:57:29
* <ApplicationData>
* <Seaterm232>
# nquan = 17
# nvalues = 550                         
# units = specified
# name 0 = depFM: Depth [fresh water, m]
# name 1 = tv290C: Temperature [ITS-90, deg C]
# name 2 = sbeox0Mg/L: Oxygen, SBE 43 [mg/l]
# name 3 = sbeox0PS: Oxygen, SBE 43 [% saturation]
# name 4 = c0uS/cm: Conductivity [uS/cm]
# name 5 = specc: Specific Conductance [uS/cm]
# name 6 = ph: pH
# name 7 = orp: Oxidation Reduction Potential [mV]
# name 8 = flECO-AFL: Fluorescence, WET Labs ECO-AFL/FL [mg/m^3]
# name 9 = turbWETntu0: Turbidity, WET Labs ECO [NTU]
# name 10 = sal00: Salinity, Practical [PSU]
# name 11 = dz/dtM: Descent Rate [m/s]
# name 12 = prdM: Pressure, Strain Gauge [db]
# name 13 = prdE: Pressure, Strain Gauge [psi]
# name 14 = scan: Scan Count
# name 15 = par/sat/log: PAR/Logarithmic, Satlantic
# name 16 = flag:  0.000e+00
# span 0 =     -0.472,      5.498       
# span 1 =    16.9171,    23.2983       
# span 2 =     0.0962,     9.2637       
# span 3 =      1.023,    108.607       
# span 4 =   1.257755,  75.291770       
# span 5 =      1.370,     89.749       
# span 6 =      6.084,      7.801       
# span 7 =    89.3312,   224.5573       
# span 8 =    -0.2224,    12.9397       
# span 9 =    -0.3183,    26.0945       
# span 10 =     0.0112,     0.0451      
# span 11 =     -0.148,      0.254      
# span 12 =     -0.462,      5.391      
# span 13 =     -0.670,      7.819      
# span 14 =          1,        550      
# span 15 = 1.5538e+00, 3.9693e+02      
# span 16 = 0.0000e+00, 0.0000e+00      
# interval = seconds: 0.25
# start_time = Oct 08 2018 14:39:35 [Instrument's time stamp, header]
# bad_flag = -9.990e-29
*END*
[from data line 171]
     -0.050    23.1865     6.4021     75.007  36.856032     38.227      7.341   177.5386     2.6688     0.8097     0.0245      0.023     -0.052     -0.075        172 3.6678e+02 0.0000e+00
     -0.062    23.2075     6.7673     79.317  36.938235     38.343      7.336   178.0307     2.6607     0.9574     0.0245      0.008     -0.062     -0.089        173 3.7003e+02 0.0000e+00
     -0.077    23.2270     7.2957     85.531  36.965467     38.340      7.339   178.6743     2.6648     0.8902     0.0245     -0.005     -0.072     -0.104        174 3.6855e+02 0.0000e+00
     -0.079    23.2321     7.8147     91.627  36.911116     38.294      7.349   178.1821     2.6648     0.8634     0.0245     -0.013     -0.074     -0.107        175 3.7014e+02 0.0000e+00
     -0.070    23.2311     8.3047     97.376  36.857567     38.191      7.360   178.4850     2.5880     0.7962     0.0245     -0.016     -0.070     -0.101        176 3.7301e+02 0.0000e+00
     -0.065    23.2328     8.6983    101.988  36.824483     38.187      7.363   179.0529     2.6122     0.8634     0.0245     -0.015     -0.067     -0.096        177 3.7140e+02 0.0000e+00
     -0.068    23.2354     9.0119    105.662  36.863305     38.188      7.356   178.7121     2.6041     0.8499     0.0245     -0.012     -0.067     -0.097        178 3.7293e+02 0.0000e+00
     -0.070    23.2367     9.1965    107.823  36.868573     38.245      7.355   178.9771     2.5960     0.9305     0.0245     -0.009     -0.070     -0.101        179 3.6981e+02 0.0000e+00
     -0.073    23.2327     9.2637    108.607  36.877249     38.185      7.358   179.9614     2.5637     0.9036     0.0245     -0.006     -0.077     -0.113        180 3.6431e+02 0.0000e+00
     -0.095    23.2334     9.2129    108.008  36.882168     38.271      7.360   181.1729     2.6446     0.8097     0.0245     -0.006     -0.095     -0.139        181 3.6942e+02 0.0000e+00
     -0.123    23.2549     9.1024    106.710  36.565855     37.868      7.356   180.5293     2.6486     0.8097     0.0244     -0.016     -0.120     -0.174        182 3.6953e+02 0.0000e+00
     -0.147    23.2772     8.9891    105.380  36.410769     37.753      7.357   180.6050     2.6527     0.8634     0.0243     -0.033     -0.141     -0.205        183 3.6796e+02 0.0000e+00
     -0.160    23.2894     8.8961    104.292  36.481977     37.792      7.365   180.9457     2.6607     0.8768     0.0243     -0.049     -0.155     -0.225        184 3.7156e+02 0.0000e+00
     -0.168    23.2965     8.8281    103.494  36.417910     37.718      7.368   181.0593     2.5880     0.7962     0.0243     -0.059     -0.165     -0.239        185 3.7103e+02 0.0000e+00
     -0.177    23.2983     8.7782    102.905  36.401511     37.679      7.372   180.5671     2.5920     0.8231     0.0243     -0.062     -0.171     -0.248        186 3.7099e+02 0.0000e+00
     -0.177    23.2970     8.7253    102.283  36.413400     37.703      7.377   181.0214     2.5920     0.9842     0.0243     -0.060     -0.172     -0.249        187 3.7211e+02 0.0000e+00
     -0.172    23.2953     8.7028    102.022  36.432770     37.701      7.381   181.9679     2.5920     0.8097     0.0243     -0.050     -0.169     -0.245        188 3.7188e+02 0.0000e+00
     -0.168    23.2939     8.6900    101.879  36.466383     37.760      7.382   181.8164     2.6203     0.8231     0.0243     -0.034     -0.166     -0.241        189 3.7112e+02 0.0000e+00
     -0.167    23.2920     8.6746    101.708  36.490206     37.761      7.384   182.0436     2.6163     0.8634     0.0243     -0.018     -0.164     -0.238        190 3.7040e+02 0.0000e+00
     -0.166    23.2899     8.6668    101.617  36.462441     37.762      7.385   182.0814     2.5799     0.9574     0.0243     -0.006     -0.162     -0.235        191 3.7045e+02 0.0000e+00
     -0.162    23.2886     8.6450    101.339  36.411960     37.677      7.386   182.1571     2.5960     0.9036     0.0243      0.002     -0.160     -0.232        192 3.7130e+02 0.0000e+00
     -0.163    23.2884     8.6323    101.166  36.464053     37.766      7.384   182.4221     2.5920     0.8097     0.0243      0.006     -0.160     -0.231        193 3.7149e+02 0.0000e+00
     -0.163    23.2886     8.6198    100.990  36.486592     37.766      7.384   182.8386     2.5880     0.8634     0.0243      0.008     -0.159     -0.230        194 3.7142e+02 0.0000e+00
     -0.161    23.2882     8.6178    100.914  36.472888     37.767      7.385   182.7250     2.5758     0.8902     0.0243      0.007     -0.158     -0.229        195 3.7045e+02 0.0000e+00
     -0.161    23.2868     8.6081    100.732  36.481106     37.766      7.383   183.1414     2.5637     0.8634     0.0243      0.005     -0.158     -0.228        196 3.6970e+02 0.0000e+00
     -0.160    23.2860     8.6079    100.652  36.476366     37.767      7.382   183.1414     2.5880     0.9574     0.0243      0.004     -0.155     -0.225        197 3.7054e+02 0.0000e+00
     -0.154    23.2871     8.6130    100.636  36.449128     37.739      7.381   182.7629     2.6122     0.9439     0.0243      0.005     -0.148     -0.215        198 3.7300e+02 0.0000e+00
     -0.141    23.2910     8.6239    100.707  36.426025     37.711      7.384   182.8007     2.6082     0.8499     0.0243      0.008     -0.136     -0.198        199 3.7455e+02 0.0000e+00
     -0.123    23.2960     8.6486    100.949  36.475458     37.768      7.380   182.6871     2.5920     0.8365     0.0243      0.016     -0.118     -0.171        200 3.7318e+02 0.0000e+00
     -0.095    23.2952     8.6706    101.178  36.476587     37.765      7.368   178.9014     2.5960     0.8097     0.0243      0.028     -0.090     -0.131        201 3.7324e+02 0.0000e+00
     -0.057    23.2845     8.6929    101.434  36.424620     37.703      7.348   170.6107     2.5960     0.9976     0.0243      0.047     -0.055     -0.080        202 3.6940e+02 0.0000e+00
     -0.016    23.2716     8.7137    101.675  36.391833     37.674      7.333   169.3614     2.6001     0.8634     0.0243      0.069     -0.016     -0.023        203 3.6432e+02 0.0000e+00
      0.026    23.2560     8.7427    101.960  36.369095     37.654      7.328   169.5128     2.5960     0.7828     0.0243      0.093      0.025      0.037        204 3.4556e+02 0.0000e+00
      0.068    23.2286     8.7514    101.967  36.363945     37.664      7.327   169.3993     2.6244     0.7962     0.0243      0.116      0.065      0.094        205 3.3218e+02 0.0000e+00
      0.104    23.1924     8.7589    101.983  36.368591     37.676      7.327   169.5507     2.6688     0.9171     0.0243      0.133      0.099      0.143        206 3.0988e+02 0.0000e+00
      0.130    23.1517     8.7579    101.927  36.363323     37.698      7.326   169.7021     2.6769     0.9439     0.0243      0.142      0.126      0.183        207 2.3509e+02 0.0000e+00
      0.153    23.1129     8.7415    101.707  36.251878     37.610      7.329   169.3614     2.6688     0.7694     0.0242      0.143      0.151      0.219        208 1.8626e+02 0.0000e+00
      0.181    23.0826     8.7276    101.515  36.240368     37.613      7.332   169.0585     2.6769     0.8634     0.0242      0.138      0.177      0.257        209 1.7756e+02 0.0000e+00
      0.209    23.0586     8.7254    101.452  36.288690     37.731      7.326   169.1343     2.7295     0.8097     0.0243      0.129      0.206      0.298        210 1.6626e+02 0.0000e+00
      0.239    23.0442     8.7214    101.366  36.280740     37.696      7.321   169.2478     2.7416     0.8902     0.0242      0.120      0.236      0.342        211 1.5579e+02 0.0000e+00
      0.275    23.0422     8.7230    101.344  36.339255     37.831      7.320   168.8693     2.7214     0.9171     0.0243      0.116      0.269      0.390        212 1.4151e+02 0.0000e+00
      0.308    23.0400     8.7203    101.271  36.334516     37.784      7.321   168.9450     2.7416     0.7828     0.0243      0.114      0.301      0.437        213 1.2971e+02 0.0000e+00
      0.339    23.0126     8.7156    101.167  36.256985     37.757      7.320   169.3235     2.7901     0.8097     0.0243      0.116      0.333      0.483        214 1.2190e+02 0.0000e+00
      0.372    22.9649     8.7170    101.136  36.079839     37.525      7.327   169.3235     2.7982     0.8499     0.0242      0.121      0.367      0.532        215 1.1342e+02 0.0000e+00
      0.412    22.9275     8.7186    101.111  35.991461     37.488      7.328   169.4371     2.7861     0.9171     0.0241      0.127      0.404      0.586        216 1.0694e+02 0.0000e+00
      0.452    22.9046     8.6949    100.795  35.951761     37.468      7.325   170.0807     2.7740     0.8097     0.0241      0.132      0.441      0.640        217 1.0192e+02 0.0000e+00
      0.486    22.8894     8.6534    100.275  35.891994     37.439      7.330   170.7243     2.8346     0.7828     0.0241      0.136      0.474      0.688        218 9.8558e+01 0.0000e+00
      0.513    22.8740     8.5977     99.599  35.887906     37.457      7.333   171.1028     2.8589     0.8634     0.0241      0.137      0.504      0.731        219 9.4474e+01 0.0000e+00
      0.543    22.8546     8.5266     98.744  35.867887     37.439      7.341   171.5193     2.8468     0.9036     0.0241      0.135      0.534      0.775        220 8.7738e+01 0.0000e+00
      0.579    22.8339     8.4987     98.389  35.887261     37.481      7.347   172.1250     2.8508     0.8902     0.0241      0.134      0.568      0.824        221 8.2091e+01 0.0000e+00
      0.615    22.8132     8.4651     97.996  35.834147     37.438      7.349   172.3900     2.9357     0.7157     0.0241      0.134      0.602      0.873        222 7.8381e+01 0.0000e+00
      0.646    22.7913     8.4498     97.816  35.785704     37.395      7.354   172.8821     2.9034     0.8097     0.0240      0.132      0.633      0.918        223 7.5962e+01 0.0000e+00
      0.675    22.7656     8.4481     97.767  35.769609     37.412      7.359   173.2228     2.9398     0.9574     0.0241      0.128      0.663      0.961        224 7.2411e+01 0.0000e+00
      0.708    22.7410     8.4719     97.986  35.735555     37.370      7.357   173.7907     2.9115     0.8634     0.0240      0.126      0.694      1.006        225 6.9479e+01 0.0000e+00
      0.739    22.7189     8.5078     98.361  35.798435     37.478      7.352   174.2071     2.9276     0.8499     0.0241      0.126      0.724      1.050        226 6.6985e+01 0.0000e+00
      0.768    22.6970     8.5557     98.902  35.780342     37.468      7.353   174.9264     3.1783     1.0916     0.0241      0.126      0.750      1.088        227 6.4117e+01 0.0000e+00
      0.788    22.6771     8.6042     99.483  35.728426     37.427      7.347   175.5700     3.1824     1.0111     0.0240      0.121      0.769      1.116        228 6.3044e+01 0.0000e+00
      0.798    22.6611     8.6513    100.088  35.774082     37.503      7.339   175.4943     3.1986     1.0379     0.0241      0.111      0.782      1.133        229 6.1537e+01 0.0000e+00
      0.806    22.6435     8.6876    100.583  35.723535     37.460      7.340   175.8728     3.2228     1.0379     0.0240      0.098      0.792      1.148        230 5.9432e+01 0.0000e+00
      0.818    22.6277     8.7141    100.945  35.643050     37.384      7.346   176.0243     2.9802     0.8097     0.0240      0.086      0.805      1.168        231 5.7781e+01 0.0000e+00
      0.840    22.6246     8.7355    101.230  35.636988     37.398      7.347   176.6678     2.9802     0.7694     0.0240      0.075      0.824      1.195        232 5.5396e+01 0.0000e+00
      0.862    22.6233     8.7362    101.252  35.642113     37.411      7.350   176.7814     2.9842     0.8097     0.0240      0.068      0.845      1.225        233 5.3971e+01 0.0000e+00
      0.883    22.6069     8.7313    101.166  35.636678     37.413      7.349   177.3493     2.9883     0.8634     0.0240      0.064      0.865      1.254        234 5.2961e+01 0.0000e+00
      0.900    22.5782     8.7180    100.939  35.584440     37.355      7.337   177.5386     3.0570     0.9439     0.0240      0.064      0.881      1.277        235 5.2171e+01 0.0000e+00
      0.910    22.5563     8.6998    100.644  35.529179     37.309      7.312   178.0307     3.0570     0.7962     0.0239      0.065      0.891      1.292        236 5.2523e+01 0.0000e+00
      0.915    22.5497     8.6850    100.396  35.527508     37.332      7.300   177.7657     3.0247     0.8902     0.0240      0.065      0.895      1.299        237 5.2583e+01 0.0000e+00
      0.914    22.5602     8.6763    100.282  35.527214     37.349      7.302   178.1064     3.0449     0.8902     0.0240      0.059      0.896      1.300        238 5.3177e+01 0.0000e+00
      0.913    22.5920     8.6907    100.426  35.588870     37.413      7.309   178.4093     2.9883     0.9708     0.0240      0.048      0.896      1.300        239 5.3819e+01 0.0000e+00
      0.914    22.6306     8.7156    100.660  35.717703     37.552      7.315   178.9014     3.0045     0.8768     0.0240      0.035      0.897      1.301        240 5.3813e+01 0.0000e+00
      0.916    22.6594     8.7470    101.011  35.782091     37.586      7.323   178.7500     2.9842     0.8902     0.0241      0.022      0.897      1.301        241 5.4652e+01 0.0000e+00
      0.913    22.6784     8.7630    101.240  35.775649     37.555      7.327   179.0150     2.9640     0.7828     0.0241      0.011      0.896      1.300        242 5.4954e+01 0.0000e+00
      0.913    22.6859     8.7714    101.385  35.755362     37.503      7.332   179.3936     3.0045     0.9574     0.0240      0.004      0.899      1.304        243 5.5132e+01 0.0000e+00
      0.926    22.6697     8.7990    101.713  35.718351     37.459      7.338   179.6207     3.0166     0.9305     0.0240      0.004      0.910      1.319        244 5.4697e+01 0.0000e+00
      0.943    22.6337     8.8161    101.874  35.643751     37.365      7.341   180.0750     3.0085     0.8499     0.0240      0.009      0.926      1.342        245 5.3295e+01 0.0000e+00
      0.964    22.5883     8.8258    101.912  35.581276     37.318      7.345   180.6429     2.9883     0.9171     0.0240      0.020      0.944      1.367        246 5.2403e+01 0.0000e+00
      0.978    22.5507     8.8276    101.812  35.469871     37.230      7.341   180.8700     2.9762     0.8365     0.0239      0.031      0.956      1.386        247 5.1382e+01 0.0000e+00
      0.982    22.5416     8.8319    101.798  35.426515     37.206      7.333   181.5136     3.1055     0.8365     0.0239      0.038      0.962      1.396        248 5.1472e+01 0.0000e+00
      0.983    22.5303     8.8464    101.916  35.516620     37.355      7.327   181.6271     3.1177     0.8902     0.0240      0.042      0.965      1.401        249 5.1435e+01 0.0000e+00
      0.988    22.5031     8.8728    102.151  35.417067     37.243      7.328   182.0814     3.1096     0.8634     0.0239      0.043      0.970      1.408        250 5.0037e+01 0.0000e+00
      0.998    22.4973     8.9039    102.460  35.372468     37.193      7.329   182.4600     3.1015     0.7559     0.0239      0.041      0.977      1.418        251 4.9512e+01 0.0000e+00
      1.003    22.5191     8.9398    102.840  35.453500     37.333      7.324   182.5736     3.1622     1.0916     0.0239      0.034      0.982      1.425        252 4.9715e+01 0.0000e+00
      1.005    22.5444     8.9786    103.212  35.494179     37.337      7.319   182.5736     3.1905     1.0514     0.0239      0.027      0.987      1.431        253 4.9599e+01 0.0000e+00
      1.012    22.5479     9.0220    103.616  35.559107     37.437      7.325   182.3843     3.1864     1.1185     0.0240      0.021      0.993      1.440        254 4.9621e+01 0.0000e+00
      1.021    22.5303     9.0653    104.039  35.491323     37.300      7.323   182.9143     3.1783     1.0379     0.0239      0.021      1.002      1.453        255 4.9687e+01 0.0000e+00
