Data/DataNotYetUploadedToEDI/Raw_CTD/2018_RawDownloads/100818_fcr30.cnv
* Sea-Bird SBE19plus  Data File:
* FileName = C:\DATA\100818_fcr_0003.hex
* Software version 2.6.3.104
* Temperature SN = 7809
* Conductivity SN = 7809
* System UpLoad Time = Oct 08 2018 14:57:29
* <ApplicationData>
* <Seaterm232>
# nquan = 17
# nvalues = 550                         
# units = specified
# name 0 = depFM: Depth [fresh water, m]
# name 1 = tv290C: Temperature [ITS-90, deg C]
# name 2 = sbeox0Mg/L: Oxygen, SBE 43 [mg/l]
# name 3 = sbeox0PS: Oxygen, SBE 43 [% saturation]
# name 4 = c0uS/cm: Conductivity [uS/cm]
# name 5 = specc: Specific Conductance [uS/cm]
# name 6 = ph: pH
# name 7 = orp: Oxidation Reduction Potential [mV]
# name 8 = flECO-AFL: Fluorescence, WET Labs ECO-AFL/FL [mg/m^3]
# name 9 = turbWETntu0: Turbidity, WET Labs ECO [NTU]
# name 10 = sal00: Salinity, Practical [PSU]
# name 11 = dz/dtM: Descent Rate [m/s]
# name 12 = prdM: Pressure, Strain Gauge [db]
# name 13 = prdE: Pressure, Strain Gauge [psi]
# name 14 = scan: Scan Count
# name 15 = par/sat/log: PAR/Logarithmic, Satlantic
# name 16 = flag:  0.000e+00
# span 0 =     -0.472,      5.498       
# span 1 =    16.9171,    23.2983       
# span 2 =     0.0962,     9.2637       
# span 3 =      1.023,    108.607       
# span 4 =   1.257755,  75.291770       
# span 5 =      1.370,     89.749       
# span 6 =      6.084,      7.801       
# span 7 =    89.3312,   224.5573       
# span 8 =    -0.2224,    12.9397       
# span 9 =    -0.3183,    26.0945       
# span 10 =     0.0112,     0.0451      
# span 11 =     -0.148,      0.254      
# span 12 =     -0.462,      5.391      
# span 13 =     -0.670,      7.819      
# span 14 =          1,        550      
# span 15 = 1.5538e+00, 3.9693e+02      
# span 16 = 0.0000e+00, 0.0000e+00      
# interval = seconds: 0.25
# start_time = Oct 08 2018 14:39:35 [Instrument's time stamp, header]
# bad_flag = -9.990e-29
*END*
[from data line 426]
      3.496    19.8938     0.1205      1.320  35.631409     39.674      6.517   212.5944     2.3453     1.6959     0.0241      0.057      3.426      4.969        427 7.5813e+00 0.0000e+00
      3.503    19.8907     0.1192      1.305  35.641545     39.684      6.510   212.8972     2.7295     1.7630     0.0241      0.056      3.435      4.981        428 7.6038e+00 0.0000e+00
      3.508    19.8898     0.1186      1.299  35.585594     39.627      6.508   212.5565     2.7295     1.7765     0.0241      0.052      3.441      4.991        429 7.5716e+00 0.0000e+00
      3.515    19.8884     0.1192      1.305  35.582409     39.630      6.503   212.5565     2.7093     1.6959     0.0241      0.047      3.449      5.003        430 7.5045e+00 0.0000e+00
      3.530    19.8774     0.1220      1.334  35.645513     39.693      6.503   212.3672     2.7093     1.6422     0.0241      0.045      3.463      5.023        431 7.3962e+00 0.0000e+00
      3.550    19.8607     0.1228      1.343  35.773988     39.850      6.500   212.5565     2.8791     1.6959     0.0242      0.045      3.481      5.048        432 7.2978e+00 0.0000e+00
      3.567    19.8497     0.1200      1.312  35.867401     39.953      6.497   212.4808     2.8791     1.7093     0.0242      0.046      3.497      5.073        433 7.2247e+00 0.0000e+00
      3.582    19.8405     0.1230      1.344  35.885169     39.999      6.492   212.6701     2.8710     1.7362     0.0243      0.048      3.512      5.095        434 7.1516e+00 0.0000e+00
      3.598    19.8245     0.1214      1.327  35.959495     40.071      6.491   212.8215     2.8589     1.7496     0.0243      0.052      3.529      5.118        435 7.0362e+00 0.0000e+00
      3.617    19.8055     0.1168      1.277  36.190135     40.360      6.487   212.6701     4.1165     1.9913     0.0244      0.059      3.549      5.147        436 6.9014e+00 0.0000e+00
      3.642    19.7868     0.1140      1.245  36.487918     40.686      6.482   212.9729     4.4683     1.9107     0.0245      0.066      3.570      5.178        437 6.7637e+00 0.0000e+00
      3.663    19.7694     0.1150      1.256  36.775292     41.046      6.476   212.9351     4.4642     1.8167     0.0247      0.071      3.590      5.207        438 6.6690e+00 0.0000e+00
      3.677    19.7557     0.1126      1.229  37.048564     41.344      6.470   212.7079     4.4763     1.9107     0.0248      0.073      3.605      5.229        439 6.6174e+00 0.0000e+00
      3.690    19.7435     0.1094      1.194  37.245271     41.610      6.470   212.8972     4.4642     1.9645     0.0249      0.072      3.620      5.249        440 6.5334e+00 0.0000e+00
      3.706    19.7305     0.1071      1.168  37.449977     41.810      6.466   212.7837     5.6611     1.9376     0.0250      0.071      3.635      5.272        441 6.4405e+00 0.0000e+00
      3.725    19.7152     0.1059      1.155  37.713305     42.165      6.466   212.9351     5.6571     2.0719     0.0251      0.071      3.653      5.298        442 6.2959e+00 0.0000e+00
      3.744    19.7001     0.1098      1.197  37.926050     42.365      6.460   213.2380     5.6490     1.8705     0.0252      0.070      3.670      5.324        443 6.1007e+00 0.0000e+00
      3.759    19.6897     0.1114      1.214  38.223380     42.754      6.456   213.1622     5.6571     1.9913     0.0254      0.067      3.685      5.345        444 6.0428e+00 0.0000e+00
      3.770    19.6838     0.1116      1.216  38.262808     42.800      6.450   212.9351    12.8831     2.2330     0.0254      0.064      3.698      5.365        445 5.9964e+00 0.0000e+00
      3.785    19.6753     0.1122      1.222  38.292258     42.810      6.449   212.9351    12.8952     2.3673     0.0254      0.062      3.713      5.386        446 5.8671e+00 0.0000e+00
      3.803    19.6608     0.1151      1.254  38.720661     43.347      6.450   212.6701    12.9397     2.2599     0.0256      0.062      3.731      5.411        447 5.7670e+00 0.0000e+00
      3.824    19.6434     0.1168      1.271  39.123819     43.762      6.447   212.2158    12.8952     2.2733     0.0258      0.064      3.751      5.440        448 5.6128e+00 0.0000e+00
      3.846    19.6241     0.1187      1.292  39.570329     44.309      6.441   212.2915    12.4989     2.1927     0.0260      0.065      3.771      5.469        449 5.4740e+00 0.0000e+00
      3.865    19.6042     0.1151      1.252  40.004151     44.795      6.434   212.0265    12.4464     2.3807     0.0262      0.067      3.789      5.496        450 5.4048e+00 0.0000e+00
      3.880    19.5875     0.1136      1.236  40.334143     45.191      6.432   211.7237    12.4383     2.3404     0.0264      0.069      3.805      5.519        451 5.3358e+00 0.0000e+00
      3.895    19.5718     0.1134      1.233  40.524255     45.430      6.434   211.0044    12.4625     2.3136     0.0265      0.070      3.821      5.542        452 5.2492e+00 0.0000e+00
      3.913    19.5534     0.1115      1.212  40.865190     45.792      6.430   209.9444     7.8690     2.3136     0.0266      0.072      3.839      5.568        453 5.0907e+00 0.0000e+00
      3.936    19.5349     0.1092      1.187  41.393164     46.467      6.429   209.2629     7.8568     2.3673     0.0269      0.073      3.860      5.598        454 4.9612e+00 0.0000e+00
      3.959    19.5181     0.1110      1.206  41.765861     46.831      6.427   209.0737     7.8609     2.3002     0.0271      0.073      3.881      5.628        455 4.8413e+00 0.0000e+00
      3.977    19.5031     0.1106      1.201  41.973732     47.164      6.422   208.6951     7.8568     2.2733     0.0272      0.073      3.900      5.656        456 4.7186e+00 0.0000e+00
      3.995    19.4880     0.1112      1.206  42.172842     47.308      6.421   208.2029     6.0251     2.1659     0.0272      0.074      3.918      5.682        457 4.6403e+00 0.0000e+00
      4.014    19.4745     0.1125      1.219  42.378447     47.669      6.419   207.1808     6.0170     2.0584     0.0274      0.075      3.937      5.710        458 4.5442e+00 0.0000e+00
      4.034    19.4626     0.1100      1.191  42.489239     47.686      6.414   206.0451     6.0048     2.1524     0.0274      0.077      3.957      5.739        459 4.4251e+00 0.0000e+00
      4.056    19.4465     0.1136      1.230  43.073374     48.454      6.413   205.8179     6.0331     2.1659     0.0277      0.078      3.978      5.769        460 4.3032e+00 0.0000e+00
      4.079    19.4321     0.1098      1.189  43.995381     49.442      6.412   205.1744     6.0129     2.1659     0.0281      0.079      3.999      5.801        461 4.1815e+00 0.0000e+00
      4.100    19.4241     0.1094      1.183  44.279136     49.868      6.411   204.7201     7.8123     2.1390     0.0283      0.079      4.020      5.832        462 4.0525e+00 0.0000e+00
      4.121    19.4069     0.1052      1.138  44.233441     49.696      6.406   204.2279     7.8043     2.1390     0.0282      0.081      4.040      5.861        463 4.0247e+00 0.0000e+00
      4.139    19.3834     0.1073      1.159  44.764367     50.428      6.403   203.0922     7.7921     2.1122     0.0286      0.081      4.060      5.889        464 3.9507e+00 0.0000e+00
      4.160    19.3705     0.1058      1.143  45.101991     50.763      6.406   202.0701     7.7638     2.1256     0.0287      0.082      4.080      5.919        465 3.8068e+00 0.0000e+00
      4.185    19.3490     0.1120      1.209  45.237528     50.948      6.401   201.3886     5.0910     1.9779     0.0288      0.083      4.105      5.954        466 3.7291e+00 0.0000e+00
      4.213    19.3088     0.1104      1.190  46.019995     51.844      6.399   200.5936     5.0950     1.9913     0.0291      0.085      4.131      5.992        467 3.6443e+00 0.0000e+00
      4.240    19.2693     0.1097      1.183  46.887863     52.878      6.396   199.9501     5.0788     1.9107     0.0296      0.088      4.158      6.031        468 3.5753e+00 0.0000e+00
      4.267    19.2387     0.1118      1.205  47.599706     53.684      6.391   199.6851     5.0829     1.9107     0.0299      0.091      4.183      6.067        469 3.5174e+00 0.0000e+00
      4.291    19.2158     0.1146      1.235  48.220373     54.489      6.389   199.5336     3.0166     1.8167     0.0303      0.095      4.207      6.102        470 3.4720e+00 0.0000e+00
      4.313    19.1968     0.1061      1.143  48.459895     54.749      6.387   199.0415     2.9802     2.0450     0.0304      0.097      4.228      6.133        471 3.4640e+00 0.0000e+00
      4.332    19.1702     0.1103      1.187  48.666777     55.030      6.385   197.8679     2.9802     1.9242     0.0305      0.098      4.247      6.161        472 3.4279e+00 0.0000e+00
      4.350    19.1362     0.1091      1.173  49.417134     55.876      6.386   197.1865     2.9721     1.9242     0.0308      0.095      4.267      6.189        473 3.3692e+00 0.0000e+00
      4.371    19.1097     0.1108      1.192  50.019079     56.669      6.386   196.1265     3.7768     1.9242     0.0312      0.091      4.288      6.219        474 3.3572e+00 0.0000e+00
      4.397    19.0804     0.1085      1.166  50.291989     56.904      6.386   195.4829     3.7525     1.9645     0.0313      0.087      4.312      6.254        475 3.3244e+00 0.0000e+00
      4.423    19.0415     0.1101      1.183  50.887988     57.730      6.383   194.4229     3.7525     1.9913     0.0316      0.087      4.336      6.289        476 3.2854e+00 0.0000e+00
      4.444    19.0116     0.1120      1.202  51.325341     58.181      6.383   194.0065     3.7768     2.0182     0.0318      0.086      4.357      6.318        477 3.2516e+00 0.0000e+00
      4.459    18.9991     0.1111      1.191  51.587949     58.582      6.382   193.0222     2.7659     2.1390     0.0320      0.085      4.372      6.342        478 3.2607e+00 0.0000e+00
      4.473    18.9927     0.1115      1.195  51.659415     58.685      6.385   192.0757     2.7901     2.0584     0.0320      0.083      4.387      6.362        479 3.3083e+00 0.0000e+00
      4.487    18.9731     0.1123      1.204  51.681648     58.702      6.386   190.8643     2.8063     2.1390     0.0320      0.079      4.402      6.385        480 3.2884e+00 0.0000e+00
      4.506    18.9444     0.1085      1.163  52.183621     59.314      6.388   189.7286     2.7821     2.1793     0.0323      0.076      4.420      6.412        481 3.2813e+00 0.0000e+00
      4.530    18.9139     0.1052      1.127  52.786003     60.008      6.387   189.3500     2.7861     2.1390     0.0326      0.073      4.442      6.443        482 3.2669e+00 0.0000e+00
      4.553    18.8834     0.1041      1.114  53.366028     60.716      6.388   188.3657     2.8589     2.1659     0.0329      0.072      4.463      6.474        483 3.2185e+00 0.0000e+00
      4.571    18.8613     0.1055      1.128  53.539675     60.980      6.387   187.7979     2.8589     2.1256     0.0330      0.071      4.482      6.500        484 3.2276e+00 0.0000e+00
      4.586    18.8374     0.1035      1.106  53.786982     61.216      6.391   187.1543     2.8306     2.0450     0.0331      0.072      4.497      6.522        485 3.2554e+00 0.0000e+00
      4.601    18.8074     0.1052      1.124  54.898784     62.616      6.391   186.0943     2.8427     2.1927     0.0337      0.073      4.513      6.546        486 3.2497e+00 0.0000e+00
      4.622    18.7773     0.1041      1.112  55.926233     63.768      6.397   186.3214     2.6527     2.1927     0.0342      0.074      4.533      6.575        487 3.2242e+00 0.0000e+00
      4.646    18.7452     0.1074      1.146  56.605194     64.610      6.394   185.9050     2.6688     2.1927     0.0345      0.076      4.554      6.605        488 3.2198e+00 0.0000e+00
      4.662    18.7158     0.1060      1.131  57.468045     65.613      6.394   185.0722     2.6486     2.0987     0.0350      0.074      4.569      6.627        489 3.2194e+00 0.0000e+00
      4.670    18.6987     0.1059      1.129  57.791734     66.108      6.396   184.5043     2.6688     2.1122     0.0352      0.070      4.578      6.640        490 3.2425e+00 0.0000e+00
      4.672    18.6868     0.1060      1.129  57.449378     65.642      6.396   184.0879     2.4788     2.3270     0.0349      0.064      4.585      6.650        491 3.3175e+00 0.0000e+00
      4.684    18.6653     0.1096      1.165  57.923816     66.275      6.396   183.6714     2.4909     2.3941     0.0352      0.058      4.597      6.667        492 3.2944e+00 0.0000e+00
      4.706    18.6345     0.1125      1.196  58.923427     67.445      6.397   182.8007     2.4869     2.3941     0.0357      0.056      4.617      6.696        493 3.2266e+00 0.0000e+00
      4.732    18.6005     0.1098      1.166  59.798133     68.440      6.395   182.0057     2.4667     2.2733     0.0362      0.056      4.640      6.730        494 3.2097e+00 0.0000e+00
      4.756    18.5647     0.1121      1.191  60.843877     69.739      6.391   181.0971     2.3615     2.2464     0.0367      0.059      4.662      6.761        495 3.1906e+00 0.0000e+00
      4.772    18.5306     0.1113      1.182  61.422945     70.436      6.394   180.2264     2.3049     2.3136     0.0370      0.062      4.679      6.786        496 3.1965e+00 0.0000e+00
      4.786    18.5125     0.1086      1.151  61.868899     70.975      6.395   179.4693     2.3211     2.3673     0.0372      0.066      4.692      6.806        497 3.1884e+00 0.0000e+00
      4.797    18.5158     0.1092      1.156  62.100409     71.385      6.397   178.9014     2.3575     2.3404     0.0374      0.070      4.704      6.823        498 3.1807e+00 0.0000e+00
      4.809    18.5062     0.1117      1.182  61.669406     70.804      6.400   178.4093     2.3373     2.3270     0.0372      0.071      4.718      6.842        499 3.1408e+00 0.0000e+00
      4.827    18.4549     0.1084      1.145  62.227111     71.473      6.400   178.1821     2.3615     2.3002     0.0375      0.068      4.733      6.865        500 3.1002e+00 0.0000e+00
      4.844    18.3824     0.1115      1.177  63.722817     73.255      6.403   178.1064     2.3211     2.2733     0.0382      0.063      4.750      6.890        501 3.0997e+00 0.0000e+00
      4.862    18.3283     0.1080      1.140  64.738043     74.471      6.400   177.5764     2.3292     2.2733     0.0388      0.060      4.766      6.914        502 3.0537e+00 0.0000e+00
      4.876    18.3016     0.1090      1.150  65.002892     74.950      6.400   176.4786     2.2240     2.4344     0.0390      0.058      4.781      6.935        503 3.0328e+00 0.0000e+00
      4.890    18.2794     0.1116      1.177  65.175325     75.143      6.400   175.7971     2.1957     2.5419     0.0390      0.059      4.795      6.955        504 3.0281e+00 0.0000e+00
      4.903    18.2563     0.1115      1.175  65.414552     75.606      6.401   175.1157     2.2200     2.6359     0.0392      0.060      4.809      6.974        505 3.0265e+00 0.0000e+00
      4.918    18.2173     0.1131      1.190  66.012105     76.132      6.401   174.5100     2.2159     2.4747     0.0394      0.060      4.822      6.994        506 3.0362e+00 0.0000e+00
      4.931    18.1546     0.1088      1.145  67.104992     77.692      6.402   173.6771     2.2119     2.4344     0.0401      0.059      4.836      7.013        507 3.0265e+00 0.0000e+00
      4.944    18.0966     0.1112      1.169  67.856604     78.376      6.404   173.3743     2.2726     2.6493     0.0404      0.057      4.848      7.031        508 3.0246e+00 0.0000e+00
      4.955    18.0518     0.1053      1.106  68.819623     79.822      6.404   173.8286     2.2685     2.7970     0.0410      0.054      4.859      7.047        509 3.0338e+00 0.0000e+00
      4.965    18.0164     0.1080      1.134  69.709031     80.806      6.404   173.3743     2.2928     2.7164     0.0415      0.051      4.869      7.061        510 3.0235e+00 0.0000e+00
