Data/DataNotYetUploadedToEDI/Raw_CTD/2018_RawDownloads/100818_fcr20.cnv
* Sea-Bird SBE19plus  Data File:
* FileName = C:\DATA\100818_fcr_0002.hex
* Software version 2.6.3.104
* Temperature SN = 7809
* Conductivity SN = 7809
* System UpLoad Time = Oct 08 2018 14:57:11
* <ApplicationData>
* <Seaterm232>
# nquan = 17
# nvalues = 354                         
# units = specified
# name 0 = depFM: Depth [fresh water, m]
# name 1 = tv290C: Temperature [ITS-90, deg C]
# name 2 = sbeox0Mg/L: Oxygen, SBE 43 [mg/l]
# name 3 = sbeox0PS: Oxygen, SBE 43 [% saturation]
# name 4 = c0uS/cm: Conductivity [uS/cm]
# name 5 = specc: Specific Conductance [uS/cm]
# name 6 = ph: pH
# name 7 = orp: Oxidation Reduction Potential [mV]
# name 8 = flECO-AFL: Fluorescence, WET Labs ECO-AFL/FL [mg/m^3]
# name 9 = turbWETntu0: Turbidity, WET Labs ECO [NTU]
# name 10 = sal00: Salinity, Practical [PSU]
# name 11 = dz/dtM: Descent Rate [m/s]
# name 12 = prdM: Pressure, Strain Gauge [db]
# name 13 = prdE: Pressure, Strain Gauge [psi]
# name 14 = scan: Scan Count
# name 15 = par/sat/log: PAR/Logarithmic, Satlantic
# name 16 = flag:  0.000e+00
# span 0 =     -0.472,      3.356       
# span 1 =    19.9992,    22.7796       
# span 2 =     0.0614,     9.5413       
# span 3 =      0.680,    110.747       
# span 4 =   0.405715,  45.996637       
# span 5 =      1.156,     51.177       
# span 6 =      5.951,      7.669       
# span 7 =   126.0906,   279.5260       
# span 8 =    -0.1941,     4.5491       
# span 9 =    -0.3049,    36.9174       
# span 10 =     0.0109,     0.0291      
# span 11 =     -0.291,      0.289      
# span 12 =     -0.463,      3.289      
# span 13 =     -0.672,      4.771      
# span 14 =          1,        354      
# span 15 = 7.4687e+00, 4.3222e+02      
# span 16 = 0.0000e+00, 0.0000e+00      
# interval = seconds: 0.25
# start_time = Oct 08 2018 14:13:35 [Instrument's time stamp, header]
# bad_flag = -9.990e-29
*END*
[from data line 171]
     -0.110    22.6373     6.5472     75.912  35.604198     37.343      7.375   190.8265     3.4937     0.9976     0.0240      0.037     -0.108     -0.156        172 3.5557e+02 0.0000e+00
     -0.118    22.6375     6.8683     79.691  35.676993     37.461      7.391   190.5993     3.4735     1.0379     0.0240      0.026     -0.114     -0.165        173 3.5438e+02 0.0000e+00
     -0.119    22.6377     7.3496     85.304  35.650481     37.403      7.403   190.1072     3.5180     1.1588     0.0240      0.016     -0.115     -0.168        174 3.5420e+02 0.0000e+00
     -0.117    22.6384     7.8881     91.566  35.637191     37.403      7.415   190.4479     3.5099     1.0379     0.0240      0.008     -0.114     -0.166        175 3.5365e+02 0.0000e+00
     -0.114    22.6377     8.3983     97.490  35.634216     37.403      7.415   190.7129     3.4857     1.0514     0.0240      0.001     -0.112     -0.163        176 3.5515e+02 0.0000e+00
     -0.114    22.6347     8.8466    102.694  35.594867     37.343      7.427   190.5615     3.5018     1.0916     0.0240     -0.004     -0.111     -0.161        177 3.5668e+02 0.0000e+00
     -0.110    22.6320     9.2236    107.068  35.626843     37.403      7.442   190.4857     3.5018     1.0379     0.0240     -0.004     -0.109     -0.158        178 3.5215e+02 0.0000e+00
     -0.109    22.6296     9.4494    109.686  35.653738     37.405      7.448   189.4636     3.5099     1.0514     0.0240     -0.001     -0.111     -0.161        179 3.4945e+02 0.0000e+00
     -0.121    22.6285     9.5413    110.747  35.620715     37.407      7.457   190.2207     3.5018     1.0111     0.0240      0.000     -0.121     -0.175        180 3.5094e+02 0.0000e+00
     -0.139    22.6533     9.5237    110.535  35.608627     37.350      7.458   190.2586     3.4897     0.8768     0.0240     -0.005     -0.136     -0.198        181 3.5127e+02 0.0000e+00
     -0.158    22.7055     9.4461    109.633  35.757757     37.557      7.462   189.0850     3.4816     0.8768     0.0241     -0.015     -0.151     -0.219        182 3.5203e+02 0.0000e+00
     -0.162    22.7434     9.3657    108.702  35.850334     37.597      7.464   190.0315     3.5180     0.8499     0.0241     -0.025     -0.158     -0.229        183 3.5243e+02 0.0000e+00
     -0.163    22.7610     9.2834    107.746  35.849301     37.583      7.448   189.2365     3.4937     0.8499     0.0241     -0.031     -0.161     -0.234        184 3.5215e+02 0.0000e+00
     -0.169    22.7684     9.2120    106.932  35.847998     37.525      7.450   188.8200     3.3886     1.0782     0.0241     -0.034     -0.164     -0.238        185 3.5140e+02 0.0000e+00
     -0.168    22.7691     9.1518    106.230  35.822281     37.511      7.451   188.9715     3.3482     0.9574     0.0241     -0.034     -0.164     -0.239        186 3.5101e+02 0.0000e+00
     -0.166    22.7690     9.1027    105.666  35.792321     37.447      7.453   189.7665     3.3724     1.0648     0.0241     -0.029     -0.164     -0.238        187 3.5256e+02 0.0000e+00
     -0.167    22.7681     9.0668    105.249  35.825962     37.505      7.450   189.6907     3.3846     1.0379     0.0241     -0.019     -0.164     -0.238        188 3.5158e+02 0.0000e+00
     -0.168    22.7666     9.0383    104.883  35.839732     37.505      7.451   188.5929     3.4493     0.9976     0.0241     -0.010     -0.164     -0.238        189 3.5133e+02 0.0000e+00
     -0.168    22.7635     9.0028    104.460  35.864159     37.535      7.453   189.1229     3.4210     1.0782     0.0241     -0.004     -0.163     -0.238        190 3.5246e+02 0.0000e+00
     -0.165    22.7596     8.9795    104.143  35.884538     37.565      7.452   188.9715     3.4331     1.0916     0.0241     -0.001     -0.161     -0.234        191 3.5236e+02 0.0000e+00
     -0.160    22.7597     8.9635    103.911  35.844029     37.509      7.453   180.8700     3.4169     1.0916     0.0241      0.002     -0.156     -0.227        192 3.5399e+02 0.0000e+00
     -0.154    22.7601     8.9508    103.761  35.825598     37.512      7.455   180.3400     3.3643     1.1991     0.0241      0.006     -0.150     -0.218        193 3.5232e+02 0.0000e+00
     -0.147    22.7609     8.9465    103.704  35.848159     37.512      7.455   180.0750     3.3805     1.0648     0.0241      0.009     -0.142     -0.206        194 3.5176e+02 0.0000e+00
     -0.133    22.7666     8.9387    103.620  35.904927     37.599      7.463   189.7665     3.3805     1.0782     0.0241      0.015     -0.129     -0.187        195 3.5495e+02 0.0000e+00
     -0.115    22.7660     8.9503    103.764  35.843928     37.511      7.465   189.3122     3.3482     1.0379     0.0241      0.024     -0.113     -0.164        196 3.5357e+02 0.0000e+00
     -0.099    22.7690     8.9631    103.920  35.835096     37.506      7.457   181.8164     3.5059     1.0514     0.0241      0.033     -0.098     -0.141        197 3.5436e+02 0.0000e+00
     -0.085    22.7672     8.9717    104.033  35.886257     37.566      7.450   187.0786     3.4978     1.0916     0.0241      0.042     -0.082     -0.118        198 3.5330e+02 0.0000e+00
     -0.066    22.7523     8.9771    104.108  35.839574     37.505      7.449   186.2836     3.4654     1.0111     0.0241      0.050     -0.063     -0.091        199 3.5815e+02 0.0000e+00
     -0.041    22.7437     8.9735    104.069  35.833875     37.505      7.434   176.9707     3.5180     1.0648     0.0241      0.059     -0.040     -0.057        200 3.5234e+02 0.0000e+00
     -0.014    22.7219     8.9666    103.994  35.863694     37.548      7.416   176.3650     3.5059     1.0245     0.0241      0.068     -0.014     -0.020        201 3.5191e+02 0.0000e+00
      0.013    22.6995     8.9601    103.948  35.832128     37.524      7.398   175.7214     3.6231     1.0648     0.0241      0.077      0.013      0.019        202 3.4282e+02 0.0000e+00
      0.042    22.6964     8.9575    103.935  35.784190     37.483      7.394   175.7214     3.6555     1.0782     0.0241      0.085      0.040      0.058        203 3.5270e+02 0.0000e+00
      0.067    22.6941     8.9544    103.892  35.775071     37.501      7.393   175.5700     3.6110     1.0648     0.0241      0.091      0.065      0.095        204 3.2579e+02 0.0000e+00
      0.091    22.6963     8.9564    103.869  35.784169     37.503      7.402   175.8350     3.6070     1.0514     0.0241      0.097      0.089      0.129        205 2.4564e+02 0.0000e+00
      0.115    22.7017     8.9607    103.867  35.832187     37.564      7.400   176.2136     3.5706     1.1588     0.0241      0.101      0.113      0.164        206 2.7487e+02 0.0000e+00
      0.138    22.7052     8.9596    103.814  35.863605     37.591      7.406   175.9107     3.5867     1.0648     0.0241      0.101      0.137      0.199        207 2.7974e+02 0.0000e+00
      0.166    22.7114     8.9642    103.842  35.834046     37.557      7.410   175.7214     3.5544     1.0648     0.0241      0.101      0.165      0.239        208 2.4884e+02 0.0000e+00
      0.201    22.7182     8.9701    103.872  35.839314     37.555      7.405   176.1378     3.5342     1.0111     0.0241      0.102      0.196      0.283        209 2.4448e+02 0.0000e+00
      0.231    22.7195     8.9651    103.812  35.827388     37.550      7.402   176.7814     3.6231     1.0782     0.0241      0.104      0.225      0.326        210 2.2666e+02 0.0000e+00
      0.256    22.7232     8.9542    103.723  35.848885     37.545      7.407   176.8193     3.6353     1.1453     0.0241      0.106      0.252      0.365        211 2.1404e+02 0.0000e+00
      0.284    22.7361     8.9495    103.685  35.901535     37.631      7.414   177.0464     3.6474     1.1588     0.0241      0.108      0.281      0.407        212 1.9768e+02 0.0000e+00
      0.320    22.7458     8.9423    103.632  35.850841     37.541      7.412   177.7657     3.6312     1.1319     0.0241      0.113      0.313      0.453        213 1.8828e+02 0.0000e+00
      0.351    22.7413     8.9417    103.653  35.822996     37.530      7.405   177.9928     3.8172     0.9976     0.0241      0.116      0.343      0.498        214 1.7983e+02 0.0000e+00
      0.379    22.7194     8.9352    103.580  35.787890     37.465      7.405   178.1443     3.8294     0.9842     0.0241      0.118      0.373      0.541        215 1.7591e+02 0.0000e+00
      0.411    22.6922     8.9384    103.565  35.775894     37.467      7.412   179.5071     3.8294     1.0916     0.0241      0.119      0.405      0.588        216 1.6573e+02 0.0000e+00
      0.451    22.6727     8.9386    103.500  35.778613     37.485      7.424   179.7343     3.8294     1.0648     0.0241      0.121      0.442      0.641        217 1.5473e+02 0.0000e+00
      0.491    22.6587     8.9351    103.404  35.814173     37.535      7.438   179.8100     3.8941     1.0916     0.0241      0.127      0.479      0.694        218 1.4860e+02 0.0000e+00
      0.522    22.6410     8.9305    103.310  35.820625     37.581      7.444   180.6050     3.8738     1.1588     0.0241      0.131      0.509      0.738        219 1.3890e+02 0.0000e+00
      0.545    22.6400     8.9275    103.237  35.800252     37.532      7.443   180.6050     3.8900     1.0782     0.0241      0.131      0.532      0.773        220 1.3179e+02 0.0000e+00
      0.563    22.6563     8.9197    103.115  35.869195     37.664      7.444   181.0214     3.8981     1.1185     0.0241      0.126      0.552      0.801        221 1.2689e+02 0.0000e+00
      0.580    22.6669     8.9101    102.977  35.853467     37.607      7.446   181.3243     3.8941     1.1185     0.0241      0.118      0.571      0.829        222 1.2048e+02 0.0000e+00
      0.603    22.6805     8.8932    102.726  35.879143     37.651      7.444   182.4600     3.8819     1.0111     0.0241      0.110      0.597      0.866        223 1.1378e+02 0.0000e+00
      0.643    22.6957     8.8721    102.383  35.926212     37.674      7.444   182.2329     3.8738     0.9842     0.0241      0.105      0.635      0.921        224 1.0594e+02 0.0000e+00
      0.697    22.6959     8.8458    101.925  35.883861     37.632      7.441   182.8007     3.8941     1.0379     0.0241      0.107      0.682      0.989        225 9.9856e+01 0.0000e+00
      0.745    22.6711     8.8179    101.429  35.902184     37.621      7.440   182.8764     3.8981     1.0916     0.0241      0.116      0.728      1.055        226 9.5789e+01 0.0000e+00
      0.785    22.6365     8.7737    100.772  35.873743     37.620      7.436   183.2929     3.8374     1.0379     0.0241      0.129      0.768      1.115        227 9.2329e+01 0.0000e+00
      0.822    22.6087     8.6639     99.396  35.741306     37.465      7.437   183.6336     3.8213     1.0111     0.0240      0.144      0.807      1.170        228 8.8914e+01 0.0000e+00
      0.861    22.5874     8.4639     97.027  35.770430     37.550      7.436   183.8607     3.7889     1.0245     0.0241      0.156      0.845      1.225        229 8.5183e+01 0.0000e+00
      0.900    22.5684     8.2223     94.192  35.807858     37.602      7.437   184.3529     3.7970     1.0916     0.0241      0.163      0.881      1.277        230 8.2043e+01 0.0000e+00
      0.931    22.5527     7.9703     91.237  35.724400     37.530      7.437   184.2393     3.9709     1.1185     0.0240      0.163      0.912      1.322        231 7.9929e+01 0.0000e+00
      0.957    22.5378     7.7255     88.380  35.785329     37.604      7.442   184.2393     3.9466     1.0648     0.0241      0.153      0.941      1.364        232 7.6666e+01 0.0000e+00
      0.991    22.5098     7.4997     85.746  36.058285     37.911      7.438   184.8450     3.9507     1.0648     0.0242      0.143      0.972      1.410        233 7.2865e+01 0.0000e+00
      1.025    22.4587     7.2877     83.270  36.185498     38.069      7.439   185.2614     3.9507     1.0648     0.0242      0.136      1.006      1.459        234 7.0121e+01 0.0000e+00
      1.062    22.3796     7.1319     81.460  36.309174     38.180      7.433   185.5264     3.8011     1.0379     0.0243      0.133      1.042      1.511        235 6.6571e+01 0.0000e+00
      1.101    22.2909     7.0473     80.484  36.497569     38.485      7.420   186.2836     3.7970     1.0648     0.0244      0.133      1.078      1.562        236 6.3481e+01 0.0000e+00
      1.133    22.2136     7.0146     80.107  36.277320     38.255      7.407   186.7000     3.8253     1.0111     0.0243      0.132      1.108      1.607        237 6.1513e+01 0.0000e+00
      1.156    22.1539     7.0205     80.182  36.257057     38.327      7.398   186.7379     3.8091     1.0648     0.0243      0.130      1.132      1.641        238 5.9949e+01 0.0000e+00
      1.171    22.1132     7.0398     80.420  36.285554     38.449      7.391   187.1164     3.7566     1.1722     0.0243      0.126      1.149      1.667        239 5.8482e+01 0.0000e+00
      1.188    22.0768     7.0727     80.798  36.360529     38.498      7.388   187.2300     3.7525     1.0111     0.0243      0.118      1.169      1.696        240 5.6541e+01 0.0000e+00
      1.218    22.0384     7.1199     81.328  36.667991     38.976      7.378   188.0629     3.7606     1.1319     0.0245      0.109      1.195      1.732        241 5.4843e+01 0.0000e+00
      1.247    22.0062     7.1641     81.827  36.466473     38.679      7.369   188.5172     3.7768     1.1051     0.0244      0.103      1.221      1.771        242 5.3675e+01 0.0000e+00
      1.270    21.9754     7.2036     82.258  36.225762     38.533      7.356   189.1229     3.7606     0.8902     0.0243      0.096      1.244      1.805        243 5.2649e+01 0.0000e+00
      1.291    21.9438     7.2223     82.417  36.077795     38.351      7.346   189.8800     3.7121     1.0514     0.0242      0.092      1.265      1.836        244 5.1973e+01 0.0000e+00
      1.311    21.9243     7.2295     82.403  35.879502     38.198      7.340   190.3722     3.7000     1.0514     0.0241      0.090      1.285      1.863        245 5.1580e+01 0.0000e+00
      1.327    21.9179     7.2300     82.314  35.879375     38.194      7.329   191.3943     3.7081     1.0245     0.0241      0.089      1.301      1.887        246 5.1293e+01 0.0000e+00
      1.340    21.9156     7.2285     82.223  35.988991     38.359      7.323   191.3943     3.6878     1.1185     0.0242      0.086      1.315      1.907        247 5.1046e+01 0.0000e+00
      1.356    21.9208     7.1994     81.837  36.010024     38.364      7.313   191.9622     3.3158     1.0379     0.0242      0.081      1.330      1.928        248 5.0718e+01 0.0000e+00
      1.371    21.9313     7.1117     80.797  36.060814     38.425      7.305   192.1136     3.3118     1.0916     0.0242      0.073      1.345      1.951        249 5.0433e+01 0.0000e+00
      1.388    21.9332     6.9703     79.151  36.103736     38.481      7.301   192.4922     3.2875     1.0379     0.0242      0.067      1.361      1.974        250 4.9851e+01 0.0000e+00
      1.405    21.9278     6.7838     76.994  36.015924     38.353      7.296   192.6436     3.3077     1.0111     0.0242      0.064      1.377      1.998        251 4.9227e+01 0.0000e+00
      1.419    21.9228     6.5991     74.868  36.051458     38.411      7.291   193.0979     3.3643     1.2662     0.0242      0.062      1.392      2.019        252 4.8785e+01 0.0000e+00
      1.434    21.9109     6.4010     72.593  36.059514     38.416      7.291   193.4008     3.3522     1.2393     0.0242      0.061      1.407      2.040        253 4.8118e+01 0.0000e+00
      1.449    21.8760     6.1899     70.171  36.065217     38.419      7.291   193.8172     3.3724     1.3333     0.0242      0.061      1.426      2.068        254 4.7194e+01 0.0000e+00
      1.481    21.8166     5.9517     67.449  35.925730     38.310      7.289   193.7793     3.4129     1.2931     0.0242      0.065      1.454      2.108        255 4.6026e+01 0.0000e+00
