Data/DataNotYetUploadedToEDI/Raw_CTD/2018_RawDownloads/101218_ccr50.cnv
* Sea-Bird SBE19plus  Data File:
* FileName = C:\DATA\ccr50_101218_0006.hex
* Software version 2.6.3.104 SB_Terminal.dll
* Temperature SN = 7809
* Conductivity SN = 7809
* System UpLoad Time = Oct 12 2018 15:38:13
* <ApplicationData>
* <Seaterm232>
# nquan = 15
# nvalues = 1310                        
# units = specified
# name 0 = depFM: Depth [fresh water, m]
# name 1 = dz/dtM: Descent Rate [m/s]
# name 2 = sbeox0Mg/L: Oxygen, SBE 43 [mg/l]
# name 3 = sbeox0PS: Oxygen, SBE 43 [% saturation]
# name 4 = specc: Specific Conductance [uS/cm]
# name 5 = c0uS/cm: Conductivity [uS/cm]
# name 6 = flECO-AFL: Fluorescence, WET Labs ECO-AFL/FL [mg/m^3]
# name 7 = ph: pH
# name 8 = orp: Oxidation Reduction Potential [mV]
# name 9 = par/sat/log: PAR/Logarithmic, Satlantic
# name 10 = turbWETntu0: Turbidity, WET Labs ECO [NTU]
# name 11 = prdM: Pressure, Strain Gauge [db]
# name 12 = prdE: Pressure, Strain Gauge [psi]
# name 13 = tv290C: Temperature [ITS-90, deg C]
# name 14 = flag:  0.000e+00
# span 0 =     -0.459,     21.353       
# span 1 =     -0.099,      0.244       
# span 2 =     0.3514,     9.4909       
# span 3 =      3.268,    105.207       
# span 4 =      0.622,    139.038       
# span 5 =   0.524974, 103.095057       
# span 6 =    -0.6442,     1.6345       
# span 7 =      5.280,      9.428       
# span 8 =  -257.5205,  1171.4130       
# span 9 = 1.2547e-01, 2.1322e+03       
# span 10 =    -0.9836,    25.8557      
# span 11 =     -0.452,     20.941      
# span 12 =     -0.654,     30.372      
# span 13 =    12.0692,    22.0883      
# span 14 = 0.0000e+00, 0.0000e+00      
# interval = seconds: 0.25
# start_time = Oct 12 2018 16:01:04 [Instrument's time stamp, header]
# bad_flag = -9.990e-29
*END*
[from data line 579]
      6.900      0.066     7.8598     89.888     88.446  83.121080     1.5966      7.702   250.0110 3.3089e+00     2.8689      6.776      9.827    21.9982 0.0000e+00
      6.910      0.071     7.8694     90.001     88.404  83.084252     1.5449      7.696   250.4103 3.3269e+00     2.7890      6.785      9.841    21.9894 0.0000e+00
      6.902      0.081     7.8804     90.125     88.368  83.047220     1.5130      7.694   250.5196 3.3469e+00     2.7282      6.765      9.811    21.9825 0.0000e+00
      6.902      0.090     7.8893     90.219     88.385  83.055344     1.5058      7.694   250.4718 3.2928e+00     2.7137      6.754      9.796    21.9811 0.0000e+00
      6.935      0.096     7.8950     90.278     88.392  83.055126     1.5032      7.696   250.1770 3.1679e+00     2.6750      6.791      9.849    21.9841 0.0000e+00
      6.990      0.101     7.8970     90.298     88.384  83.044574     1.4998      7.699   249.8807 3.0437e+00     2.5653      6.861      9.950    21.9877 0.0000e+00
      7.037      0.104     7.8956     90.281     88.395  83.055105     1.4927      7.701   249.9003 2.9840e+00     2.4849      6.913     10.025    21.9857 0.0000e+00
      7.060      0.101     7.8928     90.249     88.395  83.055114     1.4909      7.699   250.0702 2.9851e+00     2.4974      6.929     10.051    21.9796 0.0000e+00
      7.065      0.089     7.8901     90.217     88.386  83.044676     1.4959      7.698   250.0419 2.9891e+00     2.5631      6.927     10.047    21.9751 0.0000e+00
      7.071      0.073     7.8890     90.201     88.402  83.056231     1.4975      7.698   249.9026 2.9461e+00     2.6388      6.926     10.045    21.9739 0.0000e+00
      7.091      0.062     7.8895     90.205     88.417  83.067476     1.4927      7.698   250.0203 2.8556e+00     2.6807      6.948     10.076    21.9745 0.0000e+00
      7.124      0.059     7.8905     90.216     88.402  83.053298     1.4922      7.697   250.2608 2.7855e+00     2.7027      6.991     10.139    21.9750 0.0000e+00
      7.146      0.062     7.8922     90.233     88.360  83.012153     1.4917      7.696   250.2296 2.7821e+00     2.7223      7.019     10.180    21.9741 0.0000e+00
      7.149      0.063     7.8942     90.250     88.302  82.952018     1.4507      7.697   250.1595 2.7998e+00     2.7349      7.011     10.169    21.9709 0.0000e+00
      7.151      0.061     7.8955     90.258     88.252  82.899237     1.3817      7.699   250.1866 2.7835e+00     2.7329      7.004     10.158    21.9688 0.0000e+00
      7.167      0.060     7.8959     90.257     88.242  82.883342     1.3564      7.699   250.2136 2.7482e+00     2.7278      7.026     10.190    21.9702 0.0000e+00
      7.192      0.063     7.8957     90.247     88.255  82.887163     1.3655      7.698   250.3140 2.7143e+00     2.7341      7.056     10.233    21.9703 0.0000e+00
      7.212      0.064     7.8952     90.234     88.257  82.881758     1.3630      7.698   250.3677 2.6664e+00     2.7184      7.074     10.259    21.9659 0.0000e+00
      7.229      0.059     7.8959     90.237     88.262  82.881641     1.3534      7.698   250.4322 2.6075e+00     2.6900      7.088     10.281    21.9613 0.0000e+00
      7.247      0.050     7.8983     90.263     88.268  82.885747     1.3511      7.696   250.5781 2.5663e+00     2.6968      7.108     10.310    21.9589 0.0000e+00
      7.261      0.045     7.9008     90.288     88.253  82.867728     1.3440      7.693   250.7550 2.5588e+00     2.7389      7.126     10.335    21.9539 0.0000e+00
      7.263      0.050     7.9014     90.287     88.248  82.854786     1.3220      7.689   250.8501 2.5599e+00     2.8019      7.126     10.335    21.9484 0.0000e+00
      7.262      0.059     7.8983     90.240     88.262  82.856585     1.3070      7.686   250.8681 2.5414e+00     2.8791      7.115     10.320    21.9464 0.0000e+00
      7.273      0.068     7.8927     90.165     88.241  82.825793     1.3100      7.686   250.9728 2.5030e+00     2.9095      7.124     10.332    21.9465 0.0000e+00
      7.301      0.075     7.8879     90.100     88.225  82.800822     1.3111      7.686   251.0837 2.4502e+00     2.8946      7.159     10.383    21.9449 0.0000e+00
      7.336      0.082     7.8836     90.044     88.242  82.809335     1.3112      7.686   251.3481 2.3984e+00     2.9123      7.198     10.440    21.9396 0.0000e+00
      7.365      0.090     7.8787     89.979     88.175  82.737705     1.3294      7.682   251.8470 2.3649e+00     2.9404      7.227     10.483    21.9322 0.0000e+00
      7.382      0.098     7.8766     89.909     86.959  81.552707     1.3474      7.677   252.3831 2.3425e+00     2.9595      7.241     10.503    21.9266 0.0000e+00
      7.392      0.102     7.8803     89.792     85.615  80.131781     1.3547      7.674   252.8394 2.3244e+00     2.9607      7.247     10.511    21.9197 0.0000e+00
      7.411      0.096     7.8805     89.546     86.705  80.900173     1.3624      7.673   253.0629 2.2771e+00     2.9246      7.258     10.527    21.9166 0.0000e+00
      7.448      0.081     7.8656     89.248     88.424  82.376115     1.3673      7.673   252.9343 2.1791e+00     2.9189      7.297     10.585    21.9131 0.0000e+00
      7.496      0.063     7.8403     89.043     88.746  82.761414     1.3673      7.673   252.6603 2.1120e+00     2.9535      7.359     10.674    21.9118 0.0000e+00
      7.523      0.047     7.8135     88.892     88.164  82.375489     1.3633      7.671   252.5045 2.1382e+00     2.9460      7.395     10.725    21.8303 0.0000e+00
      7.513      0.032     7.7925     88.724     87.319  81.657622     1.3730      7.669   252.2553 2.2039e+00     2.8592      7.375     10.697    21.6162 0.0000e+00
      7.488      0.017     7.7810     88.546     87.235  81.531033     1.4029      7.668   251.9698 2.2236e+00     2.7587      7.334     10.637    21.5146 0.0000e+00
      7.480      0.010     7.7765     88.434     87.725  81.927206     1.4300      7.669   251.9781 2.1755e+00     2.7374      7.325     10.624    21.6137 0.0000e+00
      7.495      0.019     7.7783     88.471     87.502  81.736244     1.4432      7.668   252.1830 2.1224e+00     2.7543      7.350     10.661    21.7333 0.0000e+00
      7.514      0.043     7.7857     88.580     85.873  80.240831     1.4440      7.665   252.4687 2.1202e+00     2.7498      7.374     10.696    21.7877 0.0000e+00
      7.522      0.069     7.7970     88.613     83.344  77.788427     1.4669      7.664   252.9373 2.1307e+00     2.8042      7.377     10.699    21.7292 0.0000e+00
      7.532      0.084     7.8077     88.480     81.643  75.956144     1.5186      7.663   253.3743 2.1088e+00     2.8931      7.381     10.704    21.6611 0.0000e+00
      7.557      0.089     7.8128     88.220     82.198  76.164328     1.5441      7.660   253.3647 2.0504e+00     2.9088      7.406     10.743    21.6970 0.0000e+00
      7.593      0.086     7.8068     87.946     84.206  77.822565     1.5451      7.658   253.2510 1.9706e+00     2.9032      7.446     10.800    21.7440 0.0000e+00
      7.629      0.080     7.7861     87.706     85.151  78.691841     1.5401      7.654   253.4628 1.9208e+00     2.8555      7.485     10.857    21.6997 0.0000e+00
      7.654      0.073     7.7573     87.476     84.321  78.017821     1.5211      7.649   253.6885 1.9153e+00     2.7596      7.515     10.899    21.5286 0.0000e+00
      7.661      0.063     7.7302     87.220     83.299  77.120975     1.4989      7.644   253.6565 1.9199e+00     2.7201      7.517     10.903    21.3014 0.0000e+00
      7.658      0.049     7.7095     86.973     82.991  76.823640     1.4825      7.640   253.5921 1.9110e+00     2.7146      7.504     10.884    21.1516 0.0000e+00
      7.667      0.038     7.6965     86.801     83.106  76.905231     1.4515      7.637   253.6854 1.8870e+00     2.7541      7.512     10.896    21.1790 0.0000e+00
      7.689      0.036     7.6916     86.732     82.838  76.643450     1.4001      7.636   253.7511 1.8588e+00     2.8617      7.544     10.941    21.2788 0.0000e+00
      7.705      0.044     7.6954     86.745     80.259  74.231276     1.3755      7.633   254.0428 1.8481e+00     2.9479      7.563     10.969    21.3019 0.0000e+00
      7.707      0.059     7.7117     86.740     76.013  70.141118     1.3746      7.629   254.3725 1.8521e+00     3.0331      7.558     10.962    21.2780 0.0000e+00
      7.707      0.072     7.7375     86.563     73.842  67.726645     1.3351      7.626   254.2095 1.8394e+00     3.6163      7.551     10.952    21.2620 0.0000e+00
      7.723      0.082     7.7548     86.158     73.888  67.246041     1.2650      7.626   253.9651 1.7969e+00     4.6584      7.567     10.974    21.2519 0.0000e+00
      7.757      0.095     7.7503     85.618     74.304  67.192494     1.2259      7.625   253.8262 1.7433e+00     5.2272      7.605     11.030    21.2632 0.0000e+00
      7.797      0.109     7.7177     84.914     75.151  67.651220     1.2200      7.623   253.9071 1.7044e+00     5.3353      7.649     11.094    21.2102 0.0000e+00
      7.829      0.118     7.6523     83.863     76.824  68.847356     1.1939      7.618   254.4269 1.6779e+00     6.0273      7.682     11.143    20.8851 0.0000e+00
      7.853      0.118     7.5572     82.365     78.537  69.947231     1.1407      7.614   255.2939 1.6477e+00     7.2774      7.700     11.168    20.4630 0.0000e+00
      7.879      0.112     7.4289     80.480     79.494  70.323277     1.1096      7.609   256.1295 1.6120e+00     7.9369      7.723     11.202    20.1742 0.0000e+00
      7.912      0.107     7.2644     78.357     80.697  71.039182     1.1023      7.603   256.7860 1.5778e+00     8.0200      7.761     11.257    20.0004 0.0000e+00
      7.943      0.104     7.0682     75.995     82.505  72.366383     1.0807      7.596   257.3814 1.5429e+00     8.4649      7.794     11.303    19.8534 0.0000e+00
      7.967      0.098     6.8363     73.221     83.302  72.751815     1.0498      7.587   257.7363 1.5144e+00     9.2571      7.814     11.334    19.5487 0.0000e+00
      7.989      0.086     6.5665     70.094     82.540  71.817218     1.0417      7.577   257.9797 1.5024e+00     9.6645      7.831     11.358    19.1766 0.0000e+00
      8.014      0.073     6.2825     67.019     81.573  70.929691     1.0463      7.565   258.2593 1.4781e+00     9.6982      7.859     11.398    18.9859 0.0000e+00
      8.038      0.065     6.0143     64.259     81.573  71.057137     1.0423      7.551   258.6218 1.4454e+00     9.7858      7.890     11.443    18.8861 0.0000e+00
      8.048      0.064     5.7695     61.702     82.453  71.894762     1.0200      7.536   259.0068 1.4426e+00    10.5712      7.897     11.453    18.6605 0.0000e+00
      8.049      0.066     5.5598     59.392     83.734  72.912064     0.9882      7.522   259.1286 1.4385e+00    11.9924      7.888     11.441    18.4324 0.0000e+00
      8.059      0.067     5.4096     57.641     84.863  73.683990     0.9788      7.510   259.1481 1.4042e+00    12.7782      7.898     11.455    18.4222 0.0000e+00
      8.084      0.066     5.3245     56.586     84.930  73.527188     0.9809      7.499   259.5856 1.3661e+00    12.8092      7.927     11.497    18.5721 0.0000e+00
      8.114      0.063     5.2854     56.096     83.770  72.416008     0.9766      7.488   260.3747 1.3440e+00    12.3362      7.960     11.545    18.6413 0.0000e+00
      8.139      0.054     5.2651     55.941     82.330  71.258343     0.9718      7.479   260.6885 1.3179e+00    11.4849      7.985     11.583    18.5552 0.0000e+00
      8.153      0.039     5.2453     55.909     81.861  71.112107     0.9607      7.469   260.3685 1.2934e+00    11.0006      7.999     11.602    18.4138 0.0000e+00
      8.154      0.025     5.2247     55.854     82.806  72.175499     0.9524      7.458   260.0325 1.3101e+00    10.9665      7.999     11.603    18.2593 0.0000e+00
      8.148      0.019     5.2166     55.783     84.656  73.806844     0.9542      7.445   259.8958 1.3306e+00    11.3461      7.992     11.590    18.1729 0.0000e+00
      8.142      0.024     5.2353     55.851     86.978  75.626469     0.9550      7.430   260.0055 1.3186e+00    12.0516      7.982     11.577    18.2261 0.0000e+00
      8.145      0.037     5.2788     56.115     89.718  77.691813     0.9615      7.415   260.3273 1.3022e+00    12.4470      7.983     11.579    18.4294 0.0000e+00
      8.159      0.052     5.3314     56.445     92.217  79.491510     0.9783      7.401   260.8610 1.2776e+00    12.5555      7.999     11.601    18.6395 0.0000e+00
      8.182      0.065     5.3721     56.655     93.742  80.453158     0.9826      7.388   261.9848 1.2365e+00    13.2419      8.023     11.636    18.6388 0.0000e+00
      8.208      0.075     5.3731     56.517     95.605  81.806671     0.9680      7.374   263.1599 1.1971e+00    14.4591      8.051     11.677    18.4866 0.0000e+00
      8.232      0.084     5.3148     55.828     99.982  85.414659     0.9578      7.357   263.3676 1.1754e+00    15.0953      8.077     11.715    18.3056 0.0000e+00
      8.247      0.089     5.1966     54.474    105.317  89.753720     0.9609      7.340   262.8619 1.1664e+00    15.1668      8.090     11.734    18.1011 0.0000e+00
      8.260      0.089     5.0161     52.384    107.948  91.600635     0.9416      7.325   262.4659 1.1397e+00    15.1404      8.095     11.740    17.8845 0.0000e+00
      8.285      0.087     4.7712     49.633    108.235  91.441035     0.8985      7.312   262.9676 1.0854e+00    15.0205      8.119     11.776    17.7446 0.0000e+00
      8.320      0.084     4.4684     46.370    108.243  91.199537     0.8814      7.299   264.1088 1.0297e+00    14.9679      8.163     11.840    17.7316 0.0000e+00
      8.349      0.082     4.0995     42.490    108.806  91.546841     0.8729      7.284   264.7357 1.0075e+00    14.9314      8.192     11.882    17.6583 0.0000e+00
      8.366      0.084     3.6744     38.040    110.267  92.646191     0.8502      7.264   264.9546 9.9888e-01    14.6399      8.205     11.901    17.4205 0.0000e+00
      8.377      0.089     3.2387     33.450    112.037  93.853366     0.8366      7.241   265.3783 9.7946e-01    14.1607      8.215     11.915    17.2017 0.0000e+00
      8.388      0.094     2.8233     29.028    113.327  94.420832     0.8375      7.219   266.1584 9.4583e-01    13.8977      8.222     11.925    17.1024 0.0000e+00
      8.411      0.096     2.4498     25.045    113.739  94.155411     0.8428      7.202   266.8160 8.8504e-01    13.8099      8.240     11.951    17.0645 0.0000e+00
      8.449      0.093     2.1466     21.860    113.257  93.382785     0.8263      7.189   266.9620 8.1938e-01    13.0074      8.283     12.014    17.0293 0.0000e+00
      8.491      0.086     1.9323     19.680    112.872  93.105526     0.7951      7.179   267.0643 7.7636e-01    11.5197      8.332     12.087    16.9280 0.0000e+00
      8.519      0.078     1.8135     18.504    113.401  93.733581     0.7869      7.168   266.9340 7.7076e-01    10.6845      8.364     12.131    16.6820 0.0000e+00
      8.526      0.068     1.7720     18.069    114.084  94.224065     0.7922      7.158   266.4198 7.9200e-01    10.5688      8.366     12.133    16.3459 0.0000e+00
      8.522      0.054     1.7820     18.118    113.973  93.811998     0.7857      7.149   266.0946 7.8899e-01    10.5171      8.352     12.114    16.1359 0.0000e+00
      8.530      0.041     1.8325     18.601    112.999  92.828028     0.7712      7.142   266.0140 7.5630e-01    10.3344      8.358     12.122    16.2053 0.0000e+00
      8.551      0.038     1.9095     19.411    112.434  92.519442     0.7647      7.133   265.8753 7.3923e-01    10.0389      8.388     12.167    16.3898 0.0000e+00
      8.570      0.048     1.9950     20.322    113.144  93.329983     0.7616      7.122   265.6219 7.3331e-01     9.9039      8.411     12.201    16.3486 0.0000e+00
