Data/DataNotYetUploadedToEDI/Raw_CTD/2018_RawDownloads/101218_ccr50.cnv
* Sea-Bird SBE19plus  Data File:
* FileName = C:\DATA\ccr50_101218_0006.hex
* Software version 2.6.3.104 SB_Terminal.dll
* Temperature SN = 7809
* Conductivity SN = 7809
* System UpLoad Time = Oct 12 2018 15:38:13
* <ApplicationData>
* <Seaterm232>
# nquan = 15
# nvalues = 1310                        
# units = specified
# name 0 = depFM: Depth [fresh water, m]
# name 1 = dz/dtM: Descent Rate [m/s]
# name 2 = sbeox0Mg/L: Oxygen, SBE 43 [mg/l]
# name 3 = sbeox0PS: Oxygen, SBE 43 [% saturation]
# name 4 = specc: Specific Conductance [uS/cm]
# name 5 = c0uS/cm: Conductivity [uS/cm]
# name 6 = flECO-AFL: Fluorescence, WET Labs ECO-AFL/FL [mg/m^3]
# name 7 = ph: pH
# name 8 = orp: Oxidation Reduction Potential [mV]
# name 9 = par/sat/log: PAR/Logarithmic, Satlantic
# name 10 = turbWETntu0: Turbidity, WET Labs ECO [NTU]
# name 11 = prdM: Pressure, Strain Gauge [db]
# name 12 = prdE: Pressure, Strain Gauge [psi]
# name 13 = tv290C: Temperature [ITS-90, deg C]
# name 14 = flag:  0.000e+00
# span 0 =     -0.459,     21.353       
# span 1 =     -0.099,      0.244       
# span 2 =     0.3514,     9.4909       
# span 3 =      3.268,    105.207       
# span 4 =      0.622,    139.038       
# span 5 =   0.524974, 103.095057       
# span 6 =    -0.6442,     1.6345       
# span 7 =      5.280,      9.428       
# span 8 =  -257.5205,  1171.4130       
# span 9 = 1.2547e-01, 2.1322e+03       
# span 10 =    -0.9836,    25.8557      
# span 11 =     -0.452,     20.941      
# span 12 =     -0.654,     30.372      
# span 13 =    12.0692,    22.0883      
# span 14 = 0.0000e+00, 0.0000e+00      
# interval = seconds: 0.25
# start_time = Oct 12 2018 16:01:04 [Instrument's time stamp, header]
# bad_flag = -9.990e-29
*END*
[from data line 97]
      0.231      0.032     6.5023     74.171     85.661  80.272285     0.8423      7.315   227.8152 9.7332e+02     2.8989      0.227      0.329    21.8529 0.0000e+00
      0.246      0.030     6.5045     74.196     85.516  80.136685     0.8369      7.323   227.1174 1.2029e+03     2.8594      0.244      0.354    21.8555 0.0000e+00
      0.255      0.020     6.4990     74.121     85.463  80.072367     0.8385      7.333   226.5492 1.5172e+03     2.7469      0.251      0.364    21.8528 0.0000e+00
      0.260      0.006     6.4861     73.932     85.580  80.131229     0.8527      7.343   226.5376 1.3477e+03     2.6679      0.255      0.369    21.8495 0.0000e+00
      0.260     -0.005     6.4636     73.617     85.810  80.275340     0.8528      7.351   226.9770 1.1063e+03     2.6668      0.259      0.376    21.8493 0.0000e+00
      0.252     -0.009     6.4314     73.203     85.950  80.350469     0.8402      7.356   227.4745 1.0052e+03     2.7028      0.250      0.363    21.8513 0.0000e+00
      0.237     -0.009     6.3970     72.783     85.908  80.275573     0.8383      7.357   227.7335 8.7168e+02     2.7375      0.228      0.332    21.8515 0.0000e+00
      0.230     -0.007     6.3680     72.430     85.786  80.133688     0.8392      7.357   227.7863 9.4730e+02     2.7194      0.220      0.319    21.8178 0.0000e+00
      0.235     -0.003     6.3489     72.191     85.778  80.099147     0.8322      7.360   227.9413 1.3086e+03     2.6671      0.230      0.334    21.7639 0.0000e+00
      0.245      0.005     6.3368     72.034     85.885  80.176209     0.8450      7.365   228.4029 1.6082e+03     2.6543      0.245      0.354    21.7324 0.0000e+00
      0.250      0.013     6.3239     71.873     85.901  80.174143     0.8840      7.368   228.8067 1.7582e+03     2.6868      0.248      0.360    21.7163 0.0000e+00
      0.247      0.017     6.3085     71.687     85.811  80.074143     0.9086      7.371   228.9512 1.8634e+03     2.7244      0.241      0.349    21.7008 0.0000e+00
      0.245      0.019     6.2915     71.482     85.732  79.985684     0.9031      7.375   229.1186 1.6959e+03     2.7432      0.236      0.342    21.6843 0.0000e+00
      0.252      0.019     6.2708     71.236     85.620  79.868524     0.8912      7.376   229.1099 1.4040e+03     2.7313      0.247      0.357    21.6692 0.0000e+00
      0.263      0.018     6.2413     70.889     85.498  79.739797     0.8928      7.376   228.4150 1.2827e+03     2.7025      0.261      0.378    21.6608 0.0000e+00
      0.272      0.010     6.2073     70.456     85.522  79.702474     0.8956      7.380   227.6006 1.1648e+03     2.6695      0.268      0.388    21.6524 0.0000e+00
      0.279     -0.002     6.1813     70.046     85.713  79.735487     0.8980      7.386   227.6947 1.0750e+03     2.6674      0.275      0.398    21.6439 0.0000e+00
      0.281     -0.012     6.1656     69.733     85.920  79.756778     0.9033      7.386   228.2626 1.1470e+03     2.7079      0.281      0.408    21.6350 0.0000e+00
      0.270     -0.017     6.1653     69.643     85.982  79.705013     0.8858      7.382   228.3581 1.3778e+03     2.7314      0.270      0.393    21.6332 0.0000e+00
      0.249     -0.021     6.1908     69.889     85.944  79.618731     0.8527      7.386   228.0748 1.8619e+03     2.7381      0.240      0.348    21.6188 0.0000e+00
      0.237     -0.022     6.2428     70.442     85.974  79.604741     0.8327      7.396   227.7619 2.0668e+03     2.7281      0.223      0.324    21.5162 0.0000e+00
      0.242     -0.017     6.3126     71.187     86.094  79.663122     0.8285      7.407   227.5012 1.4713e+03     2.7017      0.237      0.344    21.3880 0.0000e+00
      0.249     -0.006     6.3876     71.990     86.179  79.687927     0.8291      7.414   227.4173 1.0009e+03     2.6945      0.252      0.365    21.3316 0.0000e+00
      0.244      0.005     6.4567     72.737     86.181  79.649942     0.8304      7.419   227.4365 1.2806e+03     2.7020      0.242      0.350    21.3148 0.0000e+00
      0.236      0.007     6.5110     73.327     86.139  79.585762     0.8349      7.424   227.2163 1.7134e+03     2.7009      0.224      0.325    21.2943 0.0000e+00
      0.241      0.003     6.5494     73.746     86.115  79.548516     0.8389      7.431   226.9920 1.6587e+03     2.6813      0.232      0.336    21.2599 0.0000e+00
      0.253      0.002     6.5799     74.084     86.159  79.581542     0.8507      7.437   227.2196 1.4162e+03     2.6779      0.254      0.367    21.2260 0.0000e+00
      0.258      0.006     6.6050     74.364     86.186  79.603092     0.8762      7.442   227.7310 1.4041e+03     2.6904      0.258      0.374    21.2024 0.0000e+00
      0.250      0.012     6.6208     74.540     86.135  79.554432     0.8982      7.446   228.1854 1.3376e+03     2.7103      0.245      0.355    21.1891 0.0000e+00
      0.242      0.014     6.6236     74.573     86.077  79.502486     0.9065      7.447   228.3257 1.2213e+03     2.7353      0.232      0.337    21.1813 0.0000e+00
      0.246      0.015     6.6096     74.420     86.050  79.484304     0.9030      7.448   228.1372 1.2325e+03     2.7484      0.238      0.345    21.1772 0.0000e+00
      0.259      0.015     6.5777     74.066     86.020  79.461927     0.9021      7.451   227.9704 1.2318e+03     2.7479      0.254      0.368    21.1756 0.0000e+00
      0.272      0.014     6.5305     73.532     85.982  79.422918     0.9042      7.454   227.8575 1.1296e+03     2.7286      0.269      0.391    21.1741 0.0000e+00
      0.279      0.007     6.4709     72.844     85.974  79.394607     0.9015      7.457   227.7186 1.1303e+03     2.6983      0.278      0.403    21.1749 0.0000e+00
      0.277     -0.004     6.4036     72.060     85.987  79.374230     0.8968      7.461   227.7543 1.2314e+03     2.6558      0.273      0.396    21.1792 0.0000e+00
      0.271     -0.012     6.3361     71.279     86.009  79.367471     0.8934      7.465   227.9449 1.2316e+03     2.6733      0.266      0.386    21.1849 0.0000e+00
      0.261     -0.012     6.2714     70.540     86.034  79.376512     0.8968      7.468   228.1306 1.2665e+03     2.7568      0.259      0.375    21.1850 0.0000e+00
      0.250     -0.006     6.2128     69.876     86.019  79.356197     0.9009      7.468   228.1928 1.4529e+03     2.7801      0.244      0.353    21.1719 0.0000e+00
      0.245      0.000     6.1671     69.360     85.975  79.312821     0.8969      7.469   228.1799 1.4099e+03     2.7415      0.235      0.340    21.1482 0.0000e+00
      0.252      0.005     6.1344     68.992     85.958  79.297668     0.9131      7.474   228.3193 1.0181e+03     2.7170      0.244      0.354    21.1307 0.0000e+00
      0.267      0.010     6.1086     68.701     85.961  79.300313     0.9494      7.483   228.6732 8.0135e+02     2.6979      0.263      0.383    21.1250 0.0000e+00
      0.275      0.014     6.0864     68.448     85.945  79.281140     0.9598      7.489   228.9312 1.0315e+03     2.6634      0.276      0.401    21.1220 0.0000e+00
      0.271      0.012     6.0638     68.186     85.929  79.256814     0.9554      7.492   228.9432 1.1840e+03     2.6359      0.268      0.388    21.1197 0.0000e+00
      0.266      0.001     6.0399     67.895     85.964  79.260818     0.9420      7.495   228.9052 1.0120e+03     2.6389      0.255      0.370    21.1209 0.0000e+00
      0.270     -0.015     6.0209     67.628     86.047  79.265866     0.9180      7.500   228.8155 9.5854e+02     2.6692      0.262      0.380    21.1220 0.0000e+00
      0.277     -0.025     6.0113     67.446     86.138  79.254095     0.9129      7.503   228.7192 1.1309e+03     2.6974      0.276      0.401    21.1183 0.0000e+00
      0.272     -0.025     6.0171     67.458     86.206  79.245680     0.9177      7.502   228.8591 1.4413e+03     2.7050      0.275      0.399    21.1140 0.0000e+00
      0.250     -0.020     6.0481     67.785     86.213  79.227675     0.9198      7.497   229.0456 1.7715e+03     2.7006      0.248      0.359    21.1079 0.0000e+00
      0.225     -0.016     6.1106     68.494     86.203  79.227345     0.9200      7.497   228.9084 1.9441e+03     2.7053      0.213      0.308    21.0630 0.0000e+00
      0.220     -0.014     6.2038     69.548     86.206  79.241708     0.9200      7.502   228.6625 1.9670e+03     2.7010      0.204      0.297    20.9898 0.0000e+00
      0.237     -0.008     6.3211     70.852     86.186  79.210371     0.9197      7.509   228.6540 1.7524e+03     2.7094      0.231      0.336    20.9485 0.0000e+00
      0.254      0.002     6.4581     72.367     86.164  79.166740     0.9082      7.512   228.8914 1.3764e+03     2.7764      0.260      0.377    20.9358 0.0000e+00
      0.250      0.008     6.6076     74.030     86.174  79.159743     0.8911      7.512   228.9514 1.2567e+03     2.8698      0.252      0.365    20.9482 0.0000e+00
      0.234      0.003     6.7516     75.624     86.230  79.189411     0.8874      7.515   228.6056 1.3865e+03     2.9232      0.223      0.321    20.9647 0.0000e+00
      0.230     -0.009     6.8691     76.894     86.308  79.207129     0.8905      7.522   228.4101 1.3664e+03     2.9027      0.217      0.314    20.9500 0.0000e+00
      0.242     -0.019     6.9521     77.761     86.358  79.182920     0.8735      7.529   228.6519 1.1340e+03     2.8354      0.240      0.348    20.9303 0.0000e+00
      0.248     -0.019     6.9977     78.227     86.378  79.151242     0.8475      7.534   228.9488 1.1369e+03     2.7512      0.253      0.367    20.9255 0.0000e+00
      0.233     -0.018     7.0047     78.283     86.395  79.142342     0.8430      7.535   229.0743 1.4261e+03     2.7092      0.232      0.336    20.9220 0.0000e+00
      0.213     -0.018     6.9793     77.991     86.402  79.138935     0.8467      7.537   229.0515 1.4875e+03     2.7240      0.202      0.293    20.8865 0.0000e+00
      0.205     -0.016     6.9293     77.429     86.374  79.110037     0.8550      7.540   229.0169 1.2407e+03     2.7773      0.196      0.285    20.8340 0.0000e+00
      0.208     -0.003     6.8622     76.679     86.376  79.111227     0.8786      7.544   229.1720 1.0925e+03     2.8648      0.206      0.299    20.8060 0.0000e+00
      0.210      0.012     6.7862     75.828     86.494  79.216981     0.8936      7.546   229.2060 1.3802e+03     2.8975      0.208      0.301    20.7956 0.0000e+00
      0.212      0.015     6.7096     74.966     86.670  79.370143     0.8894      7.549   228.8254 1.6680e+03     2.8975      0.203      0.294    20.7902 0.0000e+00
      0.222      0.000     6.6410     74.196     86.743  79.435251     0.8742      7.553   228.4429 1.4760e+03     2.8964      0.213      0.309    20.7908 0.0000e+00
      0.242     -0.027     6.5896     73.635     86.652  79.367599     0.8569      7.556   228.4527 1.1021e+03     2.8229      0.242      0.352    20.7890 0.0000e+00
      0.248     -0.055     6.5624     73.341     86.513  79.252451     0.8454      7.560   228.7707 9.4872e+02     2.7405      0.257      0.372    20.7906 0.0000e+00
      0.221     -0.079     6.5574     73.281     86.450  79.188908     0.8357      7.562   228.9333 1.2968e+03     2.6940      0.227      0.329    20.7847 0.0000e+00
      0.170     -0.095     6.5702     73.414     86.445  79.172231     0.8313      7.563   228.8694 1.7287e+03     2.6567      0.165      0.239    20.7749 0.0000e+00
      0.123     -0.099     6.5949     73.685     86.458  79.178112     0.8480      7.563   229.2034 1.6441e+03     2.6564      0.112      0.162    20.7943 0.0000e+00
      0.097     -0.086     6.6256     74.040     86.463  79.196353     0.8814      7.559   229.7882 1.2393e+03     2.6907      0.090      0.131    20.8048 0.0000e+00
      0.084     -0.064     6.6571     74.430     86.421  79.201820     0.9043      7.555   229.8309 7.2332e+02     2.7047      0.082      0.119    20.7954 0.0000e+00
      0.078     -0.044     6.6805     74.750     86.461  79.307932     0.9129      7.557   229.4617 3.3064e+02     2.7037      0.072      0.105    20.7878 0.0000e+00
      0.080     -0.031     6.6899     74.935     86.870  79.779177     0.9127      7.560   229.3677 2.4139e+02     2.7096      0.076      0.111    20.7817 0.0000e+00
      0.082     -0.022     6.6860     75.020     87.357  80.379747     0.9022      7.561   229.3830 5.0792e+02     2.7148      0.087      0.126    20.7852 0.0000e+00
      0.071     -0.016     6.6746     75.080     87.200  80.458024     0.8959      7.563   229.1311 1.1018e+03     2.7353      0.075      0.109    20.8136 0.0000e+00
      0.052     -0.017     6.6649     75.181     86.735  80.280320     0.9005      7.569   228.9893 1.5300e+03     2.7444      0.045      0.065    20.8568 0.0000e+00
      0.046     -0.019     6.6620     75.333     86.830  80.587030     0.9113      7.575   229.1304 1.6306e+03     2.7339      0.035      0.051    20.9002 0.0000e+00
      0.058     -0.014     6.6644     75.498     87.218  81.110859     0.9169      7.576   229.4607 1.6257e+03     2.7295      0.062      0.090    20.9838 0.0000e+00
      0.061     -0.002     6.6714     75.688     87.108  81.138972     0.9131      7.576   229.5408 1.6018e+03     2.7217      0.073      0.105    21.1228 0.0000e+00
      0.046      0.005     6.6882     75.979     87.025  81.181791     0.9113      7.576   229.0668 1.6081e+03     2.7010      0.042      0.060    21.2834 0.0000e+00
      0.039      0.002     6.7270     76.518     87.653  81.883318     0.8863      7.580   228.7205 1.6394e+03     2.6932      0.024      0.035    21.4139 0.0000e+00
      0.054     -0.003     6.8035     77.501     88.232  82.554193     0.8393      7.585   228.8805 1.6633e+03     2.7187      0.054      0.078    21.4995 0.0000e+00
      0.068     -0.001     6.9304     79.080     88.328  82.799387     0.8220      7.588   229.1949 1.6632e+03     2.7340      0.079      0.114    21.5694 0.0000e+00
      0.061      0.004     7.1186     81.355     88.256  82.874386     0.8334      7.587   229.2523 1.6525e+03     2.7260      0.064      0.093    21.6398 0.0000e+00
      0.045      0.001     7.3576     84.173     88.168  82.888165     0.8480      7.589   229.1448 1.6486e+03     2.7134      0.037      0.054    21.7013 0.0000e+00
      0.044     -0.008     7.6076     87.084     88.126  82.902452     0.8522      7.595   229.2715 1.6323e+03     2.6735      0.035      0.051    21.7682 0.0000e+00
      0.055     -0.011     7.8361     89.728     88.115  82.919860     0.8470      7.598   229.4934 1.6240e+03     2.6404      0.058      0.084    21.8683 0.0000e+00
      0.058     -0.006     8.0241     91.897     88.085  82.907676     0.8490      7.598   229.6764 1.6447e+03     2.6480      0.065      0.094    21.9576 0.0000e+00
      0.048     -0.002     8.1574     93.434     88.046  82.882498     0.8671      7.595   229.8501 1.6625e+03     2.6745      0.046      0.066    22.0085 0.0000e+00
      0.038     -0.006     8.2352     94.332     88.025  82.870131     0.8922      7.594   229.8721 1.6745e+03     2.6869      0.030      0.043    22.0359 0.0000e+00
      0.041     -0.012     8.2632     94.655     88.038  82.885491     0.9038      7.596   229.9428 1.6925e+03     2.6753      0.039      0.057    22.0491 0.0000e+00
      0.049     -0.011     8.2499     94.502     88.098  82.940881     0.9061      7.601   230.2738 1.6970e+03     2.6870      0.053      0.077    22.0574 0.0000e+00
      0.047     -0.001     8.2148     94.101     88.125  82.966817     0.9201      7.601   230.6919 1.6695e+03     2.7366      0.051      0.073    22.0631 0.0000e+00
      0.034      0.014     8.1768     93.670     88.097  82.944396     0.9443      7.593   230.9537 1.6486e+03     2.8170      0.034      0.049    22.0677 0.0000e+00
      0.023      0.029     8.1419     93.275     88.069  82.924468     0.9601      7.582   230.9442 1.6643e+03     2.8957      0.015      0.022    22.0688 0.0000e+00
