Data/DataNotYetUploadedToEDI/Raw_CTD/2018_RawDownloads/101218_ccr50.cnv
* Sea-Bird SBE19plus  Data File:
* FileName = C:\DATA\ccr50_101218_0006.hex
* Software version 2.6.3.104 SB_Terminal.dll
* Temperature SN = 7809
* Conductivity SN = 7809
* System UpLoad Time = Oct 12 2018 15:38:13
* <ApplicationData>
* <Seaterm232>
# nquan = 15
# nvalues = 1310                        
# units = specified
# name 0 = depFM: Depth [fresh water, m]
# name 1 = dz/dtM: Descent Rate [m/s]
# name 2 = sbeox0Mg/L: Oxygen, SBE 43 [mg/l]
# name 3 = sbeox0PS: Oxygen, SBE 43 [% saturation]
# name 4 = specc: Specific Conductance [uS/cm]
# name 5 = c0uS/cm: Conductivity [uS/cm]
# name 6 = flECO-AFL: Fluorescence, WET Labs ECO-AFL/FL [mg/m^3]
# name 7 = ph: pH
# name 8 = orp: Oxidation Reduction Potential [mV]
# name 9 = par/sat/log: PAR/Logarithmic, Satlantic
# name 10 = turbWETntu0: Turbidity, WET Labs ECO [NTU]
# name 11 = prdM: Pressure, Strain Gauge [db]
# name 12 = prdE: Pressure, Strain Gauge [psi]
# name 13 = tv290C: Temperature [ITS-90, deg C]
# name 14 = flag:  0.000e+00
# span 0 =     -0.459,     21.353       
# span 1 =     -0.099,      0.244       
# span 2 =     0.3514,     9.4909       
# span 3 =      3.268,    105.207       
# span 4 =      0.622,    139.038       
# span 5 =   0.524974, 103.095057       
# span 6 =    -0.6442,     1.6345       
# span 7 =      5.280,      9.428       
# span 8 =  -257.5205,  1171.4130       
# span 9 = 1.2547e-01, 2.1322e+03       
# span 10 =    -0.9836,    25.8557      
# span 11 =     -0.452,     20.941      
# span 12 =     -0.654,     30.372      
# span 13 =    12.0692,    22.0883      
# span 14 = 0.0000e+00, 0.0000e+00      
# interval = seconds: 0.25
# start_time = Oct 12 2018 16:01:04 [Instrument's time stamp, header]
# bad_flag = -9.990e-29
*END*
[from data line 964]
     14.297      0.054     4.1339     38.972    121.316  91.449126     0.3584      6.623   293.7606 1.2568e-01     4.3538     14.024     20.340    12.6907 0.0000e+00
     14.302      0.049     4.1318     38.952    121.304  91.438596     0.3669      6.622   293.7490 1.2562e-01     4.2713     14.025     20.341    12.6868 0.0000e+00
     14.308      0.042     4.1283     38.917    121.310  91.438683     0.3654      6.620   293.7198 1.2559e-01     4.2251     14.028     20.344    12.6839 0.0000e+00
     14.323      0.037     4.1248     38.884    121.326  91.450169     0.3490      6.620   293.9242 1.2563e-01     4.2222     14.045     20.370    12.6847 0.0000e+00
     14.341      0.039     4.1213     38.852    121.322  91.450074     0.3349      6.619   294.0694 1.2567e-01     4.2053     14.069     20.406    12.6886 0.0000e+00
     14.349      0.047     4.1179     38.820    121.307  91.437536     0.3419      6.618   293.9264 1.2568e-01     4.1742     14.077     20.417    12.6880 0.0000e+00
     14.348      0.055     4.1161     38.800    121.301  91.425963     0.3505      6.617   293.8309 1.2564e-01     4.1817     14.066     20.401    12.6837 0.0000e+00
     14.355      0.063     4.1157     38.793    121.330  91.437536     0.3467      6.617   293.9465 1.2559e-01     4.2045     14.068     20.405    12.6841 0.0000e+00
     14.380      0.074     4.1165     38.798    121.359  91.450057     0.3420      6.616   294.1199 1.2556e-01     4.2052     14.100     20.450    12.6867 0.0000e+00
     14.411      0.092     4.1175     38.803    121.370  91.449945     0.3401      6.614   294.2059 1.2558e-01     4.1907     14.137     20.503    12.6865 0.0000e+00
     14.434      0.108     4.1195     38.818    121.366  91.436162     0.3421      6.614   294.2130 1.2559e-01     4.1816     14.156     20.532    12.6828 0.0000e+00
     14.455      0.114     4.1246     38.863    121.346  91.410797     0.3476      6.614   294.2060 1.2560e-01     4.1858     14.170     20.552    12.6774 0.0000e+00
     14.489      0.110     4.1313     38.923    121.337  91.398040     0.3511      6.614   294.1208 1.2562e-01     4.1812     14.205     20.602    12.6746 0.0000e+00
     14.530      0.104     4.1392     38.996    121.357  91.409309     0.3480      6.614   294.1297 1.2563e-01     4.1864     14.254     20.673    12.6716 0.0000e+00
     14.563      0.101     4.1511     39.108    121.375  91.419648     0.3463      6.614   294.3127 1.2567e-01     4.2179     14.288     20.724    12.6663 0.0000e+00
     14.580      0.099     4.1646     39.234    121.348  91.395641     0.3489      6.614   294.4414 1.2570e-01     4.2272     14.301     20.741    12.6619 0.0000e+00
     14.591      0.094     4.1753     39.332    121.327  91.373826     0.3524      6.614   294.5675 1.2570e-01     4.2072     14.306     20.748    12.6594 0.0000e+00
     14.610      0.086     4.1844     39.416    121.383  91.410678     0.3523      6.613   294.7185 1.2571e-01     4.2198     14.321     20.772    12.6584 0.0000e+00
     14.641      0.080     4.1929     39.495    121.448  91.459017     0.3469      6.613   294.7179 1.2569e-01     4.2884     14.356     20.823    12.6573 0.0000e+00
     14.674      0.080     4.1979     39.545    121.427  91.448689     0.3428      6.613   294.5607 1.2563e-01     4.3653     14.396     20.880    12.6556 0.0000e+00
     14.695      0.081     4.1962     39.531    121.372  91.413204     0.3402      6.612   294.4520 1.2560e-01     4.4173     14.417     20.910    12.6531 0.0000e+00
     14.701      0.077     4.1892     39.464    121.373  91.412180     0.3425      6.611   294.4359 1.2564e-01     4.4590     14.415     20.908    12.6497 0.0000e+00
     14.711      0.065     4.1795     39.371    121.411  91.436303     0.3520      6.611   294.5381 1.2569e-01     4.5336     14.419     20.913    12.6491 0.0000e+00
     14.736      0.050     4.1681     39.266    121.423  91.450067     0.3635      6.611   294.8278 1.2575e-01     4.6179     14.449     20.957    12.6528 0.0000e+00
     14.765      0.041     4.1559     39.157    121.406  91.451203     0.3709      6.611   295.0136 1.2574e-01     4.6544     14.487     21.012    12.6571 0.0000e+00
     14.776      0.039     4.1434     39.043    121.391  91.450061     0.3682      6.610   294.9773 1.2570e-01     4.6388     14.499     21.029    12.6554 0.0000e+00
     14.768      0.040     4.1314     38.928    121.376  91.436268     0.3582      6.610   294.9048 1.2571e-01     4.6129     14.481     21.002    12.6506 0.0000e+00
     14.762      0.042     4.1235     38.850    121.355  91.411824     0.3512      6.610   294.8262 1.2572e-01     4.6162     14.467     20.983    12.6524 0.0000e+00
     14.772      0.051     4.1208     38.822    121.362  91.409299     0.3482      6.609   294.8011 1.2568e-01     4.6167     14.481     21.003    12.6614 0.0000e+00
     14.795      0.067     4.1183     38.797    121.365  91.405731     0.3483      6.608   294.8596 1.2563e-01     4.5584     14.508     21.043    12.6673 0.0000e+00
     14.820      0.087     4.1157     38.770    121.326  91.368671     0.3526      6.607   294.9310 1.2562e-01     4.4599     14.536     21.082    12.6644 0.0000e+00
     14.845      0.099     4.1142     38.750    121.310  91.343392     0.3548      6.607   294.9757 1.2561e-01     4.4027     14.558     21.114    12.6593 0.0000e+00
     14.871      0.100     4.1105     38.709    121.346  91.354868     0.3558      6.609   295.0558 1.2561e-01     4.3860     14.580     21.147    12.6562 0.0000e+00
     14.901      0.095     4.1045     38.650    121.393  91.380015     0.3471      6.610   295.2116 1.2563e-01     4.3186     14.613     21.194    12.6546 0.0000e+00
     14.932      0.091     4.0970     38.579    121.413  91.392631     0.3322      6.609   295.2250 1.2566e-01     4.1674     14.648     21.244    12.6523 0.0000e+00
     14.953      0.089     4.0819     38.436    121.398  91.380006     0.3416      6.609   295.0455 1.2571e-01     4.0224     14.668     21.273    12.6461 0.0000e+00
     14.966      0.089     4.0610     38.238    121.369  91.354755     0.3587      6.609   294.9336 1.2570e-01     3.9695     14.675     21.283    12.6381 0.0000e+00
     14.981      0.091     4.0456     38.091    121.360  91.342123     0.3562      6.609   294.9913 1.2558e-01     3.9558     14.687     21.302    12.6336 0.0000e+00
     15.006      0.095     4.0344     37.983    121.384  91.354654     0.3384      6.609   295.1410 1.2551e-01     3.8259     14.714     21.342    12.6335 0.0000e+00
     15.035      0.097     4.0231     37.875    121.422  91.378860     0.3086      6.609   295.1945 1.2553e-01     3.6192     14.744     21.385    12.6342 0.0000e+00
     15.066      0.097     4.0134     37.783    121.427  91.380000     0.2897      6.609   295.1223 1.2560e-01     3.5322     14.772     21.425    12.6323 0.0000e+00
     15.096      0.095     4.0046     37.701    121.412  91.368428     0.2853      6.609   295.1287 1.2568e-01     3.5066     14.807     21.475    12.6294 0.0000e+00
     15.121      0.092     3.9976     37.635    121.407  91.366342     0.2916      6.609   295.1856 1.2569e-01     3.4317     14.835     21.515    12.6270 0.0000e+00
     15.135      0.087     3.9942     37.604    121.388  91.354769     0.3199      6.608   295.2072 1.2567e-01     3.3589     14.843     21.528    12.6249 0.0000e+00
     15.149      0.081     3.9909     37.574    121.386  91.355909     0.3430      6.607   295.2181 1.2564e-01     3.3591     14.851     21.539    12.6241 0.0000e+00
     15.173      0.074     3.9855     37.524    121.416  91.380124     0.3498      6.607   295.2311 1.2564e-01     3.4026     14.878     21.577    12.6241 0.0000e+00
     15.201      0.071     3.9827     37.499    121.428  91.392757     0.3378      6.607   295.2785 1.2567e-01     3.3976     14.910     21.625    12.6249 0.0000e+00
     15.221      0.073     3.9810     37.484    121.408  91.381261     0.3079      6.607   295.4465 1.2561e-01     3.3600     14.931     21.655    12.6266 0.0000e+00
     15.232      0.081     3.9799     37.474    121.386  91.368530     0.2926      6.606   295.6288 1.2554e-01     3.3443     14.939     21.667    12.6273 0.0000e+00
     15.241      0.091     3.9820     37.494    121.385  91.366225     0.2904      6.605   295.5893 1.2553e-01     3.3600     14.943     21.673    12.6279 0.0000e+00
     15.258      0.100     3.9836     37.507    121.377  91.353382     0.2902      6.605   295.4850 1.2554e-01     3.3979     14.956     21.693    12.6292 0.0000e+00
     15.290      0.107     3.9850     37.517    121.370  91.340633     0.2992      6.604   295.4860 1.2554e-01     3.4666     14.989     21.740    12.6311 0.0000e+00
     15.335      0.111     3.9871     37.535    121.371  91.339465     0.2989      6.604   295.6019 1.2554e-01     3.5501     15.040     21.813    12.6335 0.0000e+00
     15.377      0.113     3.9870     37.535    121.371  91.339255     0.2856      6.605   295.9403 1.2558e-01     3.6131     15.087     21.882    12.6330 0.0000e+00
     15.402      0.113     3.9865     37.531    121.372  91.338097     0.2955      6.605   296.2210 1.2564e-01     3.6182     15.110     21.914    12.6290 0.0000e+00
     15.415      0.108     3.9885     37.547    121.362  91.325462     0.3265      6.605   296.1572 1.2568e-01     3.5512     15.114     21.921    12.6253 0.0000e+00
     15.433      0.101     3.9907     37.565    121.355  91.313882     0.3483      6.604   296.0292 1.2571e-01     3.5042     15.128     21.941    12.6246 0.0000e+00
     15.464      0.095     3.9913     37.569    121.376  91.325465     0.3558      6.604   296.0499 1.2572e-01     3.5077     15.162     21.992    12.6258 0.0000e+00
     15.500      0.095     3.9898     37.555    121.396  91.338100     0.3538      6.605   296.1501 1.2572e-01     3.5332     15.205     22.052    12.6252 0.0000e+00
     15.529      0.099     3.9870     37.528    121.397  91.339258     0.3508      6.605   296.2075 1.2569e-01     3.5687     15.234     22.096    12.6222 0.0000e+00
     15.545      0.098     3.9847     37.506    121.398  91.339467     0.3476      6.605   296.2273 1.2562e-01     3.5703     15.245     22.111    12.6193 0.0000e+00
     15.560      0.088     3.9806     37.466    121.407  91.340616     0.3426      6.606   296.2177 1.2558e-01     3.5524     15.253     22.122    12.6178 0.0000e+00
     15.587      0.073     3.9725     37.390    121.424  91.353141     0.3276      6.606   296.1777 1.2558e-01     3.5354     15.281     22.163    12.6165 0.0000e+00
     15.620      0.063     3.9644     37.316    121.425  91.363521     0.3037      6.605   296.1736 1.2564e-01     3.5170     15.324     22.224    12.6173 0.0000e+00
     15.640      0.060     3.9562     37.243    121.377  91.338724     0.2932      6.603   296.0821 1.2570e-01     3.5440     15.346     22.258    12.6180 0.0000e+00
     15.640      0.065     3.9483     37.170    121.333  91.308137     0.2831      6.602   296.0184 1.2564e-01     3.5873     15.337     22.246    12.6136 0.0000e+00
     15.635      0.072     3.9439     37.125    121.349  91.312197     0.2736      6.602   296.0914 1.2557e-01     3.5823     15.324     22.227    12.6125 0.0000e+00
     15.647      0.082     3.9404     37.088    121.385  91.324094     0.2981      6.602   296.1908 1.2559e-01     3.6671     15.337     22.243    12.6181 0.0000e+00
     15.681      0.092     3.9368     37.050    121.405  91.324560     0.3396      6.603   296.3596 1.2563e-01     3.8805     15.375     22.299    12.6246 0.0000e+00
     15.725      0.102     3.9357     37.036    121.409  91.317811     0.3529      6.603   296.4978 1.2561e-01     3.9956     15.423     22.369    12.6265 0.0000e+00
     15.763      0.108     3.9350     37.027    121.399  91.306182     0.3482      6.602   296.5709 1.2560e-01     3.9910     15.465     22.430    12.6218 0.0000e+00
     15.787      0.110     3.9317     36.993    121.415  91.311353     0.3473      6.602   296.5549 1.2563e-01     3.9770     15.486     22.461    12.6144 0.0000e+00
     15.799      0.108     3.9282     36.957    121.438  91.316624     0.3504      6.602   296.3900 1.2566e-01     3.9782     15.490     22.467    12.6074 0.0000e+00
     15.816      0.103     3.9249     36.922    121.442  91.306192     0.3594      6.603   296.2120 1.2565e-01     4.0055     15.502     22.485    12.6035 0.0000e+00
     15.848      0.098     3.9201     36.874    121.462  91.312600     0.3635      6.604   296.1241 1.2561e-01     4.0330     15.538     22.536    12.6031 0.0000e+00
     15.888      0.093     3.9162     36.836    121.488  91.330400     0.3640      6.604   296.1873 1.2563e-01     3.9747     15.584     22.602    12.6016 0.0000e+00
     15.920      0.093     3.9156     36.831    121.485  91.330300     0.3642      6.604   296.3734 1.2564e-01     3.8202     15.619     22.653    12.5951 0.0000e+00
     15.937      0.097     3.9147     36.824    121.456  91.311405     0.3574      6.603   296.5681 1.2564e-01     3.7202     15.634     22.675    12.5886 0.0000e+00
     15.944      0.100     3.9128     36.805    121.434  91.293036     0.3461      6.601   296.6487 1.2563e-01     3.7118     15.635     22.675    12.5853 0.0000e+00
     15.957      0.100     3.9134     36.808    121.449  91.299297     0.3377      6.600   296.6593 1.2563e-01     3.7795     15.640     22.684    12.5844 0.0000e+00
     15.990      0.094     3.9157     36.828    121.487  91.323400     0.3384      6.600   296.6960 1.2563e-01     3.8976     15.672     22.731    12.5862 0.0000e+00
     16.039      0.082     3.9191     36.860    121.494  91.329660     0.3464      6.600   296.7485 1.2566e-01     3.9506     15.731     22.816    12.5883 0.0000e+00
     16.079      0.066     3.9252     36.920    121.462  91.311290     0.3514      6.600   296.8635 1.2568e-01     3.9311     15.781     22.887    12.5871 0.0000e+00
     16.091      0.050     3.9333     36.999    121.427  91.292395     0.3339      6.600   297.0544 1.2560e-01     3.8148     15.791     22.902    12.5840 0.0000e+00
     16.077      0.035     3.9414     37.076    121.421  91.292300     0.3003      6.600   297.1639 1.2555e-01     3.6437     15.768     22.869    12.5819 0.0000e+00
     16.060      0.025     3.9498     37.155    121.446  91.310141     0.2848      6.600   297.0686 1.2563e-01     3.5705     15.742     22.832    12.5821 0.0000e+00
     16.062      0.022     3.9564     37.217    121.460  91.317019     0.2845      6.601   297.0216 1.2572e-01     3.5403     15.743     22.833    12.5852 0.0000e+00
     16.083      0.028     3.9597     37.248    121.453  91.311754     0.2974      6.601   297.0254 1.2569e-01     3.5220     15.770     22.873    12.5888 0.0000e+00
     16.108      0.038     3.9626     37.276    121.446  91.310178     0.3299      6.601   296.8563 1.2563e-01     3.5638     15.801     22.918    12.5909 0.0000e+00
     16.122      0.048     3.9646     37.296    121.426  91.297970     0.3556      6.601   296.6974 1.2566e-01     3.5883     15.816     22.938    12.5903 0.0000e+00
     16.122      0.055     3.9646     37.295    121.420  91.291549     0.3604      6.601   296.6529 1.2571e-01     3.5729     15.811     22.931    12.5879 0.0000e+00
     16.122      0.061     3.9656     37.303    121.434  91.296235     0.3517      6.600   296.7488 1.2569e-01     3.5305     15.805     22.922    12.5871 0.0000e+00
     16.137      0.068     3.9683     37.326    121.436  91.290925     0.3426      6.600   297.0821 1.2567e-01     3.5044     15.821     22.946    12.5898 0.0000e+00
     16.165      0.076     3.9702     37.341    121.445  91.291025     0.3411      6.601   297.3272 1.2564e-01     3.5314     15.852     22.991    12.5921 0.0000e+00
     16.195      0.079     3.9723     37.360    121.461  91.297443     0.3435      6.601   297.2179 1.2563e-01     3.5515     15.882     23.035    12.5907 0.0000e+00
     16.224      0.078     3.9761     37.395    121.473  91.304813     0.3529      6.600   297.1371 1.2566e-01     3.5636     15.912     23.079    12.5878 0.0000e+00
