Data/DataNotYetUploadedToEDI/Raw_CTD/2018_RawDownloads/101218_ccr50.cnv
* Sea-Bird SBE19plus  Data File:
* FileName = C:\DATA\ccr50_101218_0006.hex
* Software version 2.6.3.104 SB_Terminal.dll
* Temperature SN = 7809
* Conductivity SN = 7809
* System UpLoad Time = Oct 12 2018 15:38:13
* <ApplicationData>
* <Seaterm232>
# nquan = 15
# nvalues = 1310                        
# units = specified
# name 0 = depFM: Depth [fresh water, m]
# name 1 = dz/dtM: Descent Rate [m/s]
# name 2 = sbeox0Mg/L: Oxygen, SBE 43 [mg/l]
# name 3 = sbeox0PS: Oxygen, SBE 43 [% saturation]
# name 4 = specc: Specific Conductance [uS/cm]
# name 5 = c0uS/cm: Conductivity [uS/cm]
# name 6 = flECO-AFL: Fluorescence, WET Labs ECO-AFL/FL [mg/m^3]
# name 7 = ph: pH
# name 8 = orp: Oxidation Reduction Potential [mV]
# name 9 = par/sat/log: PAR/Logarithmic, Satlantic
# name 10 = turbWETntu0: Turbidity, WET Labs ECO [NTU]
# name 11 = prdM: Pressure, Strain Gauge [db]
# name 12 = prdE: Pressure, Strain Gauge [psi]
# name 13 = tv290C: Temperature [ITS-90, deg C]
# name 14 = flag:  0.000e+00
# span 0 =     -0.459,     21.353       
# span 1 =     -0.099,      0.244       
# span 2 =     0.3514,     9.4909       
# span 3 =      3.268,    105.207       
# span 4 =      0.622,    139.038       
# span 5 =   0.524974, 103.095057       
# span 6 =    -0.6442,     1.6345       
# span 7 =      5.280,      9.428       
# span 8 =  -257.5205,  1171.4130       
# span 9 = 1.2547e-01, 2.1322e+03       
# span 10 =    -0.9836,    25.8557      
# span 11 =     -0.452,     20.941      
# span 12 =     -0.654,     30.372      
# span 13 =    12.0692,    22.0883      
# span 14 = 0.0000e+00, 0.0000e+00      
# interval = seconds: 0.25
# start_time = Oct 12 2018 16:01:04 [Instrument's time stamp, header]
# bad_flag = -9.990e-29
*END*
     -0.459 6.9644e-14     9.4875     98.607      0.624   0.527262     0.3420      5.280   422.0706 1.2022e+02    10.8278     -0.450     -0.653    17.2170 0.0000e+00
     -0.459 7.6609e-13     9.4861     98.590      0.622   0.524974     0.3310      5.437    22.8094 1.0622e+02    11.0875     -0.450     -0.653    17.2198 0.0000e+00
     -0.459 8.4270e-12     9.4849     98.578      0.635   0.536391     0.3325      5.880  -257.5205 1.0046e+02    10.8775     -0.450     -0.653    17.2203 0.0000e+00
     -0.459 9.2697e-11     9.4849     98.583      0.637   0.538479     0.3971      6.376   138.9871 1.0267e+02     7.8625     -0.450     -0.653    17.2169 0.0000e+00
     -0.459 1.0197e-09     9.4863     98.603      0.651   0.550218     0.4960      6.972   501.3933 1.0477e+02     2.2829     -0.450     -0.653    17.2137 0.0000e+00
     -0.459 1.1216e-08     9.4872     98.614      0.653   0.551501     0.5449      7.817   384.9497 1.0252e+02    -0.7684     -0.450     -0.652    17.2121 0.0000e+00
     -0.459 1.2338e-07     9.4869     98.607      0.656   0.553987     0.5473      8.616   260.8548 9.3957e+01    -0.9836     -0.450     -0.653    17.2134 0.0000e+00
     -0.459      0.000     9.4878     98.610      0.688   0.580286     0.5258      9.085   218.8582 8.6120e+01    -0.3188     -0.450     -0.653    17.2152 0.0000e+00
     -0.459      0.000     9.4895     98.624      0.730   0.615829     0.4867      9.307   116.1897 8.7288e+01     0.9522     -0.450     -0.653    17.2191 0.0000e+00
     -0.459      0.000     9.4909     98.639      0.865   0.730082     0.4605      9.428   -57.2999 1.2280e+02     1.6570     -0.450     -0.653    17.2194 0.0000e+00
     -0.459      0.002     9.4898     98.641      1.717   1.454396     0.4295      9.056  -236.6447 3.4452e+02     1.7028     -0.450     -0.653    17.2192 0.0000e+00
     -0.459      0.010     9.4759     98.619     10.289   8.739313     0.1583      7.978    38.9315 7.8592e+02     1.3238     -0.450     -0.653    17.2115 0.0000e+00
     -0.459      0.029     9.4169     98.610     28.425  24.338494    -0.3376      6.949   772.4749 1.1771e+03     0.6138     -0.450     -0.653    17.2155 0.0000e+00
     -0.458      0.054     9.2962     98.636     51.577  44.856616    -0.6130      6.445  1171.4130 1.4092e+03     0.3208     -0.451     -0.652    17.2058 0.0000e+00
     -0.452      0.082     9.1566     98.666     75.048  66.227481    -0.6442      6.338   944.7469 1.5536e+03     0.9242     -0.452     -0.654    17.2231 0.0000e+00
     -0.425      0.112     9.0393     98.676     86.783  77.482934    -0.6411      6.423   464.8924 1.6255e+03     7.4517     -0.429     -0.622    17.1993 0.0000e+00
     -0.378      0.142     8.9497     98.683     88.239  79.639397    -0.6221      6.520   206.1440 1.6648e+03    19.3990     -0.368     -0.534    17.3991 0.0000e+00
     -0.330      0.175     8.8802     98.703     88.716  80.779867    -0.6062      6.582   186.6239 1.6999e+03    25.8380     -0.320     -0.463    18.1936 0.0000e+00
     -0.290      0.205     8.8247     98.756     88.663  81.341842    -0.5782      6.613   187.5769 1.7239e+03    25.8557     -0.287     -0.416    19.0366 0.0000e+00
     -0.243      0.229     8.7856     98.873     88.043  81.278183    -0.2099      6.633   191.8553 1.7329e+03    20.0707     -0.244     -0.354    19.6614 0.0000e+00
     -0.182      0.243     8.7678     99.079     87.168  80.838496     0.4835      6.652   196.0223 1.7354e+03     9.3912     -0.184     -0.266    20.1582 0.0000e+00
     -0.107      0.244     8.7749     99.421     86.529  80.482693     0.8668      6.668   199.0700 1.5879e+03     3.5434     -0.108     -0.155    20.5318 0.0000e+00
     -0.026      0.227     8.8054     99.901     86.259  80.350747     0.9041      6.683   201.7743 1.4273e+03     3.0162     -0.026     -0.037    20.8866 0.0000e+00
      0.049      0.194     8.8486    100.431     86.195  80.325579     0.9076      6.699   204.4571 1.4268e+03     2.9858      0.056      0.082    21.1840 0.0000e+00
      0.101      0.149     8.8945    100.956     86.238  80.369429     0.9180      6.713   207.3302 1.4029e+03     2.9018      0.112      0.161    21.3909 0.0000e+00
      0.123      0.100     8.9366    101.445     86.365  80.498952     0.9384      6.724   209.4104 1.2078e+03     2.7633      0.128      0.184    21.5239 0.0000e+00
      0.125      0.057     8.9687    101.833     86.540  80.682033     0.9523      6.735   210.1640 7.4719e+02     2.7163      0.122      0.177    21.5913 0.0000e+00
      0.122      0.026     8.9909    102.113     86.640  80.800491     0.9563      6.747   210.7640 3.7674e+02     2.7288      0.117      0.170    21.5943 0.0000e+00
      0.122      0.011     9.0062    102.315     86.666  80.848964     0.9599      6.759   211.9330 2.7633e+02     2.7315      0.119      0.172    21.5892 0.0000e+00
      0.123      0.007     9.0223    102.522     86.751  80.949819     0.9684      6.772   213.5429 3.2629e+02     2.7189      0.120      0.175    21.5964 0.0000e+00
      0.126      0.007     9.0793    103.185     86.929  81.128653     0.9774      6.784   215.6024 6.5145e+02     2.6988      0.122      0.178    21.6094 0.0000e+00
      0.130      0.006     9.1852    104.395     87.099  81.292288     0.9755      6.796   217.2172 9.9840e+02     2.7021      0.128      0.186    21.6250 0.0000e+00
      0.135      0.004     9.2559    105.207     87.206  81.400346     0.9641      6.807   217.5799 9.4778e+02     2.6668      0.135      0.195    21.6387 0.0000e+00
      0.135      0.003     9.2180    104.790     87.279  81.480186     0.9592      6.817   218.0954 7.4990e+02     2.5774      0.134      0.194    21.6533 0.0000e+00
      0.132      0.003     9.0656    103.070     87.281  81.493648     0.9614      6.827   219.0614 9.3518e+02     2.5364      0.130      0.188    21.6609 0.0000e+00
      0.129      0.003     8.8224    100.321     87.203  81.435795     0.9637      6.838   219.2799 1.3764e+03     2.5369      0.125      0.182    21.6602 0.0000e+00
      0.129      0.002     8.5224     96.935     87.159  81.417382     0.9776      6.851   219.2740 1.7516e+03     2.5543      0.124      0.180    21.6646 0.0000e+00
      0.134      0.000     8.2009     93.305     87.110  81.398387     1.0096      6.865   220.1088 1.8463e+03     2.6245      0.130      0.189    21.6738 0.0000e+00
      0.141     -0.001     7.8802     89.680     86.879  81.206160     1.0388      6.877   221.4572 1.3177e+03     2.6835      0.140      0.205    21.6788 0.0000e+00
      0.141     -0.001     7.5877     86.370     86.574  80.939517     1.0455      6.890   222.7573 5.7776e+02     2.6879      0.142      0.205    21.6856 0.0000e+00
      0.133     -0.002     7.3653     83.852     86.460  80.848405     1.0540      6.902   223.7838 3.4686e+02     2.7084      0.129      0.187    21.7001 0.0000e+00
      0.127     -0.002     7.2250     82.264     86.540  80.932198     1.0862      6.912   224.4043 5.2904e+02     2.7474      0.122      0.176    21.7171 0.0000e+00
      0.127     -0.001     7.1429     81.330     86.677  81.061360     1.1045      6.922   224.7533 5.8971e+02     2.7632      0.124      0.180    21.7300 0.0000e+00
      0.130      0.000     7.0964     80.794     86.833  81.200459     1.1001      6.933   224.7334 3.8334e+02     2.7471      0.128      0.186    21.7414 0.0000e+00
      0.134      0.003     7.0712     80.498     86.995  81.340713     1.0977      6.943   224.7658 2.4981e+02     2.7054      0.131      0.191    21.7503 0.0000e+00
      0.136      0.004     7.0521     80.272     87.091  81.420163     1.0942      6.952   225.4899 3.6848e+02     2.6859      0.136      0.197    21.7562 0.0000e+00
      0.136      0.003     7.0307     80.024     87.071  81.397072     1.0945      6.959   226.6050 6.5048e+02     2.6941      0.135      0.197    21.7574 0.0000e+00
      0.133      0.000     7.0052     79.739     86.978  81.316170     1.1013      6.967   227.1490 7.1443e+02     2.7129      0.129      0.186    21.7519 0.0000e+00
      0.133     -0.004     6.9729     79.381     86.985  81.333321     1.1022      6.977   226.9049 4.7327e+02     2.7304      0.129      0.185    21.7456 0.0000e+00
      0.137     -0.005     6.9379     78.988     87.131  81.477125     1.0961      6.987   226.8369 5.4370e+02     2.7529      0.135      0.196    21.7379 0.0000e+00
      0.137     -0.003     6.9084     78.655     87.181  81.526918     1.0921      6.993   227.1880 8.7119e+02     2.7707      0.138      0.200    21.7341 0.0000e+00
      0.131     -0.001     6.8887     78.435     87.068  81.426031     1.0911      6.997   227.4496 9.2757e+02     2.7318      0.129      0.186    21.7386 0.0000e+00
      0.124     -0.002     6.8818     78.368     87.029  81.403311     1.0929      7.003   227.5910 8.6831e+02     2.6799      0.116      0.169    21.7470 0.0000e+00
      0.128     -0.003     6.8865     78.433     87.126  81.506900     1.0670      7.014   227.8657 9.3183e+02     2.6929      0.123      0.178    21.7526 0.0000e+00
      0.135      0.000     6.8928     78.510     87.147  81.532536     1.0082      7.025   228.2759 1.0432e+03     2.7355      0.137      0.200    21.7512 0.0000e+00
      0.135      0.005     6.8924     78.509     87.065  81.458625     0.9796      7.034   228.7646 1.0876e+03     2.7384      0.135      0.195    21.7524 0.0000e+00
      0.130      0.009     6.8879     78.463     86.972  81.377246     0.9779      7.040   229.3006 1.2599e+03     2.7283      0.124      0.180    21.7625 0.0000e+00
      0.129      0.009     6.8823     78.407     86.893  81.312592     0.9509      7.044   229.4213 1.4993e+03     2.7654      0.124      0.180    21.7726 0.0000e+00
      0.135      0.008     6.8717     78.293     86.885  81.313570     0.9114      7.049   229.0197 1.5064e+03     2.8516      0.132      0.192    21.7742 0.0000e+00
      0.142      0.006     6.8587     78.150     86.960  81.389089     0.8950      7.059   228.7473 1.5904e+03     2.9151      0.142      0.204    21.7741 0.0000e+00
      0.147      0.006     6.8560     78.120     87.035  81.461689     0.9004      7.071   228.7950 1.7925e+03     2.9234      0.146      0.212    21.7781 0.0000e+00
      0.147      0.009     6.8712     78.293     87.000  81.427387     0.9118      7.081   228.7361 1.7915e+03     2.9215      0.147      0.214    21.7845 0.0000e+00
      0.142      0.016     6.9006     78.628     86.651  81.101682     0.9137      7.085   228.2931 1.6255e+03     2.9220      0.139      0.202    21.7888 0.0000e+00
      0.137      0.029     6.9316     78.989     86.083  80.579520     0.9045      7.085   227.6548 1.4157e+03     2.8992      0.130      0.188    21.7927 0.0000e+00
      0.142      0.044     6.9533     79.242     85.883  80.398139     0.9024      7.089   227.2134 1.2297e+03     2.8601      0.135      0.194    21.7941 0.0000e+00
      0.160      0.056     6.9607     79.309     86.217  80.691243     0.8966      7.099   227.0004 1.0919e+03     2.8456      0.154      0.223    21.7923 0.0000e+00
      0.189      0.062     6.9517     79.183     86.716  81.131184     0.8716      7.112   226.6274 1.2809e+03     2.8761      0.186      0.270    21.7895 0.0000e+00
      0.216      0.062     6.9315     78.942     87.071  81.451859     0.8484      7.127   225.8872 1.6465e+03     2.9231      0.216      0.313    21.7976 0.0000e+00
      0.234      0.054     6.9096     78.701     87.126  81.512522     0.8459      7.139   225.1927 1.6647e+03     2.9264      0.234      0.338    21.8103 0.0000e+00
      0.242      0.039     6.8923     78.526     86.999  81.419005     0.8680      7.150   225.0272 1.5479e+03     2.8553      0.240      0.348    21.7924 0.0000e+00
      0.244      0.024     6.8829     78.448     86.879  81.339856     0.8953      7.162   225.1756 1.3395e+03     2.7338      0.237      0.344    21.7693 0.0000e+00
      0.247      0.014     6.8844     78.488     86.692  81.192246     0.8998      7.174   225.4383 1.0405e+03     2.6488      0.241      0.350    21.7642 0.0000e+00
      0.249      0.008     6.8931     78.605     86.435  80.971283     0.8868      7.183   226.1389 9.6495e+02     2.6509      0.247      0.358    21.7695 0.0000e+00
      0.248      0.005     6.8999     78.699     86.404  80.960183     0.8850      7.192   227.1077 9.2441e+02     2.6974      0.241      0.349    21.7867 0.0000e+00
      0.250      0.003     6.8959     78.667     86.628  81.185396     0.8959      7.200   227.6877 8.6804e+02     2.7542      0.243      0.353    21.8081 0.0000e+00
      0.254      0.001     6.8759     78.448     86.849  81.402387     0.8993      7.207   227.7316 9.1133e+02     2.7887      0.253      0.367    21.8246 0.0000e+00
      0.253      0.002     6.8438     78.083     86.933  81.482843     0.9076      7.216   227.7244 1.3047e+03     2.7790      0.250      0.362    21.8342 0.0000e+00
      0.249      0.005     6.8070     77.661     86.705  81.266860     0.9040      7.223   227.7720 1.8092e+03     2.7899      0.243      0.352    21.8448 0.0000e+00
      0.247      0.005     6.7691     77.231     86.233  80.828229     0.8648      7.228   227.7053 1.6390e+03     2.8580      0.241      0.350    21.8547 0.0000e+00
      0.250      0.003     6.7329     76.830     86.013  80.635953     0.8379      7.231   227.9511 1.3188e+03     2.9005      0.242      0.351    21.8607 0.0000e+00
      0.257     -0.002     6.6951     76.409     86.163  80.788385     0.8368      7.235   228.4205 1.3080e+03     2.9070      0.251      0.364    21.8620 0.0000e+00
      0.264     -0.010     6.6523     75.921     86.338  80.952359     0.8333      7.241   228.5626 1.4816e+03     2.9064      0.264      0.383    21.8576 0.0000e+00
      0.261     -0.020     6.6145     75.482     86.360  80.963267     0.8320      7.250   228.4644 1.7286e+03     2.8317      0.260      0.377    21.8571 0.0000e+00
      0.248     -0.031     6.5888     75.181     86.256  80.856605     0.8307      7.259   228.3507 1.5816e+03     2.7366      0.243      0.351    21.8692 0.0000e+00
      0.234     -0.041     6.5725     74.988     86.145  80.744998     0.8271      7.267   228.2203 1.3701e+03     2.7035      0.230      0.333    21.8798 0.0000e+00
      0.221     -0.046     6.5623     74.865     86.236  80.823458     0.8337      7.274   228.0066 1.3616e+03     2.6754      0.218      0.316    21.8775 0.0000e+00
      0.208     -0.043     6.5551     74.778     86.543  81.104930     0.8465      7.279   227.6600 1.1791e+03     2.6409      0.203      0.294    21.8704 0.0000e+00
      0.196     -0.033     6.5491     74.705     86.808  81.346987     0.8526      7.284   227.2995 1.1090e+03     2.6525      0.193      0.281    21.8645 0.0000e+00
      0.184     -0.019     6.5474     74.679     86.867  81.394516     0.8527      7.286   227.0884 1.2597e+03     2.7237      0.180      0.262    21.8609 0.0000e+00
      0.175     -0.005     6.5500     74.705     86.700  81.233928     0.8485      7.286   226.9154 1.5004e+03     2.7693      0.167      0.242    21.8564 0.0000e+00
      0.178      0.005     6.5505     74.712     86.446  80.996959     0.8385      7.285   226.6703 1.9597e+03     2.7459      0.171      0.248    21.8530 0.0000e+00
      0.192      0.013     6.5445     74.647     86.388  80.948639     0.8318      7.286   226.7056 2.1322e+03     2.7157      0.189      0.276    21.8499 0.0000e+00
      0.204      0.019     6.5307     74.495     86.538  81.095355     0.8321      7.291   227.2563 1.8442e+03     2.7093      0.203      0.295    21.8437 0.0000e+00
      0.208      0.024     6.5129     74.297     86.623  81.179275     0.8333      7.299   227.9948 1.6517e+03     2.7300      0.207      0.300    21.8410 0.0000e+00
      0.207      0.027     6.4987     74.137     86.439  81.008334     0.8369      7.306   228.4927 1.7552e+03     2.7820      0.203      0.294    21.8426 0.0000e+00
      0.207      0.028     6.4930     74.070     86.095  80.683804     0.8390      7.309   228.4590 1.7394e+03     2.8506      0.198      0.288    21.8461 0.0000e+00
