Data/DataNotYetUploadedToEDI/Raw_CTD/2018_RawDownloads/101518_fcr10.cnv
* Sea-Bird SBE19plus  Data File:
* FileName = C:\DATA\101518_fcr_0001.hex
* Software version 2.6.3.104
* Temperature SN = 7809
* Conductivity SN = 7809
* System UpLoad Time = Oct 29 2018 16:36:30
* <ApplicationData>
* <Seaterm232>
# nquan = 17
# nvalues = 426                         
# units = specified
# name 0 = depFM: Depth [fresh water, m]
# name 1 = tv290C: Temperature [ITS-90, deg C]
# name 2 = sbeox0Mg/L: Oxygen, SBE 43 [mg/l]
# name 3 = sbeox0PS: Oxygen, SBE 43 [% saturation]
# name 4 = c0uS/cm: Conductivity [uS/cm]
# name 5 = specc: Specific Conductance [uS/cm]
# name 6 = ph: pH
# name 7 = orp: Oxidation Reduction Potential [mV]
# name 8 = flECO-AFL: Fluorescence, WET Labs ECO-AFL/FL [mg/m^3]
# name 9 = turbWETntu0: Turbidity, WET Labs ECO [NTU]
# name 10 = sal00: Salinity, Practical [PSU]
# name 11 = dz/dtM: Descent Rate [m/s]
# name 12 = prdM: Pressure, Strain Gauge [db]
# name 13 = prdE: Pressure, Strain Gauge [psi]
# name 14 = scan: Scan Count
# name 15 = par/sat/log: PAR/Logarithmic, Satlantic
# name 16 = flag:  0.000e+00
# span 0 =     -0.553,      2.519       
# span 1 =    16.1913,    17.4107       
# span 2 =     4.1083,     9.6334       
# span 3 =     42.831,    100.499       
# span 4 =   1.459222,  34.233615       
# span 5 =      1.726,     40.598       
# span 6 =      5.861,      8.346       
# span 7 = -1240.7455,  1240.2295       
# span 8 =    -0.2021,     4.5532       
# span 9 =    -0.2512,     5.1334       
# span 10 =     0.0089,     0.0237      
# span 11 =     -0.208,      0.189      
# span 12 =     -0.543,      2.470      
# span 13 =     -0.787,      3.581      
# span 14 =          1,        426      
# span 15 = 4.4866e+00, 5.3633e+02      
# span 16 = 0.0000e+00, 0.0000e+00      
# interval = seconds: 0.25
# start_time = Oct 15 2018 14:25:40 [Instrument's time stamp, header]
# bad_flag = -9.990e-29
*END*
[from data line 256]
     -0.103    17.3634     5.7283     59.665  31.800254     37.541      6.667   231.8259     2.0016     4.7977     0.0224      0.084     -0.102     -0.147        257 3.7891e+02 0.0000e+00
     -0.079    17.3576     5.7215     59.588  31.795517     37.507      6.678   232.5830     2.0016     4.7843     0.0224      0.093     -0.078     -0.112        258 3.7792e+02 0.0000e+00
     -0.056    17.3516     5.7122     59.488  31.769308     37.509      6.685   232.0909     2.0178     4.8917     0.0224      0.097     -0.053     -0.077        259 3.6073e+02 0.0000e+00
     -0.028    17.3493     5.7073     59.437  31.743915     37.448      6.687   232.1666     2.3332     4.8649     0.0224      0.100     -0.028     -0.041        260 3.5063e+02 0.0000e+00
     -0.003    17.3501     5.7044     59.403  31.767816     37.520      6.688   232.3559     2.3453     4.7977     0.0224      0.100     -0.005     -0.006        261 3.3023e+02 0.0000e+00
      0.016    17.3475     5.7031     59.389  31.798871     37.522      6.694   232.5451     2.3332     4.7440     0.0224      0.098      0.018      0.026        262 2.7133e+02 0.0000e+00
      0.042    17.3406     5.7035     59.394  31.794226     37.554      6.692   232.8101     2.3130     4.8380     0.0224      0.096      0.044      0.063        263 2.5869e+02 0.0000e+00
      0.077    17.3328     5.7040     59.404  31.743945     37.457      6.685   233.1509     2.3575     4.9186     0.0224      0.098      0.074      0.108        264 2.3078e+02 0.0000e+00
      0.108    17.3252     5.7063     59.438  31.713183     37.463      6.685   233.7187     2.1472     4.9052     0.0224      0.101      0.105      0.153        265 2.0154e+02 0.0000e+00
      0.138    17.3191     5.7091     59.474  31.684247     37.404      6.686   233.6430     2.1310     4.8246     0.0223      0.105      0.135      0.196        266 1.9837e+02 0.0000e+00
      0.167    17.3140     5.7097     59.481  31.720653     37.477      6.685   233.6430     2.1391     4.8380     0.0224      0.109      0.163      0.237        267 1.8761e+02 0.0000e+00
      0.194    17.3091     5.7176     59.560  31.727187     37.482      6.693   233.4537     2.1553     4.8783     0.0224      0.111      0.188      0.273        268 1.8018e+02 0.0000e+00
      0.215    17.3072     5.7140     59.518  31.735425     37.487      6.695   233.2266     2.4303     4.8112     0.0224      0.112      0.212      0.307        269 1.6735e+02 0.0000e+00
      0.239    17.3063     5.7126     59.496  31.799362     37.590      6.695   233.6052     2.4626     4.8246     0.0224      0.111      0.238      0.345        270 1.5496e+02 0.0000e+00
      0.274    17.3034     5.7111     59.464  31.736580     37.493      6.696   233.4916     2.4545     4.8112     0.0224      0.110      0.272      0.393        271 1.3925e+02 0.0000e+00
      0.317    17.3031     5.6976     59.297  31.724599     37.494      6.692   234.0594     2.4586     4.8783     0.0224      0.112      0.312      0.452        272 1.2479e+02 0.0000e+00
      0.362    17.3045     5.6959     59.260  31.784619     37.563      6.683   234.7787     2.8751     4.9589     0.0224      0.118      0.354      0.513        273 1.1207e+02 0.0000e+00
      0.403    17.3077     5.6930     59.217  31.780497     37.563      6.677   235.3844     2.8427     5.1066     0.0224      0.127      0.392      0.569        274 1.0228e+02 0.0000e+00
      0.434    17.3154     5.6901     59.181  31.848341     37.627      6.678   236.3309     2.8427     5.0126     0.0224      0.135      0.424      0.614        275 9.4979e+01 0.0000e+00
      0.459    17.3217     5.6891     59.169  31.907760     37.724      6.680   236.6337     2.8306     5.0395     0.0225      0.139      0.449      0.652        276 8.8776e+01 0.0000e+00
      0.482    17.3220     5.6908     59.186  31.854816     37.618      6.680   237.4287     3.0975     4.7575     0.0224      0.139      0.472      0.685        277 8.3187e+01 0.0000e+00
      0.504    17.3197     5.6951     59.229  31.825267     37.612      6.678   237.8073     3.1298     4.8380     0.0224      0.133      0.493      0.715        278 7.9030e+01 0.0000e+00
      0.521    17.3160     5.7029     59.308  31.796266     37.546      6.680   237.8830     3.0894     4.8783     0.0224      0.121      0.512      0.742        279 7.5722e+01 0.0000e+00
      0.540    17.3096     5.7097     59.371  31.772296     37.548      6.682   238.2237     3.1298     4.7575     0.0224      0.106      0.531      0.770        280 7.1614e+01 0.0000e+00
      0.564    17.2960     5.7036     59.297  31.736486     37.485      6.683   238.6780     3.2552     5.0395     0.0224      0.094      0.553      0.802        281 6.8136e+01 0.0000e+00
      0.588    17.2759     5.7076     59.331  31.692569     37.458      6.689   239.2837     3.2228     5.1334     0.0224      0.087      0.576      0.835        282 6.5759e+01 0.0000e+00
      0.610    17.2593     5.7067     59.317  31.619385     37.371      6.688   239.2080     3.2309     5.0395     0.0223      0.084      0.597      0.865        283 6.2739e+01 0.0000e+00
      0.628    17.2491     5.7073     59.312  31.619997     37.389      6.685   239.6623     3.2147     5.0126     0.0223      0.083      0.617      0.894        284 6.0138e+01 0.0000e+00
      0.648    17.2436     5.7124     59.335  31.662161     37.469      6.689   239.8137     3.2309     5.0260     0.0223      0.083      0.637      0.924        285 5.7490e+01 0.0000e+00
      0.672    17.2423     5.7136     59.319  31.626226     37.412      6.686   239.8895     3.4452     5.0529     0.0223      0.084      0.659      0.956        286 5.4714e+01 0.0000e+00
      0.695    17.2424     5.7185     59.354  31.605418     37.417      6.687   240.1166     3.4371     5.1334     0.0223      0.085      0.681      0.988        287 5.2631e+01 0.0000e+00
      0.716    17.2412     5.7242     59.406  31.599102     37.385      6.687   240.2302     3.4290     5.0395     0.0223      0.085      0.703      1.020        288 5.0326e+01 0.0000e+00
      0.741    17.2392     5.7397     59.567  31.663740     37.484      6.688   240.7602     3.4048     5.0663     0.0223      0.085      0.728      1.056        289 4.8321e+01 0.0000e+00
      0.770    17.2332     5.7432     59.611  31.673240     37.486      6.684   241.0252     3.4654     4.9857     0.0223      0.088      0.755      1.095        290 4.6306e+01 0.0000e+00
      0.797    17.2242     5.7599     59.782  31.616932     37.421      6.681   241.1009     3.4857     5.0663     0.0223      0.092      0.781      1.132        291 4.4885e+01 0.0000e+00
      0.820    17.2178     5.7645     59.821  31.615205     37.426      6.684   241.7445     3.4937     5.0797     0.0223      0.095      0.802      1.163        292 4.4021e+01 0.0000e+00
      0.836    17.2146     5.7712     59.878  31.616088     37.435      6.686   241.5930     3.4857     5.0260     0.0223      0.095      0.820      1.189        293 4.3109e+01 0.0000e+00
      0.853    17.2046     5.7802     59.960  31.586184     37.407      6.691   242.1609     3.7444     4.9992     0.0223      0.092      0.836      1.213        294 4.2025e+01 0.0000e+00
      0.870    17.1811     5.7813     59.970  31.563464     37.377      6.692   242.3123     3.7444     5.0797     0.0223      0.088      0.852      1.236        295 4.0837e+01 0.0000e+00
      0.884    17.1580     5.7779     59.937  31.555409     37.385      6.693   242.0095     3.7444     4.9723     0.0223      0.083      0.867      1.257        296 4.0138e+01 0.0000e+00
      0.898    17.1456     5.7792     59.951  31.507257     37.340      6.694   242.5016     3.7364     5.1066     0.0223      0.075      0.882      1.278        297 3.8945e+01 0.0000e+00
      0.916    17.1391     5.7789     59.945  31.504786     37.361      6.693   243.0695     3.5180     4.8515     0.0223      0.069      0.898      1.303        298 3.7617e+01 0.0000e+00
      0.934    17.1398     5.7772     59.925  31.558494     37.438      6.693   242.7666     3.4857     4.9052     0.0223      0.065      0.916      1.329        299 3.6393e+01 0.0000e+00
      0.954    17.1450     5.7733     59.884  31.588687     37.477      6.693   243.0316     3.4816     4.8515     0.0223      0.065      0.935      1.356        300 3.5132e+01 0.0000e+00
      0.972    17.1438     5.7693     59.832  31.556171     37.444      6.688   243.2209     3.4857     4.8380     0.0223      0.066      0.953      1.382        301 3.4182e+01 0.0000e+00
      0.990    17.1365     5.7653     59.782  31.569309     37.438      6.689   243.3723     3.3522     4.8380     0.0223      0.068      0.970      1.407        302 3.3153e+01 0.0000e+00
      1.005    17.1261     5.7624     59.754  31.542685     37.440      6.685   243.6373     3.3522     4.8515     0.0223      0.069      0.986      1.430        303 3.2316e+01 0.0000e+00
      1.020    17.1177     5.7606     59.730  31.470695     37.313      6.682   243.9780     3.3886     4.8112     0.0222      0.069      1.000      1.451        304 3.1571e+01 0.0000e+00
      1.034    17.1164     5.7649     59.766  31.540291     37.455      6.684   244.1673     3.3563     4.8783     0.0223      0.068      1.014      1.471        305 3.0814e+01 0.0000e+00
      1.048    17.1177     5.7644     59.755  31.545034     37.430      6.684   244.0159     3.3805     4.7843     0.0223      0.065      1.029      1.493        306 3.0041e+01 0.0000e+00
      1.067    17.1181     5.7660     59.763  31.553754     37.464      6.686   244.4323     3.5059     4.9589     0.0223      0.063      1.046      1.518        307 2.9136e+01 0.0000e+00
      1.086    17.1161     5.7681     59.778  31.559093     37.463      6.680   244.5459     3.4897     4.8112     0.0223      0.062      1.065      1.544        308 2.8409e+01 0.0000e+00
      1.105    17.1143     5.7717     59.819  31.508736     37.396      6.683   244.8488     3.5018     4.8380     0.0223      0.063      1.084      1.572        309 2.7769e+01 0.0000e+00
      1.124    17.1136     5.7742     59.846  31.557118     37.464      6.681   245.1516     3.4937     4.7709     0.0223      0.065      1.102      1.598        310 2.7056e+01 0.0000e+00
      1.141    17.1060     5.7746     59.840  31.558190     37.466      6.685   245.2652     3.5625     5.0932     0.0223      0.068      1.120      1.624        311 2.6359e+01 0.0000e+00
      1.160    17.0992     5.7721     59.802  31.507402     37.400      6.687   245.5680     3.5463     4.9857     0.0223      0.070      1.137      1.649        312 2.5756e+01 0.0000e+00
      1.177    17.1002     5.7672     59.745  31.531365     37.440      6.685   245.4923     3.5544     5.0932     0.0223      0.072      1.153      1.673        313 2.5175e+01 0.0000e+00
      1.191    17.0961     5.7614     59.684  31.558025     37.480      6.687   245.5302     3.5625     5.1334     0.0223      0.071      1.167      1.693        314 2.4698e+01 0.0000e+00
      1.203    17.0892     5.7537     59.604  31.503881     37.412      6.683   245.8709     3.3603     4.7843     0.0223      0.068      1.180      1.711        315 2.4267e+01 0.0000e+00
      1.215    17.0843     5.7527     59.598  31.509789     37.416      6.686   245.6438     3.3805     4.7843     0.0223      0.064      1.191      1.729        316 2.3878e+01 0.0000e+00
      1.228    17.0775     5.7500     59.573  31.550672     37.488      6.685   246.1738     3.3643     4.7977     0.0223      0.060      1.204      1.748        317 2.3487e+01 0.0000e+00
      1.243    17.0727     5.7508     59.580  31.512311     37.426      6.687   246.2873     3.3765     4.8917     0.0223      0.057      1.219      1.768        318 2.3132e+01 0.0000e+00
      1.258    17.0748     5.7571     59.641  31.468575     37.399      6.685   246.6280     3.4452     4.8380     0.0222      0.055      1.234      1.790        319 2.2881e+01 0.0000e+00
      1.275    17.0758     5.7609     59.677  31.456841     37.370      6.687   247.0823     3.4331     4.9186     0.0222      0.054      1.252      1.816        320 2.2273e+01 0.0000e+00
      1.299    17.0680     5.7653     59.719  31.497261     37.435      6.682   247.0445     3.4412     4.8380     0.0223      0.057      1.273      1.847        321 2.1607e+01 0.0000e+00
      1.322    17.0582     5.7699     59.760  31.507229     37.433      6.679   246.7038     3.4331     4.7038     0.0223      0.063      1.295      1.878        322 2.1219e+01 0.0000e+00
      1.341    17.0534     5.7736     59.795  31.503742     37.441      6.680   247.1202     3.7404     4.8112     0.0223      0.069      1.315      1.906        323 2.0810e+01 0.0000e+00
      1.357    17.0523     5.7687     59.742  31.501603     37.449      6.676   247.6123     3.7768     4.8515     0.0223      0.073      1.330      1.928        324 2.0486e+01 0.0000e+00
      1.367    17.0529     5.7592     59.642  31.480242     37.420      6.672   247.5366     3.7566     4.7977     0.0222      0.073      1.340      1.943        325 2.0368e+01 0.0000e+00
      1.374    17.0557     5.7533     59.580  31.500676     37.455      6.674   247.7638     3.7525     4.8515     0.0223      0.069      1.348      1.955        326 2.0166e+01 0.0000e+00
      1.383    17.0582     5.7425     59.466  31.505828     37.454      6.671   247.7638     3.7161     4.7575     0.0223      0.063      1.358      1.969        327 1.9839e+01 0.0000e+00
      1.397    17.0569     5.7388     59.425  31.503484     37.452      6.674   247.8395     3.5989     4.8783     0.0223      0.057      1.372      1.989        328 1.9428e+01 0.0000e+00
      1.416    17.0535     5.7345     59.378  31.503592     37.449      6.677   247.9531     3.6434     4.9589     0.0223      0.052      1.390      2.015        329 1.8872e+01 0.0000e+00
      1.438    17.0509     5.7354     59.385  31.505692     37.450      6.676   248.2938     3.6110     4.8783     0.0223      0.051      1.410      2.045        330 1.8417e+01 0.0000e+00
      1.459    17.0479     5.7472     59.506  31.530524     37.487      6.673   248.2559     3.6191     4.7306     0.0223      0.054      1.430      2.074        331 1.8007e+01 0.0000e+00
      1.478    17.0436     5.7516     59.550  31.502343     37.456      6.671   248.3316     3.6757     4.9857     0.0223      0.060      1.448      2.101        332 1.7644e+01 0.0000e+00
      1.494    17.0402     5.7662     59.696  31.511111     37.458      6.673   248.5209     3.6514     5.0395     0.0223      0.066      1.464      2.124        333 1.7343e+01 0.0000e+00
      1.508    17.0383     5.7821     59.854  31.549267     37.529      6.670   248.7102     3.7161     5.0395     0.0223      0.070      1.479      2.145        334 1.7008e+01 0.0000e+00
      1.522    17.0373     5.7866     59.895  31.454862     37.399      6.670   248.7102     3.7121     4.9320     0.0222      0.071      1.493      2.165        335 1.6709e+01 0.0000e+00
      1.537    17.0361     5.7927     59.953  31.450685     37.401      6.674   248.8995     3.9466     4.8515     0.0222      0.069      1.508      2.186        336 1.6351e+01 0.0000e+00
      1.553    17.0344     5.7930     59.954  31.465509     37.435      6.674   249.0131     3.9466     4.8380     0.0222      0.065      1.523      2.208        337 1.6003e+01 0.0000e+00
      1.568    17.0326     5.7912     59.934  31.377109     37.303      6.676   248.9373     3.9345     4.8515     0.0222      0.062      1.537      2.230        338 1.5747e+01 0.0000e+00
      1.582    17.0308     5.7894     59.912  31.442087     37.404      6.679   249.4673     3.9628     4.8783     0.0222      0.060      1.551      2.250        339 1.5480e+01 0.0000e+00
      1.597    17.0290     5.7893     59.907  31.503254     37.472      6.676   249.5809     3.6676     4.7709     0.0223      0.058      1.565      2.270        340 1.5200e+01 0.0000e+00
