Data/DataNotYetUploadedToEDI/Raw_CTD/2018_RawDownloads/101518_fcr50.cnv
* Sea-Bird SBE19plus  Data File:
* FileName = C:\DATA\101518_fcr_0005.hex
* Software version 2.6.3.104
* Temperature SN = 7809
* Conductivity SN = 7809
* System UpLoad Time = Oct 29 2018 16:37:51
* <ApplicationData>
* <Seaterm232>
# nquan = 17
# nvalues = 899                         
# units = specified
# name 0 = depFM: Depth [fresh water, m]
# name 1 = tv290C: Temperature [ITS-90, deg C]
# name 2 = sbeox0Mg/L: Oxygen, SBE 43 [mg/l]
# name 3 = sbeox0PS: Oxygen, SBE 43 [% saturation]
# name 4 = c0uS/cm: Conductivity [uS/cm]
# name 5 = specc: Specific Conductance [uS/cm]
# name 6 = ph: pH
# name 7 = orp: Oxidation Reduction Potential [mV]
# name 8 = flECO-AFL: Fluorescence, WET Labs ECO-AFL/FL [mg/m^3]
# name 9 = turbWETntu0: Turbidity, WET Labs ECO [NTU]
# name 10 = sal00: Salinity, Practical [PSU]
# name 11 = dz/dtM: Descent Rate [m/s]
# name 12 = prdM: Pressure, Strain Gauge [db]
# name 13 = prdE: Pressure, Strain Gauge [psi]
# name 14 = scan: Scan Count
# name 15 = par/sat/log: PAR/Logarithmic, Satlantic
# name 16 = flag:  0.000e+00
# span 0 =     -0.552,      9.785       
# span 1 =    12.8490,    21.2329       
# span 2 =    -0.0816,     9.3617       
# span 3 =     -0.832,     98.448       
# span 4 =   0.137262, 178.205593       
# span 5 =      0.672,    236.048       
# span 6 =      6.123,      7.871       
# span 7 =  -602.8130,  1240.2295       
# span 8 =    -0.1941,     3.9021       
# span 9 =    -0.4526,    86.8022       
# span 10 =     0.0104,     0.1117      
# span 11 =     -0.148,      0.197      
# span 12 =     -0.541,      9.596      
# span 13 =     -0.784,     13.918      
# span 14 =          1,        899      
# span 15 = 1.2447e-01, 3.8276e+02      
# span 16 = 0.0000e+00, 0.0000e+00      
# interval = seconds: 0.25
# start_time = Oct 15 2018 17:33:24 [Instrument's time stamp, header]
# bad_flag = -9.990e-29
*END*
[from data line 256]
      0.029    17.5380     4.7831     50.005  32.312868     37.964      6.752   241.9337     2.7740     4.9992     0.0226      0.059      0.030      0.044        257 2.3888e+02 0.0000e+00
      0.057    17.5237     4.7202     49.348  32.311356     37.968      6.744   241.7823     2.7901     5.0797     0.0226      0.066      0.052      0.075        258 2.2483e+02 0.0000e+00
      0.072    17.5138     4.6728     48.857  32.322820     37.980      6.733   242.1230     2.7901     5.0395     0.0226      0.068      0.068      0.098        259 2.3893e+02 0.0000e+00
      0.079    17.5083     4.6162     48.264  32.328258     38.025      6.730   239.7380     2.7335     5.1334     0.0227      0.068      0.081      0.117        260 2.2326e+02 0.0000e+00
      0.100    17.5020     4.5744     47.830  32.334248     38.001      6.727   238.7916     2.7133     5.0126     0.0226      0.070      0.096      0.139        261 2.1580e+02 0.0000e+00
      0.114    17.5004     4.5341     47.411  32.374679     38.104      6.713   237.8830     2.7376     4.9992     0.0227      0.069      0.110      0.160        262 2.0699e+02 0.0000e+00
      0.124    17.5005     4.5145     47.204  32.277946     37.946      6.704   238.4509     2.7254     5.0126     0.0226      0.066      0.124      0.180        263 2.0208e+02 0.0000e+00
      0.143    17.4949     4.4936     46.984  32.306364     38.013      6.709   238.4509     2.7376     5.1066     0.0227      0.063      0.139      0.202        264 1.9367e+02 0.0000e+00
      0.157    17.4933     4.4819     46.866  32.398622     38.111      6.710   238.1480     2.7214     5.0126     0.0227      0.060      0.154      0.224        265 1.8889e+02 0.0000e+00
      0.173    17.4949     4.4776     46.821  32.341055     38.051      6.717   237.7316     2.7497     5.0395     0.0227      0.057      0.171      0.249        266 1.7654e+02 0.0000e+00
      0.195    17.4931     4.4745     46.791  32.259391     37.954      6.718   237.3530     2.7174     5.0260     0.0226      0.060      0.191      0.277        267 1.7212e+02 0.0000e+00
      0.214    17.4937     4.4725     46.768  32.322331     38.018      6.719   237.9587     2.7254     5.0395     0.0227      0.064      0.208      0.303        268 1.6654e+02 0.0000e+00
      0.229    17.4973     4.4658     46.693  32.381343     38.118      6.715   237.7316     2.6810     5.0126     0.0227      0.065      0.222      0.323        269 1.6113e+02 0.0000e+00
      0.239    17.4975     4.4597     46.629  32.334220     38.019      6.715   237.8452     2.6688     5.0797     0.0227      0.065      0.232      0.336        270 1.6100e+02 0.0000e+00
      0.242    17.4996     4.4486     46.519  32.380974     38.114      6.707   237.8452     2.6405     4.9992     0.0227      0.061      0.239      0.346        271 1.5992e+02 0.0000e+00
      0.251    17.5027     4.4496     46.526  32.352811     38.049      6.707   238.9809     2.6607     5.0395     0.0227      0.055      0.251      0.364        272 1.5303e+02 0.0000e+00
      0.277    17.4995     4.4515     46.557  32.309960     38.014      6.710   238.1859     2.6001     5.0663     0.0227      0.054      0.274      0.398        273 1.4430e+02 0.0000e+00
      0.310    17.4991     4.4517     46.575  32.315686     38.011      6.714   238.7537     2.6203     5.0663     0.0226      0.057      0.304      0.441        274 1.3566e+02 0.0000e+00
      0.342    17.5025     4.4639     46.706  32.316032     38.014      6.716   238.9430     2.6244     4.9992     0.0227      0.064      0.332      0.481        275 1.2789e+02 0.0000e+00
      0.363    17.5033     4.4791     46.854  32.309530     38.014      6.704   238.9052     2.5920     5.0126     0.0227      0.073      0.352      0.510        276 1.2647e+02 0.0000e+00
      0.369    17.5046     4.4990     47.072  32.323779     38.011      6.688   238.6780     2.6082     5.0126     0.0226      0.078      0.363      0.526        277 1.2617e+02 0.0000e+00
      0.380    17.5038     4.5156     47.250  32.387261     38.109      6.690   241.1009     2.6163     5.1334     0.0227      0.081      0.374      0.543        278 1.2268e+02 0.0000e+00
      0.396    17.4981     4.5378     47.471  32.408448     38.107      6.697   241.5173     2.6163     5.1066     0.0227      0.081      0.389      0.564        279 1.1888e+02 0.0000e+00
      0.413    17.4983     4.5622     47.723  32.386372     38.109      6.703   242.0852     2.5920     5.0260     0.0227      0.077      0.405      0.587        280 1.1612e+02 0.0000e+00
      0.428    17.5026     4.5860     47.979  32.325774     38.015      6.704   242.4259     2.5718     5.1200     0.0227      0.068      0.422      0.611        281 1.1401e+02 0.0000e+00
      0.447    17.5026     4.6200     48.335  32.305941     38.015      6.710   242.1987     2.5960     5.1603     0.0227      0.061      0.442      0.641        282 1.0784e+02 0.0000e+00
      0.478    17.5117     4.6540     48.680  32.322094     38.010      6.705   243.0695     2.5960     5.0126     0.0226      0.062      0.465      0.673        283 1.0342e+02 0.0000e+00
      0.493    17.5291     4.6779     48.918  32.394632     38.110      6.693   244.6973     2.6244     5.0663     0.0227      0.066      0.480      0.696        284 1.0364e+02 0.0000e+00
      0.497    17.5310     4.6871     49.010  32.393589     38.101      6.691   244.3566     2.6163     4.9857     0.0227      0.069      0.491      0.712        285 1.0168e+02 0.0000e+00
      0.514    17.5220     4.6798     48.934  32.323388     37.987      6.697   244.9245     2.6082     5.0395     0.0226      0.069      0.506      0.734        286 9.7063e+01 0.0000e+00
      0.538    17.5297     4.6571     48.699  32.393031     38.083      6.696   245.2652     2.6001     5.1200     0.0227      0.069      0.524      0.760        287 9.4832e+01 0.0000e+00
      0.550    17.5347     4.6137     48.247  32.395880     38.093      6.694   245.4166     2.6163     5.0797     0.0227      0.067      0.538      0.780        288 9.4377e+01 0.0000e+00
      0.558    17.5237     4.5678     47.774  32.319843     37.986      6.693   245.4923     2.5920     4.9992     0.0226      0.063      0.551      0.798        289 9.1499e+01 0.0000e+00
      0.578    17.5206     4.5139     47.214  32.339388     38.015      6.697   245.2273     2.5394     4.9992     0.0227      0.060      0.566      0.821        290 8.8781e+01 0.0000e+00
      0.595    17.5268     4.4578     46.627  32.401208     38.091      6.697   246.0223     2.5354     5.1469     0.0227      0.057      0.582      0.843        291 8.7015e+01 0.0000e+00
      0.607    17.5281     4.4244     46.262  32.391180     38.093      6.704   245.9466     2.5516     5.1200     0.0227      0.059      0.595      0.863        292 8.5132e+01 0.0000e+00
      0.619    17.5176     4.3915     45.907  32.322217     37.989      6.705   246.6280     2.5394     5.0260     0.0226      0.059      0.609      0.883        293 8.2860e+01 0.0000e+00
      0.638    17.5065     4.3630     45.586  32.398069     38.086      6.709   247.6880     2.4303     5.1066     0.0227      0.058      0.625      0.907        294 8.0103e+01 0.0000e+00
      0.655    17.5016     4.3572     45.526  32.445051     38.162      6.706   247.9531     2.4141     5.1334     0.0227      0.058      0.640      0.929        295 7.8534e+01 0.0000e+00
      0.665    17.5017     4.3681     45.632  32.412020     38.106      6.705   245.7573     2.4464     5.1066     0.0227      0.059      0.651      0.945        296 7.7914e+01 0.0000e+00
      0.672    17.5038     4.4123     46.053  32.379873     38.110      6.707   246.0980     2.4181     4.9589     0.0227      0.057      0.660      0.958        297 7.6413e+01 0.0000e+00
      0.684    17.5068     4.5082     47.026  32.336792     38.012      6.707   247.0445     2.2523     4.9992     0.0226      0.053      0.670      0.972        298 7.4787e+01 0.0000e+00
      0.695    17.5115     4.6184     48.162  32.376673     38.108      6.704   246.8930     2.2604     5.0395     0.0227      0.050      0.679      0.985        299 7.4073e+01 0.0000e+00
      0.699    17.5182     4.7276     49.281  32.330241     38.008      6.698   247.6123     2.3049     4.9857     0.0226      0.046      0.685      0.995        300 7.3874e+01 0.0000e+00
      0.705    17.5154     4.8182     50.212  32.305613     38.002      6.700   247.2716     2.2968     5.0932     0.0226      0.041      0.694      1.007        301 7.2214e+01 0.0000e+00
      0.720    17.5022     4.8866     50.918  32.407320     38.096      6.702   245.7952     2.3534     5.0797     0.0227      0.037      0.710      1.031        302 6.9246e+01 0.0000e+00
      0.747    17.4866     4.9189     51.257  32.440897     38.162      6.705   246.2495     2.3292     4.9992     0.0227      0.040      0.739      1.073        303 6.5087e+01 0.0000e+00
      0.796    17.4658     4.9082     51.148  32.323136     38.013      6.699   247.5366     2.3373     4.9589     0.0226      0.054      0.781      1.133        304 5.8430e+01 0.0000e+00
      0.848    17.4642     4.8741     50.790  32.316648     38.023      6.687   247.3473     2.3332     5.0529     0.0227      0.076      0.820      1.189        305 5.6246e+01 0.0000e+00
      0.860    17.4552     4.8219     50.252  32.300711     38.046      6.681   247.7638     2.3575     5.0797     0.0227      0.092      0.839      1.217        306 5.7016e+01 0.0000e+00
      0.859    17.4146     4.7693     49.699  32.165054     37.847      6.684   247.9909     1.9612     5.0395     0.0226      0.098      0.846      1.227        307 5.6215e+01 0.0000e+00
      0.870    17.3857     4.7219     49.201  32.218592     37.954      6.684   248.0666     1.9572     5.0797     0.0226      0.100      0.856      1.242        308 5.4662e+01 0.0000e+00
      0.891    17.3705     4.6937     48.903  32.204437     37.958      6.686   247.3852     1.9491     4.9992     0.0226      0.097      0.873      1.266        309 5.2377e+01 0.0000e+00
      0.909    17.3528     4.6720     48.679  32.153030     37.918      6.682   247.8773     1.9410     5.1066     0.0226      0.088      0.888      1.287        310 5.1962e+01 0.0000e+00
      0.914    17.3398     4.6669     48.620  32.193621     37.997      6.681   247.9152     2.0138     5.1066     0.0226      0.072      0.895      1.298        311 5.1836e+01 0.0000e+00
      0.914    17.3333     4.6700     48.652  32.153931     37.948      6.682   247.6502     1.9774     5.1066     0.0226      0.053      0.899      1.304        312 5.1694e+01 0.0000e+00
      0.921    17.3356     4.6796     48.751  32.143123     37.959      6.685   247.5366     2.0340     5.0932     0.0226      0.040      0.910      1.319        313 5.0039e+01 0.0000e+00
      0.947    17.3371     4.6898     48.856  32.177424     37.998      6.688   249.8081     2.0016     5.1066     0.0226      0.042      0.931      1.349        314 4.6849e+01 0.0000e+00
      0.980    17.3362     4.7057     49.022  32.140902     37.963      6.687   249.8081     2.1634     5.1066     0.0226      0.051      0.954      1.383        315 4.5834e+01 0.0000e+00
      0.989    17.3399     4.7298     49.265  32.099614     37.895      6.679   249.8081     2.1270     4.9992     0.0225      0.054      0.967      1.403        316 4.6087e+01 0.0000e+00
      0.990    17.3372     4.7556     49.533  32.080537     37.897      6.679   249.5052     2.1512     4.9723     0.0225      0.052      0.973      1.411        317 4.5543e+01 0.0000e+00
      0.999    17.3319     4.7862     49.851  32.046028     37.826      6.682   248.4831     2.1715     5.0663     0.0225      0.052      0.983      1.425        318 4.4292e+01 0.0000e+00
      1.017    17.3296     4.8140     50.138  32.083252     37.896      6.685   248.4831     1.8884     5.0126     0.0225      0.055      0.998      1.447        319 4.3133e+01 0.0000e+00
      1.036    17.3292     4.8308     50.314  32.123174     37.932      6.686   251.2088     1.9127     5.0529     0.0226      0.058      1.014      1.470        320 4.1884e+01 0.0000e+00
      1.049    17.3253     4.8486     50.493  32.144616     37.969      6.684   250.7166     1.8884     5.0663     0.0226      0.056      1.026      1.487        321 4.1740e+01 0.0000e+00
      1.051    17.3237     4.8557     50.563  32.145530     37.968      6.681   250.4895     1.8682     4.9992     0.0226      0.049      1.032      1.496        322 4.1819e+01 0.0000e+00
      1.056    17.3232     4.8646     50.654  32.092385     37.907      6.687   250.4895     1.8156     4.8515     0.0225      0.042      1.040      1.507        323 4.0794e+01 0.0000e+00
      1.073    17.3222     4.8649     50.655  32.092142     37.907      6.688   250.2623     1.8278     4.7575     0.0225      0.044      1.055      1.530        324 3.9445e+01 0.0000e+00
      1.097    17.3216     4.8691     50.694  32.086525     37.908      6.686   250.3759     1.8237     4.8112     0.0225      0.049      1.077      1.562        325 3.7821e+01 0.0000e+00
      1.124    17.3147     4.8764     50.768  32.069723     37.876      6.683   250.8681     1.8237     4.8649     0.0225      0.054      1.098      1.593        326 3.6701e+01 0.0000e+00
      1.139    17.3126     4.8862     50.867  32.083400     37.909      6.681   250.9059     1.8197     4.8380     0.0225      0.057      1.112      1.613        327 3.6678e+01 0.0000e+00
      1.139    17.3119     4.8810     50.808  32.039852     37.850      6.682   251.0952     1.8965     5.0663     0.0225      0.057      1.119      1.622        328 3.6569e+01 0.0000e+00
      1.146    17.3107     4.8745     50.738  32.034960     37.851      6.684   251.4738     1.9005     5.0395     0.0225      0.057      1.126      1.632        329 3.5922e+01 0.0000e+00
      1.158    17.3108     4.8661     50.648  32.089489     37.918      6.683   250.9438     1.8925     5.0126     0.0225      0.057      1.139      1.651        330 3.4856e+01 0.0000e+00
      1.180    17.3059     4.8551     50.530  32.090605     37.919      6.686   251.5495     1.8965     4.9992     0.0225      0.056      1.155      1.675        331 3.3633e+01 0.0000e+00
      1.196    17.3020     4.8436     50.407  32.092879     37.919      6.682   251.3223     1.9612     5.0797     0.0225      0.053      1.169      1.695        332 3.3571e+01 0.0000e+00
      1.197    17.3004     4.8332     50.296  32.116314     37.957      6.680   249.7702     1.9369     5.0395     0.0226      0.047      1.177      1.707        333 3.3470e+01 0.0000e+00
      1.207    17.2973     4.8306     50.267  32.091096     37.927      6.681   250.4138     1.9491     4.9857     0.0225      0.043      1.189      1.724        334 3.2080e+01 0.0000e+00
      1.235    17.2938     4.8388     50.349  32.035303     37.863      6.677   251.0195     1.9288     5.0260     0.0225      0.048      1.209      1.754        335 3.0806e+01 0.0000e+00
      1.256    17.2918     4.8454     50.416  32.037481     37.865      6.671   250.9059     1.9693     5.0797     0.0225      0.055      1.230      1.785        336 3.0184e+01 0.0000e+00
      1.274    17.2883     4.8522     50.484  32.029081     37.869      6.668   251.1709     1.9733     5.1469     0.0225      0.061      1.250      1.814        337 2.9097e+01 0.0000e+00
      1.297    17.2840     4.8551     50.513  32.045758     37.870      6.664   252.1552     1.9369     4.9857     0.0225      0.065      1.268      1.840        338 2.8359e+01 0.0000e+00
      1.309    17.2818     4.8509     50.469  32.105687     37.972      6.659   249.3916     1.9652     4.9052     0.0226      0.067      1.282      1.860        339 2.8222e+01 0.0000e+00
      1.317    17.2793     4.8446     50.400  32.043461     37.877      6.658   249.6566     1.7509     5.0663     0.0225      0.068      1.295      1.878        340 2.7355e+01 0.0000e+00
