Data/DataNotYetUploadedToEDI/Raw_CTD/2018_RawDownloads/101518_fcr50.cnv
* Sea-Bird SBE19plus  Data File:
* FileName = C:\DATA\101518_fcr_0005.hex
* Software version 2.6.3.104
* Temperature SN = 7809
* Conductivity SN = 7809
* System UpLoad Time = Oct 29 2018 16:37:51
* <ApplicationData>
* <Seaterm232>
# nquan = 17
# nvalues = 899                         
# units = specified
# name 0 = depFM: Depth [fresh water, m]
# name 1 = tv290C: Temperature [ITS-90, deg C]
# name 2 = sbeox0Mg/L: Oxygen, SBE 43 [mg/l]
# name 3 = sbeox0PS: Oxygen, SBE 43 [% saturation]
# name 4 = c0uS/cm: Conductivity [uS/cm]
# name 5 = specc: Specific Conductance [uS/cm]
# name 6 = ph: pH
# name 7 = orp: Oxidation Reduction Potential [mV]
# name 8 = flECO-AFL: Fluorescence, WET Labs ECO-AFL/FL [mg/m^3]
# name 9 = turbWETntu0: Turbidity, WET Labs ECO [NTU]
# name 10 = sal00: Salinity, Practical [PSU]
# name 11 = dz/dtM: Descent Rate [m/s]
# name 12 = prdM: Pressure, Strain Gauge [db]
# name 13 = prdE: Pressure, Strain Gauge [psi]
# name 14 = scan: Scan Count
# name 15 = par/sat/log: PAR/Logarithmic, Satlantic
# name 16 = flag:  0.000e+00
# span 0 =     -0.552,      9.785       
# span 1 =    12.8490,    21.2329       
# span 2 =    -0.0816,     9.3617       
# span 3 =     -0.832,     98.448       
# span 4 =   0.137262, 178.205593       
# span 5 =      0.672,    236.048       
# span 6 =      6.123,      7.871       
# span 7 =  -602.8130,  1240.2295       
# span 8 =    -0.1941,     3.9021       
# span 9 =    -0.4526,    86.8022       
# span 10 =     0.0104,     0.1117      
# span 11 =     -0.148,      0.197      
# span 12 =     -0.541,      9.596      
# span 13 =     -0.784,     13.918      
# span 14 =          1,        899      
# span 15 = 1.2447e-01, 3.8276e+02      
# span 16 = 0.0000e+00, 0.0000e+00      
# interval = seconds: 0.25
# start_time = Oct 15 2018 17:33:24 [Instrument's time stamp, header]
# bad_flag = -9.990e-29
*END*
[from data line 171]
     -0.028    17.9944     3.4659     36.462  33.140684     38.554      6.807   246.5145     2.9195     4.8246     0.0230     -0.000     -0.028     -0.040        172 3.5516e+02 0.0000e+00
     -0.029    17.9970     3.6082     37.869  33.102154     38.488      6.808   246.5902     2.9276     4.8783     0.0230     -0.000     -0.028     -0.041        173 3.5539e+02 0.0000e+00
     -0.029    17.9993     3.8708     40.561  33.100448     38.486      6.810   246.7038     2.9074     4.8515     0.0230     -0.000     -0.029     -0.042        174 3.5527e+02 0.0000e+00
     -0.029    18.0014     4.2461     44.448  33.142806     38.548      6.808   246.2116     2.9195     4.8380     0.0230     -0.000     -0.029     -0.042        175 3.5595e+02 0.0000e+00
     -0.030    18.0032     4.6162     48.293  33.108749     38.481      6.810   246.5523     2.9074     4.8649     0.0230     -0.001     -0.029     -0.043        176 3.5570e+02 0.0000e+00
     -0.030    18.0050     4.9660     51.933  33.083521     38.480      6.810   246.4388     2.9236     4.8112     0.0230     -0.001     -0.029     -0.043        177 3.5544e+02 0.0000e+00
     -0.030    18.0063     5.2712     55.112  33.114891     38.478      6.810   245.9845     2.8953     4.8112     0.0230     -0.001     -0.029     -0.043        178 3.5603e+02 0.0000e+00
     -0.030    18.0089     5.4980     57.473  33.129018     38.541      6.811   246.4388     2.9357     4.7843     0.0230     -0.001     -0.029     -0.043        179 3.5593e+02 0.0000e+00
     -0.031    18.0084     5.6369     58.919  33.184558     38.540      6.809   246.5902     2.9236     4.7306     0.0230     -0.001     -0.030     -0.044        180 3.5573e+02 0.0000e+00
     -0.032    17.9401     5.6827     59.395  33.045773     38.473      6.809   246.7038     2.8306     4.7709     0.0230     -0.001     -0.030     -0.044        181 3.5564e+02 0.0000e+00
     -0.031    17.7985     5.6579     59.135  32.501066     37.726      6.811   246.3252     2.8670     4.9052     0.0227     -0.001     -0.030     -0.044        182 3.5629e+02 0.0000e+00
     -0.031    17.6802     5.5943     58.471  32.290767     37.621      6.809   246.4009     2.8265     4.8783     0.0226     -0.001     -0.030     -0.044        183 3.5623e+02 0.0000e+00
     -0.031    17.6054     5.5245     57.742  32.328933     37.750      6.810   245.8330     2.8791     4.7977     0.0226     -0.001     -0.030     -0.044        184 3.5604e+02 0.0000e+00
     -0.031    17.5558     5.4457     56.920  32.305356     37.852      6.810   245.8709     2.8993     4.8783     0.0226     -0.001     -0.030     -0.044        185 3.5627e+02 0.0000e+00
     -0.031    17.5262     5.3693     56.121  32.320159     37.920      6.810   246.1359     2.8953     4.7709     0.0226     -0.001     -0.031     -0.045        186 3.5628e+02 0.0000e+00
     -0.032    17.5075     5.3030     55.425  32.340199     37.996      6.808   246.4009     2.9357     4.8783     0.0227     -0.001     -0.031     -0.046        187 3.5711e+02 0.0000e+00
     -0.033    17.4964     5.2353     54.716  32.310091     37.990      6.810   246.2116     2.9034     4.8380     0.0226     -0.001     -0.032     -0.047        188 3.5704e+02 0.0000e+00
     -0.033    17.4879     5.1859     54.203  32.327989     38.006      6.806   246.6280     3.0489     4.7575     0.0226     -0.001     -0.033     -0.048        189 3.5669e+02 0.0000e+00
     -0.034    17.4828     5.1399     53.732  32.377242     38.115      6.802   246.4388     3.0692     4.8112     0.0227     -0.002     -0.034     -0.049        190 3.5665e+02 0.0000e+00
     -0.036    17.4803     5.1096     53.426  32.278455     37.958      6.800   246.2116     3.0368     4.8380     0.0226     -0.002     -0.035     -0.051        191 3.5628e+02 0.0000e+00
     -0.036    17.4800     5.0854     53.176  32.302663     38.029      6.801   245.9088     3.0570     4.8649     0.0227     -0.003     -0.035     -0.051        192 3.5650e+02 0.0000e+00
     -0.036    17.4809     5.0771     53.097  32.347117     38.064      6.800   246.6280     3.0449     4.8515     0.0227     -0.003     -0.035     -0.051        193 3.5636e+02 0.0000e+00
     -0.035    17.4808     5.0708     53.039  32.312094     38.031      6.798   246.4009     3.0409     4.8380     0.0227     -0.002     -0.035     -0.051        194 3.5627e+02 0.0000e+00
     -0.036    17.4823     5.0695     53.031  32.316597     38.030      6.796   246.5902     3.0489     4.8380     0.0227     -0.002     -0.036     -0.052        195 3.5679e+02 0.0000e+00
     -0.037    17.4826     5.0721     53.064  32.400823     38.129      6.794   246.6280     3.0772     4.7575     0.0227     -0.002     -0.036     -0.052        196 3.5697e+02 0.0000e+00
     -0.037    17.4798     5.0680     53.025  32.385197     38.128      6.790   246.2873     3.0287     4.8246     0.0227     -0.002     -0.036     -0.052        197 3.5670e+02 0.0000e+00
     -0.036    17.4786     5.0657     53.001  32.336039     38.029      6.789   246.5523     2.9640     4.8515     0.0227     -0.001     -0.037     -0.053        198 3.5636e+02 0.0000e+00
     -0.039    17.4812     5.0648     52.987  32.373038     38.130      6.786   246.8930     2.9883     4.8246     0.0227     -0.001     -0.039     -0.056        199 3.5605e+02 0.0000e+00
     -0.043    17.4899     5.0599     52.934  32.339155     38.032      6.775   246.4766     2.9681     4.7306     0.0227     -0.003     -0.042     -0.061        200 3.5585e+02 0.0000e+00
     -0.046    17.4988     5.0534     52.864  32.378207     38.129      6.769   245.9845     2.9923     4.8783     0.0227     -0.005     -0.045     -0.064        201 3.5564e+02 0.0000e+00
     -0.046    17.5028     5.0477     52.801  32.413399     38.121      6.764   245.7952     2.9317     4.7843     0.0227     -0.006     -0.045     -0.066        202 3.5533e+02 0.0000e+00
     -0.046    17.5093     5.0368     52.684  32.384317     38.113      6.763   246.0602     2.9276     4.7843     0.0227     -0.006     -0.045     -0.066        203 3.5517e+02 0.0000e+00
     -0.045    17.5167     5.0395     52.708  32.414395     38.110      6.764   245.6816     2.9236     4.8112     0.0227     -0.006     -0.045     -0.065        204 3.5552e+02 0.0000e+00
     -0.046    17.5224     5.0364     52.673  32.375965     38.103      6.768   245.6438     2.9398     4.8380     0.0227     -0.005     -0.045     -0.065        205 3.5613e+02 0.0000e+00
     -0.046    17.5277     5.0445     52.757  32.343178     37.998      6.769   245.9845     2.9923     4.8380     0.0226     -0.004     -0.045     -0.066        206 3.5572e+02 0.0000e+00
     -0.046    17.5303     5.0391     52.702  32.366233     38.092      6.768   246.0602     2.9883     4.8917     0.0227     -0.002     -0.045     -0.066        207 3.5554e+02 0.0000e+00
     -0.047    17.5303     5.0341     52.658  32.347271     37.988      6.769   246.1359     2.9681     4.8246     0.0226     -0.001     -0.046     -0.067        208 3.5578e+02 0.0000e+00
     -0.047    17.5274     5.0212     52.529  32.366774     38.085      6.768   246.4009     2.9842     4.8246     0.0227     -0.000     -0.046     -0.067        209 3.5625e+02 0.0000e+00
     -0.047    17.5245     5.0141     52.450  32.341960     37.986      6.769   246.4009     3.0692     4.8112     0.0226     -0.001     -0.046     -0.067        210 3.5686e+02 0.0000e+00
     -0.046    17.5234     4.9993     52.289  32.378151     38.087      6.769   245.9088     3.0570     4.8917     0.0227     -0.000     -0.045     -0.066        211 3.5616e+02 0.0000e+00
     -0.046    17.5200     4.9943     52.231  32.410697     38.090      6.771   245.9088     3.0570     4.7977     0.0227     -0.000     -0.045     -0.066        212 3.5661e+02 0.0000e+00
     -0.046    17.5168     4.9850     52.129  32.390419     38.091      6.767   246.0980     3.0287     4.8246     0.0227      0.000     -0.045     -0.066        213 3.5705e+02 0.0000e+00
     -0.046    17.5141     4.9838     52.112  32.403387     38.094      6.770   245.8330     3.0570     4.8783     0.0227      0.000     -0.045     -0.066        214 3.5776e+02 0.0000e+00
     -0.046    17.5114     4.9941     52.216  32.394560     38.097      6.768   246.4009     3.0772     4.9455     0.0227      0.000     -0.046     -0.067        215 3.5829e+02 0.0000e+00
     -0.049    17.5099     5.0023     52.306  32.401407     38.099      6.759   246.2873     3.0328     4.8246     0.0227     -0.000     -0.049     -0.071        216 3.5804e+02 0.0000e+00
     -0.056    17.5117     5.0079     52.372  32.394868     38.102      6.737   244.9623     3.0409     4.8246     0.0227     -0.003     -0.054     -0.077        217 3.5865e+02 0.0000e+00
     -0.058    17.5195     5.0139     52.440  32.402697     38.103      6.728   245.0380     3.0651     4.8246     0.0227     -0.005     -0.056     -0.081        218 3.5810e+02 0.0000e+00
     -0.057    17.5247     5.0175     52.478  32.391663     38.102      6.724   244.4702     2.9802     4.8515     0.0227     -0.007     -0.056     -0.082        219 3.5886e+02 0.0000e+00
     -0.058    17.5208     5.0071     52.364  32.408598     38.094      6.721   244.3566     2.9883     4.8515     0.0227     -0.007     -0.056     -0.081        220 3.5911e+02 0.0000e+00
     -0.055    17.5150     4.9962     52.245  32.381620     38.089      6.720   244.5838     2.9600     4.8380     0.0227     -0.007     -0.055     -0.080        221 3.5871e+02 0.0000e+00
     -0.055    17.5100     4.9833     52.108  32.336276     37.995      6.718   244.8488     2.9600     4.8917     0.0226     -0.005     -0.054     -0.078        222 3.5820e+02 0.0000e+00
     -0.055    17.5056     4.9771     52.044  32.376068     38.098      6.720   244.5838     2.9883     4.8246     0.0227     -0.003     -0.054     -0.078        223 3.5743e+02 0.0000e+00
     -0.055    17.5013     4.9806     52.080  32.332102     38.004      6.718   244.5838     2.9842     4.8649     0.0226     -0.001     -0.054     -0.078        224 3.5752e+02 0.0000e+00
     -0.054    17.4983     4.9746     52.018  32.302032     38.008      6.719   244.3945     2.9681     4.8246     0.0226      0.001     -0.054     -0.078        225 3.5718e+02 0.0000e+00
     -0.055    17.5016     4.9662     51.931  32.324529     38.012      6.724   244.3188     2.9802     4.7440     0.0227      0.002     -0.054     -0.078        226 3.5803e+02 0.0000e+00
     -0.054    17.5086     4.9458     51.730  32.304107     38.015      6.725   244.6973     3.0611     5.0663     0.0227      0.002     -0.054     -0.078        227 3.5853e+02 0.0000e+00
     -0.055    17.5135     4.9156     51.436  32.327448     38.012      6.732   244.1295     3.0570     5.0797     0.0227      0.001     -0.054     -0.078        228 3.5862e+02 0.0000e+00
     -0.055    17.5132     4.8760     51.038  32.384442     38.104      6.733   244.4323     3.0449     5.0663     0.0227      0.000     -0.054     -0.078        229 3.5876e+02 0.0000e+00
     -0.055    17.5088     4.8315     50.598  32.411100     38.100      6.741   244.5080     3.0489     4.9857     0.0227     -0.000     -0.054     -0.078        230 3.5861e+02 0.0000e+00
     -0.055    17.5044     4.8038     50.338  32.383232     38.100      6.741   244.3566     2.9721     4.9052     0.0227     -0.000     -0.054     -0.078        231 3.5920e+02 0.0000e+00
     -0.055    17.5029     4.7933     50.249  32.330161     38.005      6.745   244.3945     2.9883     5.0797     0.0226     -0.000     -0.055     -0.079        232 3.5925e+02 0.0000e+00
     -0.056    17.5031     4.8053     50.389  32.299223     38.009      6.745   244.4702     3.0004     5.0529     0.0226     -0.001     -0.061     -0.088        233 3.5848e+02 0.0000e+00
     -0.073    17.5027     4.8198     50.548  32.332774     38.011      6.739   244.1295     2.9802     4.9992     0.0227     -0.005     -0.082     -0.118        234 3.5596e+02 0.0000e+00
     -0.121    17.5028     4.8361     50.727  32.377371     38.109      6.749   245.8330     2.9155     4.8783     0.0227     -0.021     -0.123     -0.177        235 3.4879e+02 0.0000e+00
     -0.179    17.5035     4.8343     50.710  32.332685     38.011      6.748   245.0380     2.9074     4.8380     0.0227     -0.048     -0.172     -0.249        236 3.4120e+02 0.0000e+00
     -0.222    17.5152     4.8218     50.568  32.388384     38.109      6.741   245.0759     2.9398     4.7977     0.0227     -0.078     -0.217     -0.315        237 3.3535e+02 0.0000e+00
     -0.265    17.5355     4.7912     50.230  32.456320     38.175      6.734   242.8423     2.9317     4.8917     0.0227     -0.108     -0.257     -0.374        238 3.2820e+02 0.0000e+00
     -0.303    17.5520     4.7547     49.830  32.396405     38.099      6.736   241.5930     2.8953     4.7977     0.0227     -0.135     -0.289     -0.420        239 3.2403e+02 0.0000e+00
     -0.316    17.5756     4.7153     49.401  32.403635     38.080      6.748   241.3280     2.3373    64.0418     0.0227     -0.148     -0.304     -0.442        240 3.2407e+02 0.0000e+00
     -0.314    17.6050     4.6852     49.073  32.447316     38.131      6.752   242.8802     2.3211    63.9612     0.0227     -0.145     -0.301     -0.437        241 3.2627e+02 0.0000e+00
     -0.294    17.6257     4.6838     49.051  32.460651     38.110      6.749   244.2809     2.3332    64.0418     0.0227     -0.119     -0.280     -0.406        242 3.3402e+02 0.0000e+00
     -0.247    17.6381     4.6887     49.100  32.446337     38.083      6.738   245.6816     2.3494    64.1090     0.0227     -0.071     -0.244     -0.353        243 3.4345e+02 0.0000e+00
     -0.204    17.6461     4.7228     49.445  32.465119     38.065      6.744   245.8330     1.0352    51.0436     0.0227     -0.016     -0.205     -0.298        244 3.4771e+02 0.0000e+00
     -0.178    17.6531     4.7512     49.736  32.496576     38.119      6.742   245.8330     1.0271    51.2450     0.0227      0.032     -0.175     -0.253        245 3.5251e+02 0.0000e+00
     -0.150    17.6552     4.7974     50.215  32.466493     38.047      6.745   244.2052     1.0352    51.1107     0.0227      0.073     -0.146     -0.210        246 3.5704e+02 0.0000e+00
     -0.115    17.6450     4.8379     50.624  32.443246     38.041      6.750   244.3566     1.0716    51.2450     0.0227      0.106     -0.117     -0.169        247 3.5993e+02 0.0000e+00
     -0.094    17.6278     4.8876     51.130  32.584811     38.169      6.748   245.0002     2.7416     5.0126     0.0228      0.121     -0.098     -0.141        248 3.6094e+02 0.0000e+00
     -0.091    17.6110     4.9267     51.528  32.705474     38.375      6.752   244.3945     2.7295     5.0529     0.0229      0.119     -0.089     -0.129        249 3.6161e+02 0.0000e+00
     -0.087    17.5958     4.9536     51.804  32.589627     38.194      6.754   244.4323     2.7376     5.0126     0.0228      0.103     -0.081     -0.117        250 3.6304e+02 0.0000e+00
     -0.067    17.5825     4.9652     51.918  32.551063     38.209      6.754   244.6973     2.7295     5.0797     0.0228      0.085     -0.066     -0.096        251 3.6898e+02 0.0000e+00
     -0.049    17.5756     4.9594     51.856  32.516243     38.157      6.748   244.0538     2.8508     5.0797     0.0227      0.072     -0.050     -0.073        252 3.6565e+02 0.0000e+00
     -0.038    17.5721     4.9465     51.722  32.455044     38.103      6.748   244.2430     2.8427     5.0932     0.0227      0.063     -0.037     -0.053        253 3.7334e+02 0.0000e+00
     -0.025    17.5625     4.9214     51.453  32.508613     38.176      6.748   242.8045     2.8589     5.0663     0.0227      0.055     -0.023     -0.034        254 3.6571e+02 0.0000e+00
     -0.008    17.5557     4.8885     51.107  32.449579     38.112      6.749   242.8802     2.8427     5.0529     0.0227      0.051     -0.008     -0.012        255 3.8276e+02 0.0000e+00
