Data/DataNotYetUploadedToEDI/Raw_CTD/2018_RawDownloads/101518_fcr10.cnv
* Sea-Bird SBE19plus  Data File:
* FileName = C:\DATA\101518_fcr_0001.hex
* Software version 2.6.3.104
* Temperature SN = 7809
* Conductivity SN = 7809
* System UpLoad Time = Oct 29 2018 16:36:30
* <ApplicationData>
* <Seaterm232>
# nquan = 17
# nvalues = 426                         
# units = specified
# name 0 = depFM: Depth [fresh water, m]
# name 1 = tv290C: Temperature [ITS-90, deg C]
# name 2 = sbeox0Mg/L: Oxygen, SBE 43 [mg/l]
# name 3 = sbeox0PS: Oxygen, SBE 43 [% saturation]
# name 4 = c0uS/cm: Conductivity [uS/cm]
# name 5 = specc: Specific Conductance [uS/cm]
# name 6 = ph: pH
# name 7 = orp: Oxidation Reduction Potential [mV]
# name 8 = flECO-AFL: Fluorescence, WET Labs ECO-AFL/FL [mg/m^3]
# name 9 = turbWETntu0: Turbidity, WET Labs ECO [NTU]
# name 10 = sal00: Salinity, Practical [PSU]
# name 11 = dz/dtM: Descent Rate [m/s]
# name 12 = prdM: Pressure, Strain Gauge [db]
# name 13 = prdE: Pressure, Strain Gauge [psi]
# name 14 = scan: Scan Count
# name 15 = par/sat/log: PAR/Logarithmic, Satlantic
# name 16 = flag:  0.000e+00
# span 0 =     -0.553,      2.519       
# span 1 =    16.1913,    17.4107       
# span 2 =     4.1083,     9.6334       
# span 3 =     42.831,    100.499       
# span 4 =   1.459222,  34.233615       
# span 5 =      1.726,     40.598       
# span 6 =      5.861,      8.346       
# span 7 = -1240.7455,  1240.2295       
# span 8 =    -0.2021,     4.5532       
# span 9 =    -0.2512,     5.1334       
# span 10 =     0.0089,     0.0237      
# span 11 =     -0.208,      0.189      
# span 12 =     -0.543,      2.470      
# span 13 =     -0.787,      3.581      
# span 14 =          1,        426      
# span 15 = 4.4866e+00, 5.3633e+02      
# span 16 = 0.0000e+00, 0.0000e+00      
# interval = seconds: 0.25
# start_time = Oct 15 2018 14:25:40 [Instrument's time stamp, header]
# bad_flag = -9.990e-29
*END*
[from data line 341]
      1.624    17.0256     5.7872     59.887  31.449987     37.409      6.682   249.7323     3.6838     4.9320     0.0222      0.057      1.594      2.312        342 1.4690e+01 0.0000e+00
      1.643    17.0218     5.7850     59.864  31.472686     37.443      6.680   249.6188     3.7040     4.7709     0.0222      0.058      1.611      2.336        343 1.4300e+01 0.0000e+00
      1.660    17.0169     5.7867     59.879  31.450658     37.412      6.679   249.6945     3.7283     4.8380     0.0222      0.059      1.626      2.358        344 1.4115e+01 0.0000e+00
      1.672    17.0123     5.7881     59.890  31.447752     37.415      6.678   249.7702     3.7364     4.8246     0.0222      0.059      1.639      2.377        345 1.3937e+01 0.0000e+00
      1.683    17.0091     5.7901     59.906  31.446652     37.420      6.677   250.0352     3.7606     4.8112     0.0222      0.058      1.651      2.394        346 1.3701e+01 0.0000e+00
      1.694    17.0072     5.7875     59.876  31.363071     37.324      6.675   250.1109     3.7647     4.7843     0.0222      0.057      1.661      2.409        347 1.3551e+01 0.0000e+00
      1.703    17.0058     5.7881     59.876  31.373855     37.327      6.677   249.8459     3.7364     4.8112     0.0222      0.054      1.672      2.424        348 1.3358e+01 0.0000e+00
      1.716    17.0029     5.7907     59.899  31.433233     37.428      6.679   250.4138     3.8253     4.8112     0.0222      0.052      1.684      2.441        349 1.3138e+01 0.0000e+00
      1.730    17.0000     5.7879     59.866  31.437438     37.396      6.682   250.5652     3.8213     4.7843     0.0222      0.049      1.695      2.459        350 1.2933e+01 0.0000e+00
      1.740    16.9999     5.7881     59.861  31.427927     37.432      6.677   250.6409     3.8132     4.8783     0.0222      0.046      1.705      2.474        351 1.2764e+01 0.0000e+00
      1.748    17.0010     5.7943     59.919  31.385766     37.335      6.677   250.7923     3.8294     4.8515     0.0222      0.044      1.714      2.486        352 1.2677e+01 0.0000e+00
      1.755    17.0002     5.7932     59.902  31.430605     37.435      6.676   250.9438     3.9790     4.8783     0.0222      0.042      1.721      2.496        353 1.2560e+01 0.0000e+00
      1.763    16.9984     5.7958     59.925  31.461083     37.434      6.680   250.7545     3.9749     4.7440     0.0222      0.040      1.729      2.507        354 1.2406e+01 0.0000e+00
      1.772    16.9958     5.8018     59.986  31.436792     37.434      6.679   250.9816     4.0235     4.7977     0.0222      0.038      1.738      2.521        355 1.2273e+01 0.0000e+00
      1.782    16.9923     5.8013     59.980  31.431183     37.403      6.679   250.7166     4.0235     4.8380     0.0222      0.036      1.748      2.536        356 1.2118e+01 0.0000e+00
      1.795    16.9890     5.8097     60.066  31.438412     37.438      6.680   251.0952     4.0639     4.6903     0.0222      0.036      1.760      2.553        357 1.1881e+01 0.0000e+00
      1.809    16.9850     5.8104     60.071  31.457449     37.442      6.680   251.2845     4.0679     4.5560     0.0222      0.037      1.774      2.572        358 1.1637e+01 0.0000e+00
      1.821    16.9815     5.8118     60.081  31.437145     37.444      6.679   251.4359     4.0720     4.5963     0.0222      0.040      1.786      2.590        359 1.1477e+01 0.0000e+00
      1.833    16.9780     5.8148     60.108  31.374724     37.348      6.682   251.6252     4.0598     4.5829     0.0222      0.043      1.799      2.608        360 1.1334e+01 0.0000e+00
      1.847    16.9729     5.8103     60.058  31.357219     37.351      6.678   251.8145     3.9426     4.6098     0.0222      0.046      1.813      2.628        361 1.1065e+01 0.0000e+00
      1.864    16.9677     5.8083     60.032  31.429280     37.421      6.681   252.2688     3.9426     4.7306     0.0222      0.050      1.827      2.649        362 1.0816e+01 0.0000e+00
      1.877    16.9635     5.8082     60.025  31.433309     37.459      6.678   252.4202     3.9305     4.5829     0.0222      0.052      1.840      2.668        363 1.0738e+01 0.0000e+00
      1.888    16.9605     5.8028     59.961  31.381858     37.364      6.678   252.4959     3.9183     4.5560     0.0222      0.053      1.851      2.685        364 1.0558e+01 0.0000e+00
      1.900    16.9595     5.8005     59.929  31.434008     37.467      6.676   252.1552     4.1529     4.8783     0.0222      0.052      1.863      2.703        365 1.0349e+01 0.0000e+00
      1.913    16.9594     5.8006     59.923  31.368414     37.370      6.679   252.5338     4.1448     4.8515     0.0222      0.052      1.876      2.721        366 1.0202e+01 0.0000e+00
      1.925    16.9585     5.7932     59.838  31.315229     37.304      6.678   252.2309     4.1165     4.7306     0.0222      0.051      1.888      2.738        367 1.0050e+01 0.0000e+00
      1.938    16.9566     5.7929     59.826  31.411239     37.438      6.680   252.0795     4.1205     4.8917     0.0222      0.051      1.900      2.755        368 9.8909e+00 0.0000e+00
      1.949    16.9534     5.7886     59.772  31.367541     37.372      6.678   252.8745     4.1165     4.6903     0.0222      0.049      1.911      2.771        369 9.7454e+00 0.0000e+00
      1.958    16.9496     5.7768     59.641  31.310305     37.307      6.677   252.7988     4.3429     4.8380     0.0222      0.047      1.921      2.785        370 9.6791e+00 0.0000e+00
      1.968    16.9464     5.7656     59.521  31.363858     37.376      6.676   253.1395     4.3267     4.7977     0.0222      0.046      1.930      2.799        371 9.5651e+00 0.0000e+00
      1.978    16.9430     5.7532     59.389  31.360201     37.380      6.675   252.9124     4.3267     4.7709     0.0222      0.044      1.940      2.814        372 9.4355e+00 0.0000e+00
      1.988    16.9380     5.7358     59.205  31.374164     37.383      6.672   253.1395     4.3065     4.9589     0.0222      0.043      1.951      2.829        373 9.3034e+00 0.0000e+00
      2.002    16.9315     5.7233     59.073  31.405789     37.452      6.675   252.8745     4.4036     4.9052     0.0222      0.042      1.963      2.848        374 9.1215e+00 0.0000e+00
      2.016    16.9250     5.7047     58.873  31.380150     37.390      6.674   253.3666     4.4197     4.7977     0.0222      0.043      1.976      2.867        375 8.9693e+00 0.0000e+00
      2.027    16.9187     5.6978     58.783  31.346767     37.396      6.672   253.7074     4.4036     4.8112     0.0222      0.043      1.987      2.883        376 8.8360e+00 0.0000e+00
      2.037    16.9123     5.6842     58.626  31.328726     37.335      6.672   253.5559     4.3591     4.9320     0.0222      0.044      1.998      2.899        377 8.7298e+00 0.0000e+00
      2.050    16.9055     5.6735     58.506  31.343300     37.407      6.674   253.6316     4.4480     4.9052     0.0222      0.046      2.011      2.917        378 8.5377e+00 0.0000e+00
      2.066    16.8974     5.6540     58.305  31.328635     37.346      6.673   253.7831     4.4885     4.8380     0.0222      0.048      2.025      2.936        379 8.3817e+00 0.0000e+00
      2.077    16.8906     5.6153     57.904  31.346981     37.419      6.673   254.1616     4.4763     4.8380     0.0222      0.049      2.036      2.952        380 8.3324e+00 0.0000e+00
      2.085    16.8868     5.5661     57.378  31.320471     37.360      6.671   254.3131     4.4683     4.7709     0.0222      0.048      2.044      2.964        381 8.2337e+00 0.0000e+00
      2.091    16.8836     5.5060     56.737  31.302324     37.366      6.670   254.4645     4.5249     4.7843     0.0222      0.045      2.051      2.974        382 8.1835e+00 0.0000e+00
      2.098    16.8800     5.4562     56.207  31.310264     37.369      6.671   254.6538     4.5168     4.7843     0.0222      0.042      2.060      2.986        383 8.1064e+00 0.0000e+00
      2.109    16.8777     5.4047     55.671  31.310592     37.372      6.669   254.1995     4.5532     4.8380     0.0222      0.040      2.070      3.001        384 7.9446e+00 0.0000e+00
      2.123    16.8711     5.3728     55.342  31.301917     37.375      6.671   254.4266     4.5249     4.7709     0.0222      0.040      2.083      3.021        385 7.7976e+00 0.0000e+00
      2.140    16.8561     5.3606     55.222  31.261756     37.311      6.671   254.9188     4.4885     4.8783     0.0221      0.040      2.098      3.042        386 7.6566e+00 0.0000e+00
      2.153    16.8421     5.3597     55.225  31.301268     37.383      6.667   254.9945     4.1245     4.9186     0.0222      0.041      2.110      3.060        387 7.5574e+00 0.0000e+00
      2.161    16.8344     5.3798     55.445  31.312053     37.397      6.668   255.0324     4.1771     4.7843     0.0222      0.043      2.119      3.074        388 7.4879e+00 0.0000e+00
      2.170    16.8342     5.3999     55.660  31.307645     37.409      6.667   255.2595     4.1690     4.9052     0.0222      0.045      2.129      3.089        389 7.3737e+00 0.0000e+00
      2.183    16.8321     5.4148     55.807  31.306760     37.416      6.668   254.9566     4.1326     4.8783     0.0222      0.047      2.141      3.106        390 7.2747e+00 0.0000e+00
      2.197    16.8177     5.4311     55.960  31.253853     37.349      6.670   255.2216     3.9224     4.7172     0.0221      0.048      2.155      3.125        391 7.1464e+00 0.0000e+00
      2.210    16.7986     5.4417     56.025  31.254879     37.351      6.669   255.3352     3.9345     4.8515     0.0221      0.048      2.166      3.142        392 7.0396e+00 0.0000e+00
      2.220    16.7847     5.4436     56.009  31.246181     37.364      6.668   255.5245     3.9588     4.8783     0.0221      0.046      2.176      3.157        393 6.9644e+00 0.0000e+00
      2.228    16.7800     5.4459     56.003  31.205379     37.314      6.667   255.8274     3.9790     4.8649     0.0221      0.044      2.183      3.167        394 6.8842e+00 0.0000e+00
      2.231    16.7799     5.4531     56.044  31.246360     37.394      6.664   255.4488     3.8213     4.6366     0.0221      0.042      2.188      3.173        395 6.8908e+00 0.0000e+00
      2.235    16.7842     5.4644     56.115  31.254491     37.398      6.664   255.7516     3.8132     4.6366     0.0221      0.039      2.192      3.179        396 6.8320e+00 0.0000e+00
      2.240    16.7946     5.5053     56.482  31.254566     37.398      6.659   255.9031     3.8374     4.6500     0.0221      0.034      2.196      3.185        397 6.8309e+00 0.0000e+00
      2.241    16.8071     5.5513     56.912  31.305570     37.461      6.660   256.0545     3.8294     4.6366     0.0222      0.027      2.198      3.189        398 6.8383e+00 0.0000e+00
      2.244    16.8119     5.5981     57.353  31.309624     37.451      6.662   256.1302     3.4371     4.5560     0.0222      0.021      2.200      3.192        399 6.7759e+00 0.0000e+00
      2.245    16.8085     5.6417     57.770  31.249516     37.374      6.657   256.2816     3.4210     4.6232     0.0221      0.016      2.203      3.195        400 6.7718e+00 0.0000e+00
      2.249    16.7934     5.6852     58.185  31.202457     37.302      6.657   255.7516     3.4210     4.7038     0.0221      0.013      2.208      3.202        401 6.6905e+00 0.0000e+00
      2.260    16.7581     5.6985     58.290  31.249580     37.373      6.657   255.7138     3.4088     4.6366     0.0221      0.014      2.217      3.217        402 6.5880e+00 0.0000e+00
      2.275    16.7261     5.7235     58.530  31.309482     37.451      6.657   255.9788     3.0287     4.6098     0.0222      0.018      2.231      3.236        403 6.4697e+00 0.0000e+00
      2.291    16.7018     5.7259     58.542  31.454091     37.652      6.657   256.5088     3.0287     4.5695     0.0222      0.024      2.245      3.255        404 6.3930e+00 0.0000e+00
      2.300    16.6726     5.7306     58.568  31.573721     37.848      6.652   256.2438     3.0328     4.6098     0.0223      0.031      2.255      3.270        405 6.3524e+00 0.0000e+00
      2.306    16.6349     5.7286     58.539  31.575753     37.836      6.649   256.5466     3.0328     4.6366     0.0223      0.036      2.263      3.281        406 6.2980e+00 0.0000e+00
      2.315    16.5913     5.7201     58.423  31.599836     37.930      6.652   256.5088     3.1743     4.7038     0.0223      0.039      2.273      3.296        407 6.1573e+00 0.0000e+00
      2.331    16.5543     5.7197     58.397  31.632722     37.964      6.650   256.7738     3.1783     4.4889     0.0223      0.043      2.289      3.320        408 5.8983e+00 0.0000e+00
      2.358    16.5238     5.7195     58.386  31.712762     38.139      6.645   256.6224     3.1622     4.5158     0.0224      0.048      2.312      3.353        409 5.6723e+00 0.0000e+00
      2.384    16.4988     5.7223     58.366  31.796774     38.240      6.639   257.0766     3.1905     4.5695     0.0224      0.055      2.335      3.386        410 5.4932e+00 0.0000e+00
      2.402    16.4740     5.7327     58.405  31.854367     38.369      6.632   256.8874     3.1541     4.5023     0.0225      0.060      2.352      3.411        411 5.4534e+00 0.0000e+00
      2.410    16.4489     5.7425     58.457  31.848672     38.358      6.620   256.5845     3.3967     4.8380     0.0224      0.064      2.362      3.426        412 5.4425e+00 0.0000e+00
      2.416    16.4363     5.7591     58.599  31.833526     38.381      6.619   256.4709     3.3563     4.7709     0.0224      0.065      2.369      3.436        413 5.3639e+00 0.0000e+00
      2.421    16.4246     5.7867     58.872  31.932534     38.506      6.613   257.1902     3.3522     4.7440     0.0225      0.063      2.374      3.444        414 5.3281e+00 0.0000e+00
      2.426    16.4093 -9.990e-29 -9.990e-29  31.962694     38.585      6.614   256.5466     3.3643     4.7843     0.0225      0.056      2.382      3.454        415 5.2709e+00 0.0000e+00
      2.439    16.3994 -9.990e-29 -9.990e-29  31.944264     38.527      6.614   256.6224     3.2754     4.6098     0.0225      0.047      2.393      3.471        416 5.1132e+00 0.0000e+00
      2.457    16.3772 -9.990e-29 -9.990e-29  32.044434     38.712      6.615   257.1145     3.2471     4.6366     0.0226      0.041      2.407      3.491        417 5.0097e+00 0.0000e+00
      2.468    16.3593 -9.990e-29 -9.990e-29  32.104920     38.753      6.614   257.0766     3.2066     4.5426     0.0226      0.037      2.418      3.507        418 5.0271e+00 0.0000e+00
      2.472    16.3505 -9.990e-29 -9.990e-29  32.076571     38.775      6.614   256.9252     3.2188     4.5560     0.0226      0.036      2.425      3.518        419 4.9738e+00 0.0000e+00
      2.480    16.3125 -9.990e-29 -9.990e-29  32.109376     38.792      6.616   256.7738     2.9964     4.6769     0.0226      0.038      2.433      3.529        420 4.8984e+00 0.0000e+00
      2.491    16.2583 -9.990e-29 -9.990e-29  32.242023     39.002      6.618   257.0766     2.9883     4.6232     0.0227      0.039      2.443      3.543        421 4.8518e+00 0.0000e+00
      2.501    16.2193 -9.990e-29 -9.990e-29  32.267345     39.038      6.620   257.1902     2.9640     4.5560     0.0227      0.040      2.452      3.556        422 4.7524e+00 0.0000e+00
      2.507    16.1980 -9.990e-29 -9.990e-29  32.255800     39.090      6.617   257.1145     2.9721     4.5829     0.0227      0.039      2.459      3.566        423 4.6871e+00 0.0000e+00
      2.512    16.1913 -9.990e-29 -9.990e-29  32.345373     39.229      6.614   257.1145     2.3979     4.6769     0.0227      0.035      2.464      3.573        424 4.5676e+00 0.0000e+00
      2.518 -9.990e-29 -9.990e-29 -9.990e-29  32.304160     39.215      6.616   257.3416     2.3939     4.7038     0.0227      0.031      2.468      3.579        425 4.4866e+00 0.0000e+00
      2.519 -9.990e-29 -9.990e-29 -9.990e-29  32.218138     39.086      6.611   257.5688     2.4100     4.7038     0.0226      0.028      2.470      3.581        426 4.5196e+00 0.0000e+00
