Data/DataNotYetUploadedToEDI/Raw_CTD/2018_RawDownloads/101518_fcr10.cnv
* Sea-Bird SBE19plus  Data File:
* FileName = C:\DATA\101518_fcr_0001.hex
* Software version 2.6.3.104
* Temperature SN = 7809
* Conductivity SN = 7809
* System UpLoad Time = Oct 29 2018 16:36:30
* <ApplicationData>
* <Seaterm232>
# nquan = 17
# nvalues = 426                         
# units = specified
# name 0 = depFM: Depth [fresh water, m]
# name 1 = tv290C: Temperature [ITS-90, deg C]
# name 2 = sbeox0Mg/L: Oxygen, SBE 43 [mg/l]
# name 3 = sbeox0PS: Oxygen, SBE 43 [% saturation]
# name 4 = c0uS/cm: Conductivity [uS/cm]
# name 5 = specc: Specific Conductance [uS/cm]
# name 6 = ph: pH
# name 7 = orp: Oxidation Reduction Potential [mV]
# name 8 = flECO-AFL: Fluorescence, WET Labs ECO-AFL/FL [mg/m^3]
# name 9 = turbWETntu0: Turbidity, WET Labs ECO [NTU]
# name 10 = sal00: Salinity, Practical [PSU]
# name 11 = dz/dtM: Descent Rate [m/s]
# name 12 = prdM: Pressure, Strain Gauge [db]
# name 13 = prdE: Pressure, Strain Gauge [psi]
# name 14 = scan: Scan Count
# name 15 = par/sat/log: PAR/Logarithmic, Satlantic
# name 16 = flag:  0.000e+00
# span 0 =     -0.553,      2.519       
# span 1 =    16.1913,    17.4107       
# span 2 =     4.1083,     9.6334       
# span 3 =     42.831,    100.499       
# span 4 =   1.459222,  34.233615       
# span 5 =      1.726,     40.598       
# span 6 =      5.861,      8.346       
# span 7 = -1240.7455,  1240.2295       
# span 8 =    -0.2021,     4.5532       
# span 9 =    -0.2512,     5.1334       
# span 10 =     0.0089,     0.0237      
# span 11 =     -0.208,      0.189      
# span 12 =     -0.543,      2.470      
# span 13 =     -0.787,      3.581      
# span 14 =          1,        426      
# span 15 = 4.4866e+00, 5.3633e+02      
# span 16 = 0.0000e+00, 0.0000e+00      
# interval = seconds: 0.25
# start_time = Oct 15 2018 14:25:40 [Instrument's time stamp, header]
# bad_flag = -9.990e-29
*END*
[from data line 171]
     -0.078    17.3679     5.0120     52.234  32.125736     37.898      6.743   214.6008     1.8156     4.7709     0.0226      0.086     -0.076     -0.110        172 3.8297e+02 0.0000e+00
     -0.028    17.3675     5.0790     52.915  32.140208     37.933      6.751   214.9794     1.8156     4.9320     0.0226      0.109     -0.030     -0.044        173 3.6152e+02 0.0000e+00
      0.014    17.3671     5.1941     54.108  32.093524     37.868      6.751   215.5472     1.8075     4.8112     0.0225      0.130      0.010      0.015        174 3.0513e+02 0.0000e+00
      0.046    17.3674     5.3331     55.555  32.094875     37.868      6.751   215.4715     1.8358     4.9186     0.0225      0.148      0.043      0.063        175 2.5034e+02 0.0000e+00
      0.074    17.3672     5.4791     57.074  32.197834     38.001      6.749   215.6230     1.7914     4.8380     0.0226      0.157      0.071      0.103        176 2.3532e+02 0.0000e+00
      0.095    17.3665     5.6153     58.493  32.143314     37.934      6.745   216.1908     2.0542     4.9052     0.0226      0.154      0.093      0.135        177 2.3450e+02 0.0000e+00
      0.116    17.3656     5.7376     59.767  32.073763     37.836      6.746   219.2573     2.0219     4.7977     0.0225      0.143      0.115      0.167        178 2.1162e+02 0.0000e+00
      0.142    17.3648     5.8362     60.795  32.136120     37.935      6.742   219.6358     1.9935     4.8380     0.0226      0.128      0.136      0.197        179 1.9161e+02 0.0000e+00
      0.158    17.3638     5.8894     61.350  32.273287     38.068      6.738   220.2415     2.0138     4.8380     0.0226      0.112      0.152      0.220        180 1.8759e+02 0.0000e+00
      0.164    17.3578     5.9301     61.774  32.229252     38.069      6.736   220.2794     2.5475     4.8515     0.0226      0.094      0.160      0.232        181 1.8936e+02 0.0000e+00
      0.169    17.3423     5.9359     61.837  32.013002     37.740      6.736   220.7715     2.5394     4.8649     0.0225      0.078      0.165      0.240        182 1.8351e+02 0.0000e+00
      0.174    17.3269     5.9227     61.701  31.949340     37.745      6.736   220.6958     2.5233     4.9589     0.0225      0.064      0.169      0.246        183 1.8058e+02 0.0000e+00
      0.177    17.3212     5.9101     61.569  31.952642     37.693      6.737   221.2637     2.5435     4.8917     0.0225      0.051      0.171      0.249        184 1.8302e+02 0.0000e+00
      0.173    17.3199     5.8858     61.316  31.890285     37.707      6.732   221.4151     2.6567     4.6769     0.0225      0.037      0.170      0.247        185 1.8596e+02 0.0000e+00
      0.170    17.3185     5.8707     61.159  31.819376     37.547      6.729   221.6423     2.6446     4.5963     0.0224      0.023      0.168      0.243        186 1.8787e+02 0.0000e+00
      0.169    17.3183     5.8535     60.980  31.892625     37.713      6.730   221.7180     2.6527     4.7575     0.0225      0.011      0.167      0.242        187 1.8592e+02 0.0000e+00
      0.171    17.3186     5.8348     60.785  31.858435     37.615      6.730   219.8251     2.6527     4.6366     0.0224      0.005      0.168      0.244        188 1.8381e+02 0.0000e+00
      0.174    17.3192     5.8228     60.664  31.832273     37.615      6.728   220.1658     2.7133     4.5560     0.0224      0.002      0.170      0.247        189 1.8291e+02 0.0000e+00
      0.175    17.3197     5.8105     60.540  31.865878     37.648      6.733   219.4844     2.7012     4.6769     0.0224      0.001      0.171      0.250        190 1.8257e+02 0.0000e+00
      0.178    17.3202     5.7943     60.370  31.786962     37.548      6.736   220.2415     2.6931     4.5426     0.0224      0.001      0.174      0.253        191 1.7981e+02 0.0000e+00
      0.180    17.3213     5.7833     60.253  31.782218     37.548      6.739   219.8251     2.7376     4.6500     0.0224      0.003      0.177      0.256        192 1.7792e+02 0.0000e+00
      0.182    17.3221     5.7728     60.140  31.842129     37.614      6.735   220.1658     2.6688     4.6635     0.0224      0.006      0.179      0.259        193 1.7813e+02 0.0000e+00
      0.183    17.3223     5.7678     60.085  31.831014     37.613      6.738   220.3930     2.6567     4.5560     0.0224      0.007      0.179      0.260        194 1.7769e+02 0.0000e+00
      0.182    17.3223     5.7653     60.057  31.855354     37.612      6.738   221.3015     2.6405     4.6366     0.0224      0.007      0.178      0.259        195 1.7881e+02 0.0000e+00
      0.180    17.3224     5.7653     60.061  31.841491     37.645      6.740   223.2701     2.6607     4.6098     0.0224      0.005      0.176      0.255        196 1.8368e+02 0.0000e+00
      0.176    17.3227     5.7625     60.033  31.759309     37.480      6.736   224.4058     2.7457     4.9320     0.0224      0.002      0.172      0.250        197 1.8465e+02 0.0000e+00
      0.171    17.3230     5.7608     60.019  31.809364     37.612      6.737   224.3680     2.6891     4.8380     0.0224     -0.001      0.168      0.244        198 1.8757e+02 0.0000e+00
      0.166    17.3261     5.7623     60.038  31.868157     37.611      6.738   224.5573     2.7133     4.8112     0.0224     -0.006      0.163      0.238        199 1.9124e+02 0.0000e+00
      0.163    17.3293     5.7597     60.013  31.893713     37.710      6.739   224.8223     2.6971     4.8783     0.0225     -0.010      0.160      0.233        200 1.9138e+02 0.0000e+00
      0.162    17.3284     5.7589     60.008  31.866519     37.608      6.739   224.8980     2.7457     4.8649     0.0224     -0.012      0.159      0.231        201 1.9075e+02 0.0000e+00
      0.162    17.3261     5.7557     59.975  31.842693     37.638      6.736   225.2008     2.4060     4.6635     0.0224     -0.012      0.159      0.232        202 1.9020e+02 0.0000e+00
      0.164    17.3232     5.7507     59.923  31.804750     37.540      6.736   225.2008     2.3615     4.5829     0.0224     -0.011      0.160      0.233        203 1.8974e+02 0.0000e+00
      0.164    17.3206     5.7409     59.821  31.765472     37.542      6.736   225.9201     2.3736     4.6098     0.0224     -0.008      0.160      0.233        204 1.8936e+02 0.0000e+00
      0.163    17.3201     5.7319     59.727  31.802616     37.545      6.735   225.7687     2.4141     4.6366     0.0224     -0.005      0.160      0.232        205 1.9054e+02 0.0000e+00
      0.162    17.3223     5.7286     59.693  31.817832     37.613      6.737   226.3366     2.2685     4.6366     0.0224     -0.003      0.159      0.231        206 1.9081e+02 0.0000e+00
      0.162    17.3242     5.7220     59.625  31.805843     37.548      6.740   226.3366     2.2362     4.5560     0.0224     -0.001      0.159      0.232        207 1.9008e+02 0.0000e+00
      0.164    17.3260     5.7199     59.604  31.847189     37.645      6.737   226.7530     2.2604     4.7038     0.0224      0.000      0.160      0.233        208 1.8925e+02 0.0000e+00
      0.166    17.3291     5.7202     59.607  31.796030     37.544      6.737   226.6394     2.2604     4.6232     0.0224      0.001      0.163      0.236        209 1.8734e+02 0.0000e+00
      0.168    17.3316     5.7240     59.647  31.780550     37.542      6.738   226.9044     2.3211     4.5560     0.0224      0.002      0.165      0.239        210 1.8577e+02 0.0000e+00
      0.169    17.3332     5.7261     59.669  31.836801     37.606      6.737   227.3208     2.3332     4.6366     0.0224      0.003      0.166      0.241        211 1.8481e+02 0.0000e+00
      0.171    17.3343     5.7347     59.757  31.785333     37.537      6.738   227.2073     2.3494     4.5560     0.0224      0.004      0.167      0.243        212 1.8396e+02 0.0000e+00
      0.172    17.3344     5.7344     59.753  31.785293     37.536      6.736   227.6237     2.3292     4.5829     0.0224      0.005      0.168      0.244        213 1.8352e+02 0.0000e+00
      0.171    17.3340     5.7377     59.788  31.807195     37.568      6.736   227.8130     2.3292     4.6366     0.0224      0.006      0.168      0.244        214 1.8325e+02 0.0000e+00
      0.172    17.3339     5.7429     59.843  31.787729     37.535      6.734   228.1916     2.3292     4.7709     0.0224      0.005      0.168      0.245        215 1.8271e+02 0.0000e+00
      0.173    17.3341     5.7412     59.827  31.779867     37.535      6.735   227.9266     2.3251     4.6903     0.0224      0.004      0.169      0.246        216 1.8153e+02 0.0000e+00
      0.174    17.3343     5.7436     59.853  31.787325     37.535      6.735   228.1159     2.3292     4.6366     0.0224      0.003      0.171      0.248        217 1.8123e+02 0.0000e+00
      0.175    17.3348     5.7428     59.843  31.778445     37.535      6.734   228.4566     2.3939     4.6769     0.0224      0.003      0.171      0.248        218 1.8105e+02 0.0000e+00
      0.175    17.3354     5.7461     59.873  31.790918     37.535      6.732   228.7594     2.3736     4.6635     0.0224      0.002      0.171      0.248        219 1.8043e+02 0.0000e+00
      0.175    17.3356     5.7434     59.844  31.801456     37.568      6.732   228.9866     2.3979     4.6903     0.0224      0.002      0.172      0.249        220 1.7993e+02 0.0000e+00
      0.176    17.3352     5.7440     59.853  31.794984     37.534      6.731   228.9487     2.3939     4.6232     0.0224      0.002      0.173      0.250        221 1.7972e+02 0.0000e+00
      0.176    17.3345     5.7443     59.857  31.828626     37.600      6.728   229.2894     2.3979     4.6366     0.0224      0.002      0.173      0.251        222 1.7978e+02 0.0000e+00
      0.177    17.3335     5.7477     59.892  31.789243     37.534      6.730   229.4030     2.3373     4.6366     0.0224      0.002      0.173      0.251        223 1.7902e+02 0.0000e+00
      0.177    17.3339     5.7462     59.875  31.784689     37.535      6.732   229.1001     2.3575     4.6366     0.0224      0.002      0.174      0.253        224 1.7762e+02 0.0000e+00
      0.180    17.3351     5.7527     59.941  31.834293     37.602      6.728   229.8951     2.3130     4.5695     0.0224      0.002      0.177      0.257        225 1.7533e+02 0.0000e+00
      0.185    17.3363     5.7514     59.925  31.846125     37.601      6.732   229.4787     2.3251     4.7038     0.0224      0.004      0.181      0.263        226 1.7173e+02 0.0000e+00
      0.190    17.3372     5.7525     59.935  31.799618     37.567      6.730   229.9709     2.4020     4.6098     0.0224      0.007      0.185      0.269        227 1.7030e+02 0.0000e+00
      0.191    17.3354     5.7565     59.975  31.743904     37.467      6.726   229.9709     2.4060     4.6500     0.0224      0.008      0.185      0.270        228 1.7315e+02 0.0000e+00
      0.186    17.3320     5.7584     59.996  31.767193     37.532      6.723   229.9330     2.3979     4.5829     0.0224      0.008      0.183      0.265        229 1.7655e+02 0.0000e+00
      0.181    17.3315     5.7532     59.945  31.740982     37.468      6.721   230.0844     2.3979     4.5829     0.0224      0.006      0.179      0.259        230 1.7819e+02 0.0000e+00
      0.179    17.3334     5.7529     59.945  31.776525     37.537      6.716   229.8951     2.3858     4.6635     0.0224      0.002      0.176      0.254        231 1.7943e+02 0.0000e+00
      0.177    17.3349     5.7464     59.883  31.841574     37.603      6.714   230.0466     2.4060     4.6366     0.0224     -0.001      0.175      0.253        232 1.8125e+02 0.0000e+00
      0.178    17.3344     5.7433     59.862  31.808294     37.569      6.712   230.3494     2.3979     4.5963     0.0224     -0.004      0.175      0.253        233 1.8111e+02 0.0000e+00
      0.177    17.3324     5.7466     59.906  31.788288     37.534      6.714   229.7816     2.3898     4.6366     0.0224     -0.007      0.174      0.252        234 1.8059e+02 0.0000e+00
      0.176    17.3310     5.7483     59.935  31.777512     37.535      6.712   230.6144     1.9935     4.6232     0.0224     -0.008      0.174      0.252        235 1.7938e+02 0.0000e+00
      0.179    17.3296     5.7454     59.921  31.792051     37.537      6.714   231.0309     2.0097     4.6366     0.0224     -0.006      0.177      0.256        236 1.7297e+02 0.0000e+00
      0.186    17.3282     5.7451     59.929  31.770195     37.538      6.718   229.4787     2.0178     4.6769     0.0224     -0.001      0.182      0.264        237 1.6818e+02 0.0000e+00
      0.192    17.3273     5.7491     59.977  31.804714     37.539      6.718   231.7123     2.0016     4.5560     0.0224      0.004      0.183      0.264        238 1.6671e+02 0.0000e+00
      0.180    17.3277     5.7543     60.036  31.838052     37.639      6.712   231.1444     2.2523     4.6769     0.0224      0.004      0.169      0.244        239 1.9306e+02 0.0000e+00
      0.143    17.3301     5.7526     60.017  31.758358     37.475      6.702   229.8194     2.2604     4.6366     0.0224     -0.006      0.135      0.196        240 2.2077e+02 0.0000e+00
      0.091    17.3334     5.7560     60.050  31.755627     37.541      6.688   229.5544     2.2766     4.6232     0.0224     -0.028      0.088      0.128        241 2.9164e+02 0.0000e+00
      0.036    17.3382     5.7487     59.970  31.752493     37.473      6.673   229.9709     2.2726     4.6098     0.0224     -0.059      0.034      0.050        242 3.8161e+02 0.0000e+00
     -0.022    17.3463     5.7425     59.897  31.762258     37.536      6.667   229.6301     2.2402     4.5829     0.0224     -0.096     -0.023     -0.033        243 3.8260e+02 0.0000e+00
     -0.083    17.3550     5.7349     59.802  31.802778     37.532      6.665   229.9709     2.0582     4.4755     0.0224     -0.136     -0.080     -0.116        244 3.8591e+02 0.0000e+00
     -0.138    17.3643     5.7255     59.699  31.850327     37.623      6.676   230.1980     2.0704     4.5695     0.0224     -0.172     -0.133     -0.193        245 3.7914e+02 0.0000e+00
     -0.186    17.3765     5.7185     59.627  31.851345     37.583      6.687   230.0087     2.0785     4.6903     0.0224     -0.198     -0.179     -0.260        246 3.7812e+02 0.0000e+00
     -0.225    17.3860     5.7144     59.581  31.831160     37.575      6.697   230.3873     2.0704     4.6769     0.0224     -0.208     -0.217     -0.315        247 3.9467e+02 0.0000e+00
     -0.257    17.3911     5.7122     59.551  31.845787     37.563      6.694   230.2737     2.0016     4.5426     0.0224     -0.203     -0.245     -0.355        248 3.8637e+02 0.0000e+00
     -0.268    17.3938     5.7168     59.591  31.833135     37.555      6.699   230.4630     1.9935     4.5829     0.0224     -0.185     -0.257     -0.372        249 3.9286e+02 0.0000e+00
     -0.260    17.3935     5.7148     59.568  31.846902     37.551      6.691   230.6144     2.0219     4.5829     0.0224     -0.154     -0.253     -0.367        250 3.8834e+02 0.0000e+00
     -0.248    17.3911     5.7238     59.663  31.858307     37.581      6.681   230.5387     2.0178     4.6500     0.0224     -0.115     -0.241     -0.350        251 3.8742e+02 0.0000e+00
     -0.230    17.3884     5.7212     59.633  31.848595     37.548      6.679   230.8794     1.9935     4.6098     0.0224     -0.073     -0.224     -0.325        252 3.9005e+02 0.0000e+00
     -0.208    17.3814     5.7326     59.743  31.829335     37.551      6.672   231.5230     1.9976     4.6232     0.0224     -0.030     -0.202     -0.294        253 3.9007e+02 0.0000e+00
     -0.181    17.3698     5.7320     59.727  31.793317     37.487      6.662   231.5230     2.0178     4.6366     0.0224      0.009     -0.177     -0.257        254 3.9172e+02 0.0000e+00
     -0.154    17.3648     5.7358     59.756  31.774809     37.493      6.657   231.7123     2.0097     4.6098     0.0224      0.043     -0.152     -0.220        255 3.8419e+02 0.0000e+00
