Data/DataNotYetUploadedToEDI/Raw_CTD/2018_RawDownloads/101518_fcr50.cnv
* Sea-Bird SBE19plus  Data File:
* FileName = C:\DATA\101518_fcr_0005.hex
* Software version 2.6.3.104
* Temperature SN = 7809
* Conductivity SN = 7809
* System UpLoad Time = Oct 29 2018 16:37:51
* <ApplicationData>
* <Seaterm232>
# nquan = 17
# nvalues = 899                         
# units = specified
# name 0 = depFM: Depth [fresh water, m]
# name 1 = tv290C: Temperature [ITS-90, deg C]
# name 2 = sbeox0Mg/L: Oxygen, SBE 43 [mg/l]
# name 3 = sbeox0PS: Oxygen, SBE 43 [% saturation]
# name 4 = c0uS/cm: Conductivity [uS/cm]
# name 5 = specc: Specific Conductance [uS/cm]
# name 6 = ph: pH
# name 7 = orp: Oxidation Reduction Potential [mV]
# name 8 = flECO-AFL: Fluorescence, WET Labs ECO-AFL/FL [mg/m^3]
# name 9 = turbWETntu0: Turbidity, WET Labs ECO [NTU]
# name 10 = sal00: Salinity, Practical [PSU]
# name 11 = dz/dtM: Descent Rate [m/s]
# name 12 = prdM: Pressure, Strain Gauge [db]
# name 13 = prdE: Pressure, Strain Gauge [psi]
# name 14 = scan: Scan Count
# name 15 = par/sat/log: PAR/Logarithmic, Satlantic
# name 16 = flag:  0.000e+00
# span 0 =     -0.552,      9.785       
# span 1 =    12.8490,    21.2329       
# span 2 =    -0.0816,     9.3617       
# span 3 =     -0.832,     98.448       
# span 4 =   0.137262, 178.205593       
# span 5 =      0.672,    236.048       
# span 6 =      6.123,      7.871       
# span 7 =  -602.8130,  1240.2295       
# span 8 =    -0.1941,     3.9021       
# span 9 =    -0.4526,    86.8022       
# span 10 =     0.0104,     0.1117      
# span 11 =     -0.148,      0.197      
# span 12 =     -0.541,      9.596      
# span 13 =     -0.784,     13.918      
# span 14 =          1,        899      
# span 15 = 1.2447e-01, 3.8276e+02      
# span 16 = 0.0000e+00, 0.0000e+00      
# interval = seconds: 0.25
# start_time = Oct 15 2018 17:33:24 [Instrument's time stamp, header]
# bad_flag = -9.990e-29
*END*
     -0.551    21.2031     8.6812     97.779   2.392020      2.695      6.255  -150.4188    -0.1496    -0.2243     0.0107      0.000     -0.541     -0.784          1 2.8337e+02 0.0000e+00
     -0.551    21.2036     8.6789     97.755   1.348636      1.367      6.275  -179.5310    -0.1900    -0.2914     0.0105      0.000     -0.540     -0.784          2 2.7517e+02 0.0000e+00
     -0.551    21.2037     8.6779     97.746   1.066283      1.185      6.273  -226.2090    -0.1738    -0.1974     0.0104      0.000     -0.540     -0.784          3 2.7540e+02 0.0000e+00
     -0.552    21.2039     8.6763     97.734   1.144556      1.246      6.267  -271.3349    -0.1658     0.0577     0.0104     -0.000     -0.540     -0.784          4 2.6950e+02 0.0000e+00
     -0.551    21.2039     8.6727     97.697   0.629478      0.672      6.269  -367.4544    -0.1496    -0.0229     0.0104      0.000     -0.540     -0.784          5 2.4988e+02 0.0000e+00
     -0.551    21.2037     8.6709     97.679   1.203970      1.246      6.268  -507.4127    -0.1860     0.0040     0.0104     -0.000     -0.541     -0.784          6 2.5605e+02 0.0000e+00
     -0.551    21.2036     8.6746     97.723   1.495476      1.759      6.266  -446.1218    -0.1779     0.0040     0.0105     -0.000     -0.541     -0.784          7 2.6986e+02 0.0000e+00
     -0.552    21.2042     8.6757     97.737   1.154923      1.065      6.265  -602.8130    -0.1536    -0.0497     0.0104     -0.000     -0.541     -0.784          8 2.7670e+02 0.0000e+00
     -0.551    21.2051     8.6736     97.713   1.627787      1.940      6.270  -566.9622    -0.1577     0.0845     0.0105     -0.000     -0.541     -0.784          9 2.9456e+02 0.0000e+00
     -0.551    21.2062     8.6713     97.688   1.439947      1.427      6.275    25.6931    -0.1698    -0.0229     0.0105     -0.000     -0.541     -0.784         10 3.2419e+02 0.0000e+00
     -0.551    21.2069     8.6688     97.661   1.181425      1.366      6.259   695.9936    -0.1860    -0.0229     0.0105      0.000     -0.541     -0.784         11 3.0457e+02 0.0000e+00
     -0.552    21.2082     8.6691     97.664   1.268529      1.306      6.257   559.2532    -0.1738    -0.0229     0.0105      0.000     -0.541     -0.784         12 2.4234e+02 0.0000e+00
     -0.551    21.2094     8.6819     97.670   1.094688      1.246      6.269   382.7249    -0.1658    -0.1840     0.0104      0.000     -0.540     -0.784         13 2.1750e+02 0.0000e+00
     -0.551    21.2121     8.8006     97.642   1.042479      1.064      6.273   309.3197    -0.1496    -0.2914     0.0104      0.000     -0.540     -0.784         14 1.9137e+02 0.0000e+00
     -0.551    21.2137     8.9307     97.628   0.978213      1.125      6.279   244.9245    -0.1779    -0.2377     0.0104      0.000     -0.540     -0.783         15 1.7868e+02 0.0000e+00
     -0.550    21.2162     9.0100     97.565   0.997023      1.004      6.284   113.5977    -0.1698    -0.1706     0.0104      0.000     -0.540     -0.783         16 1.6885e+02 0.0000e+00
     -0.551    21.2151     9.0783     97.501   0.900642      1.064      6.287   147.4799    -0.1779    -0.1706     0.0104      0.000     -0.540     -0.784         17 1.4552e+02 0.0000e+00
     -0.551    21.2191     9.1502     97.506   0.979728      0.944      6.288   417.8943    -0.1941    -0.2243     0.0104      0.000     -0.540     -0.784         18 1.3783e+02 0.0000e+00
     -0.551    21.2142     9.1999     97.501   0.780173      1.004      6.292    93.2305    -0.1577    -0.1706     0.0104      0.000     -0.540     -0.784         19 1.3678e+02 0.0000e+00
     -0.551    21.2236     9.2374     97.600   0.882523      0.732      6.293   -38.7778    -0.1698    -0.2243     0.0104      0.000     -0.541     -0.784         20 1.4902e+02 0.0000e+00
     -0.551    21.2090     9.2703     97.724   0.585893      0.944      6.297   -79.9286    -0.1779    -0.2243     0.0104     -0.000     -0.541     -0.784         21 1.6468e+02 0.0000e+00
     -0.551    21.2329     9.3003     97.882   1.208536      0.853      6.298  -127.8937    -0.1698    -0.1974     0.0104     -0.000     -0.540     -0.783         22 1.8636e+02 0.0000e+00
     -0.550    21.1152     9.3217     98.057   0.137262      0.853      6.299  -159.4288    -0.1415    -0.1572     0.0104      0.000     -0.537     -0.779         23 2.2597e+02 0.0000e+00
     -0.550    20.4467     9.3451     98.290   1.771040      0.793      6.296  -319.1864    -0.1577    -0.1706     0.0104      0.000     -0.511     -0.742         24 2.7740e+02 0.0000e+00
     -0.455    19.6908     9.3553     98.372  17.272857     19.393      6.480  1240.2295    -0.1091    -0.4391     0.0163      0.026     -0.445     -0.646         25 3.1229e+02 0.0000e+00
     -0.362    19.2171     9.3608     98.438  30.319696     33.281      7.155   314.4304    -0.1213    -0.4123     0.0216      0.068     -0.366     -0.532         26 3.2147e+02 0.0000e+00
     -0.307    18.8072     9.3617     98.448  32.533191     36.557      7.565   289.5960    -0.0970    -0.4526     0.0228      0.113     -0.309     -0.449         27 3.2334e+02 0.0000e+00
     -0.277    18.4263     9.3521     98.350  32.601433     36.759      7.761   283.3496    -0.0768    -0.3452     0.0227      0.151     -0.269     -0.391         28 3.2395e+02 0.0000e+00
     -0.237    18.1574     9.3368     98.204  32.399586     37.037      7.867   281.0024    -0.1011    -0.3854     0.0227      0.180     -0.235     -0.341         29 3.2308e+02 0.0000e+00
     -0.205    18.0067     9.3329     98.193  32.488034     37.366      7.871   272.7117     1.0190    86.5873     0.0227      0.197     -0.205     -0.297         30 3.2080e+02 0.0000e+00
     -0.185    17.8955     9.3218     98.115  32.432214     37.597      7.841   270.3267     1.0109    86.5873     0.0227      0.197     -0.184     -0.266         31 3.1960e+02 0.0000e+00
     -0.171    17.8177     9.3129     98.029  32.469173     37.728      7.768   264.6860     1.0514    86.6410     0.0227      0.177     -0.169     -0.244         32 3.2027e+02 0.0000e+00
     -0.160    17.7921     9.1920     96.739  32.501425     37.891      7.690   261.4681     1.0473    86.8022     0.0227      0.135     -0.154     -0.224         33 3.2143e+02 0.0000e+00
     -0.139    17.7842     9.0594     95.299  32.570053     38.026      7.628   259.0074     2.6001     8.3696     0.0228      0.105     -0.139     -0.200         34 3.2051e+02 0.0000e+00
     -0.126    17.7737     8.9301     93.879  32.621031     38.113      7.570   257.6445     2.6082     8.4233     0.0228      0.087     -0.125     -0.180         35 3.1942e+02 0.0000e+00
     -0.116    17.7757     8.6954     91.355  32.734538     38.250      7.521   256.2438     2.5839     8.5039     0.0228      0.074     -0.114     -0.165         36 3.2123e+02 0.0000e+00
     -0.105    17.7775     8.3283     87.440  32.814304     38.359      7.474   256.2059     2.5839     8.5710     0.0229      0.062     -0.105     -0.152         37 3.2322e+02 0.0000e+00
     -0.101    17.7783     7.9044     82.936  32.877618     38.421      7.448   254.8052     3.0409     4.7709     0.0229      0.052     -0.098     -0.142         38 3.2611e+02 0.0000e+00
     -0.091    17.7859     7.4194     77.808  32.922635     38.486      7.430   254.2752     3.0409     4.8112     0.0229      0.047     -0.089     -0.129         39 3.2980e+02 0.0000e+00
     -0.080    17.8012     6.9700     73.065  32.936208     38.484      7.415   254.2752     3.0247     4.8246     0.0229      0.044     -0.079     -0.116         40 3.3394e+02 0.0000e+00
     -0.073    17.8190     6.5935     69.105  32.979344     38.543      7.394   254.1995     3.0772     4.8246     0.0230      0.040     -0.073     -0.106         41 3.3687e+02 0.0000e+00
     -0.072    17.8235     6.3160     66.199  32.928259     38.464      7.369   253.9345     2.9721     4.7709     0.0229      0.034     -0.070     -0.101         42 3.3991e+02 0.0000e+00
     -0.069    17.8145     6.1485     64.443  32.821849     38.317      7.347   252.6473     2.9923     4.9186     0.0229      0.029     -0.066     -0.096         43 3.4274e+02 0.0000e+00
     -0.062    17.7923     6.1037     63.959  32.785563     38.281      7.328   252.5338     2.9721     4.7709     0.0229      0.026     -0.062     -0.091         44 3.4548e+02 0.0000e+00
     -0.061    17.7619     6.1259     64.169  32.676871     38.158      7.317   251.5495     2.9883     4.7977     0.0228      0.023     -0.060     -0.087         45 3.4736e+02 0.0000e+00
     -0.060    17.7311     6.1407     64.303  32.571612     38.047      7.306   251.2466     2.8589     4.8783     0.0228      0.019     -0.059     -0.086         46 3.4780e+02 0.0000e+00
     -0.060    17.6990     6.1502     64.390  32.560715     38.074      7.304   250.5652     2.8751     4.9320     0.0228      0.014     -0.058     -0.085         47 3.4814e+02 0.0000e+00
     -0.059    17.6685     6.1286     64.161  32.512522     38.036      7.297   250.8681     2.8548     4.8917     0.0227      0.010     -0.058     -0.085         48 3.4800e+02 0.0000e+00
     -0.060    17.6434     6.0422     63.268  32.512987     38.065      7.289   250.9816     2.8751     4.8380     0.0227      0.007     -0.058     -0.084         49 3.4790e+02 0.0000e+00
     -0.058    17.6237     5.9380     62.206  32.500845     38.092      7.281   250.3759     2.8427     4.7709     0.0227      0.006     -0.057     -0.083         50 3.4777e+02 0.0000e+00
     -0.058    17.6143     5.8175     60.978  32.468339     38.049      7.270   249.9595     2.8427     4.8783     0.0227      0.004     -0.056     -0.082         51 3.4799e+02 0.0000e+00
     -0.056    17.6156     5.7147     59.925  32.494143     38.132      7.258   250.1866     2.8427     4.9455     0.0227      0.002     -0.055     -0.081         52 3.4786e+02 0.0000e+00
     -0.056    17.6153     5.6367     59.121  32.528048     38.141      7.247   250.2623     2.8387     4.8515     0.0227      0.002     -0.055     -0.079         53 3.4825e+02 0.0000e+00
     -0.055    17.6048     5.5882     58.613  32.604071     38.271      7.237   250.1488     2.8670     4.9320     0.0228      0.003     -0.054     -0.079         54 3.4840e+02 0.0000e+00
     -0.055    17.5876     5.5513     58.223  32.636765     38.271      7.225   251.3602     2.8589     4.8783     0.0228      0.003     -0.054     -0.079         55 3.4776e+02 0.0000e+00
     -0.055    17.5720     5.5415     58.123  32.605979     38.280      7.215   250.8681     2.8548     4.7575     0.0228      0.002     -0.054     -0.079         56 3.4824e+02 0.0000e+00
     -0.055    17.5628     5.5320     58.023  32.583082     38.230      7.210   250.6031     2.8387     4.8649     0.0228      0.002     -0.054     -0.079         57 3.4828e+02 0.0000e+00
     -0.055    17.5606     5.5184     57.875  32.605959     38.310      7.201   249.8838     2.8629     4.9320     0.0228      0.002     -0.054     -0.079         58 3.4835e+02 0.0000e+00
     -0.055    17.5697     5.5069     57.749  32.577515     38.253      7.198   249.9216     2.8589     4.8649     0.0228      0.001     -0.054     -0.079         59 3.4855e+02 0.0000e+00
     -0.055    17.5925     5.4863     57.532  32.559176     38.255      7.192   249.8838     2.8589     4.8112     0.0228      0.000     -0.054     -0.079         60 3.4867e+02 0.0000e+00
     -0.055    17.6190     5.4540     57.196  32.569474     38.247      7.184   250.5273     2.8589     4.9052     0.0228      0.000     -0.054     -0.079         61 3.4893e+02 0.0000e+00
     -0.055    17.6390     5.4145     56.785  32.564696     38.226      7.179   249.7323     2.8791     4.7843     0.0228     -0.000     -0.054     -0.079         62 3.4895e+02 0.0000e+00
     -0.055    17.6494     5.3612     56.232  32.565113     38.202      7.173   249.5431     2.9398     4.8380     0.0228      0.000     -0.054     -0.078         63 3.4937e+02 0.0000e+00
     -0.054    17.6504     5.2982     55.576  32.568943     38.184      7.165   249.7323     2.9115     4.8649     0.0228      0.000     -0.053     -0.077         64 3.4930e+02 0.0000e+00
     -0.054    17.6492     5.2313     54.876  32.559921     38.175      7.158   249.6945     2.9559     4.8112     0.0228      0.000     -0.053     -0.077         65 3.4904e+02 0.0000e+00
     -0.054    17.6508     5.1684     54.218  32.576336     38.174      7.154   249.6188     2.8953     4.8112     0.0228      0.001     -0.053     -0.077         66 3.4866e+02 0.0000e+00
     -0.054    17.6502     5.0794     53.288  32.607823     38.241      7.144   249.8459     2.9640     4.7709     0.0228      0.001     -0.053     -0.077         67 3.4817e+02 0.0000e+00
     -0.054    17.6456     5.0140     52.607  32.580045     38.174      7.137   249.9595     2.9964     4.8649     0.0228      0.001     -0.053     -0.077         68 3.4772e+02 0.0000e+00
     -0.054    17.6413     4.9541     51.973  32.610903     38.240      7.129   249.9595     2.9681     4.8917     0.0228      0.001     -0.053     -0.076         69 3.4753e+02 0.0000e+00
     -0.053    17.6408     4.9045     51.443  32.628728     38.244      7.120   249.8838     2.9802     4.8515     0.0228      0.001     -0.052     -0.075         70 3.4736e+02 0.0000e+00
     -0.052    17.6428     4.8637     51.004  32.617172     38.248      7.114   249.4673     2.9964     4.9052     0.0228      0.001     -0.051     -0.074         71 3.4696e+02 0.0000e+00
     -0.051    17.6460     4.8330     50.672  32.625286     38.248      7.105   249.3916     2.9964     5.0932     0.0228      0.001     -0.050     -0.072         72 3.4705e+02 0.0000e+00
     -0.049    17.6507     4.8275     50.607  32.618631     38.246      7.100   248.9752     2.9842     5.0260     0.0228      0.002     -0.048     -0.070         73 3.4717e+02 0.0000e+00
     -0.049    17.6547     4.8048     50.364  32.566145     38.178      7.095   248.9752     2.9842     5.0395     0.0228      0.003     -0.048     -0.070         74 3.4707e+02 0.0000e+00
     -0.049    17.6567     4.8008     50.322  32.571986     38.174      7.088   248.9752     3.0125     4.9857     0.0228      0.003     -0.048     -0.070         75 3.4710e+02 0.0000e+00
     -0.049    17.6582     4.8013     50.331  32.670668     38.301      7.083   248.9373     2.7740     4.8380     0.0228      0.003     -0.048     -0.069         76 3.4704e+02 0.0000e+00
     -0.049    17.6619     4.8022     50.341  32.680569     38.299      7.076   248.8995     2.7982     4.7977     0.0228      0.003     -0.048     -0.069         77 3.4697e+02 0.0000e+00
     -0.049    17.6653     4.8017     50.335  32.678280     38.298      7.068   248.6345     2.7901     4.8380     0.0228      0.002     -0.048     -0.069         78 3.4695e+02 0.0000e+00
     -0.048    17.6609     4.8029     50.349  32.673514     38.295      7.060   248.2181     2.7861     4.8649     0.0228      0.002     -0.048     -0.069         79 3.4683e+02 0.0000e+00
     -0.049    17.6513     4.7920     50.235  32.686499     38.291      7.055   248.4452     2.8589     4.8783     0.0228      0.001     -0.048     -0.069         80 3.4672e+02 0.0000e+00
     -0.048    17.6414     4.7885     50.200  32.721430     38.361      7.048   248.2559     2.8508     4.8112     0.0229      0.000     -0.048     -0.069         81 3.4734e+02 0.0000e+00
     -0.049    17.6323     4.7827     50.141  32.689352     38.304      7.040   248.6723     2.8629     4.8649     0.0228      0.000     -0.048     -0.069         82 3.4767e+02 0.0000e+00
     -0.049    17.6250     4.7748     50.060  32.667112     38.313      7.036   248.4831     2.8508     4.9320     0.0228      0.000     -0.048     -0.069         83 3.4791e+02 0.0000e+00
     -0.049    17.6199     4.7707     50.021  32.689803     38.321      7.029   248.6723     2.9842     4.8112     0.0228     -0.000     -0.048     -0.069         84 3.4848e+02 0.0000e+00
     -0.048    17.6199     4.7613     49.926  32.720427     38.393      7.024   248.0288     2.9923     4.7575     0.0229      0.000     -0.047     -0.069         85 3.4863e+02 0.0000e+00
