Data/DataNotYetUploadedToEDI/Raw_CTD/2018_RawDownloads/101518_fcr10.cnv
* Sea-Bird SBE19plus  Data File:
* FileName = C:\DATA\101518_fcr_0001.hex
* Software version 2.6.3.104
* Temperature SN = 7809
* Conductivity SN = 7809
* System UpLoad Time = Oct 29 2018 16:36:30
* <ApplicationData>
* <Seaterm232>
# nquan = 17
# nvalues = 426                         
# units = specified
# name 0 = depFM: Depth [fresh water, m]
# name 1 = tv290C: Temperature [ITS-90, deg C]
# name 2 = sbeox0Mg/L: Oxygen, SBE 43 [mg/l]
# name 3 = sbeox0PS: Oxygen, SBE 43 [% saturation]
# name 4 = c0uS/cm: Conductivity [uS/cm]
# name 5 = specc: Specific Conductance [uS/cm]
# name 6 = ph: pH
# name 7 = orp: Oxidation Reduction Potential [mV]
# name 8 = flECO-AFL: Fluorescence, WET Labs ECO-AFL/FL [mg/m^3]
# name 9 = turbWETntu0: Turbidity, WET Labs ECO [NTU]
# name 10 = sal00: Salinity, Practical [PSU]
# name 11 = dz/dtM: Descent Rate [m/s]
# name 12 = prdM: Pressure, Strain Gauge [db]
# name 13 = prdE: Pressure, Strain Gauge [psi]
# name 14 = scan: Scan Count
# name 15 = par/sat/log: PAR/Logarithmic, Satlantic
# name 16 = flag:  0.000e+00
# span 0 =     -0.553,      2.519       
# span 1 =    16.1913,    17.4107       
# span 2 =     4.1083,     9.6334       
# span 3 =     42.831,    100.499       
# span 4 =   1.459222,  34.233615       
# span 5 =      1.726,     40.598       
# span 6 =      5.861,      8.346       
# span 7 = -1240.7455,  1240.2295       
# span 8 =    -0.2021,     4.5532       
# span 9 =    -0.2512,     5.1334       
# span 10 =     0.0089,     0.0237      
# span 11 =     -0.208,      0.189      
# span 12 =     -0.543,      2.470      
# span 13 =     -0.787,      3.581      
# span 14 =          1,        426      
# span 15 = 4.4866e+00, 5.3633e+02      
# span 16 = 0.0000e+00, 0.0000e+00      
# interval = seconds: 0.25
# start_time = Oct 15 2018 14:25:40 [Instrument's time stamp, header]
# bad_flag = -9.990e-29
*END*
     -0.553    17.2366     9.3412     97.137   1.510226      1.792      8.346  -869.7066    -0.1981     0.0308     0.0089 -2.105e-16     -0.542     -0.786          1 4.3995e+02 0.0000e+00
     -0.553    17.2371     9.3456     97.184   1.460928      1.726      7.474  -870.4259    -0.1819    -0.0095     0.0089 -2.105e-16     -0.542     -0.786          2 3.7488e+02 0.0000e+00
     -0.553    17.2373     9.3416     97.143   1.459222      1.726      7.332 -1240.7455    -0.1819    -0.0632     0.0089      0.000     -0.542     -0.786          3 3.4431e+02 0.0000e+00
     -0.553    17.2374     9.3453     97.182   1.630783      1.924      6.963 -1240.7455    -0.1779    -0.2512     0.0089      0.000     -0.542     -0.786          4 3.5456e+02 0.0000e+00
     -0.553    17.2377     9.3423     97.151   1.839594      2.188      7.069  -126.1523    -0.1738    -0.1974     0.0090      0.000     -0.542     -0.786          5 3.5125e+02 0.0000e+00
     -0.552    17.2379     9.3401     97.129   1.998794      2.354      7.901 -1240.7455    -0.1860    -0.1572     0.0090      0.000     -0.542     -0.786          6 3.5267e+02 0.0000e+00
     -0.553    17.2383     9.3470     97.201   2.261713      2.684      6.875  -493.1027    -0.1860    -0.1974     0.0091      0.000     -0.542     -0.786          7 3.6417e+02 0.0000e+00
     -0.552    17.2385     9.3442     97.172   2.400673      2.849      5.878  1240.2295    -0.2021    -0.1034     0.0091      0.000     -0.542     -0.786          8 3.6886e+02 0.0000e+00
     -0.553    17.2385     9.3446     97.178   2.329218      2.750      5.861  1240.2295    -0.1819     0.0845     0.0091      0.000     -0.542     -0.787          9 3.7166e+02 0.0000e+00
     -0.553    17.2389     9.3432     97.194   2.261807      2.684      5.876  1240.2295    -0.1536     0.0040     0.0091     -0.000     -0.542     -0.787         10 3.7152e+02 0.0000e+00
     -0.553    17.2392     9.3436     97.257   2.158861      2.552      5.886  1240.2295    -0.1738     0.0443     0.0090     -0.000     -0.542     -0.786         11 3.8356e+02 0.0000e+00
     -0.553    17.2395     9.3362     97.230   2.161241      2.552      5.888  1240.2295    -0.1860     0.1248     0.0090     -0.000     -0.542     -0.786         12 3.9337e+02 0.0000e+00
     -0.553    17.2399     9.3384     97.288   2.199627      2.618      5.900  1240.2295    -0.1819     0.0577     0.0091     -0.000     -0.542     -0.787         13 4.1071e+02 0.0000e+00
     -0.553    17.2400     9.3377     97.308   2.347964      2.750      5.900  1240.2295    -0.1900    -0.0632     0.0091     -0.000     -0.543     -0.787         14 4.1778e+02 0.0000e+00
     -0.553    17.2404     9.3334     97.284   2.480000      2.981      5.892  1240.2295    -0.1819     0.0443     0.0091     -0.000     -0.543     -0.787         15 3.9948e+02 0.0000e+00
     -0.553    17.2407     9.3381     97.356   2.568283      2.981      5.890  1240.2295    -0.1900     0.0308     0.0091     -0.000     -0.543     -0.787         16 4.2514e+02 0.0000e+00
     -0.553    17.2409     9.3430     97.438   2.830295      3.410      5.889  1240.2295    -0.1698     0.2457     0.0093     -0.000     -0.543     -0.787         17 4.3583e+02 0.0000e+00
     -0.553    17.2410     9.3556     97.593   2.983015      3.476      5.886  1240.2295    -0.1860     0.2188     0.0093     -0.000     -0.542     -0.787         18 4.4356e+02 0.0000e+00
     -0.553    17.2419     9.3760     97.825   2.851989      3.443      5.893  1240.2295    -0.1860     0.1920     0.0093     -0.000     -0.542     -0.786         19 4.6666e+02 0.0000e+00
     -0.553    17.2563     9.4001     98.088   2.963743      3.410      5.898  1240.2295    -0.1779     0.2591     0.0093      0.000     -0.537     -0.778         20 4.8303e+02 0.0000e+00
     -0.536    17.2837     9.4271     98.378   7.197122      8.365      5.899  1240.2295    -0.1981     0.1517     0.0108      0.005     -0.518     -0.751         21 4.9775e+02 0.0000e+00
     -0.494    17.3065     9.4597     98.725  12.332542     14.934      5.874  1240.2295    -0.1698     0.0174     0.0132      0.019     -0.484     -0.703         22 5.0297e+02 0.0000e+00
     -0.455    17.3236     9.4864     99.006  21.693069     24.829      6.370  1240.2295    -0.1496     0.0308     0.0171      0.040     -0.443     -0.643         23 5.1457e+02 0.0000e+00
     -0.406    17.3378     9.5149     99.304  33.392303     40.598      6.471  1240.2295    -0.1819     0.0443     0.0237      0.067     -0.395     -0.573         24 5.2513e+02 0.0000e+00
     -0.348    17.3482     9.5404     99.566  34.233615     39.723      6.916    87.6276     0.0769     1.9645     0.0233      0.099     -0.342     -0.497         25 5.2959e+02 0.0000e+00
     -0.295    17.3598     9.5655     99.815  32.889612     39.281      7.261    95.1233     0.0930     1.9510     0.0231      0.132     -0.291     -0.422         26 5.2967e+02 0.0000e+00
     -0.247    17.3743     9.5914    100.076  33.166929     38.875      7.448    95.4262     0.0566     1.9376     0.0230      0.161     -0.244     -0.354         27 5.3445e+02 0.0000e+00
     -0.203    17.3868     9.6061    100.223  32.642987     38.700      7.528   103.3762     0.0930     1.8839     0.0229      0.181     -0.201     -0.291         28 5.3633e+02 0.0000e+00
     -0.164    17.3955     9.6334    100.499  32.711316     38.488      7.507   115.1498     0.0728     1.8839     0.0228      0.189     -0.162     -0.235         29 5.3238e+02 0.0000e+00
     -0.129    17.4016     9.6299    100.449  32.518459     38.411      7.489   104.9284     1.7914     4.6500     0.0228      0.186     -0.129     -0.186         30 5.3036e+02 0.0000e+00
     -0.101    17.4058     9.5160     99.249  32.586448     38.403      7.443   107.4269     1.7914     4.5426     0.0228      0.177     -0.101     -0.146         31 5.2706e+02 0.0000e+00
     -0.079    17.4088     9.2447     96.411  32.626701     38.464      7.371   112.9541     1.7995     4.6366     0.0228      0.161     -0.078     -0.113         32 5.2478e+02 0.0000e+00
     -0.057    17.4102     8.7987     91.755  32.853867     38.757      7.336   123.0620     1.8197     4.5963     0.0229      0.142     -0.058     -0.084         33 5.1805e+02 0.0000e+00
     -0.041    17.4107     8.2719     86.261  32.689247     38.523      7.322   120.6013     1.6862     4.9186     0.0228      0.124     -0.040     -0.058         34 5.1594e+02 0.0000e+00
     -0.025    17.4083     7.7230     80.539  32.505370     38.324      7.301   122.6455     1.6781     4.9052     0.0228      0.107     -0.023     -0.033         35 4.9158e+02 0.0000e+00
     -0.003    17.4024     7.1871     74.953  32.459962     38.258      7.284   124.8034     1.6741     4.7977     0.0227      0.094     -0.004     -0.005         36 4.8487e+02 0.0000e+00
      0.016    17.3978     6.7179     70.060  32.449217     38.260      7.279   126.9234     1.7024     4.8649     0.0227      0.084      0.015      0.023         37 4.4155e+02 0.0000e+00
      0.035    17.3947     6.3403     66.123  32.459435     38.266      7.272   130.4441     1.9248     4.8246     0.0227      0.078      0.033      0.049         38 3.2108e+02 0.0000e+00
      0.051    17.3904     6.0533     63.129  32.328633     38.138      7.246   133.2834     1.9288     4.8783     0.0227      0.074      0.047      0.069         39 3.0083e+02 0.0000e+00
      0.061    17.3841     5.8868     61.393  32.226503     37.976      7.216   135.5549     1.9531     4.7843     0.0226      0.070      0.056      0.082         40 3.1019e+02 0.0000e+00
      0.063    17.3781     5.8006     60.495  32.290000     38.112      7.182   148.7292     1.9208     4.7306     0.0227      0.064      0.059      0.087         41 2.9963e+02 0.0000e+00
      0.059    17.3739     5.7533     60.002  32.279266     38.051      7.154   150.5842     2.1472     4.6500     0.0226      0.054      0.056      0.083         42 3.0757e+02 0.0000e+00
      0.052    17.3715     5.7262     59.720  32.239863     38.057      7.128   152.8556     2.1472     4.6366     0.0226      0.040      0.051      0.074         43 3.1277e+02 0.0000e+00
      0.044    17.3712     5.7350     59.812  32.220426     37.994      7.114   154.3699     2.1149     4.6232     0.0226      0.023      0.046      0.068         44 3.1718e+02 0.0000e+00
      0.046    17.3723     5.7208     59.666  32.273804     38.096      7.098   154.7864     2.1229     4.6769     0.0226      0.010      0.047      0.069         45 3.0538e+02 0.0000e+00
      0.056    17.3735     5.7191     59.650  32.410665     38.228      7.088   149.6756     1.9288     4.6500     0.0227      0.002      0.053      0.078         46 2.9941e+02 0.0000e+00
      0.061    17.3744     5.7122     59.579  32.494909     38.359      7.075   150.1299     1.9329     4.6769     0.0228     -0.001      0.058      0.084         47 2.9595e+02 0.0000e+00
      0.061    17.3749     5.6816     59.262  32.524807     38.357      7.072   151.4171     1.9329     4.6232     0.0228     -0.001      0.060      0.087         48 2.8747e+02 0.0000e+00
      0.062    17.3750     5.6523     58.959  32.551380     38.423      7.065   153.3099     1.9005     4.6098     0.0228      0.002      0.061      0.089         49 2.7693e+02 0.0000e+00
      0.065    17.3749     5.6280     58.707  32.580456     38.422      7.062   156.1871     1.9329     4.6769     0.0228      0.007      0.062      0.091         50 2.7869e+02 0.0000e+00
      0.062    17.3752     5.6156     58.577  32.666547     38.554      7.061   156.1492     1.9127     4.3815     0.0228      0.009      0.061      0.089         51 2.8659e+02 0.0000e+00
      0.060    17.3756     5.6176     58.598  32.681474     38.554      7.057   159.7078     1.9652     4.3815     0.0228      0.008      0.061      0.088         52 2.8385e+02 0.0000e+00
      0.065    17.3760     5.6505     58.941  32.561880     38.422      7.058   158.5342     1.9612     4.4755     0.0228      0.006      0.064      0.093         53 2.7534e+02 0.0000e+00
      0.070    17.3766     5.6795     59.243  32.518839     38.356      7.055   159.8971     1.9491     4.4083     0.0228      0.004      0.068      0.099         54 2.7418e+02 0.0000e+00
      0.072    17.3775     5.7202     59.664  32.557114     38.421      7.049   160.7299     1.9491     4.6769     0.0228      0.005      0.070      0.103         55 2.7427e+02 0.0000e+00
      0.075    17.3789     5.7611     60.081  32.632864     38.487      7.047   160.8057     1.9410     4.7038     0.0228      0.006      0.074      0.108         56 2.6666e+02 0.0000e+00
      0.082    17.3804     5.7813     60.279  32.721110     38.618      7.045   162.4335     1.9491     4.7306     0.0229      0.009      0.080      0.116         57 2.5832e+02 0.0000e+00
      0.090    17.3820     5.7852     60.313  32.743833     38.616      7.040   163.2664     1.9410     4.5829     0.0229      0.013      0.090      0.130         58 2.4586e+02 0.0000e+00
      0.104    17.3838     5.7732     60.184  32.871474     38.780      7.043   172.5035     1.8682     4.6232     0.0229      0.019      0.105      0.151         59 2.2927e+02 0.0000e+00
      0.128    17.3849     5.7306     59.739  32.977426     38.910      7.036   174.3586     1.8884     4.6500     0.0230      0.029      0.125      0.181         60 2.1604e+02 0.0000e+00
      0.150    17.3852     5.6826     59.237  32.938176     38.843      7.019   174.9643     1.8803     4.6769     0.0230      0.039      0.146      0.211         61 1.9768e+02 0.0000e+00
      0.168    17.3850     5.6484     58.878  32.979628     38.908      7.008   174.5857     1.8601     4.6366     0.0230      0.049      0.163      0.236         62 1.8258e+02 0.0000e+00
      0.181    17.3845     5.6196     58.577  32.985149     38.907      6.985   176.5543     2.0502     4.5829     0.0230      0.058      0.174      0.253         63 1.7922e+02 0.0000e+00
      0.184    17.3841     5.5987     58.358  32.931306     38.842      6.952   177.5386     2.0704     4.6635     0.0230      0.061      0.179      0.260         64 1.7660e+02 0.0000e+00
      0.185    17.3814     5.5793     58.157  32.868707     38.776      6.931   177.8414     2.0461     4.5963     0.0229      0.058      0.182      0.264         65 1.7448e+02 0.0000e+00
      0.190    17.3733     5.5580     57.936  32.796161     38.678      6.926   178.3714     2.0825     4.6769     0.0229      0.051      0.185      0.269         66 1.7206e+02 0.0000e+00
      0.193    17.3639     5.5446     57.798  32.784354     38.680      6.916   179.4314     2.3696     4.5560     0.0229      0.041      0.187      0.272         67 1.7340e+02 0.0000e+00
      0.191    17.3583     5.5263     57.610  32.735131     38.622      6.911   179.5071     2.3817     4.5829     0.0229      0.028      0.186      0.270         68 1.7757e+02 0.0000e+00
      0.186    17.3557     5.5108     57.452  32.679496     38.564      6.904   180.1886     2.3777     4.5560     0.0228      0.016      0.181      0.262         69 1.8172e+02 0.0000e+00
      0.175    17.3542     5.4894     57.232  32.675669     38.569      6.903   181.1729     2.3979     4.6903     0.0228      0.005      0.172      0.249         70 1.9060e+02 0.0000e+00
      0.163    17.3527     5.4753     57.086  32.621277     38.506      6.910   181.3243     2.3858     4.6232     0.0228     -0.006      0.163      0.236         71 1.9570e+02 0.0000e+00
      0.160    17.3512     5.4587     56.915  32.509953     38.375      6.922   182.0057     2.3939     4.6098     0.0228     -0.013      0.159      0.231         72 1.9463e+02 0.0000e+00
      0.163    17.3503     5.4344     56.664  32.458363     38.310      6.935   182.2329     2.3979     4.7306     0.0227     -0.017      0.161      0.233         73 1.9290e+02 0.0000e+00
      0.168    17.3502     5.4112     56.425  32.448250     38.312      6.941   183.3307     2.3817     4.6366     0.0227     -0.017      0.163      0.237         74 1.8974e+02 0.0000e+00
      0.168    17.3506     5.3787     56.088  32.463231     38.312      6.934   183.2550     2.3777     4.6232     0.0227     -0.015      0.164      0.238         75 1.9130e+02 0.0000e+00
      0.167    17.3513     5.3685     55.983  32.499026     38.379      6.916   184.6179     2.4424     4.5963     0.0228     -0.011      0.163      0.236         76 1.9224e+02 0.0000e+00
      0.163    17.3529     5.3548     55.842  32.463011     38.312      6.902   184.9964     2.4586     4.6366     0.0227     -0.007      0.158      0.230         77 1.9313e+02 0.0000e+00
      0.154    17.3552     5.3410     55.700  32.448744     38.312      6.895   184.7693     2.4505     4.6635     0.0227     -0.004      0.152      0.221         78 1.9854e+02 0.0000e+00
      0.149    17.3577     5.3251     55.535  32.457473     38.310      6.897   185.6022     2.4667     4.6769     0.0227     -0.005      0.147      0.214         79 1.9964e+02 0.0000e+00
      0.148    17.3598     5.3104     55.382  32.511455     38.374      6.892   186.3972     2.5637     4.5292     0.0228     -0.008      0.146      0.211         80 1.9863e+02 0.0000e+00
      0.150    17.3617     5.2862     55.133  32.559489     38.438      6.897   186.7757     2.5880     4.6769     0.0228     -0.011      0.147      0.213         81 1.9856e+02 0.0000e+00
      0.152    17.3633     5.2610     54.871  32.575620     38.436      6.904   186.9272     2.6001     4.5426     0.0228     -0.011      0.148      0.214         82 1.9940e+02 0.0000e+00
      0.150    17.3652     5.2302     54.552  32.609995     38.500      6.907   188.1007     2.5839     4.6098     0.0228     -0.010      0.147      0.212         83 2.0099e+02 0.0000e+00
      0.147    17.3672     5.1960     54.196  32.635324     38.499      6.909   188.8200     2.4707     4.6366     0.0228     -0.008      0.145      0.210         84 2.0100e+02 0.0000e+00
      0.147    17.3691     5.1671     53.894  32.662712     38.563      6.906   188.8579     2.4505     4.5426     0.0228     -0.005      0.145      0.210         85 1.9873e+02 0.0000e+00
