Data/DataNotYetUploadedToEDI/Raw_CTD/2018_RawDownloads/101518_fcr50.cnv
* Sea-Bird SBE19plus  Data File:
* FileName = C:\DATA\101518_fcr_0005.hex
* Software version 2.6.3.104
* Temperature SN = 7809
* Conductivity SN = 7809
* System UpLoad Time = Oct 29 2018 16:37:51
* <ApplicationData>
* <Seaterm232>
# nquan = 17
# nvalues = 899                         
# units = specified
# name 0 = depFM: Depth [fresh water, m]
# name 1 = tv290C: Temperature [ITS-90, deg C]
# name 2 = sbeox0Mg/L: Oxygen, SBE 43 [mg/l]
# name 3 = sbeox0PS: Oxygen, SBE 43 [% saturation]
# name 4 = c0uS/cm: Conductivity [uS/cm]
# name 5 = specc: Specific Conductance [uS/cm]
# name 6 = ph: pH
# name 7 = orp: Oxidation Reduction Potential [mV]
# name 8 = flECO-AFL: Fluorescence, WET Labs ECO-AFL/FL [mg/m^3]
# name 9 = turbWETntu0: Turbidity, WET Labs ECO [NTU]
# name 10 = sal00: Salinity, Practical [PSU]
# name 11 = dz/dtM: Descent Rate [m/s]
# name 12 = prdM: Pressure, Strain Gauge [db]
# name 13 = prdE: Pressure, Strain Gauge [psi]
# name 14 = scan: Scan Count
# name 15 = par/sat/log: PAR/Logarithmic, Satlantic
# name 16 = flag:  0.000e+00
# span 0 =     -0.552,      9.785       
# span 1 =    12.8490,    21.2329       
# span 2 =    -0.0816,     9.3617       
# span 3 =     -0.832,     98.448       
# span 4 =   0.137262, 178.205593       
# span 5 =      0.672,    236.048       
# span 6 =      6.123,      7.871       
# span 7 =  -602.8130,  1240.2295       
# span 8 =    -0.1941,     3.9021       
# span 9 =    -0.4526,    86.8022       
# span 10 =     0.0104,     0.1117      
# span 11 =     -0.148,      0.197      
# span 12 =     -0.541,      9.596      
# span 13 =     -0.784,     13.918      
# span 14 =          1,        899      
# span 15 = 1.2447e-01, 3.8276e+02      
# span 16 = 0.0000e+00, 0.0000e+00      
# interval = seconds: 0.25
# start_time = Oct 15 2018 17:33:24 [Instrument's time stamp, header]
# bad_flag = -9.990e-29
*END*
[from data line 596]
      4.457    16.8377     4.7339     48.812  31.785957     37.975      6.509   261.3167     1.0392     5.6840     0.0224      0.041      4.369      6.337        597 3.3497e-01 0.0000e+00
      4.463    16.8358     4.7717     49.201  31.727567     37.912      6.504   261.1652     1.0554     5.6706     0.0224      0.044      4.376      6.347        598 3.4045e-01 0.0000e+00
      4.466    16.8343     4.7696     49.179  31.728836     37.914      6.506   260.5595     1.0271     5.7511     0.0224      0.043      4.383      6.356        599 3.3637e-01 0.0000e+00
      4.479    16.8330     4.7583     49.062  31.754729     37.949      6.505   261.0895     1.0676     5.7377     0.0224      0.041      4.394      6.374        600 3.3511e-01 0.0000e+00
      4.499    16.8317     4.7379     48.850  31.724997     37.917      6.506   261.8088     1.0676     5.6571     0.0224      0.040      4.411      6.398        601 3.0784e-01 0.0000e+00
      4.517    16.8306     4.7029     48.488  31.676878     37.851      6.508   261.5059     1.0231     5.6571     0.0223      0.042      4.427      6.421        602 3.1149e-01 0.0000e+00
      4.527    16.8298     4.6579     48.024  31.725655     37.919      6.505   261.2031     1.0514     5.6706     0.0224      0.044      4.440      6.439        603 3.2145e-01 0.0000e+00
      4.539    16.8296     4.6013     47.441  31.842212     38.054      6.506   261.3924     1.0716     5.6169     0.0224      0.047      4.453      6.458        604 2.9805e-01 0.0000e+00
      4.556    16.8292     4.5198     46.600  31.828353     38.055      6.505   261.7331     1.1242     5.9257     0.0224      0.051      4.469      6.481        605 2.9250e-01 0.0000e+00
      4.573    16.8294     4.4255     45.626  31.802208     37.988      6.507   261.7331     1.1161     5.8854     0.0224      0.056      4.486      6.506        606 3.0615e-01 0.0000e+00
      4.594    16.8294     4.3248     44.586  31.904404     38.155      6.504   260.0674     1.1080     5.9526     0.0225      0.061      4.505      6.534        607 2.9651e-01 0.0000e+00
      4.615    16.8289     4.2193     43.496  31.938398     38.155      6.503   260.7488     1.0999     5.8988     0.0225      0.063      4.524      6.562        608 2.8038e-01 0.0000e+00
      4.632    16.8284     4.1185     42.456  32.086089     38.356      6.502   260.9002     1.1242     5.8854     0.0226      0.065      4.541      6.586        609 2.6446e-01 0.0000e+00
      4.645    16.8276     4.0312     41.555  32.254366     38.556      6.500   261.6952     1.0999     5.9123     0.0226      0.067      4.553      6.603        610 2.3466e-01 0.0000e+00
      4.650    16.8263     3.9549     40.768  32.262742     38.557      6.500   261.2031     1.1201     5.8720     0.0226      0.066      4.562      6.617        611 2.6696e-01 0.0000e+00
      4.661    16.8251     3.8909     40.109  32.312894     38.625      6.501   261.2409     1.1282     5.9123     0.0227      0.062      4.574      6.634        612 2.7528e-01 0.0000e+00
      4.682    16.8251     3.8206     39.385  32.399530     38.726      6.503   259.4995     1.1767     5.7646     0.0227      0.060      4.591      6.659        613 2.5295e-01 0.0000e+00
      4.700    16.8252     3.7637     38.799  32.392155     38.727      6.498   259.5374     1.1889     5.6303     0.0227      0.058      4.608      6.683        614 2.2529e-01 0.0000e+00
      4.713    16.8247     3.7145     38.290  32.322072     38.627      6.501   259.6131     1.1767     5.6169     0.0227      0.056      4.622      6.703        615 2.2861e-01 0.0000e+00
      4.726    16.8233     3.6695     37.824  32.397786     38.727      6.503   259.9538     1.1970     5.6840     0.0227      0.054      4.634      6.721        616 2.5642e-01 0.0000e+00
      4.738    16.8210     3.6366     37.481  32.505507     38.861      6.498   260.3702     1.2010     5.5900     0.0228      0.054      4.644      6.736        617 2.1172e-01 0.0000e+00
      4.744    16.8188     3.6001     37.101  32.632825     38.996      6.497   260.1431     1.1686     5.7108     0.0228      0.054      4.651      6.746        618 2.2625e-01 0.0000e+00
      4.747    16.8174     3.5715     36.802  32.713807     39.132      6.495   259.8024     1.1848     5.5900     0.0229      0.051      4.655      6.753        619 2.3088e-01 0.0000e+00
      4.752    16.8171     3.5396     36.470  32.641960     39.000      6.496   259.6131     1.1808     5.6169     0.0228      0.044      4.660      6.759        620 1.9259e-01 0.0000e+00
      4.755    16.8166     3.5204     36.270  32.603621     39.001      6.497   259.2345     1.1363     5.6840     0.0228      0.035      4.665      6.766        621 2.1346e-01 0.0000e+00
      4.764    16.8165     3.4744     35.794  32.642902     39.002      6.500   259.1588     1.1242     5.6840     0.0228      0.029      4.675      6.781        622 2.2837e-01 0.0000e+00
      4.784    16.8172     3.4289     35.324  32.711692     39.136      6.499   258.9695     1.1080     5.6571     0.0229      0.029      4.691      6.804        623 2.1070e-01 0.0000e+00
      4.803    16.8173     3.3750     34.768  32.755247     39.136      6.499   259.3102     1.1282     5.6706     0.0229      0.032      4.711      6.831        624 2.1523e-01 0.0000e+00
      4.822    16.8158     3.3083     34.080  32.736971     39.169      6.497   261.0895     1.1080     5.6169     0.0229      0.039      4.731      6.861        625 2.1228e-01 0.0000e+00
      4.847    16.8126     3.2388     33.363  32.823400     39.202      6.493   260.4459     1.1201     5.7108     0.0229      0.050      4.754      6.896        626 1.7035e-01 0.0000e+00
      4.876    16.8078     3.1778     32.735  33.062852     39.571      6.487   260.7867     1.0837     5.6437     0.0231      0.063      4.781      6.936        627 1.6963e-01 0.0000e+00
      4.906    16.8031     3.1187     32.125  33.180345     39.641      6.478   260.9381     1.1242     5.5631     0.0231      0.077      4.810      6.976        628 1.8487e-01 0.0000e+00
      4.933    16.7986     3.0587     31.507  33.240626     39.779      6.471   260.9759     1.1242     5.6169     0.0232      0.089      4.835      7.013        629 1.7438e-01 0.0000e+00
      4.953    16.7936     3.0076     30.981  33.284385     39.783      6.462   261.3167     1.1848     5.7243     0.0232      0.096      4.857      7.044        630 1.5638e-01 0.0000e+00
      4.972    16.7895     2.9469     30.356  33.363130     39.921      6.459   263.3610     1.1686     5.6571     0.0232      0.097      4.877      7.073        631 1.8345e-01 0.0000e+00
      4.992    16.7872     2.9067     29.942  33.468840     40.027      6.454   262.7174     1.1646     5.5363     0.0233      0.097      4.898      7.104        632 1.9442e-01 0.0000e+00
      5.020    16.7865     2.8721     29.584  33.508698     40.097      6.449   263.0581     1.1727     5.6303     0.0233      0.096      4.923      7.140        633 1.5713e-01 0.0000e+00
      5.048    16.7851     2.8437     29.292  33.580428     40.167      6.441   263.3610     1.2010     5.6840     0.0233      0.095      4.947      7.175        634 1.3919e-01 0.0000e+00
      5.065    16.7836     2.8159     29.005  33.616818     40.234      6.437   263.2095     1.1686     5.6437     0.0233      0.092      4.965      7.200        635 1.3355e-01 0.0000e+00
      5.074    16.7831     2.7940     28.778  33.641345     40.235      6.431   263.2095     1.1767     5.6303     0.0233      0.086      4.975      7.215        636 1.4968e-01 0.0000e+00
      5.079    16.7826     2.7689     28.518  33.668527     40.304      6.428   264.0802     1.1686     5.6169     0.0234      0.078      4.983      7.227        637 1.4938e-01 0.0000e+00
      5.090    16.7820     2.7493     28.315  33.642302     40.237      6.431   263.9288     1.1080     5.6840     0.0233      0.071      4.993      7.242        638 1.5844e-01 0.0000e+00
      5.105    16.7817     2.7302     28.118  33.673984     40.305      6.434   264.3831     1.1039     5.7243     0.0234      0.063      5.006      7.261        639 1.5746e-01 0.0000e+00
      5.119    16.7821     2.7044     27.851  33.688414     40.305      6.433   264.3074     1.1080     5.6169     0.0234      0.056      5.018      7.278        640 1.3710e-01 0.0000e+00
      5.127    16.7822     2.6849     27.649  33.742967     40.372      6.434   263.9288     1.0999     5.6169     0.0234      0.048      5.026      7.290        641 1.4238e-01 0.0000e+00
      5.131    16.7815     2.6537     27.327  33.813682     40.472      6.432   263.8531     1.0392     5.8586     0.0234      0.041      5.031      7.297        642 1.4025e-01 0.0000e+00
      5.134    16.7805     2.6276     27.058  33.808000     40.439      6.432   262.5659     1.0352     5.8988     0.0234      0.037      5.036      7.304        643 1.3476e-01 0.0000e+00
      5.142    16.7800     2.5995     26.768  33.868662     40.540      6.431   262.4902     1.0554     5.9391     0.0235      0.035      5.043      7.315        644 1.2949e-01 0.0000e+00
      5.151    16.7791     2.5787     26.553  33.886469     40.541      6.432   262.7174     1.0635     5.8854     0.0235      0.034      5.054      7.330        645 1.2673e-01 0.0000e+00
      5.168    16.7773     2.5713     26.477  33.934121     40.608      6.431   263.2852     1.0312     5.9123     0.0235      0.033      5.068      7.351        646 1.2536e-01 0.0000e+00
      5.185    16.7752     2.5619     26.380  34.046612     40.743      6.430   263.2852     1.0635     6.0063     0.0236      0.035      5.083      7.371        647 1.2617e-01 0.0000e+00
      5.193    16.7728     2.5647     26.408  34.072696     40.778      6.430   261.8088     1.0473     5.8586     0.0236      0.037      5.095      7.390        648 1.2542e-01 0.0000e+00
      5.208    16.7713     2.5688     26.450  34.049941     40.747      6.428   261.9981     1.0595     5.9660     0.0236      0.042      5.109      7.410        649 1.2681e-01 0.0000e+00
      5.227    16.7699     2.5779     26.544  34.045273     40.749      6.424   262.3767     1.0595     5.8854     0.0236      0.049      5.125      7.433        650 1.3166e-01 0.0000e+00
      5.242    16.7680     2.5792     26.556  34.048850     40.750      6.423   262.9067     1.0514     5.8183     0.0236      0.054      5.141      7.456        651 1.2702e-01 0.0000e+00
      5.257    16.7670     2.5738     26.498  33.986179     40.685      6.419   262.4145     1.0514     5.8988     0.0235      0.057      5.156      7.478        652 1.2447e-01 0.0000e+00
      5.273    16.7664     2.5649     26.404  33.945329     40.620      6.417   262.8688     1.0514     5.8854     0.0235      0.059      5.172      7.501        653 1.2671e-01 0.0000e+00
      5.291    16.7652     2.5478     26.226  34.010718     40.721      6.417   262.0738     1.0635     5.9123     0.0235      0.060      5.189      7.526        654 1.2539e-01 0.0000e+00
      5.310    16.7644     2.5402     26.146  34.053086     40.755      6.414   262.1495     1.0312     6.5434     0.0236      0.062      5.208      7.554        655 1.2720e-01 0.0000e+00
      5.333    16.7646     2.5356     26.098  34.100198     40.823      6.412   262.3767     1.0352     6.5165     0.0236      0.067      5.228      7.582        656 1.3172e-01 0.0000e+00
      5.349    16.7640     2.5602     26.350  34.100370     40.824      6.405   262.4902     1.0635     6.5702     0.0236      0.069      5.242      7.603        657 1.2692e-01 0.0000e+00
      5.353    16.7625     2.5972     26.729  34.112185     40.824      6.401   262.5281     1.0392     6.5300     0.0236      0.066      5.250      7.615        658 1.2482e-01 0.0000e+00
      5.358    16.7622     2.6576     27.349  34.144807     40.891      6.397   262.8688     1.0392     6.5434     0.0236      0.062      5.261      7.631        659 1.2627e-01 0.0000e+00
      5.383    16.7621     2.7171     27.960  34.148744     40.859      6.396   264.7238     1.0352     6.5702     0.0236      0.060      5.286      7.667        660 1.2539e-01 0.0000e+00
      5.432    16.7600     2.7596     28.396  34.018318     40.759      6.381   265.2538     1.0473     6.4762     0.0236      0.067      5.322      7.719        661 1.2591e-01 0.0000e+00
      5.463    16.7551     2.7752     28.555  33.713995     40.324      6.372   264.8374     1.0797     6.5702     0.0234      0.076      5.353      7.763        662 1.2562e-01 0.0000e+00
      5.479    16.7513     2.7519     28.314  33.667443     40.326      6.366   264.7238     1.0554     6.8522     0.0234      0.082      5.376      7.797        663 1.2573e-01 0.0000e+00
      5.506    16.7490     2.7020     27.797  33.690726     40.331      6.365   264.4588     1.0433     6.9328     0.0234      0.090      5.401      7.834        664 1.2561e-01 0.0000e+00
      5.538    16.7458     2.6212     26.961  33.744335     40.402      6.362   264.5724     1.0595     6.8657     0.0234      0.101      5.430      7.875        665 1.2562e-01 0.0000e+00
      5.566    16.7430     2.5198     25.915  34.075225     40.806      6.362   265.7081     1.0352     6.9194     0.0236      0.110      5.456      7.913        666 1.2559e-01 0.0000e+00
      5.587    16.7397     2.3834     24.506  34.346562     41.144      6.361   265.7838     1.0433     6.9731     0.0237      0.112      5.478      7.944        667 1.2565e-01 0.0000e+00
      5.604    16.7366     2.2252     22.875  34.474294     41.280      6.367   265.6324     1.0190     7.0939     0.0238      0.105      5.496      7.971        668 1.2552e-01 0.0000e+00
      5.623    16.7350     2.0378     20.946  34.568715     41.417      6.365   265.4810     1.0231     7.0939     0.0238      0.096      5.514      7.997        669 1.2556e-01 0.0000e+00
      5.642    16.7332     1.7852     18.345  34.525627     41.353      6.365   264.3074     1.0312     7.1476     0.0238      0.091      5.533      8.025        670 1.2558e-01 0.0000e+00
      5.661    16.7307     1.5045     15.452  34.646545     41.489      6.365   264.3452     1.0595     7.2148     0.0239      0.088      5.553      8.055        671 1.2559e-01 0.0000e+00
      5.687    16.7284     1.2094     12.415  34.981724     41.926      6.364   264.7617     1.0352     7.2282     0.0240      0.084      5.578      8.091        672 1.2573e-01 0.0000e+00
      5.717    16.7258     0.9172      9.406  35.324460     42.297      6.358   265.0645     1.0190     7.1476     0.0242      0.083      5.605      8.130        673 1.2566e-01 0.0000e+00
      5.742    16.7199     0.6201      6.352  35.613938     42.701      6.355   264.9510     1.0514     7.0939     0.0244      0.085      5.630      8.167        674 1.2558e-01 0.0000e+00
      5.766    16.7122     0.3873      3.964  36.371332     43.507      6.350   264.4210     1.0433     7.1342     0.0247      0.089      5.654      8.201        675 1.2568e-01 0.0000e+00
      5.789    16.7039     0.1996      2.041  36.724977     44.150      6.341   264.4967     1.0433     7.3625     0.0250      0.093      5.677      8.234        676 1.2564e-01 0.0000e+00
      5.813    16.6931     0.0554      0.566  37.843243     45.096      6.334   264.1938     1.0433     7.3356     0.0254      0.096      5.700      8.268        677 1.2559e-01 0.0000e+00
      5.836    16.6831    -0.0228     -0.233  40.704576     49.059      6.327   263.6260     1.0716     7.2953     0.0271      0.097      5.723      8.301        678 1.2564e-01 0.0000e+00
      5.859    16.6768    -0.0618     -0.630  41.529307     49.676      6.320   264.1560     1.0312     7.4162     0.0273      0.097      5.746      8.334        679 1.2565e-01 0.0000e+00
      5.882    16.6610    -0.0816     -0.832  44.975258     53.746      6.312   264.1938     0.9988     7.5370     0.0291      0.094      5.769      8.368        680 1.2567e-01 0.0000e+00
