Data/DataNotYetUploadedToEDI/Raw_CTD/2018_RawDownloads/102218_fcr45.cnv
* Sea-Bird SBE19plus  Data File:
* FileName = C:\DATA\101518_fcr_0011.hex
* Software version 2.6.3.104
* Temperature SN = 7809
* Conductivity SN = 7809
* System UpLoad Time = Oct 29 2018 16:39:58
* <ApplicationData>
* <Seaterm232>
# nquan = 17
# nvalues = 567                         
# units = specified
# name 0 = depFM: Depth [fresh water, m]
# name 1 = tv290C: Temperature [ITS-90, deg C]
# name 2 = sbeox0Mg/L: Oxygen, SBE 43 [mg/l]
# name 3 = sbeox0PS: Oxygen, SBE 43 [% saturation]
# name 4 = c0uS/cm: Conductivity [uS/cm]
# name 5 = specc: Specific Conductance [uS/cm]
# name 6 = ph: pH
# name 7 = orp: Oxidation Reduction Potential [mV]
# name 8 = flECO-AFL: Fluorescence, WET Labs ECO-AFL/FL [mg/m^3]
# name 9 = turbWETntu0: Turbidity, WET Labs ECO [NTU]
# name 10 = sal00: Salinity, Practical [PSU]
# name 11 = dz/dtM: Descent Rate [m/s]
# name 12 = prdM: Pressure, Strain Gauge [db]
# name 13 = prdE: Pressure, Strain Gauge [psi]
# name 14 = scan: Scan Count
# name 15 = par/sat/log: PAR/Logarithmic, Satlantic
# name 16 = flag:  0.000e+00
# span 0 =     -0.517,      7.312       
# span 1 =    11.6892,    14.5283       
# span 2 =     5.0377,    10.6521       
# span 3 =     48.748,    100.379       
# span 4 =   0.283521,  30.522817       
# span 5 =      0.538,     38.772       
# span 6 =      6.380,      7.574       
# span 7 =   251.0195,   854.3884       
# span 8 =    -0.9543,   257.8670       
# span 9 =    -5.2463,     8.8664       
# span 10 =     0.0060,     0.0217      
# span 11 =     -0.188,      0.155      
# span 12 =     -0.507,      7.169      
# span 13 =     -0.735,     10.399      
# span 14 =          1,        567      
# span 15 = 1.2406e-01, 3.2586e+03      
# span 16 = 0.0000e+00, 0.0000e+00      
# interval = seconds: 0.25
# start_time = Oct 22 2018 15:26:42 [Instrument's time stamp, header]
# bad_flag = -9.990e-29
*END*
[from data line 86]
      0.240    14.4051     5.9971     58.676  30.092687     38.158      7.006   255.1838     1.7428     4.5158     0.0216      0.009      0.235      0.340         87 6.7069e+02 0.0000e+00
      0.244    14.3891     5.9682     58.389  30.004923     38.084      7.001   255.1838     1.7186     4.5023     0.0216      0.009      0.237      0.344         88 9.1744e+02 0.0000e+00
      0.241    14.3872     5.9273     57.971  29.965560     37.985      6.995   255.4488     1.7752     4.5695     0.0215      0.010      0.236      0.342         89 4.7056e+02 0.0000e+00
      0.236    14.3972     5.8905     57.622  29.993424     38.109      6.993   255.4109     1.7914     4.5963     0.0216      0.009      0.234      0.339         90 8.1229e+02 0.0000e+00
      0.239    14.4036     5.8461     57.204  29.970252     38.003      6.992   255.9409     1.7833     4.4755     0.0215      0.008      0.235      0.342         91 1.5399e+03 0.0000e+00
      0.246    14.4003     5.8105     56.864  30.053699     38.171      6.988   256.0545     1.8035     4.6098     0.0216      0.008      0.240      0.349         92 1.0578e+03 0.0000e+00
      0.250    14.3909     5.7819     56.584  30.037826     38.094      6.986   256.4709     1.7914     4.5292     0.0216      0.008      0.244      0.355         93 6.3989e+02 0.0000e+00
      0.252    14.3809     5.7496     56.266  30.019655     38.097      6.982   256.9252     1.7671     4.5292     0.0216      0.007      0.246      0.356         94 4.4351e+02 0.0000e+00
      0.249    14.3710     5.7157     55.934  30.017012     38.106      6.976   257.0009     1.7711     4.5829     0.0216      0.006      0.243      0.352         95 4.8711e+02 0.0000e+00
      0.242    14.3675     5.6875     55.655  29.952166     38.009      6.974   256.5845     1.7833     4.5829     0.0215      0.004      0.239      0.347         96 8.9605e+02 0.0000e+00
      0.240    14.3735     5.6466     55.250  29.952106     38.054      6.964   256.3574     1.7833     4.6232     0.0215      0.003      0.240      0.349         97 4.1890e+02 0.0000e+00
      0.254    14.3695     5.6161     54.947  29.957788     38.023      6.961   256.7738     1.7914     4.6232     0.0215      0.004      0.251      0.365         98 3.3464e+02 0.0000e+00
      0.275    14.3583     5.5863     54.650  30.004397     38.123      6.948   257.3416     1.7671     4.6366     0.0216      0.009      0.265      0.385         99 2.8078e+02 0.0000e+00
      0.280    14.3651     5.5507     54.299  29.953404     38.020      6.938   257.4174     1.7752     4.6769     0.0215      0.014      0.271      0.393        100 2.5218e+02 0.0000e+00
      0.273    14.3786     5.5186     53.984  29.872996     37.961      6.929   257.2659     1.8480     4.5829     0.0215      0.016      0.266      0.387        101 5.9839e+02 0.0000e+00
      0.262    14.3844     5.4972     53.767  29.837611     37.882      6.925   256.9252     1.8561     4.6232     0.0214      0.015      0.257      0.373        102 7.7001e+02 0.0000e+00
      0.253    14.3850     5.4750     53.543  29.849188     37.905      6.922   257.4552     1.8399     4.5560     0.0215      0.011      0.250      0.363        103 1.3379e+03 0.0000e+00
      0.250    14.3836     5.4494     53.286  29.888235     37.935      6.914   257.7581     1.8197     4.4889     0.0215      0.006      0.247      0.358        104 1.2780e+03 0.0000e+00
      0.252    14.3828     5.4287     53.073  29.877966     37.935      6.911   258.0609     1.8722     4.5023     0.0215     -0.002      0.248      0.359        105 5.7992e+02 0.0000e+00
      0.256    14.3807     5.4150     52.930  29.832317     37.865      6.909   258.0609     1.8520     4.5829     0.0214     -0.009      0.251      0.364        106 5.6786e+02 0.0000e+00
      0.258    14.3768     5.3945     52.722  29.826444     37.866      6.902   258.2124     1.8358     4.4889     0.0214     -0.013      0.253      0.367        107 7.7164e+02 0.0000e+00
      0.259    14.3724     5.3868     52.642  29.825975     37.868      6.902   258.1367     1.8278     4.5426     0.0214     -0.009      0.254      0.369        108 6.7300e+02 0.0000e+00
      0.261    14.3680     5.3747     52.523  29.803250     37.836      6.902   258.0609     1.8358     4.6098     0.0214     -0.003      0.255      0.369        109 7.1162e+02 0.0000e+00
      0.258    14.3660     5.3588     52.365  29.765774     37.805      6.899   258.6288     1.9288     4.5292     0.0214      0.002      0.251      0.363        110 5.5273e+02 0.0000e+00
      0.247    14.3651     5.3399     52.177  29.665063     37.667      6.898   258.5909     1.9248     4.5560     0.0214      0.001      0.242      0.351        111 5.7021e+02 0.0000e+00
      0.234    14.3591     5.3327     52.099  29.602434     37.598      6.901   258.7045     1.8965     4.6232     0.0213     -0.005      0.232      0.338        112 6.0559e+02 0.0000e+00
      0.230    14.3525     5.3273     52.044  29.665817     37.669      6.900   258.7045     1.9127     4.5829     0.0214     -0.011      0.229      0.333        113 6.2454e+02 0.0000e+00
      0.237    14.3471     5.3136     51.918  29.764085     37.817      6.898   258.6667     1.9288     4.5963     0.0214     -0.015      0.233      0.338        114 1.0326e+03 0.0000e+00
      0.244    14.3381     5.3000     51.769  29.776642     37.824      6.897   259.1588     1.9208     4.5158     0.0214     -0.013      0.237      0.344        115 1.0936e+03 0.0000e+00
      0.242    14.3302     5.2892     51.635  29.739143     37.793      6.895   258.7424     1.9086     4.4352     0.0214     -0.012      0.236      0.343        116 7.5777e+02 0.0000e+00
      0.238    14.3241     5.2757     51.478  29.662505     37.696      6.894   259.2724     1.9208     4.5023     0.0214     -0.009      0.233      0.338        117 6.9736e+02 0.0000e+00
      0.233    14.3198     5.2562     51.259  29.664470     37.703      6.893   260.0295     1.9046     4.6635     0.0214     -0.006      0.230      0.334        118 7.6647e+02 0.0000e+00
      0.233    14.3184     5.2422     51.114  29.707052     37.780      6.893   259.3481     1.9208     4.6098     0.0214     -0.003      0.230      0.334        119 6.2054e+02 0.0000e+00
      0.238    14.3161     5.2268     50.969  29.728117     37.784      6.891   259.2345     1.9046     4.6232     0.0214      0.001      0.233      0.338        120 8.1506e+02 0.0000e+00
      0.241    14.3129     5.2097     50.815  29.756857     37.856      6.889   259.7645     1.8925     4.4755     0.0214      0.001      0.236      0.342        121 9.7789e+02 0.0000e+00
      0.242    14.3070     5.2044     50.764  29.700935     37.752      6.887   259.6509     2.0502     4.5560     0.0214     -0.000      0.237      0.343        122 1.1044e+03 0.0000e+00
      0.240    14.3062     5.1954     50.671  29.649461     37.720      6.883   259.8024     2.0744     4.6500     0.0214     -0.000      0.233      0.337        123 8.3526e+02 0.0000e+00
      0.229    14.3110     5.1995     50.705  29.554068     37.583      6.881   260.5217     2.0623     4.6366     0.0213     -0.001      0.224      0.324        124 5.4763e+02 0.0000e+00
      0.214    14.2974     5.1937     50.648  29.463852     37.478      6.877   260.1052     2.0704     4.5426     0.0213     -0.006      0.214      0.309        125 5.7962e+02 0.0000e+00
      0.209    14.2730     5.1927     50.604  29.554183     37.579      6.873   262.4145     1.8965     4.6098     0.0213     -0.011      0.211      0.305        126 7.3240e+02 0.0000e+00
      0.221    14.2491     5.1854     50.448  29.649201     37.734      6.862   260.7488     1.9127     4.5695     0.0214     -0.013      0.217      0.315        127 1.4153e+03 0.0000e+00
      0.234    14.2251     5.1777     50.290  29.671757     37.759      6.853   261.4302     1.9410     4.6098     0.0214     -0.011      0.225      0.327        128 1.0927e+03 0.0000e+00
      0.234    14.2163     5.1620     50.093  29.674372     37.816      6.847   261.6195     1.9167     4.5829     0.0214     -0.007      0.229      0.332        129 8.9835e+02 0.0000e+00
      0.234    14.2222     5.1435     49.912  29.675607     37.805      6.843   260.6352     1.9167     4.5560     0.0214     -0.002      0.230      0.334        130 1.1424e+03 0.0000e+00
      0.238    14.2319     5.1247     49.737  29.699879     37.883      6.842   261.5817     1.7995     4.5292     0.0214      0.004      0.234      0.339        131 4.8216e+02 0.0000e+00
      0.245    14.2337     5.1101     49.595  29.733120     37.879      6.838   260.8624     1.7873     4.5695     0.0214      0.013      0.239      0.346        132 3.6773e+02 0.0000e+00
      0.248    14.2282     5.1114     49.602  29.693538     37.868      6.837   261.8467     1.7509     4.6098     0.0214      0.018      0.243      0.352        133 2.6692e+02 0.0000e+00
      0.251    14.2244     5.1135     49.618  29.630536     37.725      6.835   261.8088     1.7631     4.5426     0.0213      0.018      0.246      0.356        134 3.2758e+02 0.0000e+00
      0.254    14.2224     5.1159     49.600  29.603974     37.765      6.837   261.6195     1.8278     4.6635     0.0213      0.014      0.247      0.359        135 7.7878e+02 0.0000e+00
      0.253    14.1905     5.1266     49.647  29.489396     37.556      6.838   261.6574     1.8197     4.5829     0.0213      0.012      0.246      0.357        136 4.8519e+02 0.0000e+00
      0.246    14.1159     5.1300     49.675  29.387679     37.486      6.837   261.6574     1.8803     4.6098     0.0212      0.010      0.241      0.349        137 1.9208e+02 0.0000e+00
      0.237    14.0402     5.1284     49.664  29.374764     37.444      6.836   262.0738     1.8965     4.5292     0.0212      0.004      0.231      0.335        138 2.8141e+02 0.0000e+00
      0.222    14.0005     5.1220     49.597  29.386885     37.589      6.834   261.5059     1.9531     4.6098     0.0212     -0.006      0.221      0.320        139 4.3964e+02 0.0000e+00
      0.216    13.9980     5.1012     49.394  29.431920     37.661      6.835   261.6574     1.9208     4.5560     0.0212     -0.015      0.217      0.315        140 2.4957e+02 0.0000e+00
      0.226    14.0054     5.0875     49.259  29.555943     37.916      6.833   261.5817     1.9127     4.7306     0.0213     -0.017      0.225      0.326        141 2.7554e+02 0.0000e+00
      0.246    14.0045     5.0751     49.134  29.677304     38.024      6.830   261.5059     1.9167     4.6098     0.0214     -0.013      0.239      0.346        142 3.5960e+02 0.0000e+00
      0.257    14.0003     5.0635     49.003  29.695992     38.089      6.829   261.5438     1.8318     4.6366     0.0214     -0.004      0.248      0.360        143 3.7727e+02 0.0000e+00
      0.255    13.9948     5.0494     48.856  29.562337     37.874      6.826   261.6574     1.8278     4.6098     0.0213      0.004      0.247      0.358        144 5.6354e+02 0.0000e+00
      0.243    13.9566     5.0399     48.761  29.458186     37.772      6.826   261.3545     1.8520     4.6635     0.0213      0.009      0.239      0.346        145 4.2854e+02 0.0000e+00
      0.232    13.9074     5.0377     48.748  29.410507     37.704      6.828   261.7709     1.8722     4.5292     0.0212      0.010      0.231      0.334        146 2.4875e+02 0.0000e+00
      0.231    13.9001     5.0390     48.774  29.414129     37.741      6.825   261.8845     1.8439     4.3143     0.0212      0.008      0.229      0.333        147 3.0623e+02 0.0000e+00
      0.239    13.9048     5.0541     48.925  29.542642     37.971      6.823   262.0738     1.8318     4.4083     0.0213      0.004      0.233      0.338        148 2.5853e+02 0.0000e+00
      0.244    13.9010     5.0620     48.973  29.547087     37.976      6.823   261.7331     1.8439     4.4218     0.0213     -0.002      0.236      0.342        149 3.1266e+02 0.0000e+00
      0.238    13.8984     5.0806     49.127  29.467903     37.864      6.818   261.7709     1.8601     4.4218     0.0213     -0.008      0.231      0.335        150 9.8048e+02 0.0000e+00
      0.226    13.8975     5.0951     49.267  29.403988     37.796      6.814   261.7709     1.8439     4.3546     0.0212     -0.011      0.220      0.320        151 1.2377e+03 0.0000e+00
      0.210    13.8920     5.1154     49.471  29.359780     37.726      6.815   262.1495     1.7914     4.5292     0.0212     -0.014      0.207      0.300        152 7.5859e+02 0.0000e+00
      0.197    13.8761     5.1276     49.596  29.345022     37.728      6.813   262.0738     1.7833     4.6232     0.0212     -0.017      0.194      0.283        153 6.9874e+02 0.0000e+00
      0.187    13.8646     5.1447     49.751  29.333408     37.696      6.812   261.8845     1.7833     4.5963     0.0212     -0.023      0.189      0.275        154 9.8594e+02 0.0000e+00
      0.197    13.8632     5.1615     49.903  29.463185     37.893      6.813   261.9224     1.7752     4.5158     0.0213     -0.027      0.198      0.287        155 6.0076e+02 0.0000e+00
      0.224    13.8698     5.1795     50.075  29.598617     38.083      6.804   262.4524     1.7792     4.5829     0.0213     -0.022      0.213      0.310        156 4.9669e+02 0.0000e+00
      0.231    13.8828     5.1945     50.224  29.550317     38.013      6.794   262.8688     1.7752     4.5829     0.0213     -0.011      0.221      0.321        157 6.5814e+02 0.0000e+00
      0.222    13.8860     5.2076     50.356  29.463995     37.898      6.789   262.6417     1.7954     4.5292     0.0213     -0.001      0.217      0.314        158 5.4613e+02 0.0000e+00
      0.211    13.8616     5.2057     50.343  29.409543     37.814      6.789   262.4524     1.7873     4.4755     0.0212      0.006      0.208      0.302        159 7.6834e+02 0.0000e+00
      0.204    13.8381     5.2226     50.510  29.410529     37.809      6.790   262.7931     1.8358     4.5560     0.0212      0.008      0.203      0.295        160 7.0520e+02 0.0000e+00
      0.208    13.8369     5.2205     50.491  29.492417     37.943      6.790   262.7931     1.8520     4.5560     0.0213      0.008      0.206      0.299        161 1.0617e+03 0.0000e+00
      0.218    13.8445     5.2134     50.425  29.544841     38.038      6.788   262.5281     1.8197     4.5426     0.0213      0.006      0.214      0.310        162 1.5592e+03 0.0000e+00
      0.228    13.8494     5.2045     50.342  29.552843     38.038      6.790   262.5281     1.8763     4.6366     0.0213      0.003      0.223      0.323        163 5.6649e+02 0.0000e+00
      0.236    13.8412     5.1928     50.235  29.541758     38.031      6.787   262.7174     1.9127     4.6098     0.0213      0.002      0.229      0.332        164 8.7370e+02 0.0000e+00
      0.237    13.8308     5.1905     50.221  29.469685     37.918      6.791   262.6417     1.9046     4.5560     0.0213      0.007      0.230      0.334        165 1.0974e+03 0.0000e+00
      0.232    13.8296     5.1756     50.085  29.464639     37.926      6.794   262.9824     1.9005     4.6232     0.0213      0.013      0.227      0.329        166 1.7742e+03 0.0000e+00
      0.225    13.8327     5.1760     50.094  29.429442     37.901      6.792   263.3231     1.9208     4.5829     0.0212      0.014      0.222      0.320        167 3.2586e+03 0.0000e+00
      0.219    13.8375     5.1481     49.826  29.365241     37.794      6.798   263.0202     2.0138     4.5829     0.0212      0.010      0.217      0.313        168 1.4369e+03 0.0000e+00
      0.219    13.8425     5.1437     49.787  29.455587     37.935      6.798   263.2474     1.9733     4.6366     0.0213      0.002      0.215      0.311        169 4.6515e+02 0.0000e+00
      0.219    13.8459     5.1482     49.844  29.465256     37.930      6.800   263.4367     1.9612     4.6098     0.0213     -0.005      0.215      0.312        170 7.5342e+02 0.0000e+00
