Data/DataNotYetUploadedToEDI/Raw_CTD/2018_RawDownloads/102218_fcr50.cnv
* Sea-Bird SBE19plus  Data File:
* FileName = C:\DATA\101518_fcr_0012.hex
* Software version 2.6.3.104
* Temperature SN = 7809
* Conductivity SN = 7809
* System UpLoad Time = Oct 29 2018 16:40:22
* <ApplicationData>
* <Seaterm232>
# nquan = 17
# nvalues = 636                         
# units = specified
# name 0 = depFM: Depth [fresh water, m]
# name 1 = tv290C: Temperature [ITS-90, deg C]
# name 2 = sbeox0Mg/L: Oxygen, SBE 43 [mg/l]
# name 3 = sbeox0PS: Oxygen, SBE 43 [% saturation]
# name 4 = c0uS/cm: Conductivity [uS/cm]
# name 5 = specc: Specific Conductance [uS/cm]
# name 6 = ph: pH
# name 7 = orp: Oxidation Reduction Potential [mV]
# name 8 = flECO-AFL: Fluorescence, WET Labs ECO-AFL/FL [mg/m^3]
# name 9 = turbWETntu0: Turbidity, WET Labs ECO [NTU]
# name 10 = sal00: Salinity, Practical [PSU]
# name 11 = dz/dtM: Descent Rate [m/s]
# name 12 = prdM: Pressure, Strain Gauge [db]
# name 13 = prdE: Pressure, Strain Gauge [psi]
# name 14 = scan: Scan Count
# name 15 = par/sat/log: PAR/Logarithmic, Satlantic
# name 16 = flag:  0.000e+00
# span 0 =     -0.514,      9.759       
# span 1 =    12.6999,    14.5465       
# span 2 =    -0.1066,    10.5691       
# span 3 =     -1.030,    103.543       
# span 4 =   0.143645, 319.654887       
# span 5 =      0.192,    424.339       
# span 6 =      6.268,     12.428       
# span 7 = -1240.7455,   285.0532       
# span 8 =    -0.4205,   257.8145       
# span 9 =    -2.4533,   854.7192       
# span 10 =     0.0068,     0.2023      
# span 11 =     -0.229,      0.182      
# span 12 =     -0.504,      9.569      
# span 13 =     -0.731,     13.879      
# span 14 =          1,        636      
# span 15 = 1.2551e-01, 1.9757e+03      
# span 16 = 0.0000e+00, 0.0000e+00      
# interval = seconds: 0.25
# start_time = Oct 22 2018 15:47:38 [Instrument's time stamp, header]
# bad_flag = -9.990e-29
*END*
[from data line 86]
      0.246    14.4677     5.8494     57.329  30.244427     38.315      7.136   240.5330     1.7226     4.7843     0.0217      0.009      0.242      0.351         87 2.7199e+02 0.0000e+00
      0.237    14.4694     5.8275     57.111  30.250910     38.316      7.131   240.6087     1.7145     4.7843     0.0217      0.006      0.235      0.341         88 1.8223e+02 0.0000e+00
      0.236    14.4702     5.8211     57.047  30.240156     38.315      7.123   241.1387     1.7105     4.8380     0.0217      0.002      0.233      0.339         89 2.0643e+02 0.0000e+00
      0.241    14.4693     5.8206     57.042  30.198508     38.243      7.118   242.0095     1.7509     4.8515     0.0216     -0.002      0.237      0.344         90 2.4931e+02 0.0000e+00
      0.249    14.4666     5.8172     57.008  30.243438     38.313      7.112   242.8045     1.7145     4.8380     0.0217     -0.004      0.244      0.354         91 2.5720e+02 0.0000e+00
      0.258    14.4614     5.8129     56.967  30.302846     38.384      7.100   243.2966     1.7145     4.8917     0.0217     -0.003      0.251      0.364         92 4.0056e+02 0.0000e+00
      0.262    14.4578     5.8078     56.916  30.183878     38.245      7.088   243.6373     1.7873     4.7575     0.0216      0.002      0.253      0.367         93 3.8351e+02 0.0000e+00
      0.254    14.4579     5.8101     56.936  30.094984     38.109      7.079   243.7888     1.7792     4.8246     0.0216      0.006      0.250      0.362         94 4.8936e+02 0.0000e+00
      0.248    14.4578     5.7999     56.829  30.176268     38.254      7.069   244.0159     1.7792     4.7038     0.0216      0.008      0.247      0.358         95 9.8480e+02 0.0000e+00
      0.253    14.4556     5.7940     56.766  30.260626     38.325      7.063   243.7130     1.7711     4.8112     0.0217      0.009      0.250      0.363         96 6.8469e+02 0.0000e+00
      0.266    14.4524     5.7880     56.705  30.286511     38.395      7.059   243.9023     1.9248     4.8380     0.0217      0.010      0.260      0.378         97 6.6206e+02 0.0000e+00
      0.277    14.4498     5.7755     56.583  30.262661     38.327      7.050   244.3188     1.9410     4.7709     0.0217      0.011      0.271      0.393         98 1.1255e+03 0.0000e+00
      0.286    14.4487     5.7466     56.301  30.231007     38.330      7.041   245.0002     1.9208     4.7977     0.0217      0.014      0.278      0.403         99 1.1788e+03 0.0000e+00
      0.286    14.4486     5.7154     55.995  30.207301     38.262      7.036   245.0002     1.9086     4.7440     0.0216      0.016      0.279      0.405        100 6.8021e+02 0.0000e+00
      0.282    14.4489     5.6773     55.621  30.232862     38.334      7.026   245.1138     1.9733     4.8380     0.0217      0.018      0.277      0.402        101 2.2365e+02 0.0000e+00
      0.281    14.4492     5.6341     55.197  30.258499     38.334      7.017   246.4009     1.9895     4.7977     0.0217      0.019      0.277      0.402        102 3.3747e+02 0.0000e+00
      0.286    14.4486     5.6018     54.878  30.234697     38.333      7.013   247.2716     2.0016     4.8649     0.0217      0.018      0.281      0.407        103 5.4668e+02 0.0000e+00
      0.293    14.4459     5.5732     54.596  30.203181     38.262      7.007   246.7038     1.9733     4.7843     0.0216      0.014      0.286      0.415        104 3.1733e+02 0.0000e+00
      0.298    14.4409     5.5449     54.319  30.238417     38.334      7.005   249.2781     1.9693     4.7843     0.0217      0.011      0.290      0.420        105 2.8889e+02 0.0000e+00
      0.296    14.4367     5.5198     54.073  30.190847     38.265      7.004   246.6659     1.9774     4.8380     0.0216      0.008      0.289      0.418        106 5.1567e+02 0.0000e+00
      0.289    14.4350     5.5031     53.907  30.143780     38.199      7.000   246.5145     2.0016     4.7575     0.0216      0.006      0.284      0.412        107 3.7105e+02 0.0000e+00
      0.286    14.4349     5.4842     53.721  30.178388     38.274      7.001   248.3316     1.9855     4.7709     0.0216      0.004      0.279      0.405        108 2.4823e+02 0.0000e+00
      0.279    14.4352     5.4596     53.479  30.147779     38.205      6.998   246.8173     2.0016     4.7306     0.0216      0.001      0.274      0.397        109 2.8443e+02 0.0000e+00
      0.273    14.4355     5.4318     53.206  30.181874     38.276      6.996   248.5209     2.0016     4.8649     0.0216     -0.005      0.270      0.392        110 2.2856e+02 0.0000e+00
      0.275    14.4357     5.4151     53.038  30.195260     38.276      6.993   249.3916     1.9733     4.8515     0.0216     -0.010      0.271      0.393        111 2.8113e+02 0.0000e+00
      0.282    14.4346     5.4133     53.006  30.190423     38.276      6.990   247.6880     1.9572     4.8112     0.0216     -0.011      0.276      0.401        112 3.8599e+02 0.0000e+00
      0.288    14.4323     5.4272     53.062  30.187894     38.275      6.985   247.8016     1.9895     4.7172     0.0216     -0.008      0.280      0.407        113 3.4512e+02 0.0000e+00
      0.287    14.4310     5.4451     53.150  30.139106     38.206      6.980   249.3538     1.9127     4.8783     0.0216     -0.003      0.278      0.405        114 4.1419e+02 0.0000e+00
      0.279    14.4312     5.4532     53.177  30.073236     38.137      6.983   247.3095     1.9046     4.8112     0.0216     -0.001      0.273      0.397        115 3.3984e+02 0.0000e+00
      0.271    14.4306     5.4732     53.352  30.032663     38.067      6.980   247.2716     1.9369     4.8112     0.0216     -0.001      0.267      0.388        116 2.5524e+02 0.0000e+00
      0.269    14.4298     5.4797     53.414  30.070995     38.138      6.979   247.4609     1.9127     4.7038     0.0216     -0.002      0.262      0.380        117 3.7251e+02 0.0000e+00
      0.260    14.4277     5.4841     53.463  30.084835     38.138      6.976   246.4009     1.9127     4.7575     0.0216     -0.006      0.256      0.372        118 7.0284e+02 0.0000e+00
      0.254    14.4276     5.4806     53.434  30.134042     38.210      6.973   248.8238     1.9127     4.7306     0.0216     -0.013      0.255      0.370        119 8.7705e+02 0.0000e+00
      0.267    14.4261     5.4829     53.460  30.187661     38.283      6.968   249.2402     1.9208     4.8649     0.0216     -0.015      0.267      0.388        120 4.9705e+02 0.0000e+00
      0.298    14.4247     5.4865     53.498  30.196012     38.284      6.958   249.3538     1.9046     4.8112     0.0216     -0.005      0.292      0.423        121 2.7715e+02 0.0000e+00
      0.329    14.4078     5.4981     53.616  30.182952     38.284      6.945   251.9281     1.7631     4.8246     0.0216      0.013      0.315      0.457        122 3.3417e+02 0.0000e+00
      0.336    14.3419     5.5103     53.738  30.085312     38.146      6.932   253.1774     1.7792     4.8112     0.0216      0.031      0.324      0.471        123 4.8015e+02 0.0000e+00
      0.328    14.2667     5.5180     53.817  30.021017     38.087      6.932   251.8145     1.7792     4.8380     0.0216      0.040      0.322      0.467        124 7.9596e+02 0.0000e+00
      0.322    14.2222     5.5152     53.794  30.025770     38.154      6.922   252.1931     1.7833     4.7575     0.0216      0.042      0.317      0.461        125 7.6262e+02 0.0000e+00
      0.321    14.2048     5.5046     53.695  30.020118     38.227      6.911   252.0795     1.8601     4.7172     0.0216      0.040      0.317      0.461        126 5.6714e+02 0.0000e+00
      0.328    14.2038     5.4888     53.544  30.028078     38.271      6.906   248.8995     1.8318     4.7306     0.0216      0.033      0.322      0.467        127 5.3974e+02 0.0000e+00
      0.333    14.2078     5.4611     53.277  30.075186     38.358      6.903   250.5273     1.8601     4.7843     0.0216      0.021      0.327      0.475        128 4.5839e+02 0.0000e+00
      0.340    14.2129     5.4239     52.915  30.080104     38.359      6.901   249.5809     1.8803     4.8112     0.0216      0.010      0.333      0.483        129 7.0375e+02 0.0000e+00
      0.347    14.2154     5.3818     52.506  30.081261     38.355      6.901   248.9373     1.8480     4.7977     0.0216      0.007      0.338      0.490        130 4.9548e+02 0.0000e+00
      0.348    14.2182     5.3419     52.118  30.073746     38.350      6.898   249.7323     2.0461     4.7575     0.0216      0.010      0.340      0.493        131 1.1478e+03 0.0000e+00
      0.345    14.2222     5.2968     51.680  30.030153     38.277      6.899   249.6188     2.0502     4.6366     0.0216      0.014      0.339      0.492        132 1.9757e+03 0.0000e+00
      0.345    14.2255     5.2586     51.308  30.016907     38.274      6.897   249.4673     2.0542     4.7843     0.0216      0.014      0.339      0.491        133 8.9667e+02 0.0000e+00
      0.345    14.2289     5.2219     50.951  30.030928     38.270      6.897   249.6566     2.0421     4.8112     0.0216      0.012      0.340      0.492        134 6.7008e+02 0.0000e+00
      0.349    14.2324     5.1865     50.606  30.072004     38.338      6.899   249.5809     2.0866     4.8246     0.0216      0.008      0.342      0.496        135 8.0188e+02 0.0000e+00
      0.353    14.2357     5.1448     50.200  30.084389     38.335      6.899   250.1866     2.1027     4.7709     0.0216      0.006      0.346      0.501        136 4.9930e+02 0.0000e+00
      0.356    14.2387     5.1183     49.940  30.074816     38.331      6.895   250.4138     2.0946     4.8917     0.0216      0.005      0.349      0.506        137 5.1423e+02 0.0000e+00
      0.358    14.2409     5.0852     49.617  30.083917     38.328      6.895   250.7545     2.0866     4.8380     0.0216      0.006      0.351      0.509        138 5.4289e+02 0.0000e+00
      0.358    14.2423     5.0663     49.433  30.073062     38.325      6.888   251.0573     2.1149     4.8649     0.0216      0.007      0.351      0.509        139 4.8623e+02 0.0000e+00
      0.357    14.2437     5.0375     49.153  30.029022     38.252      6.888   250.8681     2.1027     4.9320     0.0216      0.008      0.350      0.508        140 5.8958e+02 0.0000e+00
      0.357    14.2450     5.0146     48.931  30.020120     38.250      6.885   250.4516     2.1068     4.8112     0.0216      0.007      0.350      0.508        141 4.9680e+02 0.0000e+00
      0.358    14.2463     4.9942     48.735  30.024839     38.249      6.884   250.4516     2.1189     4.8649     0.0216      0.006      0.351      0.509        142 6.5169e+02 0.0000e+00
      0.359    14.2474     4.9902     48.699  30.023150     38.248      6.886   250.3759     2.0987     4.7575     0.0216      0.004      0.352      0.511        143 6.8065e+02 0.0000e+00
      0.359    14.2480     4.9677     48.481  30.022222     38.247      6.886   251.1709     2.1229     4.8112     0.0216      0.002      0.352      0.511        144 4.1379e+02 0.0000e+00
      0.359    14.2487     4.9513     48.320  30.025992     38.245      6.886   251.1709     2.0866     4.8515     0.0216      0.001      0.352      0.511        145 7.6295e+02 0.0000e+00
      0.359    14.2489     4.9389     48.200  30.018456     38.245      6.885   251.4359     2.0906     4.8246     0.0216      0.001      0.351      0.509        146 6.7743e+02 0.0000e+00
      0.355    14.2482     4.9171     47.987  29.942648     38.137      6.885   251.4359     2.1836     4.8649     0.0215      0.000      0.346      0.502        147 6.8539e+02 0.0000e+00
      0.345    14.2477     4.9029     47.849  29.942429     38.137      6.887   250.6409     2.1634     4.7709     0.0215     -0.003      0.338      0.491        148 6.9291e+02 0.0000e+00
      0.336    14.2482     4.8904     47.730  30.018728     38.245      6.887   251.0952     2.1796     4.7709     0.0216     -0.009      0.331      0.481        149 6.9212e+02 0.0000e+00
      0.334    14.2493     4.8696     47.532  30.084901     38.316      6.887   251.8523     2.1674     4.7709     0.0216     -0.013      0.329      0.477        150 7.9565e+02 0.0000e+00
      0.336    14.2513     4.8559     47.401  30.067635     38.316      6.888   252.2309     2.1149     4.8783     0.0216     -0.015      0.332      0.481        151 4.5567e+02 0.0000e+00
      0.343    14.2539     4.8450     47.294  30.040216     38.244      6.884   252.5716     2.0785     4.8112     0.0216     -0.013      0.337      0.488        152 6.7312e+02 0.0000e+00
      0.350    14.2565     4.8366     47.213  30.059719     38.313      6.883   253.0259     2.0946     4.8380     0.0216     -0.009      0.342      0.496        153 8.0855e+02 0.0000e+00
      0.353    14.2574     4.8305     47.152  30.043363     38.239      6.881   252.9124     2.0866     4.8112     0.0216     -0.003      0.345      0.500        154 5.6262e+02 0.0000e+00
      0.353    14.2572     4.8221     47.070  30.060571     38.308      6.879   253.5181     2.1108     4.8380     0.0216      0.004      0.345      0.500        155 7.8569e+02 0.0000e+00
      0.348    14.2573     4.8094     46.945  29.979002     38.165      6.880   253.6316     2.1310     4.7977     0.0215      0.008      0.340      0.494        156 5.2182e+02 0.0000e+00
      0.341    14.2575     4.7886     46.744  29.937319     38.129      6.879   254.0481     2.1068     4.7709     0.0215      0.007      0.335      0.487        157 5.5847e+02 0.0000e+00
      0.339    14.2584     4.7789     46.650  30.023492     38.236      6.878   253.2152     2.0825     4.7843     0.0216      0.003      0.334      0.485        158 9.4361e+02 0.0000e+00
      0.344    14.2611     4.7651     46.515  30.020014     38.236      6.876   253.7452     2.0785     4.7843     0.0216     -0.000      0.338      0.491        159 5.9028e+02 0.0000e+00
      0.354    14.2657     4.7532     46.398  30.030599     38.235      6.876   253.8588     2.1270     4.8380     0.0216     -0.001      0.346      0.503        160 6.2941e+02 0.0000e+00
      0.362    14.2686     4.7374     46.243  30.069621     38.303      6.874   254.3509     2.1027     4.7709     0.0216      0.002      0.353      0.513        161 7.8987e+02 0.0000e+00
      0.365    14.2687     4.7265     46.136  30.030754     38.228      6.871   254.5781     2.1068     4.7575     0.0216      0.006      0.356      0.517        162 5.9007e+02 0.0000e+00
      0.363    14.2680     4.7079     45.953  30.019665     38.225      6.871   253.8966     2.1108     4.6903     0.0216      0.010      0.356      0.516        163 4.0681e+02 0.0000e+00
      0.361    14.2673     4.6841     45.722  30.024116     38.225      6.869   255.4109     2.1351     4.8380     0.0216      0.013      0.354      0.514        164 3.3545e+02 0.0000e+00
      0.360    14.2667     4.6818     45.698  30.025214     38.225      6.869   254.3131     2.1270     4.7709     0.0216      0.013      0.354      0.513        165 3.8496e+02 0.0000e+00
      0.362    14.2670     4.6632     45.516  30.018299     38.226      6.866   254.5781     2.0785     4.8112     0.0216      0.010      0.356      0.516        166 4.2139e+02 0.0000e+00
      0.366    14.2685     4.6532     45.418  30.032721     38.227      6.865   255.3352     2.0946     4.7575     0.0216      0.007      0.361      0.522        167 4.0221e+02 0.0000e+00
      0.375    14.2692     4.6322     45.213  30.066567     38.298      6.865   255.6002     2.1715     4.9186     0.0216      0.006      0.366      0.531        168 3.6716e+02 0.0000e+00
      0.377    14.2689     4.6227     45.119  30.035480     38.225      6.861   254.9945     2.2038     4.8783     0.0216      0.006      0.369      0.536        169 3.5005e+02 0.0000e+00
      0.378    14.2682     4.6092     44.988  30.012108     38.224      6.863   255.4109     2.2079     4.7977     0.0216      0.008      0.370      0.537        170 3.0825e+02 0.0000e+00
