Data/DataNotYetUploadedToEDI/Raw_CTD/2018_RawDownloads/102218_fcr50.cnv
* Sea-Bird SBE19plus  Data File:
* FileName = C:\DATA\101518_fcr_0012.hex
* Software version 2.6.3.104
* Temperature SN = 7809
* Conductivity SN = 7809
* System UpLoad Time = Oct 29 2018 16:40:22
* <ApplicationData>
* <Seaterm232>
# nquan = 17
# nvalues = 636                         
# units = specified
# name 0 = depFM: Depth [fresh water, m]
# name 1 = tv290C: Temperature [ITS-90, deg C]
# name 2 = sbeox0Mg/L: Oxygen, SBE 43 [mg/l]
# name 3 = sbeox0PS: Oxygen, SBE 43 [% saturation]
# name 4 = c0uS/cm: Conductivity [uS/cm]
# name 5 = specc: Specific Conductance [uS/cm]
# name 6 = ph: pH
# name 7 = orp: Oxidation Reduction Potential [mV]
# name 8 = flECO-AFL: Fluorescence, WET Labs ECO-AFL/FL [mg/m^3]
# name 9 = turbWETntu0: Turbidity, WET Labs ECO [NTU]
# name 10 = sal00: Salinity, Practical [PSU]
# name 11 = dz/dtM: Descent Rate [m/s]
# name 12 = prdM: Pressure, Strain Gauge [db]
# name 13 = prdE: Pressure, Strain Gauge [psi]
# name 14 = scan: Scan Count
# name 15 = par/sat/log: PAR/Logarithmic, Satlantic
# name 16 = flag:  0.000e+00
# span 0 =     -0.514,      9.759       
# span 1 =    12.6999,    14.5465       
# span 2 =    -0.1066,    10.5691       
# span 3 =     -1.030,    103.543       
# span 4 =   0.143645, 319.654887       
# span 5 =      0.192,    424.339       
# span 6 =      6.268,     12.428       
# span 7 = -1240.7455,   285.0532       
# span 8 =    -0.4205,   257.8145       
# span 9 =    -2.4533,   854.7192       
# span 10 =     0.0068,     0.2023      
# span 11 =     -0.229,      0.182      
# span 12 =     -0.504,      9.569      
# span 13 =     -0.731,     13.879      
# span 14 =          1,        636      
# span 15 = 1.2551e-01, 1.9757e+03      
# span 16 = 0.0000e+00, 0.0000e+00      
# interval = seconds: 0.25
# start_time = Oct 22 2018 15:47:38 [Instrument's time stamp, header]
# bad_flag = -9.990e-29
*END*
     -0.514    13.1936    10.2952     98.150   0.233225      0.300      8.469  -829.8051   257.7821     0.2188     0.0069 2.1053e-16     -0.504     -0.730          1 1.4571e+02 0.0000e+00
     -0.514    13.1677    10.2907     98.129   0.314890      0.411      9.232  -647.6738   257.8145     0.1114     0.0069      0.000     -0.504     -0.730          2 1.4694e+02 0.0000e+00
     -0.514    13.1530    10.2893     98.137   0.245635      0.338     10.893  -839.8372   257.7983     0.1785     0.0068     -0.000     -0.504     -0.730          3 1.4786e+02 0.0000e+00
     -0.513    13.1512    10.2893     98.158   0.171377      0.192     11.537  -785.2471     0.4610    -0.7346     0.0068     -0.000     -0.504     -0.730          4 1.4947e+02 0.0000e+00
     -0.514    13.1501    10.2830     98.117   0.229663      0.339     11.834  -794.3328     0.4448    -0.6137     0.0068     -0.000     -0.504     -0.730          5 1.5078e+02 0.0000e+00
     -0.513    13.1545    10.2801     98.105   0.173100      0.192     12.072  -756.9298     0.4287    -0.7614     0.0068      0.000     -0.504     -0.730          6 1.5361e+02 0.0000e+00
     -0.514    13.1617    10.2823     98.138   0.182556      0.266     12.176  -768.1356     0.4529    -0.7480     0.0068      0.000     -0.504     -0.730          7 1.6538e+02 0.0000e+00
     -0.514    13.1714    10.2735     98.126   0.217894      0.265     12.276  -827.6850     0.4448    -0.6943     0.0068      0.000     -0.504     -0.730          8 1.6866e+02 0.0000e+00
     -0.514    13.1808    10.2349     98.174   0.188334      0.265     12.369  -848.0901    -0.1253     2.0316     0.0068      0.000     -0.504     -0.730          9 1.6223e+02 0.0000e+00
     -0.514    13.1915    10.1847     98.163   0.160130      0.192     12.428  -861.6051    -0.1577     2.1256     0.0069      0.000     -0.504     -0.730         10 1.6305e+02 0.0000e+00
     -0.514    13.2015    10.1362     98.148   0.193781      0.265     12.366  -866.1480    -0.1496     2.1659     0.0068     -0.000     -0.504     -0.731         11 1.6455e+02 0.0000e+00
     -0.514    13.2121    10.0981     98.128   0.205668      0.265     12.363  -871.4102    -0.1334     2.1793     0.0068     -0.000     -0.504     -0.731         12 1.6690e+02 0.0000e+00
     -0.513    13.2211    10.0738     98.149   0.204549      0.265     12.361  -865.3152     6.1019     1.9107     0.0068     -0.000     -0.504     -0.731         13 1.7235e+02 0.0000e+00
     -0.514    13.2319    10.0592     98.144   0.254388      0.338     12.317  -874.4388     6.1342     1.8033     0.0068     -0.000     -0.504     -0.731         14 1.7703e+02 0.0000e+00
     -0.514    13.2380    10.0490     98.167   0.143645      0.192     12.311  -872.7352     6.1221     1.8705     0.0069     -0.000     -0.504     -0.731         15 1.8116e+02 0.0000e+00
     -0.514    13.2493    10.0285     98.078   0.164727      0.192     12.236  -534.2156     6.1261     1.8570     0.0069     -0.000     -0.504     -0.731         16 1.7847e+02 0.0000e+00
     -0.513    13.2488    10.0213     98.112   0.168938      0.265     12.156  -547.9578    -0.4084    11.7266     0.0069     -0.000     -0.504     -0.731         17 1.7379e+02 0.0000e+00
     -0.514    13.2933    10.0114     98.100   0.256830      0.265     12.114  -542.0521    -0.3841    11.8474     0.0069     -0.000     -0.501     -0.726         18 1.7390e+02 0.0000e+00
     -0.502    13.4727    10.0103     98.158   0.173776      0.338     12.089  -561.2457    -0.4205    11.7266     0.0069      0.003     -0.492     -0.713         19 1.7400e+02 0.0000e+00
     -0.491    13.6974    10.0075     98.155   0.775619      0.811     12.033  -539.7428    -0.4124    11.7400     0.0069      0.009     -0.482     -0.698         20 1.7208e+02 0.0000e+00
     -0.482    13.8998    10.0068     98.171   0.159202      0.590     12.009  -595.8472     0.0041    -0.0229     0.0070      0.014     -0.471     -0.683         21 1.7215e+02 0.0000e+00
     -0.468    14.0659     9.9997     98.145   0.852073      0.442     12.023  -537.6606     0.0081    -0.0229     0.0071      0.022     -0.458     -0.663         22 1.7552e+02 0.0000e+00
     -0.450    14.1786     9.9987     98.145   6.072603      8.401     12.020  -589.9794    -0.0121    -0.0363     0.0094      0.031     -0.439     -0.637         23 1.7713e+02 0.0000e+00
     -0.426    14.2474    10.0025     98.176  15.548443     19.049     10.146 -1240.7455    -0.0404    -0.0229     0.0135      0.043     -0.417     -0.605         24 1.7647e+02 0.0000e+00
     -0.402    14.3018     9.9984     98.154  27.010377     35.422      8.731 -1240.7455    -0.0404    -0.1169     0.0203      0.055     -0.395     -0.573         25 1.7242e+02 0.0000e+00
     -0.381    14.3560     9.9998     98.200  30.393040     38.247      8.168 -1240.7455     0.5702   854.6655     0.0216      0.065     -0.374     -0.542         26 1.8530e+02 0.0000e+00
     -0.359    14.4025    10.0083     98.290  29.597344     37.942      7.972 -1240.7455     0.5823   854.5983     0.0215      0.072     -0.354     -0.514         27 2.0786e+02 0.0000e+00
     -0.343    14.4436    10.0275     98.459  29.987040     37.892      7.902 -1240.7455     0.5864   854.5715     0.0214      0.077     -0.341     -0.495         28 1.9267e+02 0.0000e+00
     -0.343    14.4744    10.0532     98.687  29.908050     38.094      7.862 -1240.7455     0.5742   854.7192     0.0216      0.076     -0.339     -0.492         29 1.7537e+02 0.0000e+00
     -0.352    14.4874    10.0831     98.965  30.021780     37.949      7.801 -1240.7455     2.0057    -2.4533     0.0215      0.065     -0.344     -0.500         30 1.8278e+02 0.0000e+00
     -0.358    14.4981    10.1165     99.267  29.815836     37.848      7.762 -1240.7455     2.0421    -2.4533     0.0215      0.048     -0.349     -0.506         31 1.8797e+02 0.0000e+00
     -0.358    14.5175    10.1565     99.628  29.600978     37.412      7.758 -1240.7455     2.0178    -2.4533     0.0213      0.031     -0.347     -0.503         32 1.9204e+02 0.0000e+00
     -0.344    14.5227    10.2042    100.070  29.429308     37.296      7.754 -1240.7455     2.0016    -2.4131     0.0213      0.019     -0.333     -0.483         33 2.3497e+02 0.0000e+00
     -0.318    14.5199    10.2497    100.504  29.644020     37.453      7.733   223.2323     1.9652     1.0648     0.0213      0.017     -0.306     -0.445         34 3.5503e+02 0.0000e+00
     -0.276    14.5286    10.3218    101.190  29.986070     37.979      7.697   220.2415     1.9612     1.1588     0.0216      0.026     -0.266     -0.386         35 5.2681e+02 0.0000e+00
     -0.220    14.5429    10.3493    101.434  30.100688     38.053      7.666   218.4623     1.9774     0.9842     0.0216      0.051     -0.216     -0.313         36 7.6383e+02 0.0000e+00
     -0.165    14.5465    10.4389    102.295  30.124038     38.115      7.630   218.7273     2.0016     1.0648     0.0216      0.086     -0.162     -0.236         37 1.0557e+03 0.0000e+00
     -0.111    14.5372    10.5184    103.057  30.194215     38.171      7.598   220.0901     1.3142     4.7575     0.0216      0.123     -0.112     -0.163         38 1.2592e+03 0.0000e+00
     -0.067    14.5263    10.5691    103.543  30.191255     38.168      7.563   220.6580     1.3668     4.8246     0.0216      0.154     -0.070     -0.101         39 1.5263e+03 0.0000e+00
     -0.034    14.5181    10.4715    102.580  30.187024     38.177      7.539   221.7180     1.3223     4.7709     0.0216      0.173     -0.035     -0.050         40 1.6993e+03 0.0000e+00
     -0.005    14.5069    10.2255    100.166  30.140182     38.117      7.517   223.3080     1.3304     4.6769     0.0216      0.179      0.003      0.004         41 1.1304e+03 0.0000e+00
      0.051    14.4918     9.8461     96.444  30.190251     38.195      7.487   224.7844     1.5407     5.0126     0.0216      0.181      0.053      0.077         42 2.5024e+02 0.0000e+00
      0.118    14.4806     9.3260     91.349  30.124717     38.136      7.460   224.9358     1.5124     4.9857     0.0216      0.182      0.105      0.153         43 2.1087e+02 0.0000e+00
      0.149    14.4747     8.7997     86.196  29.954887     37.903      7.438   225.6551     1.5245     5.0126     0.0215      0.177      0.139      0.203         44 7.5299e+02 0.0000e+00
      0.161    14.4648     8.2650     80.962  30.016150     38.020      7.421   225.9958     1.5568     5.0932     0.0216      0.166      0.159      0.231         45 7.5102e+02 0.0000e+00
      0.182    14.4533     7.7747     76.161  30.137434     38.167      7.408   227.0180     1.5124     4.9589     0.0216      0.153      0.174      0.253         46 3.5195e+02 0.0000e+00
      0.190    14.4457     7.3702     72.205  30.130112     38.176      7.398   226.9801     1.6458     4.7172     0.0216      0.138      0.184      0.267         47 3.4038e+02 0.0000e+00
      0.192    14.4385     7.0620     69.193  30.143867     38.188      7.387   227.3966     1.6539     4.9186     0.0216      0.117      0.189      0.274         48 3.7895e+02 0.0000e+00
      0.199    14.4333     6.8187     66.816  30.179622     38.266      7.379   227.5101     1.6701     4.7977     0.0216      0.092      0.193      0.280         49 3.0730e+02 0.0000e+00
      0.198    14.4308     6.6572     65.237  30.144920     38.202      7.369   228.1159     1.6701     4.8649     0.0216      0.062      0.195      0.283         50 3.9209e+02 0.0000e+00
      0.200    14.4285     6.5396     64.082  30.127753     38.207      7.360   228.4944     1.5083     4.8112     0.0216      0.037      0.195      0.283         51 2.5246e+02 0.0000e+00
      0.199    14.4263     6.4489     63.195  30.141687     38.209      7.352   229.2516     1.5124     4.8783     0.0216      0.024      0.195      0.282         52 2.2887e+02 0.0000e+00
      0.196    14.4256     6.3816     62.539  30.186883     38.282      7.345   229.4030     1.5204     4.7843     0.0216      0.014      0.193      0.279         53 2.8662e+02 0.0000e+00
      0.194    14.4272     6.3386     62.128  30.249413     38.355      7.336   229.9330     1.5407     4.7306     0.0217      0.006      0.193      0.278         54 3.3835e+02 0.0000e+00
      0.199    14.4289     6.3066     61.821  30.241775     38.356      7.328   232.2423     1.6054     4.8112     0.0217      0.003      0.196      0.283         55 2.5301e+02 0.0000e+00
      0.205    14.4306     6.2805     61.569  30.196389     38.284      7.319   232.1666     1.5932     4.7038     0.0216      0.003      0.199      0.288         56 3.0142e+02 0.0000e+00
      0.203    14.4343     6.2868     61.630  30.187292     38.282      7.312   232.5073     1.5811     4.8112     0.0216      0.002      0.198      0.287         57 6.4946e+02 0.0000e+00
      0.198    14.4391     6.2718     61.482  30.193795     38.280      7.305   232.0151     1.5730     4.8246     0.0216      0.001      0.194      0.282         58 4.6147e+02 0.0000e+00
      0.193    14.4438     6.2688     61.450  30.128994     38.206      7.300   232.1666     1.6377     4.7977     0.0216     -0.000      0.192      0.279         59 2.8208e+02 0.0000e+00
      0.197    14.4456     6.2765     61.525  30.149330     38.201      7.292   232.5830     1.6498     4.7038     0.0216     -0.000      0.195      0.282         60 5.0673e+02 0.0000e+00
      0.205    14.4451     6.2860     61.620  30.168484     38.267      7.282   233.4916     1.6458     4.7709     0.0216      0.002      0.200      0.290         61 7.2403e+02 0.0000e+00
      0.209    14.4455     6.2820     61.582  30.105156     38.124      7.273   234.1352     1.6418     4.9052     0.0216      0.003      0.204      0.296         62 6.4802e+02 0.0000e+00
      0.212    14.4488     6.2975     61.735  30.168839     38.266      7.264   235.0816     1.5164     4.8112     0.0216      0.004      0.208      0.301         63 3.9893e+02 0.0000e+00
      0.214    14.4553     6.2955     61.719  30.207833     38.266      7.261   235.2709     1.5002     4.7038     0.0216      0.006      0.209      0.303         64 3.0484e+02 0.0000e+00
      0.213    14.4606     6.2800     61.570  30.234533     38.334      7.255   235.4223     1.5245     4.8380     0.0217      0.009      0.208      0.302         65 4.5860e+02 0.0000e+00
      0.209    14.4630     6.2647     61.422  30.194912     38.256      7.249   235.8387     1.5245     4.7709     0.0216      0.010      0.206      0.299         66 5.6360e+02 0.0000e+00
      0.208    14.4636     6.2329     61.108  30.197837     38.251      7.241   236.4444     1.5124     4.8112     0.0216      0.008      0.207      0.300         67 6.8308e+02 0.0000e+00
      0.217    14.4621     6.1885     60.675  30.290193     38.390      7.237   236.5580     1.6458     4.8246     0.0217      0.006      0.213      0.310         68 5.3000e+02 0.0000e+00
      0.228    14.4603     6.1456     60.258  30.257880     38.319      7.229   237.1259     1.6620     4.7306     0.0217      0.007      0.221      0.320         69 2.5267e+02 0.0000e+00
      0.231    14.4600     6.1166     59.977  30.238050     38.321      7.224   237.2016     1.6458     4.8380     0.0217      0.009      0.224      0.325         70 2.7490e+02 0.0000e+00
      0.228    14.4611     6.0911     59.729  30.196269     38.252      7.218   237.4666     1.6539     4.7709     0.0216      0.010      0.222      0.322         71 3.1074e+02 0.0000e+00
      0.221    14.4623     6.0748     59.569  30.191273     38.252      7.213   237.3530     1.6418     4.7977     0.0216      0.009      0.217      0.315         72 6.3879e+02 0.0000e+00
      0.216    14.4636     6.0668     59.488  30.244268     38.322      7.205   238.1102     1.6498     4.7709     0.0217      0.006      0.214      0.310         73 7.0410e+02 0.0000e+00
      0.217    14.4656     6.0457     59.277  30.248920     38.320      7.201   236.9744     1.6862     4.7440     0.0217      0.004      0.215      0.311         74 4.1241e+02 0.0000e+00
      0.222    14.4680     6.0380     59.198  30.244784     38.319      7.195   237.9587     1.6539     4.7843     0.0217      0.002      0.220      0.319         75 2.6053e+02 0.0000e+00
      0.233    14.4689     6.0375     59.191  30.249414     38.317      7.188   238.9430     1.5164     4.5963     0.0217      0.001      0.228      0.331         76 3.2452e+02 0.0000e+00
      0.242    14.4681     6.0261     59.081  30.243156     38.315      7.185   238.8295     1.5447     4.6098     0.0217      0.003      0.235      0.341         77 5.5177e+02 0.0000e+00
      0.242    14.4696     6.0242     59.064  30.193269     38.243      7.177   239.7380     1.5083     4.5158     0.0216      0.008      0.237      0.344         78 2.8626e+02 0.0000e+00
      0.242    14.4724     6.0270     59.093  30.192894     38.244      7.175   239.8895     1.5002     4.6232     0.0216      0.012      0.236      0.343         79 2.6058e+02 0.0000e+00
      0.239    14.4747     6.0297     59.117  30.243623     38.313      7.166   239.3973     1.6741     4.8112     0.0217      0.014      0.234      0.339         80 4.4318e+02 0.0000e+00
      0.234    14.4763     6.0248     59.067  30.248742     38.311      7.163   239.3216     1.6701     4.8515     0.0217      0.012      0.231      0.336         81 3.1098e+02 0.0000e+00
      0.235    14.4763     6.0153     58.967  30.245825     38.308      7.158   239.6245     1.6620     4.7575     0.0217      0.008      0.233      0.337         82 2.8962e+02 0.0000e+00
      0.242    14.4745     5.9979     58.791  30.247253     38.307      7.155   239.9652     1.6094     4.8649     0.0217      0.004      0.239      0.346         83 3.6194e+02 0.0000e+00
      0.253    14.4712     5.9634     58.453  30.246963     38.307      7.150   240.5330     1.7267     4.7843     0.0217      0.004      0.246      0.357         84 5.2909e+02 0.0000e+00
      0.257    14.4682     5.9215     58.042  30.246185     38.308      7.145   241.1009     1.7226     4.7440     0.0217      0.006      0.250      0.363         85 5.4979e+02 0.0000e+00
