Data/DataNotYetUploadedToEDI/Raw_CTD/2018_RawDownloads/102218_fcr45.cnv
* Sea-Bird SBE19plus  Data File:
* FileName = C:\DATA\101518_fcr_0011.hex
* Software version 2.6.3.104
* Temperature SN = 7809
* Conductivity SN = 7809
* System UpLoad Time = Oct 29 2018 16:39:58
* <ApplicationData>
* <Seaterm232>
# nquan = 17
# nvalues = 567                         
# units = specified
# name 0 = depFM: Depth [fresh water, m]
# name 1 = tv290C: Temperature [ITS-90, deg C]
# name 2 = sbeox0Mg/L: Oxygen, SBE 43 [mg/l]
# name 3 = sbeox0PS: Oxygen, SBE 43 [% saturation]
# name 4 = c0uS/cm: Conductivity [uS/cm]
# name 5 = specc: Specific Conductance [uS/cm]
# name 6 = ph: pH
# name 7 = orp: Oxidation Reduction Potential [mV]
# name 8 = flECO-AFL: Fluorescence, WET Labs ECO-AFL/FL [mg/m^3]
# name 9 = turbWETntu0: Turbidity, WET Labs ECO [NTU]
# name 10 = sal00: Salinity, Practical [PSU]
# name 11 = dz/dtM: Descent Rate [m/s]
# name 12 = prdM: Pressure, Strain Gauge [db]
# name 13 = prdE: Pressure, Strain Gauge [psi]
# name 14 = scan: Scan Count
# name 15 = par/sat/log: PAR/Logarithmic, Satlantic
# name 16 = flag:  0.000e+00
# span 0 =     -0.517,      7.312       
# span 1 =    11.6892,    14.5283       
# span 2 =     5.0377,    10.6521       
# span 3 =     48.748,    100.379       
# span 4 =   0.283521,  30.522817       
# span 5 =      0.538,     38.772       
# span 6 =      6.380,      7.574       
# span 7 =   251.0195,   854.3884       
# span 8 =    -0.9543,   257.8670       
# span 9 =    -5.2463,     8.8664       
# span 10 =     0.0060,     0.0217      
# span 11 =     -0.188,      0.155      
# span 12 =     -0.507,      7.169      
# span 13 =     -0.735,     10.399      
# span 14 =          1,        567      
# span 15 = 1.2406e-01, 3.2586e+03      
# span 16 = 0.0000e+00, 0.0000e+00      
# interval = seconds: 0.25
# start_time = Oct 22 2018 15:26:42 [Instrument's time stamp, header]
# bad_flag = -9.990e-29
*END*
     -0.514    11.9045    10.6282     98.063   0.408802      0.538      6.381   764.4017    -0.9543     1.9376     0.0062 2.1053e-16     -0.505     -0.732          1 1.2248e+02 0.0000e+00
     -0.515    11.8605    10.6268     98.037   0.557801      0.765      6.394   754.7481    -0.8977     1.8705     0.0062     -0.000     -0.505     -0.732          2 1.2339e+02 0.0000e+00
     -0.515    11.8227    10.6293     98.036   0.620323      0.841      6.416   728.7023    -0.9098     1.8705     0.0062     -0.000     -0.505     -0.732          3 1.4842e+02 0.0000e+00
     -0.515    11.7967    10.6302     98.009   0.567855      0.767      6.428   722.1530    -0.1900    -0.6674     0.0061     -0.000     -0.505     -0.733          4 1.5664e+02 0.0000e+00
     -0.515    11.7802    10.6386     98.049   0.563881      0.768      6.430   720.8658    -0.2062    -0.7211     0.0061     -0.000     -0.505     -0.733          5 1.5719e+02 0.0000e+00
     -0.515    11.7696    10.6448     98.084   0.566054      0.768      6.426   717.5344    -0.2062    -0.7077     0.0061     -0.001     -0.506     -0.733          6 1.6124e+02 0.0000e+00
     -0.515    11.7628    10.6424     98.056   0.565152      0.768      6.419   724.6894    -0.2062    -0.6271     0.0061     -0.001     -0.506     -0.733          7 1.5931e+02 0.0000e+00
     -0.516    11.7608    10.6422     98.058   0.565003      0.769      6.408   731.4659    -0.1860    -0.6406     0.0061     -0.001     -0.506     -0.733          8 1.6120e+02 0.0000e+00
     -0.515    11.7593    10.6495     98.128   0.507024      0.693      6.396   731.3523    -0.2183    -0.6540     0.0061     -0.001     -0.506     -0.733          9 1.6203e+02 0.0000e+00
     -0.516    11.7556    10.6477     98.115   0.459661      0.617      6.388   728.4373    -0.2305    -0.7614     0.0061     -0.000     -0.506     -0.733         10 1.6391e+02 0.0000e+00
     -0.516    11.7512    10.6498     98.139   0.505515      0.693      6.380   730.0652    -0.1698    -0.6943     0.0061     -0.000     -0.506     -0.733         11 1.6134e+02 0.0000e+00
     -0.516    11.7452    10.6521     98.165   0.449960      0.617      6.381   739.3023    -0.2021    -0.6271     0.0061     -0.000     -0.506     -0.733         12 1.6200e+02 0.0000e+00
     -0.516    11.7346    10.6487     98.138   0.469584      0.617      6.383   746.1923    -0.1941    -0.7748     0.0061     -0.000     -0.506     -0.733         13 1.6274e+02 0.0000e+00
     -0.516    11.7187    10.6459     98.118   0.362663      0.541      6.388   728.0587    -0.1981    -0.6943     0.0061     -0.000     -0.506     -0.734         14 1.5538e+02 0.0000e+00
     -0.516    11.7026    10.6487     98.157   0.464592      0.542      6.397   733.5480    -0.2183    -0.5734     0.0061     -0.000     -0.506     -0.734         15 1.4572e+02 0.0000e+00
     -0.517    11.6921    10.6455     98.143   0.283521      0.542      6.397   770.4967    -0.2183    -0.6406     0.0060     -0.000     -0.507     -0.735         16 1.3993e+02 0.0000e+00
     -0.517    11.6892    10.6326     98.064   0.647218      0.618      6.401   729.0051    -0.2102    -0.6540     0.0060     -0.000     -0.507     -0.735         17 1.4067e+02 0.0000e+00
     -0.516    11.6907    10.5361     98.065   3.683579      5.181      6.418   730.1787    -0.2102    -0.6809     0.0072     -0.000     -0.507     -0.735         18 1.4419e+02 0.0000e+00
     -0.517    11.6928    10.3783     98.031   5.062204      6.969      6.438   733.0937    -0.2062    -0.6271     0.0078     -0.000     -0.507     -0.735         19 1.4853e+02 0.0000e+00
     -0.516    11.6936    10.2801     98.067   3.758090      5.029      6.465   733.6237    -0.2021    -0.6943     0.0072     -0.000     -0.506     -0.734         20 1.4670e+02 0.0000e+00
     -0.516    11.6966    10.2111     98.031   3.026352      4.192      6.490   731.6173    -0.2021    -0.6943     0.0069     -0.000     -0.506     -0.734         21 1.4518e+02 0.0000e+00
     -0.517    11.6975    10.1653     98.021   2.745105      3.660      6.501   727.1501    -0.2021    -0.5734     0.0068     -0.000     -0.506     -0.734         22 1.4402e+02 0.0000e+00
     -0.516    11.7017    10.1370     98.004   2.390652      3.355      6.495   727.5666    -0.1860    -0.7077     0.0067      0.000     -0.506     -0.734         23 1.4192e+02 0.0000e+00
     -0.516    11.7010    10.1104     98.030   2.312653      3.013      6.509   727.6801    -0.2183    -0.6943     0.0066      0.000     -0.506     -0.734         24 1.4027e+02 0.0000e+00
     -0.517    11.7123    10.0761     98.025   1.953869      2.861      6.515   733.7752    -0.2224    -0.7077     0.0065      0.000     -0.506     -0.734         25 1.3560e+02 0.0000e+00
     -0.516    11.7095    10.0494     98.021   2.215345      2.709      6.532   716.6637    -0.2021    -0.6674     0.0065     -0.000     -0.506     -0.734         26 1.3270e+02 0.0000e+00
     -0.516    11.7441    10.0354     98.048   1.365452      2.366      6.595   854.3884    -0.1779    -0.6674     0.0064     -0.000     -0.505     -0.733         27 1.3325e+02 0.0000e+00
     -0.517    12.1401    10.1393     99.184   2.981940      3.164      6.892   419.0300    -0.2102    -0.7480     0.0066     -0.000     -0.498     -0.722         28 1.3482e+02 0.0000e+00
     -0.487    12.7768    10.2193    100.045   1.772983      3.922      7.113   406.9535    -0.1941    -0.7480     0.0069      0.007     -0.478     -0.692         29 1.4024e+02 0.0000e+00
     -0.459    13.2275    10.2482    100.379   5.090748      4.405      7.239   403.1299     2.4464     2.1122     0.0072      0.021     -0.452     -0.654         30 1.5859e+02 0.0000e+00
     -0.437    13.5109    10.1966     99.898  16.122298     24.091      7.337   297.7732     2.4343     2.0719     0.0150      0.036     -0.424     -0.614         31 2.1142e+02 0.0000e+00
     -0.401    13.7087    10.0005     97.981  19.028798     22.424      7.474   277.2546     2.4545     2.1524     0.0145      0.055     -0.385     -0.558         32 3.5943e+02 0.0000e+00
     -0.338    13.8304     9.6743     94.778  26.273186     35.965      7.555   271.7274     2.4181     2.1927     0.0203      0.084     -0.333     -0.483         33 5.5156e+02 0.0000e+00
     -0.281    13.9614     9.1967     90.094  30.522817     38.379      7.574   270.5917   257.8347    -5.1926     0.0214      0.115     -0.283     -0.410         34 7.2387e+02 0.0000e+00
     -0.248    14.1127     8.6782     85.005  29.391175     38.477      7.566   270.9703   257.8670    -5.1524     0.0215      0.140     -0.246     -0.357         35 8.8412e+02 0.0000e+00
     -0.222    14.2317     8.1299     79.632  30.320201     38.527      7.547   269.1153   257.8509    -5.2463     0.0216      0.154     -0.219     -0.317         36 1.0335e+03 0.0000e+00
     -0.198    14.3095     7.6376     74.807  29.841014     38.377      7.538   268.6610   257.8468    -5.2195     0.0216      0.155     -0.193     -0.280         37 1.1064e+03 0.0000e+00
     -0.169    14.3645     7.2110     70.614  30.135710     38.260      7.504   264.5345     1.3506     8.8664     0.0216      0.152     -0.165     -0.239         38 1.2211e+03 0.0000e+00
     -0.137    14.4010     6.9168     67.736  30.012710     38.256      7.456   260.8624     1.3627     8.8530     0.0216      0.146     -0.135     -0.195         39 1.3117e+03 0.0000e+00
     -0.107    14.4240     6.6981     65.595  30.112653     38.202      7.430   259.6509     1.3183     8.7993     0.0216      0.134     -0.104     -0.150         40 1.5139e+03 0.0000e+00
     -0.074    14.4357     6.5741     64.374  29.922358     37.990      7.408   251.8523     1.3021     8.7993     0.0215      0.121     -0.071     -0.103         41 1.5212e+03 0.0000e+00
     -0.035    14.4371     6.5177     63.824  29.953010     37.967      7.385   251.7766     1.4638     4.8917     0.0215      0.117     -0.034     -0.049         42 1.8336e+03 0.0000e+00
      0.005    14.4342     6.4841     63.501  29.866944     37.886      7.362   251.5495     1.4719     4.8380     0.0215      0.123      0.005      0.006         43 1.6752e+03 0.0000e+00
      0.043    14.4313     6.4829     63.488  29.792257     37.742      7.339   251.2466     1.4760     4.8380     0.0214      0.131      0.044      0.063         44 3.7088e+02 0.0000e+00
      0.088    14.4268     6.4898     63.553  29.808753     37.816      7.312   251.8902     1.4436     4.7575     0.0214      0.140      0.082      0.119         45 4.4789e+02 0.0000e+00
      0.121    14.4255     6.4679     63.337  29.816766     37.783      7.279   251.0195     1.4517     4.7172     0.0214      0.145      0.112      0.163         46 1.5499e+03 0.0000e+00
      0.135    14.4226     6.4761     63.421  29.871238     37.894      7.262   251.0573     1.5932     4.6769     0.0215      0.142      0.129      0.188         47 2.1089e+03 0.0000e+00
      0.141    14.4143     6.4583     63.247  29.948517     37.967      7.242   251.1331     1.5528     4.5829     0.0215      0.132      0.138      0.201         48 8.5192e+02 0.0000e+00
      0.148    14.4152     6.4392     63.060  30.017098     38.075      7.231   251.6252     1.5649     4.5829     0.0216      0.115      0.144      0.209         49 5.7120e+02 0.0000e+00
      0.150    14.4162     6.4085     62.768  30.023097     38.084      7.221   251.7766     1.5892     4.4755     0.0216      0.092      0.149      0.216         50 1.0263e+03 0.0000e+00
      0.160    14.4115     6.3787     62.482  30.030006     38.082      7.211   252.3066     1.6862     4.5023     0.0216      0.071      0.158      0.230         51 1.1363e+03 0.0000e+00
      0.176    14.4135     6.3478     62.182  29.949199     38.011      7.200   252.7231     1.6781     4.5695     0.0215      0.054      0.171      0.248         52 1.7933e+03 0.0000e+00
      0.186    14.4171     6.3149     61.860  29.678904     37.626      7.186   252.9502     1.6458     4.5560     0.0214      0.040      0.178      0.258         53 7.7262e+02 0.0000e+00
      0.180    14.4167     6.3087     61.798  29.595477     37.552      7.176   252.8366     1.6458     4.5023     0.0213      0.031      0.175      0.254         54 5.7995e+02 0.0000e+00
      0.168    14.4145     6.3006     61.721  29.786172     37.762      7.168   252.9881     1.5932     4.5695     0.0214      0.023      0.169      0.245         55 1.1300e+03 0.0000e+00
      0.169    14.4137     6.3011     61.731  29.915991     37.975      7.154   253.0638     1.6013     4.5560     0.0215      0.017      0.169      0.245         56 1.3866e+03 0.0000e+00
      0.179    14.4163     6.3032     61.753  29.967623     37.977      7.140   254.2374     1.5771     4.5158     0.0215      0.013      0.177      0.256         57 2.5603e+03 0.0000e+00
      0.193    14.4166     6.3151     61.869  30.048071     38.155      7.131   253.8588     1.5892     4.6098     0.0216      0.013      0.187      0.271         58 2.8942e+03 0.0000e+00
      0.198    14.4171     6.3319     62.029  29.964127     37.975      7.124   254.4645     1.6579     4.4083     0.0215      0.012      0.191      0.276         59 8.4872e+02 0.0000e+00
      0.191    14.4228     6.3452     62.150  29.923835     37.975      7.118   254.1995     1.6620     4.4352     0.0215      0.009      0.186      0.271         60 4.3889e+02 0.0000e+00
      0.181    14.4275     6.3547     62.232  29.949959     37.975      7.109   254.6538     1.6660     4.3278     0.0215      0.006      0.180      0.261         61 1.2270e+03 0.0000e+00
      0.180    14.4293     6.3672     62.353  30.020568     38.075      7.101   255.4109     1.6539     4.4083     0.0216      0.007      0.179      0.260         62 7.7932e+02 0.0000e+00
      0.188    14.4291     6.3758     62.434  30.013867     38.071      7.095   255.7516     1.7064     4.5560     0.0216      0.007      0.184      0.267         63 1.0536e+03 0.0000e+00
      0.194    14.4283     6.3760     62.436  29.958296     37.963      7.090   254.5781     1.7428     4.6635     0.0215      0.005      0.188      0.273         64 8.0257e+02 0.0000e+00
      0.193    14.4303     6.3857     62.532  30.000773     38.069      7.088   254.1995     1.6984     4.5023     0.0216      0.002      0.188      0.273         65 4.0630e+02 0.0000e+00
      0.188    14.4335     6.3765     62.441  29.961006     37.964      7.083   254.2752     1.7388     4.5695     0.0215     -0.002      0.185      0.268         66 4.6864e+02 0.0000e+00
      0.183    14.4349     6.3655     62.335  30.007784     38.068      7.082   254.0859     1.7064     4.5292     0.0216     -0.002      0.182      0.264         67 9.0567e+02 0.0000e+00
      0.186    14.4340     6.3483     62.161  30.031510     38.065      7.081   254.0102     1.6539     4.3681     0.0216      0.001      0.184      0.267         68 1.3303e+03 0.0000e+00
      0.193    14.4313     6.3289     61.963  30.020433     38.064      7.080   259.3102     1.6741     4.4083     0.0216      0.003      0.190      0.275         69 1.0623e+03 0.0000e+00
      0.201    14.4242     6.3024     61.685  30.021568     38.064      7.074   260.7867     1.6539     4.3546     0.0216      0.005      0.196      0.285         70 9.0659e+02 0.0000e+00
      0.207    14.4169     6.2802     61.462  29.970795     37.996      7.069   255.3352     1.6296     4.3143     0.0215      0.006      0.201      0.292         71 6.3421e+02 0.0000e+00
      0.208    14.4150     6.2545     61.219  29.935368     37.967      7.068   254.3509     1.7145     4.5560     0.0215      0.009      0.204      0.295         72 4.4068e+02 0.0000e+00
      0.209    14.4133     6.2318     61.006  29.947057     37.975      7.064   254.4266     1.7307     4.6500     0.0215      0.012      0.204      0.296         73 6.4526e+02 0.0000e+00
      0.208    14.4127     6.2156     60.857  29.926601     37.976      7.058   254.7295     1.7307     4.5829     0.0215      0.014      0.202      0.293         74 1.1505e+03 0.0000e+00
      0.201    14.4133     6.1945     60.656  29.960827     37.978      7.058   254.9945     1.7145     4.6098     0.0215      0.011      0.198      0.288         75 1.3932e+03 0.0000e+00
      0.198    14.4136     6.1729     60.448  30.052716     38.156      7.053   254.9945     1.6620     4.5158     0.0216      0.006      0.196      0.284         76 1.4319e+03 0.0000e+00
      0.199    14.4137     6.1579     60.291  30.049451     38.084      7.048   255.0324     1.6458     4.5292     0.0216      0.000      0.197      0.286         77 1.1717e+03 0.0000e+00
      0.205    14.4107     6.1352     60.046  30.053842     38.155      7.045   255.1838     1.5973     4.6098     0.0216     -0.002      0.202      0.293         78 5.2108e+02 0.0000e+00
      0.214    14.4033     6.1075     59.774  30.047251     38.084      7.037   254.9188     1.6620     4.5829     0.0216     -0.001      0.210      0.304         79 6.4915e+02 0.0000e+00
      0.223    14.3907     6.0756     59.474  29.998352     38.087      7.035   255.2595     1.7145     4.5023     0.0216      0.004      0.217      0.315         80 7.2560e+02 0.0000e+00
      0.227    14.3859     6.0542     59.273  29.907145     37.916      7.029   254.9566     1.7307     4.5963     0.0215      0.010      0.221      0.320         81 7.0069e+02 0.0000e+00
      0.226    14.3920     6.0401     59.131  29.923556     38.000      7.025   254.8809     1.7145     4.6232     0.0215      0.014      0.221      0.321         82 1.0209e+03 0.0000e+00
      0.225    14.3996     6.0338     59.057  30.037232     38.111      7.024   254.7674     1.7469     4.5560     0.0216      0.017      0.221      0.321         83 7.4997e+02 0.0000e+00
      0.225    14.4060     6.0338     59.044  30.062183     38.176      7.016   254.8809     1.7186     4.5695     0.0216      0.016      0.222      0.321         84 4.5757e+02 0.0000e+00
      0.228    14.4108     6.0269     58.963  30.040756     38.098      7.013   254.7674     1.7064     4.4486     0.0216      0.013      0.225      0.325         85 5.3631e+02 0.0000e+00
