Data/DataNotYetUploadedToEDI/Raw_CTD/2018_RawDownloads/102218_fcr45.cnv
* Sea-Bird SBE19plus  Data File:
* FileName = C:\DATA\101518_fcr_0011.hex
* Software version 2.6.3.104
* Temperature SN = 7809
* Conductivity SN = 7809
* System UpLoad Time = Oct 29 2018 16:39:58
* <ApplicationData>
* <Seaterm232>
# nquan = 17
# nvalues = 567                         
# units = specified
# name 0 = depFM: Depth [fresh water, m]
# name 1 = tv290C: Temperature [ITS-90, deg C]
# name 2 = sbeox0Mg/L: Oxygen, SBE 43 [mg/l]
# name 3 = sbeox0PS: Oxygen, SBE 43 [% saturation]
# name 4 = c0uS/cm: Conductivity [uS/cm]
# name 5 = specc: Specific Conductance [uS/cm]
# name 6 = ph: pH
# name 7 = orp: Oxidation Reduction Potential [mV]
# name 8 = flECO-AFL: Fluorescence, WET Labs ECO-AFL/FL [mg/m^3]
# name 9 = turbWETntu0: Turbidity, WET Labs ECO [NTU]
# name 10 = sal00: Salinity, Practical [PSU]
# name 11 = dz/dtM: Descent Rate [m/s]
# name 12 = prdM: Pressure, Strain Gauge [db]
# name 13 = prdE: Pressure, Strain Gauge [psi]
# name 14 = scan: Scan Count
# name 15 = par/sat/log: PAR/Logarithmic, Satlantic
# name 16 = flag:  0.000e+00
# span 0 =     -0.517,      7.312       
# span 1 =    11.6892,    14.5283       
# span 2 =     5.0377,    10.6521       
# span 3 =     48.748,    100.379       
# span 4 =   0.283521,  30.522817       
# span 5 =      0.538,     38.772       
# span 6 =      6.380,      7.574       
# span 7 =   251.0195,   854.3884       
# span 8 =    -0.9543,   257.8670       
# span 9 =    -5.2463,     8.8664       
# span 10 =     0.0060,     0.0217      
# span 11 =     -0.188,      0.155      
# span 12 =     -0.507,      7.169      
# span 13 =     -0.735,     10.399      
# span 14 =          1,        567      
# span 15 = 1.2406e-01, 3.2586e+03      
# span 16 = 0.0000e+00, 0.0000e+00      
# interval = seconds: 0.25
# start_time = Oct 22 2018 15:26:42 [Instrument's time stamp, header]
# bad_flag = -9.990e-29
*END*
[from data line 426]
      4.532    14.2551     6.9374     67.704  29.607163     37.702      6.614   293.2303     4.3065     4.2069     0.0213      0.087      4.444      6.445        427 1.4250e+00 0.0000e+00
      4.558    14.2524     6.9446     67.772  29.547155     37.631      6.612   293.1546     4.3186     4.0995     0.0213      0.095      4.469      6.482        428 1.3852e+00 0.0000e+00
      4.581    14.2525     6.9485     67.808  29.551386     37.633      6.611   292.9275     4.5693     4.1801     0.0213      0.098      4.491      6.513        429 1.3658e+00 0.0000e+00
      4.599    14.2527     6.9381     67.705  29.601898     37.707      6.612   292.7003     4.5613     4.1264     0.0213      0.099      4.508      6.538        430 1.3561e+00 0.0000e+00
      4.608    14.2518     6.9400     67.722  29.602894     37.707      6.609   292.7382     4.5693     4.1801     0.0213      0.094      4.518      6.553        431 1.3349e+00 0.0000e+00
      4.614    14.2525     6.9327     67.650  29.609447     37.706      6.610   292.9653     4.5491     4.2069     0.0213      0.084      4.527      6.565        432 1.3423e+00 0.0000e+00
      4.626    14.2550     6.9354     67.675  29.593744     37.707      6.610   292.9275     4.3874     3.9921     0.0213      0.074      4.540      6.585        433 1.3383e+00 0.0000e+00
      4.649    14.2575     6.9391     67.709  29.563137     37.636      6.612   293.2303     4.3833     4.0055     0.0213      0.065      4.564      6.619        434 1.2511e+00 0.0000e+00
      4.687    14.2586     6.9408     67.725  29.588236     37.704      6.610   293.7982     4.3672     3.9921     0.0213      0.065      4.597      6.667        435 1.1823e+00 0.0000e+00
      4.726    14.2583     6.9458     67.773  29.562508     37.631      6.606   293.8360     4.3672     3.9518     0.0213      0.072      4.633      6.719        436 1.1297e+00 0.0000e+00
      4.758    14.2577     6.9555     67.853  29.535856     37.630      6.599   293.9118     4.2135     4.1666     0.0213      0.084      4.664      6.765        437 1.0998e+00 0.0000e+00
      4.784    14.2570     6.9612     67.895  29.562105     37.630      6.602   293.8739     4.1933     4.1532     0.0213      0.096      4.689      6.800        438 1.0854e+00 0.0000e+00
      4.801    14.2554     6.9632     67.906  29.589141     37.702      6.599   293.6846     4.1852     4.1129     0.0213      0.106      4.705      6.824        439 1.0438e+00 0.0000e+00
      4.809    14.2538     6.9668     67.937  29.561508     37.631      6.602   293.7982     4.1650     4.0861     0.0213      0.108      4.715      6.839        440 1.0431e+00 0.0000e+00
      4.814    14.2531     6.9714     67.970  29.596494     37.704      6.602   293.7982     4.5087     3.9115     0.0213      0.099      4.721      6.847        441 1.0406e+00 0.0000e+00
      4.818    14.2525     6.9872     68.090  29.604903     37.706      6.604   293.4953     4.5087     4.0055     0.0213      0.083      4.729      6.859        442 9.9738e-01 0.0000e+00
      4.834    14.2514     7.0010     68.192  29.551045     37.635      6.606   293.5710     4.5087     3.9249     0.0213      0.065      4.747      6.884        443 9.9211e-01 0.0000e+00
      4.868    14.2502     7.0088     68.247  29.544921     37.636      6.605   293.9875     4.4966     3.8578     0.0213      0.057      4.777      6.929        444 9.6375e-01 0.0000e+00
      4.913    14.2504     7.0226     68.378  29.553225     37.637      6.600   294.4039     4.4966     3.9115     0.0213      0.062      4.817      6.987        445 8.9119e-01 0.0000e+00
      4.955    14.2484     7.0352     68.509  29.540710     37.638      6.598   294.6310     4.4359     4.1801     0.0213      0.076      4.856      7.044        446 8.5849e-01 0.0000e+00
      4.988    14.2397     7.0487     68.656  29.560496     37.638      6.594   294.5932     4.4399     4.1801     0.0213      0.094      4.888      7.089        447 8.3529e-01 0.0000e+00
      5.008    14.2306     7.0630     68.782  29.528603     37.639      6.592   294.7068     4.4480     4.2472     0.0213      0.109      4.908      7.119        448 7.9931e-01 0.0000e+00
      5.018    14.2247     7.0743     68.863  29.432152     37.470      6.594   294.4796     4.4238     3.9921     0.0212      0.116      4.922      7.139        449 7.6625e-01 0.0000e+00
      5.032    14.2220     7.0808     68.911  29.443331     37.550      6.596   294.2903     4.5572     4.1935     0.0213      0.115      4.936      7.160        450 7.7346e-01 0.0000e+00
      5.051    14.2131     7.0797     68.903  29.425745     37.484      6.596   294.0253     4.5572     4.1264     0.0212      0.106      4.953      7.185        451 8.0166e-01 0.0000e+00
      5.070    14.1912     7.0804     68.932  29.454041     37.558      6.599   294.1768     4.5774     4.1935     0.0213      0.092      4.973      7.212        452 7.4074e-01 0.0000e+00
      5.092    14.1689     7.0841     68.986  29.437769     37.530      6.601   294.5175     4.5613     4.1801     0.0212      0.079      4.991      7.238        453 7.0751e-01 0.0000e+00
      5.104    14.1558     7.0880     69.025  29.357050     37.445      6.601   294.5553     4.3672     4.0861     0.0212      0.070      5.002      7.255        454 7.2779e-01 0.0000e+00
      5.105    14.1525     7.0853     69.000  29.406253     37.537      6.603   294.3282     4.3631     4.1801     0.0212      0.061      5.006      7.260        455 7.1955e-01 0.0000e+00
      5.105    14.1594     7.0840     68.986  29.465494     37.622      6.606   294.2146     4.3793     4.2338     0.0213      0.054      5.007      7.263        456 7.1706e-01 0.0000e+00
      5.109    14.1683     7.0891     69.036  29.461230     37.624      6.606   294.2525     4.3672     4.1264     0.0213      0.047      5.012      7.269        457 6.9391e-01 0.0000e+00
      5.118    14.1600     7.0874     69.008  29.411562     37.547      6.606   294.2146     4.3591     4.2338     0.0212      0.039      5.022      7.283        458 6.8234e-01 0.0000e+00
      5.135    14.1413     7.0898     69.033  29.408705     37.537      6.609   294.4796     4.3874     4.1532     0.0212      0.034      5.038      7.307        459 6.8043e-01 0.0000e+00
      5.159    14.1306     7.0853     68.987  29.375836     37.510      6.613   294.7446     4.3591     4.2069     0.0212      0.034      5.061      7.339        460 6.6384e-01 0.0000e+00
      5.186    14.1323     7.0871     68.998  29.363521     37.493      6.611   294.6310     4.3591     4.1935     0.0212      0.040      5.086      7.376        461 6.6140e-01 0.0000e+00
      5.214    14.1472     7.0827     68.936  29.394386     37.574      6.614   294.7068     4.3591     4.1666     0.0212      0.053      5.111      7.415        462 6.2913e-01 0.0000e+00
      5.239    14.1584     7.0866     68.942  29.426378     37.573      6.612   294.8582     4.3591     4.0324     0.0212      0.069      5.136      7.450        463 6.0618e-01 0.0000e+00
      5.261    14.1602     7.0827     68.877  29.442307     37.630      6.612   294.7068     4.3874     4.1129     0.0213      0.082      5.158      7.481        464 6.0560e-01 0.0000e+00
      5.279    14.1601     7.0798     68.836  29.433858     37.547      6.610   294.7825     4.3753     4.2203     0.0212      0.090      5.176      7.507        465 5.6750e-01 0.0000e+00
      5.294    14.1602     7.0897     68.933  29.466538     37.653      6.613   294.5932     4.3591     4.1264     0.0213      0.091      5.193      7.531        466 5.6967e-01 0.0000e+00
      5.312    14.1588     7.0904     68.927  29.431285     37.545      6.613   295.0096     4.3025     4.1398     0.0212      0.088      5.210      7.557        467 5.7951e-01 0.0000e+00
      5.334    14.1535     7.0918     68.924  29.448080     37.618      6.613   294.6689     4.3348     4.1935     0.0213      0.084      5.230      7.586        468 5.2557e-01 0.0000e+00
      5.354    14.1529     7.0968     68.971  29.415987     37.546      6.612   294.5932     4.3106     4.1801     0.0212      0.079      5.248      7.612        469 5.1465e-01 0.0000e+00
      5.367    14.1521     7.1062     69.070  29.352626     37.482      6.613   294.6310     4.3429     4.2338     0.0212      0.074      5.262      7.633        470 5.3377e-01 0.0000e+00
      5.378    14.1472     7.1080     69.101  29.408335     37.552      6.613   295.0096     3.6595     4.1264     0.0212      0.070      5.275      7.651        471 4.9542e-01 0.0000e+00
      5.392    14.1350     7.1208     69.240  29.435609     37.590      6.616   295.0475     3.6393     4.1264     0.0212      0.066      5.290      7.672        472 4.6823e-01 0.0000e+00
      5.412    14.1137     7.1294     69.335  29.348334     37.487      6.615   295.3503     3.6555     4.1935     0.0212      0.065      5.310      7.701        473 5.0097e-01 0.0000e+00
      5.439    14.0959     7.1446     69.479  29.309402     37.427      6.616   295.2368     3.6717     4.1532     0.0212      0.067      5.337      7.740        474 4.6926e-01 0.0000e+00
      5.476    14.0878     7.1489     69.508  29.335816     37.519      6.614   295.5018     3.6514     4.1666     0.0212      0.073      5.368      7.786        475 4.1840e-01 0.0000e+00
      5.507    14.0870     7.1593     69.593  29.315470     37.465      6.611   295.4260     3.6595     4.1129     0.0212      0.081      5.397      7.828        476 4.5021e-01 0.0000e+00
      5.527    14.0796     7.1585     69.580  29.334731     37.544      6.609   295.5396     3.6838     4.1935     0.0212      0.089      5.418      7.858        477 4.5674e-01 0.0000e+00
      5.541    14.0685     7.1565     69.565  29.311850     37.473      6.607   295.6532     3.6838     4.2069     0.0212      0.094      5.433      7.879        478 4.4745e-01 0.0000e+00
      5.553    14.0674     7.1563     69.556  29.314297     37.516      6.611   295.6910     4.1852     4.0055     0.0212      0.094      5.443      7.895        479 4.5249e-01 0.0000e+00
      5.558    14.0726     7.1533     69.496  29.302038     37.492      6.611   295.2746     4.1933     3.9518     0.0212      0.088      5.448      7.902        480 4.3020e-01 0.0000e+00
      5.556    14.0809     7.1411     69.333  29.297458     37.492      6.613   295.6910     4.1973     3.8309     0.0212      0.073      5.447      7.901        481 4.2987e-01 0.0000e+00
      5.550    14.0911     7.1380     69.254  29.349647     37.559      6.614   295.9182     4.1650     3.9921     0.0212      0.053      5.443      7.896        482 4.4674e-01 0.0000e+00
      5.546    14.0979     7.1395     69.225  29.355688     37.550      6.616   295.8425     3.7202     3.9652     0.0212      0.032      5.445      7.899        483 4.2647e-01 0.0000e+00
      5.563    14.0958     7.1335     69.146  29.349237     37.541      6.616   295.7289     3.7525     3.8981     0.0212      0.020      5.465      7.928        484 4.1308e-01 0.0000e+00
      5.614    14.0872     7.1397     69.199  29.328021     37.498      6.614   296.5618     3.7202     4.0055     0.0212      0.026      5.505      7.985        485 4.1500e-01 0.0000e+00
      5.664    14.0773     7.1526     69.315  29.293140     37.465      6.608   296.1453     3.7283     3.9518     0.0212      0.044      5.545      8.044        486 4.0278e-01 0.0000e+00
      5.686    14.0737     7.1694     69.462  29.303699     37.473      6.608   296.7510     3.7404     3.9384     0.0212      0.064      5.570      8.079        487 3.9629e-01 0.0000e+00
      5.692    14.0763     7.1866     69.607  29.344533     37.554      6.608   296.2210     4.0558     4.2338     0.0212      0.080      5.582      8.096        488 3.6838e-01 0.0000e+00
      5.697    14.0714     7.2115     69.832  29.360924     37.558      6.610   296.1453     4.0639     4.2741     0.0212      0.090      5.593      8.112        489 3.4006e-01 0.0000e+00
      5.723    14.0515     7.2214     69.919  29.283304     37.483      6.610   296.1075     4.0720     4.1398     0.0212      0.096      5.615      8.144        490 3.4509e-01 0.0000e+00
      5.758    14.0222     7.2319     70.015  29.203935     37.345      6.610   296.7132     4.0558     4.1935     0.0211      0.099      5.647      8.190        491 3.3620e-01 0.0000e+00
      5.794    13.9903     7.2363     70.057  29.192855     37.400      6.610   296.7510     4.1852     3.9786     0.0211      0.097      5.679      8.237        492 3.2781e-01 0.0000e+00
      5.822    13.9625     7.2452     70.147  29.148854     37.321      6.611   296.9025     4.2054     3.9518     0.0211      0.091      5.707      8.277        493 3.2070e-01 0.0000e+00
      5.842    13.9482     7.2475     70.173  29.169757     37.423      6.611   296.7510     4.1812     3.8846     0.0211      0.091      5.728      8.307        494 3.2021e-01 0.0000e+00
      5.858    13.9427     7.2505     70.196  29.137204     37.378      6.610   296.8268     4.1812     4.0189     0.0211      0.096      5.744      8.330        495 3.1848e-01 0.0000e+00
      5.869    13.9370     7.2535     70.218  29.130078     37.392      6.612   296.8268     3.7970     3.9518     0.0211      0.098      5.760      8.354        496 3.0264e-01 0.0000e+00
      5.893    13.9268     7.2497     70.173  29.178632     37.469      6.614   296.6375     3.7970     3.9518     0.0211      0.096      5.788      8.394        497 2.8942e-01 0.0000e+00
      5.944    13.9127     7.2502     70.161  29.106433     37.367      6.611   297.1675     3.7687     3.9384     0.0211      0.097      5.831      8.457        498 2.8136e-01 0.0000e+00
      6.000    13.9023     7.2414     70.055  29.071683     37.340      6.611   296.9403     3.7768     3.8444     0.0210      0.104      5.877      8.525        499 2.6423e-01 0.0000e+00
      6.035    13.8964     7.2346     69.973  29.073632     37.354      6.610   296.9025     3.7121     3.8578     0.0210      0.113      5.913      8.576        500 2.6274e-01 0.0000e+00
      6.054    13.8930     7.2206     69.825  29.074364     37.364      6.612   297.0160     3.7161     3.9786     0.0210      0.122      5.934      8.606        501 2.6707e-01 0.0000e+00
      6.065    13.8926     7.2180     69.788  29.130076     37.442      6.612   296.9025     3.7525     4.0189     0.0211      0.125      5.944      8.622        502 2.3966e-01 0.0000e+00
      6.066    13.8950     7.2200     69.791  29.122899     37.445      6.612   297.3189     3.7121     3.8712     0.0211      0.120      5.949      8.628        503 2.3769e-01 0.0000e+00
      6.067    13.8971     7.2181     69.760  29.083298     37.373      6.616   297.0539     4.0801     4.0055     0.0210      0.105      5.954      8.635        504 2.6440e-01 0.0000e+00
      6.080    13.8939     7.2200     69.765  29.090411     37.407      6.617   297.2810     4.0639     3.9115     0.0211      0.084      5.970      8.659        505 2.4716e-01 0.0000e+00
      6.116    13.8887     7.2246     69.793  29.084396     37.369      6.617   297.3189     4.0477     3.8712     0.0210      0.066      6.002      8.706        506 1.9607e-01 0.0000e+00
      6.166    13.8836     7.2305     69.838  29.061134     37.372      6.617   297.6975     4.0639     3.8578     0.0210      0.063      6.045      8.769        507 1.8514e-01 0.0000e+00
      6.212    13.8730     7.2278     69.808  29.000765     37.269      6.616   297.3946     4.0396     3.9652     0.0210      0.076      6.088      8.831        508 2.1040e-01 0.0000e+00
      6.248    13.8593     7.2288     69.816  28.981632     37.274      6.614   297.7732     3.2916     3.9249     0.0210      0.096      6.123      8.881        509 2.1147e-01 0.0000e+00
      6.272    13.8485     7.2296     69.828  28.996001     37.284      6.613   297.6218     3.2916     3.9249     0.0210      0.114      6.148      8.916        510 1.9032e-01 0.0000e+00
