Data/DataNotYetUploadedToEDI/Raw_CTD/2018_RawDownloads/102218_fcr45.cnv
* Sea-Bird SBE19plus  Data File:
* FileName = C:\DATA\101518_fcr_0011.hex
* Software version 2.6.3.104
* Temperature SN = 7809
* Conductivity SN = 7809
* System UpLoad Time = Oct 29 2018 16:39:58
* <ApplicationData>
* <Seaterm232>
# nquan = 17
# nvalues = 567                         
# units = specified
# name 0 = depFM: Depth [fresh water, m]
# name 1 = tv290C: Temperature [ITS-90, deg C]
# name 2 = sbeox0Mg/L: Oxygen, SBE 43 [mg/l]
# name 3 = sbeox0PS: Oxygen, SBE 43 [% saturation]
# name 4 = c0uS/cm: Conductivity [uS/cm]
# name 5 = specc: Specific Conductance [uS/cm]
# name 6 = ph: pH
# name 7 = orp: Oxidation Reduction Potential [mV]
# name 8 = flECO-AFL: Fluorescence, WET Labs ECO-AFL/FL [mg/m^3]
# name 9 = turbWETntu0: Turbidity, WET Labs ECO [NTU]
# name 10 = sal00: Salinity, Practical [PSU]
# name 11 = dz/dtM: Descent Rate [m/s]
# name 12 = prdM: Pressure, Strain Gauge [db]
# name 13 = prdE: Pressure, Strain Gauge [psi]
# name 14 = scan: Scan Count
# name 15 = par/sat/log: PAR/Logarithmic, Satlantic
# name 16 = flag:  0.000e+00
# span 0 =     -0.517,      7.312       
# span 1 =    11.6892,    14.5283       
# span 2 =     5.0377,    10.6521       
# span 3 =     48.748,    100.379       
# span 4 =   0.283521,  30.522817       
# span 5 =      0.538,     38.772       
# span 6 =      6.380,      7.574       
# span 7 =   251.0195,   854.3884       
# span 8 =    -0.9543,   257.8670       
# span 9 =    -5.2463,     8.8664       
# span 10 =     0.0060,     0.0217      
# span 11 =     -0.188,      0.155      
# span 12 =     -0.507,      7.169      
# span 13 =     -0.735,     10.399      
# span 14 =          1,        567      
# span 15 = 1.2406e-01, 3.2586e+03      
# span 16 = 0.0000e+00, 0.0000e+00      
# interval = seconds: 0.25
# start_time = Oct 22 2018 15:26:42 [Instrument's time stamp, header]
# bad_flag = -9.990e-29
*END*
[from data line 171]
      0.220    13.8492     5.1253     49.953  29.461933     37.922      6.795   263.4367     1.9895     4.5829     0.0213     -0.010      0.217      0.314        172 5.9058e+02 0.0000e+00
      0.224    13.8519     5.2011     50.841  29.551992     38.028      6.795   266.3517     2.0016     4.5292     0.0213     -0.007      0.222      0.322        173 4.6155e+02 0.0000e+00
      0.237    13.8570     5.3678     52.553  29.596927     38.098      6.794   266.2760     1.9652     4.5560     0.0213      0.001      0.232      0.337        174 6.1246e+02 0.0000e+00
      0.249    13.8647     5.5976     54.846  29.613562     38.096      6.794   267.6767     1.9935     4.5023     0.0213      0.011      0.243      0.353        175 4.2351e+02 0.0000e+00
      0.257    13.8729     5.8752     57.590  29.590588     38.091      6.794   267.2224     1.9895     4.6232     0.0213      0.019      0.250      0.363        176 3.7388e+02 0.0000e+00
      0.260    13.8767     6.1473     60.274  29.566214     38.011      6.792   266.9195     1.7873     4.5829     0.0213      0.024      0.253      0.367        177 7.1628e+02 0.0000e+00
      0.257    13.8790     6.4099     62.856  29.584592     38.075      6.794   266.6545     1.7954     4.6500     0.0213      0.025      0.252      0.366        178 1.1198e+03 0.0000e+00
      0.254    13.8816     6.6352     65.066  29.567714     37.999      6.790   266.1245     1.7671     4.5963     0.0213      0.023      0.251      0.364        179 5.3487e+02 0.0000e+00
      0.257    13.8966     6.7918     66.598  29.557566     38.033      6.790   267.0710     1.7752     4.5292     0.0213      0.019      0.254      0.367        180 1.8856e+02 0.0000e+00
      0.265    14.0056     6.8894     67.554  29.686170     38.138      6.790   267.4874     1.9329     4.4755     0.0214      0.015      0.260      0.377        181 4.2876e+02 0.0000e+00
      0.272    14.1946     6.9148     67.807  30.059973     38.664      6.788   267.3360     1.9288     4.5560     0.0216      0.012      0.267      0.387        182 6.5766e+02 0.0000e+00
      0.279    14.3327     6.9042     67.709  30.248728     38.772      6.789   267.5631     1.9127     4.5292     0.0217      0.011      0.274      0.397        183 5.3075e+02 0.0000e+00
      0.287    14.4026     6.8925     67.601  30.192488     38.508      6.786   268.0553     1.9005     4.5963     0.0216      0.014      0.281      0.408        184 4.1518e+02 0.0000e+00
      0.293    14.4396     6.8383     67.081  30.248499     38.447      6.784   267.5631     1.9855     4.5426     0.0217      0.019      0.289      0.419        185 3.1151e+02 0.0000e+00
      0.302    14.4587     6.7929     66.646  30.297571     38.448      6.783   267.2602     1.9774     4.5829     0.0217      0.024      0.304      0.442        186 3.0440e+02 0.0000e+00
      0.337    14.4713     6.7683     66.411  30.249991     38.343      6.783   264.4967     1.9774     4.5963     0.0217      0.035      0.336      0.487        187 6.0707e+02 0.0000e+00
      0.386    14.4769     6.7354     66.090  30.189091     38.253      6.773   266.1624     1.9572     4.5560     0.0216      0.053      0.381      0.552        188 5.1042e+02 0.0000e+00
      0.446    14.4776     6.7155     65.894  30.195446     38.241      6.751   266.4274     2.0663     4.6098     0.0216      0.078      0.429      0.622        189 3.8646e+02 0.0000e+00
      0.482    14.4753     6.6978     65.721  30.242079     38.306      6.734   266.7302     2.0663     4.5560     0.0217      0.103      0.457      0.664        190 3.4307e+02 0.0000e+00
      0.473    14.4745     6.6858     65.604  30.190356     38.235      6.730   266.4274     2.0623     4.4755     0.0216      0.114      0.450      0.654        191 3.3068e+02 0.0000e+00
      0.425    14.4772     6.6774     65.523  30.200511     38.237      6.731   266.1624     2.0299     4.5963     0.0216      0.102      0.410      0.594        192 3.4291e+02 0.0000e+00
      0.358    14.4813     6.6697     65.450  30.288742     38.379      6.731   265.5567     2.0259     4.5023     0.0217      0.065      0.347      0.504        193 2.0463e+02 0.0000e+00
      0.278    14.4861     6.6600     65.359  30.258459     38.306      6.733   264.8374     2.3494     4.6366     0.0217      0.005      0.276      0.400        194 5.0042e+02 0.0000e+00
      0.207    14.4933     6.6534     65.298  30.238198     38.302      6.734   265.2917     2.3170     4.5292     0.0217     -0.070      0.214      0.310        195 8.6997e+02 0.0000e+00
      0.170    14.5009     6.6436     65.204  30.254652     38.297      6.737   264.6102     2.2928     4.5426     0.0217     -0.137      0.176      0.255        196 7.9394e+02 0.0000e+00
      0.159    14.5053     6.6393     65.164  30.237978     38.290      6.738   264.6102     2.3130     4.5023     0.0217     -0.181      0.161      0.234        197 5.9979e+02 0.0000e+00
      0.163    14.5065     6.6348     65.122  30.258947     38.283      6.740   264.6481     1.9895     4.5560     0.0217     -0.188      0.161      0.234        198 6.5490e+02 0.0000e+00
      0.173    14.5060     6.6322     65.097  30.287856     38.349      6.739   264.6102     1.9855     4.5695     0.0217     -0.163      0.161      0.233        199 8.3899e+02 0.0000e+00
      0.155    14.5060     6.6313     65.090  30.261299     38.277      6.738   264.1938     1.9895     4.6903     0.0217     -0.125      0.142      0.205        200 9.7779e+02 0.0000e+00
      0.105    14.5068     6.6193     64.973  30.232693     38.278      6.741   266.1245     1.9733     4.6500     0.0217     -0.095      0.099      0.143        201 1.4241e+03 0.0000e+00
      0.044    14.5079     6.6201     64.980  30.264154     38.278      6.741   265.8217     1.6620     4.3009     0.0217     -0.082      0.047      0.067        202 1.4495e+03 0.0000e+00
     -0.006    14.5099     6.6059     64.840  30.281448     38.348      6.747   265.4052     1.6781     4.3546     0.0217     -0.088      0.006      0.007        203 1.3248e+03 0.0000e+00
     -0.020    14.5125     6.6015     64.799  30.270473     38.276      6.752   264.8374     1.6256     4.4218     0.0217     -0.102     -0.013     -0.020        204 1.4426e+03 0.0000e+00
     -0.017    14.5151     6.5898     64.684  30.277812     38.345      6.751   264.2695     1.6660     4.4621     0.0217     -0.113     -0.016     -0.023        205 1.3793e+03 0.0000e+00
     -0.014    14.5173     6.5843     64.630  30.272312     38.272      6.749   264.0424     1.7348     4.4083     0.0217     -0.114     -0.015     -0.022        206 1.5246e+03 0.0000e+00
     -0.017    14.5187     6.5821     64.608  30.277315     38.340      6.747   264.2317     1.7024     4.4352     0.0217     -0.103     -0.018     -0.026        207 1.3638e+03 0.0000e+00
     -0.025    14.5195     6.5826     64.611  30.271585     38.267      6.744   264.4588     1.7348     4.3412     0.0217     -0.079     -0.023     -0.033        208 8.0681e+02 0.0000e+00
     -0.027    14.5202     6.5892     64.673  30.279444     38.336      6.746   263.8152     1.7226     4.3278     0.0217     -0.049     -0.024     -0.034        209 1.1226e+03 0.0000e+00
     -0.020    14.5212     6.5901     64.682  30.267535     38.265      6.748   264.1560     1.6458     4.5695     0.0217     -0.021     -0.019     -0.029        210 1.5008e+03 0.0000e+00
     -0.014    14.5216     6.6069     64.847  30.286403     38.335      6.747   264.1181     1.6539     4.6098     0.0217     -0.004     -0.014     -0.021        211 1.4347e+03 0.0000e+00
     -0.010    14.5214     6.6087     64.872  30.315263     38.334      6.751   264.2317     1.6781     4.7038     0.0217      0.002     -0.010     -0.016        212 1.4475e+03 0.0000e+00
     -0.008    14.5217     6.6132     64.922  30.290921     38.334      6.755   264.6860     1.6660     4.6098     0.0217      0.004     -0.007     -0.011        213 1.4181e+03 0.0000e+00
     -0.004    14.5221     6.6179     64.968  30.257395     38.263      6.755   264.4967     1.6256     4.5158     0.0217      0.007     -0.004     -0.006        214 1.4274e+03 0.0000e+00
     -0.000    14.5223     6.6210     64.994  30.297684     38.334      6.756   265.7460     1.4921     6.8791     0.0217      0.011      0.001      0.001        215 1.4219e+03 0.0000e+00
      0.006    14.5227     6.6209     64.991  30.300085     38.333      6.756   266.1245     1.5043     6.8925     0.0217      0.016      0.008      0.012        216 1.4147e+03 0.0000e+00
      0.017    14.5225     6.6214     64.993  30.254407     38.262      6.755   266.7681     1.5124     6.9328     0.0217      0.019      0.018      0.027        217 1.4370e+03 0.0000e+00
      0.032    14.5209     6.6216     64.993  30.295227     38.333      6.759   266.5410     1.5407     6.8657     0.0217      0.022      0.033      0.048        218 1.4258e+03 0.0000e+00
      0.051    14.5196     6.6188     64.966  30.249285     38.262      6.752   267.0331     1.5892     4.5560     0.0217      0.029      0.053      0.078        219 1.4896e+03 0.0000e+00
      0.081    14.5190     6.6203     64.983  30.252280     38.263      6.744   267.1088     1.5932     4.7440     0.0217      0.041      0.082      0.120        220 1.7174e+03 0.0000e+00
      0.120    14.5194     6.6211     64.991  30.291502     38.336      6.738   267.3360     1.6013     4.5963     0.0217      0.059      0.118      0.171        221 1.4973e+03 0.0000e+00
      0.159    14.5237     6.6202     64.980  30.259778     38.265      6.727   268.1310     1.5851     4.5023     0.0217      0.078      0.154      0.223        222 1.0954e+03 0.0000e+00
      0.192    14.5283     6.6156     64.935  30.291761     38.336      6.720   267.6388     1.7469     4.8380     0.0217      0.097      0.185      0.268        223 9.1759e+02 0.0000e+00
      0.215    14.5281     6.6122     64.902  30.311000     38.331      6.713   265.8974     1.7186     4.8380     0.0217      0.110      0.208      0.301        224 5.4803e+02 0.0000e+00
      0.229    14.5253     6.6070     64.853  30.295136     38.327      6.712   266.5410     1.7226     4.7843     0.0217      0.115      0.223      0.323        225 4.6738e+02 0.0000e+00
      0.240    14.5233     6.6081     64.863  30.252201     38.256      6.711   267.8660     1.7509     4.7843     0.0217      0.111      0.234      0.340        226 5.6005e+02 0.0000e+00
      0.249    14.5217     6.6014     64.796  30.245827     38.259      6.711   267.3738     1.8480     4.6098     0.0217      0.101      0.244      0.354        227 6.0210e+02 0.0000e+00
      0.258    14.5204     6.6096     64.873  30.243768     38.261      6.716   265.8595     1.8399     4.6232     0.0217      0.085      0.251      0.365        228 8.1781e+02 0.0000e+00
      0.262    14.5210     6.6109     64.867  30.254766     38.263      6.719   265.6324     1.8439     4.5695     0.0217      0.066      0.253      0.367        229 7.9157e+02 0.0000e+00
      0.254    14.5223     6.6078     64.815  30.291443     38.335      6.720   265.6324     1.8884     4.5695     0.0217      0.045      0.247      0.358        230 1.2701e+03 0.0000e+00
      0.241    14.5224     6.6129     64.862  30.257425     38.263      6.725   265.4810     1.8601     4.5963     0.0217      0.026      0.236      0.343        231 1.1992e+03 0.0000e+00
      0.229    14.5214     6.6073     64.820  30.297100     38.333      6.724   265.7081     1.8520     4.6769     0.0217      0.009      0.228      0.331        232 6.7915e+02 0.0000e+00
      0.229    14.5209     6.5966     64.725  30.301370     38.333      6.726   265.7838     1.8439     4.6366     0.0217     -0.004      0.229      0.332        233 9.4938e+02 0.0000e+00
      0.242    14.5217     6.5964     64.726  30.252111     38.263      6.728   265.9731     1.8844     4.6635     0.0217     -0.009      0.240      0.348        234 6.0657e+02 0.0000e+00
      0.262    14.5227     6.5868     64.624  30.299100     38.334      6.728   266.0488     1.8642     4.5560     0.0217     -0.006      0.260      0.377        235 4.0283e+02 0.0000e+00
      0.289    14.5222     6.5893     64.642  30.302195     38.334      6.728   266.6545     1.9652     4.5426     0.0217      0.006      0.291      0.422        236 6.0394e+02 0.0000e+00
      0.340    14.5214     6.5874     64.622  30.248259     38.262      6.716   267.4117     1.9855     4.5560     0.0217      0.031      0.333      0.483        237 4.8293e+02 0.0000e+00
      0.389    14.5179     6.5777     64.528  30.247619     38.262      6.707   267.4874     1.9814     4.5292     0.0217      0.065      0.377      0.546        238 3.6147e+02 0.0000e+00
      0.421    14.5050     6.5781     64.535  30.243690     38.263      6.706   267.9038     1.9935     4.6903     0.0217      0.096      0.412      0.597        239 3.1544e+02 0.0000e+00
      0.453    14.4899     6.5831     64.576  30.193848     38.195      6.705   268.2445     2.1068     4.7440     0.0216      0.121      0.437      0.634        240 4.0087e+02 0.0000e+00
      0.464    14.4880     6.5718     64.450  30.191047     38.208      6.703   268.3203     2.1472     4.7575     0.0216      0.130      0.446      0.647        241 3.7773e+02 0.0000e+00
      0.449    14.4970     6.5637     64.358  30.247181     38.294      6.707   268.0931     2.1391     4.8515     0.0217      0.120      0.440      0.637        242 5.2859e+02 0.0000e+00
      0.434    14.5048     6.5623     64.337  30.301901     38.366      6.711   268.3960     2.0906     4.8112     0.0217      0.097      0.430      0.624        243 6.4933e+02 0.0000e+00
      0.433    14.5062     6.5586     64.294  30.300854     38.357      6.715   268.6231     2.1189     4.5829     0.0217      0.067      0.430      0.624        244 5.4961e+02 0.0000e+00
      0.449    14.5013     6.5592     64.298  30.248480     38.279      6.720   268.5474     2.0946     4.5829     0.0217      0.039      0.441      0.641        245 6.6787e+02 0.0000e+00
      0.467    14.4962     6.5615     64.317  30.248474     38.277      6.719   269.2667     2.1108     4.5560     0.0217      0.021      0.456      0.661        246 5.8899e+02 0.0000e+00
      0.476    14.4952     6.5601     64.299  30.241560     38.283      6.720   269.3045     2.1027     4.5829     0.0217      0.014      0.466      0.676        247 5.0531e+02 0.0000e+00
      0.482    14.4965     6.5612     64.306  30.197784     38.217      6.719   269.4560     2.1391     4.5963     0.0216      0.014      0.476      0.691        248 3.6750e+02 0.0000e+00
      0.499    14.4977     6.5601     64.292  30.243650     38.288      6.721   269.6453     2.1229     4.5695     0.0217      0.024      0.494      0.717        249 3.1285e+02 0.0000e+00
      0.533    14.4925     6.5505     64.198  30.243782     38.287      6.724   270.0238     2.1229     4.5695     0.0217      0.043      0.524      0.760        250 4.9731e+02 0.0000e+00
      0.571    14.4817     6.5453     64.148  30.197621     38.215      6.720   270.2888     2.1149     4.5829     0.0216      0.063      0.560      0.812        251 3.0058e+02 0.0000e+00
      0.609    14.4730     6.5352     64.048  30.241797     38.291      6.718   270.3267     2.1674     5.0395     0.0217      0.080      0.594      0.861        252 2.3754e+02 0.0000e+00
      0.635    14.4671     6.5323     64.020  30.248111     38.301      6.719   270.5160     2.1917     4.9723     0.0217      0.092      0.620      0.899        253 3.0059e+02 0.0000e+00
      0.653    14.4628     6.5314     64.011  30.189767     38.239      6.715   270.9703     2.1310     4.9723     0.0216      0.101      0.636      0.924        254 2.8071e+02 0.0000e+00
      0.659    14.4613     6.5339     64.038  30.195805     38.245      6.710   271.0081     2.1998     5.0932     0.0216      0.104      0.646      0.938        255 2.6282e+02 0.0000e+00
