Data/DataNotYetUploadedToEDI/Raw_CTD/2018_RawDownloads/102218_fcr50.cnv
* Sea-Bird SBE19plus  Data File:
* FileName = C:\DATA\101518_fcr_0012.hex
* Software version 2.6.3.104
* Temperature SN = 7809
* Conductivity SN = 7809
* System UpLoad Time = Oct 29 2018 16:40:22
* <ApplicationData>
* <Seaterm232>
# nquan = 17
# nvalues = 636                         
# units = specified
# name 0 = depFM: Depth [fresh water, m]
# name 1 = tv290C: Temperature [ITS-90, deg C]
# name 2 = sbeox0Mg/L: Oxygen, SBE 43 [mg/l]
# name 3 = sbeox0PS: Oxygen, SBE 43 [% saturation]
# name 4 = c0uS/cm: Conductivity [uS/cm]
# name 5 = specc: Specific Conductance [uS/cm]
# name 6 = ph: pH
# name 7 = orp: Oxidation Reduction Potential [mV]
# name 8 = flECO-AFL: Fluorescence, WET Labs ECO-AFL/FL [mg/m^3]
# name 9 = turbWETntu0: Turbidity, WET Labs ECO [NTU]
# name 10 = sal00: Salinity, Practical [PSU]
# name 11 = dz/dtM: Descent Rate [m/s]
# name 12 = prdM: Pressure, Strain Gauge [db]
# name 13 = prdE: Pressure, Strain Gauge [psi]
# name 14 = scan: Scan Count
# name 15 = par/sat/log: PAR/Logarithmic, Satlantic
# name 16 = flag:  0.000e+00
# span 0 =     -0.514,      9.759       
# span 1 =    12.6999,    14.5465       
# span 2 =    -0.1066,    10.5691       
# span 3 =     -1.030,    103.543       
# span 4 =   0.143645, 319.654887       
# span 5 =      0.192,    424.339       
# span 6 =      6.268,     12.428       
# span 7 = -1240.7455,   285.0532       
# span 8 =    -0.4205,   257.8145       
# span 9 =    -2.4533,   854.7192       
# span 10 =     0.0068,     0.2023      
# span 11 =     -0.229,      0.182      
# span 12 =     -0.504,      9.569      
# span 13 =     -0.731,     13.879      
# span 14 =          1,        636      
# span 15 = 1.2551e-01, 1.9757e+03      
# span 16 = 0.0000e+00, 0.0000e+00      
# interval = seconds: 0.25
# start_time = Oct 22 2018 15:47:38 [Instrument's time stamp, header]
# bad_flag = -9.990e-29
*END*
[from data line 341]
      2.154    14.3718     6.3218     61.845  30.295080     38.479      6.622   278.1253     2.5314     4.8112     0.0217      0.126      2.111      3.063        342 3.4102e+01 0.0000e+00
      2.194    14.3713     6.2957     61.590  30.254369     38.408      6.619   278.3903     2.5233     4.8783     0.0217      0.125      2.151      3.119        343 3.2675e+01 0.0000e+00
      2.232    14.3709     6.2922     61.555  30.241104     38.408      6.615   277.9739     2.5071     4.7977     0.0217      0.128      2.186      3.171        344 3.0941e+01 0.0000e+00
      2.262    14.3706     6.2877     61.511  30.311590     38.480      6.614   278.2767     2.4950     4.7306     0.0217      0.131      2.214      3.211        345 3.0189e+01 0.0000e+00
      2.279    14.3704     6.2902     61.535  30.285257     38.480      6.614   278.2010     2.4909     4.8246     0.0217      0.131      2.233      3.239        346 2.9873e+01 0.0000e+00
      2.292    14.3704     6.2804     61.439  30.214574     38.339      6.616   278.1253     2.5152     4.8515     0.0216      0.126      2.249      3.263        347 2.9106e+01 0.0000e+00
      2.312    14.3704     6.2691     61.328  30.280951     38.481      6.621   278.0117     2.5030     4.9052     0.0217      0.118      2.273      3.297        348 2.7728e+01 0.0000e+00
      2.352    14.3704     6.2631     61.269  30.261954     38.410      6.616   278.4660     2.3373     4.8649     0.0217      0.110      2.311      3.351        349 2.5828e+01 0.0000e+00
      2.404    14.3701     6.2656     61.293  30.238214     38.410      6.612   279.2610     2.3817     4.9320     0.0217      0.109      2.357      3.419        350 2.4032e+01 0.0000e+00
      2.453    14.3693     6.2680     61.316  30.310494     38.481      6.606   279.6017     2.3736     4.8515     0.0217      0.116      2.402      3.484        351 2.2676e+01 0.0000e+00
      2.490    14.3685     6.2744     61.380  30.320257     38.517      6.600   279.6774     2.3979     4.8649     0.0217      0.125      2.438      3.536        352 2.1742e+01 0.0000e+00
      2.516    14.3680     6.2742     61.377  30.255715     38.411      6.602   279.4503     2.5758     5.4289     0.0217      0.135      2.464      3.574        353 2.1216e+01 0.0000e+00
      2.533    14.3679     6.2760     61.394  30.242562     38.412      6.604   279.5639     2.5677     5.4154     0.0217      0.140      2.485      3.606        354 2.0770e+01 0.0000e+00
      2.557    14.3677     6.2828     61.460  30.247674     38.412      6.607   279.3746     2.5516     5.4960     0.0217      0.140      2.510      3.642        355 1.9773e+01 0.0000e+00
      2.592    14.3676     6.2951     61.581  30.249354     38.412      6.605   280.0181     2.5718     5.3886     0.0217      0.134      2.543      3.689        356 1.8656e+01 0.0000e+00
      2.633    14.3674     6.2879     61.509  30.299775     38.483      6.604   279.9424     2.6284     4.7843     0.0217      0.127      2.581      3.744        357 1.7694e+01 0.0000e+00
      2.672    14.3669     6.2906     61.536  30.333182     38.519      6.601   279.4503     2.6486     4.7843     0.0217      0.121      2.616      3.795        358 1.6857e+01 0.0000e+00
      2.699    14.3667     6.2962     61.591  30.296733     38.484      6.602   279.9424     2.6001     4.8112     0.0217      0.119      2.641      3.831        359 1.6572e+01 0.0000e+00
      2.708    14.3668     6.2886     61.517  30.256182     38.413      6.601   279.7910     2.6163     4.7709     0.0217      0.116      2.656      3.851        360 1.6563e+01 0.0000e+00
      2.715    14.3667     6.2866     61.496  30.294694     38.484      6.604   279.4881     2.5314     4.8112     0.0217      0.110      2.666      3.866        361 1.6207e+01 0.0000e+00
      2.730    14.3665     6.2877     61.508  30.308108     38.484      6.607   279.7531     2.4667     4.7306     0.0217      0.102      2.682      3.890        362 1.5677e+01 0.0000e+00
      2.758    14.3665     6.2832     61.463  30.298790     38.485      6.606   279.7531     2.4869     4.8112     0.0217      0.093      2.711      3.931        363 1.4859e+01 0.0000e+00
      2.805    14.3661     6.2842     61.472  30.306290     38.485      6.603   280.8510     2.5030     4.8380     0.0217      0.089      2.754      3.994        364 1.3666e+01 0.0000e+00
      2.862    14.3659     6.2845     61.474  30.328428     38.520      6.593   281.3810     2.4747     4.8380     0.0217      0.095      2.803      4.064        365 1.2725e+01 0.0000e+00
      2.905    14.3658     6.2919     61.547  30.300892     38.485      6.589   281.0781     2.5556     4.8112     0.0217      0.108      2.843      4.124        366 1.2274e+01 0.0000e+00
      2.931    14.3656     6.2887     61.515  30.251604     38.414      6.589   280.3967     2.5920     4.7977     0.0217      0.123      2.872      4.165        367 1.1954e+01 0.0000e+00
      2.952    14.3654     6.2965     61.592  30.241511     38.414      6.588   280.9267     2.5394     4.7709     0.0217      0.136      2.893      4.195        368 1.1621e+01 0.0000e+00
      2.967    14.3655     6.2923     61.550  30.254151     38.415      6.592   280.3589     2.5677     4.7306     0.0217      0.138      2.909      4.219        369 1.1446e+01 0.0000e+00
      2.980    14.3653     6.3148     61.770  30.295176     38.486      6.595   280.1317     2.4464     4.6769     0.0217      0.130      2.928      4.246        370 1.1115e+01 0.0000e+00
      3.009    14.3652     6.2861     61.488  30.309060     38.486      6.595   281.5703     2.4505     4.8380     0.0217      0.117      2.956      4.288        371 1.0399e+01 0.0000e+00
      3.056    14.3653     6.3084     61.704  30.296175     38.486      6.589   281.8353     2.4181     4.8380     0.0217      0.107      2.995      4.343        372 9.7853e+00 0.0000e+00
      3.096    14.3646     6.3066     61.685  30.251910     38.415      6.587   282.2139     2.4343     4.8112     0.0217      0.103      3.033      4.398        373 9.4006e+00 0.0000e+00
      3.126    14.3640     6.2879     61.502  30.245543     38.415      6.583   281.4567     2.7093     4.8380     0.0217      0.106      3.063      4.441        374 9.0680e+00 0.0000e+00
      3.148    14.3639     6.3033     61.652  30.244797     38.416      6.585   281.6081     2.6891     4.7306     0.0217      0.113      3.083      4.471        375 9.0078e+00 0.0000e+00
      3.156    14.3639     6.3100     61.717  30.252840     38.416      6.584   281.1539     2.6729     4.7977     0.0217      0.114      3.095      4.490        376 8.9152e+00 0.0000e+00
      3.168    14.3638     6.2910     61.531  30.294837     38.487      6.588   281.6839     2.7012     4.7038     0.0217      0.110      3.109      4.510        377 8.5678e+00 0.0000e+00
      3.190    14.3638     6.3087     61.702  30.251835     38.416      6.588   281.7217     2.7618     4.9992     0.0217      0.102      3.130      4.541        378 8.2546e+00 0.0000e+00
      3.219    14.3636     6.3140     61.754  30.247054     38.416      6.591   281.4567     2.7699     4.9857     0.0217      0.092      3.160      4.584        379 7.8699e+00 0.0000e+00
      3.260    14.3635     6.3051     61.668  30.300787     38.487      6.588   282.1003     2.7538     4.9723     0.0217      0.087      3.200      4.641        380 7.3171e+00 0.0000e+00
      3.313    14.3623     6.3109     61.725  30.303568     38.487      6.584   282.6682     2.7497     5.0395     0.0217      0.095      3.245      4.707        381 6.8762e+00 0.0000e+00
      3.354    14.3607     6.3344     61.955  30.243593     38.417      6.577   282.9332     2.6365     5.0395     0.0217      0.109      3.285      4.764        382 6.6159e+00 0.0000e+00
      3.382    14.3597     6.3083     61.699  30.256822     38.418      6.578   282.9710     2.6365     5.0529     0.0217      0.124      3.315      4.807        383 6.4478e+00 0.0000e+00
      3.404    14.3593     6.3170     61.783  30.287106     38.490      6.579   283.1982     2.6163     5.0126     0.0217      0.135      3.338      4.842        384 6.2388e+00 0.0000e+00
      3.426    14.3591     6.3099     61.713  30.205906     38.349      6.580   283.3117     2.6041     5.0395     0.0216      0.137      3.363      4.877        385 5.9203e+00 0.0000e+00
      3.457    14.3590     6.3078     61.691  30.239270     38.421      6.577   283.7282     2.6163     4.9723     0.0217      0.134      3.395      4.924        386 5.6108e+00 0.0000e+00
      3.503    14.3583     6.3218     61.826  30.245586     38.421      6.573   284.3717     2.7740     4.9992     0.0217      0.131      3.438      4.986        387 5.2063e+00 0.0000e+00
      3.557    14.3577     6.3134     61.741  30.198047     38.350      6.568   284.7124     2.7618     5.0395     0.0216      0.131      3.485      5.055        388 4.8400e+00 0.0000e+00
      3.602    14.3578     6.3145     61.752  30.239130     38.422      6.566   284.2582     2.7457     5.0126     0.0217      0.135      3.528      5.118        389 4.6386e+00 0.0000e+00
      3.636    14.3582     6.2977     61.587  30.253762     38.422      6.567   283.8039     2.7376     4.9857     0.0217      0.142      3.562      5.167        390 4.4728e+00 0.0000e+00
      3.660    14.3586     6.3038     61.645  30.239140     38.422      6.566   283.5010     2.7618     4.9589     0.0217      0.148      3.586      5.201        391 4.4135e+00 0.0000e+00
      3.673    14.3583     6.3014     61.617  30.198026     38.351      6.570   283.9932     2.7538     5.0126     0.0216      0.146      3.602      5.224        392 4.3661e+00 0.0000e+00
      3.685    14.3579     6.2782     61.385  30.245627     38.421      6.574   283.5010     2.7699     5.0260     0.0217      0.136      3.620      5.250        393 4.2073e+00 0.0000e+00
      3.717    14.3576     6.2819     61.416  30.239203     38.422      6.574   284.4474     2.7497     5.0797     0.0217      0.123      3.651      5.295        394 3.9669e+00 0.0000e+00
      3.767    14.3570     6.2647     61.243  30.206020     38.351      6.570   284.7882     2.7133     4.8783     0.0216      0.114      3.695      5.358        395 3.6486e+00 0.0000e+00
      3.817    14.3560     6.2544     61.139  30.286923     38.493      6.564   284.2960     2.7012     4.8112     0.0217      0.113      3.742      5.427        396 3.3779e+00 0.0000e+00
      3.864    14.3541     6.2343     60.941  30.316427     38.494      6.563   284.1446     2.6971     4.8515     0.0217      0.121      3.784      5.488        397 3.2393e+00 0.0000e+00
      3.893    14.3524     6.2171     60.772  30.347211     38.566      6.559   284.1824     2.6971     4.8246     0.0217      0.131      3.811      5.528        398 3.2165e+00 0.0000e+00
      3.902    14.3521     6.1848     60.455  30.367218     38.568      6.562   283.9932     2.6891     4.8380     0.0217      0.136      3.825      5.548        399 3.1999e+00 0.0000e+00
      3.907    14.3518     6.1657     60.267  30.350829     38.569      6.567   284.7882     2.7214     4.7306     0.0217      0.133      3.834      5.560        400 3.1641e+00 0.0000e+00
      3.917    14.3506     6.1452     60.064  30.367606     38.570      6.568   284.8639     2.7214     4.7977     0.0217      0.121      3.845      5.577        401 3.0996e+00 0.0000e+00
      3.938    14.3473     6.1261     59.875  30.494597     38.748      6.571   285.0532     2.7012     4.7306     0.0218      0.102      3.868      5.610        402 2.9682e+00 0.0000e+00
      3.979    14.3432     6.1227     59.841  30.607911     38.891      6.568   283.8796     2.6324     4.8246     0.0219      0.087      3.905      5.664        403 2.7528e+00 0.0000e+00
      4.031    14.3392     6.1125     59.740  30.552754     38.823      6.563   284.4853     2.6284     4.8112     0.0218      0.085      3.949      5.727        404 2.5744e+00 0.0000e+00
      4.069    14.3358     6.1087     59.702  30.563238     38.827      6.560   284.4853     2.6284     4.8649     0.0218      0.093      3.987      5.782        405 2.4853e+00 0.0000e+00
      4.096    14.3337     6.1080     59.694  30.654168     38.973      6.560   284.4474     2.6486     4.8380     0.0219      0.106      4.017      5.826        406 2.3937e+00 0.0000e+00
      4.124    14.3320     6.0966     59.584  30.617505     38.905      6.560   284.5610     2.6163     4.8380     0.0219      0.121      4.043      5.863        407 2.3531e+00 0.0000e+00
      4.146    14.3311     6.0885     59.504  30.608866     38.907      6.557   284.5610     3.0328     4.8380     0.0219      0.130      4.068      5.900        408 2.2598e+00 0.0000e+00
      4.174    14.3306     6.0780     59.397  30.664920     38.980      6.559   284.3717     3.0125     4.7575     0.0219      0.131      4.100      5.947        409 2.0941e+00 0.0000e+00
      4.225    14.3295     6.0607     59.225  30.607051     38.910      6.553   284.2582     3.0166     4.8783     0.0219      0.132      4.144      6.010        410 1.9444e+00 0.0000e+00
      4.276    14.3272     6.0449     59.067  30.621582     38.911      6.547   283.7282     3.0085     4.8246     0.0219      0.133      4.189      6.075        411 1.8621e+00 0.0000e+00
      4.314    14.3258     6.0300     58.920  30.765444     39.125      6.547   283.4253     2.8831     4.9857     0.0220      0.135      4.226      6.130        412 1.7844e+00 0.0000e+00
      4.340    14.3254     6.0107     58.730  30.783836     39.127      6.546   282.6682     2.8953     4.9992     0.0220      0.139      4.253      6.168        413 1.7299e+00 0.0000e+00
      4.356    14.3245     5.9995     58.618  30.776604     39.128      6.546   282.3653     2.8953     5.0126     0.0220      0.139      4.271      6.194        414 1.7421e+00 0.0000e+00
      4.368    14.3234     5.9850     58.473  30.774445     39.129      6.548   281.7974     2.8912     5.0797     0.0220      0.133      4.287      6.218        415 1.6918e+00 0.0000e+00
      4.391    14.3224     5.9641     58.263  30.905130     39.272      6.545   280.3210     2.5637     4.7575     0.0220      0.123      4.312      6.254        416 1.6284e+00 0.0000e+00
      4.432    14.3231     5.9485     58.107  30.940140     39.379      6.545   280.5481     2.5516     4.9455     0.0221      0.115      4.350      6.308        417 1.5098e+00 0.0000e+00
      4.483    14.3228     5.9411     58.034  30.760531     39.061      6.541   280.8889     2.5718     4.8112     0.0219      0.110      4.395      6.373        418 1.3889e+00 0.0000e+00
      4.527    14.3198     5.9351     57.975  30.950740     39.380      6.539   279.6017     2.5597     4.7977     0.0221      0.113      4.436      6.433        419 1.3505e+00 0.0000e+00
      4.558    14.3169     5.9307     57.929  31.148206     39.593      6.535   278.7310     2.4909     5.0395     0.0222      0.121      4.467      6.478        420 1.3133e+00 0.0000e+00
      4.580    14.3150     5.9300     57.914  31.137482     39.596      6.537   279.8667     2.4990     5.0395     0.0222      0.129      4.492      6.514        421 1.2897e+00 0.0000e+00
      4.602    14.3134     5.9356     57.959  31.142001     39.599      6.538   279.2231     2.4950     4.9857     0.0222      0.134      4.517      6.551        422 1.2325e+00 0.0000e+00
      4.636    14.3119     5.9389     57.985  31.142581     39.601      6.537   278.6553     2.5314     5.0797     0.0222      0.136      4.553      6.604        423 1.1185e+00 0.0000e+00
      4.693    14.3104     5.9446     58.038  31.136760     39.603      6.533   278.3146     2.3736     5.2006     0.0222      0.138      4.601      6.674        424 1.0172e+00 0.0000e+00
      4.747    14.3073     5.9376     57.968  31.089944     39.533      6.525   277.4060     2.3534     5.1469     0.0221      0.141      4.650      6.744        425 9.8357e-01 0.0000e+00
