Data/DataNotYetUploadedToEDI/Raw_CTD/2018_RawDownloads/102218_fcr50.cnv
* Sea-Bird SBE19plus  Data File:
* FileName = C:\DATA\101518_fcr_0012.hex
* Software version 2.6.3.104
* Temperature SN = 7809
* Conductivity SN = 7809
* System UpLoad Time = Oct 29 2018 16:40:22
* <ApplicationData>
* <Seaterm232>
# nquan = 17
# nvalues = 636                         
# units = specified
# name 0 = depFM: Depth [fresh water, m]
# name 1 = tv290C: Temperature [ITS-90, deg C]
# name 2 = sbeox0Mg/L: Oxygen, SBE 43 [mg/l]
# name 3 = sbeox0PS: Oxygen, SBE 43 [% saturation]
# name 4 = c0uS/cm: Conductivity [uS/cm]
# name 5 = specc: Specific Conductance [uS/cm]
# name 6 = ph: pH
# name 7 = orp: Oxidation Reduction Potential [mV]
# name 8 = flECO-AFL: Fluorescence, WET Labs ECO-AFL/FL [mg/m^3]
# name 9 = turbWETntu0: Turbidity, WET Labs ECO [NTU]
# name 10 = sal00: Salinity, Practical [PSU]
# name 11 = dz/dtM: Descent Rate [m/s]
# name 12 = prdM: Pressure, Strain Gauge [db]
# name 13 = prdE: Pressure, Strain Gauge [psi]
# name 14 = scan: Scan Count
# name 15 = par/sat/log: PAR/Logarithmic, Satlantic
# name 16 = flag:  0.000e+00
# span 0 =     -0.514,      9.759       
# span 1 =    12.6999,    14.5465       
# span 2 =    -0.1066,    10.5691       
# span 3 =     -1.030,    103.543       
# span 4 =   0.143645, 319.654887       
# span 5 =      0.192,    424.339       
# span 6 =      6.268,     12.428       
# span 7 = -1240.7455,   285.0532       
# span 8 =    -0.4205,   257.8145       
# span 9 =    -2.4533,   854.7192       
# span 10 =     0.0068,     0.2023      
# span 11 =     -0.229,      0.182      
# span 12 =     -0.504,      9.569      
# span 13 =     -0.731,     13.879      
# span 14 =          1,        636      
# span 15 = 1.2551e-01, 1.9757e+03      
# span 16 = 0.0000e+00, 0.0000e+00      
# interval = seconds: 0.25
# start_time = Oct 22 2018 15:47:38 [Instrument's time stamp, header]
# bad_flag = -9.990e-29
*END*
[from data line 171]
      0.374    14.2662     4.6184     45.157  29.938103     38.119      6.860   255.4866     2.1715     4.7977     0.0215      0.009      0.368      0.533        172 5.2143e+02 0.0000e+00
      0.374    14.2657     4.6963     45.951  30.023678     38.226      6.857   255.9788     2.1715     4.8112     0.0216      0.008      0.368      0.533        173 3.7072e+02 0.0000e+00
      0.377    14.2656     4.8880     47.846  30.018808     38.227      6.858   256.0545     2.1674     4.8380     0.0216      0.005      0.369      0.536        174 3.1319e+02 0.0000e+00
      0.379    14.2652     5.1605     50.523  29.973815     38.156      6.854   255.6759     2.1755     4.9186     0.0215      0.003      0.370      0.537        175 3.3881e+02 0.0000e+00
      0.377    14.2646     5.5026     53.875  29.931418     38.121      6.854   255.7895     2.1715     4.7843     0.0215      0.001      0.369      0.536        176 3.6299e+02 0.0000e+00
      0.375    14.2639     5.8340     57.125  29.952969     38.121      6.853   255.9031     2.3090     4.9186     0.0215     -0.000      0.369      0.535        177 3.3657e+02 0.0000e+00
      0.378    14.2637     6.1398     60.124  30.006298     38.229      6.850   256.1302     2.2887     4.8917     0.0216      0.000      0.370      0.537        178 4.2601e+02 0.0000e+00
      0.379    14.2624     6.4057     62.731  29.954003     38.122      6.852   256.1681     2.3130     4.7843     0.0215      0.002      0.371      0.538        179 4.4424e+02 0.0000e+00
      0.377    14.2646     6.5979     64.616  29.929098     38.123      6.849   256.3195     2.2847     4.7172     0.0215      0.002      0.371      0.538        180 4.7384e+02 0.0000e+00
      0.378    14.2947     6.7158     65.773  30.037291     38.230      6.849   256.8116     2.3251     4.8112     0.0216      0.001      0.371      0.538        181 5.0533e+02 0.0000e+00
      0.379    14.3428     6.7658     66.267  30.234468     38.514      6.849   256.6224     2.3090     4.7843     0.0217      0.001      0.371      0.538        182 5.9832e+02 0.0000e+00
      0.378    14.3759     6.7632     66.246  30.306378     38.556      6.847   256.3574     2.3413     4.8380     0.0217      0.001      0.371      0.539        183 8.0195e+02 0.0000e+00
      0.380    14.3945     6.7365     65.987  30.303598     38.507      6.841   256.5466     2.3049     4.8380     0.0217      0.001      0.373      0.541        184 4.1193e+02 0.0000e+00
      0.384    14.4030     6.7002     65.631  30.297212     38.476      6.846   257.0388     2.2200     4.5695     0.0217      0.003      0.376      0.546        185 2.5335e+02 0.0000e+00
      0.388    14.4062     6.6640     65.274  30.255009     38.386      6.843   257.6824     2.2523     4.6635     0.0217      0.004      0.379      0.550        186 3.5960e+02 0.0000e+00
      0.389    14.4103     6.6119     64.760  30.296808     38.449      6.840   257.0388     2.2402     4.5426     0.0217      0.005      0.376      0.546        187 3.1932e+02 0.0000e+00
      0.374    14.4134     6.5735     64.383  30.334143     38.481      6.841   257.0766     2.2443     4.5560     0.0217      0.003      0.366      0.531        188 3.3303e+02 0.0000e+00
      0.357    14.4160     6.5342     64.000  30.297498     38.442      6.843   256.8495     2.1310     4.8380     0.0217     -0.005      0.353      0.511        189 4.1775e+02 0.0000e+00
      0.349    14.4180     6.5037     63.706  30.312759     38.439      6.840   256.8495     2.1836     4.7172     0.0217     -0.012      0.343      0.496        190 4.3154e+02 0.0000e+00
      0.340    14.4198     6.4773     63.454  30.344801     38.507      6.838   255.9788     2.1755     4.8380     0.0217     -0.020      0.335      0.486        191 4.4572e+02 0.0000e+00
      0.335    14.4228     6.4602     63.290  30.316924     38.434      6.835   256.1302     2.1674     4.7843     0.0217     -0.027      0.332      0.482        192 4.4140e+02 0.0000e+00
      0.343    14.4256     6.4393     63.083  30.347451     38.503      6.835   256.6224     2.1593     4.6635     0.0217     -0.029      0.336      0.488        193 3.8350e+02 0.0000e+00
      0.351    14.4271     6.4295     62.984  30.336461     38.465      6.835   257.4931     2.1068     4.8783     0.0217     -0.025      0.343      0.498        194 3.2162e+02 0.0000e+00
      0.356    14.4272     6.4230     62.915  30.300948     38.427      6.832   257.8338     2.0946     4.8112     0.0217     -0.016      0.346      0.503        195 4.6683e+02 0.0000e+00
      0.353    14.4253     6.4173     62.855  30.302692     38.425      6.828   257.2659     2.0946     4.8246     0.0217     -0.005      0.345      0.500        196 6.5276e+02 0.0000e+00
      0.346    14.4229     6.4079     62.762  30.304639     38.425      6.827   257.3795     2.1108     4.8380     0.0217      0.001      0.341      0.495        197 3.9304e+02 0.0000e+00
      0.344    14.4224     6.4001     62.694  30.298524     38.427      6.826   257.7202     2.0744     4.7440     0.0217      0.003      0.339      0.492        198 3.5475e+02 0.0000e+00
      0.347    14.4235     6.3974     62.681  30.310303     38.430      6.822   256.9631     2.1270     4.7575     0.0217      0.004      0.341      0.495        199 3.2498e+02 0.0000e+00
      0.352    14.4264     6.3890     62.613  30.349284     38.501      6.824   256.8874     2.0785     4.8380     0.0217      0.003      0.344      0.500        200 3.0928e+02 0.0000e+00
      0.355    14.4312     6.3851     62.583  30.309314     38.429      6.821   258.0231     2.1027     4.8649     0.0217      0.001      0.346      0.502        201 3.1514e+02 0.0000e+00
      0.352    14.4338     6.3810     62.548  30.300742     38.426      6.819   257.8338     2.0906     4.8783     0.0217     -0.000      0.343      0.497        202 3.2661e+02 0.0000e+00
      0.342    14.4327     6.3800     62.539  30.359950     38.492      6.819   257.8338     2.0785     4.8112     0.0217     -0.002      0.335      0.486        203 3.7730e+02 0.0000e+00
      0.333    14.4302     6.3870     62.605  30.354232     38.490      6.819   257.8338     2.1027     4.8917     0.0217     -0.005      0.326      0.473        204 2.8184e+02 0.0000e+00
      0.323    14.4265     6.3887     62.610  30.307858     38.420      6.817   257.4931     2.1108     4.7977     0.0217     -0.009      0.319      0.463        205 3.1535e+02 0.0000e+00
      0.322    14.4230     6.3901     62.601  30.299059     38.422      6.818   257.9095     2.1634     4.6232     0.0217     -0.014      0.318      0.461        206 3.0593e+02 0.0000e+00
      0.329    14.4234     6.3872     62.558  30.335532     38.462      6.815   258.4774     2.2321     4.4755     0.0217     -0.016      0.323      0.468        207 2.5695e+02 0.0000e+00
      0.337    14.4290     6.3861     62.538  30.351422     38.500      6.813   260.4459     2.2200     4.6366     0.0217     -0.014      0.330      0.478        208 2.6146e+02 0.0000e+00
      0.344    14.4389     6.3833     62.507  30.308936     38.429      6.813   259.2724     2.2362     4.6769     0.0217     -0.008      0.336      0.488        209 3.2825e+02 0.0000e+00
      0.348    14.4491     6.3840     62.520  30.358755     38.494      6.812   260.5974     2.1998     4.7977     0.0217      0.000      0.340      0.494        210 2.3788e+02 0.0000e+00
      0.349    14.4552     6.3773     62.472  30.348724     38.485      6.808   261.0138     2.1553     4.8112     0.0217      0.009      0.343      0.498        211 3.1552e+02 0.0000e+00
      0.353    14.4591     6.3862     62.577  30.321415     38.404      6.808   260.0674     2.1917     4.8380     0.0217      0.015      0.347      0.503        212 4.0772e+02 0.0000e+00
      0.360    14.4599     6.3783     62.513  30.363085     38.504      6.809   258.9317     2.1836     4.7977     0.0217      0.019      0.353      0.513        213 5.3062e+02 0.0000e+00
      0.368    14.4576     6.3728     62.474  30.326514     38.394      6.807   259.3859     2.2483     4.7843     0.0217      0.021      0.362      0.525        214 9.0252e+02 0.0000e+00
      0.378    14.4486     6.3688     62.458  30.337275     38.464      6.806   259.4238     2.2402     4.7440     0.0217      0.021      0.377      0.548        215 7.4451e+02 0.0000e+00
      0.411    14.4331     6.3706     62.497  30.320043     38.396      6.793   261.9224     2.2159     4.7575     0.0217      0.029      0.409      0.594        216 4.7909e+02 0.0000e+00
      0.464    14.4217     6.3782     62.581  30.288659     38.404      6.777   262.7931     2.2079     4.8515     0.0217      0.048      0.456      0.661        217 3.6759e+02 0.0000e+00
      0.521    14.4156     6.3794     62.593  30.257732     38.349      6.759   263.1338     2.2240     4.7709     0.0217      0.076      0.499      0.723        218 3.3993e+02 0.0000e+00
      0.538    14.4123     6.3876     62.665  30.299235     38.431      6.752   262.7174     2.1998     4.7575     0.0217      0.099      0.516      0.748        219 3.9074e+02 0.0000e+00
      0.520    14.4168     6.3918     62.699  30.325966     38.472      6.742   262.2252     2.2685     4.7709     0.0217      0.104      0.500      0.725        220 2.9129e+02 0.0000e+00
      0.474    14.4298     6.4035     62.812  30.254118     38.369      6.736   261.7331     2.2443     4.7575     0.0217      0.088      0.456      0.662        221 3.3760e+02 0.0000e+00
      0.404    14.4430     6.4094     62.868  30.299697     38.436      6.737   261.1652     2.2523     4.9320     0.0217      0.047      0.389      0.565        222 2.5088e+02 0.0000e+00
      0.313    14.4528     6.4105     62.879  30.358195     38.493      6.742   260.7109     1.9329     4.7977     0.0217     -0.017      0.310      0.450        223 2.8623e+02 0.0000e+00
      0.233    14.4639     6.4120     62.896  30.299917     38.410      6.746   260.7488     1.9127     4.7843     0.0217     -0.096      0.237      0.344        224 5.1309e+02 0.0000e+00
      0.179    14.4807     6.4127     62.904  30.312916     38.400      6.746   260.7488     1.9005     4.7843     0.0217     -0.168      0.182      0.264        225 6.2114e+02 0.0000e+00
      0.142    14.4961     6.4207     62.986  30.430966     38.567      6.745   260.3324     1.8803     4.7440     0.0218     -0.218      0.149      0.215        226 3.3856e+02 0.0000e+00
      0.135    14.5034     6.4172     62.958  30.419858     38.515      6.742   259.8024     1.7469     4.8649     0.0218     -0.229      0.136      0.196        227 4.6881e+02 0.0000e+00
      0.137    14.5035     6.4187     62.977  30.356383     38.429      6.744   259.6888     1.7186     4.7038     0.0217     -0.209      0.131      0.190        228 9.7157e+02 0.0000e+00
      0.127    14.4978     6.4170     62.964  30.361699     38.422      6.744   259.5374     1.6984     4.8380     0.0217     -0.172      0.118      0.172        229 7.6276e+02 0.0000e+00
      0.098    14.4926     6.4183     62.979  30.353937     38.422      6.749   259.3859     1.7064     4.8380     0.0217     -0.132      0.092      0.134        230 1.3085e+03 0.0000e+00
      0.057    14.4904     6.4248     63.045  30.366042     38.428      6.754   258.9695     1.6175     4.6366     0.0217     -0.100      0.055      0.081        231 1.5624e+03 0.0000e+00
      0.015    14.4892     6.4289     63.083  30.376288     38.468      6.757   260.3702     1.5851     4.6366     0.0217     -0.087      0.019      0.029        232 1.2766e+03 0.0000e+00
     -0.011    14.4896     6.4308     63.093  30.370839     38.434      6.757   259.8402     1.6013     4.5829     0.0217     -0.087     -0.006     -0.009        233 1.3598e+03 0.0000e+00
     -0.025    14.4910     6.4378     63.148  30.402474     38.507      6.763   259.7267     1.5649     4.5829     0.0218     -0.093     -0.019     -0.028        234 1.3269e+03 0.0000e+00
     -0.023    14.4921     6.4431     63.195  30.366570     38.435      6.763   259.8024     1.6539     4.7843     0.0217     -0.097     -0.021     -0.031        235 1.4084e+03 0.0000e+00
     -0.017    14.4948     6.4395     63.161  30.356218     38.434      6.765   260.1052     1.6377     4.8917     0.0217     -0.090     -0.017     -0.026        236 1.4355e+03 0.0000e+00
     -0.014    14.4986     6.4381     63.153  30.415356     38.504      6.767   259.9917     1.6377     4.8380     0.0218     -0.073     -0.014     -0.021        237 1.4552e+03 0.0000e+00
     -0.014    14.5023     6.4275     63.055  30.381927     38.466      6.766   261.5817     1.6418     4.8515     0.0217     -0.048     -0.014     -0.021        238 1.4525e+03 0.0000e+00
     -0.016    14.5051     6.4295     63.072  30.368168     38.427      6.766   260.5217     1.6660     4.7306     0.0217     -0.025     -0.016     -0.024        239 1.4412e+03 0.0000e+00
     -0.020    14.5068     6.4245     63.011  30.402827     38.494      6.771   260.3702     1.6701     4.7575     0.0218     -0.008     -0.018     -0.025        240 1.4243e+03 0.0000e+00
     -0.017    14.5081     6.4179     62.934  30.368445     38.420      6.770   260.4459     1.6539     4.7843     0.0217      0.000     -0.014     -0.020        241 1.4113e+03 0.0000e+00
     -0.004    14.5071     6.4135     62.883  30.351652     38.419      6.773   259.5374     1.6660     4.7172     0.0217      0.006     -0.005     -0.007        242 1.3984e+03 0.0000e+00
      0.007    14.5000     6.4119     62.863  30.364422     38.417      6.770   259.4617     1.6579     4.7843     0.0217      0.010      0.005      0.007        243 1.3895e+03 0.0000e+00
      0.012    14.4907     6.4086     62.831  30.352553     38.418      6.768   259.6888     1.5932     4.8246     0.0217      0.013      0.009      0.012        244 1.3786e+03 0.0000e+00
      0.007    14.4870     6.4002     62.752  30.336773     38.390      6.765   261.9602     1.6013     4.8515     0.0217      0.015      0.006      0.008        245 1.3746e+03 0.0000e+00
     -0.002    14.4877     6.4020     62.771  30.354412     38.435      6.762   261.9602     1.6175     4.7843     0.0217      0.013      0.001      0.001        246 1.3938e+03 0.0000e+00
     -0.002    14.4915     6.3979     62.732  30.360255     38.438      6.765   261.6574     1.5487     4.7575     0.0217      0.012      0.002      0.003        247 1.4086e+03 0.0000e+00
      0.010    14.4958     6.3964     62.716  30.359153     38.437      6.768   260.7109     1.5407     4.9052     0.0217      0.011      0.012      0.018        248 1.4444e+03 0.0000e+00
      0.028    14.4941     6.3944     62.695  30.355784     38.434      6.768   261.3167     1.5164     4.7977     0.0217      0.012      0.029      0.042        249 1.4448e+03 0.0000e+00
      0.051    14.4861     6.3956     62.705  30.364447     38.429      6.767   261.0517     1.5204     4.7977     0.0217      0.018      0.052      0.076        250 1.1999e+03 0.0000e+00
      0.081    14.4768     6.4018     62.766  30.378022     38.466      6.758   262.6038     1.5407     4.8783     0.0217      0.030      0.081      0.117        251 9.9974e+02 0.0000e+00
      0.116    14.4710     6.4034     62.785  30.368542     38.439      6.742   262.6417     1.8561     4.7977     0.0217      0.051      0.114      0.165        252 8.2145e+02 0.0000e+00
      0.152    14.4683     6.4043     62.801  30.346597     38.448      6.734   263.8531     1.8520     4.8246     0.0217      0.075      0.145      0.210        253 5.8873e+02 0.0000e+00
      0.176    14.4683     6.3996     62.763  30.316383     38.383      6.729   261.7331     1.8520     4.7038     0.0217      0.094      0.169      0.245        254 7.0440e+02 0.0000e+00
      0.189    14.4702     6.4013     62.785  30.346844     38.456      6.728   261.9602     1.8358     4.7843     0.0217      0.103      0.183      0.265        255 6.6571e+02 0.0000e+00
