Data/DataNotYetUploadedToEDI/Raw_CTD/2018_RawDownloads/110218_bvr50.cnv
* Sea-Bird SBE19plus  Data File:
* FileName = C:\DATA\110218_bvr_50_0001.hex
* Software version 2.6.3.104 SB_Terminal.dll
* Temperature SN = 7809
* Conductivity SN = 7809
* System UpLoad Time = Nov 02 2018 17:54:23
* <ApplicationData>
* <Seaterm232>
# nquan = 15
# nvalues = 883                         
# units = specified
# name 0 = depFM: Depth [fresh water, m]
# name 1 = dz/dtM: Descent Rate [m/s]
# name 2 = sbeox0Mg/L: Oxygen, SBE 43 [mg/l]
# name 3 = sbeox0PS: Oxygen, SBE 43 [% saturation]
# name 4 = specc: Specific Conductance [uS/cm]
# name 5 = c0uS/cm: Conductivity [uS/cm]
# name 6 = flECO-AFL: Fluorescence, WET Labs ECO-AFL/FL [mg/m^3]
# name 7 = ph: pH
# name 8 = orp: Oxidation Reduction Potential [mV]
# name 9 = par/sat/log: PAR/Logarithmic, Satlantic
# name 10 = turbWETntu0: Turbidity, WET Labs ECO [NTU]
# name 11 = prdM: Pressure, Strain Gauge [db]
# name 12 = prdE: Pressure, Strain Gauge [psi]
# name 13 = tv290C: Temperature [ITS-90, deg C]
# name 14 = flag:  0.000e+00
# span 0 =     -0.590,     10.386       
# span 1 =     -0.086,      0.201       
# span 2 =    -0.2449,    10.0800       
# span 3 =     -2.189,     95.787       
# span 4 =     30.177,    238.175       
# span 5 =  22.311214, 161.476952       
# span 6 =     0.7243,     5.9217       
# span 7 =      6.214,      7.665       
# span 8 =   139.9108,   311.6050       
# span 9 = 1.2558e-01, 4.9215e+02       
# span 10 =     3.4740,    17.2971      
# span 11 =     -0.589,     10.186      
# span 12 =     -0.854,     14.773      
# span 13 =     8.7708,    13.9864      
# span 14 = 0.0000e+00, 0.0000e+00      
# interval = seconds: 0.25
# start_time = Nov 02 2018 17:29:23 [Instrument's time stamp, header]
# bad_flag = -9.990e-29
*END*
[from data line 482]
      4.382      0.067     6.9938     64.145     30.743  22.435877     2.3554      6.764   301.0603 1.2671e+00     3.9803      4.296      6.231    11.4884 0.0000e+00
      4.393      0.073     7.0042     64.240     30.709  22.411733     2.3280      6.760   301.2294 1.2461e+00     3.9768      4.304      6.242    11.4876 0.0000e+00
      4.412      0.082     7.0128     64.319     30.690  22.397995     2.3267      6.757   301.2428 1.2101e+00     3.9881      4.323      6.271    11.4872 0.0000e+00
      4.439      0.091     7.0204     64.387     30.690  22.396737     2.3304      6.757   301.2208 1.1718e+00     4.0244      4.352      6.312    11.4867 0.0000e+00
      4.469      0.099     7.0246     64.421     30.692  22.396520     2.3361      6.755   301.4801 1.1321e+00     4.0489      4.384      6.358    11.4868 0.0000e+00
      4.498      0.105     7.0239     64.405     30.696  22.395366     2.3685      6.751   301.7978 1.1014e+00     4.0407      4.414      6.402    11.4878 0.0000e+00
      4.523      0.107     7.0202     64.360     30.686  22.382783     2.3904      6.747   301.8793 1.0788e+00     4.0166      4.437      6.435    11.4874 0.0000e+00
      4.546      0.106     7.0142     64.293     30.676  22.371335     2.3897      6.745   301.8623 1.0493e+00     3.9706      4.455      6.463    11.4864 0.0000e+00
      4.575      0.103     7.0046     64.197     30.698  22.383918     2.3873      6.744   301.8504 1.0118e+00     3.9125      4.485      6.505    11.4845 0.0000e+00
      4.605      0.100     6.9946     64.099     30.735  22.407948     2.3713      6.744   301.8214 9.7562e-01     3.9548      4.517      6.551    11.4778 0.0000e+00
      4.632      0.097     6.9854     64.010     30.737  22.407939     2.3432      6.744   301.8559 9.4066e-01     4.1161      4.543      6.591    11.4681 0.0000e+00
      4.657      0.096     6.9757     63.917     30.707  22.383815     2.3230      6.741   302.0953 9.0966e-01     4.2148      4.569      6.626    11.4601 0.0000e+00
      4.677      0.098     6.9675     63.836     30.691  22.370193     2.3108      6.735   302.9093 8.8116e-01     4.2021      4.587      6.653    11.4545 0.0000e+00
      4.697      0.107     6.9600     63.762     30.694  22.370193     2.2789      6.724   304.1260 8.5195e-01     4.1757      4.605      6.679    11.4506 0.0000e+00
      4.719      0.124     6.9494     63.658     30.717  22.383817     2.2305      6.711   304.7609 8.2900e-01     4.1702      4.626      6.709    11.4480 0.0000e+00
      4.747      0.142     6.9356     63.523     30.756  22.407951     2.2037      6.702   304.4773 8.1014e-01     4.1670      4.653      6.748    11.4451 0.0000e+00
      4.787      0.152     6.9219     63.388     30.761  22.408066     2.1945      6.700   303.9666 7.8049e-01     4.1673      4.689      6.800    11.4409 0.0000e+00
      4.841      0.149     6.9076     63.250     30.734  22.385191     2.1183      6.702   303.6614 7.3995e-01     4.1428      4.743      6.880    11.4374 0.0000e+00
      4.900      0.134     6.8913     63.100     30.734  22.385305     1.9719      6.705   303.4543 7.0878e-01     4.0539      4.812      6.980    11.4336 0.0000e+00
      4.943      0.112     6.8745     62.948     30.766  22.409449     1.8861      6.708   303.3557 6.9823e-01     3.9771      4.858      7.045    11.4269 0.0000e+00
      4.960      0.089     6.8560     62.781     30.784  22.423177     1.8716      6.709   303.3298 6.9161e-01     3.9471      4.870      7.063    11.4190 0.0000e+00
      4.960      0.070     6.8345     62.584     30.785  22.424321     1.8785      6.710   303.2276 6.8183e-01     3.9358      4.864      7.056    11.4143 0.0000e+00
      4.960      0.058     6.8127     62.383     30.785  22.423290     1.9057      6.712   303.1523 6.7837e-01     3.9620      4.858      7.047    11.4140 0.0000e+00
      4.972      0.057     6.7939     62.208     30.769  22.410708     1.9244      6.713   303.1080 6.6480e-01     3.9890      4.870      7.063    11.4160 0.0000e+00
      4.996      0.062     6.7779     62.061     30.754  22.399156     1.9213      6.714   302.9499 6.3989e-01     3.9880      4.899      7.106    11.4186 0.0000e+00
      5.022      0.068     6.7632     61.926     30.769  22.410585     1.8866      6.715   302.7893 6.2386e-01     4.0412      4.928      7.147    11.4187 0.0000e+00
      5.043      0.069     6.7503     61.812     30.783  22.421928     1.8360      6.717   302.7150 6.2287e-01     4.1445      4.946      7.174    11.4165 0.0000e+00
      5.058      0.064     6.7422     61.742     30.763  22.409336     1.8135      6.719   302.6532 6.3080e-01     4.1995      4.961      7.196    11.4147 0.0000e+00
      5.071      0.055     6.7401     61.728     30.727  22.385306     1.8083      6.721   302.5585 6.3216e-01     4.1866      4.973      7.212    11.4137 0.0000e+00
      5.083      0.047     6.7409     61.742     30.722  22.385315     1.8012      6.723   302.6026 6.2584e-01     4.1413      4.984      7.227    11.4135 0.0000e+00
      5.095      0.046     6.7420     61.760     30.752  22.409449     1.8278      6.723   302.8428 6.1789e-01     4.0802      4.998      7.249    11.4160 0.0000e+00
      5.104      0.052     6.7460     61.800     30.768  22.423175     1.8909      6.720   303.3115 6.0665e-01     3.9963      5.007      7.264    11.4200 0.0000e+00
      5.110      0.066     6.7527     61.857     30.773  22.424311     1.9308      6.714   303.9677 6.0156e-01     3.9509      5.009      7.265    11.4234 0.0000e+00
      5.121      0.082     6.7606     61.915     30.779  22.423176     1.9432      6.705   304.3238 5.9619e-01     3.9587      5.018      7.277    11.4281 0.0000e+00
      5.144      0.097     6.7682     61.965     30.772  22.409450     1.9853      6.699   304.3474 5.6834e-01     3.9989      5.040      7.310    11.4346 0.0000e+00
      5.179      0.108     6.7723     61.983     30.750  22.385308     2.0630      6.695   304.2532 5.3411e-01     4.0702      5.075      7.362    11.4387 0.0000e+00
      5.220      0.112     6.7748     61.992     30.759  22.385194     2.1192      6.693   304.0450 5.1421e-01     4.1188      5.123      7.429    11.4355 0.0000e+00
      5.256      0.107     6.7753     61.989     30.794  22.408069     2.1322      6.693   303.8085 5.0023e-01     4.1295      5.160      7.483    11.4247 0.0000e+00
      5.282      0.094     6.7700     61.937     30.796  22.407955     2.1101      6.694   303.6316 4.8910e-01     4.1687      5.183      7.517    11.4089 0.0000e+00
      5.302      0.075     6.7602     61.845     30.765  22.383812     2.0818      6.697   303.6270 4.8167e-01     4.2268      5.202      7.544    11.3942 0.0000e+00
      5.316      0.057     6.7482     61.733     30.748  22.370086     2.0753      6.700   303.6669 4.7231e-01     4.2211      5.214      7.563    11.3843 0.0000e+00
      5.326      0.043     6.7351     61.613     30.747  22.368960     2.0677      6.701   303.6832 4.6740e-01     4.1915      5.224      7.577    11.3793 0.0000e+00
      5.333      0.036     6.7235     61.507     30.748  22.370200     2.0447      6.701   303.7386 4.6558e-01     4.2046      5.230      7.586    11.3778 0.0000e+00
      5.338      0.034     6.7112     61.394     30.768  22.385070     2.0177      6.701   303.7342 4.5992e-01     4.2276      5.235      7.593    11.3764 0.0000e+00
      5.343      0.034     6.6990     61.279     30.821  22.421796     2.0089      6.702   303.7161 4.5683e-01     4.1950      5.240      7.599    11.3743 0.0000e+00
      5.352      0.035     6.6914     61.206     30.839  22.433349     2.0110      6.702   303.7778 4.5750e-01     4.1453      5.245      7.608    11.3733 0.0000e+00
      5.366      0.040     6.6817     61.115     30.791  22.397788     2.0063      6.702   304.0493 4.6116e-01     4.1458      5.263      7.633    11.3746 0.0000e+00
      5.379      0.048     6.6703     61.009     30.758  22.372719     2.0076      6.699   304.4180 4.5970e-01     4.1708      5.279      7.656    11.3747 0.0000e+00
      5.387      0.058     6.6666     60.972     30.775  22.384177     2.0076      6.695   304.5359 4.5515e-01     4.2032      5.283      7.663    11.3715 0.0000e+00
      5.395      0.067     6.6669     60.971     30.811  22.409352     1.9974      6.691   304.4422 4.5699e-01     4.2318      5.287      7.668    11.3687 0.0000e+00
      5.413      0.073     6.6643     60.945     30.832  22.423182     1.9949      6.689   304.4042 4.4481e-01     4.2113      5.303      7.692    11.3677 0.0000e+00
      5.442      0.076     6.6592     60.896     30.836  22.424429     2.0141      6.688   304.4202 4.1868e-01     4.1395      5.338      7.742    11.3669 0.0000e+00
      5.471      0.075     6.6535     60.843     30.836  22.424429     2.0458      6.688   304.3778 4.1263e-01     4.0650      5.370      7.788    11.3648 0.0000e+00
      5.492      0.068     6.6471     60.785     30.834  22.423180     2.0657      6.689   304.4080 4.2106e-01     4.0127      5.386      7.812    11.3624 0.0000e+00
      5.508      0.057     6.6419     60.740     30.813  22.409330     2.0707      6.689   304.4413 4.1846e-01     3.9644      5.402      7.836    11.3600 0.0000e+00
      5.518      0.044     6.6386     60.713     30.776  22.383938     2.0417      6.690   304.3494 4.0664e-01     3.9398      5.413      7.851    11.3583 0.0000e+00
      5.524      0.035     6.6350     60.683     30.755  22.370098     1.9718      6.691   304.4162 4.0600e-01     3.9591      5.417      7.856    11.3576 0.0000e+00
      5.528      0.034     6.6326     60.661     30.753  22.368963     1.9252      6.691   304.6457 4.1087e-01     3.9532      5.421      7.862    11.3576 0.0000e+00
      5.533      0.039     6.6317     60.650     30.757  22.370212     1.9193      6.689   304.9744 3.9497e-01     3.9302      5.425      7.868    11.3601 0.0000e+00
      5.541      0.049     6.6312     60.639     30.782  22.385197     1.9095      6.684   305.3787 3.7280e-01     3.9548      5.431      7.878    11.3636 0.0000e+00
      5.553      0.061     6.6319     60.636     30.840  22.423171     1.8893      6.679   305.4899 3.6725e-01     3.9760      5.444      7.896    11.3653 0.0000e+00
      5.572      0.070     6.6306     60.615     30.880  22.448461     1.8770      6.674   305.3732 3.6680e-01     3.9726      5.462      7.922    11.3656 0.0000e+00
      5.596      0.073     6.6268     60.575     30.868  22.437034     1.8714      6.674   305.2583 3.4999e-01     3.9746      5.485      7.956    11.3639 0.0000e+00
      5.624      0.070     6.6248     60.555     30.834  22.411965     1.8864      6.675   305.1336 3.3491e-01     3.9702      5.516      8.001    11.3589 0.0000e+00
      5.646      0.065     6.6243     60.553     30.816  22.399287     1.9195      6.676   305.0693 3.4239e-01     3.9507      5.542      8.037    11.3516 0.0000e+00
      5.658      0.059     6.6221     60.533     30.831  22.410716     1.9316      6.677   305.0834 3.5101e-01     3.9215      5.550      8.050    11.3441 0.0000e+00
      5.664      0.054     6.6190     60.502     30.850  22.423185     1.9322      6.678   305.0458 3.4250e-01     3.9224      5.555      8.055    11.3394 0.0000e+00
      5.672      0.051     6.6162     60.472     30.852  22.423079     1.9355      6.679   304.9585 3.3625e-01     3.9614      5.560      8.064    11.3394 0.0000e+00
      5.686      0.050     6.6127     60.437     30.836  22.409437     1.9624      6.679   304.8885 3.4258e-01     3.9657      5.574      8.084    11.3414 0.0000e+00
      5.704      0.051     6.6097     60.409     30.803  22.385199     2.0281      6.679   304.8022 3.3923e-01     3.9743      5.594      8.114    11.3424 0.0000e+00
      5.721      0.051     6.6076     60.389     30.801  22.383951     2.0683      6.680   304.6890 3.2847e-01     4.0042      5.612      8.139    11.3411 0.0000e+00
      5.734      0.048     6.6021     60.339     30.815  22.394348     2.0618      6.682   304.5521 3.2487e-01     3.9913      5.623      8.157    11.3362 0.0000e+00
      5.744      0.042     6.5938     60.264     30.801  22.383940     2.0231      6.684   304.5236 3.2662e-01     4.0325      5.634      8.172    11.3332 0.0000e+00
      5.754      0.036     6.5889     60.219     30.802  22.385075     1.9682      6.685   304.6024 3.3072e-01     4.1361      5.645      8.188    11.3334 0.0000e+00
      5.761      0.032     6.5881     60.213     30.833  22.408074     1.9401      6.686   304.6446 3.2907e-01     4.1752      5.651      8.195    11.3338 0.0000e+00
      5.766      0.030     6.5872     60.205     30.833  22.408084     1.9224      6.687   304.6038 3.1695e-01     4.1699      5.654      8.200    11.3341 0.0000e+00
      5.773      0.028     6.5854     60.187     30.802  22.385189     1.8651      6.688   304.4529 3.0833e-01     4.1940      5.660      8.209    11.3339 0.0000e+00
      5.783      0.027     6.5850     60.182     30.803  22.385198     1.7889      6.689   304.3691 3.0674e-01     4.2221      5.672      8.225    11.3341 0.0000e+00
      5.791      0.027     6.5872     60.200     30.836  22.408188     1.7544      6.690   304.3646 3.0809e-01     4.2053      5.680      8.239    11.3345 0.0000e+00
      5.797      0.026     6.5898     60.222     30.839  22.409219     1.7524      6.691   304.2265 3.1284e-01     4.1736      5.685      8.245    11.3346 0.0000e+00
      5.802      0.026     6.5909     60.231     30.824  22.397666     1.7543      6.692   304.1625 3.0439e-01     4.1742      5.690      8.252    11.3346 0.0000e+00
      5.808      0.027     6.5904     60.229     30.819  22.395471     1.7498      6.691   304.3652 2.9231e-01     4.1823      5.695      8.260    11.3335 0.0000e+00
      5.815      0.030     6.5889     60.220     30.798  22.382680     1.7350      6.689   304.6124 3.0426e-01     4.1798      5.703      8.272    11.3322 0.0000e+00
      5.821      0.034     6.5856     60.192     30.778  22.369975     1.7310      6.685   304.7423 3.1587e-01     4.1753      5.709      8.280    11.3302 0.0000e+00
      5.829      0.037     6.5819     60.158     30.777  22.368821     1.7394      6.683   304.7312 3.0534e-01     4.1582      5.713      8.286    11.3276 0.0000e+00
      5.842      0.037     6.5802     60.140     30.779  22.368726     1.7441      6.683   304.6494 2.9106e-01     4.1559      5.729      8.309    11.3300 0.0000e+00
      5.856      0.036     6.5788     60.126     30.780  22.368830     1.7509      6.683   304.6140 2.9270e-01     4.1778      5.745      8.333    11.3348 0.0000e+00
      5.868      0.034     6.5756     60.099     30.781  22.370079     1.7584      6.683   304.6469 3.0165e-01     4.1786      5.755      8.348    11.3378 0.0000e+00
      5.874      0.033     6.5711     60.059     30.799  22.383824     1.7515      6.682   304.7037 3.0240e-01     4.1654      5.761      8.358    11.3377 0.0000e+00
      5.876      0.031     6.5699     60.049     30.832  22.408063     1.7684      6.681   304.6979 2.9650e-01     4.1708      5.762      8.357    11.3345 0.0000e+00
      5.881      0.031     6.5735     60.081     30.834  22.409208     1.8253      6.681   304.6629 2.8708e-01     4.1837      5.764      8.362    11.3325 0.0000e+00
      5.891      0.032     6.5774     60.116     30.819  22.397676     1.8600      6.681   304.6246 2.8815e-01     4.1692      5.777      8.378    11.3347 0.0000e+00
      5.903      0.032     6.5789     60.127     30.817  22.395596     1.8575      6.682   304.5796 2.9890e-01     4.1474      5.789      8.396    11.3371 0.0000e+00
      5.914      0.031     6.5797     60.134     30.802  22.384064     1.8404      6.684   304.6353 2.9852e-01     4.1648      5.800      8.412    11.3368 0.0000e+00
      5.922      0.029     6.5815     60.152     30.803  22.385209     1.8181      6.685   304.6957 2.8916e-01     4.1958      5.810      8.426    11.3363 0.0000e+00
      5.927      0.026     6.5832     60.169     30.835  22.409437     1.8085      6.685   304.7077 2.8144e-01     4.2178      5.813      8.430    11.3349 0.0000e+00
