Data/DataNotYetUploadedToEDI/Raw_CTD/2018_RawDownloads/110218_bvr50.cnv
* Sea-Bird SBE19plus  Data File:
* FileName = C:\DATA\110218_bvr_50_0001.hex
* Software version 2.6.3.104 SB_Terminal.dll
* Temperature SN = 7809
* Conductivity SN = 7809
* System UpLoad Time = Nov 02 2018 17:54:23
* <ApplicationData>
* <Seaterm232>
# nquan = 15
# nvalues = 883                         
# units = specified
# name 0 = depFM: Depth [fresh water, m]
# name 1 = dz/dtM: Descent Rate [m/s]
# name 2 = sbeox0Mg/L: Oxygen, SBE 43 [mg/l]
# name 3 = sbeox0PS: Oxygen, SBE 43 [% saturation]
# name 4 = specc: Specific Conductance [uS/cm]
# name 5 = c0uS/cm: Conductivity [uS/cm]
# name 6 = flECO-AFL: Fluorescence, WET Labs ECO-AFL/FL [mg/m^3]
# name 7 = ph: pH
# name 8 = orp: Oxidation Reduction Potential [mV]
# name 9 = par/sat/log: PAR/Logarithmic, Satlantic
# name 10 = turbWETntu0: Turbidity, WET Labs ECO [NTU]
# name 11 = prdM: Pressure, Strain Gauge [db]
# name 12 = prdE: Pressure, Strain Gauge [psi]
# name 13 = tv290C: Temperature [ITS-90, deg C]
# name 14 = flag:  0.000e+00
# span 0 =     -0.590,     10.386       
# span 1 =     -0.086,      0.201       
# span 2 =    -0.2449,    10.0800       
# span 3 =     -2.189,     95.787       
# span 4 =     30.177,    238.175       
# span 5 =  22.311214, 161.476952       
# span 6 =     0.7243,     5.9217       
# span 7 =      6.214,      7.665       
# span 8 =   139.9108,   311.6050       
# span 9 = 1.2558e-01, 4.9215e+02       
# span 10 =     3.4740,    17.2971      
# span 11 =     -0.589,     10.186      
# span 12 =     -0.854,     14.773      
# span 13 =     8.7708,    13.9864      
# span 14 = 0.0000e+00, 0.0000e+00      
# interval = seconds: 0.25
# start_time = Nov 02 2018 17:29:23 [Instrument's time stamp, header]
# bad_flag = -9.990e-29
*END*
     -0.590      0.101     9.8879     94.743     30.701  23.595545     0.7243      7.665   280.7891 4.8296e+02    15.2206     -0.589     -0.854    13.7490 0.0000e+00
     -0.558      0.138     9.9132     94.772     30.686  23.521882     0.7529      7.643   283.2132 4.9091e+02    15.5926     -0.552     -0.800    13.6534 0.0000e+00
     -0.508      0.171     9.9395     94.840     30.756  23.521708     0.8065      7.625   291.1946 4.9215e+02    15.4038     -0.500     -0.725    13.5827 0.0000e+00
     -0.450      0.195     9.9709     94.998     30.903  23.593381     1.2808      7.605   295.8985 4.7087e+02    12.4189     -0.444     -0.644    13.5332 0.0000e+00
     -0.389      0.201    10.0046     95.217     31.152  23.753561     2.1313      7.584   296.2072 4.3231e+02     6.8774     -0.379     -0.550    13.4273 0.0000e+00
     -0.330      0.188    10.0364     95.444     31.336  23.871240     2.5896      7.563   295.6151 3.8531e+02     3.8235     -0.322     -0.467    13.3166 0.0000e+00
     -0.277      0.163    10.0630     95.644     31.359  23.873445     2.6308      7.543   295.0202 3.0648e+02     3.5092     -0.268     -0.390    13.2293 0.0000e+00
     -0.235      0.133    10.0800     95.787     31.327  23.843680     2.6754      7.515   294.6074 2.2301e+02     3.4740     -0.221     -0.321    13.1631 0.0000e+00
     -0.211      0.103    10.0706     95.711     31.219  23.765305     2.7514      7.484   293.6357 2.0225e+02     3.5205     -0.202     -0.293    13.1180 0.0000e+00
     -0.199      0.074    10.0042     95.091     31.029  23.624165     2.7882      7.455   290.4991 2.0673e+02     3.5825     -0.198     -0.288    13.0835 0.0000e+00
     -0.187      0.052     9.8953     94.046     30.915  23.533884     2.7895      7.428   287.8288 1.8860e+02     3.5834     -0.184     -0.267    13.0551 0.0000e+00
     -0.174      0.037     9.7848     92.973     30.878  23.499046     2.8215      7.405   287.3331 1.7703e+02     3.5618     -0.166     -0.241    13.0456 0.0000e+00
     -0.168      0.028     9.6531     91.694     30.833  23.456875     2.8816      7.388   286.5697 1.7594e+02     3.5647     -0.163     -0.237    13.0594 0.0000e+00
     -0.165      0.022     9.4720     89.940     30.778  23.404896     2.9087      7.372   286.4285 1.7053e+02     3.5577     -0.163     -0.237    13.0703 0.0000e+00
     -0.160      0.014     9.2641     87.937     30.755  23.378461     2.9022      7.354   287.0889 1.6466e+02     3.5086     -0.157     -0.226    13.0606 0.0000e+00
     -0.155      0.008     9.0614     85.994     30.780  23.391176     2.9039      7.337   289.3061 1.5911e+02     3.4901     -0.150     -0.218    13.0486 0.0000e+00
     -0.153      0.005     8.8776     84.243     30.836  23.431649     2.9194      7.323   291.7276 1.5545e+02     3.5476     -0.149     -0.216    13.0364 0.0000e+00
     -0.155      0.003     8.7144     82.697     30.908  23.486900     2.9245      7.312   290.7266 1.5564e+02     3.5926     -0.151     -0.219    13.0182 0.0000e+00
     -0.157      0.002     8.5641     81.272     30.992  23.551328     2.9198      7.302   288.9044 1.5629e+02     3.6073     -0.154     -0.224    13.0019 0.0000e+00
     -0.157      0.002     8.4255     79.950     31.027  23.575788     2.8987      7.293   289.7424 1.5758e+02     3.6033     -0.155     -0.224    12.9914 0.0000e+00
     -0.156      0.003     8.3115     78.860     30.969  23.528692     2.8535      7.284   290.8783 1.6025e+02     3.5748     -0.153     -0.221    12.9894 0.0000e+00
     -0.154      0.005     8.2238     78.020     30.922  23.489782     2.8330      7.276   288.9585 1.5982e+02     3.5674     -0.150     -0.218    12.9929 0.0000e+00
     -0.152      0.006     8.1488     77.303     30.920  23.486244     2.8438      7.271   286.8345 1.5612e+02     3.5750     -0.148     -0.215    12.9936 0.0000e+00
     -0.150      0.006     8.0765     76.614     30.921  23.485924     2.8558      7.265   287.9988 1.5274e+02     3.5745     -0.147     -0.213    12.9901 0.0000e+00
     -0.148      0.006     8.0056     75.940     30.921  23.485905     2.9047      7.260   288.0649 1.5252e+02     3.5615     -0.145     -0.211    12.9838 0.0000e+00
     -0.148      0.007     7.9348     75.272     30.919  23.486007     2.9934      7.255   286.4295 1.5634e+02     3.5707     -0.145     -0.210    12.9789 0.0000e+00
     -0.147      0.008     7.8588     74.565     30.914  23.487162     3.0454      7.249   285.2601 1.5863e+02     3.5946     -0.145     -0.210    12.9759 0.0000e+00
     -0.146      0.012     7.7783     73.814     30.924  23.499869     3.0466      7.243   283.3908 1.5688e+02     3.5760     -0.143     -0.208    12.9744 0.0000e+00
     -0.142      0.017     7.7019     73.094     30.939  23.512679     3.0352      7.238   282.1539 1.5487e+02     3.5585     -0.140     -0.204    12.9730 0.0000e+00
     -0.137      0.023     7.6420     72.523     30.944  23.515082     3.0369      7.231   280.5438 1.5312e+02     3.5668     -0.135     -0.196    12.9732 0.0000e+00
     -0.131      0.030     7.6106     72.231     30.959  23.528925     3.0488      7.223   279.6678 1.5047e+02     3.5538     -0.129     -0.187    12.9839 0.0000e+00
     -0.124      0.035     7.6115     72.253     30.984  23.553078     3.0498      7.219   281.3718 1.4723e+02     3.5242     -0.123     -0.179    12.9956 0.0000e+00
     -0.113      0.040     7.6396     72.524     30.981  23.553173     3.0411      7.216   282.1308 1.4205e+02     3.5147     -0.112     -0.163    12.9973 0.0000e+00
     -0.098      0.043     7.6891     72.984     30.956  23.530078     3.0350      7.206   280.6719 1.3518e+02     3.5300     -0.096     -0.139    12.9909 0.0000e+00
     -0.086      0.042     7.7491     73.547     30.957  23.527779     3.0390      7.181   279.3053 1.2995e+02     3.5564     -0.084     -0.121    12.9926 0.0000e+00
     -0.076      0.037     7.8062     74.094     30.951  23.525374     3.0447      7.156   278.6848 1.2777e+02     3.5590     -0.076     -0.109    13.0094 0.0000e+00
     -0.065      0.027     7.8490     74.502     30.918  23.500999     3.0120      7.144   278.5045 1.2670e+02     3.5311     -0.065     -0.093    13.0139 0.0000e+00
     -0.054      0.012     7.8690     74.675     30.908  23.487015     2.9466      7.138   278.8464 1.2691e+02     3.5246     -0.051     -0.073    13.0019 0.0000e+00
     -0.050     -0.007     7.8619     74.584     30.914  23.483259     2.9161      7.135   279.6353 1.3162e+02     3.5721     -0.044     -0.064    12.9923 0.0000e+00
     -0.056     -0.026     7.8295     74.259     30.887  23.455569     2.9194      7.134   279.6106 1.3668e+02     3.6165     -0.054     -0.079    13.0016 0.0000e+00
     -0.067     -0.041     7.7807     73.781     30.829  23.406155     2.9311      7.134   278.2043 1.3884e+02     3.6035     -0.066     -0.096    13.0098 0.0000e+00
     -0.083     -0.047     7.7265     73.265     30.814  23.393676     2.9560      7.133   277.4300 1.4257e+02     3.5684     -0.077     -0.112    12.9925 0.0000e+00
     -0.105     -0.046     7.6773     72.815     30.855  23.431662     2.9719      7.133   279.7134 1.4998e+02     3.5577     -0.103     -0.150    12.9756 0.0000e+00
     -0.125     -0.037     7.6405     72.490     30.913  23.484529     2.9667      7.131   284.3034 1.5568e+02     3.5652     -0.128     -0.186    12.9680 0.0000e+00
     -0.133     -0.024     7.6207     72.317     30.959  23.525012     2.9577      7.126   286.9818 1.5507e+02     3.5367     -0.135     -0.195    12.9554 0.0000e+00
     -0.131     -0.012     7.6172     72.290     30.975  23.540235     2.9557      7.123   287.3177 1.5184e+02     3.4881     -0.128     -0.185    12.9502 0.0000e+00
     -0.126     -0.002     7.6239     72.357     30.975  23.541620     2.9609      7.124   287.2467 1.4750e+02     3.4965     -0.123     -0.178    12.9664 0.0000e+00
     -0.122      0.003     7.6378     72.491     30.975  23.541756     2.9650      7.129   287.0698 1.4279e+02     3.5464     -0.119     -0.173    12.9856 0.0000e+00
     -0.120      0.002     7.6573     72.680     30.973  23.541883     2.9593      7.131   287.0718 1.3970e+02     3.5731     -0.116     -0.168    12.9925 0.0000e+00
     -0.121     -0.001     7.6773     72.880     30.970  23.543154     2.9662      7.130   287.0125 1.4003e+02     3.5746     -0.117     -0.170    12.9951 0.0000e+00
     -0.124     -0.004     7.6915     73.028     30.981  23.557119     3.0023      7.130   286.6975 1.4403e+02     3.5651     -0.122     -0.178    12.9981 0.0000e+00
     -0.127     -0.004     7.6961     73.084     31.010  23.583772     3.0370      7.132   286.4470 1.4627e+02     3.5501     -0.125     -0.182    12.9986 0.0000e+00
     -0.129     -0.002     7.6876     73.012     31.043  23.611474     3.0544      7.136   286.3923 1.4657e+02     3.5458     -0.125     -0.182    12.9987 0.0000e+00
     -0.129      0.001     7.6651     72.807     31.073  23.638129     3.0847      7.140   286.3802 1.4733e+02     3.5434     -0.127     -0.184    13.0053 0.0000e+00
     -0.129      0.005     7.6331     72.511     31.087  23.652105     3.1281      7.142   286.3865 1.4699e+02     3.5513     -0.128     -0.186    13.0162 0.0000e+00
     -0.127      0.008     7.5954     72.160     31.086  23.653488     3.1564      7.141   286.4681 1.4731e+02     3.5807     -0.125     -0.181    13.0236 0.0000e+00
     -0.122      0.010     7.5551     71.780     31.086  23.654863     3.1693      7.138   286.5065 1.4700e+02     3.5931     -0.119     -0.173    13.0280 0.0000e+00
     -0.118      0.010     7.5159     71.410     31.102  23.668725     3.1544      7.137   286.4206 1.4515e+02     3.5796     -0.115     -0.167    13.0326 0.0000e+00
     -0.115      0.009     7.4817     71.086     31.135  23.694120     3.1152      7.137   286.3769 1.4422e+02     3.5700     -0.111     -0.163    13.0387 0.0000e+00
     -0.113      0.007     7.4568     70.851     31.153  23.707972     3.0988      7.137   286.4082 1.4344e+02     3.5681     -0.109     -0.158    13.0431 0.0000e+00
     -0.113      0.005     7.4418     70.713     31.152  23.709232     3.1120      7.139   286.2827 1.4309e+02     3.5572     -0.110     -0.160    13.0442 0.0000e+00
     -0.113      0.005     7.4323     70.629     31.150  23.709357     3.1195      7.141   285.9769 1.4176e+02     3.5600     -0.112     -0.163    13.0464 0.0000e+00
     -0.112      0.006     7.4228     70.541     31.149  23.709484     3.1161      7.143   285.8085 1.3978e+02     3.5720     -0.110     -0.159    13.0470 0.0000e+00
     -0.111      0.007     7.4069     70.391     31.149  23.710760     3.1077      7.144   285.8816 1.3818e+02     3.5500     -0.108     -0.157    13.0464 0.0000e+00
     -0.109      0.009     7.3877     70.214     31.165  23.724789     3.0998      7.143   286.0863 1.3614e+02     3.5373     -0.108     -0.156    13.0503 0.0000e+00
     -0.106      0.010     7.3685     70.041     31.196  23.752134     3.0949      7.141   286.3043 1.3429e+02     3.5401     -0.104     -0.151    13.0552 0.0000e+00
     -0.102      0.010     7.3385     69.767     31.236  23.787451     3.0576      7.138   286.2812 1.3199e+02     3.5234     -0.100     -0.145    13.0561 0.0000e+00
     -0.099      0.009     7.2925     69.348     31.288  23.834367     2.9985      7.136   286.0646 1.2939e+02     3.5193     -0.096     -0.140    13.0560 0.0000e+00
     -0.097      0.008     7.2388     68.861     31.329  23.874995     2.9767      7.135   285.9227 1.2732e+02     3.5201     -0.094     -0.137    13.0591 0.0000e+00
     -0.095      0.005     7.1823     68.350     31.345  23.897776     2.9779      7.135   285.7699 1.2605e+02     3.5335     -0.093     -0.135    13.0647 0.0000e+00
     -0.094      0.003     7.1228     67.805     31.361  23.919356     2.9583      7.136   285.4214 1.2657e+02     3.5597     -0.092     -0.134    13.0720 0.0000e+00
     -0.094      0.002     7.0609     67.234     31.386  23.945467     2.9234      7.138   285.1511 1.2879e+02     3.5308     -0.092     -0.134    13.0832 0.0000e+00
     -0.094      0.002     6.9998     66.667     31.396  23.959549     2.9051      7.138   285.2550 1.2963e+02     3.4891     -0.092     -0.134    13.0999 0.0000e+00
     -0.094      0.001     6.9427     66.136     31.393  23.962645     2.9118      7.137   284.5275 1.2936e+02     3.5138     -0.092     -0.133    13.1181 0.0000e+00
     -0.093     -0.002     6.8906     65.647     31.415  23.982907     2.9489      7.133   282.2053 1.3029e+02     3.5547     -0.092     -0.133    13.1333 0.0000e+00
     -0.092     -0.008     6.8409     65.181     31.451  24.014084     3.0044      7.128   280.2353 1.3143e+02     3.5563     -0.091     -0.132    13.1444 0.0000e+00
     -0.092     -0.019     6.7885     64.728     31.436  24.022162     3.0314      7.122   279.4658 1.3103e+02     3.5332     -0.090     -0.130    13.1548 0.0000e+00
     -0.093     -0.036     6.7327     64.318     31.358  24.017107     3.0376      7.112   280.1279 1.3188e+02     3.5195     -0.090     -0.130    13.1624 0.0000e+00
     -0.102     -0.056     6.6776     63.969     31.256  24.016524     3.0056      7.102   282.3897 1.4391e+02     3.5425     -0.095     -0.139    13.1710 0.0000e+00
     -0.119     -0.075     6.6305     63.683     31.160  24.015208     2.9378      7.096   283.8405 1.6761e+02     3.5676     -0.114     -0.165    13.1657 0.0000e+00
     -0.144     -0.086     6.6018     63.512     31.082  24.001274     2.9068      7.091   282.7847 1.9834e+02     3.5793     -0.138     -0.200    13.1797 0.0000e+00
     -0.177     -0.086     6.5962     63.488     31.030  23.975078     2.9064      7.086   280.2933 2.2902e+02     3.5922     -0.173     -0.250    13.2762 0.0000e+00
     -0.212     -0.075     6.6143     63.639     31.015  23.952434     2.8780      7.080   278.6686 2.4576e+02     3.5702     -0.213     -0.310    13.4193 0.0000e+00
     -0.236     -0.053     6.6588     64.011     31.002  23.917942     2.8210      7.077   278.3694 2.5001e+02     3.5273     -0.238     -0.345    13.5503 0.0000e+00
     -0.245     -0.023     6.7281     64.597     30.992  23.875448     2.7870      7.079   278.4828 2.4932e+02     3.5008     -0.244     -0.353    13.6267 0.0000e+00
     -0.241      0.010     6.8145     65.336     31.052  23.883008     2.7793      7.080   278.5773 2.5017e+02     3.4945     -0.238     -0.345    13.6423 0.0000e+00
     -0.231      0.035     6.9042     66.126     31.172  23.945820     2.7828      7.079   278.4792 2.3494e+02     3.5119     -0.228     -0.330    13.6174 0.0000e+00
     -0.215      0.047     6.9881     66.880     31.270  23.999992     2.8297      7.077   278.3284 2.1223e+02     3.5284     -0.215     -0.311    13.5789 0.0000e+00
     -0.192      0.047     7.0621     67.540     31.336  24.030076     2.9055      7.077   278.0451 2.1706e+02     3.5410     -0.188     -0.273    13.5219 0.0000e+00
     -0.172      0.037     7.1159     68.044     31.375  24.055596     2.9453      7.078   277.8068 2.1765e+02     3.5426     -0.164     -0.239    13.4456 0.0000e+00
     -0.161      0.022     7.1427     68.365     31.338  24.054594     2.9529      7.081   277.8563 2.0500e+02     3.5175     -0.154     -0.225    13.3979 0.0000e+00
     -0.161      0.006     7.1479     68.496     31.247  24.017988     2.9144      7.084   277.9550 2.0109e+02     3.5125     -0.155     -0.225    13.3782 0.0000e+00
     -0.169     -0.007     7.1414     68.466     31.199  23.993968     2.8204      7.087   278.0537 1.9859e+02     3.5420     -0.165     -0.239    13.3336 0.0000e+00
     -0.180     -0.013     7.1291     68.346     31.232  24.018124     2.7626      7.089   278.1900 2.0844e+02     3.5697     -0.177     -0.257    13.3052 0.0000e+00
     -0.189     -0.013     7.1113     68.181     31.278  24.056112     2.7666      7.091   278.1410 2.2551e+02     3.5727     -0.187     -0.271    13.3725 0.0000e+00
     -0.191     -0.009     7.0888     67.987     31.287  24.072357     2.7951      7.090   277.9763 2.2214e+02     3.5472     -0.190     -0.276    13.4489 0.0000e+00
