Data/DataNotYetUploadedToEDI/Raw_CTD/2018_RawDownloads/110218_bvr50.cnv
* Sea-Bird SBE19plus  Data File:
* FileName = C:\DATA\110218_bvr_50_0001.hex
* Software version 2.6.3.104 SB_Terminal.dll
* Temperature SN = 7809
* Conductivity SN = 7809
* System UpLoad Time = Nov 02 2018 17:54:23
* <ApplicationData>
* <Seaterm232>
# nquan = 15
# nvalues = 883                         
# units = specified
# name 0 = depFM: Depth [fresh water, m]
# name 1 = dz/dtM: Descent Rate [m/s]
# name 2 = sbeox0Mg/L: Oxygen, SBE 43 [mg/l]
# name 3 = sbeox0PS: Oxygen, SBE 43 [% saturation]
# name 4 = specc: Specific Conductance [uS/cm]
# name 5 = c0uS/cm: Conductivity [uS/cm]
# name 6 = flECO-AFL: Fluorescence, WET Labs ECO-AFL/FL [mg/m^3]
# name 7 = ph: pH
# name 8 = orp: Oxidation Reduction Potential [mV]
# name 9 = par/sat/log: PAR/Logarithmic, Satlantic
# name 10 = turbWETntu0: Turbidity, WET Labs ECO [NTU]
# name 11 = prdM: Pressure, Strain Gauge [db]
# name 12 = prdE: Pressure, Strain Gauge [psi]
# name 13 = tv290C: Temperature [ITS-90, deg C]
# name 14 = flag:  0.000e+00
# span 0 =     -0.590,     10.386       
# span 1 =     -0.086,      0.201       
# span 2 =    -0.2449,    10.0800       
# span 3 =     -2.189,     95.787       
# span 4 =     30.177,    238.175       
# span 5 =  22.311214, 161.476952       
# span 6 =     0.7243,     5.9217       
# span 7 =      6.214,      7.665       
# span 8 =   139.9108,   311.6050       
# span 9 = 1.2558e-01, 4.9215e+02       
# span 10 =     3.4740,    17.2971      
# span 11 =     -0.589,     10.186      
# span 12 =     -0.854,     14.773      
# span 13 =     8.7708,    13.9864      
# span 14 = 0.0000e+00, 0.0000e+00      
# interval = seconds: 0.25
# start_time = Nov 02 2018 17:29:23 [Instrument's time stamp, header]
# bad_flag = -9.990e-29
*END*
[from data line 675]
      7.425      0.095     5.5360     50.308     31.616  22.819159     1.9263      6.571   310.8579 1.2570e-01     5.6539      7.283     10.563    11.0992 0.0000e+00
      7.450      0.086     5.5460     50.401     31.661  22.852210     1.9231      6.573   310.8811 1.2570e-01     5.6949      7.308     10.600    11.0915 0.0000e+00
      7.468      0.077     5.5504     50.441     31.727  22.900214     1.9233      6.575   310.9029 1.2565e-01     5.6829      7.326     10.626    11.0875 0.0000e+00
      7.482      0.069     5.5512     50.447     31.715  22.891702     1.9278      6.575   310.8631 1.2567e-01     5.6611      7.337     10.642    11.0854 0.0000e+00
      7.496      0.064     5.5480     50.417     31.694  22.876262     1.9320      6.574   310.8306 1.2572e-01     5.6449      7.350     10.660    11.0857 0.0000e+00
      7.511      0.064     5.5426     50.368     31.732  22.903980     1.9460      6.573   310.8538 1.2576e-01     5.6097      7.365     10.682    11.0871 0.0000e+00
      7.528      0.068     5.5370     50.317     31.740  22.909416     1.9783      6.572   310.7997 1.2579e-01     5.6005      7.381     10.706    11.0875 0.0000e+00
      7.546      0.073     5.5329     50.279     31.698  22.878500     2.0010      6.572   310.6917 1.2580e-01     5.6561      7.401     10.734    11.0869 0.0000e+00
      7.564      0.078     5.5318     50.268     31.656  22.847604     2.0000      6.571   310.6675 1.2578e-01     5.7023      7.418     10.758    11.0862 0.0000e+00
      7.585      0.079     5.5333     50.280     31.664  22.853270     1.9930      6.571   310.6791 1.2576e-01     5.7318      7.437     10.786    11.0863 0.0000e+00
      7.608      0.076     5.5354     50.299     31.707  22.883522     1.9905      6.572   310.6599 1.2576e-01     5.7987      7.462     10.822    11.0867 0.0000e+00
      7.631      0.069     5.5377     50.319     31.725  22.895958     1.9970      6.572   310.6067 1.2578e-01     5.8710      7.485     10.857    11.0858 0.0000e+00
      7.651      0.058     5.5409     50.348     31.698  22.876653     2.0066      6.572   310.6382 1.2583e-01     5.9040      7.505     10.885    11.0846 0.0000e+00
      7.666      0.043     5.5410     50.349     31.648  22.840568     2.0341      6.572   310.7833 1.2583e-01     5.8320      7.520     10.907    11.0836 0.0000e+00
      7.675      0.032     5.5366     50.310     31.647  22.840564     2.0810      6.572   310.8978 1.2576e-01     5.7019      7.530     10.921    11.0831 0.0000e+00
      7.677      0.028     5.5333     50.280     31.697  22.876611     2.1052      6.570   310.9909 1.2569e-01     5.6730      7.530     10.922    11.0825 0.0000e+00
      7.674      0.030     5.5337     50.284     31.724  22.895498     2.1157      6.567   311.0481 1.2562e-01     5.6962      7.524     10.912    11.0825 0.0000e+00
      7.674      0.037     5.5361     50.304     31.701  22.878468     2.1332      6.564   310.9879 1.2561e-01     5.6779      7.520     10.907    11.0828 0.0000e+00
      7.686      0.046     5.5386     50.326     31.678  22.861154     2.1706      6.561   310.9506 1.2565e-01     5.6963      7.532     10.925    11.0836 0.0000e+00
      7.709      0.056     5.5403     50.341     31.699  22.876610     2.2282      6.561   311.0272 1.2566e-01     5.7964      7.560     10.965    11.0842 0.0000e+00
      7.732      0.065     5.5423     50.358     31.698  22.874895     2.2592      6.562   311.0540 1.2569e-01     5.8819      7.585     11.002    11.0833 0.0000e+00
      7.747      0.071     5.5452     50.384     31.651  22.840419     2.2605      6.563   311.0167 1.2570e-01     5.8747      7.597     11.019    11.0819 0.0000e+00
      7.760      0.071     5.5481     50.410     31.651  22.840664     2.2435      6.563   311.0058 1.2567e-01     5.7700      7.608     11.034    11.0809 0.0000e+00
      7.778      0.068     5.5475     50.405     31.702  22.877855     2.2104      6.562   310.9224 1.2568e-01     5.6533      7.627     11.062    11.0805 0.0000e+00
      7.798      0.064     5.5429     50.363     31.746  22.909190     2.2006      6.563   310.7828 1.2571e-01     5.6230      7.648     11.091    11.0804 0.0000e+00
      7.817      0.062     5.5366     50.306     31.736  22.902106     2.2078      6.563   310.6940 1.2571e-01     5.6480      7.666     11.120    11.0801 0.0000e+00
      7.834      0.059     5.5310     50.254     31.672  22.855687     2.1967      6.564   310.6235 1.2567e-01     5.6807      7.684     11.144    11.0797 0.0000e+00
      7.846      0.055     5.5288     50.234     31.673  22.855817     2.1854      6.566   310.6190 1.2562e-01     5.6829      7.694     11.159    11.0794 0.0000e+00
      7.856      0.054     5.5282     50.228     31.739  22.903677     2.1903      6.568   310.6395 1.2564e-01     5.6754      7.703     11.174    11.0793 0.0000e+00
      7.867      0.055     5.5261     50.208     31.771  22.926477     2.2004      6.568   310.6135 1.2571e-01     5.6812      7.714     11.189    11.0794 0.0000e+00
      7.881      0.057     5.5255     50.202     31.792  22.941037     2.1885      6.568   310.5617 1.2580e-01     5.6625      7.727     11.207    11.0792 0.0000e+00
      7.897      0.058     5.5267     50.211     31.809  22.952759     2.1472      6.567   310.5303 1.2582e-01     5.6316      7.744     11.231    11.0787 0.0000e+00
      7.915      0.057     5.5256     50.200     31.794  22.941233     2.1145      6.567   310.5777 1.2572e-01     5.6132      7.762     11.257    11.0783 0.0000e+00
      7.933      0.055     5.5226     50.171     31.778  22.928653     2.1151      6.568   310.5330 1.2563e-01     5.6223      7.781     11.285    11.0777 0.0000e+00
      7.948      0.051     5.5200     50.146     31.778  22.927614     2.1266      6.568   310.4205 1.2562e-01     5.6818      7.796     11.307    11.0771 0.0000e+00
      7.958      0.046     5.5185     50.131     31.780  22.928674     2.1261      6.568   310.4220 1.2564e-01     5.7828      7.805     11.320    11.0761 0.0000e+00
      7.967      0.041     5.5165     50.112     31.799  22.941466     2.1270      6.569   310.4649 1.2564e-01     5.8666      7.812     11.330    11.0746 0.0000e+00
      7.975      0.036     5.5120     50.071     31.818  22.955306     2.1282      6.569   310.4225 1.2566e-01     5.9023      7.821     11.343    11.0730 0.0000e+00
      7.985      0.035     5.5065     50.022     31.837  22.969043     2.1123      6.569   310.3390 1.2567e-01     5.8786      7.831     11.358    11.0717 0.0000e+00
      7.994      0.038     5.5020     49.981     31.853  22.980597     2.0456      6.570   310.4876 1.2567e-01     5.7936      7.840     11.371    11.0710 0.0000e+00
      8.001      0.044     5.4952     49.918     31.836  22.968034     1.9371      6.569   310.7571 1.2569e-01     5.6978      7.846     11.380    11.0697 0.0000e+00
      8.009      0.050     5.4899     49.867     31.804  22.944109     1.8758      6.565   310.8445 1.2570e-01     5.6368      7.853     11.390    11.0694 0.0000e+00
      8.022      0.055     5.4931     49.892     31.809  22.945264     1.8653      6.561   310.8558 1.2569e-01     5.6353      7.865     11.407    11.0703 0.0000e+00
      8.042      0.057     5.4943     49.900     31.863  22.981991     1.8752      6.557   310.8933 1.2573e-01     5.6487      7.884     11.435    11.0706 0.0000e+00
      8.064      0.057     5.4918     49.875     31.900  23.007271     1.9120      6.556   310.9540 1.2574e-01     5.6457      7.910     11.473    11.0704 0.0000e+00
      8.081      0.056     5.4948     49.901     31.886  22.996978     1.9332      6.556   311.0745 1.2568e-01     5.6608      7.929     11.500    11.0685 0.0000e+00
      8.091      0.056     5.4987     49.936     31.870  22.984511     1.9299      6.554   311.2313 1.2568e-01     5.6782      7.936     11.510    11.0644 0.0000e+00
      8.099      0.055     5.4982     49.929     31.870  22.983491     1.9179      6.552   311.3009 1.2574e-01     5.7340      7.941     11.517    11.0611 0.0000e+00
      8.109      0.054     5.4944     49.893     31.873  22.984647     1.8891      6.551   311.3138 1.2577e-01     5.8165      7.949     11.529    11.0591 0.0000e+00
      8.126      0.054     5.4871     49.824     31.893  22.998489     1.8666      6.551   311.3017 1.2575e-01     5.8521      7.967     11.555    11.0578 0.0000e+00
      8.146      0.055     5.4777     49.738     31.929  23.023881     1.8656      6.551   311.2402 1.2575e-01     5.8901      7.991     11.589    11.0575 0.0000e+00
      8.162      0.058     5.4697     49.666     31.949  23.037723     1.8868      6.550   311.2581 1.2576e-01     5.9707      8.007     11.613    11.0564 0.0000e+00
      8.173      0.061     5.4624     49.599     31.950  23.038877     1.9115      6.549   311.3457 1.2573e-01     6.0640      8.015     11.624    11.0542 0.0000e+00
      8.183      0.062     5.4547     49.527     31.950  23.037837     1.9165      6.547   311.3541 1.2568e-01     6.1017      8.024     11.637    11.0521 0.0000e+00
      8.198      0.061     5.4493     49.476     31.934  23.025151     1.9194      6.545   311.2734 1.2570e-01     6.0914      8.038     11.658    11.0513 0.0000e+00
      8.219      0.058     5.4463     49.449     31.917  23.012466     1.9459      6.545   311.2296 1.2579e-01     6.0922      8.059     11.689    11.0520 0.0000e+00
      8.241      0.053     5.4430     49.419     31.916  23.011426     1.9807      6.545   311.2549 1.2583e-01     6.0808      8.084     11.725    11.0519 0.0000e+00
      8.257      0.048     5.4368     49.363     31.917  23.012581     1.9997      6.546   311.4069 1.2578e-01     6.0762      8.102     11.751    11.0498 0.0000e+00
      8.265      0.044     5.4268     49.272     31.936  23.026423     2.0102      6.544   311.6050 1.2572e-01     6.0975      8.107     11.759    11.0481 0.0000e+00
      8.268      0.043     5.4181     49.193     31.971  23.051826     2.0167      6.540   311.5850 1.2565e-01     6.0945      8.107     11.760    11.0474 0.0000e+00
      8.271      0.047     5.4122     49.140     31.991  23.065782     2.0320      6.535   311.4233 1.2565e-01     6.0705      8.109     11.761    11.0474 0.0000e+00
      8.282      0.055     5.4060     49.082     31.996  23.068196     2.0574      6.531   311.2848 1.2576e-01     6.0510      8.117     11.772    11.0483 0.0000e+00
      8.302      0.066     5.4019     49.042     32.016  23.081008     2.0753      6.528   311.2006 1.2580e-01     6.0728      8.141     11.806    11.0490 0.0000e+00
      8.326      0.076     5.4024     49.042     32.037  23.093717     2.0828      6.528   311.0937 1.2572e-01     6.1200      8.166     11.844    11.0491 0.0000e+00
      8.348      0.081     5.4037     49.049     32.042  23.094883     2.1114      6.529   310.9388 1.2565e-01     6.0718      8.186     11.873    11.0481 0.0000e+00
      8.371      0.081     5.4030     49.039     32.045  23.095113     2.1729      6.529   310.7912 1.2562e-01     5.9485      8.209     11.907    11.0463 0.0000e+00
      8.393      0.077     5.4012     49.021     32.049  23.096496     2.2106      6.530   310.5994 1.2566e-01     5.8796      8.231     11.939    11.0441 0.0000e+00
      8.411      0.073     5.3960     48.972     32.071  23.111600     2.2091      6.531   310.4262 1.2570e-01     5.8792      8.248     11.962    11.0402 0.0000e+00
      8.428      0.072     5.3860     48.881     32.126  23.150750     2.2190      6.531   310.3324 1.2570e-01     5.8830      8.264     11.988    11.0355 0.0000e+00
      8.444      0.073     5.3735     48.766     32.180  23.188945     2.2469      6.530   310.3250 1.2565e-01     5.8654      8.282     12.011    11.0326 0.0000e+00
      8.459      0.076     5.3604     48.645     32.186  23.192505     2.2622      6.528   310.3377 1.2565e-01     5.8794      8.294     12.029    11.0311 0.0000e+00
      8.478      0.080     5.3466     48.519     32.189  23.193798     2.2664      6.526   310.3139 1.2569e-01     5.9314      8.312     12.055    11.0302 0.0000e+00
      8.503      0.082     5.3331     48.394     32.205  23.204578     2.2972      6.526   310.2945 1.2569e-01     6.0053      8.337     12.092    11.0293 0.0000e+00
      8.528      0.083     5.3211     48.283     32.195  23.195870     2.3585      6.527   310.1900 1.2566e-01     6.0707      8.364     12.130    11.0281 0.0000e+00
      8.550      0.083     5.3117     48.196     32.224  23.215472     2.3923      6.527   309.9960 1.2570e-01     6.0811      8.387     12.164    11.0267 0.0000e+00
      8.570      0.083     5.3038     48.121     32.365  23.314622     2.3938      6.525   309.8427 1.2570e-01     6.1001      8.405     12.190    11.0251 0.0000e+00
      8.587      0.083     5.2946     48.031     32.546  23.442393     2.3950      6.522   309.7125 1.2566e-01     6.1176      8.421     12.213    11.0231 0.0000e+00
      8.606      0.084     5.2841     47.928     32.796  23.617588     2.3980      6.521   309.6265 1.2568e-01     6.0801      8.439     12.239    11.0212 0.0000e+00
      8.628      0.087     5.2726     47.818     33.206  23.909204     2.4013      6.518   309.6632 1.2565e-01     6.0427      8.461     12.272    11.0197 0.0000e+00
      8.653      0.089     5.2602     47.699     33.581  24.174854     2.4079      6.516   309.7257 1.2558e-01     6.0619      8.486     12.308    11.0178 0.0000e+00
      8.678      0.090     5.2460     47.562     33.748  24.290023     2.4134      6.515   309.6937 1.2559e-01     6.0989      8.510     12.343    11.0123 0.0000e+00
      8.703      0.088     5.2279     47.388     33.750  24.285876     2.4213      6.513   309.5344 1.2563e-01     6.1239      8.535     12.379    11.0039 0.0000e+00
      8.726      0.083     5.2041     47.163     33.710  24.251690     2.4394      6.511   309.2619 1.2565e-01     6.1811      8.558     12.412    10.9992 0.0000e+00
      8.747      0.078     5.1725     46.869     33.725  24.257610     2.4487      6.509   308.9808 1.2570e-01     6.2403      8.578     12.442    10.9940 0.0000e+00
      8.766      0.075     5.1330     46.506     33.780  24.293952     2.4510      6.508   308.8033 1.2574e-01     6.2603      8.597     12.469    10.9845 0.0000e+00
      8.782      0.074     5.0855     46.071     33.895  24.373655     2.4854      6.505   308.7499 1.2574e-01     6.3614      8.614     12.494    10.9757 0.0000e+00
      8.796      0.075     5.0308     45.571     34.018  24.459410     2.5439      6.501   308.7649 1.2570e-01     6.5782      8.625     12.510    10.9675 0.0000e+00
      8.813      0.076     4.9752     45.061     34.088  24.505446     2.5790      6.497   308.6415 1.2569e-01     6.7152      8.639     12.531    10.9599 0.0000e+00
      8.836      0.076     4.9221     44.572     34.155  24.549334     2.5965      6.495   308.2900 1.2572e-01     6.7356      8.665     12.568    10.9558 0.0000e+00
      8.861      0.076     4.8723     44.117     34.244  24.609118     2.6181      6.494   307.6981 1.2577e-01     6.8861      8.692     12.606    10.9532 0.0000e+00
      8.883      0.074     4.8298     43.729     34.314  24.656873     2.6379      6.493   306.5616 1.2579e-01     7.1923      8.712     12.636    10.9492 0.0000e+00
      8.901      0.071     4.7968     43.426     34.352  24.682310     2.6438      6.492   304.0986 1.2577e-01     7.3553      8.730     12.662    10.9421 0.0000e+00
      8.916      0.067     4.7720     43.200     34.415  24.726196     2.6429      6.489   300.4606 1.2576e-01     7.3616      8.744     12.682    10.9337 0.0000e+00
      8.930      0.067     4.7516     43.014     34.528  24.806552     2.6361      6.486   297.3341 1.2579e-01     7.2987      8.757     12.702    10.9294 0.0000e+00
      8.945      0.070     4.7306     42.821     34.651  24.892001     2.6074      6.482   295.3786 1.2576e-01     7.1747      8.771     12.721    10.9259 0.0000e+00
      8.961      0.075     4.7108     42.637     34.714  24.933968     2.5804      6.478   293.9377 1.2565e-01     7.1135      8.785     12.742    10.9222 0.0000e+00
