Data/DataNotYetUploadedToEDI/Raw_CTD/2018_RawDownloads/110218_bvr50.cnv
* Sea-Bird SBE19plus  Data File:
* FileName = C:\DATA\110218_bvr_50_0001.hex
* Software version 2.6.3.104 SB_Terminal.dll
* Temperature SN = 7809
* Conductivity SN = 7809
* System UpLoad Time = Nov 02 2018 17:54:23
* <ApplicationData>
* <Seaterm232>
# nquan = 15
# nvalues = 883                         
# units = specified
# name 0 = depFM: Depth [fresh water, m]
# name 1 = dz/dtM: Descent Rate [m/s]
# name 2 = sbeox0Mg/L: Oxygen, SBE 43 [mg/l]
# name 3 = sbeox0PS: Oxygen, SBE 43 [% saturation]
# name 4 = specc: Specific Conductance [uS/cm]
# name 5 = c0uS/cm: Conductivity [uS/cm]
# name 6 = flECO-AFL: Fluorescence, WET Labs ECO-AFL/FL [mg/m^3]
# name 7 = ph: pH
# name 8 = orp: Oxidation Reduction Potential [mV]
# name 9 = par/sat/log: PAR/Logarithmic, Satlantic
# name 10 = turbWETntu0: Turbidity, WET Labs ECO [NTU]
# name 11 = prdM: Pressure, Strain Gauge [db]
# name 12 = prdE: Pressure, Strain Gauge [psi]
# name 13 = tv290C: Temperature [ITS-90, deg C]
# name 14 = flag:  0.000e+00
# span 0 =     -0.590,     10.386       
# span 1 =     -0.086,      0.201       
# span 2 =    -0.2449,    10.0800       
# span 3 =     -2.189,     95.787       
# span 4 =     30.177,    238.175       
# span 5 =  22.311214, 161.476952       
# span 6 =     0.7243,     5.9217       
# span 7 =      6.214,      7.665       
# span 8 =   139.9108,   311.6050       
# span 9 = 1.2558e-01, 4.9215e+02       
# span 10 =     3.4740,    17.2971      
# span 11 =     -0.589,     10.186      
# span 12 =     -0.854,     14.773      
# span 13 =     8.7708,    13.9864      
# span 14 = 0.0000e+00, 0.0000e+00      
# interval = seconds: 0.25
# start_time = Nov 02 2018 17:29:23 [Instrument's time stamp, header]
# bad_flag = -9.990e-29
*END*
[from data line 386]
      2.372      0.085     7.5597     70.182     30.553  22.622054     2.8737      6.877   295.5192 9.6990e+00     3.9153      2.325      3.372    12.0593 0.0000e+00
      2.388      0.084     7.5434     69.999     30.567  22.620214     2.9040      6.879   295.5250 9.5077e+00     3.9962      2.338      3.390    12.0515 0.0000e+00
      2.413      0.084     7.5265     69.812     30.583  22.619949     2.8937      6.880   295.6556 9.2464e+00     3.9922      2.366      3.432    12.0474 0.0000e+00
      2.440      0.086     7.5127     69.659     30.594  22.618832     2.8787      6.880   295.7224 9.0183e+00     3.9901      2.396      3.475    12.0368 0.0000e+00
      2.463      0.089     7.5054     69.567     30.590  22.606697     2.8319      6.878   295.6439 8.8439e+00     4.0001      2.416      3.504    12.0197 0.0000e+00
      2.483      0.090     7.5005     69.492     30.597  22.600183     2.7514      6.876   295.7397 8.6727e+00     3.9610      2.434      3.530    11.9981 0.0000e+00
      2.505      0.092     7.4959     69.417     30.619  22.603541     2.7139      6.873   296.1060 8.4553e+00     3.9447      2.455      3.560    11.9770 0.0000e+00
      2.528      0.097     7.4912     69.337     30.610  22.583806     2.7090      6.870   296.5455 8.2382e+00     3.9860      2.480      3.596    11.9640 0.0000e+00
      2.549      0.104     7.4852     69.242     30.588  22.552006     2.7012      6.866   296.7518 8.0570e+00     4.0021      2.500      3.626    11.9510 0.0000e+00
      2.574      0.109     7.4772     69.126     30.589  22.536443     2.7023      6.862   296.7067 7.8352e+00     3.9869      2.521      3.657    11.9304 0.0000e+00
      2.607      0.111     7.4648     68.976     30.589  22.522585     2.7042      6.861   296.6885 7.5669e+00     3.9544      2.556      3.707    11.9087 0.0000e+00
      2.644      0.112     7.4481     68.794     30.589  22.511392     2.7066      6.861   296.8760 7.3232e+00     3.9454      2.596      3.763    11.8880 0.0000e+00
      2.676      0.112     7.4323     68.626     30.623  22.528065     2.6661      6.858   297.1669 7.1465e+00     4.0005      2.628      3.811    11.8616 0.0000e+00
      2.700      0.112     7.4198     68.488     30.642  22.533721     2.5831      6.855   297.3664 7.0193e+00     4.0410      2.648      3.842    11.8334 0.0000e+00
      2.720      0.110     7.4083     68.357     30.632  22.516284     2.5384      6.852   297.3954 6.8512e+00     4.0073      2.664      3.863    11.8095 0.0000e+00
      2.747      0.106     7.3963     68.225     30.632  22.507681     2.5212      6.850   297.3457 6.6236e+00     3.9592      2.692      3.904    11.7925 0.0000e+00
      2.779      0.101     7.3824     68.083     30.619  22.493172     2.4582      6.851   297.2817 6.4036e+00     3.9484      2.726      3.953    11.7810 0.0000e+00
      2.812      0.098     7.3666     67.929     30.589  22.467823     2.3460      6.852   297.2238 6.2081e+00     3.9679      2.759      4.001    11.7670 0.0000e+00
      2.838      0.097     7.3506     67.772     30.577  22.455112     2.2679      6.852   297.3335 6.0661e+00     3.9817      2.789      4.044    11.7486 0.0000e+00
      2.856      0.095     7.3341     67.608     30.599  22.466444     2.2574      6.850   297.5765 5.9680e+00     3.9922      2.802      4.064    11.7341 0.0000e+00
      2.871      0.092     7.3171     67.440     30.620  22.477873     2.3110      6.848   297.6658 5.8326e+00     4.0040      2.812      4.078    11.7263 0.0000e+00
      2.894      0.089     7.3013     67.287     30.609  22.466321     2.4011      6.848   297.5526 5.6577e+00     4.0023      2.836      4.113    11.7223 0.0000e+00
      2.923      0.087     7.2876     67.155     30.595  22.453739     2.4379      6.849   297.4982 5.4971e+00     4.0020      2.868      4.160    11.7170 0.0000e+00
      2.952      0.087     7.2759     67.040     30.598  22.452700     2.4342      6.850   297.5251 5.3636e+00     4.0002      2.898      4.204    11.7082 0.0000e+00
      2.975      0.087     7.2687     66.964     30.604  22.453755     2.4482      6.850   297.6197 5.2680e+00     4.0120      2.921      4.236    11.7010 0.0000e+00
      2.991      0.087     7.2650     66.917     30.628  22.466494     2.4779      6.846   297.7812 5.2016e+00     4.0219      2.933      4.254    11.6959 0.0000e+00
      3.006      0.086     7.2630     66.889     30.651  22.479753     2.5080      6.842   297.8431 5.1145e+00     3.9980      2.945      4.273    11.6921 0.0000e+00
      3.027      0.084     7.2633     66.886     30.665  22.487099     2.5189      6.840   297.8517 4.9948e+00     3.9672      2.965      4.301    11.6894 0.0000e+00
      3.054      0.081     7.2658     66.905     30.673  22.491821     2.5180      6.839   297.8001 4.8490e+00     3.9550      2.993      4.342    11.6820 0.0000e+00
      3.084      0.079     7.2686     66.930     30.649  22.473364     2.4777      6.840   297.7356 4.7201e+00     3.9727      3.028      4.391    11.6721 0.0000e+00
      3.107      0.077     7.2678     66.920     30.625  22.454393     2.3905      6.840   297.8461 4.6559e+00     3.9980      3.053      4.427    11.6662 0.0000e+00
      3.118      0.077     7.2631     66.872     30.625  22.452886     2.3373      6.837   298.1034 4.6195e+00     3.9863      3.059      4.437    11.6627 0.0000e+00
      3.127      0.077     7.2564     66.806     30.630  22.455136     2.3307      6.833   298.2654 4.5663e+00     3.9528      3.062      4.441    11.6607 0.0000e+00
      3.143      0.076     7.2474     66.723     30.666  22.481597     2.3383      6.830   298.1698 4.4729e+00     3.9588      3.078      4.464    11.6605 0.0000e+00
      3.169      0.075     7.2360     66.618     30.717  22.518895     2.3550      6.830   298.0658 4.3333e+00     3.9980      3.106      4.505    11.6591 0.0000e+00
      3.199      0.074     7.2216     66.486     30.726  22.525200     2.3679      6.831   298.0403 4.2037e+00     3.9998      3.140      4.554    11.6547 0.0000e+00
      3.224      0.073     7.2066     66.350     30.683  22.494350     2.3744      6.831   298.0340 4.1254e+00     3.9496      3.167      4.593    11.6521 0.0000e+00
      3.237      0.072     7.1959     66.252     30.640  22.463310     2.3781      6.829   298.2470 4.0844e+00     3.9096      3.176      4.606    11.6531 0.0000e+00
      3.244      0.073     7.1915     66.207     30.648  22.467309     2.3860      6.826   298.5511 4.0559e+00     3.9126      3.180      4.612    11.6522 0.0000e+00
      3.254      0.077     7.1923     66.206     30.669  22.479215     2.3955      6.823   298.6133 3.9915e+00     3.9251      3.187      4.623    11.6511 0.0000e+00
      3.276      0.082     7.1961     66.233     30.674  22.480297     2.3923      6.822   298.4833 3.8628e+00     3.9394      3.208      4.652    11.6539 0.0000e+00
      3.307      0.086     7.2028     66.291     30.677  22.480396     2.3846      6.820   298.3562 3.7088e+00     3.9633      3.243      4.703    11.6559 0.0000e+00
      3.339      0.086     7.2115     66.368     30.678  22.480405     2.3935      6.820   298.3663 3.5918e+00     4.0002      3.277      4.752    11.6521 0.0000e+00
      3.364      0.084     7.2197     66.441     30.679  22.480407     2.4260      6.821   298.4341 3.5365e+00     4.0496      3.303      4.791    11.6455 0.0000e+00
      3.379      0.079     7.2258     66.493     30.683  22.480407     2.4560      6.820   298.4874 3.5092e+00     4.0422      3.317      4.811    11.6402 0.0000e+00
      3.389      0.076     7.2281     66.505     30.688  22.480407     2.4625      6.820   298.5810 3.4637e+00     4.0027      3.322      4.819    11.6371 0.0000e+00
      3.403      0.076     7.2266     66.475     30.696  22.480408     2.5050      6.820   298.6187 3.4003e+00     3.9988      3.333      4.835    11.6360 0.0000e+00
      3.425      0.078     7.2231     66.427     30.705  22.480413     2.5921      6.820   298.6853 3.3170e+00     3.9956      3.357      4.868    11.6346 0.0000e+00
      3.452      0.083     7.2201     66.388     30.711  22.480455     2.6337      6.819   298.7840 3.2204e+00     3.9942      3.387      4.911    11.6322 0.0000e+00
      3.478      0.087     7.2181     66.363     30.715  22.480914     2.6317      6.818   298.7796 3.1410e+00     4.0124      3.413      4.950    11.6271 0.0000e+00
      3.499      0.088     7.2159     66.338     30.724  22.485951     2.6235      6.817   298.8039 3.0796e+00     4.0626      3.432      4.978    11.6160 0.0000e+00
      3.518      0.087     7.2133     66.308     30.716  22.477871     2.6085      6.817   298.9059 3.0278e+00     4.1435      3.448      5.002    11.6032 0.0000e+00
      3.538      0.085     7.2128     66.298     30.677  22.446707     2.5961      6.817   298.9800 2.9625e+00     4.1974      3.468      5.030    11.5960 0.0000e+00
      3.560      0.083     7.2104     66.271     30.653  22.426560     2.5839      6.817   298.9262 2.8878e+00     4.1964      3.492      5.064    11.5934 0.0000e+00
      3.584      0.081     7.2033     66.201     30.653  22.424729     2.5620      6.817   298.7717 2.8294e+00     4.1914      3.515      5.098    11.5904 0.0000e+00
      3.606      0.081     7.2004     66.171     30.654  22.424563     2.5335      6.817   298.7464 2.7810e+00     4.1979      3.538      5.132    11.5865 0.0000e+00
      3.626      0.082     7.1967     66.131     30.657  22.424538     2.5152      6.816   298.9644 2.7393e+00     4.1832      3.557      5.159    11.5821 0.0000e+00
      3.643      0.084     7.1888     66.051     30.661  22.424432     2.5068      6.813   299.2568 2.6876e+00     4.1664      3.572      5.180    11.5782 0.0000e+00
      3.661      0.086     7.1884     66.040     30.664  22.423278     2.4404      6.810   299.3560 2.6202e+00     4.1478      3.588      5.205    11.5760 0.0000e+00
      3.685      0.087     7.1920     66.067     30.651  22.410584     2.3191      6.810   299.3036 2.5533e+00     4.0800      3.612      5.240    11.5740 0.0000e+00
      3.712      0.087     7.1919     66.060     30.636  22.397907     2.2530      6.810   299.3117 2.4831e+00     3.9873      3.640      5.280    11.5702 0.0000e+00
      3.738      0.086     7.1910     66.048     30.637  22.396962     2.2477      6.809   299.3673 2.4143e+00     3.9428      3.667      5.317    11.5652 0.0000e+00
      3.760      0.085     7.1911     66.046     30.642  22.399166     2.2548      6.807   299.4603 2.3658e+00     3.9381      3.690      5.352    11.5599 0.0000e+00
      3.778      0.083     7.1894     66.026     30.679  22.424549     2.2654      6.803   299.5759 2.3336e+00     3.9923      3.705      5.375    11.5551 0.0000e+00
      3.793      0.082     7.1872     65.999     30.717  22.449932     2.2667      6.801   299.6466 2.2943e+00     4.1097      3.718      5.391    11.5517 0.0000e+00
      3.813      0.081     7.1847     65.971     30.723  22.452136     2.2513      6.800   299.6270 2.2427e+00     4.1681      3.738      5.421    11.5496 0.0000e+00
      3.837      0.080     7.1814     65.936     30.724  22.451192     2.2359      6.799   299.5961 2.1892e+00     4.1487      3.764      5.459    11.5479 0.0000e+00
      3.862      0.079     7.1790     65.910     30.709  22.438515     2.2278      6.800   299.6174 2.1360e+00     4.1488      3.788      5.494    11.5450 0.0000e+00
      3.884      0.077     7.1767     65.885     30.694  22.425820     2.2265      6.800   299.6273 2.0836e+00     4.1702      3.811      5.527    11.5400 0.0000e+00
      3.901      0.075     7.1736     65.851     30.695  22.424667     2.2381      6.798   299.8016 2.0484e+00     4.1636      3.827      5.552    11.5361 0.0000e+00
      3.915      0.073     7.1668     65.784     30.698  22.424563     2.2489      6.796   300.0040 2.0196e+00     4.1601      3.838      5.567    11.5335 0.0000e+00
      3.930      0.072     7.1545     65.665     30.702  22.424563     2.2559      6.796   299.9226 1.9742e+00     4.1883      3.853      5.588    11.5312 0.0000e+00
      3.950      0.072     7.1401     65.527     30.705  22.424666     2.2776      6.795   299.7642 1.9268e+00     4.1995      3.873      5.615    11.5286 0.0000e+00
      3.973      0.072     7.1274     65.406     30.709  22.425811     2.2899      6.793   299.7237 1.8902e+00     4.1743      3.896      5.650    11.5252 0.0000e+00
      3.995      0.073     7.1160     65.298     30.728  22.438404     2.2756      6.792   299.7762 1.8654e+00     4.1580      3.920      5.686    11.5219 0.0000e+00
      4.012      0.075     7.1052     65.198     30.745  22.449956     2.2708      6.790   299.8837 1.8347e+00     4.1238      3.936      5.708    11.5176 0.0000e+00
      4.025      0.077     7.0958     65.110     30.730  22.438518     2.2782      6.788   299.9909 1.7930e+00     4.0666      3.945      5.722    11.5132 0.0000e+00
      4.042      0.077     7.0885     65.041     30.716  22.427070     2.2723      6.786   300.0404 1.7599e+00     4.0457      3.961      5.745    11.5104 0.0000e+00
      4.065      0.076     7.0849     65.006     30.732  22.438508     2.2647      6.784   300.0523 1.7234e+00     4.0247      3.984      5.780    11.5089 0.0000e+00
      4.091      0.073     7.0820     64.978     30.748  22.449841     2.3603      6.784   300.0486 1.6794e+00     3.9947      4.013      5.820    11.5078 0.0000e+00
      4.114      0.070     7.0736     64.901     30.730  22.437136     2.5547      6.784   300.0816 1.6429e+00     3.9891      4.038      5.857    11.5067 0.0000e+00
      4.130      0.066     7.0604     64.780     30.696  22.411847     2.6577      6.784   300.1929 1.6208e+00     3.9868      4.053      5.879    11.5055 0.0000e+00
      4.139      0.064     7.0454     64.641     30.678  22.398014     2.6507      6.783   300.2751 1.6103e+00     3.9671      4.059      5.887    11.5041 0.0000e+00
      4.149      0.063     7.0285     64.484     30.677  22.396850     2.6351      6.782   300.3011 1.5957e+00     3.9647      4.065      5.896    11.5035 0.0000e+00
      4.164      0.064     7.0112     64.323     30.679  22.397777     2.5891      6.782   300.2496 1.5673e+00     4.0493      4.079      5.918    11.5036 0.0000e+00
      4.185      0.066     6.9952     64.175     30.695  22.409214     2.5071      6.781   300.1687 1.5331e+00     4.1659      4.105      5.953    11.5035 0.0000e+00
      4.207      0.070     6.9802     64.038     30.694  22.408174     2.4617      6.781   300.1827 1.5022e+00     4.2148      4.128      5.988    11.5026 0.0000e+00
      4.226      0.072     6.9692     63.935     30.664  22.385194     2.4542      6.781   300.2477 1.4712e+00     4.2129      4.145      6.012    11.5012 0.0000e+00
      4.241      0.073     6.9622     63.867     30.667  22.385299     2.4527      6.780   300.3518 1.4430e+00     4.2042      4.160      6.032    11.4996 0.0000e+00
      4.256      0.074     6.9573     63.819     30.702  22.409442     2.4534      6.777   300.4954 1.4181e+00     4.2013      4.172      6.052    11.4987 0.0000e+00
      4.274      0.076     6.9566     63.809     30.723  22.423171     2.4527      6.773   300.5212 1.3883e+00     4.1783      4.189      6.076    11.4989 0.0000e+00
      4.294      0.076     6.9586     63.825     30.725  22.424325     2.4538      6.771   300.4911 1.3602e+00     4.1392      4.210      6.106    11.4982 0.0000e+00
      4.318      0.074     6.9615     63.850     30.724  22.423398     2.4397      6.771   300.5619 1.3366e+00     4.0957      4.234      6.142    11.4957 0.0000e+00
      4.343      0.070     6.9670     63.900     30.709  22.411961     2.4104      6.770   300.6025 1.3122e+00     4.0482      4.262      6.183    11.4923 0.0000e+00
      4.362      0.066     6.9745     63.968     30.711  22.413002     2.3935      6.769   300.7245 1.2898e+00     4.0225      4.280      6.207    11.4896 0.0000e+00
