Data/DataNotYetUploadedToEDI/Raw_CTD/2018_RawDownloads/111618_bvr50.cnv
* Sea-Bird SBE19plus  Data File:
* FileName = C:\DATA\111618_bvr50_0001.hex
* Software version 2.6.3.104
* Temperature SN = 7809
* Conductivity SN = 7809
* System UpLoad Time = Nov 16 2018 18:42:20
* <ApplicationData>
* <Seaterm232>
# nquan = 17
# nvalues = 1268                        
# units = specified
# name 0 = depFM: Depth [fresh water, m]
# name 1 = tv290C: Temperature [ITS-90, deg C]
# name 2 = sbeox0Mg/L: Oxygen, SBE 43 [mg/l]
# name 3 = sbeox0PS: Oxygen, SBE 43 [% saturation]
# name 4 = c0uS/cm: Conductivity [uS/cm]
# name 5 = specc: Specific Conductance [uS/cm]
# name 6 = ph: pH
# name 7 = orp: Oxidation Reduction Potential [mV]
# name 8 = flECO-AFL: Fluorescence, WET Labs ECO-AFL/FL [mg/m^3]
# name 9 = turbWETntu0: Turbidity, WET Labs ECO [NTU]
# name 10 = sal00: Salinity, Practical [PSU]
# name 11 = dz/dtM: Descent Rate [m/s]
# name 12 = prdM: Pressure, Strain Gauge [db]
# name 13 = prdE: Pressure, Strain Gauge [psi]
# name 14 = scan: Scan Count
# name 15 = par/sat/log: PAR/Logarithmic, Satlantic
# name 16 = flag:  0.000e+00
# span 0 =     -0.742,     10.702       
# span 1 =     8.1066,     9.0135       
# span 2 =     3.7941,    11.7514       
# span 3 =     32.136,     99.980       
# span 4 =   0.553911,  93.704238       
# span 5 =      0.831,    154.565       
# span 6 =      2.294,     11.647       
# span 7 = -1240.7455,  1240.2295       
# span 8 =    -0.6186,     1.7307       
# span 9 =    -4.4272,    11.9951       
# span 10 =     0.0045,     0.0713      
# span 11 =     -0.220,      0.263      
# span 12 =     -0.727,     10.496      
# span 13 =     -1.055,     15.222      
# span 14 =          1,       1268      
# span 15 = 1.2375e-01, 1.9628e+03      
# span 16 = 0.0000e+00, 0.0000e+00      
# interval = seconds: 0.25
# start_time = Nov 16 2018 18:34:33 [Instrument's time stamp, header]
# bad_flag = -9.990e-29
*END*
[from data line 681]
      4.213     8.1562     9.4692     80.269  19.908850     30.022      6.944   305.9125     1.1848     2.7970     0.0153      0.043      4.131      5.991        682 1.0733e+01 0.0000e+00
      4.219     8.1558     9.4628     80.216  19.994242     30.150      6.947   306.0639     1.1767     2.8641     0.0154      0.042      4.136      5.999        683 1.0741e+01 0.0000e+00
      4.221     8.1563     9.4656     80.241  19.993071     30.151      6.947   306.1396     1.1929     2.9178     0.0154      0.039      4.140      6.004        684 1.0592e+01 0.0000e+00
      4.224     8.1570     9.4636     80.223  19.939945     30.067      6.946   305.7989     1.2212     2.8238     0.0153      0.034      4.143      6.009        685 1.0597e+01 0.0000e+00
      4.228     8.1562     9.4668     80.250  19.912177     30.024      6.946   306.0639     1.0433     2.8776     0.0153      0.028      4.146      6.015        686 1.0625e+01 0.0000e+00
      4.233     8.1547     9.4757     80.325  19.997991     30.150      6.946   306.3289     1.0352     2.8776     0.0154      0.023      4.151      6.021        687 1.0427e+01 0.0000e+00
      4.238     8.1543     9.4675     80.254  19.981331     30.151      6.949   306.4046     1.0635     2.8910     0.0154      0.020      4.157      6.030        688 1.0280e+01 0.0000e+00
      4.247     8.1546     9.4727     80.296  19.932911     30.026      6.948   305.9882     1.0635     2.7970     0.0153      0.018      4.166      6.043        689 1.0285e+01 0.0000e+00
      4.260     8.1551     9.4656     80.233  19.969343     30.152      6.950   305.8746     1.0554     2.8507     0.0154      0.021      4.176      6.058        690 1.0332e+01 0.0000e+00
      4.269     8.1559     9.4649     80.227  19.935993     30.026      6.951   305.5718     0.9948     2.7701     0.0153      0.024      4.186      6.072        691 1.0189e+01 0.0000e+00
      4.277     8.1569     9.4517     80.117  19.974415     30.152      6.946   305.9504     1.0352     2.9581     0.0154      0.029      4.195      6.084        692 1.0059e+01 0.0000e+00
      4.287     8.1573     9.4538     80.138  19.951163     30.067      6.946   306.5561     1.0231     2.7970     0.0153      0.032      4.204      6.097        693 1.0048e+01 0.0000e+00
      4.297     8.1577     9.4382     80.009  19.905655     30.024      6.947   305.9882     1.0109     2.8776     0.0153      0.035      4.213      6.111        694 9.9999e+00 0.0000e+00
      4.305     8.1576     9.4364     79.997  19.912504     30.023      6.950   306.3668     0.9867     2.8373     0.0153      0.037      4.223      6.124        695 9.8644e+00 0.0000e+00
      4.316     8.1574     9.4337     79.976  19.913005     30.023      6.947   306.1396     1.0190     2.8641     0.0153      0.038      4.233      6.139        696 9.7028e+00 0.0000e+00
      4.328     8.1571     9.4354     79.988  19.993941     30.149      6.947   306.6318     0.9867     2.9178     0.0154      0.038      4.244      6.155        697 9.6663e+00 0.0000e+00
      4.339     8.1564     9.4387     80.011  19.989597     30.150      6.948   306.5939     1.0109     2.8507     0.0154      0.038      4.255      6.171        698 9.5358e+00 0.0000e+00
      4.351     8.1551     9.4428     80.041  19.918410     30.023      6.945   306.5939     0.9503     2.7701     0.0153      0.040      4.267      6.187        699 9.4431e+00 0.0000e+00
      4.362     8.1540     9.4499     80.098  19.904715     30.024      6.946   306.7075     0.9624     2.9447     0.0153      0.042      4.277      6.202        700 9.5284e+00 0.0000e+00
      4.369     8.1539     9.4575     80.161  19.947368     30.067      6.944   306.8968     0.9584     2.9044     0.0153      0.042      4.285      6.214        701 9.4538e+00 0.0000e+00
      4.374     8.1549     9.4643     80.219  19.983874     30.153      6.943   306.8211     0.9341     2.8641     0.0154      0.040      4.290      6.222        702 9.4135e+00 0.0000e+00
      4.379     8.1564     9.4683     80.254  19.918557     30.026      6.941   306.5561     1.0716     2.9581     0.0153      0.038      4.295      6.229        703 9.4670e+00 0.0000e+00
      4.384     8.1578     9.4770     80.329  19.910109     30.026      6.943   306.7832     1.0473     2.8507     0.0153      0.034      4.300      6.237        704 9.3097e+00 0.0000e+00
      4.391     8.1598     9.4836     80.380  19.994387     30.150      6.944   306.9346     1.0797     2.9850     0.0154      0.030      4.308      6.248        705 9.1573e+00 0.0000e+00
      4.402     8.1609     9.4816     80.359  19.991492     30.149      6.947   306.5939     1.0514     2.9178     0.0154      0.028      4.318      6.263        706 9.1530e+00 0.0000e+00
      4.415     8.1596     9.4853     80.388  20.002621     30.147      6.947   306.7075     1.0473     2.8776     0.0154      0.028      4.330      6.280        707 9.0273e+00 0.0000e+00
      4.429     8.1573     9.4842     80.378  20.039809     30.230      6.947   306.8968     1.0635     2.9178     0.0154      0.031      4.343      6.300        708 8.8657e+00 0.0000e+00
      4.444     8.1547     9.4856     80.390  19.945212     30.063      6.945   306.8968     1.0595     2.8776     0.0153      0.036      4.358      6.321        709 8.8095e+00 0.0000e+00
      4.458     8.1529     9.4850     80.384  19.912890     30.023      6.944   306.8968     1.0999     2.9447     0.0153      0.042      4.372      6.341        710 8.7691e+00 0.0000e+00
      4.472     8.1524     9.4840     80.374  19.902214     30.026      6.943   307.0482     1.0433     2.8373     0.0153      0.048      4.386      6.361        711 8.6509e+00 0.0000e+00
      4.486     8.1525     9.4821     80.357  19.928862     30.027      6.943   307.3511     1.1242     2.8238     0.0153      0.052      4.398      6.380        712 8.4811e+00 0.0000e+00
      4.497     8.1530     9.4741     80.289  19.968637     30.154      6.942   306.9725     1.1323     2.8104     0.0154      0.054      4.409      6.396        713 8.4745e+00 0.0000e+00
      4.507     8.1532     9.4748     80.296  19.941625     30.028      6.945   307.4268     1.1323     2.9581     0.0153      0.053      4.419      6.410        714 8.3739e+00 0.0000e+00
      4.516     8.1511     9.4744     80.291  19.962478     30.154      6.943   307.0482     1.1323     2.8641     0.0154      0.050      4.428      6.423        715 8.2355e+00 0.0000e+00
      4.525     8.1490     9.4770     80.313  19.942686     30.027      6.943   307.2754     1.1403     2.8776     0.0153      0.047      4.438      6.437        716 8.1762e+00 0.0000e+00
      4.537     8.1479     9.4826     80.360  19.966256     30.155      6.943   307.5025     1.1080     2.9044     0.0154      0.044      4.450      6.454        717 8.0298e+00 0.0000e+00
      4.552     8.1474     9.4869     80.398  19.933145     30.031      6.944   307.5404     1.1323     2.8910     0.0153      0.043      4.464      6.473        718 7.9690e+00 0.0000e+00
      4.565     8.1476     9.4822     80.358  19.894985     30.032      6.944   307.5782     1.1484     2.8507     0.0153      0.043      4.476      6.492        719 7.9543e+00 0.0000e+00
      4.577     8.1471     9.4815     80.352  19.924838     30.032      6.943   307.5404     1.1484     2.8238     0.0153      0.044      4.488      6.509        720 7.8391e+00 0.0000e+00
      4.588     8.1464     9.4769     80.313  19.984903     30.158      6.940   307.8432     1.1444     2.8507     0.0154      0.046      4.500      6.526        721 7.6713e+00 0.0000e+00
      4.599     8.1459     9.4711     80.264  19.998054     30.159      6.939   308.0325     1.1323     2.8910     0.0154      0.047      4.511      6.542        722 7.5810e+00 0.0000e+00
      4.611     8.1458     9.4644     80.207  19.908472     30.033      6.937   308.2218     1.1161     2.8373     0.0153      0.048      4.522      6.560        723 7.5507e+00 0.0000e+00
      4.625     8.1459     9.4582     80.154  19.918567     30.034      6.940   308.1839     0.9826     2.8641     0.0153      0.048      4.536      6.580        724 7.4283e+00 0.0000e+00
      4.642     8.1458     9.4608     80.176  19.926217     30.076      6.939   308.4868     1.0069     2.9178     0.0153      0.049      4.551      6.601        725 7.3272e+00 0.0000e+00
      4.657     8.1457     9.4606     80.175  19.928589     30.034      6.934   308.6761     1.0069     2.8641     0.0153      0.050      4.566      6.622        726 7.3312e+00 0.0000e+00
      4.669     8.1455     9.4667     80.227  19.974889     30.160      6.934   308.5247     0.9948     2.9447     0.0154      0.051      4.579      6.640        727 7.2673e+00 0.0000e+00
      4.680     8.1456     9.4630     80.195  19.927870     30.034      6.933   308.7518     0.9786     2.8776     0.0153      0.052      4.590      6.657        728 7.1550e+00 0.0000e+00
      4.692     8.1457     9.4666     80.226  19.898194     30.034      6.933   308.5247     1.0109     2.8507     0.0153      0.053      4.601      6.673        729 7.0606e+00 0.0000e+00
      4.703     8.1458     9.4676     80.234  19.922911     30.034      6.931   308.4489     1.0109     2.9313     0.0153      0.052      4.611      6.688        730 7.0229e+00 0.0000e+00
      4.711     8.1458     9.4722     80.273  19.897110     30.034      6.930   308.6761     1.0029     2.8507     0.0153      0.050      4.620      6.701        731 6.9096e+00 0.0000e+00
      4.720     8.1457     9.4644     80.207  19.930303     30.034      6.931   308.6761     1.0231     2.8238     0.0153      0.046      4.629      6.714        732 6.8627e+00 0.0000e+00
      4.730     8.1458     9.4634     80.200  19.970513     30.160      6.933   308.1839     1.0150     2.8641     0.0154      0.042      4.639      6.728        733 6.8160e+00 0.0000e+00
      4.741     8.1458     9.4581     80.155  19.935979     30.034      6.937   308.5247     0.9786     2.9178     0.0153      0.041      4.651      6.745        734 6.6965e+00 0.0000e+00
      4.755     8.1458     9.4666     80.227  19.973279     30.160      6.935   308.6382     1.0190     2.9044     0.0154      0.041      4.664      6.764        735 6.6387e+00 0.0000e+00
      4.769     8.1459     9.4647     80.211  20.013003     30.160      6.934   308.8275     0.9948     2.7701     0.0154      0.042      4.676      6.783        736 6.5836e+00 0.0000e+00
      4.780     8.1459     9.4633     80.199  19.975453     30.160      6.935   308.5247     1.0756     2.7433     0.0154      0.043      4.688      6.800        737 6.5800e+00 0.0000e+00
      4.792     8.1461     9.4648     80.211  19.931101     30.034      6.933   308.6004     1.0837     2.8373     0.0153      0.045      4.699      6.815        738 6.4785e+00 0.0000e+00
      4.803     8.1460     9.4702     80.257  19.890380     30.034      6.931   308.9032     1.0473     2.8910     0.0153      0.047      4.709      6.830        739 6.3977e+00 0.0000e+00
      4.810     8.1459     9.4707     80.260  19.937220     30.033      6.934   308.9032     1.0433     2.8910     0.0153      0.046      4.717      6.841        740 6.3978e+00 0.0000e+00
      4.816     8.1460     9.4751     80.298  19.961718     30.160      6.933   308.9411     1.0514     2.8238     0.0154      0.044      4.723      6.851        741 6.3452e+00 0.0000e+00
      4.822     8.1461     9.4809     80.347  19.948801     30.034      6.935   308.6382     1.0514     2.7701     0.0153      0.040      4.730      6.861        742 6.2239e+00 0.0000e+00
      4.834     8.1464     9.4760     80.306  20.012568     30.244      6.935   309.0547     1.0878     2.7836     0.0154      0.037      4.739      6.874        743 6.1449e+00 0.0000e+00
      4.842     8.1466     9.4699     80.254  19.941635     30.033      6.935   308.9789     1.0837     2.8238     0.0153      0.034      4.748      6.887        744 6.1770e+00 0.0000e+00
      4.849     8.1466     9.4663     80.223  19.888894     30.033      6.934   308.7897     1.0676     2.8104     0.0153      0.032      4.757      6.899        745 6.1212e+00 0.0000e+00
      4.861     8.1464     9.4616     80.184  19.930020     30.033      6.935   308.7897     1.0676     2.8238     0.0153      0.032      4.768      6.916        746 6.0260e+00 0.0000e+00
      4.877     8.1463     9.4694     80.249  19.979364     30.159      6.934   308.8275     1.0635     2.8507     0.0154      0.035      4.782      6.935        747 6.0118e+00 0.0000e+00
      4.889     8.1464     9.4672     80.231  20.005305     30.160      6.935   309.0925     1.0514     2.7970     0.0154      0.039      4.794      6.953        748 5.9111e+00 0.0000e+00
      4.901     8.1461     9.4631     80.196  19.927374     30.075      6.936   309.0925     1.1282     2.8507     0.0153      0.042      4.807      6.971        749 5.7742e+00 0.0000e+00
      4.915     8.1459     9.4648     80.210  19.928166     30.033      6.936   308.9032     1.1403     2.8507     0.0153      0.045      4.820      6.991        750 5.7393e+00 0.0000e+00
      4.929     8.1459     9.4681     80.238  19.974681     30.160      6.936   309.2818     1.1242     2.9178     0.0154      0.048      4.833      7.010        751 5.6885e+00 0.0000e+00
      4.941     8.1459     9.4708     80.261  19.928760     30.034      6.936   309.1304     1.1403     2.8910     0.0153      0.050      4.846      7.029        752 5.5960e+00 0.0000e+00
      4.955     8.1459     9.4745     80.293  19.896406     30.034      6.936   309.0547     1.1323     2.8507     0.0153      0.052      4.860      7.049        753 5.5548e+00 0.0000e+00
      4.972     8.1459     9.4714     80.266  19.926037     30.034      6.939   309.0547     1.0029     2.9178     0.0153      0.053      4.875      7.071        754 5.4556e+00 0.0000e+00
      4.988     8.1457     9.4730     80.279  19.980796     30.160      6.934   309.3575     1.0069     2.8641     0.0154      0.054      4.890      7.093        755 5.3614e+00 0.0000e+00
      5.001     8.1458     9.4805     80.343  20.006077     30.160      6.935   309.4711     0.9867     2.9178     0.0154      0.055      4.903      7.111        756 5.3369e+00 0.0000e+00
      5.010     8.1459     9.4759     80.304  19.983483     30.160      6.936   309.5468     1.0271     2.8776     0.0154      0.055      4.914      7.126        757 5.2576e+00 0.0000e+00
      5.021     8.1459     9.4736     80.284  19.920005     30.034      6.934   309.5847     1.0635     2.9178     0.0153      0.054      4.924      7.140        758 5.2063e+00 0.0000e+00
      5.030     8.1459     9.4771     80.313  19.907256     30.034      6.934   309.3197     1.0554     2.8373     0.0153      0.051      4.933      7.154        759 5.1920e+00 0.0000e+00
      5.039     8.1458     9.4702     80.254  19.910440     30.034      6.936   309.6604     1.0676     2.8641     0.0153      0.048      4.942      7.168        760 5.1828e+00 0.0000e+00
      5.049     8.1456     9.4676     80.232  19.916043     30.034      6.934   309.6225     1.0635     2.7970     0.0153      0.045      4.952      7.183        761 5.1473e+00 0.0000e+00
      5.061     8.1457     9.4637     80.199  19.900283     30.034      6.935   309.3197     1.0716     2.8238     0.0153      0.042      4.964      7.200        762 5.0713e+00 0.0000e+00
      5.076     8.1457     9.4654     80.214  19.870780     29.950      6.934   309.7739     1.0716     2.8238     0.0153      0.041      4.977      7.218        763 5.0159e+00 0.0000e+00
      5.086     8.1455     9.4685     80.240  19.982396     30.160      6.936   309.6604     1.0797     2.8776     0.0154      0.042      4.987      7.233        764 4.9407e+00 0.0000e+00
      5.093     8.1453     9.4668     80.227  19.939197     30.076      6.936   309.6604     1.0676     2.9715     0.0153      0.042      4.995      7.245        765 4.9266e+00 0.0000e+00
