Data/DataNotYetUploadedToEDI/Raw_CTD/2018_RawDownloads/111618_bvr50.cnv
* Sea-Bird SBE19plus  Data File:
* FileName = C:\DATA\111618_bvr50_0001.hex
* Software version 2.6.3.104
* Temperature SN = 7809
* Conductivity SN = 7809
* System UpLoad Time = Nov 16 2018 18:42:20
* <ApplicationData>
* <Seaterm232>
# nquan = 17
# nvalues = 1268                        
# units = specified
# name 0 = depFM: Depth [fresh water, m]
# name 1 = tv290C: Temperature [ITS-90, deg C]
# name 2 = sbeox0Mg/L: Oxygen, SBE 43 [mg/l]
# name 3 = sbeox0PS: Oxygen, SBE 43 [% saturation]
# name 4 = c0uS/cm: Conductivity [uS/cm]
# name 5 = specc: Specific Conductance [uS/cm]
# name 6 = ph: pH
# name 7 = orp: Oxidation Reduction Potential [mV]
# name 8 = flECO-AFL: Fluorescence, WET Labs ECO-AFL/FL [mg/m^3]
# name 9 = turbWETntu0: Turbidity, WET Labs ECO [NTU]
# name 10 = sal00: Salinity, Practical [PSU]
# name 11 = dz/dtM: Descent Rate [m/s]
# name 12 = prdM: Pressure, Strain Gauge [db]
# name 13 = prdE: Pressure, Strain Gauge [psi]
# name 14 = scan: Scan Count
# name 15 = par/sat/log: PAR/Logarithmic, Satlantic
# name 16 = flag:  0.000e+00
# span 0 =     -0.742,     10.702       
# span 1 =     8.1066,     9.0135       
# span 2 =     3.7941,    11.7514       
# span 3 =     32.136,     99.980       
# span 4 =   0.553911,  93.704238       
# span 5 =      0.831,    154.565       
# span 6 =      2.294,     11.647       
# span 7 = -1240.7455,  1240.2295       
# span 8 =    -0.6186,     1.7307       
# span 9 =    -4.4272,    11.9951       
# span 10 =     0.0045,     0.0713      
# span 11 =     -0.220,      0.263      
# span 12 =     -0.727,     10.496      
# span 13 =     -1.055,     15.222      
# span 14 =          1,       1268      
# span 15 = 1.2375e-01, 1.9628e+03      
# span 16 = 0.0000e+00, 0.0000e+00      
# interval = seconds: 0.25
# start_time = Nov 16 2018 18:34:33 [Instrument's time stamp, header]
# bad_flag = -9.990e-29
*END*
[from data line 86]
     -0.095     8.3307     8.1734     69.619  20.397751     30.580      6.988   273.5824     0.4974     3.1461     0.0156     -0.000     -0.092     -0.133         87 2.1976e+02 0.0000e+00
     -0.091     8.3316     8.1414     69.349  20.512839     30.789      6.986   273.8853     0.4974     3.0521     0.0157     -0.000     -0.088     -0.128         88 3.7036e+02 0.0000e+00
     -0.084     8.3333     8.1069     69.058  20.473952     30.705      6.983   273.5067     0.4327     2.9581     0.0157      0.002     -0.083     -0.120         89 9.3347e+02 0.0000e+00
     -0.080     8.3359     8.0802     68.833  20.386871     30.578      6.978   273.5067     0.4367     2.8641     0.0156      0.005     -0.079     -0.114         90 4.8102e+02 0.0000e+00
     -0.078     8.3388     8.0484     68.566  20.473025     30.703      6.974   274.1881     0.4651     2.8776     0.0157      0.008     -0.076     -0.110         91 4.4088e+02 0.0000e+00
     -0.076     8.3415     8.0187     68.315  20.514920     30.784      6.971   274.1503     0.4489     2.8507     0.0157      0.010     -0.074     -0.108         92 5.4649e+02 0.0000e+00
     -0.075     8.3445     7.9749     67.945  20.482918     30.697      6.965   274.3396     0.5217     2.9313     0.0157      0.012     -0.074     -0.108         93 6.7683e+02 0.0000e+00
     -0.076     8.3473     7.9421     67.670  20.512850     30.779      6.962   274.7181     0.5136     2.8641     0.0157      0.012     -0.074     -0.108         94 5.7382e+02 0.0000e+00
     -0.076     8.3499     7.9079     67.382  20.477670     30.692      6.957   274.5288     0.4853     2.8507     0.0157      0.009     -0.074     -0.108         95 8.2413e+02 0.0000e+00
     -0.075     8.3523     7.8765     67.117  20.467425     30.690      6.955   274.4153     0.4974     2.8373     0.0157      0.006     -0.073     -0.107         96 9.9478e+02 0.0000e+00
     -0.074     8.3544     7.8528     66.918  20.525599     30.771      6.949   274.8317     0.4327     2.8776     0.0157      0.004     -0.072     -0.105         97 6.0487e+02 0.0000e+00
     -0.071     8.3562     7.8122     66.576  20.523821     30.769      6.944   274.4153     0.4367     2.9581     0.0157      0.003     -0.070     -0.102         98 6.4251e+02 0.0000e+00
     -0.070     8.3578     7.7838     66.336  20.469637     30.683      6.929   274.6803     0.4570     2.8641     0.0157      0.003     -0.068     -0.099         99 4.9031e+02 0.0000e+00
     -0.067     8.3596     7.7632     66.162  20.385570     30.556      6.916   274.7938     0.4367     2.9178     0.0156      0.004     -0.066     -0.096        100 8.9433e+02 0.0000e+00
     -0.065     8.3612     7.7364     65.936  20.391344     30.554      6.904   274.4910     0.4570     2.9447     0.0156      0.005     -0.063     -0.092        101 9.1392e+02 0.0000e+00
     -0.061     8.3627     7.7083     65.699  20.462450     30.678      6.903   274.7560     0.4367     2.7701     0.0157      0.007     -0.060     -0.088        102 5.3998e+02 0.0000e+00
     -0.059     8.3646     7.6774     65.438  20.474900     30.677      6.903   275.2481     0.4327     2.8238     0.0157      0.009     -0.058     -0.084        103 7.0276e+02 0.0000e+00
     -0.057     8.3671     7.6589     65.283  20.464761     30.675      6.900   275.3617     0.4044     2.7701     0.0157      0.009     -0.056     -0.082        104 5.4531e+02 0.0000e+00
     -0.057     8.3692     7.6426     65.149  20.475067     30.674      6.898   275.3617     0.4974     2.8104     0.0157      0.009     -0.055     -0.080        105 4.5396e+02 0.0000e+00
     -0.054     8.3708     7.6158     64.927  20.462073     30.671      6.903   274.8317     0.4893     2.8641     0.0157      0.009     -0.053     -0.077        106 5.7696e+02 0.0000e+00
     -0.052     8.3729     7.5908     64.719  20.480932     30.670      6.898   274.7938     0.5257     2.8507     0.0157      0.009     -0.052     -0.075        107 5.6347e+02 0.0000e+00
     -0.053     8.3753     7.5498     64.374  20.510873     30.752      6.896   274.4910     0.4974     2.9178     0.0157      0.007     -0.052     -0.075        108 1.3208e+03 0.0000e+00
     -0.053     8.3767     7.5262     64.177  20.484086     30.666      6.898   273.9988     0.5095     2.8238     0.0157      0.006     -0.050     -0.073        109 1.6535e+03 0.0000e+00
     -0.047     8.3773     7.4997     63.954  20.454992     30.664      6.900   271.9545     0.4651     2.8776     0.0157      0.006     -0.046     -0.066        110 4.0187e+02 0.0000e+00
     -0.041     8.3789     7.4688     63.694  20.487805     30.663      6.899   275.1346     0.4125     2.7970     0.0157      0.007     -0.042     -0.061        111 7.5131e+02 0.0000e+00
     -0.041     8.3806     7.4479     63.520  20.561800     30.830      6.890   276.2324     0.4246     2.9178     0.0158      0.008     -0.041     -0.061        112 1.5676e+03 0.0000e+00
     -0.046     8.3820     7.4241     63.319  20.540729     30.744      6.879   276.0053     0.4570     2.8238     0.0157      0.007     -0.045     -0.065        113 9.0053e+02 0.0000e+00
     -0.050     8.3837     7.4030     63.141  20.514026     30.743      6.876   275.3238     0.4408     2.8238     0.0157      0.005     -0.048     -0.070        114 4.8175e+02 0.0000e+00
     -0.051     8.3867     7.3813     62.959  20.535757     30.741      6.875   275.4753     0.4651     2.8507     0.0157      0.002     -0.049     -0.072        115 7.0927e+02 0.0000e+00
     -0.049     8.3907     7.3587     62.770  20.572960     30.824      6.872   275.3617     0.4408     2.8104     0.0158      0.001     -0.047     -0.069        116 1.2587e+03 0.0000e+00
     -0.044     8.3944     7.3372     62.590  20.586276     30.821      6.867   275.5888     0.4327     2.8238     0.0158      0.000     -0.043     -0.062        117 6.7808e+02 0.0000e+00
     -0.038     8.3972     7.3117     62.376  20.578460     30.817      6.865   274.7938     0.4489     2.9715     0.0158      0.000     -0.038     -0.054        118 6.9250e+02 0.0000e+00
     -0.033     8.3995     7.2887     62.182  20.582686     30.814      6.865   275.7024     0.4489     2.9447     0.0158      0.003     -0.034     -0.048        119 8.6628e+02 0.0000e+00
     -0.031     8.4018     7.2606     61.945  20.581015     30.811      6.859   271.6138     0.4367     2.8776     0.0158      0.007     -0.031     -0.045        120 8.2670e+02 0.0000e+00
     -0.031     8.4041     7.2406     61.776  20.580538     30.809      6.859   271.9545     0.4327     2.8641     0.0158      0.011     -0.030     -0.043        121 1.0612e+03 0.0000e+00
     -0.029     8.4064     7.2202     61.605  20.583279     30.807      6.857   277.0653     0.4287     2.8373     0.0158      0.013     -0.028     -0.042        122 6.1428e+02 0.0000e+00
     -0.028     8.4082     7.2018     61.450  20.577604     30.805      6.857   272.1438     0.4610     2.9178     0.0158      0.012     -0.028     -0.041        123 6.0357e+02 0.0000e+00
     -0.029     8.4096     7.1871     61.328  20.528324     30.719      6.855   271.9545     0.4367     2.8238     0.0157      0.010     -0.029     -0.042        124 5.0894e+02 0.0000e+00
     -0.031     8.4115     7.1625     61.122  20.526056     30.717      6.854   271.9167     0.4448     2.8507     0.0157      0.006     -0.030     -0.043        125 3.2712e+02 0.0000e+00
     -0.031     8.4139     7.1490     61.010  20.521152     30.716      6.852   271.3110     0.4408     2.9447     0.0157      0.003     -0.031     -0.044        126 4.5275e+02 0.0000e+00
     -0.031     8.4161     7.1347     60.889  20.534427     30.714      6.855   271.3867     0.4529     2.8776     0.0157      0.000     -0.030     -0.043        127 1.1359e+03 0.0000e+00
     -0.030     8.4180     7.1162     60.733  20.568809     30.796      6.853   272.0681     0.4570     2.8373     0.0158     -0.000     -0.029     -0.043        128 1.0883e+03 0.0000e+00
     -0.030     8.4199     7.0965     60.569  20.537639     30.710      6.852   272.2953     0.4489     2.8373     0.0157     -0.000     -0.029     -0.043        129 4.5608e+02 0.0000e+00
     -0.031     8.4215     7.0764     60.400  20.573219     30.792      6.852   272.5981     0.4246     2.7701     0.0158     -0.001     -0.030     -0.044        130 6.9913e+02 0.0000e+00
     -0.032     8.4226     7.0616     60.275  20.583805     30.790      6.847   272.7874     0.4246     2.8776     0.0158     -0.001     -0.031     -0.045        131 8.4652e+02 0.0000e+00
     -0.034     8.4245     7.0457     60.142  20.524462     30.705      6.848   272.5224     0.4367     2.8238     0.0157     -0.001     -0.033     -0.047        132 6.4275e+02 0.0000e+00
     -0.034     8.4267     7.0327     60.034  20.528519     30.704      6.848   272.8631     0.4246     2.7970     0.0157     -0.002     -0.034     -0.049        133 4.5949e+02 0.0000e+00
     -0.035     8.4288     7.0141     59.876  20.519482     30.702      6.846   272.7874     0.4125     2.9044     0.0157     -0.002     -0.034     -0.049        134 4.6233e+02 0.0000e+00
     -0.035     8.4311     6.9942     59.707  20.535709     30.700      6.844   272.5224     0.4570     2.8910     0.0157     -0.003     -0.034     -0.049        135 5.8299e+02 0.0000e+00
     -0.034     8.4329     6.9843     59.624  20.567599     30.782      6.847   272.1438     0.4529     2.8507     0.0158     -0.003     -0.033     -0.047        136 7.0714e+02 0.0000e+00
     -0.031     8.4342     6.9683     59.488  20.539069     30.696      6.848   273.0903     0.4408     2.8507     0.0157     -0.001     -0.031     -0.044        137 5.0259e+02 0.0000e+00
     -0.030     8.4358     6.9538     59.367  20.571214     30.778      6.849   273.5824     0.4246     2.8776     0.0158      0.000     -0.030     -0.043        138 7.0679e+02 0.0000e+00
     -0.031     8.4377     6.9452     59.295  20.586870     30.777      6.845   273.3174     0.4529     2.9313     0.0158      0.001     -0.030     -0.044        139 1.2979e+03 0.0000e+00
     -0.031     8.4393     6.9241     59.118  20.578858     30.775      6.846   273.5824     0.4408     2.8238     0.0158      0.002     -0.030     -0.044        140 1.0219e+03 0.0000e+00
     -0.031     8.4409     6.9144     59.037  20.581184     30.774      6.846   274.1881     0.4408     2.8373     0.0158      0.002     -0.031     -0.045        141 4.1859e+02 0.0000e+00
     -0.032     8.4427     6.9049     58.958  20.583975     30.772      6.845   273.9988     0.4206     2.8238     0.0158      0.002     -0.032     -0.046        142 9.3810e+02 0.0000e+00
     -0.033     8.4443     6.8893     58.826  20.634657     30.854      6.847   274.3396     0.4367     2.9178     0.0158      0.001     -0.032     -0.046        143 7.6912e+02 0.0000e+00
     -0.033     8.4454     6.8755     58.711  20.636661     30.853      6.846   273.0903     0.4651     2.9044     0.0158     -0.001     -0.032     -0.046        144 6.5831e+02 0.0000e+00
     -0.030     8.4460     6.8689     58.656  20.581483     30.768      6.845   272.9388     0.4570     2.8373     0.0158     -0.001     -0.031     -0.044        145 1.3779e+03 0.0000e+00
     -0.029     8.4468     6.8602     58.583  20.525501     30.683      6.847   273.3553     0.4408     2.8641     0.0157     -0.000     -0.029     -0.042        146 7.7440e+02 0.0000e+00
     -0.029     8.4476     6.8434     58.442  20.528505     30.683      6.846   273.3931     0.4206     2.8910     0.0157      0.001     -0.029     -0.042        147 8.1229e+02 0.0000e+00
     -0.029     8.4487     6.8258     58.293  20.577744     30.765      6.847   273.7717     0.4489     2.9715     0.0158      0.001     -0.029     -0.042        148 7.9708e+02 0.0000e+00
     -0.031     8.4503     6.8114     58.172  20.582773     30.765      6.848   273.8474     0.4367     2.8507     0.0158      0.001     -0.030     -0.044        149 7.7068e+02 0.0000e+00
     -0.034     8.4520     6.7962     58.044  20.581520     30.764      6.849   273.9231     0.4489     2.7836     0.0158      0.001     -0.032     -0.047        150 6.8076e+02 0.0000e+00
     -0.034     8.4536     6.7822     57.926  20.579302     30.762      6.850   273.4310     0.4448     2.8507     0.0158     -0.000     -0.033     -0.048        151 2.7321e+02 0.0000e+00
     -0.033     8.4549     6.7645     57.777  20.585534     30.761      6.853   273.5446     0.4489     2.8238     0.0158     -0.001     -0.032     -0.047        152 3.5120e+02 0.0000e+00
     -0.033     8.4563     6.7529     57.680  20.573765     30.759      6.856   273.8853     0.4651     2.8507     0.0158     -0.002     -0.032     -0.046        153 5.5677e+02 0.0000e+00
     -0.031     8.4576     6.7351     57.530  20.534672     30.674      6.856   273.9610     0.4408     2.7701     0.0157     -0.002     -0.031     -0.044        154 8.6512e+02 0.0000e+00
     -0.030     8.4587     6.7293     57.482  20.574908     30.757      6.858   274.5288     0.4367     2.8373     0.0158     -0.001     -0.029     -0.042        155 6.6884e+02 0.0000e+00
     -0.030     8.4600     6.7184     57.389  20.582966     30.755      6.859   274.8317     0.4287     2.8776     0.0158      0.001     -0.029     -0.042        156 4.4344e+02 0.0000e+00
     -0.030     8.4615     6.7122     57.337  20.583919     30.754      6.861   274.7181     0.4489     2.9313     0.0158      0.002     -0.029     -0.043        157 4.9027e+02 0.0000e+00
     -0.030     8.4628     6.6951     57.192  20.573723     30.753      6.862   275.0210     0.4367     2.9447     0.0158      0.002     -0.029     -0.043        158 6.3645e+02 0.0000e+00
     -0.030     8.4640     6.6801     57.066  20.536381     30.668      6.861   275.0967     0.4044     2.8238     0.0157      0.002     -0.030     -0.043        159 5.7305e+02 0.0000e+00
     -0.031     8.4651     6.6761     57.034  20.571115     30.751      6.861   275.4374     0.4489     2.7970     0.0158      0.001     -0.031     -0.044        160 5.8127e+02 0.0000e+00
     -0.033     8.4663     6.6658     56.948  20.589770     30.749      6.863   275.6267     0.4287     2.8507     0.0158      0.000     -0.032     -0.046        161 6.3944e+02 0.0000e+00
     -0.034     8.4677     6.6596     56.898  20.572439     30.749      6.864   275.4753     0.4489     2.7970     0.0158     -0.001     -0.032     -0.047        162 4.7300e+02 0.0000e+00
     -0.032     8.4692     6.6399     56.731  20.533408     30.664      6.866   275.7781     0.4367     2.7970     0.0157     -0.002     -0.032     -0.046        163 4.6136e+02 0.0000e+00
     -0.032     8.4706     6.6390     56.725  20.519793     30.663      6.864   276.1946     0.4327     2.9313     0.0157     -0.002     -0.031     -0.045        164 6.4553e+02 0.0000e+00
     -0.031     8.4717     6.6257     56.614  20.589382     30.745      6.867   276.1946     0.4610     2.8776     0.0158     -0.001     -0.031     -0.045        165 6.2477e+02 0.0000e+00
     -0.032     8.4721     6.6102     56.482  20.565355     30.743      6.867   276.6867     0.4367     2.7701     0.0158     -0.001     -0.032     -0.046        166 5.0405e+02 0.0000e+00
     -0.034     8.4727     6.6009     56.405  20.549694     30.659      6.866   276.6867     0.4246     2.9178     0.0157     -0.001     -0.033     -0.048        167 5.8553e+02 0.0000e+00
     -0.035     8.4739     6.5888     56.303  20.608872     30.826      6.866   276.8760     0.4287     2.8507     0.0158     -0.001     -0.034     -0.049        168 5.8138e+02 0.0000e+00
     -0.035     8.4751     6.5808     56.236  20.550985     30.658      6.870   276.6110     0.4408     2.8104     0.0157     -0.001     -0.034     -0.049        169 1.1117e+03 0.0000e+00
     -0.035     8.4765     6.5739     56.179  20.562459     30.740      6.872   276.4596     0.4489     2.9044     0.0158     -0.001     -0.034     -0.049        170 1.4901e+03 0.0000e+00
