Data/DataNotYetUploadedToEDI/Raw_CTD/2018_RawDownloads/111618_bvr50.cnv
* Sea-Bird SBE19plus  Data File:
* FileName = C:\DATA\111618_bvr50_0001.hex
* Software version 2.6.3.104
* Temperature SN = 7809
* Conductivity SN = 7809
* System UpLoad Time = Nov 16 2018 18:42:20
* <ApplicationData>
* <Seaterm232>
# nquan = 17
# nvalues = 1268                        
# units = specified
# name 0 = depFM: Depth [fresh water, m]
# name 1 = tv290C: Temperature [ITS-90, deg C]
# name 2 = sbeox0Mg/L: Oxygen, SBE 43 [mg/l]
# name 3 = sbeox0PS: Oxygen, SBE 43 [% saturation]
# name 4 = c0uS/cm: Conductivity [uS/cm]
# name 5 = specc: Specific Conductance [uS/cm]
# name 6 = ph: pH
# name 7 = orp: Oxidation Reduction Potential [mV]
# name 8 = flECO-AFL: Fluorescence, WET Labs ECO-AFL/FL [mg/m^3]
# name 9 = turbWETntu0: Turbidity, WET Labs ECO [NTU]
# name 10 = sal00: Salinity, Practical [PSU]
# name 11 = dz/dtM: Descent Rate [m/s]
# name 12 = prdM: Pressure, Strain Gauge [db]
# name 13 = prdE: Pressure, Strain Gauge [psi]
# name 14 = scan: Scan Count
# name 15 = par/sat/log: PAR/Logarithmic, Satlantic
# name 16 = flag:  0.000e+00
# span 0 =     -0.742,     10.702       
# span 1 =     8.1066,     9.0135       
# span 2 =     3.7941,    11.7514       
# span 3 =     32.136,     99.980       
# span 4 =   0.553911,  93.704238       
# span 5 =      0.831,    154.565       
# span 6 =      2.294,     11.647       
# span 7 = -1240.7455,  1240.2295       
# span 8 =    -0.6186,     1.7307       
# span 9 =    -4.4272,    11.9951       
# span 10 =     0.0045,     0.0713      
# span 11 =     -0.220,      0.263      
# span 12 =     -0.727,     10.496      
# span 13 =     -1.055,     15.222      
# span 14 =          1,       1268      
# span 15 = 1.2375e-01, 1.9628e+03      
# span 16 = 0.0000e+00, 0.0000e+00      
# interval = seconds: 0.25
# start_time = Nov 16 2018 18:34:33 [Instrument's time stamp, header]
# bad_flag = -9.990e-29
*END*
[from data line 171]
     -0.034     8.4798     6.5701     56.006  20.570270     30.738      6.872   276.2703     0.4327     2.8507     0.0158     -0.001     -0.033     -0.048        172 6.4683e+02 0.0000e+00
     -0.033     8.4811     6.6040     56.235  20.533453     30.653      6.872   277.1788     0.5297     2.8507     0.0157     -0.001     -0.034     -0.049        173 1.0800e+03 0.0000e+00
     -0.036     8.4825     6.7339     57.309  20.521863     30.652      6.873   277.2167     0.4893     2.8910     0.0157     -0.001     -0.035     -0.051        174 5.0440e+02 0.0000e+00
     -0.038     8.4840     6.9626     59.238  20.584694     30.734      6.872   277.4060     0.4893     2.8507     0.0158     -0.001     -0.037     -0.053        175 6.0192e+02 0.0000e+00
     -0.037     8.4850     7.3192     62.261  20.573809     30.733      6.876   277.7846     0.5257     2.8104     0.0158     -0.001     -0.037     -0.054        176 5.7832e+02 0.0000e+00
     -0.039     8.4865     7.7649     66.047  20.535408     30.648      6.869   278.1631     0.5581     2.8507     0.0157     -0.002     -0.038     -0.055        177 5.0530e+02 0.0000e+00
     -0.040     8.4876     8.2389     70.078  20.573206     30.730      6.870   277.5196     0.5742     2.9313     0.0158     -0.003     -0.038     -0.056        178 9.0139e+02 0.0000e+00
     -0.038     8.4890     8.7598     74.510  20.586043     30.729      6.871   278.0117     0.5621     2.8373     0.0158     -0.003     -0.038     -0.056        179 6.7979e+02 0.0000e+00
     -0.039     8.4892     9.2074     78.318  20.578706     30.728      6.867   278.3146     0.5500     2.9044     0.0158     -0.003     -0.038     -0.056        180 5.6259e+02 0.0000e+00
     -0.040     8.4547     9.5718     81.416  20.523062     30.643      6.867   277.8224     0.5783     2.9313     0.0157     -0.003     -0.038     -0.056        181 5.0823e+02 0.0000e+00
     -0.039     8.3884     9.8354     83.659  20.329284     30.351      6.867   278.1253     0.5621     2.8641     0.0156     -0.001     -0.038     -0.056        182 3.8604e+02 0.0000e+00
     -0.039     8.3424    10.0005     85.065  20.108576     30.047      6.871   278.8824     0.5742     2.7970     0.0155     -0.001     -0.038     -0.056        183 4.7435e+02 0.0000e+00
     -0.039     8.3201    10.0741     85.686  20.056819     30.026      6.871   278.4281     0.5864     2.8507     0.0154     -0.000     -0.038     -0.056        184 6.4206e+02 0.0000e+00
     -0.039     8.3069    10.1065     85.956  20.097342     30.149      6.871   279.1096     0.5540     2.7970     0.0155      0.000     -0.038     -0.056        185 5.7504e+02 0.0000e+00
     -0.039     8.3002    10.0928     85.840  20.117431     30.170      6.869   279.1474     0.5338     2.8373     0.0155      0.000     -0.039     -0.057        186 2.6253e+02 0.0000e+00
     -0.043     8.2970    10.0609     85.572  20.091098     30.182      6.864   279.0717     0.5702     2.8776     0.0155     -0.001     -0.041     -0.060        187 3.7238e+02 0.0000e+00
     -0.044     8.2968    10.0259     85.276  20.070845     30.104      6.867   278.4660     0.5661     2.8507     0.0154     -0.002     -0.043     -0.062        188 7.1011e+02 0.0000e+00
     -0.044     8.2973     9.9739     84.830  20.083366     30.191      6.864   279.0717     0.5621     2.8238     0.0155     -0.002     -0.043     -0.062        189 5.6942e+02 0.0000e+00
     -0.044     8.2976     9.9217     84.384  20.075515     30.107      6.864   279.4881     0.5540     2.9178     0.0154     -0.003     -0.043     -0.063        190 3.4828e+02 0.0000e+00
     -0.045     8.2970     9.8622     83.877  20.080614     30.190      6.868   279.0339     0.5864     2.8238     0.0155     -0.003     -0.043     -0.063        191 5.5684e+02 0.0000e+00
     -0.043     8.2973     9.8229     83.546  20.077021     30.106      6.867   279.1853     0.5702     2.7701     0.0154     -0.003     -0.042     -0.061        192 7.3503e+02 0.0000e+00
     -0.041     8.2978     9.7774     83.162  20.079988     30.191      6.872   279.8667     0.5378     2.8104     0.0155     -0.002     -0.040     -0.059        193 7.0405e+02 0.0000e+00
     -0.041     8.2957     9.7401     82.843  20.076922     30.107      6.871   279.9424     0.5944     2.8373     0.0154     -0.000     -0.040     -0.058        194 5.5482e+02 0.0000e+00
     -0.040     8.2929     9.7076     82.566  20.080836     30.190      6.876   279.7531     0.5783     2.9178     0.0155      0.002     -0.040     -0.058        195 5.4039e+02 0.0000e+00
     -0.041     8.2932     9.6830     82.355  20.075118     30.108      6.875   280.2831     0.5823     2.8238     0.0154      0.002     -0.040     -0.058        196 4.4859e+02 0.0000e+00
     -0.041     8.2949     9.6513     82.083  20.084038     30.195      6.876   280.3210     0.5661     2.9044     0.0155      0.002     -0.041     -0.059        197 3.2501e+02 0.0000e+00
     -0.043     8.2954     9.6303     81.899  20.069734     30.110      6.874   280.2453     0.5742     2.9715     0.0154      0.001     -0.041     -0.060        198 5.4304e+02 0.0000e+00
     -0.042     8.2943     9.6111     81.732  20.092919     30.193      6.881   280.5103     0.5581     2.9313     0.0155      0.001     -0.041     -0.060        199 6.7580e+02 0.0000e+00
     -0.041     8.2925     9.5957     81.600  20.114458     30.192      6.879   280.3210     0.5783     2.8776     0.0155     -0.000     -0.040     -0.059        200 6.8261e+02 0.0000e+00
     -0.040     8.2923     9.5870     81.526  20.102202     30.193      6.882   281.0781     0.5581     2.8238     0.0155     -0.000     -0.039     -0.057        201 5.7636e+02 0.0000e+00
     -0.039     8.2940     9.5728     81.405  20.108172     30.195      6.881   281.1160     0.6349     2.8910     0.0155      0.000     -0.039     -0.057        202 3.3797e+02 0.0000e+00
     -0.040     8.2951     9.5711     81.391  20.107029     30.195      6.881   281.1539     0.6470     2.9178     0.0155      0.001     -0.040     -0.058        203 5.3348e+02 0.0000e+00
     -0.041     8.2947     9.5761     81.434  20.103625     30.194      6.880   281.0403     0.6187     2.7164     0.0155      0.001     -0.041     -0.059        204 4.3541e+02 0.0000e+00
     -0.041     8.2942     9.5794     81.463  20.053136     30.109      6.883   281.2296     0.6389     2.7836     0.0154      0.001     -0.041     -0.059        205 4.3222e+02 0.0000e+00
     -0.040     8.2935     9.5772     81.445  20.051315     30.109      6.886   280.7374     0.6470     2.8641     0.0154      0.001     -0.040     -0.058        206 8.2514e+02 0.0000e+00
     -0.040     8.2921     9.5744     81.421  20.105889     30.193      6.888   280.9267     0.6228     2.7701     0.0155      0.000     -0.038     -0.055        207 3.9589e+02 0.0000e+00
     -0.036     8.2895     9.5671     81.358  20.103765     30.194      6.888   280.2453     0.6308     2.8910     0.0155      0.001     -0.031     -0.046        208 1.5681e+02 0.0000e+00
     -0.021     8.2876     9.5623     81.319  20.053959     30.111      6.890   280.2831     0.6228     2.9313     0.0154      0.006     -0.019     -0.027        209 5.2404e+02 0.0000e+00
     -0.002     8.2874     9.5559     81.273  20.049327     30.114      6.893   280.5860     0.6066     2.7701     0.0154      0.014     -0.004     -0.006        210 6.9480e+02 0.0000e+00
      0.009     8.2872     9.5511     81.241  20.050259     30.115      6.892   280.8889     0.6713     2.9581     0.0154      0.024      0.007      0.010        211 5.6745e+02 0.0000e+00
      0.015     8.2869     9.5407     81.150  20.052801     30.116      6.887   281.1917     0.6632     2.8238     0.0154      0.031      0.014      0.019        212 5.7697e+02 0.0000e+00
      0.017     8.2869     9.5342     81.091  20.046162     30.116      6.880   281.5324     0.6713     2.8238     0.0154      0.035      0.015      0.021        213 5.1846e+02 0.0000e+00
      0.012     8.2872     9.5240     81.005  20.058519     30.116      6.854   281.2296     0.6753     2.9447     0.0154      0.033      0.012      0.016        214 3.8056e+02 0.0000e+00
      0.004     8.2880     9.5383     81.131  20.096696     30.200      6.836   280.6996     0.7643     3.0253     0.0155      0.027      0.007      0.009        215 5.9336e+02 0.0000e+00
      0.004     8.2884     9.5310     81.074  20.117198     30.200      6.829   280.3967     0.7441     2.8641     0.0155      0.018      0.007      0.010        216 3.8530e+02 0.0000e+00
      0.014     8.2881     9.5205     80.988  20.092279     30.199      6.835   279.7910     0.7279     2.8776     0.0155      0.009      0.015      0.023        217 3.6470e+02 0.0000e+00
      0.030     8.2878     9.5139     80.932  20.068435     30.115      6.847   280.8510     0.7319     2.8373     0.0154      0.007      0.027      0.040        218 7.2190e+02 0.0000e+00
      0.040     8.2889     9.5102     80.898  20.087598     30.199      6.855   280.4724     0.6228     2.8776     0.0155      0.010      0.036      0.053        219 5.0671e+02 0.0000e+00
      0.041     8.2932     9.5095     80.894  20.068431     30.115      6.855   280.6617     0.6470     2.8910     0.0154      0.014      0.040      0.059        220 4.0136e+02 0.0000e+00
      0.043     8.2971     9.5112     80.911  20.092288     30.198      6.858   280.5103     0.6187     2.8507     0.0155      0.019      0.044      0.065        221 5.0644e+02 0.0000e+00
      0.053     8.2961     9.5138     80.933  20.117180     30.194      6.861   281.0781     0.6308     2.8238     0.0155      0.025      0.052      0.075        222 4.3850e+02 0.0000e+00
      0.063     8.2942     9.5184     80.971  20.096725     30.191      6.858   281.2296     0.6349     2.7701     0.0155      0.030      0.058      0.084        223 6.2073e+02 0.0000e+00
      0.063     8.2946     9.5251     81.027  20.058470     30.108      6.853   288.1575     0.6228     2.8238     0.0154      0.028      0.052      0.075        224 9.4931e+02 0.0000e+00
      0.034     8.2972     9.5359     81.116  20.105513     30.193      6.855   281.2674     0.6470     2.9178     0.0155      0.015      0.022      0.032        225 5.8254e+02 0.0000e+00
     -0.029     8.2998     9.5335     81.094  20.038180     30.109      6.858   281.4189     0.6308     2.7298     0.0154     -0.013     -0.031     -0.045        226 3.3659e+02 0.0000e+00
     -0.098     8.3009     9.5271     81.039  19.934810     29.897      6.858   281.5324     0.5944     2.9984     0.0153     -0.050     -0.095     -0.137        227 7.5840e+02 0.0000e+00
     -0.163     8.3009     9.5209     80.985  20.085975     30.188      6.857   283.0467     0.5702     2.9178     0.0155     -0.093     -0.156     -0.226        228 9.9756e+02 0.0000e+00
     -0.216     8.3002     9.5105     80.896  20.116786     30.187      6.863   291.9053     0.5500     2.8507     0.0155     -0.137     -0.209     -0.303        229 8.7605e+02 0.0000e+00
     -0.259     8.3007     9.5099     80.889  20.103920     30.187      6.867   283.3117     0.5540     2.8238     0.0155     -0.174     -0.257     -0.373        230 7.1928e+02 0.0000e+00
     -0.314     8.3021     9.4970     80.776  20.161259     30.272      6.872   293.9875     0.5419     2.8507     0.0155     -0.203     -0.309     -0.448        231 8.5068e+02 0.0000e+00
     -0.375     8.3024     9.4930     80.739  20.104702     30.187      6.877   294.1389     0.5176     2.8104     0.0155     -0.220     -0.360     -0.523        232 9.0172e+02 0.0000e+00
     -0.414     8.3018     9.4830     80.654  20.055758     30.102      6.881   294.3660     0.5095     2.8776     0.0154     -0.219     -0.395     -0.574        233 8.6933e+02 0.0000e+00
     -0.420     8.3009     9.4978     80.780  20.103622     30.186      6.884   294.4039     0.5055     2.8104     0.0155     -0.198     -0.407     -0.591        234 8.3569e+02 0.0000e+00
     -0.413     8.2999     9.4961     80.766  20.104408     30.186      6.887   294.3660     0.4731     2.8373     0.0155     -0.166     -0.406     -0.587        235 8.1104e+02 0.0000e+00
     -0.407     8.2989     9.5048     80.840  20.114052     30.187      6.886   295.1232     0.5136     2.8776     0.0155     -0.130     -0.406     -0.587        236 8.3841e+02 0.0000e+00
     -0.421     8.2983     9.5027     80.821  20.091620     30.188      6.869   294.7825     0.5217     2.7164     0.0155     -0.099     -0.416     -0.603        237 8.4005e+02 0.0000e+00
     -0.444     8.2979     9.5086     80.869  20.073050     30.105      6.869   293.8739     0.5176     2.8641     0.0154     -0.073     -0.431     -0.625        238 8.6450e+02 0.0000e+00
     -0.453     8.2974     9.5043     80.830  20.137161     30.274      6.871   294.4039     0.4974     2.8910     0.0155     -0.050     -0.440     -0.638        239 8.7802e+02 0.0000e+00
     -0.449     8.2966     9.5042     80.826  20.130382     30.190      6.874   294.0632     0.4327     2.8776     0.0155     -0.031     -0.439     -0.637        240 8.6861e+02 0.0000e+00
     -0.442     8.2950     9.4921     80.721  20.081488     30.190      6.874   294.2146     0.4489     2.8641     0.0155     -0.021     -0.433     -0.628        241 8.6343e+02 0.0000e+00
     -0.431     8.2937     9.4983     80.771  20.079463     30.107      6.873   295.3125     0.4287     2.7433     0.0154     -0.016     -0.426     -0.618        242 9.1931e+02 0.0000e+00
     -0.431     8.2935     9.5016     80.797  20.073628     30.193      6.860   294.8203     0.4125     2.7970     0.0155     -0.013     -0.423     -0.613        243 9.2171e+02 0.0000e+00
     -0.431     8.2936     9.5006     80.787  20.029478     30.026      6.850   294.3660     0.1699    11.9414     0.0154     -0.006     -0.421     -0.610        244 8.8347e+02 0.0000e+00
     -0.424     8.2936     9.5095     80.863  20.075136     30.194      6.849   294.9339     0.1982    11.8877     0.0155      0.006     -0.416     -0.603        245 8.9095e+02 0.0000e+00
     -0.419     8.2938     9.5072     80.843  20.076081     30.110      6.850   295.1610     0.1820    11.9951     0.0154      0.015     -0.411     -0.596        246 9.0399e+02 0.0000e+00
     -0.415     8.2934     9.5097     80.866  20.087575     30.194      6.853   295.0096     0.1739    11.8743     0.0155      0.018     -0.406     -0.591        247 9.1771e+02 0.0000e+00
     -0.411     8.2922     9.5095     80.866  20.120103     30.194      6.859   295.5396     0.1699     7.8325     0.0155      0.017     -0.401     -0.583        248 9.2890e+02 0.0000e+00
     -0.404     8.2908     9.5106     80.876  20.094872     30.194      6.863   294.7446     0.4489     2.7970     0.0155      0.017     -0.390     -0.566        249 9.1789e+02 0.0000e+00
     -0.378     8.2893     9.5125     80.890  20.059703     30.111      6.855   291.4510     0.4772     2.9313     0.0154      0.022     -0.368     -0.534        250 9.3015e+02 0.0000e+00
     -0.345     8.2881     9.5070     80.842  20.045326     30.113      6.853   292.0567     0.4408     2.8373     0.0154      0.036     -0.339     -0.492        251 9.1237e+02 0.0000e+00
     -0.317     8.2869     9.5114     80.880  20.112764     30.198      6.848   290.9967     0.4489     2.8104     0.0155      0.051     -0.311     -0.451        252 9.6368e+02 0.0000e+00
     -0.289     8.2859     9.5096     80.863  20.094325     30.199      6.846   286.4160     0.4489     2.8507     0.0155      0.067     -0.282     -0.409        253 8.0717e+02 0.0000e+00
     -0.256     8.2855     9.4954     80.743  20.068274     30.116      6.841   283.1603     0.4084     2.8641     0.0154      0.084     -0.250     -0.362        254 9.9665e+02 0.0000e+00
     -0.219     8.2852     9.5035     80.809  20.085910     30.201      6.834   282.5924     0.4529     2.7701     0.0155      0.101     -0.215     -0.312        255 7.6961e+02 0.0000e+00
