Data/DataNotYetUploadedToEDI/Raw_CTD/2018_RawDownloads/111618_bvr50.cnv
* Sea-Bird SBE19plus  Data File:
* FileName = C:\DATA\111618_bvr50_0001.hex
* Software version 2.6.3.104
* Temperature SN = 7809
* Conductivity SN = 7809
* System UpLoad Time = Nov 16 2018 18:42:20
* <ApplicationData>
* <Seaterm232>
# nquan = 17
# nvalues = 1268                        
# units = specified
# name 0 = depFM: Depth [fresh water, m]
# name 1 = tv290C: Temperature [ITS-90, deg C]
# name 2 = sbeox0Mg/L: Oxygen, SBE 43 [mg/l]
# name 3 = sbeox0PS: Oxygen, SBE 43 [% saturation]
# name 4 = c0uS/cm: Conductivity [uS/cm]
# name 5 = specc: Specific Conductance [uS/cm]
# name 6 = ph: pH
# name 7 = orp: Oxidation Reduction Potential [mV]
# name 8 = flECO-AFL: Fluorescence, WET Labs ECO-AFL/FL [mg/m^3]
# name 9 = turbWETntu0: Turbidity, WET Labs ECO [NTU]
# name 10 = sal00: Salinity, Practical [PSU]
# name 11 = dz/dtM: Descent Rate [m/s]
# name 12 = prdM: Pressure, Strain Gauge [db]
# name 13 = prdE: Pressure, Strain Gauge [psi]
# name 14 = scan: Scan Count
# name 15 = par/sat/log: PAR/Logarithmic, Satlantic
# name 16 = flag:  0.000e+00
# span 0 =     -0.742,     10.702       
# span 1 =     8.1066,     9.0135       
# span 2 =     3.7941,    11.7514       
# span 3 =     32.136,     99.980       
# span 4 =   0.553911,  93.704238       
# span 5 =      0.831,    154.565       
# span 6 =      2.294,     11.647       
# span 7 = -1240.7455,  1240.2295       
# span 8 =    -0.6186,     1.7307       
# span 9 =    -4.4272,    11.9951       
# span 10 =     0.0045,     0.0713      
# span 11 =     -0.220,      0.263      
# span 12 =     -0.727,     10.496      
# span 13 =     -1.055,     15.222      
# span 14 =          1,       1268      
# span 15 = 1.2375e-01, 1.9628e+03      
# span 16 = 0.0000e+00, 0.0000e+00      
# interval = seconds: 0.25
# start_time = Nov 16 2018 18:34:33 [Instrument's time stamp, header]
# bad_flag = -9.990e-29
*END*
     -0.742     8.9439    11.1131     96.145   0.620599      0.915      4.153  -522.7827    -0.2183     0.5948     0.0045 -4.211e-16     -0.727     -1.055          1 1.1527e+02 0.0000e+00
     -0.742     8.9510    11.1146     96.184   0.622020      0.915      4.651  -578.4329    -0.2224     0.6619     0.0045 -2.105e-16     -0.727     -1.055          2 1.1279e+02 0.0000e+00
     -0.741     8.9576    11.1342     96.197   0.619702      0.915      4.779 -1240.7455    -0.2507     0.5277     0.0045      0.000     -0.727     -1.054          3 1.1101e+02 0.0000e+00
     -0.741     8.9629    11.1786     96.169   0.623484      0.915      2.294   396.8078    -0.1860    -0.0229     0.0045      0.000     -0.727     -1.054          4 1.0994e+02 0.0000e+00
     -0.741     8.9673    11.2143     96.165   0.617314      0.915      7.033  1240.2295    -0.1941    -0.0229     0.0045      0.000     -0.727     -1.054          5 1.1831e+02 0.0000e+00
     -0.741     8.9711    11.2450     96.214   0.568165      0.832      7.737  1240.2295    -0.2224     0.0308     0.0045      0.000     -0.727     -1.054          6 1.3035e+02 0.0000e+00
     -0.740     8.9742    11.2668     96.201   0.566217      0.832      7.210  1240.2295    -0.1981     0.0577     0.0045      0.001     -0.727     -1.054          7 1.3708e+02 0.0000e+00
     -0.741     8.9761    11.2892     96.266   0.619737      0.914      6.338  1240.2295    -0.2345    -0.1169     0.0045      0.001     -0.727     -1.054          8 1.4444e+02 0.0000e+00
     -0.741     8.9810    11.3040     96.316   0.619991      0.914      5.751  1240.2295    -0.1617     2.0719     0.0045      0.000     -0.727     -1.054          9 1.5433e+02 0.0000e+00
     -0.741     8.9908    11.3225     96.418   0.625118      0.914      5.413  1240.2295    -0.1415     2.0450     0.0046      0.000     -0.726     -1.054         10 1.6175e+02 0.0000e+00
     -0.741     9.0031    11.3488     96.605   0.613358      0.914      5.252  1240.2295    -0.1375     2.1524     0.0046      0.000     -0.726     -1.054         11 1.7007e+02 0.0000e+00
     -0.741     9.0135    11.3929     96.959   0.575409      0.832      5.135  1240.2295    -0.1415     2.0182     0.0045      0.000     -0.725     -1.053         12 1.7379e+02 0.0000e+00
     -0.740     8.9407    11.4321     97.272   0.553911      0.831      5.084  1240.2295    -0.6106    -2.5339     0.0046      0.000     -0.718     -1.041         13 1.8550e+02 0.0000e+00
     -0.715     8.7695    11.4803     97.667   3.156924      4.399      3.517 -1226.0569    -0.6106    -2.6548     0.0056      0.007     -0.692     -1.003         14 1.9269e+02 0.0000e+00
     -0.660     8.6315    11.5390     98.160  10.840088     16.001     11.647  1240.2295    -0.6186    -2.7353     0.0099      0.026     -0.645     -0.935         15 2.2178e+02 0.0000e+00
     -0.602     8.5398    11.5932     98.645  18.627729     27.745      9.047  1240.2295    -0.5984    -2.7085     0.0147      0.056     -0.582     -0.844         16 3.8247e+02 0.0000e+00
     -0.518     8.4555    11.6456     99.100  21.432360     31.925      8.113   298.0761     1.2414    -4.2930     0.0164      0.098     -0.501     -0.726         17 6.6594e+02 0.0000e+00
     -0.407     8.4006    11.7063     99.608  21.187840     31.554      8.088   291.5267     1.2616    -4.2930     0.0162      0.155     -0.413     -0.599         18 8.6207e+02 0.0000e+00
     -0.344     8.3682    11.7514     99.980  20.858380     31.175      7.924   281.9867     1.2374    -4.4272     0.0160      0.206     -0.346     -0.502         19 9.6665e+02 0.0000e+00
     -0.308     8.3441    11.7429     99.902  20.745787     31.059      7.809   275.4753     1.2576    -4.3198     0.0159      0.241     -0.298     -0.433         20 1.0085e+03 0.0000e+00
     -0.257     8.3287    11.7235     99.738  20.646310     30.922      7.745   273.5824     0.2750     3.0924     0.0158      0.260     -0.251     -0.364         21 1.0595e+03 0.0000e+00
     -0.204     8.3189    11.7065     99.601  20.626538     30.944      7.690   273.0903     0.3114     3.1461     0.0158      0.263     -0.202     -0.294         22 1.1366e+03 0.0000e+00
     -0.159     8.3108    11.6346     98.997  20.711126     31.042      7.706   270.7053     0.3033     3.1998     0.0158      0.250     -0.157     -0.229         23 1.1355e+03 0.0000e+00
     -0.119     8.3039    11.4841     97.723  20.778146     31.219      7.754   271.1595     0.2831     3.1595     0.0159      0.229     -0.117     -0.171         24 9.5787e+02 0.0000e+00
     -0.083     8.3024    11.2542     95.771  20.602411     30.891      7.807   271.0081     0.3154     2.8373     0.0158      0.201     -0.082     -0.120         25 7.4406e+02 0.0000e+00
     -0.050     8.3109    10.9491     93.179  20.574177     30.897      7.828   266.3895     0.3357     2.8776     0.0158      0.176     -0.054     -0.079         26 7.3698e+02 0.0000e+00
     -0.033     8.3155    10.5996     90.206  20.635458     30.983      7.826   265.8595     0.3154     2.8373     0.0158      0.160     -0.038     -0.056         27 6.2009e+02 0.0000e+00
     -0.034     8.3118    10.2478     87.215  20.585424     30.890      7.793   262.4145     0.3073     2.8507     0.0158      0.141     -0.035     -0.052         28 7.6421e+02 0.0000e+00
     -0.041     8.3074     9.8996     84.255  20.577169     30.887      7.767   255.6759     0.3033     2.8507     0.0158      0.111     -0.041     -0.059         29 7.8050e+02 0.0000e+00
     -0.050     8.3046     9.5466     81.250  20.467908     30.722      7.744   256.4709     0.3680     2.9447     0.0157      0.078     -0.050     -0.072         30 3.2731e+02 0.0000e+00
     -0.062     8.3052     9.2729     78.918  20.395390     30.601      7.708   252.3823     0.4004     2.8641     0.0156      0.045     -0.060     -0.088         31 2.3022e+02 0.0000e+00
     -0.073     8.3084     9.0785     77.262  20.459958     30.729      7.638   251.3223     0.3923     2.7298     0.0157      0.016     -0.070     -0.103         32 2.2036e+02 0.0000e+00
     -0.082     8.3117     8.9548     76.208  20.535739     30.812      7.578   251.5116     0.3680     2.8104     0.0157     -0.009     -0.078     -0.114         33 3.2973e+02 0.0000e+00
     -0.086     8.3141     8.8814     75.585  20.627089     30.977      7.538   252.8745     0.2993     2.8507     0.0158     -0.025     -0.082     -0.120         34 5.2275e+02 0.0000e+00
     -0.084     8.3162     8.8505     75.324  20.642647     30.974      7.508   266.4274     0.3599     2.8507     0.0158     -0.031     -0.082     -0.120         35 4.7299e+02 0.0000e+00
     -0.083     8.3178     8.8280     75.132  20.634926     30.972      7.492   268.8124     0.3235     2.8776     0.0158     -0.027     -0.082     -0.120         36 3.5015e+02 0.0000e+00
     -0.085     8.3185     8.8091     74.971  20.636697     30.970      7.481   267.8660     0.2750     2.8238     0.0158     -0.022     -0.084     -0.122         37 3.8288e+02 0.0000e+00
     -0.088     8.3198     8.8032     74.922  20.581169     30.884      7.474   268.1310     0.3033     2.8641     0.0158     -0.016     -0.086     -0.124         38 3.4778e+02 0.0000e+00
     -0.089     8.3215     8.7838     74.760  20.526205     30.800      7.460   270.8188     0.2912     2.8910     0.0157     -0.010     -0.088     -0.127         39 4.8363e+02 0.0000e+00
     -0.093     8.3214     8.7680     74.634  20.527273     30.799      7.450   272.4088     0.3195     2.8507     0.0157     -0.007     -0.091     -0.131         40 8.1215e+02 0.0000e+00
     -0.094     8.3200     8.7401     74.397  20.639114     30.965      7.444   271.9545     0.3114     2.8238     0.0158     -0.005     -0.091     -0.132         41 5.3185e+02 0.0000e+00
     -0.091     8.3188     8.7374     74.372  20.683394     31.049      7.443   269.4181     0.3397     2.7970     0.0158     -0.005     -0.088     -0.127         42 2.3205e+02 0.0000e+00
     -0.083     8.3186     8.7341     74.341  20.590716     30.882      7.451   267.4495     0.3195     2.9178     0.0158     -0.003     -0.079     -0.115         43 5.4381e+02 0.0000e+00
     -0.068     8.3195     8.7399     74.386  20.576626     30.884      7.462   268.0553     0.3154     2.7701     0.0158      0.004     -0.067     -0.097         44 2.6646e+02 0.0000e+00
     -0.054     8.3203     8.7453     74.429  20.582380     30.884      7.465   270.2510     0.2912     2.7970     0.0158      0.013     -0.056     -0.082         45 7.8452e+02 0.0000e+00
     -0.051     8.3202     8.7423     74.399  20.583556     30.883      7.454   268.6988     0.3073     2.7970     0.0158      0.020     -0.053     -0.078         46 1.9628e+03 0.0000e+00
     -0.059     8.3202     8.7393     74.371  20.634438     30.966      7.438   268.5853     0.3882     2.9313     0.0158      0.023     -0.060     -0.089         47 9.5496e+02 0.0000e+00
     -0.076     8.3201     8.7354     74.337  20.637609     30.966      7.431   267.9038     0.3437     2.7836     0.0158      0.019     -0.078     -0.114         48 1.0361e+02 0.0000e+00
     -0.106     8.3224     8.7427     74.399  20.638885     30.966      7.419   267.6388     0.3599     2.9044     0.0158      0.004     -0.103     -0.149         49 8.4506e+02 0.0000e+00
     -0.131     8.3269     8.7778     74.697  20.692123     31.050      7.391   260.4459     0.3842     2.7836     0.0158     -0.016     -0.125     -0.181         50 1.0789e+03 0.0000e+00
     -0.143     8.3276     8.7955     74.847  20.689902     31.048      7.369   266.1245     0.3518     2.9447     0.0158     -0.036     -0.135     -0.196         51 8.6181e+02 0.0000e+00
     -0.139     8.3259     8.8261     75.108  20.641647     30.960      7.350   267.9038     0.4004     2.8910     0.0158     -0.049     -0.133     -0.192         52 1.2459e+03 0.0000e+00
     -0.123     8.3244     8.8636     75.428  20.633624     30.959      7.335   268.6610     0.3801     2.8104     0.0158     -0.050     -0.123     -0.178         53 7.7178e+02 0.0000e+00
     -0.116     8.3224     8.8952     75.697  20.640612     30.961      7.321   268.3203     0.3680     2.9044     0.0158     -0.040     -0.116     -0.167         54 6.2107e+02 0.0000e+00
     -0.112     8.3202     8.9217     75.922  20.632952     30.962      7.293   269.7210     0.4367     2.8507     0.0158     -0.025     -0.111     -0.161         55 9.3352e+02 0.0000e+00
     -0.111     8.3183     8.9393     76.073  20.643157     30.964      7.260   270.0238     0.4448     2.9178     0.0158     -0.007     -0.110     -0.159         56 5.0059e+02 0.0000e+00
     -0.113     8.3171     8.9406     76.085  20.627914     30.966      7.232   269.6453     0.4489     2.8776     0.0158      0.008     -0.111     -0.161         57 7.1208e+02 0.0000e+00
     -0.115     8.3162     8.9344     76.032  20.533374     30.800      7.213   270.0238     0.4206     2.7970     0.0157      0.014     -0.113     -0.163         58 8.1292e+02 0.0000e+00
     -0.116     8.3159     8.9291     75.988  20.523712     30.801      7.196   270.1374     0.3842     2.7433     0.0157      0.013     -0.113     -0.164         59 4.0110e+02 0.0000e+00
     -0.115     8.3159     8.9113     75.836  20.521390     30.802      7.184   270.4403     0.3680     2.9447     0.0157      0.008     -0.113     -0.164         60 6.7932e+02 0.0000e+00
     -0.115     8.3157     8.8903     75.658  20.476988     30.719      7.169   270.7431     0.3842     2.8776     0.0157      0.001     -0.113     -0.164         61 6.3565e+02 0.0000e+00
     -0.115     8.3159     8.8618     75.415  20.519695     30.802      7.164   270.4403     0.3559     2.9581     0.0157     -0.001     -0.113     -0.163         62 4.8011e+02 0.0000e+00
     -0.114     8.3164     8.8416     75.244  20.527518     30.803      7.148   271.7274     0.4367     2.8910     0.0157     -0.002     -0.112     -0.162         63 1.4039e+03 0.0000e+00
     -0.114     8.3165     8.8130     75.001  20.526526     30.802      7.136   271.7274     0.4448     2.9178     0.0157     -0.001     -0.112     -0.162         64 4.6779e+02 0.0000e+00
     -0.114     8.3164     8.7972     74.867  20.520929     30.802      7.114   270.7053     0.4287     2.9581     0.0157      0.000     -0.112     -0.162         65 4.5299e+02 0.0000e+00
     -0.113     8.3167     8.7879     74.789  20.475209     30.718      7.094   272.1817     0.4448     2.7970     0.0157      0.001     -0.111     -0.161         66 1.9332e+03 0.0000e+00
     -0.112     8.3171     8.7778     74.705  20.464874     30.718      7.085   272.2953     0.4287     2.7836     0.0157      0.002     -0.110     -0.160         67 1.0414e+03 0.0000e+00
     -0.112     8.3174     8.7552     74.512  20.474517     30.718      7.073   271.8031     0.5702     2.9313     0.0157      0.002     -0.110     -0.159         68 3.2445e+02 0.0000e+00
     -0.111     8.3176     8.7464     74.438  20.463210     30.717      7.070   272.9388     0.5783     2.8238     0.0157      0.002     -0.109     -0.157         69 6.1295e+02 0.0000e+00
     -0.108     8.3176     8.7328     74.323  20.478945     30.717      7.065   273.8096     0.5419     2.8507     0.0157      0.003     -0.107     -0.155         70 1.0355e+03 0.0000e+00
     -0.107     8.3177     8.7180     74.200  20.454935     30.717      7.056   274.6424     0.5661     2.7701     0.0157      0.003     -0.106     -0.154         71 7.3947e+02 0.0000e+00
     -0.109     8.3178     8.6993     74.044  20.404178     30.591      7.048   274.2260     0.5136     2.9313     0.0156      0.004     -0.107     -0.155         72 4.2088e+02 0.0000e+00
     -0.111     8.3180     8.6796     73.880  20.453198     30.717      7.045   272.6738     0.5297     2.9313     0.0157      0.003     -0.108     -0.156         73 8.1307e+02 0.0000e+00
     -0.108     8.3183     8.6582     73.701  20.393930     30.591      7.042   273.0903     0.5176     2.7836     0.0156      0.002     -0.106     -0.153         74 5.3699e+02 0.0000e+00
     -0.105     8.3185     8.6283     73.449  20.389025     30.591      7.041   273.5824     0.4893     2.7970     0.0156      0.003     -0.103     -0.148         75 1.8064e+02 0.0000e+00
     -0.099     8.3191     8.6099     73.294  20.459304     30.716      7.039   272.8253     0.5661     2.8910     0.0157      0.004     -0.098     -0.142         76 3.4020e+02 0.0000e+00
     -0.095     8.3200     8.5684     72.942  20.395382     30.590      7.039   273.3174     0.5864     2.9044     0.0156      0.006     -0.094     -0.137         77 3.1581e+02 0.0000e+00
     -0.094     8.3203     8.5247     72.571  20.379663     30.590      7.037   273.8474     0.5823     2.8776     0.0156      0.008     -0.093     -0.135         78 3.7633e+02 0.0000e+00
     -0.096     8.3201     8.4828     72.217  20.389955     30.589      7.028   271.1974     0.5581     2.8507     0.0156      0.009     -0.093     -0.135         79 7.0549e+02 0.0000e+00
     -0.094     8.3208     8.4444     71.895  20.471485     30.715      7.024   272.7496     0.4893     2.8776     0.0157      0.009     -0.092     -0.134         80 3.9576e+02 0.0000e+00
     -0.093     8.3226     8.3951     71.480  20.456022     30.715      7.019   272.6360     0.4853     2.8776     0.0157      0.009     -0.091     -0.132         81 2.0412e+02 0.0000e+00
     -0.092     8.3241     8.3555     71.148  20.409198     30.588      7.010   273.0146     0.5014     2.9715     0.0156      0.007     -0.090     -0.131         82 3.9056e+02 0.0000e+00
     -0.091     8.3259     8.3153     70.810  20.440847     30.712      7.006   273.5067     0.5095     2.8507     0.0157      0.005     -0.090     -0.130         83 4.2747e+02 0.0000e+00
     -0.092     8.3279     8.2771     70.490  20.357362     30.502      7.000   274.2638     0.4893     3.0521     0.0156      0.003     -0.091     -0.132         84 4.8498e+02 0.0000e+00
     -0.095     8.3296     8.2409     70.186  20.453819     30.709      6.993   274.1503     0.4974     3.0790     0.0157      0.001     -0.093     -0.135         85 2.9250e+02 0.0000e+00
