Data/DataNotYetUploadedToEDI/Raw_CTD/2018_RawDownloads/120618_fcr50.cnv
* Sea-Bird SBE19plus  Data File:
* FileName = C:\DATA\120618_fcr50_0001.hex
* Software version 2.6.3.104
* Temperature SN = 7809
* Conductivity SN = 7809
* System UpLoad Time = Dec 06 2018 16:36:23
* <ApplicationData>
* <Seaterm232>
# nquan = 17
# nvalues = 626                         
# units = specified
# name 0 = depFM: Depth [fresh water, m]
# name 1 = tv290C: Temperature [ITS-90, deg C]
# name 2 = sbeox0Mg/L: Oxygen, SBE 43 [mg/l]
# name 3 = sbeox0PS: Oxygen, SBE 43 [% saturation]
# name 4 = c0uS/cm: Conductivity [uS/cm]
# name 5 = specc: Specific Conductance [uS/cm]
# name 6 = ph: pH
# name 7 = orp: Oxidation Reduction Potential [mV]
# name 8 = flECO-AFL: Fluorescence, WET Labs ECO-AFL/FL [mg/m^3]
# name 9 = turbWETntu0: Turbidity, WET Labs ECO [NTU]
# name 10 = sal00: Salinity, Practical [PSU]
# name 11 = dz/dtM: Descent Rate [m/s]
# name 12 = prdM: Pressure, Strain Gauge [db]
# name 13 = prdE: Pressure, Strain Gauge [psi]
# name 14 = scan: Scan Count
# name 15 = par/sat/log: PAR/Logarithmic, Satlantic
# name 16 = flag:  0.000e+00
# span 0 =     -0.567,      9.806       
# span 1 =     2.2541,     5.4726       
# span 2 =     2.6180,    13.4142       
# span 3 =     20.688,    104.358       
# span 4 =   0.798912, 115.320624       
# span 5 =      1.241,    190.611       
# span 6 =     -3.279,     16.504       
# span 7 = -1240.7455,  1240.2295       
# span 8 =    -0.3154,     4.4319       
# span 9 =    -0.3854,     7.3625       
# span 10 =     0.0002,     0.0862      
# span 11 =     -0.057,      0.321      
# span 12 =     -0.556,      9.616      
# span 13 =     -0.807,     13.947      
# span 14 =          1,        626      
# span 15 = 1.2390e-01, 1.2062e+03      
# span 16 = 0.0000e+00, 0.0000e+00      
# interval = seconds: 0.25
# start_time = Dec 06 2018 15:38:22 [Instrument's time stamp, header]
# bad_flag = -9.990e-29
*END*
[from data line 511]
      7.752     5.3204    11.0181     87.001  21.473982     35.413     10.098   314.0518     3.8334     2.4747     0.0160      0.064      7.603     11.028        512 2.6724e-01 0.0000e+00
      7.776     5.3212    11.0277     87.066  21.532911     35.505     10.091   314.5061     3.8172     2.4613     0.0161      0.064      7.625     11.059        513 2.8644e-01 0.0000e+00
      7.798     5.3214    11.0317     87.085  21.525192     35.505     10.086   313.1432     4.0477     2.3941     0.0161      0.066      7.645     11.088        514 2.7622e-01 0.0000e+00
      7.813     5.3214    11.0427     87.164  21.483590     35.412     10.080   313.2190     4.0396     2.5016     0.0160      0.071      7.662     11.113        515 2.6580e-01 0.0000e+00
      7.829     5.3218    11.0418     87.151  21.525406     35.503     10.074   313.2568     4.0356     2.4747     0.0161      0.074      7.680     11.140        516 2.6165e-01 0.0000e+00
      7.856     5.3218    11.0385     87.121  21.562069     35.550     10.068   315.6418     4.0113     2.4344     0.0161      0.078      7.703     11.174        517 2.6401e-01 0.0000e+00
      7.882     5.3221    11.0390     87.123  21.526881     35.503     10.066   316.0204     4.2661     2.4344     0.0161      0.081      7.725     11.205        518 2.5897e-01 0.0000e+00
      7.894     5.3220    11.0261     87.022  21.480278     35.411     10.056   315.4904     4.2863     2.4613     0.0160      0.080      7.742     11.229        519 2.4384e-01 0.0000e+00
      7.910     5.3212    11.0329     87.084  21.471871     35.410     10.053   315.7175     4.3025     2.4881     0.0160      0.078      7.760     11.255        520 2.7940e-01 0.0000e+00
      7.936     5.3212    11.0311     87.082  21.478068     35.411     10.051   315.6797     4.2863     2.4344     0.0160      0.078      7.784     11.289        521 2.4914e-01 0.0000e+00
      7.965     5.3201    11.0375     87.139  21.531845     35.504     10.042   315.6418     4.1003     2.3673     0.0161      0.081      7.814     11.333        522 2.2373e-01 0.0000e+00
      8.004     5.3150    11.0250     87.043  21.523502     35.504     10.032   316.2097     4.0962     2.4881     0.0161      0.089      7.850     11.385        523 2.4903e-01 0.0000e+00
      8.043     5.3094    11.0086     86.919  21.488451     35.413     10.025   316.6261     4.0922     2.4613     0.0160      0.099      7.886     11.437        524 2.1729e-01 0.0000e+00
      8.076     5.3061    11.0122     86.952  21.545827     35.557     10.018   314.2411     4.0801     2.4747     0.0161      0.107      7.916     11.482        525 2.1939e-01 0.0000e+00
      8.098     5.3034    11.0049     86.893  21.481738     35.425     10.011   315.0740     4.1488     2.3404     0.0160      0.114      7.940     11.517        526 2.0905e-01 0.0000e+00
      8.119     5.3016    11.0009     86.863  21.420015     35.337     10.006   315.5661     4.1609     2.4076     0.0160      0.119      7.959     11.545        527 2.0877e-01 0.0000e+00
      8.134     5.3008    11.0028     86.881  21.474447     35.432      9.997   315.7554     4.1448     2.3941     0.0160      0.116      7.974     11.566        528 2.2196e-01 0.0000e+00
      8.141     5.3012    10.9934     86.807  21.473276     35.434      9.994   316.3232     4.1650     2.4881     0.0160      0.105      7.986     11.582        529 2.0287e-01 0.0000e+00
      8.156     5.3051    11.0044     86.892  21.480749     35.435      9.992   316.5504     4.1286     2.3673     0.0160      0.091      8.002     11.606        530 1.9248e-01 0.0000e+00
      8.184     5.3103    11.0068     86.912  21.524427     35.527      9.987   316.6261     4.3065     2.4881     0.0161      0.080      8.026     11.641        531 1.9413e-01 0.0000e+00
      8.212     5.3132    11.0167     86.990  21.507839     35.476      9.982   312.1968     4.2459     2.3404     0.0161      0.074      8.051     11.677        532 2.2073e-01 0.0000e+00
      8.230     5.3145    11.0217     87.032  21.471753     35.424      9.973   312.3861     4.2822     2.3941     0.0160      0.073      8.072     11.707        533 2.0338e-01 0.0000e+00
      8.251     5.3168    11.0226     87.038  21.480417     35.421      9.971   313.6732     4.2701     2.3941     0.0160      0.075      8.092     11.735        534 1.7145e-01 0.0000e+00
      8.273     5.3186    11.0152     86.973  21.467416     35.419      9.968   314.1275     4.2661     2.3673     0.0160      0.079      8.107     11.759        535 1.7524e-01 0.0000e+00
      8.276     5.3187    11.0183     86.992  21.487931     35.417      9.961   313.5597     4.2903     2.3270     0.0160      0.078      8.115     11.769        536 1.5667e-01 0.0000e+00
      8.274     5.3192    11.0216     87.016  21.514165     35.507      9.955   313.2190     4.2822     2.3941     0.0161      0.073      8.120     11.777        537 1.7628e-01 0.0000e+00
      8.290     5.3203    11.0311     87.090  21.434769     35.322      9.953   315.3011     4.3106     2.3941     0.0160      0.064      8.136     11.801        538 1.8620e-01 0.0000e+00
      8.325     5.3206    11.0387     87.149  21.468181     35.414      9.952   315.8311     3.9426     2.4076     0.0160      0.060      8.169     11.848        539 1.5388e-01 0.0000e+00
      8.374     5.3199    11.0396     87.156  21.502222     35.459      9.940   312.4240     3.9547     2.4344     0.0161      0.066      8.210     11.908        540 1.5541e-01 0.0000e+00
      8.415     5.3197    11.0448     87.196  21.481324     35.412      9.930   312.2347     3.9305     2.4479     0.0160      0.080      8.248     11.963        541 1.6508e-01 0.0000e+00
      8.441     5.3203    11.0318     87.091  21.523829     35.505      9.923   312.2347     3.9871     2.4076     0.0161      0.094      8.276     12.003        542 1.5738e-01 0.0000e+00
      8.461     5.3210    11.0412     87.164  21.478964     35.413      9.920   311.9318     3.9183     2.4210     0.0160      0.106      8.297     12.034        543 1.4123e-01 0.0000e+00
      8.480     5.3205    11.0380     87.138  21.477879     35.413      9.914   311.9318     3.8779     2.4210     0.0160      0.116      8.319     12.065        544 1.5524e-01 0.0000e+00
      8.508     5.3179    11.0191     86.989  21.525178     35.504      9.913   312.8782     3.8738     2.4344     0.0161      0.120      8.346     12.104        545 1.5132e-01 0.0000e+00
      8.541     5.3155    11.0114     86.928  21.479379     35.412      9.905   313.1054     3.8819     2.4210     0.0160      0.118      8.376     12.149        546 1.2943e-01 0.0000e+00
      8.574     5.3143    11.0190     86.988  21.475599     35.415      9.899   313.2190     3.8900     2.4076     0.0160      0.112      8.408     12.195        547 1.2887e-01 0.0000e+00
      8.608     5.3139    11.0122     86.934  21.500244     35.464      9.893   313.7111     4.0679     2.4210     0.0161      0.108      8.440     12.242        548 1.2992e-01 0.0000e+00
      8.639     5.3135    11.0093     86.911  21.478348     35.420      9.887   312.7268     4.0720     2.3270     0.0160      0.110      8.472     12.288        549 1.3699e-01 0.0000e+00
      8.671     5.3133    11.0081     86.903  21.473212     35.420      9.884   313.0297     4.0922     2.4613     0.0160      0.116      8.504     12.335        550 1.2862e-01 0.0000e+00
      8.706     5.3128    10.9986     86.830  21.476999     35.421      9.878   312.9540     4.0720     2.4210     0.0160      0.123      8.539     12.385        551 1.2489e-01 0.0000e+00
      8.746     5.3120    11.0066     86.893  21.473636     35.421      9.869   312.5375     4.3106     2.4210     0.0160      0.130      8.578     12.441        552 1.4792e-01 0.0000e+00
      8.789     5.3114    11.0100     86.922  21.477397     35.421      9.865   312.4997     4.3025     2.4747     0.0160      0.135      8.618     12.500        553 1.5095e-01 0.0000e+00
      8.829     5.3110    10.9997     86.847  21.472316     35.422      9.860   312.4240     4.2984     2.4613     0.0160      0.140      8.656     12.556        554 1.2827e-01 0.0000e+00
      8.865     5.3110    11.0032     86.880  21.509597     35.469      9.852   316.7397     4.2661     2.3807     0.0161      0.144      8.691     12.606        555 1.2458e-01 0.0000e+00
      8.894     5.3112    11.0053     86.900  21.519920     35.516      9.852   315.6040     3.8253     2.4613     0.0161      0.145      8.721     12.648        556 1.2598e-01 0.0000e+00
      8.918     5.3112    11.0038     86.888  21.489109     35.424      9.848   315.3390     3.8213     2.4076     0.0160      0.143      8.748     12.688        557 1.2646e-01 0.0000e+00
      8.949     5.3107    11.0036     86.885  21.518301     35.515      9.842   315.7175     3.8374     2.6359     0.0161      0.139      8.779     12.733        558 1.2487e-01 0.0000e+00
      8.989     5.3108    11.0020     86.871  21.483592     35.423      9.838   316.1718     3.8253     2.3404     0.0160      0.135      8.814     12.783        559 1.2903e-01 0.0000e+00
      9.025     5.3117    11.0035     86.879  21.473028     35.424      9.835   314.3168     4.0154     2.3941     0.0160      0.131      8.846     12.830        560 1.4254e-01 0.0000e+00
      9.046     5.3125    10.9973     86.829  21.531448     35.516      9.831   314.3547     4.0275     2.5016     0.0161      0.125      8.871     12.867        561 1.2877e-01 0.0000e+00
      9.066     5.3124    10.9979     86.837  21.529444     35.515      9.829   314.1275     4.0194     2.4479     0.0161      0.119      8.900     12.908        562 1.2390e-01 0.0000e+00
      9.115     5.3134    10.9936     86.809  21.505161     35.468      9.817   318.5568     4.0477     2.5419     0.0161      0.121      8.942     12.970        563 1.2714e-01 0.0000e+00
      9.176     5.3162    10.9915     86.798  21.472752     35.422      9.802   318.7461     3.9790     2.3673     0.0160      0.131      8.991     13.040        564 1.2499e-01 0.0000e+00
      9.212     5.3187    10.9878     86.769  21.480859     35.421      9.798   318.3297     3.9426     2.3941     0.0160      0.141      9.028     13.095        565 1.2633e-01 0.0000e+00
      9.231     5.3201    10.9914     86.796  21.524710     35.510      9.792   318.2540     3.9871     2.4076     0.0161      0.142      9.053     13.130        566 1.2558e-01 0.0000e+00
      9.252     5.3200    10.9897     86.781  21.536735     35.507      9.791   317.0425     3.9830     2.4210     0.0161      0.138      9.076     13.164        567 1.2589e-01 0.0000e+00
      9.282     5.3195    10.9872     86.761  21.525172     35.505      9.790   317.1182     3.9426     2.3941     0.0161      0.136      9.104     13.204        568 1.2561e-01 0.0000e+00
      9.316     5.3188    10.9672     86.602  21.539102     35.505      9.789   317.3075     3.6838     2.4747     0.0161      0.135      9.135     13.250        569 1.2570e-01 0.0000e+00
      9.347     5.3171    10.9579     86.527  21.519400     35.506      9.781   317.1561     3.6757     2.4479     0.0161      0.129      9.166     13.295        570 1.2564e-01 0.0000e+00
      9.378     5.3164    10.9388     86.389  21.460774     35.368      9.779   315.7932     3.7242     2.3807     0.0160      0.119      9.199     13.343        571 1.2573e-01 0.0000e+00
      9.419     5.3176    10.9270     86.358  21.463868     35.416      9.773   317.6483     3.6959     2.3941     0.0160      0.115      9.238     13.398        572 1.2582e-01 0.0000e+00
      9.462     5.3207    10.9067     86.308  21.545188     35.509      9.767   317.7618     4.0315     2.4479     0.0161      0.123      9.278     13.458        573 1.2578e-01 0.0000e+00
      9.504     5.3232    10.8963     86.302  22.011634     36.291      9.761   317.9133     4.0113     2.4076     0.0164      0.134      9.318     13.515        574 1.2563e-01 0.0000e+00
      9.541     5.3234    10.8938     86.332  21.950399     36.287      9.756   317.3075     4.0194     2.4479     0.0164      0.143      9.351     13.564        575 1.2581e-01 0.0000e+00
      9.564     5.3226    10.8977     86.352  21.799229     35.777      9.751   317.1561     4.0194     2.4613     0.0162      0.144      9.376     13.599        576 1.2584e-01 0.0000e+00
      9.579     5.3221    10.8325     85.797  21.547695     35.777      9.753   316.7775     3.6312     2.4076     0.0162      0.138      9.396     13.629        577 1.2582e-01 0.0000e+00
      9.605     5.3217    10.5577     83.595  21.907757     35.732      9.749   313.3704     3.6676     2.3673     0.0162      0.131      9.421     13.664        578 1.2584e-01 0.0000e+00
      9.637     5.3210     9.9944     79.153  21.202943     35.595      9.747   312.5754     3.6434     2.3673     0.0161      0.123      9.449     13.705        579 1.2585e-01 0.0000e+00
      9.664     5.3204     9.1952     72.862  22.158070     35.503      9.743   313.4461     3.6393     2.5150     0.0161      0.114      9.479     13.748        580 1.2576e-01 0.0000e+00
      9.697     5.3211     8.1834     64.854  20.570922     35.596      9.738   313.7868     3.7727     2.4076     0.0161      0.108      9.511     13.796        581 1.2584e-01 0.0000e+00
      9.739     5.3449     7.1932     57.014  23.178121     35.504      9.730   313.2190     3.7404     2.3270     0.0161      0.109      9.545     13.844        582 1.2589e-01 0.0000e+00
      9.763     5.3890     6.2520     49.561  49.760299     83.531      9.722   313.9382     3.7687     2.3941     0.0372      0.112      9.569     13.878        583 1.2568e-01 0.0000e+00
      9.771     5.4264     5.3778     42.642  77.875172    127.929      9.719   310.2282     3.7444     2.4479     0.0573      0.112      9.580     13.895        584 1.2571e-01 0.0000e+00
      9.774     5.4494     4.6922     37.211  94.884849    156.454      9.717   310.0768     3.7687     2.4747     0.0704      0.105      9.585     13.901        585 1.2576e-01 0.0000e+00
      9.776     5.4482     4.1309     32.753  91.863803    152.542      9.715   310.4554     3.7768     2.4881     0.0686      0.090      9.587     13.905        586 1.2568e-01 0.0000e+00
      9.778     5.4322     3.7423     29.653  79.284842    127.570      9.711   309.3197     3.7687     2.3941     0.0572      0.071      9.589     13.907        587 1.2570e-01 0.0000e+00
      9.779     5.4152     3.4283     27.145  67.817002    114.893      9.711   308.5247     3.7687     2.3539     0.0515      0.052      9.590     13.910        588 1.2571e-01 0.0000e+00
      9.782     5.4187     3.1754     25.126  56.451642     88.279      9.711   308.3354     3.7849     2.3673     0.0394      0.032      9.593     13.913        589 1.2586e-01 0.0000e+00
      9.785     5.4398     2.9023     22.953  85.003234    141.355      9.706   307.9189     3.3279     2.5284     0.0635      0.017      9.596     13.918        590 1.2583e-01 0.0000e+00
      9.788     5.4492     2.6982     21.330 115.320624    190.611      9.706   308.1461     3.3118     2.3941     0.0862      0.010      9.599     13.922        591 1.2577e-01 0.0000e+00
      9.791     5.4522     2.6180     20.688 104.300695    171.485      9.703   307.6918     3.3239     2.4076     0.0774      0.009      9.602     13.927        592 1.2585e-01 0.0000e+00
      9.796     5.4570     2.7597     21.802  93.589705    152.241      9.704   310.2661     3.2996     2.3673     0.0685      0.010      9.606     13.932        593 1.2586e-01 0.0000e+00
      9.799     5.4647     3.1523     24.899 100.675580    166.307      9.703   309.1682     3.3199     2.4881     0.0750      0.012      9.609     13.937        594 1.2582e-01 0.0000e+00
      9.801     5.4726     3.7636     29.724 106.431116    174.250      9.699   307.8432     3.3320     2.4344     0.0787      0.012      9.611     13.940        595 1.2584e-01 0.0000e+00
