Data/DataNotYetUploadedToEDI/Raw_CTD/2018_RawDownloads/120618_fcr50.cnv
* Sea-Bird SBE19plus  Data File:
* FileName = C:\DATA\120618_fcr50_0001.hex
* Software version 2.6.3.104
* Temperature SN = 7809
* Conductivity SN = 7809
* System UpLoad Time = Dec 06 2018 16:36:23
* <ApplicationData>
* <Seaterm232>
# nquan = 17
# nvalues = 626                         
# units = specified
# name 0 = depFM: Depth [fresh water, m]
# name 1 = tv290C: Temperature [ITS-90, deg C]
# name 2 = sbeox0Mg/L: Oxygen, SBE 43 [mg/l]
# name 3 = sbeox0PS: Oxygen, SBE 43 [% saturation]
# name 4 = c0uS/cm: Conductivity [uS/cm]
# name 5 = specc: Specific Conductance [uS/cm]
# name 6 = ph: pH
# name 7 = orp: Oxidation Reduction Potential [mV]
# name 8 = flECO-AFL: Fluorescence, WET Labs ECO-AFL/FL [mg/m^3]
# name 9 = turbWETntu0: Turbidity, WET Labs ECO [NTU]
# name 10 = sal00: Salinity, Practical [PSU]
# name 11 = dz/dtM: Descent Rate [m/s]
# name 12 = prdM: Pressure, Strain Gauge [db]
# name 13 = prdE: Pressure, Strain Gauge [psi]
# name 14 = scan: Scan Count
# name 15 = par/sat/log: PAR/Logarithmic, Satlantic
# name 16 = flag:  0.000e+00
# span 0 =     -0.567,      9.806       
# span 1 =     2.2541,     5.4726       
# span 2 =     2.6180,    13.4142       
# span 3 =     20.688,    104.358       
# span 4 =   0.798912, 115.320624       
# span 5 =      1.241,    190.611       
# span 6 =     -3.279,     16.504       
# span 7 = -1240.7455,  1240.2295       
# span 8 =    -0.3154,     4.4319       
# span 9 =    -0.3854,     7.3625       
# span 10 =     0.0002,     0.0862      
# span 11 =     -0.057,      0.321      
# span 12 =     -0.556,      9.616      
# span 13 =     -0.807,     13.947      
# span 14 =          1,        626      
# span 15 = 1.2390e-01, 1.2062e+03      
# span 16 = 0.0000e+00, 0.0000e+00      
# interval = seconds: 0.25
# start_time = Dec 06 2018 15:38:22 [Instrument's time stamp, header]
# bad_flag = -9.990e-29
*END*
[from data line 596]
      9.803     5.4519     5.4923     43.369 105.933754    176.644      9.691   309.8875     3.2916     2.4344     0.0798      0.011      9.614     13.944        597 1.2565e-01 0.0000e+00
      9.804     5.4250     6.5113     51.412  70.160530    112.324      9.690   308.9032     3.3279     2.4613     0.0503      0.010      9.614     13.945        598 1.2561e-01 0.0000e+00
      9.805     5.4000     7.5191     59.368  45.294114     76.100      9.685   309.2818     3.2956     2.3404     0.0340      0.008      9.614     13.945        599 1.2576e-01 0.0000e+00
      9.804     5.3795     8.4134     66.429  33.176684     52.646      9.684   309.5089     3.3279     2.4479     0.0236      0.006      9.614     13.945        600 1.2576e-01 0.0000e+00
      9.805     5.3631     9.1657     72.368  29.183181     49.242      9.680   309.8497     3.3279     2.4076     0.0221      0.004      9.615     13.946        601 1.2579e-01 0.0000e+00
      9.805     5.3497     9.7589     77.052  27.247607     44.033      9.677   310.0389     3.3118     2.3941     0.0198      0.003      9.615     13.946        602 1.2581e-01 0.0000e+00
      9.805     5.3396    10.2133     80.640  25.030330     41.619      9.675   309.7739     3.3118     2.4210     0.0187      0.002      9.615     13.946        603 1.2582e-01 0.0000e+00
      9.805     5.3327    10.5611     83.386  25.301557     41.453      9.675   306.6318     3.3118     2.3941     0.0187      0.001      9.615     13.946        604 1.2578e-01 0.0000e+00
      9.805     5.3274    10.7973     85.251  24.508827     40.546      9.669   307.5404     3.3279     2.4479     0.0183      0.001      9.615     13.946        605 1.2572e-01 0.0000e+00
      9.805     5.3233    10.9670     86.590  23.912178     39.312      9.667   307.4647     3.5706     2.4881     0.0177      0.000      9.615     13.946        606 1.2567e-01 0.0000e+00
      9.805     5.3203    11.0849     87.520  23.850482     39.319      9.662   307.1239     3.5261     2.3539     0.0177      0.000      9.615     13.946        607 1.2572e-01 0.0000e+00
      9.805     5.3182    11.1535     88.061  24.200247     39.969      9.661   308.1839     3.5584     2.4479     0.0180      0.000      9.615     13.946        608 1.2571e-01 0.0000e+00
      9.805     5.3170    11.1817     88.284  23.625120     38.913      9.654   308.1082     3.5787     2.3807     0.0176      0.000      9.615     13.946        609 1.2563e-01 0.0000e+00
      9.805     5.3167    11.1869     88.324  23.439810     38.640      9.653   308.4111     3.6231     2.3941     0.0174      0.000      9.615     13.946        610 1.2571e-01 0.0000e+00
      9.805     5.3167    11.1785     88.257  23.393383     38.641      9.648   306.5182     3.6555     2.4747     0.0174      0.000      9.615     13.946        611 1.2583e-01 0.0000e+00
      9.806     5.3166    11.1436     87.982  23.356837     38.411      9.646   306.7454     3.6231     2.4613     0.0173      0.000      9.615     13.946        612 1.2580e-01 0.0000e+00
      9.805     5.3166    11.1072     87.695  23.337081     38.642      9.643   306.3668     3.6150     2.4210     0.0174      0.000      9.615     13.946        613 1.2584e-01 0.0000e+00
      9.805     5.3167    11.0570     87.297  23.180838     38.043      9.637   306.6318     3.6029     2.4210     0.0172      0.000      9.615     13.946        614 1.2581e-01 0.0000e+00
      9.805     5.3166 -9.990e-29 -9.990e-29  23.669853     39.194      9.635   306.5182     4.0073     2.4479     0.0177      0.000      9.615     13.946        615 1.2565e-01 0.0000e+00
      9.805     5.3160 -9.990e-29 -9.990e-29  23.647406     38.918      9.631   306.3668     3.9951     2.3941     0.0176      0.000      9.616     13.947        616 1.2566e-01 0.0000e+00
      9.806     5.3158 -9.990e-29 -9.990e-29  22.971637     37.950      9.628   306.7832     4.0396     2.4747     0.0171      0.000      9.616     13.947        617 1.2576e-01 0.0000e+00
      9.806     5.3158 -9.990e-29 -9.990e-29  23.710509     38.919      9.627   306.6696     4.0437     2.3136     0.0176      0.000      9.616     13.947        618 1.2579e-01 0.0000e+00
      9.806     5.3155 -9.990e-29 -9.990e-29  24.447150     40.624      9.621   308.6004     4.2095     2.4479     0.0183      0.000      9.616     13.947        619 1.2571e-01 0.0000e+00
      9.806     5.3153 -9.990e-29 -9.990e-29  23.655590     38.735      9.616   307.0861     4.2054     2.4479     0.0175      0.000      9.616     13.947        620 1.2572e-01 0.0000e+00
      9.805     5.3153 -9.990e-29 -9.990e-29  23.243107     38.551      9.614   307.3889     4.1812     2.3673     0.0174      0.000      9.616     13.947        621 1.2574e-01 0.0000e+00
      9.805     5.3154 -9.990e-29 -9.990e-29  22.678041     37.261      9.613   307.3889     4.2054     2.4747     0.0168      0.000      9.616     13.947        622 1.2582e-01 0.0000e+00
      9.805     5.3154 -9.990e-29 -9.990e-29  22.402492     36.985      9.610   307.6161     4.1448     2.3941     0.0167      0.000      9.616     13.947        623 1.2588e-01 0.0000e+00
      9.805     5.3152 -9.990e-29 -9.990e-29  22.756074     37.537      9.606   306.5561     4.1448     2.4076     0.0170     -0.000      9.616     13.947        624 1.2577e-01 0.0000e+00
      9.805 -9.990e-29 -9.990e-29 -9.990e-29  22.593700     37.261      9.601   306.7454     4.1650     2.4613     0.0168     -0.000      9.616     13.947        625 1.2571e-01 0.0000e+00
      9.806 -9.990e-29 -9.990e-29 -9.990e-29  22.485999     37.077      9.597   309.6982     4.1165     2.5150     0.0168     -0.000      9.616     13.947        626 1.2568e-01 0.0000e+00
