Data/DataNotYetUploadedToEDI/Raw_CTD/2018_RawDownloads/120618_fcr50.cnv
* Sea-Bird SBE19plus  Data File:
* FileName = C:\DATA\120618_fcr50_0001.hex
* Software version 2.6.3.104
* Temperature SN = 7809
* Conductivity SN = 7809
* System UpLoad Time = Dec 06 2018 16:36:23
* <ApplicationData>
* <Seaterm232>
# nquan = 17
# nvalues = 626                         
# units = specified
# name 0 = depFM: Depth [fresh water, m]
# name 1 = tv290C: Temperature [ITS-90, deg C]
# name 2 = sbeox0Mg/L: Oxygen, SBE 43 [mg/l]
# name 3 = sbeox0PS: Oxygen, SBE 43 [% saturation]
# name 4 = c0uS/cm: Conductivity [uS/cm]
# name 5 = specc: Specific Conductance [uS/cm]
# name 6 = ph: pH
# name 7 = orp: Oxidation Reduction Potential [mV]
# name 8 = flECO-AFL: Fluorescence, WET Labs ECO-AFL/FL [mg/m^3]
# name 9 = turbWETntu0: Turbidity, WET Labs ECO [NTU]
# name 10 = sal00: Salinity, Practical [PSU]
# name 11 = dz/dtM: Descent Rate [m/s]
# name 12 = prdM: Pressure, Strain Gauge [db]
# name 13 = prdE: Pressure, Strain Gauge [psi]
# name 14 = scan: Scan Count
# name 15 = par/sat/log: PAR/Logarithmic, Satlantic
# name 16 = flag:  0.000e+00
# span 0 =     -0.567,      9.806       
# span 1 =     2.2541,     5.4726       
# span 2 =     2.6180,    13.4142       
# span 3 =     20.688,    104.358       
# span 4 =   0.798912, 115.320624       
# span 5 =      1.241,    190.611       
# span 6 =     -3.279,     16.504       
# span 7 = -1240.7455,  1240.2295       
# span 8 =    -0.3154,     4.4319       
# span 9 =    -0.3854,     7.3625       
# span 10 =     0.0002,     0.0862      
# span 11 =     -0.057,      0.321      
# span 12 =     -0.556,      9.616      
# span 13 =     -0.807,     13.947      
# span 14 =          1,        626      
# span 15 = 1.2390e-01, 1.2062e+03      
# span 16 = 0.0000e+00, 0.0000e+00      
# interval = seconds: 0.25
# start_time = Dec 06 2018 15:38:22 [Instrument's time stamp, header]
# bad_flag = -9.990e-29
*END*
     -0.567     2.2716    13.3973     97.600   1.179748      2.111      6.241 -1240.7455    -0.2507    -0.2377     0.0004      0.000     -0.556     -0.806          1 1.2062e+03 0.0000e+00
     -0.567     2.2727    13.3968     97.598   1.223367      2.315     -0.165 -1240.7455    -0.2102    -0.1706     0.0005     -0.000     -0.556     -0.807          2 1.1054e+03 0.0000e+00
     -0.567     2.2738    13.4030     97.637   1.138827      2.008      7.181 -1240.7455    -0.2426    -0.3049     0.0004     -0.000     -0.556     -0.807          3 1.1142e+03 0.0000e+00
     -0.567     2.2739    13.4140     97.709   1.433003      2.673     13.642  -734.8212    -0.2264    -0.0900     0.0006     -0.000     -0.556     -0.807          4 8.9622e+02 0.0000e+00
     -0.567     2.2739    13.4142     97.707   1.449458      2.673     15.939  1240.2295    -0.2102    -0.1169     0.0006     -0.000     -0.556     -0.807          5 2.4564e+02 0.0000e+00
     -0.567     2.2744    13.4021     97.615   1.444053      2.571      9.404   921.0550    -0.2224    -0.0900     0.0006     -0.000     -0.556     -0.807          6 7.3007e+01 0.0000e+00
     -0.567     2.2755    13.3758     97.617   1.232463      2.418     -0.176   920.8278    -0.2385    -0.0497     0.0006     -0.000     -0.556     -0.807          7 2.3482e+02 0.0000e+00
     -0.567     2.2753    13.1191     97.434   0.913329      1.446     -3.278   920.6386    -0.2345    -0.1303     0.0002     -0.000     -0.556     -0.807          8 5.7663e+01 0.0000e+00
     -0.567     2.2764    12.8517     97.220   1.071370      2.213     -2.195   164.3264    -0.2264    -0.0632     0.0005     -0.000     -0.556     -0.807          9 3.8422e+02 0.0000e+00
     -0.566     2.2750    12.6885     97.119   0.798912      1.241      0.026   915.1114    -0.2021    -0.1572     0.0002      0.000     -0.555     -0.806         10 1.0027e+03 0.0000e+00
     -0.566     2.2759    12.5618     96.990   1.074747      2.110     -3.278   920.2978    -0.2628    -0.1437     0.0005      0.000     -0.555     -0.806         11 3.4016e+02 0.0000e+00
     -0.566     2.2732    12.4773     96.950   1.290668      2.315     -3.278   920.2978    -0.2224    -0.0900     0.0005      0.001     -0.555     -0.805         12 6.5298e+01 0.0000e+00
     -0.565     2.2760    12.4223     96.960   0.974335      1.804     -3.278   920.4114    -0.2062     0.0577     0.0003      0.001     -0.555     -0.805         13 1.3054e+02 0.0000e+00
     -0.566     2.2650    12.3900     97.007   1.172326      2.111     -3.278   920.2978    -0.2385    -0.0766     0.0005      0.001     -0.555     -0.805         14 9.6115e+01 0.0000e+00
     -0.566     2.2765    12.3691     97.045   1.162708      2.213     -3.278   920.4114    -0.2305    -0.0229     0.0005      0.001     -0.555     -0.805         15 3.0236e+02 0.0000e+00
     -0.565     2.2541    12.3637     97.136   1.282395      2.213     -3.278   920.2978    -0.2547    -0.0900     0.0005      0.001     -0.554     -0.804         16 1.4598e+02 0.0000e+00
     -0.565     2.3646    12.3931     97.403   1.141815      2.316     -3.279   920.0707    -0.2507    -0.1974     0.0005      0.001     -0.552     -0.800         17 1.0435e+02 0.0000e+00
     -0.563     2.9756    12.4290     97.701   1.604143      2.572     -3.279   920.1464    -0.2345    -0.2512     0.0006      0.001     -0.534     -0.774         18 1.8024e+02 0.0000e+00
     -0.501     3.6732    12.4794     98.139   8.584514     15.529     15.015  1240.2295    -0.1981    -0.2780     0.0057      0.018     -0.480     -0.696         19 3.9368e+02 0.0000e+00
     -0.408     4.1184    12.5411     98.658  19.854145     35.724     16.504   110.0391    -0.2345    -0.3854     0.0147      0.054     -0.387     -0.561         20 4.9158e+02 0.0000e+00
     -0.269     4.4521    12.6141     99.237  25.117304     44.070     16.480   140.3249    -0.2466    -0.0095     0.0188      0.117     -0.274     -0.399         21 5.4061e+02 0.0000e+00
     -0.166     4.6953    12.7992    100.657  24.496963     41.860     16.465   159.1778    -0.3154    -0.1034     0.0181      0.187     -0.178     -0.259         22 4.6446e+02 0.0000e+00
     -0.114     4.8701    13.0381    102.523  23.826954     40.581     16.453   171.3678    -0.2992    -0.0363     0.0178      0.245     -0.110     -0.160         23 2.4174e+02 0.0000e+00
     -0.053     4.9892    13.1933    103.734  23.431342     39.355     16.445   174.2071    -0.2992    -0.0229     0.0174      0.289     -0.051     -0.074         24 1.7352e+02 0.0000e+00
      0.013     5.0708    13.2688    104.320  23.210677     38.891     16.439   177.6143     1.9491     2.4344     0.0173      0.318      0.007      0.011         25 1.2296e+02 0.0000e+00
      0.062     5.1224    13.2726    104.358  23.241893     38.736     16.435   189.6907     1.9369     2.3673     0.0173      0.321      0.057      0.083         26 1.0969e+02 0.0000e+00
      0.102     5.1381    13.2053    103.841  23.451738     38.958     16.432   194.4986     1.9450     2.4344     0.0174      0.294      0.095      0.137         27 1.1274e+02 0.0000e+00
      0.127     5.1450    13.0449    102.594  24.520546     40.697     16.430   202.1079     1.9329     2.3673     0.0182      0.251      0.116      0.169         28 1.1224e+02 0.0000e+00
      0.126     5.1607    12.7570    100.341  24.579593     40.910     16.430   196.2022     1.9491     2.3404     0.0183      0.197      0.121      0.176         29 1.1073e+02 0.0000e+00
      0.120     5.1749    12.4107     97.621  23.882169     39.418     16.430   199.5336     2.1472     7.3491     0.0177      0.151      0.115      0.167         30 1.0904e+02 0.0000e+00
      0.106     5.1758    12.0686     94.929  23.639545     39.397     16.429   202.2972     2.1270     7.2148     0.0177      0.110      0.108      0.157         31 1.1702e+02 0.0000e+00
      0.106     5.1635    11.7537     92.454  22.688018     37.435     16.429   207.3701     2.1310     7.3625     0.0168      0.069      0.108      0.156         32 1.1013e+02 0.0000e+00
      0.118     5.1573    11.4732     90.254  22.250404     36.923     16.429   210.3229     2.1593     7.2685     0.0166      0.036      0.113      0.163         33 1.0940e+02 0.0000e+00
      0.117     5.1544    11.2215     88.278  22.376043     37.079     16.429   213.9194     2.1310     2.1524     0.0167      0.013      0.114      0.165         34 1.0478e+02 0.0000e+00
      0.114     5.1517    11.0221     86.708  22.264901     36.900     16.429   218.1973     2.1512     2.1793     0.0166     -0.001      0.112      0.163         35 1.1398e+02 0.0000e+00
      0.113     5.1544    10.8668     85.479  22.359081     37.090     16.429   218.6137     2.1351     2.1927     0.0167     -0.006      0.112      0.162         36 1.1502e+02 0.0000e+00
      0.114     5.1591    10.7645     84.670  22.377400     37.093     16.430   219.3330     2.1512     2.2062     0.0167     -0.003      0.112      0.162         37 1.0799e+02 0.0000e+00
      0.114     5.1645    10.6770     83.981  22.360665     37.090     16.429   221.1501     2.1391     2.4479     0.0167      0.001      0.113      0.164         38 1.1518e+02 0.0000e+00
      0.117     5.1687    10.6164     83.503  22.290987     36.945     16.429   223.4594     2.1310     2.3807     0.0166      0.004      0.114      0.166         39 1.0831e+02 0.0000e+00
      0.118     5.1701    10.5774     83.192  22.226990     36.845     16.429   225.5037     2.1472     2.5150     0.0166      0.003      0.115      0.167         40 1.1219e+02 0.0000e+00
      0.117     5.1696    10.5513     82.985  22.173547     36.748     16.429   226.6016     2.1553     2.4613     0.0165      0.000      0.115      0.168         41 1.1446e+02 0.0000e+00
      0.119     5.1705    10.5358     82.860  22.179655     36.746     16.429   227.6616     2.0663     2.3807     0.0165      0.002      0.116      0.170         42 1.0714e+02 0.0000e+00
      0.121     5.1731    10.5076     82.642  22.367587     37.071     16.429   231.7123     2.0744     2.4747     0.0167      0.004      0.119      0.173         43 1.1562e+02 0.0000e+00
      0.123     5.1750    10.4903     82.513  22.413910     37.162     16.429   232.6209     2.0623     2.4747     0.0167      0.005      0.121      0.175         44 1.1097e+02 0.0000e+00
      0.123     5.1743    10.4814     82.446  22.240567     36.835     16.429   234.7030     2.0542     2.4747     0.0166      0.005      0.121      0.175         45 1.0832e+02 0.0000e+00
      0.124     5.1713    10.4644     82.314  22.168347     36.740     16.429   235.7252     2.4060     2.1659     0.0165      0.005      0.121      0.175         46 1.1189e+02 0.0000e+00
      0.122     5.1692    10.4466     82.178  22.177745     36.741     16.429   236.3687     2.3939     2.1927     0.0165      0.004      0.120      0.174         47 1.0694e+02 0.0000e+00
      0.123     5.1688    10.4316     82.064  22.228872     36.837     16.429   235.3466     2.4060     2.1256     0.0166      0.003      0.120      0.174         48 1.0734e+02 0.0000e+00
      0.123     5.1680    10.4146     81.931  22.371483     37.071     16.429   235.8387     2.3817     2.2599     0.0167      0.003      0.121      0.175         49 1.0977e+02 0.0000e+00
      0.124     5.1667    10.3964     81.790  22.474511     37.257     16.429   240.3816     2.3979     2.2196     0.0168      0.002      0.122      0.176         50 1.0824e+02 0.0000e+00
      0.124     5.1652    10.3861     81.715  22.485977     37.258     16.429   240.9495     2.4667     2.4881     0.0168      0.001      0.122      0.176         51 1.0856e+02 0.0000e+00
      0.124     5.1639    10.3633     81.544  22.535054     37.352     16.429   241.7445     2.4464     2.4747     0.0168      0.001      0.122      0.177         52 1.0954e+02 0.0000e+00
      0.125     5.1657    10.3354     81.337  22.531999     37.354     16.397   242.7287     2.4626     2.4613     0.0168      0.001      0.123      0.178         53 1.0351e+02 0.0000e+00
      0.126     5.1689    10.3289     81.290  22.489781     37.263     16.348   244.0159     2.4667     2.4747     0.0168      0.001      0.124      0.179         54 1.0911e+02 0.0000e+00
      0.127     5.1703    10.2952     81.017  22.528311     37.353     16.302   243.2588     2.6001     2.4747     0.0168      0.002      0.124      0.179         55 1.1493e+02 0.0000e+00
      0.126     5.1713    10.2739     80.855  22.543330     37.349     16.256   244.0538     2.5880     2.4210     0.0168      0.002      0.124      0.179         56 1.0492e+02 0.0000e+00
      0.125     5.1735    10.2513     80.688  22.648933     37.533     16.214   245.4166     2.6001     2.4613     0.0169      0.001      0.124      0.179         57 1.0601e+02 0.0000e+00
      0.126     5.1751    10.2345     80.562  22.663652     37.578     16.165   249.0509     2.6163     2.4613     0.0169      0.001      0.124      0.180         58 1.0436e+02 0.0000e+00
      0.126     5.1753    10.2143     80.403  22.554653     37.344     16.122   250.3381     2.6607     2.4479     0.0168      0.001      0.124      0.180         59 9.9090e+01 0.0000e+00
      0.126     5.1763    10.2042     80.280  22.517818     37.342     16.084   251.3223     2.6688     2.3673     0.0168      0.001      0.124      0.180         60 1.0378e+02 0.0000e+00
      0.126     5.1793    10.1948     80.150  22.502009     37.249     16.046   252.1173     2.6365     2.4076     0.0168      0.000      0.123      0.179         61 1.0425e+02 0.0000e+00
      0.125     5.1837    10.1870     80.097  22.515044     37.340     16.008   254.6916     2.6607     2.5016     0.0168     -0.000      0.123      0.179         62 1.1137e+02 0.0000e+00
      0.125     5.1891    10.1753     80.029  22.442315     37.152     15.974   258.7424     2.7335     2.4479     0.0167     -0.001      0.124      0.180         63 1.0648e+02 0.0000e+00
      0.129     5.1908    10.1522     79.866  22.473957     37.239     15.943   256.6981     2.7174     2.3941     0.0168      0.001      0.126      0.183         64 9.5224e+01 0.0000e+00
      0.131     5.1878    10.1236     79.656  22.475664     37.232     15.907   256.5088     2.7335     2.3941     0.0168      0.002      0.126      0.182         65 1.0713e+02 0.0000e+00
      0.122     5.1900    10.1082     79.544  22.440190     37.137     15.872   255.2595     2.7174     2.4479     0.0167      0.000      0.120      0.175         66 1.0586e+02 0.0000e+00
      0.115     5.1954    10.1043     79.517  22.518105     37.326     15.845   252.9502     2.7780     2.5553     0.0168     -0.003      0.115      0.167         67 1.0444e+02 0.0000e+00
      0.115     5.1990    10.0848     79.363  22.497262     37.231     15.819   253.7831     2.8063     2.3941     0.0168     -0.005      0.114      0.166         68 1.0551e+02 0.0000e+00
      0.119     5.1984    10.0704     79.249  22.466126     37.224     15.792   253.9345     2.7982     2.3941     0.0168     -0.006      0.119      0.173         69 1.0026e+02 0.0000e+00
      0.132     5.1768    10.0590     79.153  22.497570     37.220     15.764   256.3195     2.7699     2.4479     0.0168     -0.002      0.128      0.186         70 1.0132e+02 0.0000e+00
      0.142     5.1518    10.0543     79.080  22.517411     37.312     15.730   257.1902     2.7821     2.4210     0.0168      0.003      0.136      0.198         71 9.9259e+01 0.0000e+00
      0.143     5.1543    10.0394     78.934  22.441435     37.154     15.690   255.4109     2.7821     2.4613     0.0167      0.007      0.141      0.204         72 9.8986e+01 0.0000e+00
      0.146     5.1665    10.0249     78.794  22.414284     37.187     15.645   254.5024     2.7861     2.3807     0.0167      0.013      0.142      0.205         73 1.0019e+02 0.0000e+00
      0.145     5.1753     9.9990     78.531  22.373365     37.089     15.590   257.3416     2.7740     2.4881     0.0167      0.017      0.141      0.205         74 9.5347e+01 0.0000e+00
      0.142     5.1826     9.9856     78.380  22.284878     36.936     15.541   256.8495     2.8225     2.4076     0.0166      0.017      0.140      0.203         75 9.3539e+01 0.0000e+00
      0.139     5.1867     9.9479     78.055  22.287280     36.925     15.501   257.0388     2.8589     2.1927     0.0166      0.013      0.138      0.200         76 9.8567e+01 0.0000e+00
      0.140     5.1886     9.9194     77.826  22.281452     36.916     15.461   257.2659     2.8670     2.1659     0.0166      0.007      0.137      0.200         77 1.0039e+02 0.0000e+00
      0.141     5.1882     9.8792     77.515  22.232850     36.818     15.428   259.1588     2.8508     2.2196     0.0166      0.001      0.138      0.201         78 9.4991e+01 0.0000e+00
      0.143     5.1884     9.8427     77.220  22.288483     36.909     15.393   262.6038     2.8508     2.2464     0.0166     -0.001      0.140      0.203         79 9.1173e+01 0.0000e+00
      0.143     5.1843     9.7984     76.863  22.301137     36.955     15.360   259.0074     2.8629     2.5419     0.0166     -0.001      0.140      0.203         80 9.5403e+01 0.0000e+00
      0.142     5.1673     9.7613     76.577  22.246743     36.817     15.333   258.7424     2.8387     2.4479     0.0166     -0.001      0.137      0.199         81 9.4820e+01 0.0000e+00
      0.134     5.1536     9.7247     76.303  22.474737     37.237     15.301   259.0074     2.8346     2.4210     0.0168     -0.002      0.127      0.184         82 9.5967e+01 0.0000e+00
      0.111     5.1393     9.6926     76.046  22.699131     37.630     15.271   257.7202     2.8346     2.4076     0.0169     -0.009      0.109      0.158         83 1.0034e+02 0.0000e+00
      0.088     5.1116     9.6654     75.819  22.708502     37.647     15.235   257.8717     2.8023     2.2196     0.0169     -0.020      0.089      0.129         84 1.1380e+02 0.0000e+00
      0.074     5.0880     9.6380     75.593  22.700203     37.663     15.195   259.1209     2.7740     2.1659     0.0169     -0.032      0.073      0.107         85 1.1330e+02 0.0000e+00
