Data/DataNotYetUploadedToEDI/Raw_CTD/2018_RawDownloads/120618_fcr50.cnv
* Sea-Bird SBE19plus  Data File:
* FileName = C:\DATA\120618_fcr50_0001.hex
* Software version 2.6.3.104
* Temperature SN = 7809
* Conductivity SN = 7809
* System UpLoad Time = Dec 06 2018 16:36:23
* <ApplicationData>
* <Seaterm232>
# nquan = 17
# nvalues = 626                         
# units = specified
# name 0 = depFM: Depth [fresh water, m]
# name 1 = tv290C: Temperature [ITS-90, deg C]
# name 2 = sbeox0Mg/L: Oxygen, SBE 43 [mg/l]
# name 3 = sbeox0PS: Oxygen, SBE 43 [% saturation]
# name 4 = c0uS/cm: Conductivity [uS/cm]
# name 5 = specc: Specific Conductance [uS/cm]
# name 6 = ph: pH
# name 7 = orp: Oxidation Reduction Potential [mV]
# name 8 = flECO-AFL: Fluorescence, WET Labs ECO-AFL/FL [mg/m^3]
# name 9 = turbWETntu0: Turbidity, WET Labs ECO [NTU]
# name 10 = sal00: Salinity, Practical [PSU]
# name 11 = dz/dtM: Descent Rate [m/s]
# name 12 = prdM: Pressure, Strain Gauge [db]
# name 13 = prdE: Pressure, Strain Gauge [psi]
# name 14 = scan: Scan Count
# name 15 = par/sat/log: PAR/Logarithmic, Satlantic
# name 16 = flag:  0.000e+00
# span 0 =     -0.567,      9.806       
# span 1 =     2.2541,     5.4726       
# span 2 =     2.6180,    13.4142       
# span 3 =     20.688,    104.358       
# span 4 =   0.798912, 115.320624       
# span 5 =      1.241,    190.611       
# span 6 =     -3.279,     16.504       
# span 7 = -1240.7455,  1240.2295       
# span 8 =    -0.3154,     4.4319       
# span 9 =    -0.3854,     7.3625       
# span 10 =     0.0002,     0.0862      
# span 11 =     -0.057,      0.321      
# span 12 =     -0.556,      9.616      
# span 13 =     -0.807,     13.947      
# span 14 =          1,        626      
# span 15 = 1.2390e-01, 1.2062e+03      
# span 16 = 0.0000e+00, 0.0000e+00      
# interval = seconds: 0.25
# start_time = Dec 06 2018 15:38:22 [Instrument's time stamp, header]
# bad_flag = -9.990e-29
*END*
[from data line 426]
      6.098     5.3299    11.0433     87.225  21.527581     35.494     10.576   308.7897     3.8415     2.3539     0.0161      0.087      5.981      8.675        427 9.8542e-01 0.0000e+00
      6.119     5.3306    11.0513     87.287  21.526288     35.493     10.570   308.9789     3.8132     2.4076     0.0161      0.088      6.003      8.706        428 9.7083e-01 0.0000e+00
      6.145     5.3317    11.0583     87.342  21.427165     35.309     10.562   309.2818     3.8132     2.4344     0.0160      0.090      6.025      8.738        429 9.6654e-01 0.0000e+00
      6.166     5.3323    11.0621     87.372  21.473104     35.401     10.553   308.9411     3.8860     2.3941     0.0160      0.090      6.040      8.760        430 9.8226e-01 0.0000e+00
      6.165     5.3321    11.0556     87.320  21.528395     35.491     10.542   308.8275     3.8819     2.4210     0.0161      0.082      6.041      8.761        431 9.7241e-01 0.0000e+00
      6.149     5.3317    11.0556     87.319  21.506551     35.445     10.537   308.8275     3.8819     2.3807     0.0161      0.066      6.032      8.749        432 9.6843e-01 0.0000e+00
      6.141     5.3316    11.0458     87.240  21.470649     35.399     10.532   309.0168     3.8819     2.4344     0.0160      0.047      6.028      8.743        433 9.7714e-01 0.0000e+00
      6.152     5.3314    11.0389     87.186  21.484157     35.399     10.530   309.2061     3.7606     2.2733     0.0160      0.032      6.035      8.753        434 9.6001e-01 0.0000e+00
      6.170     5.3314    11.0364     87.167  21.519381     35.492     10.522   309.8875     3.7727     2.2733     0.0161      0.024      6.048      8.772        435 9.3809e-01 0.0000e+00
      6.178     5.3314    11.0318     87.132  21.486091     35.400     10.515   309.4332     3.7444     2.1390     0.0160      0.017      6.056      8.784        436 9.5772e-01 0.0000e+00
      6.178     5.3310    11.0320     87.135  21.525585     35.492     10.510   309.1682     3.7768     2.3270     0.0161      0.012      6.061      8.790        437 9.5163e-01 0.0000e+00
      6.186     5.3308    11.0385     87.185  21.529510     35.492     10.504   309.2818     3.9830     2.4613     0.0161      0.013      6.068      8.801        438 9.1527e-01 0.0000e+00
      6.200     5.3308    11.0325     87.139  21.540485     35.492     10.501   309.4711     3.9749     2.3136     0.0161      0.023      6.080      8.818        439 9.3029e-01 0.0000e+00
      6.213     5.3305    11.0371     87.177  21.541566     35.538     10.494   309.1682     3.9628     2.4479     0.0161      0.033      6.093      8.837        440 8.9678e-01 0.0000e+00
      6.226     5.3303    11.0431     87.224  21.498526     35.400     10.487   309.3197     3.9385     2.3404     0.0160      0.038      6.107      8.858        441 8.6074e-01 0.0000e+00
      6.246     5.3299    11.0524     87.296  21.505131     35.493     10.481   309.0168     3.9628     2.4613     0.0161      0.041      6.127      8.887        442 8.5942e-01 0.0000e+00
      6.273     5.3293    11.0568     87.329  21.444429     35.309     10.475   309.3197     3.9547     2.3807     0.0160      0.048      6.151      8.922        443 8.4917e-01 0.0000e+00
      6.298     5.3291    11.0596     87.349  21.514790     35.493     10.474   309.6604     3.9507     2.4076     0.0161      0.060      6.176      8.958        444 8.3963e-01 0.0000e+00
      6.322     5.3295    11.0612     87.360  21.536123     35.494     10.470   309.4711     3.9628     2.4210     0.0161      0.071      6.201      8.994        445 8.2439e-01 0.0000e+00
      6.350     5.3303    11.0649     87.391  21.477158     35.402     10.462   309.5089     3.6231     2.5553     0.0160      0.081      6.229      9.034        446 8.0608e-01 0.0000e+00
      6.383     5.3307    11.0698     87.430  21.528894     35.494     10.455   309.8875     3.6312     2.5016     0.0161      0.091      6.261      9.080        447 7.6156e-01 0.0000e+00
      6.421     5.3304    11.0694     87.427  21.501379     35.447     10.444   309.3575     3.6434     2.4344     0.0161      0.102      6.299      9.135        448 7.2682e-01 0.0000e+00
      6.464     5.3307    11.0699     87.430  21.481761     35.400     10.435   310.0389     3.5989     2.3941     0.0160      0.114      6.341      9.198        449 7.1477e-01 0.0000e+00
      6.514     5.3316    11.0676     87.411  21.523669     35.493     10.422   310.6825     3.6231     2.4881     0.0161      0.128      6.390      9.268        450 7.1070e-01 0.0000e+00
      6.571     5.3314    11.0558     87.318  21.478866     35.400     10.404   311.0989     3.6312     2.4479     0.0160      0.143      6.440      9.342        451 6.6509e-01 0.0000e+00
      6.618     5.3310    11.0550     87.312  21.478242     35.399     10.397   311.1747     3.6393     2.3807     0.0160      0.159      6.486      9.407        452 6.3658e-01 0.0000e+00
      6.653     5.3302    11.0475     87.254  21.524445     35.492     10.388   311.1747     3.6474     2.3136     0.0161      0.170      6.523      9.461        453 6.4503e-01 0.0000e+00
      6.685     5.3290    11.0416     87.206  21.480643     35.400     10.382   311.1747     3.6191     2.4210     0.0160      0.173      6.555      9.507        454 6.2537e-01 0.0000e+00
      6.715     5.3286    11.0307     87.118  21.503114     35.447     10.372   309.9632     3.6353     2.6761     0.0161      0.170      6.581      9.545        455 6.0476e-01 0.0000e+00
      6.733     5.3291    11.0271     87.091  21.526121     35.495     10.366   309.8118     3.6312     2.6896     0.0161      0.158      6.601      9.574        456 5.9017e-01 0.0000e+00
      6.745     5.3296    11.0253     87.077  21.481651     35.403     10.363   309.5847     3.6150     2.5687     0.0160      0.140      6.614      9.594        457 6.1189e-01 0.0000e+00
      6.757     5.3294    11.0305     87.117  21.469541     35.402     10.360   309.8118     3.6312     2.6761     0.0160      0.117      6.625      9.609        458 6.0342e-01 0.0000e+00
      6.765     5.3290    11.0272     87.089  21.481915     35.402     10.357   309.6225     3.8334     2.6761     0.0160      0.093      6.635      9.624        459 5.7523e-01 0.0000e+00
      6.776     5.3286    11.0211     87.040  21.466250     35.402     10.354   309.6982     3.8496     2.6896     0.0160      0.075      6.650      9.645        460 5.7812e-01 0.0000e+00
      6.803     5.3285    11.0219     87.046  21.429757     35.310     10.355   310.5311     3.7889     2.6224     0.0160      0.065      6.676      9.683        461 5.8579e-01 0.0000e+00
      6.846     5.3289    11.0295     87.106  21.468052     35.403     10.349   311.0232     3.7970     2.7164     0.0160      0.066      6.709      9.731        462 5.3578e-01 0.0000e+00
      6.875     5.3291    11.0404     87.193  21.507510     35.449     10.335   310.2661     3.9466     2.6224     0.0161      0.073      6.735      9.768        463 5.0340e-01 0.0000e+00
      6.881     5.3286    11.0443     87.224  21.528846     35.495     10.331   310.0011     3.9264     2.6090     0.0161      0.078      6.748      9.787        464 5.2506e-01 0.0000e+00
      6.888     5.3281    11.0487     87.259  21.530415     35.494     10.327   310.1147     3.9385     2.7164     0.0161      0.080      6.757      9.800        465 5.0425e-01 0.0000e+00
      6.901     5.3282    11.0548     87.307  21.475920     35.403     10.327   309.3197     3.9426     2.6627     0.0160      0.080      6.770      9.819        466 4.9645e-01 0.0000e+00
      6.920     5.3283    11.0657     87.394  21.478109     35.403     10.321   309.6604     3.7606     2.3673     0.0160      0.078      6.788      9.845        467 5.0626e-01 0.0000e+00
      6.943     5.3279    11.0695     87.424  21.468412     35.403     10.318   309.9254     3.7606     2.4613     0.0160      0.075      6.810      9.878        468 5.3443e-01 0.0000e+00
      6.970     5.3271    11.0740     87.459  21.428711     35.311     10.311   310.2282     3.7566     2.3404     0.0160      0.070      6.835      9.914        469 5.1634e-01 0.0000e+00
      6.997     5.3268    11.0771     87.483  21.527518     35.496     10.308   310.5311     3.7444     2.3404     0.0161      0.068      6.860      9.950        470 4.7760e-01 0.0000e+00
      7.019     5.3268    11.0813     87.516  21.552921     35.543     10.301   310.9854     3.7525     2.3673     0.0161      0.074      6.881      9.981        471 4.8108e-01 0.0000e+00
      7.035     5.3269    11.0800     87.505  21.486014     35.405     10.299   310.7204     3.9507     2.4479     0.0160      0.082      6.899     10.006        472 4.7463e-01 0.0000e+00
      7.050     5.3270    11.0825     87.524  21.521867     35.497     10.296   310.7961     3.9466     2.5419     0.0161      0.085      6.915     10.030        473 4.3370e-01 0.0000e+00
      7.071     5.3269    11.0785     87.493  21.537942     35.497     10.288   310.6825     3.9628     2.3941     0.0161      0.085      6.934     10.057        474 4.2881e-01 0.0000e+00
      7.092     5.3274    11.0794     87.500  21.525287     35.497     10.289   310.8718     3.9951     2.4210     0.0161      0.083      6.952     10.084        475 4.4610e-01 0.0000e+00
      7.105     5.3276    11.0781     87.490  21.478338     35.405     10.279   310.9475     3.9143     2.4747     0.0160      0.078      6.967     10.105        476 4.3851e-01 0.0000e+00
      7.116     5.3276    11.0620     87.363  21.477813     35.404     10.276   310.6447     3.8941     2.3807     0.0160      0.071      6.981     10.126        477 4.5821e-01 0.0000e+00
      7.138     5.3276    11.0536     87.297  21.496299     35.450     10.274   311.1747     3.9102     2.5016     0.0161      0.068      7.001     10.153        478 4.3570e-01 0.0000e+00
      7.162     5.3274    11.0591     87.340  21.484971     35.404     10.265   311.5911     3.8779     2.4210     0.0160      0.068      7.021     10.181        479 4.1254e-01 0.0000e+00
      7.174     5.3272    11.0581     87.330  21.521552     35.496     10.258   311.2504     3.7970     2.4479     0.0161      0.069      7.036     10.204        480 4.2613e-01 0.0000e+00
      7.188     5.3270    11.0636     87.372  21.539692     35.496     10.253   311.1368     3.8294     2.4613     0.0161      0.068      7.052     10.227        481 4.0854e-01 0.0000e+00
      7.211     5.3268    11.0536     87.292  21.521674     35.497     10.251   311.4397     3.8334     2.3136     0.0161      0.068      7.071     10.255        482 4.0591e-01 0.0000e+00
      7.232     5.3266    11.0546     87.297  21.484697     35.405     10.246   311.4397     3.8213     2.4613     0.0160      0.069      7.091     10.284        483 4.0774e-01 0.0000e+00
      7.248     5.3267    11.0481     87.245  21.467153     35.405     10.240   311.8561     3.6231     2.4210     0.0160      0.072      7.106     10.305        484 3.9415e-01 0.0000e+00
      7.255     5.3267    11.0491     87.251  21.484231     35.405     10.235   311.3261     3.5948     2.4747     0.0160      0.070      7.116     10.321        485 4.0267e-01 0.0000e+00
      7.267     5.3266    11.0297     87.097  21.552362     35.543     10.233   311.0611     3.6555     2.4747     0.0161      0.064      7.129     10.340        486 3.9404e-01 0.0000e+00
      7.289     5.3268    11.0220     87.040  21.530558     35.497     10.224   310.9475     3.6272     2.4747     0.0161      0.063      7.149     10.369        487 3.5367e-01 0.0000e+00
      7.315     5.3270    11.0170     87.000  21.481724     35.405     10.221   310.8718     3.6393     2.5150     0.0160      0.065      7.173     10.404        488 3.3839e-01 0.0000e+00
      7.338     5.3267    11.0205     87.028  21.524218     35.497     10.218   311.0232     3.8132     2.4344     0.0161      0.068      7.196     10.437        489 3.5001e-01 0.0000e+00
      7.361     5.3260    11.0263     87.075  21.477677     35.405     10.209   311.2882     3.8294     2.4076     0.0160      0.071      7.217     10.468        490 3.5046e-01 0.0000e+00
      7.380     5.3254    11.0296     87.100  21.480368     35.405     10.204   311.6668     3.8051     2.4210     0.0160      0.075      7.237     10.496        491 3.4281e-01 0.0000e+00
      7.398     5.3247    11.0327     87.124  21.520869     35.498     10.202   311.4397     3.8011     2.3941     0.0161      0.079      7.254     10.520        492 3.3891e-01 0.0000e+00
      7.412     5.3238    11.0357     87.147  21.486551     35.407     10.195   311.4397     4.3429     2.4076     0.0160      0.082      7.267     10.540        493 3.5207e-01 0.0000e+00
      7.421     5.3231    11.0377     87.160  21.493437     35.454     10.189   311.8182     4.3510     2.3941     0.0161      0.078      7.277     10.555        494 3.4429e-01 0.0000e+00
      7.429     5.3222    11.0479     87.236  21.482660     35.408     10.186   311.1368     4.3348     2.4210     0.0160      0.069      7.288     10.570        495 3.2148e-01 0.0000e+00
      7.447     5.3223    11.0460     87.220  21.470324     35.409     10.182   310.9475     4.3106     2.4479     0.0160      0.062      7.304     10.593        496 3.2750e-01 0.0000e+00
      7.469     5.3233    11.0532     87.277  21.479152     35.410     10.176   310.7961     4.0558     2.4747     0.0160      0.059      7.324     10.622        497 3.5071e-01 0.0000e+00
      7.489     5.3234    11.0474     87.231  21.471676     35.410     10.172   310.9475     4.1043     2.4344     0.0160      0.058      7.343     10.649        498 3.4435e-01 0.0000e+00
      7.505     5.3235    11.0566     87.303  21.420351     35.317     10.168   311.0611     4.1003     2.3807     0.0160      0.060      7.359     10.673        499 3.2023e-01 0.0000e+00
      7.517     5.3239    11.0514     87.264  21.483748     35.409     10.162   310.8718     4.0558     2.4479     0.0160      0.061      7.375     10.697        500 3.2442e-01 0.0000e+00
      7.540     5.3238    11.0610     87.340  21.540973     35.547     10.155   311.7425     3.9507     2.5687     0.0161      0.065      7.397     10.729        501 3.1463e-01 0.0000e+00
      7.572     5.3236    11.0605     87.337  21.497329     35.408     10.152   313.0297     3.9345     2.6224     0.0160      0.073      7.423     10.766        502 2.9353e-01 0.0000e+00
      7.594     5.3232    11.0599     87.333  21.508424     35.500     10.145   311.5911     3.9871     2.5956     0.0161      0.079      7.446     10.799        503 3.0191e-01 0.0000e+00
      7.612     5.3218    11.0611     87.344  21.497527     35.409     10.139   311.6668     3.9709     2.6090     0.0160      0.081      7.467     10.829        504 3.0948e-01 0.0000e+00
      7.636     5.3200    11.0549     87.294  21.510890     35.501     10.136   312.0075     3.5342     2.4210     0.0161      0.083      7.489     10.862        505 3.0677e-01 0.0000e+00
      7.661     5.3193    11.0525     87.277  21.491793     35.411     10.128   312.2347     3.5706     2.4747     0.0160      0.087      7.511     10.893        506 2.8807e-01 0.0000e+00
      7.676     5.3193    11.0332     87.124  21.521294     35.505     10.120   311.3261     3.5867     2.4747     0.0161      0.088      7.526     10.916        507 2.8376e-01 0.0000e+00
      7.685     5.3192    11.0342     87.133  21.533456     35.506     10.114   311.0989     3.5584     2.4210     0.0161      0.085      7.537     10.932        508 3.0841e-01 0.0000e+00
      7.697     5.3195    11.0251     87.061  21.506296     35.460     10.109   314.3547     3.5423     2.4613     0.0161      0.077      7.550     10.950        509 2.9161e-01 0.0000e+00
      7.714     5.3201    11.0162     86.989  21.525456     35.506     10.106   313.7868     3.8294     2.4210     0.0161      0.069      7.565     10.973        510 2.7341e-01 0.0000e+00
