Data/DataNotYetUploadedToEDI/Raw_CTD/RawDownloads/042018_fcr50.cnv
* Sea-Bird SBE19plus  Data File:
* FileName = C:\DATA\042018_fcr50_0001.hex
* Software version 2.6.3.104 SB_Terminal.dll
* Temperature SN = 7809
* Conductivity SN = 7809
* System UpLoad Time = Apr 20 2018 16:05:56
* <ApplicationData>
* <Seaterm232>
# nquan = 15
# nvalues = 1260                        
# units = specified
# name 0 = depFM: Depth [fresh water, m]
# name 1 = dz/dtM: Descent Rate [m/s]
# name 2 = sbeox0Mg/L: Oxygen, SBE 43 [mg/l]
# name 3 = sbeox0PS: Oxygen, SBE 43 [% saturation]
# name 4 = specc: Specific Conductance [uS/cm]
# name 5 = c0uS/cm: Conductivity [uS/cm]
# name 6 = flECO-AFL: Fluorescence, WET Labs ECO-AFL/FL [mg/m^3]
# name 7 = ph: pH
# name 8 = orp: Oxidation Reduction Potential [mV]
# name 9 = par/sat/log: PAR/Logarithmic, Satlantic
# name 10 = turbWETntu0: Turbidity, WET Labs ECO [NTU]
# name 11 = prdM: Pressure, Strain Gauge [db]
# name 12 = prdE: Pressure, Strain Gauge [psi]
# name 13 = tv290C: Temperature [ITS-90, deg C]
# name 14 = flag:  0.000e+00
# span 0 =     -0.527,      9.799       
# span 1 =     -0.096,      4.277       
# span 2 =     6.5166,    10.7236       
# span 3 =     53.864,    105.765       
# span 4 =      0.060,    360.113       
# span 5 =   0.051987, 291.301130       
# span 6 =    -1.7152,     6.0748       
# span 7 =      1.442,      7.579       
# span 8 =   125.0201,  1240.2294       
# span 9 = 3.4501e-01, 2.2200e+03       
# span 10 =    -3.1357,   833.6856      
# span 11 =     -0.517,      9.610      
# span 12 =     -0.750,     13.938      
# span 13 =     6.9252,    18.4990      
# span 14 = 0.0000e+00, 0.0000e+00      
# interval = seconds: 0.25
# start_time = Apr 20 2018 19:53:23 [Instrument's time stamp, header]
# bad_flag = -9.990e-29
*END*
[from data line 482]
      0.825      0.028     8.3603     82.524     39.365  31.321393     0.8628      7.403   246.6480 6.3618e+02     0.9769      0.809      1.174    14.7752 0.0000e+00
      0.832      0.029     8.3642     82.565     39.350  31.311212     0.9158      7.403   246.7588 6.0715e+02     0.8829      0.816      1.183    14.7764 0.0000e+00
      0.838      0.030     8.3625     82.548     39.367  31.324043     0.9402      7.403   246.7682 5.6456e+02     0.8442      0.822      1.191    14.7773 0.0000e+00
      0.846      0.031     8.3575     82.493     39.402  31.349509     0.9458      7.403   246.7609 5.1231e+02     0.8443      0.829      1.203    14.7776 0.0000e+00
      0.855      0.032     8.3525     82.443     39.422  31.365075     0.9382      7.402   246.6710 4.7176e+02     0.9155      0.839      1.217    14.7799 0.0000e+00
      0.864      0.032     8.3510     82.428     39.447  31.385231     0.9132      7.402   246.4559 4.5031e+02     1.0330      0.847      1.229    14.7834 0.0000e+00
      0.872      0.031     8.3564     82.481     39.469  31.402682     0.9002      7.402   246.3961 4.3564e+02     1.0751      0.856      1.241    14.7819 0.0000e+00
      0.880      0.030     8.3678     82.593     39.448  31.385547     0.8915      7.402   246.3785 4.3176e+02     1.0580      0.864      1.253    14.7770 0.0000e+00
      0.887      0.029     8.3803     82.719     39.425  31.368580     0.8815      7.402   246.3292 4.5434e+02     1.0397      0.870      1.262    14.7780 0.0000e+00
      0.893      0.028     8.3952     82.869     39.448  31.388065     0.8526      7.402   246.3170 4.7019e+02     0.9764      0.876      1.270    14.7799 0.0000e+00
      0.900      0.027     8.4180     83.097     39.500  31.430605     0.8001      7.402   246.5748 4.5415e+02     0.8722      0.883      1.281    14.7768 0.0000e+00
      0.908      0.026     8.4448     83.364     39.507  31.438358     0.7696      7.401   247.2951 4.1710e+02     0.8175      0.891      1.292    14.7769 0.0000e+00
      0.915      0.026     8.4629     83.546     39.480  31.418295     0.7602      7.401   247.6262 3.6142e+02     0.8344      0.898      1.302    14.7791 0.0000e+00
      0.922      0.026     8.4665     83.584     39.509  31.442073     0.7319      7.401   247.3090 3.3154e+02     0.9232      0.904      1.311    14.7804 0.0000e+00
      0.927      0.026     8.4596     83.518     39.545  31.471808     0.6845      7.401   247.0733 3.4723e+02     1.0374      0.909      1.318    14.7817 0.0000e+00
      0.933      0.026     8.4517     83.444     39.530  31.460273     0.6558      7.402   247.0129 3.8125e+02     1.0857      0.914      1.326    14.7840 0.0000e+00
      0.939      0.026     8.4522     83.451     39.490  31.429618     0.6514      7.403   247.0095 4.1672e+02     1.0797      0.921      1.336    14.7861 0.0000e+00
      0.947      0.027     8.4639     83.567     39.475  31.418723     0.6504      7.404   247.7208 4.5480e+02     1.0264      0.929      1.347    14.7871 0.0000e+00
      0.955      0.027     8.4834     83.761     39.520  31.455562     0.6531      7.404   248.9881 5.0930e+02     0.9303      0.936      1.358    14.7883 0.0000e+00
      0.962      0.028     8.5070     83.995     39.569  31.493976     0.6566      7.404   249.5117 5.6401e+02     0.8628      0.944      1.369    14.7895 0.0000e+00
      0.969      0.030     8.5290     84.213     39.579  31.502121     0.6546      7.403   249.4926 6.1659e+02     0.8511      0.949      1.378    14.7910 0.0000e+00
      0.975      0.033     8.5442     84.363     39.564  31.490535     0.6472      7.401   249.2731 6.3727e+02     0.9103      0.955      1.385    14.7927 0.0000e+00
      0.983      0.035     8.5531     84.450     39.553  31.480909     0.6324      7.399   248.7503 5.8735e+02     1.0301      0.963      1.396    14.7931 0.0000e+00
      0.993      0.038     8.5500     84.418     39.594  31.512754     0.6132      7.398   249.1083 5.3246e+02     1.1100      0.973      1.411    14.7929 0.0000e+00
      1.004      0.041     8.5320     84.240     39.650  31.558019     0.5988      7.397   250.4174 5.1318e+02     1.1128      0.984      1.428    14.7933 0.0000e+00
      1.016      0.044     8.5078     83.999     39.683  31.583617     0.5964      7.396   251.2428 5.2522e+02     1.0638      0.996      1.446    14.7930 0.0000e+00
      1.026      0.044     8.4811     83.729     39.747  31.631724     0.6114      7.396   251.4309 5.8786e+02     1.0054      1.006      1.459    14.7926 0.0000e+00
      1.038      0.042     8.4519     83.437     39.830  31.695103     0.6427      7.396   251.4011 6.4006e+02     0.9567      1.017      1.474    14.7916 0.0000e+00
      1.051      0.039     8.4265     83.185     39.855  31.714808     0.6628      7.396   251.2264 6.1437e+02     0.9016      1.032      1.496    14.7924 0.0000e+00
      1.063      0.034     8.4103     83.021     39.892  31.742960     0.6520      7.396   250.8678 5.6733e+02     0.8588      1.044      1.515    14.7923 0.0000e+00
      1.070      0.029     8.4018     82.932     40.024  31.844942     0.6404      7.396   250.5070 5.7987e+02     0.8358      1.050      1.523    14.7862 0.0000e+00
      1.075      0.024     8.3993     82.897     40.138  31.931673     0.6512      7.395   250.5630 6.1771e+02     0.8363      1.054      1.529    14.7839 0.0000e+00
      1.079      0.020     8.4003     82.891     40.190  31.965961     0.6628      7.395   250.8567 5.8642e+02     0.8648      1.058      1.536    14.7849 0.0000e+00
      1.082      0.019     8.4046     82.911     40.253  32.005456     0.6619      7.396   251.1327 5.2535e+02     0.8763      1.061      1.539    14.7832 0.0000e+00
      1.086      0.020     8.4173     83.010     40.296  32.028121     0.6684      7.397   251.1469 5.0751e+02     0.8533      1.063      1.542    14.7791 0.0000e+00
      1.091      0.022     8.4445     83.247     40.261  31.985928     0.6856      7.397   250.5984 4.8565e+02     0.8298      1.069      1.552    14.7756 0.0000e+00
      1.099      0.025     8.4944     83.687     40.151  31.876364     0.6953      7.397   249.9219 4.3599e+02     0.8368      1.078      1.563    14.7670 0.0000e+00
      1.106      0.029     8.5640     84.285     40.081  31.783077     0.7028      7.397   249.7641 4.0839e+02     0.8763      1.085      1.572    14.7521 0.0000e+00
      1.113      0.032     8.6388     84.904     40.100  31.747120     0.7116      7.396   249.9810 4.2146e+02     0.9417      1.092      1.582    14.7380 0.0000e+00
      1.121      0.034     8.7116     85.493     40.023  31.632089     0.7105      7.395   250.3074 4.6132e+02     1.0170      1.099      1.593    14.7227 0.0000e+00
      1.130      0.035     8.7791     86.007     39.901  31.471864     0.7071      7.395   250.6134 4.9222e+02     1.0549      1.107      1.606    14.7019 0.0000e+00
      1.141      0.036     8.8321     86.348     39.903  31.397558     0.7075      7.394   250.7553 4.8647e+02     1.0644      1.119      1.622    14.6511 0.0000e+00
      1.151      0.038     8.8599     86.436     39.803  31.241668     0.7064      7.394   250.9049 4.7583e+02     1.0706      1.130      1.638    14.5793 0.0000e+00
      1.160      0.039     8.8649     86.314     39.566  30.984126     0.7033      7.393   251.2173 4.8303e+02     1.0681      1.138      1.650    14.5181 0.0000e+00
      1.168      0.040     8.8634     86.134     39.368  30.760440     0.6968      7.393   251.6072 5.0548e+02     1.0650      1.145      1.661    14.4418 0.0000e+00
      1.178      0.040     8.8768     86.094     39.132  30.505803     0.7019      7.392   251.8340 5.7349e+02     1.0638      1.155      1.675    14.3383 0.0000e+00
      1.190      0.041     8.9172     86.322     38.896  30.255042     0.7188      7.391   251.9800 6.6286e+02     1.0528      1.167      1.692    14.2391 0.0000e+00
      1.202      0.041     8.9763     86.759     38.821  30.141721     0.7443      7.390   252.2539 6.5996e+02     0.9940      1.179      1.710    14.1495 0.0000e+00
      1.213      0.040     9.0401     87.284     38.800  30.088181     0.7900      7.390   252.3919 5.7044e+02     0.9017      1.189      1.725    14.0660 0.0000e+00
      1.223      0.038     9.0986     87.784     38.705  29.988702     0.8211      7.390   252.4449 5.0144e+02     0.8531      1.199      1.740    13.9748 0.0000e+00
      1.232      0.035     9.1398     88.119     38.612  29.891496     0.8266      7.391   252.6365 4.6826e+02     0.8645      1.208      1.752    13.8822 0.0000e+00
      1.241      0.034     9.1570     88.224     38.527  29.801921     0.8476      7.391   252.9017 4.4677e+02     0.8855      1.217      1.765    13.8081 0.0000e+00
      1.248      0.034     9.1544     88.129     38.472  29.731214     0.8818      7.390   253.3286 4.3470e+02     0.8637      1.225      1.777    13.7641 0.0000e+00
      1.255      0.035     9.1372     87.888     38.433  29.671602     0.8995      7.389   253.7538 4.3306e+02     0.8452      1.231      1.784    13.7390 0.0000e+00
      1.263      0.038     9.1112     87.564     38.364  29.589157     0.9054      7.388   253.2248 4.4080e+02     0.8756      1.238      1.795    13.7018 0.0000e+00
      1.273      0.042     9.0836     87.224     38.282  29.496414     0.9345      7.387   251.9220 4.4321e+02     0.9256      1.247      1.809    13.6757 0.0000e+00
      1.285      0.047     9.0582     86.922     38.155  29.375777     0.9855      7.386   251.4241 4.5543e+02     0.9922      1.260      1.827    13.6390 0.0000e+00
      1.298      0.051     9.0392     86.702     38.042  29.273601     1.0163      7.384   251.6781 4.7929e+02     1.0397      1.274      1.846    13.5951 0.0000e+00
      1.312      0.053     9.0292     86.579     37.978  29.213556     1.0318      7.382   252.1545 4.9927e+02     1.0424      1.287      1.866    13.5632 0.0000e+00
      1.327      0.053     9.0230     86.492     37.920  29.157796     1.0528      7.380   252.7965 5.3798e+02     1.0244      1.301      1.887    13.5172 0.0000e+00
      1.343      0.052     9.0133     86.362     37.874  29.107434     1.0693      7.379   252.4710 5.5629e+02     1.0054      1.317      1.910    13.4879 0.0000e+00
      1.358      0.050     8.9985     86.183     37.817  29.049136     1.0745      7.377   251.2309 5.1087e+02     1.0266      1.333      1.934    13.4707 0.0000e+00
      1.368      0.048     8.9816     85.990     37.719  28.960938     1.0785      7.377   250.6222 4.4785e+02     1.0672      1.343      1.948    13.4567 0.0000e+00
      1.378      0.045     8.9726     85.876     37.610  28.866568     1.1178      7.377   250.7036 4.0910e+02     1.0386      1.350      1.959    13.4465 0.0000e+00
      1.389      0.041     8.9833     85.951     37.533  28.797138     1.1820      7.378   251.0101 4.2221e+02     0.9542      1.362      1.975    13.4226 0.0000e+00
      1.401      0.038     9.0158     86.234     37.495  28.756480     1.2110      7.378   251.4892 4.5193e+02     0.8712      1.375      1.994    13.4035 0.0000e+00
      1.412      0.037     9.0651     86.677     37.509  28.755982     1.2212      7.378   251.7643 4.3603e+02     0.8293      1.385      2.009    13.3878 0.0000e+00
      1.420      0.037     9.1281     87.252     37.569  28.791095     1.2776      7.376   251.9264 4.1285e+02     0.9052      1.392      2.019    13.3720 0.0000e+00
      1.426      0.037     9.1998     87.908     37.594  28.800008     1.3686      7.374   252.1592 4.0737e+02     1.0250      1.397      2.027    13.3605 0.0000e+00
      1.434      0.037     9.2709     88.561     37.524  28.736725     1.4124      7.373   252.2559 4.0011e+02     1.0571      1.405      2.038    13.3437 0.0000e+00
      1.445      0.038     9.3334     89.138     37.435  28.660955     1.4117      7.372   252.2355 3.9042e+02     1.0500      1.416      2.054    13.3297 0.0000e+00
      1.456      0.041     9.3816     89.582     37.424  28.645904     1.4237      7.370   252.3426 3.8076e+02     1.0610      1.429      2.072    13.3162 0.0000e+00
      1.467      0.043     9.4062     89.799     37.479  28.681746     1.4667      7.369   252.6903 3.7618e+02     1.0676      1.439      2.086    13.2992 0.0000e+00
      1.478      0.043     9.4031     89.753     37.529  28.713298     1.5173      7.368   253.2562 3.7660e+02     1.0393      1.448      2.101    13.2863 0.0000e+00
      1.489      0.042     9.3815     89.526     37.534  28.709875     1.5301      7.367   253.8505 3.7852e+02     1.0235      1.460      2.118    13.2777 0.0000e+00
      1.500      0.041     9.3466     89.170     37.538  28.703849     1.5305      7.367   254.0252 3.8767e+02     1.0586      1.471      2.134    13.2689 0.0000e+00
      1.510      0.040     9.3014     88.713     37.551  28.703935     1.5584      7.367   253.9914 3.9210e+02     1.0977      1.481      2.149    13.2602 0.0000e+00
      1.520      0.039     9.2549     88.249     37.488  28.647405     1.5917      7.367   254.1312 3.6893e+02     1.1004      1.491      2.162    13.2525 0.0000e+00
      1.530      0.037     9.2191     87.895     37.421  28.591855     1.6027      7.367   254.2523 3.3527e+02     1.0604      1.500      2.175    13.2418 0.0000e+00
      1.540      0.036     9.2062     87.764     37.441  28.603794     1.5992      7.368   254.3375 3.1928e+02     1.0415      1.510      2.190    13.2305 0.0000e+00
      1.549      0.034     9.2249     87.935     37.441  28.601256     1.5856      7.369   254.3006 3.1227e+02     1.0247      1.520      2.204    13.2161 0.0000e+00
      1.558      0.034     9.2729     88.384     37.393  28.561162     1.5576      7.369   254.0644 3.0340e+02     0.9484      1.528      2.216    13.2043 0.0000e+00
      1.565      0.034     9.3435     89.046     37.318  28.500030     1.5356      7.368   253.8906 2.9890e+02     0.8514      1.535      2.226    13.1984 0.0000e+00
      1.573      0.033     9.4315     89.868     37.239  28.433624     1.5318      7.368   253.8340 2.8735e+02     0.7983      1.542      2.237    13.1959 0.0000e+00
      1.581      0.032     9.5249     90.735     37.197  28.393258     1.5389      7.368   253.8969 2.7295e+02     0.8861      1.550      2.248    13.1925 0.0000e+00
      1.591      0.032     9.6066     91.490     37.208  28.392964     1.5485      7.368   254.1344 2.6649e+02     1.0277      1.560      2.262    13.1872 0.0000e+00
      1.600      0.032     9.6690     92.065     37.265  28.430062     1.5559      7.368   254.2103 2.5607e+02     1.0765      1.569      2.276    13.1832 0.0000e+00
      1.607      0.033     9.7127     92.466     37.313  28.460795     1.5549      7.367   253.9545 2.4343e+02     1.0795      1.577      2.287    13.1747 0.0000e+00
      1.613      0.034     9.7364     92.681     37.383  28.510535     1.5361      7.367   253.7083 2.3891e+02     1.0637      1.582      2.295    13.1626 0.0000e+00
      1.621      0.034     9.7425     92.731     37.487  28.586957     1.5030      7.366   253.7285 2.4293e+02     1.0683      1.588      2.304    13.1497 0.0000e+00
      1.632      0.035     9.7350     92.651     37.538  28.622776     1.4769      7.366   253.8552 2.5367e+02     1.0747      1.600      2.320    13.1410 0.0000e+00
      1.642      0.037     9.7225     92.521     37.548  28.626106     1.4778      7.365   253.7769 2.6574e+02     1.0498      1.611      2.336    13.1346 0.0000e+00
      1.651      0.037     9.7155     92.441     37.556  28.627214     1.4763      7.364   253.5560 2.7045e+02     1.0721      1.620      2.350    13.1290 0.0000e+00
      1.660      0.036     9.7114     92.390     37.574  28.636174     1.4313      7.363   254.0235 2.7323e+02     1.1003      1.628      2.362    13.1259 0.0000e+00
      1.670      0.035     9.7089     92.357     37.624  28.670928     1.3752      7.362   255.0416 2.9036e+02     1.0858      1.638      2.375    13.1215 0.0000e+00
      1.679      0.036     9.7152     92.406     37.706  28.729904     1.3498      7.359   255.4555 3.1882e+02     1.0793      1.648      2.389    13.1166 0.0000e+00
