Data/DataNotYetUploadedToEDI/Raw_CTD/RawDownloads/042018_fcr50.cnv
* Sea-Bird SBE19plus  Data File:
* FileName = C:\DATA\042018_fcr50_0001.hex
* Software version 2.6.3.104 SB_Terminal.dll
* Temperature SN = 7809
* Conductivity SN = 7809
* System UpLoad Time = Apr 20 2018 16:05:56
* <ApplicationData>
* <Seaterm232>
# nquan = 15
# nvalues = 1260                        
# units = specified
# name 0 = depFM: Depth [fresh water, m]
# name 1 = dz/dtM: Descent Rate [m/s]
# name 2 = sbeox0Mg/L: Oxygen, SBE 43 [mg/l]
# name 3 = sbeox0PS: Oxygen, SBE 43 [% saturation]
# name 4 = specc: Specific Conductance [uS/cm]
# name 5 = c0uS/cm: Conductivity [uS/cm]
# name 6 = flECO-AFL: Fluorescence, WET Labs ECO-AFL/FL [mg/m^3]
# name 7 = ph: pH
# name 8 = orp: Oxidation Reduction Potential [mV]
# name 9 = par/sat/log: PAR/Logarithmic, Satlantic
# name 10 = turbWETntu0: Turbidity, WET Labs ECO [NTU]
# name 11 = prdM: Pressure, Strain Gauge [db]
# name 12 = prdE: Pressure, Strain Gauge [psi]
# name 13 = tv290C: Temperature [ITS-90, deg C]
# name 14 = flag:  0.000e+00
# span 0 =     -0.527,      9.799       
# span 1 =     -0.096,      4.277       
# span 2 =     6.5166,    10.7236       
# span 3 =     53.864,    105.765       
# span 4 =      0.060,    360.113       
# span 5 =   0.051987, 291.301130       
# span 6 =    -1.7152,     6.0748       
# span 7 =      1.442,      7.579       
# span 8 =   125.0201,  1240.2294       
# span 9 = 3.4501e-01, 2.2200e+03       
# span 10 =    -3.1357,   833.6856      
# span 11 =     -0.517,      9.610      
# span 12 =     -0.750,     13.938      
# span 13 =     6.9252,    18.4990      
# span 14 = 0.0000e+00, 0.0000e+00      
# interval = seconds: 0.25
# start_time = Apr 20 2018 19:53:23 [Instrument's time stamp, header]
# bad_flag = -9.990e-29
*END*
[from data line 1061]
      7.229      0.052     7.5859     62.624     38.481  24.690740     3.4225      6.731   288.8673 2.9967e+00     1.5391      7.090     10.281     7.0843 0.0000e+00
      7.241      0.052     7.5968     62.713     38.499  24.701725     3.4179      6.731   288.8575 2.9831e+00     1.4967      7.101     10.300     7.0820 0.0000e+00
      7.252      0.052     7.6121     62.837     38.521  24.714423     3.4407      6.731   288.7590 2.9676e+00     1.4749      7.111     10.314     7.0802 0.0000e+00
      7.263      0.054     7.6302     62.984     38.528  24.717280     3.4775      6.730   288.6224 2.9323e+00     1.4888      7.121     10.328     7.0794 0.0000e+00
      7.278      0.055     7.6521     63.162     38.559  24.736275     3.4766      6.729   288.4108 2.8928e+00     1.5124      7.136     10.351     7.0795 0.0000e+00
      7.295      0.054     7.6755     63.354     38.586  24.753600     3.4577      6.729   288.1792 2.8489e+00     1.5157      7.154     10.376     7.0794 0.0000e+00
      7.311      0.051     7.6953     63.518     38.559  24.736285     3.4597      6.730   288.2312 2.8041e+00     1.4980      7.170     10.400     7.0779 0.0000e+00
      7.326      0.046     7.7135     63.668     38.530  24.717396     3.4732      6.730   288.4381 2.7656e+00     1.5120      7.186     10.422     7.0756 0.0000e+00
      7.337      0.042     7.7313     63.814     38.528  24.715693     3.4836      6.730   288.7872 2.7363e+00     1.5331      7.197     10.438     7.0742 0.0000e+00
      7.343      0.040     7.7452     63.928     38.528  24.715692     3.4931      6.729   289.2680 2.7331e+00     1.5086      7.202     10.445     7.0741 0.0000e+00
      7.348      0.040     7.7571     64.025     38.532  24.717385     3.5797      6.728   289.3471 2.7346e+00     1.5520      7.204     10.448     7.0742 0.0000e+00
      7.356      0.044     7.7695     64.125     38.563  24.736162     3.7497      6.727   288.5405 2.7114e+00     1.6914      7.212     10.459     7.0741 0.0000e+00
      7.369      0.050     7.7807     64.215     38.590  24.752243     3.8474      6.726   287.2586 2.6798e+00     1.7600      7.226     10.481     7.0742 0.0000e+00
      7.385      0.057     7.7913     64.300     38.544  24.721345     3.8611      6.726   287.0116 2.6541e+00     1.7408      7.242     10.504     7.0737 0.0000e+00
      7.403      0.063     7.8025     64.390     38.481  24.680035     3.8513      6.727   287.7908 2.6158e+00     1.6723      7.259     10.528     7.0723 0.0000e+00
      7.421      0.066     7.8121     64.468     38.510  24.697203     3.8208      6.727   288.2488 2.5643e+00     1.5725      7.278     10.555     7.0707 0.0000e+00
      7.437      0.066     7.8184     64.518     38.575  24.738448     3.8045      6.726   288.5045 2.5201e+00     1.5414      7.294     10.577     7.0688 0.0000e+00
      7.453      0.066     7.8231     64.554     38.569  24.734283     3.8011      6.724   288.9900 2.4807e+00     1.5403      7.309     10.601     7.0673 0.0000e+00
      7.470      0.066     7.8254     64.570     38.534  24.710334     3.7796      6.723   288.6982 2.4434e+00     1.5590      7.327     10.627     7.0662 0.0000e+00
      7.486      0.065     7.8222     64.540     38.525  24.702845     3.7473      6.722   287.5577 2.4119e+00     1.6457      7.342     10.648     7.0647 0.0000e+00
      7.502      0.064     7.8167     64.491     38.535  24.707222     3.7323      6.722   287.0746 2.3825e+00     1.7041      7.356     10.669     7.0639 0.0000e+00
      7.520      0.062     7.8132     64.460     38.526  24.699768     3.7262      6.722   287.1581 2.3545e+00     1.7158      7.375     10.696     7.0630 0.0000e+00
      7.538      0.061     7.8101     64.433     38.491  24.676206     3.7192      6.721   287.1903 2.3266e+00     1.6956      7.394     10.724     7.0611 0.0000e+00
      7.552      0.060     7.8061     64.397     38.493  24.676299     3.7029      6.720   287.6362 2.2958e+00     1.6113      7.407     10.742     7.0588 0.0000e+00
      7.565      0.058     7.8012     64.352     38.534  24.700899     3.6762      6.721   288.3337 2.2708e+00     1.5204      7.417     10.757     7.0565 0.0000e+00
      7.580      0.053     7.7940     64.290     38.565  24.719678     3.6630      6.722   288.2241 2.2452e+00     1.4826      7.432     10.779     7.0549 0.0000e+00
      7.596      0.049     7.7875     64.234     38.556  24.712871     3.6625      6.721   287.4291 2.2106e+00     1.4894      7.450     10.805     7.0534 0.0000e+00
      7.610      0.047     7.7831     64.197     38.509  24.682087     3.6616      6.721   287.0686 2.1781e+00     1.4807      7.464     10.827     7.0515 0.0000e+00
      7.619      0.048     7.7770     64.147     38.482  24.664927     3.6612      6.721   287.2210 2.1506e+00     1.4381      7.472     10.838     7.0491 0.0000e+00
      7.625      0.053     7.7695     64.084     38.531  24.695856     3.6664      6.719   287.6361 2.1279e+00     1.4622      7.475     10.843     7.0469 0.0000e+00
      7.635      0.062     7.7642     64.038     38.599  24.738594     3.6699      6.715   288.3017 2.1036e+00     1.5280      7.485     10.857     7.0459 0.0000e+00
      7.651      0.072     7.7619     64.016     38.599  24.737232     3.6674      6.710   288.9023 2.0697e+00     1.5328      7.503     10.881     7.0454 0.0000e+00
      7.673      0.079     7.7610     64.007     38.609  24.742878     3.6639      6.707   289.2189 2.0245e+00     1.4895      7.521     10.908     7.0459 0.0000e+00
      7.701      0.081     7.7621     64.014     38.711  24.806857     3.6639      6.706   289.2914 1.9681e+00     1.4617      7.550     10.951     7.0460 0.0000e+00
      7.731      0.079     7.7647     64.032     38.821  24.875881     3.6669      6.704   289.1756 1.9211e+00     1.5018      7.586     11.002     7.0438 0.0000e+00
      7.751      0.074     7.7663     64.039     38.830  24.879026     3.6539      6.703   289.1096 1.9019e+00     1.5777      7.606     11.030     7.0420 0.0000e+00
      7.763      0.068     7.7675     64.046     38.780  24.844886     3.6167      6.702   289.2679 1.8879e+00     1.6475      7.611     11.039     7.0404 0.0000e+00
      7.775      0.064     7.7665     64.039     38.778  24.844048     3.5941      6.701   289.4549 1.8656e+00     1.7044      7.624     11.057     7.0398 0.0000e+00
      7.789      0.062     7.7587     63.976     38.816  24.868895     3.6021      6.700   289.5634 1.8411e+00     1.7472      7.639     11.080     7.0384 0.0000e+00
      7.803      0.063     7.7422     63.839     38.851  24.891338     3.6391      6.698   289.7190 1.8086e+00     1.7376      7.649     11.095     7.0328 0.0000e+00
      7.822      0.064     7.7169     63.628     38.905  24.924929     3.6926      6.698   289.9605 1.7686e+00     1.6800      7.668     11.122     7.0305 0.0000e+00
      7.844      0.066     7.6858     63.368     38.959  24.957587     3.7155      6.698   290.0740 1.7324e+00     1.6306      7.695     11.160     7.0321 0.0000e+00
      7.861      0.066     7.6508     63.075     38.980  24.968742     3.7237      6.697   290.0588 1.7118e+00     1.5986      7.712     11.184     7.0333 0.0000e+00
      7.874      0.066     7.6134     62.761     39.027  24.996316     3.7275      6.696   290.2069 1.6951e+00     1.5981      7.720     11.197     7.0332 0.0000e+00
      7.888      0.062     7.5764     62.451     39.095  25.037004     3.7056      6.696   290.4882 1.6697e+00     1.5633      7.734     11.218     7.0311 0.0000e+00
      7.907      0.060     7.5377     62.128     39.164  25.079747     3.6797      6.696   290.7062 1.6457e+00     1.4825      7.755     11.246     7.0290 0.0000e+00
      7.925      0.060     7.4966     61.785     39.249  25.132155     3.6627      6.695   290.8645 1.6276e+00     1.4755      7.773     11.274     7.0266 0.0000e+00
      7.938      0.060     7.4554     61.440     39.302  25.162723     3.6560      6.694   290.6808 1.6210e+00     1.5097      7.786     11.293     7.0225 0.0000e+00
      7.949      0.060     7.4127     61.082     39.259  25.131880     3.6638      6.693   290.2061 1.6126e+00     1.5602      7.795     11.304     7.0185 0.0000e+00
      7.963      0.059     7.3651     60.686     39.176  25.076699     3.6741      6.693   290.1147 1.5749e+00     1.6591      7.807     11.325     7.0164 0.0000e+00
      7.982      0.058     7.3121     60.248     39.162  25.066959     3.6699      6.693   290.2645 1.5360e+00     1.7289      7.828     11.353     7.0148 0.0000e+00
      8.000      0.058     7.2568     59.792     39.179  25.077613     3.6587      6.693   290.3815 1.5228e+00     1.7327      7.846     11.379     7.0108 0.0000e+00
      8.015      0.060     7.2012     59.332     39.181  25.078519     3.6131      6.691   290.7554 1.5125e+00     1.6745      7.860     11.401     7.0056 0.0000e+00
      8.028      0.062     7.1452     58.869     39.181  25.077920     3.5225      6.689   291.2581 1.4992e+00     1.6352      7.874     11.420     7.0029 0.0000e+00
      8.038      0.064     7.0904     58.418     39.169  25.070373     3.4727      6.688   290.9541 1.4849e+00     1.6852      7.882     11.432     7.0030 0.0000e+00
      8.053      0.067     7.0411     58.014     39.137  25.050759     3.4702      6.688   289.9185 1.4680e+00     1.7289      7.893     11.448     7.0024 0.0000e+00
      8.075      0.071     7.0032     57.704     39.105  25.031249     3.4561      6.688   289.4051 1.4376e+00     1.7063      7.919     11.484     7.0012 0.0000e+00
      8.097      0.073     6.9790     57.505     39.094  25.024952     3.4311      6.688   289.3929 1.3903e+00     1.6558      7.942     11.519     7.0005 0.0000e+00
      8.117      0.073     6.9661     57.400     39.114  25.038112     3.4155      6.689   289.6853 1.3589e+00     1.6371      7.960     11.546     7.0008 0.0000e+00
      8.136      0.070     6.9631     57.375     39.153  25.063383     3.4055      6.689   290.2723 1.3489e+00     1.6637      7.979     11.573     7.0019 0.0000e+00
      8.152      0.065     6.9711     57.442     39.173  25.076533     3.3375      6.689   290.5535 1.3431e+00     1.7028      7.996     11.597     7.0034 0.0000e+00
      8.167      0.060     6.9872     57.576     39.163  25.070119     3.2188      6.689   290.1604 1.3372e+00     1.7131      8.010     11.618     7.0048 0.0000e+00
      8.181      0.059     7.0062     57.731     39.131  25.049329     3.1558      6.689   289.3050 1.3281e+00     1.6664      8.023     11.637     7.0050 0.0000e+00
      8.195      0.060     7.0264     57.893     39.082  25.015644     3.1449      6.689   288.7285 1.3222e+00     1.6268      8.037     11.656     7.0049 0.0000e+00
      8.208      0.063     7.0436     58.026     39.033  24.980289     3.1330      6.688   288.6971 1.3111e+00     1.6609      8.049     11.674     7.0056 0.0000e+00
      8.223      0.066     7.0562     58.120     38.978  24.939309     3.0579      6.686   289.0106 1.2859e+00     1.7123      8.062     11.693     7.0066 0.0000e+00
      8.242      0.068     7.0679     58.205     38.927  24.901098     2.9179      6.685   289.4218 1.2521e+00     1.6993      8.081     11.720     7.0064 0.0000e+00
      8.263      0.069     7.0771     58.275     38.930  24.899233     2.8362      6.684   289.7115 1.2249e+00     1.6563      8.104     11.754     7.0026 0.0000e+00
      8.283      0.068     7.0844     58.332     38.961  24.916758     2.8238      6.684   289.9320 1.2120e+00     1.6502      8.124     11.784     6.9971 0.0000e+00
      8.300      0.066     7.0939     58.408     38.972  24.922518     2.8419      6.684   290.0234 1.1945e+00     1.7168      8.139     11.805     6.9899 0.0000e+00
      8.315      0.065     7.1082     58.521     38.949  24.905382     2.8805      6.682   289.8703 1.1870e+00     1.8203      8.155     11.828     6.9812 0.0000e+00
      8.330      0.065     7.1277     58.678     38.944  24.900040     2.8952      6.681   289.7150 1.1931e+00     1.8647      8.169     11.849     6.9764 0.0000e+00
      8.343      0.065     7.1515     58.869     38.980  24.921416     2.9005      6.681   289.6090 1.1818e+00     1.8572      8.179     11.864     6.9756 0.0000e+00
      8.360      0.066     7.1790     59.093     38.964  24.909862     2.9446      6.681   289.4481 1.1609e+00     1.8210      8.197     11.888     6.9739 0.0000e+00
      8.381      0.066     7.2073     59.326     38.929  24.887325     3.0055      6.681   289.4912 1.1391e+00     1.7318      8.220     11.923     6.9702 0.0000e+00
      8.400      0.066     7.2323     59.534     38.952  24.902885     3.0293      6.681   290.1307 1.1196e+00     1.6324      8.238     11.950     6.9673 0.0000e+00
      8.416      0.066     7.2546     59.718     38.958  24.907531     3.0211      6.681   290.9850 1.1107e+00     1.6267      8.254     11.972     6.9647 0.0000e+00
      8.431      0.064     7.2734     59.873     38.915  24.880008     2.9990      6.681   291.2166 1.0899e+00     1.7550      8.267     11.990     6.9628 0.0000e+00
      8.446      0.062     7.2856     59.973     38.927  24.887554     2.9730      6.680   291.1246 1.0670e+00     1.9019      8.282     12.012     6.9629 0.0000e+00
      8.463      0.060     7.2920     60.027     39.002  24.935282     2.9558      6.680   290.9906 1.0686e+00     1.9375      8.300     12.038     6.9646 0.0000e+00
      8.479      0.059     7.2973     60.071     39.022  24.949145     2.9469      6.680   290.7143 1.0690e+00     1.9104      8.316     12.061     6.9659 0.0000e+00
      8.494      0.058     7.3015     60.106     38.989  24.928198     2.9387      6.680   290.6243 1.0457e+00     1.8494      8.330     12.082     6.9653 0.0000e+00
      8.508      0.057     7.3033     60.119     39.002  24.935982     2.9208      6.680   291.0207 1.0160e+00     1.7493      8.344     12.101     6.9650 0.0000e+00
      8.521      0.055     7.3044     60.125     39.073  24.979766     2.9049      6.681   291.6352 1.0033e+00     1.7070      8.356     12.119     6.9658 0.0000e+00
      8.535      0.055     7.3045     60.123     39.129  25.013141     2.8938      6.681   291.8583 9.9531e-01     1.7045      8.370     12.140     6.9664 0.0000e+00
      8.550      0.055     7.3015     60.093     39.147  25.022051     2.8880      6.682   291.8257 9.8294e-01     1.6887      8.386     12.164     6.9670 0.0000e+00
      8.563      0.055     7.2948     60.034     39.154  25.024001     2.9268      6.682   291.7577 9.7077e-01     1.7294      8.398     12.180     6.9666 0.0000e+00
      8.577      0.055     7.2838     59.940     39.176  25.036719     2.9954      6.682   291.6381 9.5282e-01     1.8305      8.410     12.196     6.9641 0.0000e+00
      8.592      0.053     7.2668     59.797     39.197  25.048842     3.0186      6.681   291.6709 9.3553e-01     1.8739      8.426     12.220     6.9608 0.0000e+00
      8.607      0.049     7.2462     59.624     39.192  25.043595     3.0048      6.680   291.7235 9.2803e-01     1.8577      8.441     12.243     6.9571 0.0000e+00
      8.622      0.043     7.2231     59.432     39.183  25.036765     2.9669      6.680   291.5854 9.2127e-01     1.8778      8.455     12.264     6.9544 0.0000e+00
      8.634      0.036     7.1970     59.214     39.175  25.029754     2.8907      6.680   291.3783 9.0961e-01     1.9342      8.468     12.283     6.9529 0.0000e+00
      8.640      0.028     7.1698     58.987     39.165  25.022312     2.8281      6.681   291.1132 9.0810e-01     1.9293      8.474     12.291     6.9503 0.0000e+00
      8.644      0.019     7.1435     58.771     39.146  25.010277     2.8074      6.683   290.8744 9.1229e-01     1.8492      8.477     12.294     6.9483 0.0000e+00
      8.648      0.013     7.1167     58.554     39.146  25.011222     2.7961      6.683   290.9000 9.0293e-01     1.8510      8.480     12.300     6.9470 0.0000e+00
