Data/DataNotYetUploadedToEDI/Raw_CTD/RawDownloads/042018_fcr50.cnv
* Sea-Bird SBE19plus  Data File:
* FileName = C:\DATA\042018_fcr50_0001.hex
* Software version 2.6.3.104 SB_Terminal.dll
* Temperature SN = 7809
* Conductivity SN = 7809
* System UpLoad Time = Apr 20 2018 16:05:56
* <ApplicationData>
* <Seaterm232>
# nquan = 15
# nvalues = 1260                        
# units = specified
# name 0 = depFM: Depth [fresh water, m]
# name 1 = dz/dtM: Descent Rate [m/s]
# name 2 = sbeox0Mg/L: Oxygen, SBE 43 [mg/l]
# name 3 = sbeox0PS: Oxygen, SBE 43 [% saturation]
# name 4 = specc: Specific Conductance [uS/cm]
# name 5 = c0uS/cm: Conductivity [uS/cm]
# name 6 = flECO-AFL: Fluorescence, WET Labs ECO-AFL/FL [mg/m^3]
# name 7 = ph: pH
# name 8 = orp: Oxidation Reduction Potential [mV]
# name 9 = par/sat/log: PAR/Logarithmic, Satlantic
# name 10 = turbWETntu0: Turbidity, WET Labs ECO [NTU]
# name 11 = prdM: Pressure, Strain Gauge [db]
# name 12 = prdE: Pressure, Strain Gauge [psi]
# name 13 = tv290C: Temperature [ITS-90, deg C]
# name 14 = flag:  0.000e+00
# span 0 =     -0.527,      9.799       
# span 1 =     -0.096,      4.277       
# span 2 =     6.5166,    10.7236       
# span 3 =     53.864,    105.765       
# span 4 =      0.060,    360.113       
# span 5 =   0.051987, 291.301130       
# span 6 =    -1.7152,     6.0748       
# span 7 =      1.442,      7.579       
# span 8 =   125.0201,  1240.2294       
# span 9 = 3.4501e-01, 2.2200e+03       
# span 10 =    -3.1357,   833.6856      
# span 11 =     -0.517,      9.610      
# span 12 =     -0.750,     13.938      
# span 13 =     6.9252,    18.4990      
# span 14 = 0.0000e+00, 0.0000e+00      
# interval = seconds: 0.25
# start_time = Apr 20 2018 19:53:23 [Instrument's time stamp, header]
# bad_flag = -9.990e-29
*END*
[from data line 193]
 1.6934e-08 1.2202e-37    10.3199    101.732     39.308  31.227892     0.4585      7.157   212.1527 1.6154e+03     0.8496      0.000      0.000    14.7429 0.0000e+00
 1.8628e-07 1.1092e-38    10.2204    100.733     39.169  31.111257     0.4602      7.150   212.3121 1.6211e+03     0.8632     -0.000     -0.000    14.7400 0.0000e+00
 1.8628e-07 1.0084e-39    10.1300     99.830     39.006  30.978082     0.4640      7.143   212.4001 1.6359e+03     0.8749      0.000      0.000    14.7361 0.0000e+00
 1.6937e-08 9.1675e-41    10.0540     99.073     38.896  30.887868     0.4672      7.136   212.4432 1.6527e+03     0.8696     -0.000      0.001    14.7294 0.0000e+00
 1.5672e-09 8.3340e-42     9.9938     98.476     38.846  30.846098     0.4812      7.130   212.4885 1.6688e+03     0.8300      0.000      0.000    14.7186 0.0000e+00
 4.4530e-10 7.5765e-43     9.9458     97.998     38.778  30.790601     0.5041      7.124   212.6032 1.6833e+03     0.7924     -0.000      0.001    14.7092 0.0000e+00
 3.3716e-09 6.8875e-44     9.9087     97.629     38.697  30.724927     0.5138      7.119   212.8842 1.6939e+03     0.8116      0.000     -0.000    14.7045 0.0000e+00
 3.6949e-08 6.2615e-45     9.8786     97.329     38.651  30.687114     0.5162      7.115   213.2183 1.6990e+03     0.8481     -0.000      0.000    14.7016 0.0000e+00
 4.0642e-07 5.6920e-46     9.8484     97.029     38.686  30.714456     0.5149      7.111   213.5455 1.7015e+03     0.8679      0.000      0.001    14.6992 0.0000e+00
      0.000 5.1746e-47     9.8157     96.704     38.797  30.801491     0.4984      7.108   213.8299 1.7037e+03     0.8674      0.001      0.001    14.6971 0.0000e+00
      0.000 4.7081e-48     9.7807     96.359     38.859  30.850325     0.4818      7.104   213.9884 1.7047e+03     0.8426      0.000      0.000    14.6954 0.0000e+00
      0.001 4.6897e-49     9.7413     95.971     38.791  30.796826     0.4704      7.102   214.0855 1.7052e+03     0.8117      0.001      0.001    14.6945 0.0000e+00
      0.001 4.9324e-49     9.7038     95.604     38.621  30.662707     0.4710      7.101   214.2305 1.7054e+03     0.7989      0.001      0.001    14.6935 0.0000e+00
      0.000 5.0015e-48     9.6786     95.357     38.415  30.498868     0.4979      7.099   214.4500 1.7052e+03     0.8102      0.000      0.000    14.6921 0.0000e+00
 1.8486e-08 5.4978e-47     9.6607     95.179     38.215  30.340050     0.5202      7.097   214.6747 1.7059e+03     0.8261     -0.000      0.001    14.6914 0.0000e+00
 2.0335e-07 6.0475e-46     9.6497     95.069     38.043  30.203121     0.5206      7.096   214.7968 1.7069e+03     0.8383      0.000      0.001    14.6920 0.0000e+00
 2.0335e-07 6.6523e-45     9.6533     95.103     37.931  30.113417     0.5207      7.093   214.8078 1.7072e+03     0.8669     -0.000     -0.000    14.6932 0.0000e+00
 1.8487e-08 7.3175e-44     9.6680     95.247     37.891  30.081037     0.5219      7.090   214.8939 1.7070e+03     0.8665      0.000      0.000    14.6938 0.0000e+00
 1.6805e-09 8.0493e-43     9.6862     95.425     37.872  30.065633     0.5160      7.088   215.1496 1.7052e+03     0.8344     -0.000     -0.000    14.6934 0.0000e+00
 1.5174e-10 8.8542e-42     9.7032     95.591     37.858  30.054183     0.5043      7.086   215.4044 1.7031e+03     0.8448      0.000      0.000    14.6924 0.0000e+00
 1.4134e-10 9.7396e-41     9.7133     95.689     37.878  30.069598     0.4996      7.083   215.5649 1.7025e+03     0.8698      0.001      0.001    14.6916 0.0000e+00
 1.5547e-09 1.0714e-39     9.7116     95.672     37.948  30.125010     0.4956      7.079   215.7142 1.7027e+03     0.8622     -0.000      0.000    14.6910 0.0000e+00
 1.7102e-08 1.1785e-38     9.6976     95.536     38.062  30.216113     0.4750      7.077   215.9186 1.7027e+03     0.8440      0.000      0.001    14.6903 0.0000e+00
 1.8812e-07 1.2963e-37     9.6740     95.306     38.144  30.282022     0.4527      7.074   216.1436 1.7027e+03     0.8334     -0.000      0.001    14.6896 0.0000e+00
 2.0660e-07 1.4260e-36     9.6464     95.037     38.148  30.286852     0.4474      7.072   216.3698 1.7019e+03     0.8252      0.000      0.000    14.6891 0.0000e+00
 4.0981e-07 1.5686e-35     9.6242     94.822     38.131  30.274503     0.4560      7.071   216.5879 1.6985e+03     0.8359      0.001      0.002    14.6893 0.0000e+00
      0.000 1.7254e-34     9.6131     94.713     38.112  30.259732     0.4655      7.071   216.7157 1.6939e+03     0.8712     -0.000      0.001    14.6897 0.0000e+00
      0.000 1.8980e-33     9.6109     94.691     38.081  30.235277     0.4696      7.071   216.7964 1.6887e+03     0.8859      0.000      0.000    14.6906 0.0000e+00
      0.001 2.0878e-32     9.6135     94.714     38.079  30.232844     0.4692      7.070   216.9624 1.6805e+03     0.8619      0.001      0.001    14.6924 0.0000e+00
      0.001 2.2966e-31     9.6183     94.758     38.078  30.230314     0.4698      7.067   217.1738 1.6684e+03     0.8546      0.001      0.001    14.6944 0.0000e+00
      0.001 2.5262e-30     9.6235     94.808     38.047  30.204680     0.4676      7.067   217.3737 1.6534e+03     0.8593      0.001      0.001    14.6952 0.0000e+00
      0.001 2.7788e-29     9.6285     94.854     38.014  30.176939     0.4524      7.067   217.5725 1.6372e+03     0.8269      0.000      0.001    14.6948 0.0000e+00
      0.001 3.0567e-28     9.6340     94.906     37.979  30.148921     0.4422      7.066   217.7697 1.6189e+03     0.7987      0.001      0.001    14.6936 0.0000e+00
      0.001 3.3624e-27     9.6380     94.945     37.943  30.119950     0.4442      7.064   217.8655 1.5997e+03     0.7924      0.001      0.001    14.6918 0.0000e+00
      0.001 3.6986e-26     9.6371     94.938     37.893  30.080671     0.4495      7.060   217.8707 1.5858e+03     0.8121      0.000      0.001    14.6902 0.0000e+00
      0.001 4.0685e-25     9.6324     94.894     37.859  30.055040     0.4605      7.057   218.0042 1.5745e+03     0.8546      0.001      0.001    14.6888 0.0000e+00
      0.001 4.4753e-24     9.6237     94.810     37.869  30.064067     0.4663      7.054   218.1887 1.5655e+03     0.8479      0.001      0.001    14.6878 0.0000e+00
      0.000 4.9229e-23     9.6100     94.677     37.867  30.062807     0.4834      7.052   218.3817 1.5648e+03     0.8224     -0.000      0.001    14.6875 0.0000e+00
 3.3868e-09 5.4152e-22     9.5927     94.507     37.838  30.039810     0.5202      7.050   218.6172 1.5688e+03     0.8514      0.000      0.000    14.6884 0.0000e+00
 3.7255e-08 5.9567e-21     9.5731     94.312     37.839  30.040030     0.5343      7.047   218.7986 1.5778e+03     0.8934      0.001      0.001    14.6900 0.0000e+00
 4.0981e-07 6.5523e-20     9.5521     94.103     37.872  30.065467     0.5250      7.044   219.0259 1.5923e+03     0.9029      0.000      0.000    14.6913 0.0000e+00
      0.000 7.2076e-19     9.5324     93.906     37.908  30.093346     0.5179      7.042   219.3009 1.6061e+03     0.8753      0.001      0.001    14.6923 0.0000e+00
      0.000 7.9283e-18     9.5203     93.785     37.947  30.123089     0.5134      7.040   219.5420 1.6214e+03     0.8646      0.000      0.001    14.6923 0.0000e+00
      0.001 8.7212e-17     9.5195     93.776     38.008  30.171068     0.5166      7.039   219.7040 1.6379e+03     0.8953      0.001      0.001    14.6913 0.0000e+00
      0.001 9.5933e-16     9.5264     93.846     38.160  30.292409     0.5206      7.038   219.8836 1.6529e+03     0.9105      0.001      0.001    14.6898 0.0000e+00
      0.001 1.0553e-14     9.5366     93.949     38.433  30.510594     0.5149      7.038   220.1646 1.6642e+03     0.8960      0.001      0.001    14.6882 0.0000e+00
      0.001 1.1608e-13     9.5493     94.079     38.767  30.776896     0.5125      7.038   220.4348 1.6696e+03     0.8731      0.001      0.001    14.6871 0.0000e+00
      0.001 1.2769e-12     9.5633     94.218     39.011  30.971914     0.5195      7.039   220.6556 1.6727e+03     0.8779      0.001      0.002    14.6866 0.0000e+00
      0.001 1.4046e-11     9.5758     94.343     39.000  30.963286     0.5247      7.039   220.7693 1.6760e+03     0.8932      0.000      0.001    14.6875 0.0000e+00
      0.001 1.5450e-10     9.5837     94.420     38.794  30.799601     0.5203      7.039   220.8630 1.6797e+03     0.8745      0.001      0.001    14.6894 0.0000e+00
      0.001 1.6995e-09     9.5805     94.386     38.599  30.644033     0.5220      7.038   221.0139 1.6830e+03     0.8349      0.001      0.001    14.6915 0.0000e+00
      0.001 1.8695e-08     9.5650     94.233     38.472  30.543024     0.5267      7.038   221.2169 1.6840e+03     0.8108      0.000      0.001    14.6931 0.0000e+00
      0.001 2.0564e-07     9.5431     94.018     38.377  30.467413     0.5219      7.038   221.5113 1.6847e+03     0.8277      0.001      0.002    14.6933 0.0000e+00
      0.001      0.000     9.5230     93.823     38.326  30.428414     0.5197      7.038   221.7336 1.6845e+03     0.8557      0.001      0.001    14.6926 0.0000e+00
      0.001      0.000     9.5108     93.709     38.354  30.452542     0.5179      7.038   221.8398 1.6826e+03     0.9050      0.000      0.001    14.6914 0.0000e+00
      0.001      0.000     9.5105     93.715     38.416  30.505111     0.5184      7.036   221.9349 1.6825e+03     0.9973      0.001      0.001    14.6911 0.0000e+00
      0.001      0.003     9.5219     93.835     38.476  30.555951     0.5261      7.035   222.0234 1.6835e+03     1.0563      0.001      0.001    14.6914 0.0000e+00
      0.001      0.033     9.5398     94.019     38.556  30.622696     0.5366      7.035   222.2204 1.6818e+03     1.0678      0.001      0.002    14.6928 0.0000e+00
      0.001      0.364     9.5628     94.254     38.621  30.677052     0.5545      7.034   222.5099 1.6777e+03     1.0145      0.001      0.002    14.6962 0.0000e+00
      0.001      4.007     9.5871     94.499     38.654  30.705106     0.5677      7.032   222.6851 1.6748e+03     0.9005      0.001      0.002    14.7003 0.0000e+00
      0.001      4.007     9.6038     94.669     38.655  30.707866     0.5766      7.032   222.7909 1.6709e+03     0.8492      0.001      0.001    14.7043 0.0000e+00
      0.001      0.364     9.6092     94.726     38.656  30.710426     0.5886      7.032   222.9286 1.6619e+03     0.8526      0.001      0.002    14.7085 0.0000e+00
      0.001      0.033     9.6034     94.671     38.687  30.736052     0.5839      7.034   223.0593 1.6511e+03     0.8492      0.001      0.001    14.7123 0.0000e+00
      0.001      0.003     9.5854     94.495     38.722  30.763680     0.5568      7.036   223.1664 1.6387e+03     0.8389      0.001      0.001    14.7155 0.0000e+00
      0.001      0.000     9.5599     94.244     38.755  30.790440     0.5274      7.037   223.2771 1.6213e+03     0.8201      0.002      0.002    14.7177 0.0000e+00
      0.001      0.000     9.5363     94.013     38.773  30.805565     0.5219      7.037   223.4506 1.6004e+03     0.8348      0.001      0.002    14.7196 0.0000e+00
      0.001      0.000     9.5185     93.839     38.790  30.819549     0.5282      7.037   223.6303 1.5780e+03     0.8945      0.001      0.002    14.7209 0.0000e+00
      0.001 2.0564e-07     9.5084     93.740     38.805  30.832496     0.5212      7.038   223.7287 1.5576e+03     0.9627      0.001      0.002    14.7211 0.0000e+00
      0.001 1.8695e-08     9.5047     93.705     38.808  30.835101     0.5103      7.040   223.7803 1.5382e+03     1.0187      0.001      0.001    14.7216 0.0000e+00
      0.001 1.6995e-09     9.5024     93.685     38.827  30.851040     0.5070      7.041   223.8242 1.5172e+03     1.0518      0.001      0.002    14.7225 0.0000e+00
      0.001 1.5450e-10     9.5030     93.693     38.886  30.898199     0.5179      7.040   223.8287 1.5024e+03     1.0586      0.001      0.001    14.7229 0.0000e+00
      0.001 1.4045e-11     9.5112     93.775     38.964  30.960734     0.5323      7.040   223.8342 1.4922e+03     1.0089      0.001      0.002    14.7233 0.0000e+00
      0.001 1.2769e-12     9.5239     93.902     38.977  30.972049     0.5332      7.040   223.9776 1.4850e+03     0.9084      0.001      0.002    14.7240 0.0000e+00
      0.001 1.1608e-13     9.5388     94.050     38.896  30.908003     0.5284      7.041   224.1860 1.4842e+03     0.8511      0.001      0.002    14.7248 0.0000e+00
      0.001 1.0553e-14     9.5602     94.262     38.787  30.821448     0.5297      7.041   224.2880 1.4868e+03     0.8646      0.001      0.002    14.7256 0.0000e+00
      0.001 9.5935e-16     9.5861     94.518     38.698  30.751132     0.5494      7.040   224.3513 1.4948e+03     0.9199      0.001      0.002    14.7265 0.0000e+00
      0.001 8.7210e-17     9.6086     94.740     38.625  30.692902     0.5731      7.040   224.5209 1.5034e+03     1.0008      0.001      0.002    14.7273 0.0000e+00
      0.001 7.9285e-18     9.6235     94.886     38.540  30.625467     0.5780      7.040   224.6175 1.5125e+03     1.0490      0.001      0.002    14.7283 0.0000e+00
      0.001 7.2075e-19     9.6287     94.937     38.471  30.570851     0.5805      7.040   224.5740 1.5249e+03     1.0459      0.001      0.001    14.7287 0.0000e+00
      0.001 6.5525e-20     9.6229     94.880     38.433  30.540608     0.5750      7.042   224.6830 1.5323e+03     0.9929      0.001      0.002    14.7287 0.0000e+00
      0.001 5.9566e-21     9.6080     94.733     38.400  30.513828     0.5481      7.043   224.9023 1.5353e+03     0.8970      0.001      0.002    14.7287 0.0000e+00
      0.001 5.4231e-22     9.5856     94.513     38.384  30.501094     0.5225      7.044   225.0748 1.5381e+03     0.8316      0.002      0.002    14.7287 0.0000e+00
      0.001 5.8074e-23     9.5557     94.219     38.399  30.513668     0.5145      7.047   225.2201 1.5411e+03     0.8127      0.001      0.002    14.7285 0.0000e+00
      0.001 1.0177e-22     9.5248     93.915     38.430  30.538840     0.5152      7.050   225.3680 1.5417e+03     0.7910      0.001      0.002    14.7286 0.0000e+00
      0.001 1.0706e-21     9.5026     93.696     38.446  30.551410     0.5126      7.051   225.5732 1.5415e+03     0.7832      0.001      0.002    14.7287 0.0000e+00
      0.001 1.1773e-20     9.4928     93.599     38.430  30.538634     0.5193      7.052   225.7217 1.5461e+03     0.8102      0.001      0.002    14.7289 0.0000e+00
      0.001 1.2950e-19     9.4947     93.617     38.395  30.511383     0.5323      7.052   225.7870 1.5548e+03     0.8425      0.001      0.002    14.7293 0.0000e+00
      0.001 1.4245e-18     9.5073     93.742     38.351  30.475951     0.5315      7.052   225.9328 1.5643e+03     0.8677      0.002      0.002    14.7296 0.0000e+00
      0.001 1.5669e-17     9.5287     93.952     38.291  30.427770     0.5286      7.052   226.1941 1.5708e+03     0.9326      0.001      0.002    14.7298 0.0000e+00
      0.001 1.7236e-16     9.5533     94.192     38.224  30.373386     0.5331      7.052   226.5375 1.5745e+03     1.0170      0.002      0.002    14.7298 0.0000e+00
      0.001 1.8960e-15     9.5727     94.381     38.166  30.326453     0.5315      7.052   226.8150 1.5765e+03     1.0330      0.001      0.002    14.7295 0.0000e+00
      0.001 2.0856e-14     9.5809     94.458     38.140  30.304857     0.5276      7.051   226.8825 1.5740e+03     1.0353      0.001      0.002    14.7294 0.0000e+00
      0.001 2.2941e-13     9.5770     94.419     38.138  30.302790     0.5411      7.051   226.9235 1.5697e+03     1.0140      0.001      0.002    14.7291 0.0000e+00
      0.001 2.5236e-12     9.5643     94.293     38.137  30.301456     0.5658      7.051   227.0527 1.5651e+03     0.9284      0.001      0.002    14.7280 0.0000e+00
      0.001 2.7759e-11     9.5493     94.144     38.121  30.288730     0.5785      7.052   227.1532 1.5588e+03     0.8847      0.001      0.002    14.7262 0.0000e+00
      0.001 3.0535e-10     9.5394     94.048     38.105  30.275932     0.5746      7.055   227.2784 1.5527e+03     0.8830      0.001      0.002    14.7244 0.0000e+00
