Data/DataNotYetUploadedToEDI/Raw_CTD/RawDownloads/042018_fcr50.cnv
* Sea-Bird SBE19plus  Data File:
* FileName = C:\DATA\042018_fcr50_0001.hex
* Software version 2.6.3.104 SB_Terminal.dll
* Temperature SN = 7809
* Conductivity SN = 7809
* System UpLoad Time = Apr 20 2018 16:05:56
* <ApplicationData>
* <Seaterm232>
# nquan = 15
# nvalues = 1260                        
# units = specified
# name 0 = depFM: Depth [fresh water, m]
# name 1 = dz/dtM: Descent Rate [m/s]
# name 2 = sbeox0Mg/L: Oxygen, SBE 43 [mg/l]
# name 3 = sbeox0PS: Oxygen, SBE 43 [% saturation]
# name 4 = specc: Specific Conductance [uS/cm]
# name 5 = c0uS/cm: Conductivity [uS/cm]
# name 6 = flECO-AFL: Fluorescence, WET Labs ECO-AFL/FL [mg/m^3]
# name 7 = ph: pH
# name 8 = orp: Oxidation Reduction Potential [mV]
# name 9 = par/sat/log: PAR/Logarithmic, Satlantic
# name 10 = turbWETntu0: Turbidity, WET Labs ECO [NTU]
# name 11 = prdM: Pressure, Strain Gauge [db]
# name 12 = prdE: Pressure, Strain Gauge [psi]
# name 13 = tv290C: Temperature [ITS-90, deg C]
# name 14 = flag:  0.000e+00
# span 0 =     -0.527,      9.799       
# span 1 =     -0.096,      4.277       
# span 2 =     6.5166,    10.7236       
# span 3 =     53.864,    105.765       
# span 4 =      0.060,    360.113       
# span 5 =   0.051987, 291.301130       
# span 6 =    -1.7152,     6.0748       
# span 7 =      1.442,      7.579       
# span 8 =   125.0201,  1240.2294       
# span 9 = 3.4501e-01, 2.2200e+03       
# span 10 =    -3.1357,   833.6856      
# span 11 =     -0.517,      9.610      
# span 12 =     -0.750,     13.938      
# span 13 =     6.9252,    18.4990      
# span 14 = 0.0000e+00, 0.0000e+00      
# interval = seconds: 0.25
# start_time = Apr 20 2018 19:53:23 [Instrument's time stamp, header]
# bad_flag = -9.990e-29
*END*
[from data line 675]
      2.573      0.032     9.7984     92.458     36.885  27.841621     2.0023      7.299   263.3864 1.2514e+02     1.0532      2.524      3.660    12.7491 0.0000e+00
      2.580      0.032     9.8024     92.497     36.899  27.852759     2.0059      7.300   263.9113 1.2459e+02     0.9977      2.530      3.670    12.7431 0.0000e+00
      2.587      0.032     9.8104     92.574     36.849  27.816004     2.0032      7.301   264.0183 1.2402e+02     0.9119      2.535      3.676    12.7394 0.0000e+00
      2.597      0.033     9.8199     92.665     36.799  27.778217     1.9968      7.303   263.9924 1.2377e+02     0.8714      2.545      3.692    12.7376 0.0000e+00
      2.607      0.034     9.8272     92.732     36.798  27.776872     1.9832      7.304   263.9427 1.2381e+02     0.8744      2.557      3.711    12.7376 0.0000e+00
      2.616      0.035     9.8331     92.784     36.829  27.799745     1.9577      7.306   263.9335 1.2377e+02     0.9165      2.567      3.722    12.7387 0.0000e+00
      2.623      0.036     9.8372     92.819     36.833  27.800775     1.9367      7.306   263.9673 1.2391e+02     1.0149      2.571      3.730    12.7400 0.0000e+00
      2.631      0.036     9.8376     92.814     36.822  27.789324     1.9309      7.305   264.0930 1.2414e+02     1.0870      2.578      3.740    12.7400 0.0000e+00
      2.641      0.035     9.8325     92.754     36.827  27.788282     1.9249      7.305   264.3346 1.2398e+02     1.0860      2.589      3.756    12.7392 0.0000e+00
      2.652      0.034     9.8221     92.643     36.832  27.788179     1.9380      7.304   264.5655 1.2351e+02     1.0940      2.600      3.771    12.7381 0.0000e+00
      2.662      0.031     9.8100     92.518     36.837  27.788066     1.9786      7.303   264.8197 1.2319e+02     1.1239      2.612      3.787    12.7358 0.0000e+00
      2.670      0.026     9.8000     92.418     36.838  27.786910     2.0033      7.303   264.9991 1.2318e+02     1.1110      2.620      3.800    12.7314 0.0000e+00
      2.675      0.021     9.7937     92.357     36.823  27.774202     2.0067      7.303   264.4116 1.2334e+02     1.0605      2.624      3.806    12.7257 0.0000e+00
      2.679      0.016     9.7911     92.333     36.806  27.761415     2.0200      7.303   263.3087 1.2386e+02     1.0316      2.627      3.810    12.7189 0.0000e+00
      2.682      0.012     9.7913     92.339     36.801  27.759305     2.0439      7.304   263.1930 1.2541e+02     1.0673      2.630      3.814    12.7134 0.0000e+00
      2.684      0.012     9.7945     92.374     36.784  27.748683     2.0567      7.306   263.8733 1.2749e+02     1.1262      2.632      3.817    12.7111 0.0000e+00
      2.685      0.015     9.8027     92.454     36.798  27.759996     2.0555      7.307   264.2209 1.2869e+02     1.1023      2.633      3.819    12.7099 0.0000e+00
      2.687      0.021     9.8132     92.550     36.812  27.769091     2.0568      7.308   264.5564 1.2857e+02     1.0539      2.634      3.820    12.7096 0.0000e+00
      2.691      0.029     9.8197     92.597     36.768  27.731650     2.0628      7.308   265.0049 1.2798e+02     1.0903      2.638      3.826    12.7120 0.0000e+00
      2.699      0.040     9.8218     92.586     36.725  27.688283     2.0641      7.304   264.5679 1.2715e+02     1.1152      2.645      3.836    12.7161 0.0000e+00
      2.711      0.053     9.8220     92.536     36.667  27.625738     2.0636      7.295   263.4877 1.2593e+02     1.1107      2.658      3.855    12.7169 0.0000e+00
      2.726      0.064     9.8232     92.470     36.598  27.546890     2.0662      7.287   263.1300 1.2467e+02     1.1270      2.672      3.877    12.7163 0.0000e+00
      2.744      0.072     9.8260     92.406     36.574  27.496885     2.1235      7.281   263.3395 1.2305e+02     1.1295      2.687      3.898    12.7125 0.0000e+00
      2.768      0.077     9.8274     92.331     36.573  27.465587     2.2413      7.277   263.6982 1.2131e+02     1.1103      2.713      3.935    12.6963 0.0000e+00
      2.792      0.079     9.8318     92.260     36.568  27.422429     2.3136      7.274   264.3695 1.2011e+02     1.0777      2.742      3.976    12.6732 0.0000e+00
      2.811      0.079     9.8448     92.218     36.556  27.356019     2.3269      7.273   264.8309 1.1891e+02     1.0403      2.757      3.998    12.6353 0.0000e+00
      2.829      0.076     9.8625     92.195     36.567  27.297545     2.3281      7.273   264.4592 1.1691e+02     1.0252      2.773      4.022    12.5831 0.0000e+00
      2.849      0.070     9.8782     92.168     36.635  27.286825     2.3196      7.273   263.5748 1.1511e+02     1.0467      2.796      4.055    12.5487 0.0000e+00
      2.868      0.064     9.8867     92.108     36.705  27.289835     2.3154      7.273   263.0857 1.1393e+02     1.0867      2.814      4.081    12.5046 0.0000e+00
      2.884      0.060     9.8834     91.978     36.725  27.270392     2.3234      7.273   263.1054 1.1255e+02     1.0822      2.829      4.102    12.4174 0.0000e+00
      2.898      0.056     9.8709     91.808     36.713  27.242195     2.3252      7.271   263.2972 1.1122e+02     1.0230      2.843      4.124    12.3185 0.0000e+00
      2.910      0.052     9.8591     91.669     36.673  27.202883     2.3178      7.265   263.5126 1.1036e+02     1.0108      2.854      4.140    12.2328 0.0000e+00
      2.920      0.050     9.8536     91.581     36.655  27.176051     2.3178      7.260   263.8160 1.0893e+02     1.0574      2.862      4.150    12.1658 0.0000e+00
      2.932      0.049     9.8536     91.529     36.675  27.171742     2.3250      7.259   264.1269 1.0649e+02     1.0989      2.873      4.167    12.1159 0.0000e+00
      2.947      0.049     9.8565     91.484     36.680  27.150767     2.3221      7.260   264.1740 1.0522e+02     1.1149      2.892      4.195    12.0937 0.0000e+00
      2.960      0.048     9.8589     91.424     36.668  27.112912     2.3098      7.263   264.2129 1.0534e+02     1.0988      2.904      4.211    12.0897 0.0000e+00
      2.971      0.046     9.8567     91.352     36.668  27.094987     2.3052      7.267   264.1664 1.0544e+02     1.0873      2.913      4.223    12.0691 0.0000e+00
      2.984      0.043     9.8487     91.257     36.718  27.124511     2.3118      7.270   263.8705 1.0517e+02     1.0978      2.927      4.245    12.0444 0.0000e+00
      2.995      0.041     9.8386     91.151     36.761  27.152390     2.3162      7.273   263.8190 1.0471e+02     1.1025      2.939      4.263    12.0129 0.0000e+00
      3.003      0.041     9.8322     91.061     36.725  27.114579     2.3038      7.277   264.5751 1.0448e+02     1.0839      2.946      4.273    11.9593 0.0000e+00
      3.011      0.042     9.8374     90.947     36.713  27.048315     2.2906      7.279   265.7004 1.0376e+02     1.0560      2.951      4.280    11.9358 0.0000e+00
      3.021      0.042     9.8636     90.817     36.808  26.986117     2.2950      7.279   266.1533 1.0266e+02     1.0710      2.962      4.295    11.9365 0.0000e+00
      3.034      0.042     9.9043     90.696     36.977  26.933875     2.3100      7.280   266.1794 1.0186e+02     1.0818      2.975      4.315    11.9228 0.0000e+00
      3.047      0.042     9.9345     90.479     37.117  26.860942     2.3341      7.283   266.0167 1.0120e+02     1.0337      2.988      4.333    11.9347 0.0000e+00
      3.059      0.042     9.9465     90.162     37.158  26.739070     2.3571      7.284   265.5623 1.0073e+02     1.0082      3.002      4.353    11.8818 0.0000e+00
      3.069      0.040     9.9493     89.841     37.230  26.666612     2.3680      7.284   265.3318 9.9904e+01     1.0485      3.011      4.367    11.6752 0.0000e+00
      3.078      0.036     9.9452     89.539     37.386  26.683194     2.3822      7.285   265.8971 9.8459e+01     1.0939      3.017      4.376    11.4143 0.0000e+00
      3.087      0.033     9.9356     89.279     37.476  26.685470     2.4011      7.286   266.9757 9.7210e+01     1.0989      3.028      4.391    11.1687 0.0000e+00
      3.095      0.033     9.9259     89.091     37.450  26.630574     2.4212      7.286   267.4463 9.6640e+01     1.0781      3.037      4.405    10.9644 0.0000e+00
      3.101      0.033     9.9184     88.961     37.425  26.590871     2.4418      7.285   267.4571 9.6325e+01     1.0568      3.040      4.410    10.7999 0.0000e+00
      3.109      0.033     9.9171     88.919     37.434  26.586383     2.4567      7.283   267.5370 9.6119e+01     1.0548      3.046      4.418    10.6674 0.0000e+00
      3.119      0.033     9.9260     89.011     37.414  26.576303     2.4632      7.283   267.2931 9.6337e+01     1.0532      3.059      4.436    10.5877 0.0000e+00
      3.129      0.033     9.9388     89.153     37.429  26.595985     2.4563      7.283   266.8316 9.6627e+01     1.0379      3.070      4.451    10.5486 0.0000e+00
      3.138      0.034     9.9545     89.278     37.490  26.633889     2.4475      7.284   267.0336 9.6527e+01     1.0221      3.077      4.463    10.5189 0.0000e+00
      3.145      0.034     9.9802     89.396     37.485  26.590117     2.4483      7.285   267.8423 9.5895e+01     1.0151      3.084      4.473    10.4986 0.0000e+00
      3.152      0.034    10.0152     89.494     37.482  26.511163     2.4564      7.284   268.2632 9.4951e+01     1.0133      3.090      4.482    10.5097 0.0000e+00
      3.161      0.033    10.0471     89.535     37.596  26.504627     2.4627      7.282   268.2507 9.3856e+01     1.0011      3.099      4.494    10.5332 0.0000e+00
      3.171      0.033    10.0591     89.477     37.689  26.511007     2.4607      7.282   268.2080 9.2658e+01     1.0200      3.109      4.509    10.5379 0.0000e+00
      3.181      0.034    10.0456     89.306     37.644  26.461250     2.4594      7.281   268.0905 9.1757e+01     1.0589      3.120      4.525    10.4859 0.0000e+00
      3.189      0.035    10.0192     89.075     37.571  26.410973     2.4744      7.280   267.9492 9.1012e+01     1.0440      3.127      4.536    10.3698 0.0000e+00
      3.196      0.035     9.9966     88.857     37.580  26.411074     2.4949      7.277   267.7041 9.0247e+01     1.0237      3.133      4.544    10.2311 0.0000e+00
      3.204      0.035     9.9846     88.682     37.689  26.462466     2.4965      7.273   267.3638 8.9632e+01     1.0569      3.142      4.557    10.1422 0.0000e+00
      3.214      0.034     9.9803     88.547     37.826  26.524352     2.4936      7.271   267.3625 8.9046e+01     1.0804      3.151      4.570    10.1365 0.0000e+00
      3.224      0.034     9.9778     88.449     37.865  26.524338     2.5063      7.270   267.6019 8.8233e+01     1.0634      3.161      4.586    10.1506 0.0000e+00
      3.235      0.033     9.9756     88.379     37.803  26.462267     2.5487      7.269   267.8492 8.7364e+01     1.0332      3.173      4.604    10.1491 0.0000e+00
      3.242      0.031     9.9758     88.333     37.752  26.408800     2.6112      7.266   268.0300 8.6756e+01     1.0211      3.180      4.612    10.1111 0.0000e+00
      3.248      0.029     9.9778     88.283     37.753  26.385821     2.6457      7.263   267.7225 8.6353e+01     1.0397      3.185      4.619    10.0513 0.0000e+00
      3.254      0.028     9.9770     88.178     37.789  26.374893     2.6547      7.261   267.1430 8.6093e+01     1.0432      3.192      4.629    10.0171 0.0000e+00
      3.260      0.027     9.9707     88.003     37.802  26.340119     2.6556      7.259   266.8748 8.5997e+01     1.0334      3.197      4.637     9.9988 0.0000e+00
      3.268      0.027     9.9578     87.788     37.772  26.282807     2.6467      7.257   266.8025 8.6078e+01     1.0437      3.204      4.646     9.9772 0.0000e+00
      3.277      0.027     9.9402     87.564     37.766  26.253361     2.6390      7.256   267.0432 8.6312e+01     1.0450      3.214      4.661     9.9494 0.0000e+00
      3.285      0.026     9.9204     87.340     37.769  26.238041     2.6360      7.253   267.5483 8.6653e+01     1.0188      3.222      4.674     9.8996 0.0000e+00
      3.290      0.024     9.8977     87.096     37.773  26.224547     2.6189      7.250   267.7468 8.6818e+01     1.0008      3.226      4.680     9.8332 0.0000e+00
      3.295      0.021     9.8713     86.825     37.783  26.217189     2.5892      7.247   267.5502 8.6652e+01     1.0113      3.231      4.685     9.7823 0.0000e+00
      3.300      0.017     9.8433     86.551     37.791  26.212559     2.5795      7.244   267.2364 8.6484e+01     1.0239      3.237      4.693     9.7521 0.0000e+00
      3.305      0.015     9.8155     86.290     37.828  26.232046     2.5845      7.243   267.1368 8.6583e+01     1.0304      3.242      4.703     9.7317 0.0000e+00
      3.309      0.013     9.7890     86.046     37.878  26.262311     2.6036      7.242   267.2057 8.6768e+01     1.0601      3.245      4.707     9.7104 0.0000e+00
      3.311      0.011     9.7665     85.838     37.881  26.261016     2.6361      7.239   267.2948 8.6715e+01     1.0778      3.247      4.709     9.6903 0.0000e+00
      3.312      0.009     9.7508     85.693     37.820  26.216383     2.6473      7.236   267.4400 8.6580e+01     1.0612      3.248      4.711     9.6764 0.0000e+00
      3.314      0.007     9.7421     85.611     37.752  26.167118     2.6463      7.233   267.5846 8.6725e+01     1.0732      3.250      4.715     9.6689 0.0000e+00
      3.316      0.007     9.7390     85.577     37.765  26.173310     2.6336      7.230   267.7522 8.7012e+01     1.1009      3.252      4.717     9.6653 0.0000e+00
      3.319      0.007     9.7396     85.576     37.847  26.227754     2.5941      7.228   267.9185 8.7038e+01     1.0905      3.254      4.720     9.6592 0.0000e+00
      3.321      0.007     9.7413     85.586     37.887  26.253944     2.5640      7.226   268.0465 8.6830e+01     1.0389      3.256      4.723     9.6559 0.0000e+00
      3.321      0.009     9.7437     85.597     37.867  26.235982     2.5639      7.223   268.1813 8.6865e+01     0.9957      3.257      4.723     9.6547 0.0000e+00
      3.322      0.013     9.7492     85.628     37.826  26.201061     2.5754      7.221   268.1713 8.7203e+01     1.0271      3.257      4.724     9.6504 0.0000e+00
      3.324      0.018     9.7552     85.656     37.765  26.149190     2.5828      7.219   268.0122 8.7299e+01     1.0819      3.259      4.727     9.6469 0.0000e+00
      3.329      0.023     9.7570     85.643     37.733  26.116759     2.5800      7.216   267.9778 8.6864e+01     1.0785      3.262      4.733     9.6456 0.0000e+00
      3.337      0.028     9.7547     85.595     37.761  26.126405     2.5688      7.213   268.0129 8.5943e+01     1.0477      3.270      4.744     9.6418 0.0000e+00
      3.347      0.033     9.7527     85.550     37.794  26.138817     2.5672      7.212   268.0068 8.4844e+01     1.0142      3.282      4.761     9.6324 0.0000e+00
      3.356      0.037     9.7507     85.515     37.805  26.139832     2.5885      7.210   268.0763 8.3881e+01     1.0093      3.292      4.775     9.6193 0.0000e+00
      3.365      0.040     9.7449     85.476     37.797  26.138675     2.6149      7.208   268.2513 8.2976e+01     1.0490      3.299      4.786     9.6044 0.0000e+00
      3.375      0.040     9.7396     85.454     37.764  26.124831     2.6286      7.206   268.4013 8.2071e+01     1.0675      3.308      4.799     9.5914 0.0000e+00
      3.387      0.040     9.7379     85.433     37.731  26.099446     2.6344      7.203   268.5138 8.1140e+01     1.0800      3.321      4.817     9.5780 0.0000e+00
      3.399      0.040     9.7398     85.408     37.733  26.085725     2.6398      7.200   268.7517 8.0336e+01     1.0780      3.334      4.836     9.5619 0.0000e+00
      3.409      0.039     9.7435     85.390     37.761  26.085897     2.6478      7.198   268.6954 7.9712e+01     1.0440      3.344      4.849     9.5716 0.0000e+00
      3.418      0.037     9.7461     85.361     37.811  26.101512     2.6482      7.194   268.2629 7.9096e+01     1.0350      3.352      4.862     9.5959 0.0000e+00
