Data/DataNotYetUploadedToEDI/Raw_CTD/RawDownloads/042318_fcr47.cnv
* Sea-Bird SBE19plus  Data File:
* FileName = C:\DATA\042318_fcr_0003.hex
* Software version 2.6.3.104 SB_Terminal.dll
* Temperature SN = 7809
* Conductivity SN = 7809
* System UpLoad Time = Apr 23 2018 14:25:07
* <ApplicationData>
* <Seaterm232>
# nquan = 15
# nvalues = 851                         
# units = specified
# name 0 = depFM: Depth [fresh water, m]
# name 1 = dz/dtM: Descent Rate [m/s]
# name 2 = sbeox0Mg/L: Oxygen, SBE 43 [mg/l]
# name 3 = sbeox0PS: Oxygen, SBE 43 [% saturation]
# name 4 = specc: Specific Conductance [uS/cm]
# name 5 = c0uS/cm: Conductivity [uS/cm]
# name 6 = flECO-AFL: Fluorescence, WET Labs ECO-AFL/FL [mg/m^3]
# name 7 = ph: pH
# name 8 = orp: Oxidation Reduction Potential [mV]
# name 9 = par/sat/log: PAR/Logarithmic, Satlantic
# name 10 = turbWETntu0: Turbidity, WET Labs ECO [NTU]
# name 11 = prdM: Pressure, Strain Gauge [db]
# name 12 = prdE: Pressure, Strain Gauge [psi]
# name 13 = tv290C: Temperature [ITS-90, deg C]
# name 14 = flag:  0.000e+00
# span 0 =     -0.336,      8.512       
# span 1 =     -0.108,      0.217       
# span 2 =     6.6115,    10.7880       
# span 3 =     58.809,    103.698       
# span 4 =     35.948,     38.762       
# span 5 =  24.661837,  28.798216       
# span 6 =     0.2831,     6.7074       
# span 7 =      6.667,      7.323       
# span 8 =   224.4266,   304.5256       
# span 9 = 5.2601e-01, 4.6243e+02       
# span 10 =     0.9505,    28.7447      
# span 11 =     -0.348,      8.350      
# span 12 =     -0.505,     12.111      
# span 13 =     7.0542,    13.6671      
# span 14 = 0.0000e+00, 0.0000e+00      
# interval = seconds: 0.25
# start_time = Apr 23 2018 16:29:10 [Instrument's time stamp, header]
# bad_flag = -9.990e-29
*END*
[from data line 675]
      4.971      0.071     7.8962     66.488     38.090  25.050678     6.2312      6.916   294.8676 9.0927e+00     1.7160      4.875      7.071     7.8902 0.0000e+00
      4.986      0.073     7.8798     66.343     38.103  25.055297     6.2057      6.912   294.9367 8.9497e+00     1.7222      4.889      7.091     7.8915 0.0000e+00
      5.004      0.078     7.8705     66.255     38.083  25.038488     6.1864      6.910   294.9462 8.7800e+00     1.7239      4.906      7.116     7.8919 0.0000e+00
      5.026      0.083     7.8666     66.211     38.090  25.037910     6.1815      6.907   294.9820 8.6138e+00     1.7058      4.927      7.146     7.8876 0.0000e+00
      5.049      0.088     7.8666     66.201     38.113  25.048309     6.1644      6.905   295.0251 8.4636e+00     1.7173      4.953      7.183     7.8813 0.0000e+00
      5.073      0.091     7.8719     66.240     38.101  25.037230     6.1360      6.902   295.0374 8.3106e+00     1.7403      4.975      7.216     7.8778 0.0000e+00
      5.098      0.091     7.8747     66.261     38.093  25.030934     6.1146      6.899   295.0449 8.1411e+00     1.7093      4.999      7.251     7.8723 0.0000e+00
      5.123      0.089     7.8726     66.242     38.102  25.035673     6.0979      6.895   295.2009 7.9865e+00     1.6781      5.026      7.289     7.8646 0.0000e+00
      5.146      0.087     7.8701     66.217     38.097  25.031047     6.0998      6.891   295.3751 7.8562e+00     1.6986      5.047      7.321     7.8576 0.0000e+00
      5.167      0.084     7.8678     66.189     38.115  25.038480     6.1197      6.887   295.4304 7.7363e+00     1.7440      5.068      7.351     7.8538 0.0000e+00
      5.186      0.079     7.8654     66.159     38.157  25.062048     6.1263      6.883   295.5257 7.6093e+00     1.7383      5.085      7.374     7.8529 0.0000e+00
      5.207      0.075     7.8643     66.143     38.162  25.062039     6.1166      6.879   295.7528 7.4780e+00     1.6910      5.105      7.404     7.8526 0.0000e+00
      5.228      0.072     7.8646     66.139     38.131  25.038366     6.1125      6.876   296.0250 7.3827e+00     1.6915      5.129      7.439     7.8518 0.0000e+00
      5.245      0.070     7.8649     66.132     38.125  25.029779     6.1123      6.871   296.1495 7.3128e+00     1.7437      5.144      7.461     7.8444 0.0000e+00
      5.260      0.068     7.8672     66.137     38.122  25.021708     6.1143      6.867   296.1395 7.2428e+00     1.7724      5.158      7.481     7.8372 0.0000e+00
      5.276      0.066     7.8710     66.154     38.106  25.004269     6.1278      6.864   296.1626 7.1629e+00     1.7342      5.174      7.504     7.8348 0.0000e+00
      5.293      0.064     7.8736     66.164     38.122  25.009393     6.1290      6.860   296.1706 7.0717e+00     1.7091      5.189      7.527     7.8309 0.0000e+00
      5.310      0.064     7.8767     66.177     38.149  25.020159     6.1376      6.859   296.2365 6.9844e+00     1.7433      5.207      7.554     7.8256 0.0000e+00
      5.327      0.064     7.8823     66.210     38.140  25.007452     6.1767      6.857   296.3571 6.8992e+00     1.7513      5.224      7.578     7.8160 0.0000e+00
      5.343      0.064     7.8888     66.251     38.111  24.982727     6.1976      6.854   296.4245 6.8168e+00     1.7134      5.240      7.600     7.8064 0.0000e+00
      5.359      0.064     7.8923     66.265     38.111  24.975171     6.1970      6.852   296.5347 6.7345e+00     1.6820      5.256      7.623     7.8004 0.0000e+00
      5.374      0.064     7.8969     66.282     38.133  24.979580     6.2157      6.851   296.5704 6.6466e+00     1.6776      5.270      7.644     7.7918 0.0000e+00
      5.389      0.064     7.9030     66.309     38.140  24.972540     6.2407      6.850   296.4264 6.5575e+00     1.6908      5.284      7.664     7.7814 0.0000e+00
      5.406      0.063     7.9040     66.290     38.130  24.953527     6.2407      6.850   296.2565 6.4700e+00     1.7183      5.301      7.690     7.7741 0.0000e+00
      5.424      0.062     7.9032     66.251     38.133  24.940157     6.2337      6.850   296.1507 6.3805e+00     1.7363      5.320      7.716     7.7662 0.0000e+00
      5.440      0.060     7.9040     66.222     38.155  24.937850     6.2388      6.850   296.1792 6.2823e+00     1.7253      5.336      7.739     7.7532 0.0000e+00
      5.455      0.058     7.9068     66.211     38.160  24.925616     6.2479      6.849   296.3436 6.1879e+00     1.7378      5.351      7.760     7.7365 0.0000e+00
      5.469      0.055     7.9076     66.190     38.171  24.919215     6.2517      6.849   296.4179 6.1132e+00     1.7651      5.363      7.778     7.7206 0.0000e+00
      5.482      0.054     7.9066     66.157     38.195  24.923928     6.2482      6.849   296.3886 6.0521e+00     1.7503      5.376      7.797     7.7019 0.0000e+00
      5.495      0.054     7.9092     66.162     38.201  24.919091     6.2419      6.847   296.5056 5.9902e+00     1.7114      5.389      7.816     7.6774 0.0000e+00
      5.508      0.056     7.9171     66.216     38.218  24.924224     6.2404      6.845   296.7147 5.9205e+00     1.6916      5.402      7.834     7.6563 0.0000e+00
      5.521      0.060     7.9319     66.329     38.223  24.922493     6.2480      6.845   296.8521 5.8514e+00     1.6937      5.416      7.854     7.6384 0.0000e+00
      5.536      0.065     7.9465     66.440     38.193  24.898157     6.2516      6.845   296.8751 5.7721e+00     1.7061      5.428      7.873     7.6242 0.0000e+00
      5.553      0.071     7.9584     66.527     38.179  24.883937     6.2381      6.844   296.8214 5.6892e+00     1.7196      5.445      7.897     7.6133 0.0000e+00
      5.572      0.077     7.9750     66.655     38.177  24.877535     6.2316      6.841   296.8914 5.6089e+00     1.7646      5.463      7.924     7.6061 0.0000e+00
      5.593      0.082     7.9907     66.778     38.193  24.884245     6.2555      6.837   297.1188 5.5067e+00     1.8546      5.483      7.953     7.6005 0.0000e+00
      5.616      0.085     8.0049     66.891     38.224  24.901561     6.2888      6.834   297.3333 5.4043e+00     1.9230      5.509      7.990     7.5938 0.0000e+00
      5.640      0.085     8.0234     67.041     38.219  24.896428     6.3125      6.832   297.4205 5.3118e+00     1.9503      5.530      8.021     7.5866 0.0000e+00
      5.663      0.084     8.0404     67.181     38.205  24.885665     6.3029      6.829   297.5713 5.2231e+00     1.8794      5.553      8.054     7.5788 0.0000e+00
      5.685      0.082     8.0534     67.286     38.227  24.898411     6.2740      6.824   297.7801 5.1586e+00     1.7371      5.578      8.089     7.5744 0.0000e+00
      5.704      0.080     8.0644     67.373     38.269  24.923551     6.2656      6.820   297.8796 5.1055e+00     1.6950      5.595      8.113     7.5710 0.0000e+00
      5.722      0.080     8.0699     67.413     38.292  24.935668     6.2564      6.817   298.0006 5.0427e+00     1.7062      5.610      8.137     7.5683 0.0000e+00
      5.741      0.081     8.0656     67.368     38.271  24.917932     6.2277      6.814   298.1242 4.9586e+00     1.6891      5.629      8.165     7.5673 0.0000e+00
      5.762      0.083     8.0552     67.271     38.251  24.899577     6.1947      6.812   298.1694 4.8622e+00     1.7018      5.650      8.195     7.5655 0.0000e+00
      5.783      0.084     8.0407     67.138     38.266  24.904205     6.1868      6.812   298.1167 4.7702e+00     1.7371      5.671      8.224     7.5622 0.0000e+00
      5.808      0.084     8.0208     66.963     38.281  24.910387     6.1973      6.811   298.0901 4.6908e+00     1.7496      5.695      8.260     7.5580 0.0000e+00
      5.833      0.081     7.9959     66.753     38.283  24.910841     6.1931      6.810   298.1914 4.6332e+00     1.7312      5.722      8.299     7.5537 0.0000e+00
      5.854      0.077     7.9617     66.466     38.283  24.909686     6.1821      6.810   298.3097 4.5771e+00     1.6982      5.742      8.328     7.5470 0.0000e+00
      5.871      0.074     7.9195     66.110     38.265  24.896421     6.1831      6.808   298.4015 4.5079e+00     1.6858      5.757      8.350     7.5381 0.0000e+00
      5.886      0.073     7.8737     65.719     38.242  24.877436     6.1958      6.805   298.4412 4.4358e+00     1.7037      5.772      8.371     7.5327 0.0000e+00
      5.902      0.074     7.8240     65.292     38.241  24.870614     6.2349      6.803   298.4447 4.3672e+00     1.7012      5.788      8.394     7.5327 0.0000e+00
      5.921      0.078     7.7731     64.851     38.263  24.877416     6.2889      6.803   298.4434 4.2980e+00     1.6863      5.805      8.420     7.5328 0.0000e+00
      5.941      0.084     7.7219     64.406     38.304  24.896184     6.3060      6.802   298.4254 4.2348e+00     1.7066      5.825      8.450     7.5302 0.0000e+00
      5.965      0.089     7.6718     63.976     38.331  24.907050     6.3037      6.801   298.4003 4.1717e+00     1.7324      5.848      8.482     7.5262 0.0000e+00
      5.990      0.092     7.6313     63.628     38.300  24.881801     6.3077      6.800   298.3974 4.0926e+00     1.7242      5.874      8.520     7.5179 0.0000e+00
      6.016      0.092     7.6031     63.380     38.252  24.844867     6.2987      6.799   298.4759 4.0132e+00     1.6979      5.900      8.558     7.5063 0.0000e+00
      6.040      0.088     7.5838     63.207     38.257  24.841423     6.2867      6.798   298.6609 3.9415e+00     1.6899      5.923      8.591     7.4950 0.0000e+00
      6.064      0.083     7.5728     63.103     38.263  24.840155     6.2914      6.798   298.9147 3.8598e+00     1.7186      5.947      8.626     7.4868 0.0000e+00
      6.085      0.077     7.5690     63.063     38.253  24.829528     6.2994      6.798   298.9629 3.7862e+00     1.7703      5.969      8.657     7.4811 0.0000e+00
      6.102      0.071     7.5721     63.083     38.274  24.839917     6.2829      6.798   298.8142 3.7310e+00     1.7962      5.984      8.679     7.4737 0.0000e+00
      6.117      0.066     7.5842     63.179     38.276  24.838782     6.2488      6.797   298.8375 3.6720e+00     1.7573      5.997      8.699     7.4648 0.0000e+00
      6.132      0.064     7.6048     63.347     38.243  24.815799     6.2266      6.795   298.9860 3.6240e+00     1.6965      6.015      8.723     7.4576 0.0000e+00
      6.147      0.064     7.6303     63.554     38.247  24.815998     6.2349      6.794   299.0615 3.5933e+00     1.6715      6.029      8.744     7.4520 0.0000e+00
      6.162      0.066     7.6567     63.768     38.291  24.841185     6.3306      6.792   299.0611 3.5518e+00     1.6690      6.042      8.764     7.4476 0.0000e+00
      6.179      0.070     7.6796     63.953     38.334  24.866363     6.4839      6.790   299.0675 3.4960e+00     1.6659      6.059      8.787     7.4449 0.0000e+00
      6.198      0.074     7.6984     64.104     38.338  24.866449     6.5626      6.789   299.2253 3.4396e+00     1.6642      6.077      8.815     7.4433 0.0000e+00
      6.218      0.079     7.7117     64.208     38.306  24.842226     6.5737      6.786   299.5913 3.3812e+00     1.6787      6.098      8.845     7.4403 0.0000e+00
      6.239      0.083     7.7173     64.243     38.292  24.827450     6.6012      6.784   299.8793 3.3234e+00     1.6893      6.118      8.873     7.4356 0.0000e+00
      6.260      0.085     7.7145     64.205     38.283  24.814762     6.6464      6.782   299.8691 3.2765e+00     1.7010      6.139      8.903     7.4314 0.0000e+00
      6.283      0.084     7.7050     64.114     38.293  24.815793     6.6694      6.780   299.8116 3.2254e+00     1.7292      6.162      8.937     7.4294 0.0000e+00
      6.308      0.083     7.6926     64.005     38.335  24.839911     6.6771      6.778   299.8726 3.1583e+00     1.7251      6.186      8.973     7.4259 0.0000e+00
      6.330      0.081     7.6787     63.879     38.362  24.852399     6.6939      6.775   299.9186 3.1020e+00     1.7117      6.208      9.006     7.4182 0.0000e+00
      6.348      0.080     7.6630     63.733     38.355  24.839796     6.7074      6.772   299.9377 3.0582e+00     1.7501      6.226      9.030     7.4067 0.0000e+00
      6.365      0.080     7.6479     63.589     38.330  24.814514     6.7024      6.769   300.0167 3.0135e+00     1.7624      6.241      9.052     7.3984 0.0000e+00
      6.384      0.080     7.6367     63.479     38.321  24.800673     6.6887      6.766   300.1867 2.9794e+00     1.7077      6.260      9.080     7.3985 0.0000e+00
      6.406      0.081     7.6285     63.399     38.327  24.799415     6.6700      6.765   300.3577 2.9458e+00     1.6685      6.282      9.111     7.3914 0.0000e+00
      6.429      0.083     7.6210     63.325     38.336  24.799301     6.5402      6.762   300.4488 2.8928e+00     1.6547      6.305      9.144     7.3794 0.0000e+00
      6.451      0.086     7.6125     63.235     38.351  24.799292     6.3143      6.759   300.5146 2.8262e+00     1.6632      6.326      9.176     7.3689 0.0000e+00
      6.471      0.088     7.6016     63.124     38.366  24.799292     6.2002      6.758   300.5512 2.7650e+00     1.6800      6.345      9.203     7.3552 0.0000e+00
      6.493      0.090     7.5915     63.024     38.378  24.799294     6.1887      6.758   300.6329 2.7228e+00     1.7045      6.367      9.233     7.3509 0.0000e+00
      6.516      0.090     7.5828     62.941     38.386  24.799305     6.2218      6.757   300.7279 2.6871e+00     1.7466      6.390      9.267     7.3459 0.0000e+00
      6.540      0.089     7.5716     62.846     38.389  24.799420     6.3069      6.756   300.6684 2.6402e+00     1.7309      6.413      9.301     7.3302 0.0000e+00
      6.565      0.087     7.5561     62.722     38.388  24.800679     6.3542      6.756   300.6010 2.5905e+00     1.6976      6.438      9.339     7.3161 0.0000e+00
      6.589      0.084     7.5427     62.614     38.407  24.814532     6.3519      6.755   300.6870 2.5480e+00     1.7106      6.463      9.374     7.3067 0.0000e+00
      6.609      0.081     7.5308     62.513     38.447  24.839929     6.2974      6.752   300.8484 2.5062e+00     1.7051      6.482      9.402     7.2986 0.0000e+00
      6.627      0.079     7.5144     62.369     38.474  24.853790     6.1921      6.749   300.9169 2.4651e+00     1.6919      6.499      9.426     7.2959 0.0000e+00
      6.644      0.079     7.4952     62.199     38.485  24.855145     6.1353      6.746   300.8274 2.4257e+00     1.7036      6.516      9.451     7.3015 0.0000e+00
      6.663      0.080     7.4757     62.030     38.493  24.856291     6.1345      6.744   300.7984 2.3855e+00     1.6938      6.533      9.475     7.3043 0.0000e+00
      6.685      0.081     7.4553     61.857     38.513  24.867646     6.1918      6.743   300.8244 2.3412e+00     1.6963      6.555      9.507     7.3035 0.0000e+00
      6.708      0.083     7.4340     61.678     38.512  24.865453     6.3037      6.741   300.7977 2.2886e+00     1.7334      6.579      9.542     7.2988 0.0000e+00
      6.731      0.083     7.4154     61.520     38.459  24.829772     6.3664      6.739   300.8195 2.2491e+00     1.7453      6.602      9.575     7.2895 0.0000e+00
      6.752      0.082     7.3988     61.379     38.442  24.817179     6.3706      6.738   300.9160 2.2269e+00     1.7173      6.622      9.605     7.2844 0.0000e+00
      6.772      0.081     7.3809     61.228     38.480  24.840171     6.3637      6.736   301.1054 2.2039e+00     1.6696      6.641      9.631     7.2828 0.0000e+00
      6.792      0.080     7.3679     61.117     38.503  24.853805     6.3662      6.733   301.3021 2.1775e+00     1.6573      6.662      9.661     7.2816 0.0000e+00
      6.812      0.080     7.3634     61.077     38.507  24.855045     6.3732      6.730   301.4871 2.1365e+00     1.6905      6.681      9.691     7.2794 0.0000e+00
      6.832      0.081     7.3558     61.012     38.509  24.855163     6.3662      6.726   301.6216 2.0830e+00     1.7057      6.698      9.715     7.2766 0.0000e+00
