Data/DataNotYetUploadedToEDI/Raw_CTD/RawDownloads/042318_fcr49.cnv
* Sea-Bird SBE19plus  Data File:
* FileName = C:\DATA\042318_fcr_0004.hex
* Software version 2.6.3.104 SB_Terminal.dll
* Temperature SN = 7809
* Conductivity SN = 7809
* System UpLoad Time = Apr 23 2018 14:25:38
* <ApplicationData>
* <Seaterm232>
# nquan = 15
# nvalues = 1021                        
# units = specified
# name 0 = depFM: Depth [fresh water, m]
# name 1 = dz/dtM: Descent Rate [m/s]
# name 2 = sbeox0Mg/L: Oxygen, SBE 43 [mg/l]
# name 3 = sbeox0PS: Oxygen, SBE 43 [% saturation]
# name 4 = specc: Specific Conductance [uS/cm]
# name 5 = c0uS/cm: Conductivity [uS/cm]
# name 6 = flECO-AFL: Fluorescence, WET Labs ECO-AFL/FL [mg/m^3]
# name 7 = ph: pH
# name 8 = orp: Oxidation Reduction Potential [mV]
# name 9 = par/sat/log: PAR/Logarithmic, Satlantic
# name 10 = turbWETntu0: Turbidity, WET Labs ECO [NTU]
# name 11 = prdM: Pressure, Strain Gauge [db]
# name 12 = prdE: Pressure, Strain Gauge [psi]
# name 13 = tv290C: Temperature [ITS-90, deg C]
# name 14 = flag:  0.000e+00
# span 0 =     -0.507,      9.605       
# span 1 =     -0.129,      0.169       
# span 2 =     6.1642,    10.7926       
# span 3 =     50.809,    103.718       
# span 4 =      0.101,     39.767       
# span 5 =   0.073845,  28.286264       
# span 6 =    -0.2200,     7.0592       
# span 7 =      6.263,      7.793       
# span 8 =   175.7021,   950.7476       
# span 9 = 2.9265e-01, 6.2316e+02       
# span 10 =    -0.4448,     5.5586      
# span 11 =     -0.498,      9.420      
# span 12 =     -0.722,     13.662      
# span 13 =     7.0173,    13.5737      
# span 14 = 0.0000e+00, 0.0000e+00      
# interval = seconds: 0.25
# start_time = Apr 23 2018 16:38:42 [Instrument's time stamp, header]
# bad_flag = -9.990e-29
*END*
[from data line 386]
      0.089      0.001     9.9658     95.796     36.473  28.137059     0.5999      7.321   291.7261 5.3101e+02     1.1096      0.087      0.127    13.5725 0.0000e+00
      0.089      0.001     9.9614     95.753     36.489  28.148761     0.5799      7.323   291.8967 5.8103e+02     1.0795      0.086      0.125    13.5716 0.0000e+00
      0.089      0.001     9.9601     95.741     36.474  28.137239     0.5742      7.325   291.9891 5.6245e+02     1.0620      0.086      0.125    13.5708 0.0000e+00
      0.090      0.001     9.9601     95.742     36.457  28.124750     0.5767      7.325   291.9826 4.9351e+02     1.0801      0.088      0.129    13.5700 0.0000e+00
      0.091      0.001     9.9614     95.756     36.457  28.124758     0.5830      7.325   291.9911 4.8817e+02     1.0852      0.090      0.131    13.5693 0.0000e+00
      0.091     -0.002     9.9628     95.769     36.473  28.137339     0.5862      7.322   292.0055 5.2740e+02     1.0621      0.089      0.130    13.5687 0.0000e+00
      0.090     -0.010     9.9620     95.760     36.489  28.149865     0.5879      7.317   291.8979 5.3464e+02     1.0448      0.088      0.128    13.5688 0.0000e+00
      0.090     -0.027     9.9605     95.746     36.488  28.149206     0.6129      7.313   291.7224 5.3041e+02     1.0597      0.088      0.128    13.5694 0.0000e+00
      0.089     -0.050     9.9595     95.736     36.462  28.129378     0.6590      7.312   291.6905 5.3619e+02     1.0899      0.088      0.128    13.5698 0.0000e+00
      0.082     -0.074     9.9588     95.729     36.425  28.100618     0.6851      7.313   291.7700 5.4389e+02     1.1049      0.087      0.126    13.5699 0.0000e+00
      0.058     -0.095     9.9567     95.709     36.449  28.118977     0.6899      7.315   291.9108 5.5003e+02     1.0875      0.065      0.095    13.5696 0.0000e+00
      0.017     -0.110     9.9538     95.682     36.503  28.160857     0.6890      7.317   292.0155 5.6346e+02     1.0323      0.016      0.024    13.5697 0.0000e+00
     -0.026     -0.117     9.9529     95.674     36.505  28.162480     0.7022      7.320   291.9175 5.7934e+02     1.0175     -0.032     -0.046    13.5697 0.0000e+00
     -0.060     -0.112     9.9535     95.679     36.475  28.138600     0.7304      7.322   291.6725 5.8541e+02     1.0607     -0.061     -0.089    13.5695 0.0000e+00
     -0.086     -0.098     9.9536     95.680     36.459  28.126132     0.7444      7.324   291.4615 5.8938e+02     1.0672     -0.084     -0.122    13.5694 0.0000e+00
     -0.108     -0.079     9.9521     95.665     36.475  28.138728     0.7439      7.325   291.5171 5.8558e+02     1.0348     -0.109     -0.157    13.5696 0.0000e+00
     -0.123     -0.059     9.9502     95.647     36.508  28.163900     0.7142      7.325   291.7435 5.7688e+02     1.0351     -0.125     -0.180    13.5699 0.0000e+00
     -0.133     -0.041     9.9507     95.651     36.524  28.176485     0.6607      7.325   291.8755 5.7602e+02     1.0711     -0.131     -0.189    13.5697 0.0000e+00
     -0.143     -0.026     9.9543     95.686     36.507  28.163890     0.6394      7.323   291.8227 5.8395e+02     1.0731     -0.141     -0.203    13.5695 0.0000e+00
     -0.150     -0.014     9.9613     95.754     36.474  28.138615     0.6503      7.321   291.7932 5.8835e+02     1.0290     -0.150     -0.217    13.5695 0.0000e+00
     -0.150     -0.005     9.9688     95.827     36.456  28.124885     0.6542      7.321   291.8622 5.7488e+02     0.9950     -0.148     -0.215    13.5692 0.0000e+00
     -0.145      0.002     9.9740     95.877     36.456  28.124885     0.6404      7.323   291.7973 5.6097e+02     1.0290     -0.141     -0.205    13.5690 0.0000e+00
     -0.142      0.007     9.9775     95.911     36.474  28.138616     0.6311      7.325   291.6966 5.5962e+02     1.0725     -0.138     -0.200    13.5695 0.0000e+00
     -0.140      0.011     9.9791     95.926     36.507  28.163901     0.6335      7.326   291.6774 5.6908e+02     1.0335     -0.138     -0.199    13.5702 0.0000e+00
     -0.139      0.012     9.9782     95.919     36.523  28.176609     0.6143      7.325   291.7368 5.8902e+02     0.9846     -0.136     -0.197    13.5701 0.0000e+00
     -0.137      0.012     9.9769     95.906     36.508  28.165264     0.5819      7.324   291.8984 5.9656e+02     1.0004     -0.134     -0.195    13.5702 0.0000e+00
     -0.133      0.011     9.9758     95.896     36.492  28.153728     0.5738      7.323   291.9966 6.0227e+02     1.0415     -0.133     -0.192    13.5704 0.0000e+00
     -0.127      0.010     9.9726     95.866     36.505  28.164129     0.5808      7.321   291.8926 6.1847e+02     1.0542     -0.123     -0.179    13.5704 0.0000e+00
     -0.122      0.008     9.9675     95.818     36.505  28.164025     0.6015      7.318   291.7590 6.2316e+02     1.0618     -0.117     -0.170    13.5704 0.0000e+00
     -0.122      0.006     9.9609     95.756     36.490  28.152470     0.6409      7.318   291.8444 6.1947e+02     1.0732     -0.119     -0.173    13.5707 0.0000e+00
     -0.124      0.004     9.9512     95.664     36.488  28.151410     0.6707      7.318   292.1501 6.1918e+02     1.0694     -0.121     -0.176    13.5711 0.0000e+00
     -0.125      0.002     9.9435     95.590     36.488  28.151220     0.6861      7.318   292.4439 6.1935e+02     1.0773     -0.123     -0.179    13.5716 0.0000e+00
     -0.123      0.001     9.9392     95.548     36.487  28.150170     0.6886      7.318   292.5577 6.1305e+02     1.0767     -0.122     -0.177    13.5721 0.0000e+00
     -0.121      0.001     9.9364     95.522     36.472  28.138718     0.6927      7.320   292.4929 6.0710e+02     1.0622     -0.119     -0.172    13.5725 0.0000e+00
     -0.121      0.001     9.9394     95.550     36.473  28.139758     0.7257      7.320   292.3492 6.0918e+02     1.0548     -0.118     -0.171    13.5731 0.0000e+00
     -0.122      0.001     9.9469     95.622     36.502  28.162745     0.7569      7.320   292.3692 6.1213e+02     1.0482     -0.120     -0.174    13.5734 0.0000e+00
     -0.123      0.000     9.9536     95.686     36.502  28.162650     0.7580      7.320   292.6489 6.1383e+02     1.0433     -0.121     -0.175    13.5733 0.0000e+00
     -0.123     -0.003     9.9576     95.725     36.472  28.138604     0.7481      7.318   292.9774 6.1484e+02     1.0261     -0.120     -0.174    13.5731 0.0000e+00
     -0.122     -0.005     9.9573     95.721     36.455  28.126008     0.7474      7.313   293.2432 6.1013e+02     1.0228     -0.119     -0.173    13.5731 0.0000e+00
     -0.122     -0.006     9.9526     95.675     36.470  28.137354     0.7499      7.306   293.5399 6.0197e+02     1.0649     -0.118     -0.172    13.5729 0.0000e+00
     -0.125     -0.006     9.9462     95.613     36.486  28.148786     0.7409      7.297   293.6393 6.0152e+02     1.1079     -0.121     -0.176    13.5726 0.0000e+00
     -0.130     -0.005     9.9372     95.527     36.471  28.137230     0.6943      7.292   293.4120 6.0615e+02     1.1155     -0.127     -0.186    13.5724 0.0000e+00
     -0.133     -0.001     9.9265     95.425     36.454  28.124635     0.6186      7.292   293.0299 6.0269e+02     1.0957     -0.130     -0.189    13.5723 0.0000e+00
     -0.133      0.004     9.9186     95.350     36.452  28.123500     0.5786      7.294   292.6331 5.9311e+02     1.0823     -0.131     -0.190    13.5722 0.0000e+00
     -0.131      0.014     9.9141     95.307     36.452  28.123509     0.5686      7.294   292.5719 5.8721e+02     1.0759     -0.130     -0.188    13.5719 0.0000e+00
     -0.127      0.028     9.9106     95.273     36.454  28.124749     0.5622      7.292   292.7201 5.8921e+02     1.0481     -0.124     -0.180    13.5719 0.0000e+00
     -0.121      0.043     9.9082     95.250     36.472  28.138489     0.5660      7.291   292.7041 5.9598e+02     1.0210     -0.119     -0.174    13.5720 0.0000e+00
     -0.110      0.059     9.9053     95.223     36.502  28.162639     0.5676      7.293   292.7219 5.9935e+02     1.0233     -0.112     -0.163    13.5723 0.0000e+00
     -0.091      0.074     9.9020     95.192     36.502  28.162744     0.5638      7.295   292.8491 5.9688e+02     1.0448     -0.090     -0.132    13.5725 0.0000e+00
     -0.066      0.088     9.9010     95.183     36.472  28.139748     0.5659      7.293   292.8651 5.9486e+02     1.0683     -0.064     -0.093    13.5725 0.0000e+00
     -0.041      0.098     9.8980     95.153     36.471  28.138593     0.5659      7.290   292.7445 5.9596e+02     1.0625     -0.040     -0.058    13.5731 0.0000e+00
     -0.014      0.103     9.8958     95.132     36.485  28.148785     0.5547      7.287   292.5945 5.9334e+02     1.0667     -0.014     -0.022    13.5734 0.0000e+00
      0.017      0.103     9.9000     95.172     36.468  28.135980     0.5505      7.283   292.3430 5.7545e+02     1.1192      0.015      0.022    13.5732 0.0000e+00
      0.047      0.101     9.9050     95.221     36.435  28.110765     0.5607      7.280   292.0264 5.6268e+02     1.1169      0.049      0.071    13.5732 0.0000e+00
      0.072      0.096     9.9071     95.241     36.418  28.097918     0.5862      7.279   291.6915 5.6364e+02     1.0390      0.072      0.104    13.5733 0.0000e+00
      0.093      0.092     9.9088     95.257     36.431  28.107642     0.6197      7.282   291.3060 5.2979e+02     1.0013      0.090      0.131    13.5731 0.0000e+00
      0.114      0.091     9.9148     95.315     36.422  28.101335     0.6445      7.285   291.1504 4.8007e+02     1.0269      0.113      0.163    13.5731 0.0000e+00
      0.134      0.095     9.9237     95.400     36.401  28.085161     0.6555      7.284   291.1006 4.6337e+02     1.0431      0.132      0.191    13.5735 0.0000e+00
      0.156      0.102     9.9288     95.450     36.424  28.102582     0.6614      7.279   290.9626 4.5328e+02     1.0447      0.152      0.221    13.5737 0.0000e+00
      0.182      0.109     9.9302     95.463     36.449  28.121469     0.6688      7.276   290.9436 4.3770e+02     1.0470      0.177      0.256    13.5737 0.0000e+00
      0.213      0.111     9.9307     95.468     36.451  28.123031     0.6713      7.275   291.2160 4.2559e+02     1.0399      0.206      0.299    13.5737 0.0000e+00
      0.250      0.110     9.9334     95.494     36.449  28.121470     0.6738      7.276   291.7615 4.0752e+02     1.0506      0.247      0.358    13.5736 0.0000e+00
      0.284      0.107     9.9389     95.546     36.424  28.102593     0.7088      7.277   292.2040 3.9073e+02     1.1148      0.283      0.411    13.5735 0.0000e+00
      0.308      0.102     9.9441     95.597     36.402  28.085286     0.7723      7.278   292.3509 3.8557e+02     1.2062      0.304      0.442    13.5735 0.0000e+00
      0.327      0.097     9.9465     95.620     36.424  28.102708     0.8076      7.279   292.5054 3.8194e+02     1.2714      0.318      0.462    13.5737 0.0000e+00
      0.347      0.092     9.9466     95.620     36.450  28.122747     0.8138      7.279   292.9530 3.7459e+02     1.2919      0.338      0.490    13.5735 0.0000e+00
      0.371      0.092     9.9460     95.614     36.470  28.137069     0.8198      7.279   293.5470 3.6529e+02     1.2404      0.364      0.527    13.5734 0.0000e+00
      0.395      0.095     9.9422     95.577     36.485  28.148875     0.8249      7.278   294.0955 3.5300e+02     1.1375      0.388      0.562    13.5735 0.0000e+00
      0.420      0.097     9.9341     95.499     36.472  28.138489     0.8203      7.278   294.5938 3.4126e+02     1.0549      0.411      0.596    13.5735 0.0000e+00
      0.446      0.096     9.9247     95.407     36.472  28.138490     0.8100      7.278   294.9259 3.3441e+02     1.0347      0.437      0.634    13.5735 0.0000e+00
      0.474      0.092     9.9163     95.326     36.486  28.148890     0.8206      7.278   295.0994 3.2970e+02     1.0466      0.465      0.674    13.5731 0.0000e+00
      0.500      0.086     9.9045     95.211     36.471  28.137240     0.8468      7.278   295.1423 3.2264e+02     1.0458      0.492      0.713    13.5728 0.0000e+00
      0.521      0.080     9.8907     95.079     36.454  28.124621     0.8606      7.279   295.1003 3.1719e+02     1.0243      0.512      0.742    13.5723 0.0000e+00
      0.537      0.075     9.8867     95.040     36.453  28.123319     0.8583      7.281   295.1939 3.1521e+02     1.0010      0.526      0.762    13.5721 0.0000e+00
      0.552      0.071     9.8896     95.067     36.451  28.121497     0.8565      7.285   295.4143 3.1219e+02     1.0082      0.540      0.784    13.5718 0.0000e+00
      0.568      0.070     9.8926     95.093     36.428  28.102594     0.8843      7.288   295.7002 3.0816e+02     1.0199      0.556      0.806    13.5714 0.0000e+00
      0.586      0.071     9.8987     95.148     36.407  28.085261     0.9282      7.291   295.8971 3.0400e+02     1.0204      0.574      0.833    13.5713 0.0000e+00
      0.605      0.074     9.9073     95.226     36.432  28.102423     0.9452      7.294   295.9030 2.9798e+02     1.0142      0.594      0.862    13.5711 0.0000e+00
      0.625      0.076     9.9148     95.291     36.457  28.119597     0.9523      7.297   295.9432 2.9259e+02     1.0061      0.612      0.888    13.5707 0.0000e+00
      0.645      0.078     9.9176     95.309     36.439  28.102409     0.9869      7.299   296.1248 2.8849e+02     1.0752      0.632      0.916    13.5696 0.0000e+00
      0.665      0.080     9.9187     95.306     36.423  28.085091     1.0323      7.299   296.2922 2.8212e+02     1.2084      0.653      0.946    13.5675 0.0000e+00
      0.684      0.083     9.9217     95.318     36.451  28.100705     1.0508      7.297   296.4182 2.7585e+02     1.2742      0.670      0.972    13.5651 0.0000e+00
      0.704      0.086     9.9222     95.308     36.457  28.100692     1.0548      7.293   296.6155 2.7136e+02     1.2592      0.690      1.000    13.5623 0.0000e+00
      0.726      0.089     9.9203     95.275     36.443  28.084925     1.0900      7.290   296.8714 2.6586e+02     1.2409      0.711      1.032    13.5589 0.0000e+00
      0.751      0.091     9.9195     95.252     36.470  28.100563     1.1546      7.288   297.1892 2.5965e+02     1.2362      0.735      1.067    13.5517 0.0000e+00
      0.776      0.093     9.9175     95.221     36.474  28.099261     1.1921      7.284   297.4459 2.5474e+02     1.2334      0.762      1.106    13.5423 0.0000e+00
      0.800      0.093     9.9146     95.187     36.438  28.069177     1.1944      7.279   297.3941 2.4980e+02     1.2376      0.786      1.140    13.5362 0.0000e+00
      0.824      0.092     9.9130     95.173     36.418  28.054325     1.2107      7.272   297.1653 2.4392e+02     1.1956      0.808      1.171    13.5296 0.0000e+00
      0.847      0.092     9.9111     95.155     36.408  28.046676     1.2514      7.265   297.1744 2.3933e+02     1.1228      0.830      1.204    13.5218 0.0000e+00
      0.869      0.092     9.9109     95.144     36.403  28.040199     1.2723      7.260   297.4180 2.3594e+02     1.0895      0.853      1.237    13.5150 0.0000e+00
      0.892      0.092     9.9154     95.174     36.408  28.039502     1.2612      7.256   297.7877 2.3205e+02     1.0676      0.874      1.267    13.5119 0.0000e+00
      0.916      0.093     9.9207     95.214     36.411  28.038242     1.2546      7.252   298.2034 2.2770e+02     1.1018      0.897      1.301    13.5146 0.0000e+00
      0.940      0.094     9.9269     95.263     36.399  28.024966     1.2570      7.252   298.3144 2.2330e+02     1.1978      0.923      1.338    13.5163 0.0000e+00
      0.964      0.094     9.9335     95.314     36.380  28.005978     1.2536      7.255   298.0974 2.1901e+02     1.2520      0.946      1.372    13.5110 0.0000e+00
      0.989      0.093     9.9325     95.295     36.375  27.999155     1.2498      7.257   297.8159 2.1513e+02     1.2692      0.969      1.406    13.5030 0.0000e+00
