Data/DataNotYetUploadedToEDI/Raw_CTD/RawDownloads/042318_fcr50.cnv
* Sea-Bird SBE19plus  Data File:
* FileName = C:\DATA\042318_fcr_0002.hex
* Software version 2.6.3.104 SB_Terminal.dll
* Temperature SN = 7809
* Conductivity SN = 7809
* System UpLoad Time = Apr 23 2018 14:24:39
* <ApplicationData>
* <Seaterm232>
# nquan = 15
# nvalues = 1144                        
# units = specified
# name 0 = depFM: Depth [fresh water, m]
# name 1 = dz/dtM: Descent Rate [m/s]
# name 2 = sbeox0Mg/L: Oxygen, SBE 43 [mg/l]
# name 3 = sbeox0PS: Oxygen, SBE 43 [% saturation]
# name 4 = specc: Specific Conductance [uS/cm]
# name 5 = c0uS/cm: Conductivity [uS/cm]
# name 6 = flECO-AFL: Fluorescence, WET Labs ECO-AFL/FL [mg/m^3]
# name 7 = ph: pH
# name 8 = orp: Oxidation Reduction Potential [mV]
# name 9 = par/sat/log: PAR/Logarithmic, Satlantic
# name 10 = turbWETntu0: Turbidity, WET Labs ECO [NTU]
# name 11 = prdM: Pressure, Strain Gauge [db]
# name 12 = prdE: Pressure, Strain Gauge [psi]
# name 13 = tv290C: Temperature [ITS-90, deg C]
# name 14 = flag:  0.000e+00
# span 0 =     -0.511,      9.807       
# span 1 =     -0.097,      0.156       
# span 2 =     5.8550,    10.8095       
# span 3 =     48.303,    103.578       
# span 4 =      2.308,     43.032       
# span 5 =   1.681445,  32.779274       
# span 6 =    -0.2364,     8.3272       
# span 7 =     -2.948,      7.389       
# span 8 =  -935.4459,   912.0216       
# span 9 = 1.5429e-01, 2.9648e+02       
# span 10 =    -0.2679,    57.9464      
# span 11 =     -0.501,      9.618      
# span 12 =     -0.727,     13.949      
# span 13 =     7.0407,    13.5242      
# span 14 = 0.0000e+00, 0.0000e+00      
# interval = seconds: 0.25
# start_time = Apr 23 2018 14:48:55 [Instrument's time stamp, header]
# bad_flag = -9.990e-29
*END*
[from data line 964]
      6.785      0.063     7.9791     66.291     38.119  24.653944     6.9465      6.757   299.6852 1.4483e+00     1.7066      6.657      9.655     7.3441 0.0000e+00
      6.797      0.058     8.0096     66.542     38.131  24.660879     6.9603      6.756   298.8720 1.4342e+00     1.6737      6.668      9.672     7.3423 0.0000e+00
      6.803      0.057     8.0498     66.872     38.162  24.679331     6.9845      6.755   298.7555 1.4208e+00     1.6530      6.671      9.675     7.3394 0.0000e+00
      6.811      0.062     8.0958     67.251     38.176  24.686573     7.0009      6.753   299.2228 1.4112e+00     1.6998      6.676      9.683     7.3372 0.0000e+00
      6.826      0.070     8.1383     67.599     38.176  24.684953     7.0016      6.751   299.3599 1.4064e+00     1.7516      6.691      9.706     7.3372 0.0000e+00
      6.848      0.076     8.1742     67.894     38.140  24.659738     6.9016      6.749   299.2946 1.3791e+00     1.7297      6.713      9.737     7.3360 0.0000e+00
      6.876      0.080     8.2053     68.150     38.104  24.635658     6.7097      6.748   299.4666 1.3361e+00     1.6793      6.742      9.778     7.3334 0.0000e+00
      6.904      0.078     8.2266     68.327     38.123  24.647764     6.6126      6.750   299.7184 1.3045e+00     1.6921      6.773      9.823     7.3312 0.0000e+00
      6.926      0.073     8.2361     68.406     38.171  24.679132     6.6278      6.751   299.6714 1.2864e+00     1.7319      6.796      9.857     7.3280 0.0000e+00
      6.940      0.066     8.2382     68.421     38.201  24.697478     6.6828      6.751   299.4152 1.2805e+00     1.7329      6.807      9.873     7.3255 0.0000e+00
      6.950      0.060     8.2333     68.375     38.177  24.679112     6.7626      6.751   299.2873 1.2770e+00     1.7039      6.814      9.883     7.3251 0.0000e+00
      6.961      0.055     8.2252     68.300     38.133  24.647535     6.8022      6.751   299.4158 1.2632e+00     1.6870      6.825      9.900     7.3253 0.0000e+00
      6.976      0.054     8.2157     68.214     38.115  24.633135     6.8037      6.751   299.6783 1.2453e+00     1.7114      6.841      9.922     7.3263 0.0000e+00
      6.992      0.054     8.1992     68.073     38.118  24.631982     6.8077      6.752   299.7088 1.2239e+00     1.7247      6.855      9.944     7.3249 0.0000e+00
      7.007      0.053     8.1812     67.919     38.123  24.633590     6.7764      6.753   299.5263 1.2047e+00     1.6949      6.873      9.968     7.3200 0.0000e+00
      7.022      0.053     8.1701     67.823     38.155  24.652575     6.7107      6.754   299.6213 1.2020e+00     1.6862      6.888      9.990     7.3155 0.0000e+00
      7.033      0.054     8.1610     67.744     38.186  24.671045     6.6749      6.754   300.0829 1.1988e+00     1.7113      6.897     10.003     7.3116 0.0000e+00
      7.043      0.059     8.1511     67.660     38.180  24.666435     6.6738      6.752   300.5475 1.1797e+00     1.7238      6.907     10.017     7.3085 0.0000e+00
      7.055      0.066     8.1424     67.585     38.172  24.660339     6.6425      6.749   300.7652 1.1575e+00     1.7156      6.918     10.033     7.3062 0.0000e+00
      7.070      0.075     8.1340     67.511     38.177  24.660822     6.5627      6.746   300.7362 1.1332e+00     1.7338      6.930     10.051     7.3040 0.0000e+00
      7.093      0.083     8.1265     67.442     38.199  24.672271     6.5089      6.744   300.7136 1.1083e+00     1.7304      6.953     10.084     7.3017 0.0000e+00
      7.122      0.089     8.1201     67.383     38.203  24.671789     6.5064      6.744   300.8360 1.1027e+00     1.6741      6.985     10.131     7.3004 0.0000e+00
      7.149      0.091     8.1133     67.320     38.182  24.654989     6.5692      6.744   300.9256 1.0978e+00     1.6635      7.012     10.170     7.3000 0.0000e+00
      7.172      0.091     8.1042     67.238     38.193  24.659608     6.6799      6.744   300.9365 1.0729e+00     1.6638      7.034     10.201     7.2970 0.0000e+00
      7.193      0.088     8.0928     67.138     38.203  24.664139     6.7332      6.743   300.9678 1.0483e+00     1.6466      7.055     10.232     7.2922 0.0000e+00
      7.214      0.087     8.0788     67.018     38.178  24.646291     6.7361      6.741   301.0458 1.0260e+00     1.6692      7.076     10.263     7.2886 0.0000e+00
      7.234      0.088     8.0597     66.855     38.163  24.634275     6.6877      6.739   301.1048 1.0044e+00     1.6923      7.094     10.290     7.2853 0.0000e+00
      7.255      0.089     8.0364     66.657     38.184  24.645826     6.5702      6.738   301.1662 9.8545e-01     1.6823      7.113     10.317     7.2818 0.0000e+00
      7.278      0.092     8.0151     66.477     38.207  24.658978     6.4914      6.735   301.2710 9.4740e-01     1.6706      7.137     10.351     7.2786 0.0000e+00
      7.305      0.094     7.9986     66.337     38.220  24.666315     6.4802      6.733   301.2540 9.0827e-01     1.6726      7.164     10.390     7.2757 0.0000e+00
      7.331      0.095     7.9852     66.223     38.230  24.671046     6.4894      6.732   301.2186 8.9213e-01     1.6758      7.190     10.427     7.2731 0.0000e+00
      7.355      0.095     7.9724     66.114     38.204  24.652681     6.5018      6.731   301.3587 8.8119e-01     1.6793      7.212     10.461     7.2705 0.0000e+00
      7.378      0.094     7.9609     66.015     38.179  24.634738     6.5014      6.730   301.4857 8.7285e-01     1.6844      7.235     10.494     7.2685 0.0000e+00
      7.401      0.091     7.9586     65.994     38.195  24.644570     6.4939      6.729   301.4636 8.6736e-01     1.7079      7.258     10.527     7.2667 0.0000e+00
      7.425      0.088     7.9631     66.030     38.196  24.644570     6.4744      6.727   301.3485 8.6035e-01     1.7494      7.281     10.561     7.2648 0.0000e+00
      7.448      0.084     7.9626     66.024     38.182  24.634739     6.3396      6.726   301.2987 8.4764e-01     1.7586      7.304     10.595     7.2628 0.0000e+00
      7.470      0.079     7.9562     65.970     38.211  24.652683     6.1140      6.726   301.3786 8.3119e-01     1.7275      7.324     10.623     7.2607 0.0000e+00
      7.491      0.073     7.9498     65.915     38.240  24.671057     5.9989      6.727   301.4549 8.2469e-01     1.7091      7.347     10.657     7.2592 0.0000e+00
      7.509      0.068     7.9446     65.872     38.233  24.666430     5.9950      6.729   301.4461 8.1942e-01     1.7193      7.366     10.684     7.2586 0.0000e+00
      7.522      0.063     7.9422     65.851     38.225  24.660229     6.0030      6.731   301.3580 7.9881e-01     1.7285      7.376     10.699     7.2577 0.0000e+00
      7.536      0.058     7.9415     65.843     38.225  24.659566     6.0040      6.731   301.3355 7.7924e-01     1.7294      7.389     10.717     7.2566 0.0000e+00
      7.552      0.054     7.9386     65.816     38.225  24.658412     5.9971      6.732   301.3465 7.6423e-01     1.7293      7.405     10.740     7.2563 0.0000e+00
      7.567      0.053     7.9356     65.790     38.208  24.646282     5.9846      6.733   301.3190 7.4999e-01     1.7272      7.421     10.764     7.2563 0.0000e+00
      7.580      0.055     7.9334     65.770     38.199  24.639879     5.8794      6.733   301.4339 7.5153e-01     1.7046      7.435     10.783     7.2554 0.0000e+00
      7.590      0.059     7.9295     65.736     38.208  24.644487     5.6819      6.733   301.6167 7.5066e-01     1.6687      7.443     10.796     7.2539 0.0000e+00
      7.603      0.062     7.9263     65.706     38.201  24.638506     5.5632      6.733   301.7224 7.4714e-01     1.6601      7.454     10.811     7.2521 0.0000e+00
      7.620      0.066     7.9249     65.691     38.191  24.631047     5.5472      6.732   301.7649 7.5201e-01     1.6625      7.470     10.836     7.2507 0.0000e+00
      7.640      0.070     7.9227     65.670     38.173  24.617792     5.5432      6.731   301.7874 7.4051e-01     1.6670      7.492     10.867     7.2501 0.0000e+00
      7.661      0.072     7.9205     65.650     38.155  24.605218     5.5242      6.731   301.7361 7.1532e-01     1.7135      7.514     10.899     7.2489 0.0000e+00
      7.681      0.074     7.9209     65.651     38.158  24.605995     5.5017      6.731   301.6602 7.0091e-01     1.7366      7.534     10.927     7.2470 0.0000e+00
      7.699      0.074     7.9238     65.673     38.192  24.627184     5.4914      6.731   301.8172 6.9991e-01     1.7028      7.549     10.949     7.2452 0.0000e+00
      7.715      0.073     7.9282     65.707     38.261  24.670935     5.4909      6.729   302.0849 7.0048e-01     1.7018      7.564     10.971     7.2434 0.0000e+00
      7.733      0.072     7.9343     65.756     38.294  24.690560     5.5410      6.729   302.2304 6.8590e-01     1.7234      7.582     10.997     7.2420 0.0000e+00
      7.754      0.072     7.9397     65.799     38.269  24.673990     5.6381      6.729   302.2856 6.6480e-01     1.7205      7.603     11.027     7.2408 0.0000e+00
      7.774      0.073     7.9431     65.826     38.250  24.661056     5.6817      6.728   302.3220 6.5883e-01     1.6972      7.624     11.058     7.2396 0.0000e+00
      7.792      0.073     7.9458     65.848     38.250  24.661162     5.6729      6.726   302.4122 6.5498e-01     1.6855      7.643     11.085     7.2381 0.0000e+00
      7.808      0.073     7.9474     65.858     38.273  24.675270     5.6793      6.724   302.4303 6.4259e-01     1.7019      7.657     11.105     7.2365 0.0000e+00
      7.825      0.072     7.9443     65.830     38.321  24.704653     5.7135      6.724   302.2823 6.3103e-01     1.7424      7.672     11.127     7.2358 0.0000e+00
      7.845      0.070     7.9338     65.740     38.314  24.698976     5.7465      6.722   302.2568 6.2849e-01     1.7789      7.693     11.158     7.2355 0.0000e+00
      7.866      0.070     7.9183     65.611     38.271  24.670118     5.7475      6.719   302.4668 6.3146e-01     1.7456      7.714     11.190     7.2349 0.0000e+00
      7.884      0.071     7.8993     65.451     38.277  24.673181     5.7335      6.717   302.6705 6.3198e-01     1.7067      7.733     11.216     7.2336 0.0000e+00
      7.899      0.071     7.8778     65.271     38.277  24.672514     5.7342      6.715   302.8267 6.2670e-01     1.7057      7.745     11.233     7.2317 0.0000e+00
      7.915      0.071     7.8546     65.077     38.262  24.662059     5.7380      6.713   302.9792 6.1354e-01     1.6719      7.760     11.255     7.2299 0.0000e+00
      7.934      0.071     7.8257     64.837     38.282  24.673753     5.7333      6.713   303.0517 5.9848e-01     1.6634      7.783     11.287     7.2290 0.0000e+00
      7.954      0.071     7.7932     64.565     38.303  24.686918     5.7050      6.712   303.0998 5.9133e-01     1.7260      7.800     11.313     7.2283 0.0000e+00
      7.972      0.070     7.7600     64.288     38.315  24.694256     5.6444      6.712   302.8737 5.9693e-01     1.7575      7.817     11.338     7.2270 0.0000e+00
      7.992      0.069     7.7246     63.993     38.324  24.698987     5.6064      6.712   302.3827 5.8368e-01     1.7388      7.839     11.369     7.2259 0.0000e+00
      8.009      0.069     7.6871     63.681     38.298  24.680632     5.6045      6.711   302.1531 5.5283e-01     1.7445      7.857     11.394     7.2249 0.0000e+00
      8.023      0.070     7.6503     63.374     38.272  24.662784     5.6032      6.710   302.3342 5.4570e-01     1.8560      7.868     11.412     7.2240 0.0000e+00
      8.038      0.072     7.6194     63.116     38.290  24.673665     5.6084      6.708   302.7663 5.4377e-01     2.0493      7.879     11.428     7.2229 0.0000e+00
      8.058      0.073     7.5974     62.931     38.310  24.685208     5.6209      6.708   302.9902 5.2539e-01     2.1596      7.901     11.459     7.2218 0.0000e+00
      8.080      0.076     7.5795     62.780     38.297  24.675366     5.6173      6.708   302.9762 5.0947e-01     2.1524      7.925     11.496     7.2206 0.0000e+00
      8.101      0.077     7.5600     62.615     38.309  24.681651     5.6113      6.708   302.6819 5.1089e-01     2.1139      7.944     11.522     7.2190 0.0000e+00
      8.121      0.075     7.5394     62.440     38.337  24.697710     5.6490      6.707   302.0133 5.1082e-01     2.0607      7.964     11.550     7.2175 0.0000e+00
      8.140      0.071     7.5196     62.273     38.311  24.679051     5.7142      6.706   301.6032 4.9806e-01     1.9665      7.983     11.577     7.2161 0.0000e+00
      8.159      0.067     7.5013     62.119     38.263  24.646519     5.7475      6.706   301.5951 4.8890e-01     1.8910      8.003     11.605     7.2145 0.0000e+00
      8.175      0.063     7.4847     61.978     38.227  24.621824     5.7397      6.706   301.6571 4.8725e-01     1.8803      8.020     11.632     7.2119 0.0000e+00
      8.188      0.062     7.4691     61.845     38.250  24.634417     5.6562      6.706   301.9228 4.8757e-01     1.8979      8.029     11.645     7.2091 0.0000e+00
      8.202      0.062     7.4559     61.732     38.310  24.671800     5.5192      6.704   302.3984 4.8329e-01     1.9207      8.042     11.662     7.2069 0.0000e+00
      8.218      0.065     7.4472     61.656     38.345  24.692873     5.4426      6.702   302.4181 4.6534e-01     1.9426      8.061     11.690     7.2052 0.0000e+00
      8.233      0.070     7.4434     61.621     38.357  24.698740     5.4191      6.700   301.9027 4.5228e-01     1.9496      8.073     11.709     7.2033 0.0000e+00
      8.250      0.072     7.4437     61.619     38.330  24.679248     5.3279      6.699   301.5008 4.5988e-01     1.8821      8.087     11.729     7.2008 0.0000e+00
      8.272      0.072     7.4499     61.669     38.283  24.647663     5.1663      6.700   301.4308 4.5488e-01     1.7681      8.111     11.765     7.1989 0.0000e+00
      8.297      0.069     7.4624     61.771     38.263  24.634295     5.0729      6.700   301.4861 4.3423e-01     1.7308      8.139     11.806     7.1969 0.0000e+00
      8.317      0.065     7.4790     61.906     38.281  24.644598     5.0535      6.699   301.4820 4.3182e-01     1.7362      8.160     11.834     7.1936 0.0000e+00
      8.330      0.059     7.4981     62.061     38.284  24.645261     5.0429      6.698   301.4667 4.5122e-01     1.7107      8.170     11.848     7.1903 0.0000e+00
      8.340      0.054     7.5189     62.230     38.283  24.642302     5.0354      6.699   301.9040 4.6262e-01     1.6972      8.177     11.860     7.1890 0.0000e+00
      8.352      0.049     7.5398     62.400     38.331  24.672316     5.0372      6.700   302.6394 4.4791e-01     1.6951      8.190     11.879     7.1888 0.0000e+00
      8.364      0.047     7.5584     62.553     38.360  24.690699     5.0550      6.700   302.8724 4.3611e-01     1.6855      8.202     11.897     7.1878 0.0000e+00
      8.377      0.047     7.5725     62.670     38.334  24.674100     5.0766      6.700   302.7421 4.4278e-01     1.6735      8.214     11.914     7.1855 0.0000e+00
      8.391      0.049     7.5790     62.725     38.315  24.662084     5.0958      6.699   302.4411 4.4839e-01     1.6716      8.229     11.936     7.1827 0.0000e+00
      8.401      0.050     7.5794     62.727     38.333  24.672397     5.1034      6.697   302.0721 4.4621e-01     1.6930      8.239     11.950     7.1808 0.0000e+00
      8.411      0.050     7.5770     62.702     38.334  24.671811     5.1040      6.696   302.0657 4.3485e-01     1.7181      8.246     11.960     7.1805 0.0000e+00
      8.425      0.049     7.5710     62.650     38.310  24.655001     5.1126      6.694   302.7943 4.2614e-01     1.7311      8.262     11.983     7.1815 0.0000e+00
      8.441      0.047     7.5625     62.578     38.319  24.659619     5.1254      6.694   303.9125 4.2251e-01     1.7277      8.280     12.009     7.1819 0.0000e+00
      8.455      0.047     7.5536     62.502     38.327  24.664150     5.1391      6.695   304.3146 4.0698e-01     1.7079      8.293     12.028     7.1805 0.0000e+00
