Data/DataNotYetUploadedToEDI/Raw_CTD/RawDownloads/042318_fcr50.cnv
* Sea-Bird SBE19plus  Data File:
* FileName = C:\DATA\042318_fcr_0002.hex
* Software version 2.6.3.104 SB_Terminal.dll
* Temperature SN = 7809
* Conductivity SN = 7809
* System UpLoad Time = Apr 23 2018 14:24:39
* <ApplicationData>
* <Seaterm232>
# nquan = 15
# nvalues = 1144                        
# units = specified
# name 0 = depFM: Depth [fresh water, m]
# name 1 = dz/dtM: Descent Rate [m/s]
# name 2 = sbeox0Mg/L: Oxygen, SBE 43 [mg/l]
# name 3 = sbeox0PS: Oxygen, SBE 43 [% saturation]
# name 4 = specc: Specific Conductance [uS/cm]
# name 5 = c0uS/cm: Conductivity [uS/cm]
# name 6 = flECO-AFL: Fluorescence, WET Labs ECO-AFL/FL [mg/m^3]
# name 7 = ph: pH
# name 8 = orp: Oxidation Reduction Potential [mV]
# name 9 = par/sat/log: PAR/Logarithmic, Satlantic
# name 10 = turbWETntu0: Turbidity, WET Labs ECO [NTU]
# name 11 = prdM: Pressure, Strain Gauge [db]
# name 12 = prdE: Pressure, Strain Gauge [psi]
# name 13 = tv290C: Temperature [ITS-90, deg C]
# name 14 = flag:  0.000e+00
# span 0 =     -0.511,      9.807       
# span 1 =     -0.097,      0.156       
# span 2 =     5.8550,    10.8095       
# span 3 =     48.303,    103.578       
# span 4 =      2.308,     43.032       
# span 5 =   1.681445,  32.779274       
# span 6 =    -0.2364,     8.3272       
# span 7 =     -2.948,      7.389       
# span 8 =  -935.4459,   912.0216       
# span 9 = 1.5429e-01, 2.9648e+02       
# span 10 =    -0.2679,    57.9464      
# span 11 =     -0.501,      9.618      
# span 12 =     -0.727,     13.949      
# span 13 =     7.0407,    13.5242      
# span 14 = 0.0000e+00, 0.0000e+00      
# interval = seconds: 0.25
# start_time = Apr 23 2018 14:48:55 [Instrument's time stamp, header]
# bad_flag = -9.990e-29
*END*
[from data line 579]
      0.028      0.060     8.1332     78.091     36.559  28.165790     1.0694      7.308   276.3472 2.2387e+02     1.1283      0.028      0.040    13.4980 0.0000e+00
      0.040      0.060     8.3833     80.498     36.523  28.140154     1.0794      7.307   276.2811 2.2454e+02     1.0943      0.039      0.056    13.5049 0.0000e+00
      0.054      0.059     8.6701     83.256     36.521  28.140006     1.0865      7.300   276.3127 2.2229e+02     1.0845      0.052      0.076    13.5102 0.0000e+00
      0.069      0.058     8.9681     86.119     36.551  28.164010     1.0911      7.290   276.2994 2.1251e+02     1.0709      0.066      0.096    13.5145 0.0000e+00
      0.087      0.055     9.2466     88.793     36.567  28.176385     1.1165      7.277   275.7760 1.9821e+02     1.0825      0.085      0.123    13.5184 0.0000e+00
      0.105      0.052     9.4781     91.015     36.550  28.162620     1.1368      7.268   275.0612 1.8739e+02     1.0719      0.105      0.152    13.5212 0.0000e+00
      0.118      0.048     9.6427     92.595     36.501  28.124582     1.1424      7.266   274.8842 1.8110e+02     1.0343      0.117      0.171    13.5233 0.0000e+00
      0.127      0.044     9.7291     93.425     36.466  28.097473     1.1386      7.267   275.0121 1.7770e+02     1.0252      0.125      0.182    13.5242 0.0000e+00
      0.133      0.043     9.7358     93.490     36.454  28.088854     1.1463      7.273   274.9726 1.7527e+02     1.0836      0.131      0.189    13.5238 0.0000e+00
      0.143      0.045     9.6750     92.907     36.447  28.083870     1.1806      7.283   274.9236 1.7240e+02     1.1915      0.140      0.201    13.5225 0.0000e+00
      0.153      0.050     9.5658     91.858     36.469  28.100710     1.2045      7.293   275.0219 1.7025e+02     1.2920      0.151      0.219    13.5226 0.0000e+00
      0.165      0.056     9.4285     90.540     36.471  28.101956     1.2049      7.301   274.9561 1.6903e+02     1.3212      0.160      0.233    13.5228 0.0000e+00
      0.181      0.062     9.2828     89.140     36.467  28.098946     1.1860      7.308   274.7305 1.6703e+02     1.2394      0.177      0.256    13.5233 0.0000e+00
      0.201      0.065     9.1389     87.759     36.505  28.127811     1.1509      7.314   274.7032 1.6283e+02     1.1269      0.198      0.286    13.5239 0.0000e+00
      0.221      0.067     9.0068     86.489     36.513  28.133456     1.1294      7.321   274.9704 1.5905e+02     1.0911      0.217      0.314    13.5230 0.0000e+00
      0.239      0.067     8.8950     85.414     36.475  28.103696     1.1280      7.327   275.2940 1.5817e+02     1.1121      0.236      0.341    13.5228 0.0000e+00
      0.254      0.068     8.8033     84.533     36.451  28.085492     1.1424      7.329   275.3469 1.5834e+02     1.1055      0.250      0.362    13.5237 0.0000e+00
      0.269      0.070     8.7308     83.836     36.475  28.103849     1.1754      7.328   275.3511 1.5769e+02     1.0730      0.263      0.381    13.5237 0.0000e+00
      0.284      0.075     8.6743     83.293     36.516  28.135159     1.1968      7.323   275.5175 1.5612e+02     1.0541      0.277      0.402    13.5221 0.0000e+00
      0.302      0.081     8.6270     82.838     36.531  28.146548     1.1978      7.317   275.2939 1.5401e+02     1.0597      0.294      0.428    13.5214 0.0000e+00
      0.325      0.086     8.5803     82.389     36.490  28.114548     1.1969      7.313   274.7981 1.5083e+02     1.0802      0.317      0.460    13.5218 0.0000e+00
      0.352      0.091     8.5329     81.933     36.427  28.065756     1.1949      7.311   274.7720 1.4729e+02     1.0878      0.344      0.499    13.5219 0.0000e+00
      0.378      0.093     8.4899     81.519     36.426  28.064614     1.1920      7.309   275.0640 1.4473e+02     1.0905      0.372      0.541    13.5213 0.0000e+00
      0.403      0.092     8.4481     81.117     36.474  28.100730     1.1987      7.309   275.4884 1.4249e+02     1.0824      0.396      0.574    13.5210 0.0000e+00
      0.426      0.087     8.4058     80.710     36.501  28.121435     1.2124      7.309   276.0324 1.4018e+02     1.0513      0.418      0.606    13.5209 0.0000e+00
      0.448      0.080     8.3641     80.309     36.505  28.124453     1.2109      7.313   276.3925 1.3823e+02     1.0203      0.439      0.637    13.5201 0.0000e+00
      0.469      0.075     8.3206     79.890     36.522  28.137220     1.1983      7.318   275.9712 1.3673e+02     1.0119      0.461      0.669    13.5191 0.0000e+00
      0.487      0.073     8.2824     79.523     36.537  28.148790     1.1892      7.321   274.9818 1.3599e+02     1.0421      0.480      0.696    13.5186 0.0000e+00
      0.499      0.074     8.2570     79.281     36.521  28.137349     1.1834      7.323   274.6682 1.3596e+02     1.0797      0.489      0.710    13.5181 0.0000e+00
      0.513      0.077     8.2407     79.126     36.506  28.125890     1.2014      7.324   274.9333 1.3566e+02     1.0701      0.500      0.726    13.5182 0.0000e+00
      0.535      0.081     8.2290     79.013     36.521  28.137237     1.2421      7.326   275.2618 1.3502e+02     1.0476      0.524      0.759    13.5177 0.0000e+00
      0.560      0.086     8.2205     78.930     36.535  28.147542     1.2620      7.326   275.7138 1.3438e+02     1.0511      0.551      0.800    13.5167 0.0000e+00
      0.585      0.090     8.2148     78.875     36.504  28.123496     1.2579      7.325   275.9243 1.3336e+02     1.0827      0.575      0.833    13.5182 0.0000e+00
      0.608      0.093     8.2120     78.846     36.475  28.100501     1.2381      7.323   275.9151 1.3166e+02     1.1242      0.597      0.864    13.5194 0.0000e+00
      0.632      0.094     8.2101     78.828     36.505  28.123507     1.2067      7.319   276.0326 1.2972e+02     1.1260      0.621      0.900    13.5183 0.0000e+00
      0.655      0.094     8.2107     78.836     36.535  28.147647     1.1910      7.316   276.1407 1.2796e+02     1.1050      0.642      0.931    13.5174 0.0000e+00
      0.678      0.093     8.2191     78.916     36.524  28.138382     1.1943      7.314   276.1891 1.2568e+02     1.0835      0.662      0.960    13.5182 0.0000e+00
      0.704      0.091     8.2419     79.133     36.525  28.138486     1.2012      7.314   276.3594 1.2271e+02     1.0488      0.691      1.001    13.5175 0.0000e+00
      0.730      0.088     8.2879     79.574     36.539  28.148906     1.2008      7.314   276.6516 1.1981e+02     1.0210      0.718      1.041    13.5167 0.0000e+00
      0.752      0.083     8.3593     80.259     36.524  28.137362     1.1983      7.314   277.0544 1.1727e+02     1.0230      0.739      1.072    13.5178 0.0000e+00
      0.772      0.079     8.4434     81.066     36.509  28.125902     1.1985      7.314   277.4447 1.1511e+02     1.0421      0.757      1.098    13.5175 0.0000e+00
      0.790      0.075     8.5252     81.850     36.524  28.137350     1.2126      7.312   277.5849 1.1323e+02     1.0683      0.774      1.123    13.5160 0.0000e+00
      0.806      0.074     8.5967     82.537     36.539  28.148777     1.2403      7.309   277.6314 1.1143e+02     1.0649      0.792      1.147    13.5155 0.0000e+00
      0.822      0.074     8.6520     83.068     36.524  28.137066     1.2491      7.309   277.7479 1.0936e+02     1.0323      0.804      1.166    13.5157 0.0000e+00
      0.842      0.076     8.6896     83.429     36.506  28.122751     1.2447      7.310   277.8753 1.0698e+02     1.0398      0.823      1.195    13.5156 0.0000e+00
      0.865      0.080     8.7111     83.636     36.479  28.102698     1.2516      7.310   278.1396 1.0476e+02     1.0642      0.850      1.232    13.5152 0.0000e+00
      0.886      0.084     8.7193     83.716     36.455  28.085105     1.2590      7.309   278.2757 1.0281e+02     1.0530      0.868      1.259    13.5151 0.0000e+00
      0.906      0.085     8.7197     83.720     36.475  28.100540     1.2607      7.309   278.0592 1.0087e+02     1.0257      0.886      1.285    13.5153 0.0000e+00
      0.929      0.085     8.7170     83.695     36.473  28.098822     1.2626      7.309   277.9301 9.8956e+01     1.0396      0.910      1.321    13.5150 0.0000e+00
      0.952      0.085     8.7142     83.668     36.428  28.064329     1.2631      7.311   278.0058 9.7206e+01     1.0685      0.935      1.355    13.5155 0.0000e+00
      0.974      0.085     8.7161     83.686     36.428  28.064484     1.2581      7.311   278.2858 9.5762e+01     1.0392      0.956      1.386    13.5169 0.0000e+00
      0.995      0.085     8.7239     83.760     36.476  28.100709     1.2481      7.308   278.7349 9.4547e+01     1.0214      0.976      1.417    13.5172 0.0000e+00
      1.015      0.084     8.7283     83.802     36.503  28.121306     1.2437      7.304   278.6167 9.3290e+01     1.0670      0.995      1.443    13.5169 0.0000e+00
      1.036      0.084     8.7203     83.724     36.505  28.123024     1.2512      7.301   277.9748 9.1920e+01     1.1021      1.015      1.471    13.5167 0.0000e+00
      1.058      0.085     8.6958     83.488     36.504  28.121477     1.2747      7.298   277.6860 9.0522e+01     1.0801      1.038      1.505    13.5166 0.0000e+00
      1.080      0.085     8.6560     83.107     36.479  28.102599     1.3069      7.297   277.7916 8.9188e+01     1.0446      1.060      1.537    13.5163 0.0000e+00
      1.102      0.086     8.6064     82.632     36.456  28.085272     1.3286      7.298   277.9614 8.7971e+01     1.0397      1.080      1.566    13.5160 0.0000e+00
      1.125      0.087     8.5521     82.110     36.478  28.102486     1.3343      7.298   278.1043 8.6837e+01     1.0510      1.103      1.600    13.5151 0.0000e+00
      1.147      0.089     8.4945     81.558     36.502  28.120234     1.3300      7.296   278.3141 8.5812e+01     1.0897      1.125      1.633    13.5147 0.0000e+00
      1.167      0.091     8.4372     81.008     36.487  28.109355     1.3224      7.294   278.6054 8.4794e+01     1.1720      1.144      1.659    13.5161 0.0000e+00
      1.190      0.093     8.3901     80.556     36.472  28.097952     1.3151      7.294   278.7873 8.3631e+01     1.2530      1.166      1.690    13.5163 0.0000e+00
      1.215      0.095     8.3588     80.254     36.487  28.109354     1.3154      7.294   278.8785 8.2383e+01     1.2749      1.191      1.728    13.5154 0.0000e+00
      1.242      0.098     8.3404     80.076     36.502  28.120222     1.3539      7.293   279.0202 8.1274e+01     1.2543      1.219      1.768    13.5161 0.0000e+00
      1.267      0.102     8.3331     80.004     36.481  28.102355     1.4124      7.291   279.0374 8.0355e+01     1.2471      1.243      1.804    13.5167 0.0000e+00
      1.292      0.103     8.3357     80.028     36.457  28.083825     1.4345      7.291   278.9149 7.9345e+01     1.2496      1.266      1.836    13.5169 0.0000e+00
      1.318      0.102     8.3439     80.104     36.462  28.086668     1.4378      7.291   279.3450 7.8124e+01     1.2531      1.292      1.874    13.5166 0.0000e+00
      1.346      0.101     8.3595     80.251     36.445  28.073234     1.4434      7.291   280.1947 7.6868e+01     1.2599      1.320      1.915    13.5152 0.0000e+00
      1.375      0.098     8.3888     80.530     36.415  28.048397     1.4478      7.292   280.4984 7.5758e+01     1.2699      1.348      1.957    13.5140 0.0000e+00
      1.400      0.095     8.4355     80.974     36.406  28.040358     1.4534      7.293   280.4364 7.4833e+01     1.3138      1.374      1.993    13.5129 0.0000e+00
      1.422      0.090     8.4997     81.584     36.408  28.039538     1.4563      7.292   280.3907 7.3922e+01     1.3632      1.395      2.024    13.5119 0.0000e+00
      1.444      0.083     8.5778     82.329     36.409  28.038473     1.4554      7.289   280.2041 7.2957e+01     1.3478      1.417      2.055    13.5109 0.0000e+00
      1.465      0.075     8.6671     83.180     36.398  28.027485     1.4421      7.286   280.0735 7.1992e+01     1.2506      1.436      2.083    13.5093 0.0000e+00
      1.485      0.065     8.7632     84.096     36.410  28.033677     1.4239      7.284   280.4458 7.1024e+01     1.1334      1.456      2.112    13.5069 0.0000e+00
      1.502      0.056     8.8570     84.988     36.435  28.049842     1.4104      7.285   281.0921 7.0263e+01     1.0605      1.476      2.140    13.5040 0.0000e+00
      1.515      0.049     8.9362     85.739     36.416  28.032429     1.3983      7.289   281.3491 6.9756e+01     1.0095      1.488      2.157    13.5005 0.0000e+00
      1.523      0.044     9.0037     86.379     36.396  28.013632     1.4154      7.292   281.2304 6.9261e+01     1.0053      1.494      2.166    13.4976 0.0000e+00
      1.529      0.042     9.0679     86.987     36.399  28.013064     1.4522      7.296   281.0329 6.8636e+01     1.0402      1.500      2.175    13.4948 0.0000e+00
      1.538      0.044     9.1170     87.451     36.419  28.025556     1.4567      7.300   280.8547 6.7853e+01     1.0349      1.507      2.187    13.4898 0.0000e+00
      1.550      0.050     9.1397     87.665     36.437  28.037670     1.4425      7.302   280.7100 6.7071e+01     1.0327      1.520      2.204    13.4850 0.0000e+00
      1.563      0.058     9.1386     87.650     36.432  28.032525     1.4366      7.302   280.6610 6.6322e+01     1.0740      1.533      2.223    13.4809 0.0000e+00
      1.578      0.066     9.1226     87.494     36.426  28.026857     1.4405      7.302   280.6914 6.5430e+01     1.1074      1.546      2.243    13.4769 0.0000e+00
      1.597      0.072     9.0992     87.267     36.435  28.032629     1.4525      7.300   280.7331 6.4435e+01     1.1004      1.565      2.270    13.4733 0.0000e+00
      1.619      0.074     9.0717     87.000     36.445  28.038819     1.4543      7.297   280.8219 6.3473e+01     1.0810      1.589      2.304    13.4703 0.0000e+00
      1.641      0.074     9.0450     86.741     36.445  28.038194     1.4519      7.296   280.9041 6.2465e+01     1.0872      1.609      2.334    13.4688 0.0000e+00
      1.661      0.070     9.0296     86.589     36.430  28.025069     1.4599      7.295   280.8660 6.1477e+01     1.1146      1.630      2.364    13.4678 0.0000e+00
      1.680      0.068     9.0322     86.605     36.411  28.007115     1.4604      7.294   280.8779 6.0755e+01     1.1065      1.651      2.394    13.4658 0.0000e+00
      1.694      0.069     9.0454     86.720     36.422  28.011619     1.4577      7.292   281.0487 6.0218e+01     1.0502      1.663      2.413    13.4645 0.0000e+00
      1.705      0.074     9.0604     86.852     36.435  28.016018     1.4632      7.289   281.1238 5.9653e+01     1.0746      1.673      2.427    13.4637 0.0000e+00
      1.719      0.080     9.0742     86.970     36.416  27.996801     1.4626      7.287   281.1839 5.8829e+01     1.2190      1.682      2.439    13.4607 0.0000e+00
      1.742      0.088     9.0878     87.085     36.389  27.969759     1.4604      7.284   281.1721 5.7612e+01     1.3309      1.704      2.471    13.4566 0.0000e+00
      1.774      0.096     9.1102     87.275     36.366  27.943048     1.4638      7.282   280.8954 5.6350e+01     1.3295      1.740      2.525    13.4506 0.0000e+00
      1.803      0.102     9.1473     87.600     36.362  27.927825     1.4670      7.280   280.7641 5.5372e+01     1.2937      1.771      2.569    13.4439 0.0000e+00
      1.828      0.107     9.1998     88.065     36.359  27.912694     1.4995      7.280   281.3921 5.4530e+01     1.2950      1.792      2.601    13.4373 0.0000e+00
      1.853      0.107     9.2677     88.679     36.343  27.887075     1.5626      7.282   282.4660 5.3615e+01     1.3140      1.816      2.635    13.4296 0.0000e+00
      1.879      0.105     9.3469     89.404     36.339  27.872056     1.5957      7.285   282.9060 5.2599e+01     1.3095      1.843      2.673    13.4181 0.0000e+00
