Data/DataNotYetUploadedToEDI/Raw_CTD/RawDownloads/042318_fcr50(2).cnv
* Sea-Bird SBE19plus  Data File:
* FileName = C:\DATA\042318_fcr_0006.hex
* Software version 2.6.3.104 SB_Terminal.dll
* Temperature SN = 7809
* Conductivity SN = 7809
* System UpLoad Time = Apr 23 2018 14:26:40
* <ApplicationData>
* <Seaterm232>
# nquan = 15
# nvalues = 770                         
# units = specified
# name 0 = depFM: Depth [fresh water, m]
# name 1 = dz/dtM: Descent Rate [m/s]
# name 2 = sbeox0Mg/L: Oxygen, SBE 43 [mg/l]
# name 3 = sbeox0PS: Oxygen, SBE 43 [% saturation]
# name 4 = specc: Specific Conductance [uS/cm]
# name 5 = c0uS/cm: Conductivity [uS/cm]
# name 6 = flECO-AFL: Fluorescence, WET Labs ECO-AFL/FL [mg/m^3]
# name 7 = ph: pH
# name 8 = orp: Oxidation Reduction Potential [mV]
# name 9 = par/sat/log: PAR/Logarithmic, Satlantic
# name 10 = turbWETntu0: Turbidity, WET Labs ECO [NTU]
# name 11 = prdM: Pressure, Strain Gauge [db]
# name 12 = prdE: Pressure, Strain Gauge [psi]
# name 13 = tv290C: Temperature [ITS-90, deg C]
# name 14 = flag:  0.000e+00
# span 0 =     -0.513,      9.790       
# span 1 =     -0.157,      0.264       
# span 2 =     6.4902,    10.8407       
# span 3 =     53.803,    104.356       
# span 4 =      0.536,     40.470       
# span 5 =   0.429838,  28.918265       
# span 6 =    -0.2158,     7.3773       
# span 7 =     -2.821,      7.821       
# span 8 = -1240.7455,   399.6452       
# span 9 = 1.6101e-01, 3.3078e+02       
# span 10 =    -0.3007,    19.6787      
# span 11 =     -0.503,      9.601      
# span 12 =     -0.730,     13.925      
# span 13 =     7.0886,    15.1696      
# span 14 = 0.0000e+00, 0.0000e+00      
# interval = seconds: 0.25
# start_time = Apr 23 2018 18:07:14 [Instrument's time stamp, header]
# bad_flag = -9.990e-29
*END*
[from data line 97]
      0.361 7.1876e-18     8.3094     80.110     37.148  28.756425     1.2711      7.477   307.0562 1.5677e+02     1.3384      0.354      0.513    13.6935 0.0000e+00
      0.361 7.8999e-17     8.2622     79.658     37.124  28.739316     1.2632      7.476   306.9907 1.5712e+02     1.3105      0.354      0.513    13.6962 0.0000e+00
      0.361 8.6899e-16     8.2132     79.189     37.115  28.733656     1.2598      7.473   306.9189 1.5678e+02     1.2280      0.354      0.513    13.6984 0.0000e+00
      0.361 9.5589e-15     8.1655     78.732     37.135  28.751504     1.2671      7.466   306.7903 1.5638e+02     1.1338      0.354      0.513    13.7005 0.0000e+00
      0.361 1.0515e-13     8.1216     78.312     37.150  28.764611     1.2870      7.460   306.7265 1.5670e+02     1.0869      0.354      0.514    13.7023 0.0000e+00
      0.361 1.1566e-12     8.0778     77.895     37.149  28.765123     1.2892      7.459   306.8358 1.5730e+02     1.0891      0.354      0.513    13.7042 0.0000e+00
      0.361 1.2723e-11     8.0308     77.445     37.137  28.757694     1.2750      7.459   307.0790 1.5829e+02     1.0687      0.354      0.514    13.7062 0.0000e+00
      0.361 1.3995e-10     7.9830     76.988     37.110  28.738294     1.2713      7.459   307.2577 1.5914e+02     1.0232      0.354      0.514    13.7082 0.0000e+00
      0.361 1.5395e-09     7.9396     76.574     37.085  28.721071     1.2820      7.459   307.2757 1.5803e+02     1.0274      0.354      0.514    13.7101 0.0000e+00
      0.361 1.6934e-08     7.8996     76.193     37.107  28.739964     1.2847      7.459   307.2963 1.5646e+02     1.0587      0.354      0.514    13.7122 0.0000e+00
      0.362 1.8627e-07     7.8599     75.815     37.151  28.776223     1.2762      7.458   307.3349 1.5763e+02     1.0647      0.355      0.515    13.7146 0.0000e+00
      0.362 1.8627e-07     7.8206     75.440     37.151  28.778459     1.2901      7.455   307.3119 1.5870e+02     1.0693      0.355      0.515    13.7173 0.0000e+00
      0.361 1.6934e-08     7.7793     75.046     37.134  28.767014     1.3327      7.448   307.1904 1.5766e+02     1.0846      0.354      0.514    13.7199 0.0000e+00
      0.361 1.5395e-09     7.7352     74.625     37.129  28.764848     1.3592      7.438   307.0709 1.5693e+02     1.0972      0.354      0.514    13.7226 0.0000e+00
      0.361 1.3995e-10     7.6923     74.216     37.110  28.752263     1.3536      7.428   307.0716 1.5606e+02     1.0998      0.354      0.514    13.7254 0.0000e+00
      0.361 1.2723e-11     7.6500     73.812     37.094  28.741854     1.3382      7.421   307.1134 1.5513e+02     1.0849      0.354      0.514    13.7283 0.0000e+00
      0.361 1.1558e-12     7.6070     73.401     37.122  28.766014     1.3299      7.418   307.0598 1.5630e+02     1.0697      0.354      0.514    13.7310 0.0000e+00
      0.362 9.5590e-14     7.5677     73.026     37.152  28.790364     1.3356      7.418   306.8538 1.5807e+02     1.0682      0.355      0.515    13.7336 0.0000e+00
      0.362 -9.560e-14     7.5330     72.694     37.139  28.782264     1.3436      7.420   306.6011 1.5788e+02     1.0674      0.355      0.515    13.7363 0.0000e+00
      0.362 -1.156e-12     7.4982     72.363     37.153  28.795078     1.3427      7.421   306.4997 1.5612e+02     1.0595      0.355      0.515    13.7389 0.0000e+00
      0.361 -1.272e-11     7.4629     72.026     37.182  28.818294     1.3342      7.424   306.4885 1.5537e+02     1.0640      0.354      0.514    13.7415 0.0000e+00
      0.361 -1.400e-10     7.4306     71.718     37.167  28.808963     1.3323      7.426   306.3796 1.5642e+02     1.0917      0.354      0.514    13.7439 0.0000e+00
      0.361 -1.540e-09     7.3999     71.424     37.165  28.809268     1.3384      7.426   306.3010 1.5770e+02     1.1205      0.354      0.513    13.7462 0.0000e+00
      0.361 -1.694e-08     7.3690     71.129     37.180  28.821977     1.3343      7.422   306.3130 1.5775e+02     1.1067      0.354      0.513    13.7484 0.0000e+00
      0.361 -1.863e-07     7.3396     70.848     37.196  28.835624     1.3286      7.415   306.3528 1.5652e+02     1.0780      0.354      0.514    13.7507 0.0000e+00
      0.361 -1.863e-07     7.3115     70.580     37.209  28.847266     1.3343      7.408   306.4378 1.5606e+02     1.0777      0.354      0.514    13.7528 0.0000e+00
      0.361 -1.693e-08     7.2834     70.313     37.192  28.835738     1.3391      7.402   306.4803 1.5746e+02     1.0730      0.354      0.514    13.7549 0.0000e+00
      0.361 -1.539e-09     7.2548     70.040     37.173  28.823248     1.3223      7.398   306.5225 1.5866e+02     1.1120      0.354      0.514    13.7568 0.0000e+00
      0.361 -1.400e-10     7.2295     69.799     37.171  28.823258     1.2874      7.397   306.6894 1.5822e+02     1.2143      0.354      0.514    13.7588 0.0000e+00
      0.361 -1.272e-11     7.2060     69.576     37.185  28.835864     1.2659      7.397   306.7779 1.5713e+02     1.3022      0.354      0.514    13.7608 0.0000e+00
      0.361 -1.157e-12     7.1802     69.331     37.200  28.848660     1.2655      7.396   306.6458 1.5653e+02     1.3504      0.354      0.514    13.7631 0.0000e+00
      0.361 -1.052e-13     7.1545     69.086     37.200  28.850967     1.2729      7.396   306.5545 1.5743e+02     1.3391      0.354      0.514    13.7655 0.0000e+00
      0.362 -9.560e-15     7.1286     68.838     37.214  28.863762     1.2720      7.397   306.6211 1.5847e+02     1.2274      0.355      0.515    13.7678 0.0000e+00
      0.362 -8.690e-16     7.1012     68.578     37.228  28.876358     1.2642      7.398   306.6765 1.5793e+02     1.0682      0.355      0.515    13.7703 0.0000e+00
      0.362 -7.900e-17     7.0756     68.334     37.226  28.876264     1.2699      7.397   306.6217 1.5668e+02     1.0015      0.354      0.514    13.7726 0.0000e+00
      0.362 -7.180e-18     7.0525     68.114     37.206  28.862628     1.2773      7.396   306.5611 1.5543e+02     1.0312      0.355      0.515    13.7747 0.0000e+00
      0.362 -6.530e-19     7.0300     67.900     37.173  28.838495     1.2710      7.395   306.4601 1.5486e+02     1.0611      0.355      0.515    13.7771 0.0000e+00
      0.361 -5.935e-20     7.0090     67.700     37.171  28.838486     1.2676      7.396   306.3467 1.5582e+02     1.0581      0.354      0.514    13.7794 0.0000e+00
      0.361 -5.395e-21     6.9893     67.514     37.200  28.862514     1.2724      7.397   306.3955 1.5831e+02     1.0554      0.354      0.514    13.7816 0.0000e+00
      0.361 -4.865e-22     6.9693     67.323     37.215  28.875005     1.2737      7.397   306.3611 1.5950e+02     1.0592      0.354      0.514    13.7837 0.0000e+00
      0.361 -2.158e-27     6.9485     67.125     37.197  28.862513     1.2747      7.398   306.1890 1.5737e+02     1.0426      0.354      0.514    13.7859 0.0000e+00
      0.361 4.8647e-22     6.9287     66.935     37.164  28.838485     1.2745      7.400   306.2076 1.5495e+02     1.0379      0.354      0.514    13.7880 0.0000e+00
      0.362 5.3954e-21     6.9108     66.766     37.163  28.838495     1.2711      7.402   306.3277 1.5449e+02     1.0635      0.355      0.515    13.7899 0.0000e+00
      0.362 5.9353e-20     6.8936     66.602     37.193  28.862637     1.2713      7.404   306.3506 1.5577e+02     1.0776      0.355      0.515    13.7916 0.0000e+00
      0.362 6.5288e-19     6.8748     66.424     37.208  28.876377     1.2675      7.405   306.3984 1.5798e+02     1.0554      0.354      0.514    13.7934 0.0000e+00
      0.362 7.1817e-18     6.8545     66.230     37.208  28.877616     1.2621      7.406   306.4760 1.5889e+02     1.0399      0.355      0.515    13.7953 0.0000e+00
      0.362 7.8999e-17     6.8367     66.060     37.206  28.877626     1.2612      7.407   306.5143 1.5835e+02     1.0419      0.355      0.515    13.7972 0.0000e+00
      0.362 8.6899e-16     6.8222     65.923     37.202  28.876501     1.2560      7.407   306.6033 1.5762e+02     1.0498      0.355      0.515    13.7989 0.0000e+00
      0.362 9.5589e-15     6.8072     65.781     37.184  28.864010     1.2268      7.407   306.6915 1.5642e+02     1.0736      0.355      0.515    13.8009 0.0000e+00
      0.362 1.0515e-13     6.7916     65.634     37.168  28.853610     1.1744      7.406   306.6341 1.5562e+02     1.0560      0.355      0.515    13.8028 0.0000e+00
      0.362 1.1566e-12     6.7770     65.495     37.198  28.877751     1.1374      7.405   306.5116 1.5669e+02     1.0204      0.355      0.515    13.8048 0.0000e+00
      0.362 1.2723e-11     6.7637     65.369     37.227  28.901892     1.1285      7.404   306.5011 1.5820e+02     1.0391      0.355      0.515    13.8069 0.0000e+00
      0.362 1.3995e-10     6.7523     65.262     37.212  28.891492     1.1318      7.403   306.5074 1.5811e+02     1.0378      0.355      0.515    13.8089 0.0000e+00
      0.362 1.5395e-09     6.7406     65.151     37.194  28.879009     1.1488      7.402   306.4153 1.5851e+02     1.0354      0.355      0.515    13.8108 0.0000e+00
      0.362 1.6934e-08     6.7268     65.020     37.191  28.877979     1.1785      7.402   306.4199 1.5994e+02     1.0709      0.355      0.515    13.8125 0.0000e+00
      0.363 1.8627e-07     6.7129     64.888     37.191  28.879030     1.1969      7.400   306.4777 1.6006e+02     1.0404      0.356      0.516    13.8144 0.0000e+00
      0.363 1.8627e-07     6.6988     64.754     37.206  28.891720     1.2050      7.397   306.3392 1.5989e+02     1.0015      0.356      0.516    13.8163 0.0000e+00
      0.362 1.6934e-08     6.6840     64.613     37.220  28.904410     1.2310      7.394   306.1227 1.6013e+02     1.0288      0.355      0.515    13.8181 0.0000e+00
      0.362 1.5371e-09     6.6707     64.488     37.220  28.905460     1.2633      7.391   306.0108 1.6017e+02     1.0645      0.355      0.515    13.8199 0.0000e+00
      0.362 1.1450e-10     6.6601     64.387     37.218  28.904410     1.2742      7.390   305.9321 1.5977e+02     1.0675      0.355      0.515    13.8215 0.0000e+00
      0.362 -1.400e-10     6.6510     64.301     37.200  28.891720     1.2709      7.392   305.8596 1.5942e+02     1.0343      0.356      0.516    13.8233 0.0000e+00
      0.362 -1.540e-09     6.6427     64.223     37.182  28.879030     1.2685      7.392   305.9081 1.6009e+02     1.0292      0.355      0.515    13.8250 0.0000e+00
      0.362 -1.694e-08     6.6352     64.153     37.179  28.877990     1.2730      7.392   306.0893 1.6103e+02     1.0673      0.355      0.515    13.8266 0.0000e+00
      0.362 -1.863e-07     6.6275     64.081     37.179  28.879135     1.2697      7.393   306.2429 1.6108e+02     1.0974      0.355      0.515    13.8282 0.0000e+00
      0.362 -1.863e-07     6.6176     63.988     37.195  28.892875     1.2658      7.393   306.3023 1.5948e+02     1.1189      0.354      0.514    13.8296 0.0000e+00
      0.362 -1.693e-08     6.6063     63.881     37.225  28.917120     1.2636      7.394   306.2916 1.5773e+02     1.1444      0.355      0.515    13.8312 0.0000e+00
      0.362 -1.539e-09     6.5949     63.773     37.225  28.918265     1.2418      7.394   306.2853 1.5760e+02     1.1311      0.355      0.515    13.8328 0.0000e+00
      0.362 -1.400e-10     6.5836     63.665     37.208  28.906729     1.2143      7.393   306.3123 1.5840e+02     1.0798      0.355      0.515    13.8344 0.0000e+00
      0.362 -1.272e-11     6.5744     63.579     37.204  28.904648     1.1978      7.391   306.3608 1.5912e+02     1.0729      0.355      0.515    13.8361 0.0000e+00
      0.362 -1.157e-12     6.5669     63.509     37.188  28.893102     1.1979      7.390   306.4410 1.5883e+02     1.1092      0.355      0.515    13.8377 0.0000e+00
      0.362 -1.052e-13     6.5594     63.438     37.188  28.894134     1.2067      7.390   306.4211 1.5872e+02     1.1219      0.355      0.515    13.8393 0.0000e+00
      0.362 -9.560e-15     6.5531     63.380     37.216  28.917121     1.2127      7.390   306.3789 1.6027e+02     1.1040      0.354      0.514    13.8409 0.0000e+00
      0.362 -8.690e-16     6.5488     63.340     37.214  28.917026     1.2143      7.390   306.4467 1.6195e+02     1.0763      0.355      0.515    13.8426 0.0000e+00
      0.362 -7.900e-17     6.5443     63.298     37.182  28.892988     1.2169      7.390   306.4674 1.6296e+02     1.0609      0.355      0.516    13.8439 0.0000e+00
      0.362 -7.180e-18     6.5378     63.237     37.164  28.880494     1.2170      7.389   306.3705 1.6321e+02     1.0713      0.355      0.515    13.8456 0.0000e+00
      0.362 -6.530e-19     6.5306     63.169     37.179  28.892979     1.2067      7.389   306.3070 1.6195e+02     1.0799      0.355      0.515    13.8471 0.0000e+00
      0.362 -5.935e-20     6.5234     63.101     37.209  28.916928     1.1930      7.391   306.3023 1.6097e+02     1.0731      0.355      0.515    13.8484 0.0000e+00
      0.362 -5.395e-21     6.5161     63.032     37.207  28.916058     1.1897      7.394   306.2272 1.6196e+02     1.0809      0.355      0.515    13.8503 0.0000e+00
      0.362 -4.905e-22     6.5086     62.962     37.162  28.882458     1.2317      7.395   306.0875 1.6382e+02     1.1433      0.355      0.515    13.8517 0.0000e+00
      0.361 -4.459e-23     6.4986     62.864     37.011  28.764681     1.3052      7.395   306.0770 1.6430e+02     1.2488      0.354      0.514    13.8530 0.0000e+00
      0.361 -4.054e-24     6.4902     62.766     36.774  28.571563     1.3431      7.397   306.1859 1.6214e+02     1.3185      0.354      0.514    13.8541 0.0000e+00
      0.361 -3.686e-25     6.4987     62.793     36.659  28.452541     1.3411      7.399   306.1988 1.5993e+02     1.3144      0.354      0.514    13.8555 0.0000e+00
      0.362 -3.351e-26     6.5652     63.351     36.654  28.405084     1.3169      7.400   306.1472 1.6033e+02     1.2298      0.355      0.515    13.8565 0.0000e+00
      0.362 -3.046e-27     6.7656     65.210     36.669  28.378725     1.2901      7.400   306.1647 1.6226e+02     1.1189      0.355      0.515    13.8586 0.0000e+00
      0.362 -2.769e-28     7.1580     68.943     36.711  28.387790     1.2831      7.399   306.2387 1.6371e+02     1.0722      0.355      0.515    13.8565 0.0000e+00
      0.362 -2.517e-29     7.7207     74.333     36.729  28.387669     1.2780      7.398   306.3522 1.6431e+02     1.0625      0.355      0.515    13.8129 0.0000e+00
      0.361 -2.289e-30     8.3724     80.592     36.724  28.377249     1.2647      7.397   306.5043 1.6405e+02     1.0630      0.354      0.514    13.7369 0.0000e+00
      0.361 -2.080e-31     9.0389     87.001     36.742  28.388794     1.2610      7.397   306.6151 1.6245e+02     1.0776      0.354      0.514    13.6839 0.0000e+00
      0.361 -1.891e-32     9.6595     92.974     36.757  28.400254     1.2705      7.396   306.6603 1.6054e+02     1.0871      0.354      0.514    13.6559 0.0000e+00
      0.361 -1.719e-33    10.1741     97.930     36.741  28.388803     1.2770      7.394   306.7066 1.6016e+02     1.0856      0.355      0.515    13.6389 0.0000e+00
      0.361 -1.563e-34    10.5441    101.495     36.725  28.377350     1.2762      7.391   306.7449 1.6213e+02     1.0898      0.354      0.514    13.6305 0.0000e+00
      0.361 -1.421e-35    10.7607    103.585     36.738  28.388780     1.2692      7.391   306.6927 1.6403e+02     1.1082      0.354      0.514    13.6274 0.0000e+00
      0.361 -1.292e-36    10.8407    104.356     36.752  28.400004     1.2661      7.391   306.5920 1.6340e+02     1.0946      0.354      0.514    13.6281 0.0000e+00
      0.362 -1.174e-37    10.8218    104.173     36.735  28.386056     1.2753      7.391   306.5603 1.6230e+02     1.0466      0.355      0.515    13.6295 0.0000e+00
      0.362 -1.068e-38    10.7505    103.483     36.685  28.347132     1.2795      7.391   306.5668 1.6294e+02     1.0168      0.355      0.515    13.6316 0.0000e+00
