Data/DataNotYetUploadedToEDI/Raw_CTD/RawDownloads/042318_fcr49(2).cnv
* Sea-Bird SBE19plus  Data File:
* FileName = C:\DATA\042318_fcr_0005.hex
* Software version 2.6.3.104 SB_Terminal.dll
* Temperature SN = 7809
* Conductivity SN = 7809
* System UpLoad Time = Apr 23 2018 14:26:16
* <ApplicationData>
* <Seaterm232>
# nquan = 15
# nvalues = 1254                        
# units = specified
# name 0 = depFM: Depth [fresh water, m]
# name 1 = dz/dtM: Descent Rate [m/s]
# name 2 = sbeox0Mg/L: Oxygen, SBE 43 [mg/l]
# name 3 = sbeox0PS: Oxygen, SBE 43 [% saturation]
# name 4 = specc: Specific Conductance [uS/cm]
# name 5 = c0uS/cm: Conductivity [uS/cm]
# name 6 = flECO-AFL: Fluorescence, WET Labs ECO-AFL/FL [mg/m^3]
# name 7 = ph: pH
# name 8 = orp: Oxidation Reduction Potential [mV]
# name 9 = par/sat/log: PAR/Logarithmic, Satlantic
# name 10 = turbWETntu0: Turbidity, WET Labs ECO [NTU]
# name 11 = prdM: Pressure, Strain Gauge [db]
# name 12 = prdE: Pressure, Strain Gauge [psi]
# name 13 = tv290C: Temperature [ITS-90, deg C]
# name 14 = flag:  0.000e+00
# span 0 =     -0.512,      9.650       
# span 1 =     -0.118,      0.217       
# span 2 =     6.3167,    10.6805       
# span 3 =     52.079,    102.859       
# span 4 =      3.975,     39.934       
# span 5 =   3.047877,  28.312103       
# span 6 =    -0.2042,     8.3041       
# span 7 =      6.495,      7.967       
# span 8 =   260.4515,  1222.9817       
# span 9 = 3.7375e-01, 9.4481e+02       
# span 10 =    -0.4496,     2.2800      
# span 11 =     -0.503,      9.464      
# span 12 =     -0.729,     13.727      
# span 13 =     7.0271,    13.6633      
# span 14 = 0.0000e+00, 0.0000e+00      
# interval = seconds: 0.25
# start_time = Apr 23 2018 17:01:58 [Instrument's time stamp, header]
# bad_flag = -9.990e-29
*END*
[from data line 386]
      0.001      0.000     9.6226     92.665     36.429  28.162872     0.6497      7.344   300.1406 7.6928e+02     1.0738      0.001      0.002    13.6530 0.0000e+00
      0.001 3.9180e-07     9.6307     92.741     36.431  28.163879     0.6437      7.344   300.2112 7.6828e+02     1.1065      0.001      0.002    13.6536 0.0000e+00
      0.001      0.000     9.6418     92.846     36.417  28.152166     0.6357      7.345   300.1612 7.6802e+02     1.0920      0.001      0.002    13.6533 0.0000e+00
      0.001      0.000     9.6555     92.977     36.412  28.148253     0.6443      7.345   299.9663 7.6771e+02     1.0503      0.001      0.002    13.6518 0.0000e+00
      0.001      0.001     9.6696     93.113     36.371  28.116565     0.6556      7.346   299.6615 7.6672e+02     1.0297      0.001      0.002    13.6506 0.0000e+00
      0.002      0.001     9.6775     93.188     36.333  28.086538     0.6536      7.346   299.5737 7.6707e+02     1.0562      0.002      0.003    13.6499 0.0000e+00
      0.002      0.001     9.6775     93.189     36.353  28.102701     0.6380      7.346   299.6788 7.6814e+02     1.0958      0.002      0.003    13.6492 0.0000e+00
      0.002      0.002     9.6730     93.147     36.377  28.121489     0.6142      7.345   299.9001 7.6834e+02     1.0811      0.002      0.003    13.6488 0.0000e+00
      0.002      0.002     9.6680     93.101     36.379  28.123198     0.5955      7.343   300.1846 7.6826e+02     1.0619      0.002      0.003    13.6488 0.0000e+00
      0.003      0.003     9.6635     93.059     36.378  28.123363     0.5951      7.343   300.1923 7.6801e+02     1.0782      0.003      0.004    13.6486 0.0000e+00
      0.004      0.003     9.6578     93.004     36.378  28.123491     0.6009      7.343   299.9078 7.6726e+02     1.0951      0.004      0.006    13.6489 0.0000e+00
      0.006      0.002     9.6535     92.959     36.381  28.124742     0.5924      7.343   299.7553 7.6635e+02     1.0825      0.005      0.008    13.6497 0.0000e+00
      0.007      0.002     9.6542     92.963     36.400  28.138483     0.5835      7.343   299.8113 7.6614e+02     1.0477      0.006      0.009    13.6505 0.0000e+00
      0.007      0.001     9.6589     93.007     36.432  28.162634     0.5846      7.343   299.8110 7.6689e+02     1.0411      0.007      0.010    13.6515 0.0000e+00
      0.006      0.001     9.6612     93.029     36.433  28.162747     0.5878      7.343   299.8378 7.6753e+02     1.0627      0.005      0.008    13.6514 0.0000e+00
      0.005      0.001     9.6561     92.979     36.403  28.139857     0.5856      7.343   300.1359 7.6698e+02     1.0655      0.004      0.006    13.6498 0.0000e+00
      0.006      0.000     9.6481     92.902     36.403  28.139867     0.5770      7.341   300.4893 7.6638e+02     1.0440      0.006      0.009    13.6484 0.0000e+00
      0.007 -1.794e-08     9.6433     92.856     36.433  28.162863     0.5748      7.338   300.6697 7.6631e+02     1.0473      0.007      0.011    13.6476 0.0000e+00
      0.007 -1.973e-07     9.6418     92.843     36.433  28.163905     0.5778      7.334   300.6826 7.6576e+02     1.0748      0.007      0.010    13.6471 0.0000e+00
      0.007      0.000     9.6417     92.844     36.418  28.152463     0.5759      7.332   300.5585 7.6578e+02     1.0710      0.007      0.010    13.6471 0.0000e+00
      0.006      0.000     9.6390     92.818     36.417  28.151526     0.5805      7.332   300.5456 7.6700e+02     1.0317      0.006      0.009    13.6471 0.0000e+00
      0.006     -0.001     9.6293     92.725     36.418  28.152575     0.5876      7.331   300.6983 7.6719e+02     1.0274      0.006      0.008    13.6475 0.0000e+00
      0.006     -0.001     9.6136     92.574     36.434  28.165138     0.5783      7.330   301.0291 7.6654e+02     1.0797      0.006      0.009    13.6481 0.0000e+00
      0.007      0.000     9.5954     92.399     36.449  28.176431     0.5691      7.329   301.5336 7.6635e+02     1.1150      0.007      0.010    13.6484 0.0000e+00
      0.007      0.002     9.5770     92.222     36.430  28.162118     0.5600      7.329   301.8083 7.6602e+02     1.0890      0.007      0.010    13.6489 0.0000e+00
      0.007      0.004     9.5622     92.079     36.374  28.119076     0.5317      7.326   301.8556 7.6597e+02     1.0392      0.005      0.008    13.6492 0.0000e+00
      0.007      0.005     9.5564     92.022     36.351  28.100517     0.5120      7.322   301.7612 7.6571e+02     1.0313      0.005      0.008    13.6494 0.0000e+00
      0.008      0.006     9.5638     92.091     36.388  28.128227     0.5147      7.319   301.5271 7.6482e+02     1.0550      0.008      0.012    13.6497 0.0000e+00
      0.011      0.008     9.5821     92.265     36.399  28.136615     0.5177      7.318   301.5202 7.6362e+02     1.0814      0.011      0.016    13.6498 0.0000e+00
      0.015      0.008     9.6061     92.495     36.402  28.138426     0.5119      7.318   301.7641 7.6245e+02     1.0754      0.015      0.022    13.6492 0.0000e+00
      0.017      0.007     9.6301     92.725     36.418  28.150127     0.5096      7.319   301.9805 7.6197e+02     1.0434      0.017      0.025    13.6483 0.0000e+00
      0.018      0.007     9.6469     92.888     36.419  28.151097     0.5171      7.320   301.9864 7.6239e+02     1.0614      0.017      0.024    13.6476 0.0000e+00
      0.019      0.007     9.6566     92.983     36.417  28.150144     0.5196      7.322   301.7484 7.6330e+02     1.0788      0.019      0.027    13.6468 0.0000e+00
      0.020      0.008     9.6632     93.048     36.401  28.138607     0.5586      7.324   301.4260 7.6360e+02     1.0408      0.020      0.029    13.6458 0.0000e+00
      0.021      0.011     9.6670     93.085     36.401  28.138607     0.6478      7.326   301.2721 7.6299e+02     1.0293      0.020      0.028    13.6453 0.0000e+00
      0.024      0.014     9.6679     93.094     36.416  28.150144     0.6974      7.326   301.3502 7.6125e+02     1.0613      0.023      0.032    13.6460 0.0000e+00
      0.030      0.016     9.6670     93.086     36.417  28.151098     0.6908      7.324   301.6825 7.5801e+02     1.0920      0.029      0.042    13.6469 0.0000e+00
      0.035      0.016     9.6658     93.074     36.415  28.150143     0.6684      7.322   302.1915 7.5481e+02     1.0953      0.034      0.049    13.6473 0.0000e+00
      0.040      0.015     9.6662     93.078     36.400  28.138597     0.6475      7.323   302.4281 7.5361e+02     1.0707      0.038      0.055    13.6477 0.0000e+00
      0.045      0.015     9.6701     93.115     36.400  28.138493     0.6396      7.324   302.3928 7.5331e+02     1.0693      0.044      0.064    13.6481 0.0000e+00
      0.048      0.014     9.6762     93.175     36.414  28.148884     0.6376      7.325   302.2806 7.5305e+02     1.0793      0.048      0.069    13.6482 0.0000e+00
      0.048      0.012     9.6833     93.243     36.399  28.137244     0.6237      7.325   302.0180 7.5227e+02     1.0693      0.047      0.067    13.6477 0.0000e+00
      0.050      0.010     9.6921     93.326     36.384  28.124753     0.5913      7.325   301.9712 7.5134e+02     1.0694      0.048      0.069    13.6475 0.0000e+00
      0.055      0.012     9.7007     93.406     36.385  28.124858     0.5673      7.325   302.3163 7.5295e+02     1.0812      0.054      0.078    13.6479 0.0000e+00
      0.059      0.018     9.7102     93.498     36.402  28.138503     0.5720      7.321   302.4916 7.6130e+02     1.0894      0.060      0.087    13.6486 0.0000e+00
      0.060      0.025     9.7243     93.636     36.433  28.162738     0.6030      7.317   302.3697 7.6557e+02     1.1073      0.060      0.087    13.6485 0.0000e+00
      0.060      0.029     9.7413     93.800     36.434  28.163883     0.6387      7.315   302.2191 7.3089e+02     1.0847      0.053      0.077    13.6467 0.0000e+00
      0.071      0.028     9.7564     93.944     36.420  28.152347     0.6453      7.315   302.0468 6.7031e+02     1.0302      0.064      0.094    13.6457 0.0000e+00
      0.091      0.024     9.7674     94.049     36.417  28.150257     0.6363      7.315   302.0075 6.3897e+02     1.0273      0.094      0.136    13.6464 0.0000e+00
      0.105      0.019     9.7750     94.121     36.402  28.138608     0.6402      7.316   302.1745 6.4386e+02     1.0496      0.108      0.157    13.6472 0.0000e+00
      0.105      0.014     9.7836     94.203     36.402  28.138505     0.6459      7.319   302.3460 6.5205e+02     1.0566      0.105      0.153    13.6474 0.0000e+00
      0.097      0.007     9.7937     94.300     36.416  28.149000     0.6417      7.320   302.4450 6.4635e+02     1.0504      0.094      0.137    13.6470 0.0000e+00
      0.092      0.000     9.8004     94.365     36.403  28.138503     0.6354      7.320   302.5112 6.4674e+02     1.0660      0.088      0.127    13.6465 0.0000e+00
      0.094     -0.003     9.8026     94.387     36.403  28.138597     0.6334      7.320   302.5439 6.5750e+02     1.0929      0.091      0.131    13.6459 0.0000e+00
      0.099     -0.003     9.8020     94.382     36.418  28.150142     0.6464      7.321   302.5819 6.5412e+02     1.0700      0.098      0.142    13.6456 0.0000e+00
      0.100     -0.003     9.8005     94.367     36.419  28.151089     0.6724      7.322   302.5416 6.4096e+02     1.0339      0.101      0.146    13.6454 0.0000e+00
      0.097     -0.003     9.7985     94.347     36.417  28.150039     0.6894      7.321   302.4869 6.3158e+02     1.0224      0.095      0.138    13.6453 0.0000e+00
      0.093     -0.004     9.7937     94.302     36.401  28.137453     0.6966      7.319   302.6942 6.2490e+02     1.0219      0.089      0.131    13.6454 0.0000e+00
      0.090     -0.005     9.7865     94.232     36.386  28.125908     0.6946      7.318   302.9828 6.2992e+02     1.0289      0.088      0.129    13.6454 0.0000e+00
      0.090     -0.004     9.7817     94.186     36.401  28.137453     0.6842      7.317   303.1377 6.3598e+02     1.0452      0.089      0.128    13.6456 0.0000e+00
      0.090     -0.001     9.7808     94.178     36.418  28.150038     0.6811      7.317   303.1907 6.4061e+02     1.0662      0.088      0.129    13.6457 0.0000e+00
      0.090      0.001     9.7811     94.180     36.419  28.151078     0.6843      7.318   303.1937 6.6074e+02     1.0697      0.089      0.128    13.6458 0.0000e+00
      0.091      0.002     9.7840     94.208     36.417  28.150026     0.6764      7.320   303.0014 6.7539e+02     1.0876      0.089      0.130    13.6457 0.0000e+00
      0.092      0.002     9.7917     94.283     36.401  28.137320     0.6593      7.322   302.5869 6.7525e+02     1.1294      0.090      0.131    13.6458 0.0000e+00
      0.092      0.003     9.8033     94.394     36.384  28.124451     0.6520      7.325   302.3984 6.6403e+02     1.1176      0.090      0.131    13.6460 0.0000e+00
      0.093      0.004     9.8151     94.508     36.380  28.121423     0.6530      7.326   302.6145 6.4391e+02     1.0674      0.091      0.132    13.6459 0.0000e+00
      0.094      0.004     9.8193     94.549     36.353  28.100709     0.6626      7.327   302.9630 6.2924e+02     1.0710      0.092      0.133    13.6457 0.0000e+00
      0.095      0.003     9.8151     94.508     36.307  28.064499     0.6763      7.328   303.0843 6.2373e+02     1.1003      0.093      0.135    13.6456 0.0000e+00
      0.097      0.003     9.8056     94.415     36.307  28.064611     0.6798      7.329   303.0483 6.3378e+02     1.0859      0.095      0.138    13.6458 0.0000e+00
      0.097      0.003     9.7911     94.275     36.356  28.102071     0.6872      7.331   302.8723 6.4973e+02     1.0496      0.096      0.139    13.6460 0.0000e+00
      0.097      0.003     9.7757     94.127     36.400  28.136422     0.7111      7.331   302.5905 6.5019e+02     1.0587      0.095      0.138    13.6462 0.0000e+00
      0.097      0.003     9.7622     93.996     36.434  28.162437     0.7384      7.331   302.5660 6.3890e+02     1.1037      0.095      0.138    13.6460 0.0000e+00
      0.097      0.002     9.7521     93.899     36.434  28.162618     0.7509      7.332   302.6629 6.3340e+02     1.1058      0.095      0.138    13.6456 0.0000e+00
      0.099      0.001     9.7496     93.875     36.404  28.138606     0.7528      7.334   302.8147 6.3293e+02     1.0841      0.096      0.140    13.6454 0.0000e+00
      0.101      0.001     9.7548     93.925     36.388  28.126117     0.7520      7.334   303.0253 6.3183e+02     1.0851      0.099      0.145    13.6450 0.0000e+00
      0.101      0.000     9.7620     93.995     36.404  28.138619     0.7509      7.334   302.8867 6.3379e+02     1.0872      0.100      0.144    13.6449 0.0000e+00
      0.099     -0.001     9.7690     94.062     36.435  28.162760     0.7479      7.333   302.5152 6.2968e+02     1.0802      0.097      0.139    13.6448 0.0000e+00
      0.099     -0.001     9.7775     94.145     36.436  28.164009     0.7430      7.332   302.4921 6.2512e+02     1.0610      0.096      0.141    13.6449 0.0000e+00
      0.098     -0.002     9.7854     94.221     36.422  28.153712     0.7470      7.332   302.7792 6.2709e+02     1.0379      0.097      0.141    13.6450 0.0000e+00
      0.098     -0.003     9.7877     94.243     36.437  28.165267     0.7595      7.331   303.1472 6.1426e+02     1.0450      0.095      0.138    13.6451 0.0000e+00
      0.098     -0.003     9.7839     94.207     36.452  28.176727     0.7657      7.328   303.5851 6.0936e+02     1.0553      0.096      0.139    13.6453 0.0000e+00
      0.098     -0.004     9.7778     94.150     36.437  28.165267     0.7580      7.325   303.9445 6.2372e+02     1.0408      0.096      0.140    13.6453 0.0000e+00
      0.096     -0.004     9.7705     94.080     36.421  28.153712     0.7487      7.323   303.9652 6.2306e+02     1.0519      0.095      0.138    13.6454 0.0000e+00
      0.093     -0.003     9.7635     94.013     36.434  28.164007     0.7356      7.320   303.7491 6.2573e+02     1.0689      0.091      0.133    13.6456 0.0000e+00
      0.092     -0.002     9.7587     93.967     36.433  28.162749     0.7105      7.317   303.6547 6.3502e+02     1.0624      0.088      0.129    13.6458 0.0000e+00
      0.092     -0.001     9.7562     93.944     36.402  28.138504     0.6930      7.315   303.5982 6.2989e+02     1.0642      0.089      0.128    13.6464 0.0000e+00
      0.093     -0.000     9.7574     93.955     36.384  28.124858     0.6890      7.314   303.5821 6.2699e+02     1.0608      0.091      0.133    13.6470 0.0000e+00
      0.094 4.1273e-08     9.7617     93.996     36.384  28.124753     0.6895      7.314   303.7178 6.3466e+02     1.0519      0.093      0.135    13.6473 0.0000e+00
      0.094 4.5400e-07     9.7679     94.056     36.400  28.137234     0.6903      7.314   303.6911 6.3533e+02     1.0478      0.092      0.134    13.6475 0.0000e+00
      0.093      0.000     9.7753     94.126     36.415  28.148769     0.6893      7.315   303.4314 6.2990e+02     1.0420      0.091      0.132    13.6474 0.0000e+00
      0.092      0.000     9.7832     94.202     36.400  28.137223     0.6866      7.317   303.3311 6.3153e+02     1.0426      0.091      0.132    13.6473 0.0000e+00
      0.092      0.001     9.7896     94.262     36.385  28.124638     0.6947      7.318   303.3381 6.3008e+02     1.0551      0.089      0.130    13.6474 0.0000e+00
      0.093      0.002     9.7944     94.307     36.384  28.123597     0.7227      7.318   303.2578 6.2294e+02     1.0713      0.091      0.132    13.6473 0.0000e+00
      0.094      0.003     9.7967     94.327     36.386  28.124639     0.7402      7.319   303.3070 6.2198e+02     1.0862      0.092      0.134    13.6468 0.0000e+00
      0.095      0.004     9.7932     94.293     36.403  28.137235     0.7411      7.320   303.4166 6.2593e+02     1.0820      0.092      0.134    13.6463 0.0000e+00
