Data/DataNotYetUploadedToEDI/Raw_CTD/RawDownloads/042318_fcr49(2).cnv
* Sea-Bird SBE19plus  Data File:
* FileName = C:\DATA\042318_fcr_0005.hex
* Software version 2.6.3.104 SB_Terminal.dll
* Temperature SN = 7809
* Conductivity SN = 7809
* System UpLoad Time = Apr 23 2018 14:26:16
* <ApplicationData>
* <Seaterm232>
# nquan = 15
# nvalues = 1254                        
# units = specified
# name 0 = depFM: Depth [fresh water, m]
# name 1 = dz/dtM: Descent Rate [m/s]
# name 2 = sbeox0Mg/L: Oxygen, SBE 43 [mg/l]
# name 3 = sbeox0PS: Oxygen, SBE 43 [% saturation]
# name 4 = specc: Specific Conductance [uS/cm]
# name 5 = c0uS/cm: Conductivity [uS/cm]
# name 6 = flECO-AFL: Fluorescence, WET Labs ECO-AFL/FL [mg/m^3]
# name 7 = ph: pH
# name 8 = orp: Oxidation Reduction Potential [mV]
# name 9 = par/sat/log: PAR/Logarithmic, Satlantic
# name 10 = turbWETntu0: Turbidity, WET Labs ECO [NTU]
# name 11 = prdM: Pressure, Strain Gauge [db]
# name 12 = prdE: Pressure, Strain Gauge [psi]
# name 13 = tv290C: Temperature [ITS-90, deg C]
# name 14 = flag:  0.000e+00
# span 0 =     -0.512,      9.650       
# span 1 =     -0.118,      0.217       
# span 2 =     6.3167,    10.6805       
# span 3 =     52.079,    102.859       
# span 4 =      3.975,     39.934       
# span 5 =   3.047877,  28.312103       
# span 6 =    -0.2042,     8.3041       
# span 7 =      6.495,      7.967       
# span 8 =   260.4515,  1222.9817       
# span 9 = 3.7375e-01, 9.4481e+02       
# span 10 =    -0.4496,     2.2800      
# span 11 =     -0.503,      9.464      
# span 12 =     -0.729,     13.727      
# span 13 =     7.0271,    13.6633      
# span 14 = 0.0000e+00, 0.0000e+00      
# interval = seconds: 0.25
# start_time = Apr 23 2018 17:01:58 [Instrument's time stamp, header]
# bad_flag = -9.990e-29
*END*
[from data line 868]
      3.919      0.063     9.6433     84.003     37.537  25.741311     5.2318      7.039   326.8032 2.6478e+01     1.4090      3.842      5.573     9.3217 0.0000e+00
      3.937      0.064     9.6414     83.951     37.568  25.749291     5.2111      7.037   326.9033 2.6170e+01     1.3521      3.861      5.600     9.3202 0.0000e+00
      3.954      0.067     9.6370     83.879     37.509  25.696666     5.2066      7.034   327.0801 2.5853e+01     1.3441      3.878      5.625     9.3144 0.0000e+00
      3.971      0.069     9.6330     83.810     37.499  25.676453     5.2048      7.031   327.3065 2.5522e+01     1.3422      3.894      5.648     9.3037 0.0000e+00
      3.988      0.070     9.6322     83.767     37.547  25.695378     5.1717      7.029   327.4025 2.5184e+01     1.3600      3.910      5.672     9.2858 0.0000e+00
      4.006      0.071     9.6342     83.749     37.531  25.671492     5.1279      7.027   327.4675 2.4820e+01     1.4365      3.928      5.697     9.2676 0.0000e+00
      4.025      0.072     9.6395     83.762     37.506  25.641600     5.1160      7.025   327.4893 2.4461e+01     1.5042      3.948      5.724     9.2515 0.0000e+00
      4.045      0.073     9.6460     83.788     37.536  25.651416     5.1210      7.023   327.4938 2.4143e+01     1.5386      3.967      5.753     9.2343 0.0000e+00
      4.064      0.075     9.6514     83.805     37.570  25.663183     5.1140      7.019   327.6091 2.3836e+01     1.5466      3.985      5.780     9.2154 0.0000e+00
      4.082      0.076     9.6570     83.818     37.581  25.656872     5.0772      7.016   327.9364 2.3531e+01     1.4794      4.003      5.806     9.1972 0.0000e+00
      4.100      0.076     9.6568     83.771     37.579  25.638592     5.0167      7.014   328.2672 2.3224e+01     1.3367      4.020      5.831     9.1814 0.0000e+00
      4.119      0.075     9.6489     83.659     37.594  25.632622     4.9890      7.013   328.3396 2.2858e+01     1.2554      4.039      5.858     9.1660 0.0000e+00
      4.141      0.073     9.6384     83.533     37.636  25.648165     4.9994      7.010   328.2959 2.2468e+01     1.2592      4.061      5.890     9.1524 0.0000e+00
      4.162      0.069     9.6230     83.376     37.631  25.636029     4.9950      7.008   328.1694 2.2146e+01     1.3217      4.084      5.923     9.1364 0.0000e+00
      4.180      0.064     9.6088     83.236     37.606  25.612869     4.9822      7.006   328.0135 2.1911e+01     1.4607      4.102      5.948     9.1111 0.0000e+00
      4.194      0.058     9.6017     83.160     37.628  25.622099     4.9917      7.004   327.9604 2.1727e+01     1.5361      4.113      5.966     9.0873 0.0000e+00
      4.206      0.053     9.5937     83.079     37.632  25.620641     5.0087      7.002   328.3016 2.1542e+01     1.5311      4.124      5.982     9.0704 0.0000e+00
      4.218      0.052     9.5819     82.965     37.602  25.595235     5.0131      7.001   328.9559 2.1373e+01     1.5539      4.137      6.000     9.0597 0.0000e+00
      4.229      0.055     9.5729     82.870     37.572  25.568892     5.0085      6.998   329.2460 2.1218e+01     1.5673      4.147      6.015     9.0528 0.0000e+00
      4.241      0.060     9.5649     82.775     37.567  25.556090     5.0076      6.994   329.1423 2.1033e+01     1.5411      4.158      6.030     9.0436 0.0000e+00
      4.256      0.064     9.5512     82.626     37.601  25.567427     5.0113      6.992   329.0785 2.0781e+01     1.5113      4.171      6.050     9.0378 0.0000e+00
      4.276      0.067     9.5343     82.452     37.634  25.578961     5.0077      6.991   329.0765 2.0455e+01     1.5119      4.191      6.078     9.0340 0.0000e+00
      4.298      0.067     9.5197     82.304     37.631  25.568551     5.0010      6.989   328.9461 2.0152e+01     1.5178      4.217      6.115     9.0255 0.0000e+00
      4.318      0.066     9.5066     82.170     37.642  25.568541     4.9945      6.989   329.1370 1.9942e+01     1.4917      4.236      6.144     9.0127 0.0000e+00
      4.332      0.063     9.4916     82.017     37.671  25.578828     4.9837      6.987   329.7502 1.9779e+01     1.4712      4.248      6.163     8.9953 0.0000e+00
      4.345      0.060     9.4746     81.845     37.666  25.565930     4.9808      6.985   329.9927 1.9602e+01     1.4831      4.260      6.179     8.9798 0.0000e+00
      4.358      0.058     9.4550     81.650     37.642  25.539580     4.9878      6.984   329.9179 1.9390e+01     1.5142      4.273      6.198     8.9709 0.0000e+00
      4.372      0.058     9.4298     81.406     37.620  25.514193     4.9857      6.983   329.7927 1.9156e+01     1.5107      4.287      6.218     8.9613 0.0000e+00
      4.388      0.059     9.3968     81.096     37.631  25.512933     4.9826      6.982   329.5109 1.8924e+01     1.4720      4.303      6.240     8.9485 0.0000e+00
      4.404      0.059     9.3571     80.737     37.657  25.524345     4.9958      6.983   329.2643 1.8714e+01     1.4731      4.320      6.265     8.9359 0.0000e+00
      4.420      0.058     9.3158     80.369     37.665  25.525176     5.0446      6.983   329.3925 1.8527e+01     1.4328      4.336      6.289     8.9228 0.0000e+00
      4.434      0.057     9.2795     80.042     37.670  25.522972     5.1221      6.983   329.8557 1.8367e+01     1.3195      4.350      6.309     8.9077 0.0000e+00
      4.448      0.057     9.2490     79.759     37.645  25.497689     5.1606      6.983   330.0474 1.8210e+01     1.2632      4.363      6.327     8.8950 0.0000e+00
      4.461      0.057     9.2199     79.488     37.620  25.473448     5.1701      6.982   329.9031 1.8036e+01     1.2706      4.374      6.344     8.8867 0.0000e+00
      4.475      0.058     9.1934     79.243     37.646  25.483838     5.2554      6.982   329.7462 1.7841e+01     1.2879      4.387      6.364     8.8821 0.0000e+00
      4.491      0.060     9.1731     79.048     37.676  25.496328     5.4012      6.982   329.5271 1.7634e+01     1.2889      4.404      6.388     8.8773 0.0000e+00
      4.508      0.063     9.1572     78.893     37.688  25.497463     5.4814      6.981   329.3179 1.7427e+01     1.2823      4.421      6.412     8.8639 0.0000e+00
      4.524      0.066     9.1411     78.740     37.697  25.497557     5.4989      6.981   329.3677 1.7202e+01     1.2691      4.437      6.435     8.8532 0.0000e+00
      4.541      0.070     9.1240     78.572     37.708  25.497454     5.5759      6.981   329.5278 1.6977e+01     1.2521      4.453      6.457     8.8464 0.0000e+00
      4.557      0.072     9.1100     78.425     37.722  25.496206     5.7146      6.981   329.5324 1.6763e+01     1.2600      4.468      6.480     8.8341 0.0000e+00
      4.575      0.072     9.0978     78.298     37.714  25.482456     5.7975      6.980   329.5957 1.6518e+01     1.2726      4.486      6.506     8.8236 0.0000e+00
      4.597      0.071     9.0853     78.177     37.687  25.458194     5.8153      6.978   329.7765 1.6248e+01     1.2822      4.507      6.537     8.8187 0.0000e+00
      4.619      0.069     9.0735     78.058     37.695  25.456822     5.7743      6.977   329.8258 1.6017e+01     1.2851      4.531      6.572     8.8097 0.0000e+00
      4.637      0.066     9.0600     77.921     37.720  25.465847     5.6776      6.976   329.7620 1.5866e+01     1.2456      4.549      6.598     8.7906 0.0000e+00
      4.650      0.062     9.0465     77.778     37.699  25.440326     5.6200      6.974   329.6928 1.5764e+01     1.2016      4.561      6.615     8.7793 0.0000e+00
      4.663      0.059     9.0366     77.646     37.671  25.402213     5.6110      6.973   329.7633 1.5649e+01     1.2111      4.573      6.632     8.7745 0.0000e+00
      4.676      0.058     9.0292     77.507     37.692  25.385970     5.5685      6.971   329.9267 1.5498e+01     1.2995      4.586      6.650     8.7659 0.0000e+00
      4.690      0.060     9.0215     77.356     37.721  25.370881     5.4834      6.969   329.9472 1.5321e+01     1.4463      4.599      6.670     8.7545 0.0000e+00
      4.706      0.063     9.0102     77.187     37.727  25.346726     5.4275      6.966   329.9260 1.5129e+01     1.5214      4.614      6.693     8.7424 0.0000e+00
      4.723      0.065     8.9941     77.000     37.759  25.347852     5.4169      6.964   330.0996 1.4930e+01     1.5057      4.632      6.718     8.7218 0.0000e+00
      4.741      0.066     8.9775     76.828     37.832  25.384470     5.4199      6.962   330.4123 1.4747e+01     1.5012      4.649      6.744     8.6758 0.0000e+00
      4.759      0.066     8.9639     76.694     37.878  25.408503     5.4264      6.958   330.4371 1.4582e+01     1.5282      4.667      6.771     8.6242 0.0000e+00
      4.775      0.066     8.9502     76.565     37.848  25.384459     5.4311      6.952   330.3131 1.4417e+01     1.5566      4.684      6.793     8.5862 0.0000e+00
      4.791      0.066     8.9334     76.407     37.802  25.347729     5.4306      6.947   330.5476 1.4247e+01     1.5389      4.698      6.814     8.5594 0.0000e+00
      4.807      0.066     8.9182     76.258     37.811  25.345346     5.4302      6.942   330.8632 1.4070e+01     1.4970      4.714      6.837     8.5455 0.0000e+00
      4.824      0.065     8.9066     76.142     37.837  25.355642     5.4637      6.940   331.0327 1.3875e+01     1.5083      4.730      6.860     8.5366 0.0000e+00
      4.843      0.064     8.8933     76.013     37.831  25.345232     5.5313      6.938   331.2192 1.3676e+01     1.5231      4.749      6.888     8.5321 0.0000e+00
      4.860      0.062     8.8773     75.860     37.843  25.346462     5.5681      6.935   331.3115 1.3514e+01     1.4923      4.768      6.916     8.5266 0.0000e+00
      4.875      0.061     8.8598     75.688     37.893  25.370495     5.5678      6.930   331.1163 1.3389e+01     1.4719      4.781      6.935     8.5121 0.0000e+00
      4.889      0.059     8.8444     75.527     37.927  25.381832     5.5645      6.927   330.8386 1.3277e+01     1.4897      4.795      6.953     8.5030 0.0000e+00
      4.902      0.057     8.8330     75.402     37.907  25.356532     5.5650      6.926   330.8788 1.3158e+01     1.5547      4.807      6.972     8.4971 0.0000e+00
      4.917      0.055     8.8214     75.280     37.864  25.318561     5.5650      6.924   331.2579 1.3017e+01     1.5868      4.821      6.993     8.4879 0.0000e+00
      4.932      0.054     8.8079     75.146     37.854  25.303668     5.5549      6.921   331.6359 1.2868e+01     1.5431      4.837      7.016     8.4764 0.0000e+00
      4.947      0.054     8.7969     75.036     37.864  25.303450     5.5345      6.917   331.8358 1.2731e+01     1.5151      4.851      7.036     8.4592 0.0000e+00
      4.961      0.054     8.7896     74.960     37.891  25.315910     5.5118      6.915   331.8680 1.2613e+01     1.5219      4.865      7.056     8.4419 0.0000e+00
      4.973      0.055     8.7803     74.868     37.915  25.327339     5.5018      6.913   331.5093 1.2507e+01     1.5335      4.877      7.072     8.4310 0.0000e+00
      4.985      0.056     8.7676     74.748     37.904  25.314640     5.4956      6.908   331.0272 1.2373e+01     1.5342      4.887      7.090     8.4207 0.0000e+00
      5.000      0.057     8.7534     74.611     37.877  25.289349     5.4830      6.905   330.9426 1.2225e+01     1.5307      4.903      7.113     8.4113 0.0000e+00
      5.015      0.059     8.7382     74.462     37.868  25.275505     5.5145      6.904   331.0889 1.2101e+01     1.5822      4.918      7.132     8.4040 0.0000e+00
      5.031      0.059     8.7243     74.326     37.877  25.274237     5.5921      6.903   331.3338 1.1966e+01     1.6686      4.933      7.155     8.3972 0.0000e+00
      5.048      0.058     8.7113     74.201     37.886  25.274005     5.6306      6.902   331.5807 1.1811e+01     1.6901      4.951      7.181     8.3920 0.0000e+00
      5.063      0.055     8.6981     74.076     37.891  25.272694     5.6209      6.900   331.6648 1.1679e+01     1.6898      4.966      7.202     8.3820 0.0000e+00
      5.076      0.052     8.6884     73.984     37.875  25.258382     5.6223      6.900   331.3187 1.1563e+01     1.6652      4.979      7.221     8.3710 0.0000e+00
      5.088      0.048     8.6815     73.917     37.835  25.227948     5.6475      6.900   330.6643 1.1471e+01     1.5760      4.990      7.238     8.3617 0.0000e+00
      5.100      0.045     8.6745     73.850     37.832  25.222176     5.6679      6.899   330.4633 1.1397e+01     1.5264      5.001      7.255     8.3530 0.0000e+00
      5.111      0.043     8.6679     73.786     37.881  25.252086     5.6759      6.899   330.6096 1.1306e+01     1.5233      5.012      7.270     8.3464 0.0000e+00
      5.120      0.042     8.6605     73.715     37.916  25.272121     5.7082      6.899   330.7981 1.1213e+01     1.5691      5.021      7.283     8.3414 0.0000e+00
      5.130      0.042     8.6565     73.673     37.924  25.273928     5.7727      6.899   331.0217 1.1118e+01     1.6828      5.031      7.297     8.3374 0.0000e+00
      5.141      0.043     8.6580     73.678     37.929  25.273938     5.8134      6.896   331.0762 1.1020e+01     1.7383      5.042      7.313     8.3322 0.0000e+00
      5.153      0.045     8.6567     73.658     37.933  25.272235     5.8238      6.896   330.9421 1.0927e+01     1.7216      5.053      7.329     8.3284 0.0000e+00
      5.164      0.048     8.6534     73.623     37.909  25.253331     5.8335      6.896   330.6902 1.0827e+01     1.6637      5.064      7.344     8.3253 0.0000e+00
      5.176      0.051     8.6523     73.610     37.884  25.235843     5.8481      6.896   330.5249 1.0724e+01     1.5872      5.076      7.361     8.3203 0.0000e+00
      5.189      0.055     8.6506     73.593     37.909  25.251271     5.8715      6.894   330.6646 1.0613e+01     1.5601      5.089      7.380     8.3150 0.0000e+00
      5.203      0.058     8.6489     73.574     37.909  25.249388     5.8869      6.891   331.0893 1.0493e+01     1.5193      5.102      7.399     8.3096 0.0000e+00
      5.219      0.060     8.6504     73.584     37.856  25.213078     5.8959      6.889   331.5294 1.0365e+01     1.4903      5.117      7.421     8.3053 0.0000e+00
      5.236      0.061     8.6519     73.593     37.828  25.193198     5.9164      6.886   331.8568 1.0224e+01     1.5146      5.135      7.447     8.3035 0.0000e+00
      5.253      0.060     8.6521     73.592     37.840  25.199493     5.9322      6.882   331.9499 1.0100e+01     1.5386      5.153      7.474     8.3029 0.0000e+00
      5.269      0.057     8.6595     73.652     37.881  25.225702     5.9310      6.880   331.7945 1.0001e+01     1.5671      5.167      7.495     8.3010 0.0000e+00
      5.283      0.052     8.6752     73.784     37.928  25.256121     5.9293      6.877   331.6990 9.9095e+00     1.5538      5.181      7.515     8.2986 0.0000e+00
      5.295      0.048     8.6935     73.938     37.920  25.249815     5.9480      6.875   331.6555 9.8239e+00     1.5006      5.193      7.532     8.2970 0.0000e+00
      5.306      0.044     8.7125     74.099     37.865  25.212945     5.9827      6.874   331.6129 9.7463e+00     1.5035      5.203      7.546     8.2954 0.0000e+00
      5.316      0.040     8.7364     74.302     37.833  25.191287     6.0089      6.874   331.7865 9.6813e+00     1.5270      5.213      7.561     8.2940 0.0000e+00
      5.326      0.038     8.7676     74.566     37.814  25.178428     6.0170      6.874   332.1198 9.6253e+00     1.5113      5.223      7.575     8.2927 0.0000e+00
      5.336      0.036     8.8009     74.846     37.824  25.184450     6.0529      6.874   332.2000 9.5695e+00     1.4954      5.233      7.590     8.2919 0.0000e+00
      5.345      0.035     8.8359     75.141     37.850  25.200612     6.1298      6.875   331.8958 9.5050e+00     1.4869      5.242      7.603     8.2914 0.0000e+00
