Data/DataNotYetUploadedToEDI/Raw_CTD/RawDownloads/042318_fcr50(2).cnv
* Sea-Bird SBE19plus  Data File:
* FileName = C:\DATA\042318_fcr_0006.hex
* Software version 2.6.3.104 SB_Terminal.dll
* Temperature SN = 7809
* Conductivity SN = 7809
* System UpLoad Time = Apr 23 2018 14:26:40
* <ApplicationData>
* <Seaterm232>
# nquan = 15
# nvalues = 770                         
# units = specified
# name 0 = depFM: Depth [fresh water, m]
# name 1 = dz/dtM: Descent Rate [m/s]
# name 2 = sbeox0Mg/L: Oxygen, SBE 43 [mg/l]
# name 3 = sbeox0PS: Oxygen, SBE 43 [% saturation]
# name 4 = specc: Specific Conductance [uS/cm]
# name 5 = c0uS/cm: Conductivity [uS/cm]
# name 6 = flECO-AFL: Fluorescence, WET Labs ECO-AFL/FL [mg/m^3]
# name 7 = ph: pH
# name 8 = orp: Oxidation Reduction Potential [mV]
# name 9 = par/sat/log: PAR/Logarithmic, Satlantic
# name 10 = turbWETntu0: Turbidity, WET Labs ECO [NTU]
# name 11 = prdM: Pressure, Strain Gauge [db]
# name 12 = prdE: Pressure, Strain Gauge [psi]
# name 13 = tv290C: Temperature [ITS-90, deg C]
# name 14 = flag:  0.000e+00
# span 0 =     -0.513,      9.790       
# span 1 =     -0.157,      0.264       
# span 2 =     6.4902,    10.8407       
# span 3 =     53.803,    104.356       
# span 4 =      0.536,     40.470       
# span 5 =   0.429838,  28.918265       
# span 6 =    -0.2158,     7.3773       
# span 7 =     -2.821,      7.821       
# span 8 = -1240.7455,   399.6452       
# span 9 = 1.6101e-01, 3.3078e+02       
# span 10 =    -0.3007,    19.6787      
# span 11 =     -0.503,      9.601      
# span 12 =     -0.730,     13.925      
# span 13 =     7.0886,    15.1696      
# span 14 = 0.0000e+00, 0.0000e+00      
# interval = seconds: 0.25
# start_time = Apr 23 2018 18:07:14 [Instrument's time stamp, header]
# bad_flag = -9.990e-29
*END*
[from data line 386]
      1.311      0.075     9.9750     95.187     36.314  27.775304     1.6747      7.372   307.4272 9.5882e+01     1.1166      1.285      1.863    13.4102 0.0000e+00
      1.335      0.073     9.9995     95.319     36.341  27.761554     1.6540      7.364   308.0697 9.5066e+01     1.1306      1.309      1.899    13.3842 0.0000e+00
      1.359      0.067    10.0225     95.472     36.369  27.760167     1.6438      7.357   308.4482 9.4203e+01     1.0719      1.335      1.936    13.3443 0.0000e+00
      1.378      0.057    10.0365     95.588     36.375  27.758502     1.6704      7.355   308.3895 9.3638e+01     1.0173      1.355      1.966    13.2930 0.0000e+00
      1.390      0.050    10.0445     95.660     36.355  27.741414     1.7098      7.358   308.1354 9.3537e+01     1.0191      1.365      1.980    13.2403 0.0000e+00
      1.395      0.045    10.0508     95.682     36.291  27.680566     1.7247      7.362   308.0424 9.3591e+01     1.0639      1.369      1.985    13.1862 0.0000e+00
      1.398      0.044    10.0524     95.605     36.218  27.594276     1.7306      7.365   307.9533 9.3181e+01     1.0703      1.369      1.986    13.1502 0.0000e+00
      1.407      0.047    10.0479     95.435     36.183  27.523532     1.7175      7.369   307.8321 9.1867e+01     1.0656      1.376      1.996    13.1514 0.0000e+00
      1.423      0.052    10.0386     95.230     36.152  27.460145     1.6860      7.372   307.9542 9.0230e+01     1.0681      1.396      2.024    13.1572 0.0000e+00
      1.443      0.057    10.0252     95.017     36.111  27.399301     1.6801      7.372   308.1382 8.8934e+01     1.0398      1.417      2.055    13.1433 0.0000e+00
      1.459      0.059    10.0133     94.818     36.097  27.359321     1.6830      7.368   308.0786 8.7917e+01     1.0282      1.432      2.077    13.0986 0.0000e+00
      1.473      0.056    10.0064     94.664     36.134  27.357708     1.6653      7.363   307.8355 8.6806e+01     1.0492      1.443      2.093    13.0277 0.0000e+00
      1.487      0.049    10.0051     94.595     36.189  27.379773     1.6686      7.360   307.6089 8.5413e+01     1.0810      1.458      2.115    12.9670 0.0000e+00
      1.502      0.043    10.0127     94.647     36.188  27.372090     1.7045      7.362   307.4894 8.4206e+01     1.0773      1.476      2.141    12.9372 0.0000e+00
      1.512      0.042    10.0315     94.798     36.141  27.328303     1.7223      7.366   307.5084 8.3531e+01     1.0658      1.487      2.155    12.8980 0.0000e+00
      1.516      0.045    10.0602     94.993     36.131  27.294823     1.7188      7.366   307.5807 8.2984e+01     1.0940      1.488      2.157    12.8446 0.0000e+00
      1.520      0.048    10.0913     95.171     36.170  27.284753     1.6988      7.365   307.5892 8.1870e+01     1.1433      1.487      2.158    12.8186 0.0000e+00
      1.534      0.052    10.1190     95.325     36.199  27.269993     1.6742      7.364   307.5252 8.0062e+01     1.2048      1.500      2.175    12.8166 0.0000e+00
      1.555      0.057    10.1406     95.453     36.197  27.243314     1.6690      7.362   307.3235 7.8322e+01     1.2569      1.527      2.215    12.8156 0.0000e+00
      1.575      0.060    10.1519     95.515     36.181  27.216146     1.6639      7.362   307.0434 7.7169e+01     1.2858      1.548      2.246    12.7770 0.0000e+00
      1.590      0.060    10.1568     95.530     36.167  27.195489     1.6765      7.363   307.1498 7.6156e+01     1.2494      1.558      2.260    12.7106 0.0000e+00
      1.604      0.056    10.1578     95.499     36.169  27.184031     1.7109      7.366   307.4911 7.5094e+01     1.1527      1.574      2.282    12.6580 0.0000e+00
      1.619      0.053    10.1518     95.389     36.136  27.141096     1.7309      7.371   307.5562 7.4426e+01     1.0926      1.591      2.306    12.6234 0.0000e+00
      1.629      0.054    10.1423     95.234     36.055  27.057325     1.7344      7.375   307.5929 7.3953e+01     1.1017      1.597      2.317    12.6062 0.0000e+00
      1.639      0.059    10.1349     95.082     36.011  26.996603     1.7435      7.375   307.5054 7.3254e+01     1.1108      1.605      2.329    12.5960 0.0000e+00
      1.653      0.066    10.1294     94.925     36.033  26.978355     1.7672      7.375   307.1001 7.2331e+01     1.0805      1.620      2.350    12.5781 0.0000e+00
      1.671      0.071    10.1247     94.765     36.066  26.963641     1.7819      7.376   306.8230 7.1210e+01     1.0709      1.636      2.373    12.5522 0.0000e+00
      1.694      0.075    10.1228     94.640     36.091  26.945653     1.8022      7.376   307.4236 7.0000e+01     1.0869      1.659      2.407    12.5221 0.0000e+00
      1.719      0.076    10.1242     94.566     36.138  26.951311     1.9297      7.375   308.5970 6.8942e+01     1.0909      1.687      2.446    12.4854 0.0000e+00
      1.740      0.072    10.1300     94.562     36.187  26.968525     2.1381      7.371   309.0514 6.8115e+01     1.0876      1.709      2.478    12.4344 0.0000e+00
      1.757      0.064    10.1407     94.635     36.192  26.963263     2.2363      7.366   308.5302 6.7461e+01     1.0776      1.724      2.500    12.3763 0.0000e+00
      1.771      0.053    10.1540     94.751     36.180  26.951177     2.2350      7.363   307.6290 6.6901e+01     1.0624      1.736      2.518    12.3250 0.0000e+00
      1.785      0.044    10.1693     94.886     36.181  26.949387     2.2417      7.363   307.2759 6.6529e+01     1.0256      1.751      2.540    12.2818 0.0000e+00
      1.795      0.040    10.1843     95.014     36.176  26.941627     2.2167      7.365   308.0460 6.6558e+01     1.0296      1.763      2.557    12.2535 0.0000e+00
      1.799      0.044    10.1949     95.089     36.159  26.920838     2.1532      7.367   309.1970 6.6824e+01     1.1406      1.765      2.560    12.2440 0.0000e+00
      1.801      0.053    10.1985     95.084     36.132  26.888513     2.1263      7.367   309.6629 6.6851e+01     1.2697      1.764      2.559    12.2438 0.0000e+00
      1.811      0.063    10.1935     94.987     36.128  26.868250     2.1390      7.366   309.6355 6.6252e+01     1.3394      1.771      2.568    12.2410 0.0000e+00
      1.834      0.073    10.1835     94.836     36.151  26.866311     2.2244      7.365   309.4684 6.5073e+01     1.3419      1.795      2.603    12.2357 0.0000e+00
      1.864      0.080    10.1725     94.684     36.172  26.865042     2.3857      7.362   309.0189 6.3829e+01     1.3004      1.829      2.653    12.2258 0.0000e+00
      1.893      0.082    10.1599     94.526     36.175  26.852902     2.4813      7.357   308.5879 6.3017e+01     1.2946      1.859      2.697    12.2076 0.0000e+00
      1.914      0.075    10.1492     94.388     36.183  26.846499     2.4987      7.353   308.8184 6.2564e+01     1.3029      1.879      2.726    12.1834 0.0000e+00
      1.929      0.062    10.1436     94.313     36.200  26.851107     2.5042      7.352   309.4822 6.2084e+01     1.2787      1.892      2.744    12.1525 0.0000e+00
      1.944      0.048    10.1424     94.306     36.190  26.845113     2.5027      7.353   309.7306 6.1669e+01     1.2763      1.907      2.766    12.1299 0.0000e+00
      1.954      0.038    10.1473     94.365     36.174  26.837527     2.4986      7.356   309.5850 6.1534e+01     1.2742      1.919      2.783    12.1134 0.0000e+00
      1.959      0.034    10.1556     94.436     36.157  26.822887     2.5001      7.359   309.4415 6.1480e+01     1.2537      1.922      2.787    12.0929 0.0000e+00
      1.962      0.038    10.1634     94.484     36.130  26.795085     2.5023      7.360   309.2867 6.1240e+01     1.2414      1.923      2.789    12.0787 0.0000e+00
      1.968      0.046    10.1700     94.513     36.092  26.755351     2.4977      7.360   309.0051 6.0735e+01     1.2484      1.928      2.796    12.0835 0.0000e+00
      1.978      0.058    10.1746     94.505     36.072  26.723436     2.4902      7.358   308.9611 5.9982e+01     1.2763      1.938      2.811    12.0994 0.0000e+00
      1.997      0.072    10.1799     94.481     36.109  26.726669     2.4860      7.355   309.3574 5.8899e+01     1.3038      1.955      2.836    12.0929 0.0000e+00
      2.022      0.084    10.1874     94.467     36.152  26.730912     2.5103      7.353   309.7520 5.7603e+01     1.3072      1.983      2.876    12.0783 0.0000e+00
      2.049      0.090    10.1919     94.428     36.162  26.711216     2.5453      7.351   309.8614 5.6338e+01     1.2863      2.010      2.915    12.0672 0.0000e+00
      2.075      0.090    10.1927     94.365     36.151  26.678976     2.5508      7.346   309.8193 5.5127e+01     1.2656      2.034      2.950    12.0433 0.0000e+00
      2.100      0.082    10.1929     94.308     36.150  26.658563     2.5493      7.342   309.6734 5.3981e+01     1.2698      2.060      2.988    12.0080 0.0000e+00
      2.123      0.072    10.1905     94.251     36.161  26.654865     2.5550      7.340   309.5597 5.3025e+01     1.2753      2.083      3.021    11.9648 0.0000e+00
      2.141      0.065    10.1850     94.184     36.140  26.634255     2.5732      7.339   309.7360 5.2412e+01     1.2103      2.101      3.048    11.9274 0.0000e+00
      2.151      0.066    10.1802     94.097     36.113  26.599852     2.6048      7.338   309.9117 5.2141e+01     1.1248      2.112      3.063    11.8955 0.0000e+00
      2.157      0.071    10.1755     93.953     36.100  26.556363     2.6243      7.337   309.8766 5.1876e+01     1.0661      2.114      3.066    11.8648 0.0000e+00
      2.168      0.080    10.1678     93.753     36.068  26.489365     2.6521      7.335   309.9140 5.1096e+01     1.0505      2.118      3.072    11.8476 0.0000e+00
      2.193      0.093    10.1579     93.537     36.037  26.424695     2.8591      7.330   310.1056 4.9809e+01     1.1800      2.145      3.111    11.8506 0.0000e+00
      2.229      0.107    10.1460     93.308     36.072  26.409357     3.2335      7.325   310.2145 4.8649e+01     1.3802      2.189      3.174    11.8379 0.0000e+00
      2.261      0.115    10.1308     93.058     36.152  26.430865     3.4478      7.319   310.1987 4.7766e+01     1.4870      2.218      3.217    11.7832 0.0000e+00
      2.290      0.111    10.1142     92.819     36.191  26.430722     3.4834      7.314   310.2589 4.6670e+01     1.4955      2.242      3.252    11.7158 0.0000e+00
      2.323      0.099    10.1002     92.641     36.183  26.407594     3.5992      7.311   310.3401 4.5436e+01     1.4823      2.279      3.305    11.6597 0.0000e+00
      2.354      0.087    10.0918     92.540     36.192  26.405189     3.8007      7.311   310.4060 4.4647e+01     1.4802      2.314      3.356    11.6045 0.0000e+00
      2.372      0.082    10.0888     92.491     36.197  26.401636     3.9072      7.312   310.5400 4.4380e+01     1.4701      2.331      3.380    11.5476 0.0000e+00
      2.379      0.087    10.0914     92.463     36.170  26.364634     3.9122      7.311   310.6687 4.4244e+01     1.4525      2.333      3.383    11.5057 0.0000e+00
      2.388      0.096    10.0986     92.427     36.182  26.338752     3.8803      7.311   310.6722 4.3770e+01     1.4502      2.336      3.388    11.4838 0.0000e+00
      2.410      0.108    10.1051     92.359     36.247  26.342640     3.8244      7.311   310.7538 4.2662e+01     1.5028      2.356      3.417    11.4767 0.0000e+00
      2.449      0.119    10.1073     92.275     36.303  26.348094     3.7965      7.308   310.9676 4.1130e+01     1.5397      2.398      3.478    11.4719 0.0000e+00
      2.496      0.124    10.1049     92.192     36.322  26.341159     3.7823      7.305   310.9340 3.9744e+01     1.5002      2.451      3.555    11.4538 0.0000e+00
      2.536      0.123    10.0995     92.113     36.310  26.322267     3.7267      7.305   310.8635 3.8769e+01     1.4824      2.492      3.615    11.4012 0.0000e+00
      2.566      0.115    10.0955     92.062     36.300  26.310145     3.6568      7.305   310.8892 3.8097e+01     1.5075      2.519      3.654    11.3293 0.0000e+00
      2.588      0.106    10.0932     92.035     36.319  26.321585     3.6175      7.304   310.8150 3.7655e+01     1.4982      2.541      3.686    11.2780 0.0000e+00
      2.605      0.100    10.0901     92.002     36.337  26.333592     3.6003      7.301   310.8275 3.7230e+01     1.4614      2.554      3.704    11.2524 0.0000e+00
      2.623      0.099    10.0873     91.965     36.336  26.328325     3.5967      7.299   311.2112 3.6528e+01     1.4601      2.568      3.724    11.2415 0.0000e+00
      2.651      0.101    10.0855     91.925     36.337  26.321388     3.5824      7.297   311.7546 3.5569e+01     1.4820      2.597      3.767    11.2359 0.0000e+00
      2.685      0.104    10.0826     91.869     36.340  26.313201     3.5470      7.296   311.8910 3.4610e+01     1.5124      2.633      3.819    11.2330 0.0000e+00
      2.717      0.108    10.0773     91.786     36.329  26.292830     3.5276      7.294   311.8281 3.3855e+01     1.5222      2.667      3.869    11.2331 0.0000e+00
      2.743      0.112    10.0705     91.681     36.312  26.265546     3.5307      7.290   312.0268 3.3313e+01     1.4790      2.692      3.905    11.2288 0.0000e+00
      2.765      0.115    10.0659     91.583     36.299  26.237276     3.5390      7.285   312.2285 3.2744e+01     1.4480      2.709      3.930    11.2156 0.0000e+00
      2.790      0.118    10.0649     91.493     36.293  26.204984     3.5452      7.281   312.1161 3.2005e+01     1.4522      2.735      3.966    11.2012 0.0000e+00
      2.821      0.122    10.0634     91.377     36.325  26.192553     3.5414      7.279   312.0441 3.1155e+01     1.4685      2.765      4.010    11.1864 0.0000e+00
      2.856      0.122    10.0608     91.257     36.400  26.213917     3.5295      7.277   312.1326 3.0220e+01     1.4930      2.799      4.060    11.1655 0.0000e+00
      2.896      0.118    10.0592     91.176     36.425  26.209282     3.4937      7.273   312.0671 2.9344e+01     1.5037      2.841      4.121    11.1420 0.0000e+00
      2.931      0.109    10.0583     91.131     36.430  26.199981     3.4391      7.272   312.0271 2.8691e+01     1.5067      2.878      4.174    11.1052 0.0000e+00
      2.957      0.099    10.0596     91.126     36.477  26.228440     3.4119      7.270   312.0796 2.8259e+01     1.4987      2.903      4.210    11.0491 0.0000e+00
      2.976      0.092    10.0647     91.163     36.492  26.235891     3.4029      7.268   312.0987 2.7944e+01     1.4680      2.920      4.235    10.9994 0.0000e+00
      2.990      0.089    10.0702     91.208     36.482  26.226573     3.3948      7.266   312.1720 2.7604e+01     1.4713      2.931      4.252    10.9689 0.0000e+00
      3.005      0.090    10.0754     91.251     36.507  26.242768     3.3972      7.262   312.1917 2.7130e+01     1.5378      2.944      4.270    10.9533 0.0000e+00
      3.030      0.093    10.0835     91.317     36.508  26.241208     3.4041      7.259   311.9923 2.6509e+01     1.6014      2.969      4.304    10.9479 0.0000e+00
      3.061      0.096    10.0915     91.373     36.468  26.207712     3.4144      7.257   311.7406 2.5839e+01     1.5995      3.002      4.353    10.9446 0.0000e+00
      3.093      0.096    10.0961     91.388     36.496  26.218732     3.4200      7.256   311.6431 2.5269e+01     1.5451      3.035      4.402    10.9416 0.0000e+00
      3.119      0.091    10.0958     91.355     36.551  26.247456     3.4161      7.256   311.7604 2.4844e+01     1.5231      3.061      4.439    10.9402 0.0000e+00
      3.140      0.086    10.0962     91.329     36.551  26.237525     3.4139      7.256   312.2122 2.4506e+01     1.5477      3.080      4.467    10.9382 0.0000e+00
      3.157      0.085    10.1008     91.339     36.551  26.225630     3.4110      7.253   312.7184 2.4242e+01     1.5377      3.098      4.493    10.9313 0.0000e+00
