Data/DataNotYetUploadedToEDI/Raw_CTD/RawDownloads/042318_fcr49.cnv
* Sea-Bird SBE19plus  Data File:
* FileName = C:\DATA\042318_fcr_0004.hex
* Software version 2.6.3.104 SB_Terminal.dll
* Temperature SN = 7809
* Conductivity SN = 7809
* System UpLoad Time = Apr 23 2018 14:25:38
* <ApplicationData>
* <Seaterm232>
# nquan = 15
# nvalues = 1021                        
# units = specified
# name 0 = depFM: Depth [fresh water, m]
# name 1 = dz/dtM: Descent Rate [m/s]
# name 2 = sbeox0Mg/L: Oxygen, SBE 43 [mg/l]
# name 3 = sbeox0PS: Oxygen, SBE 43 [% saturation]
# name 4 = specc: Specific Conductance [uS/cm]
# name 5 = c0uS/cm: Conductivity [uS/cm]
# name 6 = flECO-AFL: Fluorescence, WET Labs ECO-AFL/FL [mg/m^3]
# name 7 = ph: pH
# name 8 = orp: Oxidation Reduction Potential [mV]
# name 9 = par/sat/log: PAR/Logarithmic, Satlantic
# name 10 = turbWETntu0: Turbidity, WET Labs ECO [NTU]
# name 11 = prdM: Pressure, Strain Gauge [db]
# name 12 = prdE: Pressure, Strain Gauge [psi]
# name 13 = tv290C: Temperature [ITS-90, deg C]
# name 14 = flag:  0.000e+00
# span 0 =     -0.507,      9.605       
# span 1 =     -0.129,      0.169       
# span 2 =     6.1642,    10.7926       
# span 3 =     50.809,    103.718       
# span 4 =      0.101,     39.767       
# span 5 =   0.073845,  28.286264       
# span 6 =    -0.2200,     7.0592       
# span 7 =      6.263,      7.793       
# span 8 =   175.7021,   950.7476       
# span 9 = 2.9265e-01, 6.2316e+02       
# span 10 =    -0.4448,     5.5586      
# span 11 =     -0.498,      9.420      
# span 12 =     -0.722,     13.662      
# span 13 =     7.0173,    13.5737      
# span 14 = 0.0000e+00, 0.0000e+00      
# interval = seconds: 0.25
# start_time = Apr 23 2018 16:38:42 [Instrument's time stamp, header]
# bad_flag = -9.990e-29
*END*
[from data line 97]
      0.082      0.003     7.9978     76.603     36.267  27.860281     0.7888      7.483   277.6413 5.0107e+02     1.0841      0.081      0.117    13.4227 0.0000e+00
      0.083      0.003     7.9488     76.129     36.267  27.858077     0.7983      7.483   277.6053 4.6089e+02     1.0775      0.082      0.119    13.4182 0.0000e+00
      0.083      0.002     7.9048     75.703     36.267  27.856931     0.7685      7.483   277.4887 5.2869e+02     1.0345      0.081      0.117    13.4141 0.0000e+00
      0.083      0.000     7.8680     75.348     36.256  27.846417     0.7126      7.483   277.5214 5.9801e+02     1.0213      0.081      0.117    13.4106 0.0000e+00
      0.083      0.000     7.8377     75.053     36.273  27.857952     0.6826      7.484   277.6566 5.6504e+02     1.0402      0.081      0.117    13.4072 0.0000e+00
      0.083      0.000     7.8087     74.773     36.289  27.869410     0.6727      7.484   277.7468 5.3964e+02     1.0496      0.082      0.118    13.4041 0.0000e+00
      0.082     -0.001     7.7801     74.495     36.277  27.857952     0.6756      7.484   277.8380 5.4749e+02     1.0733      0.081      0.117    13.4017 0.0000e+00
      0.082     -0.001     7.7553     74.253     36.265  27.846406     0.7081      7.482   277.9847 5.4387e+02     1.0827      0.080      0.115    13.3997 0.0000e+00
      0.082     -0.001     7.7343     74.045     36.281  27.856806     0.7449      7.480   278.1441 5.2389e+02     1.0717      0.081      0.118    13.3978 0.0000e+00
      0.082     -0.001     7.7125     73.831     36.284  27.856692     0.7432      7.478   278.1304 5.0252e+02     1.0629      0.082      0.118    13.3961 0.0000e+00
      0.081     -0.001     7.6884     73.595     36.272  27.845033     0.7337      7.477   278.0772 5.2954e+02     1.0371      0.080      0.115    13.3938 0.0000e+00
      0.081     -0.001     7.6632     73.348     36.272  27.842829     0.7766      7.475   278.1902 5.3226e+02     1.0034      0.079      0.114    13.3906 0.0000e+00
      0.081     -0.001     7.6379     73.102     36.259  27.830034     0.8482      7.472   278.2914 4.9771e+02     0.9912      0.080      0.115    13.3870 0.0000e+00
      0.081      0.000     7.6143     72.871     36.245  27.817325     0.8838      7.471   278.3537 5.3940e+02     1.0117      0.079      0.115    13.3832 0.0000e+00
      0.081 -1.862e-08     7.5903     72.636     36.247  27.816170     0.8848      7.471   278.4272 5.6010e+02     1.0382      0.079      0.115    13.3799 0.0000e+00
      0.081 -2.049e-07     7.5631     72.370     36.250  27.816075     0.8883      7.471   278.4921 5.0785e+02     1.0370      0.079      0.115    13.3768 0.0000e+00
      0.081 -2.046e-07     7.5354     72.100     36.253  27.816169     0.9072      7.471   278.6224 4.9653e+02     1.0273      0.080      0.115    13.3736 0.0000e+00
      0.081 -1.523e-08     7.5081     71.833     36.258  27.817304     0.9289      7.471   278.7116 5.1109e+02     1.0430      0.080      0.115    13.3704 0.0000e+00
      0.081 3.5716e-08     7.4796     71.554     36.278  27.829795     0.9400      7.471   278.7968 5.0482e+02     1.0736      0.080      0.116    13.3672 0.0000e+00
      0.081 4.0981e-07     7.4510     71.275     36.294  27.840195     0.9215      7.470   278.9643 4.7874e+02     1.0929      0.080      0.115    13.3639 0.0000e+00
      0.081      0.000     7.4241     71.014     36.266  27.816046     0.8796      7.469   279.0168 4.8420e+02     1.0938      0.079      0.115    13.3606 0.0000e+00
      0.080      0.000     7.3981     70.760     36.237  27.791802     0.8659      7.469   279.0012 5.4664e+02     1.0842      0.079      0.114    13.3570 0.0000e+00
      0.080      0.001     7.3729     70.515     36.252  27.801057     0.8755      7.468   279.1187 5.7554e+02     1.0673      0.079      0.114    13.3533 0.0000e+00
      0.081      0.001     7.3493     70.286     36.254  27.800942     0.8582      7.467   279.3190 5.5270e+02     1.0732      0.078      0.114    13.3499 0.0000e+00
      0.082      0.001     7.3268     70.066     36.244  27.790418     0.8216      7.465   279.4445 5.0693e+02     1.0952      0.080      0.116    13.3470 0.0000e+00
      0.082      0.001     7.3072     69.872     36.260  27.800808     0.8099      7.463   279.4313 4.7706e+02     1.0890      0.080      0.116    13.3441 0.0000e+00
      0.083      0.001     7.2892     69.695     36.262  27.799559     0.8175      7.463   279.4173 5.1642e+02     1.0588      0.081      0.117    13.3414 0.0000e+00
      0.083      0.001     7.2688     69.496     36.232  27.775315     0.8218      7.463   279.5341 5.5835e+02     1.0349      0.081      0.118    13.3388 0.0000e+00
      0.082      0.002     7.2465     69.279     36.217  27.761680     0.8436      7.462   279.6385 5.5420e+02     1.0448      0.081      0.117    13.3358 0.0000e+00
      0.082      0.002     7.2237     69.059     36.218  27.761689     0.8796      7.461   279.6473 5.3983e+02     1.0559      0.079      0.116    13.3324 0.0000e+00
      0.083      0.002     7.2002     68.833     36.236  27.775429     0.8889      7.461   279.6405 5.2539e+02     1.0483      0.081      0.117    13.3290 0.0000e+00
      0.085      0.001     7.1762     68.603     36.269  27.800809     0.8733      7.462   279.7284 5.2508e+02     1.0442      0.084      0.121    13.3261 0.0000e+00
      0.086      0.000     7.1533     68.381     36.289  27.814558     0.8200      7.462   279.8489 5.2798e+02     1.0362      0.086      0.124    13.3238 0.0000e+00
      0.086     -0.001     7.1333     68.186     36.292  27.814663     0.7310      7.461   279.8939 5.0353e+02     1.0428      0.085      0.124    13.3220 0.0000e+00
      0.084     -0.002     7.1162     68.019     36.278  27.802079     0.6801      7.460   280.0144 4.8787e+02     1.0629      0.082      0.119    13.3222 0.0000e+00
      0.081     -0.002     7.1009     67.869     36.264  27.789399     0.6824      7.458   280.1870 4.9877e+02     1.0659      0.079      0.115    13.3230 0.0000e+00
      0.080     -0.002     7.0868     67.731     36.265  27.788350     0.6849      7.456   280.2596 5.2067e+02     1.0484      0.078      0.113    13.3200 0.0000e+00
      0.081     -0.001     7.0747     67.614     36.267  27.789390     0.6731      7.454   280.2047 5.6170e+02     1.0342      0.080      0.116    13.3161 0.0000e+00
      0.083      0.001     7.0636     67.509     36.283  27.801976     0.6682      7.452   280.2112 5.7915e+02     1.0474      0.082      0.118    13.3147 0.0000e+00
      0.083      0.002     7.0514     67.389     36.300  27.813530     0.6717      7.450   280.3384 5.6490e+02     1.0548      0.082      0.118    13.3117 0.0000e+00
      0.083      0.002     7.0374     67.249     36.289  27.802090     0.7072      7.447   280.3658 5.5683e+02     1.0326      0.081      0.118    13.3083 0.0000e+00
      0.083      0.001     7.0215     67.091     36.278  27.790649     0.7753      7.445   280.4567 5.3723e+02     1.0227      0.082      0.118    13.3091 0.0000e+00
      0.084      0.001     7.0068     66.945     36.296  27.802194     0.8145      7.443   280.6623 5.1574e+02     1.0575      0.082      0.119    13.3105 0.0000e+00
      0.084      0.000     6.9942     66.821     36.315  27.814676     0.8145      7.442   280.7010 5.1683e+02     1.0867      0.082      0.119    13.3079 0.0000e+00
      0.084 1.8777e-08     6.9794     66.675     36.319  27.814562     0.7936      7.441   280.6661 5.4641e+02     1.0712      0.083      0.120    13.3031 0.0000e+00
      0.084 2.0655e-07     6.9613     66.497     36.304  27.800812     0.7639      7.441   280.7572 5.6851e+02     1.0524      0.083      0.120    13.2987 0.0000e+00
      0.084 2.0627e-07     6.9438     66.324     36.274  27.775422     0.7490      7.441   280.8558 5.3956e+02     1.0431      0.082      0.119    13.2953 0.0000e+00
      0.084 1.5395e-08     6.9273     66.161     36.259  27.761569     0.7423      7.441   280.8254 5.0728e+02     1.0501      0.082      0.119    13.2926 0.0000e+00
      0.084 -3.552e-08     6.9097     65.989     36.261  27.760309     0.7378      7.441   280.7341 5.1078e+02     1.0766      0.082      0.119    13.2895 0.0000e+00
      0.084 -4.093e-07     6.8921     65.816     36.263  27.760195     0.7684      7.441   280.7849 5.2680e+02     1.0580      0.082      0.119    13.2860 0.0000e+00
      0.084      0.000     6.8754     65.653     36.265  27.760185     0.8272      7.440   280.9233 5.1713e+02     1.0083      0.083      0.120    13.2821 0.0000e+00
      0.084      0.000     6.8583     65.487     36.267  27.760184     0.8606      7.438   280.9448 4.9849e+02     0.9953      0.083      0.120    13.2785 0.0000e+00
      0.084     -0.001     6.8414     65.322     36.269  27.760184     0.8683      7.438   280.9592 5.0218e+02     1.0227      0.083      0.120    13.2754 0.0000e+00
      0.084     -0.001     6.8282     65.192     36.272  27.760185     0.9026      7.439   281.0968 5.0147e+02     1.0642      0.083      0.121    13.2727 0.0000e+00
      0.084     -0.001     6.8166     65.077     36.274  27.760195     0.9628      7.439   281.2315 4.9857e+02     1.1005      0.082      0.119    13.2703 0.0000e+00
      0.083      0.000     6.8014     64.929     36.277  27.760309     0.9908      7.439   281.2971 5.0201e+02     1.1263      0.081      0.118    13.2685 0.0000e+00
      0.083     -0.000     6.7864     64.782     36.280  27.761559     0.9926      7.438   281.4598 4.8741e+02     1.1317      0.081      0.117    13.2666 0.0000e+00
      0.083     -0.001     6.7739     64.661     36.300  27.775299     0.9931      7.437   281.6509 4.7212e+02     1.1050      0.081      0.117    13.2639 0.0000e+00
      0.084     -0.001     6.7616     64.543     36.333  27.799440     0.9871      7.436   281.7145 4.9088e+02     1.0471      0.083      0.120    13.2608 0.0000e+00
      0.084     -0.001     6.7499     64.429     36.334  27.799440     0.9850      7.435   281.7135 5.2605e+02     1.0112      0.083      0.121    13.2580 0.0000e+00
      0.083     -0.001     6.7389     64.320     36.304  27.775300     0.9862      7.434   281.7244 5.3463e+02     1.0377      0.082      0.119    13.2558 0.0000e+00
      0.082     -0.001     6.7266     64.201     36.288  27.761560     1.0017      7.434   281.7597 5.1016e+02     1.0928      0.080      0.116    13.2548 0.0000e+00
      0.081     -0.001     6.7137     64.077     36.287  27.760312     1.0338      7.434   281.7957 4.9828e+02     1.0983      0.079      0.114    13.2544 0.0000e+00
      0.081     -0.001     6.7028     63.973     36.286  27.760209     1.0536      7.435   281.8153 5.0989e+02     1.0427      0.079      0.114    13.2521 0.0000e+00
      0.082      0.000     6.6937     63.887     36.286  27.760313     1.0568      7.435   281.8250 5.2082e+02     1.0303      0.080      0.116    13.2493 0.0000e+00
      0.082      0.001     6.6842     63.794     36.289  27.761570     1.0447      7.435   281.9133 5.3447e+02     1.0703      0.081      0.117    13.2480 0.0000e+00
      0.081      0.001     6.6738     63.691     36.310  27.775415     1.0183      7.435   282.1091 5.4893e+02     1.0997      0.079      0.115    13.2472 0.0000e+00
      0.081      0.001     6.6642     63.595     36.345  27.800701     1.0034      7.433   282.2987 5.4144e+02     1.1111      0.079      0.115    13.2483 0.0000e+00
      0.082      0.001     6.6559     63.513     36.364  27.813305     1.0024      7.431   282.3988 5.2012e+02     1.1156      0.081      0.117    13.2492 0.0000e+00
      0.084      0.001     6.6477     63.432     36.350  27.800815     0.9972      7.431   282.4593 5.2142e+02     1.0941      0.082      0.119    13.2473 0.0000e+00
      0.084      0.001     6.6381     63.338     36.320  27.776676     0.9962      7.431   282.5136 5.3142e+02     1.0340      0.082      0.119    13.2441 0.0000e+00
      0.084      0.000     6.6278     63.237     36.321  27.775437     0.9989      7.430   282.6256 5.3414e+02     0.9989      0.082      0.119    13.2410 0.0000e+00
      0.083      0.000     6.6166     63.126     36.337  27.785827     0.9931      7.430   282.7809 5.4339e+02     1.0054      0.083      0.120    13.2392 0.0000e+00
      0.082     -0.001     6.6036     62.998     36.326  27.775312     0.9906      7.430   282.8427 5.5508e+02     1.0525      0.081      0.117    13.2379 0.0000e+00
      0.082     -0.001     6.5906     62.872     36.327  27.775294     0.9956      7.430   282.8564 5.4610e+02     1.1103      0.080      0.115    13.2363 0.0000e+00
      0.082      0.000     6.5806     62.776     36.341  27.785603     0.9986      7.430   282.8599 5.2010e+02     1.0937      0.081      0.117    13.2333 0.0000e+00
      0.083      0.000     6.5724     62.696     36.325  27.772966     0.9997      7.430   282.8858 5.0288e+02     1.0352      0.081      0.118    13.2303 0.0000e+00
      0.083      0.001     6.5626     62.602     36.295  27.749501     1.0000      7.430   282.9117 4.9114e+02     1.0128      0.081      0.117    13.2280 0.0000e+00
      0.083      0.001     6.5501     62.480     36.305  27.755872     0.9738      7.430   282.9150 4.9738e+02     1.0371      0.082      0.118    13.2265 0.0000e+00
      0.083      0.000     6.5373     62.358     36.429  27.850006     0.9134      7.430   283.0117 5.3922e+02     1.0536      0.081      0.118    13.2257 0.0000e+00
      0.083 1.8471e-08     6.5286     62.301     36.605  27.998670     0.8673      7.429   283.1337 5.7212e+02     1.0291      0.082      0.119    13.2255 0.0000e+00
      0.083 2.0318e-07     6.5332     62.430     36.670  28.092868     0.8568      7.429   283.1852 5.6032e+02     1.0163      0.081      0.118    13.2237 0.0000e+00
      0.083 2.0304e-07     6.5897     63.095     36.595  28.100006     0.8610      7.429   283.2049 5.3942e+02     1.0518      0.081      0.118    13.2229 0.0000e+00
      0.083 1.6780e-08     6.7698     64.928     36.505  28.085046     0.8625      7.428   283.1998 5.4529e+02     1.0922      0.081      0.118    13.2188 0.0000e+00
      0.083 -1.400e-10     7.1327     68.476     36.485  28.102561     0.8657      7.427   283.1237 5.6614e+02     1.0772      0.082      0.118    13.2218 0.0000e+00
      0.083 -1.540e-09     7.6641     73.616     36.486  28.121314     0.8809      7.426   283.0592 5.5253e+02     1.0224      0.082      0.118    13.2893 0.0000e+00
      0.082 -1.694e-08     8.2914     79.664     36.473  28.121300     0.9179      7.424   283.1081 5.1642e+02     1.0099      0.081      0.117    13.4007 0.0000e+00
      0.082 -1.863e-07     8.9422     85.929     36.442  28.102408     0.9728      7.424   283.1985 5.1095e+02     1.0484      0.081      0.117    13.4768 0.0000e+00
      0.082 -1.863e-07     9.5526     91.800     36.415  28.083395     1.0029      7.423   283.2065 5.1761e+02     1.0607      0.081      0.117    13.5159 0.0000e+00
      0.083 -1.693e-08    10.0666     96.742     36.412  28.081925     0.9964      7.421   283.1183 5.3611e+02     1.0362      0.081      0.117    13.5380 0.0000e+00
      0.083 -1.539e-09    10.4491    100.418     36.415  28.084631     0.9861      7.420   283.0786 5.4266e+02     1.0269      0.082      0.118    13.5495 0.0000e+00
      0.083 -1.400e-10    10.6881    102.713     36.456  28.116106     1.0068      7.419   283.1565 5.0519e+02     1.0390      0.081      0.117    13.5555 0.0000e+00
      0.082 -1.272e-11    10.7921    103.713     36.494  28.144982     1.0543      7.418   283.2856 4.9442e+02     1.0309      0.080      0.116    13.5577 0.0000e+00
      0.082 -1.157e-12    10.7926    103.718     36.457  28.116276     1.0821      7.417   283.4359 5.2822e+02     1.0201      0.081      0.117    13.5587 0.0000e+00
      0.082 -1.052e-13    10.7338    103.153     36.418  28.086519     1.0771      7.416   283.5960 5.4807e+02     1.0302      0.081      0.117    13.5586 0.0000e+00
