Data/DataNotYetUploadedToEDI/Raw_CTD/RawDownloads/042318_fcr49.cnv
* Sea-Bird SBE19plus  Data File:
* FileName = C:\DATA\042318_fcr_0004.hex
* Software version 2.6.3.104 SB_Terminal.dll
* Temperature SN = 7809
* Conductivity SN = 7809
* System UpLoad Time = Apr 23 2018 14:25:38
* <ApplicationData>
* <Seaterm232>
# nquan = 15
# nvalues = 1021                        
# units = specified
# name 0 = depFM: Depth [fresh water, m]
# name 1 = dz/dtM: Descent Rate [m/s]
# name 2 = sbeox0Mg/L: Oxygen, SBE 43 [mg/l]
# name 3 = sbeox0PS: Oxygen, SBE 43 [% saturation]
# name 4 = specc: Specific Conductance [uS/cm]
# name 5 = c0uS/cm: Conductivity [uS/cm]
# name 6 = flECO-AFL: Fluorescence, WET Labs ECO-AFL/FL [mg/m^3]
# name 7 = ph: pH
# name 8 = orp: Oxidation Reduction Potential [mV]
# name 9 = par/sat/log: PAR/Logarithmic, Satlantic
# name 10 = turbWETntu0: Turbidity, WET Labs ECO [NTU]
# name 11 = prdM: Pressure, Strain Gauge [db]
# name 12 = prdE: Pressure, Strain Gauge [psi]
# name 13 = tv290C: Temperature [ITS-90, deg C]
# name 14 = flag:  0.000e+00
# span 0 =     -0.507,      9.605       
# span 1 =     -0.129,      0.169       
# span 2 =     6.1642,    10.7926       
# span 3 =     50.809,    103.718       
# span 4 =      0.101,     39.767       
# span 5 =   0.073845,  28.286264       
# span 6 =    -0.2200,     7.0592       
# span 7 =      6.263,      7.793       
# span 8 =   175.7021,   950.7476       
# span 9 = 2.9265e-01, 6.2316e+02       
# span 10 =    -0.4448,     5.5586      
# span 11 =     -0.498,      9.420      
# span 12 =     -0.722,     13.662      
# span 13 =     7.0173,    13.5737      
# span 14 = 0.0000e+00, 0.0000e+00      
# interval = seconds: 0.25
# start_time = Apr 23 2018 16:38:42 [Instrument's time stamp, header]
# bad_flag = -9.990e-29
*END*
[from data line 964]
      8.884      0.036     6.9000     56.930     38.850  24.909742     3.5806      6.696   324.0503 4.8975e-01     2.1712      8.712     12.636     7.0609 0.0000e+00
      8.893      0.037     6.9147     57.051     38.830  24.897138     3.5258      6.696   323.7033 4.8971e-01     2.1397      8.721     12.649     7.0595 0.0000e+00
      8.902      0.039     6.9377     57.241     38.810  24.884922     3.4401      6.696   323.5958 5.0054e-01     2.1449      8.730     12.663     7.0583 0.0000e+00
      8.912      0.042     6.9663     57.477     38.816  24.889024     3.4084      6.695   324.0401 5.0374e-01     2.1733      8.740     12.676     7.0577 0.0000e+00
      8.922      0.046     6.9934     57.700     38.808  24.883243     3.4095      6.694   324.6871 4.8657e-01     2.1781      8.749     12.690     7.0573 0.0000e+00
      8.934      0.051     7.0155     57.882     38.802  24.878511     3.3981      6.694   324.9656 4.7108e-01     2.1720      8.761     12.706     7.0575 0.0000e+00
      8.948      0.056     7.0396     58.079     38.829  24.895301     3.3625      6.694   324.9983 4.7189e-01     2.1609      8.775     12.726     7.0583 0.0000e+00
      8.964      0.060     7.0689     58.320     38.831  24.895773     3.3095      6.693   324.9965 4.7297e-01     2.1655      8.790     12.749     7.0585 0.0000e+00
      8.981      0.062     7.0916     58.506     38.813  24.884220     3.2814      6.692   324.9444 4.6785e-01     2.1664      8.807     12.774     7.0579 0.0000e+00
      8.998      0.064     7.1048     58.614     38.812  24.882593     3.2799      6.691   324.8854 4.6305e-01     2.1104      8.824     12.798     7.0566 0.0000e+00
      9.015      0.064     7.1113     58.665     38.803  24.876107     3.3100      6.691   324.8854 4.6151e-01     2.0083      8.841     12.823     7.0554 0.0000e+00
      9.032      0.064     7.1123     58.672     38.794  24.869286     3.3699      6.690   325.1161 4.6264e-01     1.9083      8.858     12.847     7.0550 0.0000e+00
      9.047      0.063     7.1106     58.656     38.787  24.863608     3.3969      6.688   325.4376 4.5834e-01     1.8783      8.872     12.868     7.0548 0.0000e+00
      9.062      0.062     7.1026     58.589     38.799  24.870944     3.3891      6.687   325.5028 4.4734e-01     1.9192      8.886     12.889     7.0538 0.0000e+00
      9.078      0.061     7.0898     58.483     38.837  24.894504     3.3764      6.687   325.4745 4.4396e-01     1.9754      8.902     12.912     7.0521 0.0000e+00
      9.095      0.060     7.0792     58.394     38.838  24.894496     3.3539      6.687   325.5258 4.4683e-01     2.0700      8.919     12.936     7.0507 0.0000e+00
      9.110      0.059     7.0738     58.349     38.802  24.870845     3.3377      6.686   325.5213 4.4403e-01     2.1470      8.934     12.958     7.0496 0.0000e+00
      9.124      0.058     7.0738     58.346     38.790  24.862495     3.3368      6.685   325.3330 4.3204e-01     2.1439      8.948     12.978     7.0488 0.0000e+00
      9.139      0.056     7.0778     58.379     38.782  24.857039     3.3711      6.684   325.1424 4.1141e-01     2.1237      8.962     12.998     7.0484 0.0000e+00
      9.153      0.055     7.0835     58.425     38.800  24.868368     3.4298      6.684   325.1951 3.9952e-01     2.1468      8.976     13.018     7.0476 0.0000e+00
      9.166      0.053     7.0902     58.481     38.905  24.935980     3.4579      6.684   325.1966 4.0097e-01     2.1793      8.989     13.038     7.0466 0.0000e+00
      9.180      0.052     7.0970     58.539     38.966  24.976117     3.4722      6.685   325.0749 3.9556e-01     2.1514      9.003     13.057     7.0459 0.0000e+00
      9.194      0.051     7.1034     58.592     38.961  24.972714     3.5386      6.686   325.1864 3.9364e-01     2.0531      9.017     13.078     7.0453 0.0000e+00
      9.207      0.050     7.1091     58.637     39.039  25.021821     3.6452      6.686   325.5113 4.0020e-01     1.9363      9.030     13.096     7.0450 0.0000e+00
      9.219      0.050     7.1111     58.649     39.106  25.061930     3.7046      6.686   325.3901 3.9504e-01     1.8990      9.040     13.111     7.0449 0.0000e+00
      9.230      0.050     7.1086     58.624     39.033  25.013221     3.7145      6.686   324.7527 3.8385e-01     1.9081      9.051     13.128     7.0464 0.0000e+00
      9.243      0.051     7.1005     58.557     39.020  25.004310     3.7184      6.686   324.3441 3.7454e-01     1.8935      9.063     13.145     7.0475 0.0000e+00
      9.256      0.053     7.0829     58.413     39.238  25.144660     3.7154      6.686   324.3215 3.7089e-01     1.8749      9.077     13.166     7.0457 0.0000e+00
      9.270      0.054     7.0548     58.179     39.503  25.313352     3.7149      6.686   324.5653 3.7307e-01     1.8661      9.090     13.185     7.0417 0.0000e+00
      9.285      0.054     7.0191     57.879     39.633  25.393146     3.7211      6.686   324.8827 3.6349e-01     1.8786      9.105     13.205     7.0382 0.0000e+00
      9.300      0.053     6.9786     57.539     39.666  25.411016     3.7268      6.686   324.9752 3.4666e-01     1.8733      9.121     13.228     7.0380 0.0000e+00
      9.314      0.052     6.9398     57.215     39.656  25.402431     3.7279      6.684   324.7371 3.4038e-01     1.8935      9.134     13.249     7.0403 0.0000e+00
      9.326      0.052     6.9063     56.936     39.680  25.416325     3.7259      6.682   324.3275 3.4318e-01     2.0019      9.146     13.265     7.0394 0.0000e+00
      9.338      0.052     6.8658     56.600     39.738  25.452010     3.7298      6.682   324.1529 3.4748e-01     2.1153      9.157     13.281     7.0335 0.0000e+00
      9.350      0.053     6.8094     56.133     39.741  25.452948     3.7284      6.681   324.1748 3.5112e-01     2.1653      9.168     13.297     7.0288 0.0000e+00
      9.364      0.054     6.7391     55.552     39.703  25.427667     3.6999      6.679   324.2475 3.4822e-01     2.1493      9.182     13.317     7.0269 0.0000e+00
      9.379      0.056     6.6556     54.863     39.661  25.400302     3.6613      6.677   324.4301 3.3886e-01     2.1046      9.197     13.340     7.0253 0.0000e+00
      9.394      0.059     6.5624     54.095     39.623  25.376051     3.6481      6.674   324.5760 3.3751e-01     2.0822      9.213     13.362     7.0237 0.0000e+00
      9.409      0.062     6.4664     53.303     39.642  25.388427     3.6502      6.671   324.7206 3.3927e-01     2.0929      9.227     13.383     7.0215 0.0000e+00
      9.424      0.066     6.3750     52.550     39.695  25.422955     3.6681      6.669   324.8877 3.3622e-01     2.1118      9.241     13.403     7.0203 0.0000e+00
      9.440      0.069     6.2967     51.905     39.680  25.412555     3.7087      6.668   324.8756 3.2832e-01     2.0977      9.256     13.425     7.0201 0.0000e+00
      9.458      0.071     6.2363     51.406     39.645  25.389666     3.7362      6.666   324.8325 3.1458e-01     2.0744      9.275     13.452     7.0202 0.0000e+00
      9.479      0.071     6.1959     51.072     39.662  25.400188     3.7442      6.663   324.8831 3.1358e-01     2.1053      9.297     13.484     7.0205 0.0000e+00
      9.500      0.070     6.1754     50.902     39.682  25.412783     3.7312      6.661   324.9710 3.1982e-01     2.1047      9.317     13.514     7.0208 0.0000e+00
      9.518      0.065     6.1679     50.840     39.686  25.414969     3.6982      6.659   325.1215 3.1942e-01     2.0053      9.335     13.539     7.0204 0.0000e+00
      9.534      0.058     6.1642     50.809     39.705  25.426615     3.6771      6.658   325.2391 3.2332e-01     1.9112      9.350     13.562     7.0194 0.0000e+00
      9.549      0.049     6.1644     50.810     39.705  25.426617     3.6685      6.658   325.2747 3.1812e-01     1.8820      9.365     13.583     7.0186 0.0000e+00
      9.561      0.042     6.1706     50.861     39.687  25.414989     3.6585      6.657   325.2941 3.0483e-01     1.8957      9.377     13.600     7.0183 0.0000e+00
      9.569      0.035     6.1791     50.931     39.684  25.413004     3.6033      6.657   325.3006 3.0316e-01     1.9547      9.384     13.611     7.0180 0.0000e+00
      9.575      0.030     6.1885     51.009     39.667  25.402623     3.4964      6.657   325.1825 3.0611e-01     2.0471      9.390     13.619     7.0177 0.0000e+00
      9.581      0.026     6.1978     51.086     39.688  25.416456     3.4234      6.656   324.9848 3.0309e-01     2.1288      9.395     13.627     7.0176 0.0000e+00
      9.588      0.022     6.2056     51.150     39.746  25.453274     3.4005      6.656   324.8887 2.9608e-01     2.1790      9.402     13.637     7.0174 0.0000e+00
      9.594      0.021     6.2092     51.180     39.767  25.466822     3.3941      6.656   324.8807 2.9536e-01     2.1958      9.409     13.647     7.0173 0.0000e+00
      9.599 -9.990e-29 -9.990e-29 -9.990e-29 -9.990e-29 -9.990e-29 -9.990e-29 -9.990e-29 -9.990e-29 3.0090e-01 -9.990e-29      9.414     13.654     7.0178 0.0000e+00
      9.603 -9.990e-29 -9.990e-29 -9.990e-29 -9.990e-29 -9.990e-29 -9.990e-29 -9.990e-29 -9.990e-29 3.0355e-01 -9.990e-29      9.417     13.658     7.0181 0.0000e+00
      9.605 -9.990e-29 -9.990e-29 -9.990e-29 -9.990e-29 -9.990e-29 -9.990e-29 -9.990e-29 -9.990e-29 2.9799e-01 -9.990e-29      9.419     13.661     7.0184 0.0000e+00
      9.605 -9.990e-29 -9.990e-29 -9.990e-29 -9.990e-29 -9.990e-29 -9.990e-29 -9.990e-29 -9.990e-29 2.9265e-01 -9.990e-29      9.420     13.662     7.0186 0.0000e+00
