Data/DataNotYetUploadedToEDI/Raw_CTD/RawDownloads/042318_fcr50.cnv
* Sea-Bird SBE19plus  Data File:
* FileName = C:\DATA\042318_fcr_0002.hex
* Software version 2.6.3.104 SB_Terminal.dll
* Temperature SN = 7809
* Conductivity SN = 7809
* System UpLoad Time = Apr 23 2018 14:24:39
* <ApplicationData>
* <Seaterm232>
# nquan = 15
# nvalues = 1144                        
# units = specified
# name 0 = depFM: Depth [fresh water, m]
# name 1 = dz/dtM: Descent Rate [m/s]
# name 2 = sbeox0Mg/L: Oxygen, SBE 43 [mg/l]
# name 3 = sbeox0PS: Oxygen, SBE 43 [% saturation]
# name 4 = specc: Specific Conductance [uS/cm]
# name 5 = c0uS/cm: Conductivity [uS/cm]
# name 6 = flECO-AFL: Fluorescence, WET Labs ECO-AFL/FL [mg/m^3]
# name 7 = ph: pH
# name 8 = orp: Oxidation Reduction Potential [mV]
# name 9 = par/sat/log: PAR/Logarithmic, Satlantic
# name 10 = turbWETntu0: Turbidity, WET Labs ECO [NTU]
# name 11 = prdM: Pressure, Strain Gauge [db]
# name 12 = prdE: Pressure, Strain Gauge [psi]
# name 13 = tv290C: Temperature [ITS-90, deg C]
# name 14 = flag:  0.000e+00
# span 0 =     -0.511,      9.807       
# span 1 =     -0.097,      0.156       
# span 2 =     5.8550,    10.8095       
# span 3 =     48.303,    103.578       
# span 4 =      2.308,     43.032       
# span 5 =   1.681445,  32.779274       
# span 6 =    -0.2364,     8.3272       
# span 7 =     -2.948,      7.389       
# span 8 =  -935.4459,   912.0216       
# span 9 = 1.5429e-01, 2.9648e+02       
# span 10 =    -0.2679,    57.9464      
# span 11 =     -0.501,      9.618      
# span 12 =     -0.727,     13.949      
# span 13 =     7.0407,    13.5242      
# span 14 = 0.0000e+00, 0.0000e+00      
# interval = seconds: 0.25
# start_time = Apr 23 2018 14:48:55 [Instrument's time stamp, header]
# bad_flag = -9.990e-29
*END*
[from data line 482]
      0.051 1.8641e-08     9.6965     93.036     36.437  28.048552     1.1555      7.244   274.3747 2.2377e+02     1.0863      0.050      0.072    13.4617 0.0000e+00
      0.051 1.6946e-09     9.7015     93.093     36.449  28.061005     1.1825      7.246   274.2034 2.2368e+02     1.2158      0.050      0.072    13.4607 0.0000e+00
      0.051 1.5405e-10     9.7100     93.177     36.469  28.077892     1.1975      7.247   273.8270 2.2348e+02     1.3148      0.050      0.073    13.4662 0.0000e+00
      0.051 1.4005e-11     9.7225     93.302     36.447  28.062238     1.1985      7.250   273.6085 2.2362e+02     1.3065      0.050      0.072    13.4776 0.0000e+00
      0.051 1.2731e-12     9.7355     93.427     36.447  28.062233     1.2137      7.253   274.1426 2.2372e+02     1.2068      0.049      0.071    13.4878 0.0000e+00
      0.051 1.1574e-13     9.7476     93.538     36.469  28.077835     1.2432      7.254   275.2092 2.2365e+02     1.1164      0.050      0.073    13.4912 0.0000e+00
      0.051 1.0522e-14     9.7576     93.634     36.447  28.060374     1.2616      7.257   275.8361 2.2363e+02     1.0984      0.049      0.072    13.4914 0.0000e+00
      0.051 9.5655e-16     9.7629     93.692     36.419  28.041614     1.2616      7.261   275.9568 2.2370e+02     1.0502      0.050      0.071    13.4947 0.0000e+00
      0.051 8.6960e-17     9.7625     93.692     36.417  28.041513     1.2427      7.265   275.8089 2.2388e+02     0.9912      0.050      0.072    13.4958 0.0000e+00
      0.051 7.9055e-18     9.7561     93.625     36.443  28.059157     1.2168      7.269   275.4240 2.2380e+02     0.9962      0.050      0.072    13.4904 0.0000e+00
      0.051 7.1866e-19     9.7435     93.485     36.458  28.064439     1.2059      7.271   275.2610 2.2351e+02     1.0192      0.050      0.073    13.4894 0.0000e+00
      0.051 6.5442e-20     9.7278     93.311     36.439  28.041873     1.2115      7.266   275.5585 2.2347e+02     1.0553      0.050      0.073    13.4953 0.0000e+00
      0.051 7.1184e-21     9.7115     93.142     36.443  28.040299     1.2116      7.256   276.0968 2.2348e+02     1.0970      0.050      0.073    13.4997 0.0000e+00
      0.051 1.3508e-20     9.6945     92.987     36.446  28.045404     1.1981      7.245   276.4347 2.2346e+02     1.0959      0.050      0.072    13.4970 0.0000e+00
      0.051 1.4270e-19     9.6814     92.879     36.431  28.040094     1.1943      7.235   276.5468 2.2350e+02     1.0731      0.050      0.072    13.4866 0.0000e+00
      0.051 1.5692e-18     9.6767     92.849     36.424  28.039616     1.2035      7.226   276.6782 2.2358e+02     1.0648      0.050      0.072    13.4714 0.0000e+00
      0.051 1.7261e-17     9.6809     92.900     36.419  28.039623     1.2172      7.217   276.6464 2.2369e+02     1.0566      0.050      0.073    13.4631 0.0000e+00
      0.051 1.8987e-16     9.6921     93.017     36.415  28.040191     1.2407      7.210   276.4204 2.2398e+02     1.0654      0.050      0.072    13.4701 0.0000e+00
      0.051 2.0886e-15     9.7076     93.174     36.420  28.046487     1.2576      7.205   276.2687 2.2438e+02     1.0793      0.050      0.073    13.4809 0.0000e+00
      0.051 2.2974e-14     9.7230     93.329     36.424  28.052250     1.2651      7.202   276.2747 2.2441e+02     1.0721      0.051      0.073    13.4884 0.0000e+00
      0.051 2.5272e-13     9.7348     93.447     36.414  28.046374     1.2667      7.199   276.4067 2.2429e+02     1.0705      0.050      0.073    13.4931 0.0000e+00
      0.051 2.7799e-12     9.7392     93.489     36.404  28.038936     1.2407      7.196   276.4884 2.2439e+02     1.0597      0.050      0.073    13.4968 0.0000e+00
      0.051 3.0579e-11     9.7349     93.445     36.389  28.025822     1.2081      7.195   276.6605 2.2451e+02     1.0329      0.050      0.072    13.5011 0.0000e+00
      0.051 3.3637e-10     9.7292     93.384     36.378  28.014812     1.2031      7.196   276.9388 2.2441e+02     1.0210      0.050      0.072    13.5047 0.0000e+00
      0.051 3.7000e-09     9.7252     93.338     36.404  28.032808     1.2081      7.197   276.5829 2.2417e+02     1.0389      0.050      0.072    13.5073 0.0000e+00
      0.051 4.0700e-08     9.7216     93.297     36.433  28.052908     1.2140      7.196   275.8852 2.2396e+02     1.1268      0.050      0.072    13.5081 0.0000e+00
      0.051 4.4770e-07     9.7203     93.281     36.453  28.067329     1.2374      7.196   275.7310 2.2387e+02     1.2599      0.050      0.072    13.5063 0.0000e+00
      0.051      0.000     9.7210     93.286     36.472  28.080171     1.2612      7.197   275.6645 2.2376e+02     1.3364      0.050      0.073    13.5026 0.0000e+00
      0.051      0.000     9.7225     93.301     36.473  28.081186     1.2631      7.198   275.6837 2.2394e+02     1.3496      0.051      0.073    13.4982 0.0000e+00
      0.051      0.001     9.7240     93.323     36.468  28.079603     1.2593      7.198   276.1350 2.2443e+02     1.2665      0.050      0.073    13.4955 0.0000e+00
      0.051      0.002     9.7254     93.349     36.438  28.061030     1.2621      7.196   276.3895 2.2462e+02     1.1251      0.049      0.071    13.4943 0.0000e+00
      0.051      0.002     9.7259     93.366     36.413  28.047125     1.2690      7.196   275.9210 2.2443e+02     1.0739      0.048      0.070    13.4925 0.0000e+00
      0.053      0.003     9.7226     93.343     36.398  28.038492     1.2782      7.196   275.0310 2.2435e+02     1.0752      0.052      0.075    13.4918 0.0000e+00
      0.054      0.004     9.7146     93.271     36.372  28.020156     1.2637      7.186   274.5765 2.2463e+02     1.0788      0.054      0.078    13.4957 0.0000e+00
      0.054      0.004     9.7046     93.178     36.365  28.015918     1.2217      7.160   274.4695 2.2554e+02     1.0874      0.053      0.077    13.5034 0.0000e+00
      0.055     -0.001     9.6994     93.126     36.411  28.050748     1.1934      7.133   274.2525 2.2676e+02     1.0874      0.054      0.078    13.5097 0.0000e+00
      0.058     -0.011     9.7014     93.138     36.509  28.123791     1.1882      7.126   274.1900 2.2642e+02     1.0791      0.057      0.082    13.5135 0.0000e+00
      0.060     -0.025     9.7061     93.179     36.528  28.137073     1.2048      7.138   274.4888 2.2373e+02     1.0482      0.062      0.089    13.5161 0.0000e+00
      0.055     -0.042     9.7126     93.247     36.458  28.084329     1.2368      7.163   274.8536 2.2093e+02     1.0194      0.059      0.085    13.5177 0.0000e+00
      0.040     -0.060     9.7234     93.360     36.418  28.057575     1.2535      7.198   274.9016 2.1898e+02     1.0052      0.042      0.060    13.5175 0.0000e+00
      0.018     -0.079     9.7331     93.459     36.428  28.067595     1.2512      7.237   274.9822 2.1636e+02     1.0292      0.018      0.026    13.5123 0.0000e+00
     -0.007     -0.093     9.7327     93.455     36.443  28.078495     1.2456      7.271   275.3986 2.1341e+02     1.0661     -0.006     -0.009    13.5080 0.0000e+00
     -0.033     -0.097     9.7192     93.324     36.423  28.062363     1.2320      7.299   275.8930 2.1004e+02     1.0542     -0.030     -0.044    13.5124 0.0000e+00
     -0.064     -0.092     9.6953     93.091     36.425  28.063038     1.2070      7.322   276.5710 2.0765e+02     1.0372     -0.062     -0.089    13.5188 0.0000e+00
     -0.095     -0.080     9.6626     92.774     36.457  28.086665     1.1909      7.339   277.3153 2.0753e+02     1.0441     -0.097     -0.140    13.5217 0.0000e+00
     -0.118     -0.064     9.6196     92.359     36.468  28.094027     1.1927      7.353   277.7511 2.0806e+02     1.0458     -0.121     -0.176    13.5214 0.0000e+00
     -0.129     -0.048     9.5660     91.842     36.461  28.088554     1.1741      7.362   277.7963 2.0851e+02     1.0275     -0.129     -0.187    13.5195 0.0000e+00
     -0.131     -0.033     9.5027     91.234     36.456  28.083987     1.1134      7.365   277.6048 2.0872e+02     1.0370     -0.128     -0.186    13.5178 0.0000e+00
     -0.132     -0.023     9.4320     90.554     36.480  28.102310     1.0652      7.365   277.5860 2.0907e+02     1.0990     -0.130     -0.188    13.5164 0.0000e+00
     -0.134     -0.018     9.3481     89.746     36.503  28.119591     1.0598      7.364   277.7420 2.0898e+02     1.1361     -0.131     -0.190    13.5156 0.0000e+00
     -0.139     -0.018     9.2424     88.730     36.482  28.102426     1.0665      7.363   277.8555 2.0889e+02     1.0892     -0.135     -0.196    13.5150 0.0000e+00
     -0.146     -0.020     9.1224     87.577     36.460  28.085274     1.0635      7.361   277.3233 2.0959e+02     1.0199     -0.144     -0.208    13.5147 0.0000e+00
     -0.154     -0.022     9.0024     86.426     36.482  28.102714     1.0610      7.358   276.2114 2.1013e+02     1.0007     -0.151     -0.219    13.5140 0.0000e+00
     -0.159     -0.024     8.8917     85.364     36.508  28.122787     1.0636      7.358   275.6826 2.0999e+02     1.0393     -0.156     -0.227    13.5126 0.0000e+00
     -0.163     -0.026     8.7942     84.428     36.528  28.137476     1.0486      7.357   275.7475 2.0920e+02     1.0899     -0.159     -0.231    13.5119 0.0000e+00
     -0.168     -0.027     8.7134     83.653     36.548  28.153315     1.0178      7.352   275.9635 2.0850e+02     1.0629     -0.164     -0.238    13.5118 0.0000e+00
     -0.176     -0.027     8.6526     83.068     36.592  28.187290     1.0032      7.346   276.2304 2.0802e+02     1.0185     -0.172     -0.250    13.5123 0.0000e+00
     -0.186     -0.026     8.6159     82.714     36.731  28.294261     1.0004      7.342   276.1345 2.0617e+02     1.0115     -0.182     -0.264    13.5125 0.0000e+00
     -0.195     -0.024     8.6050     82.608     36.910  28.430679     1.0117      7.340   275.7500 2.0401e+02     1.0389     -0.191     -0.278    13.5124 0.0000e+00
     -0.201     -0.020     8.6149     82.701     37.088  28.566688     1.0487      7.343   275.6263 2.0279e+02     1.1360     -0.199     -0.289    13.5125 0.0000e+00
     -0.204     -0.015     8.6429     82.967     37.304  28.732201     1.0697      7.348   275.9301 2.0110e+02     1.2400     -0.201     -0.291    13.5124 0.0000e+00
     -0.206     -0.010     8.6872     83.389     37.534  28.907838     1.0741      7.353   276.4108 1.9981e+02     1.2891     -0.201     -0.292    13.5118 0.0000e+00
     -0.207     -0.005     8.7481     83.970     37.706  29.039233     1.0743      7.358   276.7920 1.9942e+02     1.2721     -0.204     -0.295    13.5108 0.0000e+00
     -0.208     -0.002     8.8292     84.745     37.723  29.050821     1.0446      7.363   276.9261 1.9861e+02     1.1869     -0.206     -0.299    13.5093 0.0000e+00
     -0.208     -0.000     8.9303     85.711     37.722  29.047948     1.0089      7.369   276.8273 1.9745e+02     1.0828     -0.205     -0.298    13.5079 0.0000e+00
     -0.206      0.001     9.0389     86.750     37.832  29.131503     0.9916      7.375   276.7158 1.9705e+02     1.0201     -0.202     -0.293    13.5059 0.0000e+00
     -0.205      0.003     9.1321     87.642     37.886  29.172026     0.9816      7.382   276.6968 1.9789e+02     1.0087     -0.200     -0.291    13.5039 0.0000e+00
     -0.206      0.006     9.1967     88.261     37.867  29.156888     0.9899      7.385   276.7694 1.9889e+02     1.0371     -0.201     -0.293    13.5021 0.0000e+00
     -0.206      0.008     9.2276     88.556     37.844  29.138985     0.9995      7.385   276.9915 1.9976e+02     1.0584     -0.203     -0.295    13.5001 0.0000e+00
     -0.205      0.010     9.2186     88.470     37.771  29.082563     0.9875      7.380   277.1455 2.0124e+02     1.0518     -0.203     -0.295    13.4979 0.0000e+00
     -0.200      0.011     9.1703     88.005     37.724  29.046224     0.9837      7.374   276.9957 2.0300e+02     1.0492     -0.197     -0.286    13.4963 0.0000e+00
     -0.193      0.011     9.0884     87.218     37.769  29.080642     0.9807      7.368   276.7301 2.0410e+02     1.0876     -0.187     -0.273    13.4959 0.0000e+00
     -0.189      0.010     8.9833     86.208     37.818  29.117683     0.9607      7.363   276.6874 2.0460e+02     1.1191     -0.184     -0.267    13.4960 0.0000e+00
     -0.188      0.007     8.8679     85.100     37.812  29.113067     0.9525      7.362   276.9090 2.0488e+02     1.0952     -0.184     -0.267    13.4958 0.0000e+00
     -0.189      0.003     8.7525     83.992     37.781  29.088325     0.9462      7.365   277.1715 2.0483e+02     1.0734     -0.185     -0.268    13.4952 0.0000e+00
     -0.189      0.001     8.6425     82.935     37.761  29.072544     0.9299      7.367   277.3672 2.0486e+02     1.0686     -0.185     -0.269    13.4945 0.0000e+00
     -0.189      0.000     8.5405     81.955     37.731  29.049259     0.9304      7.370   277.4687 2.0497e+02     1.0679     -0.185     -0.269    13.4939 0.0000e+00
     -0.189      0.001     8.4453     81.041     37.664  28.997301     0.9433      7.375   277.4518 2.0500e+02     1.0657     -0.186     -0.269    13.4936 0.0000e+00
     -0.189      0.004     8.3554     80.177     37.607  28.952356     0.9473      7.380   277.3346 2.0524e+02     1.0414     -0.185     -0.268    13.4930 0.0000e+00
     -0.188      0.007     8.2737     79.392     37.605  28.950351     0.9424      7.384   277.2561 2.0550e+02     1.0175     -0.185     -0.268    13.4924 0.0000e+00
     -0.187      0.012     8.2019     78.702     37.635  28.973052     0.9398      7.387   277.3635 2.0581e+02     1.0517     -0.184     -0.267    13.4918 0.0000e+00
     -0.185      0.017     8.1378     78.086     37.635  28.972826     0.9438      7.389   277.6004 2.0620e+02     1.0891     -0.182     -0.264    13.4910 0.0000e+00
     -0.180      0.022     8.0784     77.514     37.603  28.947620     0.9444      7.389   277.7984 2.0636e+02     1.0723     -0.177     -0.257    13.4904 0.0000e+00
     -0.172      0.027     8.0208     76.960     37.571  28.922304     0.9371      7.385   277.7784 2.0655e+02     1.0626     -0.168     -0.244    13.4898 0.0000e+00
     -0.163      0.032     7.9650     76.424     37.569  28.920741     0.9476      7.375   277.5303 2.0714e+02     1.0640     -0.161     -0.233    13.4892 0.0000e+00
     -0.155      0.037     7.9151     75.944     37.580  28.928719     0.9793      7.363   277.2077 2.0772e+02     1.0582     -0.152     -0.220    13.4887 0.0000e+00
     -0.146      0.042     7.8718     75.528     37.532  28.891751     0.9901      7.350   276.8896 2.0832e+02     1.0541     -0.144     -0.208    13.4881 0.0000e+00
     -0.136      0.048     7.8336     75.160     37.485  28.854781     0.9854      7.331   276.6951 2.0928e+02     1.0442     -0.136     -0.196    13.4874 0.0000e+00
     -0.123      0.054     7.7990     74.827     37.496  28.862740     0.9969      7.308   276.6627 2.1041e+02     1.0908     -0.121     -0.174    13.4867 0.0000e+00
     -0.108      0.059     7.7649     74.499     37.494  28.860974     1.0097      7.287   276.5837 2.1173e+02     1.1909     -0.107     -0.154    13.4863 0.0000e+00
     -0.093      0.063     7.7327     74.189     37.459  28.833434     1.0111      7.274   276.5142 2.1333e+02     1.2475     -0.093     -0.136    13.4858 0.0000e+00
     -0.074      0.066     7.7090     73.966     37.392  28.783763     1.0146      7.271   276.5974 2.1508e+02     1.2563     -0.072     -0.104    13.4852 0.0000e+00
     -0.055      0.068     7.6993     73.880     37.202  28.641414     1.0327      7.271   276.6425 2.1626e+02     1.2663     -0.051     -0.075    13.4841 0.0000e+00
     -0.039      0.068     7.7079     73.975     36.942  28.445851     1.0553      7.276   276.6295 2.1740e+02     1.3078     -0.040     -0.058    13.4831 0.0000e+00
     -0.023      0.066     7.7422     74.316     36.777  28.324285     1.0681      7.283   276.6126 2.1955e+02     1.3307     -0.024     -0.035    13.4830 0.0000e+00
     -0.004      0.063     7.8137     75.011     36.677  28.251099     1.0767      7.292   276.5244 2.2151e+02     1.2982     -0.003     -0.004    13.4841 0.0000e+00
