Data/DataNotYetUploadedToEDI/Raw_CTD/RawDownloads/042318_fcr50.cnv
* Sea-Bird SBE19plus  Data File:
* FileName = C:\DATA\042318_fcr_0002.hex
* Software version 2.6.3.104 SB_Terminal.dll
* Temperature SN = 7809
* Conductivity SN = 7809
* System UpLoad Time = Apr 23 2018 14:24:39
* <ApplicationData>
* <Seaterm232>
# nquan = 15
# nvalues = 1144                        
# units = specified
# name 0 = depFM: Depth [fresh water, m]
# name 1 = dz/dtM: Descent Rate [m/s]
# name 2 = sbeox0Mg/L: Oxygen, SBE 43 [mg/l]
# name 3 = sbeox0PS: Oxygen, SBE 43 [% saturation]
# name 4 = specc: Specific Conductance [uS/cm]
# name 5 = c0uS/cm: Conductivity [uS/cm]
# name 6 = flECO-AFL: Fluorescence, WET Labs ECO-AFL/FL [mg/m^3]
# name 7 = ph: pH
# name 8 = orp: Oxidation Reduction Potential [mV]
# name 9 = par/sat/log: PAR/Logarithmic, Satlantic
# name 10 = turbWETntu0: Turbidity, WET Labs ECO [NTU]
# name 11 = prdM: Pressure, Strain Gauge [db]
# name 12 = prdE: Pressure, Strain Gauge [psi]
# name 13 = tv290C: Temperature [ITS-90, deg C]
# name 14 = flag:  0.000e+00
# span 0 =     -0.511,      9.807       
# span 1 =     -0.097,      0.156       
# span 2 =     5.8550,    10.8095       
# span 3 =     48.303,    103.578       
# span 4 =      2.308,     43.032       
# span 5 =   1.681445,  32.779274       
# span 6 =    -0.2364,     8.3272       
# span 7 =     -2.948,      7.389       
# span 8 =  -935.4459,   912.0216       
# span 9 = 1.5429e-01, 2.9648e+02       
# span 10 =    -0.2679,    57.9464      
# span 11 =     -0.501,      9.618      
# span 12 =     -0.727,     13.949      
# span 13 =     7.0407,    13.5242      
# span 14 = 0.0000e+00, 0.0000e+00      
# interval = seconds: 0.25
# start_time = Apr 23 2018 14:48:55 [Instrument's time stamp, header]
# bad_flag = -9.990e-29
*END*
     -0.510 8.6275e-20    10.7903     98.808      2.328   1.695658    -0.2271     -2.211  -358.5007 2.9648e+02    -0.1953     -0.500     -0.726    11.4203 0.0000e+00
     -0.511 7.8435e-21    10.7908     98.813      2.312   1.684098    -0.2219     -2.633   197.1139 2.8805e+02    -0.2155     -0.501     -0.727    11.4203 0.0000e+00
     -0.511 7.1305e-22    10.7915     98.820      2.329   1.696659    -0.2127     -2.801   764.2009 2.7880e+02    -0.2160     -0.501     -0.726    11.4203 0.0000e+00
     -0.511 6.4820e-23    10.7914     98.820      2.362   1.720696    -0.2076     -2.935   883.7791 2.6878e+02    -0.2018     -0.501     -0.727    11.4206 0.0000e+00
     -0.511 5.8931e-24    10.7905     98.812      2.363   1.721060    -0.2153     -2.947   886.5522 2.5335e+02    -0.2268     -0.501     -0.727    11.4209 0.0000e+00
     -0.511 5.3745e-25    10.7889     98.797      2.335   1.701057    -0.2321     -2.948   798.3334 2.4040e+02    -0.2440     -0.501     -0.727    11.4211 0.0000e+00
     -0.511 6.7991e-26    10.7896     98.804      2.378   1.732513    -0.2364     -2.948   264.8818 2.3834e+02    -0.2274     -0.501     -0.727    11.4212 0.0000e+00
     -0.511 2.1662e-25    10.7910     98.817      2.449   1.784307    -0.1944     -2.948  -429.2313 2.4138e+02    -0.2395     -0.501     -0.726    11.4212 0.0000e+00
     -0.511 2.3345e-24    10.7909     98.816      2.411   1.756531    -0.1276     -2.948  -646.0296 2.3967e+02    -0.2679     -0.501     -0.726    11.4216 0.0000e+00
     -0.510 2.5675e-23    10.7900     98.807      2.353   1.713761    -0.0915     -2.948  -755.9049 2.2748e+02    -0.2650     -0.500     -0.725    11.4217 0.0000e+00
     -0.510 2.8243e-22    10.7908     98.815      2.349   1.711110    -0.0788     -2.948  -915.7434 1.6593e+02    -0.2352     -0.500     -0.726    11.4218 0.0000e+00
     -0.510 3.1067e-21    10.7951     98.855      2.367   1.724478    -0.1027     -2.948  -935.4459 6.1949e+01    -0.1512     -0.501     -0.726    11.4222 0.0000e+00
     -0.510 3.4173e-20    10.7998     98.898      2.400   1.748555    -0.1684     -2.948  -914.5394 6.2591e+00    -0.0439     -0.500     -0.726    11.4221 0.0000e+00
     -0.510 3.7591e-19    10.8006     98.906      2.400   1.748551    -0.2128     -2.948  -883.2252 6.6725e+00    -0.0052     -0.500     -0.726    11.4220 0.0000e+00
     -0.510 4.1350e-18    10.7984     98.886      2.367   1.724432    -0.2248     -2.948  -870.6993 6.6945e+01    -0.0185     -0.500     -0.725    11.4221 0.0000e+00
     -0.510 4.5485e-17    10.7973     98.876      2.348   1.710605    -0.2218     -2.948  -889.7403 1.7724e+02    -0.0830     -0.500     -0.725    11.4221 0.0000e+00
     -0.510 5.0033e-16    10.7973     98.876      2.345   1.708205    -0.2132     -2.948  -917.1058 2.2536e+02    -0.1752     -0.500     -0.726    11.4224 0.0000e+00
     -0.510 5.5037e-15    10.7963     98.866      2.328   1.695408    -0.2136     -2.948  -910.5025 1.9869e+02    -0.2178     -0.500     -0.725    11.4228 0.0000e+00
     -0.510 6.0540e-14    10.7946     98.851      2.310   1.682715    -0.2166     -2.948  -865.7404 1.6026e+02    -0.2313     -0.500     -0.725    11.4229 0.0000e+00
     -0.510 6.6594e-13    10.7932     98.837      2.308   1.681561    -0.2216     -2.948  -818.9929 1.2727e+02    -0.2170     -0.500     -0.725    11.4228 0.0000e+00
     -0.510 7.3254e-12    10.7920     98.827      2.308   1.681456    -0.2287     -2.948  -769.8866 1.0595e+02    -0.1971     -0.500     -0.725    11.4227 0.0000e+00
     -0.510 8.0579e-11    10.7921     98.828      2.308   1.681446    -0.2288     -2.948  -700.9070 1.0081e+02    -0.2041     -0.500     -0.725    11.4224 0.0000e+00
     -0.510 8.8637e-10    10.7918     98.826      2.308   1.681445    -0.2232     -2.948  -626.1301 1.0477e+02    -0.2104     -0.500     -0.725    11.4222 0.0000e+00
     -0.510 9.7501e-09    10.7906     98.815      2.308   1.681445    -0.2162     -2.948  -559.2417 1.1000e+02    -0.2133     -0.499     -0.724    11.4221 0.0000e+00
     -0.510 1.0725e-07    10.7913     98.820      2.308   1.681449    -0.2092     -2.948  -510.6155 1.1849e+02    -0.2075     -0.500     -0.725    11.4224 0.0000e+00
     -0.510      0.000    10.7935     98.839      2.308   1.681484    -0.2027     -2.948  -549.6126 1.3021e+02    -0.2014     -0.500     -0.725    11.4222 0.0000e+00
     -0.510      0.000    10.7960     98.862      2.309   1.681869    -0.2010     -2.948  -661.6440 1.4112e+02    -0.2313     -0.500     -0.725    11.4226 0.0000e+00
     -0.509      0.000    10.7986     98.887      2.314   1.686111    -0.2071     -2.947  -698.5707 1.5173e+02    -0.2637     -0.499     -0.724    11.4223 0.0000e+00
     -0.509      0.002    10.7988     98.901      2.377   1.732767    -0.2118     -2.940  -564.6898 1.6420e+02    -0.2579     -0.499     -0.724    11.4227 0.0000e+00
     -0.509      0.007    10.7828     98.881      2.895   2.119154    -0.2120     -2.858   -13.9402 1.7671e+02    -0.2221     -0.499     -0.724    11.4213 0.0000e+00
     -0.509      0.020    10.7251     98.847      7.471   5.533453    -0.2096     -1.970   770.0909 1.8901e+02    -0.1659     -0.499     -0.724    11.4226 0.0000e+00
     -0.509      0.040    10.6266     98.820     19.375  14.468430    -0.2108      0.247   912.0216 2.0211e+02    -0.1588     -0.499     -0.724    11.4198 0.0000e+00
     -0.504      0.065    10.5305     98.804     33.009  24.809493    -0.2174      2.755   458.9509 2.1228e+02    -0.1964     -0.499     -0.724    11.4245 0.0000e+00
     -0.486      0.092    10.4638     98.803     40.823  30.855779    -0.2150      4.567   181.2329 2.1791e+02    -0.1944     -0.484     -0.701    11.4176 0.0000e+00
     -0.453      0.117    10.4201     98.802     43.012  32.654709    -0.2097      5.699   151.5100 2.2230e+02    -0.0734     -0.447     -0.647    11.6121 0.0000e+00
     -0.411      0.137    10.3893     98.798     43.032  32.779274    -0.1996      6.361   157.5645 2.2870e+02     1.2356     -0.403     -0.585    12.1143 0.0000e+00
     -0.367      0.151    10.3634     98.788     42.200  32.234973    -0.0102      6.720   167.1925 2.3664e+02    15.7551     -0.359     -0.521    12.5401 0.0000e+00
     -0.326      0.156    10.3409     98.786     40.932  31.345315     0.3523      6.878   174.9986 2.4397e+02    42.3917     -0.317     -0.461    12.7970 0.0000e+00
     -0.288      0.153    10.3239     98.793     40.120  30.787229     0.5534      6.906   180.1907 2.5167e+02    56.9037     -0.283     -0.412    12.9748 0.0000e+00
     -0.248      0.147    10.3133     98.803     39.864  30.631642     0.5657      6.870   184.7993 2.5978e+02    57.9464     -0.244     -0.353    13.0889 0.0000e+00
     -0.208      0.142    10.3119     98.847     39.805  30.607331     0.5650      6.837   188.9068 2.6533e+02    55.1829     -0.202     -0.292    13.1941 0.0000e+00
     -0.174      0.138    10.3208     98.952     40.061  30.810840     0.6547      6.815   191.3937 2.6765e+02    39.5425     -0.170     -0.245    13.2954 0.0000e+00
     -0.144      0.133    10.3390     99.122     40.222  30.932969     0.8229      6.784   193.0145 2.6912e+02    14.9602     -0.143     -0.207    13.3766 0.0000e+00
     -0.111      0.127    10.3648     99.357     39.742  30.559767     0.9173      6.751   193.7045 2.7084e+02     2.3488     -0.109     -0.159    13.4247 0.0000e+00
     -0.076      0.121    10.3989     99.675     39.078  30.045442     0.9327      6.728   193.8860 2.7269e+02     1.1661     -0.073     -0.106    13.4496 0.0000e+00
     -0.043      0.116    10.4417    100.080     38.837  29.858426     0.9632      6.712   195.2953 2.7443e+02     1.0265     -0.040     -0.058    13.4546 0.0000e+00
     -0.015      0.108    10.4901    100.536     38.794  29.822736     1.0191      6.693   197.7526 2.7543e+02     1.0279     -0.013     -0.018    13.4522 0.0000e+00
      0.010      0.098    10.5536    101.136     38.526  29.613919     1.0574      6.668   200.3664 2.7430e+02     1.0602      0.008      0.013    13.4436 0.0000e+00
      0.035      0.084    10.6456    102.011     38.206  29.365804     1.0675      6.636   202.2906 2.4623e+02     1.0817      0.034      0.051    13.4388 0.0000e+00
      0.059      0.069    10.7462    102.973     38.120  29.299479     1.0582      6.600   203.1219 2.0202e+02     1.0747      0.060      0.087    13.4390 0.0000e+00
      0.077      0.054    10.8095    103.578     38.147  29.320024     1.0464      6.565   203.8789 1.8956e+02     1.0668      0.077      0.112    13.4345 0.0000e+00
      0.087      0.039    10.8012    103.498     38.117  29.296693     1.0529      6.532   204.9900 1.9071e+02     1.0773      0.087      0.126    13.4301 0.0000e+00
      0.091      0.023    10.7136    102.664     38.082  29.271397     1.0641      6.505   206.1456 1.8737e+02     1.0802      0.090      0.131    13.4268 0.0000e+00
      0.093      0.006    10.5536    101.143     38.073  29.268196     1.0981      6.485   207.2687 1.8931e+02     1.0703      0.092      0.133    13.4273 0.0000e+00
      0.093     -0.009    10.3321     99.028     38.056  29.257988     1.1523      6.475   208.9329 1.9199e+02     1.0798      0.091      0.132    13.4267 0.0000e+00
      0.092     -0.024    10.0680     96.498     37.995  29.211491     1.1691      6.478   211.2102 1.9843e+02     1.1034      0.092      0.133    13.4246 0.0000e+00
      0.086     -0.034     9.7941     93.872     37.916  29.150529     1.1631      6.493   213.0354 2.0480e+02     1.1115      0.088      0.127    13.4275 0.0000e+00
      0.071     -0.037     9.5411     91.446     38.171  29.346445     1.1531      6.511   214.0524 2.1151e+02     1.0874      0.072      0.104    13.4342 0.0000e+00
      0.052     -0.034     9.3299     89.424     38.680  29.738648     1.1309      6.525   214.7298 2.2189e+02     1.0550      0.050      0.073    13.4393 0.0000e+00
      0.035     -0.029     9.1645     87.844     38.712  29.764809     1.1248      6.533   215.6334 2.2554e+02     1.0559      0.030      0.043    13.4381 0.0000e+00
      0.030     -0.020     9.0353     86.608     38.330  29.472267     1.1341      6.538   216.8040 2.2435e+02     1.0979      0.025      0.036    13.4372 0.0000e+00
      0.034     -0.010     8.9368     85.662     38.041  29.249793     1.1151      6.540   218.1287 2.2373e+02     1.1359      0.034      0.049    13.4370 0.0000e+00
      0.039     -0.001     8.8647     84.970     37.856  29.107039     1.0686      6.544   220.1211 2.2428e+02     1.1184      0.040      0.058    13.4369 0.0000e+00
      0.040      0.004     8.8120     84.468     37.737  29.016311     1.0409      6.552   221.6211 2.2471e+02     1.0703      0.039      0.057    13.4413 0.0000e+00
      0.039      0.004     8.7735     84.101     37.687  28.978356     1.0369      6.562   221.3798 2.2229e+02     1.0719      0.038      0.055    13.4433 0.0000e+00
      0.039      0.003     8.7445     83.826     37.668  28.965640     1.0487      6.574   220.9037 2.2232e+02     1.1075      0.039      0.056    13.4407 0.0000e+00
      0.039      0.002     8.7183     83.577     37.698  28.989570     1.0912      6.587   220.5961 2.2489e+02     1.1046      0.037      0.054    13.4399 0.0000e+00
      0.040      0.002     8.6934     83.342     37.728  29.013694     1.1462      6.601   220.2423 2.2560e+02     1.0976      0.038      0.055    13.4417 0.0000e+00
      0.041      0.003     8.6714     83.135     37.712  29.003307     1.1724      6.612   220.4974 2.2531e+02     1.0844      0.040      0.058    13.4438 0.0000e+00
      0.042      0.003     8.6514     82.947     37.693  28.990986     1.1780      6.620   221.1859 2.2465e+02     1.0666      0.041      0.059    13.4449 0.0000e+00
      0.042      0.003     8.6382     82.825     37.692  28.991736     1.1679      6.626   222.2855 2.2315e+02     1.0656      0.042      0.060    13.4459 0.0000e+00
      0.043      0.003     8.6388     82.835     37.717  29.012371     1.1416      6.635   223.5548 2.2234e+02     1.0419      0.043      0.062    13.4478 0.0000e+00
      0.045      0.003     8.6551     82.992     37.765  29.049981     1.1264      6.647   224.3147 2.2235e+02     1.0235      0.044      0.064    13.4505 0.0000e+00
      0.045      0.002     8.6840     83.268     37.786  29.065454     1.1228      6.659   224.3319 2.2260e+02     1.0265      0.044      0.064    13.4533 0.0000e+00
      0.045      0.002     8.7223     83.633     37.796  29.072449     1.1255      6.670   224.0213 2.2289e+02     1.0478      0.044      0.064    13.4555 0.0000e+00
      0.045      0.001     8.7669     84.060     37.795  29.071047     1.1319      6.678   224.1720 2.2277e+02     1.0669      0.045      0.065    13.4574 0.0000e+00
      0.046     -0.001     8.8123     84.495     37.766  29.048499     1.1262      6.685   224.7779 2.2262e+02     1.0449      0.046      0.066    13.4584 0.0000e+00
      0.046     -0.001     8.8518     84.873     37.773  29.053834     1.1207      6.692   225.5830 2.2201e+02     1.0254      0.046      0.067    13.4574 0.0000e+00
      0.045     -0.002     8.8826     85.168     37.797  29.072051     1.1207      6.697   226.4206 2.2166e+02     1.0446      0.045      0.065    13.4558 0.0000e+00
      0.044     -0.002     8.9037     85.371     37.804  29.078249     1.1170      6.702   226.8169 2.2188e+02     1.0634      0.043      0.063    13.4549 0.0000e+00
      0.043     -0.002     8.9140     85.470     37.787  29.065276     1.1214      6.708   226.7619 2.2156e+02     1.0697      0.042      0.061    13.4545 0.0000e+00
      0.043     -0.001     8.9161     85.492     37.757  29.042197     1.1281      6.714   226.7874 2.2141e+02     1.0896      0.042      0.061    13.4546 0.0000e+00
      0.043      0.000     8.9123     85.456     37.771  29.053219     1.1334      6.720   227.2114 2.2191e+02     1.1521      0.041      0.060    13.4549 0.0000e+00
      0.043      0.001     8.9031     85.370     37.794  29.071535     1.1398      6.729   227.5013 2.2213e+02     1.2450      0.042      0.061    13.4553 0.0000e+00
      0.044      0.002     8.8897     85.244     37.795  29.073148     1.1416      6.738   227.4526 2.2242e+02     1.2980      0.043      0.063    13.4557 0.0000e+00
      0.044      0.002     8.8737     85.089     37.794  29.072727     1.1362      6.747   227.7413 2.2256e+02     1.2743      0.043      0.062    13.4562 0.0000e+00
      0.045      0.002     8.8562     84.921     37.786  29.066444     1.1298      6.754   228.8413 2.2224e+02     1.2326      0.044      0.064    13.4568 0.0000e+00
      0.045      0.001     8.8372     84.738     37.780  29.060683     1.1293      6.759   230.2554 2.2221e+02     1.2213      0.045      0.065    13.4578 0.0000e+00
      0.045      0.000     8.8167     84.539     37.789  29.066571     1.1288      6.764   231.1588 2.2205e+02     1.2295      0.044      0.064    13.4585 0.0000e+00
      0.045 2.0320e-08     8.7938     84.317     37.800  29.074134     1.1239      6.769   231.6759 2.2265e+02     1.2403      0.044      0.064    13.4587 0.0000e+00
      0.045 2.2351e-07     8.7684     84.072     37.820  29.088615     1.1169      6.775   231.8619 2.2404e+02     1.2294      0.045      0.065    13.4585 0.0000e+00
      0.045 2.2351e-07     8.7438     83.833     37.855  29.114652     1.1177      6.781   231.7731 2.2464e+02     1.1889      0.044      0.064    13.4575 0.0000e+00
      0.045 2.0320e-08     8.7213     83.615     37.883  29.134935     1.1239      6.787   232.4094 2.2462e+02     1.1164      0.044      0.064    13.4563 0.0000e+00
      0.045 1.8472e-09     8.7011     83.418     37.895  29.143343     1.1187      6.793   233.7902 2.2459e+02     1.0549      0.044      0.064    13.4549 0.0000e+00
      0.045 1.6793e-10     8.6857     83.268     37.908  29.152800     1.1094      6.798   234.7880 2.2503e+02     1.0569      0.044      0.064    13.4536 0.0000e+00
      0.045 1.5266e-11     8.6762     83.174     37.953  29.185780     1.1125      6.801   235.2671 2.2543e+02     1.1089      0.044      0.064    13.4524 0.0000e+00
