Data/DataNotYetUploadedToEDI/Raw_CTD/RawDownloads/042318_fcr50(2).cnv
* Sea-Bird SBE19plus  Data File:
* FileName = C:\DATA\042318_fcr_0006.hex
* Software version 2.6.3.104 SB_Terminal.dll
* Temperature SN = 7809
* Conductivity SN = 7809
* System UpLoad Time = Apr 23 2018 14:26:40
* <ApplicationData>
* <Seaterm232>
# nquan = 15
# nvalues = 770                         
# units = specified
# name 0 = depFM: Depth [fresh water, m]
# name 1 = dz/dtM: Descent Rate [m/s]
# name 2 = sbeox0Mg/L: Oxygen, SBE 43 [mg/l]
# name 3 = sbeox0PS: Oxygen, SBE 43 [% saturation]
# name 4 = specc: Specific Conductance [uS/cm]
# name 5 = c0uS/cm: Conductivity [uS/cm]
# name 6 = flECO-AFL: Fluorescence, WET Labs ECO-AFL/FL [mg/m^3]
# name 7 = ph: pH
# name 8 = orp: Oxidation Reduction Potential [mV]
# name 9 = par/sat/log: PAR/Logarithmic, Satlantic
# name 10 = turbWETntu0: Turbidity, WET Labs ECO [NTU]
# name 11 = prdM: Pressure, Strain Gauge [db]
# name 12 = prdE: Pressure, Strain Gauge [psi]
# name 13 = tv290C: Temperature [ITS-90, deg C]
# name 14 = flag:  0.000e+00
# span 0 =     -0.513,      9.790       
# span 1 =     -0.157,      0.264       
# span 2 =     6.4902,    10.8407       
# span 3 =     53.803,    104.356       
# span 4 =      0.536,     40.470       
# span 5 =   0.429838,  28.918265       
# span 6 =    -0.2158,     7.3773       
# span 7 =     -2.821,      7.821       
# span 8 = -1240.7455,   399.6452       
# span 9 = 1.6101e-01, 3.3078e+02       
# span 10 =    -0.3007,    19.6787      
# span 11 =     -0.503,      9.601      
# span 12 =     -0.730,     13.925      
# span 13 =     7.0886,    15.1696      
# span 14 = 0.0000e+00, 0.0000e+00      
# interval = seconds: 0.25
# start_time = Apr 23 2018 18:07:14 [Instrument's time stamp, header]
# bad_flag = -9.990e-29
*END*
[from data line 193]
      0.361 -8.825e-41    10.5638    101.681     36.655  28.322752     1.2264      7.390   306.6046 1.6745e+02     1.0646      0.354      0.514    13.6345 0.0000e+00
      0.361 -8.020e-42    10.4737    100.816     36.715  28.369660     1.2005      7.391   306.5488 1.6773e+02     1.0584      0.354      0.514    13.6339 0.0000e+00
      0.361 -7.290e-43    10.3907    100.028     36.711  28.369536     1.1974      7.391   306.5133 1.6657e+02     1.0552      0.354      0.514    13.6320 0.0000e+00
      0.361 -6.630e-44    10.3135     99.294     36.645  28.321251     1.2158      7.392   306.6046 1.6629e+02     1.0560      0.354      0.514    13.6306 0.0000e+00
      0.361 -6.025e-45    10.2465     98.651     36.608  28.293874     1.2487      7.393   306.7066 1.6681e+02     1.0690      0.354      0.514    13.6292 0.0000e+00
      0.361 -5.479e-46    10.1915     98.121     36.607  28.292520     1.2651      7.393   306.7140 1.6708e+02     1.0905      0.354      0.514    13.6299 0.0000e+00
      0.361 -4.853e-47    10.1450     97.670     36.624  28.304888     1.2578      7.393   306.6940 1.6597e+02     1.1013      0.354      0.514    13.6358 0.0000e+00
      0.361 9.4906e-48    10.1059     97.286     36.642  28.316413     1.2431      7.393   306.7237 1.6337e+02     1.1079      0.354      0.513    13.6405 0.0000e+00
      0.361 1.5379e-46    10.0759     96.986     36.632  28.304856     1.2247      7.392   306.8151 1.6347e+02     1.0794      0.354      0.513    13.6418 0.0000e+00
      0.361 1.6962e-45    10.0540     96.763     36.622  28.292157     1.2104      7.391   306.8521 1.6727e+02     1.0317      0.354      0.513    13.6414 0.0000e+00
      0.361 1.8658e-44    10.0380     96.596     36.624  28.289869     1.2084      7.391   306.8271 1.6914e+02     1.0492      0.354      0.514    13.6392 0.0000e+00
      0.361 2.0524e-43    10.0285     96.496     36.612  28.277180     1.2274      7.390   306.8570 1.6734e+02     1.0771      0.354      0.514    13.6361 0.0000e+00
      0.361 2.2576e-42    10.0232     96.443     36.598  28.265739     1.2569      7.388   306.8691 1.6495e+02     1.0647      0.354      0.514    13.6311 0.0000e+00
      0.361 2.4834e-41    10.0172     96.386     36.613  28.278533     1.2615      7.387   306.8881 1.6361e+02     1.0823      0.354      0.514    13.6242 0.0000e+00
      0.361 2.7317e-40    10.0102     96.321     36.647  28.304868     1.2550      7.384   307.0001 1.6320e+02     1.1073      0.354      0.514    13.6180 0.0000e+00
      0.361 3.0049e-39    10.0048     96.271     36.678  28.330154     1.2615      7.381   307.1048 1.6404e+02     1.0918      0.354      0.514    13.6138 0.0000e+00
      0.362 3.3054e-38    10.0010     96.238     36.677  28.330267     1.2673      7.379   307.1215 1.6590e+02     1.0776      0.355      0.515    13.6129 0.0000e+00
      0.362 3.6359e-37     9.9969     96.206     36.642  28.306231     1.2689      7.379   307.1164 1.6796e+02     1.0878      0.355      0.515    13.6145 0.0000e+00
      0.362 3.9995e-36     9.9895     96.147     36.620  28.293541     1.2726      7.378   307.0433 1.7016e+02     1.0929      0.355      0.515    13.6151 0.0000e+00
      0.361 4.3995e-35     9.9788     96.052     36.630  28.303846     1.2749      7.376   306.9255 1.7167e+02     1.0791      0.354      0.514    13.6157 0.0000e+00
      0.361 4.8394e-34     9.9678     95.947     36.630  28.303818     1.2692      7.376   306.8967 1.7120e+02     1.0738      0.354      0.514    13.6174 0.0000e+00
      0.362 5.3234e-33     9.9580     95.848     36.618  28.293208     1.2687      7.377   306.8665 1.6915e+02     1.0900      0.355      0.515    13.6210 0.0000e+00
      0.362 5.8557e-32     9.9495     95.761     36.633  28.302558     1.2771      7.379   306.8190 1.6784e+02     1.0919      0.355      0.515    13.6274 0.0000e+00
      0.361 6.4413e-31     9.9428     95.696     36.617  28.289866     1.2792      7.379   306.8382 1.6821e+02     1.0656      0.354      0.514    13.6325 0.0000e+00
      0.361 7.0854e-30     9.9387     95.658     36.586  28.266756     1.2666      7.379   306.8414 1.6819e+02     1.0465      0.354      0.513    13.6322 0.0000e+00
      0.362 7.7939e-29     9.9378     95.649     36.600  28.277147     1.2336      7.379   306.7719 1.6707e+02     1.0442      0.355      0.515    13.6284 0.0000e+00
      0.362 8.5733e-28     9.9383     95.655     36.614  28.288492     1.2022      7.379   306.7724 1.6677e+02     1.0375      0.355      0.515    13.6257 0.0000e+00
      0.362 9.4307e-27     9.9389     95.663     36.597  28.276928     1.1999      7.379   306.8470 1.6682e+02     1.0264      0.355      0.515    13.6258 0.0000e+00
      0.362 1.0374e-25     9.9401     95.673     36.582  28.264331     1.2154      7.378   306.8997 1.6618e+02     1.0014      0.355      0.514    13.6273 0.0000e+00
      0.362 1.1411e-24     9.9421     95.686     36.584  28.263176     1.2240      7.376   306.8928 1.6608e+02     0.9801      0.354      0.515    13.6265 0.0000e+00
      0.362 1.2552e-23     9.9421     95.681     36.585  28.262968     1.2208      7.373   306.8498 1.6758e+02     1.0131      0.355      0.516    13.6268 0.0000e+00
      0.362 1.3807e-22     9.9393     95.652     36.584  28.261813     1.2138      7.371   306.8958 1.6858e+02     1.0647      0.355      0.515    13.6302 0.0000e+00
      0.362 1.5188e-21     9.9384     95.646     36.568  28.249207     1.2221      7.369   307.0187 1.6775e+02     1.0547      0.355      0.515    13.6288 0.0000e+00
      0.362 1.6707e-20     9.9422     95.683     36.552  28.237547     1.2481      7.366   307.1312 1.6687e+02     1.0146      0.354      0.514    13.6244 0.0000e+00
      0.362 1.8378e-19     9.9490     95.748     36.566  28.247841     1.2706      7.361   307.1386 1.6718e+02     1.0061      0.355      0.515    13.6218 0.0000e+00
      0.362 2.0215e-18     9.9550     95.802     36.566  28.246676     1.2735      7.357   307.1075 1.6818e+02     1.0131      0.355      0.515    13.6209 0.0000e+00
      0.362 2.2237e-17     9.9586     95.831     36.539  28.223461     1.2736      7.354   307.0991 1.6680e+02     1.0385      0.355      0.515    13.6221 0.0000e+00
      0.362 2.4461e-16     9.9621     95.856     36.540  28.221142     1.3000      7.354   307.0372 1.6360e+02     1.0691      0.355      0.515    13.6234 0.0000e+00
      0.362 2.6907e-15     9.9663     95.886     36.541  28.218635     1.3260      7.354   307.0473 1.6291e+02     1.0780      0.355      0.515    13.6229 0.0000e+00
      0.362 2.9597e-14     9.9683     95.894     36.512  28.193140     1.3303      7.355   307.1354 1.6435e+02     1.0853      0.354      0.514    13.6214 0.0000e+00
      0.362 3.2557e-13     9.9671     95.874     36.482  28.166888     1.3340      7.356   307.1558 1.6529e+02     1.0967      0.355      0.515    13.6184 0.0000e+00
      0.362 3.5813e-12     9.9641     95.840     36.470  28.155227     1.3432      7.357   307.0355 1.6477e+02     1.0932      0.356      0.516    13.6138 0.0000e+00
      0.362 3.9394e-11     9.9591     95.791     36.501  28.179152     1.3404      7.358   306.8859 1.6316e+02     1.0427      0.355      0.516    13.6090 0.0000e+00
      0.362 4.3334e-10     9.9554     95.757     36.531  28.202149     1.3283      7.358   306.8089 1.6323e+02     1.0056      0.355      0.516    13.6039 0.0000e+00
      0.362 4.7667e-09     9.9565     95.768     36.501  28.179287     1.3339      7.358   306.7934 1.6530e+02     1.0401      0.356      0.516    13.5995 0.0000e+00
      0.362 5.2434e-08     9.9599     95.798     36.472  28.156729     1.3626      7.357   306.8708 1.6654e+02     1.0632      0.355      0.515    13.5969 0.0000e+00
      0.362 5.7677e-07     9.9630     95.822     36.509  28.183396     1.3902      7.356   306.8845 1.6670e+02     1.0409      0.355      0.515    13.5967 0.0000e+00
      0.362      0.000     9.9666     95.850     36.596  28.247717     1.3913      7.354   306.8728 1.6600e+02     1.0152      0.355      0.516    13.5979 0.0000e+00
      0.362      0.000     9.9686     95.866     36.665  28.299424     1.3767      7.352   306.9010 1.6527e+02     1.0272      0.355      0.516    13.5983 0.0000e+00
      0.362      0.001     9.9669     95.852     36.665  28.300577     1.3607      7.352   306.7099 1.6546e+02     1.0944      0.355      0.516    13.5974 0.0000e+00
      0.362      0.003     9.9627     95.818     36.611  28.261656     1.3356      7.350   306.3684 1.6578e+02     1.1262      0.355      0.515    13.5949 0.0000e+00
      0.362      0.008     9.9572     95.766     36.543  28.209836     1.3206      7.332   306.1274 1.6673e+02     1.0758      0.355      0.516    13.5901 0.0000e+00
      0.363      0.012     9.9528     95.714     36.512  28.182034     1.3269      7.300   306.1199 1.6736e+02     1.0339      0.356      0.516    13.5878 0.0000e+00
      0.366      0.015     9.9516     95.689     36.515  28.179509     1.3293      7.273   306.2764 1.6586e+02     1.0459      0.356      0.517    13.5898 0.0000e+00
      0.373      0.016     9.9534     95.698     36.518  28.179291     1.3214      7.261   306.3850 1.6323e+02     1.0699      0.364      0.530    13.5938 0.0000e+00
      0.381      0.015     9.9562     95.725     36.519  28.179406     1.3234      7.256   306.4874 1.6149e+02     1.0491      0.376      0.547    13.5971 0.0000e+00
      0.386      0.012     9.9585     95.749     36.520  28.180893     1.3354      7.254   306.4817 1.6220e+02     1.0082      0.380      0.552    13.5907 0.0000e+00
      0.388      0.003     9.9600     95.766     36.540  28.197278     1.3378      7.274   306.1435 1.6412e+02     1.0330      0.381      0.551    13.5809 0.0000e+00
      0.388     -0.013     9.9595     95.775     36.603  28.250510     1.3342      7.328   305.4957 1.6443e+02     1.1040      0.381      0.553    13.5784 0.0000e+00
      0.388     -0.037     9.9555     95.767     36.675  28.316516     1.3283      7.391   304.9306 1.6461e+02     1.1043      0.382      0.554    13.5786 0.0000e+00
      0.382     -0.066     9.9500     95.758     36.712  28.360359     1.3222      7.437   304.7314 1.6694e+02     1.0675      0.377      0.548    13.5798 0.0000e+00
      0.367     -0.096     9.9467     95.775     36.740  28.399623     1.3244      7.465   304.3776 1.7084e+02     1.0850      0.366      0.531    13.5798 0.0000e+00
      0.335     -0.125     9.9457     95.815     36.732  28.410260     1.3280      7.484   303.7504 1.7642e+02     1.1028      0.336      0.487    13.5838 0.0000e+00
      0.289     -0.147     9.9479     95.879     36.650  28.361997     1.3287      7.497   303.4292 1.8318e+02     1.1007      0.284      0.412    13.5995 0.0000e+00
      0.239     -0.157     9.9542     95.970     36.587  28.324107     1.3328      7.507   303.5046 1.9158e+02     1.0587      0.234      0.339    13.6220 0.0000e+00
      0.191     -0.153     9.9608     96.050     36.592  28.333144     1.3412      7.512   303.6291 2.0145e+02     1.0229      0.188      0.272    13.6462 0.0000e+00
      0.148     -0.138     9.9640     96.083     36.605  28.344271     1.3467      7.505   303.5582 2.1240e+02     1.0649      0.142      0.205    13.6701 0.0000e+00
      0.114     -0.118     9.9653     96.091     36.591  28.331636     1.3447      7.487   303.2507 2.1831e+02     1.0776      0.106      0.154    13.6920 0.0000e+00
      0.092     -0.099     9.9666     96.097     36.563  28.307378     1.3442      7.471   302.7500 2.2020e+02     1.0543      0.089      0.130    13.7071 0.0000e+00
      0.077     -0.084     9.9660     96.082     36.564  28.304973     1.3494      7.472   302.4941 2.3019e+02     1.0578      0.077      0.112    13.7139 0.0000e+00
      0.062     -0.072     9.9639     96.051     36.565  28.302560     1.3348      7.485   302.6530 2.4330e+02     1.0592      0.061      0.088    13.7141 0.0000e+00
      0.044     -0.065     9.9634     96.034     36.539  28.278200     1.2954      7.494   302.7777 2.5002e+02     1.0708      0.046      0.066    13.7109 0.0000e+00
      0.024     -0.060     9.9647     96.034     36.527  28.264431     1.2680      7.498   302.8822 2.4904e+02     1.0753      0.023      0.034    13.7071 0.0000e+00
      0.007     -0.057     9.9676     96.052     36.529  28.263074     1.2618      7.499   303.1430 2.4452e+02     1.0537      0.003      0.004    13.7034 0.0000e+00
     -0.004     -0.053     9.9718     96.083     36.532  28.261797     1.2481      7.494   303.0051 2.4115e+02     1.0535     -0.003     -0.005    13.6994 0.0000e+00
     -0.014     -0.052     9.9736     96.086     36.522  28.248984     1.2213      7.489   302.4203 2.3890e+02     1.0725     -0.013     -0.018    13.6922 0.0000e+00
     -0.025     -0.052     9.9715     96.048     36.512  28.235149     1.2047      7.493   302.0953 2.3915e+02     1.0699     -0.026     -0.037    13.6853 0.0000e+00
     -0.037     -0.056     9.9689     96.013     36.499  28.221514     1.2042      7.504   302.0866 2.4196e+02     1.0529     -0.035     -0.051    13.6822 0.0000e+00
     -0.051     -0.060     9.9661     95.983     36.486  28.211122     1.2238      7.515   302.4015 2.4421e+02     1.0799     -0.048     -0.069    13.6789 0.0000e+00
     -0.070     -0.060     9.9615     95.937     36.520  28.236503     1.2575      7.523   302.9770 2.4297e+02     1.1214     -0.067     -0.096    13.6710 0.0000e+00
     -0.091     -0.055     9.9565     95.882     36.572  28.274384     1.2811      7.529   303.0215 2.3994e+02     1.0979     -0.090     -0.130    13.6609 0.0000e+00
     -0.110     -0.048     9.9526     95.842     36.592  28.288134     1.2880      7.532   302.3384 2.3902e+02     1.0394     -0.111     -0.161    13.6552 0.0000e+00
     -0.121     -0.039     9.9505     95.828     36.573  28.275746     1.2769      7.533   301.6862 2.3868e+02     1.0247     -0.122     -0.176    13.6562 0.0000e+00
     -0.124     -0.033     9.9520     95.851     36.538  28.251616     1.2487      7.534   301.4165 2.3718e+02     1.0422     -0.123     -0.177    13.6565 0.0000e+00
     -0.124     -0.030     9.9558     95.891     36.534  28.250378     1.2131      7.536   301.4868 2.3631e+02     1.0379     -0.122     -0.176    13.6512 0.0000e+00
     -0.127     -0.030     9.9598     95.928     36.549  28.260779     1.1952      7.541   301.7621 2.3571e+02     1.0336     -0.123     -0.178    13.6483 0.0000e+00
     -0.136     -0.034     9.9653     95.979     36.536  28.250378     1.1979      7.545   301.9923 2.3467e+02     1.0511     -0.131     -0.190    13.6534 0.0000e+00
     -0.150     -0.039     9.9718     96.041     36.538  28.251628     1.1819      7.546   302.1185 2.3437e+02     1.0663     -0.147     -0.214    13.6591 0.0000e+00
     -0.165     -0.042     9.9785     96.105     36.570  28.275882     1.1484      7.544   301.9975 2.3400e+02     1.0650     -0.164     -0.237    13.6602 0.0000e+00
     -0.176     -0.042     9.9845     96.160     36.589  28.289622     1.1329      7.539   301.6470 2.3276e+02     1.0657     -0.173     -0.251    13.6582 0.0000e+00
     -0.185     -0.037     9.9893     96.204     36.591  28.290767     1.1320      7.530   301.4089 2.3058e+02     1.0752     -0.180     -0.263    13.6573 0.0000e+00
     -0.195     -0.032     9.9923     96.233     36.590  28.289726     1.1380      7.520   301.3553 2.2859e+02     1.0568     -0.192     -0.278    13.6582 0.0000e+00
     -0.204     -0.028     9.9917     96.230     36.572  28.277026     1.1503      7.511   301.3434 2.2733e+02     1.0272     -0.202     -0.292    13.6573 0.0000e+00
     -0.209     -0.025     9.9879     96.198     36.553  28.264221     1.1523      7.504   301.4372 2.2464e+02     1.0527     -0.206     -0.298    13.6558 0.0000e+00
     -0.212     -0.022     9.9811     96.136     36.549  28.261901     1.1438      7.500   301.6283 2.2172e+02     1.0903     -0.208     -0.300    13.6542 0.0000e+00
     -0.216     -0.018     9.9716     96.049     36.530  28.248982     1.1296      7.502   301.6753 2.1965e+02     1.0848     -0.210     -0.305    13.6536 0.0000e+00
