Data/DataNotYetUploadedToEDI/Raw_CTD/RawDownloads/042318_fcr49(2).cnv
* Sea-Bird SBE19plus  Data File:
* FileName = C:\DATA\042318_fcr_0005.hex
* Software version 2.6.3.104 SB_Terminal.dll
* Temperature SN = 7809
* Conductivity SN = 7809
* System UpLoad Time = Apr 23 2018 14:26:16
* <ApplicationData>
* <Seaterm232>
# nquan = 15
# nvalues = 1254                        
# units = specified
# name 0 = depFM: Depth [fresh water, m]
# name 1 = dz/dtM: Descent Rate [m/s]
# name 2 = sbeox0Mg/L: Oxygen, SBE 43 [mg/l]
# name 3 = sbeox0PS: Oxygen, SBE 43 [% saturation]
# name 4 = specc: Specific Conductance [uS/cm]
# name 5 = c0uS/cm: Conductivity [uS/cm]
# name 6 = flECO-AFL: Fluorescence, WET Labs ECO-AFL/FL [mg/m^3]
# name 7 = ph: pH
# name 8 = orp: Oxidation Reduction Potential [mV]
# name 9 = par/sat/log: PAR/Logarithmic, Satlantic
# name 10 = turbWETntu0: Turbidity, WET Labs ECO [NTU]
# name 11 = prdM: Pressure, Strain Gauge [db]
# name 12 = prdE: Pressure, Strain Gauge [psi]
# name 13 = tv290C: Temperature [ITS-90, deg C]
# name 14 = flag:  0.000e+00
# span 0 =     -0.512,      9.650       
# span 1 =     -0.118,      0.217       
# span 2 =     6.3167,    10.6805       
# span 3 =     52.079,    102.859       
# span 4 =      3.975,     39.934       
# span 5 =   3.047877,  28.312103       
# span 6 =    -0.2042,     8.3041       
# span 7 =      6.495,      7.967       
# span 8 =   260.4515,  1222.9817       
# span 9 = 3.7375e-01, 9.4481e+02       
# span 10 =    -0.4496,     2.2800      
# span 11 =     -0.503,      9.464      
# span 12 =     -0.729,     13.727      
# span 13 =     7.0271,    13.6633      
# span 14 = 0.0000e+00, 0.0000e+00      
# interval = seconds: 0.25
# start_time = Apr 23 2018 17:01:58 [Instrument's time stamp, header]
# bad_flag = -9.990e-29
*END*
[from data line 964]
      5.361      0.035     8.9175     75.826     37.804  25.166268     6.1832      6.876   331.4230 9.3762e+00     1.5397      5.257      7.625     8.2915 0.0000e+00
      5.370      0.036     8.9626     76.206     37.835  25.184495     6.2403      6.877   331.4300 9.3230e+00     1.5319      5.266      7.638     8.2893 0.0000e+00
      5.380      0.038     9.0082     76.591     37.880  25.213261     6.3528      6.879   331.3665 9.2523e+00     1.4979      5.275      7.650     8.2876 0.0000e+00
      5.390      0.039     9.0486     76.931     37.856  25.196607     6.4218      6.880   331.3438 9.1814e+00     1.4949      5.285      7.665     8.2862 0.0000e+00
      5.401      0.040     9.0834     77.222     37.824  25.173613     6.4401      6.881   331.4994 9.1174e+00     1.4964      5.296      7.682     8.2830 0.0000e+00
      5.411      0.042     9.1116     77.457     37.851  25.189212     6.4916      6.881   331.6996 9.0443e+00     1.5153      5.307      7.697     8.2801 0.0000e+00
      5.421      0.044     9.1314     77.619     37.863  25.194732     6.5846      6.881   331.6996 8.9603e+00     1.5403      5.316      7.709     8.2786 0.0000e+00
      5.431      0.045     9.1449     77.729     37.839  25.176862     6.6366      6.881   331.5849 8.8633e+00     1.5239      5.325      7.724     8.2779 0.0000e+00
      5.443      0.046     9.1547     77.802     37.825  25.163614     6.6235      6.880   331.5183 8.7652e+00     1.5000      5.338      7.742     8.2754 0.0000e+00
      5.456      0.046     9.1602     77.830     37.833  25.161535     6.4440      6.880   331.4961 8.6676e+00     1.4960      5.350      7.760     8.2720 0.0000e+00
      5.470      0.046     9.1630     77.835     37.829  25.151720     6.1213      6.881   331.5736 8.5738e+00     1.5060      5.364      7.780     8.2691 0.0000e+00
      5.482      0.045     9.1617     77.819     37.863  25.171910     5.9479      6.881   331.9395 8.5048e+00     1.5287      5.377      7.798     8.2671 0.0000e+00
      5.493      0.042     9.1544     77.765     37.923  25.215175     5.9372      6.880   332.4784 8.4472e+00     1.5262      5.386      7.812     8.2632 0.0000e+00
      5.502      0.038     9.1424     77.675     37.939  25.230392     5.9367      6.879   332.7546 8.3755e+00     1.4765      5.396      7.826     8.2518 0.0000e+00
      5.512      0.034     9.1250     77.535     37.932  25.228923     5.8961      6.878   332.7846 8.2976e+00     1.4470      5.405      7.840     8.2381 0.0000e+00
      5.521      0.030     9.1034     77.355     37.882  25.197413     5.8314      6.875   332.6693 8.2432e+00     1.4738      5.415      7.854     8.2351 0.0000e+00
      5.529      0.026     9.0796     77.150     37.838  25.166876     5.7987      6.874   332.4789 8.2182e+00     1.4958      5.422      7.864     8.2434 0.0000e+00
      5.534      0.024     9.0561     76.939     37.860  25.177158     5.7951      6.873   332.4616 8.2031e+00     1.4997      5.427      7.871     8.2502 0.0000e+00
      5.538      0.022     9.0351     76.743     37.898  25.194747     5.8154      6.872   332.8891 8.1859e+00     1.5212      5.431      7.877     8.2536 0.0000e+00
      5.542      0.022     9.0171     76.571     37.902  25.189056     5.8511      6.871   333.5184 8.1603e+00     1.5421      5.434      7.881     8.2570 0.0000e+00
      5.547      0.023     9.0021     76.425     37.887  25.171834     5.8679      6.871   333.7044 8.1196e+00     1.5385      5.439      7.888     8.2563 0.0000e+00
      5.554      0.024     8.9880     76.292     37.903  25.176977     5.8715      6.872   333.5883 8.0844e+00     1.5078      5.446      7.899     8.2493 0.0000e+00
      5.562      0.024     8.9730     76.159     37.923  25.187744     5.9122      6.872   333.4055 8.0591e+00     1.4454      5.454      7.912     8.2388 0.0000e+00
      5.569      0.024     8.9573     76.026     37.903  25.175036     5.9751      6.872   333.1287 8.0332e+00     1.4250      5.463      7.923     8.2275 0.0000e+00
      5.575      0.025     8.9397     75.879     37.865  25.150310     5.9974      6.871   332.9096 8.0062e+00     1.4750      5.468      7.931     8.2168 0.0000e+00
      5.579      0.026     8.9217     75.721     37.857  25.142755     5.9978      6.871   333.1654 7.9773e+00     1.5001      5.470      7.934     8.2100 0.0000e+00
      5.584      0.027     8.9070     75.580     37.873  25.147174     6.0442      6.871   333.8985 7.9451e+00     1.5151      5.475      7.940     8.2057 0.0000e+00
      5.591      0.031     8.8935     75.441     37.878  25.140248     6.1358      6.871   334.2875 7.8957e+00     1.5343      5.483      7.952     8.2064 0.0000e+00
      5.600      0.038     8.8811     75.310     37.867  25.122494     6.1860      6.870   334.3420 7.8452e+00     1.5196      5.492      7.966     8.2112 0.0000e+00
      5.610      0.046     8.8696     75.191     37.882  25.122976     6.1919      6.867   334.4707 7.8100e+00     1.5198      5.500      7.978     8.2084 0.0000e+00
      5.620      0.055     8.8584     75.078     37.927  25.146065     6.2528      6.864   334.3804 7.7485e+00     1.5368      5.510      7.992     8.1989 0.0000e+00
      5.634      0.061     8.8469     74.966     37.939  25.147683     6.3621      6.862   334.1114 7.6339e+00     1.5417      5.523      8.010     8.1851 0.0000e+00
      5.653      0.065     8.8335     74.842     37.938  25.142532     6.4197      6.860   334.3156 7.5019e+00     1.5484      5.543      8.040     8.1688 0.0000e+00
      5.676      0.066     8.8189     74.711     37.949  25.147273     6.4253      6.858   334.9567 7.3841e+00     1.5565      5.568      8.075     8.1572 0.0000e+00
      5.696      0.065     8.8054     74.592     37.943  25.141511     6.4296      6.857   335.3242 7.3096e+00     1.5486      5.588      8.104     8.1486 0.0000e+00
      5.712      0.062     8.7938     74.490     37.938  25.136351     6.4353      6.856   335.3174 7.2726e+00     1.5441      5.602      8.125     8.1393 0.0000e+00
      5.723      0.057     8.7826     74.388     37.960  25.148376     6.4388      6.854   335.2179 7.2201e+00     1.5333      5.613      8.141     8.1340 0.0000e+00
      5.734      0.054     8.7716     74.285     37.984  25.159921     6.4443      6.854   334.9824 7.1511e+00     1.5085      5.622      8.155     8.1312 0.0000e+00
      5.747      0.052     8.7606     74.185     37.972  25.148945     6.4468      6.854   334.6208 7.0881e+00     1.5186      5.635      8.173     8.1278 0.0000e+00
      5.762      0.052     8.7502     74.099     37.961  25.142648     6.4608      6.853   334.6305 7.0191e+00     1.5345      5.651      8.196     8.1275 0.0000e+00
      5.777      0.052     8.7405     74.021     37.966  25.147274     6.4936      6.853   335.1001 6.9422e+00     1.5174      5.666      8.217     8.1242 0.0000e+00
      5.791      0.051     8.7314     73.945     37.956  25.141397     6.5126      6.853   335.3943 6.8839e+00     1.4946      5.680      8.236     8.1156 0.0000e+00
      5.802      0.050     8.7271     73.908     37.947  25.135082     6.5247      6.853   335.3492 6.8350e+00     1.4731      5.691      8.254     8.1111 0.0000e+00
      5.813      0.048     8.7266     73.905     37.945  25.134409     6.6579      6.853   335.2422 6.7772e+00     1.4705      5.700      8.268     8.1136 0.0000e+00
      5.827      0.048     8.7253     73.897     37.941  25.133263     6.9103      6.853   335.2198 6.7160e+00     1.4941      5.714      8.288     8.1174 0.0000e+00
      5.840      0.050     8.7238     73.883     37.924  25.121227     7.0495      6.853   335.2501 6.6557e+00     1.4835      5.728      8.308     8.1177 0.0000e+00
      5.850      0.054     8.7234     73.867     37.924  25.115866     7.0825      6.852   335.2642 6.6033e+00     1.4642      5.736      8.320     8.1164 0.0000e+00
      5.862      0.058     8.7258     73.864     37.963  25.131922     7.4004      6.851   335.3042 6.5385e+00     1.5355      5.747      8.335     8.1173 0.0000e+00
      5.878      0.062     8.7313     73.874     37.976  25.124882     7.9894      6.850   335.3037 6.4482e+00     1.6742      5.762      8.357     8.1202 0.0000e+00
      5.897      0.064     8.7351     73.863     37.957  25.094222     8.3041      6.850   335.3444 6.3579e+00     1.7381      5.783      8.387     8.1207 0.0000e+00
      5.916      0.064     8.7354     73.829     37.957  25.078648     8.3012      6.850   335.4528 6.2580e+00     1.7273      5.802      8.415     8.1137 0.0000e+00
      5.933      0.062     8.7359     73.810     37.948  25.063547     8.0823      6.849   335.4948 6.1447e+00     1.6967      5.820      8.441     8.1008 0.0000e+00
      5.949      0.057     8.7345     73.787     37.918  25.038616     7.6896      6.849   335.5086 6.0662e+00     1.6129      5.835      8.463     8.0802 0.0000e+00
      5.963      0.051     8.7287     73.733     37.910  25.031164     7.4677      6.849   335.2751 6.0312e+00     1.5374      5.848      8.482     8.0518 0.0000e+00
      5.974      0.046     8.7225     73.675     37.922  25.036934     7.4390      6.850   334.8224 5.9907e+00     1.5160      5.860      8.498     8.0307 0.0000e+00
      5.984      0.041     8.7155     73.608     37.939  25.044901     7.4166      6.850   334.6810 5.9297e+00     1.5071      5.868      8.512     8.0190 0.0000e+00
      5.994      0.037     8.7067     73.525     37.974  25.063992     7.2427      6.849   334.8567 5.8739e+00     1.4903      5.878      8.527     8.0132 0.0000e+00
      6.003      0.035     8.6978     73.442     37.998  25.077275     6.9448      6.849   335.1398 5.8334e+00     1.4653      5.886      8.539     8.0122 0.0000e+00
      6.011      0.035     8.6892     73.367     38.001  25.078525     6.7828      6.849   335.4359 5.8042e+00     1.4495      5.894      8.549     8.0099 0.0000e+00
      6.019      0.036     8.6817     73.300     38.005  25.079103     6.7544      6.849   335.5976 5.7778e+00     1.4524      5.904      8.562     8.0055 0.0000e+00
      6.028      0.040     8.6778     73.253     38.023  25.084265     6.7302      6.848   335.3744 5.7398e+00     1.4393      5.911      8.574     7.9992 0.0000e+00
      6.037      0.046     8.6763     73.219     38.026  25.077436     6.7016      6.847   334.8882 5.6909e+00     1.4437      5.919      8.584     7.9940 0.0000e+00
      6.049      0.052     8.6746     73.186     38.011  25.060017     6.6935      6.845   334.8821 5.6414e+00     1.4745      5.931      8.602     7.9949 0.0000e+00
      6.063      0.057     8.6743     73.170     38.026  25.064120     6.6967      6.843   335.2138 5.5729e+00     1.4758      5.945      8.623     7.9955 0.0000e+00
      6.079      0.061     8.6752     73.168     38.032  25.063553     6.6942      6.841   335.3714 5.4863e+00     1.4902      5.961      8.646     7.9856 0.0000e+00
      6.098      0.064     8.6724     73.138     38.020  25.053154     6.7004      6.840   335.6694 5.4120e+00     1.5274      5.979      8.672     7.9714 0.0000e+00
      6.117      0.065     8.6637     73.063     38.039  25.065369     6.7072      6.839   336.0639 5.3474e+00     1.5584      6.000      8.702     7.9613 0.0000e+00
      6.133      0.064     8.6518     72.963     38.068  25.084258     6.7026      6.837   335.8387 5.2815e+00     1.5596      6.016      8.725     7.9543 0.0000e+00
      6.148      0.062     8.6365     72.827     38.083  25.091062     6.6906      6.835   335.0975 5.2200e+00     1.5117      6.029      8.745     7.9479 0.0000e+00
      6.164      0.059     8.6138     72.619     38.083  25.084135     6.6816      6.834   334.7595 5.1717e+00     1.4978      6.045      8.767     7.9440 0.0000e+00
      6.179      0.056     8.5858     72.369     38.062  25.063996     6.6861      6.832   334.9360 5.1323e+00     1.5448      6.060      8.790     7.9432 0.0000e+00
      6.193      0.054     8.5577     72.126     38.027  25.038033     6.6902      6.831   335.0807 5.0902e+00     1.5608      6.074      8.810     7.9471 0.0000e+00
      6.206      0.053     8.5324     71.900     38.014  25.024180     6.6856      6.831   335.3045 5.0485e+00     1.5387      6.087      8.828     7.9444 0.0000e+00
      6.219      0.053     8.5123     71.708     38.028  25.023479     6.6580      6.830   335.7490 5.0045e+00     1.5828      6.098      8.845     7.9292 0.0000e+00
      6.232      0.055     8.4955     71.545     38.051  25.029549     6.6038      6.828   335.7224 4.9473e+00     1.6970      6.111      8.864     7.9204 0.0000e+00
      6.245      0.058     8.4809     71.406     38.068  25.034061     6.5726      6.826   335.2411 4.8850e+00     1.7604      6.124      8.882     7.9217 0.0000e+00
      6.259      0.062     8.4729     71.319     38.051  25.014539     6.5663      6.824   335.0925 4.8230e+00     1.7385      6.137      8.902     7.9161 0.0000e+00
      6.276      0.067     8.4740     71.297     38.026  24.983982     6.5545      6.822   335.2157 4.7564e+00     1.7066      6.154      8.926     7.8987 0.0000e+00
      6.294      0.071     8.4805     71.311     38.050  24.982043     6.5495      6.821   335.2684 4.6971e+00     1.7114      6.172      8.951     7.8855 0.0000e+00
      6.314      0.075     8.4873     71.325     38.092  24.991069     6.5601      6.819   335.4717 4.6487e+00     1.7351      6.192      8.981     7.8800 0.0000e+00
      6.334      0.078     8.4917     71.316     38.085  24.966117     6.5640      6.816   335.8663 4.5946e+00     1.7184      6.212      9.009     7.8710 0.0000e+00
      6.354      0.080     8.4905     71.250     38.073  24.934301     6.5510      6.814   335.9100 4.5235e+00     1.6617      6.232      9.039     7.8511 0.0000e+00
      6.374      0.080     8.4849     71.129     38.106  24.923819     6.5490      6.813   335.5705 4.4434e+00     1.6604      6.251      9.066     7.8267 0.0000e+00
      6.395      0.078     8.4759     70.979     38.124  24.902834     6.5680      6.811   335.4605 4.3791e+00     1.7028      6.270      9.094     7.8022 0.0000e+00
      6.417      0.075     8.4594     70.794     38.107  24.871018     6.5883      6.810   335.6121 4.3126e+00     1.7163      6.293      9.127     7.7761 0.0000e+00
      6.438      0.070     8.4368     70.569     38.109  24.856573     6.6378      6.808   335.6829 4.2292e+00     1.7020      6.315      9.159     7.7496 0.0000e+00
      6.455      0.066     8.4092     70.289     38.141  24.855148     6.7160      6.807   335.7139 4.1684e+00     1.6822      6.332      9.183     7.7029 0.0000e+00
      6.469      0.062     8.3758     69.945     38.182  24.853773     6.7535      6.807   335.8151 4.1377e+00     1.6899      6.344      9.201     7.6487 0.0000e+00
      6.481      0.060     8.3358     69.540     38.209  24.839912     6.7502      6.806   335.8739 4.1092e+00     1.7042      6.356      9.219     7.6284 0.0000e+00
      6.495      0.060     8.2891     69.082     38.218  24.814502     6.7317      6.805   335.9087 4.0589e+00     1.7019      6.369      9.236     7.6156 0.0000e+00
      6.511      0.062     8.2350     68.577     38.234  24.800480     6.7047      6.803   335.9787 3.9984e+00     1.6938      6.384      9.259     7.5849 0.0000e+00
      6.528      0.065     8.1754     68.045     38.254  24.797334     6.6895      6.802   335.9457 3.9618e+00     1.6669      6.402      9.286     7.5460 0.0000e+00
      6.545      0.067     8.1150     67.517     38.239  24.776459     6.6859      6.801   335.9395 3.9238e+00     1.6812      6.419      9.309     7.5037 0.0000e+00
      6.562      0.067     8.0564     67.008     38.196  24.738536     6.6791      6.800   335.9891 3.8517e+00     1.7445      6.434      9.331     7.4599 0.0000e+00
      6.580      0.066     7.9998     66.522     38.178  24.719748     6.6531      6.799   335.8580 3.7887e+00     1.7613      6.452      9.358     7.4250 0.0000e+00
      6.599      0.065     7.9471     66.073     38.217  24.739760     6.6300      6.798   335.7310 3.7407e+00     1.7630      6.472      9.388     7.4094 0.0000e+00
