Data/DataNotYetUploadedToEDI/Raw_CTD/RawDownloads/042318_fcr47.cnv
* Sea-Bird SBE19plus  Data File:
* FileName = C:\DATA\042318_fcr_0003.hex
* Software version 2.6.3.104 SB_Terminal.dll
* Temperature SN = 7809
* Conductivity SN = 7809
* System UpLoad Time = Apr 23 2018 14:25:07
* <ApplicationData>
* <Seaterm232>
# nquan = 15
# nvalues = 851                         
# units = specified
# name 0 = depFM: Depth [fresh water, m]
# name 1 = dz/dtM: Descent Rate [m/s]
# name 2 = sbeox0Mg/L: Oxygen, SBE 43 [mg/l]
# name 3 = sbeox0PS: Oxygen, SBE 43 [% saturation]
# name 4 = specc: Specific Conductance [uS/cm]
# name 5 = c0uS/cm: Conductivity [uS/cm]
# name 6 = flECO-AFL: Fluorescence, WET Labs ECO-AFL/FL [mg/m^3]
# name 7 = ph: pH
# name 8 = orp: Oxidation Reduction Potential [mV]
# name 9 = par/sat/log: PAR/Logarithmic, Satlantic
# name 10 = turbWETntu0: Turbidity, WET Labs ECO [NTU]
# name 11 = prdM: Pressure, Strain Gauge [db]
# name 12 = prdE: Pressure, Strain Gauge [psi]
# name 13 = tv290C: Temperature [ITS-90, deg C]
# name 14 = flag:  0.000e+00
# span 0 =     -0.336,      8.512       
# span 1 =     -0.108,      0.217       
# span 2 =     6.6115,    10.7880       
# span 3 =     58.809,    103.698       
# span 4 =     35.948,     38.762       
# span 5 =  24.661837,  28.798216       
# span 6 =     0.2831,     6.7074       
# span 7 =      6.667,      7.323       
# span 8 =   224.4266,   304.5256       
# span 9 = 5.2601e-01, 4.6243e+02       
# span 10 =     0.9505,    28.7447      
# span 11 =     -0.348,      8.350      
# span 12 =     -0.505,     12.111      
# span 13 =     7.0542,    13.6671      
# span 14 = 0.0000e+00, 0.0000e+00      
# interval = seconds: 0.25
# start_time = Apr 23 2018 16:29:10 [Instrument's time stamp, header]
# bad_flag = -9.990e-29
*END*
[from data line 290]
      0.087      0.000     9.9616     95.727     36.361  28.040373     0.9385      7.280   266.6278 3.9560e+02     1.0447      0.084      0.122    13.5552 0.0000e+00
      0.086      0.002     9.9665     95.775     36.368  28.046500     0.9385      7.278   266.7419 3.9080e+02     1.0350      0.083      0.121    13.5560 0.0000e+00
      0.089      0.002     9.9680     95.790     36.375  28.052258     0.9415      7.275   266.7894 3.8781e+02     1.0597      0.086      0.127    13.5557 0.0000e+00
      0.093      0.002     9.9681     95.792     36.368  28.046484     0.9475      7.273   266.9441 3.8769e+02     1.0685      0.092      0.134    13.5552 0.0000e+00
      0.095      0.002     9.9682     95.794     36.359  28.040187     0.9468      7.273   267.0637 3.8862e+02     1.0810      0.095      0.137    13.5555 0.0000e+00
      0.094      0.001     9.9671     95.783     36.358  28.039618     0.9323      7.274   267.1175 3.8982e+02     1.0584      0.092      0.134    13.5559 0.0000e+00
      0.092     -0.001     9.9664     95.776     36.358  28.039617     0.9197      7.278   267.2505 3.9012e+02     1.0088      0.089      0.130    13.5558 0.0000e+00
      0.091     -0.001     9.9673     95.784     36.359  28.040176     0.8954      7.283   267.2946 3.9023e+02     0.9997      0.088      0.128    13.5565 0.0000e+00
      0.091     -0.001     9.9687     95.795     36.368  28.046369     0.8504      7.286   267.1347 3.8974e+02     1.0400      0.089      0.129    13.5574 0.0000e+00
      0.091      0.000     9.9712     95.819     36.375  28.050997     0.8255      7.288   266.9520 3.8830e+02     1.0680      0.089      0.130    13.5577 0.0000e+00
      0.091      0.001     9.9743     95.848     36.351  28.032630     0.8236      7.291   266.9786 3.8756e+02     1.0338      0.090      0.130    13.5573 0.0000e+00
      0.091      0.001     9.9760     95.861     36.329  28.014791     0.8561      7.294   267.1983 3.8850e+02     1.0229      0.090      0.130    13.5566 0.0000e+00
      0.091      0.001     9.9763     95.861     36.344  28.025816     0.9142      7.297   267.3714 3.9047e+02     1.0584      0.090      0.130    13.5556 0.0000e+00
      0.092      0.001     9.9763     95.861     36.362  28.038932     0.9382      7.299   267.4373 3.9132e+02     1.0660      0.090      0.131    13.5552 0.0000e+00
      0.093      0.001     9.9758     95.856     36.372  28.046370     0.9348      7.301   267.4787 3.9215e+02     1.0542      0.091      0.132    13.5551 0.0000e+00
      0.093      0.001     9.9724     95.826     36.378  28.052246     0.9380      7.301   267.6129 3.9556e+02     1.0681      0.092      0.133    13.5542 0.0000e+00
      0.093      0.001     9.9677     95.784     36.369  28.046482     0.9492      7.302   267.7701 3.9876e+02     1.1123      0.091      0.132    13.5527 0.0000e+00
      0.093      0.001     9.9651     95.765     36.359  28.040186     0.9508      7.304   267.9166 3.9795e+02     1.1306      0.091      0.133    13.5517 0.0000e+00
      0.093      0.001     9.9661     95.782     36.355  28.039618     0.9388      7.305   268.0933 3.9441e+02     1.1061      0.091      0.132    13.5517 0.0000e+00
      0.093      0.002     9.9693     95.822     36.351  28.039619     0.9326      7.304   268.1848 3.9139e+02     1.0915      0.091      0.133    13.5529 0.0000e+00
      0.094      0.002     9.9700     95.836     36.348  28.040201     0.9401      7.303   268.2497 3.8849e+02     1.0755      0.092      0.133    13.5547 0.0000e+00
      0.095      0.003     9.9674     95.816     36.354  28.046654     0.9463      7.302   268.2748 3.8526e+02     1.0658      0.093      0.134    13.5568 0.0000e+00
      0.096      0.003     9.9667     95.814     36.362  28.054144     0.9440      7.299   268.1441 3.8407e+02     1.0958      0.094      0.136    13.5608 0.0000e+00
      0.097      0.003     9.9687     95.838     36.377  28.067264     0.9583      7.294   268.0461 3.8430e+02     1.1027      0.095      0.138    13.5657 0.0000e+00
      0.097      0.003     9.9706     95.857     36.390  28.078289     0.9902      7.289   268.2088 3.8350e+02     1.0882      0.095      0.137    13.5693 0.0000e+00
      0.098      0.002     9.9718     95.865     36.369  28.060450     1.0077      7.285   268.4766 3.8286e+02     1.0737      0.096      0.138    13.5717 0.0000e+00
      0.098      0.001     9.9733     95.875     36.348  28.042080     1.0056      7.282   268.5310 3.8383e+02     1.0491      0.096      0.140    13.5737 0.0000e+00
      0.098      0.000     9.9770     95.906     36.355  28.046671     1.0016      7.281   268.4356 3.8459e+02     1.0345      0.096      0.140    13.5760 0.0000e+00
      0.099     -0.002     9.9824     95.955     36.364  28.052458     1.0234      7.283   268.4420 3.8565e+02     1.0490      0.097      0.141    13.5769 0.0000e+00
      0.099     -0.002     9.9862     95.990     36.359  28.048546     1.0666      7.287   268.5226 3.8765e+02     1.0727      0.098      0.143    13.5747 0.0000e+00
      0.097     -0.002     9.9881     96.005     36.379  28.062873     1.0915      7.290   268.5500 3.8806e+02     1.0454      0.095      0.139    13.5713 0.0000e+00
      0.095     -0.001     9.9874     95.998     36.426  28.098682     1.0948      7.292   268.6005 3.8691e+02     1.0244      0.092      0.134    13.5696 0.0000e+00
      0.095     -0.001     9.9834     95.963     36.427  28.100503     1.1069      7.293   268.7032 3.8491e+02     1.0637      0.092      0.133    13.5689 0.0000e+00
      0.096     -0.001     9.9777     95.912     36.405  28.084898     1.1369      7.294   268.6736 3.8360e+02     1.0927      0.094      0.137    13.5677 0.0000e+00
      0.097      0.000     9.9716     95.856     36.424  28.100498     1.1540      7.295   268.5862 3.8622e+02     1.1007      0.096      0.140    13.5662 0.0000e+00
      0.097 -1.049e-13     9.9656     95.797     36.421  28.098624     1.1485      7.296   268.6798 3.8977e+02     1.0991      0.095      0.139    13.5658 0.0000e+00
      0.096 -1.154e-12     9.9599     95.740     36.375  28.062243     1.1440      7.298   268.9450 3.9057e+02     1.0741      0.094      0.136    13.5676 0.0000e+00
      0.096 -1.269e-11     9.9576     95.714     36.350  28.041618     1.1454      7.298   269.2119 3.9127e+02     1.0725      0.093      0.135    13.5701 0.0000e+00
      0.096 -1.396e-10     9.9596     95.729     36.350  28.039748     1.1555      7.297   269.3253 3.9334e+02     1.0798      0.094      0.136    13.5718 0.0000e+00
      0.096 -1.536e-09     9.9642     95.771     36.351  28.039629     1.1651      7.297   269.2830 3.9604e+02     1.0712      0.095      0.137    13.5713 0.0000e+00
      0.096 -1.689e-08     9.9697     95.824     36.352  28.040186     1.1696      7.297   269.3029 3.9694e+02     1.0909      0.094      0.137    13.5695 0.0000e+00
      0.096 -1.858e-07     9.9755     95.879     36.360  28.046482     1.1924      7.297   269.5663 3.9538e+02     1.1037      0.095      0.138    13.5675 0.0000e+00
      0.096 -1.828e-07     9.9825     95.942     36.369  28.052255     1.2104      7.298   269.8006 3.9352e+02     1.0740      0.094      0.137    13.5658 0.0000e+00
      0.095 2.0025e-08     9.9901     96.011     36.364  28.046482     1.2033      7.298   269.8130 3.9146e+02     1.0369      0.093      0.135    13.5650 0.0000e+00
      0.095 4.0486e-07     9.9960     96.064     36.357  28.040179     1.2082      7.297   269.7159 3.8960e+02     1.0215      0.093      0.135    13.5651 0.0000e+00
      0.096      0.000     9.9975     96.075     36.357  28.039545     1.2318      7.295   269.6588 3.8749e+02     1.0702      0.094      0.136    13.5644 0.0000e+00
      0.096      0.000     9.9955     96.055     36.357  28.038818     1.2507      7.293   269.8103 3.8507e+02     1.1372      0.094      0.137    13.5622 0.0000e+00
      0.096      0.001     9.9912     96.014     36.348  28.031385     1.2612      7.291   269.9989 3.8482e+02     1.1298      0.094      0.136    13.5601 0.0000e+00
      0.096      0.001     9.9851     95.955     36.324  28.013173     1.2680      7.290   270.0472 3.8574e+02     1.1029      0.095      0.137    13.5586 0.0000e+00
      0.096      0.000     9.9792     95.898     36.319  28.009118     1.2594      7.288   270.0505 3.8614e+02     1.1475      0.094      0.136    13.5573 0.0000e+00
      0.097     -0.000     9.9747     95.854     36.367  28.045854     1.2310      7.287   270.0385 3.8698e+02     1.2420      0.095      0.137    13.5567 0.0000e+00
      0.097     -0.001     9.9710     95.818     36.407  28.076344     1.2087      7.285   269.9877 3.8914e+02     1.2991      0.095      0.137    13.5566 0.0000e+00
      0.097     -0.001     9.9682     95.792     36.386  28.060275     1.2008      7.283   269.9527 3.9287e+02     1.2895      0.095      0.137    13.5566 0.0000e+00
      0.096      0.000     9.9689     95.800     36.361  28.042064     1.1998      7.283   269.9587 3.9667e+02     1.2171      0.094      0.136    13.5567 0.0000e+00
      0.095      0.001     9.9716     95.826     36.367  28.046644     1.1971      7.285   270.0603 3.9767e+02     1.0955      0.093      0.135    13.5559 0.0000e+00
      0.095      0.001     9.9737     95.846     36.374  28.052157     1.1947      7.285   270.1489 3.9562e+02     1.0390      0.093      0.135    13.5553 0.0000e+00
      0.096     -0.001     9.9760     95.868     36.366  28.045226     1.2081      7.282   270.0841 3.9325e+02     1.0840      0.094      0.136    13.5560 0.0000e+00
      0.097     -0.007     9.9767     95.875     36.341  28.026337     1.2308      7.277   270.0509 3.9014e+02     1.0899      0.095      0.138    13.5569 0.0000e+00
      0.099     -0.017     9.9747     95.856     36.325  28.014270     1.2484      7.273   270.1775 3.8727e+02     1.0497      0.097      0.142    13.5571 0.0000e+00
      0.099     -0.030     9.9719     95.830     36.340  28.026325     1.2558      7.270   270.2388 3.9355e+02     1.0555      0.100      0.146    13.5571 0.0000e+00
      0.089     -0.043     9.9682     95.797     36.363  28.045099     1.2554      7.270   270.0169 4.1342e+02     1.0685      0.092      0.134    13.5568 0.0000e+00
      0.071     -0.057     9.9636     95.755     36.370  28.050767     1.2257      7.270   269.8181 4.3375e+02     1.0545      0.069      0.101    13.5566 0.0000e+00
      0.051     -0.068     9.9605     95.727     36.344  28.031358     1.1722      7.270   269.9000 4.4350e+02     1.0384      0.047      0.069    13.5571 0.0000e+00
      0.032     -0.073     9.9609     95.731     36.304  28.000930     1.1417      7.270   270.1455 4.4564e+02     1.0566      0.033      0.049    13.5579 0.0000e+00
      0.011     -0.073     9.9631     95.753     36.304  28.000364     1.1333      7.271   270.3781 4.4234e+02     1.0918      0.012      0.019    13.5589 0.0000e+00
     -0.012     -0.069     9.9648     95.769     36.334  28.024519     1.1255      7.272   270.4758 4.4039e+02     1.0670     -0.014     -0.020    13.5598 0.0000e+00
     -0.031     -0.064     9.9668     95.789     36.353  28.038983     1.1201      7.273   270.6378 4.4539e+02     1.0007     -0.032     -0.046    13.5604 0.0000e+00
     -0.044     -0.058     9.9691     95.811     36.365  28.048246     1.1237      7.275   271.0469 4.4478e+02     0.9924     -0.043     -0.062    13.5610 0.0000e+00
     -0.055     -0.053     9.9690     95.812     36.396  28.073025     1.1318      7.276   271.4644 4.3925e+02     1.0583     -0.053     -0.076    13.5612 0.0000e+00
     -0.066     -0.050     9.9681     95.807     36.410  28.084581     1.1348      7.276   271.6422 4.3973e+02     1.0956     -0.065     -0.095    13.5612 0.0000e+00
     -0.078     -0.050     9.9691     95.818     36.378  28.060968     1.1335      7.275   271.7341 4.3688e+02     1.0769     -0.077     -0.111    13.5612 0.0000e+00
     -0.089     -0.051     9.9681     95.812     36.352  28.041517     1.1344      7.271   271.8871 4.3602e+02     1.0466     -0.087     -0.126    13.5610 0.0000e+00
     -0.104     -0.051     9.9656     95.793     36.348  28.039903     1.1372      7.267   272.0295 4.4308e+02     1.0343     -0.100     -0.146    13.5618 0.0000e+00
     -0.120     -0.049     9.9655     95.797     36.348  28.041459     1.1487      7.264   272.0788 4.4273e+02     1.0502     -0.119     -0.173    13.5632 0.0000e+00
     -0.134     -0.045     9.9665     95.812     36.370  28.060337     1.1626      7.263   272.0531 4.3697e+02     1.0561     -0.133     -0.193    13.5644 0.0000e+00
     -0.145     -0.040     9.9687     95.837     36.391  28.077656     1.1585      7.263   272.0627 4.4098e+02     1.0449     -0.144     -0.207    13.5662 0.0000e+00
     -0.155     -0.033     9.9722     95.869     36.369  28.060352     1.1445      7.263   272.1089 4.5139e+02     1.0364     -0.154     -0.222    13.5682 0.0000e+00
     -0.162     -0.024     9.9752     95.895     36.346  28.041621     1.1408      7.265   272.0962 4.5424e+02     1.0438     -0.158     -0.229    13.5710 0.0000e+00
     -0.167     -0.015     9.9796     95.934     36.347  28.041672     1.1324      7.268   272.0807 4.5149e+02     1.0436     -0.165     -0.239    13.5745 0.0000e+00
     -0.170     -0.006     9.9851     95.985     36.373  28.060981     1.0975      7.271   272.2647 4.4779e+02     1.0345     -0.167     -0.243    13.5758 0.0000e+00
     -0.170     -0.000     9.9871     96.001     36.405  28.084584     1.0683      7.269   272.5152 4.4669e+02     1.0555     -0.166     -0.241    13.5747 0.0000e+00
     -0.168      0.004     9.9842     95.970     36.392  28.073054     1.0644      7.258   272.6997 4.5426e+02     1.0836     -0.167     -0.242    13.5727 0.0000e+00
     -0.164      0.007     9.9781     95.906     36.362  28.048559     1.0874      7.240   272.8610 4.6174e+02     1.1006     -0.161     -0.235    13.5711 0.0000e+00
     -0.160      0.008     9.9690     95.816     36.355  28.042418     1.1252      7.225   272.8301 4.6243e+02     1.1074     -0.155     -0.225    13.5710 0.0000e+00
     -0.158      0.008     9.9565     95.693     36.382  28.062304     1.1362      7.220   272.6708 4.5987e+02     1.0748     -0.154     -0.223    13.5700 0.0000e+00
     -0.158      0.007     9.9439     95.571     36.430  28.098501     1.1275      7.221   272.6555 4.5740e+02     1.0421     -0.155     -0.225    13.5676 0.0000e+00
     -0.157      0.005     9.9363     95.497     36.431  28.099067     1.1118      7.230   272.8184 4.5350e+02     1.0472     -0.154     -0.224    13.5651 0.0000e+00
     -0.155      0.003     9.9339     95.476     36.391  28.069153     1.0938      7.244   273.0909 4.4725e+02     1.0758     -0.152     -0.221    13.5638 0.0000e+00
     -0.154      0.003     9.9343     95.486     36.370  28.054316     1.0845      7.256   273.2837 4.4531e+02     1.1128     -0.151     -0.219    13.5631 0.0000e+00
     -0.153      0.002     9.9366     95.514     36.357  28.046671     1.0731      7.264   273.2566 4.4587e+02     1.0986     -0.151     -0.219    13.5618 0.0000e+00
     -0.152      0.000     9.9406     95.555     36.347  28.040217     1.0568      7.265   273.1928 4.4353e+02     1.0561     -0.149     -0.217    13.5610 0.0000e+00
     -0.152     -0.001     9.9436     95.585     36.346  28.039785     0.9884      7.256   273.2012 4.4353e+02     1.0260     -0.149     -0.216    13.5623 0.0000e+00
     -0.153     -0.001     9.9459     95.607     36.348  28.041450     0.8712      7.245   273.1851 4.4851e+02     1.0085     -0.150     -0.217    13.5652 0.0000e+00
     -0.155     -0.001     9.9484     95.631     36.373  28.060353     0.8066      7.241   273.1702 4.5061e+02     1.0279     -0.153     -0.221    13.5679 0.0000e+00
     -0.156     -0.001     9.9507     95.652     36.396  28.077842     0.8047      7.242   273.2791 4.4930e+02     1.0782     -0.153     -0.223    13.5703 0.0000e+00
