Data/DataNotYetUploadedToEDI/Raw_CTD/RawDownloads/042318_fcr47.cnv
* Sea-Bird SBE19plus  Data File:
* FileName = C:\DATA\042318_fcr_0003.hex
* Software version 2.6.3.104 SB_Terminal.dll
* Temperature SN = 7809
* Conductivity SN = 7809
* System UpLoad Time = Apr 23 2018 14:25:07
* <ApplicationData>
* <Seaterm232>
# nquan = 15
# nvalues = 851                         
# units = specified
# name 0 = depFM: Depth [fresh water, m]
# name 1 = dz/dtM: Descent Rate [m/s]
# name 2 = sbeox0Mg/L: Oxygen, SBE 43 [mg/l]
# name 3 = sbeox0PS: Oxygen, SBE 43 [% saturation]
# name 4 = specc: Specific Conductance [uS/cm]
# name 5 = c0uS/cm: Conductivity [uS/cm]
# name 6 = flECO-AFL: Fluorescence, WET Labs ECO-AFL/FL [mg/m^3]
# name 7 = ph: pH
# name 8 = orp: Oxidation Reduction Potential [mV]
# name 9 = par/sat/log: PAR/Logarithmic, Satlantic
# name 10 = turbWETntu0: Turbidity, WET Labs ECO [NTU]
# name 11 = prdM: Pressure, Strain Gauge [db]
# name 12 = prdE: Pressure, Strain Gauge [psi]
# name 13 = tv290C: Temperature [ITS-90, deg C]
# name 14 = flag:  0.000e+00
# span 0 =     -0.336,      8.512       
# span 1 =     -0.108,      0.217       
# span 2 =     6.6115,    10.7880       
# span 3 =     58.809,    103.698       
# span 4 =     35.948,     38.762       
# span 5 =  24.661837,  28.798216       
# span 6 =     0.2831,     6.7074       
# span 7 =      6.667,      7.323       
# span 8 =   224.4266,   304.5256       
# span 9 = 5.2601e-01, 4.6243e+02       
# span 10 =     0.9505,    28.7447      
# span 11 =     -0.348,      8.350      
# span 12 =     -0.505,     12.111      
# span 13 =     7.0542,    13.6671      
# span 14 = 0.0000e+00, 0.0000e+00      
# interval = seconds: 0.25
# start_time = Apr 23 2018 16:29:10 [Instrument's time stamp, header]
# bad_flag = -9.990e-29
*END*
[from data line 772]
      6.875      0.085     7.3179     60.694     38.513  24.855799     6.2220      6.718   302.0459 2.0245e+00     1.6985      6.742      9.779     7.2737 0.0000e+00
      6.896      0.087     7.3024     60.564     38.524  24.862096     6.0058      6.714   302.0630 1.9889e+00     1.7320      6.762      9.807     7.2713 0.0000e+00
      6.918      0.088     7.2895     60.455     38.535  24.867867     5.8900      6.711   302.0168 1.9468e+00     1.7270      6.784      9.840     7.2699 0.0000e+00
      6.941      0.087     7.2780     60.355     38.529  24.862086     5.8600      6.711   302.0035 1.9061e+00     1.6992      6.807      9.873     7.2687 0.0000e+00
      6.965      0.085     7.2687     60.275     38.521  24.855686     5.6896      6.710   302.0742 1.8629e+00     1.7013      6.831      9.908     7.2676 0.0000e+00
      6.989      0.082     7.2596     60.197     38.521  24.853974     5.4007      6.710   302.2693 1.8266e+00     1.7228      6.855      9.943     7.2667 0.0000e+00
      7.009      0.079     7.2543     60.153     38.501  24.841380     5.2439      6.709   302.3835 1.8004e+00     1.7140      6.875      9.971     7.2652 0.0000e+00
      7.027      0.076     7.2526     60.140     38.483  24.830404     5.1996      6.708   302.4235 1.7744e+00     1.6867      6.892      9.996     7.2627 0.0000e+00
      7.044      0.074     7.2478     60.102     38.510  24.848244     4.9205      6.705   302.4942 1.7521e+00     1.7286      6.907     10.019     7.2598 0.0000e+00
      7.061      0.072     7.2419     60.053     38.538  24.866610     4.4141      6.702   302.4637 1.7260e+00     1.8538      6.924     10.042     7.2580 0.0000e+00
      7.081      0.072     7.2396     60.033     38.531  24.861982     4.1415      6.701   302.3988 1.6968e+00     1.9497      6.944     10.071     7.2579 0.0000e+00
      7.101      0.073     7.2386     60.025     38.522  24.855779     4.1151      6.701   302.4842 1.6709e+00     1.9730      6.964     10.101     7.2596 0.0000e+00
      7.119      0.074     7.2361     60.003     38.522  24.855101     4.0577      6.701   302.6361 1.6496e+00     1.9523      6.982     10.127     7.2610 0.0000e+00
      7.136      0.075     7.2323     59.968     38.522  24.853789     3.9715      6.701   302.7726 1.6336e+00     1.9123      6.998     10.150     7.2612 0.0000e+00
      7.154      0.076     7.2294     59.941     38.503  24.839918     3.9375      6.700   302.7571 1.6075e+00     1.8865      7.014     10.173     7.2602 0.0000e+00
      7.174      0.077     7.2293     59.937     38.466  24.814365     3.9398      6.699   302.7069 1.5857e+00     1.8846      7.035     10.204     7.2601 0.0000e+00
      7.196      0.080     7.2290     59.931     38.445  24.798794     3.9905      6.699   302.8536 1.5714e+00     1.8887      7.057     10.236     7.2603 0.0000e+00
      7.216      0.083     7.2273     59.912     38.418  24.778629     4.0997      6.699   302.9830 1.5395e+00     1.8759      7.077     10.264     7.2574 0.0000e+00
      7.237      0.084     7.2264     59.898     38.396  24.761027     4.1670      6.699   302.9808 1.5067e+00     1.8821      7.097     10.293     7.2550 0.0000e+00
      7.259      0.084     7.2280     59.905     38.425  24.776435     4.1798      6.699   302.9987 1.4835e+00     1.9327      7.118     10.324     7.2535 0.0000e+00
      7.281      0.085     7.2339     59.949     38.426  24.774446     4.1802      6.698   303.0268 1.4455e+00     1.9698      7.140     10.356     7.2509 0.0000e+00
      7.303      0.086     7.2425     60.015     38.371  24.736976     4.1904      6.696   302.9764 1.4030e+00     1.9642      7.162     10.388     7.2469 0.0000e+00
      7.325      0.087     7.2532     60.099     38.325  24.704333     4.2205      6.695   302.9060 1.3780e+00     1.9560      7.184     10.420     7.2426 0.0000e+00
      7.345      0.087     7.2679     60.216     38.317  24.697210     4.2408      6.696   302.8642 1.3625e+00     1.9620      7.203     10.447     7.2389 0.0000e+00
      7.368      0.086     7.2852     60.356     38.346  24.714346     4.2527      6.697   302.8156 1.3519e+00     1.9452      7.223     10.477     7.2352 0.0000e+00
      7.393      0.085     7.3052     60.519     38.358  24.721050     4.2715      6.700   302.7484 1.3398e+00     1.9062      7.250     10.516     7.2324 0.0000e+00
      7.415      0.084     7.3300     60.723     38.350  24.714765     4.2940      6.702   302.7392 1.3191e+00     1.9170      7.273     10.548     7.2286 0.0000e+00
      7.435      0.083     7.3570     60.945     38.332  24.701854     4.3033      6.702   302.7902 1.3016e+00     1.9842      7.290     10.573     7.2245 0.0000e+00
      7.455      0.081     7.3840     61.166     38.319  24.691923     4.3014      6.702   302.7636 1.2866e+00     1.9868      7.310     10.602     7.2234 0.0000e+00
      7.475      0.080     7.4123     61.398     38.367  24.721666     4.3349      6.703   302.7626 1.2676e+00     1.9180      7.331     10.632     7.2221 0.0000e+00
      7.494      0.080     7.4446     61.663     38.403  24.744020     4.3973      6.703   302.9501 1.2414e+00     1.8851      7.349     10.659     7.2202 0.0000e+00
      7.514      0.083     7.4782     61.939     38.350  24.708234     4.4310      6.702   303.1376 1.2138e+00     1.8942      7.369     10.688     7.2189 0.0000e+00
      7.534      0.086     7.5068     62.173     38.292  24.669930     4.4389      6.700   303.1356 1.1922e+00     1.9061      7.389     10.717     7.2175 0.0000e+00
      7.555      0.088     7.5301     62.363     38.281  24.661837     4.4374      6.699   303.0987 1.1635e+00     1.9059      7.408     10.745     7.2158 0.0000e+00
      7.580      0.090     7.5526     62.548     38.300  24.673865     4.4309      6.698   303.1213 1.1242e+00     1.9227      7.432     10.780     7.2144 0.0000e+00
      7.605      0.090     7.5733     62.718     38.325  24.688375     4.4342      6.697   303.2376 1.0948e+00     1.9565      7.459     10.819     7.2129 0.0000e+00
      7.630      0.089     7.5895     62.846     38.364  24.710295     4.4407      6.697   303.3852 1.0814e+00     1.9780      7.483     10.853     7.2106 0.0000e+00
      7.652      0.088     7.5992     62.915     38.432  24.748418     4.4355      6.697   303.4436 1.0722e+00     1.9705      7.505     10.884     7.2095 0.0000e+00
      7.672      0.087     7.6106     62.992     38.477  24.768369     4.4273      6.695   303.6000 1.0581e+00     1.9270      7.525     10.913     7.2097 0.0000e+00
      7.692      0.087     7.6285     63.118     38.482  24.761034     4.4240      6.693   303.8139 1.0265e+00     1.9091      7.543     10.940     7.2074 0.0000e+00
      7.713      0.088     7.6398     63.186     38.442  24.723219     4.4228      6.691   303.8789 1.0055e+00     1.9368      7.564     10.970     7.2049 0.0000e+00
      7.736      0.090     7.6405     63.174     38.407  24.692082     4.4218      6.691   303.8691 9.9910e-01     1.9573      7.586     11.002     7.1973 0.0000e+00
      7.761      0.091     7.6321     63.098     38.428  24.702015     4.3114      6.690   303.8678 9.7187e-01     1.9431      7.610     11.038     7.1850 0.0000e+00
      7.786      0.091     7.6169     62.969     38.453  24.716335     4.0993      6.689   303.8624 9.3730e-01     1.9174      7.637     11.077     7.1734 0.0000e+00
      7.811      0.091     7.5959     62.789     38.491  24.738229     3.9890      6.688   303.8905 9.1312e-01     1.9212      7.661     11.112     7.1526 0.0000e+00
      7.833      0.090     7.5658     62.531     38.557  24.776256     3.9699      6.685   303.9494 8.9125e-01     1.9288      7.682     11.142     7.1403 0.0000e+00
      7.854      0.088     7.5304     62.226     38.597  24.795172     3.8130      6.684   303.9715 8.6871e-01     1.9174      7.701     11.170     7.1396 0.0000e+00
      7.875      0.088     7.4927     61.901     38.579  24.776456     3.5172      6.683   304.0727 8.5791e-01     1.9060      7.723     11.201     7.1370 0.0000e+00
      7.898      0.089     7.4544     61.573     38.531  24.740421     3.3526      6.682   304.3123 8.5194e-01     1.9125      7.745     11.232     7.1342 0.0000e+00
      7.921      0.091     7.4179     61.263     38.537  24.740423     3.3300      6.681   304.4591 8.4359e-01     1.9351      7.768     11.267     7.1280 0.0000e+00
      7.945      0.094     7.3865     60.996     38.599  24.776475     3.2152      6.680   304.4714 8.3668e-01     1.9656      7.792     11.300     7.1195 0.0000e+00
      7.969      0.097     7.3568     60.745     38.634  24.795365     3.0033      6.678   304.4605 8.1843e-01     2.0064      7.814     11.332     7.1084 0.0000e+00
      7.994      0.097     7.3264     60.489     38.612  24.778348     2.8918      6.678   304.4135 8.0256e-01     2.0318      7.838     11.370     7.1024 0.0000e+00
      8.020      0.094     7.3017     60.280     38.589  24.761203     2.8865      6.679   304.3335 7.9682e-01     2.0585      7.864     11.406     7.0976 0.0000e+00
      8.047      0.090     7.2795     60.093     38.619  24.778536     2.8755      6.679   304.3535 7.7468e-01     2.0551      7.891     11.445     7.0910 0.0000e+00
      8.072      0.087     7.2580     59.911     38.652  24.797437     2.8594      6.678   304.4833 7.5051e-01     1.9905      7.920     11.486     7.0886 0.0000e+00
      8.091      0.086     7.2415     59.769     38.660  24.799259     2.8478      6.676   304.5256 7.4989e-01     1.9492      7.938     11.513     7.0849 0.0000e+00
      8.105      0.085     7.2271     59.644     38.667  24.800560     2.8358      6.676   304.5213 7.4942e-01     1.9519      7.945     11.523     7.0809 0.0000e+00
      8.124      0.085     7.2109     59.507     38.689  24.813167     2.8157      6.676   304.5178 7.3093e-01     1.9622      7.963     11.547     7.0790 0.0000e+00
      8.152      0.085     7.1970     59.391     38.709  24.824698     2.7795      6.675   304.4829 7.0409e-01     1.9526      7.995     11.595     7.0771 0.0000e+00
      8.179      0.089     7.1885     59.319     38.692  24.813008     2.7570      6.674   304.4436 6.8689e-01     1.9274      8.024     11.638     7.0722 0.0000e+00
      8.200      0.092     7.1835     59.277     38.671  24.798803     2.7546      6.673   304.3861 6.8924e-01     1.9017      8.043     11.665     7.0670 0.0000e+00
      8.219      0.093     7.1810     59.254     38.643  24.779923     2.7509      6.672   304.3905 6.8607e-01     1.9157      8.059     11.688     7.0652 0.0000e+00
      8.242      0.093     7.1785     59.232     38.637  24.775211     2.7482      6.670   304.4104 6.6699e-01     1.9442      8.081     11.721     7.0647 0.0000e+00
      8.268      0.093     7.1745     59.197     38.685  24.805320     2.7497      6.669   304.3679 6.5398e-01     1.9109      8.108     11.760     7.0636 0.0000e+00
      8.293      0.095     7.1705     59.163     38.719  24.826508     2.7508      6.668   304.3074 6.4686e-01     1.8794      8.133     11.796     7.0624 0.0000e+00
      8.317      0.097     7.1687     59.147     38.742  24.840914     2.7526      6.667   304.2809 6.3738e-01     1.8679      8.158     11.831     7.0614 0.0000e+00
      8.341      0.097     7.1663     59.126     38.762  24.852529     2.7435      6.667   304.3061 6.2632e-01     1.8644      8.180     11.864     7.0596 0.0000e+00
      8.365      0.096     7.1614     59.086     38.742  24.839950     2.7153      6.668   304.2682 6.0831e-01     1.8971      8.202     11.896     7.0585 0.0000e+00
      8.391      0.092     7.1555     59.037     38.704  24.815805     2.6965      6.669   304.0809 5.8765e-01     1.9280      8.229     11.935     7.0584 0.0000e+00
      8.416      0.086     7.1509     58.998     38.703  24.814555     2.7082      6.670   303.7619 5.6390e-01     1.9327      8.254     11.972     7.0575 0.0000e+00
      8.440      0.078     7.1464     58.959     38.720  24.824840     2.7924      6.673   303.4225 5.4194e-01     1.9233      8.278     12.006     7.0563 0.0000e+00
      8.460      0.068     7.1391     58.899     38.703  24.813183     2.9249      6.677   303.2470 5.4572e-01     1.9059      8.298     12.036     7.0566 0.0000e+00
      8.476      0.058     7.1316     58.836     38.683  24.800589     2.9956      6.681   303.1895 5.5797e-01     1.9053      8.313     12.058     7.0567 0.0000e+00
      8.486      0.053     7.1284     58.809     38.681  24.799547     3.0045      6.683   303.1563 5.4960e-01     1.9153      8.323     12.071     7.0558 0.0000e+00
      8.495 -9.990e-29 -9.990e-29 -9.990e-29 -9.990e-29 -9.990e-29 -9.990e-29 -9.990e-29 -9.990e-29 5.3045e-01 -9.990e-29      8.331     12.083     7.0554 0.0000e+00
      8.502 -9.990e-29 -9.990e-29 -9.990e-29 -9.990e-29 -9.990e-29 -9.990e-29 -9.990e-29 -9.990e-29 5.2601e-01 -9.990e-29      8.338     12.093     7.0547 0.0000e+00
      8.509 -9.990e-29 -9.990e-29 -9.990e-29 -9.990e-29 -9.990e-29 -9.990e-29 -9.990e-29 -9.990e-29 5.4062e-01 -9.990e-29      8.346     12.104     7.0542 0.0000e+00
      8.512 -9.990e-29 -9.990e-29 -9.990e-29 -9.990e-29 -9.990e-29 -9.990e-29 -9.990e-29 -9.990e-29 5.5042e-01 -9.990e-29      8.350     12.111     7.0543 0.0000e+00
