Data/DataNotYetUploadedToEDI/Raw_CTD/RawDownloads/042318_fcr49.cnv
* Sea-Bird SBE19plus  Data File:
* FileName = C:\DATA\042318_fcr_0004.hex
* Software version 2.6.3.104 SB_Terminal.dll
* Temperature SN = 7809
* Conductivity SN = 7809
* System UpLoad Time = Apr 23 2018 14:25:38
* <ApplicationData>
* <Seaterm232>
# nquan = 15
# nvalues = 1021                        
# units = specified
# name 0 = depFM: Depth [fresh water, m]
# name 1 = dz/dtM: Descent Rate [m/s]
# name 2 = sbeox0Mg/L: Oxygen, SBE 43 [mg/l]
# name 3 = sbeox0PS: Oxygen, SBE 43 [% saturation]
# name 4 = specc: Specific Conductance [uS/cm]
# name 5 = c0uS/cm: Conductivity [uS/cm]
# name 6 = flECO-AFL: Fluorescence, WET Labs ECO-AFL/FL [mg/m^3]
# name 7 = ph: pH
# name 8 = orp: Oxidation Reduction Potential [mV]
# name 9 = par/sat/log: PAR/Logarithmic, Satlantic
# name 10 = turbWETntu0: Turbidity, WET Labs ECO [NTU]
# name 11 = prdM: Pressure, Strain Gauge [db]
# name 12 = prdE: Pressure, Strain Gauge [psi]
# name 13 = tv290C: Temperature [ITS-90, deg C]
# name 14 = flag:  0.000e+00
# span 0 =     -0.507,      9.605       
# span 1 =     -0.129,      0.169       
# span 2 =     6.1642,    10.7926       
# span 3 =     50.809,    103.718       
# span 4 =      0.101,     39.767       
# span 5 =   0.073845,  28.286264       
# span 6 =    -0.2200,     7.0592       
# span 7 =      6.263,      7.793       
# span 8 =   175.7021,   950.7476       
# span 9 = 2.9265e-01, 6.2316e+02       
# span 10 =    -0.4448,     5.5586      
# span 11 =     -0.498,      9.420      
# span 12 =     -0.722,     13.662      
# span 13 =     7.0173,    13.5737      
# span 14 = 0.0000e+00, 0.0000e+00      
# interval = seconds: 0.25
# start_time = Apr 23 2018 16:38:42 [Instrument's time stamp, header]
# bad_flag = -9.990e-29
*END*
[from data line 868]
      7.698      0.055     7.4916     61.918     38.496  24.736640     4.7916      6.751   321.0088 1.2693e+00     1.6771      7.551     10.950     7.1460 0.0000e+00
      7.712      0.055     7.4948     61.944     38.526  24.755504     4.7894      6.751   320.9819 1.2667e+00     1.6572      7.562     10.968     7.1383 0.0000e+00
      7.725      0.054     7.4921     61.920     38.529  24.757077     4.7751      6.751   320.9749 1.2497e+00     1.6522      7.575     10.987     7.1315 0.0000e+00
      7.740      0.053     7.4903     61.904     38.528  24.755659     4.7648      6.750   321.0110 1.2315e+00     1.6472      7.590     11.008     7.1272 0.0000e+00
      7.755      0.051     7.4908     61.908     38.502  24.738358     4.7483      6.750   321.1602 1.2115e+00     1.6573      7.606     11.031     7.1264 0.0000e+00
      7.770      0.049     7.4844     61.854     38.502  24.738360     4.6029      6.750   321.3161 1.1824e+00     1.6823      7.619     11.052     7.1271 0.0000e+00
      7.781      0.047     7.4774     61.795     38.530  24.755677     4.3395      6.750   321.3470 1.1831e+00     1.7055      7.630     11.067     7.1262 0.0000e+00
      7.790      0.046     7.4785     61.803     38.534  24.757266     4.1915      6.749   321.3618 1.1986e+00     1.7245      7.639     11.080     7.1249 0.0000e+00
      7.800      0.046     7.4799     61.812     38.536  24.757576     4.1739      6.747   321.4953 1.1956e+00     1.7281      7.648     11.093     7.1244 0.0000e+00
      7.811      0.047     7.4772     61.787     38.540  24.759425     4.1725      6.747   321.5837 1.1921e+00     1.7498      7.659     11.108     7.1241 0.0000e+00
      7.823      0.050     7.4768     61.782     38.574  24.779619     4.1751      6.746   321.6570 1.1731e+00     1.8339      7.672     11.127     7.1236 0.0000e+00
      7.838      0.053     7.4782     61.789     38.626  24.811259     4.1778      6.744   321.7785 1.1590e+00     1.9216      7.687     11.147     7.1225 0.0000e+00
      7.852      0.056     7.4816     61.814     38.649  24.824534     4.1683      6.741   321.8486 1.1687e+00     1.9549      7.701     11.169     7.1211 0.0000e+00
      7.866      0.060     7.4871     61.856     38.634  24.813133     4.0972      6.739   321.9018 1.1545e+00     1.9615      7.713     11.188     7.1195 0.0000e+00
      7.880      0.063     7.4890     61.869     38.617  24.800398     3.9798      6.738   321.9925 1.1218e+00     1.9410      7.727     11.208     7.1177 0.0000e+00
      7.897      0.065     7.4876     61.854     38.615  24.797538     3.9256      6.736   322.1709 1.1043e+00     1.8910      7.744     11.231     7.1155 0.0000e+00
      7.915      0.067     7.4841     61.824     38.586  24.778546     3.9286      6.735   322.3370 1.0923e+00     1.8748      7.762     11.257     7.1131 0.0000e+00
      7.934      0.067     7.4779     61.771     38.560  24.761241     3.9335      6.733   322.3665 1.0631e+00     1.8981      7.781     11.284     7.1109 0.0000e+00
      7.952      0.065     7.4675     61.685     38.588  24.778775     3.9567      6.732   322.3553 1.0276e+00     1.9286      7.798     11.310     7.1091 0.0000e+00
      7.969      0.061     7.4547     61.578     38.622  24.800079     3.9888      6.732   322.4605 1.0062e+00     1.9681      7.816     11.336     7.1072 0.0000e+00
      7.985      0.055     7.4414     61.464     38.669  24.828347     4.0007      6.732   322.6057 9.9581e-01     1.9792      7.832     11.359     7.1060 0.0000e+00
      7.998      0.050     7.4259     61.334     38.730  24.866590     3.9901      6.731   322.6473 9.9101e-01     1.9416      7.844     11.377     7.1058 0.0000e+00
      8.008      0.045     7.4074     61.183     38.752  24.881527     3.9793      6.729   322.7056 9.8573e-01     1.9105      7.854     11.391     7.1058 0.0000e+00
      8.017      0.041     7.3875     61.022     38.749  24.881967     3.9813      6.728   322.8802 9.7458e-01     1.9076      7.862     11.403     7.1049 0.0000e+00
      8.027      0.039     7.3680     60.867     38.729  24.871912     3.9868      6.728   323.0373 9.6604e-01     1.9069      7.871     11.415     7.1022 0.0000e+00
      8.037      0.039     7.3476     60.707     38.746  24.886934     3.9895      6.726   323.0573 9.6174e-01     1.9022      7.881     11.430     7.0995 0.0000e+00
      8.048      0.040     7.3279     60.551     38.818  24.936628     4.0145      6.725   323.0361 9.4916e-01     1.9111      7.893     11.448     7.1007 0.0000e+00
      8.058      0.041     7.3096     60.399     38.863  24.964821     4.0683      6.725   323.0395 9.3288e-01     1.9234      7.903     11.462     7.1042 0.0000e+00
      8.067      0.043     7.2896     60.228     38.882  24.973846     4.1069      6.725   323.0117 9.2567e-01     1.9293      7.910     11.474     7.1073 0.0000e+00
      8.077      0.046     7.2696     60.057     38.899  24.982251     4.1226      6.725   322.9581 9.1973e-01     1.9203      7.920     11.488     7.1138 0.0000e+00
      8.088      0.050     7.2510     59.901     38.933  25.002956     4.1577      6.724   322.9079 9.0938e-01     1.8756      7.931     11.503     7.1202 0.0000e+00
      8.102      0.052     7.2327     59.750     38.982  25.033709     4.2182      6.724   322.9208 9.0139e-01     1.8471      7.945     11.524     7.1193 0.0000e+00
      8.118      0.053     7.2123     59.580     38.988  25.036615     4.2476      6.724   322.9418 8.9109e-01     1.8814      7.960     11.545     7.1131 0.0000e+00
      8.135      0.052     7.1885     59.381     38.992  25.038094     4.2378      6.723   322.9041 8.7450e-01     1.9234      7.978     11.571     7.1087 0.0000e+00
      8.149      0.051     7.1631     59.172     39.012  25.051590     4.2381      6.723   322.8949 8.6285e-01     1.9274      7.993     11.593     7.1081 0.0000e+00
      8.160      0.049     7.1391     58.977     39.042  25.072809     4.2605      6.724   322.9167 8.6037e-01     1.9304      8.002     11.606     7.1083 0.0000e+00
      8.170      0.047     7.1185     58.807     39.091  25.104179     4.2879      6.724   322.9088 8.6049e-01     1.9284      8.012     11.620     7.1069 0.0000e+00
      8.181      0.045     7.0939     58.600     39.108  25.113424     4.3024      6.723   322.8862 8.6135e-01     1.9033      8.023     11.636     7.1046 0.0000e+00
      8.193      0.043     7.0615     58.330     39.123  25.121087     4.2977      6.723   322.9012 8.5497e-01     1.9022      8.034     11.653     7.1056 0.0000e+00
      8.205      0.042     7.0296     58.066     39.143  25.133342     4.2769      6.723   323.0039 8.3482e-01     1.9148      8.046     11.670     7.1092 0.0000e+00
      8.217      0.041     6.9981     57.806     39.144  25.134612     4.2539      6.723   323.1816 8.2040e-01     1.9031      8.058     11.688     7.1094 0.0000e+00
      8.227      0.039     6.9649     57.531     39.147  25.136442     4.2489      6.723   323.2437 8.1901e-01     1.9132      8.069     11.703     7.1055 0.0000e+00
      8.236      0.037     6.9329     57.264     39.178  25.155470     4.2532      6.723   323.2382 8.1741e-01     1.9762      8.077     11.714     7.1031 0.0000e+00
      8.244      0.037     6.8982     56.976     39.209  25.174202     4.1773      6.722   323.2880 8.1509e-01     1.9932      8.084     11.725     7.1035 0.0000e+00
      8.252      0.038     6.8612     56.669     39.208  25.172457     4.0203      6.720   323.3293 8.1129e-01     1.9354      8.093     11.737     7.1036 0.0000e+00
      8.262      0.039     6.8302     56.413     39.248  25.197854     3.9268      6.719   323.4789 8.0180e-01     1.9189      8.101     11.749     7.1033 0.0000e+00
      8.273      0.041     6.8101     56.245     39.295  25.227311     3.9112      6.718   323.7200 7.8736e-01     1.9468      8.112     11.765     7.1025 0.0000e+00
      8.284      0.043     6.7920     56.093     39.271  25.211150     3.8777      6.717   323.8351 7.7140e-01     1.9968      8.125     11.784     7.1005 0.0000e+00
      8.296      0.046     6.7662     55.878     39.245  25.192933     3.8152      6.715   323.7524 7.6338e-01     2.0666      8.136     11.800     7.0994 0.0000e+00
      8.306      0.048     6.7409     55.667     39.255  25.197522     3.7805      6.713   323.7533 7.6399e-01     2.0882      8.145     11.814     7.0995 0.0000e+00
      8.318      0.050     6.7194     55.487     39.265  25.203138     3.7792      6.712   324.0173 7.5488e-01     2.1059      8.156     11.829     7.0983 0.0000e+00
      8.331      0.053     6.7006     55.328     39.259  25.197353     3.7721      6.712   324.1922 7.3683e-01     2.1582      8.170     11.850     7.0969 0.0000e+00
      8.345      0.056     6.6845     55.193     39.252  25.191056     3.7498      6.711   324.1463 7.3018e-01     2.1713      8.183     11.870     7.0955 0.0000e+00
      8.360      0.057     6.6674     55.050     39.252  25.190486     3.7298      6.710   324.0646 7.3430e-01     2.1420      8.198     11.890     7.0933 0.0000e+00
      8.376      0.057     6.6511     54.916     39.251  25.190476     3.7235      6.709   323.9781 7.3177e-01     2.1398      8.215     11.914     7.0914 0.0000e+00
      8.392      0.056     6.6416     54.841     39.249  25.190929     3.7286      6.709   323.9613 7.2733e-01     2.1752      8.232     11.939     7.0896 0.0000e+00
      8.407      0.053     6.6385     54.818     39.254  25.195967     3.7278      6.708   324.0338 7.3484e-01     2.1734      8.245     11.959     7.0876 0.0000e+00
      8.420      0.051     6.6359     54.797     39.242  25.187894     3.7137      6.707   324.0800 7.2776e-01     2.1485      8.258     11.977     7.0853 0.0000e+00
      8.432      0.049     6.6353     54.792     39.194  25.156820     3.7144      6.707   324.0899 6.9962e-01     2.1489      8.269     11.993     7.0860 0.0000e+00
      8.443      0.047     6.6384     54.815     39.166  25.137711     3.7458      6.707   324.0669 6.8729e-01     2.1780      8.279     12.008     7.0902 0.0000e+00
      8.454      0.046     6.6439     54.858     39.183  25.147321     3.7807      6.706   324.0604 6.8759e-01     2.2556      8.290     12.024     7.0920 0.0000e+00
      8.466      0.046     6.6512     54.916     39.183  25.146031     3.7864      6.706   324.1839 6.8406e-01     2.2942      8.302     12.042     7.0916 0.0000e+00
      8.479      0.046     6.6592     54.980     39.148  25.122116     3.7784      6.706   324.2690 6.8488e-01     2.2783      8.315     12.061     7.0911 0.0000e+00
      8.491      0.046     6.6678     55.049     39.135  25.112135     3.7758      6.706   324.1431 6.8973e-01     2.2776      8.326     12.077     7.0895 0.0000e+00
      8.502      0.047     6.6754     55.109     39.100  25.088836     3.6901      6.706   323.9524 6.8416e-01     2.2556      8.338     12.092     7.0881 0.0000e+00
      8.513      0.047     6.6843     55.179     39.012  25.030890     3.5136      6.706   323.8562 6.7940e-01     2.1943      8.348     12.108     7.0865 0.0000e+00
      8.525      0.047     6.6957     55.269     38.942  24.982930     3.4066      6.706   323.9270 6.7820e-01     2.1474      8.360     12.125     7.0847 0.0000e+00
      8.538      0.047     6.7053     55.344     38.900  24.953400     3.3893      6.706   324.1197 6.6025e-01     2.1466      8.372     12.142     7.0826 0.0000e+00
      8.551      0.047     6.7145     55.418     38.862  24.927811     3.3506      6.705   324.2069 6.4446e-01     2.1541      8.385     12.162     7.0807 0.0000e+00
      8.563      0.047     6.7295     55.540     38.862  24.927504     3.2702      6.704   324.2063 6.4285e-01     2.1461      8.398     12.180     7.0794 0.0000e+00
      8.573      0.048     6.7518     55.723     38.898  24.949683     3.2164      6.702   324.2845 6.4043e-01     2.1413      8.407     12.194     7.0756 0.0000e+00
      8.584      0.050     6.7775     55.933     38.887  24.942011     3.1963      6.701   324.2065 6.3095e-01     2.1577      8.418     12.209     7.0716 0.0000e+00
      8.597      0.051     6.8050     56.160     38.819  24.898230     3.1737      6.700   323.9512 6.2328e-01     2.1611      8.430     12.226     7.0707 0.0000e+00
      8.611      0.051     6.8380     56.432     38.768  24.864773     3.1544      6.700   323.8649 6.2221e-01     2.1518      8.444     12.247     7.0700 0.0000e+00
      8.626      0.050     6.8779     56.760     38.753  24.854938     3.1387      6.700   323.8520 6.1569e-01     2.1669      8.460     12.269     7.0688 0.0000e+00
      8.640      0.048     6.9219     57.121     38.735  24.842809     3.1217      6.698   323.8806 6.0546e-01     2.1610      8.473     12.289     7.0684 0.0000e+00
      8.652      0.045     6.9641     57.470     38.739  24.845108     3.0948      6.698   324.0387 6.0021e-01     2.1413      8.486     12.307     7.0679 0.0000e+00
      8.663      0.042     7.0019     57.782     38.798  24.882730     3.0533      6.698   324.0434 6.0202e-01     2.1418      8.496     12.322     7.0668 0.0000e+00
      8.672      0.040     7.0365     58.068     38.851  24.916742     3.0243      6.699   323.7651 6.0477e-01     2.1371      8.504     12.334     7.0661 0.0000e+00
      8.681      0.040     7.0665     58.316     38.885  24.938896     3.0197      6.699   323.4269 6.0173e-01     2.1154      8.513     12.346     7.0660 0.0000e+00
      8.690      0.041     7.0912     58.520     38.918  24.960114     3.0253      6.699   323.3101 5.9176e-01     2.1230      8.521     12.358     7.0656 0.0000e+00
      8.700      0.043     7.1105     58.679     38.953  24.982813     3.1471      6.699   323.3001 5.8422e-01     2.1678      8.531     12.373     7.0654 0.0000e+00
      8.711      0.046     7.1239     58.790     39.015  25.022869     3.3895      6.699   323.3046 5.8250e-01     2.1693      8.543     12.391     7.0657 0.0000e+00
      8.724      0.048     7.1308     58.849     39.077  25.063481     3.5203      6.700   323.3652 5.7115e-01     2.1399      8.555     12.409     7.0661 0.0000e+00
      8.737      0.050     7.1328     58.866     39.122  25.092898     3.5258      6.700   323.3445 5.5992e-01     2.1484      8.568     12.427     7.0660 0.0000e+00
      8.750      0.052     7.1317     58.857     39.172  25.124581     3.5661      6.700   323.3975 5.5439e-01     2.1812      8.581     12.446     7.0657 0.0000e+00
      8.764      0.053     7.1233     58.787     39.180  25.129094     3.6578      6.699   323.5762 5.4463e-01     2.2010      8.595     12.466     7.0663 0.0000e+00
      8.778      0.054     7.1060     58.644     39.110  25.083969     3.7157      6.698   323.6126 5.4205e-01     2.1730      8.608     12.485     7.0677 0.0000e+00
      8.792      0.054     7.0807     58.434     39.017  25.023426     3.7140      6.698   323.4941 5.4428e-01     2.1178      8.622     12.504     7.0684 0.0000e+00
      8.805      0.053     7.0485     58.166     38.932  24.968498     3.7015      6.698   323.3475 5.3319e-01     2.1139      8.635     12.523     7.0680 0.0000e+00
      8.819      0.052     7.0156     57.892     38.870  24.927772     3.7029      6.697   323.2167 5.1475e-01     2.1560      8.648     12.543     7.0675 0.0000e+00
      8.834      0.049     6.9851     57.639     38.847  24.911957     3.7127      6.696   323.2032 5.0441e-01     2.2002      8.663     12.565     7.0671 0.0000e+00
      8.847      0.046     6.9535     57.376     38.837  24.904275     3.7193      6.696   323.5286 5.0181e-01     2.2208      8.677     12.585     7.0664 0.0000e+00
      8.858      0.043     6.9231     57.124     38.829  24.898377     3.6899      6.696   324.0533 4.9877e-01     2.1913      8.688     12.601     7.0654 0.0000e+00
      8.867      0.039     6.9019     56.947     38.840  24.904128     3.6243      6.696   324.2991 4.9765e-01     2.1483      8.696     12.612     7.0641 0.0000e+00
