Data/DataNotYetUploadedToEDI/Raw_CTD/RawDownloads/042318_fcr50(2).cnv
* Sea-Bird SBE19plus  Data File:
* FileName = C:\DATA\042318_fcr_0006.hex
* Software version 2.6.3.104 SB_Terminal.dll
* Temperature SN = 7809
* Conductivity SN = 7809
* System UpLoad Time = Apr 23 2018 14:26:40
* <ApplicationData>
* <Seaterm232>
# nquan = 15
# nvalues = 770                         
# units = specified
# name 0 = depFM: Depth [fresh water, m]
# name 1 = dz/dtM: Descent Rate [m/s]
# name 2 = sbeox0Mg/L: Oxygen, SBE 43 [mg/l]
# name 3 = sbeox0PS: Oxygen, SBE 43 [% saturation]
# name 4 = specc: Specific Conductance [uS/cm]
# name 5 = c0uS/cm: Conductivity [uS/cm]
# name 6 = flECO-AFL: Fluorescence, WET Labs ECO-AFL/FL [mg/m^3]
# name 7 = ph: pH
# name 8 = orp: Oxidation Reduction Potential [mV]
# name 9 = par/sat/log: PAR/Logarithmic, Satlantic
# name 10 = turbWETntu0: Turbidity, WET Labs ECO [NTU]
# name 11 = prdM: Pressure, Strain Gauge [db]
# name 12 = prdE: Pressure, Strain Gauge [psi]
# name 13 = tv290C: Temperature [ITS-90, deg C]
# name 14 = flag:  0.000e+00
# span 0 =     -0.513,      9.790       
# span 1 =     -0.157,      0.264       
# span 2 =     6.4902,    10.8407       
# span 3 =     53.803,    104.356       
# span 4 =      0.536,     40.470       
# span 5 =   0.429838,  28.918265       
# span 6 =    -0.2158,     7.3773       
# span 7 =     -2.821,      7.821       
# span 8 = -1240.7455,   399.6452       
# span 9 = 1.6101e-01, 3.3078e+02       
# span 10 =    -0.3007,    19.6787      
# span 11 =     -0.503,      9.601      
# span 12 =     -0.730,     13.925      
# span 13 =     7.0886,    15.1696      
# span 14 = 0.0000e+00, 0.0000e+00      
# interval = seconds: 0.25
# start_time = Apr 23 2018 18:07:14 [Instrument's time stamp, header]
# bad_flag = -9.990e-29
*END*
[from data line 482]
      3.188      0.100    10.0957     91.189     36.613  26.234310     3.4365      7.243   312.1133 2.3742e+01     1.4382      3.123      4.529    10.9011 0.0000e+00
      3.213      0.109    10.0985     91.149     36.605  26.206764     3.4945      7.241   311.7821 2.3154e+01     1.4205      3.145      4.561    10.8884 0.0000e+00
      3.252      0.116    10.0967     91.074     36.557  26.151511     3.5317      7.240   311.5528 2.2415e+01     1.4620      3.188      4.623    10.8747 0.0000e+00
      3.294      0.119    10.0878     90.939     36.564  26.137683     3.5372      7.238   311.4921 2.1818e+01     1.4830      3.236      4.692    10.8545 0.0000e+00
      3.327      0.116    10.0853     90.856     36.634  26.166547     3.5801      7.235   311.8219 2.1437e+01     1.4916      3.266      4.737    10.8257 0.0000e+00
      3.351      0.107    10.0884     90.825     36.686  26.183003     3.6726      7.231   312.0985 2.1129e+01     1.5049      3.286      4.765    10.7921 0.0000e+00
      3.375      0.097    10.0897     90.788     36.747  26.209636     3.7281      7.228   311.9112 2.0820e+01     1.4907      3.309      4.800    10.7644 0.0000e+00
      3.398      0.092    10.0898     90.745     36.803  26.234576     3.7271      7.227   311.4506 2.0568e+01     1.4729      3.334      4.836    10.7412 0.0000e+00
      3.417      0.093    10.0917     90.708     36.823  26.230549     3.7157      7.225   311.1755 2.0354e+01     1.4725      3.352      4.862    10.7113 0.0000e+00
      3.437      0.096    10.0991     90.697     36.853  26.224423     3.7099      7.223   311.1663 2.0013e+01     1.4864      3.367      4.884    10.6796 0.0000e+00
      3.462      0.099    10.1095     90.692     36.901  26.223978     3.7115      7.220   311.2529 1.9520e+01     1.5184      3.393      4.921    10.6590 0.0000e+00
      3.493      0.099    10.1161     90.655     36.950  26.225127     3.7264      7.218   311.3626 1.9048e+01     1.5244      3.427      4.971    10.6416 0.0000e+00
      3.523      0.097    10.1139     90.562     37.004  26.238276     3.8347      7.219   311.4601 1.8681e+01     1.4969      3.456      5.013    10.6184 0.0000e+00
      3.549      0.092    10.1072     90.459     37.050  26.255948     4.0197      7.219   311.4851 1.8398e+01     1.4913      3.481      5.049    10.5816 0.0000e+00
      3.570      0.085    10.1041     90.411     37.048  26.248287     4.1154      7.219   311.4070 1.8182e+01     1.4872      3.503      5.080    10.5292 0.0000e+00
      3.588      0.079    10.1055     90.414     36.998  26.209141     4.1270      7.218   311.2904 1.7967e+01     1.4787      3.519      5.103    10.4804 0.0000e+00
      3.606      0.077    10.1110     90.447     36.942  26.163604     4.1518      7.216   311.1930 1.7722e+01     1.4801      3.536      5.129    10.4455 0.0000e+00
      3.623      0.079    10.1201     90.500     36.926  26.142157     4.1946      7.213   311.0910 1.7477e+01     1.4731      3.553      5.153    10.4258 0.0000e+00
      3.642      0.082    10.1286     90.544     36.940  26.140312     4.2311      7.211   311.1755 1.7204e+01     1.4851      3.569      5.177    10.4196 0.0000e+00
      3.663      0.086    10.1341     90.560     36.957  26.141282     4.2526      7.209   311.5258 1.6887e+01     1.5344      3.591      5.208    10.4183 0.0000e+00
      3.688      0.090    10.1374     90.556     36.992  26.153861     4.2431      7.206   311.8843 1.6547e+01     1.5498      3.617      5.246    10.4119 0.0000e+00
      3.714      0.091    10.1406     90.546     37.027  26.165406     4.1906      7.203   312.0688 1.6220e+01     1.4885      3.643      5.284    10.3958 0.0000e+00
      3.738      0.088    10.1433     90.531     37.029  26.153863     4.1413      7.203   311.9505 1.5933e+01     1.4643      3.665      5.318    10.3793 0.0000e+00
      3.761      0.081    10.1428     90.501     37.024  26.141281     4.1252      7.203   311.7441 1.5652e+01     1.5014      3.687      5.349    10.3644 0.0000e+00
      3.783      0.075    10.1384     90.448     37.029  26.140257     4.1242      7.204   311.6384 1.5412e+01     1.5103      3.712      5.383    10.3499 0.0000e+00
      3.801      0.071    10.1330     90.385     37.039  26.141470     4.1288      7.204   311.5329 1.5284e+01     1.5112      3.730      5.410    10.3314 0.0000e+00
      3.813      0.070    10.1286     90.319     37.073  26.155943     4.1262      7.203   311.8448 1.5176e+01     1.4808      3.739      5.423    10.3095 0.0000e+00
      3.826      0.071    10.1237     90.240     37.136  26.188255     4.1209      7.201   312.4842 1.4976e+01     1.4483      3.749      5.437    10.2976 0.0000e+00
      3.844      0.075    10.1178     90.154     37.191  26.214650     4.1294      7.200   312.7257 1.4721e+01     1.4847      3.767      5.464    10.2942 0.0000e+00
      3.867      0.082    10.1103     90.047     37.220  26.221096     4.1916      7.200   312.7856 1.4470e+01     1.5232      3.792      5.499    10.2899 0.0000e+00
      3.890      0.090    10.1011     89.901     37.226  26.202684     4.3025      7.198   312.8638 1.4214e+01     1.5171      3.815      5.534    10.2759 0.0000e+00
      3.913      0.095    10.0915     89.728     37.242  26.182499     4.3671      7.196   312.6390 1.3945e+01     1.5021      3.837      5.565    10.2556 0.0000e+00
      3.938      0.095    10.0824     89.553     37.267  26.167482     4.3849      7.194   312.3047 1.3645e+01     1.4955      3.860      5.599    10.2414 0.0000e+00
      3.965      0.093    10.0720     89.382     37.279  26.148069     4.4805      7.193   312.7787 1.3352e+01     1.4369      3.888      5.640    10.2280 0.0000e+00
      3.992      0.089    10.0588     89.202     37.296  26.138235     4.6504      7.192   313.8103 1.3149e+01     1.3436      3.917      5.681    10.1969 0.0000e+00
      4.013      0.084    10.0457     89.044     37.280  26.112050     4.7391      7.191   314.1097 1.2990e+01     1.3129      3.938      5.711    10.1498 0.0000e+00
      4.032      0.079    10.0348     88.925     37.254  26.085435     4.7536      7.188   313.9887 1.2807e+01     1.3408      3.953      5.734    10.1033 0.0000e+00
      4.051      0.077    10.0263     88.828     37.244  26.070414     4.8069      7.185   313.8103 1.2633e+01     1.3443      3.973      5.762    10.0653 0.0000e+00
      4.069      0.079    10.0215     88.743     37.247  26.057411     4.8869      7.182   313.3288 1.2488e+01     1.2948      3.991      5.788    10.0354 0.0000e+00
      4.084      0.084    10.0194     88.667     37.273  26.055190     4.9218      7.179   313.0712 1.2333e+01     1.2609      4.004      5.808    10.0139 0.0000e+00
      4.104      0.090    10.0172     88.579     37.291  26.043532     4.9170      7.174   313.7932 1.2113e+01     1.2704      4.021      5.832    10.0070 0.0000e+00
      4.132      0.095    10.0142     88.474     37.331  26.043420     4.9209      7.168   315.0891 1.1821e+01     1.2875      4.051      5.876    10.0031 0.0000e+00
      4.163      0.100    10.0104     88.363     37.386  26.053811     5.0328      7.163   315.6624 1.1553e+01     1.2840      4.085      5.925     9.9801 0.0000e+00
      4.189      0.104    10.0045     88.249     37.401  26.042154     5.2413      7.160   315.5621 1.1354e+01     1.2589      4.109      5.960     9.9495 0.0000e+00
      4.214      0.104     9.9953     88.119     37.407  26.029437     5.3557      7.157   315.1669 1.1155e+01     1.2588      4.131      5.992     9.9203 0.0000e+00
      4.240      0.102     9.9807     87.951     37.424  26.027023     5.3678      7.153   314.5838 1.0930e+01     1.2833      4.157      6.029     9.8788 0.0000e+00
      4.267      0.101     9.9592     87.726     37.423  26.012953     5.3418      7.149   314.4485 1.0724e+01     1.2807      4.185      6.071     9.8387 0.0000e+00
      4.292      0.102     9.9323     87.451     37.404  25.986288     5.2808      7.146   315.1660 1.0543e+01     1.2571      4.210      6.106     9.8107 0.0000e+00
      4.317      0.104     9.9049     87.162     37.389  25.958582     5.2364      7.143   316.2900 1.0359e+01     1.2421      4.233      6.139     9.7880 0.0000e+00
      4.342      0.106     9.8777     86.867     37.380  25.931917     5.2283      7.141   316.7682 1.0161e+01     1.2526      4.257      6.174     9.7699 0.0000e+00
      4.370      0.107     9.8444     86.517     37.389  25.917837     5.2563      7.139   316.4738 9.9400e+00     1.2925      4.284      6.213     9.7539 0.0000e+00
      4.400      0.107     9.8099     86.157     37.415  25.915311     5.2987      7.137   316.1714 9.7343e+00     1.2961      4.316      6.260     9.7373 0.0000e+00
      4.428      0.106     9.7860     85.891     37.425  25.901354     5.3084      7.134   315.9513 9.5666e+00     1.2666      4.342      6.299     9.7139 0.0000e+00
      4.455      0.105     9.7706     85.705     37.415  25.876053     5.2912      7.132   315.6195 9.3876e+00     1.2714      4.368      6.335     9.6844 0.0000e+00
      4.481      0.105     9.7584     85.551     37.422  25.863356     5.2744      7.130   315.9452 9.2141e+00     1.2928      4.396      6.376     9.6576 0.0000e+00
      4.506      0.105     9.7493     85.422     37.465  25.874796     5.2621      7.127   316.8779 9.0498e+00     1.3115      4.419      6.409     9.6298 0.0000e+00
      4.530      0.105     9.7419     85.307     37.510  25.887372     5.2528      7.124   317.2602 8.8466e+00     1.3143      4.440      6.441     9.6009 0.0000e+00
      4.558      0.104     9.7368     85.221     37.534  25.888412     5.2538      7.123   317.2119 8.6240e+00     1.2968      4.468      6.480     9.5766 0.0000e+00
      4.588      0.101     9.7363     85.188     37.547  25.887353     5.3750      7.123   317.2402 8.4050e+00     1.3136      4.500      6.526     9.5539 0.0000e+00
      4.618      0.098     9.7377     85.171     37.544  25.874550     5.6069      7.121   317.0861 8.2486e+00     1.3346      4.534      6.575     9.5299 0.0000e+00
      4.641      0.095     9.7372     85.123     37.548  25.860593     5.7325      7.119   316.7252 8.1508e+00     1.2747      4.553      6.604     9.5034 0.0000e+00
      4.660      0.090     9.7371     85.065     37.557  25.845578     5.7448      7.117   316.6624 8.0243e+00     1.2006      4.567      6.625     9.4807 0.0000e+00
      4.682      0.088     9.7392     85.026     37.551  25.819962     5.7459      7.115   317.1015 7.8832e+00     1.2011      4.591      6.659     9.4705 0.0000e+00
      4.704      0.091     9.7418     84.997     37.557  25.804825     5.7454      7.111   317.6465 7.7492e+00     1.2807      4.614      6.692     9.4606 0.0000e+00
      4.725      0.097     9.7448     84.967     37.565  25.789533     5.7482      7.107   317.8317 7.6242e+00     1.4007      4.634      6.722     9.4361 0.0000e+00
      4.747      0.103     9.7472     84.917     37.562  25.762034     5.7517      7.104   317.6201 7.4867e+00     1.4612      4.653      6.749     9.4067 0.0000e+00
      4.775      0.106     9.7455     84.826     37.552  25.726280     5.7701      7.102   317.3250 7.2912e+00     1.4637      4.679      6.787     9.3765 0.0000e+00
      4.810      0.106     9.7412     84.712     37.518  25.674677     5.9794      7.102   317.1027 7.0853e+00     1.4307      4.718      6.842     9.3527 0.0000e+00
      4.843      0.104     9.7366     84.593     37.519  25.646018     6.3618      7.102   316.9973 6.9353e+00     1.3372      4.752      6.892     9.3286 0.0000e+00
      4.870      0.099     9.7315     84.455     37.552  25.633721     6.5613      7.103   316.9963 6.8383e+00     1.2792      4.778      6.930     9.2906 0.0000e+00
      4.890      0.091     9.7240     84.281     37.546  25.589453     6.5718      7.103   317.0052 6.7481e+00     1.2792      4.796      6.956     9.2513 0.0000e+00
      4.910      0.086     9.7125     84.081     37.551  25.555190     6.5812      7.102   317.1050 6.6372e+00     1.2761      4.814      6.982     9.2139 0.0000e+00
      4.930      0.086     9.6996     83.883     37.571  25.536873     6.6022      7.098   317.3423 6.5413e+00     1.3020      4.836      7.013     9.1782 0.0000e+00
      4.948      0.091     9.6851     83.670     37.557  25.494938     6.6227      7.094   317.4653 6.4595e+00     1.3179      4.852      7.037     9.1335 0.0000e+00
      4.968      0.098     9.6683     83.413     37.522  25.429078     6.6268      7.091   317.3873 6.3163e+00     1.2841      4.869      7.062     9.0725 0.0000e+00
      4.996      0.104     9.6514     83.099     37.536  25.375461     6.5965      7.087   317.4324 6.1182e+00     1.2600      4.897      7.103     9.0219 0.0000e+00
      5.028      0.107     9.6271     82.679     37.623  25.354536     6.5603      7.084   317.7526 5.9479e+00     1.2407      4.932      7.153     8.9833 0.0000e+00
      5.060      0.109     9.5886     82.160     37.652  25.302976     6.5568      7.079   318.2466 5.8048e+00     1.2335      4.963      7.198     8.9407 0.0000e+00
      5.090      0.113     9.5495     81.618     37.611  25.196434     6.5632      7.074   318.6741 5.6894e+00     1.2649      4.993      7.242     8.8950 0.0000e+00
      5.115      0.119     9.5197     80.998     37.651  25.082146     6.5637      7.066   318.7054 5.6198e+00     1.2842      5.018      7.278     8.8131 0.0000e+00
      5.136      0.126     9.4832     80.199     37.811  25.000351     6.5623      7.061   318.4522 5.5357e+00     1.2843      5.034      7.301     8.6826 0.0000e+00
      5.166      0.131     9.4284     79.316     38.012  24.969172     6.5553      7.058   318.2805 5.3796e+00     1.2968      5.060      7.339     8.5918 0.0000e+00
      5.208      0.133     9.3570     78.446     38.158  24.958967     6.5534      7.056   318.4359 5.1824e+00     1.2824      5.105      7.405     8.5356 0.0000e+00
      5.254      0.131     9.2661     77.533     38.221  24.940356     6.5761      7.056   318.7823 5.0273e+00     1.2622      5.156      7.477     8.3396 0.0000e+00
      5.293      0.124     9.1483     76.473     38.258  24.934564     6.7554      7.056   318.7695 4.9287e+00     1.3275      5.195      7.535     8.0371 0.0000e+00
      5.322      0.110     8.9988     75.195     38.303  24.952404     7.0761      7.055   318.5392 4.8551e+00     1.4310      5.221      7.573     7.8112 0.0000e+00
      5.343      0.091     8.8259     73.744     38.328  24.965565     7.2468      7.054   318.4922 4.7912e+00     1.4757      5.239      7.599     7.6836 0.0000e+00
      5.361      0.074     8.6423     72.208     38.331  24.966700     7.2567      7.054   318.2020 4.7277e+00     1.4716      5.258      7.626     7.6119 0.0000e+00
      5.378      0.064     8.4546     70.639     38.330  24.966132     7.2886      7.054   317.7837 4.6842e+00     1.4727      5.277      7.652     7.5766 0.0000e+00
      5.391      0.060     8.2662     69.068     38.316  24.958699     7.3472      7.052   318.2525 4.6629e+00     1.5206      5.287      7.669     7.5666 0.0000e+00
      5.401      0.064     8.0901     67.595     38.289  24.940325     7.3773      7.047   319.2245 4.6414e+00     1.5619      5.296      7.683     7.5667 0.0000e+00
      5.412      0.071     7.9485     66.401     38.288  24.934440     7.3772      7.042   319.5548 4.6010e+00     1.5453      5.305      7.694     7.5645 0.0000e+00
      5.430      0.080     7.8499     65.563     38.324  24.951031     7.3270      7.038   319.5794 4.5225e+00     1.5025      5.321      7.717     7.5640 0.0000e+00
      5.455      0.089     7.7893     65.047     38.331  24.950454     7.2385      7.035   319.6941 4.4261e+00     1.4711      5.350      7.759     7.5687 0.0000e+00
      5.484      0.095     7.7598     64.792     38.302  24.927452     7.1990      7.033   319.3923 4.3408e+00     1.5013      5.380      7.802     7.5693 0.0000e+00
      5.513      0.095     7.7568     64.759     38.307  24.926875     7.1988      7.030   318.8557 4.2544e+00     1.5325      5.407      7.842     7.5601 0.0000e+00
