Data/DataNotYetUploadedToEDI/Raw_CTD/RawDownloads/042318_fcr47.cnv
* Sea-Bird SBE19plus  Data File:
* FileName = C:\DATA\042318_fcr_0003.hex
* Software version 2.6.3.104 SB_Terminal.dll
* Temperature SN = 7809
* Conductivity SN = 7809
* System UpLoad Time = Apr 23 2018 14:25:07
* <ApplicationData>
* <Seaterm232>
# nquan = 15
# nvalues = 851                         
# units = specified
# name 0 = depFM: Depth [fresh water, m]
# name 1 = dz/dtM: Descent Rate [m/s]
# name 2 = sbeox0Mg/L: Oxygen, SBE 43 [mg/l]
# name 3 = sbeox0PS: Oxygen, SBE 43 [% saturation]
# name 4 = specc: Specific Conductance [uS/cm]
# name 5 = c0uS/cm: Conductivity [uS/cm]
# name 6 = flECO-AFL: Fluorescence, WET Labs ECO-AFL/FL [mg/m^3]
# name 7 = ph: pH
# name 8 = orp: Oxidation Reduction Potential [mV]
# name 9 = par/sat/log: PAR/Logarithmic, Satlantic
# name 10 = turbWETntu0: Turbidity, WET Labs ECO [NTU]
# name 11 = prdM: Pressure, Strain Gauge [db]
# name 12 = prdE: Pressure, Strain Gauge [psi]
# name 13 = tv290C: Temperature [ITS-90, deg C]
# name 14 = flag:  0.000e+00
# span 0 =     -0.336,      8.512       
# span 1 =     -0.108,      0.217       
# span 2 =     6.6115,    10.7880       
# span 3 =     58.809,    103.698       
# span 4 =     35.948,     38.762       
# span 5 =  24.661837,  28.798216       
# span 6 =     0.2831,     6.7074       
# span 7 =      6.667,      7.323       
# span 8 =   224.4266,   304.5256       
# span 9 = 5.2601e-01, 4.6243e+02       
# span 10 =     0.9505,    28.7447      
# span 11 =     -0.348,      8.350      
# span 12 =     -0.505,     12.111      
# span 13 =     7.0542,    13.6671      
# span 14 = 0.0000e+00, 0.0000e+00      
# interval = seconds: 0.25
# start_time = Apr 23 2018 16:29:10 [Instrument's time stamp, header]
# bad_flag = -9.990e-29
*END*
[from data line 579]
      2.872      0.084    10.0739     91.281     36.401  26.181514     3.0638      7.216   286.8388 4.2893e+01     1.4906      2.818      4.087    11.2676 0.0000e+00
      2.894      0.082    10.0652     91.000     36.436  26.136812     3.0771      7.216   286.9079 4.2216e+01     1.4702      2.838      4.116    11.2120 0.0000e+00
      2.917      0.079    10.0542     90.724     36.507  26.126982     3.0806      7.215   286.9747 4.1491e+01     1.4737      2.860      4.148    11.1452 0.0000e+00
      2.939      0.075    10.0423     90.471     36.576  26.126093     3.1240      7.214   286.9586 4.0876e+01     1.4708      2.883      4.183    11.0614 0.0000e+00
      2.957      0.071    10.0332     90.246     36.646  26.126005     3.1879      7.213   286.9713 4.0458e+01     1.4666      2.902      4.210    10.9607 0.0000e+00
      2.972      0.070    10.0308     90.067     36.722  26.125865     3.2106      7.212   287.0416 4.0074e+01     1.4528      2.915      4.228    10.8590 0.0000e+00
      2.987      0.070    10.0370     89.968     36.797  26.124343     3.2055      7.210   287.1211 3.9591e+01     1.4572      2.928      4.247    10.7744 0.0000e+00
      3.003      0.072    10.0436     89.883     36.934  26.171042     3.2266      7.206   287.2446 3.9044e+01     1.4888      2.946      4.272    10.7123 0.0000e+00
      3.022      0.075    10.0504     89.802     37.020  26.182486     3.2636      7.201   287.3291 3.8438e+01     1.4994      2.962      4.295    10.6491 0.0000e+00
      3.043      0.079    10.0594     89.719     37.035  26.135676     3.2756      7.197   287.3681 3.7789e+01     1.4935      2.983      4.326    10.5676 0.0000e+00
      3.066      0.083    10.0671     89.598     37.098  26.112965     3.2707      7.192   287.6306 3.7192e+01     1.4794      3.009      4.363    10.4940 0.0000e+00
      3.087      0.086    10.0707     89.463     37.161  26.098302     3.2785      7.188   288.0079 3.6647e+01     1.4506      3.028      4.392    10.4264 0.0000e+00
      3.108      0.088    10.0686     89.328     37.201  26.085316     3.3516      7.184   288.1443 3.6081e+01     1.4502      3.048      4.421    10.3627 0.0000e+00
      3.131      0.088    10.0618     89.188     37.238  26.082888     3.4745      7.179   288.1611 3.5459e+01     1.4746      3.070      4.453    10.2914 0.0000e+00
      3.154      0.089    10.0551     89.075     37.246  26.068921     3.5329      7.175   288.3830 3.4852e+01     1.4709      3.094      4.486    10.1859 0.0000e+00
      3.177      0.091    10.0526     89.010     37.231  26.043411     3.5431      7.170   288.6761 3.4278e+01     1.4670      3.116      4.519    10.1020 0.0000e+00
      3.200      0.094    10.0536     88.970     37.234  26.028405     3.7172      7.165   288.7798 3.3698e+01     1.4890      3.138      4.551    10.0528 0.0000e+00
      3.222      0.096    10.0562     88.940     37.241  26.014459     4.0479      7.159   288.8625 3.3117e+01     1.4925      3.159      4.582    10.0143 0.0000e+00
      3.247      0.098    10.0607     88.935     37.245  26.001761     4.2324      7.154   289.0736 3.2457e+01     1.4778      3.182      4.615     9.9918 0.0000e+00
      3.275      0.098    10.0664     88.956     37.260  26.001847     4.2486      7.149   289.2673 3.1743e+01     1.4641      3.211      4.658     9.9752 0.0000e+00
      3.303      0.097    10.0717     88.986     37.288  26.015491     4.2985      7.145   289.3980 3.1125e+01     1.4799      3.241      4.700     9.9517 0.0000e+00
      3.328      0.095    10.0757     89.007     37.331  26.039725     4.4132      7.141   289.5360 3.0604e+01     1.5159      3.264      4.735     9.9229 0.0000e+00
      3.351      0.090    10.0768     88.999     37.342  26.040879     4.4863      7.139   289.5582 3.0133e+01     1.5034      3.286      4.767     9.9008 0.0000e+00
      3.373      0.085    10.0737     88.953     37.334  26.029440     4.5029      7.138   289.4947 2.9675e+01     1.4499      3.307      4.797     9.8869 0.0000e+00
      3.393      0.081    10.0656     88.860     37.343  26.028400     4.5952      7.137   289.5423 2.9219e+01     1.3574      3.329      4.827     9.8818 0.0000e+00
      3.412      0.078    10.0541     88.736     37.355  26.028297     4.7661      7.137   289.7034 2.8744e+01     1.2697      3.347      4.854     9.8763 0.0000e+00
      3.431      0.077    10.0420     88.609     37.365  26.028184     4.8510      7.135   289.8939 2.8211e+01     1.2748      3.363      4.879     9.8655 0.0000e+00
      3.451      0.077    10.0293     88.484     37.369  26.027027     4.8496      7.133   290.0393 2.7761e+01     1.2968      3.385      4.908     9.8578 0.0000e+00
      3.470      0.079    10.0188     88.379     37.358  26.014309     4.8599      7.130   290.1708 2.7405e+01     1.2614      3.403      4.935     9.8486 0.0000e+00
      3.489      0.083    10.0138     88.315     37.350  26.001392     4.9015      7.125   290.2789 2.7021e+01     1.2435      3.421      4.961     9.8352 0.0000e+00
      3.510      0.088    10.0096     88.253     37.358  25.997824     4.9578      7.120   290.4006 2.6613e+01     1.2639      3.441      4.991     9.8259 0.0000e+00
      3.533      0.093    10.0025     88.161     37.335  25.971156     4.9800      7.115   290.5240 2.6130e+01     1.2638      3.463      5.022     9.8217 0.0000e+00
      3.558      0.096     9.9974     88.074     37.301  25.932925     4.9774      7.111   290.4792 2.5569e+01     1.2420      3.488      5.061     9.8162 0.0000e+00
      3.585      0.098     9.9939     87.979     37.311  25.916519     4.9811      7.109   290.4622 2.5028e+01     1.2440      3.516      5.100     9.8070 0.0000e+00
      3.612      0.098     9.9889     87.837     37.337  25.899760     4.9877      7.108   290.5761 2.4537e+01     1.2893      3.543      5.138     9.7935 0.0000e+00
      3.637      0.097     9.9840     87.650     37.350  25.857244     5.0019      7.107   290.6515 2.4103e+01     1.3313      3.569      5.176     9.7807 0.0000e+00
      3.660      0.097     9.9744     87.394     37.333  25.783371     5.0147      7.106   290.6852 2.3729e+01     1.2942      3.590      5.207     9.7637 0.0000e+00
      3.683      0.097     9.9536     87.035     37.312  25.704941     5.0505      7.104   290.7259 2.3361e+01     1.2370      3.611      5.238     9.7322 0.0000e+00
      3.706      0.098     9.9223     86.587     37.353  25.670815     5.1321      7.100   290.8002 2.2936e+01     1.2501      3.633      5.270     9.6910 0.0000e+00
      3.731      0.099     9.8781     86.053     37.458  25.688154     5.1922      7.094   290.8092 2.2446e+01     1.2695      3.658      5.305     9.6178 0.0000e+00
      3.759      0.099     9.8206     85.444     37.568  25.724058     5.1990      7.089   290.7480 2.1964e+01     1.2584      3.688      5.348     9.5281 0.0000e+00
      3.787      0.097     9.7532     84.784     37.607  25.723920     5.1676      7.085   290.8348 2.1542e+01     1.2685      3.714      5.387     9.4456 0.0000e+00
      3.812      0.094     9.6768     84.068     37.581  25.686454     5.1250      7.082   291.0843 2.1181e+01     1.2995      3.738      5.423     9.3550 0.0000e+00
      3.836      0.089     9.5921     83.287     37.555  25.652008     5.1162      7.079   291.2690 2.0884e+01     1.2985      3.763      5.457     9.2795 0.0000e+00
      3.857      0.085     9.5011     82.456     37.539  25.624885     5.1247      7.075   291.2614 2.0593e+01     1.2556      3.782      5.485     9.2283 0.0000e+00
      3.876      0.082     9.4080     81.611     37.541  25.612467     5.1088      7.072   291.2509 2.0282e+01     1.2085      3.802      5.513     9.1949 0.0000e+00
      3.895      0.081     9.3168     80.793     37.581  25.628835     5.0709      7.069   291.3999 1.9983e+01     1.1867      3.820      5.540     9.1719 0.0000e+00
      3.915      0.081     9.2330     80.044     37.598  25.632297     5.0436      7.064   291.5141 1.9676e+01     1.2050      3.839      5.569     9.1491 0.0000e+00
      3.936      0.084     9.1616     79.398     37.553  25.590823     5.0360      7.060   291.5140 1.9354e+01     1.2473      3.860      5.598     9.1280 0.0000e+00
      3.957      0.088     9.1010     78.840     37.544  25.571819     5.0345      7.056   291.5703 1.9040e+01     1.2712      3.881      5.628     9.1081 0.0000e+00
      3.979      0.092     9.0505     78.369     37.595  25.592992     5.0988      7.055   291.7653 1.8722e+01     1.3100      3.901      5.660     9.0954 0.0000e+00
      4.003      0.093     9.0150     78.026     37.616  25.592837     5.2340      7.053   291.9778 1.8367e+01     1.4106      3.924      5.692     9.0861 0.0000e+00
      4.030      0.093     8.9913     77.785     37.604  25.569924     5.3088      7.049   291.9893 1.8022e+01     1.5117      3.952      5.731     9.0714 0.0000e+00
      4.056      0.092     8.9725     77.589     37.624  25.569912     5.3139      7.046   291.8182 1.7734e+01     1.5560      3.980      5.772     9.0541 0.0000e+00
      4.080      0.089     8.9565     77.419     37.676  25.592687     5.3602      7.045   291.7157 1.7445e+01     1.5491      4.002      5.805     9.0360 0.0000e+00
      4.101      0.085     8.9439     77.280     37.692  25.591305     5.4452      7.042   291.6960 1.7164e+01     1.5200      4.023      5.835     9.0160 0.0000e+00
      4.121      0.084     8.9368     77.186     37.655  25.553181     5.4874      7.039   291.7521 1.6936e+01     1.5094      4.043      5.863     8.9965 0.0000e+00
      4.139      0.086     8.9329     77.115     37.618  25.512681     5.4943      7.036   291.9636 1.6702e+01     1.5126      4.058      5.887     8.9784 0.0000e+00
      4.159      0.091     8.9303     77.042     37.603  25.482573     5.5288      7.032   292.1891 1.6402e+01     1.4972      4.078      5.914     8.9616 0.0000e+00
      4.183      0.098     8.9288     76.961     37.586  25.443088     5.5832      7.025   292.3272 1.6071e+01     1.4761      4.101      5.948     8.9455 0.0000e+00
      4.210      0.107     8.9276     76.860     37.601  25.416208     5.6094      7.018   292.3429 1.5737e+01     1.4708      4.127      5.986     8.9295 0.0000e+00
      4.239      0.112     8.9249     76.726     37.661  25.411498     5.6158      7.013   292.2932 1.5398e+01     1.4640      4.155      6.028     8.9109 0.0000e+00
      4.269      0.112     8.9159     76.536     37.691  25.386093     5.6323      7.008   292.2422 1.5046e+01     1.4549      4.186      6.071     8.8850 0.0000e+00
      4.303      0.107     8.8967     76.276     37.715  25.362968     5.6535      7.005   292.1564 1.4682e+01     1.4522      4.219      6.120     8.8496 0.0000e+00
      4.335      0.097     8.8692     75.975     37.788  25.385828     5.6690      7.003   292.1163 1.4383e+01     1.4619      4.253      6.168     8.7998 0.0000e+00
      4.360      0.085     8.8364     75.659     37.843  25.408488     5.6822      7.002   292.1013 1.4193e+01     1.4805      4.278      6.205     8.7362 0.0000e+00
      4.378      0.074     8.8008     75.324     37.824  25.382968     5.6842      7.001   292.1472 1.4079e+01     1.5251      4.295      6.229     8.6702 0.0000e+00
      4.389      0.067     8.7644     74.961     37.779  25.331230     5.6755      6.999   292.3272 1.3994e+01     1.6347      4.304      6.243     8.6170 0.0000e+00
      4.398      0.064     8.7289     74.584     37.764  25.290848     5.6685      6.996   292.4712 1.3874e+01     1.7064      4.311      6.254     8.5805 0.0000e+00
      4.412      0.067     8.6959     74.224     37.791  25.275635     5.6642      6.992   292.5107 1.3690e+01     1.6903      4.325      6.273     8.5662 0.0000e+00
      4.431      0.072     8.6669     73.905     37.834  25.274239     5.6701      6.990   292.5477 1.3464e+01     1.6843      4.344      6.301     8.5590 0.0000e+00
      4.453      0.077     8.6429     73.644     37.869  25.273949     5.7122      6.988   292.5741 1.3236e+01     1.6944      4.367      6.334     8.5285 0.0000e+00
      4.477      0.079     8.6236     73.447     37.887  25.272102     5.7772      6.986   292.5713 1.3026e+01     1.6907      4.391      6.368     8.4834 0.0000e+00
      4.499      0.079     8.6102     73.320     37.865  25.251884     5.8127      6.985   292.6003 1.2832e+01     1.7012      4.413      6.401     8.4382 0.0000e+00
      4.519      0.079     8.6024     73.235     37.829  25.219972     5.8206      6.983   292.6658 1.2668e+01     1.7297      4.432      6.429     8.3961 0.0000e+00
      4.536      0.079     8.5973     73.139     37.838  25.203707     5.8448      6.980   292.7608 1.2520e+01     1.7292      4.449      6.452     8.3635 0.0000e+00
      4.552      0.080     8.5914     73.012     37.854  25.182187     5.8934      6.977   292.8028 1.2340e+01     1.6956      4.462      6.472     8.3445 0.0000e+00
      4.571      0.083     8.5820     72.854     37.856  25.150222     5.9219      6.974   292.9155 1.2133e+01     1.6892      4.481      6.499     8.3439 0.0000e+00
      4.596      0.088     8.5671     72.655     37.880  25.134643     5.9317      6.971   293.1767 1.1913e+01     1.7134      4.507      6.537     8.3417 0.0000e+00
      4.622      0.092     8.5431     72.385     37.902  25.120782     6.0301      6.968   293.3812 1.1685e+01     1.7135      4.534      6.575     8.3078 0.0000e+00
      4.646      0.093     8.5101     72.045     37.924  25.109589     6.2019      6.964   293.5809 1.1478e+01     1.6902      4.557      6.609     8.2591 0.0000e+00
      4.670      0.093     8.4707     71.658     37.985  25.126268     6.2899      6.960   293.7844 1.1269e+01     1.6757      4.579      6.641     8.2147 0.0000e+00
      4.695      0.092     8.4298     71.259     38.028  25.131937     6.3045      6.956   293.8626 1.1063e+01     1.6910      4.605      6.679     8.1733 0.0000e+00
      4.718      0.090     8.3918     70.888     38.035  25.114613     6.3329      6.952   293.8381 1.0887e+01     1.6917      4.627      6.711     8.1358 0.0000e+00
      4.740      0.088     8.3533     70.518     38.054  25.107258     6.3660      6.949   293.8321 1.0732e+01     1.6547      4.648      6.742     8.1017 0.0000e+00
      4.763      0.085     8.3125     70.135     38.080  25.106493     6.3743      6.945   293.7901 1.0569e+01     1.6403      4.671      6.774     8.0718 0.0000e+00
      4.785      0.082     8.2729     69.766     38.101  25.105339     6.3683      6.942   293.7601 1.0384e+01     1.6703      4.692      6.805     8.0418 0.0000e+00
      4.805      0.079     8.2332     69.404     38.102  25.093304     6.3582      6.939   293.9004 1.0233e+01     1.7122      4.712      6.834     8.0120 0.0000e+00
      4.825      0.077     8.1910     69.028     38.108  25.087944     6.3355      6.937   294.0237 1.0116e+01     1.7189      4.733      6.863     7.9857 0.0000e+00
      4.844      0.076     8.1499     68.663     38.144  25.104010     6.3135      6.935   294.0466 9.9789e+00     1.6907      4.752      6.892     7.9628 0.0000e+00
      4.862      0.074     8.1101     68.314     38.143  25.097084     6.3039      6.933   294.0049 9.8273e+00     1.6759      4.768      6.915     7.9423 0.0000e+00
      4.880      0.074     8.0686     67.956     38.104  25.067680     6.3016      6.930   294.0356 9.6961e+00     1.6927      4.784      6.939     7.9258 0.0000e+00
      4.900      0.073     8.0261     67.596     38.103  25.065949     6.2864      6.927   294.1596 9.5820e+00     1.7111      4.805      6.970     7.9149 0.0000e+00
      4.919      0.071     7.9847     67.249     38.118  25.076148     6.2577      6.925   294.2136 9.4715e+00     1.7151      4.825      6.998     7.9043 0.0000e+00
      4.938      0.070     7.9480     66.939     38.100  25.064007     6.2402      6.923   294.3448 9.3487e+00     1.7099      4.841      7.021     7.8947 0.0000e+00
