Data/DataNotYetUploadedToEDI/Raw_CTD/RawDownloads/042318_fcr49(2).cnv
* Sea-Bird SBE19plus  Data File:
* FileName = C:\DATA\042318_fcr_0005.hex
* Software version 2.6.3.104 SB_Terminal.dll
* Temperature SN = 7809
* Conductivity SN = 7809
* System UpLoad Time = Apr 23 2018 14:26:16
* <ApplicationData>
* <Seaterm232>
# nquan = 15
# nvalues = 1254                        
# units = specified
# name 0 = depFM: Depth [fresh water, m]
# name 1 = dz/dtM: Descent Rate [m/s]
# name 2 = sbeox0Mg/L: Oxygen, SBE 43 [mg/l]
# name 3 = sbeox0PS: Oxygen, SBE 43 [% saturation]
# name 4 = specc: Specific Conductance [uS/cm]
# name 5 = c0uS/cm: Conductivity [uS/cm]
# name 6 = flECO-AFL: Fluorescence, WET Labs ECO-AFL/FL [mg/m^3]
# name 7 = ph: pH
# name 8 = orp: Oxidation Reduction Potential [mV]
# name 9 = par/sat/log: PAR/Logarithmic, Satlantic
# name 10 = turbWETntu0: Turbidity, WET Labs ECO [NTU]
# name 11 = prdM: Pressure, Strain Gauge [db]
# name 12 = prdE: Pressure, Strain Gauge [psi]
# name 13 = tv290C: Temperature [ITS-90, deg C]
# name 14 = flag:  0.000e+00
# span 0 =     -0.512,      9.650       
# span 1 =     -0.118,      0.217       
# span 2 =     6.3167,    10.6805       
# span 3 =     52.079,    102.859       
# span 4 =      3.975,     39.934       
# span 5 =   3.047877,  28.312103       
# span 6 =    -0.2042,     8.3041       
# span 7 =      6.495,      7.967       
# span 8 =   260.4515,  1222.9817       
# span 9 = 3.7375e-01, 9.4481e+02       
# span 10 =    -0.4496,     2.2800      
# span 11 =     -0.503,      9.464      
# span 12 =     -0.729,     13.727      
# span 13 =     7.0271,    13.6633      
# span 14 = 0.0000e+00, 0.0000e+00      
# interval = seconds: 0.25
# start_time = Apr 23 2018 17:01:58 [Instrument's time stamp, header]
# bad_flag = -9.990e-29
*END*
[from data line 675]
      1.218      0.064     9.8654     94.512     36.219  27.831433     1.3235      7.288   314.6733 1.9428e+02     1.1122      1.194      1.732    13.5251 0.0000e+00
      1.235      0.064     9.8686     94.528     36.228  27.832701     1.2943      7.288   314.5681 1.9163e+02     1.1186      1.211      1.756    13.4785 0.0000e+00
      1.253      0.064     9.8780     94.608     36.266  27.858309     1.2771      7.288   314.4245 1.8918e+02     1.0957      1.229      1.782    13.4453 0.0000e+00
      1.270      0.064     9.8926     94.741     36.306  27.887059     1.2724      7.289   314.3136 1.8685e+02     1.0797      1.246      1.807    13.4261 0.0000e+00
      1.285      0.065     9.9103     94.907     36.358  27.926304     1.2736      7.291   314.4319 1.8491e+02     1.1075      1.261      1.830    13.4157 0.0000e+00
      1.300      0.065     9.9302     95.097     36.392  27.951827     1.2737      7.292   314.8226 1.8294e+02     1.0963      1.274      1.848    13.4092 0.0000e+00
      1.315      0.065     9.9475     95.263     36.379  27.941656     1.2730      7.292   315.1661 1.8042e+02     1.0663      1.288      1.868    13.4045 0.0000e+00
      1.333      0.064     9.9594     95.377     36.365  27.930323     1.2743      7.293   315.2289 1.7773e+02     1.0501      1.307      1.896    13.4018 0.0000e+00
      1.353      0.063     9.9671     95.447     36.381  27.941799     1.2893      7.294   315.0655 1.7540e+02     1.0224      1.327      1.925    13.4001 0.0000e+00
      1.370      0.060     9.9696     95.465     36.399  27.953407     1.3264      7.294   314.9111 1.7354e+02     1.0372      1.345      1.951    13.4000 0.0000e+00
      1.384      0.057     9.9649     95.411     36.390  27.943673     1.3552      7.295   314.9115 1.7203e+02     1.0765      1.358      1.969    13.4011 0.0000e+00
      1.396      0.052     9.9535     95.296     36.402  27.951104     1.3614      7.297   314.9837 1.7041e+02     1.0703      1.368      1.984    13.4009 0.0000e+00
      1.409      0.048     9.9368     95.135     36.440  27.979758     1.3740      7.298   315.0099 1.6880e+02     1.0528      1.381      2.003    13.3993 0.0000e+00
      1.421      0.045     9.9140     94.921     36.429  27.972622     1.3979      7.297   315.1424 1.6756e+02     1.0480      1.395      2.022    13.3963 0.0000e+00
      1.432      0.044     9.8879     94.677     36.369  27.928331     1.4017      7.297   315.3810 1.6644e+02     1.0731      1.405      2.038    13.3912 0.0000e+00
      1.442      0.041     9.8648     94.458     36.316  27.888732     1.3920      7.297   315.4851 1.6503e+02     1.1129      1.413      2.050    13.3877 0.0000e+00
      1.453      0.036     9.8453     94.273     36.298  27.874835     1.3914      7.298   315.3687 1.6342e+02     1.1017      1.424      2.065    13.3874 0.0000e+00
      1.463      0.031     9.8276     94.104     36.313  27.887302     1.3944      7.299   315.1791 1.6216e+02     1.0593      1.437      2.083    13.3898 0.0000e+00
      1.472      0.027     9.8138     93.974     36.345  27.912462     1.3999      7.300   314.9991 1.6154e+02     1.0583      1.446      2.097    13.3930 0.0000e+00
      1.476      0.025     9.8070     93.909     36.361  27.925056     1.4031      7.301   314.7407 1.6128e+02     1.0895      1.448      2.101    13.3944 0.0000e+00
      1.479      0.025     9.8071     93.909     36.345  27.912575     1.4054      7.301   314.6363 1.6088e+02     1.1014      1.449      2.103    13.3945 0.0000e+00
      1.483      0.025     9.8132     93.969     36.313  27.888549     1.4274      7.302   314.6830 1.6000e+02     1.1109      1.453      2.108    13.3951 0.0000e+00
      1.490      0.028     9.8251     94.084     36.313  27.888559     1.4575      7.302   314.7895 1.5878e+02     1.1128      1.460      2.119    13.3958 0.0000e+00
      1.499      0.033     9.8411     94.239     36.343  27.912691     1.4667      7.302   315.0630 1.5763e+02     1.0932      1.470      2.134    13.3960 0.0000e+00
      1.508      0.038     9.8565     94.389     36.360  27.926326     1.4659      7.301   315.0642 1.5654e+02     1.0877      1.479      2.144    13.3958 0.0000e+00
      1.517      0.043     9.8694     94.515     36.359  27.926429     1.4932      7.299   314.8044 1.5524e+02     1.0766      1.488      2.156    13.3960 0.0000e+00
      1.529      0.047     9.8833     94.647     36.344  27.913948     1.5490      7.299   314.7614 1.5369e+02     1.0510      1.499      2.174    13.3969 0.0000e+00
      1.542      0.050     9.8982     94.784     36.331  27.902415     1.5882      7.299   314.8887 1.5204e+02     1.0521      1.512      2.193    13.3976 0.0000e+00
      1.556      0.054     9.9087     94.875     36.350  27.913971     1.6000      7.298   315.1383 1.5047e+02     1.0598      1.527      2.214    13.3987 0.0000e+00
      1.570      0.055     9.9141     94.909     36.375  27.926670     1.6450      7.297   315.4563 1.4899e+02     1.0528      1.540      2.234    13.4010 0.0000e+00
      1.584      0.055     9.9174     94.917     36.388  27.928952     1.7382      7.295   315.7224 1.4739e+02     1.0593      1.552      2.253    13.4003 0.0000e+00
      1.599      0.054     9.9203     94.931     36.411  27.941557     1.7897      7.293   315.6886 1.4565e+02     1.0772      1.567      2.274    13.3975 0.0000e+00
      1.614      0.051     9.9230     94.960     36.423  27.952060     1.7978      7.293   315.3048 1.4411e+02     1.0862      1.584      2.298    13.3945 0.0000e+00
      1.627      0.048     9.9243     94.973     36.393  27.928952     1.8461      7.294   315.1262 1.4295e+02     1.1070      1.597      2.317    13.3859 0.0000e+00
      1.638      0.045     9.9257     94.974     36.382  27.916159     1.9230      7.294   315.2505 1.4202e+02     1.1152      1.607      2.331    13.3712 0.0000e+00
      1.648      0.040     9.9278     94.980     36.399  27.924365     1.9653      7.294   315.3448 1.4113e+02     1.0941      1.617      2.346    13.3621 0.0000e+00
      1.658      0.035     9.9299     94.992     36.372  27.901170     1.9806      7.294   315.3199 1.4019e+02     1.0956      1.627      2.360    13.3684 0.0000e+00
      1.668      0.029     9.9312     94.996     36.361  27.889709     1.9977      7.294   315.2934 1.3940e+02     1.1029      1.637      2.375    13.3723 0.0000e+00
      1.676      0.023     9.9295     94.975     36.393  27.912788     2.0160      7.294   315.3690 1.3896e+02     1.0609      1.645      2.386    13.3611 0.0000e+00
      1.681      0.018     9.9244     94.930     36.409  27.926214     2.0370      7.294   315.3725 1.3879e+02     1.0135      1.649      2.393    13.3539 0.0000e+00
      1.684      0.015     9.9162     94.863     36.403  27.925049     2.0488      7.296   315.2500 1.3875e+02     1.0488      1.651      2.395    13.3532 0.0000e+00
      1.685      0.014     9.9065     94.788     36.361  27.898701     2.0484      7.297   315.1797 1.3868e+02     1.1221      1.651      2.395    13.3474 0.0000e+00
      1.686      0.014     9.8960     94.704     36.305  27.861649     2.0412      7.297   315.2105 1.3838e+02     1.1667      1.653      2.399    13.3434 0.0000e+00
      1.689      0.018     9.8863     94.621     36.295  27.858060     2.0349      7.296   315.2776 1.3791e+02     1.2225      1.656      2.402    13.3460 0.0000e+00
      1.694      0.024     9.8778     94.542     36.290  27.855311     2.0368      7.296   315.3890 1.3730e+02     1.2777      1.661      2.409    13.3520 0.0000e+00
      1.700      0.032     9.8694     94.447     36.262  27.828420     2.0368      7.295   315.5256 1.3653e+02     1.3151      1.667      2.418    13.3606 0.0000e+00
      1.709      0.040     9.8649     94.356     36.230  27.786905     2.0533      7.294   315.6376 1.3550e+02     1.3389      1.674      2.429    13.3701 0.0000e+00
      1.721      0.047     9.8658     94.281     36.199  27.734343     2.0892      7.292   315.7966 1.3403e+02     1.3213      1.686      2.445    13.3747 0.0000e+00
      1.736      0.054     9.8712     94.232     36.200  27.700849     2.1036      7.289   315.9859 1.3238e+02     1.2851      1.701      2.467    13.3775 0.0000e+00
      1.752      0.059     9.8801     94.219     36.160  27.635899     2.1067      7.286   316.1194 1.3088e+02     1.2677      1.719      2.493    13.3739 0.0000e+00
      1.768      0.062     9.8891     94.205     36.054  27.520479     2.1636      7.283   316.2058 1.2943e+02     1.2642      1.734      2.515    13.3514 0.0000e+00
      1.783      0.063     9.9002     94.171     36.022  27.448263     2.2589      7.280   316.5152 1.2783e+02     1.2431      1.748      2.536    13.3080 0.0000e+00
      1.799      0.062     9.9164     94.126     36.045  27.397672     2.3034      7.278   316.9342 1.2611e+02     1.2257      1.764      2.559    13.2562 0.0000e+00
      1.817      0.059     9.9305     94.060     36.077  27.353189     2.2979      7.278   317.0565 1.2451e+02     1.2667      1.782      2.584    13.2077 0.0000e+00
      1.834      0.055     9.9370     93.980     36.143  27.354831     2.2477      7.278   317.0480 1.2344e+02     1.3120      1.800      2.611    13.1696 0.0000e+00
      1.847      0.052     9.9391     93.929     36.174  27.353974     2.1556      7.277   316.9168 1.2264e+02     1.2845      1.812      2.628    13.1130 0.0000e+00
      1.857      0.048     9.9432     93.952     36.166  27.342807     2.1026      7.276   316.7604 1.2168e+02     1.2396      1.822      2.642    13.0003 0.0000e+00
      1.868      0.044     9.9539     94.057     36.170  27.346797     2.1037      7.275   317.0502 1.2065e+02     1.2280      1.832      2.657    12.8944 0.0000e+00
      1.879      0.043     9.9725     94.227     36.162  27.338723     2.1137      7.273   317.5820 1.1962e+02     1.2659      1.843      2.672    12.8283 0.0000e+00
      1.890      0.044     9.9985     94.447     36.134  27.308678     2.1137      7.272   317.8565 1.1870e+02     1.3323      1.854      2.689    12.7951 0.0000e+00
      1.901      0.045    10.0290     94.696     36.141  27.301008     2.1131      7.271   317.9591 1.1787e+02     1.3283      1.865      2.704    12.7967 0.0000e+00
      1.912      0.048    10.0582     94.939     36.167  27.309468     2.1148      7.269   318.0480 1.1692e+02     1.2786      1.874      2.718    12.8032 0.0000e+00
      1.923      0.051    10.0821     95.146     36.141  27.283954     2.1156      7.265   318.0710 1.1582e+02     1.2811      1.886      2.735    12.8013 0.0000e+00
      1.936      0.055    10.1018     95.313     36.100  27.246509     2.1225      7.260   318.1514 1.1457e+02     1.2966      1.898      2.753    12.7883 0.0000e+00
      1.951      0.057    10.1173     95.425     36.103  27.237702     2.1253      7.256   318.4183 1.1316e+02     1.2831      1.912      2.773    12.7651 0.0000e+00
      1.968      0.059    10.1269     95.468     36.128  27.240957     2.1217      7.255   318.7164 1.1163e+02     1.2703      1.928      2.797    12.7470 0.0000e+00
      1.985      0.060    10.1303     95.447     36.128  27.222337     2.1257      7.255   318.9168 1.1032e+02     1.2646      1.948      2.824    12.7439 0.0000e+00
      2.001      0.061    10.1287     95.376     36.128  27.203055     2.2197      7.256   319.0345 1.0932e+02     1.2745      1.963      2.847    12.7374 0.0000e+00
      2.015      0.061    10.1268     95.296     36.149  27.198293     2.3941      7.256   319.0205 1.0825e+02     1.2683      1.975      2.864    12.7212 0.0000e+00
      2.029      0.060    10.1256     95.218     36.135  27.164724     2.4876      7.256   318.9185 1.0693e+02     1.2504      1.988      2.883    12.6972 0.0000e+00
      2.044      0.059    10.1209     95.110     36.097  27.114643     2.5054      7.257   318.7490 1.0549e+02     1.2712      2.003      2.906    12.6712 0.0000e+00
      2.062      0.058    10.1114     94.978     36.098  27.100722     2.5636      7.260   318.6059 1.0423e+02     1.3062      2.023      2.933    12.6467 0.0000e+00
      2.077      0.057    10.1019     94.861     36.141  27.123383     2.6582      7.262   318.6509 1.0322e+02     1.3387      2.038      2.956    12.6174 0.0000e+00
      2.091      0.056    10.0982     94.800     36.167  27.134643     2.7117      7.264   318.7763 1.0229e+02     1.3282      2.051      2.975    12.5856 0.0000e+00
      2.103      0.054    10.0988     94.788     36.142  27.109857     2.7146      7.264   318.8317 1.0142e+02     1.2711      2.063      2.991    12.5507 0.0000e+00
      2.116      0.052    10.1021     94.802     36.107  27.077677     2.7205      7.264   318.8051 1.0055e+02     1.2585      2.075      3.009    12.5322 0.0000e+00
      2.129      0.051    10.1076     94.827     36.099  27.063040     2.7452      7.265   318.7984 9.9602e+01     1.2973      2.087      3.028    12.5248 0.0000e+00
      2.143      0.051    10.1136     94.852     36.109  27.059873     2.7561      7.266   318.8371 9.8619e+01     1.3138      2.101      3.048    12.5062 0.0000e+00
      2.157      0.052    10.1208     94.874     36.102  27.039365     2.7510      7.265   318.8422 9.7670e+01     1.3047      2.116      3.069    12.5011 0.0000e+00
      2.169      0.053    10.1268     94.860     36.089  27.005553     2.7575      7.265   318.9470 9.6860e+01     1.3099      2.127      3.086    12.4979 0.0000e+00
      2.182      0.056    10.1290     94.790     36.080  26.968516     2.8256      7.264   319.2428 9.6058e+01     1.3155      2.139      3.103    12.4807 0.0000e+00
      2.196      0.059    10.1283     94.674     36.050  26.909007     2.9313      7.260   319.5794 9.5059e+01     1.3109      2.152      3.122    12.4688 0.0000e+00
      2.211      0.064    10.1267     94.524     36.041  26.857465     2.9688      7.256   319.8343 9.3934e+01     1.2852      2.167      3.143    12.4512 0.0000e+00
      2.228      0.068    10.1246     94.354     36.103  26.853247     2.9664      7.253   320.0017 9.2679e+01     1.2799      2.184      3.168    12.4164 0.0000e+00
      2.247      0.071    10.1155     94.144     36.167  26.857951     3.0408      7.251   319.9678 9.1278e+01     1.3688      2.203      3.194    12.3720 0.0000e+00
      2.267      0.072    10.0967     93.897     36.191  26.850796     3.1798      7.250   319.6833 8.9937e+01     1.4748      2.223      3.225    12.3247 0.0000e+00
      2.287      0.071    10.0753     93.661     36.180  26.830202     3.2585      7.249   319.4870 8.8790e+01     1.5241      2.243      3.254    12.2603 0.0000e+00
      2.306      0.069    10.0583     93.470     36.153  26.799441     3.2668      7.250   319.4874 8.7675e+01     1.5366      2.261      3.279    12.1821 0.0000e+00
      2.323      0.065    10.0462     93.322     36.165  26.796326     3.2433      7.252   319.5159 8.6642e+01     1.4738      2.278      3.304    12.1172 0.0000e+00
      2.338      0.060    10.0379     93.216     36.173  26.792532     3.1949      7.254   319.4869 8.5839e+01     1.3757      2.294      3.328    12.0870 0.0000e+00
      2.352      0.056    10.0343     93.161     36.130  26.753560     3.1591      7.255   319.3956 8.5041e+01     1.3277      2.307      3.345    12.0775 0.0000e+00
      2.365      0.054    10.0362     93.146     36.081  26.706082     3.1407      7.257   319.1858 8.4213e+01     1.2894      2.321      3.365    12.0625 0.0000e+00
      2.379      0.054    10.0438     93.147     36.056  26.662938     3.0738      7.258   318.9292 8.3439e+01     1.3096      2.333      3.384    12.0436 0.0000e+00
      2.392      0.056    10.0525     93.122     36.036  26.612861     2.9563      7.258   318.8738 8.2649e+01     1.4188      2.345      3.401    12.0282 0.0000e+00
      2.405      0.059    10.0589     93.054     36.002  26.545037     2.8970      7.258   318.8601 8.1799e+01     1.4807      2.358      3.421    12.0219 0.0000e+00
      2.419      0.062    10.0661     92.966     35.982  26.477800     2.8998      7.260   318.9359 8.0797e+01     1.4784      2.371      3.439    12.0127 0.0000e+00
