Data/DataNotYetUploadedToEDI/Raw_CTD/RawDownloads/043018_fcr50.cnv
* Sea-Bird SBE19plus  Data File:
* FileName = C:\DATA\043018_fcr_0007.hex
* Software version 2.6.3.104 SB_Terminal.dll
* Temperature SN = 7809
* Conductivity SN = 7809
* System UpLoad Time = May 01 2018 11:59:12
* <ApplicationData>
* <Seaterm232>
# nquan = 15
# nvalues = 971                         
# units = specified
# name 0 = depFM: Depth [fresh water, m]
# name 1 = dz/dtM: Descent Rate [m/s]
# name 2 = sbeox0Mg/L: Oxygen, SBE 43 [mg/l]
# name 3 = sbeox0PS: Oxygen, SBE 43 [% saturation]
# name 4 = specc: Specific Conductance [uS/cm]
# name 5 = c0uS/cm: Conductivity [uS/cm]
# name 6 = flECO-AFL: Fluorescence, WET Labs ECO-AFL/FL [mg/m^3]
# name 7 = ph: pH
# name 8 = orp: Oxidation Reduction Potential [mV]
# name 9 = par/sat/log: PAR/Logarithmic, Satlantic
# name 10 = turbWETntu0: Turbidity, WET Labs ECO [NTU]
# name 11 = prdM: Pressure, Strain Gauge [db]
# name 12 = prdE: Pressure, Strain Gauge [psi]
# name 13 = tv290C: Temperature [ITS-90, deg C]
# name 14 = flag:  0.000e+00
# span 0 =     -0.505,      9.786       
# span 1 =     -0.118,      4.628       
# span 2 =     6.3448,    10.3520       
# span 3 =     61.762,    100.786       
# span 4 =      0.373,     38.569       
# span 5 =   0.288892,  27.836904       
# span 6 =    -0.6159,     7.4588       
# span 7 =     -2.419,     10.852       
# span 8 =  -819.3642,  1240.2295       
# span 9 = 3.0785e-01, 2.8919e+03       
# span 10 =    -0.5702,   113.1106      
# span 11 =     -0.496,      9.597      
# span 12 =     -0.719,     13.919      
# span 13 =     8.1341,    14.2246      
# span 14 = 0.0000e+00, 0.0000e+00      
# interval = seconds: 0.25
# start_time = Apr 30 2018 14:39:40 [Instrument's time stamp, header]
# bad_flag = -9.990e-29
*END*
[from data line 290]
      0.036 1.1279e-13     9.1448     89.146     35.329  27.705365     0.4648      6.928   296.7097 1.7601e+02     1.0672      0.035      0.050    14.2049 0.0000e+00
      0.036 1.2407e-12     9.1487     89.186     35.325  27.703074     0.4653      6.929   296.7406 1.7628e+02     1.0444      0.035      0.051    14.2058 0.0000e+00
      0.037 1.3648e-11     9.1526     89.223     35.310  27.690365     0.4681      6.930   297.0213 1.7633e+02     1.0498      0.036      0.052    14.2060 0.0000e+00
      0.037 1.5012e-10     9.1551     89.247     35.295  27.678695     0.4712      6.930   297.5216 1.7657e+02     1.1332      0.036      0.052    14.2066 0.0000e+00
      0.037 1.6514e-09     9.1583     89.278     35.308  27.688980     0.4743      6.929   297.2841 1.7670e+02     1.2590      0.036      0.052    14.2073 0.0000e+00
      0.037 1.8165e-08     9.1600     89.295     35.306  27.687719     0.4788      6.928   296.2140 1.7650e+02     1.3186      0.036      0.052    14.2074 0.0000e+00
      0.037 1.9982e-07     9.1586     89.281     35.276  27.663449     0.4710      6.928   295.6819 1.7629e+02     1.3046      0.035      0.051    14.2075 0.0000e+00
      0.037 3.3522e-07     9.1583     89.278     35.258  27.649532     0.4626      6.928   295.8404 1.7615e+02     1.3039      0.036      0.053    14.2073 0.0000e+00
      0.036 2.9001e-07     9.1579     89.274     35.254  27.646444     0.4686      6.928   296.3234 1.7602e+02     1.3102      0.036      0.052    14.2075 0.0000e+00
      0.036 1.5049e-07     9.1521     89.217     35.228  27.626112     0.4788      6.928   296.8764 1.7594e+02     1.2898      0.035      0.051    14.2075 0.0000e+00
      0.036 1.3681e-08     9.1417     89.115     35.188  27.594196     0.4849      6.927   296.7626 1.7608e+02     1.2703      0.036      0.052    14.2069 0.0000e+00
      0.036 1.2437e-09     9.1287     88.988     35.168  27.578040     0.4786      6.927   296.1511 1.7626e+02     1.1971      0.036      0.052    14.2072 0.0000e+00
      0.037 1.1309e-10     9.1142     88.845     35.143  27.557775     0.4674      6.926   295.7646 1.7628e+02     1.0750      0.036      0.052    14.2067 0.0000e+00
      0.037 1.0508e-11     9.1012     88.716     35.120  27.539658     0.4596      6.925   295.6167 1.7623e+02     1.0450      0.036      0.053    14.2066 0.0000e+00
      0.036 3.4580e-12     9.0915     88.620     35.134  27.549483     0.4574      6.925   295.7392 1.7616e+02     1.0790      0.036      0.052    14.2072 0.0000e+00
      0.036 2.7844e-11     9.0837     88.541     35.135  27.549574     0.4589      6.925   296.1269 1.7628e+02     1.1515      0.035      0.051    14.2059 0.0000e+00
      0.036 3.0536e-10     9.0745     88.449     35.125  27.540763     0.4594      6.926   296.4332 1.7643e+02     1.2799      0.036      0.052    14.2054 0.0000e+00
      0.036 3.3589e-09     9.0635     88.340     35.163  27.569941     0.4639      6.927   296.6894 1.7666e+02     1.3490      0.036      0.052    14.2044 0.0000e+00
      0.036 3.6947e-08     9.0540     88.246     35.183  27.584863     0.4664      6.928   296.9009 1.7661e+02     1.3469      0.035      0.051    14.2026 0.0000e+00
      0.036 4.0642e-07     9.0479     88.186     35.114  27.530697     0.4629      6.929   296.9264 1.7604e+02     1.3455      0.035      0.051    14.2017 0.0000e+00
      0.036      0.000     9.0440     88.147     35.058  27.486510     0.4677      6.929   296.8248 1.7574e+02     1.3636      0.035      0.051    14.2007 0.0000e+00
      0.036      0.000     9.0408     88.115     35.069  27.495093     0.4784      6.929   296.7050 1.7582e+02     1.3526      0.036      0.052    14.1995 0.0000e+00
      0.037      0.001     9.0398     88.106     35.084  27.507470     0.4729      6.930   296.5970 1.7592e+02     1.3030      0.036      0.052    14.1989 0.0000e+00
      0.037      0.001     9.0437     88.145     35.086  27.509163     0.4567      6.930   296.5511 1.7605e+02     1.3125      0.036      0.052    14.1988 0.0000e+00
      0.037      0.000     9.0522     88.229     35.094  27.515561     0.4379      6.928   297.0964 1.7597e+02     1.3458      0.036      0.053    14.1986 0.0000e+00
      0.037      0.000     9.0626     88.332     35.101  27.521333     0.4104      6.927   298.0279 1.7568e+02     1.3090      0.036      0.052    14.1985 0.0000e+00
      0.037      0.000     9.0714     88.418     35.093  27.515457     0.3912      6.927   298.3488 1.7563e+02     1.2642      0.036      0.053    14.1986 0.0000e+00
      0.037      0.000     9.0785     88.488     35.083  27.508008     0.3897      6.928   297.9650 1.7574e+02     1.2624      0.036      0.053    14.1989 0.0000e+00
      0.037      0.002     9.0851     88.553     35.066  27.494768     0.4105      6.941   296.8296 1.7564e+02     1.2871      0.036      0.052    14.1991 0.0000e+00
      0.037      0.007     9.0906     88.607     35.050  27.482371     0.4497      6.984   295.2032 1.7543e+02     1.3191      0.036      0.052    14.2000 0.0000e+00
      0.036      0.017     9.0946     88.644     35.054  27.485108     0.4685      7.040   294.8203 1.7522e+02     1.3437      0.036      0.052    14.2003 0.0000e+00
      0.036      0.028     9.0973     88.666     35.030  27.464358     0.4634      7.057   295.8997 1.7400e+02     1.3400      0.036      0.052    14.2008 0.0000e+00
      0.041      0.035     9.1021     88.705     34.980  27.421983     0.4610      7.040   296.5533 1.5703e+02     1.3045      0.037      0.053    14.2016 0.0000e+00
      0.058      0.034     9.1129     88.803     34.977  27.417244     0.4674      7.029   296.6134 1.3382e+02     1.3110      0.051      0.074    14.2013 0.0000e+00
      0.083      0.024     9.1289     88.957     35.046  27.470551     0.4764      7.043   296.7125 1.3529e+02     1.3280      0.085      0.123    14.2011 0.0000e+00
      0.100      0.005     9.1470     89.136     35.157  27.558524     0.4783      7.082   296.4617 1.4510e+02     1.2956      0.108      0.155    14.1982 0.0000e+00
      0.097     -0.016     9.1650     89.319     35.277  27.655447     0.4809      7.131   295.9893 1.4892e+02     1.2866      0.098      0.143    14.1934 0.0000e+00
      0.081     -0.034     9.1824     89.499     35.397  27.753462     0.4810      7.168   296.2494 1.4961e+02     1.3101      0.082      0.119    14.1897 0.0000e+00
      0.056     -0.044     9.1968     89.649     35.440  27.791129     0.4705      7.182   297.1979 1.4616e+02     1.3357      0.057      0.083    14.1884 0.0000e+00
      0.030     -0.044     9.2048     89.734     35.359  27.729884     0.4631      7.172   297.7349 1.4657e+02     1.3227      0.023      0.035    14.1896 0.0000e+00
      0.018     -0.039     9.2064     89.751     35.254  27.647950     0.4566      7.158   297.7511 1.4737e+02     1.2740      0.010      0.014    14.1935 0.0000e+00
      0.021     -0.035     9.2032     89.721     35.226  27.625961     0.4377      7.159   297.6524 1.4763e+02     1.2354      0.020      0.029    14.1998 0.0000e+00
      0.026     -0.039     9.1968     89.658     35.262  27.654512     0.4191      7.179   297.4877 1.4783e+02     1.1917      0.028      0.042    14.2059 0.0000e+00
      0.022     -0.054     9.1884     89.578     35.288  27.675675     0.4146      7.205   297.4802 1.4591e+02     1.1419      0.024      0.034    14.2094 0.0000e+00
      0.009     -0.078     9.1790     89.489     35.307  27.691339     0.4107      7.226   297.5629 1.4389e+02     1.0910      0.012      0.018    14.2098 0.0000e+00
     -0.016     -0.101     9.1698     89.399     35.340  27.716912     0.4182      7.240   297.5412 1.4176e+02     1.0652     -0.010     -0.014    14.2092 0.0000e+00
     -0.056     -0.115     9.1609     89.310     35.359  27.730876     0.4499      7.249   297.6480 1.4052e+02     1.0737     -0.051     -0.075    14.2094 0.0000e+00
     -0.101     -0.118     9.1543     89.243     35.362  27.733176     0.4724      7.254   297.8219 1.4017e+02     1.1026     -0.103     -0.149    14.2100 0.0000e+00
     -0.140     -0.110     9.1496     89.198     35.377  27.744729     0.4704      7.259   298.0089 1.4006e+02     1.1400     -0.142     -0.206    14.2116 0.0000e+00
     -0.165     -0.091     9.1430     89.138     35.374  27.743558     0.4530      7.261   298.3604 1.3966e+02     1.2511     -0.164     -0.237    14.2122 0.0000e+00
     -0.181     -0.066     9.1363     89.078     35.340  27.719027     0.4265      7.258   298.6294 1.3851e+02     1.4385     -0.178     -0.258    14.2103 0.0000e+00
     -0.193     -0.042     9.1338     89.057     35.317  27.702119     0.4075      7.252   298.1640 1.3786e+02     1.5438     -0.191     -0.277    14.2086 0.0000e+00
     -0.199     -0.022     9.1356     89.077     35.270  27.666128     0.3987      7.244   297.2071 1.3777e+02     1.5475     -0.198     -0.287    14.2090 0.0000e+00
     -0.199     -0.009     9.1397     89.120     35.186  27.601361     0.3927      7.238   296.9546 1.3714e+02     1.4835     -0.196     -0.284    14.2116 0.0000e+00
     -0.197      0.001     9.1463     89.187     35.124  27.554010     0.3908      7.236   297.4344 1.3632e+02     1.3811     -0.192     -0.279    14.2147 0.0000e+00
     -0.195      0.009     9.1536     89.259     35.104  27.538097     0.3938      7.236   297.9312 1.3591e+02     1.3160     -0.191     -0.277    14.2165 0.0000e+00
     -0.192      0.014     9.1575     89.299     35.100  27.535961     0.4017      7.236   298.0575 1.3560e+02     1.2763     -0.189     -0.274    14.2172 0.0000e+00
     -0.189      0.019     9.1610     89.336     35.089  27.528179     0.4034      7.237   297.3268 1.3527e+02     1.2669     -0.186     -0.269    14.2192 0.0000e+00
     -0.184      0.025     9.1635     89.361     35.062  27.507499     0.3962      7.240   295.9797 1.3527e+02     1.2939     -0.180     -0.261    14.2212 0.0000e+00
     -0.178      0.031     9.1645     89.370     35.023  27.476419     0.3976      7.240   295.1056 1.3566e+02     1.2981     -0.175     -0.253    14.2204 0.0000e+00
     -0.170      0.038     9.1656     89.379     35.015  27.469892     0.4107      7.238   294.9321 1.3620e+02     1.2872     -0.169     -0.244    14.2201 0.0000e+00
     -0.159      0.045     9.1640     89.364     35.043  27.492082     0.4167      7.237   295.0861 1.3665e+02     1.2845     -0.158     -0.228    14.2227 0.0000e+00
     -0.145      0.051     9.1620     89.344     35.042  27.490707     0.4054      7.236   295.2468 1.3745e+02     1.2955     -0.142     -0.206    14.2246 0.0000e+00
     -0.130      0.056     9.1614     89.336     34.995  27.453269     0.3934      7.231   295.1543 1.3843e+02     1.2984     -0.126     -0.183    14.2232 0.0000e+00
     -0.115      0.059     9.1636     89.356     34.954  27.420417     0.3919      7.224   294.9140 1.3912e+02     1.2890     -0.112     -0.164    14.2221 0.0000e+00
     -0.099      0.059     9.1672     89.392     34.941  27.410982     0.3969      7.217   294.5780 1.4003e+02     1.3044     -0.098     -0.143    14.2227 0.0000e+00
     -0.083      0.058     9.1667     89.388     34.931  27.402690     0.4172      7.212   294.2757 1.4112e+02     1.3007     -0.082     -0.118    14.2224 0.0000e+00
     -0.067      0.058     9.1622     89.343     34.906  27.383663     0.4441      7.206   294.1843 1.4205e+02     1.2749     -0.065     -0.094    14.2208 0.0000e+00
     -0.053      0.058     9.1565     89.286     34.891  27.371425     0.4559      7.198   294.1609 1.4292e+02     1.2988     -0.050     -0.073    14.2198 0.0000e+00
     -0.041      0.057     9.1505     89.226     34.905  27.381710     0.4584      7.191   294.2511 1.4360e+02     1.3443     -0.040     -0.058    14.2205 0.0000e+00
     -0.027      0.056     9.1453     89.174     34.905  27.381019     0.4648      7.186   294.4152 1.4445e+02     1.3370     -0.028     -0.040    14.2215 0.0000e+00
     -0.011      0.054     9.1429     89.149     34.883  27.363074     0.4687      7.186   294.5959 1.4537e+02     1.3018     -0.011     -0.016    14.2214 0.0000e+00
      0.004      0.054     9.1443     89.161     34.873  27.355226     0.4593      7.187   294.8012 1.4567e+02     1.3150      0.005      0.008    14.2197 0.0000e+00
      0.018      0.054     9.1483     89.200     34.866  27.349626     0.4528      7.187   294.7470 1.4597e+02     1.3445      0.018      0.027    14.2186 0.0000e+00
      0.031      0.053     9.1560     89.276     34.878  27.358863     0.4540      7.187   294.4570 1.4663e+02     1.3228      0.031      0.044    14.2184 0.0000e+00
      0.042      0.052     9.1669     89.382     34.935  27.403413     0.4555      7.189   293.9610 1.4733e+02     1.2967      0.041      0.059    14.2177 0.0000e+00
      0.055      0.052     9.1773     89.480     35.069  27.507287     0.4621      7.191   293.3102 1.4817e+02     1.3034      0.053      0.078    14.2171 0.0000e+00
      0.069      0.053     9.1879     89.577     35.269  27.662319     0.4597      7.192   293.1278 1.4552e+02     1.3129      0.069      0.100    14.2172 0.0000e+00
      0.082      0.056     9.2001     89.687     35.390  27.753923     0.4547      7.191   293.3901 1.4028e+02     1.3203      0.080      0.118    14.2172 0.0000e+00
      0.096      0.058     9.2120     89.796     35.439  27.789369     0.4656      7.191   293.2981 1.5713e+02     1.3312      0.093      0.135    14.2170 0.0000e+00
      0.111      0.060     9.2234     89.900     35.503  27.836904     0.4731      7.190   292.8757 2.7166e+02     1.3225      0.109      0.158    14.2167 0.0000e+00
      0.129      0.060     9.2327     89.985     35.484  27.820670     0.4618      7.190   292.2408 5.6124e+02     1.3066      0.126      0.183    14.2132 0.0000e+00
      0.146      0.060     9.2377     90.029     35.358  27.720075     0.4493      7.190   291.4724 8.5135e+02     1.2918      0.144      0.208    14.2070 0.0000e+00
      0.161      0.060     9.2361     90.012     35.172  27.573099     0.4508      7.189   291.1564 9.5965e+02     1.2654      0.159      0.230    14.2033 0.0000e+00
      0.174      0.059     9.2266     89.919     35.003  27.440560     0.4604      7.188   291.7749 1.0007e+03     1.2620      0.170      0.247    14.2007 0.0000e+00
      0.189      0.058     9.2147     89.802     34.936  27.387530     0.4642      7.188   292.8426 1.2777e+03     1.2812      0.184      0.267    14.1972 0.0000e+00
      0.205      0.057     9.2065     89.720     34.922  27.376414     0.4597      7.189   293.2244 1.5105e+03     1.2835      0.201      0.291    14.1950 0.0000e+00
      0.220      0.057     9.2029     89.679     34.916  27.369640     0.4612      7.189   293.1221 1.1995e+03     1.2596      0.217      0.313    14.1944 0.0000e+00
      0.233      0.060     9.2056     89.697     34.919  27.369122     0.4644      7.184   293.0682 9.1258e+02     1.2673      0.229      0.332    14.1941 0.0000e+00
      0.246      0.063     9.2136     89.768     34.924  27.370147     0.4619      7.177   292.9170 1.3836e+03     1.3156      0.242      0.350    14.1934 0.0000e+00
      0.260      0.065     9.2205     89.833     34.940  27.382040     0.4678      7.171   292.7569 2.4547e+03     1.3546      0.254      0.368    14.1934 0.0000e+00
      0.279      0.067     9.2251     89.877     34.946  27.385924     0.4802      7.168   292.8530 2.8919e+03     1.3731      0.271      0.394    14.1907 0.0000e+00
      0.300      0.069     9.2288     89.911     34.906  27.353609     0.4832      7.168   293.3045 2.2998e+03     1.3257      0.295      0.428    14.1846 0.0000e+00
      0.320      0.071     9.2294     89.915     34.849  27.308802     0.4763      7.167   293.8279 1.5992e+03     1.2706      0.315      0.457    14.1813 0.0000e+00
      0.337      0.072     9.2287     89.906     34.824  27.288655     0.4713      7.164   294.3630 1.4011e+03     1.2856      0.331      0.480    14.1811 0.0000e+00
