Data/DataNotYetUploadedToEDI/Raw_CTD/RawDownloads/043018_fcr30.cnv
* Sea-Bird SBE19plus  Data File:
* FileName = C:\DATA\043018_fcr_0010.hex
* Software version 2.6.3.104 SB_Terminal.dll
* Temperature SN = 7809
* Conductivity SN = 7809
* System UpLoad Time = May 01 2018 12:00:32
* <ApplicationData>
* <Seaterm232>
# nquan = 15
# nvalues = 799                         
# units = specified
# name 0 = depFM: Depth [fresh water, m]
# name 1 = dz/dtM: Descent Rate [m/s]
# name 2 = sbeox0Mg/L: Oxygen, SBE 43 [mg/l]
# name 3 = sbeox0PS: Oxygen, SBE 43 [% saturation]
# name 4 = specc: Specific Conductance [uS/cm]
# name 5 = c0uS/cm: Conductivity [uS/cm]
# name 6 = flECO-AFL: Fluorescence, WET Labs ECO-AFL/FL [mg/m^3]
# name 7 = ph: pH
# name 8 = orp: Oxidation Reduction Potential [mV]
# name 9 = par/sat/log: PAR/Logarithmic, Satlantic
# name 10 = turbWETntu0: Turbidity, WET Labs ECO [NTU]
# name 11 = prdM: Pressure, Strain Gauge [db]
# name 12 = prdE: Pressure, Strain Gauge [psi]
# name 13 = tv290C: Temperature [ITS-90, deg C]
# name 14 = flag:  0.000e+00
# span 0 =     -0.545,      5.589       
# span 1 =     -0.077,      0.391       
# span 2 =     6.4943,    10.5651       
# span 3 =     60.533,    106.410       
# span 4 =      0.383,     38.530       
# span 5 =   0.318184,  28.888176       
# span 6 =    -1.1895,     5.7691       
# span 7 =      6.639,     10.627       
# span 8 =    89.8157,  1240.2294       
# span 9 = 1.1732e+01, 1.9414e+03       
# span 10 =    -2.8245,   850.9948      
# span 11 =     -0.535,      5.481      
# span 12 =     -0.776,      7.950      
# span 13 =     8.1884,    16.5949      
# span 14 = 0.0000e+00, 0.0000e+00      
# interval = seconds: 0.25
# start_time = Apr 30 2018 20:25:24 [Instrument's time stamp, header]
# bad_flag = -9.990e-29
*END*
[from data line 675]
      4.523      0.026     7.1440     62.230     38.060  26.099337     1.5289      6.746   338.2953 2.9834e+01     1.2860      4.437      6.435     9.2966 0.0000e+00
      4.528      0.026     7.1356     62.137     38.055  26.085609     1.5750      6.744   338.3049 2.9710e+01     1.2738      4.441      6.440     9.2919 0.0000e+00
      4.535      0.027     7.1246     62.010     38.076  26.084466     1.6026      6.743   338.3639 2.9510e+01     1.2998      4.447      6.450     9.2889 0.0000e+00
      4.543      0.028     7.1121     61.865     38.104  26.085499     1.6238      6.742   338.3210 2.9305e+01     1.3261      4.454      6.461     9.2880 0.0000e+00
      4.551      0.030     7.0996     61.722     38.149  26.098085     1.7028      6.741   338.3884 2.9156e+01     1.3474      4.463      6.475     9.2887 0.0000e+00
      4.560      0.031     7.0860     61.575     38.188  26.109630     1.8496      6.740   338.5774 2.9025e+01     1.4045      4.472      6.485     9.2742 0.0000e+00
      4.567      0.031     7.0708     61.424     38.187  26.098085     1.9379      6.738   338.6259 2.8877e+01     1.4679      4.478      6.495     9.2507 0.0000e+00
      4.575      0.032     7.0545     61.268     38.179  26.085482     1.9523      6.735   338.6313 2.8672e+01     1.5040      4.486      6.507     9.2261 0.0000e+00
      4.582      0.033     7.0392     61.116     38.192  26.084234     1.9776      6.732   338.8146 2.8495e+01     1.5047      4.493      6.517     9.2011 0.0000e+00
      4.590      0.035     7.0270     60.986     38.208  26.082986     2.0230      6.730   339.0353 2.8314e+01     1.4772      4.500      6.528     9.1804 0.0000e+00
      4.599      0.037     7.0190     60.896     38.205  26.070373     2.0605      6.729   339.1489 2.8041e+01     1.4755      4.510      6.540     9.1677 0.0000e+00
      4.610      0.039     7.0077     60.784     38.199  26.058715     2.0730      6.726   339.2421 2.7653e+01     1.5148      4.520      6.555     9.1615 0.0000e+00
      4.621      0.040     6.9910     60.627     38.224  26.069000     2.0638      6.722   339.4734 2.7194e+01     1.5251      4.531      6.572     9.1492 0.0000e+00
      4.631      0.040     6.9819     60.538     38.229  26.067741     2.0225      6.719   339.7948 2.6760e+01     1.4782      4.542      6.588     9.1288 0.0000e+00
      4.642      0.040     6.9824     60.533     38.201  26.043489     1.9603      6.717   340.0303 2.6482e+01     1.4672      4.553      6.603     9.1146 0.0000e+00
      4.652      0.039     6.9860     60.549     38.193  26.029750     1.9361      6.715   340.1708 2.6368e+01     1.5135      4.562      6.617     9.1066 0.0000e+00
      4.661      0.037     6.9913     60.573     38.208  26.028595     1.9406      6.713   340.2886 2.6253e+01     1.5186      4.571      6.630     9.0967 0.0000e+00
      4.670      0.035     6.9987     60.615     38.227  26.029513     1.8961      6.711   340.3358 2.6111e+01     1.4995      4.580      6.643     9.0909 0.0000e+00
      4.679      0.034     7.0089     60.685     38.257  26.040838     1.8203      6.709   340.3115 2.5986e+01     1.4956      4.589      6.655     9.0872 0.0000e+00
      4.688      0.034     7.0219     60.783     38.265  26.038529     1.7967      6.706   340.4248 2.5897e+01     1.5021      4.598      6.667     9.0764 0.0000e+00
      4.695      0.034     7.0359     60.892     38.220  26.001588     1.8031      6.703   340.6732 2.5837e+01     1.5164      4.605      6.679     9.0595 0.0000e+00
      4.703      0.034     7.0471     60.977     38.191  25.975151     1.7512      6.701   340.8201 2.5750e+01     1.4857      4.612      6.689     9.0426 0.0000e+00
      4.713      0.034     7.0548     61.032     38.196  25.972851     1.6557      6.699   340.8244 2.5619e+01     1.4670      4.620      6.701     9.0308 0.0000e+00
      4.722      0.034     7.0636     61.099     38.206  25.973768     1.6042      6.696   340.7249 2.5494e+01     1.5343      4.630      6.717     9.0220 0.0000e+00
      4.731      0.033     7.0746     61.184     38.231  25.986228     1.5975      6.694   340.5634 2.5366e+01     1.5974      4.639      6.729     9.0130 0.0000e+00
      4.739      0.032     7.0863     61.275     38.254  25.996512     1.5845      6.691   340.5060 2.5200e+01     1.5580      4.646      6.739     9.0053 0.0000e+00
      4.747      0.030     7.1001     61.381     38.227  25.971114     1.5567      6.687   340.6340 2.5077e+01     1.4852      4.656      6.753     8.9964 0.0000e+00
      4.755      0.030     7.1127     61.472     38.184  25.933123     1.5462      6.684   340.8198 2.4987e+01     1.5107      4.664      6.764     8.9902 0.0000e+00
      4.762      0.031     7.1226     61.532     38.182  25.918117     1.5579      6.680   340.9463 2.4855e+01     1.5627      4.670      6.773     8.9849 0.0000e+00
      4.767      0.033     7.1326     61.584     38.205  25.916650     1.6347      6.676   341.0439 2.4708e+01     1.5328      4.674      6.781     8.9771 0.0000e+00
      4.775      0.037     7.1420     61.629     38.232  25.915372     1.7757      6.675   341.1400 2.4530e+01     1.4848      4.681      6.789     8.9684 0.0000e+00
      4.785      0.041     7.1480     61.641     38.242  25.902645     1.8473      6.675   341.1629 2.4259e+01     1.4709      4.691      6.804     8.9571 0.0000e+00
      4.797      0.045     7.1519     61.637     38.252  25.889737     1.8578      6.674   341.1489 2.3960e+01     1.4869      4.704      6.822     8.9410 0.0000e+00
      4.811      0.048     7.1568     61.647     38.272  25.886275     1.8845      6.673   341.0559 2.3789e+01     1.4944      4.719      6.844     8.9165 0.0000e+00
      4.825      0.050     7.1614     61.661     38.254  25.860764     1.9589      6.673   340.8984 2.3684e+01     1.4706      4.732      6.863     8.8906 0.0000e+00
      4.837      0.051     7.1678     61.690     38.235  25.835254     2.0677      6.674   340.9656 2.3429e+01     1.4731      4.743      6.879     8.8642 0.0000e+00
      4.848      0.051     7.1786     61.747     38.257  25.831800     2.1148      6.676   341.1800 2.3059e+01     1.5254      4.754      6.895     8.8368 0.0000e+00
      4.861      0.050     7.1897     61.799     38.272  25.818989     2.1154      6.678   341.3403 2.2773e+01     1.5532      4.767      6.915     8.8143 0.0000e+00
      4.876      0.049     7.1987     61.830     38.290  25.807314     2.1575      6.678   341.4404 2.2594e+01     1.5657      4.781      6.935     8.7992 0.0000e+00
      4.889      0.048     7.2069     61.860     38.335  25.817599     2.2299      6.679   341.4440 2.2432e+01     1.6466      4.795      6.954     8.7860 0.0000e+00
      4.901      0.047     7.2141     61.889     38.359  25.816342     2.2640      6.679   341.3843 2.2275e+01     1.7376      4.806      6.971     8.7613 0.0000e+00
      4.911      0.044     7.2238     61.945     38.344  25.792091     2.2662      6.679   341.2338 2.2107e+01     1.7496      4.816      6.985     8.7279 0.0000e+00
      4.922      0.041     7.2376     62.039     38.341  25.778343     2.3302      6.679   341.0882 2.1906e+01     1.7314      4.826      7.000     8.6975 0.0000e+00
      4.933      0.038     7.2485     62.113     38.355  25.777093     2.4488      6.680   341.0860 2.1728e+01     1.7304      4.838      7.017     8.6697 0.0000e+00
      4.943      0.036     7.2565     62.166     38.366  25.776971     2.5158      6.681   341.1217 2.1598e+01     1.7078      4.849      7.032     8.6469 0.0000e+00
      4.952      0.034     7.2673     62.245     38.376  25.776856     2.5243      6.680   341.1747 2.1466e+01     1.6714      4.857      7.044     8.6300 0.0000e+00
      4.959      0.034     7.2775     62.318     38.386  25.775701     2.5610      6.680   341.2107 2.1320e+01     1.6561      4.863      7.053     8.6137 0.0000e+00
      4.966      0.035     7.2865     62.382     38.376  25.763003     2.6466      6.679   341.2132 2.1177e+01     1.6761      4.870      7.063     8.6001 0.0000e+00
      4.974      0.036     7.3001     62.488     38.366  25.750304     2.7051      6.679   341.2913 2.1013e+01     1.6989      4.877      7.073     8.5908 0.0000e+00
      4.984      0.039     7.3145     62.602     38.371  25.749141     2.7260      6.679   341.3803 2.0828e+01     1.6875      4.887      7.088     8.5824 0.0000e+00
      4.995      0.043     7.3273     62.700     38.379  25.748931     2.7611      6.679   341.4293 2.0691e+01     1.6917      4.899      7.106     8.5717 0.0000e+00
      5.006      0.046     7.3430     62.820     38.388  25.747762     2.8080      6.679   341.5390 2.0597e+01     1.7190      4.910      7.122     8.5627 0.0000e+00
      5.017      0.047     7.3591     62.934     38.387  25.734997     2.8328      6.679   341.6739 2.0417e+01     1.7129      4.919      7.135     8.5569 0.0000e+00
      5.031      0.047     7.3726     63.019     38.390  25.721564     2.8320      6.676   341.7699 2.0091e+01     1.6782      4.932      7.154     8.5511 0.0000e+00
      5.046      0.047     7.3845     63.096     38.395  25.712320     2.8348      6.675   341.8397 1.9784e+01     1.6655      4.950      7.179     8.5442 0.0000e+00
      5.058      0.047     7.3936     63.161     38.366  25.686714     2.8852      6.675   341.8296 1.9620e+01     1.6815      4.963      7.197     8.5358 0.0000e+00
      5.068      0.046     7.4002     63.212     38.339  25.665939     2.9724      6.674   341.8193 1.9464e+01     1.6889      4.970      7.207     8.5207 0.0000e+00
      5.078      0.045     7.4090     63.277     38.325  25.651614     3.0252      6.674   341.8878 1.9213e+01     1.6940      4.979      7.220     8.4975 0.0000e+00
      5.089      0.043     7.4222     63.374     38.319  25.640480     3.0455      6.674   341.8828 1.8952e+01     1.7128      4.990      7.238     8.4780 0.0000e+00
      5.102      0.041     7.4388     63.498     38.359  25.658298     3.1169      6.675   341.7588 1.8743e+01     1.7323      5.004      7.257     8.4718 0.0000e+00
      5.113      0.040     7.4543     63.614     38.399  25.676559     3.2275      6.675   341.5081 1.8575e+01     1.7472      5.016      7.275     8.4727 0.0000e+00
      5.123      0.039     7.4672     63.709     38.402  25.670788     3.2802      6.675   341.1751 1.8429e+01     1.7407      5.024      7.287     8.4651 0.0000e+00
      5.132      0.039     7.4826     63.819     38.390  25.652002     3.3033      6.676   341.1736 1.8287e+01     1.7443      5.033      7.298     8.4545 0.0000e+00
      5.140      0.039     7.5029     63.960     38.396  25.639889     3.4235      6.676   341.4039 1.8128e+01     1.8221      5.040      7.310     8.4420 0.0000e+00
      5.149      0.040     7.5232     64.096     38.439  25.651312     3.6135      6.676   341.4638 1.7937e+01     1.9184      5.049      7.323     8.4302 0.0000e+00
      5.160      0.042     7.5388     64.206     38.475  25.663111     3.7162      6.675   341.4682 1.7714e+01     1.9318      5.059      7.337     8.4223 0.0000e+00
      5.173      0.044     7.5518     64.301     38.475  25.655555     3.7547      6.672   341.5438 1.7522e+01     1.9227      5.073      7.357     8.4112 0.0000e+00
      5.185      0.046     7.5675     64.417     38.439  25.623432     4.0157      6.667   341.8618 1.7389e+01     2.0224      5.085      7.376     8.3894 0.0000e+00
      5.196      0.048     7.5867     64.562     38.406  25.592168     4.4907      6.664   342.3011 1.7218e+01     2.1599      5.095      7.390     8.3587 0.0000e+00
      5.207      0.050     7.6057     64.703     38.425  25.595003     4.7476      6.661   342.5530 1.6969e+01     2.1817      5.107      7.406     8.3470 0.0000e+00
      5.219      0.051     7.6226     64.826     38.439  25.594213     4.7687      6.656   342.7566 1.6739e+01     2.1642      5.118      7.423     8.3406 0.0000e+00
      5.233      0.052     7.6406     64.961     38.435  25.582597     4.8746      6.652   343.0414 1.6530e+01     2.1930      5.131      7.442     8.3274 0.0000e+00
      5.249      0.052     7.6616     65.125     38.445  25.581532     5.0811      6.650   343.2435 1.6285e+01     2.1934      5.147      7.465     8.3160 0.0000e+00
      5.264      0.052     7.6857     65.320     38.452  25.581331     5.1984      6.649   343.3080 1.6026e+01     2.1691      5.165      7.491     8.3023 0.0000e+00
      5.276      0.051     7.7102     65.523     38.454  25.580169     5.2081      6.648   343.3904 1.5784e+01     2.1441      5.174      7.505     8.2897 0.0000e+00
      5.287      0.049     7.7343     65.721     38.439  25.567470     5.1976      6.647   343.4657 1.5574e+01     2.1046      5.184      7.519     8.2776 0.0000e+00
      5.298      0.046     7.7613     65.945     38.425  25.554772     5.2186      6.645   343.5307 1.5395e+01     2.0575      5.196      7.537     8.2667 0.0000e+00
      5.311      0.044     7.7904     66.185     38.428  25.553627     5.2784      6.644   343.6587 1.5235e+01     1.9714      5.207      7.553     8.2614 0.0000e+00
      5.323      0.044     7.8177     66.409     38.433  25.553628     5.3141      6.642   343.8097 1.5073e+01     1.8865      5.221      7.572     8.2592 0.0000e+00
      5.334      0.043     7.8397     66.589     38.440  25.554773     5.3287      6.640   343.8942 1.4910e+01     1.8861      5.232      7.589     8.2553 0.0000e+00
      5.344      0.042     7.8551     66.712     38.465  25.567471     5.3815      6.639   343.8198 1.4760e+01     1.9364      5.240      7.600     8.2513 0.0000e+00
      5.354      0.042     7.8664     66.800     38.490  25.580170     5.4650      6.640   343.6841 1.4587e+01     1.9754      5.249      7.614     8.2468 0.0000e+00
      5.364      0.042     7.8756     66.871     38.496  25.581324     5.5029      6.641   343.6299 1.4371e+01     1.9913      5.260      7.630     8.2420 0.0000e+00
      5.375      0.042     7.8801     66.904     38.500  25.581420     5.5082      6.642   343.5945 1.4162e+01     1.9763      5.271      7.645     8.2380 0.0000e+00
      5.387      0.041     7.8798     66.898     38.503  25.581335     5.5841      6.643   343.6014 1.3996e+01     1.9466      5.283      7.662     8.2332 0.0000e+00
      5.398      0.040     7.8794     66.891     38.503  25.580286     5.7041      6.644   343.7125 1.3891e+01     1.9380      5.295      7.680     8.2277 0.0000e+00
      5.408      0.038     7.8799     66.893     38.488  25.568732     5.7559      6.645   343.7333 1.3821e+01     1.9326      5.305      7.694     8.2235 0.0000e+00
      5.417      0.035     7.8827     66.916     38.488  25.568628     5.7503      6.645   343.6805 1.3736e+01     1.9124      5.312      7.705     8.2206 0.0000e+00
      5.425      0.032     7.8867     66.948     38.505  25.579018     5.7183      6.645   343.6761 1.3654e+01     1.9072      5.320      7.716     8.2183 0.0000e+00
      5.433      0.031     7.8895     66.970     38.489  25.567368     5.6727      6.644   343.5950 1.3571e+01     1.9308      5.328      7.728     8.2163 0.0000e+00
      5.442      0.031     7.8920     66.991     38.470  25.554766     5.6492      6.644   343.3879 1.3496e+01     1.9547      5.337      7.741     8.2148 0.0000e+00
      5.448      0.034     7.8939     67.005     38.469  25.553630     5.6273      6.646   343.2365 1.3466e+01     1.9508      5.344      7.750     8.2143 0.0000e+00
      5.454      0.039     7.8926     66.990     38.472  25.553630     5.5557      6.648   343.2274 1.3443e+01     1.9749      5.349      7.756     8.2141 0.0000e+00
      5.462      0.044     7.8884     66.948     38.479  25.554766     5.3892      6.648   343.1062 1.3352e+01     2.0630      5.355      7.766     8.2124 0.0000e+00
      5.476      0.049     7.8844     66.907     38.502  25.567358     5.2132      6.649   342.8892 1.3165e+01     2.1320      5.367      7.785     8.2113 0.0000e+00
      5.493      0.052     7.8834     66.897     38.521  25.578893     5.1472      6.650   342.6685 1.2965e+01     2.1365      5.386      7.814     8.2119 0.0000e+00
