Data/DataNotYetUploadedToEDI/Raw_CTD/RawDownloads/043018_fcr30.cnv
* Sea-Bird SBE19plus  Data File:
* FileName = C:\DATA\043018_fcr_0010.hex
* Software version 2.6.3.104 SB_Terminal.dll
* Temperature SN = 7809
* Conductivity SN = 7809
* System UpLoad Time = May 01 2018 12:00:32
* <ApplicationData>
* <Seaterm232>
# nquan = 15
# nvalues = 799                         
# units = specified
# name 0 = depFM: Depth [fresh water, m]
# name 1 = dz/dtM: Descent Rate [m/s]
# name 2 = sbeox0Mg/L: Oxygen, SBE 43 [mg/l]
# name 3 = sbeox0PS: Oxygen, SBE 43 [% saturation]
# name 4 = specc: Specific Conductance [uS/cm]
# name 5 = c0uS/cm: Conductivity [uS/cm]
# name 6 = flECO-AFL: Fluorescence, WET Labs ECO-AFL/FL [mg/m^3]
# name 7 = ph: pH
# name 8 = orp: Oxidation Reduction Potential [mV]
# name 9 = par/sat/log: PAR/Logarithmic, Satlantic
# name 10 = turbWETntu0: Turbidity, WET Labs ECO [NTU]
# name 11 = prdM: Pressure, Strain Gauge [db]
# name 12 = prdE: Pressure, Strain Gauge [psi]
# name 13 = tv290C: Temperature [ITS-90, deg C]
# name 14 = flag:  0.000e+00
# span 0 =     -0.545,      5.589       
# span 1 =     -0.077,      0.391       
# span 2 =     6.4943,    10.5651       
# span 3 =     60.533,    106.410       
# span 4 =      0.383,     38.530       
# span 5 =   0.318184,  28.888176       
# span 6 =    -1.1895,     5.7691       
# span 7 =      6.639,     10.627       
# span 8 =    89.8157,  1240.2294       
# span 9 = 1.1732e+01, 1.9414e+03       
# span 10 =    -2.8245,   850.9948      
# span 11 =     -0.535,      5.481      
# span 12 =     -0.776,      7.950      
# span 13 =     8.1884,    16.5949      
# span 14 = 0.0000e+00, 0.0000e+00      
# interval = seconds: 0.25
# start_time = Apr 30 2018 20:25:24 [Instrument's time stamp, header]
# bad_flag = -9.990e-29
*END*
[from data line 579]
      3.786      0.033     7.8341     69.931     37.282  26.336208     0.7726      6.960   332.1398 4.5137e+01     1.8958      3.712      5.385    10.4244 0.0000e+00
      3.794      0.032     7.8366     69.923     37.301  26.335576     0.7593      6.957   332.2591 4.4952e+01     1.9491      3.721      5.396    10.3951 0.0000e+00
      3.803      0.031     7.8374     69.906     37.315  26.334952     0.7556      6.954   332.2739 4.4835e+01     1.9242      3.729      5.409    10.3661 0.0000e+00
      3.811      0.030     7.8354     69.880     37.311  26.328652     0.7655      6.951   332.3187 4.4658e+01     1.8392      3.737      5.420    10.3388 0.0000e+00
      3.818      0.030     7.8329     69.863     37.300  26.322888     0.7676      6.947   332.4563 4.4543e+01     1.7138      3.744      5.430    10.3166 0.0000e+00
      3.825      0.030     7.8324     69.859     37.307  26.328763     0.7633      6.943   332.5617 4.4477e+01     1.6288      3.751      5.440    10.2984 0.0000e+00
      3.832      0.030     7.8359     69.883     37.322  26.336196     0.7685      6.941   332.6457 4.4277e+01     1.6350      3.758      5.450    10.2811 0.0000e+00
      3.839      0.031     7.8417     69.919     37.351  26.349264     0.7750      6.938   332.7836 4.4152e+01     1.6977      3.765      5.461    10.2750 0.0000e+00
      3.847      0.033     7.8435     69.897     37.391  26.359760     0.7682      6.935   332.9382 4.4007e+01     1.6859      3.772      5.471    10.2861 0.0000e+00
      3.855      0.036     7.8418     69.829     37.392  26.336097     0.7600      6.931   333.1389 4.3785e+01     1.5527      3.780      5.483    10.2862 0.0000e+00
      3.865      0.038     7.8379     69.749     37.394  26.317112     0.7586      6.927   333.3174 4.3603e+01     1.4604      3.790      5.497    10.2789 0.0000e+00
      3.875      0.041     7.8300     69.641     37.423  26.320673     0.7614      6.923   333.3750 4.3376e+01     1.4845      3.801      5.512    10.2772 0.0000e+00
      3.886      0.044     7.8217     69.528     37.442  26.315639     0.7845      6.919   333.4919 4.3084e+01     1.5705      3.811      5.527    10.2501 0.0000e+00
      3.898      0.047     7.8134     69.413     37.474  26.319725     0.8172      6.916   333.6977 4.2808e+01     1.6453      3.823      5.545    10.2091 0.0000e+00
      3.910      0.049     7.8006     69.268     37.476  26.306568     0.8250      6.912   333.7988 4.2494e+01     1.6878      3.834      5.560    10.1848 0.0000e+00
      3.922      0.049     7.7829     69.096     37.453  26.283532     0.8243      6.908   333.7679 4.2008e+01     1.7188      3.844      5.576    10.1649 0.0000e+00
      3.937      0.049     7.7642     68.927     37.472  26.295167     0.8462      6.904   333.7546 4.1535e+01     1.6828      3.860      5.600    10.1387 0.0000e+00
      3.952      0.048     7.7436     68.747     37.506  26.320258     0.8779      6.902   333.8092 4.1190e+01     1.5886      3.876      5.623    10.1128 0.0000e+00
      3.964      0.047     7.7189     68.531     37.522  26.332930     0.8855      6.899   333.8261 4.0901e+01     1.5261      3.887      5.639    10.0916 0.0000e+00
      3.974      0.044     7.6958     68.324     37.507  26.321394     0.8825      6.896   333.8727 4.0701e+01     1.5064      3.897      5.654    10.0838 0.0000e+00
      3.984      0.040     7.6768     68.146     37.494  26.307760     0.8970      6.894   334.0293 4.0503e+01     1.5038      3.907      5.667    10.0829 0.0000e+00
      3.994      0.037     7.6617     68.002     37.482  26.295067     0.9058      6.893   334.0843 4.0269e+01     1.4939      3.916      5.679    10.0849 0.0000e+00
      4.004      0.035     7.6523     67.913     37.486  26.294911     0.8965      6.891   334.0213 4.0047e+01     1.4788      3.927      5.695    10.0898 0.0000e+00
      4.013      0.033     7.6451     67.847     37.503  26.305874     0.8953      6.888   334.0424 3.9862e+01     1.4743      3.936      5.709    10.0873 0.0000e+00
      4.021      0.032     7.6373     67.776     37.496  26.300624     0.8999      6.885   334.0812 3.9678e+01     1.4093      3.944      5.720    10.0805 0.0000e+00
      4.028      0.031     7.6315     67.720     37.491  26.294938     0.8964      6.882   334.1466 3.9528e+01     1.3018      3.951      5.730    10.0731 0.0000e+00
      4.035      0.029     7.6271     67.677     37.502  26.300614     0.8907      6.880   334.3169 3.9441e+01     1.2736      3.957      5.740    10.0698 0.0000e+00
      4.043      0.028     7.6221     67.634     37.507  26.305759     0.8859      6.877   334.3326 3.9288e+01     1.2816      3.964      5.750    10.0697 0.0000e+00
      4.051      0.026     7.6188     67.612     37.486  26.293646     0.8924      6.875   334.1653 3.9178e+01     1.2767      3.973      5.762    10.0694 0.0000e+00
      4.058      0.025     7.6173     67.603     37.466  26.281156     0.9058      6.874   334.1005 3.9162e+01     1.3372      3.980      5.772    10.0665 0.0000e+00
      4.064      0.023     7.6166     67.597     37.466  26.281734     0.9094      6.873   334.2378 3.9170e+01     1.4322      3.984      5.780    10.0612 0.0000e+00
      4.069      0.022     7.6175     67.603     37.495  26.300625     0.9003      6.871   334.4482 3.9200e+01     1.4493      3.990      5.788    10.0635 0.0000e+00
      4.074      0.022     7.6205     67.628     37.522  26.319087     0.8876      6.869   334.4936 3.9190e+01     1.4532      3.994      5.794    10.0698 0.0000e+00
      4.079      0.022     7.6250     67.669     37.514  26.314469     0.9024      6.868   334.5287 3.9150e+01     1.5089      4.000      5.801    10.0728 0.0000e+00
      4.084      0.023     7.6280     67.697     37.504  26.308277     0.9418      6.866   334.6151 3.9164e+01     1.5431      4.005      5.807    10.0717 0.0000e+00
      4.090      0.024     7.6296     67.710     37.504  26.307719     0.9585      6.864   334.5060 3.9129e+01     1.5302      4.009      5.816    10.0697 0.0000e+00
      4.097      0.026     7.6321     67.728     37.508  26.307721     0.9575      6.861   334.4128 3.8894e+01     1.5060      4.018      5.827    10.0683 0.0000e+00
      4.104      0.028     7.6371     67.761     37.517  26.308298     0.9490      6.858   334.5207 3.8722e+01     1.4949      4.025      5.837    10.0688 0.0000e+00
      4.110      0.030     7.6416     67.782     37.538  26.314691     0.9196      6.855   334.6925 3.8662e+01     1.4879      4.031      5.846    10.0720 0.0000e+00
      4.117      0.030     7.6416     67.767     37.558  26.321514     0.8961      6.852   334.8560 3.8708e+01     1.4820      4.038      5.856    10.0713 0.0000e+00
      4.126      0.030     7.6386     67.732     37.572  26.327287     0.8955      6.849   334.9479 3.8669e+01     1.4849      4.045      5.867    10.0683 0.0000e+00
      4.136      0.029     7.6351     67.698     37.565  26.320991     0.9299      6.845   335.0294 3.8341e+01     1.4615      4.056      5.883    10.0626 0.0000e+00
      4.144      0.028     7.6308     67.661     37.546  26.308887     0.9901      6.840   335.1536 3.8235e+01     1.4128      4.066      5.897    10.0476 0.0000e+00
      4.150      0.026     7.6253     67.613     37.544  26.307932     1.0259      6.839   335.2449 3.8284e+01     1.4157      4.070      5.903    10.0363 0.0000e+00
      4.155      0.024     7.6204     67.568     37.548  26.309446     1.0324      6.838   335.3589 3.8168e+01     1.4655      4.075      5.910    10.0327 0.0000e+00
      4.160      0.024     7.6158     67.520     37.577  26.327183     1.0226      6.836   335.4995 3.8038e+01     1.4960      4.080      5.917    10.0303 0.0000e+00
      4.166      0.025     7.6114     67.470     37.591  26.331904     1.0001      6.834   335.5687 3.8010e+01     1.5097      4.085      5.924    10.0329 0.0000e+00
      4.172      0.026     7.6072     67.425     37.556  26.303034     0.9805      6.833   335.5931 3.7923e+01     1.5093      4.092      5.934    10.0340 0.0000e+00
      4.180      0.026     7.6018     67.372     37.548  26.295584     0.9685      6.832   335.7083 3.7792e+01     1.4906      4.098      5.944    10.0332 0.0000e+00
      4.188      0.026     7.5968     67.321     37.567  26.305321     0.9653      6.831   335.8423 3.7777e+01     1.4973      4.107      5.956    10.0297 0.0000e+00
      4.196      0.025     7.5955     67.299     37.558  26.293769     0.9792      6.829   335.8369 3.7777e+01     1.5297      4.115      5.968    10.0206 0.0000e+00
      4.201      0.024     7.5963     67.298     37.548  26.282886     1.0075      6.827   335.7295 3.7736e+01     1.5163      4.120      5.974    10.0140 0.0000e+00
      4.206      0.023     7.5938     67.275     37.575  26.300736     1.0225      6.827   335.7481 3.7606e+01     1.4577      4.125      5.981    10.0141 0.0000e+00
      4.211      0.023     7.5870     67.215     37.600  26.319104     1.0225      6.827   335.9764 3.7611e+01     1.4307      4.129      5.990    10.0102 0.0000e+00
      4.217      0.023     7.5784     67.140     37.593  26.314477     1.0542      6.825   336.0804 3.7664e+01     1.4041      4.135      5.997    10.0002 0.0000e+00
      4.223      0.023     7.5724     67.088     37.583  26.308290     1.1204      6.823   335.9739 3.7375e+01     1.3194      4.141      6.007     9.9953 0.0000e+00
      4.229      0.024     7.5705     67.069     37.584  26.307788     1.1621      6.823   335.9780 3.7045e+01     1.2608      4.147      6.015     9.9955 0.0000e+00
      4.235      0.024     7.5711     67.060     37.594  26.308414     1.1628      6.822   336.0435 3.6918e+01     1.2743      4.154      6.024     9.9971 0.0000e+00
      4.242      0.023     7.5723     67.050     37.619  26.315851     1.1660      6.820   335.9927 3.6936e+01     1.2999      4.160      6.033     9.9966 0.0000e+00
      4.248      0.022     7.5720     67.039     37.651  26.334198     1.1915      6.820   335.9660 3.6886e+01     1.3264      4.166      6.042     9.9980 0.0000e+00
      4.253      0.021     7.5709     67.041     37.651  26.339762     1.2132      6.819   335.8925 3.6776e+01     1.3208      4.172      6.051     9.9996 0.0000e+00
      4.258      0.021     7.5725     67.072     37.611  26.319629     1.2174      6.817   335.7060 3.6771e+01     1.2624      4.175      6.056     9.9907 0.0000e+00
      4.263      0.021     7.5754     67.102     37.553  26.281268     1.2052      6.816   335.6043 3.6656e+01     1.2311      4.180      6.062     9.9710 0.0000e+00
      4.268      0.021     7.5757     67.095     37.525  26.256920     1.1759      6.816   335.6090 3.6555e+01     1.2475      4.186      6.071     9.9616 0.0000e+00
      4.274      0.021     7.5743     67.064     37.570  26.279214     1.1577      6.815   335.5910 3.6440e+01     1.2465      4.191      6.079     9.9763 0.0000e+00
      4.279      0.022     7.5753     67.037     37.619  26.296829     1.1593      6.814   335.5592 3.6230e+01     1.2193      4.197      6.087     9.9901 0.0000e+00
      4.284      0.023     7.5823     67.025     37.645  26.279400     1.1585      6.812   335.6545 3.6081e+01     1.2231      4.201      6.093     9.9946 0.0000e+00
      4.290      0.023     7.5924     67.004     37.690  26.258938     1.1574      6.812   335.7968 3.5890e+01     1.2616      4.207      6.101     9.9853 0.0000e+00
      4.296      0.024     7.5985     66.947     37.738  26.239853     1.1646      6.812   335.8164 3.5675e+01     1.2883      4.212      6.109     9.9725 0.0000e+00
      4.302      0.025     7.5976     66.860     37.792  26.239071     1.1627      6.812   335.8059 3.5572e+01     1.2712      4.218      6.118     9.9610 0.0000e+00
      4.310      0.026     7.5906     66.752     37.838  26.249436     1.1447      6.811   335.8415 3.5558e+01     1.2383      4.227      6.129     9.9114 0.0000e+00
      4.317      0.027     7.5813     66.630     37.850  26.238173     1.1204      6.809   335.9033 3.5386e+01     1.2571      4.233      6.140     9.8340 0.0000e+00
      4.323      0.027     7.5718     66.485     37.881  26.229868     1.0983      6.807   336.0368 3.5103e+01     1.2851      4.239      6.149     9.7559 0.0000e+00
      4.330      0.027     7.5584     66.287     37.911  26.212484     1.0888      6.806   336.1653 3.4859e+01     1.2710      4.246      6.158     9.7023 0.0000e+00
      4.336      0.028     7.5415     66.062     37.881  26.154932     1.0887      6.804   336.2513 3.4700e+01     1.2698      4.252      6.167     9.6842 0.0000e+00
      4.344      0.031     7.5259     65.848     37.864  26.105429     1.1240      6.803   336.4751 3.4565e+01     1.2712      4.260      6.178     9.6664 0.0000e+00
      4.351      0.034     7.5129     65.655     37.944  26.121873     1.1940      6.801   336.7199 3.4250e+01     1.2562      4.266      6.188     9.6233 0.0000e+00
      4.359      0.037     7.5021     65.513     38.037  26.163226     1.2285      6.797   336.8021 3.3938e+01     1.2727      4.273      6.197     9.5675 0.0000e+00
      4.369      0.039     7.4892     65.418     38.021  26.160928     1.2195      6.793   336.8676 3.3638e+01     1.2874      4.284      6.213     9.5184 0.0000e+00
      4.382      0.040     7.4760     65.342     37.989  26.157593     1.2137      6.789   336.9956 3.3333e+01     1.2508      4.297      6.232     9.4747 0.0000e+00
      4.394      0.040     7.4636     65.245     38.023  26.186424     1.2225      6.786   337.1449 3.3128e+01     1.2271      4.309      6.249     9.4150 0.0000e+00
      4.404      0.040     7.4477     65.104     38.032  26.192052     1.2333      6.783   337.2953 3.2909e+01     1.2755      4.319      6.265     9.3661 0.0000e+00
      4.412      0.039     7.4260     64.915     37.988  26.162143     1.2433      6.780   337.5228 3.2677e+01     1.3170      4.328      6.277     9.3958 0.0000e+00
      4.421      0.037     7.3969     64.656     37.962  26.142271     1.2892      6.779   337.7448 3.2352e+01     1.3320      4.334      6.287     9.4393 0.0000e+00
      4.431      0.035     7.3644     64.358     37.972  26.142262     1.3737      6.776   337.7432 3.2046e+01     1.3963      4.344      6.302     9.4333 0.0000e+00
      4.441      0.034     7.3310     64.046     38.015  26.162031     1.4193      6.772   337.6761 3.1799e+01     1.4537      4.355      6.317     9.4293 0.0000e+00
      4.450      0.033     7.2963     63.718     38.075  26.190796     1.4192      6.769   337.7074 3.1560e+01     1.4763      4.364      6.329     9.4352 0.0000e+00
      4.457      0.032     7.2652     63.425     38.065  26.172575     1.4182      6.767   337.7769 3.1402e+01     1.4858      4.370      6.340     9.4313 0.0000e+00
      4.464      0.031     7.2387     63.186     38.013  26.132199     1.4164      6.764   337.9148 3.1232e+01     1.4164      4.377      6.349     9.4224 0.0000e+00
      4.472      0.031     7.2170     62.993     38.037  26.147064     1.4155      6.761   338.0833 3.1059e+01     1.3086      4.386      6.361     9.4079 0.0000e+00
      4.480      0.031     7.2033     62.850     38.076  26.161832     1.4162      6.757   338.1795 3.0831e+01     1.2812      4.392      6.372     9.3906 0.0000e+00
      4.488      0.031     7.1941     62.729     38.046  26.120261     1.4153      6.755   338.2180 3.0639e+01     1.2986      4.400      6.382     9.3725 0.0000e+00
      4.496      0.030     7.1845     62.611     38.025  26.088861     1.4319      6.752   338.2909 3.0512e+01     1.2754      4.410      6.395     9.3665 0.0000e+00
      4.504      0.029     7.1750     62.512     38.051  26.099632     1.4619      6.750   338.3734 3.0333e+01     1.2449      4.417      6.407     9.3753 0.0000e+00
      4.512      0.027     7.1651     62.421     38.090  26.123501     1.4740      6.748   338.4411 3.0123e+01     1.2642      4.425      6.418     9.3597 0.0000e+00
