Data/DataNotYetUploadedToEDI/Raw_CTD/RawDownloads/043018_fcr10.cnv
* Sea-Bird SBE19plus  Data File:
* FileName = C:\DATA\043018_fcr_0008.hex
* Software version 2.6.3.104 SB_Terminal.dll
* Temperature SN = 7809
* Conductivity SN = 7809
* System UpLoad Time = May 01 2018 11:59:33
* <ApplicationData>
* <Seaterm232>
# nquan = 15
# nvalues = 698                         
# units = specified
# name 0 = depFM: Depth [fresh water, m]
# name 1 = dz/dtM: Descent Rate [m/s]
# name 2 = sbeox0Mg/L: Oxygen, SBE 43 [mg/l]
# name 3 = sbeox0PS: Oxygen, SBE 43 [% saturation]
# name 4 = specc: Specific Conductance [uS/cm]
# name 5 = c0uS/cm: Conductivity [uS/cm]
# name 6 = flECO-AFL: Fluorescence, WET Labs ECO-AFL/FL [mg/m^3]
# name 7 = ph: pH
# name 8 = orp: Oxidation Reduction Potential [mV]
# name 9 = par/sat/log: PAR/Logarithmic, Satlantic
# name 10 = turbWETntu0: Turbidity, WET Labs ECO [NTU]
# name 11 = prdM: Pressure, Strain Gauge [db]
# name 12 = prdE: Pressure, Strain Gauge [psi]
# name 13 = tv290C: Temperature [ITS-90, deg C]
# name 14 = flag:  0.000e+00
# span 0 =     -0.520,      2.711       
# span 1 =     -0.163,      0.278       
# span 2 =     6.0445,    13.5502       
# span 3 =     62.310,    125.149       
# span 4 =      0.962,     36.035       
# span 5 =   0.942018,  29.771039       
# span 6 =    -0.2011,     0.6592       
# span 7 =      1.484,      7.733       
# span 8 = -1240.7455,   492.3749       
# span 9 = 1.1076e+02, 1.7496e+03       
# span 10 =    -0.6743,     6.1931      
# span 11 =     -0.511,      2.660      
# span 12 =     -0.741,      3.857      
# span 13 =    11.7740,    23.9889      
# span 14 = 0.0000e+00, 0.0000e+00      
# interval = seconds: 0.25
# start_time = Apr 30 2018 19:29:15 [Instrument's time stamp, header]
# bad_flag = -9.990e-29
*END*
     -0.520 9.8169e-16     8.3400     98.986      0.962   0.942018    -0.1827      6.095 -1240.7455 3.4222e+02    -0.2385     -0.510     -0.740    23.9294 0.0000e+00
     -0.520 1.0799e-14     8.3422     98.990      0.976   0.955015    -0.1921      5.999 -1240.7455 2.7792e+02    -0.2469     -0.510     -0.740    23.9271 0.0000e+00
     -0.520 1.1878e-13     8.3476     99.015      0.981   0.959743    -0.2011      5.900 -1240.7455 4.7367e+02    -0.2476     -0.510     -0.740    23.9346 0.0000e+00
     -0.520 1.3066e-12     8.3507     99.035      1.021   0.999183    -0.1907      5.903 -1240.7455 1.1613e+03    -0.3691     -0.510     -0.739    23.9465 0.0000e+00
     -0.520 1.4373e-11     8.3492     99.034      1.075   1.051398    -0.1501      5.984 -1240.7455 1.4495e+03    -0.5561     -0.510     -0.740    23.9560 0.0000e+00
     -0.520 1.5810e-10     8.3462     99.029      1.107   1.083776    -0.1237      5.999 -1240.7455 7.8381e+02    -0.6470     -0.510     -0.740    23.9433 0.0000e+00
     -0.520 1.7391e-09     8.3433     99.027      1.161   1.137013    -0.1284      5.758 -1240.7451 2.5302e+02    -0.6743     -0.511     -0.741    23.9098 0.0000e+00
     -0.520 1.9130e-08     8.3420     99.038      1.213   1.187781    -0.1419      4.468 -1240.7414 1.9969e+02    -0.5808     -0.510     -0.740    23.8993 0.0000e+00
     -0.520 2.1043e-07     8.3410     99.043      1.215   1.190299    -0.1592      2.279 -1240.7009 1.8637e+02    -0.3704     -0.510     -0.740    23.9144 0.0000e+00
     -0.520      0.000     8.3385     99.023      1.192   1.167461    -0.1718      1.484 -1240.2545 1.7562e+02    -0.2668     -0.510     -0.739    23.9324 0.0000e+00
     -0.520      0.000     8.3374     99.012      1.189   1.165304    -0.1838      2.670 -1235.3449 1.6809e+02    -0.2447     -0.510     -0.740    23.9531 0.0000e+00
     -0.520      0.000     8.3387     99.012      1.319   1.291050    -0.1940      3.528 -1181.3391 1.6670e+02    -0.1027     -0.510     -0.740    23.9652 0.0000e+00
     -0.520      0.003     8.3468     99.005      2.762   2.687835    -0.1854      3.676  -587.2748 1.7017e+02     0.1076     -0.510     -0.740    23.9778 0.0000e+00
     -0.520      0.014     8.4131     98.978      7.736   7.399051    -0.1714      4.446   308.8528 1.7831e+02     0.2225     -0.511     -0.741    23.9766 0.0000e+00
     -0.520      0.038     8.6191     98.930     17.393  16.135387    -0.1630      5.423   492.3749 1.9334e+02     0.3700     -0.510     -0.739    23.9889 0.0000e+00
     -0.519      0.076     8.9290     98.882     27.516  24.749384    -0.0562      6.174   300.5618 2.1294e+02     1.8609     -0.511     -0.741    23.9679 0.0000e+00
     -0.509      0.123     9.2138     98.839     32.348  28.276436     0.1558      6.795   272.7943 2.4122e+02     4.6376     -0.509     -0.737    23.9838 0.0000e+00
     -0.475      0.172     9.4337     98.813     33.388  28.436741     0.2767      7.139   268.0619 2.8475e+02     6.1721     -0.477     -0.690    23.8900 0.0000e+00
     -0.415      0.216     9.6109     98.825     33.977  28.337653     0.2838      7.306   267.4339 3.3560e+02     6.1931     -0.413     -0.601    22.4974 0.0000e+00
     -0.335      0.251     9.7474     98.910     34.431  28.284143     0.2788      7.384   267.9539 4.2056e+02     4.9518     -0.330     -0.479    20.1887 0.0000e+00
     -0.252      0.273     9.8464     99.108     34.770  28.297224     0.2813      7.409   268.8437 5.6352e+02     2.6697     -0.241     -0.349    18.6058 0.0000e+00
     -0.178      0.278     9.9259     99.473     35.033  28.368495     0.2854      7.401   269.8464 5.5717e+02     1.4274     -0.170     -0.247    17.5385 0.0000e+00
     -0.112      0.268     9.9937     99.941     35.295  28.510700     0.2828      7.367   271.1292 3.2731e+02     1.3148     -0.112     -0.163    16.6015 0.0000e+00
     -0.045      0.244    10.0515    100.425     35.547  28.683006     0.2777      7.308   272.3947 1.6032e+02     1.2773     -0.046     -0.067    15.9851 0.0000e+00
      0.023      0.210    10.1035    100.933     35.698  28.800764     0.2789      7.240   273.1022 1.1994e+02     1.2489      0.025      0.036    15.6288 0.0000e+00
      0.083      0.168    10.1381    101.369     35.728  28.854972     0.2883      7.179   273.5738 1.1076e+02     1.2473      0.086      0.127    15.4516 0.0000e+00
      0.128      0.121    10.1416    101.543     35.642  28.830448     0.2905      7.135   274.1384 1.5374e+02     1.2576      0.133      0.194    15.3680 0.0000e+00
      0.151      0.072    10.0709    100.904     35.525  28.758317     0.2770      7.107   274.6807 4.7070e+02     1.2507      0.156      0.226    15.3345 0.0000e+00
      0.154      0.028     9.9061     99.236     35.436  28.681385     0.2723      7.077   275.2263 7.9117e+02     1.2248      0.155      0.224    15.3155 0.0000e+00
      0.144     -0.005     9.7263     97.386     35.354  28.598787     0.2794      7.048   275.5731 7.3690e+02     1.2187      0.142      0.206    15.3628 0.0000e+00
      0.129     -0.022     9.5698     95.771     35.279  28.521629     0.2809      7.036   275.4322 7.0667e+02     1.2378      0.124      0.180    15.4623 0.0000e+00
      0.116     -0.021     9.4058     94.096     35.202  28.446961     0.2806      7.041   275.1580 7.1214e+02     1.2428      0.111      0.161    15.4888 0.0000e+00
      0.107     -0.005     9.2399     92.386     35.159  28.394481     0.2665      7.047   275.1832 6.7189e+02     1.1883      0.105      0.153    15.4689 0.0000e+00
      0.104      0.018     9.1092     90.983     35.203  28.395090     0.2300      7.045   275.5641 8.0600e+02     1.0978      0.098      0.142    15.4443 0.0000e+00
      0.109      0.039     9.0477     90.253     35.328  28.454276     0.2071      7.034   276.1504 8.9691e+02     1.0629      0.102      0.148    15.4119 0.0000e+00
      0.128      0.050     9.0524     90.201     35.477  28.538537     0.2105      7.023   276.6796 9.4810e+02     1.0717      0.124      0.180    15.4057 0.0000e+00
      0.156      0.047     9.0839     90.447     35.491  28.524824     0.2150      7.018   277.0577 1.0613e+03     1.1129      0.154      0.222    15.3883 0.0000e+00
      0.183      0.033     9.1080     90.647     35.373  28.415449     0.2167      7.021   277.2802 1.0163e+03     1.1947      0.184      0.266    15.3310 0.0000e+00
      0.197      0.017     9.1222     90.767     35.312  28.359084     0.2214      7.026   277.4775 8.3879e+02     1.2368      0.203      0.294    15.2639 0.0000e+00
      0.189      0.003     9.1268     90.805     35.385  28.414827     0.2165      7.022   277.9809 5.9042e+02     1.2250      0.191      0.278    15.2095 0.0000e+00
      0.165     -0.004     9.1019     90.558     35.513  28.517920     0.2039      7.011   278.5482 3.8142e+02     1.2050      0.159      0.230    15.1793 0.0000e+00
      0.149     -0.001     9.0359     89.905     35.521  28.526057     0.2066      7.004   278.6577 2.9135e+02     1.2081      0.138      0.200    15.1571 0.0000e+00
      0.153      0.011     8.9336     88.889     35.426  28.449717     0.2217      7.006   278.5315 2.6562e+02     1.2326      0.145      0.211    15.1492 0.0000e+00
      0.169      0.027     8.8121     87.692     35.383  28.420404     0.2305      7.014   278.6575 3.0474e+02     1.2573      0.166      0.241    15.1457 0.0000e+00
      0.186      0.037     8.6948     86.554     35.377  28.425650     0.2213      7.025   278.9763 3.4715e+02     1.2621      0.182      0.265    15.1459 0.0000e+00
      0.201      0.037     8.5917     85.540     35.322  28.386165     0.2018      7.035   279.0298 4.5430e+02     1.2305      0.197      0.286    15.1530 0.0000e+00
      0.215      0.029     8.4967     84.572     35.255  28.323999     0.1972      7.044   278.8745 5.9472e+02     1.2106      0.215      0.312    15.1465 0.0000e+00
      0.220      0.021     8.4126     83.693     35.256  28.309008     0.2107      7.049   278.9913 6.1527e+02     1.2347      0.220      0.320    15.1511 0.0000e+00
      0.215      0.018     8.3574     83.096     35.308  28.331891     0.2276      7.046   279.3238 5.8109e+02     1.2465      0.211      0.306    15.1757 0.0000e+00
      0.210      0.021     8.3425     82.896     35.353  28.346648     0.2273      7.040   279.6251 5.2872e+02     1.2318      0.203      0.294    15.1881 0.0000e+00
      0.213      0.027     8.3736     83.157     35.393  28.360400     0.2072      7.036   279.8809 5.6929e+02     1.2397      0.205      0.298    15.1688 0.0000e+00
      0.225      0.036     8.4470     83.843     35.427  28.371141     0.2053      7.036   280.0943 7.3300e+02     1.2814      0.218      0.317    15.1434 0.0000e+00
      0.243      0.044     8.5439     84.762     35.421  28.349500     0.2233      7.034   280.3119 1.0279e+03     1.3088      0.239      0.346    15.1195 0.0000e+00
      0.260      0.049     8.6512     85.791     35.442  28.352717     0.2219      7.027   280.4460 1.4817e+03     1.2963      0.257      0.373    15.0846 0.0000e+00
      0.272      0.048     8.7531     86.805     35.512  28.410018     0.2066      7.022   280.5111 1.4572e+03     1.2820      0.268      0.389    15.0601 0.0000e+00
      0.282      0.042     8.8251     87.574     35.483  28.407313     0.2034      7.026   280.7552 8.5668e+02     1.2894      0.275      0.399    15.0382 0.0000e+00
      0.293      0.032     8.8537     87.897     35.356  28.320042     0.2114      7.036   281.0752 5.0461e+02     1.2939      0.286      0.416    15.0151 0.0000e+00
      0.304      0.023     8.8365     87.711     35.269  28.243870     0.2202      7.048   281.2828 5.3684e+02     1.2755      0.301      0.437    14.9877 0.0000e+00
      0.309      0.016     8.7792     87.104     35.292  28.248321     0.2183      7.063   281.3724 6.9983e+02     1.2507      0.305      0.444    14.9800 0.0000e+00
      0.308      0.007     8.6907     86.210     35.456  28.373835     0.2067      7.073   281.2124 9.9554e+02     1.2377      0.302      0.438    15.0312 0.0000e+00
      0.306     -0.010     8.5872     85.191     35.678  28.554928     0.2084      7.078   280.9826 1.1788e+03     1.2406      0.299      0.434    15.0610 0.0000e+00
      0.307     -0.035     8.4895     84.214     35.734  28.596380     0.2204      7.079   281.0030 1.0140e+03     1.2550      0.299      0.435    15.0412 0.0000e+00
      0.307     -0.067     8.4059     83.362     35.538  28.430510     0.2231      7.079   281.2869 8.1002e+02     1.2586      0.305      0.442    15.0128 0.0000e+00
      0.296     -0.100     8.3389     82.702     35.328  28.263931     0.2132      7.080   281.5756 8.7654e+02     1.2539      0.300      0.435    15.0015 0.0000e+00
      0.263     -0.128     8.2934     82.284     35.273  28.233312     0.2026      7.081   281.6542 1.0275e+03     1.2600      0.266      0.386    15.0207 0.0000e+00
      0.208     -0.149     8.2717     82.099     35.358  28.314318     0.2048      7.084   281.8070 1.2487e+03     1.2710      0.205      0.296    15.0154 0.0000e+00
      0.151     -0.162     8.2692     82.109     35.550  28.481383     0.2116      7.089   282.0465 1.5606e+03     1.2644      0.142      0.205    14.9873 0.0000e+00
      0.104     -0.163     8.2790     82.265     35.671  28.602258     0.2117      7.097   282.2271 1.7230e+03     1.2418      0.098      0.142    14.9910 0.0000e+00
      0.069     -0.151     8.2905     82.459     35.591  28.569323     0.2155      7.105   282.5282 1.7447e+03     1.2412      0.065      0.094    15.0217 0.0000e+00
      0.039     -0.129     8.2949     82.579     35.501  28.527719     0.2206      7.106   282.8482 1.7337e+03     1.2568      0.040      0.058    15.0359 0.0000e+00
      0.006     -0.104     8.2938     82.622     35.573  28.607272     0.2091      7.099   283.0842 1.7083e+03     1.3083      0.010      0.015    15.0475 0.0000e+00
     -0.029     -0.081     8.2869     82.594     35.675  28.705693     0.1960      7.091   283.3170 1.6756e+03     1.4069     -0.034     -0.050    15.0819 0.0000e+00
     -0.050     -0.060     8.2701     82.459     35.733  28.765223     0.1996      7.088   283.5117 1.6571e+03     1.4722     -0.057     -0.084    15.1335 0.0000e+00
     -0.055     -0.040     8.2416     82.211     35.782  28.819039     0.2073      7.091   283.6310 1.6638e+03     1.4875     -0.054     -0.078    15.1822 0.0000e+00
     -0.054     -0.022     8.2000     81.851     35.790  28.848384     0.2064      7.097   283.8135 1.6751e+03     1.4396     -0.052     -0.075    15.2073 0.0000e+00
     -0.054     -0.008     8.1455     81.376     35.776  28.866049     0.2066      7.103   284.0838 1.6799e+03     1.3196     -0.053     -0.077    15.2319 0.0000e+00
     -0.054     -0.001     8.0827     80.812     35.793  28.905649     0.2101      7.108   284.3177 1.6888e+03     1.2274     -0.053     -0.077    15.2473 0.0000e+00
     -0.055     -0.001     8.0179     80.216     35.817  28.946198     0.2118      7.113   284.4907 1.7009e+03     1.2093     -0.054     -0.078    15.2606 0.0000e+00
     -0.055     -0.002     7.9548     79.630     35.829  28.975340     0.2180      7.115   284.6268 1.7044e+03     1.2233     -0.055     -0.079    15.2950 0.0000e+00
     -0.055     -0.002     7.8945     79.069     35.842  29.004011     0.2209      7.117   284.8445 1.7123e+03     1.2445     -0.054     -0.078    15.3414 0.0000e+00
     -0.055     -0.001     7.8412     78.577     35.863  29.038876     0.2096      7.120   285.1438 1.7206e+03     1.2510     -0.054     -0.078    15.3789 0.0000e+00
     -0.056     -0.000     7.7992     78.195     35.893  29.079392     0.2014      7.124   285.4068 1.7150e+03     1.2413     -0.055     -0.081    15.4054 0.0000e+00
     -0.057     -0.000     7.7686     77.926     35.914  29.112886     0.2131      7.127   285.6148 1.7045e+03     1.2493     -0.057     -0.083    15.4317 0.0000e+00
     -0.056     -0.001     7.7469     77.749     35.909  29.126355     0.2225      7.127   285.7661 1.6998e+03     1.2559     -0.056     -0.082    15.4574 0.0000e+00
     -0.055     -0.001     7.7298     77.618     35.874  29.115261     0.2144      7.129   285.7736 1.7044e+03     1.2299     -0.054     -0.079    15.4825 0.0000e+00
     -0.055     -0.000     7.7124     77.475     35.845  29.105781     0.2067      7.133   285.6193 1.7046e+03     1.2091     -0.053     -0.077    15.5046 0.0000e+00
     -0.056      0.001     7.6915     77.286     35.874  29.138750     0.2034      7.138   285.5353 1.7020e+03     1.2181     -0.055     -0.079    15.5270 0.0000e+00
     -0.057      0.001     7.6688     77.079     35.934  29.196375     0.2014      7.143   285.6190 1.7069e+03     1.2476     -0.056     -0.082    15.5518 0.0000e+00
     -0.057      0.001     7.6437     76.854     35.961  29.231013     0.2014      7.144   285.7706 1.7071e+03     1.2605     -0.057     -0.083    15.5782 0.0000e+00
     -0.056      0.000     7.6123     76.569     35.956  29.240051     0.1938      7.146   285.9917 1.7095e+03     1.2522     -0.056     -0.081    15.5993 0.0000e+00
     -0.054     -0.001     7.5754     76.229     35.942  29.242171     0.1926      7.149   286.2274 1.7159e+03     1.2689     -0.053     -0.076    15.6085 0.0000e+00
     -0.053     -0.002     7.5355     75.865     35.940  29.256661     0.2229      7.153   286.3829 1.7057e+03     1.2796     -0.051     -0.074    15.6184 0.0000e+00
     -0.055     -0.004     7.4895     75.446     35.954  29.288261     0.2664      7.154   286.4089 1.6847e+03     1.2592     -0.054     -0.078    15.6389 0.0000e+00
     -0.058     -0.005     7.4346     74.938     35.951  29.306743     0.2866      7.152   286.4566 1.6690e+03     1.2365     -0.057     -0.082    15.6576 0.0000e+00
     -0.061     -0.005     7.3772     74.398     35.910  29.289642     0.2832      7.147   286.6156 1.6560e+03     1.2188     -0.060     -0.087    15.6743 0.0000e+00
     -0.062     -0.004     7.3223     73.873     35.872  29.272025     0.2618      7.143   286.6962 1.6534e+03     1.2578     -0.062     -0.090    15.6961 0.0000e+00
