Data/DataNotYetUploadedToEDI/Raw_CTD/RawDownloads/043018_fcr50.cnv
* Sea-Bird SBE19plus  Data File:
* FileName = C:\DATA\043018_fcr_0007.hex
* Software version 2.6.3.104 SB_Terminal.dll
* Temperature SN = 7809
* Conductivity SN = 7809
* System UpLoad Time = May 01 2018 11:59:12
* <ApplicationData>
* <Seaterm232>
# nquan = 15
# nvalues = 971                         
# units = specified
# name 0 = depFM: Depth [fresh water, m]
# name 1 = dz/dtM: Descent Rate [m/s]
# name 2 = sbeox0Mg/L: Oxygen, SBE 43 [mg/l]
# name 3 = sbeox0PS: Oxygen, SBE 43 [% saturation]
# name 4 = specc: Specific Conductance [uS/cm]
# name 5 = c0uS/cm: Conductivity [uS/cm]
# name 6 = flECO-AFL: Fluorescence, WET Labs ECO-AFL/FL [mg/m^3]
# name 7 = ph: pH
# name 8 = orp: Oxidation Reduction Potential [mV]
# name 9 = par/sat/log: PAR/Logarithmic, Satlantic
# name 10 = turbWETntu0: Turbidity, WET Labs ECO [NTU]
# name 11 = prdM: Pressure, Strain Gauge [db]
# name 12 = prdE: Pressure, Strain Gauge [psi]
# name 13 = tv290C: Temperature [ITS-90, deg C]
# name 14 = flag:  0.000e+00
# span 0 =     -0.505,      9.786       
# span 1 =     -0.118,      4.628       
# span 2 =     6.3448,    10.3520       
# span 3 =     61.762,    100.786       
# span 4 =      0.373,     38.569       
# span 5 =   0.288892,  27.836904       
# span 6 =    -0.6159,     7.4588       
# span 7 =     -2.419,     10.852       
# span 8 =  -819.3642,  1240.2295       
# span 9 = 3.0785e-01, 2.8919e+03       
# span 10 =    -0.5702,   113.1106      
# span 11 =     -0.496,      9.597      
# span 12 =     -0.719,     13.919      
# span 13 =     8.1341,    14.2246      
# span 14 = 0.0000e+00, 0.0000e+00      
# interval = seconds: 0.25
# start_time = Apr 30 2018 14:39:40 [Instrument's time stamp, header]
# bad_flag = -9.990e-29
*END*
[from data line 772]
      6.739      0.063     8.8838     75.302     38.427  25.481016     6.9694      6.635   323.9304 5.6376e+00     1.8040      6.610      9.587     8.1533 0.0000e+00
      6.754      0.061     8.8840     75.303     38.407  25.467276     6.8810      6.635   323.3575 5.5664e+00     1.9022      6.624      9.607     8.1532 0.0000e+00
      6.768      0.060     8.8833     75.294     38.354  25.431491     6.8267      6.635   323.3218 5.5057e+00     1.9532      6.637      9.627     8.1533 0.0000e+00
      6.783      0.060     8.8830     75.289     38.352  25.429298     6.8273      6.635   323.4127 5.4310e+00     1.9325      6.651      9.646     8.1535 0.0000e+00
      6.798      0.060     8.8786     75.252     38.369  25.440756     6.8797      6.635   323.7679 5.3592e+00     1.8660      6.666      9.668     8.1537 0.0000e+00
      6.814      0.061     8.8756     75.229     38.372  25.443036     6.9729      6.636   324.2610 5.2883e+00     1.7900      6.682      9.692     8.1530 0.0000e+00
      6.830      0.063     8.8770     75.243     38.392  25.456868     7.0263      6.637   324.7290 5.2193e+00     1.7450      6.699      9.715     8.1510 0.0000e+00
      6.845      0.065     8.8779     75.248     38.430  25.481016     7.0193      6.636   325.0371 5.1623e+00     1.7190      6.713      9.736     8.1493 0.0000e+00
      6.861      0.066     8.8784     75.245     38.434  25.481026     6.9806      6.635   324.8897 5.0892e+00     1.7200      6.728      9.758     8.1499 0.0000e+00
      6.879      0.066     8.8786     75.242     38.401  25.456993     6.9255      6.633   324.5818 5.0037e+00     1.7267      6.746      9.784     8.1519 0.0000e+00
      6.897      0.065     8.8765     75.222     38.383  25.444400     6.8952      6.632   324.4983 4.9236e+00     1.7085      6.764      9.811     8.1533 0.0000e+00
      6.915      0.062     8.8737     75.197     38.401  25.455755     6.8902      6.632   324.4822 4.8484e+00     1.7139      6.782      9.837     8.1514 0.0000e+00
      6.931      0.059     8.8729     75.189     38.419  25.467290     6.8839      6.632   324.3870 4.7811e+00     1.7299      6.798      9.860     8.1466 0.0000e+00
      6.946      0.055     8.8718     75.179     38.404  25.456889     6.8918      6.631   324.4656 4.7247e+00     1.7198      6.812      9.880     8.1436 0.0000e+00
      6.957      0.053     8.8685     75.150     38.404  25.456982     6.9211      6.631   324.9158 4.6790e+00     1.7133      6.823      9.895     8.1431 0.0000e+00
      6.968      0.053     8.8650     75.121     38.421  25.468412     6.9443      6.631   325.3566 4.6265e+00     1.7122      6.833      9.910     8.1428 0.0000e+00
      6.980      0.054     8.8638     75.111     38.421  25.468109     6.9514      6.630   325.4935 4.5622e+00     1.7371      6.846      9.928     8.1424 0.0000e+00
      6.995      0.055     8.8656     75.126     38.398  25.453312     6.9249      6.630   325.3670 4.4939e+00     1.7702      6.860      9.950     8.1419 0.0000e+00
      7.011      0.058     8.8680     75.146     38.343  25.416495     6.8634      6.630   325.1170 4.4247e+00     1.7463      6.875      9.970     8.1413 0.0000e+00
      7.027      0.059     8.8700     75.162     38.325  25.403911     6.8226      6.630   325.1382 4.3606e+00     1.7224      6.891      9.995     8.1409 0.0000e+00
      7.042      0.058     8.8708     75.168     38.362  25.428143     6.8179      6.629   325.3649 4.2945e+00     1.7257      6.906     10.017     8.1413 0.0000e+00
      7.057      0.057     8.8691     75.153     38.404  25.455516     6.8247      6.629   325.7937 4.2238e+00     1.6947      6.920     10.036     8.1418 0.0000e+00
      7.072      0.055     8.8668     75.133     38.443  25.480903     6.8316      6.628   326.3638 4.1601e+00     1.6834      6.936     10.060     8.1416 0.0000e+00
      7.087      0.053     8.8657     75.123     38.443  25.481121     6.8367      6.627   326.4928 4.1157e+00     1.7119      6.951     10.082     8.1409 0.0000e+00
      7.098      0.052     8.8646     75.114     38.408  25.458147     6.8405      6.627   326.4073 4.0784e+00     1.7024      6.961     10.096     8.1402 0.0000e+00
      7.109      0.052     8.8628     75.099     38.407  25.457107     6.8962      6.628   326.3633 4.0268e+00     1.6605      6.972     10.111     8.1397 0.0000e+00
      7.122      0.053     8.8628     75.099     38.425  25.468538     7.0138      6.628   326.3045 3.9795e+00     1.6326      6.986     10.132     8.1395 0.0000e+00
      7.136      0.055     8.8646     75.114     38.426  25.469371     7.0853      6.628   326.3854 3.9319e+00     1.6401      6.998     10.150     8.1396 0.0000e+00
      7.150      0.059     8.8651     75.120     38.422  25.467176     7.0814      6.627   326.6534 3.8549e+00     1.6600      7.010     10.169     8.1396 0.0000e+00
      7.166      0.061     8.8644     75.115     38.383  25.441996     6.9764      6.627   326.8769 3.7796e+00     1.6888      7.027     10.192     8.1394 0.0000e+00
      7.183      0.063     8.8633     75.105     38.348  25.418900     6.7992      6.627   326.8503 3.7186e+00     1.7445      7.044     10.216     8.1392 0.0000e+00
      7.199      0.064     8.8629     75.100     38.383  25.441893     6.7126      6.627   326.7628 3.6543e+00     1.7535      7.059     10.238     8.1388 0.0000e+00
      7.217      0.066     8.8606     75.079     38.420  25.466030     6.7096      6.626   326.7654 3.5937e+00     1.7060      7.078     10.265     8.1397 0.0000e+00
      7.233      0.069     8.8577     75.054     38.407  25.456766     6.7168      6.624   326.8822 3.5399e+00     1.6898      7.094     10.289     8.1417 0.0000e+00
      7.248      0.072     8.8579     75.055     38.407  25.456869     6.7913      6.623   327.0557 3.4871e+00     1.6797      7.107     10.307     8.1416 0.0000e+00
      7.266      0.075     8.8577     75.054     38.423  25.467278     6.9109      6.621   327.1420 3.4176e+00     1.6748      7.123     10.332     8.1404 0.0000e+00
      7.287      0.077     8.8576     75.053     38.406  25.455631     6.9599      6.618   327.1511 3.3406e+00     1.6919      7.146     10.365     8.1395 0.0000e+00
      7.309      0.080     8.8588     75.063     38.387  25.443028     6.9514      6.616   327.1658 3.2736e+00     1.7033      7.168     10.397     8.1389 0.0000e+00
      7.331      0.083     8.8566     75.044     38.385  25.441893     6.9649      6.616   327.1488 3.2093e+00     1.7218      7.189     10.426     8.1386 0.0000e+00
      7.351      0.083     8.8508     74.995     38.385  25.441903     7.0031      6.615   327.0310 3.1488e+00     1.7313      7.211     10.457     8.1384 0.0000e+00
      7.371      0.081     8.8467     74.960     38.387  25.443143     7.0278      6.614   326.9468 3.0930e+00     1.7271      7.229     10.485     8.1384 0.0000e+00
      7.393      0.078     8.8432     74.931     38.408  25.456890     7.0340      6.613   327.1632 3.0467e+00     1.7012      7.249     10.514     8.1383 0.0000e+00
      7.415      0.075     8.8392     74.897     38.444  25.481132     7.0316      6.612   327.4959 3.0094e+00     1.6623      7.273     10.548     8.1380 0.0000e+00
      7.434      0.072     8.8381     74.888     38.445  25.482287     7.0265      6.611   327.6148 2.9645e+00     1.6534      7.291     10.574     8.1379 0.0000e+00
      7.451      0.069     8.8383     74.890     38.428  25.470848     7.0267      6.612   327.6539 2.9142e+00     1.6858      7.306     10.596     8.1382 0.0000e+00
      7.467      0.065     8.8381     74.888     38.427  25.469809     7.0158      6.612   327.6241 2.8769e+00     1.7188      7.322     10.620     8.1385 0.0000e+00
      7.483      0.061     8.8398     74.901     38.427  25.469724     6.9594      6.611   327.3406 2.8339e+00     1.7160      7.338     10.643     8.1387 0.0000e+00
      7.499      0.057     8.8433     74.931     38.428  25.469810     6.8777      6.610   326.9795 2.7733e+00     1.7134      7.355     10.667     8.1391 0.0000e+00
      7.513      0.054     8.8455     74.949     38.430  25.470849     6.8370      6.611   326.8718 2.7282e+00     1.7170      7.369     10.687     8.1390 0.0000e+00
      7.527      0.051     8.8455     74.949     38.447  25.482288     6.8350      6.613   327.4146 2.7111e+00     1.6995      7.382     10.706     8.1386 0.0000e+00
      7.538      0.049     8.8450     74.944     38.445  25.481133     6.8809      6.614   328.2944 2.7119e+00     1.6847      7.393     10.723     8.1382 0.0000e+00
      7.548      0.049     8.8443     74.938     38.408  25.456881     6.9691      6.614   328.6468 2.7022e+00     1.6907      7.401     10.735     8.1378 0.0000e+00
      7.560      0.050     8.8453     74.948     38.388  25.443030     7.0191      6.614   328.4065 2.6620e+00     1.7111      7.413     10.751     8.1377 0.0000e+00
      7.573      0.053     8.8476     74.968     38.384  25.440645     7.0258      6.614   327.9703 2.6170e+00     1.7169      7.426     10.771     8.1377 0.0000e+00
      7.587      0.056     8.8485     74.975     38.364  25.428052     7.0231      6.613   327.7605 2.5852e+00     1.7005      7.439     10.790     8.1376 0.0000e+00
      7.602      0.058     8.8489     74.979     38.349  25.417747     7.0042      6.612   327.7630 2.5531e+00     1.7570      7.455     10.813     8.1377 0.0000e+00
      7.618      0.060     8.8501     74.990     38.386  25.443038     6.9821      6.611   328.2584 2.5153e+00     1.8808      7.471     10.835     8.1379 0.0000e+00
      7.634      0.062     8.8511     75.000     38.441  25.479874     6.9760      6.611   329.1901 2.4668e+00     1.9464      7.485     10.856     8.1383 0.0000e+00
      7.650      0.064     8.8501     74.993     38.444  25.482164     6.9762      6.611   329.6497 2.4128e+00     1.9392      7.503     10.882     8.1384 0.0000e+00
      7.666      0.065     8.8490     74.984     38.426  25.470733     6.9662      6.611   329.6851 2.3770e+00     1.8542      7.518     10.904     8.1382 0.0000e+00
      7.681      0.066     8.8501     74.992     38.423  25.468653     6.9567      6.610   329.6184 2.3503e+00     1.7437      7.531     10.923     8.1383 0.0000e+00
      7.698      0.067     8.8521     75.008     38.407  25.457005     6.9619      6.610   329.6170 2.3099e+00     1.7312      7.549     10.949     8.1392 0.0000e+00
      7.718      0.069     8.8523     75.009     38.408  25.456891     6.9640      6.609   329.6694 2.2614e+00     1.7648      7.569     10.978     8.1406 0.0000e+00
      7.736      0.072     8.8507     74.994     38.424  25.467281     6.9739      6.608   329.5635 2.2270e+00     1.7537      7.587     11.004     8.1411 0.0000e+00
      7.751      0.076     8.8491     74.980     38.406  25.455632     6.9988      6.608   329.7126 2.2070e+00     1.7184      7.601     11.025     8.1401 0.0000e+00
      7.769      0.079     8.8486     74.975     38.387  25.443029     7.0160      6.607   330.2685 2.1697e+00     1.7049      7.616     11.046     8.1389 0.0000e+00
      7.791      0.081     8.8485     74.974     38.385  25.441892     7.0264      6.606   330.6922 2.1074e+00     1.7119      7.638     11.078     8.1382 0.0000e+00
      7.816      0.082     8.8471     74.963     38.385  25.441883     7.0504      6.605   330.7909 2.0499e+00     1.7114      7.665     11.118     8.1380 0.0000e+00
      7.839      0.082     8.8466     74.959     38.387  25.442914     7.0958      6.604   330.7742 2.0067e+00     1.6986      7.688     11.151     8.1380 0.0000e+00
      7.859      0.080     8.8482     74.974     38.404  25.454362     7.1243      6.604   330.4033 1.9649e+00     1.6800      7.707     11.178     8.1381 0.0000e+00
      7.879      0.077     8.8487     74.979     38.401  25.453311     7.1374      6.604   329.8338 1.9242e+00     1.7002      7.727     11.206     8.1379 0.0000e+00
      7.897      0.072     8.8472     74.968     38.366  25.430215     7.1446      6.603   329.8256 1.8943e+00     1.7289      7.745     11.233     8.1378 0.0000e+00
      7.914      0.068     8.8454     74.953     38.364  25.429071     7.1189      6.602   330.0461 1.8707e+00     1.6912      7.761     11.257     8.1380 0.0000e+00
      7.932      0.066     8.8449     74.949     38.380  25.439480     7.0934      6.601   330.0043 1.8472e+00     1.6727      7.779     11.283     8.1386 0.0000e+00
      7.949      0.063     8.8456     74.955     38.364  25.429082     7.0931      6.601   330.1804 1.8206e+00     1.7187      7.795     11.306     8.1395 0.0000e+00
      7.964      0.061     8.8463     74.961     38.365  25.430330     7.0976      6.601   330.7131 1.7853e+00     1.7284      7.810     11.327     8.1402 0.0000e+00
      7.979      0.060     8.8476     74.972     38.402  25.454571     7.1381      6.601   330.9388 1.7536e+00     1.6982      7.824     11.348     8.1404 0.0000e+00
      7.993      0.059     8.8504     74.994     38.423  25.468216     7.2157      6.600   330.1561 1.7284e+00     1.6887      7.839     11.369     8.1402 0.0000e+00
      8.008      0.059     8.8544     75.027     38.424  25.468311     7.2640      6.599   328.9925 1.7051e+00     1.7058      7.854     11.391     8.1401 0.0000e+00
      8.024      0.060     8.8578     75.054     38.406  25.455726     7.2723      6.599   328.6576 1.6818e+00     1.7215      7.869     11.413     8.1403 0.0000e+00
      8.039      0.060     8.8595     75.068     38.387  25.443038     7.1779      6.599   328.7744 1.6492e+00     1.6954      7.883     11.434     8.1407 0.0000e+00
      8.054      0.060     8.8610     75.082     38.385  25.441885     6.9951      6.598   329.1136 1.6172e+00     1.6645      7.899     11.456     8.1400 0.0000e+00
      8.070      0.059     8.8620     75.091     38.385  25.441780     6.8999      6.597   329.7481 1.6001e+00     1.6835      7.914     11.478     8.1391 0.0000e+00
      8.086      0.059     8.8623     75.094     38.384  25.441771     6.8995      6.597   330.0791 1.5869e+00     1.7111      7.929     11.500     8.1387 0.0000e+00
      8.101      0.059     8.8598     75.072     38.384  25.441780     6.9177      6.597   329.6738 1.5766e+00     1.7243      7.945     11.523     8.1384 0.0000e+00
      8.115      0.059     8.8558     75.038     38.385  25.441895     6.9365      6.596   328.8915 1.5673e+00     1.7203      7.959     11.543     8.1382 0.0000e+00
      8.129      0.059     8.8554     75.034     38.387  25.443153     6.9430      6.596   328.6223 1.5342e+00     1.6933      7.971     11.560     8.1385 0.0000e+00
      8.144      0.060     8.8552     75.033     38.408  25.456996     6.9588      6.596   328.8276 1.4939e+00     1.7042      7.986     11.582     8.1389 0.0000e+00
      8.160      0.061     8.8521     75.007     38.445  25.482279     7.0638      6.596   329.1376 1.4806e+00     1.7302      8.003     11.607     8.1388 0.0000e+00
      8.176      0.063     8.8484     74.976     38.464  25.494883     7.2382      6.596   329.3587 1.4675e+00     1.7021      8.018     11.629     8.1387 0.0000e+00
      8.191      0.064     8.8460     74.956     38.445  25.482393     7.3297      6.596   329.4355 1.4323e+00     1.6687      8.032     11.650     8.1385 0.0000e+00
      8.208      0.064     8.8446     74.944     38.409  25.458256     7.3337      6.595   329.5497 1.3996e+00     1.6932      8.048     11.673     8.1386 0.0000e+00
      8.226      0.065     8.8450     74.947     38.407  25.457006     7.3152      6.593   329.6217 1.3764e+00     1.7845      8.067     11.701     8.1390 0.0000e+00
      8.242      0.067     8.8452     74.949     38.423  25.467284     7.2890      6.593   329.6167 1.3588e+00     1.8877      8.083     11.724     8.1392 0.0000e+00
      8.258      0.069     8.8446     74.944     38.405  25.455540     7.2742      6.593   329.6620 1.3456e+00     1.9343      8.097     11.744     8.1392 0.0000e+00
