Data/DataNotYetUploadedToEDI/Raw_CTD/RawDownloads/043018_fcr50(2).cnv
* Sea-Bird SBE19plus  Data File:
* FileName = C:\DATA\043018_fcr_0012.hex
* Software version 2.6.3.104 SB_Terminal.dll
* Temperature SN = 7809
* Conductivity SN = 7809
* System UpLoad Time = May 01 2018 12:01:24
* <ApplicationData>
* <Seaterm232>
# nquan = 15
# nvalues = 569                         
# units = specified
# name 0 = depFM: Depth [fresh water, m]
# name 1 = dz/dtM: Descent Rate [m/s]
# name 2 = sbeox0Mg/L: Oxygen, SBE 43 [mg/l]
# name 3 = sbeox0PS: Oxygen, SBE 43 [% saturation]
# name 4 = specc: Specific Conductance [uS/cm]
# name 5 = c0uS/cm: Conductivity [uS/cm]
# name 6 = flECO-AFL: Fluorescence, WET Labs ECO-AFL/FL [mg/m^3]
# name 7 = ph: pH
# name 8 = orp: Oxidation Reduction Potential [mV]
# name 9 = par/sat/log: PAR/Logarithmic, Satlantic
# name 10 = turbWETntu0: Turbidity, WET Labs ECO [NTU]
# name 11 = prdM: Pressure, Strain Gauge [db]
# name 12 = prdE: Pressure, Strain Gauge [psi]
# name 13 = tv290C: Temperature [ITS-90, deg C]
# name 14 = flag:  0.000e+00
# span 0 =     -0.554,      9.784       
# span 1 =     -0.114,      0.383       
# span 2 =     6.8043,    10.3484       
# span 3 =     67.962,    103.630       
# span 4 =      0.568,     38.448       
# span 5 =   0.444964,  28.318162       
# span 6 =    -1.7748,     7.7576       
# span 7 =      6.640,      8.210       
# span 8 =  -246.9769,   616.5719       
# span 9 = 1.2560e-01, 1.9804e+03       
# span 10 =    -2.4771,     1.9931      
# span 11 =     -0.545,      9.595      
# span 12 =     -0.790,     13.917      
# span 13 =     8.1696,    15.6014      
# span 14 = 0.0000e+00, 0.0000e+00      
# interval = seconds: 0.25
# start_time = Apr 30 2018 21:04:05 [Instrument's time stamp, header]
# bad_flag = -9.990e-29
*END*
[from data line 97]
      0.308     -0.003     7.6179     76.024     34.895  28.119882     0.3262      7.206   323.5002 1.1772e+03     1.3176      0.303      0.438    15.2986 0.0000e+00
      0.304     -0.003     7.5943     75.784     34.884  28.108988     0.3269      7.207   323.4019 1.0881e+03     1.3056      0.295      0.428    15.2963 0.0000e+00
      0.303     -0.003     7.5685     75.522     34.870  28.095723     0.3213      7.207   323.1258 8.0989e+02     1.3156      0.296      0.430    15.2934 0.0000e+00
      0.306     -0.003     7.5429     75.262     34.860  28.086493     0.3225      7.209   322.9152 6.1043e+02     1.3163      0.301      0.436    15.2906 0.0000e+00
      0.307     -0.002     7.5171     75.003     34.830  28.060886     0.3322      7.213   322.9200 5.8170e+02     1.3147      0.302      0.438    15.2881 0.0000e+00
      0.306     -0.002     7.4903     74.734     34.805  28.040109     0.3379      7.216   323.0118 7.5136e+02     1.2967      0.301      0.437    15.2856 0.0000e+00
      0.304     -0.002     7.4621     74.450     34.788  28.025781     0.3264      7.218   323.0787 1.0312e+03     1.2804      0.299      0.433    15.2830 0.0000e+00
      0.301     -0.001     7.4351     74.177     34.776  28.014645     0.3133      7.220   323.1270 1.0363e+03     1.3010      0.295      0.429    15.2805 0.0000e+00
      0.300      0.000     7.4127     73.951     34.800  28.032463     0.3169      7.223   323.1660 8.7653e+02     1.3327      0.293      0.424    15.2790 0.0000e+00
      0.301      0.002     7.3932     73.755     34.824  28.050715     0.3244      7.227   323.1197 9.9554e+02     1.3280      0.294      0.426    15.2778 0.0000e+00
      0.304      0.003     7.3740     73.562     34.817  28.044830     0.3301      7.229   322.9974 1.1780e+03     1.3050      0.298      0.434    15.2768 0.0000e+00
      0.306      0.003     7.3534     73.354     34.793  28.024809     0.3306      7.230   322.9775 1.2089e+03     1.3298      0.300      0.436    15.2750 0.0000e+00
      0.307      0.002     7.3304     73.125     34.762  27.999131     0.3217      7.231   322.9641 1.3014e+03     1.3533      0.302      0.438    15.2725 0.0000e+00
      0.307      0.001     7.3058     72.880     34.748  27.988358     0.3152      7.231   322.8356 1.2371e+03     1.3137      0.303      0.440    15.2714 0.0000e+00
      0.305      0.000     7.2816     72.641     34.788  28.021559     0.3155      7.232   322.8014 8.8731e+02     1.2784      0.300      0.434    15.2705 0.0000e+00
      0.304      0.000     7.2580     72.408     34.863  28.083054     0.3161      7.233   323.0678 6.7162e+02     1.2929      0.297      0.431    15.2695 0.0000e+00
      0.305      0.001     7.2347     72.176     34.880  28.096897     0.3139      7.233   323.4751 6.3387e+02     1.3054      0.299      0.432    15.2692 0.0000e+00
      0.306      0.001     7.2134     71.961     34.837  28.061945     0.3166      7.233   323.6821 6.5171e+02     1.3076      0.301      0.435    15.2695 0.0000e+00
      0.308      0.001     7.1916     71.741     34.813  28.041445     0.3207      7.233   323.7630 7.3830e+02     1.3193      0.302      0.438    15.2712 0.0000e+00
      0.308      0.000     7.1682     71.505     34.813  28.039530     0.3174      7.233   323.6787 7.7690e+02     1.3253      0.303      0.439    15.2731 0.0000e+00
      0.308     -0.003     7.1429     71.251     34.813  28.038790     0.3142      7.233   323.4375 9.4255e+02     1.3198      0.302      0.438    15.2738 0.0000e+00
      0.308     -0.007     7.1140     70.961     34.806  28.032492     0.3179      7.233   323.5995 1.0109e+03     1.3133      0.302      0.437    15.2727 0.0000e+00
      0.307     -0.008     7.0801     70.621     34.800  28.026890     0.3254      7.233   324.0891 6.4043e+02     1.3079      0.301      0.437    15.2704 0.0000e+00
      0.303     -0.007     7.0407     70.225     34.811  28.034551     0.3218      7.229   324.2807 3.8227e+02     1.2852      0.297      0.432    15.2683 0.0000e+00
      0.297     -0.008     7.0039     69.857     34.846  28.061630     0.3113      7.223   324.1951 4.8839e+02     1.2829      0.290      0.421    15.2668 0.0000e+00
      0.293     -0.015     6.9788     69.609     34.893  28.100293     0.3182      7.222   324.0008 6.2285e+02     1.3099      0.284      0.411    15.2658 0.0000e+00
      0.296     -0.030     6.9608     69.426     34.920  28.121021     0.3322      7.225   323.7392 6.6075e+02     1.3067      0.290      0.420    15.2650 0.0000e+00
      0.300     -0.050     6.9470     69.272     34.931  28.121756     0.3331      7.229   323.6130 7.6389e+02     1.3051      0.297      0.433    15.2639 0.0000e+00
      0.292     -0.072     6.9432     69.215     34.926  28.109162     0.3378      7.232   323.7653 1.0004e+03     1.3212      0.294      0.427    15.2602 0.0000e+00
      0.264     -0.093     6.9552     69.324     34.915  28.095746     0.3618      7.237   324.0318 1.2067e+03     1.3183      0.267      0.386    15.2642 0.0000e+00
      0.223     -0.109     6.9900     69.669     34.904  28.086528     0.3846      7.241   324.0825 1.1635e+03     1.3313      0.218      0.316    15.2665 0.0000e+00
      0.181     -0.114     7.0525     70.295     34.872  28.061204     0.3929      7.242   323.9475 8.2841e+02     1.3558      0.174      0.252    15.2496 0.0000e+00
      0.149     -0.104     7.1424     71.196     34.847  28.043570     0.3792      7.237   323.9478 6.4014e+02     1.3403      0.143      0.208    15.2348 0.0000e+00
      0.125     -0.081     7.2510     72.293     34.864  28.063815     0.3478      7.227   324.0862 8.5784e+02     1.3266      0.121      0.176    15.2291 0.0000e+00
      0.104     -0.056     7.3685     73.495     34.911  28.115490     0.3357      7.220   324.0721 1.0584e+03     1.3434      0.101      0.147    15.2285 0.0000e+00
      0.092     -0.041     7.4971     74.808     34.951  28.160381     0.3423      7.219   323.9498 1.0664e+03     1.3302      0.079      0.116    15.2317 0.0000e+00
      0.097     -0.036     7.6400     76.243     34.948  28.162112     0.3362      7.223   323.9848 1.1954e+03     1.2892      0.090      0.130    15.2336 0.0000e+00
      0.107     -0.036     7.7913     77.748     34.919  28.136426     0.3167      7.226   324.0647 1.2670e+03     1.2738      0.116      0.168    15.2379 0.0000e+00
      0.097     -0.035     7.9413     79.243     34.879  28.103807     0.3182      7.223   323.9694 1.0575e+03     1.2963      0.101      0.148    15.2620 0.0000e+00
      0.072     -0.034     8.0766     80.599     34.853  28.085226     0.3445      7.220   323.8655 9.9379e+02     1.3175      0.069      0.100    15.2900 0.0000e+00
      0.049     -0.032     8.1853     81.702     34.865  28.102258     0.3493      7.219   323.8400 1.1657e+03     1.3156      0.042      0.061    15.2896 0.0000e+00
      0.039     -0.026     8.2626     82.497     34.875  28.119251     0.3306      7.217   324.0053 1.1703e+03     1.3041      0.034      0.050    15.2836 0.0000e+00
      0.042     -0.015     8.3032     82.923     34.841  28.100200     0.3211      7.216   324.3153 1.0208e+03     1.2715      0.040      0.059    15.2822 0.0000e+00
      0.047     -0.003     8.3026     82.934     34.786  28.062427     0.3270      7.218   324.4051 9.4975e+02     1.2570      0.047      0.067    15.2833 0.0000e+00
      0.052      0.004     8.2632     82.559     34.753  28.043547     0.3556      7.223   324.4026 7.7329e+02     1.2804      0.053      0.077    15.2962 0.0000e+00
      0.052      0.005     8.1935     81.882     34.767  28.062429     0.3911      7.225   324.3712 6.7062e+02     1.2800      0.052      0.076    15.3118 0.0000e+00
      0.050      0.003     8.1077     81.043     34.805  28.100238     0.3976      7.223   324.1976 8.6770e+02     1.2840      0.049      0.069    15.3231 0.0000e+00
      0.049     -0.001     8.0191     80.168     34.824  28.119702     0.3884      7.223   324.1105 9.6775e+02     1.3282      0.048      0.068    15.3319 0.0000e+00
      0.050     -0.006     7.9363     79.343     34.807  28.107276     0.3908      7.225   324.4365 9.2185e+02     1.3563      0.049      0.072    15.3420 0.0000e+00
      0.051     -0.012     7.8628     78.609     34.769  28.076994     0.3988      7.227   325.0425 8.7604e+02     1.3485      0.052      0.075    15.3534 0.0000e+00
      0.050     -0.019     7.7964     77.945     34.762  28.071067     0.4018      7.227   325.3280 9.2829e+02     1.3255      0.051      0.073    15.3655 0.0000e+00
      0.043     -0.026     7.7348     77.328     34.797  28.099116     0.3995      7.227   325.3080 1.0810e+03     1.3230      0.045      0.065    15.3723 0.0000e+00
      0.033     -0.032     7.6754     76.733     34.798  28.098634     0.3896      7.225   325.3157 1.2157e+03     1.3489      0.033      0.048    15.3725 0.0000e+00
      0.021     -0.035     7.6187     76.163     34.758  28.065234     0.3642      7.219   325.3359 1.3576e+03     1.3632      0.020      0.029    15.3723 0.0000e+00
      0.010     -0.033     7.5642     75.613     34.775  28.076278     0.3313      7.209   325.2935 1.4412e+03     1.3441      0.007      0.012    15.3724 0.0000e+00
     -0.000     -0.028     7.5062     75.026     34.815  28.105157     0.3136      7.195   325.1476 1.4512e+03     1.3013     -0.002     -0.002    15.3719 0.0000e+00
     -0.007     -0.019     7.4477     74.428     34.811  28.096905     0.3164      7.186   325.1204 1.4546e+03     1.3033     -0.008     -0.012    15.3705 0.0000e+00
     -0.011     -0.010     7.3922     73.855     34.829  28.103504     0.3279      7.186   325.2228 1.3646e+03     1.3369     -0.012     -0.017    15.3686 0.0000e+00
     -0.012     -0.004     7.3375     73.285     34.864  28.121424     0.3325      7.191   325.0953 1.1057e+03     1.3108     -0.013     -0.018    15.3662 0.0000e+00
     -0.009     -0.001     7.2850     72.737     34.879  28.123064     0.3260      7.199   324.8687 7.7451e+02     1.2626     -0.010     -0.014    15.3619 0.0000e+00
     -0.005     -0.002     7.2368     72.237     34.890  28.123328     0.3234      7.206   324.8070 4.9758e+02     1.2423     -0.004     -0.006    15.3539 0.0000e+00
     -0.003     -0.008     7.1912     71.766     34.900  28.124602     0.3285      7.214   324.7793 3.5243e+02     1.2183     -0.002     -0.002    15.3421 0.0000e+00
     -0.005     -0.017     7.1498     71.344     34.923  28.138458     0.3325      7.220   324.7063 3.7841e+02     1.1561     -0.004     -0.005    15.3264 0.0000e+00
     -0.010     -0.026     7.1204     71.046     34.957  28.163857     0.3354      7.225   324.6988 6.2358e+02     1.0998     -0.009     -0.013    15.3103 0.0000e+00
     -0.020     -0.031     7.1026     70.862     34.978  28.177702     0.3357      7.226   324.6887 1.0729e+03     1.0878     -0.017     -0.025    15.2973 0.0000e+00
     -0.035     -0.032     7.0936     70.764     34.984  28.178849     0.3357      7.226   324.6699 1.4760e+03     1.0709     -0.033     -0.050    15.2870 0.0000e+00
     -0.049     -0.029     7.0934     70.755     34.987  28.177715     0.3357      7.226   324.8158 1.6723e+03     1.0479     -0.051     -0.074    15.2819 0.0000e+00
     -0.056     -0.025     7.0960     70.777     34.972  28.163985     0.3269      7.227   324.9043 1.5911e+03     1.0237     -0.057     -0.083    15.2812 0.0000e+00
     -0.057     -0.020     7.0949     70.767     34.942  28.139845     0.3125      7.227   324.7068 1.3449e+03     1.0226     -0.055     -0.081    15.2762 0.0000e+00
     -0.057     -0.015     7.0910     70.729     34.942  28.139845     0.3082      7.228   324.4922 1.2606e+03     1.1260     -0.055     -0.080    15.2697 0.0000e+00
     -0.058     -0.012     7.0840     70.657     34.972  28.163975     0.3203      7.230   324.4603 1.4210e+03     1.2666     -0.054     -0.079    15.2652 0.0000e+00
     -0.064     -0.012     7.0692     70.510     34.989  28.177600     0.3311      7.232   324.4939 1.5627e+03     1.2888     -0.062     -0.090    15.2623 0.0000e+00
     -0.070     -0.012     7.0481     70.302     34.987  28.177589     0.3289      7.234   324.6404 1.4385e+03     1.2428     -0.070     -0.102    15.2638 0.0000e+00
     -0.073     -0.011     7.0232     70.057     34.968  28.163848     0.3301      7.237   324.8547 1.3871e+03     1.2588     -0.072     -0.104    15.2648 0.0000e+00
     -0.074     -0.008     6.9943     69.770     34.935  28.138458     0.3356      7.241   324.8480 1.5849e+03     1.2991     -0.072     -0.104    15.2627 0.0000e+00
     -0.077     -0.003     6.9629     69.455     34.920  28.124607     0.3316      7.245   324.6458 1.6538e+03     1.3022     -0.075     -0.109    15.2621 0.0000e+00
     -0.078      0.000     6.9327     69.150     34.920  28.123370     0.3281      7.248   324.5610 1.5783e+03     1.2968     -0.078     -0.113    15.2650 0.0000e+00
     -0.076      0.002     6.9034     68.856     34.921  28.123495     0.3292      7.251   324.5967 1.5757e+03     1.2950     -0.076     -0.110    15.2681 0.0000e+00
     -0.073      0.003     6.8739     68.560     34.926  28.126118     0.3085      7.252   324.6468 1.6368e+03     1.2808     -0.071     -0.104    15.2687 0.0000e+00
     -0.072      0.005     6.8451     68.272     34.962  28.155084     0.2702      7.252   324.8237 1.7598e+03     1.2774     -0.069     -0.101    15.2664 0.0000e+00
     -0.072      0.005     6.8186     68.026     35.031  28.219728     0.2527      7.252   324.9285 1.8709e+03     1.2840     -0.070     -0.102    15.2640 0.0000e+00
     -0.071      0.004     6.8043     67.962     35.050  28.272728     0.2532      7.254   324.8805 1.9126e+03     1.2696     -0.070     -0.101    15.2635 0.0000e+00
     -0.070      0.004     6.8480     68.531     34.992  28.287940     0.2766      7.255   324.9320 1.9296e+03     1.2556     -0.070     -0.101    15.2619 0.0000e+00
     -0.069      0.004     7.0205     70.380     34.908  28.276731     0.3235      7.256   325.0359 1.9253e+03     1.2680     -0.067     -0.098    15.2597 0.0000e+00
     -0.068      0.004     7.3509     73.768     34.850  28.264275     0.3429      7.256   325.1033 1.9176e+03     1.2968     -0.065     -0.095    15.2578 0.0000e+00
     -0.068      0.003     7.8026     78.343     34.829  28.264380     0.3266      7.256   325.1451 1.9252e+03     1.2985     -0.066     -0.096    15.3091 0.0000e+00
     -0.067      0.002     8.3122     83.482     34.835  28.278015     0.3016      7.256   325.1972 1.9556e+03     1.2271     -0.065     -0.095    15.4253 0.0000e+00
     -0.066      0.001     8.8271     88.664     34.860  28.302147     0.2793      7.255   325.3892 1.9785e+03     1.1361     -0.062     -0.092    15.5127 0.0000e+00
     -0.066      0.001     9.2987     93.405     34.857  28.302155     0.2684      7.253   325.6589 1.9804e+03     1.1142     -0.064     -0.093    15.5534 0.0000e+00
     -0.066      0.002     9.6749     97.185     34.827  28.278119     0.2611      7.252   325.7915 1.9726e+03     1.1146     -0.067     -0.097    15.5765 0.0000e+00
     -0.066      0.005     9.9262     99.711     34.811  28.265533     0.2560      7.253   325.7027 1.9520e+03     1.1410     -0.066     -0.095    15.5871 0.0000e+00
     -0.065      0.010    10.0527    100.982     34.825  28.276976     0.2620      7.251   325.4456 1.7944e+03     1.2495     -0.064     -0.092    15.5920 0.0000e+00
     -0.063      0.020    10.0777    101.235     34.840  28.289467     0.2689      7.244   325.1776 1.5513e+03     1.3282     -0.063     -0.090    15.5934 0.0000e+00
     -0.059      0.033    10.0396    100.856     34.839  28.289570     0.2657      7.233   325.2144 1.3806e+03     1.2993     -0.058     -0.085    15.5941 0.0000e+00
     -0.052      0.045     9.9742    100.204     34.823  28.278225     0.2609      7.218   325.5472 1.1968e+03     1.2354     -0.053     -0.078    15.5944 0.0000e+00
