Data/DataNotYetUploadedToEDI/Raw_CTD/RawDownloads/043018_fcr30.cnv
* Sea-Bird SBE19plus  Data File:
* FileName = C:\DATA\043018_fcr_0010.hex
* Software version 2.6.3.104 SB_Terminal.dll
* Temperature SN = 7809
* Conductivity SN = 7809
* System UpLoad Time = May 01 2018 12:00:32
* <ApplicationData>
* <Seaterm232>
# nquan = 15
# nvalues = 799                         
# units = specified
# name 0 = depFM: Depth [fresh water, m]
# name 1 = dz/dtM: Descent Rate [m/s]
# name 2 = sbeox0Mg/L: Oxygen, SBE 43 [mg/l]
# name 3 = sbeox0PS: Oxygen, SBE 43 [% saturation]
# name 4 = specc: Specific Conductance [uS/cm]
# name 5 = c0uS/cm: Conductivity [uS/cm]
# name 6 = flECO-AFL: Fluorescence, WET Labs ECO-AFL/FL [mg/m^3]
# name 7 = ph: pH
# name 8 = orp: Oxidation Reduction Potential [mV]
# name 9 = par/sat/log: PAR/Logarithmic, Satlantic
# name 10 = turbWETntu0: Turbidity, WET Labs ECO [NTU]
# name 11 = prdM: Pressure, Strain Gauge [db]
# name 12 = prdE: Pressure, Strain Gauge [psi]
# name 13 = tv290C: Temperature [ITS-90, deg C]
# name 14 = flag:  0.000e+00
# span 0 =     -0.545,      5.589       
# span 1 =     -0.077,      0.391       
# span 2 =     6.4943,    10.5651       
# span 3 =     60.533,    106.410       
# span 4 =      0.383,     38.530       
# span 5 =   0.318184,  28.888176       
# span 6 =    -1.1895,     5.7691       
# span 7 =      6.639,     10.627       
# span 8 =    89.8157,  1240.2294       
# span 9 = 1.1732e+01, 1.9414e+03       
# span 10 =    -2.8245,   850.9948      
# span 11 =     -0.535,      5.481      
# span 12 =     -0.776,      7.950      
# span 13 =     8.1884,    16.5949      
# span 14 = 0.0000e+00, 0.0000e+00      
# interval = seconds: 0.25
# start_time = Apr 30 2018 20:25:24 [Instrument's time stamp, header]
# bad_flag = -9.990e-29
*END*
[from data line 772]
      5.524      0.050     7.8715     66.794     38.484  25.553507     5.0620      6.650   342.6887 1.2678e+01     2.0652      5.416      7.856     8.2031 0.0000e+00
      5.537      0.044     7.8720     66.794     38.466  25.539778     4.9482      6.651   343.2861 1.2544e+01     1.9822      5.430      7.876     8.1987 0.0000e+00
      5.548      0.037     7.8726     66.795     38.452  25.528234     4.8868      6.652   343.3587 1.2447e+01     1.9383      5.442      7.892     8.1988 0.0000e+00
      5.555      0.030     7.8735     66.800     38.474  25.540914     4.8813      6.652   343.3081 1.2394e+01     1.9304      5.449      7.902     8.1995 0.0000e+00
      5.560      0.025     7.8855     66.900     38.512  25.566100     4.8535      6.652   343.5352 1.2330e+01     1.9482      5.454      7.910     8.1990 0.0000e+00
      5.564      0.020     7.8935     66.975     38.526  25.578790     4.7995      6.653   343.6949 1.2212e+01     1.9710      5.457      7.914     8.1954 0.0000e+00
      5.569      0.016     7.8870     66.932     38.500  25.567359     4.7702      6.654   343.6909 1.2063e+01     1.9619      5.461      7.921     8.1924 0.0000e+00
      5.573      0.014     7.8790     66.876     38.474  25.554889     4.7842      6.654   343.5723 1.1920e+01     1.9295      5.465      7.927     8.1910 0.0000e+00
      5.576      0.012     7.8793     66.885     38.469  25.555003     4.9965      6.653   343.4649 1.1820e+01     1.9154      5.468      7.931     8.1884 0.0000e+00
      5.580      0.010     7.8825     66.918     38.485  25.568741     5.3885      6.653   343.5114 1.1755e+01     1.9430      5.472      7.936     8.1919 0.0000e+00
      5.582      0.008     7.8844     66.942     38.518  25.594015     5.6091      6.654   343.6184 1.1732e+01     1.9587      5.474      7.939     8.2031 0.0000e+00
      5.583      0.006     7.8837     66.946     38.530  25.606608     5.6412      6.655   343.7259 1.1778e+01     1.9530      5.475      7.941     8.2106 0.0000e+00
      5.584      0.004     7.8810     66.935     38.502  25.594014     5.6761      6.655   343.7794 1.1824e+01     1.9348      5.476      7.942     8.2131 0.0000e+00
      5.584      0.003     7.8790     66.928     38.457  25.568741     5.7277      6.655   343.7480 1.1853e+01     1.8905      5.476      7.943     8.2165 0.0000e+00
      5.585      0.002     7.8765     66.911     38.433  25.555012     5.7597      6.654   343.7761 1.1888e+01     1.8756      5.476      7.942     8.2209 0.0000e+00
      5.586      0.002     7.8718     66.873     38.432  25.555012     5.7691      6.653   343.6896 1.1891e+01     1.9071      5.478      7.944     8.2269 0.0000e+00
      5.586      0.002     7.8655     66.823     38.451  25.568740     5.7580      6.652   343.4771 1.1891e+01     1.9357      5.478      7.945     8.2355 0.0000e+00
      5.586      0.002     7.8597     66.778     38.485  25.594015     5.6995      6.652   343.5297 1.1925e+01     1.9471      5.478      7.946     8.2428 0.0000e+00
      5.587      0.002     7.8555     66.747     38.500  25.606626     5.6134      6.651   343.7228 1.1962e+01     1.9528      5.479      7.946     8.2443 0.0000e+00
      5.587      0.002     7.8500     66.705     38.479  25.594240     5.5717      6.651   343.7473 1.1992e+01     1.9440      5.479      7.947     8.2440 0.0000e+00
      5.588      0.002     7.8389     66.613     38.443  25.571248     5.5721      6.651   343.7398 1.2009e+01     1.9315      5.480      7.948     8.2463 0.0000e+00
      5.588      0.001     7.8244     66.491     38.459  25.582603     5.5720      6.651   343.8043 1.2008e+01     1.9243      5.480      7.948     8.2502 0.0000e+00
      5.588      0.001     7.8174     66.432     38.491  25.604547     5.5705      6.651   343.8381 1.2017e+01     1.9187      5.480      7.949     8.2531 0.0000e+00
      5.589 -9.990e-29 -9.990e-29 -9.990e-29 -9.990e-29 -9.990e-29 -9.990e-29 -9.990e-29 -9.990e-29 1.2047e+01 -9.990e-29      5.481      7.949     8.2558 0.0000e+00
      5.589 -9.990e-29 -9.990e-29 -9.990e-29 -9.990e-29 -9.990e-29 -9.990e-29 -9.990e-29 -9.990e-29 1.2090e+01 -9.990e-29      5.481      7.949     8.2572 0.0000e+00
      5.589 -9.990e-29 -9.990e-29 -9.990e-29 -9.990e-29 -9.990e-29 -9.990e-29 -9.990e-29 -9.990e-29 1.2143e+01 -9.990e-29      5.480      7.949     8.2578 0.0000e+00
      5.589 -9.990e-29 -9.990e-29 -9.990e-29 -9.990e-29 -9.990e-29 -9.990e-29 -9.990e-29 -9.990e-29 1.2171e+01 -9.990e-29      5.481      7.950     8.2588 0.0000e+00
