Data/DataNotYetUploadedToEDI/Raw_CTD/RawDownloads/043018_fcr45.cnv
* Sea-Bird SBE19plus  Data File:
* FileName = C:\DATA\043018_fcr_0011.hex
* Software version 2.6.3.104 SB_Terminal.dll
* Temperature SN = 7809
* Conductivity SN = 7809
* System UpLoad Time = May 01 2018 12:01:02
* <ApplicationData>
* <Seaterm232>
# nquan = 15
# nvalues = 974                         
# units = specified
# name 0 = depFM: Depth [fresh water, m]
# name 1 = dz/dtM: Descent Rate [m/s]
# name 2 = sbeox0Mg/L: Oxygen, SBE 43 [mg/l]
# name 3 = sbeox0PS: Oxygen, SBE 43 [% saturation]
# name 4 = specc: Specific Conductance [uS/cm]
# name 5 = c0uS/cm: Conductivity [uS/cm]
# name 6 = flECO-AFL: Fluorescence, WET Labs ECO-AFL/FL [mg/m^3]
# name 7 = ph: pH
# name 8 = orp: Oxidation Reduction Potential [mV]
# name 9 = par/sat/log: PAR/Logarithmic, Satlantic
# name 10 = turbWETntu0: Turbidity, WET Labs ECO [NTU]
# name 11 = prdM: Pressure, Strain Gauge [db]
# name 12 = prdE: Pressure, Strain Gauge [psi]
# name 13 = tv290C: Temperature [ITS-90, deg C]
# name 14 = flag:  0.000e+00
# span 0 =     -0.555,      7.364       
# span 1 =     -0.096,      0.349       
# span 2 =     6.7822,    10.0834       
# span 3 =     62.993,    102.815       
# span 4 =      0.488,     38.591       
# span 5 =   0.399297,  29.513845       
# span 6 =    -0.2036,     8.0347       
# span 7 =      6.334,     11.088       
# span 8 =  -812.8210,   490.2694       
# span 9 = 1.7455e+00, 1.5885e+03       
# span 10 =    -3.3398,     2.1623      
# span 11 =     -0.544,      7.222      
# span 12 =     -0.790,     10.475      
# span 13 =     8.0823,    16.3111      
# span 14 = 0.0000e+00, 0.0000e+00      
# interval = seconds: 0.25
# start_time = Apr 30 2018 20:50:12 [Instrument's time stamp, header]
# bad_flag = -9.990e-29
*END*
[from data line 386]
      0.979      0.046     9.5478     95.258     34.720  27.970422     0.5935      7.180   319.6910 4.3675e+02     1.2828      0.962      1.396    15.3185 0.0000e+00
      0.993      0.045     9.5495     95.262     34.721  27.966413     0.6022      7.180   319.9589 4.0025e+02     1.2774      0.977      1.417    15.3042 0.0000e+00
      1.003      0.041     9.5482     95.238     34.764  27.997358     0.6077      7.180   320.2391 4.0307e+02     1.3120      0.984      1.426    15.2930 0.0000e+00
      1.012      0.036     9.5422     95.167     34.805  28.027072     0.6151      7.181   320.4124 4.0492e+02     1.3359      0.992      1.440    15.2855 0.0000e+00
      1.019      0.032     9.5349     95.082     34.787  28.008179     0.6360      7.183   320.3329 3.5655e+02     1.3223      0.999      1.450    15.2757 0.0000e+00
      1.025      0.029     9.5294     95.007     34.735  27.959422     0.6577      7.185   320.1384 2.8954e+02     1.3302      1.005      1.458    15.2686 0.0000e+00
      1.033      0.028     9.5237     94.922     34.730  27.945536     0.6578      7.186   320.1259 2.5592e+02     1.3094      1.013      1.469    15.2646 0.0000e+00
      1.040      0.026     9.5152     94.812     34.767  27.967279     0.6372      7.187   320.1812 2.5902e+02     1.1938      1.020      1.480    15.2592 0.0000e+00
      1.047      0.025     9.5042     94.687     34.775  27.968301     0.6107      7.187   320.2054 2.7827e+02     1.0920      1.027      1.490    15.2540 0.0000e+00
      1.054      0.023     9.4949     94.587     34.765  27.957889     0.5943      7.187   320.3324 2.5340e+02     1.0857      1.034      1.499    15.2448 0.0000e+00
      1.059      0.021     9.4905     94.542     34.779  27.968393     0.5952      7.187   320.2537 2.3433e+02     1.1168      1.038      1.506    15.2285 0.0000e+00
      1.063      0.019     9.4894     94.530     34.780  27.968300     0.6032      7.188   320.1997 2.3953e+02     1.1325      1.043      1.512    15.2140 0.0000e+00
      1.068      0.019     9.4880     94.511     34.767  27.956755     0.5985      7.188   320.4543 2.5623e+02     1.1837      1.047      1.519    15.2082 0.0000e+00
      1.072      0.019     9.4855     94.479     34.769  27.955809     0.5933      7.189   320.6645 2.8140e+02     1.2781      1.050      1.525    15.2059 0.0000e+00
      1.077      0.019     9.4831     94.457     34.769  27.956859     0.6046      7.190   320.7620 2.7781e+02     1.3280      1.056      1.532    15.2047 0.0000e+00
      1.081      0.020     9.4827     94.467     34.779  27.969445     0.6165      7.191   320.8599 2.6212e+02     1.3300      1.060      1.538    15.2052 0.0000e+00
      1.086      0.021     9.4846     94.503     34.786  27.980999     0.6262      7.191   320.9016 2.5888e+02     1.3017      1.065      1.545    15.2026 0.0000e+00
      1.092      0.022     9.4870     94.538     34.767  27.969558     0.6401      7.191   320.7498 2.6380e+02     1.2599      1.070      1.553    15.1972 0.0000e+00
      1.098      0.022     9.4895     94.571     34.750  27.958117     0.6557      7.191   320.5736 2.6280e+02     1.2521      1.076      1.561    15.1970 0.0000e+00
      1.105      0.023     9.4913     94.599     34.760  27.969670     0.6680      7.192   320.5771 2.5509e+02     1.2693      1.084      1.571    15.2062 0.0000e+00
      1.111      0.023     9.4919     94.612     34.772  27.982255     0.6694      7.192   320.7064 2.5707e+02     1.2849      1.089      1.580    15.2170 0.0000e+00
      1.116      0.024     9.4921     94.610     34.775  27.983287     0.6634      7.191   320.7609 2.6722e+02     1.2882      1.093      1.587    15.2212 0.0000e+00
      1.121      0.025     9.4896     94.571     34.780  27.982142     0.6598      7.191   320.6336 2.7847e+02     1.2787      1.099      1.593    15.2232 0.0000e+00
      1.128      0.027     9.4831     94.488     34.771  27.968402     0.6621      7.190   320.3715 2.9919e+02     1.2917      1.106      1.603    15.2292 0.0000e+00
      1.135      0.029     9.4761     94.400     34.748  27.944148     0.6638      7.188   320.0874 3.0144e+02     1.3224      1.113      1.614    15.2349 0.0000e+00
      1.142      0.032     9.4732     94.356     34.753  27.942890     0.6619      7.184   320.1230 2.8674e+02     1.3147      1.120      1.624    15.2334 0.0000e+00
      1.151      0.035     9.4736     94.346     34.772  27.953176     0.6582      7.180   320.4580 2.8260e+02     1.2900      1.128      1.637    15.2233 0.0000e+00
      1.161      0.038     9.4750     94.342     34.765  27.941507     0.6555      7.178   320.6106 2.8268e+02     1.2982      1.138      1.652    15.2138 0.0000e+00
      1.169      0.041     9.4764     94.342     34.755  27.928799     0.6466      7.176   320.5906 2.8379e+02     1.3229      1.147      1.663    15.2059 0.0000e+00
      1.179      0.043     9.4797     94.369     34.755  27.926518     0.6252      7.175   320.6469 2.8126e+02     1.3439      1.156      1.675    15.1982 0.0000e+00
      1.193      0.044     9.4865     94.426     34.744  27.913924     0.6080      7.172   320.7752 2.7699e+02     1.3388      1.171      1.698    15.1936 0.0000e+00
      1.206      0.043     9.4931     94.476     34.738  27.903523     0.6043      7.171   320.8510 2.6384e+02     1.2914      1.183      1.716    15.1821 0.0000e+00
      1.218      0.042     9.4967     94.499     34.773  27.927757     0.5982      7.172   320.7900 2.5263e+02     1.2597      1.194      1.732    15.1735 0.0000e+00
      1.228      0.040     9.4972     94.499     34.806  27.952930     0.5894      7.172   320.8112 2.6908e+02     1.2611      1.206      1.748    15.1740 0.0000e+00
      1.237      0.037     9.4960     94.490     34.806  27.953875     0.5906      7.172   320.9354 2.9115e+02     1.2464      1.213      1.759    15.1690 0.0000e+00
      1.245      0.035     9.4950     94.487     34.785  27.939190     0.5937      7.172   320.8289 2.8672e+02     1.2342      1.220      1.771    15.1596 0.0000e+00
      1.253      0.033     9.4939     94.476     34.739  27.902369     0.5983      7.172   320.5562 2.7439e+02     1.2661      1.229      1.783    15.1520 0.0000e+00
      1.263      0.031     9.4923     94.449     34.728  27.889671     0.6013      7.173   320.3922 2.5986e+02     1.2969      1.238      1.796    15.1499 0.0000e+00
      1.272      0.030     9.4933     94.441     34.764  27.912656     0.5923      7.173   320.3083 2.4318e+02     1.3015      1.248      1.810    15.1522 0.0000e+00
      1.279      0.029     9.4962     94.454     34.788  27.926282     0.5825      7.173   320.1436 2.4330e+02     1.2910      1.255      1.820    15.1574 0.0000e+00
      1.285      0.028     9.4985     94.465     34.795  27.927407     0.5831      7.173   320.1213 2.5633e+02     1.2623      1.260      1.828    15.1590 0.0000e+00
      1.291      0.026     9.5021     94.488     34.799  27.926258     0.5901      7.173   320.4692 2.5998e+02     1.2592      1.266      1.837    15.1517 0.0000e+00
      1.298      0.026     9.5064     94.513     34.789  27.912396     0.5950      7.173   320.6509 2.5334e+02     1.2539      1.273      1.846    15.1412 0.0000e+00
      1.305      0.027     9.5097     94.517     34.769  27.886781     0.5963      7.173   320.5109 2.6541e+02     1.2279      1.280      1.857    15.1328 0.0000e+00
      1.312      0.028     9.5149     94.525     34.767  27.870533     0.5967      7.174   320.5827 2.7176e+02     1.2500      1.286      1.866    15.1282 0.0000e+00
      1.319      0.028     9.5217     94.538     34.757  27.842931     0.6002      7.175   320.6597 2.5390e+02     1.2773      1.293      1.875    15.1223 0.0000e+00
      1.327      0.028     9.5239     94.511     34.733  27.807019     0.6009      7.175   320.4957 2.4277e+02     1.2529      1.301      1.887    15.1149 0.0000e+00
      1.334      0.028     9.5222     94.460     34.760  27.817295     0.5874      7.176   320.4921 2.5470e+02     1.2297      1.309      1.898    15.1021 0.0000e+00
      1.341      0.027     9.5212     94.415     34.803  27.840165     0.5735      7.176   320.7013 2.7166e+02     1.2417      1.315      1.908    15.0804 0.0000e+00
      1.349      0.025     9.5213     94.379     34.806  27.829528     0.5801      7.176   320.8746 2.6939e+02     1.2759      1.323      1.919    15.0496 0.0000e+00
      1.356      0.023     9.5233     94.371     34.800  27.815665     0.5933      7.176   320.9532 2.6719e+02     1.3071      1.330      1.929    15.0218 0.0000e+00
      1.361      0.023     9.5271     94.394     34.786  27.799539     0.5965      7.177   320.9627 2.5973e+02     1.3131      1.336      1.937    15.0112 0.0000e+00
      1.365      0.024     9.5329     94.427     34.749  27.761547     0.5916      7.177   320.9897 2.4791e+02     1.3178      1.339      1.941    14.9949 0.0000e+00
      1.370      0.025     9.5413     94.459     34.741  27.737286     0.5885      7.177   321.1087 2.4196e+02     1.3335      1.342      1.947    14.9711 0.0000e+00
      1.376      0.026     9.5504     94.489     34.796  27.760177     0.5951      7.178   321.1967 2.4712e+02     1.3196      1.348      1.955    14.9583 0.0000e+00
      1.384      0.027     9.5544     94.491     34.842  27.784298     0.5983      7.178   321.1068 2.6123e+02     1.3029      1.357      1.968    14.9549 0.0000e+00
      1.393      0.027     9.5498     94.434     34.835  27.774918     0.5905      7.178   320.9682 2.5509e+02     1.3145      1.367      1.982    14.9492 0.0000e+00
      1.401      0.027     9.5405     94.337     34.835  27.773771     0.5837      7.178   320.9837 2.4992e+02     1.3079      1.375      1.994    14.9193 0.0000e+00
      1.407      0.028     9.5293     94.217     34.834  27.770421     0.5888      7.179   321.0356 2.6113e+02     1.3146      1.381      2.002    14.8806 0.0000e+00
      1.412      0.028     9.5162     94.070     34.797  27.734416     0.5978      7.179   320.9071 2.7347e+02     1.3346      1.384      2.007    14.8642 0.0000e+00
      1.417      0.029     9.5028     93.916     34.788  27.719419     0.5917      7.180   320.7216 2.7416e+02     1.3044      1.389      2.014    14.8625 0.0000e+00
      1.426      0.031     9.4925     93.793     34.793  27.716079     0.5797      7.180   320.7707 2.6668e+02     1.2853      1.399      2.028    14.8621 0.0000e+00
      1.435      0.034     9.4855     93.705     34.773  27.694020     0.5802      7.179   321.0703 2.5828e+02     1.3179      1.409      2.043    14.8586 0.0000e+00
      1.444      0.036     9.4790     93.623     34.797  27.706691     0.5894      7.179   321.2468 2.5543e+02     1.3329      1.416      2.053    14.8488 0.0000e+00
      1.453      0.037     9.4751     93.571     34.847  27.742280     0.5891      7.179   321.2700 2.6326e+02     1.3134      1.423      2.065    14.8364 0.0000e+00
      1.464      0.037     9.4768     93.579     34.853  27.743332     0.5860      7.179   321.3513 2.7063e+02     1.2957      1.436      2.082    14.8262 0.0000e+00
      1.474      0.036     9.4798     93.605     34.824  27.719400     0.6066      7.177   321.2828 2.7668e+02     1.3015      1.447      2.097    14.8169 0.0000e+00
      1.483      0.035     9.4811     93.620     34.807  27.706919     0.6364      7.176   321.3033 2.7217e+02     1.3234      1.454      2.108    14.8083 0.0000e+00
      1.491      0.034     9.4821     93.633     34.822  27.719420     0.6525      7.176   321.5120 2.7528e+02     1.3163      1.463      2.122    14.8016 0.0000e+00
      1.500      0.032     9.4829     93.642     34.852  27.743551     0.6543      7.176   321.5695 2.9411e+02     1.2763      1.471      2.133    14.7961 0.0000e+00
      1.508      0.030     9.4839     93.652     34.853  27.744686     0.6401      7.173   321.7400 2.9164e+02     1.2676      1.478      2.144    14.7939 0.0000e+00
      1.516      0.030     9.4874     93.686     34.838  27.733148     0.6183      7.171   321.9395 2.7961e+02     1.3022      1.487      2.157    14.7972 0.0000e+00
      1.523      0.029     9.4906     93.713     34.838  27.731048     0.6024      7.170   321.8303 2.8170e+02     1.2985      1.494      2.167    14.7991 0.0000e+00
      1.530      0.028     9.4893     93.695     34.825  27.719295     0.5940      7.169   321.7105 2.7363e+02     1.2527      1.500      2.175    14.7983 0.0000e+00
      1.537      0.027     9.4878     93.675     34.825  27.718036     0.5906      7.169   321.7810 2.6008e+02     1.2373      1.507      2.185    14.8005 0.0000e+00
      1.544      0.027     9.4883     93.675     34.825  27.715820     0.6068      7.169   321.9946 2.5674e+02     1.2647      1.514      2.196    14.8001 0.0000e+00
      1.550      0.027     9.4897     93.678     34.800  27.692495     0.6431      7.169   322.1431 2.4517e+02     1.3092      1.520      2.205    14.7958 0.0000e+00
      1.556      0.028     9.4917     93.683     34.804  27.690012     0.6626      7.170   322.1132 2.4631e+02     1.3170      1.526      2.213    14.7940 0.0000e+00
      1.563      0.030     9.4915     93.664     34.806  27.685784     0.6578      7.170   321.8910 2.6747e+02     1.2679      1.533      2.224    14.7925 0.0000e+00
      1.571      0.033     9.4869     93.600     34.758  27.641373     0.6583      7.169   321.6936 2.6780e+02     1.2341      1.541      2.235    14.7899 0.0000e+00
      1.579      0.038     9.4823     93.529     34.714  27.597531     0.6694      7.168   321.9632 2.6081e+02     1.2745      1.549      2.246    14.7853 0.0000e+00
      1.589      0.042     9.4790     93.466     34.731  27.600165     0.6720      7.166   322.3980 2.6927e+02     1.3292      1.557      2.259    14.7758 0.0000e+00
      1.600      0.044     9.4717     93.365     34.756  27.609707     0.6621      7.163   322.6488 2.7649e+02     1.3164      1.568      2.274    14.7676 0.0000e+00
      1.614      0.047     9.4611     93.222     34.742  27.585900     0.6611      7.162   322.6728 2.9588e+02     1.2722      1.583      2.296    14.7611 0.0000e+00
      1.628      0.050     9.4526     93.082     34.741  27.566302     0.6688      7.162   322.4298 3.1985e+02     1.2523      1.598      2.318    14.7481 0.0000e+00
      1.639      0.055     9.4488     92.982     34.765  27.563212     0.6634      7.162   322.2056 3.1907e+02     1.2590      1.608      2.332    14.7295 0.0000e+00
      1.650      0.058     9.4516     92.947     34.773  27.548512     0.6511      7.158   322.2847 2.8182e+02     1.2913      1.617      2.346    14.7181 0.0000e+00
      1.665      0.060     9.4586     92.952     34.759  27.515544     0.6479      7.153   322.4399 2.5162e+02     1.3073      1.632      2.367    14.7029 0.0000e+00
      1.684      0.060     9.4660     92.959     34.745  27.482054     0.6524      7.149   322.5337 2.5216e+02     1.2998      1.651      2.395    14.6709 0.0000e+00
      1.704      0.059     9.4773     93.004     34.748  27.461055     0.6511      7.149   322.6442 2.4517e+02     1.2926      1.672      2.426    14.6386 0.0000e+00
      1.721      0.056     9.4936     93.095     34.767  27.452118     0.6511      7.150   322.7434 2.3785e+02     1.2511      1.690      2.450    14.6093 0.0000e+00
      1.733      0.051     9.5109     93.195     34.778  27.437470     0.6603      7.152   322.9590 2.4936e+02     1.2243      1.700      2.465    14.5766 0.0000e+00
      1.744      0.046     9.5249     93.266     34.773  27.410919     0.6608      7.153   323.0143 2.6753e+02     1.2740      1.709      2.479    14.5437 0.0000e+00
      1.754      0.042     9.5329     93.287     34.765  27.385049     0.6580      7.154   322.7235 2.5578e+02     1.3029      1.720      2.497    14.5115 0.0000e+00
      1.763      0.039     9.5319     93.232     34.777  27.378647     0.6632      7.156   322.5401 2.3333e+02     1.2984      1.730      2.509    14.4780 0.0000e+00
