Data/DataNotYetUploadedToEDI/Raw_CTD/RawDownloads/043018_fcr10.cnv
* Sea-Bird SBE19plus  Data File:
* FileName = C:\DATA\043018_fcr_0008.hex
* Software version 2.6.3.104 SB_Terminal.dll
* Temperature SN = 7809
* Conductivity SN = 7809
* System UpLoad Time = May 01 2018 11:59:33
* <ApplicationData>
* <Seaterm232>
# nquan = 15
# nvalues = 698                         
# units = specified
# name 0 = depFM: Depth [fresh water, m]
# name 1 = dz/dtM: Descent Rate [m/s]
# name 2 = sbeox0Mg/L: Oxygen, SBE 43 [mg/l]
# name 3 = sbeox0PS: Oxygen, SBE 43 [% saturation]
# name 4 = specc: Specific Conductance [uS/cm]
# name 5 = c0uS/cm: Conductivity [uS/cm]
# name 6 = flECO-AFL: Fluorescence, WET Labs ECO-AFL/FL [mg/m^3]
# name 7 = ph: pH
# name 8 = orp: Oxidation Reduction Potential [mV]
# name 9 = par/sat/log: PAR/Logarithmic, Satlantic
# name 10 = turbWETntu0: Turbidity, WET Labs ECO [NTU]
# name 11 = prdM: Pressure, Strain Gauge [db]
# name 12 = prdE: Pressure, Strain Gauge [psi]
# name 13 = tv290C: Temperature [ITS-90, deg C]
# name 14 = flag:  0.000e+00
# span 0 =     -0.520,      2.711       
# span 1 =     -0.163,      0.278       
# span 2 =     6.0445,    13.5502       
# span 3 =     62.310,    125.149       
# span 4 =      0.962,     36.035       
# span 5 =   0.942018,  29.771039       
# span 6 =    -0.2011,     0.6592       
# span 7 =      1.484,      7.733       
# span 8 = -1240.7455,   492.3749       
# span 9 = 1.1076e+02, 1.7496e+03       
# span 10 =    -0.6743,     6.1931      
# span 11 =     -0.511,      2.660      
# span 12 =     -0.741,      3.857      
# span 13 =    11.7740,    23.9889      
# span 14 = 0.0000e+00, 0.0000e+00      
# interval = seconds: 0.25
# start_time = Apr 30 2018 19:29:15 [Instrument's time stamp, header]
# bad_flag = -9.990e-29
*END*
[from data line 579]
      0.580      0.055     9.2185     89.536     34.907  27.257744     0.2124      7.095   308.1192 6.9000e+02     1.2557      0.568      0.824    14.2147 0.0000e+00
      0.595      0.057     9.1975     89.295     34.914  27.250482     0.2125      7.093   308.3147 7.0689e+02     1.2331      0.583      0.845    14.1648 0.0000e+00
      0.610      0.061     9.1796     89.097     34.919  27.245551     0.2146      7.092   308.5806 7.0971e+02     1.2148      0.598      0.867    14.1129 0.0000e+00
      0.625      0.066     9.1716     88.991     34.953  27.261601     0.2197      7.090   308.8391 6.4491e+02     1.1875      0.614      0.890    14.0702 0.0000e+00
      0.640      0.071     9.1763     88.999     34.960  27.254046     0.2190      7.087   309.0311 5.9806e+02     1.1768      0.628      0.911    14.0325 0.0000e+00
      0.658      0.075     9.1928     89.113     34.935  27.217676     0.2146      7.085   309.1803 6.4496e+02     1.2072      0.643      0.933    14.0188 0.0000e+00
      0.680      0.078     9.2186     89.316     34.937  27.202817     0.2123      7.084   309.3527 6.5556e+02     1.2503      0.665      0.965    14.0109 0.0000e+00
      0.705      0.079     9.2457     89.543     34.951  27.201363     0.2108      7.084   309.5681 5.1661e+02     1.2707      0.692      1.004    13.9947 0.0000e+00
      0.727      0.078     9.2671     89.727     34.960  27.200086     0.2137      7.085   309.7199 4.0951e+02     1.3327      0.714      1.036    13.9775 0.0000e+00
      0.746      0.077     9.2811     89.847     34.951  27.187362     0.2198      7.086   309.8111 4.4628e+02     1.4802      0.731      1.061    13.9510 0.0000e+00
      0.764      0.074     9.2868     89.889     34.941  27.174504     0.2200      7.086   309.8962 5.3040e+02     1.5287      0.748      1.086    13.9247 0.0000e+00
      0.781      0.073     9.2843     89.853     34.943  27.171618     0.2167      7.086   310.0604 6.1135e+02     1.4614      0.767      1.112    13.9069 0.0000e+00
      0.798      0.075     9.2765     89.764     34.924  27.152464     0.2262      7.085   310.2472 6.1826e+02     1.3676      0.783      1.135    13.8964 0.0000e+00
      0.816      0.080     9.2642     89.632     34.906  27.133395     0.2520      7.083   310.3481 5.3823e+02     1.2492      0.799      1.159    13.8898 0.0000e+00
      0.836      0.085     9.2522     89.505     34.908  27.131545     0.2712      7.082   310.5062 5.1754e+02     1.1895      0.819      1.187    13.8829 0.0000e+00
      0.859      0.089     9.2469     89.445     34.911  27.130085     0.2738      7.082   310.7822 5.2596e+02     1.1954      0.842      1.220    13.8774 0.0000e+00
      0.886      0.090     9.2448     89.416     34.896  27.115745     0.2660      7.081   311.0184 4.6614e+02     1.2286      0.868      1.260    13.8705 0.0000e+00
      0.912      0.089     9.2418     89.379     34.860  27.085151     0.2680      7.080   311.1252 4.0476e+02     1.2862      0.895      1.298    13.8624 0.0000e+00
      0.935      0.088     9.2405     89.360     34.853  27.077660     0.2803      7.079   311.2125 3.6001e+02     1.3127      0.917      1.331    13.8571 0.0000e+00
      0.955      0.085     9.2396     89.347     34.869  27.088669     0.2762      7.077   311.3855 3.6021e+02     1.2736      0.937      1.359    13.8538 0.0000e+00
      0.975      0.081     9.2371     89.323     34.873  27.091259     0.2648      7.075   311.5827 3.7351e+02     1.2402      0.956      1.386    13.8492 0.0000e+00
      0.995      0.080     9.2368     89.323     34.894  27.108982     0.2708      7.073   311.7035 3.3975e+02     1.2449      0.976      1.415    13.8445 0.0000e+00
      1.015      0.081     9.2394     89.352     34.897  27.112454     0.2853      7.073   311.7282 3.1497e+02     1.2396      0.995      1.443    13.8414 0.0000e+00
      1.035      0.085     9.2429     89.382     34.844  27.069739     0.2829      7.073   311.7944 3.1592e+02     1.2069      1.015      1.472    13.8397 0.0000e+00
      1.055      0.091     9.2463     89.406     34.806  27.036995     0.2696      7.072   311.9880 3.2337e+02     1.1845      1.034      1.500    13.8392 0.0000e+00
      1.078      0.099     9.2493     89.422     34.808  27.034033     0.2628      7.069   312.1764 3.3935e+02     1.2126      1.054      1.529    13.8416 0.0000e+00
      1.104      0.105     9.2495     89.406     34.816  27.033919     0.2651      7.065   312.2654 3.7667e+02     1.2411      1.082      1.569    13.8449 0.0000e+00
      1.133      0.109     9.2460     89.355     34.826  27.035611     0.2696      7.062   312.2893 4.3155e+02     1.2248      1.110      1.609    13.8423 0.0000e+00
      1.165      0.109     9.2424     89.305     34.857  27.054491     0.2618      7.061   312.2941 4.3045e+02     1.1984      1.140      1.654    13.8370 0.0000e+00
      1.198      0.107     9.2396     89.268     34.883  27.071695     0.2533      7.060   312.4089 3.6901e+02     1.1969      1.178      1.707    13.8310 0.0000e+00
      1.226      0.102     9.2363     89.228     34.863  27.053129     0.2590      7.059   312.6449 3.7431e+02     1.2060      1.206      1.749    13.8214 0.0000e+00
      1.246      0.097     9.2344     89.200     34.826  27.020498     0.2669      7.058   312.8247 4.1031e+02     1.2176      1.222      1.772    13.8112 0.0000e+00
      1.266      0.091     9.2337     89.182     34.798  26.994637     0.2742      7.057   312.9473 3.8275e+02     1.2155      1.241      1.798    13.8033 0.0000e+00
      1.290      0.086     9.2344     89.180     34.801  26.994418     0.2923      7.057   313.0951 3.5792e+02     1.1798      1.265      1.835    13.7993 0.0000e+00
      1.314      0.082     9.2377     89.205     34.835  27.017857     0.3201      7.057   313.1496 3.5343e+02     1.1827      1.290      1.871    13.7966 0.0000e+00
      1.336      0.079     9.2398     89.218     34.847  27.024039     0.3356      7.058   313.0037 3.4247e+02     1.2207      1.311      1.901    13.7899 0.0000e+00
      1.355      0.076     9.2412     89.222     34.827  27.005661     0.3414      7.060   312.8801 3.2005e+02     1.2112      1.329      1.927    13.7838 0.0000e+00
      1.372      0.072     9.2446     89.247     34.805  26.986139     0.3434      7.061   312.9455 2.9699e+02     1.1897      1.346      1.952    13.7806 0.0000e+00
      1.388      0.070     9.2466     89.262     34.797  26.978489     0.3333      7.062   313.0205 2.9462e+02     1.2050      1.361      1.975    13.7767 0.0000e+00
      1.406      0.070     9.2441     89.238     34.795  26.976662     0.3292      7.063   313.0123 2.9514e+02     1.2432      1.378      1.999    13.7726 0.0000e+00
      1.424      0.071     9.2383     89.183     34.778  26.964049     0.3313      7.063   313.0181 2.9622e+02     1.2554      1.396      2.025    13.7684 0.0000e+00
      1.442      0.071     9.2293     89.094     34.765  26.952976     0.3213      7.063   313.0916 3.1689e+02     1.2307      1.414      2.051    13.7637 0.0000e+00
      1.461      0.070     9.2188     88.989     34.788  26.969777     0.3184      7.064   313.2120 3.4520e+02     1.2500      1.432      2.078    13.7607 0.0000e+00
      1.480      0.069     9.2106     88.909     34.798  26.976694     0.3332      7.065   313.3556 3.5577e+02     1.3058      1.452      2.105    13.7623 0.0000e+00
      1.498      0.069     9.2071     88.876     34.793  26.973107     0.3447      7.065   313.5370 3.6047e+02     1.2947      1.471      2.132    13.7638 0.0000e+00
      1.514      0.069     9.2080     88.886     34.814  26.989904     0.3461      7.066   313.6849 3.8780e+02     1.2380      1.485      2.153    13.7616 0.0000e+00
      1.530      0.068     9.2130     88.934     34.814  26.989297     0.3406      7.066   313.6813 4.2497e+02     1.2301      1.499      2.174    13.7601 0.0000e+00
      1.547      0.068     9.2203     89.002     34.784  26.965775     0.3343      7.066   313.5785 4.4190e+02     1.2600      1.517      2.200    13.7595 0.0000e+00
      1.566      0.068     9.2233     89.027     34.777  26.959481     0.3340      7.065   313.5605 4.0357e+02     1.2645      1.536      2.227    13.7593 0.0000e+00
      1.583      0.069     9.2184     88.978     34.800  26.976694     0.3368      7.065   313.7218 3.4687e+02     1.2538      1.554      2.254    13.7604 0.0000e+00
      1.599      0.069     9.2114     88.911     34.809  26.983403     0.3508      7.066   313.8945 3.2416e+02     1.2823      1.568      2.275    13.7604 0.0000e+00
      1.616      0.069     9.2074     88.873     34.800  26.977094     0.3827      7.067   313.9275 3.1805e+02     1.3352      1.583      2.297    13.7583 0.0000e+00
      1.636      0.068     9.2084     88.883     34.783  26.963911     0.4100      7.067   313.9488 3.1952e+02     1.4052      1.605      2.327    13.7565 0.0000e+00
      1.654      0.068     9.2204     88.998     34.767  26.951002     0.4146      7.068   313.9800 3.1827e+02     1.4575      1.622      2.353    13.7558 0.0000e+00
      1.670      0.068     9.2427     89.211     34.764  26.948002     0.4199      7.069   313.9603 3.1164e+02     1.3880      1.637      2.375    13.7562 0.0000e+00
      1.687      0.068     9.2724     89.493     34.740  26.927642     0.4462      7.070   313.9691 3.1015e+02     1.2967      1.655      2.399    13.7568 0.0000e+00
      1.704      0.069     9.3107     89.854     34.702  26.895317     0.4657      7.070   313.9999 3.4137e+02     1.2996      1.671      2.425    13.7568 0.0000e+00
      1.721      0.072     9.3495     90.219     34.680  26.874651     0.4720      7.070   314.0753 3.6332e+02     1.3006      1.688      2.449    13.7565 0.0000e+00
      1.738      0.074     9.3806     90.512     34.675  26.868250     0.4761      7.071   314.1922 3.2719e+02     1.2790      1.704      2.471    13.7558 0.0000e+00
      1.758      0.075     9.4060     90.750     34.695  26.881411     0.4696      7.071   314.2951 3.2215e+02     1.2821      1.723      2.499    13.7535 0.0000e+00
      1.781      0.075     9.4314     90.985     34.731  26.906789     0.4671      7.072   314.3729 3.3294e+02     1.2770      1.747      2.534    13.7486 0.0000e+00
      1.801      0.075     9.4611     91.260     34.755  26.921106     0.4739      7.073   314.4443 2.9766e+02     1.2483      1.768      2.564    13.7437 0.0000e+00
      1.819      0.074     9.5003     91.626     34.770  26.927508     0.4692      7.073   314.5563 3.0459e+02     1.2704      1.784      2.588    13.7403 0.0000e+00
      1.837      0.073     9.5557     92.146     34.767  26.920696     0.4558      7.074   314.6085 3.3923e+02     1.3609      1.801      2.613    13.7371 0.0000e+00
      1.855      0.072     9.6253     92.803     34.749  26.902236     0.4499      7.075   314.6460 3.3119e+02     1.4271      1.819      2.638    13.7324 0.0000e+00
      1.872      0.072     9.7000     93.508     34.746  26.894786     0.4537      7.077   314.8373 3.2130e+02     1.4297      1.836      2.663    13.7263 0.0000e+00
      1.891      0.071     9.7709     94.179     34.750  26.894113     0.4645      7.078   314.9428 3.2550e+02     1.3621      1.854      2.690    13.7192 0.0000e+00
      1.911      0.069     9.8274     94.716     34.753  26.894094     0.4702      7.078   314.8033 3.2597e+02     1.2501      1.874      2.718    13.7129 0.0000e+00
      1.930      0.066     9.8615     95.040     34.756  26.894557     0.4679      7.079   314.7847 3.2352e+02     1.2059      1.893      2.745    13.7063 0.0000e+00
      1.946      0.064     9.8716     95.133     34.765  26.899699     0.4643      7.081   314.9764 3.1554e+02     1.2243      1.910      2.770    13.6979 0.0000e+00
      1.961      0.062     9.8597     95.010     34.760  26.892771     0.4537      7.081   315.1422 2.9207e+02     1.2278      1.925      2.791    13.6915 0.0000e+00
      1.975      0.061     9.8296     94.705     34.742  26.874290     0.4505      7.080   315.2402 2.7408e+02     1.2483      1.936      2.807    13.6887 0.0000e+00
      1.989      0.061     9.7854     94.259     34.741  26.866727     0.4615      7.079   315.3006 2.8001e+02     1.2581      1.949      2.827    13.6872 0.0000e+00
      2.004      0.062     9.7333     93.734     34.748  26.864815     0.4685      7.079   315.3565 2.9233e+02     1.2240      1.965      2.850    13.6849 0.0000e+00
      2.020      0.064     9.6803     93.197     34.743  26.851170     0.4704      7.079   315.3990 3.0267e+02     1.2333      1.981      2.874    13.6824 0.0000e+00
      2.038      0.065     9.6332     92.707     34.730  26.828724     0.4840      7.079   315.3849 3.1849e+02     1.2788      1.998      2.898    13.6744 0.0000e+00
      2.055      0.064     9.5930     92.284     34.770  26.847397     0.5132      7.079   315.3582 3.1298e+02     1.2555      2.015      2.923    13.6632 0.0000e+00
      2.073      0.063     9.5581     91.930     34.828  26.886430     0.5298      7.079   315.4202 2.8184e+02     1.1960      2.033      2.949    13.6546 0.0000e+00
      2.089      0.064     9.5282     91.646     34.788  26.856195     0.5278      7.077   315.5331 2.7047e+02     1.2001      2.049      2.971    13.6420 0.0000e+00
      2.104      0.064     9.5041     91.416     34.713  26.799314     0.5266      7.072   315.6040 2.7548e+02     1.2439      2.064      2.993    13.6219 0.0000e+00
      2.116      0.063     9.4863     91.231     34.681  26.770151     0.5244      7.067   315.6752 2.6995e+02     1.2674      2.073      3.007    13.6013 0.0000e+00
      2.133      0.063     9.4726     91.076     34.675  26.757564     0.5287      7.065   315.7911 2.5431e+02     1.2707      2.087      3.028    13.5898 0.0000e+00
      2.154      0.064     9.4612     90.945     34.706  26.774104     0.5413      7.064   315.9728 2.6996e+02     1.2532      2.116      3.069    13.5969 0.0000e+00
      2.171      0.066     9.4536     90.849     34.724  26.779646     0.5397      7.062   316.0654 2.9768e+02     1.2391      2.131      3.091    13.6038 0.0000e+00
      2.183      0.067     9.4531     90.816     34.713  26.761057     0.5276      7.062   315.9649 2.8540e+02     1.2527      2.138      3.101    13.5915 0.0000e+00
      2.198      0.066     9.4590     90.841     34.699  26.739830     0.5234      7.063   315.8766 2.6284e+02     1.2659      2.154      3.124    13.5792 0.0000e+00
      2.218      0.065     9.4692     90.911     34.677  26.713467     0.5259      7.064   315.9436 2.5204e+02     1.2764      2.174      3.153    13.5698 0.0000e+00
      2.239      0.066     9.4852     91.042     34.665  26.696280     0.5304      7.066   316.0005 2.5524e+02     1.3180      2.197      3.188    13.5582 0.0000e+00
      2.254      0.069     9.5059     91.213     34.629  26.659008     0.5313      7.066   315.9629 2.7038e+02     1.3723      2.213      3.210    13.5443 0.0000e+00
      2.267      0.071     9.5318     91.389     34.559  26.580277     0.5283      7.066   316.0914 2.7086e+02     1.4139      2.220      3.221    13.5268 0.0000e+00
      2.283      0.074     9.5653     91.559     34.529  26.506268     0.5298      7.067   316.2632 2.5174e+02     1.4555      2.237      3.245    13.5140 0.0000e+00
      2.303      0.078     9.5996     91.700     34.555  26.462567     0.5315      7.068   316.2331 2.4787e+02     1.4787      2.258      3.276    13.5006 0.0000e+00
      2.326      0.083     9.6254     91.800     34.581  26.432786     0.5304      7.069   316.1575 2.4750e+02     1.4808      2.280      3.307    13.4962 0.0000e+00
      2.349      0.087     9.6459     91.900     34.580  26.400107     0.5254      7.071   316.1242 2.3494e+02     1.4812      2.303      3.341    13.4719 0.0000e+00
      2.373      0.088     9.6801     92.118     34.524  26.321393     0.5084      7.075   316.0883 2.3822e+02     1.4831      2.327      3.375    13.3868 0.0000e+00
