Data/DataNotYetUploadedToEDI/Raw_CTD/RawDownloads/043018_fcr50(2).cnv
* Sea-Bird SBE19plus  Data File:
* FileName = C:\DATA\043018_fcr_0012.hex
* Software version 2.6.3.104 SB_Terminal.dll
* Temperature SN = 7809
* Conductivity SN = 7809
* System UpLoad Time = May 01 2018 12:01:24
* <ApplicationData>
* <Seaterm232>
# nquan = 15
# nvalues = 569                         
# units = specified
# name 0 = depFM: Depth [fresh water, m]
# name 1 = dz/dtM: Descent Rate [m/s]
# name 2 = sbeox0Mg/L: Oxygen, SBE 43 [mg/l]
# name 3 = sbeox0PS: Oxygen, SBE 43 [% saturation]
# name 4 = specc: Specific Conductance [uS/cm]
# name 5 = c0uS/cm: Conductivity [uS/cm]
# name 6 = flECO-AFL: Fluorescence, WET Labs ECO-AFL/FL [mg/m^3]
# name 7 = ph: pH
# name 8 = orp: Oxidation Reduction Potential [mV]
# name 9 = par/sat/log: PAR/Logarithmic, Satlantic
# name 10 = turbWETntu0: Turbidity, WET Labs ECO [NTU]
# name 11 = prdM: Pressure, Strain Gauge [db]
# name 12 = prdE: Pressure, Strain Gauge [psi]
# name 13 = tv290C: Temperature [ITS-90, deg C]
# name 14 = flag:  0.000e+00
# span 0 =     -0.554,      9.784       
# span 1 =     -0.114,      0.383       
# span 2 =     6.8043,    10.3484       
# span 3 =     67.962,    103.630       
# span 4 =      0.568,     38.448       
# span 5 =   0.444964,  28.318162       
# span 6 =    -1.7748,     7.7576       
# span 7 =      6.640,      8.210       
# span 8 =  -246.9769,   616.5719       
# span 9 = 1.2560e-01, 1.9804e+03       
# span 10 =    -2.4771,     1.9931      
# span 11 =     -0.545,      9.595      
# span 12 =     -0.790,     13.917      
# span 13 =     8.1696,    15.6014      
# span 14 = 0.0000e+00, 0.0000e+00      
# interval = seconds: 0.25
# start_time = Apr 30 2018 21:04:05 [Instrument's time stamp, header]
# bad_flag = -9.990e-29
*END*
     -0.554 6.4628e-17    10.0145     97.468      0.597   0.467564    -0.1909      7.259   616.5719 1.3327e+03    -0.1708     -0.543     -0.788    14.1292 0.0000e+00
     -0.554 7.0996e-16    10.0146     97.470      0.612   0.479197    -0.1889      7.418   577.2373 1.2100e+03    -0.1912     -0.543     -0.787    14.1307 0.0000e+00
     -0.554 7.8095e-15    10.0136     97.462      0.599   0.468812    -0.1952      7.562   558.2247 1.2709e+03    -0.1851     -0.543     -0.787    14.1340 0.0000e+00
     -0.554 8.5905e-14    10.0151     97.480      0.599   0.468813    -0.2478      7.686   553.4365 1.2689e+03    -0.1890     -0.543     -0.787    14.1366 0.0000e+00
     -0.554 9.4495e-13    10.0177     97.508      0.613   0.479209    -0.3385      7.790   552.8995 1.0870e+03    -0.2075     -0.543     -0.788    14.1368 0.0000e+00
     -0.554 1.0394e-11    10.0160     97.493      0.598   0.467689    -0.3920      7.865   560.7665 9.1656e+02    -0.1950     -0.543     -0.788    14.1373 0.0000e+00
     -0.554 1.1434e-10    10.0130     97.466      0.583   0.456349    -0.3893      7.910   573.9591 8.1926e+02    -0.1605     -0.543     -0.788    14.1390 0.0000e+00
     -0.554 1.2577e-09    10.0120     97.459      0.599   0.468925    -0.3422      7.947   567.4332 6.7171e+02    -0.1265     -0.543     -0.788    14.1403 0.0000e+00
     -0.554 1.3835e-08    10.0133     97.474      0.629   0.492921    -0.2622      8.002   544.5855 5.6577e+02    -0.0585     -0.544     -0.788    14.1410 0.0000e+00
     -0.554 1.5219e-07    10.0167     97.508      0.629   0.492836    -0.2134      8.065   534.0591 6.8853e+02    -0.0085     -0.543     -0.787    14.1420 0.0000e+00
     -0.554      0.000    10.0172     97.517      0.598   0.467891    -0.2117      8.113   528.9526 7.5058e+02    -0.0408     -0.543     -0.787    14.1430 0.0000e+00
     -0.554      0.000    10.0145     97.493      0.568   0.444964    -0.2143      8.164   507.4503 5.7758e+02    -0.1749     -0.544     -0.789    14.1443 0.0000e+00
     -0.554      0.000    10.0122     97.473      0.599   0.469279    -0.2079      8.210   463.7925 5.8555e+02    -0.3176     -0.543     -0.788    14.1447 0.0000e+00
     -0.554      0.002    10.0105     97.460      1.134   0.888710    -0.2079      8.091   117.6732 9.5320e+02    -0.3930     -0.543     -0.787    14.1466 0.0000e+00
     -0.554      0.015    10.0071     97.456      7.033   5.516267    -0.2417      7.705  -246.9769 1.2480e+03    -0.5060     -0.543     -0.788    14.1468 0.0000e+00
     -0.554      0.050     9.9856     97.441     20.432  16.072214    -0.6444      7.407   -16.6089 1.2294e+03    -1.0745     -0.544     -0.789    14.1509 0.0000e+00
     -0.553      0.111     9.9302     97.405     31.657  25.032035    -1.3831      7.512   285.8054 1.2127e+03    -2.0175     -0.543     -0.787    14.1481 0.0000e+00
     -0.545      0.187     9.8606     97.398     35.055  27.918540    -1.7748      7.741   314.2263 1.4632e+03    -2.4771     -0.545     -0.790    14.1548 0.0000e+00
     -0.503      0.265     9.8082     97.463     35.146  28.181949    -1.7683      7.832   317.5615 1.7147e+03    -2.4208     -0.520     -0.754    14.1452 0.0000e+00
     -0.404      0.331     9.7848     97.619     35.028  28.217123    -1.2771      7.816   318.7318 1.6776e+03    -1.4585     -0.411     -0.597    14.1829 0.0000e+00
     -0.269      0.373     9.7916     97.906     34.937  28.216973    -0.3569      7.747   319.7715 1.6004e+03     0.3693     -0.259     -0.376    14.4594 0.0000e+00
     -0.138      0.383     9.8269     98.367     34.847  28.180221     0.1488      7.657   320.3245 1.4939e+03     1.3681     -0.127     -0.184    14.8400 0.0000e+00
     -0.028      0.356     9.8844     99.000     34.792  28.153787     0.1963      7.563   320.5145 1.1570e+03     1.4619     -0.021     -0.030    15.1249 0.0000e+00
      0.058      0.302     9.9587     99.774     34.777  28.151383     0.1996      7.473   320.7772 9.3586e+02     1.4728      0.065      0.093    15.3035 0.0000e+00
      0.119      0.242    10.0421    100.618     34.773  28.151172     0.2061      7.384   321.0058 8.7040e+02     1.4079      0.127      0.182    15.3964 0.0000e+00
      0.159      0.191    10.1214    101.412     34.773  28.151246     0.2208      7.301   321.2129 7.6177e+02     1.3189      0.160      0.233    15.4382 0.0000e+00
      0.189      0.151    10.1923    102.120     34.775  28.152271     0.2397      7.237   321.4745 8.2711e+02     1.2814      0.183      0.265    15.4601 0.0000e+00
      0.220      0.118    10.2576    102.767     34.792  28.163565     0.2593      7.190   321.6736 9.6956e+02     1.2903      0.214      0.310    15.4753 0.0000e+00
      0.254      0.091    10.3141    103.315     34.795  28.160799     0.2835      7.152   321.8996 8.1802e+02     1.3654      0.251      0.364    15.4771 0.0000e+00
      0.283      0.069    10.3484    103.630     34.754  28.118817     0.3110      7.120   322.1425 6.7664e+02     1.4569      0.283      0.411    15.4742 0.0000e+00
      0.297      0.049    10.3370    103.494     34.740  28.100460     0.3254      7.091   322.2020 7.6196e+02     1.4815      0.296      0.430    15.4740 0.0000e+00
      0.298      0.031    10.2605    102.720     34.779  28.129333     0.3294      7.067   322.1029 7.5448e+02     1.4798      0.293      0.426    15.4733 0.0000e+00
      0.295      0.016    10.1134    101.250     34.804  28.150422     0.3218      7.051   321.9766 7.1233e+02     1.4366      0.288      0.418    15.4642 0.0000e+00
      0.295      0.007     9.9060     99.187     34.817  28.164934     0.3068      7.042   321.8786 7.1266e+02     1.3558      0.288      0.417    15.4487 0.0000e+00
      0.297      0.005     9.6648     96.793     34.824  28.177799     0.3050      7.042   321.8642 6.3999e+02     1.3260      0.293      0.424    15.4368 0.0000e+00
      0.299      0.007     9.4171     94.331     34.818  28.178989     0.3105      7.047   321.8889 5.7421e+02     1.3210      0.294      0.425    15.4340 0.0000e+00
      0.301      0.008     9.1842     92.008     34.814  28.179334     0.3083      7.051   322.0056 5.7895e+02     1.2954      0.295      0.427    15.4354 0.0000e+00
      0.304      0.006     8.9828     89.997     34.814  28.181967     0.3050      7.053   322.2427 5.7345e+02     1.2603      0.299      0.434    15.4406 0.0000e+00
      0.307      0.001     8.8193     88.366     34.847  28.210831     0.3173      7.055   322.3462 5.0836e+02     1.2623      0.302      0.438    15.4543 0.0000e+00
      0.308     -0.003     8.6911     87.087     34.923  28.274329     0.3369      7.058   322.1387 6.2968e+02     1.3205      0.303      0.439    15.4650 0.0000e+00
      0.308     -0.003     8.5978     86.149     34.974  28.314718     0.3594      7.064   321.9712 9.0925e+02     1.3535      0.303      0.440    15.4679 0.0000e+00
      0.303     -0.002     8.5322     85.480     34.984  28.318162     0.3860      7.070   322.1270 9.0869e+02     1.3259      0.299      0.434    15.4711 0.0000e+00
      0.296     -0.002     8.4795     84.935     34.990  28.315969     0.3921      7.075   322.3022 7.0299e+02     1.2923      0.287      0.416    15.4750 0.0000e+00
      0.296     -0.003     8.4353     84.475     34.963  28.288184     0.3866      7.080   322.4548 6.2692e+02     1.2821      0.284      0.413    15.4790 0.0000e+00
      0.304     -0.004     8.3965     84.072     34.905  28.236222     0.3939      7.084   322.6813 7.7582e+02     1.2946      0.301      0.437    15.4783 0.0000e+00
      0.309     -0.004     8.3593     83.679     34.866  28.195700     0.3790      7.089   322.8895 8.5172e+02     1.2901      0.309      0.449    15.4702 0.0000e+00
      0.304     -0.002     8.3273     83.325     34.861  28.179224     0.3359      7.092   322.8219 7.4685e+02     1.2583      0.299      0.434    15.4591 0.0000e+00
      0.294     -0.002     8.3019     83.036     34.859  28.163986     0.3139      7.093   322.3793 7.6197e+02     1.2461      0.284      0.412    15.4498 0.0000e+00
      0.290     -0.003     8.2765     82.755     34.841  28.138448     0.3154      7.095   322.0982 7.5852e+02     1.2343      0.281      0.407    15.4453 0.0000e+00
      0.295     -0.003     8.2463     82.433     34.833  28.124427     0.3160      7.097   322.1762 6.9354e+02     1.2368      0.288      0.419    15.4346 0.0000e+00
      0.301      0.001     8.2136     82.095     34.835  28.121449     0.3128      7.100   322.3772 9.7818e+02     1.2766      0.297      0.431    15.4130 0.0000e+00
      0.301      0.005     8.1835     81.787     34.814  28.102442     0.3138      7.102   322.6348 1.2996e+03     1.3188      0.297      0.431    15.3920 0.0000e+00
      0.298      0.006     8.1613     81.563     34.794  28.085114     0.3188      7.103   322.7108 1.0809e+03     1.3202      0.291      0.423    15.3758 0.0000e+00
      0.296      0.005     8.1521     81.473     34.815  28.102431     0.3173      7.104   322.6078 9.2984e+02     1.2941      0.289      0.419    15.3649 0.0000e+00
      0.298      0.005     8.1558     81.513     34.837  28.121323     0.3144      7.107   322.5938 1.0657e+03     1.3085      0.292      0.424    15.3591 0.0000e+00
      0.303      0.006     8.1669     81.632     34.835  28.123040     0.3112      7.109   322.6273 9.4640e+02     1.3108      0.298      0.432    15.3555 0.0000e+00
      0.307      0.006     8.1854     81.826     34.830  28.123195     0.3153      7.112   322.6685 7.3167e+02     1.2913      0.302      0.437    15.3543 0.0000e+00
      0.309      0.005     8.2181     82.161     34.826  28.123210     0.3263      7.116   322.7474 6.8282e+02     1.2871      0.303      0.439    15.3554 0.0000e+00
      0.309      0.003     8.2679     82.666     34.823  28.123212     0.3260      7.119   322.8074 7.4756e+02     1.2597      0.303      0.439    15.3572 0.0000e+00
      0.309      0.001     8.3261     83.254     34.820  28.123222     0.3215      7.122   322.8771 6.8887e+02     1.2352      0.303      0.439    15.3615 0.0000e+00
      0.308     -0.001     8.3824     83.822     34.818  28.123335     0.3174      7.125   322.9886 4.9996e+02     1.2644      0.302      0.437    15.3679 0.0000e+00
      0.307     -0.001     8.4317     84.319     34.818  28.124585     0.3216      7.127   323.0365 4.8316e+02     1.3070      0.301      0.436    15.3729 0.0000e+00
      0.307      0.000     8.4751     84.754     34.834  28.138334     0.3360      7.130   323.0264 6.1334e+02     1.2930      0.300      0.435    15.3765 0.0000e+00
      0.307      0.001     8.5140     85.144     34.864  28.162578     0.3359      7.133   323.0387 6.7828e+02     1.2786      0.301      0.436    15.3795 0.0000e+00
      0.308      0.001     8.5444     85.447     34.866  28.163708     0.3203      7.136   323.0983 7.7403e+02     1.2860      0.302      0.438    15.3822 0.0000e+00
      0.309      0.001     8.5630     85.632     34.852  28.152007     0.3118      7.140   323.3173 8.9057e+02     1.2599      0.303      0.439    15.3849 0.0000e+00
      0.309      0.000     8.5701     85.702     34.847  28.148096     0.3166      7.142   323.6218 9.5166e+02     1.2687      0.303      0.439    15.3865 0.0000e+00
      0.309     -0.001     8.5682     85.681     34.808  28.116418     0.3234      7.143   323.7685 9.5653e+02     1.3312      0.303      0.439    15.3863 0.0000e+00
      0.308     -0.001     8.5589     85.586     34.773  28.086496     0.3197      7.145   323.8009 9.5588e+02     1.3430      0.302      0.438    15.3858 0.0000e+00
      0.307     -0.000     8.5388     85.381     34.796  28.103813     0.3083      7.147   323.8407 1.0573e+03     1.2897      0.301      0.436    15.3852 0.0000e+00
      0.306      0.000     8.5058     85.047     34.837  28.135301     0.3234      7.151   323.9059 1.0110e+03     1.2062      0.299      0.434    15.3841 0.0000e+00
      0.307      0.001     8.4643     84.627     34.857  28.149708     0.3646      7.155   323.8999 8.3122e+02     1.1264      0.301      0.436    15.3832 0.0000e+00
      0.309      0.002     8.4201     84.181     34.861  28.151002     0.3832      7.159   323.8551 6.9965e+02     1.0882      0.303      0.439    15.3821 0.0000e+00
      0.309      0.003     8.3778     83.753     34.863  28.150940     0.3744      7.161   323.9658 6.2564e+02     1.0789      0.303      0.440    15.3804 0.0000e+00
      0.309      0.004     8.3408     83.379     34.862  28.148957     0.3679      7.163   324.0338 6.4124e+02     1.1363      0.304      0.440    15.3779 0.0000e+00
      0.310      0.004     8.3110     83.077     34.837  28.127023     0.3787      7.163   323.9029 7.5325e+02     1.2336      0.303      0.439    15.3749 0.0000e+00
      0.311      0.004     8.2910     82.873     34.777  28.076239     0.3862      7.163   323.7603 8.2485e+02     1.2484      0.305      0.442    15.3725 0.0000e+00
      0.313      0.003     8.2777     82.737     34.737  28.042928     0.3752      7.163   323.6867 7.1071e+02     1.2229      0.308      0.446    15.3701 0.0000e+00
      0.315      0.001     8.2652     82.611     34.737  28.041758     0.3749      7.166   323.7004 6.2516e+02     1.2003      0.309      0.449    15.3675 0.0000e+00
      0.316     -0.002     8.2555     82.512     34.762  28.062093     0.3826      7.169   323.8409 5.8450e+02     1.1582      0.311      0.451    15.3653 0.0000e+00
      0.314     -0.006     8.2471     82.426     34.808  28.098304     0.3764      7.165   324.0087 4.4810e+02     1.1417      0.308      0.446    15.3631 0.0000e+00
      0.311     -0.008     8.2371     82.320     34.811  28.098578     0.3724      7.153   324.0944 3.7580e+02     1.1226      0.305      0.443    15.3608 0.0000e+00
      0.308     -0.008     8.2249     82.190     34.775  28.065403     0.3807      7.143   324.1030 3.7935e+02     1.1409      0.303      0.440    15.3600 0.0000e+00
      0.305     -0.007     8.2083     82.015     34.795  28.078180     0.3938      7.141   324.0266 3.2461e+02     1.2413      0.298      0.432    15.3591 0.0000e+00
      0.302     -0.004     8.1850     81.776     34.857  28.126056     0.4022      7.144   323.9445 4.0771e+02     1.2986      0.296      0.429    15.3588 0.0000e+00
      0.301      0.000     8.1536     81.461     34.870  28.136267     0.3996      7.149   323.7987 6.4501e+02     1.2836      0.295      0.427    15.3563 0.0000e+00
      0.303      0.002     8.1120     81.041     34.874  28.138141     0.3900      7.151   323.6401 8.4849e+02     1.2739      0.297      0.431    15.3493 0.0000e+00
      0.306      0.004     8.0609     80.518     34.894  28.148713     0.3691      7.154   323.7482 8.9396e+02     1.3038      0.300      0.435    15.3442 0.0000e+00
      0.308      0.004     8.0024     79.917     34.888  28.137090     0.3489      7.161   323.9009 6.9145e+02     1.3402      0.302      0.438    15.3402 0.0000e+00
      0.309      0.003     7.9387     79.267     34.880  28.124590     0.3382      7.169   323.8517 6.5884e+02     1.3162      0.304      0.440    15.3411 0.0000e+00
      0.308      0.002     7.8753     78.624     34.885  28.124574     0.3232      7.176   323.8422 7.7527e+02     1.2884      0.303      0.438    15.3410 0.0000e+00
      0.308      0.002     7.8156     78.022     34.903  28.136895     0.3142      7.183   323.9578 6.7423e+02     1.3099      0.302      0.438    15.3307 0.0000e+00
      0.308      0.002     7.7615     77.478     34.918  28.146557     0.3132      7.188   323.7003 6.8279e+02     1.3014      0.301      0.437    15.3204 0.0000e+00
      0.309      0.001     7.7170     77.030     34.880  28.114401     0.3112      7.194   323.2239 8.4845e+02     1.3072      0.302      0.438    15.3126 0.0000e+00
      0.310      0.000     7.6839     76.695     34.821  28.065595     0.3165      7.199   323.2742 8.4929e+02     1.3492      0.304      0.442    15.3063 0.0000e+00
      0.312     -0.002     7.6598     76.450     34.822  28.064440     0.3220      7.201   323.5352 8.5841e+02     1.3518      0.306      0.445    15.3029 0.0000e+00
