Data/DataNotYetUploadedToEDI/Raw_CTD/RawDownloads/043018_fcr50.cnv
* Sea-Bird SBE19plus  Data File:
* FileName = C:\DATA\043018_fcr_0007.hex
* Software version 2.6.3.104 SB_Terminal.dll
* Temperature SN = 7809
* Conductivity SN = 7809
* System UpLoad Time = May 01 2018 11:59:12
* <ApplicationData>
* <Seaterm232>
# nquan = 15
# nvalues = 971                         
# units = specified
# name 0 = depFM: Depth [fresh water, m]
# name 1 = dz/dtM: Descent Rate [m/s]
# name 2 = sbeox0Mg/L: Oxygen, SBE 43 [mg/l]
# name 3 = sbeox0PS: Oxygen, SBE 43 [% saturation]
# name 4 = specc: Specific Conductance [uS/cm]
# name 5 = c0uS/cm: Conductivity [uS/cm]
# name 6 = flECO-AFL: Fluorescence, WET Labs ECO-AFL/FL [mg/m^3]
# name 7 = ph: pH
# name 8 = orp: Oxidation Reduction Potential [mV]
# name 9 = par/sat/log: PAR/Logarithmic, Satlantic
# name 10 = turbWETntu0: Turbidity, WET Labs ECO [NTU]
# name 11 = prdM: Pressure, Strain Gauge [db]
# name 12 = prdE: Pressure, Strain Gauge [psi]
# name 13 = tv290C: Temperature [ITS-90, deg C]
# name 14 = flag:  0.000e+00
# span 0 =     -0.505,      9.786       
# span 1 =     -0.118,      4.628       
# span 2 =     6.3448,    10.3520       
# span 3 =     61.762,    100.786       
# span 4 =      0.373,     38.569       
# span 5 =   0.288892,  27.836904       
# span 6 =    -0.6159,     7.4588       
# span 7 =     -2.419,     10.852       
# span 8 =  -819.3642,  1240.2295       
# span 9 = 3.0785e-01, 2.8919e+03       
# span 10 =    -0.5702,   113.1106      
# span 11 =     -0.496,      9.597      
# span 12 =     -0.719,     13.919      
# span 13 =     8.1341,    14.2246      
# span 14 = 0.0000e+00, 0.0000e+00      
# interval = seconds: 0.25
# start_time = Apr 30 2018 14:39:40 [Instrument's time stamp, header]
# bad_flag = -9.990e-29
*END*
[from data line 675]
      5.060      0.062     8.7528     74.343     38.336  25.484812     6.5916      6.770   318.8015 2.7187e+01     1.7137      4.961      7.196     8.2470 0.0000e+00
      5.075      0.062     8.7632     74.420     38.343  25.484796     6.6217      6.768   318.7686 2.6689e+01     1.6752      4.975      7.216     8.2405 0.0000e+00
      5.092      0.062     8.7723     74.484     38.366  25.495110     6.6445      6.766   318.7671 2.6142e+01     1.6926      4.993      7.242     8.2387 0.0000e+00
      5.111      0.062     8.7803     74.541     38.354  25.482525     6.6465      6.764   319.0426 2.5703e+01     1.7414      5.012      7.269     8.2414 0.0000e+00
      5.127      0.062     8.7864     74.586     38.325  25.459619     6.5627      6.761   319.5176 2.5321e+01     1.7464      5.029      7.294     8.2389 0.0000e+00
      5.141      0.061     8.7888     74.600     38.348  25.472117     6.4035      6.759   319.6070 2.4926e+01     1.7223      5.043      7.314     8.2306 0.0000e+00
      5.155      0.061     8.7886     74.592     38.403  25.506655     6.3214      6.758   319.3488 2.4571e+01     1.6939      5.054      7.330     8.2229 0.0000e+00
      5.169      0.062     8.7914     74.611     38.391  25.496246     6.3237      6.756   319.1495 2.4186e+01     1.6775      5.068      7.351     8.2173 0.0000e+00
      5.185      0.063     8.7974     74.656     38.359  25.473243     6.3208      6.754   319.0900 2.3740e+01     1.6774      5.085      7.375     8.2134 0.0000e+00
      5.203      0.064     8.8044     74.715     38.374  25.482506     6.3133      6.753   319.0601 2.3303e+01     1.6923      5.102      7.400     8.2101 0.0000e+00
      5.220      0.065     8.8131     74.793     38.370  25.481257     6.3165      6.751   319.1315 2.2873e+01     1.7043      5.120      7.427     8.2068 0.0000e+00
      5.237      0.067     8.8196     74.851     38.334  25.458141     6.3226      6.749   319.3502 2.2437e+01     1.7014      5.136      7.449     8.2036 0.0000e+00
      5.252      0.068     8.8231     74.877     38.334  25.456986     6.3320      6.746   319.9838 2.2036e+01     1.7186      5.151      7.471     8.2007 0.0000e+00
      5.268      0.070     8.8264     74.898     38.354  25.467291     6.3471      6.743   320.8555 2.1641e+01     1.7290      5.166      7.494     8.1996 0.0000e+00
      5.287      0.072     8.8257     74.885     38.341  25.455748     6.3584      6.740   320.9422 2.1221e+01     1.7045      5.183      7.518     8.2026 0.0000e+00
      5.307      0.074     8.8216     74.842     38.329  25.444403     6.3667      6.738   320.6023 2.0782e+01     1.6980      5.205      7.549     8.2053 0.0000e+00
      5.327      0.074     8.8188     74.814     38.351  25.457100     6.3835      6.737   320.5318 2.0332e+01     1.7107      5.224      7.577     8.2022 0.0000e+00
      5.347      0.072     8.8142     74.773     38.390  25.482289     6.4153      6.735   320.3475 1.9899e+01     1.7053      5.244      7.605     8.1979 0.0000e+00
      5.366      0.069     8.8091     74.728     38.410  25.494987     6.4655      6.733   320.0950 1.9506e+01     1.6942      5.264      7.634     8.1945 0.0000e+00
      5.383      0.064     8.8075     74.712     38.395  25.483633     6.5040      6.732   320.0595 1.9175e+01     1.6983      5.280      7.658     8.1899 0.0000e+00
      5.398      0.059     8.8105     74.733     38.380  25.471995     6.5129      6.730   320.6933 1.8875e+01     1.7253      5.294      7.679     8.1869 0.0000e+00
      5.412      0.056     8.8159     74.776     38.395  25.481259     6.5455      6.728   321.6497 1.8579e+01     1.7451      5.307      7.698     8.1868 0.0000e+00
      5.425      0.054     8.8219     74.825     38.378  25.468656     6.6047      6.728   321.8147 1.8293e+01     1.7237      5.320      7.716     8.1863 0.0000e+00
      5.437      0.054     8.8303     74.898     38.343  25.446599     6.6313      6.728   321.6552 1.8014e+01     1.6809      5.333      7.734     8.1842 0.0000e+00
      5.450      0.054     8.8377     74.968     38.371  25.468541     6.6364      6.727   321.5277 1.7732e+01     1.6854      5.344      7.750     8.1822 0.0000e+00
      5.464      0.054     8.8419     75.015     38.382  25.479989     6.6575      6.725   321.1344 1.7437e+01     1.7160      5.358      7.772     8.1804 0.0000e+00
      5.479      0.053     8.8452     75.051     38.345  25.458027     6.6932      6.724   321.3731 1.7165e+01     1.7162      5.374      7.795     8.1785 0.0000e+00
      5.494      0.050     8.8482     75.078     38.342  25.456975     6.7190      6.722   322.2630 1.6911e+01     1.7172      5.388      7.814     8.1799 0.0000e+00
      5.507      0.046     8.8507     75.097     38.359  25.467279     6.7215      6.720   322.6018 1.6676e+01     1.6982      5.402      7.833     8.1843 0.0000e+00
      5.518      0.041     8.8525     75.108     38.344  25.455624     6.7136      6.719   322.4578 1.6467e+01     1.6688      5.413      7.849     8.1911 0.0000e+00
      5.528      0.037     8.8545     75.117     38.329  25.443029     6.6605      6.718   322.4149 1.6257e+01     1.6673      5.421      7.863     8.1960 0.0000e+00
      5.536      0.034     8.8576     75.137     38.332  25.441988     6.5667      6.716   322.2554 1.6069e+01     1.6808      5.430      7.875     8.1955 0.0000e+00
      5.543      0.031     8.8611     75.165     38.335  25.443029     6.5169      6.715   321.9058 1.5913e+01     1.7401      5.436      7.883     8.1952 0.0000e+00
      5.550      0.029     8.8610     75.173     38.348  25.455613     6.5178      6.715   321.8013 1.5757e+01     1.8047      5.442      7.893     8.1930 0.0000e+00
      5.558      0.029     8.8594     75.172     38.358  25.467156     6.5683      6.715   322.0247 1.5605e+01     1.7909      5.451      7.906     8.1879 0.0000e+00
      5.566      0.032     8.8618     75.194     38.338  25.455611     6.6586      6.713   322.2842 1.5506e+01     1.7264      5.460      7.918     8.1834 0.0000e+00
      5.572      0.039     8.8660     75.219     38.326  25.443018     6.7090      6.712   322.3577 1.5454e+01     1.6651      5.464      7.925     8.1806 0.0000e+00
      5.578      0.049     8.8677     75.217     38.335  25.441875     6.7087      6.712   322.3110 1.5344e+01     1.6599      5.467      7.930     8.1872 0.0000e+00
      5.589      0.060     8.8651     75.181     38.344  25.441781     6.7012      6.710   322.3214 1.5124e+01     1.7553      5.479      7.946     8.1980 0.0000e+00
      5.608      0.073     8.8599     75.126     38.350  25.441876     6.7011      6.706   322.3978 1.4854e+01     1.8723      5.499      7.974     8.1995 0.0000e+00
      5.631      0.086     8.8554     75.081     38.356  25.443020     6.6983      6.702   322.5453 1.4562e+01     1.9143      5.521      8.008     8.1916 0.0000e+00
      5.657      0.099     8.8515     75.043     38.378  25.455614     6.6955      6.696   322.7285 1.4242e+01     1.9271      5.548      8.046     8.1805 0.0000e+00
      5.684      0.108     8.8481     75.011     38.398  25.467150     6.6768      6.690   322.8063 1.3918e+01     1.9361      5.575      8.085     8.1726 0.0000e+00
      5.712      0.110     8.8459     74.991     38.383  25.455512     6.6283      6.684   322.7981 1.3576e+01     1.9311      5.600      8.123     8.1675 0.0000e+00
      5.742      0.106     8.8469     74.998     38.363  25.441888     6.5948      6.679   322.8011 1.3189e+01     1.9278      5.629      8.165     8.1641 0.0000e+00
      5.775      0.096     8.8508     75.031     38.343  25.429408     6.5754      6.677   322.7567 1.2841e+01     1.9263      5.666      8.217     8.1615 0.0000e+00
      5.805      0.084     8.8574     75.088     38.346  25.431603     6.5047      6.676   322.6047 1.2641e+01     1.8833      5.699      8.265     8.1595 0.0000e+00
      5.823      0.069     8.8672     75.172     38.401  25.468430     6.4010      6.675   322.4267 1.2547e+01     1.7735      5.715      8.288     8.1583 0.0000e+00
      5.833      0.056     8.8744     75.234     38.438  25.493721     6.3514      6.675   322.4115 1.2459e+01     1.6973      5.720      8.296     8.1577 0.0000e+00
      5.842      0.047     8.8766     75.252     38.423  25.483417     6.3373      6.674   322.5068 1.2395e+01     1.6945      5.729      8.309     8.1584 0.0000e+00
      5.850      0.045     8.8777     75.259     38.406  25.470833     6.3226      6.673   322.5465 1.2368e+01     1.7090      5.738      8.322     8.1591 0.0000e+00
      5.857      0.049     8.8790     75.269     38.403  25.468553     6.3846      6.672   322.5468 1.2281e+01     1.7201      5.741      8.327     8.1592 0.0000e+00
      5.869      0.055     8.8795     75.272     38.385  25.455856     6.5072      6.672   322.5108 1.2102e+01     1.7068      5.752      8.342     8.1597 0.0000e+00
      5.888      0.061     8.8785     75.262     38.368  25.444292     6.5646      6.671   322.4561 1.1892e+01     1.6701      5.774      8.374     8.1598 0.0000e+00
      5.908      0.065     8.8785     75.262     38.385  25.455731     6.5733      6.671   322.8315 1.1692e+01     1.6734      5.795      8.405     8.1585 0.0000e+00
      5.927      0.069     8.8796     75.272     38.403  25.467180     6.6311      6.670   323.6935 1.1512e+01     1.7169      5.813      8.431     8.1574 0.0000e+00
      5.943      0.071     8.8816     75.289     38.385  25.455731     6.7303      6.670   324.1031 1.1351e+01     1.7379      5.828      8.453     8.1566 0.0000e+00
      5.959      0.071     8.8831     75.303     38.367  25.444283     6.7801      6.669   323.9125 1.1178e+01     1.7136      5.843      8.474     8.1562 0.0000e+00
      5.976      0.071     8.8805     75.283     38.382  25.455750     6.7641      6.669   323.7114 1.0997e+01     1.6672      5.860      8.499     8.1561 0.0000e+00
      5.996      0.072     8.8750     75.241     38.397  25.467398     6.6747      6.670   323.3923 1.0833e+01     1.6649      5.880      8.528     8.1558 0.0000e+00
      6.016      0.073     8.8721     75.221     38.381  25.458133     6.5360      6.670   322.8943 1.0673e+01     1.6864      5.899      8.556     8.1562 0.0000e+00
      6.035      0.073     8.8710     75.211     38.400  25.470706     6.4653      6.669   323.1102 1.0503e+01     1.6822      5.918      8.584     8.1568 0.0000e+00
      6.054      0.073     8.8665     75.171     38.434  25.492433     6.4541      6.667   324.1101 1.0345e+01     1.6754      5.937      8.611     8.1578 0.0000e+00
      6.071      0.074     8.8622     75.132     38.397  25.466857     6.4192      6.667   324.6596 1.0198e+01     1.6652      5.954      8.635     8.1608 0.0000e+00
      6.087      0.074     8.8627     75.134     38.321  25.415444     6.3653      6.666   324.6774 1.0032e+01     1.6811      5.969      8.658     8.1637 0.0000e+00
      6.106      0.074     8.8642     75.145     38.266  25.378740     6.3447      6.664   324.7552 9.8550e+00     1.7150      5.987      8.685     8.1637 0.0000e+00
      6.128      0.075     8.8648     75.151     38.305  25.404032     6.3445      6.663   324.6535 9.6949e+00     1.7090      6.010      8.717     8.1616 0.0000e+00
      6.149      0.076     8.8660     75.162     38.400  25.467276     6.3345      6.663   324.3084 9.5480e+00     1.7001      6.031      8.748     8.1600 0.0000e+00
      6.167      0.077     8.8680     75.178     38.462  25.508490     6.3801      6.662   324.4545 9.4107e+00     1.6992      6.049      8.773     8.1590 0.0000e+00
      6.184      0.077     8.8738     75.225     38.482  25.521378     6.4915      6.660   325.1300 9.2680e+00     1.6978      6.064      8.796     8.1583 0.0000e+00
      6.203      0.077     8.8803     75.278     38.446  25.496114     6.5606      6.660   325.5927 9.0895e+00     1.7141      6.082      8.823     8.1582 0.0000e+00
      6.224      0.077     8.8825     75.296     38.387  25.456999     6.5723      6.659   325.7463 8.8994e+00     1.6831      6.104      8.853     8.1586 0.0000e+00
      6.245      0.077     8.8825     75.295     38.346  25.429411     6.6337      6.658   325.7824 8.7239e+00     1.6581      6.124      8.882     8.1589 0.0000e+00
      6.266      0.077     8.8813     75.285     38.327  25.416513     6.7600      6.657   325.7712 8.5562e+00     1.7170      6.146      8.914     8.1579 0.0000e+00
      6.286      0.080     8.8774     75.252     38.344  25.428037     6.8402      6.655   325.8693 8.4261e+00     1.7540      6.167      8.944     8.1564 0.0000e+00
      6.302      0.085     8.8720     75.206     38.365  25.441765     6.8505      6.651   325.9368 8.3097e+00     1.7395      6.181      8.964     8.1559 0.0000e+00
      6.319      0.092     8.8695     75.185     38.386  25.455502     6.8384      6.646   325.7262 8.1430e+00     1.7243      6.194      8.984     8.1557 0.0000e+00
      6.342      0.098     8.8683     75.174     38.404  25.467152     6.8222      6.642   325.6459 7.9263e+00     1.7228      6.216      9.016     8.1556 0.0000e+00
      6.373      0.103     8.8664     75.156     38.387  25.455627     6.8195      6.641   325.9127 7.6904e+00     1.7214      6.248      9.062     8.1556 0.0000e+00
      6.408      0.105     8.8646     75.141     38.369  25.443138     6.8241      6.640   326.2845 7.4770e+00     1.7076      6.285      9.117     8.1557 0.0000e+00
      6.439      0.102     8.8644     75.139     38.369  25.443139     6.7958      6.638   326.7862 7.3010e+00     1.7084      6.316      9.161     8.1556 0.0000e+00
      6.464      0.094     8.8665     75.156     38.388  25.455638     6.7444      6.638   327.0747 7.1595e+00     1.7313      6.340      9.195     8.1550 0.0000e+00
      6.484      0.083     8.8693     75.180     38.405  25.467277     6.7255      6.638   326.9327 7.0548e+00     1.7400      6.360      9.225     8.1545 0.0000e+00
      6.502      0.073     8.8726     75.209     38.390  25.456877     6.7237      6.638   326.1872 6.9686e+00     1.7224      6.377      9.248     8.1542 0.0000e+00
      6.517      0.068     8.8739     75.219     38.390  25.456878     6.6767      6.638   325.2896 6.8898e+00     1.7017      6.392      9.270     8.1540 0.0000e+00
      6.532      0.066     8.8727     75.209     38.406  25.467288     6.5987      6.637   325.1135 6.8106e+00     1.6730      6.407      9.292     8.1540 0.0000e+00
      6.547      0.066     8.8715     75.198     38.388  25.455763     6.5621      6.636   325.3486 6.7185e+00     1.6500      6.420      9.311     8.1539 0.0000e+00
      6.564      0.067     8.8708     75.193     38.371  25.444514     6.5650      6.635   325.8090 6.6145e+00     1.6677      6.437      9.336     8.1540 0.0000e+00
      6.583      0.068     8.8691     75.178     38.392  25.458261     6.5784      6.636   326.1201 6.5082e+00     1.7036      6.457      9.365     8.1539 0.0000e+00
      6.602      0.068     8.8656     75.148     38.447  25.494993     6.6405      6.636   325.3241 6.4058e+00     1.7186      6.474      9.390     8.1538 0.0000e+00
      6.620      0.068     8.8632     75.127     38.467  25.507673     6.7465      6.636   323.8422 6.3088e+00     1.6956      6.492      9.416     8.1538 0.0000e+00
      6.637      0.068     8.8624     75.120     38.432  25.484593     6.8130      6.636   323.2600 6.2008e+00     1.6704      6.509      9.441     8.1537 0.0000e+00
      6.652      0.068     8.8638     75.132     38.410  25.469910     6.8379      6.636   323.6191 6.0788e+00     1.6884      6.522      9.460     8.1538 0.0000e+00
      6.669      0.068     8.8702     75.186     38.391  25.457127     6.8910      6.637   324.0533 5.9718e+00     1.6993      6.538      9.483     8.1538 0.0000e+00
      6.688      0.067     8.8768     75.243     38.391  25.457022     6.9684      6.637   324.6389 5.8697e+00     1.6800      6.559      9.513     8.1534 0.0000e+00
      6.706      0.066     8.8782     75.255     38.408  25.468641     7.0105      6.637   325.2794 5.7742e+00     1.6986      6.577      9.539     8.1529 0.0000e+00
