Data/DataNotYetUploadedToEDI/Raw_CTD/RawDownloads/043018_fcr10.cnv
* Sea-Bird SBE19plus  Data File:
* FileName = C:\DATA\043018_fcr_0008.hex
* Software version 2.6.3.104 SB_Terminal.dll
* Temperature SN = 7809
* Conductivity SN = 7809
* System UpLoad Time = May 01 2018 11:59:33
* <ApplicationData>
* <Seaterm232>
# nquan = 15
# nvalues = 698                         
# units = specified
# name 0 = depFM: Depth [fresh water, m]
# name 1 = dz/dtM: Descent Rate [m/s]
# name 2 = sbeox0Mg/L: Oxygen, SBE 43 [mg/l]
# name 3 = sbeox0PS: Oxygen, SBE 43 [% saturation]
# name 4 = specc: Specific Conductance [uS/cm]
# name 5 = c0uS/cm: Conductivity [uS/cm]
# name 6 = flECO-AFL: Fluorescence, WET Labs ECO-AFL/FL [mg/m^3]
# name 7 = ph: pH
# name 8 = orp: Oxidation Reduction Potential [mV]
# name 9 = par/sat/log: PAR/Logarithmic, Satlantic
# name 10 = turbWETntu0: Turbidity, WET Labs ECO [NTU]
# name 11 = prdM: Pressure, Strain Gauge [db]
# name 12 = prdE: Pressure, Strain Gauge [psi]
# name 13 = tv290C: Temperature [ITS-90, deg C]
# name 14 = flag:  0.000e+00
# span 0 =     -0.520,      2.711       
# span 1 =     -0.163,      0.278       
# span 2 =     6.0445,    13.5502       
# span 3 =     62.310,    125.149       
# span 4 =      0.962,     36.035       
# span 5 =   0.942018,  29.771039       
# span 6 =    -0.2011,     0.6592       
# span 7 =      1.484,      7.733       
# span 8 = -1240.7455,   492.3749       
# span 9 = 1.1076e+02, 1.7496e+03       
# span 10 =    -0.6743,     6.1931      
# span 11 =     -0.511,      2.660      
# span 12 =     -0.741,      3.857      
# span 13 =    11.7740,    23.9889      
# span 14 = 0.0000e+00, 0.0000e+00      
# interval = seconds: 0.25
# start_time = Apr 30 2018 19:29:15 [Instrument's time stamp, header]
# bad_flag = -9.990e-29
*END*
[from data line 675]
      2.418      0.088     9.8759     93.452     34.436  26.080859     0.5433      7.093   316.0461 2.4391e+02     1.4635      2.371      3.439    13.2017 0.0000e+00
      2.440      0.088    10.0431     94.630     34.610  26.081471     0.5729      7.113   315.9135 2.2147e+02     1.4457      2.393      3.470    13.1721 0.0000e+00
      2.460      0.089    10.2173     95.984     34.705  26.059726     0.5815      7.140   315.6687 2.1665e+02     1.4116      2.413      3.499    13.1326 0.0000e+00
      2.482      0.092    10.3893     97.459     34.611  25.944819     0.5923      7.178   315.3239 2.1559e+02     1.4171      2.434      3.529    13.0450 0.0000e+00
      2.506      0.094    10.5881     99.149     34.536  25.834987     0.6018      7.228   314.8422 2.1573e+02     1.4524      2.458      3.564    12.8900 0.0000e+00
      2.531      0.095    10.8197    101.077     34.516  25.747602     0.5962      7.286   314.1460 2.1965e+02     1.4724      2.482      3.599    12.6484 0.0000e+00
      2.557      0.095    11.0657    103.163     34.384  25.586597     0.5887      7.348   313.3599 2.0948e+02     1.4751      2.507      3.636    12.4977 0.0000e+00
      2.584      0.090    11.3222    105.366     34.051  25.285055     0.5927      7.406   312.7372 1.9535e+02     1.4544      2.535      3.677    12.4996 0.0000e+00
      2.609      0.082    11.5912    107.677     33.596  24.895269     0.6178      7.456   312.2100 1.9193e+02     1.4963      2.560      3.713    12.4159 0.0000e+00
      2.630      0.071    11.8688    110.077     33.288  24.619634     0.6529      7.501   311.7167 1.8995e+02     1.6150      2.580      3.743    12.2790 0.0000e+00
      2.647      0.059    12.1543    112.596     33.248  24.555434     0.6592      7.543   311.3328 1.9235e+02     1.6690      2.599      3.769    12.2027 0.0000e+00
      2.659      0.048    12.4405    115.187     33.280  24.563421     0.6474      7.585   311.0103 2.0681e+02     1.6621      2.610      3.785    12.1271 0.0000e+00
      2.667      0.038    12.7165    117.706     33.327  24.589218     0.6399      7.624   310.5707 2.0716e+02     1.6843      2.616      3.793    12.0446 0.0000e+00
      2.674      0.031    12.9725    120.001     33.729  24.867334     0.6230      7.657   309.8883 1.9511e+02     1.6929      2.622      3.803    11.9692 0.0000e+00
      2.680      0.026    13.1961    121.964     34.469  25.386443     0.6084      7.682   309.0409 1.9099e+02     1.6440      2.627      3.811    11.9123 0.0000e+00
      2.686      0.023    13.3745    123.529     35.126  25.849874     0.6010      7.702   308.4132 1.8788e+02     1.6118      2.634      3.821    11.8961 0.0000e+00
      2.692      0.021    13.4938    124.599     35.636  26.216629     0.5886      7.717   307.8908 1.8848e+02     1.6081      2.641      3.831    11.8974 0.0000e+00
      2.697      0.019    13.5436    125.073     35.956  26.455640     0.5871      7.728   307.1987 1.9295e+02     1.5689      2.646      3.837    11.8654 0.0000e+00
      2.701      0.018    13.5502    125.149     36.035  26.517419     0.5931      7.733   306.8426 2.0919e+02     1.5354      2.649      3.842    11.8191 0.0000e+00
      2.705 -9.990e-29 -9.990e-29 -9.990e-29 -9.990e-29 -9.990e-29 -9.990e-29 -9.990e-29 -9.990e-29 2.2124e+02 -9.990e-29      2.653      3.848    11.7856 0.0000e+00
      2.709 -9.990e-29 -9.990e-29 -9.990e-29 -9.990e-29 -9.990e-29 -9.990e-29 -9.990e-29 -9.990e-29 2.0154e+02 -9.990e-29      2.656      3.852    11.7740 0.0000e+00
      2.711 -9.990e-29 -9.990e-29 -9.990e-29 -9.990e-29 -9.990e-29 -9.990e-29 -9.990e-29 -9.990e-29 1.8646e+02 -9.990e-29      2.658      3.855    11.7873 0.0000e+00
      2.711 -9.990e-29 -9.990e-29 -9.990e-29 -9.990e-29 -9.990e-29 -9.990e-29 -9.990e-29 -9.990e-29 1.8840e+02 -9.990e-29      2.660      3.857    11.7975 0.0000e+00
