Data/DataNotYetUploadedToEDI/Raw_CTD/RawDownloads/043018_fcr45.cnv
* Sea-Bird SBE19plus  Data File:
* FileName = C:\DATA\043018_fcr_0011.hex
* Software version 2.6.3.104 SB_Terminal.dll
* Temperature SN = 7809
* Conductivity SN = 7809
* System UpLoad Time = May 01 2018 12:01:02
* <ApplicationData>
* <Seaterm232>
# nquan = 15
# nvalues = 974                         
# units = specified
# name 0 = depFM: Depth [fresh water, m]
# name 1 = dz/dtM: Descent Rate [m/s]
# name 2 = sbeox0Mg/L: Oxygen, SBE 43 [mg/l]
# name 3 = sbeox0PS: Oxygen, SBE 43 [% saturation]
# name 4 = specc: Specific Conductance [uS/cm]
# name 5 = c0uS/cm: Conductivity [uS/cm]
# name 6 = flECO-AFL: Fluorescence, WET Labs ECO-AFL/FL [mg/m^3]
# name 7 = ph: pH
# name 8 = orp: Oxidation Reduction Potential [mV]
# name 9 = par/sat/log: PAR/Logarithmic, Satlantic
# name 10 = turbWETntu0: Turbidity, WET Labs ECO [NTU]
# name 11 = prdM: Pressure, Strain Gauge [db]
# name 12 = prdE: Pressure, Strain Gauge [psi]
# name 13 = tv290C: Temperature [ITS-90, deg C]
# name 14 = flag:  0.000e+00
# span 0 =     -0.555,      7.364       
# span 1 =     -0.096,      0.349       
# span 2 =     6.7822,    10.0834       
# span 3 =     62.993,    102.815       
# span 4 =      0.488,     38.591       
# span 5 =   0.399297,  29.513845       
# span 6 =    -0.2036,     8.0347       
# span 7 =      6.334,     11.088       
# span 8 =  -812.8210,   490.2694       
# span 9 = 1.7455e+00, 1.5885e+03       
# span 10 =    -3.3398,     2.1623      
# span 11 =     -0.544,      7.222      
# span 12 =     -0.790,     10.475      
# span 13 =     8.0823,    16.3111      
# span 14 = 0.0000e+00, 0.0000e+00      
# interval = seconds: 0.25
# start_time = Apr 30 2018 20:50:12 [Instrument's time stamp, header]
# bad_flag = -9.990e-29
*END*
     -0.554     -0.001     9.6792     97.849      0.586   0.478943    -0.2036     11.088  -812.8210 1.5040e+03    -0.4304     -0.543     -0.787    15.8986 0.0000e+00
     -0.554     -0.001     9.6795     97.851      0.570   0.466166    -0.2012     10.913  -707.7524 1.4455e+03    -0.4545     -0.543     -0.788    15.8984 0.0000e+00
     -0.554     -0.001     9.6795     97.851      0.538   0.439755    -0.1822     10.283  -641.6514 1.1215e+03    -0.4963     -0.544     -0.789    15.8982 0.0000e+00
     -0.554     -0.000     9.6793     97.849      0.505   0.413256    -0.0367      9.485  -597.6346 6.0025e+02    -1.2405     -0.544     -0.788    15.8971 0.0000e+00
     -0.555 -1.816e-08     9.6793     97.852      0.488   0.399420     0.2344      8.718  -415.6841 4.5363e+02    -2.6165     -0.544     -0.789    15.8957 0.0000e+00
     -0.555 -1.997e-07     9.6798     97.857      0.488   0.399297     0.3840      8.082  -263.4129 5.4270e+02    -3.3398     -0.544     -0.789    15.8955 0.0000e+00
     -0.555 -1.493e-07     9.6792     97.852      0.503   0.411770     0.3937      7.682  -243.7249 3.8973e+02    -3.3027     -0.544     -0.789    15.8957 0.0000e+00
     -0.554 5.9118e-07     9.6777     97.840      0.517   0.423398     0.3248      7.477  -262.6457 2.3360e+02    -2.1980     -0.544     -0.788    15.8956 0.0000e+00
     -0.554      0.000     9.6767     97.832      0.505   0.413068     0.1940      7.344  -232.7745 2.1063e+02    -0.1455     -0.544     -0.788    15.8959 0.0000e+00
     -0.555      0.000     9.6762     97.834      0.505   0.413697     0.1356      7.191   -34.7574 2.0501e+02     1.0060     -0.544     -0.789    15.8964 0.0000e+00
     -0.555      0.001     9.6750     97.847      0.681   0.557825     0.1429      6.950   281.1152 2.1508e+02     1.1052     -0.544     -0.789    15.8973 0.0000e+00
     -0.555      0.004     9.6722     97.865      2.477   2.028880     0.1722      6.680   468.6094 3.0320e+02     0.9621     -0.544     -0.789    15.8984 0.0000e+00
     -0.555      0.008     9.6676     97.883      6.033   4.945012     0.2322      6.511   490.2694 4.6819e+02     0.7711     -0.544     -0.790    15.9005 0.0000e+00
     -0.554      0.010     9.6603     97.923      7.169   5.880827     0.2715      6.437   461.3530 5.6489e+02     0.6877     -0.542     -0.787    15.8991 0.0000e+00
     -0.552      0.013     9.6490     97.976      5.279   4.337618     0.2795      6.350   230.3188 6.0669e+02     0.6556     -0.544     -0.790    15.9106 0.0000e+00
     -0.543      0.026     9.6376     98.026      8.445   6.963201     0.2920      6.334   -17.9429 6.3109e+02     0.8411     -0.536     -0.777    15.9378 0.0000e+00
     -0.534      0.055     9.6334     98.104     20.065  16.560033     0.3206      6.604   102.7666 5.4283e+02     1.2822     -0.513     -0.743    15.9586 0.0000e+00
     -0.537      0.102     9.6378     98.219     30.895  25.508071     0.3403      7.051   275.8386 3.9827e+02     1.5331     -0.529     -0.768    16.0093 0.0000e+00
     -0.531      0.164     9.6500     98.378     34.687  28.647029     0.3377      7.383   289.2547 3.6654e+02     1.5242     -0.539     -0.782    16.1054 0.0000e+00
     -0.487      0.234     9.6707     98.606     35.022  28.928624     0.3257      7.528   291.3939 5.0350e+02     1.5115     -0.486     -0.705    16.1950 0.0000e+00
     -0.408      0.298     9.7049     98.956     35.002  28.912807     0.2971      7.559   293.7017 7.4958e+02     1.4403     -0.410     -0.594    16.2489 0.0000e+00
     -0.303      0.341     9.7565     99.452     34.921  28.836797     0.2667      7.540   295.3912 7.9538e+02     1.2743     -0.305     -0.443    16.2785 0.0000e+00
     -0.179      0.349     9.8201    100.020     34.875  28.771612     0.2613      7.505   296.7642 7.2256e+02     1.1823     -0.172     -0.250    16.2920 0.0000e+00
     -0.061      0.317     9.8916    100.630     34.907  28.759651     0.2597      7.467   297.9982 1.0747e+03     1.1513     -0.049     -0.071    16.2983 0.0000e+00
      0.029      0.257     9.9606    101.234     35.019  28.819127     0.2659      7.423   298.8691 1.4732e+03     1.1746      0.042      0.063    16.3020 0.0000e+00
      0.080      0.182    10.0119    101.712     35.235  28.982671     0.2995      7.373   299.4638 1.4045e+03     1.2802      0.089      0.129    16.2942 0.0000e+00
      0.100      0.112    10.0459    102.062     35.590  29.276475     0.3262      7.324   299.7680 1.0271e+03     1.3301      0.103      0.148    16.2550 0.0000e+00
      0.102      0.062    10.0616    102.254     35.866  29.513845     0.3315      7.277   300.1384 7.3845e+02     1.3205      0.103      0.149    16.1857 0.0000e+00
      0.096      0.044    10.0399    102.075     35.836  29.503076     0.3360      7.227   300.8450 8.1569e+02     1.2553      0.095      0.138    16.1328 0.0000e+00
      0.090      0.059     9.9738    101.439     35.619  29.336791     0.3350      7.174   301.6863 9.4004e+02     1.1520      0.085      0.124    16.1169 0.0000e+00
      0.095      0.094     9.8826    100.529     35.468  29.217930     0.3280      7.133   302.5671 9.7232e+02     1.1399      0.084      0.121    16.1225 0.0000e+00
      0.122      0.134     9.7706     99.383     35.460  29.209008     0.3346      7.108   303.2347 8.4400e+02     1.1395      0.111      0.162    16.1398 0.0000e+00
      0.173      0.168     9.6288     97.920     35.415  29.165411     0.3414      7.092   303.6494 5.4731e+02     1.0858      0.164      0.237    16.1613 0.0000e+00
      0.240      0.187     9.4615     96.191     35.236  29.008308     0.3361      7.078   304.1389 5.3905e+02     1.0703      0.234      0.340    16.1808 0.0000e+00
      0.309      0.185     9.2774     94.275     35.043  28.833536     0.3350      7.069   304.8524 6.9215e+02     1.1044      0.311      0.452    16.1910 0.0000e+00
      0.362      0.161     9.0923     92.306     34.923  28.703310     0.3367      7.064   305.4787 8.5154e+02     1.1317      0.359      0.521    16.1849 0.0000e+00
      0.401      0.125     8.9205     90.440     34.900  28.640254     0.3298      7.064   305.8616 1.1864e+03     1.1869      0.397      0.576    16.1719 0.0000e+00
      0.424      0.086     8.7650     88.754     34.953  28.642589     0.3157      7.069   306.2976 1.3337e+03     1.2834      0.423      0.614    16.1611 0.0000e+00
      0.431      0.051     8.6364     87.380     35.017  28.667993     0.3129      7.075   306.7929 1.0584e+03     1.3227      0.425      0.616    16.1449 0.0000e+00
      0.431      0.026     8.5519     86.489     35.064  28.693370     0.3240      7.080   307.2048 7.2901e+02     1.3261      0.423      0.613    16.1002 0.0000e+00
      0.432      0.010     8.5129     86.081     35.073  28.695404     0.3295      7.084   307.4913 6.8421e+02     1.3248      0.423      0.614    16.0247 0.0000e+00
      0.433      0.002     8.5096     86.044     35.071  28.692569     0.3435      7.088   307.7616 6.9212e+02     1.2456      0.424      0.615    15.9596 0.0000e+00
      0.433      0.001     8.5299     86.252     35.106  28.722597     0.3738      7.095   308.0637 5.7507e+02     1.1317      0.426      0.618    15.9242 0.0000e+00
      0.432      0.002     8.5584     86.547     35.126  28.740967     0.3918      7.104   308.3062 5.6119e+02     1.1082      0.425      0.617    15.9078 0.0000e+00
      0.430      0.002     8.5823     86.797     35.101  28.724169     0.3967      7.112   308.5417 5.7429e+02     1.1436      0.420      0.608    15.9028 0.0000e+00
      0.431      0.001     8.5897     86.881     35.081  28.710013     0.3779      7.119   308.7594 4.9912e+02     1.1326      0.423      0.613    15.9015 0.0000e+00
      0.435     -0.001     8.5732     86.720     35.061  28.696812     0.3392      7.124   308.8735 5.6919e+02     1.0972      0.428      0.622    15.9029 0.0000e+00
      0.437     -0.004     8.5357     86.342     35.054  28.691561     0.3235      7.129   308.8896 6.8979e+02     1.1125      0.429      0.623    15.9073 0.0000e+00
      0.437     -0.005     8.4836     85.817     35.075  28.710025     0.3256      7.133   308.9538 6.2539e+02     1.1349      0.430      0.623    15.9122 0.0000e+00
      0.432     -0.005     8.4226     85.209     35.094  28.729555     0.3281      7.138   309.0482 5.2047e+02     1.1238      0.426      0.617    15.9174 0.0000e+00
      0.426     -0.003     8.3601     84.593     35.096  28.737197     0.3262      7.143   309.0839 4.9603e+02     1.1312      0.416      0.604    15.9215 0.0000e+00
      0.421      0.000     8.3096     84.101     35.090  28.738928     0.3204      7.147   309.2136 6.7616e+02     1.1321      0.410      0.595    15.9210 0.0000e+00
      0.423      0.003     8.2845     83.861     35.097  28.750493     0.3225      7.149   309.4125 9.3523e+02     1.1042      0.412      0.598    15.9203 0.0000e+00
      0.431      0.006     8.2882     83.909     35.092  28.750031     0.3247      7.152   309.5098 8.4774e+02     1.1301      0.424      0.615    15.9262 0.0000e+00
      0.437      0.007     8.3140     84.177     35.069  28.733351     0.3277      7.157   309.5296 5.9540e+02     1.2008      0.431      0.625    15.9369 0.0000e+00
      0.438      0.006     8.3507     84.549     35.076  28.739322     0.3323      7.161   309.6513 5.4548e+02     1.2268      0.430      0.623    15.9476 0.0000e+00
      0.437      0.004     8.3875     84.914     35.103  28.758721     0.3340      7.163   309.9486 7.2957e+02     1.2305      0.429      0.622    15.9556 0.0000e+00
      0.435      0.000     8.4136     85.162     35.133  28.777391     0.3578      7.165   310.0268 1.0846e+03     1.2154      0.428      0.621    15.9614 0.0000e+00
      0.433     -0.005     8.4218     85.224     35.139  28.774543     0.3896      7.165   309.7365 1.3138e+03     1.1661      0.422      0.613    15.9649 0.0000e+00
      0.434     -0.014     8.4087     85.075     35.085  28.724281     0.3971      7.166   309.5360 1.1358e+03     1.1529      0.423      0.614    15.9657 0.0000e+00
      0.438     -0.024     8.3790     84.761     35.035  28.677694     0.3936      7.169   309.5820 8.2610e+02     1.1466      0.433      0.628    15.9627 0.0000e+00
      0.435     -0.033     8.3466     84.422     35.014  28.655769     0.3749      7.174   309.6902 7.4343e+02     1.1209      0.433      0.627    15.9519 0.0000e+00
      0.418     -0.040     8.3241     84.186     35.010  28.649682     0.3457      7.177   309.8119 7.4922e+02     1.1170      0.412      0.596    15.9385 0.0000e+00
      0.397     -0.047     8.3108     84.051     35.032  28.667592     0.3348      7.177   309.9349 7.0476e+02     1.0992      0.385      0.559    15.9292 0.0000e+00
      0.382     -0.052     8.3011     83.956     35.048  28.681812     0.3256      7.177   309.9727 6.6909e+02     1.0897      0.373      0.541    15.9231 0.0000e+00
      0.372     -0.052     8.2921     83.871     35.061  28.694616     0.3168      7.178   309.9245 6.6232e+02     1.1238      0.364      0.529    15.9165 0.0000e+00
      0.362     -0.049     8.2816     83.771     35.060  28.695402     0.3393      7.180   309.8682 6.3251e+02     1.1152      0.356      0.516    15.9107 0.0000e+00
      0.352     -0.044     8.2722     83.682     35.052  28.691318     0.3768      7.182   309.8092 6.4410e+02     1.0467      0.346      0.502    15.9107 0.0000e+00
      0.338     -0.039     8.2701     83.665     35.071  28.708742     0.3925      7.186   309.8126 6.9440e+02     1.0277      0.331      0.481    15.9139 0.0000e+00
      0.324     -0.033     8.2778     83.747     35.077  28.715574     0.4008      7.191   309.9955 6.4860e+02     1.0691      0.316      0.458    15.9171 0.0000e+00
      0.315     -0.027     8.2909     83.882     35.070  28.710427     0.4134      7.196   310.2143 5.5775e+02     1.1497      0.307      0.444    15.9205 0.0000e+00
      0.311     -0.019     8.3022     83.997     35.069  28.710011     0.4071      7.199   310.3926 5.1760e+02     1.2697      0.305      0.442    15.9234 0.0000e+00
      0.309     -0.011     8.3043     84.019     35.069  28.710541     0.3888      7.201   310.5168 5.1719e+02     1.3300      0.304      0.441    15.9261 0.0000e+00
      0.309     -0.005     8.2926     83.899     35.077  28.716836     0.3762      7.202   310.5103 5.4157e+02     1.2988      0.303      0.439    15.9283 0.0000e+00
      0.309     -0.001     8.2633     83.601     35.085  28.722620     0.3733      7.202   310.5731 8.2054e+02     1.2286      0.303      0.439    15.9297 0.0000e+00
      0.310      0.001     8.2222     83.181     35.080  28.716970     0.3723      7.201   310.7593 1.1350e+03     1.1521      0.304      0.440    15.9306 0.0000e+00
      0.310      0.001     8.1837     82.788     35.075  28.712027     0.3556      7.201   310.8694 1.0277e+03     1.1070      0.304      0.440    15.9310 0.0000e+00
      0.310      0.000     8.1470     82.413     35.095  28.726350     0.3363      7.203   310.7862 8.0580e+02     1.1101      0.304      0.440    15.9303 0.0000e+00
      0.311     -0.005     8.1100     82.035     35.142  28.763149     0.3505      7.205   310.5267 7.4857e+02     1.1287      0.305      0.442    15.9290 0.0000e+00
      0.312     -0.015     8.0760     81.689     35.158  28.775948     0.3798      7.208   310.3987 8.8151e+02     1.1182      0.306      0.444    15.9270 0.0000e+00
      0.312     -0.030     8.0439     81.363     35.133  28.754096     0.3877      7.212   310.5302 1.3184e+03     1.0740      0.306      0.444    15.9248 0.0000e+00
      0.307     -0.047     8.0129     81.048     35.132  28.752942     0.3912      7.214   310.5673 1.5885e+03     1.0530      0.306      0.443    15.9226 0.0000e+00
      0.292     -0.065     7.9830     80.745     35.143  28.761999     0.4125      7.218   310.4175 1.1451e+03     1.0774      0.292      0.425    15.9205 0.0000e+00
      0.266     -0.079     7.9517     80.426     35.113  28.736602     0.4426      7.219   310.3541 7.2382e+02     1.0942      0.260      0.377    15.9191 0.0000e+00
      0.239     -0.083     7.9202     80.105     35.070  28.699875     0.4523      7.212   310.4028 7.2489e+02     1.1042      0.234      0.339    15.9183 0.0000e+00
      0.212     -0.078     7.8982     79.879     35.071  28.698940     0.4477      7.199   310.4041 6.0478e+02     1.1065      0.210      0.307    15.9176 0.0000e+00
      0.184     -0.063     7.8908     79.799     35.106  28.725298     0.4508      7.188   310.4559 4.1253e+02     1.0908      0.174      0.254    15.9169 0.0000e+00
      0.167     -0.045     7.8958     79.844     35.156  28.764554     0.4440      7.180   310.6844 3.2389e+02     1.0982      0.156      0.226    15.9164 0.0000e+00
      0.167     -0.028     7.9047     79.930     35.192  28.792578     0.4197      7.180   311.0163 2.8572e+02     1.1348      0.164      0.237    15.9153 0.0000e+00
      0.170     -0.013     7.9076     79.958     35.214  28.810116     0.3966      7.186   311.2855 2.7499e+02     1.1372      0.168      0.245    15.9122 0.0000e+00
      0.171     -0.003     7.9009     79.891     35.262  28.849602     0.3860      7.194   311.3578 2.7677e+02     1.0966      0.167      0.243    15.9085 0.0000e+00
      0.170      0.001     7.8840     79.722     35.309  28.888991     0.3915      7.201   311.2887 4.2764e+02     1.0710      0.167      0.242    15.9054 0.0000e+00
      0.168     -0.000     7.8575     79.465     35.323  28.905348     0.3993      7.206   311.1375 6.1964e+02     1.0715      0.165      0.239    15.9031 0.0000e+00
      0.168     -0.001     7.8217     79.130     35.328  28.920376     0.3983      7.210   310.9926 6.5388e+02     1.1026      0.165      0.239    15.9026 0.0000e+00
      0.169     -0.000     7.7768     78.719     35.335  28.943704     0.3969      7.213   310.9988 6.4819e+02     1.1412      0.166      0.240    15.9034 0.0000e+00
      0.169     -0.000     7.7277     78.277     35.294  28.933418     0.4013      7.215   310.9551 5.7284e+02     1.2033      0.166      0.240    15.9044 0.0000e+00
