Data/DataNotYetUploadedToEDI/Raw_CTD/RawDownloads/043018_fcr30.cnv
* Sea-Bird SBE19plus  Data File:
* FileName = C:\DATA\043018_fcr_0010.hex
* Software version 2.6.3.104 SB_Terminal.dll
* Temperature SN = 7809
* Conductivity SN = 7809
* System UpLoad Time = May 01 2018 12:00:32
* <ApplicationData>
* <Seaterm232>
# nquan = 15
# nvalues = 799                         
# units = specified
# name 0 = depFM: Depth [fresh water, m]
# name 1 = dz/dtM: Descent Rate [m/s]
# name 2 = sbeox0Mg/L: Oxygen, SBE 43 [mg/l]
# name 3 = sbeox0PS: Oxygen, SBE 43 [% saturation]
# name 4 = specc: Specific Conductance [uS/cm]
# name 5 = c0uS/cm: Conductivity [uS/cm]
# name 6 = flECO-AFL: Fluorescence, WET Labs ECO-AFL/FL [mg/m^3]
# name 7 = ph: pH
# name 8 = orp: Oxidation Reduction Potential [mV]
# name 9 = par/sat/log: PAR/Logarithmic, Satlantic
# name 10 = turbWETntu0: Turbidity, WET Labs ECO [NTU]
# name 11 = prdM: Pressure, Strain Gauge [db]
# name 12 = prdE: Pressure, Strain Gauge [psi]
# name 13 = tv290C: Temperature [ITS-90, deg C]
# name 14 = flag:  0.000e+00
# span 0 =     -0.545,      5.589       
# span 1 =     -0.077,      0.391       
# span 2 =     6.4943,    10.5651       
# span 3 =     60.533,    106.410       
# span 4 =      0.383,     38.530       
# span 5 =   0.318184,  28.888176       
# span 6 =    -1.1895,     5.7691       
# span 7 =      6.639,     10.627       
# span 8 =    89.8157,  1240.2294       
# span 9 = 1.1732e+01, 1.9414e+03       
# span 10 =    -2.8245,   850.9948      
# span 11 =     -0.535,      5.481      
# span 12 =     -0.776,      7.950      
# span 13 =     8.1884,    16.5949      
# span 14 = 0.0000e+00, 0.0000e+00      
# interval = seconds: 0.25
# start_time = Apr 30 2018 20:25:24 [Instrument's time stamp, header]
# bad_flag = -9.990e-29
*END*
[from data line 386]
      1.839      0.044     9.5136     93.173     34.802  27.440188     0.5944      7.159   324.7313 2.3308e+02     1.2871      1.804      2.615    14.4711 0.0000e+00
      1.852      0.042     9.5131     93.173     34.826  27.461054     0.5962      7.159   324.5424 2.3084e+02     1.2691      1.816      2.634    14.4706 0.0000e+00
      1.864      0.038     9.5147     93.199     34.864  27.493898     0.5952      7.159   324.4769 2.2120e+02     1.2469      1.828      2.652    14.4496 0.0000e+00
      1.875      0.033     9.5166     93.235     34.889  27.519814     0.5918      7.160   324.5419 2.1886e+02     1.2628      1.840      2.670    14.4206 0.0000e+00
      1.883      0.030     9.5138     93.240     34.876  27.520418     0.5918      7.160   324.6395 2.2078e+02     1.2781      1.849      2.682    14.4153 0.0000e+00
      1.887      0.029     9.5091     93.223     34.839  27.501215     0.5957      7.160   324.7115 2.2357e+02     1.2791      1.852      2.686    14.4230 0.0000e+00
      1.889      0.030     9.5069     93.203     34.809  27.478136     0.6013      7.160   324.8101 2.2123e+02     1.2752      1.851      2.684    14.4254 0.0000e+00
      1.896      0.032     9.5056     93.153     34.766  27.431861     0.5962      7.160   324.9711 2.1653e+02     1.2622      1.856      2.692    14.4309 0.0000e+00
      1.907      0.036     9.5021     93.048     34.739  27.386191     0.5890      7.160   325.0231 2.1158e+02     1.2736      1.869      2.711    14.4508 0.0000e+00
      1.919      0.040     9.4963     92.905     34.757  27.370398     0.5962      7.160   325.0081 2.1147e+02     1.2908      1.883      2.730    14.4723 0.0000e+00
      1.931      0.043     9.4897     92.772     34.783  27.367873     0.6012      7.160   325.0485 2.2036e+02     1.3187      1.894      2.747    14.4720 0.0000e+00
      1.943      0.043     9.4833     92.668     34.785  27.355628     0.5939      7.159   325.0813 2.2379e+02     1.3665      1.905      2.763    14.4559 0.0000e+00
      1.954      0.042     9.4785     92.592     34.790  27.349319     0.5904      7.158   325.0607 2.2165e+02     1.3799      1.916      2.779    14.4168 0.0000e+00
      1.964      0.040     9.4745     92.526     34.810  27.355083     0.5956      7.158   325.0571 2.1888e+02     1.3586      1.926      2.794    14.3663 0.0000e+00
      1.974      0.039     9.4703     92.470     34.825  27.361810     0.5934      7.158   325.1239 2.1198e+02     1.3232      1.935      2.806    14.3311 0.0000e+00
      1.984      0.037     9.4665     92.429     34.833  27.367152     0.5911      7.158   325.1796 2.0555e+02     1.2868      1.945      2.821    14.3146 0.0000e+00
      1.993      0.036     9.4637     92.390     34.824  27.356175     0.5952      7.158   325.2149 2.0428e+02     1.2845      1.955      2.835    14.3033 0.0000e+00
      2.002      0.034     9.4627     92.353     34.836  27.356072     0.5962      7.159   325.2928 2.0476e+02     1.2956      1.964      2.848    14.2857 0.0000e+00
      2.011      0.032     9.4616     92.311     34.862  27.365897     0.5946      7.159   325.2613 2.0664e+02     1.2694      1.972      2.860    14.2787 0.0000e+00
      2.019      0.030     9.4582     92.261     34.847  27.347959     0.5946      7.159   325.0916 2.0560e+02     1.2423      1.980      2.871    14.2818 0.0000e+00
      2.026      0.028     9.4550     92.217     34.829  27.329677     0.6047      7.158   324.9618 2.0625e+02     1.2421      1.986      2.881    14.2778 0.0000e+00
      2.032      0.026     9.4551     92.202     34.844  27.335335     0.6164      7.158   324.8960 2.1546e+02     1.2669      1.993      2.891    14.2610 0.0000e+00
      2.039      0.026     9.4575     92.209     34.873  27.352858     0.6159      7.159   324.8987 2.1754e+02     1.2974      1.999      2.900    14.2414 0.0000e+00
      2.044      0.027     9.4591     92.223     34.872  27.351049     0.6083      7.160   324.9081 2.0912e+02     1.2754      2.004      2.907    14.2346 0.0000e+00
      2.050      0.029     9.4595     92.226     34.824  27.313468     0.6166      7.161   324.9236 2.0159e+02     1.2458      2.010      2.916    14.2331 0.0000e+00
      2.057      0.034     9.4580     92.194     34.789  27.279459     0.6424      7.161   325.0008 2.0687e+02     1.2441      2.017      2.925    14.2212 0.0000e+00
      2.065      0.039     9.4558     92.118     34.784  27.257326     0.6545      7.160   324.9811 2.1125e+02     1.2547      2.023      2.934    14.2106 0.0000e+00
      2.075      0.045     9.4532     92.011     34.794  27.236329     0.6524      7.159   324.9433 2.1000e+02     1.2827      2.035      2.951    14.2126 0.0000e+00
      2.089      0.050     9.4483     91.889     34.801  27.216046     0.6533      7.158   325.0598 2.1573e+02     1.2779      2.048      2.970    14.2164 0.0000e+00
      2.104      0.053     9.4421     91.777     34.806  27.202554     0.6554      7.156   325.1850 2.0537e+02     1.2574      2.062      2.991    14.2115 0.0000e+00
      2.119      0.054     9.4360     91.689     34.815  27.200168     0.6595      7.156   325.2528 1.8695e+02     1.2791      2.080      3.016    14.1834 0.0000e+00
      2.134      0.054     9.4311     91.628     34.805  27.187187     0.6665      7.156   325.3636 1.8716e+02     1.2955      2.093      3.035    14.1332 0.0000e+00
      2.148      0.053     9.4282     91.584     34.793  27.172588     0.6664      7.156   325.3205 1.9699e+02     1.2734      2.107      3.056    14.0953 0.0000e+00
      2.161      0.051     9.4286     91.559     34.778  27.150653     0.6580      7.154   325.0750 2.0264e+02     1.2555      2.120      3.075    14.0705 0.0000e+00
      2.173      0.048     9.4328     91.557     34.748  27.112441     0.6579      7.152   324.8042 1.9721e+02     1.2629      2.130      3.089    14.0566 0.0000e+00
      2.185      0.046     9.4374     91.560     34.739  27.091538     0.6653      7.151   324.7140 1.8345e+02     1.2705      2.142      3.107    14.0542 0.0000e+00
      2.197      0.043     9.4419     91.576     34.747  27.088384     0.6644      7.151   325.1028 1.7521e+02     1.2868      2.156      3.127    14.0473 0.0000e+00
      2.208      0.041     9.4443     91.583     34.736  27.074297     0.6564      7.150   325.2033 1.7674e+02     1.3380      2.167      3.142    14.0347 0.0000e+00
      2.218      0.039     9.4449     91.563     34.715  27.048207     0.6518      7.150   324.9821 1.8057e+02     1.3697      2.176      3.156    14.0088 0.0000e+00
      2.227      0.037     9.4471     91.525     34.714  27.026902     0.6541      7.150   325.3544 1.8620e+02     1.3357      2.184      3.168    13.9868 0.0000e+00
      2.236      0.035     9.4493     91.455     34.729  27.007164     0.6568      7.149   325.5748 1.8960e+02     1.2925      2.192      3.180    13.9716 0.0000e+00
      2.245      0.035     9.4522     91.375     34.767  27.000013     0.6558      7.149   325.4093 1.9115e+02     1.2740      2.202      3.194    13.9687 0.0000e+00
      2.253      0.036     9.4513     91.294     34.805  27.003889     0.6515      7.149   325.5047 1.8870e+02     1.2656      2.210      3.205    13.9626 0.0000e+00
      2.262      0.039     9.4438     91.216     34.790  26.990505     0.6509      7.149   325.5240 1.7584e+02     1.2829      2.218      3.217    13.9283 0.0000e+00
      2.272      0.042     9.4382     91.166     34.756  26.965182     0.6576      7.148   325.5560 1.7809e+02     1.2997      2.228      3.232    13.8852 0.0000e+00
      2.283      0.045     9.4347     91.089     34.758  26.951697     0.6682      7.147   325.8055 1.8770e+02     1.2852      2.238      3.247    13.8204 0.0000e+00
      2.295      0.048     9.4306     90.957     34.803  26.954438     0.6778      7.144   325.7887 1.7367e+02     1.2904      2.250      3.263    13.7720 0.0000e+00
      2.309      0.049     9.4270     90.802     34.831  26.934797     0.6733      7.142   325.7827 1.6281e+02     1.3321      2.264      3.283    13.7860 0.0000e+00
      2.323      0.049     9.4231     90.649     34.844  26.904660     0.6598      7.142   325.9909 1.6386e+02     1.3320      2.279      3.305    13.8020 0.0000e+00
      2.337      0.048     9.4207     90.553     34.881  26.907487     0.6528      7.141   325.9824 1.5904e+02     1.2587      2.292      3.324    13.7748 0.0000e+00
      2.349      0.046     9.4189     90.511     34.890  26.905442     0.6523      7.141   326.0239 1.5524e+02     1.2090      2.304      3.342    13.7273 0.0000e+00
      2.359      0.043     9.4179     90.493     34.860  26.879929     0.6543      7.141   326.2351 1.5556e+02     1.2505      2.314      3.356    13.6622 0.0000e+00
      2.369      0.040     9.4184     90.459     34.842  26.852999     0.6497      7.141   326.2132 1.5569e+02     1.3020      2.322      3.369    13.5944 0.0000e+00
      2.379      0.037     9.4217     90.403     34.857  26.833806     0.6419      7.140   326.1894 1.5751e+02     1.2825      2.333      3.383    13.5578 0.0000e+00
      2.389      0.035     9.4261     90.338     34.911  26.838324     0.6521      7.139   326.2051 1.6100e+02     1.2892      2.343      3.398    13.5511 0.0000e+00
      2.398      0.034     9.4245     90.243     34.956  26.844080     0.6717      7.138   326.0582 1.6130e+02     1.3825      2.351      3.410    13.5576 0.0000e+00
      2.406      0.032     9.4137     90.113     34.962  26.839876     0.6856      7.137   326.1347 1.5607e+02     1.4649      2.359      3.422    13.5433 0.0000e+00
      2.414      0.031     9.3955     89.968     34.963  26.850972     0.7004      7.137   326.2700 1.5322e+02     1.4919      2.367      3.433    13.4902 0.0000e+00
      2.421      0.030     9.3756     89.820     34.944  26.851260     0.7038      7.137   326.2311 1.5415e+02     1.4345      2.374      3.443    13.4293 0.0000e+00
      2.428      0.030     9.3590     89.677     34.926  26.843383     0.6901      7.137   326.3524 1.5297e+02     1.3200      2.381      3.453    13.3846 0.0000e+00
      2.435      0.031     9.3490     89.566     34.902  26.819230     0.6821      7.137   326.3607 1.5172e+02     1.2676      2.388      3.463    13.3689 0.0000e+00
      2.443      0.033     9.3465     89.493     34.834  26.749710     0.6891      7.136   326.1587 1.4963e+02     1.2896      2.396      3.475    13.3939 0.0000e+00
      2.451      0.036     9.3450     89.398     34.808  26.701268     0.6928      7.136   326.2339 1.4639e+02     1.3103      2.404      3.486    13.4246 0.0000e+00
      2.460      0.040     9.3400     89.260     34.818  26.677964     0.6897      7.135   326.4093 1.4291e+02     1.3045      2.412      3.498    13.4303 0.0000e+00
      2.471      0.043     9.3341     89.126     34.828  26.658389     0.6979      7.134   326.4720 1.4162e+02     1.3115      2.424      3.515    13.4241 0.0000e+00
      2.483      0.045     9.3270     89.006     34.848  26.655039     0.7084      7.133   326.5615 1.5005e+02     1.3325      2.435      3.531    13.4002 0.0000e+00
      2.496      0.047     9.3198     88.908     34.839  26.637444     0.7069      7.133   326.6317 1.5630e+02     1.3764      2.447      3.549    13.3537 0.0000e+00
      2.509      0.050     9.3165     88.858     34.846  26.636128     0.6983      7.132   326.6322 1.4570e+02     1.4452      2.460      3.568    13.3039 0.0000e+00
      2.521      0.054     9.3160     88.832     34.859  26.639119     0.6968      7.130   326.6541 1.3477e+02     1.4631      2.473      3.586    13.2630 0.0000e+00
      2.532      0.059     9.3152     88.802     34.831  26.610101     0.7063      7.125   326.6382 1.3332e+02     1.4699      2.484      3.602    13.2379 0.0000e+00
      2.546      0.064     9.3153     88.784     34.830  26.602751     0.7215      7.120   326.4397 1.3586e+02     1.4969      2.497      3.620    13.2249 0.0000e+00
      2.564      0.066     9.3168     88.783     34.851  26.613730     0.7435      7.116   326.2335 1.3800e+02     1.4846      2.513      3.644    13.2175 0.0000e+00
      2.587      0.066     9.3165     88.767     34.860  26.615855     0.7608      7.112   326.2951 1.3575e+02     1.4739      2.536      3.679    13.2077 0.0000e+00
      2.609      0.065     9.3150     88.739     34.883  26.628435     0.7651      7.109   326.5822 1.3330e+02     1.4894      2.560      3.715    13.1950 0.0000e+00
      2.624      0.061     9.3130     88.705     34.903  26.638833     0.7683      7.108   326.7807 1.3875e+02     1.4889      2.574      3.734    13.1852 0.0000e+00
      2.636      0.056     9.3091     88.655     34.878  26.614581     0.7721      7.106   326.8875 1.4283e+02     1.4688      2.584      3.748    13.1782 0.0000e+00
      2.647      0.051     9.3036     88.591     34.851  26.589185     0.7643      7.103   326.9270 1.3504e+02     1.4594      2.596      3.765    13.1720 0.0000e+00
      2.659      0.046     9.2961     88.507     34.851  26.585740     0.7568      7.103   326.8289 1.2792e+02     1.4671      2.607      3.780    13.1647 0.0000e+00
      2.672      0.042     9.2863     88.400     34.841  26.572926     0.7637      7.102   326.8196 1.2466e+02     1.4705      2.621      3.801    13.1570 0.0000e+00
      2.683      0.039     9.2769     88.300     34.831  26.561238     0.7653      7.102   326.9862 1.2299e+02     1.4085      2.633      3.819    13.1503 0.0000e+00
      2.693      0.036     9.2684     88.211     34.848  26.571405     0.7581      7.101   327.1222 1.2370e+02     1.2978      2.641      3.830    13.1445 0.0000e+00
      2.700      0.034     9.2593     88.118     34.847  26.568866     0.7588      7.100   327.1735 1.2344e+02     1.2609      2.648      3.842    13.1384 0.0000e+00
      2.707      0.032     9.2516     88.041     34.799  26.530540     0.7650      7.099   327.2623 1.2202e+02     1.2974      2.656      3.852    13.1315 0.0000e+00
      2.714      0.031     9.2499     88.021     34.746  26.488979     0.7685      7.099   327.5073 1.2527e+02     1.3739      2.662      3.860    13.1253 0.0000e+00
      2.722      0.031     9.2541     88.059     34.692  26.447322     0.7645      7.099   327.8130 1.3147e+02     1.4529      2.669      3.872    13.1210 0.0000e+00
      2.731      0.031     9.2613     88.127     34.641  26.407841     0.7620      7.097   327.8614 1.2924e+02     1.4895      2.679      3.885    13.1181 0.0000e+00
      2.739      0.032     9.2688     88.197     34.621  26.392583     0.7664      7.095   327.7479 1.2293e+02     1.5115      2.686      3.895    13.1162 0.0000e+00
      2.747      0.035     9.2753     88.256     34.619  26.389831     0.7810      7.094   327.7312 1.2060e+02     1.5065      2.693      3.906    13.1148 0.0000e+00
      2.756      0.037     9.2833     88.323     34.603  26.374567     0.8094      7.093   327.7460 1.1907e+02     1.4895      2.702      3.920    13.1134 0.0000e+00
      2.765      0.038     9.2938     88.414     34.555  26.335020     0.8248      7.093   327.7551 1.1599e+02     1.4884      2.710      3.931    13.1131 0.0000e+00
      2.775      0.040     9.3047     88.510     34.503  26.292629     0.8203      7.092   327.8414 1.1475e+02     1.4928      2.720      3.944    13.1135 0.0000e+00
      2.787      0.043     9.3150     88.600     34.442  26.242979     0.8104      7.090   327.9284 1.1590e+02     1.4510      2.734      3.964    13.1124 0.0000e+00
      2.799      0.045     9.3225     88.658     34.364  26.179165     0.7973      7.087   327.9467 1.1482e+02     1.3500      2.746      3.982    13.1074 0.0000e+00
      2.809      0.046     9.3282     88.697     34.340  26.156001     0.7812      7.084   327.9760 1.1153e+02     1.2783      2.753      3.993    13.1009 0.0000e+00
      2.821      0.046     9.3382     88.780     34.343  26.153387     0.7720      7.082   328.0252 1.0864e+02     1.2551      2.764      4.010    13.0980 0.0000e+00
