Data/DataNotYetUploadedToEDI/Raw_CTD/RawDownloads/043018_fcr50(2).cnv
* Sea-Bird SBE19plus  Data File:
* FileName = C:\DATA\043018_fcr_0012.hex
* Software version 2.6.3.104 SB_Terminal.dll
* Temperature SN = 7809
* Conductivity SN = 7809
* System UpLoad Time = May 01 2018 12:01:24
* <ApplicationData>
* <Seaterm232>
# nquan = 15
# nvalues = 569                         
# units = specified
# name 0 = depFM: Depth [fresh water, m]
# name 1 = dz/dtM: Descent Rate [m/s]
# name 2 = sbeox0Mg/L: Oxygen, SBE 43 [mg/l]
# name 3 = sbeox0PS: Oxygen, SBE 43 [% saturation]
# name 4 = specc: Specific Conductance [uS/cm]
# name 5 = c0uS/cm: Conductivity [uS/cm]
# name 6 = flECO-AFL: Fluorescence, WET Labs ECO-AFL/FL [mg/m^3]
# name 7 = ph: pH
# name 8 = orp: Oxidation Reduction Potential [mV]
# name 9 = par/sat/log: PAR/Logarithmic, Satlantic
# name 10 = turbWETntu0: Turbidity, WET Labs ECO [NTU]
# name 11 = prdM: Pressure, Strain Gauge [db]
# name 12 = prdE: Pressure, Strain Gauge [psi]
# name 13 = tv290C: Temperature [ITS-90, deg C]
# name 14 = flag:  0.000e+00
# span 0 =     -0.554,      9.784       
# span 1 =     -0.114,      0.383       
# span 2 =     6.8043,    10.3484       
# span 3 =     67.962,    103.630       
# span 4 =      0.568,     38.448       
# span 5 =   0.444964,  28.318162       
# span 6 =    -1.7748,     7.7576       
# span 7 =      6.640,      8.210       
# span 8 =  -246.9769,   616.5719       
# span 9 = 1.2560e-01, 1.9804e+03       
# span 10 =    -2.4771,     1.9931      
# span 11 =     -0.545,      9.595      
# span 12 =     -0.790,     13.917      
# span 13 =     8.1696,    15.6014      
# span 14 = 0.0000e+00, 0.0000e+00      
# interval = seconds: 0.25
# start_time = Apr 30 2018 21:04:05 [Instrument's time stamp, header]
# bad_flag = -9.990e-29
*END*
[from data line 290]
      1.774      0.089     9.4931     93.844     34.757  27.702464     0.5913      7.178   330.9660 1.9155e+02     1.2876      1.739      2.522    14.8717 0.0000e+00
      1.797      0.088     9.4996     93.889     34.742  27.684192     0.5804      7.178   330.6340 1.8353e+02     1.2930      1.763      2.557    14.8686 0.0000e+00
      1.819      0.092     9.5059     93.901     34.671  27.611325     0.5808      7.175   330.5669 1.7891e+02     1.2668      1.785      2.590    14.8632 0.0000e+00
      1.839      0.098     9.5167     93.881     34.610  27.519903     0.6039      7.171   330.5847 1.7751e+02     1.2768      1.803      2.616    14.8540 0.0000e+00
      1.860      0.103     9.5252     93.777     34.626  27.467742     0.6390      7.169   330.5912 1.7826e+02     1.3222      1.820      2.639    14.8492 0.0000e+00
      1.889      0.106     9.5226     93.579     34.646  27.425052     0.6561      7.169   330.5593 1.7844e+02     1.3270      1.849      2.681    14.8427 0.0000e+00
      1.924      0.106     9.5135     93.357     34.652  27.384662     0.6461      7.170   330.6298 1.7972e+02     1.3042      1.889      2.740    14.8303 0.0000e+00
      1.957      0.104     9.5033     93.134     34.674  27.360320     0.6277      7.170   330.9263 1.8282e+02     1.2910      1.921      2.787    14.7701 0.0000e+00
      1.983      0.100     9.4953     92.914     34.686  27.321181     0.6265      7.169   331.2193 1.8533e+02     1.2900      1.946      2.822    14.6519 0.0000e+00
      2.003      0.099     9.4913     92.707     34.641  27.228874     0.6406      7.167   331.3343 1.8477e+02     1.3226      1.966      2.852    14.5657 0.0000e+00
      2.022      0.102     9.4861     92.477     34.598  27.133138     0.6506      7.165   331.2828 1.8058e+02     1.3486      1.982      2.874    14.5107 0.0000e+00
      2.042      0.107     9.4750     92.206     34.648  27.116022     0.6563      7.164   331.1994 1.7575e+02     1.3297      2.000      2.900    14.4533 0.0000e+00
      2.069      0.112     9.4611     91.944     34.746  27.148857     0.6634      7.165   331.0999 1.7125e+02     1.3077      2.026      2.937    14.3861 0.0000e+00
      2.106      0.116     9.4479     91.727     34.785  27.149111     0.6720      7.167   330.9400 1.6829e+02     1.2662      2.065      2.994    14.2993 0.0000e+00
      2.146      0.116     9.4326     91.512     34.776  27.119058     0.6780      7.168   331.1594 1.6765e+02     1.2252      2.109      3.059    14.2064 0.0000e+00
      2.179      0.113     9.4141     91.273     34.781  27.102951     0.6712      7.170   331.7730 1.6838e+02     1.2388      2.141      3.105    14.1204 0.0000e+00
      2.202      0.108     9.3961     91.051     34.775  27.081327     0.6543      7.170   332.0790 1.6879e+02     1.2791      2.160      3.132    14.0578 0.0000e+00
      2.222      0.100     9.3840     90.894     34.750  27.048080     0.6492      7.169   332.0196 1.6584e+02     1.3154      2.179      3.160    14.0170 0.0000e+00
      2.245      0.095     9.3798     90.811     34.731  27.018426     0.6556      7.167   331.8293 1.6044e+02     1.3107      2.199      3.189    13.9877 0.0000e+00
      2.271      0.095     9.3794     90.758     34.700  26.976760     0.6664      7.165   331.6710 1.5427e+02     1.2831      2.226      3.229    13.9569 0.0000e+00
      2.298      0.099     9.3791     90.692     34.661  26.925253     0.6784      7.160   331.7402 1.4833e+02     1.2875      2.256      3.272    13.9316 0.0000e+00
      2.320      0.103     9.3794     90.614     34.669  26.903615     0.6816      7.156   332.2363 1.4445e+02     1.3024      2.274      3.298    13.9168 0.0000e+00
      2.345      0.106     9.3804     90.538     34.710  26.905591     0.6876      7.152   333.1084 1.4179e+02     1.3102      2.297      3.332    13.8938 0.0000e+00
      2.374      0.108     9.3789     90.435     34.725  26.885613     0.6956      7.150   333.5952 1.3848e+02     1.2906      2.330      3.379    13.8708 0.0000e+00
      2.404      0.108     9.3800     90.335     34.731  26.852512     0.7222      7.148   333.3041 1.3445e+02     1.2480      2.358      3.420    13.8427 0.0000e+00
      2.433      0.108     9.3915     90.305     34.756  26.822804     0.7796      7.148   332.7720 1.3123e+02     1.2233      2.386      3.460    13.7966 0.0000e+00
      2.462      0.108     9.4086     90.274     34.789  26.780349     0.8195      7.147   332.6678 1.2911e+02     1.2362      2.415      3.503    13.7531 0.0000e+00
      2.488      0.109     9.4281     90.149     34.852  26.720105     0.8283      7.145   333.1620 1.2691e+02     1.2815      2.441      3.540    13.7150 0.0000e+00
      2.513      0.111     9.4481     89.882     34.990  26.665737     0.8307      7.142   333.7580 1.2437e+02     1.3133      2.464      3.572    13.6592 0.0000e+00
      2.539      0.112     9.4589     89.464     35.185  26.630780     0.8307      7.140   334.0235 1.2197e+02     1.3156      2.488      3.608    13.5907 0.0000e+00
      2.569      0.111     9.4513     88.959     35.365  26.614701     0.8281      7.136   334.1351 1.1926e+02     1.3092      2.517      3.651    13.5077 0.0000e+00
      2.603      0.110     9.4250     88.447     35.467  26.598148     0.8267      7.133   334.2470 1.1644e+02     1.2963      2.553      3.703    13.3626 0.0000e+00
      2.635      0.110     9.3881     87.934     35.493  26.557533     0.8222      7.130   334.4297 1.1465e+02     1.3430      2.586      3.752    13.1177 0.0000e+00
      2.660      0.110     9.3492     87.359     35.523  26.504540     0.8206      7.124   334.8821 1.1277e+02     1.4468      2.612      3.788    12.8236 0.0000e+00
      2.681      0.112     9.3072     86.659     35.621  26.465291     0.8252      7.115   335.2416 1.0957e+02     1.4835      2.630      3.814    12.5893 0.0000e+00
      2.704      0.116     9.2600     85.854     35.799  26.463828     0.8331      7.105   335.0767 1.0598e+02     1.4818      2.650      3.842    12.4722 0.0000e+00
      2.734      0.121     9.2147     85.073     36.011  26.486704     0.8968      7.099   334.9532 1.0286e+02     1.4870      2.679      3.886    12.4240 0.0000e+00
      2.770      0.123     9.1689     84.362     36.158  26.487746     1.0172      7.097   335.2120 9.9557e+01     1.4549      2.714      3.937    12.3255 0.0000e+00
      2.809      0.121     9.1125     83.678     36.228  26.476312     1.0846      7.096   335.3665 9.6306e+01     1.4291      2.755      3.996    12.1555 0.0000e+00
      2.847      0.115     9.0496     83.044     36.256  26.475379     1.0964      7.095   335.3584 9.4284e+01     1.4500      2.796      4.055    11.9601 0.0000e+00
      2.876      0.105     8.9912     82.488     36.268  26.476439     1.1313      7.094   335.4585 9.3417e+01     1.4025      2.824      4.095    11.7605 0.0000e+00
      2.896      0.098     8.9413     81.976     36.314  26.489132     1.1759      7.091   335.4575 9.3021e+01     1.2819      2.841      4.121    11.5995 0.0000e+00
      2.912      0.094     8.8997     81.486     36.389  26.501835     1.1940      7.084   335.2600 9.2357e+01     1.2434      2.855      4.140    11.5153 0.0000e+00
      2.930      0.095     8.8631     81.019     36.462  26.502986     1.2030      7.077   335.2226 9.1286e+01     1.2719      2.871      4.165    11.5027 0.0000e+00
      2.954      0.100     8.8280     80.569     36.532  26.502993     1.2117      7.072   335.3500 8.9561e+01     1.2909      2.895      4.200    11.5079 0.0000e+00
      2.984      0.105     8.7989     80.175     36.600  26.501863     1.2252      7.068   335.5958 8.7115e+01     1.2907      2.925      4.241    11.4832 0.0000e+00
      3.018      0.107     8.7767     79.860     36.645  26.489275     1.2562      7.065   335.8708 8.4646e+01     1.2693      2.960      4.292    11.4160 0.0000e+00
      3.051      0.105     8.7573     79.608     36.670  26.477734     1.2844      7.061   336.0086 8.2091e+01     1.2455      2.994      4.343    11.3380 0.0000e+00
      3.078      0.101     8.7444     79.436     36.716  26.489271     1.2899      7.056   335.7985 7.9765e+01     1.2779      3.020      4.381    11.2727 0.0000e+00
      3.098      0.096     8.7423     79.350     36.770  26.501753     1.2944      7.050   335.3096 7.8133e+01     1.3255      3.039      4.407    11.2005 0.0000e+00
      3.117      0.095     8.7472     79.317     36.813  26.501642     1.3119      7.044   335.2598 7.6690e+01     1.3022      3.055      4.431    11.1303 0.0000e+00
      3.138      0.100     8.7535     79.283     36.846  26.487887     1.3265      7.037   335.4545 7.5496e+01     1.2711      3.076      4.462    11.0959 0.0000e+00
      3.162      0.109     8.7585     79.208     36.877  26.462398     1.3516      7.032   335.5988 7.4690e+01     1.2848      3.101      4.497    11.0754 0.0000e+00
      3.190      0.118     8.7617     79.091     36.938  26.447396     1.4127      7.027   335.8848 7.3562e+01     1.3148      3.126      4.534    11.0349 0.0000e+00
      3.225      0.123     8.7626     78.956     36.999  26.433425     1.4869      7.024   335.9875 7.1756e+01     1.3293      3.160      4.583    10.9939 0.0000e+00
      3.264      0.122     8.7598     78.827     37.039  26.420396     1.5224      7.023   335.6364 6.9748e+01     1.3072      3.203      4.645    10.9483 0.0000e+00
      3.301      0.117     8.7539     78.716     37.067  26.416810     1.5300      7.023   334.9951 6.7978e+01     1.2618      3.241      4.701    10.8827 0.0000e+00
      3.331      0.109     8.7487     78.622     37.056  26.390040     1.5513      7.022   334.7726 6.6442e+01     1.2379      3.270      4.743    10.7979 0.0000e+00
      3.353      0.103     8.7432     78.502     37.041  26.350686     1.5772      7.018   335.1839 6.5071e+01     1.2319      3.290      4.772    10.7100 0.0000e+00
      3.372      0.101     8.7316     78.285     37.065  26.321938     1.5859      7.011   335.5794 6.3702e+01     1.2494      3.305      4.794    10.6534 0.0000e+00
      3.392      0.103     8.7123     77.971     37.109  26.296379     1.5916      7.003   335.7688 6.2138e+01     1.2974      3.324      4.821    10.6285 0.0000e+00
      3.417      0.108     8.6878     77.617     37.186  26.295573     1.6101      6.998   335.9263 6.0505e+01     1.2626      3.349      4.857    10.6109 0.0000e+00
      3.450      0.113     8.6568     77.237     37.270  26.312139     1.6349      6.994   336.1067 5.8937e+01     1.1337      3.382      4.904    10.5772 0.0000e+00
      3.486      0.115     8.6197     76.830     37.306  26.306140     1.6523      6.990   336.3152 5.7724e+01     1.0517      3.422      4.962    10.5107 0.0000e+00
      3.520      0.114     8.5828     76.439     37.315  26.286507     1.6552      6.988   336.3822 5.6934e+01     1.0642      3.454      5.010    10.4277 0.0000e+00
      3.548      0.110     8.5501     76.094     37.316  26.265217     1.6612      6.986   336.3143 5.6031e+01     1.1022      3.481      5.048    10.3466 0.0000e+00
      3.573      0.104     8.5255     75.819     37.312  26.239181     1.7147      6.984   336.2683 5.4870e+01     1.1456      3.504      5.083    10.2905 0.0000e+00
      3.595      0.098     8.5096     75.604     37.337  26.225671     1.8065      6.982   336.3418 5.3608e+01     1.2219      3.526      5.114    10.2547 0.0000e+00
      3.618      0.095     8.5001     75.439     37.390  26.228816     1.8615      6.979   337.0314 5.2206e+01     1.2616      3.548      5.147    10.2166 0.0000e+00
      3.643      0.096     8.4974     75.343     37.411  26.213676     1.8736      6.974   338.1541 5.0958e+01     1.2589      3.572      5.181    10.1913 0.0000e+00
      3.667      0.099     8.4983     75.291     37.385  26.169579     1.9156      6.969   338.4724 4.9973e+01     1.2819      3.598      5.217    10.1640 0.0000e+00
      3.690      0.104     8.5020     75.262     37.380  26.140076     1.9929      6.964   338.1269 4.8918e+01     1.2952      3.617      5.246    10.1192 0.0000e+00
      3.716      0.108     8.5081     75.240     37.384  26.110911     2.0369      6.959   338.0199 4.7743e+01     1.2973      3.641      5.282    10.0701 0.0000e+00
      3.747      0.110     8.5136     75.194     37.383  26.070897     2.0611      6.956   337.9529 4.6596e+01     1.3072      3.675      5.331    10.0280 0.0000e+00
      3.778      0.112     8.5198     75.128     37.408  26.037190     2.1945      6.953   337.7479 4.5612e+01     1.2930      3.706      5.375     9.9983 0.0000e+00
      3.808      0.115     8.5328     75.064     37.401  25.957295     2.4268      6.949   338.1222 4.4546e+01     1.2484      3.734      5.416     9.9667 0.0000e+00
      3.837      0.118     8.5538     74.954     37.449  25.866746     2.5541      6.945   338.9512 4.3325e+01     1.2244      3.762      5.458     9.9219 0.0000e+00
      3.863      0.120     8.5736     74.738     37.636  25.831165     2.5758      6.942   339.2532 4.2230e+01     1.2469      3.788      5.494     9.8737 0.0000e+00
      3.892      0.121     8.5871     74.498     37.783  25.780892     2.7438      6.940   339.2780 4.1178e+01     1.2771      3.815      5.532     9.8064 0.0000e+00
      3.926      0.123     8.5942     74.292     37.836  25.703198     3.0510      6.936   339.3372 4.0186e+01     1.2845      3.850      5.583     9.7240 0.0000e+00
      3.962      0.123     8.5963     74.084     37.904  25.653586     3.2112      6.932   339.1082 3.9350e+01     1.2750      3.887      5.638     9.5647 0.0000e+00
      3.994      0.122     8.5929     73.848     37.994  25.625401     3.2105      6.928   338.8329 3.8505e+01     1.3148      3.918      5.682     9.3011 0.0000e+00
      4.024      0.122     8.5781     73.550     38.089  25.616297     3.1155      6.922   339.4495 3.7612e+01     1.3995      3.946      5.723     9.0907 0.0000e+00
      4.054      0.122     8.5521     73.202     38.154  25.606936     2.9455      6.914   340.7997 3.6733e+01     1.4755      3.976      5.767     8.9607 0.0000e+00
      4.082      0.126     8.5265     72.881     38.173  25.575655     2.8457      6.909   341.5638 3.5883e+01     1.5319      4.005      5.809     8.8371 0.0000e+00
      4.109      0.131     8.5072     72.619     38.206  25.555499     2.8280      6.906   341.6324 3.4949e+01     1.5321      4.027      5.841     8.7139 0.0000e+00
      4.143      0.133     8.4896     72.378     38.262  25.553670     2.8607      6.905   341.4570 3.3765e+01     1.5088      4.057      5.884     8.6140 0.0000e+00
      4.186      0.133     8.4802     72.220     38.313  25.553506     3.2494      6.903   341.2497 3.2560e+01     1.4941      4.106      5.955     8.5521 0.0000e+00
      4.228      0.132     8.4892     72.236     38.353  25.553484     3.9531      6.898   341.4495 3.1638e+01     1.4765      4.151      6.020     8.4989 0.0000e+00
      4.261      0.132     8.5159     72.418     38.382  25.553370     4.3383      6.892   341.8940 3.0932e+01     1.4790      4.181      6.063     8.4404 0.0000e+00
      4.287      0.132     8.5609     72.760     38.407  25.552112     4.3787      6.887   342.1499 3.0350e+01     1.4622      4.205      6.098     8.3895 0.0000e+00
      4.312      0.132     8.6249     73.266     38.410  25.538251     4.4052      6.883   342.3924 2.9783e+01     1.4568      4.227      6.131     8.3431 0.0000e+00
      4.345      0.134     8.6991     73.869     38.390  25.512752     4.4377      6.880   342.5887 2.9003e+01     1.5062      4.257      6.174     8.3081 0.0000e+00
      4.385      0.138     8.7711     74.463     38.378  25.497764     4.4409      6.877   342.6309 2.8035e+01     1.5394      4.300      6.235     8.2861 0.0000e+00
      4.427      0.142     8.8366     75.012     38.363  25.484015     4.4620      6.873   342.7307 2.7111e+01     1.5233      4.343      6.299     8.2628 0.0000e+00
