Data/DataNotYetUploadedToEDI/Raw_CTD/RawDownloads/043018_fcr45.cnv
* Sea-Bird SBE19plus  Data File:
* FileName = C:\DATA\043018_fcr_0011.hex
* Software version 2.6.3.104 SB_Terminal.dll
* Temperature SN = 7809
* Conductivity SN = 7809
* System UpLoad Time = May 01 2018 12:01:02
* <ApplicationData>
* <Seaterm232>
# nquan = 15
# nvalues = 974                         
# units = specified
# name 0 = depFM: Depth [fresh water, m]
# name 1 = dz/dtM: Descent Rate [m/s]
# name 2 = sbeox0Mg/L: Oxygen, SBE 43 [mg/l]
# name 3 = sbeox0PS: Oxygen, SBE 43 [% saturation]
# name 4 = specc: Specific Conductance [uS/cm]
# name 5 = c0uS/cm: Conductivity [uS/cm]
# name 6 = flECO-AFL: Fluorescence, WET Labs ECO-AFL/FL [mg/m^3]
# name 7 = ph: pH
# name 8 = orp: Oxidation Reduction Potential [mV]
# name 9 = par/sat/log: PAR/Logarithmic, Satlantic
# name 10 = turbWETntu0: Turbidity, WET Labs ECO [NTU]
# name 11 = prdM: Pressure, Strain Gauge [db]
# name 12 = prdE: Pressure, Strain Gauge [psi]
# name 13 = tv290C: Temperature [ITS-90, deg C]
# name 14 = flag:  0.000e+00
# span 0 =     -0.555,      7.364       
# span 1 =     -0.096,      0.349       
# span 2 =     6.7822,    10.0834       
# span 3 =     62.993,    102.815       
# span 4 =      0.488,     38.591       
# span 5 =   0.399297,  29.513845       
# span 6 =    -0.2036,     8.0347       
# span 7 =      6.334,     11.088       
# span 8 =  -812.8210,   490.2694       
# span 9 = 1.7455e+00, 1.5885e+03       
# span 10 =    -3.3398,     2.1623      
# span 11 =     -0.544,      7.222      
# span 12 =     -0.790,     10.475      
# span 13 =     8.0823,    16.3111      
# span 14 = 0.0000e+00, 0.0000e+00      
# interval = seconds: 0.25
# start_time = Apr 30 2018 20:50:12 [Instrument's time stamp, header]
# bad_flag = -9.990e-29
*END*
[from data line 579]
      2.793      0.043     9.0573     84.904     35.621  26.679113     0.9746      7.062   328.8059 1.0913e+02     1.4537      2.738      3.971    12.4351 0.0000e+00
      2.805      0.043     9.0514     84.845     35.617  26.674953     0.9658      7.060   328.7459 1.0977e+02     1.4810      2.750      3.986    12.4412 0.0000e+00
      2.819      0.044     9.0470     84.813     35.659  26.709956     0.9606      7.058   328.7350 1.0882e+02     1.4768      2.765      4.009    12.4483 0.0000e+00
      2.832      0.044     9.0403     84.773     35.663  26.721355     0.9671      7.057   328.7607 1.0922e+02     1.4348      2.779      4.031    12.4493 0.0000e+00
      2.842      0.043     9.0324     84.720     35.605  26.685800     0.9705      7.055   328.7117 1.0770e+02     1.3698      2.787      4.042    12.4456 0.0000e+00
      2.851      0.041     9.0275     84.678     35.570  26.661041     0.9640      7.054   328.7462 1.0502e+02     1.3321      2.795      4.054    12.4411 0.0000e+00
      2.861      0.038     9.0259     84.653     35.595  26.675983     0.9630      7.053   328.9195 1.0425e+02     1.3138      2.807      4.072    12.4442 0.0000e+00
      2.871      0.036     9.0260     84.643     35.601  26.675975     0.9660      7.052   328.9999 1.0508e+02     1.2699      2.817      4.084    12.4610 0.0000e+00
      2.880      0.036     9.0277     84.646     35.587  26.660944     1.0012      7.051   328.9434 1.0662e+02     1.3209      2.825      4.097    12.4753 0.0000e+00
      2.889      0.036     9.0310     84.654     35.630  26.684724     1.0675      7.050   328.8388 1.0711e+02     1.4728      2.833      4.109    12.4756 0.0000e+00
      2.898      0.036     9.0333     84.642     35.680  26.709508     1.0960      7.049   328.8534 1.0570e+02     1.5500      2.842      4.121    12.4684 0.0000e+00
      2.907      0.036     9.0350     84.625     35.693  26.706602     1.0885      7.047   329.1199 1.0540e+02     1.5528      2.852      4.136    12.4619 0.0000e+00
      2.916      0.036     9.0347     84.600     35.713  26.713066     1.0691      7.045   329.3086 1.0486e+02     1.5371      2.860      4.148    12.4589 0.0000e+00
      2.925      0.036     9.0309     84.554     35.732  26.724152     1.0453      7.044   329.4146 1.0223e+02     1.5121      2.868      4.159    12.4459 0.0000e+00
      2.935      0.036     9.0270     84.514     35.720  26.713648     1.0309      7.043   329.6269 1.0170e+02     1.4951      2.878      4.174    12.4257 0.0000e+00
      2.944      0.036     9.0240     84.480     35.722  26.713054     1.0235      7.041   329.7239 1.0126e+02     1.4838      2.888      4.188    12.4068 0.0000e+00
      2.953      0.036     9.0203     84.432     35.734  26.716976     1.0201      7.038   329.7264 1.0018e+02     1.4972      2.896      4.200    12.3939 0.0000e+00
      2.962      0.036     9.0159     84.368     35.720  26.697562     1.0174      7.034   329.7440 9.9576e+01     1.5356      2.906      4.214    12.3910 0.0000e+00
      2.971      0.037     9.0102     84.287     35.695  26.668797     1.0190      7.032   329.7646 9.7882e+01     1.5510      2.914      4.226    12.3898 0.0000e+00
      2.980      0.040     9.0032     84.191     35.649  26.623153     1.0215      7.029   329.8039 9.8635e+01     1.5302      2.922      4.238    12.3884 0.0000e+00
      2.990      0.044     8.9977     84.105     35.622  26.590153     1.0189      7.027   329.9604 1.0012e+02     1.4988      2.932      4.253    12.3824 0.0000e+00
      3.000      0.049     8.9914     84.003     35.641  26.587248     1.0153      7.025   330.1940 9.9157e+01     1.5075      2.941      4.266    12.3684 0.0000e+00
      3.013      0.054     8.9827     83.863     35.671  26.588018     1.0141      7.022   330.3056 9.7622e+01     1.5433      2.954      4.284    12.3530 0.0000e+00
      3.029      0.058     8.9764     83.719     35.730  26.599436     1.0227      7.018   330.3633 9.6944e+01     1.5348      2.970      4.307    12.3386 0.0000e+00
      3.046      0.059     8.9698     83.544     35.785  26.598274     1.0282      7.015   330.3757 9.8206e+01     1.4963      2.986      4.331    12.3205 0.0000e+00
      3.064      0.059     8.9579     83.313     35.814  26.573922     1.0167      7.013   330.3691 9.7759e+01     1.4738      3.005      4.359    12.2981 0.0000e+00
      3.079      0.057     8.9476     83.101     35.853  26.558927     1.0117      7.012   330.4557 9.5165e+01     1.4773      3.020      4.381    12.2708 0.0000e+00
      3.093      0.054     8.9399     82.936     35.880  26.543923     1.0224      7.009   330.5628 9.2720e+01     1.4770      3.033      4.399    12.2267 0.0000e+00
      3.107      0.050     8.9250     82.725     35.884  26.519454     1.0265      7.007   330.6319 9.0315e+01     1.4702      3.047      4.419    12.1609 0.0000e+00
      3.119      0.047     8.9050     82.442     35.932  26.517034     1.0256      7.006   330.6025 8.9508e+01     1.4870      3.058      4.436    12.0967 0.0000e+00
      3.129      0.045     8.8849     82.109     36.006  26.514616     1.0293      7.006   330.5514 8.8089e+01     1.4970      3.068      4.451    12.0328 0.0000e+00
      3.139      0.043     8.8615     81.734     36.056  26.490161     1.0347      7.005   330.5301 8.5978e+01     1.4990      3.078      4.464    11.9780 0.0000e+00
      3.150      0.042     8.8342     81.342     36.109  26.475265     1.0447      7.003   330.5174 8.5208e+01     1.5119      3.088      4.479    11.9550 0.0000e+00
      3.161      0.041     8.8037     80.937     36.156  26.461435     1.0585      7.001   330.7415 8.6259e+01     1.5001      3.101      4.497    11.9093 0.0000e+00
      3.172      0.040     8.7730     80.535     36.205  26.449887     1.0732      7.000   331.0030 8.8122e+01     1.5091      3.112      4.512    11.8170 0.0000e+00
      3.182      0.038     8.7429     80.140     36.287  26.462581     1.0844      6.998   330.9251 8.7272e+01     1.5291      3.120      4.526    11.7264 0.0000e+00
      3.191      0.035     8.7079     79.724     36.373  26.487877     1.0921      6.996   330.8329 8.4823e+01     1.4978      3.129      4.538    11.6544 0.0000e+00
      3.200      0.033     8.6682     79.300     36.425  26.501714     1.0931      6.994   330.9203 8.3318e+01     1.4661      3.139      4.552    11.5898 0.0000e+00
      3.208      0.031     8.6299     78.894     36.458  26.502871     1.0875      6.993   331.0360 8.2657e+01     1.4507      3.147      4.564    11.5276 0.0000e+00
      3.215      0.030     8.5953     78.506     36.496  26.501844     1.0888      6.993   331.1126 8.2578e+01     1.4647      3.153      4.573    11.4571 0.0000e+00
      3.221      0.029     8.5633     78.142     36.518  26.489264     1.0898      6.993   331.0719 8.2267e+01     1.5129      3.159      4.582    11.3974 0.0000e+00
      3.229      0.027     8.5303     77.793     36.529  26.477723     1.0727      6.992   331.0606 8.1730e+01     1.5450      3.166      4.593    11.3763 0.0000e+00
      3.237      0.027     8.4960     77.461     36.556  26.489268     1.0470      6.991   331.1479 8.1550e+01     1.5484      3.175      4.605    11.3513 0.0000e+00
      3.244      0.028     8.4670     77.187     36.580  26.501863     1.0278      6.990   331.1816 8.0741e+01     1.5537      3.181      4.615    11.3035 0.0000e+00
      3.249      0.030     8.4485     76.992     36.597  26.503010     1.0143      6.989   331.2094 8.0146e+01     1.5782      3.186      4.622    11.2615 0.0000e+00
      3.256      0.033     8.4373     76.843     36.623  26.503115     1.0130      6.988   331.3115 8.0053e+01     1.5706      3.192      4.630    11.2316 0.0000e+00
      3.264      0.037     8.4258     76.685     36.653  26.503117     1.0206      6.987   331.4701 7.8920e+01     1.5231      3.200      4.642    11.2249 0.0000e+00
      3.274      0.040     8.4108     76.495     36.683  26.503017     1.0242      6.984   331.6645 7.7404e+01     1.4911      3.210      4.656    11.2281 0.0000e+00
      3.286      0.042     8.3944     76.296     36.710  26.501873     1.0285      6.980   331.7698 7.6172e+01     1.4895      3.222      4.673    11.2120 0.0000e+00
      3.300      0.042     8.3788     76.119     36.714  26.489272     1.0361      6.978   331.7959 7.5642e+01     1.5031      3.237      4.695    11.1823 0.0000e+00
      3.312      0.041     8.3635     75.960     36.709  26.477623     1.0336      6.977   331.8940 7.5472e+01     1.5031      3.250      4.713    11.1505 0.0000e+00
      3.321      0.040     8.3523     75.829     36.741  26.488014     1.0258      6.975   332.0098 7.4464e+01     1.4905      3.257      4.723    11.1232 0.0000e+00
      3.329      0.037     8.3431     75.700     36.767  26.487901     1.0247      6.973   332.0782 7.3669e+01     1.5030      3.264      4.735    11.0893 0.0000e+00
      3.338      0.034     8.3309     75.535     36.782  26.476245     1.0290      6.971   332.1179 7.3155e+01     1.5317      3.274      4.748    11.0660 0.0000e+00
      3.347      0.031     8.3225     75.410     36.808  26.474042     1.0315      6.969   332.1464 7.2088e+01     1.5324      3.283      4.761    11.0662 0.0000e+00
      3.356      0.029     8.3198     75.349     36.811  26.461250     1.0278      6.966   332.1641 7.0779e+01     1.5120      3.291      4.774    11.0482 0.0000e+00
      3.363      0.026     8.3168     75.297     36.808  26.448553     1.0305      6.964   332.1601 6.9745e+01     1.4988      3.298      4.783    11.0198 0.0000e+00
      3.369      0.024     8.3138     75.253     36.817  26.447502     1.0368      6.963   332.1832 6.9300e+01     1.4947      3.305      4.793    10.9882 0.0000e+00
      3.374      0.022     8.3122     75.234     36.821  26.448542     1.0296      6.962   332.2722 6.9410e+01     1.4922      3.309      4.800    10.9552 0.0000e+00
      3.379      0.020     8.3123     75.232     36.840  26.461118     1.0264      6.961   332.2892 6.9701e+01     1.4987      3.313      4.804    10.9379 0.0000e+00
      3.384      0.019     8.3143     75.232     36.866  26.472559     1.0350      6.959   332.2176 6.9188e+01     1.5135      3.318      4.813    10.9236 0.0000e+00
      3.389      0.019     8.3140     75.209     36.861  26.459879     1.0334      6.958   332.2665 6.8328e+01     1.5179      3.324      4.821    10.9114 0.0000e+00
      3.394      0.020     8.3086     75.148     36.834  26.434786     1.0244      6.957   332.4499 6.7826e+01     1.5212      3.328      4.827    10.9103 0.0000e+00
      3.399      0.021     8.3023     75.077     36.825  26.423137     1.0185      6.956   332.5419 6.7665e+01     1.5234      3.333      4.834    10.9179 0.0000e+00
      3.404      0.022     8.2978     75.013     36.871  26.446019     1.0169      6.955   332.4327 6.7660e+01     1.5131      3.337      4.841    10.9010 0.0000e+00
      3.409      0.025     8.2953     74.943     36.915  26.457452     1.0141      6.953   332.3344 6.7499e+01     1.5187      3.343      4.848    10.8841 0.0000e+00
      3.415      0.028     8.2950     74.876     36.921  26.434364     1.0128      6.951   332.3854 6.7184e+01     1.5304      3.349      4.857    10.8840 0.0000e+00
      3.422      0.030     8.2970     74.835     36.937  26.420817     1.0194      6.951   332.5336 6.6749e+01     1.5019      3.355      4.866    10.8731 0.0000e+00
      3.431      0.032     8.2986     74.807     36.962  26.420618     1.0200      6.949   332.6643 6.6237e+01     1.4797      3.364      4.879    10.8678 0.0000e+00
      3.441      0.033     8.2962     74.770     36.987  26.431946     1.0207      6.946   332.6753 6.6242e+01     1.5064      3.375      4.894    10.8384 0.0000e+00
      3.450      0.034     8.2929     74.735     36.988  26.430782     1.0275      6.945   332.6655 6.6303e+01     1.5198      3.384      4.908    10.7920 0.0000e+00
      3.458      0.036     8.2900     74.668     36.979  26.406538     1.0280      6.945   332.7175 6.5669e+01     1.4890      3.391      4.918    10.7631 0.0000e+00
      3.466      0.037     8.2826     74.528     37.003  26.392783     1.0275      6.943   332.7882 6.5098e+01     1.4695      3.398      4.929    10.7293 0.0000e+00
      3.475      0.038     8.2687     74.339     37.039  26.391433     1.0300      6.940   332.9182 6.4648e+01     1.4976      3.407      4.942    10.7242 0.0000e+00
      3.486      0.039     8.2500     74.130     37.062  26.390176     1.0320      6.937   333.0857 6.4305e+01     1.5235      3.419      4.957    10.7394 0.0000e+00
      3.497      0.041     8.2300     73.922     37.062  26.377573     1.0329      6.935   333.1779 6.4113e+01     1.5090      3.430      4.975    10.7099 0.0000e+00
      3.507      0.042     8.2142     73.751     37.062  26.366018     1.0315      6.935   333.1719 6.3845e+01     1.4742      3.440      4.989    10.6572 0.0000e+00
      3.517      0.044     8.2021     73.621     37.092  26.377449     1.0248      6.933   333.1863 6.3693e+01     1.4380      3.448      5.002    10.6177 0.0000e+00
      3.528      0.044     8.1945     73.538     37.117  26.388783     1.0157      6.931   333.3516 6.3505e+01     1.4376      3.459      5.017    10.5974 0.0000e+00
      3.540      0.045     8.2022     73.566     37.124  26.376068     1.0309      6.929   333.5361 6.3020e+01     1.4390      3.471      5.035    10.5851 0.0000e+00
      3.552      0.045     8.2257     73.685     37.144  26.350675     1.0714      6.928   333.6095 6.2657e+01     1.3632      3.484      5.053    10.5657 0.0000e+00
      3.565      0.044     8.2484     73.774     37.192  26.335695     1.0921      6.926   333.6360 6.2862e+01     1.2841      3.496      5.071    10.5498 0.0000e+00
      3.576      0.042     8.2659     73.818     37.242  26.321888     1.0884      6.923   333.6851 6.2975e+01     1.2761      3.507      5.087    10.5503 0.0000e+00
      3.586      0.039     8.2857     73.868     37.303  26.310681     1.0914      6.921   333.7736 6.2328e+01     1.2665      3.518      5.102    10.5368 0.0000e+00
      3.595      0.037     8.3055     73.906     37.411  26.327130     1.1003      6.919   333.8447 6.1552e+01     1.2595      3.526      5.114    10.4722 0.0000e+00
      3.603      0.035     8.3193     73.897     37.496  26.330218     1.0951      6.918   333.9422 6.1041e+01     1.2826      3.533      5.124    10.3978 0.0000e+00
      3.612      0.033     8.3266     73.833     37.510  26.284456     1.0836      6.917   334.1783 6.0916e+01     1.2721      3.542      5.138    10.3424 0.0000e+00
      3.621      0.032     8.3286     73.698     37.509  26.218239     1.0806      6.915   334.3772 6.0857e+01     1.2537      3.551      5.151    10.2680 0.0000e+00
      3.629      0.031     8.3259     73.482     37.552  26.164474     1.0761      6.914   334.3689 6.0148e+01     1.2739      3.559      5.162    10.1802 0.0000e+00
      3.637      0.030     8.3197     73.210     37.656  26.142259     1.0756      6.913   334.3364 5.9324e+01     1.3030      3.566      5.172    10.1064 0.0000e+00
      3.645      0.028     8.3048     72.871     37.783  26.140033     1.0833      6.913   334.4132 5.8531e+01     1.3307      3.576      5.186    10.0391 0.0000e+00
      3.652      0.027     8.2715     72.410     37.886  26.137463     1.0870      6.912   334.5235 5.7964e+01     1.3348      3.582      5.195     9.9571 0.0000e+00
      3.657      0.027     8.2220     71.857     37.925  26.111108     1.1024      6.910   334.6374 5.7545e+01     1.3218      3.586      5.201     9.8420 0.0000e+00
      3.663      0.028     8.1634     71.262     37.927  26.075312     1.1313      6.908   334.7582 5.7122e+01     1.3262      3.592      5.210     9.7080 0.0000e+00
      3.669      0.029     8.0959     70.613     37.981  26.085592     1.1425      6.906   334.7795 5.7283e+01     1.2968      3.597      5.217     9.5818 0.0000e+00
