Data/DataNotYetUploadedToEDI/Raw_CTD/RawDownloads/043018_fcr10.cnv
* Sea-Bird SBE19plus  Data File:
* FileName = C:\DATA\043018_fcr_0008.hex
* Software version 2.6.3.104 SB_Terminal.dll
* Temperature SN = 7809
* Conductivity SN = 7809
* System UpLoad Time = May 01 2018 11:59:33
* <ApplicationData>
* <Seaterm232>
# nquan = 15
# nvalues = 698                         
# units = specified
# name 0 = depFM: Depth [fresh water, m]
# name 1 = dz/dtM: Descent Rate [m/s]
# name 2 = sbeox0Mg/L: Oxygen, SBE 43 [mg/l]
# name 3 = sbeox0PS: Oxygen, SBE 43 [% saturation]
# name 4 = specc: Specific Conductance [uS/cm]
# name 5 = c0uS/cm: Conductivity [uS/cm]
# name 6 = flECO-AFL: Fluorescence, WET Labs ECO-AFL/FL [mg/m^3]
# name 7 = ph: pH
# name 8 = orp: Oxidation Reduction Potential [mV]
# name 9 = par/sat/log: PAR/Logarithmic, Satlantic
# name 10 = turbWETntu0: Turbidity, WET Labs ECO [NTU]
# name 11 = prdM: Pressure, Strain Gauge [db]
# name 12 = prdE: Pressure, Strain Gauge [psi]
# name 13 = tv290C: Temperature [ITS-90, deg C]
# name 14 = flag:  0.000e+00
# span 0 =     -0.520,      2.711       
# span 1 =     -0.163,      0.278       
# span 2 =     6.0445,    13.5502       
# span 3 =     62.310,    125.149       
# span 4 =      0.962,     36.035       
# span 5 =   0.942018,  29.771039       
# span 6 =    -0.2011,     0.6592       
# span 7 =      1.484,      7.733       
# span 8 = -1240.7455,   492.3749       
# span 9 = 1.1076e+02, 1.7496e+03       
# span 10 =    -0.6743,     6.1931      
# span 11 =     -0.511,      2.660      
# span 12 =     -0.741,      3.857      
# span 13 =    11.7740,    23.9889      
# span 14 = 0.0000e+00, 0.0000e+00      
# interval = seconds: 0.25
# start_time = Apr 30 2018 19:29:15 [Instrument's time stamp, header]
# bad_flag = -9.990e-29
*END*
[from data line 97]
     -0.062      0.002     7.2231     72.914     35.896  29.310609     0.2126      7.133   286.8365 1.6762e+03     1.2590     -0.061     -0.089    15.7576 0.0000e+00
     -0.062      0.003     7.1786     72.494     35.911  29.336576     0.2065      7.122   286.7953 1.6701e+03     1.2023     -0.062     -0.090    15.7808 0.0000e+00
     -0.060      0.003     7.1349     72.080     35.904  29.344235     0.2030      7.115   286.6742 1.6880e+03     1.2367     -0.059     -0.085    15.7993 0.0000e+00
     -0.057      0.002     7.0939     71.699     35.880  29.339730     0.2061      7.116   286.6630 1.7113e+03     1.2773     -0.056     -0.082    15.8103 0.0000e+00
     -0.055      0.002     7.0544     71.369     35.847  29.345616     0.2077      7.126   286.7467 1.7063e+03     1.2661     -0.054     -0.079    15.8210 0.0000e+00
     -0.055      0.003     7.0135     71.059     35.794  29.351931     0.2034      7.136   286.9109 1.6950e+03     1.2225     -0.053     -0.077    15.8430 0.0000e+00
     -0.058      0.004     6.9755     70.774     35.737  29.352655     0.2006      7.139   287.0998 1.6852e+03     1.2086     -0.056     -0.082    15.8650 0.0000e+00
     -0.060      0.004     6.9408     70.515     35.684  29.354419     0.2008      7.138   287.2248 1.6646e+03     1.2508     -0.061     -0.090    15.8686 0.0000e+00
     -0.056      0.003     6.9087     70.264     35.663  29.373312     0.2062      7.139   287.3892 1.6564e+03     1.3063     -0.056     -0.083    15.9166 0.0000e+00
     -0.051      0.002     6.8808     70.017     35.663  29.390631     0.2202      7.143   287.6251 1.6599e+03     1.2992     -0.047     -0.069    16.0057 0.0000e+00
     -0.048      0.001     6.8571     69.784     35.637  29.373332     0.2235      7.145   287.7532 1.6548e+03     1.2571     -0.045     -0.065    16.0614 0.0000e+00
     -0.051      0.000     6.8357     69.567     35.614  29.354662     0.2182      7.145   287.7338 1.6656e+03     1.2543     -0.050     -0.072    16.1291 0.0000e+00
     -0.055     -0.003     6.8129     69.346     35.608  29.355402     0.2203      7.145   287.7347 1.6988e+03     1.2652     -0.055     -0.080    16.1898 0.0000e+00
     -0.056     -0.004     6.7880     69.116     35.628  29.382293     0.2127      7.146   287.8506 1.7093e+03     1.2673     -0.055     -0.081    16.2081 0.0000e+00
     -0.056     -0.003     6.7614     68.873     35.664  29.425793     0.1994      7.148   287.9305 1.6969e+03     1.2484     -0.055     -0.079    16.2090 0.0000e+00
     -0.057     -0.002     6.7324     68.604     35.662  29.436849     0.1972      7.152   288.0125 1.6938e+03     1.2196     -0.056     -0.081    16.2038 0.0000e+00
     -0.057     -0.001     6.7023     68.323     35.666  29.452487     0.2038      7.156   288.1532 1.7048e+03     1.2248     -0.056     -0.082    16.2126 0.0000e+00
     -0.057     -0.001     6.6735     68.056     35.692  29.487879     0.2149      7.160   288.2547 1.7145e+03     1.2500     -0.055     -0.080    16.2302 0.0000e+00
     -0.057     -0.001     6.6457     67.802     35.670  29.483763     0.2209      7.164   288.3798 1.7120e+03     1.2502     -0.055     -0.080    16.2496 0.0000e+00
     -0.058     -0.001     6.6194     67.562     35.631  29.466238     0.2218      7.168   288.5478 1.7042e+03     1.2275     -0.057     -0.082    16.2691 0.0000e+00
     -0.059     -0.001     6.5947     67.335     35.616  29.466518     0.2262      7.170   288.6505 1.7030e+03     1.2192     -0.058     -0.083    16.2864 0.0000e+00
     -0.059     -0.001     6.5701     67.105     35.628  29.487153     0.2281      7.173   288.5893 1.7066e+03     1.2415     -0.058     -0.083    16.3040 0.0000e+00
     -0.058     -0.001     6.5456     66.870     35.665  29.525243     0.2262      7.173   288.4958 1.7054e+03     1.2830     -0.057     -0.083    16.3254 0.0000e+00
     -0.058     -0.000     6.5224     66.642     35.684  29.546034     0.2220      7.172   288.5528 1.7050e+03     1.2943     -0.057     -0.082    16.3467 0.0000e+00
     -0.059     -0.000     6.4990     66.417     35.678  29.548032     0.2143      7.169   288.5903 1.7057e+03     1.2554     -0.058     -0.083    16.3641 0.0000e+00
     -0.059     -0.001     6.4754     66.195     35.668  29.549410     0.2156      7.164   288.4323 1.7040e+03     1.2408     -0.058     -0.084    16.3798 0.0000e+00
     -0.058     -0.001     6.4529     65.988     35.670  29.562707     0.2191      7.160   288.3632 1.7017e+03     1.2700     -0.057     -0.082    16.3904 0.0000e+00
     -0.058     -0.000     6.4314     65.793     35.678  29.581811     0.2109      7.156   288.5291 1.6997e+03     1.3026     -0.057     -0.082    16.3946 0.0000e+00
     -0.059      0.000     6.4123     65.619     35.675  29.589901     0.2074      7.154   288.6319 1.7023e+03     1.3302     -0.058     -0.084    16.4026 0.0000e+00
     -0.060      0.000     6.3951     65.459     35.672  29.597038     0.2143      7.154   288.6601 1.7071e+03     1.3292     -0.061     -0.087    16.4180 0.0000e+00
     -0.060      0.001     6.3786     65.309     35.670  29.604604     0.2205      7.154   288.7836 1.7111e+03     1.3215     -0.059     -0.085    16.4352 0.0000e+00
     -0.058      0.001     6.3639     65.179     35.673  29.617891     0.2185      7.154   288.8351 1.7139e+03     1.2970     -0.056     -0.081    16.4536 0.0000e+00
     -0.057      0.001     6.3510     65.070     35.674  29.630686     0.2084      7.155   288.6798 1.7144e+03     1.2470     -0.056     -0.081    16.4696 0.0000e+00
     -0.058      0.001     6.3380     64.960     35.661  29.632321     0.2082      7.156   288.4542 1.7126e+03     1.2355     -0.057     -0.082    16.4805 0.0000e+00
     -0.058      0.000     6.3252     64.850     35.654  29.637673     0.2165      7.159   288.3443 1.7098e+03     1.2504     -0.057     -0.082    16.4920 0.0000e+00
     -0.058     -0.001     6.3135     64.751     35.634  29.631908     0.2162      7.160   288.3847 1.7054e+03     1.2743     -0.057     -0.082    16.5084 0.0000e+00
     -0.059     -0.001     6.3013     64.646     35.614  29.626135     0.2146      7.160   288.4257 1.6985e+03     1.2798     -0.058     -0.084    16.5267 0.0000e+00
     -0.059     -0.001     6.2899     64.550     35.608  29.631387     0.2155      7.157   288.4096 1.6975e+03     1.2559     -0.058     -0.084    16.5430 0.0000e+00
     -0.059     -0.001     6.2804     64.470     35.598  29.631925     0.2178      7.154   288.4481 1.7022e+03     1.2605     -0.058     -0.083    16.5588 0.0000e+00
     -0.059     -0.001     6.2710     64.389     35.588  29.632645     0.2239      7.154   288.5484 1.7034e+03     1.2747     -0.058     -0.084    16.5744 0.0000e+00
     -0.059      0.000     6.2620     64.312     35.588  29.640101     0.2247      7.154   288.5892 1.7042e+03     1.2443     -0.058     -0.084    16.5895 0.0000e+00
     -0.059 -1.863e-08     6.2530     64.236     35.599  29.658584     0.2185      7.153   288.5968 1.7082e+03     1.2290     -0.057     -0.083    16.6046 0.0000e+00
     -0.059 -2.049e-07     6.2432     64.154     35.596  29.665614     0.2131      7.151   288.6413 1.7107e+03     1.2727     -0.058     -0.084    16.6178 0.0000e+00
     -0.060 -2.047e-07     6.2352     64.089     35.580  29.661616     0.2147      7.149   288.6103 1.7087e+03     1.2838     -0.059     -0.085    16.6289 0.0000e+00
     -0.060 -1.694e-08     6.2294     64.048     35.583  29.673757     0.2195      7.145   288.4799 1.7103e+03     1.2415     -0.059     -0.085    16.6390 0.0000e+00
     -0.059 1.9118e-15     6.2240     64.009     35.586  29.685417     0.2164      7.143   288.3550 1.7174e+03     1.2185     -0.058     -0.084    16.6513 0.0000e+00
     -0.059 2.1030e-14     6.2195     63.979     35.564  29.675594     0.2132      7.144   288.3045 1.7180e+03     1.2192     -0.058     -0.083    16.6657 0.0000e+00
     -0.060 2.3133e-13     6.2150     63.946     35.564  29.682005     0.2179      7.149   288.3868 1.7115e+03     1.2193     -0.058     -0.084    16.6793 0.0000e+00
     -0.060 2.5446e-12     6.2092     63.899     35.577  29.699438     0.2085      7.155   288.4897 1.7092e+03     1.2202     -0.060     -0.086    16.6925 0.0000e+00
     -0.060 2.7990e-11     6.2031     63.847     35.566  29.695869     0.1738      7.161   288.5156 1.7095e+03     1.2299     -0.059     -0.085    16.7052 0.0000e+00
     -0.059 3.0789e-10     6.1951     63.774     35.567  29.702362     0.1466      7.166   288.5279 1.7091e+03     1.2763     -0.058     -0.084    16.7171 0.0000e+00
     -0.059 3.3868e-09     6.1864     63.697     35.575  29.714446     0.1462      7.170   288.5523 1.7101e+03     1.3226     -0.057     -0.083    16.7270 0.0000e+00
     -0.059 3.7255e-08     6.1808     63.652     35.566  29.714976     0.1511      7.170   288.5528 1.7072e+03     1.3016     -0.057     -0.082    16.7363 0.0000e+00
     -0.060 4.0981e-07     6.1769     63.625     35.550  29.708778     0.1692      7.169   288.5330 1.7017e+03     1.2664     -0.059     -0.084    16.7448 0.0000e+00
     -0.060      0.000     6.1742     63.607     35.536  29.703013     0.1997      7.168   288.5716 1.6981e+03     1.2629     -0.059     -0.085    16.7505 0.0000e+00
     -0.059      0.000     6.1734     63.612     35.535  29.708797     0.2073      7.169   288.6757 1.6970e+03     1.2601     -0.058     -0.083    16.7587 0.0000e+00
     -0.058      0.001     6.1715     63.607     35.533  29.715212     0.2064      7.172   288.7589 1.6987e+03     1.2634     -0.057     -0.082    16.7709 0.0000e+00
     -0.058      0.001     6.1681     63.587     35.527  29.717086     0.2155      7.175   288.8029 1.6992e+03     1.2718     -0.057     -0.083    16.7818 0.0000e+00
     -0.058      0.001     6.1652     63.570     35.535  29.731460     0.2175      7.178   288.8639 1.7007e+03     1.2704     -0.058     -0.084    16.7879 0.0000e+00
     -0.057      0.001     6.1619     63.551     35.562  29.762008     0.2118      7.179   288.9799 1.7062e+03     1.2768     -0.056     -0.082    16.7967 0.0000e+00
     -0.057      0.001     6.1577     63.524     35.560  29.768926     0.2099      7.181   289.1725 1.7075e+03     1.2875     -0.055     -0.080    16.8100 0.0000e+00
     -0.057      0.001     6.1503     63.463     35.530  29.751606     0.2137      7.181   289.3008 1.7040e+03     1.2779     -0.055     -0.080    16.8200 0.0000e+00
     -0.057      0.000     6.1404     63.375     35.510  29.743122     0.2117      7.181   289.3265 1.7062e+03     1.2828     -0.056     -0.081    16.8291 0.0000e+00
     -0.056      0.000     6.1322     63.305     35.485  29.729862     0.2038      7.181   289.3973 1.7120e+03     1.2862     -0.055     -0.080    16.8406 0.0000e+00
     -0.056     -0.001     6.1269     63.264     35.463  29.718297     0.2017      7.180   289.4685 1.7140e+03     1.2574     -0.055     -0.080    16.8535 0.0000e+00
     -0.057     -0.001     6.1222     63.224     35.472  29.730305     0.1856      7.180   289.4992 1.7138e+03     1.2409     -0.056     -0.081    16.8659 0.0000e+00
     -0.057     -0.001     6.1152     63.159     35.488  29.748043     0.1564      7.181   289.5106 1.7095e+03     1.2389     -0.057     -0.083    16.8760 0.0000e+00
     -0.057     -0.001     6.1071     63.086     35.474  29.742259     0.1425      7.181   289.5201 1.7000e+03     1.2329     -0.056     -0.082    16.8872 0.0000e+00
     -0.057      0.000     6.1003     63.027     35.444  29.723889     0.1370      7.181   289.6146 1.6934e+03     1.2289     -0.056     -0.081    16.8976 0.0000e+00
     -0.058 -1.159e-12     6.0934     62.967     35.428  29.716451     0.1454      7.181   289.7057 1.6931e+03     1.2511     -0.057     -0.082    16.9029 0.0000e+00
     -0.058 -1.275e-11     6.0849     62.889     35.422  29.715836     0.1803      7.182   289.6760 1.6962e+03     1.2577     -0.057     -0.082    16.9077 0.0000e+00
     -0.058 -1.402e-10     6.0785     62.833     35.417  29.716461     0.2096      7.183   289.6851 1.6996e+03     1.2475     -0.057     -0.082    16.9164 0.0000e+00
     -0.058 -1.542e-09     6.0759     62.818     35.417  29.724012     0.2147      7.183   289.8159 1.7024e+03     1.2503     -0.056     -0.082    16.9263 0.0000e+00
     -0.058 -1.696e-08     6.0721     62.793     35.431  29.743639     0.2146      7.182   289.9668 1.7110e+03     1.2302     -0.057     -0.083    16.9356 0.0000e+00
     -0.058 -1.866e-07     6.0685     62.770     35.446  29.763263     0.2173      7.180   290.1319 1.7201e+03     1.1575     -0.057     -0.083    16.9421 0.0000e+00
     -0.058 -1.897e-07     6.0667     62.764     35.447  29.770780     0.2198      7.180   290.2639 1.7207e+03     1.0434     -0.058     -0.083    16.9478 0.0000e+00
     -0.058 -5.416e-08     6.0634     62.741     35.440  29.771039     0.2168      7.179   290.3586 1.7214e+03     0.9790     -0.057     -0.082    16.9571 0.0000e+00
     -0.058 -4.110e-07     6.0593     62.707     35.429  29.766396     0.2092      7.176   290.4168 1.7198e+03     1.0191     -0.057     -0.082    16.9700 0.0000e+00
     -0.059     -0.000     6.0533     62.651     35.363  29.714643     0.2101      7.173   290.3648 1.7156e+03     1.1325     -0.058     -0.083    16.9794 0.0000e+00
     -0.059     -0.000     6.0445     62.546     34.920  29.335823     0.2189      7.169   290.3330 1.7191e+03     1.2210     -0.058     -0.083    16.9905 0.0000e+00
     -0.058     -0.001     6.0456     62.395     34.163  28.615260     0.2231      7.166   290.3760 1.7221e+03     1.2345     -0.057     -0.083    16.9965 0.0000e+00
     -0.058     -0.001     6.0836     62.310     33.859  28.114533     0.2142      7.166   290.4548 1.7217e+03     1.2347     -0.057     -0.082    17.0076 0.0000e+00
     -0.058     -0.001     6.2031     62.869     34.104  27.980382     0.2043      7.167   290.5973 1.7130e+03     1.2545     -0.057     -0.082    17.0070 0.0000e+00
     -0.059     -0.000     6.4707     65.022     34.395  27.945316     0.2050      7.166   290.7225 1.7059e+03     1.2599     -0.058     -0.084    17.0238 0.0000e+00
     -0.060 3.8796e-07     6.9247     69.234     34.596  27.944218     0.2038      7.163   290.7631 1.7017e+03     1.2390     -0.060     -0.087    16.9892 0.0000e+00
     -0.060      0.000     7.5405     75.186     34.735  27.966916     0.1980      7.160   290.8301 1.6875e+03     1.2457     -0.059     -0.085    16.5778 0.0000e+00
     -0.059      0.000     8.2405     82.046     34.794  27.965655     0.2003      7.159   291.0176 1.6757e+03     1.2796     -0.058     -0.083    15.9604 0.0000e+00
     -0.059      0.001     8.9277     88.814     34.784  27.928911     0.2129      7.159   291.3081 1.6660e+03     1.3136     -0.057     -0.083    15.5588 0.0000e+00
     -0.059      0.001     9.5356     94.810     34.774  27.903619     0.2219      7.160   291.5037 1.6735e+03     1.3197     -0.058     -0.083    15.3502 0.0000e+00
     -0.059      0.000    10.0147     99.536     34.803  27.913821     0.2170      7.162   291.4893 1.6897e+03     1.2624     -0.058     -0.084    15.2342 0.0000e+00
     -0.059 -4.064e-07    10.3230    102.575     34.827  27.925253     0.2082      7.164   291.5646 1.6825e+03     1.1706     -0.057     -0.083    15.1742 0.0000e+00
     -0.059      0.000    10.4545    103.870     34.819  27.914833     0.2072      7.164   291.7266 1.6583e+03     1.0948     -0.057     -0.083    15.1386 0.0000e+00
     -0.060      0.000    10.4484    103.806     34.819  27.914832     0.2060      7.163   291.7263 1.6438e+03     1.0792     -0.058     -0.085    15.1152 0.0000e+00
     -0.060     -0.001    10.3626    102.956     34.831  27.925232     0.2029      7.162   291.7328 1.6650e+03     1.0724     -0.059     -0.085    15.0970 0.0000e+00
     -0.059     -0.001    10.2427    101.769     34.815  27.913583     0.2062      7.160   291.8918 1.6980e+03     1.0433     -0.058     -0.084    15.0854 0.0000e+00
