Data/DataNotYetUploadedToEDI/Raw_CTD/RawDownloads/043018_fcr50(2).cnv
* Sea-Bird SBE19plus  Data File:
* FileName = C:\DATA\043018_fcr_0012.hex
* Software version 2.6.3.104 SB_Terminal.dll
* Temperature SN = 7809
* Conductivity SN = 7809
* System UpLoad Time = May 01 2018 12:01:24
* <ApplicationData>
* <Seaterm232>
# nquan = 15
# nvalues = 569                         
# units = specified
# name 0 = depFM: Depth [fresh water, m]
# name 1 = dz/dtM: Descent Rate [m/s]
# name 2 = sbeox0Mg/L: Oxygen, SBE 43 [mg/l]
# name 3 = sbeox0PS: Oxygen, SBE 43 [% saturation]
# name 4 = specc: Specific Conductance [uS/cm]
# name 5 = c0uS/cm: Conductivity [uS/cm]
# name 6 = flECO-AFL: Fluorescence, WET Labs ECO-AFL/FL [mg/m^3]
# name 7 = ph: pH
# name 8 = orp: Oxidation Reduction Potential [mV]
# name 9 = par/sat/log: PAR/Logarithmic, Satlantic
# name 10 = turbWETntu0: Turbidity, WET Labs ECO [NTU]
# name 11 = prdM: Pressure, Strain Gauge [db]
# name 12 = prdE: Pressure, Strain Gauge [psi]
# name 13 = tv290C: Temperature [ITS-90, deg C]
# name 14 = flag:  0.000e+00
# span 0 =     -0.554,      9.784       
# span 1 =     -0.114,      0.383       
# span 2 =     6.8043,    10.3484       
# span 3 =     67.962,    103.630       
# span 4 =      0.568,     38.448       
# span 5 =   0.444964,  28.318162       
# span 6 =    -1.7748,     7.7576       
# span 7 =      6.640,      8.210       
# span 8 =  -246.9769,   616.5719       
# span 9 = 1.2560e-01, 1.9804e+03       
# span 10 =    -2.4771,     1.9931      
# span 11 =     -0.545,      9.595      
# span 12 =     -0.790,     13.917      
# span 13 =     8.1696,    15.6014      
# span 14 = 0.0000e+00, 0.0000e+00      
# interval = seconds: 0.25
# start_time = Apr 30 2018 21:04:05 [Instrument's time stamp, header]
# bad_flag = -9.990e-29
*END*
[from data line 482]
      7.726      0.131     8.9611     75.989     38.347  25.441892     7.7254      6.683   347.8478 1.2117e+00     1.8207      7.580     10.994     8.1712 0.0000e+00
      7.760      0.125     8.9612     75.991     38.349  25.443038     7.6777      6.683   347.7076 1.1773e+00     1.7373      7.613     11.041     8.1712 0.0000e+00
      7.788      0.120     8.9586     75.969     38.368  25.455745     7.6560      6.682   347.7464 1.1563e+00     1.7254      7.638     11.078     8.1710 0.0000e+00
      7.813      0.117     8.9558     75.945     38.388  25.468548     7.6470      6.681   347.9726 1.1359e+00     1.7371      7.662     11.113     8.1710 0.0000e+00
      7.840      0.117     8.9547     75.936     38.391  25.470856     7.6051      6.679   348.2048 1.1074e+00     1.7271      7.687     11.150     8.1709 0.0000e+00
      7.869      0.122     8.9544     75.933     38.410  25.483650     7.5538      6.676   348.4029 1.0784e+00     1.7266      7.715     11.191     8.1707 0.0000e+00
      7.900      0.128     8.9538     75.928     38.429  25.496254     7.5323      6.674   348.4755 1.0525e+00     1.7301      7.745     11.233     8.1708 0.0000e+00
      7.935      0.133     8.9519     75.913     38.429  25.496254     7.5098      6.673   348.4805 1.0147e+00     1.7091      7.781     11.285     8.1709 0.0000e+00
      7.974      0.134     8.9520     75.913     38.410  25.483651     7.3743      6.673   348.4629 9.6992e-01     1.6861      7.820     11.342     8.1708 0.0000e+00
      8.012      0.132     8.9542     75.932     38.391  25.470857     7.1445      6.675   348.3485 9.2573e-01     1.6961      7.859     11.398     8.1709 0.0000e+00
      8.046      0.128     8.9547     75.939     38.386  25.468549     7.0290      6.676   348.3017 8.9070e-01     1.7076      7.892     11.448     8.1713 0.0000e+00
      8.076      0.125     8.9525     75.922     38.366  25.455745     7.0247      6.674   348.4142 8.7211e-01     1.7038      7.920     11.487     8.1716 0.0000e+00
      8.102      0.125     8.9486     75.889     38.346  25.443038     6.9557      6.672   348.5040 8.4776e-01     1.7713      7.946     11.524     8.1715 0.0000e+00
      8.129      0.126     8.9454     75.862     38.344  25.441892     6.8278      6.672   348.5265 8.1835e-01     1.9139      7.970     11.559     8.1715 0.0000e+00
      8.162      0.127     8.9425     75.836     38.345  25.441892     6.7564      6.671   348.6006 7.9834e-01     1.9931      8.002     11.605     8.1721 0.0000e+00
      8.201      0.130     8.9402     75.816     38.347  25.443027     6.7446      6.669   348.7983 7.6749e-01     1.9666      8.044     11.668     8.1733 0.0000e+00
      8.238      0.133     8.9357     75.777     38.366  25.455620     6.7587      6.666   348.8523 7.3084e-01     1.9290      8.080     11.720     8.1738 0.0000e+00
      8.271      0.137     8.9302     75.732     38.384  25.467164     6.9540      6.662   348.6501 7.1637e-01     1.9349      8.111     11.765     8.1735 0.0000e+00
      8.301      0.140     8.9293     75.724     38.366  25.455620     7.3140      6.660   348.5037 7.0429e-01     1.9468      8.141     11.808     8.1730 0.0000e+00
      8.333      0.141     8.9308     75.735     38.347  25.443027     7.5086      6.660   348.4592 6.8387e-01     1.9500      8.169     11.848     8.1724 0.0000e+00
      8.371      0.141     8.9320     75.745     38.346  25.441892     7.5155      6.661   348.4565 6.6949e-01     1.9430      8.206     11.902     8.1723 0.0000e+00
      8.415      0.141     8.9357     75.775     38.347  25.441892     7.4987      6.661   348.6436 6.5392e-01     1.9241      8.254     11.973     8.1729 0.0000e+00
      8.455      0.142     8.9404     75.815     38.349  25.443028     7.4795      6.659   349.0005 6.3187e-01     1.9351      8.295     12.031     8.1728 0.0000e+00
      8.488      0.143     8.9431     75.839     38.368  25.455630     7.4668      6.656   349.1570 6.1597e-01     1.9538      8.324     12.073     8.1721 0.0000e+00
      8.518      0.143     8.9466     75.869     38.385  25.467279     7.4558      6.655   348.9023 6.1084e-01     1.9664      8.352     12.114     8.1718 0.0000e+00
      8.551      0.143     8.9486     75.885     38.369  25.456882     7.4198      6.656   348.5883 5.9816e-01     1.9657      8.383     12.158     8.1716 0.0000e+00
      8.589      0.144     8.9458     75.862     38.369  25.456892     7.3629      6.656   348.5438 5.7419e-01     1.9452      8.420     12.213     8.1713 0.0000e+00
      8.632      0.145     8.9422     75.832     38.385  25.467405     7.3279      6.656   348.6221 5.5210e-01     1.9636      8.466     12.279     8.1715 0.0000e+00
      8.675      0.145     8.9397     75.810     38.369  25.457006     7.3271      6.656   348.9327 5.2835e-01     1.9738      8.510     12.343     8.1717 0.0000e+00
      8.710      0.146     8.9373     75.790     38.371  25.458141     7.3168      6.654   349.3735 5.0374e-01     1.8863      8.543     12.391     8.1717 0.0000e+00
      8.741      0.148     8.9358     75.777     38.405  25.481133     7.2770      6.650   349.3920 4.8640e-01     1.7596      8.572     12.432     8.1717 0.0000e+00
      8.774      0.152     8.9351     75.770     38.405  25.481029     7.2500      6.646   349.3283 4.7231e-01     1.6935      8.603     12.476     8.1716 0.0000e+00
      8.812      0.158     8.9326     75.749     38.369  25.456882     7.2483      6.644   349.5493 4.5979e-01     1.6977      8.639     12.529     8.1718 0.0000e+00
      8.856      0.167     8.9285     75.714     38.349  25.443142     7.1922      6.642   349.7415 4.4818e-01     1.7801      8.684     12.596     8.1724 0.0000e+00
      8.903      0.176     8.9254     75.688     38.347  25.441894     7.0764      6.640   349.7599 4.3843e-01     1.8951      8.733     12.665     8.1721 0.0000e+00
      8.950      0.181     8.9241     75.677     38.347  25.441781     7.0155      6.640   349.5999 4.2155e-01     1.9586      8.777     12.729     8.1713 0.0000e+00
      8.997      0.180     8.9237     75.673     38.347  25.441780     7.0170      6.642   349.3554 3.9683e-01     1.9683      8.821     12.794     8.1710 0.0000e+00
      9.046      0.173     8.9224     75.663     38.347  25.441884     7.0300      6.644   349.3845 3.8531e-01     1.9519      8.872     12.867     8.1711 0.0000e+00
      9.095      0.166     8.9206     75.648     38.348  25.443029     7.0895      6.644   349.6943 3.7491e-01     1.9439      8.923     12.941     8.1714 0.0000e+00
      9.135      0.159     8.9183     75.629     38.366  25.455632     7.1949      6.643   349.8313 3.5755e-01     1.9324      8.963     12.998     8.1711 0.0000e+00
      9.169      0.154     8.9174     75.622     38.384  25.467282     7.2563      6.642   349.7502 3.4405e-01     1.9032      8.992     13.042     8.1709 0.0000e+00
      9.202      0.149     8.9207     75.649     38.369  25.456892     7.2620      6.641   349.6601 3.3520e-01     1.8962      9.022     13.085     8.1711 0.0000e+00
      9.239      0.145     8.9240     75.676     38.370  25.456997     7.2360      6.643   349.5165 3.3350e-01     1.9099      9.058     13.138     8.1719 0.0000e+00
      9.281      0.141     8.9253     75.685     38.388  25.468551     7.1818      6.645   349.3041 3.2957e-01     1.9157      9.102     13.201     8.1727 0.0000e+00
      9.322      0.138     8.9271     75.700     38.390  25.469601     7.1483      6.647   349.4153 3.2256e-01     1.9053      9.143     13.261     8.1728 0.0000e+00
      9.357      0.135     8.9324     75.745     38.390  25.469687     7.1439      6.647   349.9139 3.1517e-01     1.9067      9.179     13.313     8.1721 0.0000e+00
      9.387      0.133     8.9397     75.808     38.390  25.469591     7.1558      6.645   350.2566 3.0137e-01     1.8709      9.208     13.354     8.1709 0.0000e+00
      9.414      0.129     8.9444     75.848     38.388  25.468438     7.1817      6.642   350.2040 2.9152e-01     1.7475      9.231     13.389     8.1702 0.0000e+00
      9.443      0.124     8.9471     75.871     38.369  25.455750     7.1903      6.642   349.7930 2.9426e-01     1.6664      9.257     13.427     8.1698 0.0000e+00
      9.480      0.116     8.9503     75.900     38.349  25.443166     7.1681      6.645   349.2458 2.9086e-01     1.6837      9.294     13.481     8.1696 0.0000e+00
      9.520      0.106     8.9541     75.936     38.347  25.443270     6.9963      6.648   348.9219 2.7685e-01     1.7428      9.341     13.548     8.1701 0.0000e+00
      9.551      0.094     8.9567     75.963     38.364  25.457007     6.6841      6.651   348.8886 2.7630e-01     1.8003      9.372     13.593     8.1707 0.0000e+00
      9.568      0.081     8.9578     75.976     38.400  25.482281     6.5087      6.652   349.1014 2.8560e-01     1.8304      9.384     13.610     8.1703 0.0000e+00
      9.579      0.070     8.9595     75.991     38.418  25.494884     6.4750      6.652   349.4293 2.8196e-01     1.8626      9.393     13.624     8.1708 0.0000e+00
      9.590      0.063     8.9617     76.010     38.398  25.482405     6.2856      6.650   349.4983 2.6909e-01     1.9152      9.405     13.641     8.1738 0.0000e+00
      9.604      0.061     8.9640     76.030     38.362  25.458382     5.9371      6.649   349.2466 2.5485e-01     1.9475      9.417     13.659     8.1766 0.0000e+00
      9.621      0.061     8.9655     76.042     38.363  25.458392     5.7539      6.649   348.9674 2.4335e-01     1.9485      9.432     13.681     8.1781 0.0000e+00
      9.641      0.061     8.9600     75.994     38.401  25.482529     5.7528      6.651   348.7896 2.3900e-01     1.9565      9.455     13.713     8.1790 0.0000e+00
      9.661      0.056     8.9500     75.910     38.421  25.496258     5.7670      6.653   348.6456 2.3033e-01     1.9535      9.476     13.743     8.1796 0.0000e+00
      9.676      0.049     8.9433     75.857     38.421  25.497403     5.8426      6.655   348.5175 2.1848e-01     1.9427      9.492     13.767     8.1801 0.0000e+00
      9.686      0.039     8.9373     75.810     38.416  25.496363     5.9786      6.657   348.4447 2.1324e-01     1.9479      9.500     13.780     8.1799 0.0000e+00
      9.692      0.030     8.9295     75.746     38.395  25.483685     6.0515      6.659   348.3676 2.0385e-01     1.9245      9.503     13.785     8.1777 0.0000e+00
      9.696      0.022     8.9232     75.697     38.373  25.471101     6.0711      6.661   348.2736 1.8494e-01     1.9041      9.509     13.791     8.1768 0.0000e+00
      9.701      0.017     8.9188     75.666     38.370  25.471205     6.1418      6.662   348.1692 1.7403e-01     1.8845      9.513     13.798     8.1802 0.0000e+00
      9.705      0.014     8.9146     75.633     38.388  25.484941     6.2538      6.662   348.0509 1.7312e-01     1.8092      9.516     13.803     8.1835 0.0000e+00
      9.708      0.012     8.9119     75.610     38.427  25.510206     6.3124      6.663   347.9620 1.7336e-01     1.7567      9.519     13.806     8.1841 0.0000e+00
      9.711      0.010     8.9102     75.594     38.447  25.522704     6.3184      6.664   347.9549 1.7870e-01     1.7386      9.523     13.812     8.1859 0.0000e+00
      9.713      0.010     8.9082     75.576     38.427  25.509061     6.3814      6.664   348.0506 1.8153e-01     1.7730      9.525     13.816     8.1904 0.0000e+00
      9.714      0.011     8.9078     75.573     38.371  25.472236     6.5044      6.664   348.1730 1.7056e-01     1.8680      9.527     13.817     8.1926 0.0000e+00
      9.716      0.012     8.9064     75.567     38.346  25.458411     6.5736      6.663   348.2310 1.5476e-01     1.9100      9.529     13.820     8.1914 0.0000e+00
      9.719      0.012     8.9052     75.562     38.358  25.468896     6.5836      6.662   348.1487 1.4397e-01     1.9142      9.529     13.821     8.1901 0.0000e+00
      9.723      0.013     8.9095     75.602     38.361  25.472025     6.6447      6.662   348.0388 1.4144e-01     1.9197      9.535     13.829     8.1890 0.0000e+00
      9.728      0.013     8.9144     75.645     38.397  25.496248     6.7603      6.662   348.1070 1.4398e-01     1.9150      9.541     13.839     8.1897 0.0000e+00
      9.732      0.014     8.9149     75.648     38.415  25.507801     6.8239      6.662   348.1985 1.3790e-01     1.9181      9.543     13.841     8.1933 0.0000e+00
      9.734      0.016     8.9121     75.625     38.380  25.484722     6.8160      6.662   348.1997 1.3094e-01     1.9269      9.546     13.847     8.1971 0.0000e+00
      9.736      0.016     8.9091     75.605     38.356  25.471174     6.6458      6.663   348.2072 1.3061e-01     1.9299      9.548     13.849     8.1986 0.0000e+00
      9.740      0.017     8.9109     75.627     38.352  25.470984     6.3290      6.665   348.2031 1.2826e-01     1.9249      9.551     13.852     8.1985 0.0000e+00
      9.746      0.019     8.9170     75.680     38.368  25.482424     6.1474      6.665   348.2364 1.2596e-01     1.8964      9.558     13.864     8.1979 0.0000e+00
      9.753      0.021     8.9238     75.735     38.370  25.482519     6.1221      6.665   348.3516 1.2575e-01     1.8589      9.566     13.874     8.1979 0.0000e+00
      9.759      0.021     8.9292     75.776     38.358  25.472129     6.1249      6.667   348.4774 1.2571e-01     1.8685      9.570     13.881     8.2009 0.0000e+00
      9.764      0.020     8.9347     75.821     38.376  25.483777     6.1814      6.669   348.5520 1.2572e-01     1.9216      9.575     13.888     8.2063 0.0000e+00
      9.769      0.017     8.9410     75.874     38.395  25.496371     6.2723      6.671   348.6511 1.2572e-01     1.9511      9.580     13.895     8.2072 0.0000e+00
      9.773      0.016     8.9439     75.899     38.397  25.497413     6.3133      6.671   348.7305 1.2565e-01     1.9511      9.584     13.902     8.2039 0.0000e+00
      9.777 -9.990e-29 -9.990e-29 -9.990e-29 -9.990e-29 -9.990e-29 -9.990e-29 -9.990e-29 -9.990e-29 1.2560e-01 -9.990e-29      9.588     13.907     8.2006 0.0000e+00
      9.780 -9.990e-29 -9.990e-29 -9.990e-29 -9.990e-29 -9.990e-29 -9.990e-29 -9.990e-29 -9.990e-29 1.2565e-01 -9.990e-29      9.591     13.910     8.2000 0.0000e+00
      9.783 -9.990e-29 -9.990e-29 -9.990e-29 -9.990e-29 -9.990e-29 -9.990e-29 -9.990e-29 -9.990e-29 1.2573e-01 -9.990e-29      9.593     13.914     8.2009 0.0000e+00
      9.784 -9.990e-29 -9.990e-29 -9.990e-29 -9.990e-29 -9.990e-29 -9.990e-29 -9.990e-29 -9.990e-29 1.2573e-01 -9.990e-29      9.595     13.917     8.2005 0.0000e+00
