Data/DataNotYetUploadedToEDI/Raw_CTD/RawDownloads/043018_fcr45.cnv
* Sea-Bird SBE19plus  Data File:
* FileName = C:\DATA\043018_fcr_0011.hex
* Software version 2.6.3.104 SB_Terminal.dll
* Temperature SN = 7809
* Conductivity SN = 7809
* System UpLoad Time = May 01 2018 12:01:02
* <ApplicationData>
* <Seaterm232>
# nquan = 15
# nvalues = 974                         
# units = specified
# name 0 = depFM: Depth [fresh water, m]
# name 1 = dz/dtM: Descent Rate [m/s]
# name 2 = sbeox0Mg/L: Oxygen, SBE 43 [mg/l]
# name 3 = sbeox0PS: Oxygen, SBE 43 [% saturation]
# name 4 = specc: Specific Conductance [uS/cm]
# name 5 = c0uS/cm: Conductivity [uS/cm]
# name 6 = flECO-AFL: Fluorescence, WET Labs ECO-AFL/FL [mg/m^3]
# name 7 = ph: pH
# name 8 = orp: Oxidation Reduction Potential [mV]
# name 9 = par/sat/log: PAR/Logarithmic, Satlantic
# name 10 = turbWETntu0: Turbidity, WET Labs ECO [NTU]
# name 11 = prdM: Pressure, Strain Gauge [db]
# name 12 = prdE: Pressure, Strain Gauge [psi]
# name 13 = tv290C: Temperature [ITS-90, deg C]
# name 14 = flag:  0.000e+00
# span 0 =     -0.555,      7.364       
# span 1 =     -0.096,      0.349       
# span 2 =     6.7822,    10.0834       
# span 3 =     62.993,    102.815       
# span 4 =      0.488,     38.591       
# span 5 =   0.399297,  29.513845       
# span 6 =    -0.2036,     8.0347       
# span 7 =      6.334,     11.088       
# span 8 =  -812.8210,   490.2694       
# span 9 = 1.7455e+00, 1.5885e+03       
# span 10 =    -3.3398,     2.1623      
# span 11 =     -0.544,      7.222      
# span 12 =     -0.790,     10.475      
# span 13 =     8.0823,    16.3111      
# span 14 = 0.0000e+00, 0.0000e+00      
# interval = seconds: 0.25
# start_time = Apr 30 2018 20:50:12 [Instrument's time stamp, header]
# bad_flag = -9.990e-29
*END*
[from data line 772]
      4.418      0.035     7.3663     63.204     38.275  25.764274     4.3346      6.729   341.4467 2.9479e+01     1.8910      4.332      6.283     8.7185 0.0000e+00
      4.427      0.032     7.3605     63.156     38.291  25.775800     3.9337      6.724   341.8261 2.9412e+01     1.7765      4.341      6.296     8.6941 0.0000e+00
      4.434      0.029     7.3576     63.138     38.287  25.776753     3.7094      6.718   342.0021 2.9433e+01     1.7235      4.348      6.306     8.6733 0.0000e+00
      4.439      0.027     7.3600     63.168     38.279  25.775807     3.6991      6.712   342.1978 2.9428e+01     1.7382      4.354      6.313     8.6586 0.0000e+00
      4.444      0.026     7.3633     63.201     38.258  25.764367     3.7998      6.706   342.4713 2.9289e+01     1.8326      4.357      6.320     8.6526 0.0000e+00
      4.449      0.025     7.3655     63.222     38.258  25.765417     3.9803      6.701   342.5555 2.9054e+01     1.9481      4.362      6.327     8.6538 0.0000e+00
      4.457      0.025     7.3676     63.240     38.292  25.788505     4.0715      6.699   342.4417 2.8834e+01     1.9448      4.371      6.339     8.6610 0.0000e+00
      4.466      0.024     7.3686     63.246     38.295  25.789545     4.0658      6.698   342.2997 2.8622e+01     1.9143      4.381      6.354     8.6676 0.0000e+00
      4.472      0.024     7.3678     63.237     38.280  25.777991     4.0317      6.699   342.1298 2.8400e+01     1.9465      4.385      6.361     8.6702 0.0000e+00
      4.476      0.023     7.3664     63.224     38.277  25.775796     3.9803      6.701   342.0217 2.8197e+01     1.9677      4.389      6.366     8.6718 0.0000e+00
      4.481      0.021     7.3647     63.206     38.260  25.763004     3.9597      6.702   342.0248 2.7956e+01     1.9571      4.394      6.373     8.6713 0.0000e+00
      4.487      0.020     7.3612     63.173     38.244  25.750306     3.9665      6.704   342.0814 2.7746e+01     1.9402      4.399      6.381     8.6689 0.0000e+00
      4.493      0.020     7.3578     63.141     38.246  25.749255     4.0708      6.707   342.1042 2.7596e+01     1.9465      4.406      6.390     8.6683 0.0000e+00
      4.498      0.020     7.3578     63.137     38.250  25.750295     4.2749      6.709   342.0423 2.7438e+01     1.9730      4.411      6.397     8.6679 0.0000e+00
      4.502      0.020     7.3599     63.152     38.271  25.762878     4.3844      6.711   341.9361 2.7356e+01     1.9550      4.415      6.404     8.6660 0.0000e+00
      4.506      0.021     7.3599     63.147     38.291  25.774406     4.3931      6.712   341.7666 2.7299e+01     1.9130      4.419      6.409     8.6631 0.0000e+00
      4.511      0.022     7.3580     63.126     38.277  25.762692     4.4807      6.714   341.7128 2.7161e+01     1.8920      4.424      6.415     8.6606 0.0000e+00
      4.517      0.023     7.3575     63.116     38.260  25.748225     4.6627      6.714   341.8878 2.6976e+01     1.9137      4.430      6.424     8.6584 0.0000e+00
      4.524      0.024     7.3581     63.115     38.233  25.726472     4.7746      6.714   341.9899 2.6789e+01     1.9624      4.437      6.435     8.6567 0.0000e+00
      4.531      0.025     7.3596     63.122     38.183  25.690161     4.7859      6.715   341.9140 2.6669e+01     1.9618      4.444      6.445     8.6544 0.0000e+00
      4.537      0.026     7.3598     63.120     38.186  25.690151     4.7810      6.716   341.8313 2.6563e+01     1.9066      4.449      6.453     8.6510 0.0000e+00
      4.543      0.026     7.3573     63.092     38.244  25.726343     4.8623      6.717   341.7644 2.6370e+01     1.8751      4.454      6.460     8.6474 0.0000e+00
      4.550      0.026     7.3557     63.070     38.281  25.746794     5.0343      6.717   341.7073 2.6176e+01     1.9171      4.462      6.471     8.6420 0.0000e+00
      4.557      0.027     7.3559     63.062     38.288  25.746935     5.1319      6.717   341.5718 2.6047e+01     1.9557      4.469      6.482     8.6377 0.0000e+00
      4.564      0.030     7.3574     63.064     38.268  25.728043     5.1330      6.717   341.4165 2.5907e+01     1.9451      4.476      6.491     8.6370 0.0000e+00
      4.571      0.033     7.3599     63.071     38.250  25.708853     5.0935      6.717   341.4637 2.5735e+01     1.9420      4.482      6.501     8.6334 0.0000e+00
      4.578      0.036     7.3621     63.070     38.260  25.705382     5.0402      6.717   341.7122 2.5550e+01     1.9488      4.490      6.512     8.6266 0.0000e+00
      4.587      0.038     7.3656     63.077     38.248  25.686069     5.0217      6.717   342.0131 2.5296e+01     1.9358      4.498      6.524     8.6211 0.0000e+00
      4.599      0.038     7.3696     63.094     38.230  25.665801     5.0171      6.715   342.1754 2.5013e+01     1.9066      4.510      6.542     8.6130 0.0000e+00
      4.613      0.038     7.3715     63.103     38.214  25.650800     5.0114      6.712   342.2124 2.4779e+01     1.9010      4.525      6.563     8.6059 0.0000e+00
      4.623      0.037     7.3752     63.134     38.186  25.631670     5.0170      6.710   342.2884 2.4613e+01     1.9288      4.536      6.578     8.5921 0.0000e+00
      4.631      0.034     7.3835     63.203     38.177  25.624990     5.0212      6.708   342.4054 2.4482e+01     1.9375      4.541      6.587     8.5731 0.0000e+00
      4.637      0.031     7.3934     63.280     38.196  25.633528     5.0159      6.707   342.5950 2.4336e+01     1.9150      4.547      6.594     8.5630 0.0000e+00
      4.644      0.028     7.4030     63.351     38.261  25.671406     4.9616      6.704   342.8601 2.4194e+01     1.9010      4.555      6.606     8.5583 0.0000e+00
      4.653      0.026     7.4111     63.412     38.313  25.701998     4.8716      6.702   343.0294 2.4065e+01     1.9205      4.563      6.617     8.5601 0.0000e+00
      4.660      0.025     7.4175     63.462     38.293  25.685940     4.8280      6.700   343.0928 2.3953e+01     1.9368      4.570      6.628     8.5605 0.0000e+00
      4.665      0.024     7.4233     63.508     38.268  25.667732     4.8210      6.698   343.1108 2.3862e+01     1.9148      4.576      6.637     8.5532 0.0000e+00
      4.670      0.023     7.4282     63.547     38.276  25.672322     4.8405      6.698   343.0750 2.3784e+01     1.8995      4.580      6.643     8.5451 0.0000e+00
      4.676      0.022     7.4328     63.587     38.285  25.677939     4.8899      6.698   343.0042 2.3718e+01     1.9039      4.585      6.650     8.5398 0.0000e+00
      4.681      0.020     7.4377     63.627     38.278  25.672152     4.9218      6.700   342.9427 2.3626e+01     1.9065      4.591      6.658     8.5370 0.0000e+00
      4.687      0.019     7.4432     63.668     38.273  25.665844     4.9413      6.700   342.9339 2.3538e+01     1.9315      4.597      6.667     8.5342 0.0000e+00
      4.692      0.019     7.4517     63.733     38.278  25.665163     4.9599      6.701   342.9836 2.3505e+01     1.9617      4.602      6.675     8.5323 0.0000e+00
      4.697      0.019     7.4626     63.812     38.286  25.663913     4.9999      6.702   343.0276 2.3509e+01     1.9669      4.607      6.681     8.5335 0.0000e+00
      4.701      0.019     7.4707     63.865     38.279  25.650733     5.0768      6.702   343.0353 2.3519e+01     1.9638      4.610      6.686     8.5326 0.0000e+00
      4.705      0.019     7.4767     63.895     38.268  25.632778     5.1263      6.702   343.0763 2.3470e+01     1.9849      4.613      6.691     8.5290 0.0000e+00
      4.711      0.019     7.4832     63.932     38.288  25.637293     5.1382      6.702   343.1796 2.3352e+01     2.0092      4.619      6.700     8.5238 0.0000e+00
      4.716      0.019     7.4920     63.995     38.303  25.641816     5.1844      6.703   343.3377 2.3273e+01     1.9828      4.626      6.710     8.5148 0.0000e+00
      4.721      0.019     7.5043     64.092     38.282  25.623965     5.2627      6.704   343.4399 2.3221e+01     1.9397      4.630      6.715     8.5033 0.0000e+00
      4.725      0.018     7.5220     64.236     38.270  25.611937     5.3029      6.703   343.4689 2.3106e+01     1.9156      4.634      6.721     8.4895 0.0000e+00
      4.730      0.016     7.5470     64.442     38.293  25.623376     5.3129      6.702   343.5164 2.2960e+01     1.9057      4.639      6.728     8.4769 0.0000e+00
      4.734      0.016     7.5773     64.692     38.318  25.635281     5.3374      6.701   343.5829 2.2788e+01     1.9115      4.643      6.734     8.4689 0.0000e+00
      4.738      0.016     7.6102     64.963     38.315  25.628878     5.3686      6.701   343.5849 2.2603e+01     1.9240      4.648      6.741     8.4650 0.0000e+00
      4.742      0.017     7.6427     65.231     38.293  25.609453     5.3867      6.701   343.5406 2.2468e+01     1.9353      4.650      6.744     8.4606 0.0000e+00
      4.745      0.017     7.6713     65.461     38.275  25.590887     5.3999      6.700   343.6499 2.2349e+01     1.9554      4.653      6.748     8.4545 0.0000e+00
      4.750      0.018     7.6943     65.636     38.296  25.594877     5.5010      6.699   343.8742 2.2211e+01     1.9852      4.658      6.756     8.4496 0.0000e+00
      4.756      0.019     7.7133     65.777     38.310  25.594191     5.6904      6.697   344.0155 2.2085e+01     1.9901      4.664      6.764     8.4423 0.0000e+00
      4.761      0.022     7.7308     65.913     38.303  25.582585     5.8062      6.697   343.9817 2.1958e+01     1.9836      4.669      6.772     8.4379 0.0000e+00
      4.766      0.024     7.7470     66.039     38.309  25.581521     5.8351      6.697   343.8102 2.1810e+01     1.9984      4.674      6.777     8.4316 0.0000e+00
      4.772      0.027     7.7647     66.180     38.317  25.581331     5.9203      6.697   343.6617 2.1674e+01     1.9863      4.679      6.786     8.4140 0.0000e+00
      4.779      0.031     7.7892     66.375     38.325  25.580274     6.0643      6.696   343.6487 2.1536e+01     1.9288      4.686      6.797     8.3992 0.0000e+00
      4.787      0.035     7.8214     66.627     38.323  25.568730     6.1336      6.696   343.7394 2.1309e+01     1.8830      4.695      6.809     8.3930 0.0000e+00
      4.796      0.038     7.8559     66.897     38.340  25.568730     6.1421      6.696   343.8120 2.1059e+01     1.8903      4.703      6.822     8.3865 0.0000e+00
      4.807      0.040     7.8901     67.178     38.364  25.580265     6.1488      6.696   343.8385 2.0884e+01     1.9254      4.714      6.837     8.3788 0.0000e+00
      4.819      0.040     7.9286     67.509     38.364  25.581208     6.0671      6.697   343.8880 2.0687e+01     1.9406      4.726      6.855     8.3735 0.0000e+00
      4.830      0.040     7.9716     67.879     38.359  25.580139     5.9077      6.698   343.9797 2.0464e+01     1.9218      4.737      6.872     8.3590 0.0000e+00
      4.839      0.039     8.0186     68.277     38.342  25.567335     5.8211      6.698   344.0014 2.0296e+01     1.8816      4.746      6.884     8.3376 0.0000e+00
      4.848      0.038     8.0745     68.732     38.335  25.553390     5.8015      6.699   343.9774 2.0151e+01     1.8811      4.754      6.895     8.3329 0.0000e+00
      4.857      0.036     8.1347     69.206     38.339  25.538509     5.6703      6.700   344.0335 2.0018e+01     1.9166      4.763      6.909     8.3389 0.0000e+00
      4.867      0.034     8.1915     69.651     38.328  25.514373     5.4196      6.700   344.0780 1.9884e+01     1.9142      4.773      6.923     8.3418 0.0000e+00
      4.876      0.032     8.2422     70.065     38.342  25.515518     5.2703      6.701   343.9998 1.9712e+01     1.9126      4.782      6.936     8.3428 0.0000e+00
      4.885      0.030     8.2808     70.401     38.392  25.552353     5.2709      6.701   343.8619 1.9534e+01     1.9584      4.792      6.950     8.3330 0.0000e+00
      4.892      0.027     8.3095     70.683     38.406  25.578769     5.4279      6.701   343.9590 1.9369e+01     1.9804      4.798      6.960     8.3037 0.0000e+00
      4.897      0.025     8.3425     71.012     38.378  25.580961     5.7064      6.701   344.2285 1.9222e+01     1.9645      4.803      6.966     8.2760 0.0000e+00
      4.903      0.024     8.3830     71.379     38.360  25.578878     5.8635      6.701   344.3665 1.9117e+01     1.9494      4.809      6.974     8.2678 0.0000e+00
      4.909      0.023     8.4227     71.712     38.325  25.553596     5.8760      6.700   344.5090 1.8996e+01     1.9498      4.813      6.982     8.2678 0.0000e+00
      4.915      0.023     8.4590     72.001     38.302  25.529242     5.8745      6.697   344.6601 1.8839e+01     2.0003      4.819      6.990     8.2951 0.0000e+00
      4.921      0.022     8.4881     72.227     38.330  25.538382     5.8832      6.695   344.7315 1.8708e+01     2.0716      4.826      6.999     8.3347 0.0000e+00
      4.928      0.021     8.5040     72.350     38.336  25.537122     5.8801      6.692   344.8561 1.8610e+01     2.1098      4.833      7.010     8.3441 0.0000e+00
      4.934      0.020     8.5084     72.383     38.304  25.513994     5.8643      6.689   344.9620 1.8543e+01     2.1259      4.839      7.018     8.3385 0.0000e+00
      4.938      0.019     8.5055     72.345     38.310  25.512724     5.8207      6.687   345.0655 1.8500e+01     2.1454      4.843      7.024     8.3253 0.0000e+00
      4.942      0.018     8.4968     72.249     38.339  25.521762     5.7483      6.685   345.2475 1.8445e+01     2.1623      4.846      7.028     8.3090 0.0000e+00
      4.945      0.018     8.4868     72.135     38.320  25.496262     5.7063      6.684   345.4414 1.8376e+01     2.1466      4.849      7.034     8.3025 0.0000e+00
      4.950      0.019     8.4833     72.062     38.290  25.458368     5.6981      6.684   345.6026 1.8289e+01     2.1090      4.854      7.041     8.3062 0.0000e+00
      4.955      0.020     8.4889     72.064     38.300  25.444536     5.6956      6.683   345.6485 1.8173e+01     2.1043      4.859      7.048     8.2984 0.0000e+00
      4.960      0.021     8.5019     72.144     38.338  25.455986     5.7399      6.681   345.6527 1.8072e+01     2.1197      4.864      7.055     8.2816 0.0000e+00
      4.966      0.023     8.5239     72.320     38.365  25.469811     5.8293      6.680   345.6531 1.7997e+01     2.1125      4.870      7.064     8.2707 0.0000e+00
      4.972      0.023     8.5530     72.572     38.384  25.484701     5.8759      6.681   345.6531 1.7908e+01     2.1088      4.876      7.072     8.2436 0.0000e+00
      4.978      0.024     8.5801     72.813     38.413  25.509038     5.8804      6.682   345.7382 1.7811e+01     2.1056      4.881      7.080     8.2108 0.0000e+00
      4.985      0.027     8.6086     73.066     38.408  25.510097     5.9397      6.682   345.8227 1.7728e+01     2.0433      4.888      7.090     8.1938 0.0000e+00
      4.991      0.031     8.6428     73.363     38.384  25.497503     6.0595      6.682   345.8142 1.7631e+01     1.9656      4.895      7.099     8.1890 0.0000e+00
      4.997      0.037     8.6691     73.586     38.364  25.483765     6.1338      6.681   345.8064 1.7478e+01     1.9294      4.900      7.106     8.1933 0.0000e+00
      5.006      0.044     8.6871     73.730     38.350  25.470971     6.1481      6.679   345.9009 1.7273e+01     1.9094      4.908      7.119     8.2021 0.0000e+00
      5.018      0.053     8.7035     73.853     38.359  25.469800     6.2055      6.677   346.0101 1.7044e+01     1.9075      4.921      7.137     8.2085 0.0000e+00
      5.033      0.060     8.7148     73.931     38.370  25.469590     6.3233      6.675   346.0951 1.6740e+01     1.9064      4.935      7.157     8.2125 0.0000e+00
      5.051      0.066     8.7194     73.953     38.380  25.468428     6.3956      6.673   346.2396 1.6345e+01     1.8967      4.952      7.183     8.2138 0.0000e+00
