Data/DataNotYetUploadedToEDI/Raw_CTD/RawDownloads/043018_fcr50.cnv
* Sea-Bird SBE19plus  Data File:
* FileName = C:\DATA\043018_fcr_0007.hex
* Software version 2.6.3.104 SB_Terminal.dll
* Temperature SN = 7809
* Conductivity SN = 7809
* System UpLoad Time = May 01 2018 11:59:12
* <ApplicationData>
* <Seaterm232>
# nquan = 15
# nvalues = 971                         
# units = specified
# name 0 = depFM: Depth [fresh water, m]
# name 1 = dz/dtM: Descent Rate [m/s]
# name 2 = sbeox0Mg/L: Oxygen, SBE 43 [mg/l]
# name 3 = sbeox0PS: Oxygen, SBE 43 [% saturation]
# name 4 = specc: Specific Conductance [uS/cm]
# name 5 = c0uS/cm: Conductivity [uS/cm]
# name 6 = flECO-AFL: Fluorescence, WET Labs ECO-AFL/FL [mg/m^3]
# name 7 = ph: pH
# name 8 = orp: Oxidation Reduction Potential [mV]
# name 9 = par/sat/log: PAR/Logarithmic, Satlantic
# name 10 = turbWETntu0: Turbidity, WET Labs ECO [NTU]
# name 11 = prdM: Pressure, Strain Gauge [db]
# name 12 = prdE: Pressure, Strain Gauge [psi]
# name 13 = tv290C: Temperature [ITS-90, deg C]
# name 14 = flag:  0.000e+00
# span 0 =     -0.505,      9.786       
# span 1 =     -0.118,      4.628       
# span 2 =     6.3448,    10.3520       
# span 3 =     61.762,    100.786       
# span 4 =      0.373,     38.569       
# span 5 =   0.288892,  27.836904       
# span 6 =    -0.6159,     7.4588       
# span 7 =     -2.419,     10.852       
# span 8 =  -819.3642,  1240.2295       
# span 9 = 3.0785e-01, 2.8919e+03       
# span 10 =    -0.5702,   113.1106      
# span 11 =     -0.496,      9.597      
# span 12 =     -0.719,     13.919      
# span 13 =     8.1341,    14.2246      
# span 14 = 0.0000e+00, 0.0000e+00      
# interval = seconds: 0.25
# start_time = Apr 30 2018 14:39:40 [Instrument's time stamp, header]
# bad_flag = -9.990e-29
*END*
[from data line 97]
      0.030      0.002     8.4946     82.780     35.241  27.625253     0.4074      6.587   277.7532 1.7479e+02     1.0782      0.029      0.042    14.1902 0.0000e+00
      0.031      0.002     8.4967     82.800     35.265  27.644368     0.4025      6.591   278.1835 1.7459e+02     1.0617      0.031      0.044    14.1904 0.0000e+00
      0.032      0.002     8.5003     82.835     35.244  27.627355     0.3803      6.598   278.5410 1.7425e+02     1.0472      0.032      0.046    14.1908 0.0000e+00
      0.032      0.002     8.5028     82.858     35.222  27.610054     0.3501      6.608   278.2899 1.7391e+02     1.0869      0.031      0.045    14.1912 0.0000e+00
      0.032      0.001     8.5004     82.835     35.243  27.625669     0.3406      6.615   277.6433 1.7380e+02     1.1443      0.031      0.045    14.1915 0.0000e+00
      0.032      0.000     8.4909     82.740     35.243  27.625655     0.3394      6.618   277.4336 1.7385e+02     1.1307      0.032      0.046    14.1916 0.0000e+00
      0.032 2.0321e-08     8.4704     82.539     35.224  27.609882     0.3356      6.614   277.5610 1.7389e+02     1.0750      0.032      0.046    14.1913 0.0000e+00
      0.032 2.2353e-07     8.4382     82.223     35.245  27.625462     0.3401      6.606   277.9791 1.7404e+02     1.1120      0.032      0.046    14.1908 0.0000e+00
      0.032 2.2353e-07     8.3967     81.817     35.243  27.623525     0.3391      6.599   278.7036 1.7414e+02     1.2422      0.032      0.046    14.1902 0.0000e+00
      0.032 2.0321e-08     8.3497     81.357     35.196  27.586467     0.3319      6.595   279.1795 1.7437e+02     1.3064      0.032      0.046    14.1894 0.0000e+00
      0.032 1.8473e-09     8.3020     80.892     35.161  27.558390     0.3272      6.595   279.0869 1.7472e+02     1.2780      0.032      0.046    14.1883 0.0000e+00
      0.032 1.6794e-10     8.2528     80.411     35.136  27.538043     0.3371      6.599   278.7023 1.7452e+02     1.2655      0.032      0.046    14.1873 0.0000e+00
      0.032 1.5267e-11     8.1993     79.889     35.128  27.530946     0.3694      6.605   278.4871 1.7413e+02     1.3070      0.031      0.045    14.1866 0.0000e+00
      0.032 1.3879e-12     8.1438     79.347     35.135  27.536079     0.3963      6.614   278.6352 1.7419e+02     1.3225      0.031      0.045    14.1858 0.0000e+00
      0.033 1.2618e-13     8.0883     78.805     35.136  27.536607     0.4050      6.621   279.2027 1.7442e+02     1.2696      0.032      0.046    14.1852 0.0000e+00
      0.033 1.1471e-14     8.0330     78.265     35.137  27.537326     0.4010      6.625   279.9282 1.7447e+02     1.2481      0.032      0.046    14.1846 0.0000e+00
      0.032 1.0428e-15     7.9767     77.716     35.147  27.544771     0.3935      6.627   280.5246 1.7433e+02     1.3064      0.032      0.046    14.1839 0.0000e+00
      0.032 9.4800e-17     7.9182     77.145     35.171  27.563130     0.3973      6.629   280.9076 1.7432e+02     1.3636      0.032      0.046    14.1832 0.0000e+00
      0.032 8.6180e-18     7.8607     76.584     35.180  27.568797     0.4004      6.632   280.8594 1.7468e+02     1.3597      0.032      0.046    14.1826 0.0000e+00
      0.032 7.8345e-19     7.8072     76.061     35.156  27.549800     0.4131      6.635   280.6301 1.7502e+02     1.2592      0.032      0.046    14.1820 0.0000e+00
      0.032 7.1225e-20     7.7566     75.566     35.124  27.523938     0.4493      6.638   280.4576 1.7506e+02     1.1258      0.032      0.046    14.1813 0.0000e+00
      0.033 6.4750e-21     7.7116     75.126     35.106  27.510094     0.4709      6.640   280.3222 1.7541e+02     1.0893      0.032      0.046    14.1804 0.0000e+00
      0.033 5.8865e-22     7.6689     74.710     35.106  27.509402     0.4630      6.644   280.4561 1.7601e+02     1.0928      0.032      0.047    14.1796 0.0000e+00
      0.033 5.3508e-23     7.6194     74.226     35.114  27.515575     0.4370      6.650   281.3013 1.7613e+02     1.1073      0.032      0.047    14.1790 0.0000e+00
      0.032 4.8379e-24     7.5684     73.728     35.122  27.521234     0.4036      6.657   282.5400 1.7599e+02     1.2038      0.032      0.046    14.1782 0.0000e+00
      0.032 1.4785e-25     7.5215     73.269     35.114  27.514314     0.3908      6.665   282.8720 1.7598e+02     1.2828      0.032      0.046    14.1774 0.0000e+00
      0.032 -3.198e-24     7.4770     72.834     35.091  27.495413     0.4019      6.671   282.3897 1.7604e+02     1.2692      0.032      0.046    14.1767 0.0000e+00
      0.032 -3.562e-23     7.4352     72.426     35.076  27.483196     0.4086      6.674   282.0431 1.7608e+02     1.2527      0.031      0.045    14.1759 0.0000e+00
      0.033 -3.918e-22     7.3937     72.021     35.091  27.493597     0.4165      6.675   281.7787 1.7619e+02     1.2961      0.032      0.046    14.1751 0.0000e+00
      0.033 -4.310e-21     7.3521     71.615     35.092  27.494164     0.4429      6.675   281.6030 1.7613e+02     1.3366      0.032      0.046    14.1744 0.0000e+00
      0.033 -4.741e-20     7.3156     71.258     35.088  27.490051     0.4605      6.676   282.3270 1.7591e+02     1.3148      0.032      0.047    14.1735 0.0000e+00
      0.033 -5.215e-19     7.2851     70.959     35.111  27.507368     0.4645      6.678   283.7358 1.7597e+02     1.2769      0.032      0.047    14.1727 0.0000e+00
      0.033 -5.737e-18     7.2554     70.668     35.118  27.513055     0.4635      6.681   284.6978 1.7615e+02     1.2142      0.032      0.046    14.1719 0.0000e+00
      0.033 -6.311e-17     7.2241     70.363     35.096  27.495310     0.4579      6.685   285.1831 1.7622e+02     1.1060      0.032      0.046    14.1713 0.0000e+00
      0.033 -6.942e-16     7.1929     70.058     35.082  27.483301     0.4616      6.690   285.1296 1.7599e+02     1.0665      0.032      0.046    14.1704 0.0000e+00
      0.033 -7.636e-15     7.1636     69.770     35.097  27.494855     0.4708      6.693   284.5667 1.7566e+02     1.1032      0.032      0.047    14.1694 0.0000e+00
      0.033 -8.399e-14     7.1374     69.515     35.115  27.508018     0.4768      6.691   284.1414 1.7577e+02     1.1527      0.032      0.046    14.1686 0.0000e+00
      0.033 -9.239e-13     7.1114     69.260     35.125  27.515449     0.4708      6.683   284.3753 1.7632e+02     1.2383      0.033      0.047    14.1678 0.0000e+00
      0.033 -1.016e-11     7.0820     68.973     35.133  27.521213     0.4619      6.674   285.1575 1.7654e+02     1.3147      0.032      0.047    14.1671 0.0000e+00
      0.033 -1.118e-10     7.0535     68.694     35.125  27.514201     0.4608      6.668   285.7697 1.7619e+02     1.3442      0.032      0.046    14.1662 0.0000e+00
      0.033 -1.230e-09     7.0271     68.436     35.100  27.494168     0.4573      6.666   286.3569 1.7609e+02     1.3197      0.032      0.047    14.1656 0.0000e+00
      0.033 -1.353e-08     7.0013     68.184     35.069  27.469498     0.4564      6.668   286.8366 1.7613e+02     1.2629      0.032      0.046    14.1649 0.0000e+00
      0.033 -1.488e-07     6.9768     67.944     35.070  27.469904     0.4597      6.673   286.5801 1.7586e+02     1.2674      0.033      0.047    14.1639 0.0000e+00
      0.033 -2.728e-07     6.9512     67.694     35.108  27.499077     0.4602      6.679   286.1806 1.7561e+02     1.3133      0.032      0.047    14.1631 0.0000e+00
      0.033 -1.488e-07     6.9257     67.444     35.116  27.504736     0.4531      6.687   286.1370 1.7556e+02     1.2998      0.032      0.046    14.1623 0.0000e+00
      0.033 -1.352e-08     6.9011     67.203     35.079  27.474823     0.4476      6.695   286.1385 1.7557e+02     1.2559      0.032      0.047    14.1615 0.0000e+00
      0.033 -1.227e-09     6.8786     66.983     35.054  27.454889     0.4579      6.701   286.1984 1.7544e+02     1.2709      0.032      0.047    14.1607 0.0000e+00
      0.033 -8.357e-11     6.8593     66.794     35.054  27.454218     0.4672      6.706   286.3445 1.7521e+02     1.2976      0.032      0.046    14.1600 0.0000e+00
      0.033 3.0028e-10     6.8393     66.598     35.070  27.466700     0.4597      6.710   286.6155 1.7518e+02     1.2745      0.032      0.046    14.1592 0.0000e+00
      0.033 3.4139e-09     6.8190     66.399     35.086  27.478812     0.4500      6.715   287.0651 1.7532e+02     1.2049      0.032      0.047    14.1585 0.0000e+00
      0.033 3.7563e-08     6.7999     66.212     35.081  27.473677     0.4603      6.719   287.3064 1.7557e+02     1.0972      0.032      0.047    14.1578 0.0000e+00
      0.033 4.1319e-07     6.7813     66.029     35.074  27.468105     0.4728      6.721   287.2105 1.7567e+02     1.0402      0.033      0.047    14.1569 0.0000e+00
      0.033      0.000     6.7618     65.839     35.083  27.474936     0.4637      6.723   287.1109 1.7532e+02     1.0644      0.033      0.047    14.1562 0.0000e+00
      0.033      0.000     6.7399     65.625     35.107  27.492779     0.4418      6.724   287.1343 1.7501e+02     1.0852      0.032      0.046    14.1556 0.0000e+00
      0.033      0.001     6.7175     65.406     35.108  27.493347     0.4188      6.724   287.2351 1.7516e+02     1.0779      0.032      0.047    14.1548 0.0000e+00
      0.033      0.001     6.6978     65.213     35.094  27.481801     0.4072      6.724   287.3835 1.7533e+02     1.0674      0.032      0.046    14.1541 0.0000e+00
      0.033      0.002     6.6816     65.054     35.092  27.480174     0.4024      6.724   287.5516 1.7516e+02     1.0508      0.032      0.046    14.1534 0.0000e+00
      0.034      0.002     6.6639     64.880     35.085  27.473678     0.3976      6.725   287.4605 1.7498e+02     1.0907      0.034      0.049    14.1527 0.0000e+00
      0.035      0.002     6.6439     64.685     35.077  27.466753     0.3954      6.726   287.4864 1.7482e+02     1.2139      0.035      0.050    14.1521 0.0000e+00
      0.035      0.002     6.6272     64.522     35.068  27.459939     0.3943      6.730   288.2090 1.7475e+02     1.2887      0.035      0.050    14.1514 0.0000e+00
      0.035      0.001     6.6133     64.385     35.062  27.454790     0.3929      6.734   288.7123 1.7490e+02     1.2933      0.035      0.051    14.1508 0.0000e+00
      0.035      0.000     6.6002     64.256     35.080  27.468000     0.3888      6.738   288.7531 1.7499e+02     1.2389      0.035      0.050    14.1500 0.0000e+00
      0.035 2.0321e-08     6.5874     64.131     35.112  27.492660     0.3901      6.743   288.7886 1.7504e+02     1.1194      0.035      0.051    14.1493 0.0000e+00
      0.035 2.2353e-07     6.5724     63.985     35.121  27.498953     0.4001      6.747   288.2807 1.7495e+02     1.0687      0.035      0.050    14.1486 0.0000e+00
      0.036 2.2353e-07     6.5554     63.819     35.098  27.480585     0.4085      6.749   287.5172 1.7468e+02     1.1138      0.035      0.051    14.1480 0.0000e+00
      0.036 2.0321e-08     6.5396     63.663     35.074  27.461073     0.4262      6.751   287.4718 1.7449e+02     1.2080      0.035      0.051    14.1474 0.0000e+00
      0.036 1.8473e-09     6.5231     63.503     35.064  27.453527     0.4489      6.753   287.9043 1.7450e+02     1.2916      0.035      0.050    14.1467 0.0000e+00
      0.036 1.6794e-10     6.5066     63.340     35.064  27.452844     0.4530      6.754   288.1861 1.7458e+02     1.3011      0.035      0.051    14.1461 0.0000e+00
      0.036 1.5267e-11     6.4931     63.208     35.064  27.452824     0.4575      6.755   288.4706 1.7439e+02     1.2922      0.035      0.051    14.1455 0.0000e+00
      0.036 1.3879e-12     6.4792     63.072     35.065  27.453278     0.4765      6.758   288.7622 1.7414e+02     1.3055      0.035      0.051    14.1449 0.0000e+00
      0.036 1.2618e-13     6.4641     62.925     35.072  27.458336     0.4892      6.762   288.1842 1.7391e+02     1.2799      0.035      0.051    14.1444 0.0000e+00
      0.036 1.1471e-14     6.4520     62.806     35.062  27.450473     0.4818      6.764   287.0748 1.7396e+02     1.1649      0.035      0.051    14.1437 0.0000e+00
      0.036 1.0428e-15     6.4418     62.705     35.026  27.421705     0.4613      6.765   286.7914 1.7404e+02     1.0750      0.036      0.052    14.1431 0.0000e+00
      0.036 9.4800e-17     6.4297     62.587     35.035  27.428003     0.4532      6.767   287.2535 1.7344e+02     1.0776      0.035      0.051    14.1426 0.0000e+00
      0.036 8.6180e-18     6.4155     62.448     35.081  27.463120     0.4476      6.767   288.1010 1.7302e+02     1.0742      0.035      0.051    14.1420 0.0000e+00
      0.036 7.8345e-19     6.4020     62.316     35.084  27.465307     0.4214      6.767   289.0374 1.7322e+02     1.0349      0.035      0.051    14.1413 0.0000e+00
      0.036 7.1225e-20     6.3909     62.208     35.071  27.454448     0.4024      6.766   289.4556 1.7330e+02     1.0294      0.035      0.050    14.1406 0.0000e+00
      0.036 6.4750e-21     6.3812     62.113     35.077  27.458823     0.3928      6.763   289.0269 1.7311e+02     1.0688      0.035      0.051    14.1401 0.0000e+00
      0.035 5.8865e-22     6.3706     62.008     35.072  27.454713     0.3875      6.761   288.0703 1.7308e+02     1.1447      0.035      0.050    14.1396 0.0000e+00
      0.035 5.3510e-23     6.3576     61.882     35.089  27.468245     0.3944      6.760   287.5266 1.7318e+02     1.2449      0.035      0.050    14.1391 0.0000e+00
      0.036 4.8647e-24     6.3448     61.762     35.202  27.558935     0.3925      6.757   287.5292 1.7312e+02     1.2744      0.036      0.052    14.1386 0.0000e+00
      0.036 4.4224e-25     6.3469     61.798     35.323  27.662266     0.3935      6.756   287.8437 1.7303e+02     1.2560      0.035      0.051    14.1380 0.0000e+00
      0.036 4.0204e-26     6.4023     62.362     35.357  27.701647     0.4242      6.755   288.4035 1.7304e+02     1.2673      0.035      0.050    14.1374 0.0000e+00
      0.036 3.6549e-27     6.5733     64.052     35.362  27.717602     0.4606      6.755   288.8767 1.7289e+02     1.3188      0.035      0.051    14.1371 0.0000e+00
      0.036 3.3227e-28     6.9022     67.271     35.367  27.728203     0.4659      6.755   289.0910 1.7279e+02     1.3604      0.035      0.050    14.1368 0.0000e+00
      0.036 3.0206e-29     7.3658     71.797     35.330  27.702831     0.4601      6.756   289.0159 1.7301e+02     1.3122      0.035      0.051    14.1482 0.0000e+00
      0.035 2.7460e-30     7.9067     77.072     35.280  27.664826     0.4643      6.758   288.8296 1.7298e+02     1.2856      0.035      0.050    14.1727 0.0000e+00
      0.035 2.4963e-31     8.4697     82.561     35.260  27.649681     0.4622      6.761   288.6446 1.7278e+02     1.3134      0.035      0.050    14.1907 0.0000e+00
      0.035 2.2694e-32     8.9997     87.728     35.256  27.646714     0.4522      6.763   288.4139 1.7271e+02     1.2828      0.035      0.051    14.1987 0.0000e+00
      0.035 2.0631e-33     9.4447     92.065     35.234  27.628957     0.4545      6.765   288.2778 1.7266e+02     1.2512      0.035      0.050    14.2023 0.0000e+00
      0.035 1.8756e-34     9.7724     95.258     35.230  27.625472     0.4625      6.767   288.8049 1.7288e+02     1.2662      0.035      0.050    14.2040 0.0000e+00
      0.036 1.7051e-35     9.9697     97.181     35.284  27.668085     0.4653      6.767   289.7973 1.7308e+02     1.2812      0.035      0.051    14.2056 0.0000e+00
      0.036 1.5500e-36    10.0439     97.905     35.324  27.699686     0.4706      6.768   290.2102 1.7294e+02     1.3102      0.035      0.051    14.2055 0.0000e+00
      0.036 1.4091e-37    10.0329     97.799     35.311  27.690068     0.4711      6.768   290.0985 1.7283e+02     1.3423      0.035      0.051    14.2045 0.0000e+00
      0.035 1.2810e-38     9.9753     97.239     35.296  27.678792     0.4715      6.768   289.9094 1.7293e+02     1.3336      0.035      0.050    14.2038 0.0000e+00
