Data/DataNotYetUploadedToEDI/Raw_CTD/RawDownloads/050418_bvr.cnv
* Sea-Bird SBE19plus  Data File:
* FileName = C:\DATA\SBE19plus_01907809_2018_05_04.hex
* Software version 2.6.3.104 SB_Terminal.dll
* Temperature SN = 7809
* Conductivity SN = 7809
* System UpLoad Time = May 04 2018 16:15:37
* <ApplicationData>
* <Seaterm232>
# nquan = 15
# nvalues = 883                         
# units = specified
# name 0 = depFM: Depth [fresh water, m]
# name 1 = dz/dtM: Descent Rate [m/s]
# name 2 = sbeox0Mg/L: Oxygen, SBE 43 [mg/l]
# name 3 = sbeox0PS: Oxygen, SBE 43 [% saturation]
# name 4 = specc: Specific Conductance [uS/cm]
# name 5 = c0uS/cm: Conductivity [uS/cm]
# name 6 = flECO-AFL: Fluorescence, WET Labs ECO-AFL/FL [mg/m^3]
# name 7 = ph: pH
# name 8 = orp: Oxidation Reduction Potential [mV]
# name 9 = par/sat/log: PAR/Logarithmic, Satlantic
# name 10 = turbWETntu0: Turbidity, WET Labs ECO [NTU]
# name 11 = prdM: Pressure, Strain Gauge [db]
# name 12 = prdE: Pressure, Strain Gauge [psi]
# name 13 = tv290C: Temperature [ITS-90, deg C]
# name 14 = flag:  0.000e+00
# span 0 =     -0.635,     10.674       
# span 1 =     -0.061,      0.134       
# span 2 =     0.9754,    10.1566       
# span 3 =      8.029,    110.533       
# span 4 =      0.646,     36.908       
# span 5 =   0.666482,  28.336107       
# span 6 =    -2.4471,     4.1353       
# span 7 =     -2.435,      7.647       
# span 8 =   333.0260,  1224.0752       
# span 9 = 1.2534e-01, 2.6065e+03       
# span 10 =    -4.0058,    21.5429      
# span 11 =     -0.623,     10.470      
# span 12 =     -0.904,     15.184      
# span 13 =     6.9628,    26.5921      
# span 14 = 0.0000e+00, 0.0000e+00      
# interval = seconds: 0.25
# start_time = May 04 2018 16:13:57 [Instrument's time stamp, header]
# bad_flag = -9.990e-29
*END*
[from data line 772]
      8.687      0.079     2.7163     22.431     35.429  22.740353     1.4607      6.547   365.7379 1.8293e-01    10.0917      8.519     12.356     7.0952 0.0000e+00
      8.705      0.074     2.6847     22.171     35.436  22.746745     1.3910      6.547   365.8424 1.7731e-01    10.1031      8.536     12.381     7.0896 0.0000e+00
      8.723      0.074     2.6554     21.930     35.452  22.758873     1.3570      6.547   365.9641 1.5646e-01    10.1266      8.555     12.407     7.0879 0.0000e+00
      8.742      0.076     2.6346     21.756     35.457  22.760028     1.3632      6.545   365.9191 1.5496e-01    10.1320      8.574     12.435     7.0895 0.0000e+00
      8.762      0.080     2.6216     21.644     35.468  22.760702     1.3646      6.543   365.8139 1.5898e-01    10.1680      8.591     12.461     7.0899 0.0000e+00
      8.782      0.083     2.6136     21.572     35.489  22.767019     1.3646      6.543   365.8112 1.4808e-01    10.2560      8.611     12.489     7.0931 0.0000e+00
      8.804      0.085     2.6099     21.537     35.508  22.772906     1.3730      6.544   365.8860 1.4276e-01    10.2814      8.634     12.522     7.0991 0.0000e+00
      8.828      0.086     2.6109     21.542     35.508  22.768395     1.3827      6.544   366.0298 1.4349e-01    10.2918      8.658     12.557     7.0956 0.0000e+00
      8.850      0.088     2.6149     21.572     35.524  22.775950     1.3900      6.541   366.0874 1.3892e-01    10.3210      8.679     12.588     7.0848 0.0000e+00
      8.872      0.089     2.6176     21.592     35.568  22.800773     1.4336      6.539   365.9804 1.3647e-01    10.2987      8.701     12.619     7.0741 0.0000e+00
      8.894      0.089     2.6148     21.567     35.596  22.814580     1.5145      6.538   365.8550 1.3985e-01    10.2967      8.722     12.650     7.0637 0.0000e+00
      8.916      0.088     2.6071     21.502     35.602  22.815911     1.5596      6.536   365.8614 1.4660e-01    10.3272      8.743     12.681     7.0576 0.0000e+00
      8.940      0.087     2.5975     21.421     35.606  22.816875     1.5654      6.535   365.9719 1.5511e-01    10.3319      8.766     12.714     7.0551 0.0000e+00
      8.965      0.086     2.5859     21.325     35.621  22.826226     1.5208      6.534   365.9862 1.5254e-01    10.3229      8.792     12.752     7.0506 0.0000e+00
      8.987      0.084     2.5716     21.207     35.683  22.865492     1.4244      6.533   365.8623 1.3954e-01    10.3103      8.815     12.785     7.0446 0.0000e+00
      9.006      0.083     2.5519     21.043     35.757  22.910719     1.3647      6.531   365.7647 1.2966e-01    10.3314      8.833     12.811     7.0405 0.0000e+00
      9.025      0.082     2.5268     20.834     35.791  22.928665     1.3595      6.530   365.7527 1.2682e-01    10.3653      8.849     12.835     7.0387 0.0000e+00
      9.045      0.082     2.5007     20.616     35.837  22.955500     1.3611      6.527   365.8022 1.3426e-01    10.4445      8.869     12.864     7.0390 0.0000e+00
      9.067      0.084     2.4744     20.398     35.882  22.981233     1.3570      6.524   365.9336 1.4104e-01    10.6178      8.891     12.896     7.0390 0.0000e+00
      9.088      0.085     2.4442     20.146     35.894  22.985862     1.3652      6.521   366.0500 1.3386e-01    10.7218      8.913     12.926     7.0354 0.0000e+00
      9.110      0.085     2.4079     19.845     35.939  23.011467     1.3686      6.518   366.0917 1.2619e-01    10.7245      8.932     12.956     7.0295 0.0000e+00
      9.134      0.083     2.3663     19.501     35.983  23.036872     1.3607      6.514   366.1793 1.2550e-01    10.6818      8.957     12.991     7.0256 0.0000e+00
      9.159      0.083     2.3222     19.136     35.989  23.039089     1.3622      6.510   366.4217 1.2551e-01    10.5708      8.985     13.031     7.0222 0.0000e+00
      9.178      0.085     2.2763     18.756     35.991  23.038269     1.3589      6.507   366.6131 1.2577e-01    10.4815      9.003     13.058     7.0179 0.0000e+00
      9.192      0.087     2.2239     18.323     35.976  23.026955     1.3577      6.503   366.6008 1.2597e-01    10.4875      9.012     13.072     7.0125 0.0000e+00
      9.211      0.088     2.1646     17.833     35.982  23.029255     1.3656      6.500   366.5309 1.2572e-01    10.5816      9.029     13.096     7.0092 0.0000e+00
      9.238      0.088     2.1059     17.348     36.042  23.066089     1.3621      6.500   366.5429 1.2546e-01    10.6732      9.060     13.140     7.0080 0.0000e+00
      9.268      0.088     2.0507     16.893     36.083  23.091388     1.3529      6.499   366.6598 1.2543e-01    10.6801      9.092     13.187     7.0044 0.0000e+00
      9.293      0.087     1.9966     16.447     36.068  23.081199     1.3554      6.498   366.6531 1.2542e-01    10.6644      9.116     13.222     7.0009 0.0000e+00
      9.313      0.082     1.9451     16.023     36.052  23.069867     1.3642      6.498   366.4625 1.2542e-01    10.6670      9.133     13.246     6.9987 0.0000e+00
      9.330      0.077     1.8986     15.639     36.071  23.081345     1.3681      6.497   366.3338 1.2542e-01    10.7118      9.150     13.270     6.9972 0.0000e+00
      9.347      0.075     1.8601     15.322     36.090  23.093004     1.3656      6.496   366.3023 1.2537e-01    10.8086      9.167     13.296     6.9963 0.0000e+00
      9.364      0.075     1.8310     15.082     36.076  23.083866     1.3619      6.495   366.3385 1.2536e-01    10.8909      9.183     13.320     6.9954 0.0000e+00
      9.383      0.076     1.8078     14.891     36.097  23.097821     1.3596      6.494   366.4279 1.2545e-01    10.9440      9.200     13.344     6.9940 0.0000e+00
      9.405      0.078     1.7883     14.731     36.156  23.134759     1.3569      6.492   366.4360 1.2553e-01    10.9932      9.222     13.375     6.9931 0.0000e+00
      9.427      0.080     1.7760     14.628     36.181  23.149567     1.3564      6.490   366.4371 1.2555e-01    11.0585      9.246     13.410     6.9922 0.0000e+00
      9.448      0.082     1.7667     14.550     36.185  23.149882     1.3617      6.489   366.5271 1.2552e-01    11.1231      9.265     13.438     6.9912 0.0000e+00
      9.467      0.085     1.7552     14.455     36.170  23.138568     1.3662      6.488   366.7506 1.2548e-01    11.1649      9.284     13.465     6.9930 0.0000e+00
      9.487      0.087     1.7471     14.387     36.173  23.139743     1.3649      6.485   366.9876 1.2546e-01    11.2893      9.304     13.494     6.9933 0.0000e+00
      9.509      0.089     1.7406     14.334     36.212  23.164098     1.3644      6.482   366.9841 1.2548e-01    11.4673      9.325     13.524     6.9898 0.0000e+00
      9.533      0.090     1.7279     14.230     36.237  23.179084     1.3602      6.480   366.9655 1.2550e-01    11.5160      9.348     13.558     6.9866 0.0000e+00
      9.559      0.089     1.7097     14.080     36.261  23.193966     1.3508      6.480   367.0217 1.2547e-01    11.5123      9.374     13.596     6.9843 0.0000e+00
      9.585      0.085     1.6880     13.900     36.298  23.217071     1.3344      6.480   366.9751 1.2543e-01    11.5438      9.401     13.636     6.9827 0.0000e+00
      9.608      0.079     1.6623     13.688     36.279  23.204490     1.3086      6.479   366.9181 1.2546e-01    11.5619      9.424     13.668     6.9818 0.0000e+00
      9.627      0.074     1.6348     13.462     36.224  23.168823     1.2957      6.478   366.8484 1.2549e-01    11.5780      9.441     13.694     6.9808 0.0000e+00
      9.642      0.069     1.6083     13.244     36.221  23.166744     1.2977      6.476   366.7351 1.2547e-01    11.5551      9.457     13.715     6.9801 0.0000e+00
      9.656      0.067     1.5843     13.046     36.242  23.179352     1.3150      6.476   366.6661 1.2542e-01    11.4995      9.468     13.732     6.9798 0.0000e+00
      9.671      0.069     1.5627     12.868     36.267  23.194287     1.3483      6.475   366.6174 1.2541e-01    11.4862      9.482     13.752     6.9792 0.0000e+00
      9.689      0.072     1.5422     12.698     36.309  23.220349     1.3598      6.473   366.5756 1.2543e-01    11.4848      9.501     13.780     6.9788 0.0000e+00
      9.709      0.077     1.5200     12.514     36.342  23.240515     1.3447      6.472   366.6769 1.2541e-01    11.4828      9.521     13.808     6.9784 0.0000e+00
      9.730      0.080     1.4974     12.328     36.355  23.247661     1.3398      6.470   366.8958 1.2538e-01    11.4928      9.542     13.839     6.9775 0.0000e+00
      9.752      0.080     1.4805     12.188     36.350  23.243265     1.3291      6.468   366.9857 1.2539e-01    11.5444      9.564     13.871     6.9759 0.0000e+00
      9.774      0.077     1.4688     12.091     36.364  23.250845     1.2883      6.467   366.9894 1.2541e-01    11.6487      9.585     13.902     6.9739 0.0000e+00
      9.794      0.073     1.4550     11.978     36.404  23.275826     1.2504      6.467   367.0265 1.2539e-01    11.7164      9.605     13.931     6.9724 0.0000e+00
      9.812      0.069     1.4377     11.835     36.430  23.291358     1.2387      6.468   367.0037 1.2539e-01    11.7526      9.624     13.958     6.9711 0.0000e+00
      9.827      0.065     1.4221     11.705     36.462  23.311658     1.2756      6.468   366.9722 1.2542e-01    11.8121      9.637     13.979     6.9697 0.0000e+00
      9.842      0.063     1.4066     11.578     36.492  23.330820     1.3377      6.467   366.9033 1.2545e-01    11.8555      9.651     13.998     6.9683 0.0000e+00
      9.857      0.062     1.3858     11.407     36.496  23.332575     1.3651      6.465   366.6871 1.2544e-01    11.8193      9.667     14.020     6.9672 0.0000e+00
      9.873      0.063     1.3597     11.192     36.496  23.332890     1.3677      6.465   366.5096 1.2539e-01    11.7708      9.682     14.042     6.9660 0.0000e+00
      9.889      0.065     1.3292     10.942     36.499  23.334622     1.3509      6.465   366.6503 1.2538e-01    11.8804      9.698     14.065     6.9651 0.0000e+00
      9.905      0.069     1.2972     10.679     36.529  23.353512     1.3186      6.465   366.9258 1.2542e-01    12.1061      9.714     14.089     6.9646 0.0000e+00
      9.922      0.073     1.2693     10.449     36.556  23.370832     1.2989      6.464   367.0007 1.2544e-01    12.2115      9.730     14.113     6.9644 0.0000e+00
      9.941      0.076     1.2443     10.242     36.529  23.353572     1.2876      6.462   367.0395 1.2548e-01    12.1776      9.748     14.138     6.9643 0.0000e+00
      9.962      0.076     1.2180     10.026     36.500  23.335279     1.2730      6.460   367.1365 1.2550e-01    12.1546      9.768     14.168     6.9643 0.0000e+00
      9.984      0.074     1.1962      9.847     36.508  23.340121     1.2512      6.458   367.2275 1.2547e-01    12.1778      9.791     14.201     6.9644 0.0000e+00
     10.007      0.070     1.1807      9.719     36.522  23.348623     1.2351      6.458   367.2790 1.2548e-01    12.2133      9.815     14.236     6.9643 0.0000e+00
     10.025      0.067     1.1680      9.614     36.562  23.374590     1.2348      6.457   367.2438 1.2551e-01    12.2183      9.833     14.261     6.9642 0.0000e+00
     10.037      0.065     1.1595      9.544     36.602  23.400140     1.2385      6.457   367.3182 1.2553e-01    12.2075      9.844     14.277     6.9641 0.0000e+00
     10.048      0.065     1.1531      9.492     36.607  23.403597     1.2425      6.455   367.4899 1.2554e-01    12.2049      9.852     14.289     6.9641 0.0000e+00
     10.062      0.066     1.1496      9.463     36.627  23.416390     1.2474      6.452   367.5993 1.2554e-01    12.1867      9.866     14.309     6.9640 0.0000e+00
     10.082      0.068     1.1526      9.488     36.644  23.427847     1.2425      6.450   367.6946 1.2551e-01    12.1708      9.887     14.340     6.9640 0.0000e+00
     10.103      0.070     1.1573      9.527     36.624  23.415152     1.2294      6.450   367.6956 1.2551e-01    12.1655      9.909     14.372     6.9645 0.0000e+00
     10.123      0.070     1.1581      9.534     36.584  23.389862     1.2260      6.449   367.6107 1.2556e-01    12.2752      9.929     14.400     6.9650 0.0000e+00
     10.142      0.068     1.1558      9.514     36.561  23.376020     1.2296      6.449   367.6149 1.2552e-01    12.4893      9.946     14.426     6.9649 0.0000e+00
     10.158      0.064     1.1525      9.487     36.559  23.374762     1.2268      6.450   367.5742 1.2545e-01    12.5874      9.963     14.450     6.9650 0.0000e+00
     10.172      0.061     1.1485      9.454     36.560  23.374647     1.2286      6.450   367.4632 1.2543e-01    12.5763      9.976     14.469     6.9647 0.0000e+00
     10.186      0.061     1.1418      9.399     36.561  23.374627     1.2424      6.450   367.4775 1.2543e-01    12.5692      9.988     14.487     6.9649 0.0000e+00
     10.200      0.062     1.1330      9.327     36.561  23.374532     1.2466      6.449   367.4888 1.2548e-01    12.5926     10.003     14.508     6.9666 0.0000e+00
     10.215      0.065     1.1239      9.252     36.558  23.373491     1.2341      6.448   367.4275 1.2551e-01    12.6153     10.017     14.529     6.9673 0.0000e+00
     10.232      0.070     1.1173      9.198     36.538  23.362043     1.2283      6.446   367.5114 1.2549e-01    12.6297     10.033     14.552     6.9662 0.0000e+00
     10.252      0.075     1.1141      9.172     36.539  23.363093     1.2503      6.444   367.7279 1.2549e-01    12.7968     10.054     14.582     6.9651 0.0000e+00
     10.272      0.080     1.1100      9.138     36.576  23.386179     1.2797      6.441   367.8082 1.2547e-01    13.1104     10.074     14.611     6.9647 0.0000e+00
     10.292      0.084     1.1059      9.104     36.579  23.387229     1.2902      6.439   367.7082 1.2545e-01    13.2784     10.092     14.637     6.9662 0.0000e+00
     10.314      0.087     1.1085      9.124     36.563  23.375781     1.2938      6.438   367.4653 1.2548e-01    13.2724     10.112     14.668     6.9687 0.0000e+00
     10.339      0.088     1.1175      9.199     36.562  23.374740     1.3053      6.437   367.1949 1.2548e-01    13.3115     10.140     14.707     6.9692 0.0000e+00
     10.364      0.088     1.1235      9.249     36.562  23.374647     1.3279      6.436   367.1054 1.2548e-01    13.4158     10.164     14.743     6.9679 0.0000e+00
     10.385      0.087     1.1261      9.270     36.562  23.374649     1.3563      6.434   367.0711 1.2548e-01    13.4650     10.184     14.771     6.9658 0.0000e+00
     10.406      0.085     1.1299      9.300     36.563  23.374763     1.3726      6.433   366.9519 1.2550e-01    13.4487     10.205     14.801     6.9644 0.0000e+00
     10.427      0.084     1.1305      9.305     36.565  23.376021     1.3686      6.432   366.7835 1.2553e-01    13.4330     10.227     14.833     6.9637 0.0000e+00
     10.447      0.085     1.1272      9.278     36.586  23.389864     1.3167      6.430   366.5839 1.2550e-01    13.4881     10.246     14.861     6.9638 0.0000e+00
     10.467      0.086     1.1223      9.239     36.626  23.415154     1.2237      6.427   366.3449 1.2545e-01    13.5959     10.265     14.887     6.9637 0.0000e+00
     10.489      0.084     1.1158      9.185     36.646  23.427862     1.1716      6.423   366.1310 1.2546e-01    13.6380     10.284     14.916     6.9631 0.0000e+00
     10.515      0.079     1.1102      9.138     36.629  23.416540     1.1654      6.421   365.9762 1.2552e-01    13.6310     10.310     14.953     6.9633 0.0000e+00
     10.541      0.072     1.1098      9.135     36.610  23.405236     1.1579      6.421   365.8512 1.2552e-01    13.6333     10.340     14.997     6.9637 0.0000e+00
     10.561      0.063     1.1113      9.148     36.629  23.418153     1.1539      6.421   365.7372 1.2546e-01    13.6357     10.361     15.027     6.9641 0.0000e+00
