Data/DataNotYetUploadedToEDI/Raw_CTD/RawDownloads/050418_bvr.cnv
* Sea-Bird SBE19plus  Data File:
* FileName = C:\DATA\SBE19plus_01907809_2018_05_04.hex
* Software version 2.6.3.104 SB_Terminal.dll
* Temperature SN = 7809
* Conductivity SN = 7809
* System UpLoad Time = May 04 2018 16:15:37
* <ApplicationData>
* <Seaterm232>
# nquan = 15
# nvalues = 883                         
# units = specified
# name 0 = depFM: Depth [fresh water, m]
# name 1 = dz/dtM: Descent Rate [m/s]
# name 2 = sbeox0Mg/L: Oxygen, SBE 43 [mg/l]
# name 3 = sbeox0PS: Oxygen, SBE 43 [% saturation]
# name 4 = specc: Specific Conductance [uS/cm]
# name 5 = c0uS/cm: Conductivity [uS/cm]
# name 6 = flECO-AFL: Fluorescence, WET Labs ECO-AFL/FL [mg/m^3]
# name 7 = ph: pH
# name 8 = orp: Oxidation Reduction Potential [mV]
# name 9 = par/sat/log: PAR/Logarithmic, Satlantic
# name 10 = turbWETntu0: Turbidity, WET Labs ECO [NTU]
# name 11 = prdM: Pressure, Strain Gauge [db]
# name 12 = prdE: Pressure, Strain Gauge [psi]
# name 13 = tv290C: Temperature [ITS-90, deg C]
# name 14 = flag:  0.000e+00
# span 0 =     -0.635,     10.674       
# span 1 =     -0.061,      0.134       
# span 2 =     0.9754,    10.1566       
# span 3 =      8.029,    110.533       
# span 4 =      0.646,     36.908       
# span 5 =   0.666482,  28.336107       
# span 6 =    -2.4471,     4.1353       
# span 7 =     -2.435,      7.647       
# span 8 =   333.0260,  1224.0752       
# span 9 = 1.2534e-01, 2.6065e+03       
# span 10 =    -4.0058,    21.5429      
# span 11 =     -0.623,     10.470      
# span 12 =     -0.904,     15.184      
# span 13 =     6.9628,    26.5921      
# span 14 = 0.0000e+00, 0.0000e+00      
# interval = seconds: 0.25
# start_time = May 04 2018 16:13:57 [Instrument's time stamp, header]
# bad_flag = -9.990e-29
*END*
     -0.635      0.000     7.9172     98.627      0.646   0.666482    -0.6156     -2.435   377.7216 2.4084e+03    -0.1881     -0.623     -0.903    26.5888 0.0000e+00
     -0.635      0.002     7.9206     98.622      0.930   0.956749    -0.6670     -2.340   634.7804 2.4344e+03     0.1649     -0.622     -0.903    26.5915 0.0000e+00
     -0.635      0.011     7.9551     98.608      2.110   2.142321    -1.1205     -1.305  1017.4748 2.4288e+03     3.8110     -0.623     -0.904    26.5891 0.0000e+00
     -0.635      0.027     8.0697     98.588      6.429   6.376706    -1.9543      1.110  1218.6886 2.2428e+03    10.4802     -0.623     -0.904    26.5909 0.0000e+00
     -0.634      0.049     8.2456     98.561     15.827  15.427202    -2.4136      3.568  1224.0752 1.7466e+03    14.1192     -0.623     -0.904    26.5834 0.0000e+00
     -0.626      0.070     8.4039     98.527     25.477  24.515572    -2.4471      5.202  1082.6038 1.2096e+03    14.4539     -0.623     -0.903    26.5921 0.0000e+00
     -0.601      0.086     8.5131     98.500     29.604  28.171557    -2.3954      6.242   763.4834 8.8886e+02    14.1004     -0.595     -0.863    26.5656 0.0000e+00
     -0.561      0.098     8.5876     98.495     30.051  28.336107    -1.9170      6.877   497.9626 1.1378e+03     9.3865     -0.547     -0.793    25.7270 0.0000e+00
     -0.524      0.105     8.6414     98.495     29.930  28.028730    -1.0376      7.228   408.0500 1.9609e+03     0.7030     -0.509     -0.740    24.2224 0.0000e+00
     -0.499      0.106     8.6833     98.482     29.735  27.693274    -0.5479      7.415   391.8603 2.2871e+03    -4.0058     -0.485     -0.704    23.1676 0.0000e+00
     -0.481      0.105     8.7208     98.475     29.555  27.391326    -0.4719      7.539   386.2751 2.0233e+03    -3.8451     -0.471     -0.684    22.5267 0.0000e+00
     -0.462      0.105     8.7586     98.476     29.458  27.171572    -0.1466      7.617   383.2806 1.9844e+03     2.7373     -0.455     -0.661    22.0956 0.0000e+00
     -0.436      0.112     8.7945     98.489     29.475  27.067951     0.4350      7.647   381.2947 1.7385e+03    14.8195     -0.430     -0.623    21.8012 0.0000e+00
     -0.405      0.122     8.8282     98.567     29.530  27.027233     0.7432      7.635   379.4716 1.0602e+03    21.3573     -0.399     -0.578    21.5452 0.0000e+00
     -0.370      0.131     8.8617     98.755     29.629  27.060101     0.7681      7.599   377.8421 7.6660e+02    21.5429     -0.364     -0.528    21.3416 0.0000e+00
     -0.331      0.133     8.8957     99.043     29.755  27.147797     0.7363      7.567   377.0805 8.3459e+02    16.8509     -0.327     -0.474    21.1062 0.0000e+00
     -0.290      0.128     8.9302     99.388     29.824  27.198585     0.6623      7.538   376.8012 8.0846e+02     8.1441     -0.284     -0.410    20.8939 0.0000e+00
     -0.253      0.118     8.9642     99.757     29.862  27.229686     0.6170      7.502   376.1008 7.0280e+02     3.4001     -0.244     -0.354    20.7346 0.0000e+00
     -0.225      0.104     8.9967    100.140     29.898  27.269845     0.6109      7.462   375.1509 6.7771e+02     2.9489     -0.218     -0.316    20.6405 0.0000e+00
     -0.205      0.087     9.0229    100.475     29.921  27.303180     0.6078      7.423   374.5220 7.8615e+02     2.9028     -0.200     -0.290    20.6059 0.0000e+00
     -0.187      0.069     9.0419    100.717     29.993  27.378767     0.5886      7.385   374.0038 7.9809e+02     2.9024     -0.184     -0.267    20.5907 0.0000e+00
     -0.171      0.054     9.0579    100.902     30.038  27.421816     0.5620      7.354   373.6171 8.5654e+02     2.8831     -0.166     -0.240    20.5822 0.0000e+00
     -0.158      0.042     9.0624    100.953     29.921  27.315708     0.5433      7.330   373.2887 1.1375e+03     2.8839     -0.153     -0.222    20.5932 0.0000e+00
     -0.150      0.032     9.0190    100.482     29.694  27.111778     0.5556      7.314   372.8718 1.2835e+03     2.9116     -0.147     -0.214    20.6254 0.0000e+00
     -0.145      0.023     8.8820     98.976     29.482  26.924490     0.6007      7.304   372.4483 1.2198e+03     2.9434     -0.142     -0.204    20.6424 0.0000e+00
     -0.142      0.016     8.7065     97.021     29.378  26.829115     0.6284      7.298   371.7828 1.1223e+03     2.9636     -0.139     -0.201    20.6411 0.0000e+00
     -0.140      0.011     8.6071     95.870     29.343  26.784044     0.6239      7.294   370.8482 1.0405e+03     2.9421     -0.137     -0.200    20.6390 0.0000e+00
     -0.137      0.009     8.5866     95.574     29.340  26.760485     0.6116      7.292   369.8378 1.0485e+03     2.9269     -0.135     -0.195    20.6433 0.0000e+00
     -0.134      0.008     8.5802     95.443     29.402  26.798215     0.6083      7.289   368.6857 1.2323e+03     2.9319     -0.130     -0.189    20.6619 0.0000e+00
     -0.133      0.008     8.5481     95.039     29.485  26.859234     0.6111      7.284   367.5003 1.5007e+03     2.9114     -0.130     -0.189    20.6687 0.0000e+00
     -0.133      0.009     8.4781     94.232     29.570  26.926788     0.6093      7.278   366.8629 1.6428e+03     2.8939     -0.133     -0.194    20.6394 0.0000e+00
     -0.130      0.014     8.4025     93.386     29.700  27.043539     0.6046      7.266   366.8298 1.5931e+03     2.9027     -0.126     -0.184    20.5951 0.0000e+00
     -0.127      0.021     8.3738     93.064     29.793  27.127939     0.6093      7.246   366.8415 1.3742e+03     2.9270     -0.122     -0.177    20.5649 0.0000e+00
     -0.127      0.026     8.3847     93.170     29.722  27.058326     0.6204      7.231   366.3164 1.0628e+03     2.9129     -0.130     -0.189    20.5399 0.0000e+00
     -0.117      0.026     8.3946     93.265     29.554  26.900301     0.6194      7.223   365.0404 8.2233e+02     2.8538     -0.118     -0.172    20.5198 0.0000e+00
     -0.100      0.020     8.3976     93.289     29.452  26.804641     0.6152      7.217   363.4604 8.4937e+02     2.8540     -0.094     -0.137    20.5237 0.0000e+00
     -0.089      0.008     8.3931     93.226     29.441  26.790636     0.6249      7.219   362.2692 9.5076e+02     2.9150     -0.084     -0.122    20.5265 0.0000e+00
     -0.086     -0.009     8.3701     92.944     29.455  26.794464     0.6350      7.229   361.5638 8.6356e+02     2.9503     -0.082     -0.118    20.5132 0.0000e+00
     -0.092     -0.029     8.3284     92.446     29.460  26.787416     0.6271      7.242   360.9550 9.1086e+02     2.9144     -0.087     -0.125    20.5023 0.0000e+00
     -0.107     -0.047     8.2643     91.703     29.450  26.768898     0.6130      7.256   360.7585 1.0329e+03     2.8473     -0.103     -0.148    20.5007 0.0000e+00
     -0.127     -0.056     8.1700     90.643     29.447  26.761042     0.6121      7.271   360.9944 8.4199e+02     2.8405     -0.125     -0.181    20.4976 0.0000e+00
     -0.148     -0.054     8.0663     89.504     29.507  26.819412     0.6151      7.284   360.7963 6.2004e+02     2.8627     -0.145     -0.211    20.4795 0.0000e+00
     -0.168     -0.044     7.9848     88.631     29.657  26.966688     0.6130      7.291   359.9975 6.4149e+02     2.8719     -0.167     -0.242    20.4592 0.0000e+00
     -0.180     -0.031     7.9431     88.198     29.772  27.081368     0.6144      7.294   359.1668 9.1799e+02     2.8901     -0.183     -0.264    20.4396 0.0000e+00
     -0.181     -0.016     7.9499     88.292     29.745  27.063097     0.6132      7.298   358.7533 1.4311e+03     2.9308     -0.181     -0.262    20.4280 0.0000e+00
     -0.175     -0.004     7.9951     88.816     29.668  26.999765     0.6073      7.306   358.5268 1.9051e+03     2.9677     -0.170     -0.246    20.4369 0.0000e+00
     -0.172      0.004     8.0522     89.491     29.599  26.950593     0.6168      7.314   358.1486 2.0342e+03     2.9695     -0.166     -0.242    20.4591 0.0000e+00
     -0.172      0.005     8.1029     90.098     29.542  26.913052     0.6278      7.320   357.8798 1.9082e+03     2.9529     -0.172     -0.249    20.4812 0.0000e+00
     -0.170      0.001     8.1412     90.547     29.548  26.926845     0.6207      7.325   357.7722 1.6982e+03     2.9192     -0.167     -0.242    20.4864 0.0000e+00
     -0.167     -0.008     8.1557     90.715     29.616  26.990385     0.6314      7.332   357.6218 1.3137e+03     2.8977     -0.160     -0.233    20.4936 0.0000e+00
     -0.169     -0.020     8.1317     90.460     29.673  27.046358     0.6663      7.341   357.3514 1.0480e+03     2.9060     -0.166     -0.240    20.5214 0.0000e+00
     -0.174     -0.033     8.0680     89.765     29.652  27.032160     0.6830      7.342   357.0843 1.3283e+03     2.8980     -0.170     -0.246    20.5525 0.0000e+00
     -0.182     -0.040     7.9764     88.748     29.626  27.009212     0.6769      7.332   356.8882 1.6192e+03     2.8623     -0.175     -0.254    20.5652 0.0000e+00
     -0.198     -0.040     7.8769     87.626     29.716  27.086377     0.6759      7.319   356.6148 1.3215e+03     2.9016     -0.190     -0.275    20.5601 0.0000e+00
     -0.223     -0.034     7.7914     86.649     29.853  27.203196     0.6903      7.310   356.3591 9.0330e+02     3.0374     -0.221     -0.319    20.5679 0.0000e+00
     -0.239     -0.025     7.7297     85.976     29.931  27.278729     0.6939      7.304   356.2054 7.5285e+02     3.0994     -0.243     -0.352    20.5821 0.0000e+00
     -0.237     -0.013     7.6973     85.707     29.921  27.301189     0.6827      7.302   356.1330 6.6557e+02     3.0719     -0.234     -0.339    20.5804 0.0000e+00
     -0.228     -0.001     7.7034     85.908     29.851  27.284304     0.7020      7.307   356.1729 5.6307e+02     3.0411     -0.222     -0.321    20.5776 0.0000e+00
     -0.222      0.007     7.7464     86.503     29.785  27.265131     0.7527      7.319   356.2579 5.1512e+02     3.0025     -0.217     -0.315    20.5488 0.0000e+00
     -0.219      0.009     7.8091     87.271     29.753  27.259914     0.7900      7.332   356.2997 5.0926e+02     2.9705     -0.215     -0.311    20.5406 0.0000e+00
     -0.218      0.006     7.8682     87.966     29.768  27.284755     0.8044      7.343   356.3341 5.0680e+02     2.9604     -0.214     -0.309    20.6095 0.0000e+00
     -0.219      0.003     7.9058     88.416     29.786  27.311505     0.8167      7.353   356.3297 5.0766e+02     2.9716     -0.214     -0.311    20.7018 0.0000e+00
     -0.221      0.001     7.9112     88.510     29.793  27.329377     0.8375      7.362   356.2466 5.1233e+02     2.9840     -0.216     -0.314    20.7764 0.0000e+00
     -0.221      0.001     7.8792     88.182     29.830  27.373875     0.8535      7.368   356.1896 5.1399e+02     2.9879     -0.217     -0.315    20.8111 0.0000e+00
     -0.220      0.002     7.8135     87.474     29.853  27.405064     0.8627      7.372   356.1575 5.1297e+02     2.9882     -0.216     -0.314    20.8231 0.0000e+00
     -0.219      0.003     7.7252     86.505     29.828  27.389009     0.8659      7.370   356.1156 5.2629e+02     2.9562     -0.215     -0.312    20.8399 0.0000e+00
     -0.217      0.003     7.6252     85.391     29.806  27.370251     0.8916      7.367   356.1139 5.4766e+02     2.9075     -0.212     -0.308    20.8605 0.0000e+00
     -0.216      0.003     7.5222     84.227     29.809  27.368759     0.9539      7.368   356.0505 5.5605e+02     2.8871     -0.211     -0.306    20.8790 0.0000e+00
     -0.216      0.003     7.4252     83.122     29.818  27.370966     0.9852      7.373   356.0385 5.5742e+02     2.8927     -0.212     -0.307    20.8945 0.0000e+00
     -0.216      0.002     7.3380     82.131     29.853  27.396923     0.9754      7.377   356.1398 5.7106e+02     2.9145     -0.211     -0.306    20.9091 0.0000e+00
     -0.215      0.001     7.2588     81.236     29.891  27.428609     0.9737      7.378   356.0713 6.0422e+02     2.9064     -0.212     -0.307    20.9129 0.0000e+00
     -0.214      0.001     7.1888     80.447     29.902  27.436586     0.9831      7.379   355.9848 6.3743e+02     2.8862     -0.211     -0.305    20.9038 0.0000e+00
     -0.214      0.001     7.1278     79.759     29.898  27.429880     0.9788      7.384   356.0398 6.4975e+02     2.9146     -0.209     -0.303    20.8901 0.0000e+00
     -0.214      0.001     7.0727     79.138     29.879  27.411022     0.9675      7.392   356.0473 6.5208e+02     2.9440     -0.210     -0.304    20.8794 0.0000e+00
     -0.214      0.000     7.0220     78.568     29.867  27.399064     0.9567      7.399   356.0759 6.6171e+02     2.9370     -0.210     -0.304    20.8751 0.0000e+00
     -0.214 4.2826e-07     6.9749     78.039     29.882  27.412285     0.9393      7.406   356.1280 6.7996e+02     2.9205     -0.210     -0.304    20.8730 0.0000e+00
     -0.214      0.000     6.9289     77.523     29.917  27.443871     0.9325      7.412   356.0746 6.9914e+02     2.9275     -0.210     -0.304    20.8687 0.0000e+00
     -0.214      0.000     6.8830     77.010     29.938  27.463487     0.9303      7.417   356.0325 7.1890e+02     2.9302     -0.210     -0.304    20.8651 0.0000e+00
     -0.214      0.001     6.8391     76.520     29.932  27.458974     0.9216      7.422   355.9631 7.4340e+02     2.8927     -0.210     -0.304    20.8643 0.0000e+00
     -0.213      0.001     6.7971     76.054     29.924  27.452800     0.9182      7.427   355.8379 7.7328e+02     2.8712     -0.209     -0.303    20.8633 0.0000e+00
     -0.213      0.001     6.7556     75.594     29.921  27.452348     0.9266      7.431   355.6372 8.0517e+02     2.9150     -0.209     -0.303    20.8617 0.0000e+00
     -0.213      0.001     6.7152     75.151     29.919  27.453504     0.9310      7.434   355.3430 8.3187e+02     2.9643     -0.209     -0.302    20.8623 0.0000e+00
     -0.213      0.000     6.6781     74.744     29.930  27.466780     0.9340      7.434   355.1201 8.4875e+02     3.1002     -0.209     -0.302    20.8635 0.0000e+00
     -0.213      0.000     6.6423     74.351     29.947  27.485879     0.9544      7.432   354.8346 8.6170e+02     3.3684     -0.209     -0.303    20.8651 0.0000e+00
     -0.213      0.001     6.6045     73.935     29.953  27.493940     0.9752      7.428   354.3869 8.8143e+02     3.5219     -0.209     -0.302    20.8691 0.0000e+00
     -0.213      0.001     6.5658     73.506     29.958  27.500753     0.9842      7.424   353.9220 9.0857e+02     3.5209     -0.209     -0.303    20.8747 0.0000e+00
     -0.212      0.002     6.5296     73.102     29.962  27.504759     0.9804      7.422   353.4305 9.5064e+02     3.5084     -0.208     -0.302    20.8806 0.0000e+00
     -0.212      0.004     6.4957     72.724     29.933  27.478888     0.9561      7.424   353.0036 1.0649e+03     3.3710     -0.208     -0.302    20.8861 0.0000e+00
     -0.211      0.005     6.4627     72.356     29.892  27.441935     0.9295      7.428   352.8039 1.2535e+03     3.0809     -0.207     -0.301    20.8913 0.0000e+00
     -0.209      0.005     6.4320     72.012     29.889  27.438944     0.9254      7.430   352.7369 1.4409e+03     2.9302     -0.205     -0.298    20.8945 0.0000e+00
     -0.207      0.005     6.4039     71.694     29.894  27.442723     0.9246      7.431   352.7101 1.6064e+03     2.9527     -0.203     -0.295    20.8953 0.0000e+00
     -0.205      0.004     6.3761     71.375     29.877  27.424128     0.9287      7.431   352.5663 1.7068e+03     3.0477     -0.201     -0.292    20.8959 0.0000e+00
     -0.204      0.004     6.3503     71.074     29.862  27.404596     0.9569      7.432   352.2885 1.7425e+03     3.2239     -0.200     -0.290    20.8973 0.0000e+00
     -0.204      0.003     6.3280     70.811     29.860  27.397044     0.9814      7.433   352.1048 1.8036e+03     3.3449     -0.200     -0.290    20.8972 0.0000e+00
     -0.204      0.002     6.3082     70.576     29.865  27.396306     0.9854      7.433   351.9802 1.8942e+03     3.3503     -0.200     -0.291    20.8956 0.0000e+00
     -0.204      0.002     6.2900     70.363     29.869  27.395671     0.9776      7.436   351.8135 2.0021e+03     3.2590     -0.200     -0.290    20.8903 0.0000e+00
