Data/DataNotYetUploadedToEDI/Raw_CTD/RawDownloads/050418_bvr.cnv
* Sea-Bird SBE19plus  Data File:
* FileName = C:\DATA\SBE19plus_01907809_2018_05_04.hex
* Software version 2.6.3.104 SB_Terminal.dll
* Temperature SN = 7809
* Conductivity SN = 7809
* System UpLoad Time = May 04 2018 16:15:37
* <ApplicationData>
* <Seaterm232>
# nquan = 15
# nvalues = 883                         
# units = specified
# name 0 = depFM: Depth [fresh water, m]
# name 1 = dz/dtM: Descent Rate [m/s]
# name 2 = sbeox0Mg/L: Oxygen, SBE 43 [mg/l]
# name 3 = sbeox0PS: Oxygen, SBE 43 [% saturation]
# name 4 = specc: Specific Conductance [uS/cm]
# name 5 = c0uS/cm: Conductivity [uS/cm]
# name 6 = flECO-AFL: Fluorescence, WET Labs ECO-AFL/FL [mg/m^3]
# name 7 = ph: pH
# name 8 = orp: Oxidation Reduction Potential [mV]
# name 9 = par/sat/log: PAR/Logarithmic, Satlantic
# name 10 = turbWETntu0: Turbidity, WET Labs ECO [NTU]
# name 11 = prdM: Pressure, Strain Gauge [db]
# name 12 = prdE: Pressure, Strain Gauge [psi]
# name 13 = tv290C: Temperature [ITS-90, deg C]
# name 14 = flag:  0.000e+00
# span 0 =     -0.635,     10.674       
# span 1 =     -0.061,      0.134       
# span 2 =     0.9754,    10.1566       
# span 3 =      8.029,    110.533       
# span 4 =      0.646,     36.908       
# span 5 =   0.666482,  28.336107       
# span 6 =    -2.4471,     4.1353       
# span 7 =     -2.435,      7.647       
# span 8 =   333.0260,  1224.0752       
# span 9 = 1.2534e-01, 2.6065e+03       
# span 10 =    -4.0058,    21.5429      
# span 11 =     -0.623,     10.470      
# span 12 =     -0.904,     15.184      
# span 13 =     6.9628,    26.5921      
# span 14 = 0.0000e+00, 0.0000e+00      
# interval = seconds: 0.25
# start_time = May 04 2018 16:13:57 [Instrument's time stamp, header]
# bad_flag = -9.990e-29
*END*
[from data line 290]
     -0.284     -0.001     7.4317     83.127     29.265  26.838971     0.9899      7.510   341.5746 2.5618e+03     3.1458     -0.279     -0.404    20.7786 0.0000e+00
     -0.284      0.001     7.3865     82.642     29.272  26.852719     0.9819      7.509   341.7096 2.5649e+03     3.0745     -0.279     -0.405    20.7948 0.0000e+00
     -0.283      0.002     7.3422     82.162     29.293  26.877529     0.9668      7.509   341.8728 2.5655e+03     3.0536     -0.277     -0.402    20.8176 0.0000e+00
     -0.282      0.002     7.2967     81.664     29.297  26.884989     0.9363      7.508   341.9138 2.5671e+03     3.0770     -0.276     -0.400    20.8359 0.0000e+00
     -0.282      0.001     7.2462     81.108     29.287  26.879416     0.9163      7.508   341.7738 2.5677e+03     3.0822     -0.276     -0.401    20.8505 0.0000e+00
     -0.282      0.000     7.1935     80.527     29.278  26.873644     0.9178      7.507   341.8152 2.5646e+03     3.0854     -0.276     -0.401    20.8631 0.0000e+00
     -0.282     -0.001     7.1430     79.968     29.280  26.878700     0.9177      7.506   341.8987 2.5515e+03     3.0854     -0.275     -0.399    20.8729 0.0000e+00
     -0.283     -0.001     7.0950     79.438     29.276  26.877065     0.9154      7.505   341.8361 2.5084e+03     3.0828     -0.277     -0.401    20.8794 0.0000e+00
     -0.284     -0.000     7.0503     78.943     29.248  26.853871     0.9170      7.505   341.9187 2.4543e+03     3.0851     -0.279     -0.405    20.8840 0.0000e+00
     -0.284      0.001     7.0087     78.484     29.243  26.852244     0.9097      7.504   342.0374 2.4354e+03     3.0827     -0.279     -0.404    20.8896 0.0000e+00
     -0.283      0.002     6.9712     78.070     29.247  26.857394     0.9003      7.503   341.9805 2.4354e+03     3.0838     -0.278     -0.403    20.8959 0.0000e+00
     -0.282      0.003     6.9380     77.701     29.240  26.852651     0.8870      7.503   342.0046 2.4295e+03     3.0986     -0.278     -0.403    20.8979 0.0000e+00
     -0.281      0.005     6.9051     77.336     29.245  26.858395     0.8594      7.503   342.1576 2.4120e+03     3.1082     -0.275     -0.399    20.9005 0.0000e+00
     -0.279      0.006     6.8699     76.944     29.249  26.863345     0.8422      7.502   342.1960 2.3166e+03     3.1092     -0.273     -0.396    20.9079 0.0000e+00
     -0.278      0.006     6.8308     76.507     29.233  26.849018     0.8438      7.502   341.6942 2.0920e+03     3.1106     -0.273     -0.396    20.9113 0.0000e+00
     -0.277      0.009     6.7905     76.056     29.192  26.812149     0.8700      7.500   340.6501 1.7357e+03     3.1243     -0.273     -0.395    20.9120 0.0000e+00
     -0.275      0.016     6.7478     75.579     29.177  26.798530     0.9105      7.491   339.5528 1.2592e+03     3.1531     -0.270     -0.391    20.9146 0.0000e+00
     -0.273      0.029     6.7063     75.118     29.190  26.811348     0.9290      7.479   338.5789 8.5493e+02     3.1538     -0.267     -0.387    20.9165 0.0000e+00
     -0.269      0.045     6.6811     74.836     29.153  26.776654     0.9194      7.468   337.8233 7.8522e+02     3.1333     -0.267     -0.388    20.9166 0.0000e+00
     -0.259      0.060     6.6772     74.768     29.076  26.696520     0.8587      7.459   337.2994 9.6334e+02     3.0878     -0.260     -0.377    20.9170 0.0000e+00
     -0.237      0.074     6.7002     74.943     29.010  26.604378     0.7648      7.449   336.9768 1.1486e+03     3.0004     -0.234     -0.340    20.9180 0.0000e+00
     -0.207      0.084     6.7652     75.526     28.944  26.487946     0.7217      7.440   336.7621 1.4070e+03     2.9316     -0.201     -0.293    20.9209 0.0000e+00
     -0.181      0.088     6.8789     76.631     28.881  26.368067     0.7236      7.434   336.5105 1.7683e+03     2.8969     -0.177     -0.255    20.9247 0.0000e+00
     -0.158      0.086     7.0464     78.347     28.866  26.297734     0.7230      7.430   336.1716 1.9777e+03     2.9158     -0.155     -0.225    20.9186 0.0000e+00
     -0.136      0.081     7.2823     80.837     28.891  26.272412     0.7151      7.428   335.7619 1.9143e+03     3.0071     -0.132     -0.191    20.8667 0.0000e+00
     -0.117      0.075     7.5833     84.062     28.913  26.252312     0.7102      7.425   335.2562 1.8138e+03     3.0857     -0.112     -0.163    20.7545 0.0000e+00
     -0.101      0.073     7.9198     87.700     28.939  26.245137     0.7194      7.423   334.5311 1.9430e+03     3.1344     -0.100     -0.145    20.6367 0.0000e+00
     -0.086      0.075     8.2568     91.359     28.970  26.249112     0.7249      7.423   333.7925 2.3210e+03     3.1689     -0.086     -0.124    20.5423 0.0000e+00
     -0.070      0.080     8.5583     94.618     28.983  26.236841     0.7214      7.422   333.3809 2.4315e+03     3.1669     -0.068     -0.099    20.4597 0.0000e+00
     -0.050      0.088     8.8024     97.226     28.998  26.223721     0.7234      7.421   333.1681 1.9608e+03     3.1705     -0.052     -0.075    20.3870 0.0000e+00
     -0.025      0.097     8.9827     99.126     29.022  26.217433     0.7307      7.421   333.0263 1.5886e+03     3.1819     -0.027     -0.038    20.3343 0.0000e+00
      0.004      0.102     9.0867    100.197     29.055  26.224268     0.7366      7.421   333.0430 1.3580e+03     3.1525      0.004      0.006    20.2999 0.0000e+00
      0.033      0.104     9.1057    100.355     29.092  26.242846     0.7204      7.424   333.0260 1.1160e+03     3.0590      0.032      0.047    20.2612 0.0000e+00
      0.063      0.100     9.0523     99.740     29.110  26.251556     0.6913      7.429   333.0795 1.1516e+03     2.9356      0.062      0.089    20.2103 0.0000e+00
      0.090      0.092     8.9477     98.569     29.133  26.266073     0.6787      7.435   333.4311 1.0575e+03     2.8819      0.090      0.132    20.1608 0.0000e+00
      0.113      0.083     8.8102     97.043     29.165  26.291374     0.6786      7.440   333.8356 8.8278e+02     2.8981      0.114      0.165    20.1198 0.0000e+00
      0.131      0.075     8.6552     95.330     29.180  26.303497     0.6895      7.442   334.1846 1.0229e+03     2.9483      0.130      0.188    20.0938 0.0000e+00
      0.145      0.069     8.4877     93.474     29.164  26.285659     0.7098      7.443   334.5541 1.4821e+03     3.0309      0.143      0.207    20.0857 0.0000e+00
      0.160      0.066     8.3161     91.573     29.146  26.266168     0.7217      7.445   334.9480 1.7820e+03     3.0734      0.156      0.226    20.0744 0.0000e+00
      0.175      0.065     8.1567     89.818     29.137  26.258306     0.7328      7.447   335.3323 1.5232e+03     3.0950      0.170      0.247    20.0673 0.0000e+00
      0.193      0.066     8.0160     88.273     29.131  26.254100     0.7707      7.450   335.6735 1.2358e+03     3.0789      0.189      0.274    20.0692 0.0000e+00
      0.211      0.067     7.8927     86.917     29.157  26.278807     0.8215      7.453   335.9764 1.1024e+03     2.9707      0.207      0.301    20.0608 0.0000e+00
      0.230      0.067     7.7843     85.725     29.184  26.303057     0.8510      7.457   336.2410 9.8438e+02     2.9158      0.226      0.329    20.0529 0.0000e+00
      0.248      0.066     7.6870     84.656     29.173  26.293338     0.8599      7.460   336.5498 1.0398e+03     2.9341      0.244      0.355    20.0544 0.0000e+00
      0.263      0.065     7.5961     83.658     29.166  26.288282     0.8922      7.464   336.8705 1.1582e+03     2.9174      0.258      0.374    20.0589 0.0000e+00
      0.279      0.064     7.5092     82.709     29.182  26.305417     0.9475      7.467   337.1932 1.1231e+03     2.8659      0.272      0.395    20.0591 0.0000e+00
      0.295      0.064     7.4279     81.825     29.182  26.310045     0.9683      7.469   337.6122 1.0238e+03     2.8307      0.289      0.419    20.0589 0.0000e+00
      0.312      0.064     7.3510     80.988     29.145  26.280746     0.9690      7.469   337.9792 9.8742e+02     2.8569      0.306      0.444    20.0613 0.0000e+00
      0.328      0.064     7.2786     80.197     29.129  26.268633     0.9747      7.469   338.2739 9.7633e+02     2.9088      0.321      0.466    20.0617 0.0000e+00
      0.344      0.063     7.2119     79.465     29.152  26.290576     0.9448      7.467   338.5953 9.5009e+02     2.9083      0.337      0.489    20.0662 0.0000e+00
      0.361      0.060     7.1500     78.786     29.153  26.292088     0.8838      7.466   338.8534 9.5424e+02     2.8818      0.354      0.514    20.0757 0.0000e+00
      0.377      0.059     7.0926     78.157     29.146  26.286917     0.8527      7.465   339.0718 9.6629e+02     2.8939      0.371      0.538    20.0833 0.0000e+00
      0.391      0.059     7.0414     77.596     29.149  26.291543     0.8533      7.460   339.2567 9.6069e+02     2.9019      0.384      0.557    20.0862 0.0000e+00
      0.403      0.060     6.9989     77.136     29.138  26.284531     0.8552      7.451   339.3682 9.5799e+02     2.8873      0.396      0.574    20.0871 0.0000e+00
      0.415      0.061     6.9653     76.784     29.108  26.265631     0.8472      7.442   339.5603 9.3804e+02     2.9001      0.406      0.588    20.0897 0.0000e+00
      0.431      0.060     6.9425     76.562     29.083  26.253517     0.8397      7.434   339.7716 9.4442e+02     2.9341      0.418      0.607    20.0905 0.0000e+00
      0.453      0.056     6.9390     76.546     29.086  26.265060     0.8467      7.429   339.7721 9.6566e+02     2.9335      0.446      0.647    20.0928 0.0000e+00
      0.473      0.050     6.9627     76.807     29.101  26.278220     0.8856      7.429   339.6525 9.4759e+02     2.8922      0.468      0.678    20.0970 0.0000e+00
      0.484      0.043     7.0167     77.394     29.113  26.285653     0.9518      7.433   339.7030 9.5875e+02     2.8619      0.475      0.689    20.1066 0.0000e+00
      0.490      0.039     7.1006     78.313     29.122  26.291424     0.9851      7.438   339.9520 1.0647e+03     2.8417      0.482      0.699    20.1329 0.0000e+00
      0.494      0.041     7.2106     79.515     29.120  26.284506     0.9860      7.443   340.2535 1.0651e+03     2.8316      0.485      0.704    20.1526 0.0000e+00
      0.496      0.050     7.3391     80.915     29.105  26.265505     0.9710      7.445   340.5100 9.3776e+02     2.8306      0.484      0.702    20.1471 0.0000e+00
      0.506      0.064     7.4721     82.379     29.091  26.252154     0.9333      7.445   340.6441 8.7750e+02     2.8297      0.490      0.711    20.1360 0.0000e+00
      0.529      0.078     7.5921     83.708     29.086  26.250063     0.9071      7.445   340.7555 8.5527e+02     2.8517      0.514      0.746    20.1384 0.0000e+00
      0.559      0.090     7.6825     84.703     29.076  26.240222     0.9116      7.443   340.9967 8.5622e+02     2.8829      0.549      0.797    20.1301 0.0000e+00
      0.589      0.098     7.7352     85.271     29.104  26.260153     0.9323      7.441   341.1520 9.9181e+02     2.9018      0.579      0.840    20.1115 0.0000e+00
      0.614      0.100     7.7484     85.397     29.155  26.300556     0.9365      7.441   341.0846 1.0481e+03     2.8658      0.603      0.875    20.1141 0.0000e+00
      0.638      0.098     7.7210     85.073     29.145  26.284264     0.9163      7.440   341.1279 8.2338e+02     2.8144      0.626      0.908    20.1221 0.0000e+00
      0.663      0.098     7.6649     84.418     29.125  26.253649     0.9092      7.436   341.3314 6.3082e+02     2.8304      0.650      0.943    20.1221 0.0000e+00
      0.685      0.100     7.6027     83.672     29.143  26.247840     0.9235      7.430   341.4806 6.0136e+02     2.8757      0.673      0.977    20.1115 0.0000e+00
      0.707      0.102     7.5573     83.096     29.136  26.213999     0.9601      7.425   341.5546 5.9539e+02     2.9043      0.691      1.003    20.0986 0.0000e+00
      0.734      0.102     7.5546     82.997     29.105  26.161914     1.0217      7.421   341.6236 5.7256e+02     2.9016      0.716      1.039    20.0880 0.0000e+00
      0.767      0.100     7.6131     83.572     29.091  26.125993     1.0621      7.420   341.6273 5.6141e+02     2.9042      0.753      1.091    20.0718 0.0000e+00
      0.798      0.096     7.7222     84.685     29.091  26.097106     1.0706      7.423   341.5128 5.8520e+02     2.9358      0.785      1.138    20.0320 0.0000e+00
      0.822      0.093     7.8496     85.981     29.095  26.066581     1.0969      7.428   341.4440 5.8376e+02     2.9482      0.809      1.173    19.9773 0.0000e+00
      0.840      0.089     7.9665     87.165     29.070  26.010833     1.1419      7.432   341.4838 5.5041e+02     2.9309      0.825      1.196    19.9379 0.0000e+00
      0.856      0.088     8.0562     88.057     29.013  25.930962     1.1642      7.436   341.5637 5.5976e+02     2.9102      0.838      1.215    19.9035 0.0000e+00
      0.876      0.091     8.1136     88.598     28.968  25.862740     1.1737      7.439   341.6358 5.5466e+02     2.9113      0.857      1.243    19.8541 0.0000e+00
      0.901      0.097     8.1444     88.855     28.951  25.820848     1.2018      7.440   341.7527 5.0674e+02     2.9140      0.884      1.281    19.7866 0.0000e+00
      0.929      0.103     8.1566     88.910     28.962  25.805369     1.2377      7.440   341.8588 4.7886e+02     2.8813      0.911      1.321    19.7313 0.0000e+00
      0.957      0.106     8.1586     88.854     28.987  25.802536     1.2497      7.440   341.8873 4.6076e+02     2.8518      0.937      1.359    19.6843 0.0000e+00
      0.987      0.105     8.1681     88.893     28.993  25.786554     1.2443      7.440   342.0099 4.5719e+02     2.8631      0.968      1.404    19.6319 0.0000e+00
      1.017      0.102     8.2031     89.216     28.960  25.739087     1.2459      7.439   342.2232 4.8794e+02     2.8651      0.999      1.451    19.5897 0.0000e+00
      1.042      0.100     8.2661     89.836     28.909  25.673035     1.2420      7.437   342.4015 5.9340e+02     2.8455      1.022      1.483    19.5465 0.0000e+00
      1.064      0.098     8.3466     90.627     28.882  25.622817     1.2254      7.432   342.5305 6.4237e+02     2.8396      1.044      1.513    19.4993 0.0000e+00
      1.085      0.097     8.4318     91.441     28.870  25.576304     1.2289      7.427   342.6640 5.2099e+02     2.8541      1.063      1.542    19.4641 0.0000e+00
      1.110      0.097     8.5176     92.219     28.828  25.491554     1.2933      7.425   342.8118 4.1660e+02     2.8997      1.087      1.576    19.4355 0.0000e+00
      1.137      0.098     8.6106     92.994     28.759  25.359948     1.3883      7.422   343.0269 3.9491e+02     2.9331      1.115      1.617    19.4012 0.0000e+00
      1.165      0.100     8.7161     93.775     28.689  25.191293     1.4401      7.416   343.3716 3.9943e+02     2.9217      1.143      1.658    19.3583 0.0000e+00
      1.190      0.103     8.8302     94.505     28.613  24.975988     1.4420      7.410   343.6242 4.0284e+02     2.8846      1.169      1.695    19.2980 0.0000e+00
      1.212      0.107     8.9524     95.172     28.465  24.661198     1.4297      7.405   343.7579 3.8086e+02     2.8511      1.188      1.722    19.2206 0.0000e+00
      1.237      0.110     9.0907     95.855     28.240  24.241950     1.4107      7.403   344.0422 3.6468e+02     2.8517      1.210      1.755    19.1125 0.0000e+00
      1.268      0.113     9.2477     96.610     28.070  23.842860     1.3768      7.405   344.3087 3.5332e+02     2.8612      1.242      1.802    18.9236 0.0000e+00
      1.301      0.118     9.4135     97.395     28.072  23.581225     1.3515      7.409   344.3124 3.6010e+02     2.8442      1.276      1.850    18.6624 0.0000e+00
      1.333      0.122     9.5637     98.045     28.184  23.427199     1.3529      7.411   344.3446 3.7310e+02     2.8290      1.308      1.896    18.3389 0.0000e+00
