Data/DataNotYetUploadedToEDI/Raw_CTD/RawDownloads/050418_fcr50.cnv
* Sea-Bird SBE19plus  Data File:
* FileName = C:\DATA\fcr.hex
* Software version 2.6.3.104 SB_Terminal.dll
* Temperature SN = 7809
* Conductivity SN = 7809
* System UpLoad Time = May 04 2018 16:34:00
* <ApplicationData>
* <Seaterm232>
# nquan = 15
# nvalues = 897                         
# units = specified
# name 0 = depFM: Depth [fresh water, m]
# name 1 = dz/dtM: Descent Rate [m/s]
# name 2 = sbeox0Mg/L: Oxygen, SBE 43 [mg/l]
# name 3 = sbeox0PS: Oxygen, SBE 43 [% saturation]
# name 4 = specc: Specific Conductance [uS/cm]
# name 5 = c0uS/cm: Conductivity [uS/cm]
# name 6 = flECO-AFL: Fluorescence, WET Labs ECO-AFL/FL [mg/m^3]
# name 7 = ph: pH
# name 8 = orp: Oxidation Reduction Potential [mV]
# name 9 = par/sat/log: PAR/Logarithmic, Satlantic
# name 10 = turbWETntu0: Turbidity, WET Labs ECO [NTU]
# name 11 = prdM: Pressure, Strain Gauge [db]
# name 12 = prdE: Pressure, Strain Gauge [psi]
# name 13 = tv290C: Temperature [ITS-90, deg C]
# name 14 = flag:  0.000e+00
# span 0 =     -0.561,      9.765       
# span 1 =     -0.009,      3.857       
# span 2 =     5.8295,     9.9096       
# span 3 =     64.692,    108.822       
# span 4 =      0.695,     39.244       
# span 5 =   0.765040,  33.722684       
# span 6 =    -0.7499,     5.3392       
# span 7 =      4.719,      7.614       
# span 8 = -1240.7451,  1234.7598       
# span 9 = 9.2193e-01, 2.3556e+03       
# span 10 =    -1.7809,    62.2613      
# span 11 =     -0.551,      9.576      
# span 12 =     -0.798,     13.889      
# span 13 =     8.5205,    30.1382      
# span 14 = 0.0000e+00, 0.0000e+00      
# interval = seconds: 0.25
# start_time = May 04 2018 17:50:57 [Instrument's time stamp, header]
# bad_flag = -9.990e-29
*END*
[from data line 675]
      5.569      0.062     9.0054     77.155     39.027  26.223141     2.1281      6.724   373.2084 3.5014e+01     1.8349      5.463      7.923     8.6001 0.0000e+00
      5.579      0.061     9.0193     77.277     39.012  26.214994     2.1326      6.722   372.5493 3.4668e+01     1.6053      5.470      7.933     8.5940 0.0000e+00
      5.589      0.064     9.0358     77.421     38.972  26.188717     2.1243      6.719   371.3598 3.4442e+01     1.4678      5.479      7.947     8.5917 0.0000e+00
      5.603      0.072     9.0510     77.552     38.927  26.159412     2.1380      6.715   371.0447 3.4284e+01     1.5149      5.493      7.967     8.5917 0.0000e+00
      5.623      0.082     9.0608     77.637     38.955  26.178147     2.1785      6.712   371.4074 3.3970e+01     1.6257      5.512      7.995     8.5941 0.0000e+00
      5.649      0.092     9.0698     77.714     39.024  26.224749     2.1815      6.708   371.9597 3.3424e+01     1.6474      5.538      8.033     8.5968 0.0000e+00
      5.677      0.099     9.0793     77.792     39.012  26.214906     2.1470      6.705   372.7314 3.2857e+01     1.6251      5.568      8.075     8.5979 0.0000e+00
      5.704      0.101     9.0845     77.831     38.973  26.186129     2.1568      6.703   372.9939 3.2215e+01     1.7231      5.595      8.115     8.5976 0.0000e+00
      5.732      0.098     9.0826     77.808     38.989  26.194287     2.2446      6.702   371.8646 3.1393e+01     1.8547      5.620      8.153     8.5980 0.0000e+00
      5.758      0.092     9.0767     77.751     38.981  26.186552     2.3536      6.703   370.0911 3.0576e+01     1.8735      5.649      8.193     8.5987 0.0000e+00
      5.781      0.085     9.0697     77.686     38.939  26.156094     2.3807      6.704   369.6186 2.9928e+01     1.7975      5.672      8.227     8.5976 0.0000e+00
      5.801      0.078     9.0607     77.605     38.922  26.143484     2.3425      6.704   369.9370 2.9463e+01     1.7598      5.689      8.251     8.5939 0.0000e+00
      5.819      0.073     9.0512     77.524     38.948  26.161081     2.3613      6.703   369.9836 2.9168e+01     1.8757      5.706      8.276     8.5897 0.0000e+00
      5.835      0.071     9.0451     77.472     38.974  26.178376     2.4149      6.702   370.1814 2.9030e+01     1.9773      5.723      8.301     8.5862 0.0000e+00
      5.850      0.072     9.0432     77.452     38.952  26.162103     2.4118      6.700   370.8659 2.8864e+01     1.9205      5.737      8.321     8.5834 0.0000e+00
      5.867      0.074     9.0462     77.472     38.945  26.154818     2.3877      6.699   370.8605 2.8403e+01     1.8609      5.752      8.342     8.5816 0.0000e+00
      5.888      0.076     9.0551     77.544     38.946  26.153783     2.4085      6.698   369.5140 2.7719e+01     1.9278      5.773      8.373     8.5821 0.0000e+00
      5.911      0.079     9.0672     77.646     38.940  26.149585     2.4530      6.696   368.6103 2.7081e+01     2.0588      5.797      8.408     8.5837 0.0000e+00
      5.932      0.082     9.0829     77.781     38.967  26.167556     2.4474      6.694   368.7095 2.6558e+01     2.0713      5.818      8.438     8.5805 0.0000e+00
      5.951      0.084     9.1059     77.978     38.988  26.180578     2.4132      6.693   368.9069 2.6154e+01     1.9568      5.836      8.464     8.5759 0.0000e+00
      5.970      0.084     9.1316     78.195     38.988  26.180045     2.4349      6.692   369.1902 2.5823e+01     1.9251      5.854      8.490     8.5744 0.0000e+00
      5.992      0.083     9.1517     78.364     38.961  26.161106     2.6089      6.692   369.7256 2.5438e+01     1.9625      5.875      8.523     8.5743 0.0000e+00
      6.017      0.082     9.1652     78.475     38.935  26.142067     2.8818      6.692   370.2178 2.4958e+01     1.9824      5.900      8.558     8.5744 0.0000e+00
      6.040      0.082     9.1719     78.528     38.935  26.140336     3.0133      6.690   370.3225 2.4518e+01     1.9827      5.924      8.592     8.5736 0.0000e+00
      6.060      0.082     9.1732     78.537     38.937  26.140179     3.0045      6.686   370.0460 2.4262e+01     1.9048      5.945      8.622     8.5727 0.0000e+00
      6.078      0.081     9.1727     78.530     38.938  26.140165     3.0880      6.684   369.8860 2.4036e+01     1.8647      5.960      8.644     8.5716 0.0000e+00
      6.096      0.080     9.1695     78.500     38.940  26.140163     3.2693      6.682   369.7648 2.3641e+01     1.8337      5.976      8.667     8.5690 0.0000e+00
      6.118      0.080     9.1610     78.424     38.942  26.140154     3.3498      6.682   369.4402 2.3135e+01     1.7130      5.999      8.701     8.5661 0.0000e+00
      6.142      0.081     9.1518     78.344     38.942  26.140050     3.3537      6.682   369.4027 2.2684e+01     1.7174      6.024      8.738     8.5654 0.0000e+00
      6.162      0.082     9.1505     78.333     38.941  26.138905     3.4902      6.680   370.4297 2.2308e+01     1.9179      6.044      8.765     8.5644 0.0000e+00
      6.181      0.082     9.1545     78.366     38.923  26.126311     3.7323      6.678   371.9640 2.1912e+01     2.0919      6.062      8.791     8.5624 0.0000e+00
      6.201      0.081     9.1586     78.399     38.907  26.114766     3.8452      6.677   372.3801 2.1487e+01     2.0517      6.081      8.820     8.5608 0.0000e+00
      6.222      0.078     9.1643     78.445     38.926  26.126310     3.8357      6.677   372.1047 2.1056e+01     1.9196      6.101      8.850     8.5598 0.0000e+00
      6.245      0.077     9.1737     78.523     38.946  26.138905     3.9569      6.676   371.7322 2.0680e+01     1.9595      6.124      8.882     8.5603 0.0000e+00
      6.266      0.077     9.1860     78.628     38.948  26.140050     4.2088      6.674   371.1461 2.0453e+01     2.1066      6.148      8.916     8.5599 0.0000e+00
      6.284      0.079     9.1978     78.728     38.948  26.140153     4.3450      6.671   371.9016 2.0338e+01     2.1724      6.164      8.941     8.5582 0.0000e+00
      6.298      0.082     9.2060     78.798     38.949  26.140153     4.3441      6.668   373.8971 2.0158e+01     2.1148      6.174      8.955     8.5568 0.0000e+00
      6.316      0.087     9.2099     78.829     38.951  26.140039     4.3082      6.666   374.7970 1.9772e+01     1.9903      6.191      8.979     8.5555 0.0000e+00
      6.341      0.091     9.2124     78.847     38.950  26.138780     4.2785      6.665   374.6076 1.9290e+01     2.0090      6.218      9.018     8.5549 0.0000e+00
      6.369      0.095     9.2148     78.867     38.930  26.124927     4.2791      6.664   374.1019 1.8839e+01     2.1580      6.246      9.059     8.5555 0.0000e+00
      6.398      0.095     9.2150     78.867     38.893  26.099539     4.2691      6.665   373.3297 1.8409e+01     2.1435      6.275      9.101     8.5550 0.0000e+00
      6.425      0.091     9.2120     78.839     38.874  26.085791     4.2311      6.665   372.9279 1.8025e+01     1.9561      6.301      9.139     8.5529 0.0000e+00
      6.447      0.084     9.2083     78.805     38.875  26.085687     4.2340      6.665   373.2884 1.7741e+01     1.8452      6.322      9.171     8.5519 0.0000e+00
      6.465      0.077     9.2055     78.780     38.895  26.098281     4.3129      6.666   373.9015 1.7563e+01     1.9326      6.341      9.198     8.5520 0.0000e+00
      6.481      0.070     9.1999     78.731     38.914  26.111073     4.3954      6.666   374.1467 1.7417e+01     2.0659      6.356      9.218     8.5513 0.0000e+00
      6.497      0.065     9.1943     78.686     38.916  26.113372     4.4133      6.665   374.2747 1.7205e+01     2.0227      6.371      9.240     8.5497 0.0000e+00
      6.515      0.062     9.1934     78.681     38.934  26.126071     4.4557      6.665   374.3292 1.6947e+01     1.9594      6.389      9.266     8.5481 0.0000e+00
      6.531      0.062     9.1948     78.693     38.950  26.137624     4.5952      6.665   374.0315 1.6743e+01     2.0641      6.406      9.292     8.5471 0.0000e+00
      6.545      0.062     9.1983     78.723     38.933  26.126070     4.6940      6.665   373.6874 1.6596e+01     2.0983      6.418      9.309     8.5472 0.0000e+00
      6.559      0.062     9.2033     78.764     38.916  26.113362     4.7038      6.664   373.2659 1.6407e+01     2.0061      6.430      9.327     8.5483 0.0000e+00
      6.576      0.063     9.2079     78.800     38.915  26.110959     4.6858      6.663   372.8067 1.6182e+01     1.9564      6.449      9.354     8.5500 0.0000e+00
      6.593      0.065     9.2130     78.842     38.895  26.097022     4.6425      6.663   372.8675 1.5960e+01     1.9558      6.466      9.377     8.5512 0.0000e+00
      6.609      0.068     9.2180     78.884     38.858  26.071835     4.6299      6.663   373.1403 1.5712e+01     2.0298      6.481      9.400     8.5506 0.0000e+00
      6.627      0.069     9.2190     78.893     38.841  26.060404     4.6345      6.662   373.2660 1.5450e+01     2.0564      6.498      9.425     8.5490 0.0000e+00
      6.646      0.069     9.2189     78.891     38.878  26.085800     4.5607      6.660   373.5266 1.5215e+01     1.9424      6.516      9.451     8.5473 0.0000e+00
      6.664      0.070     9.2204     78.904     38.937  26.124917     4.4724      6.660   373.8827 1.4998e+01     1.9334      6.536      9.479     8.5462 0.0000e+00
      6.682      0.071     9.2214     78.912     38.978  26.152394     4.4584      6.660   373.3554 1.4790e+01     2.0694      6.554      9.506     8.5460 0.0000e+00
      6.699      0.072     9.2229     78.924     38.996  26.164043     4.4746      6.659   372.1421 1.4619e+01     2.1214      6.570      9.528     8.5461 0.0000e+00
      6.716      0.074     9.2240     78.931     38.959  26.138770     4.4666      6.658   371.7745 1.4429e+01     2.0134      6.585      9.550     8.5463 0.0000e+00
      6.735      0.076     9.2235     78.925     38.903  26.100800     4.4261      6.657   372.0076 1.4165e+01     1.8624      6.604      9.578     8.5465 0.0000e+00
      6.756      0.078     9.2246     78.934     38.882  26.085927     4.4162      6.656   372.1212 1.3870e+01     1.8824      6.624      9.608     8.5461 0.0000e+00
      6.777      0.079     9.2256     78.943     38.882  26.085927     4.4663      6.656   372.4602 1.3584e+01     2.0409      6.646      9.639     8.5452 0.0000e+00
      6.799      0.079     9.2230     78.922     38.904  26.100802     4.4799      6.655   373.0086 1.3342e+01     2.0701      6.667      9.671     8.5440 0.0000e+00
      6.820      0.078     9.2225     78.920     38.959  26.138782     4.4890      6.653   372.7290 1.3156e+01     1.9608      6.689      9.702     8.5433 0.0000e+00
      6.839      0.076     9.2269     78.960     38.995  26.164178     4.5764      6.653   371.7470 1.2969e+01     1.9088      6.708      9.729     8.5429 0.0000e+00
      6.857      0.076     9.2300     78.989     38.978  26.153883     4.6631      6.652   371.3738 1.2740e+01     1.9913      6.724      9.753     8.5429 0.0000e+00
      6.875      0.076     9.2320     79.006     38.959  26.141290     4.7199      6.651   371.4868 1.2512e+01     2.1350      6.741      9.777     8.5435 0.0000e+00
      6.894      0.076     9.2350     79.031     38.956  26.138906     4.7581      6.649   371.7368 1.2293e+01     2.1206      6.761      9.804     8.5447 0.0000e+00
      6.914      0.077     9.2368     79.045     38.936  26.125053     4.7758      6.648   372.2452 1.2041e+01     1.9996      6.780      9.834     8.5465 0.0000e+00
      6.935      0.079     9.2358     79.036     38.901  26.100791     4.8043      6.646   372.6424 1.1784e+01     2.0452      6.801      9.865     8.5476 0.0000e+00
      6.956      0.081     9.2334     79.013     38.900  26.099541     4.8453      6.644   372.5824 1.1585e+01     2.1527      6.822      9.895     8.5475 0.0000e+00
      6.976      0.082     9.2282     78.966     38.917  26.109940     4.8776      6.642   372.1227 1.1412e+01     2.0788      6.841      9.922     8.5469 0.0000e+00
      6.996      0.082     9.2192     78.886     38.903  26.099532     4.8820      6.641   371.7298 1.1193e+01     1.8847      6.860      9.950     8.5465 0.0000e+00
      7.017      0.083     9.2117     78.821     38.905  26.100677     4.8798      6.640   371.7033 1.0967e+01     1.8804      6.882      9.982     8.5460 0.0000e+00
      7.039      0.085     9.2093     78.801     38.940  26.123783     4.9058      6.638   371.8892 1.0769e+01     2.0582      6.903     10.012     8.5451 0.0000e+00
      7.061      0.088     9.2090     78.798     38.942  26.124928     4.9115      6.636   372.1700 1.0577e+01     2.0814      6.925     10.043     8.5434 0.0000e+00
      7.083      0.093     9.2091     78.798     38.927  26.114520     4.8657      6.633   372.5167 1.0387e+01     1.9470      6.946     10.074     8.5420 0.0000e+00
      7.106      0.099     9.2111     78.814     38.943  26.124928     4.8305      6.628   372.9838 1.0203e+01     1.8681      6.969     10.107     8.5419 0.0000e+00
      7.131      0.104     9.2150     78.846     38.943  26.123784     4.8443      6.624   373.3438 1.0008e+01     1.9205      6.993     10.142     8.5416 0.0000e+00
      7.158      0.106     9.2169     78.862     38.908  26.100687     4.8579      6.622   373.1699 9.7539e+00     2.0003      7.016     10.176     8.5416 0.0000e+00
      7.190      0.105     9.2166     78.859     38.907  26.099637     4.8117      6.621   372.7734 9.4589e+00     1.9481      7.049     10.224     8.5411 0.0000e+00
      7.223      0.103     9.2196     78.884     38.924  26.111086     4.7447      6.620   372.5079 9.2326e+00     1.8699      7.087     10.278     8.5400 0.0000e+00
      7.249      0.099     9.2256     78.936     38.925  26.112126     4.7372      6.620   372.3690 9.0876e+00     1.9395      7.112     10.315     8.5396 0.0000e+00
      7.268      0.095     9.2306     78.979     38.925  26.112212     4.7852      6.621   372.3846 8.9379e+00     2.0873      7.127     10.337     8.5395 0.0000e+00
      7.288      0.092     9.2358     79.024     38.925  26.112125     4.8558      6.621   372.8691 8.7474e+00     2.1623      7.146     10.364     8.5395 0.0000e+00
      7.310      0.091     9.2425     79.082     38.923  26.111085     4.9194      6.620   373.5807 8.5414e+00     2.0826      7.169     10.398     8.5397 0.0000e+00
      7.334      0.093     9.2474     79.124     38.906  26.099636     4.9304      6.619   373.5894 8.3532e+00     1.9166      7.193     10.432     8.5398 0.0000e+00
      7.359      0.096     9.2501     79.147     38.907  26.100677     4.9421      6.617   373.2324 8.1703e+00     1.8954      7.216     10.466     8.5395 0.0000e+00
      7.385      0.096     9.2511     79.156     38.942  26.123670     5.0242      6.617   372.9635 7.9769e+00     1.9789      7.242     10.505     8.5395 0.0000e+00
      7.412      0.094     9.2490     79.138     38.942  26.123670     5.0962      6.618   372.6614 7.7934e+00     1.9497      7.270     10.545     8.5399 0.0000e+00
      7.437      0.092     9.2448     79.101     38.907  26.100667     5.0960      6.618   372.5049 7.6441e+00     1.9698      7.295     10.581     8.5402 0.0000e+00
      7.459      0.089     9.2391     79.052     38.906  26.099522     5.0865      6.618   372.7926 7.5252e+00     2.0390      7.315     10.610     8.5403 0.0000e+00
      7.479      0.084     9.2328     78.998     38.921  26.109827     5.0913      6.618   373.4716 7.4065e+00     2.0229      7.334     10.637     8.5400 0.0000e+00
      7.500      0.081     9.2285     78.961     38.904  26.098274     5.0904      6.618   373.8323 7.2740e+00     2.0194      7.354     10.666     8.5397 0.0000e+00
      7.521      0.081     9.2250     78.931     38.887  26.086824     5.0656      6.615   373.8838 7.1381e+00     1.9654      7.376     10.698     8.5397 0.0000e+00
      7.542      0.083     9.2224     78.909     38.905  26.098387     5.0214      6.613   374.0086 7.0268e+00     1.9502      7.397     10.729     8.5400 0.0000e+00
