Data/DataNotYetUploadedToEDI/Raw_CTD/RawDownloads/050418_fcr50.cnv
* Sea-Bird SBE19plus  Data File:
* FileName = C:\DATA\fcr.hex
* Software version 2.6.3.104 SB_Terminal.dll
* Temperature SN = 7809
* Conductivity SN = 7809
* System UpLoad Time = May 04 2018 16:34:00
* <ApplicationData>
* <Seaterm232>
# nquan = 15
# nvalues = 897                         
# units = specified
# name 0 = depFM: Depth [fresh water, m]
# name 1 = dz/dtM: Descent Rate [m/s]
# name 2 = sbeox0Mg/L: Oxygen, SBE 43 [mg/l]
# name 3 = sbeox0PS: Oxygen, SBE 43 [% saturation]
# name 4 = specc: Specific Conductance [uS/cm]
# name 5 = c0uS/cm: Conductivity [uS/cm]
# name 6 = flECO-AFL: Fluorescence, WET Labs ECO-AFL/FL [mg/m^3]
# name 7 = ph: pH
# name 8 = orp: Oxidation Reduction Potential [mV]
# name 9 = par/sat/log: PAR/Logarithmic, Satlantic
# name 10 = turbWETntu0: Turbidity, WET Labs ECO [NTU]
# name 11 = prdM: Pressure, Strain Gauge [db]
# name 12 = prdE: Pressure, Strain Gauge [psi]
# name 13 = tv290C: Temperature [ITS-90, deg C]
# name 14 = flag:  0.000e+00
# span 0 =     -0.561,      9.765       
# span 1 =     -0.009,      3.857       
# span 2 =     5.8295,     9.9096       
# span 3 =     64.692,    108.822       
# span 4 =      0.695,     39.244       
# span 5 =   0.765040,  33.722684       
# span 6 =    -0.7499,     5.3392       
# span 7 =      4.719,      7.614       
# span 8 = -1240.7451,  1234.7598       
# span 9 = 9.2193e-01, 2.3556e+03       
# span 10 =    -1.7809,    62.2613      
# span 11 =     -0.551,      9.576      
# span 12 =     -0.798,     13.889      
# span 13 =     8.5205,    30.1382      
# span 14 = 0.0000e+00, 0.0000e+00      
# interval = seconds: 0.25
# start_time = May 04 2018 17:50:57 [Instrument's time stamp, header]
# bad_flag = -9.990e-29
*END*
     -0.561 4.3139e-20     7.3340     97.261      0.717   0.790579    -0.1740      6.146 -1178.6311 9.8512e+02    -0.6904     -0.550     -0.798    30.1382 0.0000e+00
     -0.561 3.9217e-21     7.3373     97.302      0.715   0.788859    -0.1694      6.146  -564.0615 1.2694e+03    -0.7012     -0.549     -0.796    30.1380 0.0000e+00
     -0.561 3.5652e-22     7.3429     97.368      0.717   0.790404    -0.1706      6.128   563.6012 1.4346e+03    -0.7138     -0.550     -0.797    30.1376 0.0000e+00
     -0.561 3.2414e-23     7.3540     97.501      0.734   0.809254    -0.2241      6.094  1178.6772 1.6440e+03    -1.0259     -0.550     -0.797    30.1373 0.0000e+00
     -0.561 2.9799e-24     7.3739     97.733      0.750   0.826547    -0.3106      6.079  1234.1865 2.0150e+03    -1.5458     -0.549     -0.797    30.1370 0.0000e+00
     -0.561 6.3641e-25     7.4033     98.073      0.734   0.809252    -0.3535      6.117  1234.7598 2.2120e+03    -1.7809     -0.550     -0.798    30.1365 0.0000e+00
     -0.561 4.0785e-24     7.4386     98.478      0.718   0.790386    -0.3563      6.181  1185.6082 2.2069e+03    -1.7014     -0.551     -0.798    30.1320 0.0000e+00
     -0.561 4.4598e-23     7.4734     98.878      0.717   0.788671    -0.3267      6.215  1053.2319 2.1729e+03    -0.9196     -0.550     -0.798    30.1243 0.0000e+00
     -0.561 4.9055e-22     7.5045     99.234      0.717   0.788516    -0.2710      6.215   871.4544 2.1501e+03     0.4692     -0.550     -0.797    30.1083 0.0000e+00
     -0.561 5.3960e-21     7.5304     99.534      0.718   0.788502    -0.2438      6.208   679.7996 2.1483e+03     1.2045     -0.550     -0.798    30.0746 0.0000e+00
     -0.560 5.9356e-20     7.5485     99.746      0.718   0.788507    -0.2367      6.202   483.7507 1.9210e+03     1.1951     -0.550     -0.797    30.0358 0.0000e+00
     -0.560 6.5292e-19     7.5565     99.841      0.718   0.788573    -0.2126      6.200   295.9953 1.2831e+03     0.7831     -0.550     -0.797    30.0004 0.0000e+00
     -0.560 7.1821e-18     7.5555     99.829      0.719   0.789302    -0.1816      6.201   125.7186 8.3294e+02     0.1295     -0.550     -0.797    29.9662 0.0000e+00
     -0.560 7.9003e-17     7.5482     99.741      0.726   0.797320    -0.1746      6.204   -49.9179 1.1090e+03    -0.2065     -0.550     -0.797    29.9398 0.0000e+00
     -0.561 8.6904e-16     7.5369     99.605      0.748   0.822105    -0.1838      6.206  -238.0361 1.7205e+03    -0.2590     -0.550     -0.798    29.9253 0.0000e+00
     -0.561 9.5594e-15     7.5240     99.445      0.760   0.835340    -0.1832      6.210  -424.7475 2.1430e+03    -0.2601     -0.550     -0.798    29.9198 0.0000e+00
     -0.561 1.0515e-13     7.5113     99.286      0.756   0.830520    -0.1754      6.215  -613.4887 2.2860e+03    -0.2515     -0.550     -0.798    29.9206 0.0000e+00
     -0.560 1.1567e-12     7.5005     99.150      0.753   0.827233    -0.1724      6.221  -804.9828 2.2519e+03    -0.2768     -0.549     -0.797    29.9269 0.0000e+00
     -0.560 1.2724e-11     7.4922     99.048      0.724   0.795595    -0.1745      6.228  -989.5313 1.7934e+03    -0.2906     -0.549     -0.796    29.9352 0.0000e+00
     -0.560 1.3996e-10     7.4863     98.978      0.695   0.765040    -0.1637      6.233 -1139.3790 9.2497e+02    -0.2656     -0.549     -0.796    29.9421 0.0000e+00
     -0.560 1.5396e-09     7.4830     98.942      0.705   0.774854    -0.1532      6.235 -1218.4681 3.4837e+02    -0.2500     -0.550     -0.797    29.9469 0.0000e+00
     -0.560 1.6935e-08     7.4823     98.939      0.716   0.787429    -0.1662      6.238 -1238.7203 1.9942e+02    -0.2847     -0.549     -0.797    29.9514 0.0000e+00
     -0.560 1.8629e-07     7.4833     98.959      0.719   0.790273    -0.1827      6.241 -1240.5614 1.6577e+02    -0.3194     -0.549     -0.796    29.9562 0.0000e+00
     -0.560 1.8639e-07     7.4836     98.968      0.736   0.809241    -0.1778      6.244 -1240.7288 1.6190e+02    -0.3036     -0.549     -0.797    29.9603 0.0000e+00
     -0.560 1.8220e-08     7.4824     98.958      0.752   0.826536    -0.1632      6.247 -1240.7440 1.7097e+02    -0.2769     -0.550     -0.798    29.9641 0.0000e+00
     -0.560 1.5686e-08     7.4819     98.954      0.736   0.809145    -0.1626      6.250 -1240.7451 1.7918e+02    -0.3016     -0.549     -0.797    29.9676 0.0000e+00
     -0.560 1.5575e-07     7.4831     98.974      0.717   0.789203    -0.1699      6.252 -1240.7431 1.6998e+02    -0.3271     -0.549     -0.797    29.9718 0.0000e+00
     -0.560      0.000     7.4855     99.009      0.705   0.775657    -0.1692      6.252 -1240.7187 1.6252e+02    -0.2492     -0.549     -0.797    29.9746 0.0000e+00
     -0.560      0.000     7.4885     99.050      0.702   0.772182    -0.1170      6.245 -1240.4509 1.6665e+02     0.1829     -0.550     -0.797    29.9783 0.0000e+00
     -0.560      0.000     7.4929     99.102      0.737   0.810596    -0.0256      6.170 -1237.5045 1.7703e+02     0.8679     -0.550     -0.797    29.9793 0.0000e+00
     -0.560      0.002     7.5026     99.171      0.784   0.859650     0.0174      5.492 -1205.0949 1.9010e+02     1.2282     -0.549     -0.797    29.9846 0.0000e+00
     -0.560      0.010     7.5546     99.272      1.158   1.238459     0.0077      4.719  -848.5894 2.0045e+02     1.3047     -0.548     -0.795    29.9818 0.0000e+00
     -0.560      0.026     7.7094     99.409      5.389   5.580972    -0.1801      5.098    40.5193 2.0759e+02     1.7616     -0.549     -0.796    29.9885 0.0000e+00
     -0.559      0.047     7.9491     99.554     16.462  16.761613    -0.5445      5.878   874.0067 2.1540e+02     2.5714     -0.549     -0.797    29.9779 0.0000e+00
     -0.552      0.071     8.1784     99.659     28.129  28.171360    -0.7499      6.352   984.3228 2.5684e+02     3.0091     -0.549     -0.795    29.9965 0.0000e+00
     -0.528      0.093     8.3490     99.715     33.542  33.031040    -0.7428      6.850   635.4368 6.6789e+02     3.0248     -0.523     -0.759    29.9435 0.0000e+00
     -0.490      0.110     8.4710     99.755     34.632  33.614585    -0.5040      7.276   425.0359 1.5073e+03     2.3646     -0.480     -0.696    28.8303 0.0000e+00
     -0.450      0.123     8.5596     99.782     34.776  33.384356    -0.0870      7.520   399.7554 2.1076e+03     1.0996     -0.440     -0.639    26.7960 0.0000e+00
     -0.413      0.128     8.6351     99.782     34.753  33.041512     0.1365      7.614   399.1204 2.2600e+03     0.4263     -0.403     -0.585    25.2107 0.0000e+00
     -0.383      0.125     8.7147     99.766     34.759  32.708084     0.1668      7.592   403.3340 2.2864e+03     0.5104     -0.375     -0.544    24.1868 0.0000e+00
     -0.357      0.116     8.7985     99.748     34.875  32.464602     0.1883      7.489   404.7568 2.3039e+03     1.9637     -0.352     -0.512    23.4462 0.0000e+00
     -0.327      0.107     8.8753     99.733     35.132  32.383556     0.2952      7.360   402.6432 2.3190e+03    17.7232     -0.323     -0.468    22.9712 0.0000e+00
     -0.296      0.099     8.9336     99.722     35.440  32.426361     0.4851      7.264   400.6645 2.3301e+03    46.5847     -0.288     -0.417    22.5563 0.0000e+00
     -0.271      0.091     8.9738     99.773     35.719  32.537238     0.5812      7.223   399.8480 2.3352e+03    62.2247     -0.262     -0.381    22.0535 0.0000e+00
     -0.252      0.081     9.0057     99.941     35.981  32.707759     0.5847      7.223   397.6749 2.3372e+03    62.2613     -0.248     -0.359    21.5250 0.0000e+00
     -0.234      0.070     9.0287    100.122     36.152  32.836692     0.5635      7.247   394.6093 2.3359e+03    46.7214     -0.229     -0.333    21.0426 0.0000e+00
     -0.215      0.060     9.0349    100.151     36.226  32.889377     0.5185      7.285   392.7237 2.3289e+03    17.9821     -0.210     -0.304    20.6900 0.0000e+00
     -0.200      0.055     9.0285    100.054     36.318  32.963657     0.4910      7.343   391.3090 2.3208e+03     2.3179     -0.195     -0.282    20.5056 0.0000e+00
     -0.190      0.054     9.0145     99.905     36.465  33.099657     0.4884      7.409   389.4637 2.3158e+03     0.9138     -0.187     -0.271    20.4277 0.0000e+00
     -0.182      0.055     8.9897     99.682     36.625  33.263452     0.5049      7.464   387.5345 2.3139e+03     0.7618     -0.180     -0.261    20.4066 0.0000e+00
     -0.170      0.058     8.9626     99.431     36.777  33.419755     0.5343      7.500   386.2236 2.3194e+03     0.6935     -0.168     -0.246    20.3892 0.0000e+00
     -0.152      0.062     8.9433     99.225     36.893  33.528675     0.5498      7.517   386.0894 2.3327e+03     0.6371     -0.150     -0.218    20.3718 0.0000e+00
     -0.132      0.064     8.9321     99.093     36.935  33.564155     0.5463      7.521   386.4288 2.3461e+03     0.5994     -0.129     -0.186    20.3654 0.0000e+00
     -0.113      0.064     8.9250     99.015     36.899  33.531145     0.5463      7.515   386.7134 2.3535e+03     0.6038     -0.111     -0.160    20.4072 0.0000e+00
     -0.095      0.060     8.8932     98.668     36.734  33.383626     0.5502      7.498   386.8624 2.3556e+03     0.6289     -0.092     -0.134    20.4435 0.0000e+00
     -0.080      0.054     8.8005     97.639     36.437  33.114337     0.5477      7.464   385.8216 2.3553e+03     0.6283     -0.078     -0.114    20.4359 0.0000e+00
     -0.069      0.046     8.6778     96.274     36.111  32.815798     0.5437      7.412   383.8523 2.3533e+03     0.5968     -0.067     -0.099    20.4290 0.0000e+00
     -0.059      0.039     8.5735     95.120     35.837  32.568636     0.5287      7.346   382.4960 2.3512e+03     0.5838     -0.057     -0.083    20.4311 0.0000e+00
     -0.050      0.033     8.4745     94.019     35.667  32.412415     0.5041      7.278   381.7262 2.3483e+03     0.6238     -0.049     -0.071    20.4354 0.0000e+00
     -0.043      0.028     8.3629     92.732     35.590  32.324217     0.4941      7.228   381.4282 2.3437e+03     0.6532     -0.041     -0.060    20.4375 0.0000e+00
     -0.036      0.024     8.2359     91.232     35.565  32.264368     0.5010      7.204   381.7319 2.3397e+03     0.6645     -0.035     -0.052    20.4296 0.0000e+00
     -0.031      0.019     8.0941     89.553     35.609  32.260340     0.5038      7.198   381.3544 2.3364e+03     0.6690     -0.029     -0.042    20.4322 0.0000e+00
     -0.026      0.015     7.9700     88.071     35.744  32.338974     0.5186      7.199   380.0470 2.3339e+03     0.6160     -0.025     -0.036    20.4447 0.0000e+00
     -0.023      0.011     7.9130     87.357     35.909  32.452919     0.5514      7.200   379.1739 2.3310e+03     0.5724     -0.022     -0.032    20.4158 0.0000e+00
     -0.021      0.008     7.9236     87.427     36.048  32.558278     0.5599      7.199   379.0576 2.3274e+03     0.6002     -0.020     -0.028    20.3561 0.0000e+00
     -0.019      0.005     7.9566     87.759     36.105  32.596627     0.5479      7.198   379.1578 2.3236e+03     0.6164     -0.019     -0.027    20.2938 0.0000e+00
     -0.019      0.003     7.9879     88.063     36.056  32.535500     0.5261      7.200   378.9230 2.3209e+03     0.6154     -0.018     -0.026    20.2274 0.0000e+00
     -0.019      0.002     8.0117     88.279     35.987  32.454302     0.4895      7.206   378.5412 2.3213e+03     0.6496     -0.019     -0.027    20.1730 0.0000e+00
     -0.019      0.001     8.0179     88.312     35.917  32.377001     0.4726      7.213   378.3267 2.3231e+03     0.6634     -0.018     -0.027    20.1526 0.0000e+00
     -0.019      0.001     7.9942     88.037     35.838  32.299469     0.4781      7.216   377.9651 2.3252e+03     0.6288     -0.018     -0.027    20.1413 0.0000e+00
     -0.018      0.001     7.9228     87.264     35.809  32.279014     0.4642      7.212   377.3519 2.3286e+03     0.5974     -0.018     -0.026    20.1142 0.0000e+00
     -0.017      0.001     7.7996     85.944     35.837  32.320227     0.4336      7.203   376.5049 2.3313e+03     0.5898     -0.017     -0.025    20.0842 0.0000e+00
     -0.017      0.001     7.6495     84.327     35.856  32.353213     0.4203      7.198   375.8129 2.3327e+03     0.5683     -0.017     -0.025    20.0632 0.0000e+00
     -0.017      0.002     7.5002     82.700     35.854  32.360302     0.4225      7.196   376.2983 2.3337e+03     0.5508     -0.016     -0.024    20.0537 0.0000e+00
     -0.017      0.005     7.3642     81.215     35.898  32.405949     0.4230      7.187   377.4691 2.3343e+03     0.5610     -0.017     -0.024    20.0593 0.0000e+00
     -0.016      0.008     7.2697     80.203     35.943  32.460548     0.4171      7.162   377.4933 2.3350e+03     0.5688     -0.016     -0.023    20.0895 0.0000e+00
     -0.015      0.010     7.2602     80.143     35.908  32.448856     0.4163      7.133   376.4193 2.3333e+03     0.5839     -0.016     -0.023    20.1167 0.0000e+00
     -0.012      0.012     7.3459     81.120     35.830  32.391641     0.4231      7.119   375.2382 2.3288e+03     0.5920     -0.014     -0.020    20.1243 0.0000e+00
     -0.005      0.012     7.5027     82.857     35.770  32.340393     0.4351      7.119   374.5692 2.3249e+03     0.5749     -0.004     -0.006    20.1261 0.0000e+00
      0.001      0.011     7.6900     84.913     35.773  32.337324     0.4597      7.124   375.1286 2.3229e+03     0.5600      0.003      0.003    20.1441 0.0000e+00
      0.002      0.009     7.8625     86.791     35.804  32.354525     0.4818      7.134   376.4947 2.3214e+03     0.5647      0.002      0.004    20.1840 0.0000e+00
      0.003      0.006     7.9885     88.154     35.821  32.357818     0.4911      7.143   377.2346 2.3205e+03     0.5708      0.003      0.004    20.2037 0.0000e+00
      0.003      0.003     8.0574     88.896     35.850  32.377128     0.4891      7.151   377.2773 2.3196e+03     0.5728      0.003      0.004    20.2030 0.0000e+00
      0.003      0.001     8.0721     89.054     35.875  32.397444     0.4846      7.161   376.7528 2.3117e+03     0.5887      0.003      0.005    20.1973 0.0000e+00
      0.003      0.001     8.0480     88.789     35.891  32.412919     0.4927      7.173   375.6246 2.2695e+03     0.6101      0.003      0.004    20.1784 0.0000e+00
      0.004      0.000     8.0140     88.417     35.917  32.437221     0.5046      7.186   375.0801 2.1450e+03     0.6180      0.004      0.005    20.1587 0.0000e+00
      0.004 1.8842e-08     7.9984     88.245     35.917  32.437221     0.5086      7.201   375.4174 1.8962e+03     0.6232      0.004      0.006    20.1485 0.0000e+00
      0.004 2.0726e-07     8.0153     88.427     35.891  32.412921     0.5043      7.215   375.6585 1.5461e+03     0.6117      0.004      0.005    20.1479 0.0000e+00
      0.003 2.0726e-07     8.0584     88.899     35.876  32.397461     0.4989      7.225   375.5011 1.1689e+03     0.5704      0.003      0.005    20.1500 0.0000e+00
      0.003 1.8842e-08     8.1089     89.459     35.853  32.377317     0.4974      7.233   375.4076 8.1007e+02     0.5817      0.003      0.005    20.1518 0.0000e+00
      0.004 1.7129e-09     8.1519     89.942     35.830  32.359903     0.4954      7.238   375.3878 5.3105e+02     0.6262      0.004      0.006    20.1525 0.0000e+00
      0.004 1.5572e-10     8.1840     90.307     35.845  32.377443     0.4943      7.243   374.4016 3.8092e+02     0.6516      0.004      0.006    20.1494 0.0000e+00
      0.004 1.4156e-11     8.2112     90.615     35.865  32.398858     0.4928      7.245   372.6898 3.3221e+02     0.7053      0.004      0.005    20.1457 0.0000e+00
      0.004 1.2869e-12     8.2304     90.836     35.894  32.428301     0.4866      7.244   371.8987 3.5345e+02     0.7569      0.004      0.006    20.1464 0.0000e+00
      0.004 1.1699e-13     8.2355     90.905     35.944  32.479392     0.4833      7.244   371.8052 4.3346e+02     0.7872      0.004      0.006    20.1530 0.0000e+00
      0.004 1.0636e-14     8.2260     90.818     35.968  32.508504     0.4717      7.245   372.0757 5.3801e+02     0.7667      0.003      0.005    20.1596 0.0000e+00
