Data/DataNotYetUploadedToEDI/Raw_CTD/RawDownloads/050418_bvr.cnv
* Sea-Bird SBE19plus  Data File:
* FileName = C:\DATA\SBE19plus_01907809_2018_05_04.hex
* Software version 2.6.3.104 SB_Terminal.dll
* Temperature SN = 7809
* Conductivity SN = 7809
* System UpLoad Time = May 04 2018 16:15:37
* <ApplicationData>
* <Seaterm232>
# nquan = 15
# nvalues = 883                         
# units = specified
# name 0 = depFM: Depth [fresh water, m]
# name 1 = dz/dtM: Descent Rate [m/s]
# name 2 = sbeox0Mg/L: Oxygen, SBE 43 [mg/l]
# name 3 = sbeox0PS: Oxygen, SBE 43 [% saturation]
# name 4 = specc: Specific Conductance [uS/cm]
# name 5 = c0uS/cm: Conductivity [uS/cm]
# name 6 = flECO-AFL: Fluorescence, WET Labs ECO-AFL/FL [mg/m^3]
# name 7 = ph: pH
# name 8 = orp: Oxidation Reduction Potential [mV]
# name 9 = par/sat/log: PAR/Logarithmic, Satlantic
# name 10 = turbWETntu0: Turbidity, WET Labs ECO [NTU]
# name 11 = prdM: Pressure, Strain Gauge [db]
# name 12 = prdE: Pressure, Strain Gauge [psi]
# name 13 = tv290C: Temperature [ITS-90, deg C]
# name 14 = flag:  0.000e+00
# span 0 =     -0.635,     10.674       
# span 1 =     -0.061,      0.134       
# span 2 =     0.9754,    10.1566       
# span 3 =      8.029,    110.533       
# span 4 =      0.646,     36.908       
# span 5 =   0.666482,  28.336107       
# span 6 =    -2.4471,     4.1353       
# span 7 =     -2.435,      7.647       
# span 8 =   333.0260,  1224.0752       
# span 9 = 1.2534e-01, 2.6065e+03       
# span 10 =    -4.0058,    21.5429      
# span 11 =     -0.623,     10.470      
# span 12 =     -0.904,     15.184      
# span 13 =     6.9628,    26.5921      
# span 14 = 0.0000e+00, 0.0000e+00      
# interval = seconds: 0.25
# start_time = May 04 2018 16:13:57 [Instrument's time stamp, header]
# bad_flag = -9.990e-29
*END*
[from data line 97]
     -0.203      0.002     6.2563     69.976     29.862  27.383480     0.9730      7.437   351.5868 2.2315e+03     3.0864     -0.199     -0.288    20.8687 0.0000e+00
     -0.202      0.002     6.2370     69.759     29.867  27.388089     0.9804      7.436   351.7037 2.3024e+03     3.1140     -0.198     -0.287    20.8600 0.0000e+00
     -0.201      0.001     6.2178     69.544     29.859  27.381584     0.9774      7.435   351.8465 2.3432e+03     3.0631     -0.197     -0.286    20.8536 0.0000e+00
     -0.201      0.000     6.1988     69.332     29.845  27.368326     0.9734      7.435   351.8506 2.3575e+03     2.9595     -0.197     -0.285    20.8484 0.0000e+00
     -0.201     -0.001     6.1778     69.097     29.830  27.354786     0.9779      7.431   351.6675 2.3687e+03     2.9290     -0.197     -0.286    20.8449 0.0000e+00
     -0.202     -0.001     6.1561     68.852     29.820  27.344858     0.9941      7.424   351.4395 2.3657e+03     2.9391     -0.198     -0.287    20.8451 0.0000e+00
     -0.202      0.000     6.1340     68.604     29.854  27.375287     1.0139      7.417   351.2455 2.3124e+03     2.9289     -0.198     -0.288    20.8462 0.0000e+00
     -0.203      0.000     6.1100     68.338     29.885  27.405207     1.0055      7.415   351.0422 2.2457e+03     2.8971     -0.199     -0.289    20.8465 0.0000e+00
     -0.203      0.001     6.0861     68.079     29.864  27.389139     0.9839      7.417   350.8737 2.2602e+03     2.8600     -0.199     -0.289    20.8454 0.0000e+00
     -0.202      0.001     6.0646     67.850     29.839  27.371505     0.9828      7.422   350.7568 2.3523e+03     2.8767     -0.198     -0.287    20.8440 0.0000e+00
     -0.200      0.001     6.0436     67.625     29.846  27.382491     0.9920      7.427   350.7472 2.4358e+03     2.9159     -0.196     -0.284    20.8434 0.0000e+00
     -0.200      0.001     6.0203     67.368     29.858  27.394983     1.0039      7.427   350.8438 2.4807e+03     2.9071     -0.196     -0.285    20.8438 0.0000e+00
     -0.201      0.001     5.9973     67.113     29.858  27.395562     1.0257      7.427   350.8073 2.5110e+03     2.8928     -0.197     -0.286    20.8499 0.0000e+00
     -0.201      0.000     5.9754     66.871     29.849  27.389482     1.0437      7.427   350.6494 2.5430e+03     2.8954     -0.197     -0.285    20.8614 0.0000e+00
     -0.201 -1.387e-10     5.9528     66.622     29.842  27.384968     1.0469      7.427   350.6559 2.5676e+03     2.9083     -0.197     -0.285    20.8699 0.0000e+00
     -0.201 -1.525e-09     5.9307     66.378     29.862  27.404490     1.0272      7.428   350.7991 2.5786e+03     2.9268     -0.196     -0.284    20.8717 0.0000e+00
     -0.201 -1.678e-08     5.9078     66.124     29.894  27.435031     0.9987      7.431   350.8319 2.5867e+03     2.9052     -0.197     -0.285    20.8713 0.0000e+00
     -0.201 -1.846e-07     5.8844     65.865     29.895  27.436753     0.9962      7.435   350.7940 2.5933e+03     2.8903     -0.197     -0.286    20.8741 0.0000e+00
     -0.201 -1.843e-07     5.8630     65.631     29.880  27.425312     0.9969      7.439   350.7720 2.5970e+03     2.9305     -0.197     -0.286    20.8785 0.0000e+00
     -0.201 -1.339e-08     5.8466     65.454     29.874  27.423694     0.9985      7.442   350.7373 2.6010e+03     2.9942     -0.196     -0.285    20.8809 0.0000e+00
     -0.201 3.5729e-08     5.8325     65.304     29.863  27.417198     1.0254      7.445   350.6325 2.6035e+03     3.0505     -0.197     -0.285    20.8829 0.0000e+00
     -0.200 4.0967e-07     5.8155     65.121     29.851  27.410271     1.0467      7.447   350.3656 2.6040e+03     3.0920     -0.196     -0.285    20.8847 0.0000e+00
     -0.200      0.000     5.7975     64.925     29.841  27.403447     1.0533      7.451   350.0914 2.6038e+03     3.1298     -0.196     -0.285    20.8872 0.0000e+00
     -0.201      0.000     5.7814     64.749     29.834  27.398195     1.0680      7.457   349.9840 2.6045e+03     3.1412     -0.197     -0.285    20.8937 0.0000e+00
     -0.201      0.001     5.7680     64.604     29.844  27.410260     1.0868      7.463   350.0138 2.6065e+03     3.1383     -0.197     -0.286    20.9003 0.0000e+00
     -0.201      0.001     5.7550     64.464     29.854  27.422335     1.0973      7.468   350.0218 2.6063e+03     3.1558     -0.197     -0.286    20.9055 0.0000e+00
     -0.200      0.001     5.7410     64.318     29.843  27.417196     1.1027      7.473   349.9089 2.6030e+03     3.1696     -0.197     -0.286    20.9108 0.0000e+00
     -0.199      0.001     5.7286     64.189     29.831  27.411632     1.0874      7.477   349.9391 2.5996e+03     3.3056     -0.196     -0.284    20.9140 0.0000e+00
     -0.199      0.001     5.7182     64.079     29.836  27.418569     1.0602      7.478   350.1288 2.5983e+03     3.5791     -0.194     -0.282    20.9160 0.0000e+00
     -0.200      0.000     5.7093     63.983     29.854  27.437577     1.0587      7.476   350.1383 2.6008e+03     3.7297     -0.196     -0.284    20.9199 0.0000e+00
     -0.200     -0.001     5.7030     63.923     29.863  27.450967     1.0588      7.470   349.9671 2.6037e+03     3.7535     -0.197     -0.285    20.9294 0.0000e+00
     -0.200     -0.003     5.6985     63.887     29.858  27.453475     1.0433      7.468   349.6934 2.6037e+03     3.7453     -0.195     -0.283    20.9416 0.0000e+00
     -0.200     -0.003     5.6936     63.847     29.867  27.467915     1.0093      7.473   349.4100 2.6019e+03     3.5998     -0.195     -0.283    20.9449 0.0000e+00
     -0.202     -0.002     5.6900     63.814     29.896  27.498579     0.9515      7.482   349.2079 2.5996e+03     3.3373     -0.197     -0.286    20.9447 0.0000e+00
     -0.204     -0.001     5.6876     63.796     29.901  27.506746     0.9054      7.491   349.0564 2.6016e+03     3.1653     -0.200     -0.291    20.9534 0.0000e+00
     -0.204      0.000     5.6844     63.770     29.892  27.503178     0.8924      7.498   349.0419 2.6049e+03     3.1067     -0.201     -0.290    20.9687 0.0000e+00
     -0.203      0.002     5.6812     63.740     29.906  27.518940     0.9315      7.500   349.0320 2.6013e+03     3.0253     -0.199     -0.288    20.9807 0.0000e+00
     -0.202      0.002     5.6797     63.724     29.893  27.506839     1.0018      7.500   348.7647 2.5948e+03     2.9138     -0.199     -0.288    20.9840 0.0000e+00
     -0.200      0.001     5.6812     63.740     29.868  27.483855     1.0444      7.500   348.4767 2.5934e+03     2.8572     -0.197     -0.286    20.9905 0.0000e+00
     -0.199      0.000     5.6859     63.793     29.880  27.495032     1.0599      7.500   348.5617 2.5959e+03     2.8593     -0.193     -0.280    21.0015 0.0000e+00
     -0.200     -0.000     5.6908     63.849     29.901  27.514984     1.0793      7.499   348.7607 2.5940e+03     2.9400     -0.194     -0.281    21.0062 0.0000e+00
     -0.203     -0.001     5.6939     63.892     29.918  27.534600     1.1044      7.495   348.6453 2.5905e+03     3.0691     -0.200     -0.290    21.0036 0.0000e+00
     -0.204     -0.001     5.6964     63.935     29.918  27.541724     1.1058      7.490   348.3712 2.5908e+03     3.1089     -0.201     -0.291    21.0034 0.0000e+00
     -0.203      0.000     5.6990     63.980     29.905  27.537635     1.0964      7.484   348.2001 2.5919e+03     3.0850     -0.198     -0.287    21.0046 0.0000e+00
     -0.201      0.001     5.7001     64.007     29.909  27.548669     1.0921      7.480   348.0388 2.5939e+03     3.0851     -0.197     -0.286    21.0013 0.0000e+00
     -0.200      0.002     5.6978     63.994     29.902  27.548148     1.0724      7.478   347.8833 2.5951e+03     3.1097     -0.197     -0.285    21.0087 0.0000e+00
     -0.199      0.002     5.6918     63.939     29.878  27.531341     1.0596      7.478   347.8688 2.5950e+03     3.1382     -0.196     -0.284    21.0239 0.0000e+00
     -0.199      0.002     5.6839     63.856     29.880  27.535958     1.0572      7.479   347.8635 2.5951e+03     3.1248     -0.195     -0.282    21.0367 0.0000e+00
     -0.199      0.002     5.6754     63.762     29.884  27.540481     1.0162      7.480   347.7327 2.5943e+03     3.0401     -0.195     -0.283    21.0479 0.0000e+00
     -0.199      0.002     5.6661     63.661     29.863  27.522525     0.9590      7.480   347.5787 2.5930e+03     2.9680     -0.196     -0.285    21.0597 0.0000e+00
     -0.198      0.002     5.6571     63.563     29.847  27.509352     0.9358      7.480   347.4632 2.5925e+03     2.9550     -0.195     -0.283    21.0707 0.0000e+00
     -0.197      0.002     5.6487     63.470     29.844  27.508206     0.9287      7.482   347.3689 2.5934e+03     2.9435     -0.194     -0.281    21.0738 0.0000e+00
     -0.196      0.002     5.6398     63.373     29.844  27.508671     0.9185      7.483   347.2984 2.5941e+03     2.9208     -0.193     -0.280    21.0726 0.0000e+00
     -0.196      0.001     5.6319     63.286     29.850  27.514968     0.9132      7.483   347.2141 2.5935e+03     2.8948     -0.192     -0.278    21.0766 0.0000e+00
     -0.196      0.000     5.6248     63.207     29.856  27.520844     0.9202      7.485   347.1233 2.5943e+03     2.8723     -0.192     -0.278    21.0802 0.0000e+00
     -0.196 5.7572e-08     5.6169     63.117     29.851  27.516227     0.9192      7.486   346.9751 2.5964e+03     2.8625     -0.192     -0.278    21.0800 0.0000e+00
     -0.197 6.3329e-07     5.6078     63.012     29.860  27.522638     0.9107      7.485   346.7989 2.5967e+03     2.8679     -0.193     -0.280    21.0829 0.0000e+00
     -0.197      0.000     5.5970     62.889     29.874  27.534866     0.9200      7.484   346.8008 2.5963e+03     2.9376     -0.194     -0.282    21.0846 0.0000e+00
     -0.197      0.000     5.5869     62.779     29.875  27.537071     0.9301      7.484   346.9116 2.5963e+03     3.0350     -0.195     -0.282    21.0842 0.0000e+00
     -0.196      0.001     5.5802     62.708     29.885  27.549296     0.9221      7.483   346.8476 2.5951e+03     3.0685     -0.193     -0.280    21.0842 0.0000e+00
     -0.196      0.001     5.5744     62.647     29.890  27.555695     0.9057      7.482   346.6287 2.5960e+03     3.0677     -0.192     -0.279    21.0809 0.0000e+00
     -0.195      0.001     5.5674     62.570     29.883  27.550954     0.8604      7.482   346.5019 2.5985e+03     3.0251     -0.192     -0.278    21.0781 0.0000e+00
     -0.195      0.001     5.5600     62.489     29.887  27.555468     0.7874      7.484   346.6058 2.5982e+03     2.9501     -0.192     -0.278    21.0830 0.0000e+00
     -0.195      0.000     5.5538     62.416     29.880  27.546782     0.7410      7.486   346.7657 2.5971e+03     2.8938     -0.190     -0.276    21.0889 0.0000e+00
     -0.196 -3.912e-07     5.5478     62.346     29.841  27.509414     0.7218      7.489   346.7143 2.5979e+03     2.8637     -0.192     -0.277    21.0896 0.0000e+00
     -0.196      0.000     5.5408     62.267     29.814  27.484640     0.7114      7.489   346.5016 2.6003e+03     2.8905     -0.193     -0.280    21.0922 0.0000e+00
     -0.195      0.000     5.5322     62.170     29.833  27.501227     0.6981      7.489   346.2581 2.6010e+03     2.9437     -0.191     -0.279    21.0961 0.0000e+00
     -0.195     -0.001     5.5215     62.048     29.854  27.519481     0.6797      7.487   346.1801 2.5958e+03     2.9576     -0.191     -0.277    21.0914 0.0000e+00
     -0.195     -0.001     5.5104     61.921     29.849  27.514853     0.6737      7.482   346.3328 2.5871e+03     2.9360     -0.191     -0.277    21.0861 0.0000e+00
     -0.195     -0.001     5.5005     61.811     29.842  27.508764     0.6619      7.480   346.3842 2.5787e+03     2.9274     -0.191     -0.277    21.0887 0.0000e+00
     -0.196     -0.001     5.4921     61.719     29.842  27.509351     0.6382      7.478   346.1991 2.5720e+03     2.9449     -0.192     -0.279    21.0879 0.0000e+00
     -0.196     -0.001     5.4828     61.619     29.853  27.521958     0.6267      7.474   345.9874 2.5655e+03     2.9343     -0.192     -0.279    21.0848 0.0000e+00
     -0.197     -0.001     5.4727     61.510     29.863  27.534199     0.6233      7.470   345.8034 2.5636e+03     2.8898     -0.193     -0.280    21.0858 0.0000e+00
     -0.197     -0.001     5.4649     61.429     29.856  27.530366     0.6153      7.470   345.6949 2.5751e+03     2.8652     -0.193     -0.280    21.0850 0.0000e+00
     -0.196     -0.001     5.4580     61.361     29.860  27.539112     0.6124      7.474   345.7070 2.5907e+03     2.8810     -0.193     -0.279    21.0867 0.0000e+00
     -0.196     -0.001     5.4526     61.311     29.895  27.576457     0.6161      7.480   345.6924 2.5925e+03     2.9284     -0.192     -0.278    21.0920 0.0000e+00
     -0.197     -0.001     5.4511     61.301     29.918  27.600932     0.6148      7.488   345.6042 2.5749e+03     2.9497     -0.192     -0.279    21.0946 0.0000e+00
     -0.198     -0.001     5.4487     61.276     29.894  27.581048     0.6146      7.496   345.4144 2.5498e+03     2.8945     -0.195     -0.282    21.0992 0.0000e+00
     -0.199     -0.001     5.4473     61.264     29.833  27.526536     0.6235      7.499   345.1186 2.5434e+03     2.8412     -0.196     -0.284    21.1083 0.0000e+00
     -0.198     -0.000     5.4499     61.291     29.545  27.259325     0.6304      7.497   344.9540 2.5658e+03     2.8850     -0.194     -0.281    21.1184 0.0000e+00
     -0.197      0.001     5.4578     61.326     29.035  26.763062     0.6334      7.495   345.0583 2.5925e+03     2.9353     -0.192     -0.279    21.1236 0.0000e+00
     -0.197      0.001     5.5151     61.790     28.749  26.415362     0.6314      7.495   345.0897 2.5971e+03     2.9002     -0.193     -0.280    21.1257 0.0000e+00
     -0.197      0.001     5.7315     63.929     28.755  26.293420     0.6154      7.493   344.9035 2.5745e+03     2.9187     -0.195     -0.282    21.1283 0.0000e+00
     -0.196      0.000     6.2026     68.912     28.822  26.240897     0.6067      7.488   344.7858 2.5329e+03     3.0368     -0.193     -0.279    21.1365 0.0000e+00
     -0.196     -0.000     6.9011     76.476     28.889  26.224603     0.6174      7.486   344.6987 2.5129e+03     3.1066     -0.191     -0.277    21.1273 0.0000e+00
     -0.196     -0.000     7.6970     85.157     28.942  26.223293     0.6254      7.484   344.6249 2.5327e+03     3.1226     -0.191     -0.278    20.9730 0.0000e+00
     -0.197     -0.001     8.4599     93.499     28.979  26.224995     0.6214      7.481   344.5814 2.5522e+03     3.0768     -0.193     -0.282    20.6969 0.0000e+00
     -0.198     -0.001     9.1142    100.664     29.024  26.245135     0.6143      7.479   344.3449 2.5472e+03     2.9798     -0.194     -0.281    20.4896 0.0000e+00
     -0.197     -0.002     9.6132    106.136     29.071  26.276304     0.6129      7.482   344.0883 2.5317e+03     2.9274     -0.193     -0.280    20.3697 0.0000e+00
     -0.197     -0.002     9.9154    109.457     29.085  26.284376     0.6141      7.489   343.9741 2.5342e+03     2.9012     -0.194     -0.281    20.2879 0.0000e+00
     -0.198     -0.002    10.0126    110.533     29.078  26.279235     0.6111      7.496   343.8247 2.5453e+03     2.8761     -0.194     -0.281    20.2362 0.0000e+00
     -0.199     -0.001     9.9410    109.754     29.073  26.277638     0.6123      7.501   343.6585 2.5412e+03     2.8679     -0.195     -0.283    20.2043 0.0000e+00
     -0.201      0.000     9.7690    107.865     29.057  26.265065     0.6197      7.502   343.5989 2.5249e+03     2.8943     -0.197     -0.286    20.1852 0.0000e+00
     -0.201      0.001     9.5622    105.585     29.043  26.254214     0.6180      7.502   343.5340 2.4187e+03     2.9198     -0.198     -0.287    20.1770 0.0000e+00
     -0.200      0.001     9.3509    103.252     29.064  26.273428     0.6096      7.502   343.3910 2.0345e+03     2.9019     -0.197     -0.285    20.1810 0.0000e+00
