Data/DataNotYetUploadedToEDI/Raw_CTD/RawDownloads/050418_fcr50.cnv
* Sea-Bird SBE19plus  Data File:
* FileName = C:\DATA\fcr.hex
* Software version 2.6.3.104 SB_Terminal.dll
* Temperature SN = 7809
* Conductivity SN = 7809
* System UpLoad Time = May 04 2018 16:34:00
* <ApplicationData>
* <Seaterm232>
# nquan = 15
# nvalues = 897                         
# units = specified
# name 0 = depFM: Depth [fresh water, m]
# name 1 = dz/dtM: Descent Rate [m/s]
# name 2 = sbeox0Mg/L: Oxygen, SBE 43 [mg/l]
# name 3 = sbeox0PS: Oxygen, SBE 43 [% saturation]
# name 4 = specc: Specific Conductance [uS/cm]
# name 5 = c0uS/cm: Conductivity [uS/cm]
# name 6 = flECO-AFL: Fluorescence, WET Labs ECO-AFL/FL [mg/m^3]
# name 7 = ph: pH
# name 8 = orp: Oxidation Reduction Potential [mV]
# name 9 = par/sat/log: PAR/Logarithmic, Satlantic
# name 10 = turbWETntu0: Turbidity, WET Labs ECO [NTU]
# name 11 = prdM: Pressure, Strain Gauge [db]
# name 12 = prdE: Pressure, Strain Gauge [psi]
# name 13 = tv290C: Temperature [ITS-90, deg C]
# name 14 = flag:  0.000e+00
# span 0 =     -0.561,      9.765       
# span 1 =     -0.009,      3.857       
# span 2 =     5.8295,     9.9096       
# span 3 =     64.692,    108.822       
# span 4 =      0.695,     39.244       
# span 5 =   0.765040,  33.722684       
# span 6 =    -0.7499,     5.3392       
# span 7 =      4.719,      7.614       
# span 8 = -1240.7451,  1234.7598       
# span 9 = 9.2193e-01, 2.3556e+03       
# span 10 =    -1.7809,    62.2613      
# span 11 =     -0.551,      9.576      
# span 12 =     -0.798,     13.889      
# span 13 =     8.5205,    30.1382      
# span 14 = 0.0000e+00, 0.0000e+00      
# interval = seconds: 0.25
# start_time = May 04 2018 17:50:57 [Instrument's time stamp, header]
# bad_flag = -9.990e-29
*END*
[from data line 97]
      0.004 8.7900e-17     8.1689     90.231     36.013  32.567020     0.4122      7.250   371.6402 7.2321e+02     0.6408      0.004      0.006    20.1671 0.0000e+00
      0.004 7.9905e-18     8.1212     89.736     36.058  32.620299     0.4113      7.254   369.1266 8.1942e+02     0.6122      0.004      0.006    20.1744 0.0000e+00
      0.004 7.2645e-19     8.0585     89.085     36.086  32.662368     0.4181      7.258   367.8355 8.7628e+02     0.6197      0.004      0.006    20.1855 0.0000e+00
      0.004 6.6040e-20     7.9829     88.293     36.101  32.694617     0.4203      7.260   368.0750 9.4305e+02     0.6399      0.004      0.006    20.1971 0.0000e+00
      0.004 6.0035e-21     7.8991     87.406     36.151  32.756183     0.4206      7.262   368.5807 1.0145e+03     0.6425      0.004      0.005    20.2083 0.0000e+00
      0.005 5.4580e-22     7.8099     86.452     36.223  32.835167     0.4301      7.262   368.6153 1.0567e+03     0.6513      0.004      0.006    20.2257 0.0000e+00
      0.005 4.9616e-23     7.7171     85.452     36.268  32.887459     0.4523      7.260   368.0637 1.1132e+03     0.6238      0.004      0.006    20.2517 0.0000e+00
      0.005 4.5106e-24     7.6239     84.444     36.318  32.943854     0.4783      7.255   367.1590 1.1524e+03     0.5862      0.004      0.006    20.2786 0.0000e+00
      0.005 4.1011e-25     7.5319     83.447     36.378  33.008944     0.4873      7.250   366.3670 1.1691e+03     0.5927      0.005      0.007    20.3013 0.0000e+00
      0.005 3.7887e-26     7.4406     82.456     36.402  33.039319     0.4778      7.246   365.8872 1.1918e+03     0.6103      0.005      0.007    20.3206 0.0000e+00
      0.005 1.0090e-26     7.3509     81.482     36.412  33.057071     0.4742      7.244   365.4018 1.1746e+03     0.6154      0.004      0.006    20.3366 0.0000e+00
      0.005 7.4015e-26     7.2641     80.541     36.445  33.096575     0.4798      7.244   365.1438 1.1346e+03     0.6548      0.004      0.006    20.3507 0.0000e+00
      0.005 8.1081e-25     7.1789     79.618     36.477  33.135870     0.4816      7.246   366.1228 1.0811e+03     0.7517      0.005      0.007    20.3639 0.0000e+00
      0.005 8.9186e-24     7.0956     78.717     36.481  33.151112     0.4781      7.250   367.5172 9.9226e+02     0.8097      0.004      0.006    20.3761 0.0000e+00
      0.005 9.8104e-23     7.0169     77.868     36.471  33.153862     0.4728      7.253   367.5485 8.9777e+02     0.7765      0.004      0.006    20.3884 0.0000e+00
      0.005 1.0791e-21     6.9429     77.072     36.476  33.169124     0.4736      7.256   367.1030 7.9322e+02     0.7164      0.004      0.006    20.4013 0.0000e+00
      0.005 1.1871e-20     6.8732     76.324     36.506  33.208632     0.4790      7.259   366.6050 6.8063e+02     0.6631      0.004      0.006    20.4150 0.0000e+00
      0.005 1.3058e-19     6.8082     75.630     36.538  33.250482     0.4828      7.264   365.8296 5.8645e+02     0.6204      0.005      0.007    20.4301 0.0000e+00
      0.005 1.4363e-18     6.7466     74.972     36.571  33.294047     0.4832      7.268   366.6754 4.9935e+02     0.5966      0.004      0.006    20.4461 0.0000e+00
      0.005 1.5800e-17     6.6918     74.392     36.621  33.354307     0.4835      7.271   368.8303 4.2800e+02     0.5899      0.005      0.007    20.4622 0.0000e+00
      0.005 1.7380e-16     6.6451     73.902     36.663  33.407459     0.4860      7.273   369.5997 3.8229e+02     0.6001      0.004      0.007    20.4792 0.0000e+00
      0.005 1.9118e-15     6.6007     73.437     36.670  33.428594     0.4857      7.275   369.2670 3.4786e+02     0.5975      0.005      0.007    20.4969 0.0000e+00
      0.005 2.1030e-14     6.5613     73.027     36.644  33.419330     0.4889      7.278   368.6803 3.2415e+02     0.5585      0.005      0.007    20.5154 0.0000e+00
      0.005 2.3132e-13     6.5303     72.709     36.632  33.422497     0.4978      7.280   367.6681 3.1283e+02     0.5560      0.005      0.007    20.5352 0.0000e+00
      0.005 2.5446e-12     6.5050     72.453     36.666  33.466910     0.5008      7.281   367.4390 3.0600e+02     0.5969      0.005      0.007    20.5557 0.0000e+00
      0.005 2.7990e-11     6.4838     72.243     36.700  33.511729     0.4977      7.282   368.2332 3.0159e+02     0.6256      0.004      0.006    20.5754 0.0000e+00
      0.005 3.0789e-10     6.4669     72.081     36.695  33.519803     0.4973      7.283   368.7527 3.0089e+02     0.6294      0.005      0.007    20.5948 0.0000e+00
      0.005 3.3868e-09     6.4537     71.957     36.660  33.501032     0.4962      7.285   368.7305 2.9950e+02     0.6126      0.005      0.007    20.6139 0.0000e+00
      0.005 3.7255e-08     6.4428     71.859     36.619  33.475344     0.5118      7.286   368.7388 2.9820e+02     0.6351      0.004      0.006    20.6323 0.0000e+00
      0.005 4.0981e-07     6.4358     71.804     36.593  33.463286     0.5481      7.286   368.6810 2.9794e+02     0.6572      0.004      0.006    20.6510 0.0000e+00
      0.005      0.000     6.4296     71.758     36.600  33.482293     0.5676      7.287   367.6006 2.9768e+02     0.6366      0.005      0.007    20.6692 0.0000e+00
      0.005      0.000     6.4199     71.674     36.623  33.514617     0.5633      7.289   366.0014 2.9754e+02     0.6299      0.004      0.006    20.6863 0.0000e+00
      0.005      0.001     6.4103     71.589     36.635  33.536547     0.5427      7.294   365.4344 2.9724e+02     0.6364      0.004      0.006    20.7027 0.0000e+00
      0.005      0.001     6.4036     71.534     36.645  33.556921     0.5197      7.298   365.8209 2.9699e+02     0.6546      0.004      0.006    20.7189 0.0000e+00
      0.005      0.001     6.3983     71.496     36.648  33.570425     0.5065      7.302   366.3733 2.9701e+02     0.6369      0.005      0.007    20.7351 0.0000e+00
      0.005      0.001     6.3933     71.461     36.638  33.572797     0.4931      7.304   366.4351 2.9648e+02     0.5750      0.005      0.007    20.7517 0.0000e+00
      0.006      0.001     6.3887     71.431     36.640  33.585617     0.4862      7.305   365.0188 2.9582e+02     0.6083      0.006      0.008    20.7677 0.0000e+00
      0.006      0.000     6.3850     71.412     36.641  33.598423     0.4879      7.306   362.5853 2.9757e+02     0.7338      0.006      0.009    20.7822 0.0000e+00
      0.006 1.8628e-08     6.3820     71.399     36.631  33.600618     0.4860      7.307   361.3610 3.0037e+02     0.8105      0.006      0.009    20.7967 0.0000e+00
      0.006 2.0490e-07     6.3797     71.393     36.633  33.612165     0.4907      7.308   361.7454 3.0626e+02     0.8030      0.006      0.008    20.8117 0.0000e+00
      0.006 2.0490e-07     6.3777     71.386     36.623  33.611029     0.4997      7.308   362.5002 3.5292e+02     0.7354      0.006      0.008    20.8270 0.0000e+00
      0.006 1.8627e-08     6.3745     71.362     36.589  33.586892     0.4927      7.309   362.6573 5.2963e+02     0.6644      0.005      0.007    20.8436 0.0000e+00
      0.006 1.6934e-09     6.3696     71.318     36.570  33.574397     0.4805      7.313   361.9247 8.8791e+02     0.6469      0.006      0.008    20.8593 0.0000e+00
      0.006 1.5395e-10     6.3614     71.234     36.579  33.586994     0.4806      7.316   360.7830 1.3688e+03     0.6457      0.006      0.009    20.8726 0.0000e+00
      0.006 1.3995e-11     6.3511     71.125     36.603  33.612174     0.4851      7.317   359.9525 1.8529e+03     0.6195      0.006      0.008    20.8838 0.0000e+00
      0.006 1.2732e-12     6.3396     71.002     36.613  33.624782     0.4795      7.315   359.6268 2.1858e+03     0.6043      0.006      0.009    20.8924 0.0000e+00
      0.006 1.2522e-13     6.3237     70.829     36.597  33.612412     0.4764      7.310   359.5983 2.3080e+03     0.6140      0.005      0.008    20.8994 0.0000e+00
      0.006 1.1566e-13     6.3054     70.629     36.570  33.589639     0.4845      7.302   359.7800 2.3272e+03     0.6146      0.006      0.008    20.9058 0.0000e+00
      0.006 1.1576e-12     6.2866     70.424     36.582  33.603508     0.5044      7.291   360.1029 2.3319e+03     0.6113      0.006      0.008    20.9102 0.0000e+00
      0.006 1.2723e-11     6.2678     70.219     36.632  33.653062     0.5332      7.281   360.3190 2.3330e+03     0.6051      0.006      0.009    20.9137 0.0000e+00
      0.006 1.3995e-10     6.2503     70.029     36.658  33.680673     0.5471      7.275   360.0700 2.3326e+03     0.6008      0.006      0.008    20.9171 0.0000e+00
      0.006 1.5395e-09     6.2329     69.842     36.657  33.683295     0.5535      7.271   359.5018 2.3320e+03     0.6200      0.006      0.009    20.9203 0.0000e+00
      0.006 1.6934e-08     6.2169     69.671     36.654  33.684772     0.5643      7.271   358.9550 2.3328e+03     0.6549      0.006      0.009    20.9242 0.0000e+00
      0.007 1.8627e-07     6.2037     69.531     36.664  33.698536     0.5675      7.273   359.5670 2.3368e+03     0.6567      0.007      0.009    20.9286 0.0000e+00
      0.007 1.8627e-07     6.1910     69.397     36.685  33.722684     0.5642      7.278   361.1373 2.3407e+03     0.6116      0.007      0.010    20.9335 0.0000e+00
      0.007 1.6934e-08     6.1784     69.263     36.681  33.722683     0.5619      7.283   361.7658 2.3412e+03     0.5667      0.006      0.009    20.9391 0.0000e+00
      0.007 1.5395e-09     6.1674     69.145     36.651  33.698535     0.5580      7.287   361.6600 2.3408e+03     0.5712      0.007      0.010    20.9447 0.0000e+00
      0.007 1.4100e-10     6.1576     69.040     36.634  33.684781     0.5539      7.292   361.2348 2.3407e+03     0.6053      0.007      0.010    20.9508 0.0000e+00
      0.007 2.4289e-11     6.1478     68.932     36.631  33.683418     0.5581      7.298   360.4106 2.3399e+03     0.6131      0.007      0.009    20.9572 0.0000e+00
      0.007 1.3995e-10     6.1356     68.796     36.630  33.682054     0.5630      7.303   360.3844 2.3389e+03     0.6046      0.006      0.009    20.9628 0.0000e+00
      0.007 1.5395e-09     6.1212     68.634     36.615  33.668290     0.5571      7.309   361.2624 2.3386e+03     0.5936      0.007      0.010    20.9674 0.0000e+00
      0.008 1.6934e-08     6.1073     68.477     36.589  33.644029     0.5508      7.314   361.8195 2.3392e+03     0.6016      0.008      0.011    20.9702 0.0000e+00
      0.008 1.8627e-07     6.0932     68.319     36.588  33.642779     0.5517      7.318   361.7870 2.3388e+03     0.6099      0.008      0.011    20.9717 0.0000e+00
      0.007 1.8627e-07     6.0762     68.127     36.599  33.653181     0.5497      7.322   361.5566 2.3382e+03     0.6019      0.007      0.010    20.9725 0.0000e+00
      0.007 1.6934e-08     6.0572     67.917     36.587  33.642768     0.5447      7.325   361.3567 2.3388e+03     0.6273      0.007      0.010    20.9719 0.0000e+00
      0.007 1.5395e-09     6.0392     67.716     36.587  33.643904     0.5465      7.329   360.9197 2.3380e+03     0.7037      0.006      0.009    20.9709 0.0000e+00
      0.007 1.3995e-10     6.0228     67.536     36.610  33.666915     0.5531      7.332   360.3157 2.3352e+03     0.7934      0.007      0.010    20.9702 0.0000e+00
      0.007 1.2723e-11     6.0082     67.377     36.607  33.666925     0.5508      7.334   360.2490 2.3337e+03     0.8268      0.007      0.010    20.9698 0.0000e+00
      0.007 1.1566e-12     5.9935     67.217     36.579  33.644036     0.5371      7.337   360.6291 2.3342e+03     0.8024      0.007      0.010    20.9708 0.0000e+00
      0.007 1.0515e-13     5.9781     67.050     36.576  33.644243     0.5352      7.340   360.9546 2.3367e+03     0.8038      0.007      0.010    20.9724 0.0000e+00
      0.007 9.5590e-15     5.9636     66.893     36.600  33.669431     0.5552      7.343   360.9146 2.3410e+03     0.8429      0.007      0.010    20.9750 0.0000e+00
      0.007 8.6900e-16     5.9512     66.758     36.625  33.694514     0.5679      7.346   359.8874 2.3427e+03     0.8487      0.006      0.009    20.9790 0.0000e+00
      0.007 7.9000e-17     5.9397     66.632     36.621  33.693454     0.5600      7.349   358.4286 2.3421e+03     0.8123      0.007      0.010    20.9829 0.0000e+00
      0.007 7.1820e-18     5.9277     66.501     36.580  33.656621     0.5516      7.351   357.9898 2.3415e+03     0.7688      0.007      0.010    20.9868 0.0000e+00
      0.007 6.5290e-19     5.9156     66.366     36.550  33.630275     0.5392      7.353   358.1094 2.3392e+03     0.7194      0.007      0.010    20.9910 0.0000e+00
      0.007 5.9355e-20     5.9044     66.241     36.549  33.628970     0.5117      7.355   358.4975 2.3371e+03     0.6425      0.007      0.010    20.9949 0.0000e+00
      0.007 5.3960e-21     5.8923     66.104     36.563  33.640850     0.4857      7.357   359.1557 2.3360e+03     0.5717      0.007      0.010    20.9980 0.0000e+00
      0.007 4.9052e-22     5.8783     65.944     36.570  33.646870     0.4737      7.359   358.4961 2.3361e+03     0.5661      0.007      0.010    21.0001 0.0000e+00
      0.007 4.4593e-23     5.8616     65.754     36.494  33.574735     0.4856      7.361   356.8036 2.3388e+03     0.5740      0.007      0.010    21.0011 0.0000e+00
      0.007 4.0539e-24     5.8420     65.524     36.037  33.149762     0.5189      7.363   355.9851 2.3400e+03     0.5756      0.006      0.009    21.0007 0.0000e+00
      0.007 3.6854e-25     5.8295     65.324     35.240  32.382897     0.5457      7.365   356.0851 2.3392e+03     0.5859      0.007      0.010    20.9994 0.0000e+00
      0.007 3.3503e-26     5.8560     65.412     34.793  31.860692     0.5520      7.366   356.4639 2.3377e+03     0.5773      0.006      0.009    20.9980 0.0000e+00
      0.007 3.0458e-27     6.0071     66.747     34.847  31.726148     0.5310      7.368   356.8654 2.3358e+03     0.5933      0.007      0.010    20.9957 0.0000e+00
      0.007 2.7689e-28     6.3926     70.672     35.022  31.708535     0.4945      7.368   357.1536 2.3360e+03     0.6265      0.007      0.010    20.9937 0.0000e+00
      0.007 2.5172e-29     7.0040     77.168     35.160  31.711006     0.4772      7.368   357.2820 2.3374e+03     0.6428      0.007      0.011    20.9885 0.0000e+00
      0.007 2.2883e-30     7.7092     84.767     35.221  31.692356     0.4777      7.368   357.1266 2.3372e+03     0.6683      0.007      0.009    20.8338 0.0000e+00
      0.007 2.0803e-31     8.3949     92.200     35.248  31.673464     0.4925      7.366   356.9960 2.3372e+03     0.6904      0.007      0.010    20.5038 0.0000e+00
      0.007 1.8912e-32     8.9941     98.725     35.271  31.673060     0.5274      7.363   356.8212 2.3382e+03     0.6655      0.008      0.011    20.2302 0.0000e+00
      0.007 1.7192e-33     9.4603    103.831     35.291  31.687446     0.5504      7.359   356.4757 2.3385e+03     0.6117      0.007      0.010    20.0685 0.0000e+00
      0.007 1.5629e-34     9.7697    107.250     35.320  31.720383     0.5502      7.355   357.1208 2.3379e+03     0.5887      0.007      0.010    19.9713 0.0000e+00
      0.007 1.4209e-35     9.9096    108.822     35.344  31.753754     0.5432      7.351   358.5123 2.3379e+03     0.5709      0.007      0.010    19.9167 0.0000e+00
      0.007 1.2917e-36     9.8926    108.674     35.352  31.773393     0.5387      7.349   358.9321 2.3394e+03     0.5499      0.007      0.010    19.8853 0.0000e+00
      0.007 1.1743e-37     9.7767    107.435     35.332  31.767327     0.5426      7.349   358.6684 2.3395e+03     0.5786      0.006      0.009    19.8833 0.0000e+00
      0.007 1.0675e-38     9.6323    105.873     35.297  31.743929     0.5534      7.350   358.2498 2.3379e+03     0.6130      0.007      0.010    19.8972 0.0000e+00
      0.007 9.7050e-40     9.4978    104.409     35.292  31.744554     0.5586      7.352   357.6559 2.3389e+03     0.5997      0.007      0.010    19.9164 0.0000e+00
