Data/DataNotYetUploadedToEDI/Raw_CTD/RawDownloads/050418_fcr50.cnv
* Sea-Bird SBE19plus  Data File:
* FileName = C:\DATA\fcr.hex
* Software version 2.6.3.104 SB_Terminal.dll
* Temperature SN = 7809
* Conductivity SN = 7809
* System UpLoad Time = May 04 2018 16:34:00
* <ApplicationData>
* <Seaterm232>
# nquan = 15
# nvalues = 897                         
# units = specified
# name 0 = depFM: Depth [fresh water, m]
# name 1 = dz/dtM: Descent Rate [m/s]
# name 2 = sbeox0Mg/L: Oxygen, SBE 43 [mg/l]
# name 3 = sbeox0PS: Oxygen, SBE 43 [% saturation]
# name 4 = specc: Specific Conductance [uS/cm]
# name 5 = c0uS/cm: Conductivity [uS/cm]
# name 6 = flECO-AFL: Fluorescence, WET Labs ECO-AFL/FL [mg/m^3]
# name 7 = ph: pH
# name 8 = orp: Oxidation Reduction Potential [mV]
# name 9 = par/sat/log: PAR/Logarithmic, Satlantic
# name 10 = turbWETntu0: Turbidity, WET Labs ECO [NTU]
# name 11 = prdM: Pressure, Strain Gauge [db]
# name 12 = prdE: Pressure, Strain Gauge [psi]
# name 13 = tv290C: Temperature [ITS-90, deg C]
# name 14 = flag:  0.000e+00
# span 0 =     -0.561,      9.765       
# span 1 =     -0.009,      3.857       
# span 2 =     5.8295,     9.9096       
# span 3 =     64.692,    108.822       
# span 4 =      0.695,     39.244       
# span 5 =   0.765040,  33.722684       
# span 6 =    -0.7499,     5.3392       
# span 7 =      4.719,      7.614       
# span 8 = -1240.7451,  1234.7598       
# span 9 = 9.2193e-01, 2.3556e+03       
# span 10 =    -1.7809,    62.2613      
# span 11 =     -0.551,      9.576      
# span 12 =     -0.798,     13.889      
# span 13 =     8.5205,    30.1382      
# span 14 = 0.0000e+00, 0.0000e+00      
# interval = seconds: 0.25
# start_time = May 04 2018 17:50:57 [Instrument's time stamp, header]
# bad_flag = -9.990e-29
*END*
[from data line 193]
      0.007 8.0205e-42     9.2824    102.078     35.332  31.793144     0.5453      7.352   358.9190 2.3397e+03     0.5558      0.007      0.010    19.9527 0.0000e+00
      0.007 7.2915e-43     9.1954    101.144     35.303  31.774761     0.5528      7.353   359.6114 2.3386e+03     0.5534      0.007      0.010    19.9636 0.0000e+00
      0.007 6.6285e-44     9.1264    100.397     35.263  31.743162     0.5586      7.353   359.5140 2.3394e+03     0.5719      0.007      0.010    19.9693 0.0000e+00
      0.006 6.0260e-45     9.0775     99.855     35.248  31.728643     0.5509      7.354   359.2041 2.3409e+03     0.5963      0.006      0.009    19.9760 0.0000e+00
      0.006 5.4780e-46     9.0395     99.421     35.252  31.726230     0.5421      7.354   359.1342 2.3415e+03     0.6034      0.006      0.009    19.9871 0.0000e+00
      0.007 4.9801e-47     9.0064     99.029     35.250  31.713983     0.5449      7.354   359.0989 2.3428e+03     0.6279      0.007      0.010    20.0004 0.0000e+00
      0.007 4.5310e-48     8.9777     98.668     35.260  31.707570     0.5471      7.354   358.6914 2.3441e+03     0.6177      0.007      0.009    20.0081 0.0000e+00
      0.007 4.5133e-49     8.9531     98.337     35.290  31.712182     0.5417      7.355   358.3374 2.3439e+03     0.5714      0.007      0.010    20.0042 0.0000e+00
      0.007 4.7469e-49     8.9331     98.050     35.310  31.706211     0.5352      7.358   358.5184 2.3429e+03     0.5868      0.006      0.009    19.9954 0.0000e+00
      0.007 4.8134e-48     8.9174     97.814     35.328  31.698852     0.5413      7.361   358.8144 2.3415e+03     0.6205      0.007      0.010    19.9832 0.0000e+00
      0.007 5.2911e-47     8.9050     97.617     35.339  31.686683     0.5600      7.364   358.9921 2.3406e+03     0.6131      0.006      0.009    19.9599 0.0000e+00
      0.007 5.8201e-46     8.8961     97.453     35.365  31.686071     0.5592      7.367   359.0318 2.3423e+03     0.5885      0.007      0.010    19.9273 0.0000e+00
      0.007 6.4021e-45     8.8921     97.345     35.397  31.691414     0.5412      7.369   358.2627 2.3438e+03     0.5670      0.007      0.009    19.8907 0.0000e+00
      0.007 7.0423e-44     8.8886     97.270     35.408  31.687741     0.5443      7.370   357.0052 2.3422e+03     0.5670      0.007      0.010    19.8577 0.0000e+00
      0.007 7.7466e-43     8.8809     97.184     35.429  31.705157     0.5603      7.372   356.5614 2.3411e+03     0.5888      0.006      0.009    19.8299 0.0000e+00
      0.007 8.5212e-42     8.8729     97.116     35.428  31.711457     0.5601      7.373   356.7689 2.3428e+03     0.5867      0.007      0.010    19.7942 0.0000e+00
      0.007 9.3734e-41     8.8657     97.064     35.404  31.700417     0.5505      7.373   357.1904 2.3435e+03     0.5719      0.006      0.009    19.7552 0.0000e+00
      0.007 1.0311e-39     8.8566     96.990     35.392  31.698712     0.5452      7.373   357.7007 2.3411e+03     0.5927      0.007      0.009    19.7338 0.0000e+00
      0.007 1.1342e-38     8.8407     96.843     35.372  31.690842     0.5421      7.374   357.1735 2.3404e+03     0.5946      0.007      0.010    19.7361 0.0000e+00
      0.007 1.2476e-37     8.8168     96.602     35.339  31.668788     0.5416      7.374   355.7202 2.3423e+03     0.5640      0.006      0.009    19.7501 0.0000e+00
      0.007 1.3724e-36     8.7927     96.337     35.287  31.622598     0.5486      7.374   354.9286 2.3431e+03     0.5588      0.007      0.010    19.7651 0.0000e+00
      0.007 1.5096e-35     8.7752     96.122     35.246  31.576939     0.5531      7.373   354.8295 2.3415e+03     0.5621      0.006      0.009    19.7778 0.0000e+00
      0.007 1.6605e-34     8.7636     95.955     35.246  31.561285     0.5500      7.371   355.0378 2.3405e+03     0.5733      0.007      0.009    19.7927 0.0000e+00
      0.007 1.8266e-33     8.7508     95.771     35.263  31.560329     0.5567      7.368   355.5540 2.3407e+03     0.6023      0.007      0.010    19.8072 0.0000e+00
      0.007 2.0093e-32     8.7327     95.547     35.279  31.565354     0.5696      7.366   355.6506 2.3406e+03     0.6075      0.007      0.009    19.8073 0.0000e+00
      0.007 2.2102e-31     8.7153     95.360     35.270  31.558519     0.5675      7.364   355.1741 2.3407e+03     0.5750      0.007      0.009    19.7936 0.0000e+00
      0.007 2.4312e-30     8.7086     95.306     35.242  31.541197     0.5591      7.362   354.6965 2.3407e+03     0.5457      0.007      0.009    19.7701 0.0000e+00
      0.007 2.6743e-29     8.7117     95.357     35.241  31.546459     0.5604      7.362   354.4355 2.3412e+03     0.5589      0.006      0.009    19.7422 0.0000e+00
      0.007 2.9418e-28     8.7182     95.435     35.251  31.558639     0.5649      7.362   354.2558 2.3412e+03     0.6124      0.007      0.009    19.7257 0.0000e+00
      0.006 3.2359e-27     8.7259     95.518     35.255  31.561449     0.5580      7.361   354.1584 2.3412e+03     0.6433      0.006      0.009    19.7302 0.0000e+00
      0.006 3.5595e-26     8.7367     95.628     35.280  31.580444     0.5420      7.361   354.7214 2.3423e+03     0.5958      0.006      0.009    19.7466 0.0000e+00
      0.006 3.9155e-25     8.7486     95.754     35.301  31.597764     0.5363      7.362   355.6423 2.3423e+03     0.5564      0.006      0.009    19.7555 0.0000e+00
      0.006 4.3070e-24     8.7564     95.851     35.276  31.580329     0.5437      7.364   355.8281 2.3427e+03     0.5945      0.007      0.010    19.7588 0.0000e+00
      0.006 4.7377e-23     8.7605     95.919     35.245  31.560178     0.5489      7.364   355.3322 2.3439e+03     0.6301      0.006      0.009    19.7597 0.0000e+00
      0.006 5.2115e-22     8.7652     95.997     35.217  31.544654     0.5439      7.364   354.7235 2.3436e+03     0.6207      0.006      0.009    19.7499 0.0000e+00
      0.006 5.7327e-21     8.7738     96.101     35.184  31.519666     0.5390      7.363   354.5771 2.3431e+03     0.6026      0.007      0.010    19.7471 0.0000e+00
      0.006 6.3059e-20     8.7828     96.179     35.184  31.512095     0.5451      7.363   355.4547 2.3433e+03     0.5949      0.006      0.009    19.7539 0.0000e+00
      0.006 6.9365e-19     8.7872     96.183     35.207  31.516610     0.5529      7.363   356.7313 2.3431e+03     0.5882      0.007      0.010    19.7663 0.0000e+00
      0.006 7.6302e-18     8.7856     96.127     35.217  31.510725     0.5507      7.362   357.1063 2.3420e+03     0.5827      0.006      0.009    19.7853 0.0000e+00
      0.006 8.3932e-17     8.7788     96.044     35.214  31.504432     0.5457      7.361   356.8914 2.3418e+03     0.5888      0.007      0.010    19.7933 0.0000e+00
      0.006 9.2325e-16     8.7692     95.956     35.206  31.504023     0.5482      7.360   356.8004 2.3422e+03     0.6008      0.006      0.009    19.7821 0.0000e+00
      0.007 1.0156e-14     8.7601     95.881     35.197  31.505791     0.5522      7.361   356.5224 2.3428e+03     0.6674      0.007      0.010    19.7523 0.0000e+00
      0.007 1.1171e-13     8.7549     95.843     35.212  31.525826     0.5488      7.362   356.5414 2.3435e+03     0.7834      0.007      0.010    19.7258 0.0000e+00
      0.007 1.2288e-12     8.7560     95.865     35.242  31.555743     0.5437      7.361   357.3739 2.3420e+03     0.8135      0.007      0.009    19.7226 0.0000e+00
      0.006 1.3517e-11     8.7642     95.955     35.234  31.549969     0.5465      7.360   357.9844 2.3415e+03     0.7570      0.006      0.009    19.7366 0.0000e+00
      0.006 1.4869e-10     8.7769     96.089     35.203  31.519526     0.5550      7.358   357.8996 2.3443e+03     0.7099      0.006      0.009    19.7530 0.0000e+00
      0.006 1.6356e-09     8.7908     96.230     35.191  31.505207     0.5549      7.357   357.4671 2.3450e+03     0.6711      0.006      0.009    19.7620 0.0000e+00
      0.006 1.7992e-08     8.8049     96.375     35.194  31.503853     0.5447      7.356   356.8852 2.3437e+03     0.6243      0.006      0.009    19.7666 0.0000e+00
      0.006 1.9791e-07     8.8193     96.524     35.198  31.503152     0.5419      7.355   356.5422 2.3440e+03     0.6019      0.006      0.009    19.7680 0.0000e+00
      0.006      0.000     8.8283     96.615     35.193  31.496730     0.5483      7.354   356.4172 2.3438e+03     0.6134      0.006      0.009    19.7641 0.0000e+00
      0.006      0.000     8.8268     96.596     35.186  31.489705     0.5578      7.353   356.4065 2.3433e+03     0.6105      0.007      0.009    19.7576 0.0000e+00
      0.006      0.000     8.8187     96.512     35.175  31.481725     0.5655      7.352   356.4988 2.3425e+03     0.5983      0.006      0.009    19.7525 0.0000e+00
      0.006      0.003     8.8090     96.409     35.153  31.463760     0.5679      7.351   356.6735 2.3410e+03     0.6177      0.007      0.010    19.7476 0.0000e+00
      0.006      0.032     8.7977     96.275     35.157  31.463020     0.5679      7.350   356.9696 2.3410e+03     0.6315      0.006      0.009    19.7429 0.0000e+00
      0.007      0.351     8.7821     96.089     35.174  31.472774     0.5659      7.349   357.1532 2.3428e+03     0.6126      0.007      0.009    19.7403 0.0000e+00
      0.007      3.857     8.7659     95.900     35.159  31.454664     0.5615      7.348   356.4847 2.3435e+03     0.6035      0.007      0.009    19.7446 0.0000e+00
      0.007      3.857     8.7558     95.780     35.140  31.434564     0.5608      7.346   355.2543 2.3412e+03     0.6121      0.007      0.009    19.7509 0.0000e+00
      0.006      0.351     8.7534     95.741     35.129  31.420283     0.5563      7.346   354.8377 2.3388e+03     0.5956      0.006      0.009    19.7432 0.0000e+00
      0.006      0.032     8.7578     95.771     35.124  31.409006     0.5449      7.345   355.3188 2.3388e+03     0.5866      0.006      0.009    19.7313 0.0000e+00
      0.006      0.003     8.7681     95.865     35.150  31.425225     0.5424      7.343   356.0820 2.3408e+03     0.5941      0.006      0.009    19.7272 0.0000e+00
      0.006      0.000     8.7806     95.984     35.159  31.425850     0.5444      7.341   356.4084 2.3449e+03     0.5650      0.006      0.009    19.7237 0.0000e+00
      0.007      0.000     8.7901     96.064     35.158  31.416551     0.5417      7.339   355.3924 2.3486e+03     0.5395      0.007      0.010    19.7168 0.0000e+00
      0.007      0.000     8.7947     96.087     35.195  31.439805     0.5277      7.336   353.7775 2.3493e+03     0.5300      0.007      0.010    19.7070 0.0000e+00
      0.006 1.9791e-07     8.7969     96.090     35.218  31.452951     0.5043      7.333   353.1445 2.3492e+03     0.5720      0.006      0.009    19.6964 0.0000e+00
      0.006 1.7992e-08     8.8008     96.125     35.217  31.448471     0.4976      7.329   353.4183 2.3483e+03     0.6513      0.006      0.009    19.6871 0.0000e+00
      0.006 1.6356e-09     8.8036     96.157     35.217  31.449147     0.5018      7.324   353.9038 2.3455e+03     0.6347      0.006      0.009    19.6762 0.0000e+00
      0.006 1.4869e-10     8.7995     96.116     35.229  31.461117     0.4912      7.319   354.1114 2.3432e+03     0.5840      0.006      0.009    19.6599 0.0000e+00
      0.006 1.3517e-11     8.7924     96.037     35.235  31.466190     0.4791      7.312   353.7774 2.3423e+03     0.5883      0.007      0.010    19.6463 0.0000e+00
      0.006 1.2289e-12     8.7892     95.993     35.217  31.446980     0.4849      7.303   353.0487 2.3418e+03     0.5952      0.006      0.009    19.6436 0.0000e+00
      0.006 1.1191e-13     8.7922     96.013     35.192  31.419374     0.4966      7.296   352.4424 2.3415e+03     0.6052      0.006      0.009    19.6455 0.0000e+00
      0.006 1.2259e-14     8.7990     96.078     35.158  31.386431     0.4922      7.291   352.2967 2.3416e+03     0.6181      0.006      0.009    19.6486 0.0000e+00
      0.006 2.4058e-14     8.8049     96.136     35.138  31.366220     0.4776      7.286   352.4052 2.3429e+03     0.5981      0.006      0.009    19.6494 0.0000e+00
      0.006 2.5456e-13     8.8093     96.179     35.139  31.365520     0.4759      7.278   352.6366 2.3432e+03     0.5776      0.006      0.009    19.6431 0.0000e+00
      0.006 2.7993e-12     8.8145     96.235     35.154  31.377965     0.4813      7.266   352.9434 2.3406e+03     0.5843      0.006      0.009    19.6353 0.0000e+00
      0.006 3.0792e-11     8.8187     96.283     35.166  31.389668     0.4782      7.250   353.1026 2.3376e+03     0.5868      0.007      0.010    19.6309 0.0000e+00
      0.006 3.3871e-10     8.8195     96.296     35.154  31.380008     0.4754      7.231   352.8410 2.3380e+03     0.5768      0.006      0.009    19.6283 0.0000e+00
      0.007 3.7258e-09     8.8160     96.269     35.159  31.388195     0.4839      7.213   352.5332 2.3407e+03     0.5858      0.007      0.010    19.6250 0.0000e+00
      0.007 4.0984e-08     8.8064     96.177     35.194  31.425150     0.4987      7.198   352.1345 2.3419e+03     0.6048      0.007      0.010    19.6243 0.0000e+00
      0.007 4.5082e-07     8.7937     96.045     35.214  31.445779     0.4978      7.188   351.2902 2.3420e+03     0.6540      0.006      0.009    19.6261 0.0000e+00
      0.007      0.000     8.7836     95.933     35.216  31.447086     0.4819      7.182   350.6711 2.3407e+03     0.7538      0.007      0.009    19.6271 0.0000e+00
      0.007      0.000     8.7786     95.879     35.210  31.440957     0.4810      7.180   351.4460 2.3380e+03     0.8034      0.007      0.009    19.6330 0.0000e+00
      0.006      0.001     8.7788     95.887     35.201  31.435183     0.4874      7.178   353.0017 2.3372e+03     0.7958      0.006      0.008    19.6427 0.0000e+00
      0.006      0.002     8.7851     95.960     35.205  31.440785     0.4860      7.170   353.4772 2.3375e+03     0.7836      0.006      0.008    19.6466 0.0000e+00
      0.006      0.003     8.7963     96.079     35.212  31.445184     0.4817      7.155   352.7220 2.3368e+03     0.7175      0.006      0.008    19.6435 0.0000e+00
      0.007      0.004     8.8080     96.196     35.193  31.424857     0.4723      7.134   351.4419 2.3359e+03     0.6077      0.007      0.010    19.6422 0.0000e+00
      0.009      0.005     8.8158     96.271     35.153  31.385544     0.4735      7.118   350.5611 2.3359e+03     0.5546      0.009      0.013    19.6475 0.0000e+00
      0.011      0.008     8.8158     96.266     35.116  31.350909     0.4865      7.112   351.3642 2.3324e+03     0.5640      0.012      0.016    19.6514 0.0000e+00
      0.012      0.012     8.8105     96.210     35.085  31.323626     0.4735      7.119   353.2367 2.2970e+03     0.5680      0.012      0.018    19.6484 0.0000e+00
      0.013      0.017     8.8038     96.143     35.067  31.309702     0.4364      7.136   354.0143 2.1607e+03     0.5727      0.012      0.018    19.6418 0.0000e+00
      0.016      0.022     8.7974     96.070     35.068  31.309572     0.4142      7.161   353.2806 1.7887e+03     0.5907      0.015      0.021    19.6367 0.0000e+00
      0.024      0.027     8.7944     96.017     35.091  31.322054     0.4163      7.189   352.0238 1.1832e+03     0.6017      0.021      0.031    19.6326 0.0000e+00
      0.034      0.031     8.7967     96.011     35.116  31.333593     0.4344      7.217   351.2080 6.3832e+02     0.6447      0.034      0.050    19.6342 0.0000e+00
      0.045      0.033     8.8022     96.039     35.116  31.322056     0.4591      7.246   351.0740 3.5339e+02     0.7144      0.045      0.066    19.6408 0.0000e+00
      0.053      0.033     8.8083     96.076     35.115  31.309565     0.4753      7.276   351.2644 2.6214e+02     0.7428      0.052      0.076    19.6396 0.0000e+00
      0.060      0.033     8.8154     96.126     35.126  31.309566     0.4747      7.303   351.4441 3.3859e+02     0.7438      0.060      0.087    19.6282 0.0000e+00
      0.067      0.033     8.8213     96.164     35.151  31.322060     0.4607      7.323   351.2691 5.1212e+02     0.6955      0.066      0.096    19.6100 0.0000e+00
