Data/DataNotYetUploadedToEDI/Raw_CTD/RawDownloads/050718_fcr45.cnv
* Sea-Bird SBE19plus  Data File:
* FileName = C:\DATA\050718_fcr_0004.hex
* Software version 2.6.3.104 SB_Terminal.dll
* Temperature SN = 7809
* Conductivity SN = 7809
* System UpLoad Time = May 07 2018 16:24:51
* <ApplicationData>
* <Seaterm232>
# nquan = 15
# nvalues = 925                         
# units = specified
# name 0 = depFM: Depth [fresh water, m]
# name 1 = dz/dtM: Descent Rate [m/s]
# name 2 = sbeox0Mg/L: Oxygen, SBE 43 [mg/l]
# name 3 = sbeox0PS: Oxygen, SBE 43 [% saturation]
# name 4 = specc: Specific Conductance [uS/cm]
# name 5 = c0uS/cm: Conductivity [uS/cm]
# name 6 = flECO-AFL: Fluorescence, WET Labs ECO-AFL/FL [mg/m^3]
# name 7 = ph: pH
# name 8 = orp: Oxidation Reduction Potential [mV]
# name 9 = par/sat/log: PAR/Logarithmic, Satlantic
# name 10 = turbWETntu0: Turbidity, WET Labs ECO [NTU]
# name 11 = prdM: Pressure, Strain Gauge [db]
# name 12 = prdE: Pressure, Strain Gauge [psi]
# name 13 = tv290C: Temperature [ITS-90, deg C]
# name 14 = flag:  0.000e+00
# span 0 =     -0.563,      6.152       
# span 1 =     -0.102,      0.164       
# span 2 =     5.4256,     9.8541       
# span 3 =     58.941,    101.616       
# span 4 =      0.591,     38.948       
# span 5 =   0.509660,  31.220312       
# span 6 =    -1.8319,     2.1916       
# span 7 =      6.619,     10.944       
# span 8 =   301.3746,  1240.2048       
# span 9 = 2.5278e+01, 2.3283e+03       
# span 10 =    -5.9052,     4.2871      
# span 11 =     -0.553,      6.036      
# span 12 =     -0.802,      8.755      
# span 13 =     8.7422,    19.5558      
# span 14 = 0.0000e+00, 0.0000e+00      
# interval = seconds: 0.25
# start_time = May 07 2018 15:39:05 [Instrument's time stamp, header]
# bad_flag = -9.990e-29
*END*
[from data line 97]
      0.038     -0.082     6.9344     75.425     34.987  31.098615     0.7560      7.237   312.4734 1.6756e+03     0.8648      0.037      0.053    19.4389 0.0000e+00
      0.018     -0.072     6.9482     75.580     34.977  31.091697     0.7453      7.235   312.6303 1.6952e+03     0.8709      0.017      0.024    19.4361 0.0000e+00
      0.001     -0.063     6.9465     75.568     34.967  31.085298     0.7272      7.232   312.7700 1.7199e+03     0.8849      0.001      0.000    19.4340 0.0000e+00
     -0.014     -0.054     6.9292     75.386     34.963  31.084768     0.7022      7.229   312.7002 1.5893e+03     0.9114     -0.015     -0.022    19.4350 0.0000e+00
     -0.027     -0.045     6.9008     75.083     34.961  31.085287     0.6917      7.229   312.5604 1.2041e+03     0.8860     -0.029     -0.041    19.4375 0.0000e+00
     -0.037     -0.036     6.8673     74.725     34.965  31.091581     0.6925      7.229   312.5429 1.0529e+03     0.8522     -0.036     -0.053    19.4410 0.0000e+00
     -0.044     -0.028     6.8353     74.380     34.969  31.097365     0.6839      7.233   312.5742 1.3855e+03     0.8395     -0.045     -0.065    19.4454 0.0000e+00
     -0.050     -0.020     6.8101     74.110     34.961  31.091706     0.6703      7.238   312.5939 1.7036e+03     0.8233     -0.050     -0.072    19.4490 0.0000e+00
     -0.054     -0.013     6.7926     73.922     34.954  31.086667     0.6657      7.243   312.6098 1.7781e+03     0.8097     -0.053     -0.077    19.4531 0.0000e+00
     -0.058     -0.007     6.7854     73.842     34.969  31.099951     0.6657      7.248   312.6805 1.7788e+03     0.7967     -0.058     -0.084    19.4572 0.0000e+00
     -0.058     -0.003     6.7904     73.896     34.999  31.125302     0.6515      7.251   312.8467 1.7780e+03     0.7873     -0.059     -0.086    19.4597 0.0000e+00
     -0.056      0.000     6.8029     74.031     35.014  31.139154     0.6318      7.252   312.9845 1.7745e+03     0.7266     -0.054     -0.079    19.4623 0.0000e+00
     -0.053      0.001     6.8183     74.199     35.015  31.140411     0.6391      7.254   313.0558 1.7669e+03     0.6428     -0.051     -0.074    19.4654 0.0000e+00
     -0.053      0.001     6.8339     74.372     35.014  31.140516     0.6581      7.256   313.0206 1.7666e+03     0.6294     -0.052     -0.075    19.4645 0.0000e+00
     -0.054      0.001     6.8486     74.535     35.012  31.140422     0.6577      7.257   312.9034 1.7699e+03     0.6257     -0.052     -0.076    19.4616 0.0000e+00
     -0.055      0.002     6.8632     74.698     35.008  31.139268     0.6527      7.257   312.8428 1.7665e+03     0.6590     -0.055     -0.078    19.4618 0.0000e+00
     -0.056      0.003     6.8766     74.846     34.993  31.126566     0.6534      7.257   312.8046 1.7370e+03     0.7877     -0.057     -0.083    19.4632 0.0000e+00
     -0.056      0.003     6.8863     74.949     34.980  31.113863     0.6570      7.258   312.6986 1.4645e+03     0.8996     -0.056     -0.080    19.4645 0.0000e+00
     -0.053      0.002     6.8913     74.999     34.981  31.112699     0.6594      7.258   312.5078 1.2556e+03     0.9436     -0.051     -0.074    19.4665 0.0000e+00
     -0.049      0.002     6.8906     74.987     34.983  31.112490     0.6363      7.258   312.3911 1.2381e+03     0.9544     -0.048     -0.068    19.4692 0.0000e+00
     -0.048      0.002     6.8813     74.883     34.983  31.111327     0.5981      7.259   312.4913 1.1501e+03     0.9377     -0.046     -0.067    19.4715 0.0000e+00
     -0.051      0.001     6.8618     74.668     34.970  31.098634     0.5842      7.259   312.6011 1.5063e+03     0.9252     -0.050     -0.073    19.4702 0.0000e+00
     -0.053      0.000     6.8330     74.353     34.958  31.086037     0.5869      7.258   312.6002 2.0117e+03     0.9254     -0.054     -0.078    19.4655 0.0000e+00
     -0.053     -0.001     6.7952     73.938     34.959  31.086028     0.5850      7.258   312.6523 2.1437e+03     0.8487     -0.052     -0.076    19.4624 0.0000e+00
     -0.051     -0.001     6.7492     73.435     34.974  31.098530     0.5800      7.259   312.7155 2.1662e+03     0.7007     -0.050     -0.073    19.4609 0.0000e+00
     -0.051     -0.001     6.6987     72.883     34.989  31.110171     0.5821      7.261   312.7626 2.1766e+03     0.6303     -0.049     -0.071    19.4593 0.0000e+00
     -0.051     -0.001     6.6472     72.320     34.979  31.099769     0.5918      7.264   312.8775 2.1806e+03     0.6688     -0.049     -0.070    19.4577 0.0000e+00
     -0.052     -0.002     6.5971     71.771     34.981  31.099774     0.6143      7.268   312.8995 2.1821e+03     0.6782     -0.051     -0.073    19.4561 0.0000e+00
     -0.054     -0.003     6.5500     71.255     34.994  31.110229     0.6425      7.271   312.8567 2.1828e+03     0.6220     -0.053     -0.078    19.4542 0.0000e+00
     -0.055     -0.003     6.5072     70.787     34.983  31.099160     0.6484      7.273   312.8759 2.1822e+03     0.5990     -0.054     -0.079    19.4521 0.0000e+00
     -0.055     -0.002     6.4719     70.401     34.977  31.092956     0.6487      7.274   312.7876 2.1831e+03     0.6136     -0.054     -0.078    19.4501 0.0000e+00
     -0.055     -0.001     6.4391     70.041     34.985  31.098729     0.6641      7.274   312.7355 2.1849e+03     0.6154     -0.054     -0.078    19.4478 0.0000e+00
     -0.055     -0.000     6.4011     69.625     34.994  31.105449     0.6782      7.275   312.9347 2.1841e+03     0.6217     -0.054     -0.078    19.4459 0.0000e+00
     -0.055 -2.047e-08     6.3635     69.214     35.001  31.110698     0.6813      7.276   313.1313 2.1819e+03     0.6288     -0.055     -0.080    19.4442 0.0000e+00
     -0.055 -2.252e-07     6.3308     68.856     34.989  31.098682     0.6840      7.277   313.2202 2.1807e+03     0.6401     -0.054     -0.079    19.4424 0.0000e+00
     -0.054 -2.252e-07     6.3001     68.521     34.978  31.087179     0.6928      7.279   313.2344 2.1805e+03     0.6662     -0.053     -0.077    19.4405 0.0000e+00
     -0.054 -2.047e-08     6.2696     68.186     34.992  31.098626     0.6858      7.279   313.2173 2.1813e+03     0.7001     -0.053     -0.077    19.4387 0.0000e+00
     -0.055 -1.861e-09     6.2394     67.856     35.006  31.110068     0.6646      7.279   313.2716 2.1828e+03     0.7759     -0.054     -0.078    19.4372 0.0000e+00
     -0.055 -1.692e-10     6.2116     67.553     34.994  31.098513     0.6558      7.279   313.3738 2.1828e+03     0.8503     -0.054     -0.079    19.4354 0.0000e+00
     -0.055 -1.538e-11     6.1878     67.293     34.980  31.085925     0.6531      7.281   313.4207 2.1809e+03     0.8671     -0.054     -0.078    19.4338 0.0000e+00
     -0.055 -1.399e-12     6.1668     67.063     34.979  31.084884     0.6504      7.282   313.3218 2.1789e+03     0.8571     -0.054     -0.078    19.4322 0.0000e+00
     -0.055 -1.271e-13     6.1455     66.831     34.981  31.085926     0.6509      7.284   313.2113 2.1769e+03     0.8515     -0.053     -0.077    19.4308 0.0000e+00
     -0.055 -1.156e-14     6.1238     66.594     34.996  31.098523     0.6405      7.284   313.2023 2.1741e+03     0.8295     -0.054     -0.078    19.4301 0.0000e+00
     -0.055 -1.050e-15     6.1028     66.364     35.010  31.110173     0.6260      7.284   313.2995 2.1711e+03     0.8048     -0.054     -0.078    19.4294 0.0000e+00
     -0.055 -9.549e-17     6.0831     66.148     34.999  31.099771     0.6323      7.284   313.4405 2.1690e+03     0.8281     -0.054     -0.079    19.4285 0.0000e+00
     -0.055 -8.543e-18     6.0631     65.928     35.000  31.099776     0.6518      7.285   313.5301 2.1683e+03     0.8371     -0.054     -0.079    19.4279 0.0000e+00
     -0.055 7.7637e-19     6.0406     65.681     35.014  31.110231     0.6596      7.285   313.6090 2.1683e+03     0.8210     -0.054     -0.078    19.4272 0.0000e+00
     -0.055 1.7153e-17     6.0175     65.427     35.003  31.099152     0.6526      7.285   313.6199 2.1675e+03     0.8465     -0.054     -0.079    19.4260 0.0000e+00
     -0.055 1.8946e-16     5.9962     65.193     34.998  31.092844     0.6509      7.285   313.5754 2.1660e+03     0.8713     -0.054     -0.078    19.4246 0.0000e+00
     -0.055 2.0841e-15     5.9730     64.938     35.005  31.097462     0.6574      7.286   313.5876 2.1643e+03     0.8771     -0.054     -0.078    19.4230 0.0000e+00
     -0.055 2.2926e-14     5.9453     64.634     35.000  31.091480     0.6575      7.287   313.5954 2.1570e+03     0.8858     -0.054     -0.078    19.4213 0.0000e+00
     -0.055 2.5218e-13     5.9182     64.336     34.993  31.084028     0.6517      7.287   313.5837 2.1422e+03     0.8851     -0.054     -0.078    19.4190 0.0000e+00
     -0.055 2.7740e-12     5.8941     64.071     34.979  31.070864     0.6513      7.286   313.6183 2.1203e+03     0.8988     -0.054     -0.078    19.4167 0.0000e+00
     -0.055 3.0514e-11     5.8710     63.818     34.968  31.059326     0.6625      7.286   313.7558 2.0895e+03     0.8985     -0.054     -0.079    19.4145 0.0000e+00
     -0.055 3.3565e-10     5.8477     63.563     34.983  31.071546     0.6680      7.285   313.8697 2.0590e+03     0.8515     -0.054     -0.078    19.4121 0.0000e+00
     -0.055 3.6922e-09     5.8241     63.303     35.008  31.091595     0.6533      7.283   313.8771 2.0257e+03     0.8189     -0.054     -0.078    19.4098 0.0000e+00
     -0.055 4.0614e-08     5.8009     63.049     35.031  31.111206     0.6404      7.283   313.9305 1.9882e+03     0.8091     -0.053     -0.077    19.4078 0.0000e+00
     -0.055 4.4676e-07     5.7800     62.819     35.040  31.118135     0.6587      7.283   313.9132 1.9688e+03     0.8250     -0.054     -0.078    19.4059 0.0000e+00
     -0.055      0.000     5.7603     62.604     35.034  31.111866     0.6908      7.282   313.7537 1.9653e+03     0.8585     -0.054     -0.078    19.4040 0.0000e+00
     -0.055      0.000     5.7387     62.369     35.020  31.098907     0.6987      7.280   313.6371 1.9437e+03     0.8475     -0.053     -0.077    19.4023 0.0000e+00
     -0.055      0.001     5.7155     62.114     35.009  31.088472     0.6899      7.279   313.6226 1.8973e+03     0.8140     -0.054     -0.078    19.4005 0.0000e+00
     -0.055      0.002     5.6926     61.864     35.038  31.112716     0.6758      7.277   313.6635 1.8366e+03     0.8196     -0.054     -0.078    19.3990 0.0000e+00
     -0.054      0.002     5.6719     61.638     35.067  31.138005     0.6564      7.276   313.7872 1.7821e+03     0.8548     -0.054     -0.079    19.3983 0.0000e+00
     -0.053      0.001     5.6539     61.443     35.069  31.140200     0.6484      7.276   313.9142 1.8068e+03     0.8729     -0.052     -0.075    19.3975 0.0000e+00
     -0.052      0.001     5.6369     61.258     35.068  31.139259     0.6526      7.275   313.9087 1.9171e+03     0.8564     -0.049     -0.071    19.3960 0.0000e+00
     -0.052      0.001     5.6201     61.075     35.054  31.126629     0.6620      7.273   313.9782 2.0306e+03     0.8377     -0.051     -0.072    19.3942 0.0000e+00
     -0.053      0.000     5.6076     60.937     35.041  31.114502     0.6701      7.271   314.1522 2.1042e+03     0.8606     -0.053     -0.075    19.3933 0.0000e+00
     -0.054     -0.001     5.5976     60.827     35.048  31.119646     0.6676      7.271   314.2057 2.1404e+03     0.8890     -0.053     -0.077    19.3943 0.0000e+00
     -0.053     -0.001     5.5882     60.722     35.056  31.125314     0.6592      7.271   314.0235 2.1544e+03     0.8757     -0.053     -0.076    19.3948 0.0000e+00
     -0.052      0.000     5.5808     60.640     35.051  31.119532     0.6515      7.271   313.8420 2.1592e+03     0.8522     -0.051     -0.074    19.3937 0.0000e+00
     -0.052      0.000     5.5699     60.520     35.045  31.113242     0.6478      7.271   313.9905 2.1587e+03     0.8500     -0.051     -0.074    19.3920 0.0000e+00
     -0.053      0.000     5.5562     60.369     35.046  31.112765     0.6512      7.271   314.1842 2.1549e+03     0.8486     -0.052     -0.075    19.3903 0.0000e+00
     -0.053     -0.001     5.5434     60.227     35.049  31.113763     0.6556      7.270   314.2042 2.1519e+03     0.8347     -0.052     -0.076    19.3888 0.0000e+00
     -0.053     -0.001     5.5290     60.068     35.064  31.125305     0.6556      7.268   314.1474 2.1515e+03     0.7730     -0.053     -0.077    19.3871 0.0000e+00
     -0.053     -0.001     5.5124     59.885     35.065  31.125295     0.6503      7.266   314.0997 2.1545e+03     0.6828     -0.052     -0.076    19.3854 0.0000e+00
     -0.053     -0.000     5.4963     59.708     35.054  31.113644     0.6478      7.265   314.2290 2.1586e+03     0.6605     -0.053     -0.077    19.3833 0.0000e+00
     -0.053      0.001     5.4817     59.547     35.053  31.111446     0.6524      7.264   314.4207 2.1547e+03     0.6870     -0.052     -0.076    19.3814 0.0000e+00
     -0.053      0.001     5.4657     59.371     35.040  31.098721     0.6514      7.263   314.4381 2.1506e+03     0.6975     -0.053     -0.077    19.3792 0.0000e+00
     -0.053      0.001     5.4488     59.185     35.028  31.086801     0.6454      7.262   314.3532 2.1573e+03     0.7263     -0.053     -0.077    19.3772 0.0000e+00
     -0.052      0.001     5.4339     59.022     35.038  31.094340     0.6433      7.260   314.3406 2.1652e+03     0.8208     -0.051     -0.074    19.3756 0.0000e+00
     -0.051      0.001     5.4256     58.941     35.068  31.126367     0.6448      7.259   314.3720 2.1672e+03     0.8946     -0.050     -0.072    19.3733 0.0000e+00
     -0.052      0.001     5.4531     59.272     35.081  31.156500     0.6538      7.260   314.3882 2.1657e+03     0.8861     -0.051     -0.073    19.3710 0.0000e+00
     -0.053      0.001     5.5947     60.865     35.029  31.141159     0.6691      7.261   314.3649 2.1626e+03     0.8402     -0.052     -0.075    19.3695 0.0000e+00
     -0.053      0.000     5.9312     64.579     34.985  31.131449     0.6831      7.263   314.3488 2.1613e+03     0.8277     -0.052     -0.076    19.3674 0.0000e+00
     -0.052 1.8628e-08     6.4559     70.331     35.002  31.166149     0.6945      7.266   314.4518 2.1620e+03     0.8563     -0.051     -0.073    19.3672 0.0000e+00
     -0.052 2.0490e-07     7.0835     77.193     35.004  31.179687     0.6964      7.270   314.5778 2.1613e+03     0.8505     -0.050     -0.072    19.3937 0.0000e+00
     -0.052 2.0490e-07     7.7283     84.235     34.984  31.168130     0.6878      7.273   314.7534 2.1588e+03     0.8193     -0.051     -0.074    19.4482 0.0000e+00
     -0.052 1.8627e-08     8.3209     90.703     34.964  31.153441     0.6815      7.273   314.8536 2.1581e+03     0.8140     -0.051     -0.074    19.4930 0.0000e+00
     -0.052 1.6934e-09     8.7969     95.897     34.934  31.129107     0.6856      7.274   314.7568 2.1610e+03     0.8179     -0.051     -0.074    19.5189 0.0000e+00
     -0.052 1.5395e-10     9.1229     99.453     34.932  31.127945     0.7006      7.275   314.7019 2.1655e+03     0.8361     -0.051     -0.074    19.5344 0.0000e+00
     -0.052 1.3995e-11     9.2922    101.301     34.944  31.139385     0.7067      7.275   314.7916 2.1675e+03     0.8812     -0.051     -0.073    19.5423 0.0000e+00
     -0.052 1.2723e-12     9.3209    101.616     34.945  31.140415     0.6949      7.275   314.9815 2.1657e+03     0.9048     -0.051     -0.074    19.5466 0.0000e+00
     -0.052 1.1566e-13     9.2600    100.953     34.944  31.140395     0.6866      7.276   315.1910 2.1650e+03     0.9084     -0.052     -0.075    19.5490 0.0000e+00
     -0.052 1.0515e-14     9.1596     99.859     34.942  31.139154     0.6881      7.277   315.2602 2.1658e+03     0.8941     -0.051     -0.074    19.5506 0.0000e+00
     -0.052 9.5590e-16     9.0476     98.638     34.927  31.125413     0.6862      7.278   315.1298 2.1646e+03     0.8545     -0.052     -0.075    19.5512 0.0000e+00
