Data/DataNotYetUploadedToEDI/Raw_CTD/RawDownloads/050718_fcr45.cnv
* Sea-Bird SBE19plus  Data File:
* FileName = C:\DATA\050718_fcr_0004.hex
* Software version 2.6.3.104 SB_Terminal.dll
* Temperature SN = 7809
* Conductivity SN = 7809
* System UpLoad Time = May 07 2018 16:24:51
* <ApplicationData>
* <Seaterm232>
# nquan = 15
# nvalues = 925                         
# units = specified
# name 0 = depFM: Depth [fresh water, m]
# name 1 = dz/dtM: Descent Rate [m/s]
# name 2 = sbeox0Mg/L: Oxygen, SBE 43 [mg/l]
# name 3 = sbeox0PS: Oxygen, SBE 43 [% saturation]
# name 4 = specc: Specific Conductance [uS/cm]
# name 5 = c0uS/cm: Conductivity [uS/cm]
# name 6 = flECO-AFL: Fluorescence, WET Labs ECO-AFL/FL [mg/m^3]
# name 7 = ph: pH
# name 8 = orp: Oxidation Reduction Potential [mV]
# name 9 = par/sat/log: PAR/Logarithmic, Satlantic
# name 10 = turbWETntu0: Turbidity, WET Labs ECO [NTU]
# name 11 = prdM: Pressure, Strain Gauge [db]
# name 12 = prdE: Pressure, Strain Gauge [psi]
# name 13 = tv290C: Temperature [ITS-90, deg C]
# name 14 = flag:  0.000e+00
# span 0 =     -0.563,      6.152       
# span 1 =     -0.102,      0.164       
# span 2 =     5.4256,     9.8541       
# span 3 =     58.941,    101.616       
# span 4 =      0.591,     38.948       
# span 5 =   0.509660,  31.220312       
# span 6 =    -1.8319,     2.1916       
# span 7 =      6.619,     10.944       
# span 8 =   301.3746,  1240.2048       
# span 9 = 2.5278e+01, 2.3283e+03       
# span 10 =    -5.9052,     4.2871      
# span 11 =     -0.553,      6.036      
# span 12 =     -0.802,      8.755      
# span 13 =     8.7422,    19.5558      
# span 14 = 0.0000e+00, 0.0000e+00      
# interval = seconds: 0.25
# start_time = May 07 2018 15:39:05 [Instrument's time stamp, header]
# bad_flag = -9.990e-29
*END*
[from data line 772]
      4.172      0.057     7.0036     61.414     38.641  26.713372     1.0208      6.855   347.8386 8.8958e+01     0.9320      4.093      5.936     9.8317 0.0000e+00
      4.187      0.055     6.9861     61.169     38.680  26.691108     0.9837      6.852   347.9850 8.8276e+01     0.9187      4.107      5.957     9.7689 0.0000e+00
      4.201      0.051     6.9632     60.892     38.696  26.662030     0.9747      6.848   348.1635 8.7358e+01     0.9202      4.120      5.976     9.6930 0.0000e+00
      4.213      0.047     6.9397     60.627     38.675  26.615738     0.9586      6.845   348.2769 8.7258e+01     0.8892      4.131      5.992     9.6320 0.0000e+00
      4.223      0.044     6.9192     60.398     38.657  26.575839     0.9542      6.842   348.3236 8.5468e+01     0.8492      4.141      6.007     9.5633 0.0000e+00
      4.232      0.043     6.9050     60.224     38.674  26.560566     0.9577      6.839   348.4705 8.3733e+01     0.8629      4.151      6.020     9.4958 0.0000e+00
      4.242      0.043     6.8989     60.122     38.708  26.558045     0.9549      6.836   348.6764 8.3339e+01     0.8724      4.159      6.032     9.4436 0.0000e+00
      4.253      0.043     6.9061     60.144     38.721  26.545328     0.9301      6.831   348.7480 8.2279e+01     0.8416      4.171      6.050     9.4046 0.0000e+00
      4.265      0.042     6.9296     60.324     38.724  26.533774     0.8967      6.828   348.8197 8.1712e+01     0.8266      4.182      6.065     9.3718 0.0000e+00
      4.278      0.041     6.9726     60.682     38.754  26.545328     0.8911      6.826   348.8554 8.1338e+01     0.8430      4.194      6.084     9.3373 0.0000e+00
      4.289      0.040     7.0401     61.252     38.786  26.558019     0.8983      6.822   348.6629 8.0225e+01     0.8573      4.208      6.104     9.3016 0.0000e+00
      4.298      0.039     7.1271     61.988     38.805  26.560214     0.8924      6.819   348.5572 7.9352e+01     0.8478      4.215      6.114     9.2696 0.0000e+00
      4.306      0.039     7.2291     62.859     38.835  26.571863     0.8569      6.816   348.7818 7.8702e+01     0.8492      4.222      6.124     9.2560 0.0000e+00
      4.315      0.041     7.3429     63.842     38.839  26.571854     0.7998      6.812   348.9693 7.8063e+01     0.8742      4.232      6.138     9.2479 0.0000e+00
      4.325      0.044     7.4562     64.836     38.815  26.560101     0.7708      6.809   349.0177 7.7275e+01     0.8757      4.240      6.150     9.2351 0.0000e+00
      4.335      0.049     7.5603     65.764     38.794  26.556761     0.7641      6.806   349.1083 7.6505e+01     0.8671      4.251      6.166     9.2190 0.0000e+00
      4.349      0.053     7.6518     66.571     38.749  26.531485     0.7192      6.801   349.2056 7.5577e+01     0.8611      4.265      6.185     9.2067 0.0000e+00
      4.365      0.056     7.7258     67.196     38.728  26.508484     0.6410      6.796   349.3332 7.4868e+01     0.8648      4.280      6.207     9.2026 0.0000e+00
      4.382      0.057     7.7794     67.635     38.782  26.532633     0.6008      6.793   349.5337 7.4281e+01     0.8817      4.297      6.233     9.2058 0.0000e+00
      4.398      0.056     7.8107     67.900     38.841  26.569460     0.6008      6.789   349.9082 7.3454e+01     0.8518      4.313      6.256     9.2273 0.0000e+00
      4.412      0.053     7.8217     68.015     38.833  26.572779     0.5856      6.787   350.3332 7.2904e+01     0.8086      4.327      6.275     9.2431 0.0000e+00
      4.425      0.048     7.8213     68.050     38.807  26.572775     0.5457      6.786   350.4567 7.2263e+01     0.8174      4.340      6.294     9.2233 0.0000e+00
      4.436      0.044     7.8176     68.059     38.774  26.569435     0.5221      6.784   350.4557 7.1615e+01     0.8358      4.351      6.311     9.1980 0.0000e+00
      4.446      0.041     7.8114     68.025     38.705  26.532407     0.5296      6.781   350.5784 7.1393e+01     0.8476      4.360      6.323     9.1944 0.0000e+00
      4.455      0.038     7.8016     67.925     38.676  26.506066     0.5364      6.778   350.6500 7.1141e+01     0.8690      4.369      6.337     9.2077 0.0000e+00
      4.464      0.036     7.7881     67.778     38.696  26.504921     0.5307      6.775   350.7181 7.0724e+01     0.8809      4.378      6.350     9.2334 0.0000e+00
      4.474      0.036     7.7696     67.593     38.732  26.518547     0.5245      6.773   350.9726 7.0374e+01     0.8692      4.387      6.363     9.2640 0.0000e+00
      4.483      0.037     7.7457     67.366     38.783  26.543812     0.5264      6.772   351.2318 6.9734e+01     0.8490      4.397      6.378     9.2828 0.0000e+00
      4.491      0.038     7.7190     67.118     38.813  26.556406     0.5529      6.769   351.2703 6.9319e+01     0.8504      4.404      6.388     9.2679 0.0000e+00
      4.500      0.040     7.6911     66.858     38.807  26.543812     0.5872      6.765   351.1812 6.9163e+01     0.8557      4.412      6.399     9.2421 0.0000e+00
      4.510      0.043     7.6629     66.588     38.787  26.518529     0.6012      6.763   351.1866 6.8459e+01     0.8524      4.422      6.413     9.2311 0.0000e+00
      4.522      0.045     7.6362     66.328     38.787  26.504686     0.6030      6.762   351.2492 6.7946e+01     0.8718      4.434      6.430     9.2188 0.0000e+00
      4.535      0.048     7.6132     66.107     38.800  26.503417     0.5900      6.760   351.3365 6.7525e+01     0.8769      4.448      6.450     9.2074 0.0000e+00
      4.549      0.050     7.5943     65.927     38.811  26.503179     0.5642      6.759   351.5530 6.6763e+01     0.7923      4.461      6.470     9.2004 0.0000e+00
      4.561      0.052     7.5774     65.763     38.822  26.501796     0.5392      6.757   351.7160 6.6339e+01     0.6719      4.474      6.489     9.1829 0.0000e+00
      4.573      0.055     7.5643     65.622     38.820  26.486683     0.5266      6.754   351.8440 6.5934e+01     0.6424      4.485      6.505     9.1627 0.0000e+00
      4.586      0.059     7.5567     65.514     38.792  26.447423     0.5307      6.752   351.9825 6.5218e+01     0.6787      4.496      6.521     9.1506 0.0000e+00
      4.601      0.062     7.5522     65.424     38.772  26.408069     0.5436      6.750   351.9282 6.4462e+01     0.7447      4.511      6.543     9.1413 0.0000e+00
      4.618      0.063     7.5497     65.355     38.782  26.391804     0.5454      6.748   351.8758 6.3776e+01     0.8303      4.528      6.567     9.1330 0.0000e+00
      4.637      0.063     7.5515     65.340     38.784  26.377729     0.5332      6.746   352.0377 6.3261e+01     0.8602      4.548      6.596     9.1162 0.0000e+00
      4.657      0.061     7.5628     65.421     38.777  26.364862     0.5252      6.745   352.2505 6.2892e+01     0.8612      4.569      6.628     9.0879 0.0000e+00
      4.672      0.058     7.5876     65.633     38.777  26.363218     0.5128      6.745   352.2972 6.2464e+01     0.8735      4.583      6.647     9.0539 0.0000e+00
      4.684      0.055     7.6308     66.013     38.763  26.357854     0.4838      6.744   352.2582 6.2034e+01     0.8559      4.593      6.661     9.0180 0.0000e+00
      4.696      0.051     7.6958     66.578     38.771  26.363512     0.4602      6.743   352.3815 6.1850e+01     0.8317      4.607      6.680     9.0006 0.0000e+00
      4.708      0.049     7.7798     67.292     38.786  26.368129     0.4571      6.740   352.5830 6.1395e+01     0.8556      4.617      6.697     8.9917 0.0000e+00
      4.720      0.049     7.8766     68.113     38.771  26.350174     0.4458      6.738   352.6303 6.0608e+01     0.8706      4.628      6.712     8.9865 0.0000e+00
      4.734      0.050     7.9761     68.958     38.762  26.336899     0.4162      6.736   352.6097 6.0027e+01     0.8289      4.643      6.734     8.9991 0.0000e+00
      4.747      0.053     8.0695     69.757     38.764  26.334609     0.4016      6.733   352.7640 5.9513e+01     0.8093      4.656      6.752     9.0008 0.0000e+00
      4.759      0.057     8.1547     70.487     38.751  26.322479     0.4074      6.730   353.0325 5.9053e+01     0.8470      4.666      6.767     8.9900 0.0000e+00
      4.773      0.060     8.2308     71.130     38.753  26.317222     0.4126      6.728   353.1895 5.8587e+01     0.8272      4.680      6.787     8.9790 0.0000e+00
      4.790      0.062     8.2937     71.650     38.795  26.334539     0.4094      6.726   353.2851 5.7902e+01     0.7226      4.696      6.810     8.9683 0.0000e+00
      4.809      0.062     8.3411     72.036     38.820  26.341361     0.3971      6.725   353.4140 5.7243e+01     0.6507      4.716      6.840     8.9648 0.0000e+00
      4.826      0.061     8.3768     72.331     38.820  26.336201     0.3916      6.723   353.4580 5.6780e+01     0.6301      4.736      6.868     8.9636 0.0000e+00
      4.841      0.059     8.4039     72.558     38.824  26.335633     0.3984      6.721   353.4725 5.6331e+01     0.6261      4.748      6.886     8.9556 0.0000e+00
      4.855      0.056     8.4287     72.764     38.828  26.334488     0.4159      6.720   353.5895 5.5891e+01     0.6320      4.761      6.905     8.9383 0.0000e+00
      4.868      0.053     8.4541     72.969     38.819  26.322358     0.4463      6.719   353.7544 5.5495e+01     0.6400      4.774      6.925     8.9231 0.0000e+00
      4.880      0.053     8.4779     73.158     38.821  26.315956     0.4626      6.716   353.8307 5.4967e+01     0.6316      4.785      6.941     8.9173 0.0000e+00
      4.893      0.055     8.5030     73.359     38.839  26.320566     0.4651      6.714   353.8240 5.4422e+01     0.6219      4.797      6.958     8.9144 0.0000e+00
      4.907      0.057     8.5307     73.581     38.840  26.314595     0.4681      6.712   353.9322 5.3912e+01     0.6452      4.811      6.978     8.9111 0.0000e+00
      4.922      0.058     8.5603     73.821     38.839  26.307244     0.4622      6.712   354.0205 5.3306e+01     0.6693      4.825      6.999     8.9026 0.0000e+00
      4.939      0.058     8.5906     74.071     38.829  26.295178     0.4578      6.712   353.9452 5.2645e+01     0.6383      4.843      7.025     8.8909 0.0000e+00
      4.956      0.059     8.6204     74.320     38.835  26.295698     0.4611      6.711   353.9680 5.2173e+01     0.6060      4.862      7.051     8.8827 0.0000e+00
      4.970      0.060     8.6498     74.565     38.867  26.313526     0.4647      6.709   354.1238 5.1916e+01     0.6448      4.875      7.070     8.8729 0.0000e+00
      4.982      0.060     8.6773     74.788     38.886  26.320245     0.4645      6.707   354.2805 5.1570e+01     0.6799      4.885      7.086     8.8633 0.0000e+00
      4.996      0.061     8.7015     74.983     38.884  26.313424     0.4593      6.706   354.3995 5.1228e+01     0.6641      4.898      7.104     8.8582 0.0000e+00
      5.013      0.062     8.7235     75.168     38.860  26.294541     0.4569      6.705   354.4440 5.0971e+01     0.6376      4.915      7.130     8.8545 0.0000e+00
      5.031      0.064     8.7426     75.334     38.841  26.282420     0.4627      6.703   354.5606 5.0605e+01     0.6339      4.934      7.156     8.8502 0.0000e+00
      5.049      0.064     8.7535     75.429     38.856  26.293870     0.4655      6.701   354.7764 5.0187e+01     0.6192      4.951      7.180     8.8413 0.0000e+00
      5.066      0.063     8.7577     75.464     38.875  26.305981     0.4626      6.699   355.0750 4.9705e+01     0.5820      4.969      7.206     8.8314 0.0000e+00
      5.082      0.061     8.7625     75.501     38.872  26.301870     0.4646      6.696   355.4183 4.9188e+01     0.5810      4.984      7.228     8.8288 0.0000e+00
      5.096      0.059     8.7684     75.544     38.885  26.307651     0.4714      6.693   355.6578 4.8763e+01     0.6684      4.996      7.248     8.8320 0.0000e+00
      5.109      0.059     8.7752     75.596     38.896  26.312383     0.4803      6.688   355.9047 4.8320e+01     0.8146      5.010      7.267     8.8333 0.0000e+00
      5.124      0.060     8.7820     75.652     38.874  26.295583     0.4812      6.683   356.2530 4.7835e+01     0.8831      5.023      7.287     8.8326 0.0000e+00
      5.139      0.061     8.7874     75.695     38.875  26.295016     0.4723      6.677   356.6001 4.7339e+01     0.8861      5.038      7.309     8.8308 0.0000e+00
      5.155      0.062     8.7939     75.747     38.892  26.305519     0.4654      6.672   356.8319 4.6855e+01     0.8820      5.056      7.332     8.8252 0.0000e+00
      5.172      0.063     8.8026     75.820     38.879  26.295582     0.4614      6.667   356.9900 4.6360e+01     0.8638      5.072      7.355     8.8207 0.0000e+00
      5.189      0.065     8.8105     75.883     38.891  26.301860     0.4613      6.664   357.1355 4.5824e+01     0.8801      5.089      7.381     8.8199 0.0000e+00
      5.205      0.068     8.8162     75.926     38.919  26.317926     0.4638      6.661   357.2147 4.5407e+01     0.8965      5.105      7.405     8.8184 0.0000e+00
      5.219      0.069     8.8190     75.941     38.897  26.299351     0.4644      6.657   357.2590 4.5008e+01     0.8791      5.116      7.420     8.8162 0.0000e+00
      5.236      0.068     8.8191     75.934     38.855  26.267754     0.4689      6.655   357.2406 4.4452e+01     0.8526      5.131      7.442     8.8156 0.0000e+00
      5.258      0.064     8.8201     75.939     38.836  26.253361     0.4717      6.655   357.1644 4.3867e+01     0.8206      5.155      7.477     8.8130 0.0000e+00
      5.281      0.059     8.8205     75.943     38.835  26.252311     0.4701      6.655   357.1985 4.3373e+01     0.8270      5.182      7.516     8.8092 0.0000e+00
      5.296      0.055     8.8203     75.942     38.839  26.255064     0.4773      6.656   357.2230 4.3093e+01     0.8687      5.199      7.540     8.8047 0.0000e+00
      5.303      0.053     8.8213     75.951     38.885  26.286643     0.5039      6.657   357.1155 4.2977e+01     0.8678      5.202      7.544     8.7986 0.0000e+00
      5.308      0.053     8.8207     75.943     38.931  26.316648     0.5348      6.657   357.1034 4.2714e+01     0.8459      5.203      7.547     8.7970 0.0000e+00
      5.319      0.057     8.8182     75.913     38.911  26.300382     0.5373      6.656   357.2486 4.2291e+01     0.8489      5.214      7.563     8.7981 0.0000e+00
      5.337      0.065     8.8173     75.893     38.890  26.280452     0.5257      6.656   357.3231 4.1836e+01     0.8425      5.232      7.588     8.7982 0.0000e+00
      5.357      0.074     8.8165     75.876     38.876  26.266155     0.5234      6.656   357.2287 4.1293e+01     0.8902      5.253      7.618     8.7987 0.0000e+00
      5.380      0.081     8.8118     75.829     38.863  26.254507     0.5274      6.656   357.1403 4.0786e+01     0.9984      5.276      7.652     8.7985 0.0000e+00
      5.403      0.083     8.8058     75.776     38.881  26.266600     0.5286      6.656   357.1158 4.0369e+01     1.0521      5.299      7.686     8.7937 0.0000e+00
      5.425      0.083     8.8025     75.746     38.910  26.285385     0.5283      6.656   357.0183 3.9877e+01     1.0513      5.319      7.714     8.7859 0.0000e+00
      5.446      0.080     8.8035     75.751     38.921  26.291150     0.5335      6.657   356.9068 3.9342e+01     0.9888      5.341      7.746     8.7789 0.0000e+00
      5.467      0.076     8.8095     75.797     38.897  26.272793     0.5358      6.657   356.8866 3.8865e+01     0.9068      5.362      7.777     8.7755 0.0000e+00
      5.486      0.072     8.8163     75.852     38.871  26.253920     0.5377      6.657   356.9456 3.8441e+01     0.8834      5.380      7.803     8.7757 0.0000e+00
      5.503      0.069     8.8206     75.892     38.869  26.253448     0.5380      6.658   357.1042 3.7997e+01     0.8594      5.396      7.827     8.7755 0.0000e+00
