Data/DataNotYetUploadedToEDI/Raw_CTD/RawDownloads/050718_fcr10.cnv
* Sea-Bird SBE19plus  Data File:
* FileName = C:\DATA\050718_fcr_0001.hex
* Software version 2.6.3.104 SB_Terminal.dll
* Temperature SN = 7809
* Conductivity SN = 7809
* System UpLoad Time = May 07 2018 16:23:31
* <ApplicationData>
* <Seaterm232>
# nquan = 15
# nvalues = 691                         
# units = specified
# name 0 = depFM: Depth [fresh water, m]
# name 1 = dz/dtM: Descent Rate [m/s]
# name 2 = sbeox0Mg/L: Oxygen, SBE 43 [mg/l]
# name 3 = sbeox0PS: Oxygen, SBE 43 [% saturation]
# name 4 = specc: Specific Conductance [uS/cm]
# name 5 = c0uS/cm: Conductivity [uS/cm]
# name 6 = flECO-AFL: Fluorescence, WET Labs ECO-AFL/FL [mg/m^3]
# name 7 = ph: pH
# name 8 = orp: Oxidation Reduction Potential [mV]
# name 9 = par/sat/log: PAR/Logarithmic, Satlantic
# name 10 = turbWETntu0: Turbidity, WET Labs ECO [NTU]
# name 11 = prdM: Pressure, Strain Gauge [db]
# name 12 = prdE: Pressure, Strain Gauge [psi]
# name 13 = tv290C: Temperature [ITS-90, deg C]
# name 14 = flag:  0.000e+00
# span 0 =     -0.560,      2.440       
# span 1 =     -0.131,      0.235       
# span 2 =     5.4449,    11.8667       
# span 3 =     58.761,    116.938       
# span 4 =      0.834,     37.057       
# span 5 =   0.763165,  32.115306       
# span 6 =    -2.1820,     2.9786       
# span 7 =      5.150,      7.576       
# span 8 =  -647.6872,  1152.8364       
# span 9 = 1.3284e+02, 2.0287e+03       
# span 10 =    -5.6564,     2.7374      
# span 11 =     -0.550,      2.393      
# span 12 =     -0.797,      3.471      
# span 13 =    14.6350,    20.7384      
# span 14 = 0.0000e+00, 0.0000e+00      
# interval = seconds: 0.25
# start_time = May 07 2018 14:27:07 [Instrument's time stamp, header]
# bad_flag = -9.990e-29
*END*
[from data line 97]
     -0.068     -0.022     7.0479     75.771     35.322  30.986932     1.3555      7.099   244.6012 1.4668e+03     1.1414     -0.067     -0.097    18.8668 0.0000e+00
     -0.068     -0.009     7.0282     75.561     35.307  30.974834     1.3741      7.095   245.2359 1.4470e+03     1.1272     -0.065     -0.095    18.8597 0.0000e+00
     -0.068     -0.002     7.0109     75.377     35.311  30.979980     1.3767      7.087   245.8627 1.4956e+03     1.1924     -0.066     -0.096    18.8548 0.0000e+00
     -0.068      0.001     6.9973     75.237     35.315  30.985648     1.3683      7.077   246.3293 1.5397e+03     1.3195     -0.067     -0.097    18.8576 0.0000e+00
     -0.067      0.001     6.9898     75.163     35.306  30.979866     1.3652      7.070   246.5754 1.5456e+03     1.3820     -0.066     -0.094    18.8603 0.0000e+00
     -0.066      0.002     6.9895     75.163     35.296  30.973571     1.3658      7.070   246.7725 1.5463e+03     1.3688     -0.064     -0.093    18.8596 0.0000e+00
     -0.067      0.004     6.9961     75.237     35.294  30.973049     1.3665      7.077   246.9920 1.5532e+03     1.2815     -0.065     -0.095    18.8610 0.0000e+00
     -0.067      0.006     7.0098     75.387     35.293  30.973556     1.3655      7.087   247.1642 1.5491e+03     1.1497     -0.067     -0.096    18.8658 0.0000e+00
     -0.065      0.007     7.0258     75.565     35.296  30.979703     1.3627      7.097   247.3921 1.4497e+03     1.0879     -0.065     -0.094    18.8704 0.0000e+00
     -0.062      0.008     7.0384     75.710     35.297  30.983873     1.3593      7.103   247.5970 1.1057e+03     1.1139     -0.060     -0.088    18.8726 0.0000e+00
     -0.058      0.010     7.0442     75.778     35.267  30.960464     1.3613      7.107   247.7484 8.8300e+02     1.1291     -0.055     -0.081    18.8741 0.0000e+00
     -0.055      0.013     7.0399     75.737     35.254  30.950706     1.3590      7.108   247.9325 1.1625e+03     1.0887     -0.053     -0.078    18.8759 0.0000e+00
     -0.054      0.014     7.0253     75.584     35.299  30.992910     1.3499      7.103   248.1020 1.4552e+03     1.0824     -0.053     -0.077    18.8798 0.0000e+00
     -0.052      0.014     7.0022     75.341     35.334  31.026192     1.3526      7.097   248.4206 1.5022e+03     1.1140     -0.052     -0.076    18.8857 0.0000e+00
     -0.046      0.013     6.9703     75.006     35.340  31.035576     1.3640      7.096   248.8598 1.5058e+03     1.1352     -0.047     -0.067    18.8911 0.0000e+00
     -0.039      0.012     6.9310     74.590     35.345  31.042869     1.3870      7.098   249.1965 1.5090e+03     1.1555     -0.037     -0.052    18.8931 0.0000e+00
     -0.035      0.010     6.8880     74.133     35.351  31.050871     1.4195      7.103   249.5661 1.5038e+03     1.1462     -0.033     -0.048    18.8942 0.0000e+00
     -0.035      0.007     6.8419     73.642     35.369  31.068822     1.4355      7.108   249.9721 1.4430e+03     1.1140     -0.034     -0.050    18.8993 0.0000e+00
     -0.035      0.003     6.7914     73.103     35.367  31.069390     1.4326      7.113   250.4062 1.2084e+03     1.1324     -0.034     -0.050    18.9057 0.0000e+00
     -0.036      0.000     6.7378     72.530     35.352  31.057740     1.4304      7.115   250.8576 8.3403e+02     1.1548     -0.035     -0.051    18.9100 0.0000e+00
     -0.036     -0.001     6.6829     71.942     35.347  31.054978     1.4368      7.115   251.0422 5.4433e+02     1.1105     -0.036     -0.052    18.9133 0.0000e+00
     -0.036      0.000     6.6255     71.326     35.324  31.035997     1.4362      7.116   251.0887 4.2602e+02     1.0857     -0.035     -0.051    18.9161 0.0000e+00
     -0.036      0.002     6.5677     70.705     35.304  31.018773     1.4322      7.116   251.2486 4.7291e+02     1.1293     -0.035     -0.051    18.9188 0.0000e+00
     -0.037      0.005     6.5157     70.145     35.325  31.037247     1.4716      7.112   251.5123 6.9180e+02     1.2099     -0.034     -0.050    18.9219 0.0000e+00
     -0.037      0.007     6.4708     69.664     35.360  31.068838     1.5355      7.102   251.6963 9.2992e+02     1.2664     -0.038     -0.056    18.9243 0.0000e+00
     -0.035      0.007     6.4310     69.239     35.374  31.083194     1.5611      7.091   251.6661 1.0072e+03     1.2944     -0.037     -0.053    18.9261 0.0000e+00
     -0.029      0.006     6.3945     68.849     35.372  31.083818     1.5608      7.084   251.6631 9.8710e+02     1.3343     -0.027     -0.039    18.9272 0.0000e+00
     -0.024      0.004     6.3604     68.486     35.362  31.076380     1.5229      7.078   251.8327 1.1537e+03     1.2912     -0.021     -0.030    18.9258 0.0000e+00
     -0.024      0.003     6.3277     68.139     35.337  31.056771     1.4521      7.073   252.0822 1.5516e+03     1.2006     -0.023     -0.032    18.9272 0.0000e+00
     -0.028      0.001     6.2960     67.803     35.312  31.037257     1.4221      7.071   252.2699 1.8076e+03     1.1541     -0.029     -0.041    18.9316 0.0000e+00
     -0.030     -0.001     6.2651     67.474     35.302  31.030963     1.4258      7.074   252.4674 1.8407e+03     1.0956     -0.031     -0.045    18.9328 0.0000e+00
     -0.030     -0.002     6.2371     67.175     35.315  31.044184     1.4240      7.079   252.6642 1.8342e+03     1.0431     -0.030     -0.044    18.9346 0.0000e+00
     -0.029     -0.002     6.2121     66.910     35.343  31.070097     1.3811      7.085   252.7559 1.8250e+03     1.0379     -0.029     -0.042    18.9391 0.0000e+00
     -0.027     -0.003     6.1864     66.639     35.363  31.090245     1.2937      7.090   252.9744 1.8162e+03     1.0631     -0.026     -0.038    18.9435 0.0000e+00
     -0.027     -0.006     6.1593     66.351     35.368  31.097278     1.2397      7.095   253.3274 1.8059e+03     1.0736     -0.025     -0.036    18.9464 0.0000e+00
     -0.030     -0.008     6.1325     66.066     35.359  31.091619     1.2340      7.098   253.5824 1.7968e+03     1.0721     -0.027     -0.040    18.9483 0.0000e+00
     -0.035     -0.009     6.1067     65.792     35.350  31.085334     1.2431      7.095   253.6480 1.7897e+03     1.0758     -0.033     -0.048    18.9511 0.0000e+00
     -0.040     -0.009     6.0811     65.517     35.349  31.084804     1.2488      7.090   253.6910 1.7879e+03     1.0576     -0.041     -0.059    18.9552 0.0000e+00
     -0.042     -0.009     6.0554     65.242     35.348  31.085210     1.2385      7.088   253.8440 1.7962e+03     1.0356     -0.043     -0.063    18.9588 0.0000e+00
     -0.041     -0.008     6.0303     64.974     35.353  31.090244     1.2290      7.092   254.0346 1.8121e+03     1.0526     -0.039     -0.058    18.9619 0.0000e+00
     -0.040     -0.005     6.0046     64.696     35.343  31.082161     1.2167      7.098   254.2746 1.8221e+03     1.0810     -0.037     -0.055    18.9641 0.0000e+00
     -0.043     -0.003     5.9786     64.414     35.309  31.050985     1.2000      7.104   254.5089 1.7579e+03     1.1040     -0.041     -0.059    18.9642 0.0000e+00
     -0.047     -0.002     5.9568     64.176     35.288  31.030841     1.1919      7.110   254.6307 1.5992e+03     1.1476     -0.046     -0.068    18.9652 0.0000e+00
     -0.048     -0.002     5.9407     64.000     35.288  31.029129     1.1838      7.115   254.7147 1.4026e+03     1.1511     -0.048     -0.070    18.9676 0.0000e+00
     -0.047     -0.001     5.9296     63.879     35.290  31.030274     1.1576      7.117   254.8362 1.2745e+03     1.1151     -0.046     -0.066    18.9678 0.0000e+00
     -0.045      0.001     5.9229     63.807     35.307  31.044688     1.1227      7.115   254.9812 1.3403e+03     1.1092     -0.043     -0.063    18.9653 0.0000e+00
     -0.043      0.002     5.9198     63.777     35.341  31.076388     1.1113      7.113   255.1773 1.4796e+03     1.1110     -0.042     -0.062    18.9633 0.0000e+00
     -0.043      0.001     5.9190     63.772     35.361  31.096018     1.1112      7.115   255.4872 1.5414e+03     1.1058     -0.042     -0.061    18.9619 0.0000e+00
     -0.043      0.000     5.9169     63.752     35.354  31.091504     1.1212      7.119   255.8877 1.5214e+03     1.1069     -0.042     -0.061    18.9594 0.0000e+00
     -0.044     -0.001     5.9102     63.681     35.346  31.085324     1.1592      7.123   256.1487 1.3085e+03     1.0938     -0.043     -0.062    18.9583 0.0000e+00
     -0.044     -0.001     5.8967     63.538     35.344  31.084814     1.1846      7.124   256.2339 9.0658e+02     1.0703     -0.043     -0.062    18.9617 0.0000e+00
     -0.045     -0.002     5.8757     63.313     35.344  31.085336     1.1712      7.123   256.4009 5.8243e+02     1.0661     -0.044     -0.063    18.9659 0.0000e+00
     -0.045     -0.002     5.8487     63.024     35.349  31.091630     1.1536      7.123   256.6193 5.3182e+02     1.0740     -0.044     -0.064    18.9679 0.0000e+00
     -0.045     -0.001     5.8193     62.711     35.353  31.097413     1.1738      7.126   256.8102 7.0111e+02     1.0740     -0.044     -0.063    18.9687 0.0000e+00
     -0.046      0.000     5.7904     62.405     35.343  31.091743     1.2131      7.132   256.9877 9.1032e+02     1.0971     -0.044     -0.065    18.9698 0.0000e+00
     -0.046      0.001     5.7633     62.118     35.334  31.086595     1.2343      7.138   257.1307 1.0367e+03     1.1398     -0.046     -0.067    18.9710 0.0000e+00
     -0.045      0.001     5.7380     61.849     35.346  31.098682     1.2459      7.138   257.3356 1.0592e+03     1.1321     -0.045     -0.064    18.9723 0.0000e+00
     -0.044      0.001     5.7154     61.609     35.357  31.110864     1.2613      7.130   257.5721 1.0458e+03     1.0959     -0.043     -0.062    18.9761 0.0000e+00
     -0.044      0.001     5.6945     61.387     35.350  31.106869     1.2827      7.119   257.8386 1.0573e+03     1.0987     -0.042     -0.062    18.9809 0.0000e+00
     -0.044      0.001     5.6732     61.162     35.355  31.113891     1.3020      7.109   258.1488 1.1180e+03     1.1349     -0.043     -0.062    18.9847 0.0000e+00
     -0.045      0.001     5.6530     60.948     35.374  31.132271     1.3112      7.105   258.3114 1.2882e+03     1.1370     -0.044     -0.064    18.9879 0.0000e+00
     -0.045      0.000     5.6328     60.733     35.379  31.138580     1.2929      7.107   258.3424 1.5418e+03     1.0937     -0.044     -0.064    18.9906 0.0000e+00
     -0.044      0.000     5.6129     60.521     35.364  31.126660     1.2549      7.113   258.6086 1.7543e+03     1.0697     -0.043     -0.062    18.9933 0.0000e+00
     -0.044      0.000     5.5961     60.343     35.349  31.115174     1.2389      7.123   259.0352 1.8616e+03     1.0901     -0.042     -0.061    18.9965 0.0000e+00
     -0.044      0.001     5.5792     60.165     35.359  31.126718     1.2464      7.134   259.2852 1.8947e+03     1.1261     -0.043     -0.063    18.9995 0.0000e+00
     -0.045      0.001     5.5610     59.974     35.370  31.139220     1.2443      7.142   259.4799 1.9018e+03     1.1396     -0.044     -0.064    19.0017 0.0000e+00
     -0.045      0.000     5.5447     59.803     35.367  31.139324     1.2314      7.145   259.6681 1.9003e+03     1.1319     -0.044     -0.063    19.0037 0.0000e+00
     -0.044      0.000     5.5309     59.656     35.352  31.127976     1.2371      7.143   259.7533 1.8944e+03     1.1240     -0.043     -0.063    19.0068 0.0000e+00
     -0.043      0.001     5.5174     59.512     35.352  31.129035     1.2494      7.139   259.8223 1.8882e+03     1.1356     -0.041     -0.061    19.0107 0.0000e+00
     -0.043      0.002     5.5034     59.364     35.377  31.152130     1.2789      7.135   259.9862 1.8822e+03     1.1496     -0.042     -0.060    19.0149 0.0000e+00
     -0.044      0.002     5.4909     59.231     35.377  31.153180     1.3360      7.130   260.1860 1.8774e+03     1.1410     -0.043     -0.062    19.0187 0.0000e+00
     -0.044      0.001     5.4789     59.102     35.364  31.141729     1.3698      7.125   260.4314 1.8781e+03     1.1239     -0.044     -0.063    19.0210 0.0000e+00
     -0.043      0.000     5.4663     58.966     35.363  31.140697     1.3758      7.123   260.7173 1.8847e+03     1.1260     -0.042     -0.061    19.0222 0.0000e+00
     -0.042 -3.894e-07     5.4564     58.860     35.362  31.140707     1.3713      7.126   260.9750 1.8922e+03     1.1365     -0.039     -0.057    19.0238 0.0000e+00
     -0.042      0.000     5.4502     58.798     35.360  31.141852     1.3522      7.132   261.2238 1.8952e+03     1.1278     -0.040     -0.059    19.0260 0.0000e+00
     -0.043      0.000     5.4467     58.766     35.371  31.154545     1.3283      7.138   261.3165 1.8916e+03     1.1123     -0.043     -0.062    19.0262 0.0000e+00
     -0.044     -0.001     5.4462     58.766     35.381  31.167156     1.3124      7.144   261.4078 1.8855e+03     1.1020     -0.043     -0.063    19.0251 0.0000e+00
     -0.043     -0.001     5.4471     58.781     35.378  31.167326     1.3075      7.146   261.7251 1.8804e+03     1.0940     -0.042     -0.061    19.0260 0.0000e+00
     -0.043     -0.001     5.4469     58.783     35.363  31.156600     1.3065      7.145   262.0558 1.8759e+03     1.0772     -0.042     -0.061    19.0305 0.0000e+00
     -0.043      0.000     5.4449     58.765     35.225  31.037466     1.2994      7.141   262.3088 1.8737e+03     1.0813     -0.042     -0.061    19.0360 0.0000e+00
     -0.044 -2.015e-08     5.4453     58.761     34.968  30.806540     1.2957      7.136   262.5471 1.8759e+03     1.1134     -0.043     -0.062    19.0408 0.0000e+00
     -0.044 -2.217e-07     5.4703     58.985     34.821  30.650775     1.2984      7.132   262.7860 1.8815e+03     1.1301     -0.043     -0.063    19.0445 0.0000e+00
     -0.044 -2.217e-07     5.5888     60.174     34.837  30.614766     1.3040      7.131   262.9608 1.8864e+03     1.1308     -0.043     -0.063    19.0487 0.0000e+00
     -0.043 -2.013e-08     5.8932     63.359     34.906  30.625116     1.3089      7.131   263.0251 1.8868e+03     1.1214     -0.042     -0.063    19.0517 0.0000e+00
     -0.043 -1.527e-09     6.3958     68.698     34.971  30.648842     1.3015      7.131   263.1334 1.8803e+03     1.1074     -0.041     -0.061    19.0568 0.0000e+00
     -0.043 3.1923e-09     7.0110     75.270     34.989  30.647557     1.2980      7.131   263.3231 1.8593e+03     1.1153     -0.042     -0.060    19.0248 0.0000e+00
     -0.044 3.6932e-08     7.6461     82.072     34.954  30.609565     1.3130      7.134   263.4267 1.8104e+03     1.1244     -0.043     -0.062    18.9325 0.0000e+00
     -0.045 4.0642e-07     8.2354     88.389     34.913  30.570515     1.3351      7.139   263.4394 1.7274e+03     1.0954     -0.045     -0.064    18.8524 0.0000e+00
     -0.044      0.000     8.7300     93.686     34.902  30.556441     1.3546      7.148   263.5634 1.6250e+03     1.0702     -0.044     -0.063    18.8095 0.0000e+00
     -0.043      0.000     9.0961     97.601     34.920  30.566415     1.3644      7.158   263.8064 1.5598e+03     1.0946     -0.042     -0.061    18.7863 0.0000e+00
     -0.043      0.001     9.3091     99.876     34.921  30.564087     1.3525      7.167   263.9691 1.5718e+03     1.1156     -0.042     -0.061    18.7793 0.0000e+00
     -0.043      0.001     9.3714    100.536     34.883  30.528283     1.3304      7.173   264.0671 1.6078e+03     1.0797     -0.042     -0.061    18.7777 0.0000e+00
     -0.044      0.000     9.3295    100.076     34.872  30.514551     1.3177      7.177   264.2173 1.6292e+03     1.0572     -0.043     -0.063    18.7713 0.0000e+00
     -0.044 1.8474e-08     9.2397     99.104     34.888  30.525057     1.3094      7.183   264.4090 1.6541e+03     1.0881     -0.044     -0.063    18.7606 0.0000e+00
     -0.043 2.0321e-07     9.1360     97.988     34.893  30.528292     1.3032      7.189   264.5783 1.6507e+03     1.1171     -0.042     -0.060    18.7568 0.0000e+00
