Data/DataNotYetUploadedToEDI/Raw_CTD/RawDownloads/050718_fcr20.cnv
* Sea-Bird SBE19plus  Data File:
* FileName = C:\DATA\050718_fcr_0002.hex
* Software version 2.6.3.104 SB_Terminal.dll
* Temperature SN = 7809
* Conductivity SN = 7809
* System UpLoad Time = May 07 2018 16:23:56
* <ApplicationData>
* <Seaterm232>
# nquan = 15
# nvalues = 812                         
# units = specified
# name 0 = depFM: Depth [fresh water, m]
# name 1 = dz/dtM: Descent Rate [m/s]
# name 2 = sbeox0Mg/L: Oxygen, SBE 43 [mg/l]
# name 3 = sbeox0PS: Oxygen, SBE 43 [% saturation]
# name 4 = specc: Specific Conductance [uS/cm]
# name 5 = c0uS/cm: Conductivity [uS/cm]
# name 6 = flECO-AFL: Fluorescence, WET Labs ECO-AFL/FL [mg/m^3]
# name 7 = ph: pH
# name 8 = orp: Oxidation Reduction Potential [mV]
# name 9 = par/sat/log: PAR/Logarithmic, Satlantic
# name 10 = turbWETntu0: Turbidity, WET Labs ECO [NTU]
# name 11 = prdM: Pressure, Strain Gauge [db]
# name 12 = prdE: Pressure, Strain Gauge [psi]
# name 13 = tv290C: Temperature [ITS-90, deg C]
# name 14 = flag:  0.000e+00
# span 0 =     -0.556,      3.759       
# span 1 =     -0.109,      0.216       
# span 2 =     5.4300,    10.9849       
# span 3 =     54.282,    109.710       
# span 4 =      0.718,     38.625       
# span 5 =   0.621175,  30.706194       
# span 6 =    -0.4487,   250.9991       
# span 7 =      6.095,      7.495       
# span 8 =   257.3455,  1240.2295       
# span 9 = 3.6496e+01, 1.5689e+03       
# span 10 =    -5.8931,   831.8411      
# span 11 =     -0.545,      3.688      
# span 12 =     -0.792,      5.348      
# span 13 =    10.8391,    18.9836      
# span 14 = 0.0000e+00, 0.0000e+00      
# interval = seconds: 0.25
# start_time = May 07 2018 14:39:31 [Instrument's time stamp, header]
# bad_flag = -9.990e-29
*END*
[from data line 290]
     -0.050 -1.999e-09     8.7273     94.009     34.860  30.649174     0.8320      7.243   292.0447 1.4863e+03     0.8337     -0.049     -0.071    18.9555 0.0000e+00
     -0.050 -4.046e-08     8.7247     93.980     34.835  30.626175     0.8190      7.244   292.0530 1.4843e+03     0.8254     -0.049     -0.070    18.9553 0.0000e+00
     -0.050 -4.467e-07     8.7152     93.877     34.835  30.626270     0.8246      7.244   292.1135 1.4837e+03     0.8377     -0.049     -0.070    18.9553 0.0000e+00
     -0.050      0.000     8.7010     93.723     34.862  30.650319     0.8362      7.243   292.1734 1.4803e+03     0.8294     -0.049     -0.071    18.9554 0.0000e+00
     -0.050      0.000     8.6856     93.558     34.877  30.662917     0.8304      7.243   292.2615 1.4731e+03     0.8173     -0.049     -0.070    18.9552 0.0000e+00
     -0.050     -0.001     8.6734     93.427     34.864  30.651569     0.8285      7.243   292.4047 1.4684e+03     0.8134     -0.049     -0.070    18.9548 0.0000e+00
     -0.050     -0.002     8.6659     93.346     34.851  30.640126     0.8505      7.243   292.6137 1.4679e+03     0.8430     -0.048     -0.070    18.9545 0.0000e+00
     -0.050     -0.002     8.6603     93.286     34.864  30.651579     0.8746      7.243   292.7236 1.4703e+03     0.9014     -0.049     -0.071    18.9542 0.0000e+00
     -0.051     -0.001     8.6555     93.235     34.877  30.663031     0.8806      7.243   292.6142 1.4764e+03     0.9091     -0.050     -0.073    18.9541 0.0000e+00
     -0.053     -0.001     8.6496     93.171     34.863  30.651578     0.8876      7.243   292.5824 1.4837e+03     0.8754     -0.052     -0.076    18.9543 0.0000e+00
     -0.053     -0.001     8.6416     93.086     34.850  30.640127     0.9031      7.243   292.6837 1.4839e+03     0.8597     -0.053     -0.077    18.9541 0.0000e+00
     -0.052      0.000     8.6344     93.007     34.864  30.651589     0.9123      7.243   292.7197 1.4773e+03     0.8714     -0.050     -0.073    18.9544 0.0000e+00
     -0.051 -4.249e-07     8.6301     92.960     34.877  30.663146     0.9072      7.243   292.7598 1.4708e+03     0.8952     -0.049     -0.071    18.9549 0.0000e+00
     -0.051     -0.000     8.6299     92.958     34.866  30.652841     0.8964      7.243   292.8238 1.4671e+03     0.9033     -0.050     -0.073    18.9550 0.0000e+00
     -0.052     -0.000     8.6348     93.010     34.867  30.654004     0.8922      7.243   292.8063 1.4661e+03     0.8777     -0.051     -0.074    18.9551 0.0000e+00
     -0.052     -0.001     8.6439     93.109     34.893  30.677211     0.8935      7.242   292.8056 1.4645e+03     0.8606     -0.052     -0.075    18.9549 0.0000e+00
     -0.052     -0.001     8.6544     93.221     34.896  30.679406     0.8936      7.240   292.9018 1.4615e+03     0.8793     -0.051     -0.074    18.9546 0.0000e+00
     -0.052     -0.000     8.6641     93.326     34.897  30.680542     0.8931      7.237   293.0230 1.4594e+03     0.8907     -0.051     -0.074    18.9544 0.0000e+00
     -0.052 -1.847e-08     8.6736     93.429     34.909  30.690942     0.8968      7.235   293.1524 1.4596e+03     0.8761     -0.051     -0.074    18.9543 0.0000e+00
     -0.052 -2.032e-07     8.6796     93.493     34.894  30.678147     0.9111      7.233   293.2622 1.4620e+03     0.8558     -0.051     -0.074    18.9541 0.0000e+00
     -0.052 -2.032e-07     8.6794     93.491     34.864  30.652851     0.9368      7.232   293.4040 1.4625e+03     0.8580     -0.051     -0.074    18.9539 0.0000e+00
     -0.052 -1.847e-08     8.6770     93.466     34.849  30.639116     0.9502      7.232   293.5764 1.4605e+03     0.8721     -0.051     -0.073    18.9539 0.0000e+00
     -0.052 -1.680e-09     8.6745     93.440     34.849  30.639099     0.9533      7.232   293.6253 1.4583e+03     0.8742     -0.051     -0.073    18.9541 0.0000e+00
     -0.052 -1.527e-10     8.6723     93.417     34.864  30.652641     0.9562      7.233   293.6510 1.4558e+03     0.8829     -0.051     -0.074    18.9548 0.0000e+00
     -0.052 -1.388e-11     8.6748     93.443     34.890  30.675837     0.9582      7.234   293.7156 1.4514e+03     0.8860     -0.051     -0.074    18.9552 0.0000e+00
     -0.051 -1.262e-12     8.6818     93.518     34.879  30.665540     0.9676      7.234   293.7181 1.4460e+03     0.8805     -0.050     -0.073    18.9555 0.0000e+00
     -0.051 -1.147e-13     8.6905     93.612     34.868  30.655148     0.9686      7.234   293.7664 1.4444e+03     0.8788     -0.050     -0.073    18.9557 0.0000e+00
     -0.052 -1.043e-14     8.6998     93.711     34.893  30.677201     0.9610      7.234   293.8699 1.4435e+03     0.8648     -0.051     -0.074    18.9557 0.0000e+00
     -0.052 -9.480e-16     8.7041     93.758     34.894  30.678156     0.9585      7.234   293.9370 1.4394e+03     0.8633     -0.051     -0.073    18.9554 0.0000e+00
     -0.052 -8.620e-17     8.6993     93.706     34.880  30.666696     0.9569      7.233   294.0612 1.4335e+03     0.8608     -0.052     -0.075    18.9551 0.0000e+00
     -0.052 -7.835e-18     8.6884     93.589     34.879  30.665654     0.9603      7.232   294.1681 1.4287e+03     0.8345     -0.051     -0.074    18.9550 0.0000e+00
     -0.052 -7.119e-19     8.6774     93.471     34.879  30.665560     0.9625      7.232   294.1969 1.4286e+03     0.8195     -0.051     -0.073    18.9549 0.0000e+00
     -0.052 -6.363e-20     8.6707     93.399     34.879  30.665550     0.9384      7.233   294.3232 1.4288e+03     0.8330     -0.051     -0.074    18.9549 0.0000e+00
     -0.052 6.4721e-21     8.6687     93.377     34.879  30.665540     0.9071      7.233   294.4904 1.4261e+03     0.8754     -0.051     -0.073    18.9550 0.0000e+00
     -0.052 1.3539e-19     8.6669     93.357     34.879  30.665435     0.9059      7.234   294.5835 1.4209e+03     0.9054     -0.051     -0.074    18.9549 0.0000e+00
     -0.052 1.4952e-18     8.6618     93.302     34.878  30.664290     0.9144      7.235   294.5895 1.4142e+03     0.8894     -0.051     -0.074    18.9551 0.0000e+00
     -0.052 1.6447e-17     8.6571     93.252     34.863  30.651694     0.9093      7.235   294.4761 1.4086e+03     0.8657     -0.051     -0.074    18.9549 0.0000e+00
     -0.052 1.8092e-16     8.6571     93.252     34.850  30.640146     0.8993      7.233   294.4162 1.4066e+03     0.8627     -0.050     -0.072    18.9548 0.0000e+00
     -0.052 1.9901e-15     8.6589     93.272     34.863  30.651684     0.8946      7.230   294.5547 1.4065e+03     0.8844     -0.051     -0.073    18.9549 0.0000e+00
     -0.052 2.1891e-14     8.6583     93.266     34.878  30.664176     0.8984      7.225   294.7741 1.4057e+03     0.8838     -0.051     -0.074    18.9548 0.0000e+00
     -0.052 2.4080e-13     8.6541     93.221     34.878  30.664177     0.8993      7.220   294.9174 1.4059e+03     0.8554     -0.052     -0.075    18.9549 0.0000e+00
     -0.051 2.6488e-12     8.6477     93.153     34.863  30.651694     0.8959      7.215   294.9113 1.4083e+03     0.8765     -0.051     -0.073    18.9550 0.0000e+00
     -0.051 2.9137e-11     8.6396     93.067     34.849  30.640260     0.9029      7.211   294.8717 1.4098e+03     0.8950     -0.050     -0.072    18.9552 0.0000e+00
     -0.051 3.2051e-10     8.6279     92.943     34.863  30.652944     0.9105      7.209   294.9544 1.4080e+03     0.8655     -0.051     -0.073    18.9552 0.0000e+00
     -0.051 3.5256e-09     8.6098     92.748     34.892  30.678043     0.9140      7.206   295.0511 1.4031e+03     0.8850     -0.050     -0.072    18.9554 0.0000e+00
     -0.052 3.8782e-08     8.5843     92.473     34.905  30.689694     0.9272      7.204   295.0096 1.3996e+03     0.9485     -0.051     -0.073    18.9559 0.0000e+00
     -0.052 4.2660e-07     8.5558     92.164     34.879  30.666800     0.9420      7.202   294.9680 1.4013e+03     0.9623     -0.051     -0.074    18.9565 0.0000e+00
     -0.051      0.000     8.5283     91.868     34.866  30.655262     0.9546      7.199   294.9787 1.4022e+03     0.9297     -0.050     -0.073    18.9572 0.0000e+00
     -0.051      0.000     8.5015     91.580     34.890  30.677211     0.9697      7.195   294.9663 1.3967e+03     0.8904     -0.049     -0.072    18.9578 0.0000e+00
     -0.051      0.001     8.4737     91.283     34.890  30.678156     0.9690      7.192   294.9903 1.3482e+03     0.8526     -0.050     -0.071    18.9575 0.0000e+00
     -0.051      0.001     8.4491     91.021     34.876  30.666685     0.9540      7.191   295.0978 1.2036e+03     0.8388     -0.050     -0.073    18.9570 0.0000e+00
     -0.051      0.001     8.4324     90.841     34.875  30.665540     0.9547      7.191   295.2325 1.0411e+03     0.8462     -0.051     -0.073    18.9571 0.0000e+00
     -0.051      0.001     8.4230     90.739     34.874  30.664310     0.9681      7.192   295.2426 9.5734e+02     0.8496     -0.050     -0.072    18.9577 0.0000e+00
     -0.050      0.001     8.4205     90.711     34.860  30.651808     0.9785      7.194   295.1341 8.5184e+02     0.8493     -0.049     -0.071    18.9590 0.0000e+00
     -0.050      0.000     8.4223     90.729     34.849  30.641396     0.9879      7.196   295.0384 8.0615e+02     0.8428     -0.048     -0.070    18.9601 0.0000e+00
     -0.050 1.7088e-08     8.4278     90.786     34.877  30.665436     0.9991      7.201   295.0322 1.0056e+03     0.8326     -0.049     -0.072    18.9601 0.0000e+00
     -0.050 1.8797e-07     8.4384     90.901     34.903  30.688434     1.0129      7.206   295.2317 1.2354e+03     0.8476     -0.050     -0.071    18.9595 0.0000e+00
     -0.050 1.8797e-07     8.4516     91.044     34.877  30.665435     1.0258      7.211   295.5574 1.3205e+03     0.8720     -0.049     -0.071    18.9588 0.0000e+00
     -0.050 1.7088e-08     8.4645     91.184     34.850  30.641386     1.0259      7.214   295.6154 1.3453e+03     0.8527     -0.050     -0.073    18.9584 0.0000e+00
     -0.050 1.5535e-09     8.4712     91.256     34.861  30.651693     1.0241      7.216   295.5015 1.2808e+03     0.8277     -0.049     -0.072    18.9582 0.0000e+00
     -0.049 1.4225e-10     8.4726     91.270     34.874  30.663040     1.0315      7.217   295.4710 1.0104e+03     0.8448     -0.048     -0.070    18.9579 0.0000e+00
     -0.049 2.4165e-11     8.4731     91.274     34.861  30.651569     1.0324      7.220   295.4199 6.4679e+02     0.8761     -0.048     -0.070    18.9581 0.0000e+00
     -0.050 1.3743e-10     8.4691     91.230     34.848  30.640011     1.0263      7.224   295.3988 4.3492e+02     0.8709     -0.049     -0.071    18.9584 0.0000e+00
     -0.050 1.5117e-09     8.4612     91.143     34.861  30.650310     1.0216      7.227   295.3873 3.7657e+02     0.8433     -0.049     -0.071    18.9579 0.0000e+00
     -0.050 1.6629e-08     8.4491     91.011     34.860  30.649071     1.0220      7.229   295.3676 3.6061e+02     0.8472     -0.048     -0.070    18.9579 0.0000e+00
     -0.050 1.8292e-07     8.4358     90.866     34.834  30.625031     1.0406      7.229   295.4190 3.5605e+02     0.8567     -0.049     -0.071    18.9576 0.0000e+00
     -0.049 1.4932e-07     8.4307     90.811     34.821  30.613683     1.0714      7.230   295.4921 3.5675e+02     0.8367     -0.048     -0.070    18.9567 0.0000e+00
     -0.049 -3.895e-07     8.4391     90.901     34.850  30.638877     1.0817      7.230   295.5635 3.6185e+02     0.8187     -0.048     -0.070    18.9562 0.0000e+00
     -0.050      0.000     8.4542     91.063     34.892  30.675609     1.0823      7.230   295.6796 4.0521e+02     0.8530     -0.049     -0.072    18.9554 0.0000e+00
     -0.050      0.000     8.4631     91.158     34.894  30.676764     1.0886      7.230   295.7775 5.6626e+02     0.8842     -0.050     -0.072    18.9544 0.0000e+00
     -0.050     -0.001     8.4679     91.209     34.867  30.652840     1.0843      7.229   295.8005 8.2573e+02     0.8607     -0.049     -0.071    18.9535 0.0000e+00
     -0.050     -0.001     8.4698     91.229     34.853  30.640376     1.0768      7.229   295.8721 1.0471e+03     0.8427     -0.049     -0.071    18.9530 0.0000e+00
     -0.050      0.000     8.4651     91.177     34.868  30.653079     1.0795      7.230   296.0404 1.1219e+03     0.8501     -0.048     -0.070    18.9531 0.0000e+00
     -0.050      0.000     8.4567     91.087     34.898  30.679409     1.0891      7.230   296.2010 1.0532e+03     0.8591     -0.049     -0.071    18.9529 0.0000e+00
     -0.051     -0.001     8.4448     90.958     34.927  30.704706     1.0925      7.229   296.2661 9.6394e+02     0.8603     -0.050     -0.073    18.9523 0.0000e+00
     -0.051     -0.001     8.4298     90.798     34.927  30.704913     1.0833      7.229   296.2251 9.4249e+02     0.8339     -0.050     -0.073    18.9521 0.0000e+00
     -0.051     -0.001     8.4132     90.619     34.901  30.681915     1.0706      7.229   296.2212 9.5846e+02     0.7835     -0.050     -0.072    18.9520 0.0000e+00
     -0.051      0.000     8.3957     90.429     34.899  30.680667     1.0677      7.229   296.3046 9.8888e+02     0.8011     -0.050     -0.072    18.9516 0.0000e+00
     -0.051      0.001     8.3778     90.236     34.910  30.689818     1.0757      7.229   296.3740 1.0629e+03     0.8635     -0.050     -0.073    18.9514 0.0000e+00
     -0.051      0.001     8.3600     90.044     34.882  30.665552     1.0846      7.229   296.5439 1.1772e+03     0.8664     -0.050     -0.073    18.9514 0.0000e+00
     -0.050      0.001     8.3443     89.874     34.855  30.641295     1.0923      7.230   296.7230 1.2836e+03     0.8364     -0.049     -0.071    18.9515 0.0000e+00
     -0.049      0.001     8.3309     89.729     34.867  30.650550     1.0958      7.230   296.7326 1.3395e+03     0.8057     -0.047     -0.069    18.9518 0.0000e+00
     -0.050      0.001     8.3200     89.611     34.867  30.650445     1.0899      7.229   296.7464 1.3698e+03     0.8000     -0.048     -0.070    18.9515 0.0000e+00
     -0.050      0.001     8.3135     89.540     34.855  30.640024     1.0851      7.229   296.8037 1.4047e+03     0.8283     -0.049     -0.071    18.9510 0.0000e+00
     -0.049      0.000     8.3125     89.529     34.869  30.651569     1.0836      7.230   296.8234 1.4279e+03     0.8429     -0.048     -0.070    18.9504 0.0000e+00
     -0.049     -0.001     8.3160     89.566     34.882  30.663019     1.0718      7.230   296.8124 1.4391e+03     0.8234     -0.048     -0.070    18.9494 0.0000e+00
     -0.049     -0.001     8.3228     89.639     34.869  30.651454     1.0619      7.230   296.8432 1.4487e+03     0.8073     -0.048     -0.070    18.9489 0.0000e+00
     -0.050     -0.001     8.3321     89.739     34.854  30.638753     1.0740      7.230   296.9377 1.4563e+03     0.8305     -0.049     -0.071    18.9486 0.0000e+00
     -0.050     -0.002     8.3429     89.855     34.852  30.636464     1.0892      7.230   297.0080 1.4608e+03     0.8603     -0.049     -0.071    18.9484 0.0000e+00
     -0.051     -0.002     8.3542     89.976     34.838  30.623773     1.0899      7.231   297.0050 1.4649e+03     0.8622     -0.049     -0.072    18.9486 0.0000e+00
     -0.052     -0.002     8.3674     90.117     34.825  30.612323     1.0917      7.231   296.9882 1.4649e+03     0.8535     -0.051     -0.074    18.9485 0.0000e+00
     -0.052     -0.002     8.3822     90.277     34.839  30.625033     1.1019      7.231   297.0632 1.4629e+03     0.8462     -0.051     -0.074    18.9483 0.0000e+00
     -0.052     -0.002     8.3936     90.400     34.869  30.650435     1.1032      7.230   297.2226 1.4673e+03     0.8352     -0.050     -0.073    18.9477 0.0000e+00
     -0.052     -0.002     8.4001     90.470     34.886  30.665425     1.0973      7.229   297.2805 1.4762e+03     0.8123     -0.051     -0.074    18.9472 0.0000e+00
     -0.053     -0.001     8.4044     90.516     34.901  30.679271     1.0957      7.230   297.2470 1.4837e+03     0.7825     -0.052     -0.075    18.9470 0.0000e+00
