Data/DataNotYetUploadedToEDI/Raw_CTD/RawDownloads/050718_fcr20.cnv
* Sea-Bird SBE19plus  Data File:
* FileName = C:\DATA\050718_fcr_0002.hex
* Software version 2.6.3.104 SB_Terminal.dll
* Temperature SN = 7809
* Conductivity SN = 7809
* System UpLoad Time = May 07 2018 16:23:56
* <ApplicationData>
* <Seaterm232>
# nquan = 15
# nvalues = 812                         
# units = specified
# name 0 = depFM: Depth [fresh water, m]
# name 1 = dz/dtM: Descent Rate [m/s]
# name 2 = sbeox0Mg/L: Oxygen, SBE 43 [mg/l]
# name 3 = sbeox0PS: Oxygen, SBE 43 [% saturation]
# name 4 = specc: Specific Conductance [uS/cm]
# name 5 = c0uS/cm: Conductivity [uS/cm]
# name 6 = flECO-AFL: Fluorescence, WET Labs ECO-AFL/FL [mg/m^3]
# name 7 = ph: pH
# name 8 = orp: Oxidation Reduction Potential [mV]
# name 9 = par/sat/log: PAR/Logarithmic, Satlantic
# name 10 = turbWETntu0: Turbidity, WET Labs ECO [NTU]
# name 11 = prdM: Pressure, Strain Gauge [db]
# name 12 = prdE: Pressure, Strain Gauge [psi]
# name 13 = tv290C: Temperature [ITS-90, deg C]
# name 14 = flag:  0.000e+00
# span 0 =     -0.556,      3.759       
# span 1 =     -0.109,      0.216       
# span 2 =     5.4300,    10.9849       
# span 3 =     54.282,    109.710       
# span 4 =      0.718,     38.625       
# span 5 =   0.621175,  30.706194       
# span 6 =    -0.4487,   250.9991       
# span 7 =      6.095,      7.495       
# span 8 =   257.3455,  1240.2295       
# span 9 = 3.6496e+01, 1.5689e+03       
# span 10 =    -5.8931,   831.8411      
# span 11 =     -0.545,      3.688      
# span 12 =     -0.792,      5.348      
# span 13 =    10.8391,    18.9836      
# span 14 = 0.0000e+00, 0.0000e+00      
# interval = seconds: 0.25
# start_time = May 07 2018 14:39:31 [Instrument's time stamp, header]
# bad_flag = -9.990e-29
*END*
     -0.555     -0.001     9.1749     97.406      0.718   0.621175    -0.4334      6.095  1240.2295 1.6537e+02    -1.4650     -0.544     -0.789    18.2436 0.0000e+00
     -0.555     -0.001     9.1745     97.404      0.719   0.621722    -0.4487      6.099  1240.2295 1.7486e+02    -1.4831     -0.544     -0.790    18.2435 0.0000e+00
     -0.555      0.000     9.1742     97.402      0.872   0.754568    -0.4451      6.107  1240.2295 1.9958e+02    -1.3788     -0.544     -0.790    18.2437 0.0000e+00
     -0.556      0.005     9.1736     97.402      2.721   2.354230    -0.3252      6.148  1240.2295 2.6914e+02    -0.1428     -0.545     -0.791    18.2442 0.0000e+00
     -0.556      0.022     9.1689     97.393      8.697   7.532554    -0.0650      6.318  1240.2295 3.1515e+02     2.1402     -0.545     -0.792    18.2445 0.0000e+00
     -0.556      0.049     9.1559     97.393     18.857  16.361729     0.5690      6.650  1240.2294 2.7442e+02     3.3654     -0.544     -0.790    18.2451 0.0000e+00
     -0.554      0.075     9.1365     97.413     28.204  24.524117     6.3842      6.987  1240.2281 2.4775e+02     3.2272     -0.545     -0.791    18.2464 0.0000e+00
     -0.537      0.094     9.1179     97.428     30.786  26.821715    70.3482      7.207  1240.2139 2.7157e+02     0.3772     -0.543     -0.788    18.2471 0.0000e+00
     -0.488      0.099     9.1051     97.433     26.438  23.067799   187.5684      7.347  1240.0582 2.9808e+02    -4.7563     -0.484     -0.703    18.2486 0.0000e+00
     -0.430      0.091     9.0982     97.451     20.374  17.797084   250.9991      7.447  1238.3454 3.1506e+02    -5.8931     -0.407     -0.590    18.3158 0.0000e+00
     -0.399      0.072     9.0937     97.475     17.757  15.525873   250.9925      7.495  1219.5046 3.1756e+02    13.2753     -0.383     -0.554    18.4578 0.0000e+00
     -0.394      0.047     9.0889     97.484     20.077  17.568196   187.4705      7.492  1012.2555 3.0931e+02   227.2198     -0.382     -0.555    18.5736 0.0000e+00
     -0.403      0.022     9.0847     97.479     25.916  22.687877    70.0873      7.452   598.1905 2.9431e+02   619.3738     -0.394     -0.571    18.6384 0.0000e+00
     -0.414      0.007     9.0817     97.471     31.446  27.535018     6.0336      7.384   319.9056 2.7858e+02   831.6184     -0.408     -0.592    18.6794 0.0000e+00
     -0.420      0.007     9.0794     97.461     34.062  29.830116     0.2121      7.310   261.3229 2.7227e+02   831.8411     -0.415     -0.602    18.7167 0.0000e+00
     -0.415      0.013     9.0774     97.451     34.532  30.245641    -0.1157      7.253   257.3455 2.7415e+02   622.1887     -0.410     -0.594    18.7494 0.0000e+00
     -0.402      0.018     9.0755     97.441     32.022  28.050294     0.2318      7.207   257.7046 2.7722e+02   234.7796     -0.393     -0.570    18.7664 0.0000e+00
     -0.388      0.014     9.0720     97.418     26.217  22.969098     0.4438      7.161   257.6637 2.8321e+02    23.3814     -0.379     -0.550    18.7770 0.0000e+00
     -0.379      0.005     9.0672     97.398     24.172  21.186844     0.4902      7.116   258.5717 2.8644e+02     4.1797     -0.369     -0.536    18.7836 0.0000e+00
     -0.379      0.000     9.0630     97.395     29.058  25.482437     0.8568      7.074   259.7350 2.8134e+02     2.7671     -0.367     -0.534    18.7893 0.0000e+00
     -0.389      0.006     9.0610     97.399     33.648  29.514503     1.5316      7.032   259.9417 2.7741e+02     3.2193     -0.378     -0.550    18.7948 0.0000e+00
     -0.406      0.030     9.0609     97.408     34.855  30.575719     1.9046      6.997   259.6932 2.8545e+02     3.5433     -0.400     -0.581    18.7978 0.0000e+00
     -0.413      0.070     9.0592     97.411     34.980  30.693194     1.9379      6.976   259.6565 3.0180e+02     3.5720     -0.415     -0.603    18.8154 0.0000e+00
     -0.394      0.119     9.0569     97.430     34.949  30.680855     1.9066      6.966   260.4445 3.1356e+02     3.5047     -0.396     -0.575    18.8442 0.0000e+00
     -0.348      0.166     9.0619     97.529     34.930  30.680572     1.6359      6.962   261.6492 3.3767e+02     2.8211     -0.349     -0.506    18.8562 0.0000e+00
     -0.282      0.201     9.0783     97.737     34.928  30.689802     1.1648      6.962   262.7792 5.9722e+02     1.5939     -0.281     -0.408    18.8539 0.0000e+00
     -0.206      0.216     9.1057     98.051     34.893  30.665448     0.9159      6.964   263.7824 1.0233e+03     0.9352     -0.198     -0.287    18.8617 0.0000e+00
     -0.138      0.211     9.1434     98.466     34.860  30.640150     0.8964      6.965   264.4869 9.9075e+02     0.8689     -0.128     -0.186    18.8891 0.0000e+00
     -0.086      0.189     9.1885     98.956     34.856  30.637955     0.9110      6.965   264.9300 5.5527e+02     0.8529     -0.081     -0.118    18.9159 0.0000e+00
     -0.046      0.159     9.2363     99.468     34.858  30.638900     0.9357      6.964   265.3543 2.9537e+02     0.8631     -0.044     -0.063    18.9304 0.0000e+00
     -0.013      0.129     9.2822     99.960     34.874  30.651581     0.9379      6.963   265.6595 2.2681e+02     0.8704     -0.010     -0.015    18.9390 0.0000e+00
      0.013      0.107     9.3208    100.373     34.889  30.664271     0.9383      6.962   265.7800 1.8590e+02     0.8504      0.016      0.023    18.9448 0.0000e+00
      0.033      0.092     9.3456    100.638     34.890  30.665321     0.9498      6.962   266.0370 1.6531e+02     0.8350      0.034      0.049    18.9455 0.0000e+00
      0.052      0.079     9.3447    100.629     34.889  30.664272     0.9565      6.967   266.3587 1.6346e+02     0.8355      0.048      0.070    18.9428 0.0000e+00
      0.073      0.065     9.2972    100.119     34.874  30.651591     0.9642      6.977   266.6582 1.6705e+02     0.8269      0.071      0.103    18.9427 0.0000e+00
      0.094      0.049     9.1874     98.939     34.859  30.639003     0.9606      6.990   266.9912 1.6934e+02     0.8220      0.095      0.138    18.9417 0.0000e+00
      0.109      0.031     9.0199     97.136     34.859  30.639088     0.9495      7.002   267.2015 1.6954e+02     0.8378      0.110      0.160    18.9396 0.0000e+00
      0.115      0.011     8.8140     94.920     34.874  30.652621     0.9498      7.012   267.3939 1.6673e+02     0.8646      0.115      0.168    18.9402 0.0000e+00
      0.112     -0.011     8.5993     92.610     34.899  30.675611     0.9547      7.020   267.6831 1.5920e+02     0.8718      0.112      0.161    18.9416 0.0000e+00
      0.102     -0.035     8.4030     90.498     34.884  30.663033     0.9627      7.026   267.8595 1.5147e+02     0.8642      0.100      0.146    18.9423 0.0000e+00
      0.091     -0.056     8.2338     88.678     34.842  30.627562     0.9638      7.031   267.8910 1.7008e+02     0.8639      0.089      0.131    18.9428 0.0000e+00
      0.076     -0.076     8.0939     87.174     34.842  30.627772     0.9591      7.037   267.9778 3.3337e+02     0.8679      0.079      0.113    18.9438 0.0000e+00
      0.055     -0.093     7.9830     85.982     34.884  30.665572     0.9614      7.046   268.1347 5.7480e+02     0.8825      0.056      0.081    18.9447 0.0000e+00
      0.027     -0.105     7.8917     84.999     34.927  30.703561     0.9635      7.055   268.2395 7.9414e+02     0.8882      0.028      0.040    18.9453 0.0000e+00
     -0.005     -0.109     7.8122     84.140     34.930  30.706059     0.9661      7.059   268.3849 1.0877e+03     0.8759     -0.001     -0.003    18.9469 0.0000e+00
     -0.042     -0.100     7.7400     83.359     34.920  30.695772     0.9657      7.059   268.6877 1.3063e+03     0.8559     -0.041     -0.060    18.9489 0.0000e+00
     -0.077     -0.071     7.6675     82.577     34.933  30.706194     0.9581      7.059   268.9752 1.3791e+03     0.8594     -0.081     -0.119    18.9495 0.0000e+00
     -0.100     -0.023     7.5913     81.757     34.932  30.705050     0.9574      7.063   269.1081 1.1515e+03     0.8881     -0.103     -0.149    18.9503 0.0000e+00
     -0.110      0.032     7.5212     81.004     34.904  30.681938     0.9572      7.068   269.0042 6.0857e+02     0.8669     -0.114     -0.164    18.9495 0.0000e+00
     -0.098      0.083     7.4675     80.434     34.899  30.680782     0.9651      7.073   268.7517 2.9232e+02     0.8169     -0.111     -0.161    18.9452 0.0000e+00
     -0.054      0.120     7.4328     80.070     34.906  30.691067     0.9973      7.078   268.7222 2.4218e+02     0.8022     -0.062     -0.089    18.9448 0.0000e+00
      0.009      0.137     7.4234     79.978     34.888  30.679291     1.0160      7.083   268.9052 1.9898e+02     0.8107      0.015      0.022    18.9463 0.0000e+00
      0.063      0.134     7.4438     80.201     34.871  30.665426     1.0165      7.087   269.0716 1.7068e+02     0.8287      0.070      0.102    18.9468 0.0000e+00
      0.097      0.114     7.4838     80.628     34.856  30.650433     1.0213      7.091   269.2721 1.6205e+02     0.8371      0.100      0.145    18.9510 0.0000e+00
      0.116      0.082     7.5295     81.110     34.831  30.625032     1.0189      7.095   269.5212 1.6077e+02     0.8510      0.116      0.169    18.9584 0.0000e+00
      0.125      0.051     7.5718     81.555     34.821  30.612322     1.0158      7.099   269.7607 1.6292e+02     0.8740      0.124      0.180    18.9656 0.0000e+00
      0.128      0.027     7.6047     81.896     34.841  30.623764     1.0208      7.102   269.9316 1.7002e+02     0.8720      0.126      0.182    18.9674 0.0000e+00
      0.130      0.012     7.6241     82.091     34.862  30.636351     1.0234      7.104   270.0391 1.7869e+02     0.8567      0.126      0.184    18.9643 0.0000e+00
      0.133      0.002     7.6277     82.117     34.869  30.637496     1.0196      7.109   270.1999 1.8365e+02     0.8422      0.130      0.189    18.9587 0.0000e+00
      0.134     -0.003     7.6179     82.002     34.874  30.637600     1.0211      7.114   270.3259 1.8784e+02     0.8482      0.132      0.192    18.9518 0.0000e+00
      0.131     -0.006     7.6039     81.844     34.878  30.637609     1.0234      7.119   270.3586 1.9162e+02     0.8692      0.130      0.189    18.9433 0.0000e+00
      0.125     -0.007     7.5947     81.736     34.882  30.637601     1.0004      7.123   270.5086 1.9521e+02     0.8512      0.123      0.178    18.9341 0.0000e+00
      0.120     -0.010     7.5904     81.680     34.887  30.637497     0.9647      7.125   270.6775 1.9485e+02     0.8144      0.116      0.168    18.9265 0.0000e+00
      0.119     -0.020     7.5851     81.611     34.891  30.636343     0.9501      7.128   270.7668 1.9246e+02     0.8212      0.116      0.169    18.9215 0.0000e+00
      0.122     -0.035     7.5736     81.478     34.881  30.623642     0.9518      7.132   270.8995 1.9203e+02     0.8420      0.119      0.174    18.9168 0.0000e+00
      0.121     -0.051     7.5579     81.303     34.870  30.610942     0.9487      7.138   270.9915 1.9233e+02     0.8521      0.123      0.179    18.9115 0.0000e+00
      0.106     -0.068     7.5457     81.166     34.871  30.609798     0.9302      7.144   271.1047 1.9968e+02     0.8515      0.112      0.162    18.9051 0.0000e+00
      0.077     -0.081     7.5413     81.114     34.873  30.609807     0.9037      7.150   271.2348 2.1853e+02     0.8349      0.077      0.111    18.8974 0.0000e+00
      0.043     -0.085     7.5399     81.096     34.876  30.611047     0.8860      7.155   271.2747 2.4340e+02     0.8343      0.040      0.058    18.8921 0.0000e+00
      0.013     -0.079     7.5329     81.019     34.893  30.624788     0.8820      7.159   271.4157 2.5448e+02     0.8445      0.012      0.016    18.8889 0.0000e+00
     -0.010     -0.064     7.5183     80.860     34.921  30.648932     0.8547      7.160   271.6482 2.5289e+02     0.8365     -0.013     -0.019    18.8856 0.0000e+00
     -0.023     -0.046     7.5002     80.668     34.920  30.648942     0.7854      7.162   271.8490 2.5586e+02     0.7977     -0.028     -0.042    18.8821 0.0000e+00
     -0.024     -0.030     7.4788     80.444     34.890  30.624913     0.7434      7.166   272.1230 2.5976e+02     0.7722     -0.025     -0.036    18.8802 0.0000e+00
     -0.020     -0.016     7.4538     80.180     34.873  30.612430     0.7513      7.170   272.3796 2.6026e+02     0.8031     -0.017     -0.024    18.8790 0.0000e+00
     -0.023     -0.004     7.4335     79.966     34.886  30.625026     0.7706      7.170   272.4575 2.6040e+02     0.8354     -0.021     -0.031    18.8780 0.0000e+00
     -0.030      0.001     7.4275     79.902     34.913  30.650202     0.7833      7.166   272.5481 2.6444e+02     0.8269     -0.031     -0.045    18.8798 0.0000e+00
     -0.033      0.000     7.4363     79.999     34.926  30.662798     0.7757      7.164   272.7005 2.9276e+02     0.8227     -0.037     -0.053    18.8834 0.0000e+00
     -0.028     -0.003     7.4536     80.187     34.911  30.650316     0.7616      7.165   272.7508 5.3549e+02     0.8454     -0.028     -0.041    18.8874 0.0000e+00
     -0.019     -0.003     7.4682     80.344     34.884  30.626296     0.7598      7.169   272.8123 9.8609e+02     0.8577     -0.014     -0.021    18.8896 0.0000e+00
     -0.019     -0.003     7.4703     80.366     34.884  30.626400     0.7632      7.172   273.0141 1.2454e+03     0.8491     -0.013     -0.020    18.8900 0.0000e+00
     -0.028     -0.003     7.4546     80.196     34.914  30.651575     0.7658      7.175   273.2971 1.2758e+03     0.8329     -0.028     -0.042    18.8913 0.0000e+00
     -0.036     -0.004     7.4181     79.802     34.943  30.676655     0.7632      7.178   273.5680 1.2951e+03     0.8148     -0.040     -0.057    18.8930 0.0000e+00
     -0.036     -0.004     7.3610     79.187     34.943  30.675605     0.7412      7.179   273.7937 1.1416e+03     0.8123     -0.037     -0.053    18.8926 0.0000e+00
     -0.031     -0.002     7.2898     78.422     34.901  30.638883     0.7119      7.180   273.9609 7.1846e+02     0.8339     -0.029     -0.043    18.8923 0.0000e+00
     -0.029      0.002     7.2155     77.624     34.871  30.613700     0.6933      7.181   274.0414 3.7445e+02     0.8621     -0.027     -0.039    18.8914 0.0000e+00
     -0.029      0.003     7.1460     76.876     34.884  30.625141     0.6808      7.182   274.0784 2.7425e+02     0.8782     -0.028     -0.040    18.8897 0.0000e+00
     -0.030      0.002     7.0814     76.180     34.913  30.650211     0.6813      7.182   274.1504 2.5983e+02     0.8769     -0.030     -0.043    18.8900 0.0000e+00
     -0.031      0.000     7.0207     75.525     34.928  30.662788     0.6903      7.182   274.2242 2.5180e+02     0.8770     -0.030     -0.044    18.8908 0.0000e+00
     -0.031      0.000     6.9636     74.910     34.914  30.650190     0.6973      7.184   274.2814 2.4638e+02     0.9097     -0.030     -0.044    18.8914 0.0000e+00
     -0.030      0.001     6.9083     74.314     34.887  30.624912     0.7022      7.186   274.4125 2.4649e+02     0.9060     -0.030     -0.043    18.8915 0.0000e+00
     -0.029      0.001     6.8523     73.710     34.872  30.611182     0.7028      7.189   274.6905 2.5544e+02     0.8320     -0.028     -0.041    18.8908 0.0000e+00
     -0.028      0.001     6.7948     73.090     34.872  30.611183     0.7050      7.192   274.9759 2.6580e+02     0.8081     -0.028     -0.040    18.8898 0.0000e+00
     -0.028      0.000     6.7383     72.480     34.889  30.624923     0.7102      7.193   275.1097 2.7346e+02     0.8312     -0.028     -0.040    18.8889 0.0000e+00
     -0.029      0.000     6.6830     71.884     34.919  30.650306     0.7112      7.193   275.1892 3.4906e+02     0.8370     -0.029     -0.042    18.8881 0.0000e+00
     -0.029     -0.001     6.6278     71.289     34.935  30.664046     0.7078      7.193   275.2492 6.5725e+02     0.8477     -0.029     -0.042    18.8872 0.0000e+00
     -0.029     -0.001     6.5764     70.736     34.935  30.664046     0.7243      7.195   275.3184 1.0992e+03     0.8688     -0.029     -0.042    18.8861 0.0000e+00
