Data/DataNotYetUploadedToEDI/Raw_CTD/RawDownloads/050718_fcr10.cnv
* Sea-Bird SBE19plus  Data File:
* FileName = C:\DATA\050718_fcr_0001.hex
* Software version 2.6.3.104 SB_Terminal.dll
* Temperature SN = 7809
* Conductivity SN = 7809
* System UpLoad Time = May 07 2018 16:23:31
* <ApplicationData>
* <Seaterm232>
# nquan = 15
# nvalues = 691                         
# units = specified
# name 0 = depFM: Depth [fresh water, m]
# name 1 = dz/dtM: Descent Rate [m/s]
# name 2 = sbeox0Mg/L: Oxygen, SBE 43 [mg/l]
# name 3 = sbeox0PS: Oxygen, SBE 43 [% saturation]
# name 4 = specc: Specific Conductance [uS/cm]
# name 5 = c0uS/cm: Conductivity [uS/cm]
# name 6 = flECO-AFL: Fluorescence, WET Labs ECO-AFL/FL [mg/m^3]
# name 7 = ph: pH
# name 8 = orp: Oxidation Reduction Potential [mV]
# name 9 = par/sat/log: PAR/Logarithmic, Satlantic
# name 10 = turbWETntu0: Turbidity, WET Labs ECO [NTU]
# name 11 = prdM: Pressure, Strain Gauge [db]
# name 12 = prdE: Pressure, Strain Gauge [psi]
# name 13 = tv290C: Temperature [ITS-90, deg C]
# name 14 = flag:  0.000e+00
# span 0 =     -0.560,      2.440       
# span 1 =     -0.131,      0.235       
# span 2 =     5.4449,    11.8667       
# span 3 =     58.761,    116.938       
# span 4 =      0.834,     37.057       
# span 5 =   0.763165,  32.115306       
# span 6 =    -2.1820,     2.9786       
# span 7 =      5.150,      7.576       
# span 8 =  -647.6872,  1152.8364       
# span 9 = 1.3284e+02, 2.0287e+03       
# span 10 =    -5.6564,     2.7374      
# span 11 =     -0.550,      2.393      
# span 12 =     -0.797,      3.471      
# span 13 =    14.6350,    20.7384      
# span 14 = 0.0000e+00, 0.0000e+00      
# interval = seconds: 0.25
# start_time = May 07 2018 14:27:07 [Instrument's time stamp, header]
# bad_flag = -9.990e-29
*END*
     -0.560 2.4158e-18     8.7826     98.017      0.847   0.774570     0.0261      5.986  1037.0103 1.4543e+03     0.2597     -0.549     -0.796    20.7348 0.0000e+00
     -0.559 2.6574e-17     8.7812     98.003      0.834   0.763165     0.0276      6.049   839.4714 1.4371e+03     0.2629     -0.548     -0.796    20.7355 0.0000e+00
     -0.559 2.9231e-16     8.7812     98.002      0.847   0.774876     0.0316      6.152   577.3921 1.4052e+03     0.3307     -0.548     -0.795    20.7363 0.0000e+00
     -0.559 3.2154e-15     8.7822     98.012      0.863   0.789341     0.0097      6.195   324.9974 1.1348e+03     0.9281     -0.548     -0.795    20.7370 0.0000e+00
     -0.559 3.5370e-14     8.7812     97.997      0.887   0.811238    -0.0254      6.157    88.3920 6.8626e+02     2.0535     -0.548     -0.795    20.7378 0.0000e+00
     -0.559 3.8907e-13     8.7805     97.985      0.928   0.849390    -0.0346      6.104  -117.6033 6.1824e+02     2.7067     -0.548     -0.795    20.7384 0.0000e+00
     -0.560 4.2797e-12     8.7807     97.981      0.952   0.870154    -0.0367      6.072  -286.4912 7.9322e+02     2.7217     -0.549     -0.797    20.7383 0.0000e+00
     -0.560 4.7077e-11     8.7801     97.969      0.954   0.872062    -0.0790      6.042  -472.1064 7.6614e+02     2.0218     -0.549     -0.796    20.7374 0.0000e+00
     -0.560 5.1785e-10     8.7802     97.967      0.954   0.872453    -0.1420      5.990  -645.4635 7.7866e+02     0.7444     -0.549     -0.796    20.7360 0.0000e+00
     -0.560 5.6963e-09     8.7811     97.972      0.957   0.874883    -0.1644      5.957  -377.5651 9.2289e+02     0.0938     -0.549     -0.796    20.7336 0.0000e+00
     -0.560 6.2659e-08     8.7810     97.960      0.986   0.901435    -0.1569      5.967   433.2158 9.9058e+02     0.0457     -0.549     -0.796    20.7307 0.0000e+00
     -0.560 6.8925e-07     8.7810     97.940      1.028   0.939849    -0.1887      6.154   958.4221 1.0626e+03    -0.4473     -0.549     -0.796    20.7275 0.0000e+00
     -0.559      0.000     8.7828     97.935      1.049   0.958860    -0.2537      6.322   603.1221 1.0915e+03    -1.3504     -0.548     -0.795    20.7258 0.0000e+00
     -0.559      0.000     8.7845     97.930      1.100   1.004474    -0.2907      6.014  -163.8585 8.8122e+02    -1.8398     -0.548     -0.795    20.7239 0.0000e+00
     -0.559      0.001     8.7872     97.920      1.217   1.110876    -0.3420      5.575  -647.6872 7.9514e+02    -2.0008     -0.548     -0.795    20.7201 0.0000e+00
     -0.559      0.005     8.8018     97.916      1.774   1.611221    -0.8288      5.278  -370.2762 1.0268e+03    -2.9916     -0.548     -0.795    20.7071 0.0000e+00
     -0.559      0.016     8.8400     97.919      6.488   5.849233    -1.7099      5.150   578.7438 1.1618e+03    -4.7251     -0.548     -0.795    20.6952 0.0000e+00
     -0.559      0.033     8.8921     97.926     17.958  16.129403    -2.1820      5.369  1152.8364 1.1277e+03    -5.6564     -0.548     -0.795    20.6789 0.0000e+00
     -0.556      0.057     8.9371     97.931     29.503  26.414962    -2.1622      5.734   932.4461 1.0896e+03    -5.6455     -0.550     -0.797    20.6764 0.0000e+00
     -0.543      0.085     8.9692     97.936     34.670  30.944869    -1.4252      6.189   434.6293 1.1016e+03    -4.3801     -0.540     -0.783    20.6396 0.0000e+00
     -0.514      0.117     8.9922     97.936     35.500  31.600133    -0.0529      6.688   165.0088 1.2197e+03    -2.0144     -0.507     -0.735    20.3909 0.0000e+00
     -0.474      0.152     9.0103     97.934     35.373  31.416308     0.6999      7.043   146.9759 1.4252e+03    -0.7246     -0.465     -0.675    20.0331 0.0000e+00
     -0.430      0.185     9.0287     97.940     35.207  31.199062     0.7749      7.247   151.2905 1.6184e+03    -0.6253     -0.423     -0.613    19.7812 0.0000e+00
     -0.381      0.213     9.0508     97.980     35.141  31.069135     0.7909      7.347   159.6165 1.7583e+03    -0.5705     -0.378     -0.548    19.6166 0.0000e+00
     -0.324      0.230     9.0809     98.135     35.190  31.051943     0.8376      7.391   169.4353 1.8712e+03    -0.0616     -0.321     -0.465    19.4927 0.0000e+00
     -0.256      0.235     9.1225     98.462     35.314  31.118128     0.9255      7.395   178.1198 1.9427e+03     0.8284     -0.253     -0.367    19.4026 0.0000e+00
     -0.182      0.227     9.1730     98.924     35.479  31.234234     0.9805      7.360   185.2910 1.9691e+03     1.3088     -0.178     -0.259    19.3081 0.0000e+00
     -0.113      0.205     9.2298     99.484     35.589  31.312574     0.9888      7.301   189.2036 1.9786e+03     1.3525     -0.104     -0.150    19.1950 0.0000e+00
     -0.059      0.171     9.2899    100.098     35.592  31.303197     0.9793      7.245   190.1504 1.9587e+03     1.2956     -0.052     -0.074    19.1059 0.0000e+00
     -0.022      0.133     9.3428    100.645     35.538  31.247864     0.9670      7.205   191.6624 1.7753e+03     1.1710     -0.018     -0.027    19.0481 0.0000e+00
      0.002      0.098     9.3843    101.071     35.438  31.151609     0.9687      7.174   195.6975 1.5334e+03     1.0970      0.008      0.010    19.0075 0.0000e+00
      0.012      0.073     9.4161    101.388     35.308  31.028502     0.9728      7.138   201.0810 1.5103e+03     1.1016      0.014      0.020    18.9832 0.0000e+00
      0.017      0.055     9.4277    101.488     35.247  30.966027     0.9705      7.097   205.6467 1.4859e+03     1.1049      0.013      0.019    18.9682 0.0000e+00
      0.027      0.040     9.3941    101.103     35.258  30.967798     0.9678      7.054   207.7089 1.1926e+03     1.0768      0.025      0.036    18.9586 0.0000e+00
      0.044      0.022     9.3101    100.177     35.288  30.986403     0.9677      7.012   207.2592 9.4674e+02     1.0659      0.044      0.063    18.9491 0.0000e+00
      0.059      0.000     9.2008     98.987     35.310  31.000440     0.9788      6.975   206.7482 9.7143e+02     1.0954      0.062      0.090    18.9345 0.0000e+00
      0.064     -0.025     9.0647     97.525     35.320  31.010503     1.0005      6.948   207.2088 9.6659e+02     1.1286      0.070      0.101    18.9230 0.0000e+00
      0.052     -0.047     8.8866     95.633     35.420  31.108071     1.0186      6.931   207.8381 1.0119e+03     1.1315      0.057      0.082    18.9127 0.0000e+00
      0.024     -0.060     8.6822     93.470     35.613  31.291011     1.0327      6.917   208.7644 1.2869e+03     1.0996      0.028      0.039    18.8998 0.0000e+00
     -0.011     -0.061     8.4823     91.353     35.700  31.380676     1.0418      6.903   210.0631 1.4596e+03     1.0795     -0.015     -0.021    18.8915 0.0000e+00
     -0.038     -0.053     8.3073     89.493     35.673  31.366608     1.0555      6.891   211.1502 1.3767e+03     1.1317     -0.046     -0.065    18.8910 0.0000e+00
     -0.046     -0.038     8.1611     87.937     35.746  31.438481     1.0798      6.888   211.9285 1.1727e+03     1.2427     -0.050     -0.072    18.9054 0.0000e+00
     -0.040     -0.018     8.0382     86.631     35.937  31.614592     1.0962      6.891   213.0200 9.4744e+02     1.3235     -0.040     -0.056    18.9285 0.0000e+00
     -0.033      0.003     7.9314     85.498     36.046  31.717687     1.1063      6.894   214.3665 6.8872e+02     1.3450     -0.028     -0.040    18.9478 0.0000e+00
     -0.033      0.021     7.8410     84.537     35.984  31.668839     1.1103      6.895   215.3892 4.6622e+02     1.3205     -0.029     -0.042    18.9615 0.0000e+00
     -0.037      0.032     7.7664     83.738     35.898  31.595574     1.1171      6.892   216.3515 4.4411e+02     1.2404     -0.042     -0.060    18.9703 0.0000e+00
     -0.032      0.033     7.6967     82.987     35.968  31.657481     1.1421      6.884   217.3978 5.5429e+02     1.1703     -0.040     -0.058    18.9808 0.0000e+00
     -0.010      0.027     7.6252     82.218     36.181  31.845751     1.1647      6.880   218.4035 6.9859e+02     1.1750     -0.011     -0.016    18.9919 0.0000e+00
      0.014      0.017     7.5580     81.498     36.388  32.030129     1.1703      6.885   219.9934 7.4144e+02     1.2053      0.020      0.029    19.0002 0.0000e+00
      0.024      0.002     7.5020     80.898     36.476  32.108472     1.1545      6.896   222.1666 5.7243e+02     1.1711      0.031      0.044    19.0047 0.0000e+00
      0.015     -0.014     7.4585     80.427     36.461  32.094366     1.1213      6.909   224.1156 4.5280e+02     1.0971      0.021      0.029    19.0027 0.0000e+00
     -0.006     -0.027     7.4236     80.047     36.412  32.050110     1.0993      6.921   225.6631 4.3134e+02     1.0730     -0.005     -0.008    19.0025 0.0000e+00
     -0.027     -0.033     7.3933     79.719     36.377  32.017953     1.0994      6.926   226.1646 4.9064e+02     1.1234     -0.030     -0.044    19.0071 0.0000e+00
     -0.037     -0.029     7.3641     79.405     36.382  32.023107     1.1317      6.928   225.4471 7.9772e+02     1.2183     -0.041     -0.059    19.0107 0.0000e+00
     -0.037     -0.018     7.3325     79.063     36.411  32.048918     1.1862      6.931   225.1613 9.5886e+02     1.2748     -0.038     -0.055    19.0084 0.0000e+00
     -0.034     -0.001     7.3027     78.741     36.443  32.075986     1.2165      6.935   225.8071 6.8349e+02     1.2876     -0.031     -0.045    19.0042 0.0000e+00
     -0.034      0.019     7.2841     78.538     36.467  32.096344     1.2226      6.935   228.8671 5.2189e+02     1.3122     -0.031     -0.045    19.0045 0.0000e+00
     -0.035      0.040     7.2831     78.526     36.477  32.104521     1.2141      6.934   234.0242 5.6518e+02     1.3591     -0.038     -0.054    19.0057 0.0000e+00
     -0.030      0.062     7.2954     78.661     36.483  32.111342     1.1961      6.936   236.9681 5.2220e+02     1.3964     -0.034     -0.051    19.0052 0.0000e+00
     -0.011      0.082     7.3054     78.776     36.485  32.115306     1.1799      6.932   237.6169 7.4130e+02     1.3655     -0.015     -0.021    19.0035 0.0000e+00
      0.021      0.097     7.3024     78.746     36.453  32.088938     1.1657      6.922   237.9113 1.2457e+03     1.3223      0.019      0.028    19.0031 0.0000e+00
      0.059      0.103     7.2829     78.528     36.408  32.046579     1.1255      6.916   237.7748 1.3357e+03     1.2706      0.060      0.087    19.0013 0.0000e+00
      0.094      0.097     7.2448     78.101     36.346  31.984219     1.0429      6.918   237.2573 9.8693e+02     1.1672      0.095      0.138    19.0022 0.0000e+00
      0.122      0.081     7.1954     77.541     36.201  31.843017     0.9848      6.926   236.8161 8.2636e+02     1.1098      0.123      0.180    19.0086 0.0000e+00
      0.140      0.061     7.1487     77.001     36.027  31.673032     0.9739      6.937   235.7958 7.9884e+02     1.0954      0.141      0.204    19.0107 0.0000e+00
      0.147      0.041     7.1100     76.542     35.944  31.580205     0.9763      6.949   235.4181 8.3497e+02     1.0848      0.145      0.211    19.0072 0.0000e+00
      0.149      0.024     7.0785     76.164     35.925  31.546266     1.0219      6.963   237.0675 9.9107e+02     1.1035      0.146      0.211    18.9964 0.0000e+00
      0.150      0.012     7.0537     75.872     35.905  31.516700     1.1124      6.979   238.1865 9.9425e+02     1.1380      0.146      0.212    18.9788 0.0000e+00
      0.153      0.002     7.0301     75.604     35.868  31.476741     1.1692      6.995   238.2791 9.8801e+02     1.1668      0.150      0.218    18.9548 0.0000e+00
      0.155     -0.006     7.0076     75.350     35.765  31.380666     1.1761      7.006   238.6165 1.0344e+03     1.1463      0.154      0.223    18.9246 0.0000e+00
      0.154     -0.012     6.9948     75.199     35.616  31.244192     1.1486      7.011   239.1687 1.0184e+03     1.1039      0.153      0.221    18.8974 0.0000e+00
      0.149     -0.014     6.9936     75.175     35.527  31.160328     1.0950      7.005   238.4172 1.0575e+03     1.1119      0.147      0.214    18.8813 0.0000e+00
      0.140     -0.011     7.0048     75.290     35.494  31.128788     1.0525      6.995   236.0692 1.0175e+03     1.1211      0.136      0.199    18.8744 0.0000e+00
      0.130     -0.003     7.0318     75.579     35.480  31.116870     1.0296      6.995   234.6980 8.5843e+02     1.1235      0.125      0.181    18.8677 0.0000e+00
      0.128      0.007     7.0708     76.000     35.509  31.143249     0.9931      7.005   234.7440 9.0672e+02     1.1415      0.123      0.177    18.8579 0.0000e+00
      0.134      0.016     7.1120     76.446     35.565  31.193700     0.9408      7.017   235.0766 1.0333e+03     1.1247      0.130      0.188    18.8485 0.0000e+00
      0.147      0.023     7.1485     76.836     35.594  31.218791     0.9132      7.025   235.5357 9.0399e+02     1.1032      0.143      0.208    18.8456 0.0000e+00
      0.159      0.026     7.1755     77.121     35.568  31.192594     0.9073      7.027   235.9068 7.5552e+02     1.0956      0.158      0.229    18.8463 0.0000e+00
      0.167      0.026     7.1937     77.306     35.504  31.130991     0.9056      7.025   236.0358 7.4674e+02     1.0927      0.167      0.241    18.8483 0.0000e+00
      0.170      0.023     7.2120     77.488     35.486  31.109036     0.9114      7.023   236.2361 7.7799e+02     1.0996      0.168      0.243    18.8514 0.0000e+00
      0.172      0.020     7.2375     77.750     35.574  31.181157     0.9219      7.026   236.6070 8.8328e+02     1.1480      0.170      0.246    18.8499 0.0000e+00
      0.175      0.017     7.2757     78.150     35.647  31.240890     0.9319      7.032   236.9065 9.4047e+02     1.2195      0.171      0.247    18.8456 0.0000e+00
      0.180      0.013     7.3295     78.717     35.602  31.196163     1.0228      7.041   237.2764 8.5923e+02     1.2023      0.173      0.251    18.8390 0.0000e+00
      0.189      0.009     7.3973     79.440     35.550  31.148437     1.2024      7.051   237.8095 7.6307e+02     1.1537      0.187      0.271    18.8280 0.0000e+00
      0.194      0.003     7.4729     80.255     35.576  31.171902     1.3114      7.060   238.2761 1.0425e+03     1.1505      0.196      0.282    18.8207 0.0000e+00
      0.192     -0.010     7.5455     81.042     35.634  31.225841     1.3216      7.067   238.7883 1.5743e+03     1.1328      0.189      0.273    18.8154 0.0000e+00
      0.188     -0.030     7.6015     81.645     35.708  31.292536     1.3074      7.070   239.3566 1.5032e+03     1.0919      0.184      0.266    18.8070 0.0000e+00
      0.184     -0.056     7.6275     81.927     35.764  31.343224     1.3144      7.074   239.8992 1.2972e+03     1.0832      0.183      0.265    18.8018 0.0000e+00
      0.173     -0.083     7.6161     81.821     35.742  31.330633     1.3508      7.081   240.5301 1.7567e+03     1.1195      0.174      0.253    18.8039 0.0000e+00
      0.148     -0.105     7.5665     81.316     35.657  31.267332     1.3799      7.087   241.1338 2.0287e+03     1.1648      0.149      0.215    18.8120 0.0000e+00
      0.110     -0.122     7.4890     80.506     35.584  31.212959     1.3811      7.092   241.5198 1.6860e+03     1.1736      0.111      0.161    18.8138 0.0000e+00
      0.065     -0.131     7.3971     79.532     35.541  31.181302     1.3386      7.095   241.8419 1.5308e+03     1.1340      0.063      0.091    18.8095 0.0000e+00
      0.022     -0.127     7.3026     78.522     35.489  31.138617     1.2788      7.098   242.2756 1.5983e+03     1.1138      0.017      0.024    18.8203 0.0000e+00
     -0.012     -0.111     7.2176     77.606     35.420  31.077911     1.2553      7.101   242.8919 1.5673e+03     1.1432     -0.013     -0.019    18.8433 0.0000e+00
     -0.038     -0.087     7.1502     76.873     35.357  31.018896     1.2572      7.102   243.5286 1.5604e+03     1.1533     -0.039     -0.055    18.8568 0.0000e+00
     -0.057     -0.062     7.1023     76.353     35.334  30.996632     1.2828      7.102   243.8654 1.5575e+03     1.1438     -0.061     -0.087    18.8640 0.0000e+00
