Data/DataNotYetUploadedToEDI/Raw_CTD/RawDownloads/050718_fcr50.cnv
* Sea-Bird SBE19plus  Data File:
* FileName = C:\DATA\050718_fcr_0005.hex
* Software version 2.6.3.104 SB_Terminal.dll
* Temperature SN = 7809
* Conductivity SN = 7809
* System UpLoad Time = May 07 2018 16:25:26
* <ApplicationData>
* <Seaterm232>
# nquan = 15
# nvalues = 1155                        
# units = specified
# name 0 = depFM: Depth [fresh water, m]
# name 1 = dz/dtM: Descent Rate [m/s]
# name 2 = sbeox0Mg/L: Oxygen, SBE 43 [mg/l]
# name 3 = sbeox0PS: Oxygen, SBE 43 [% saturation]
# name 4 = specc: Specific Conductance [uS/cm]
# name 5 = c0uS/cm: Conductivity [uS/cm]
# name 6 = flECO-AFL: Fluorescence, WET Labs ECO-AFL/FL [mg/m^3]
# name 7 = ph: pH
# name 8 = orp: Oxidation Reduction Potential [mV]
# name 9 = par/sat/log: PAR/Logarithmic, Satlantic
# name 10 = turbWETntu0: Turbidity, WET Labs ECO [NTU]
# name 11 = prdM: Pressure, Strain Gauge [db]
# name 12 = prdE: Pressure, Strain Gauge [psi]
# name 13 = tv290C: Temperature [ITS-90, deg C]
# name 14 = flag:  0.000e+00
# span 0 =     -0.567,      9.882       
# span 1 =     -0.106,      0.169       
# span 2 =     5.0904,     9.7586       
# span 3 =     55.592,    100.302       
# span 4 =      0.741,     49.584       
# span 5 =   0.636352,  33.519935       
# span 6 =    -1.4017,     2.1276       
# span 7 =      5.771,      7.277       
# span 8 = -1196.4263,   955.3735       
# span 9 = 1.2737e+00, 2.5007e+03       
# span 10 =    -2.9249,     9.9142      
# span 11 =     -0.558,      9.691      
# span 12 =     -0.808,     14.056      
# span 13 =     8.7960,    19.9707      
# span 14 = 0.0000e+00, 0.0000e+00      
# interval = seconds: 0.25
# start_time = May 07 2018 16:09:52 [Instrument's time stamp, header]
# bad_flag = -9.990e-29
*END*
     -0.566 5.0699e-14     9.2543     97.582      0.754   0.646738    -0.1841      5.961  -290.3887 4.3360e+02    -0.1444     -0.555     -0.805    17.8888 0.0000e+00
     -0.566 5.5769e-13     9.2535     97.589      0.741   0.636352    -0.1835      5.966  -387.1684 4.2099e+02    -0.1591     -0.556     -0.806    17.8937 0.0000e+00
     -0.566 6.1346e-12     9.2540     97.608      0.742   0.637599    -0.1231      5.902  -480.2463 4.3538e+02    -0.3139     -0.555     -0.805    17.9001 0.0000e+00
     -0.567 6.7480e-11     9.2533     97.613      0.771   0.661820     0.0039      5.815  -604.1778 8.1019e+02    -0.5208     -0.556     -0.806    17.9057 0.0000e+00
     -0.567 7.4229e-10     9.2526     97.615      0.787   0.675553     0.0650      5.771  -655.2526 1.5296e+03    -0.6162     -0.556     -0.806    17.9118 0.0000e+00
     -0.567 8.1651e-09     9.2530     97.625      0.788   0.676819     0.0558      5.862  -509.7089 1.9271e+03    -0.6423     -0.556     -0.806    17.9202 0.0000e+00
     -0.567 8.9817e-08     9.2543     97.632      0.788   0.677132     0.0491      6.087  -284.1156 1.6574e+03    -0.6532     -0.555     -0.805    17.9273 0.0000e+00
     -0.567 9.8798e-07     9.2562     97.634      0.791   0.679337    -0.0718      6.437  -277.5273 1.3157e+03    -0.5657     -0.556     -0.806    17.9330 0.0000e+00
     -0.567      0.000     9.2589     97.639      0.819   0.703480    -0.3131      6.867  -515.4010 1.2715e+03    -0.4077     -0.555     -0.805    17.9385 0.0000e+00
     -0.567      0.000     9.2608     97.636      1.129   0.969036    -0.4423      7.179  -713.0120 1.1461e+03    -0.3002     -0.556     -0.806    17.9434 0.0000e+00
     -0.567      0.001     9.2596     97.630      4.532   3.890156    -0.4663      7.228  -843.9119 1.3186e+03    -0.1808     -0.556     -0.805    17.9386 0.0000e+00
     -0.566      0.004     9.2413     97.648      8.403   7.223953    -0.7048      7.065 -1002.6489 1.7893e+03     0.5476     -0.555     -0.806    17.9306 0.0000e+00
     -0.566      0.009     9.1878     97.676      9.924   8.610808    -1.1478      6.742 -1136.5806 1.8572e+03     1.7928     -0.554     -0.804    17.9138 0.0000e+00
     -0.566      0.015     9.1152     97.686     13.005  11.396439    -1.3924      6.346 -1196.4263 1.4181e+03     2.4539     -0.558     -0.808    17.9072 0.0000e+00
     -0.561      0.023     9.0562     97.683     15.398  13.563168    -1.4017      6.198 -1032.0734 8.4024e+02     2.4067     -0.552     -0.801    17.8841 0.0000e+00
     -0.553      0.033     9.0192     97.693     19.539  17.302682    -1.2322      6.345  -648.3804 5.7797e+02     1.0092     -0.540     -0.783    17.9167 0.0000e+00
     -0.544      0.044     8.9944     97.698     26.869  23.856756    -0.9330      6.547  -331.1667 5.6106e+02    -1.5646     -0.537     -0.779    18.2704 0.0000e+00
     -0.532      0.054     8.9749     97.684     27.700  24.636104    -0.7802      6.738   130.0909 5.6171e+02    -2.9249     -0.521     -0.755    18.7570 0.0000e+00
     -0.519      0.059     8.9599     97.676     25.649  22.856259    -0.7361      6.948   809.3435 5.6454e+02    -2.8647     -0.511     -0.741    19.0653 0.0000e+00
     -0.499      0.064     8.9489     97.667     29.508  26.331887    -0.4183      7.083   955.3735 5.7410e+02    -1.1121     -0.494     -0.716    19.2551 0.0000e+00
     -0.474      0.072     8.9417     97.650     33.843  30.218336     0.1400      7.113   573.9057 5.9376e+02     2.0915     -0.458     -0.665    19.3838 0.0000e+00
     -0.458      0.084     8.9377     97.637     34.841  31.119209     0.4361      7.177   346.2060 6.3430e+02     3.8250     -0.447     -0.648    19.4762 0.0000e+00
     -0.448      0.099     8.9348     97.637     35.051  31.318289     0.4599      7.258   320.8205 7.9657e+02     3.9788     -0.446     -0.647    19.5590 0.0000e+00
     -0.428      0.116     8.9297     97.638     35.141  31.418735     0.4639      7.274   314.8950 9.4006e+02     4.1340     -0.424     -0.615    19.6188 0.0000e+00
     -0.394      0.134     8.9227     97.653     35.132  31.444590     0.4939      7.238   311.2997 8.6461e+02     5.6715     -0.390     -0.565    19.6436 0.0000e+00
     -0.349      0.153     8.9194     97.716     35.087  31.440416     0.5567      7.183   310.1309 1.0404e+03     8.4389     -0.343     -0.499    19.6549 0.0000e+00
     -0.300      0.166     8.9232     97.838     35.045  31.431822     0.5884      7.134   310.8303 1.6996e+03     9.9142     -0.292     -0.423    19.6652 0.0000e+00
     -0.254      0.169     8.9371     98.042     34.995  31.404231     0.5838      7.091   311.7550 2.2742e+03     9.8367     -0.248     -0.359    19.6914 0.0000e+00
     -0.210      0.159     8.9618     98.337     34.937  31.360877     0.6018      7.051   312.3628 2.4729e+03     7.5628     -0.206     -0.299    19.7458 0.0000e+00
     -0.166      0.141     8.9930     98.689     34.923  31.352211     0.6407      7.019   312.8445 2.4934e+03     3.3568     -0.162     -0.236    19.8021 0.0000e+00
     -0.126      0.121     9.0270     99.065     34.934  31.362970     0.6588      6.993   313.5359 2.4837e+03     1.0662     -0.119     -0.173    19.8444 0.0000e+00
     -0.098      0.099     9.0609     99.436     34.936  31.363939     0.6559      6.970   314.3549 2.4178e+03     0.8933     -0.090     -0.132    19.8703 0.0000e+00
     -0.083      0.074     9.0921     99.772     34.937  31.363924     0.6599      6.953   315.5203 1.9684e+03     0.9315     -0.081     -0.117    19.8801 0.0000e+00
     -0.070      0.048     9.1184    100.046     34.942  31.362788     0.6801      6.943   317.1298 1.5961e+03     1.0093     -0.072     -0.103    19.8826 0.0000e+00
     -0.056      0.023     9.1370    100.222     34.939  31.350194     0.6972      6.938   318.4139 1.9899e+03     1.0407     -0.053     -0.077    19.8848 0.0000e+00
     -0.049      0.008     9.1455    100.292     34.936  31.338658     0.6926      6.937   318.7427 2.2323e+03     1.0052     -0.044     -0.063    19.8831 0.0000e+00
     -0.054      0.005     9.1467    100.302     34.950  31.350309     0.6611      6.935   318.0083 2.1034e+03     0.8860     -0.050     -0.072    19.8820 0.0000e+00
     -0.068      0.012     9.1405    100.249     34.960  31.364051     0.6202      6.930   317.1918 2.2780e+03     0.6982     -0.068     -0.098    19.8774 0.0000e+00
     -0.078      0.028     9.1087     99.924     34.965  31.377791     0.6018      6.923   316.9577 2.4684e+03     0.5958     -0.084     -0.121    19.8579 0.0000e+00
     -0.072      0.049     9.0274     99.058     34.968  31.389441     0.6047      6.919   317.4153 2.4749e+03     0.5933     -0.079     -0.114    19.8418 0.0000e+00
     -0.047      0.071     8.8885     97.554     34.947  31.377904     0.6549      6.919   322.9824 2.3160e+03     0.5465     -0.049     -0.071    19.8421 0.0000e+00
     -0.013      0.089     8.7022     95.524     34.927  31.365315     0.7579      6.919   333.3334 1.7983e+03     0.3968     -0.012     -0.018    19.8510 0.0000e+00
      0.019      0.095     8.4884     93.189     34.921  31.364264     0.8212      6.919   339.4077 1.0834e+03     0.2787      0.020      0.029    19.8653 0.0000e+00
      0.047      0.086     8.2711     90.811     34.918  31.365201     0.8236      6.923   338.3494 6.7595e+02     0.2469      0.048      0.070    19.8796 0.0000e+00
      0.070      0.066     8.0741     88.655     34.928  31.376643     0.8146      6.933   335.6811 7.6088e+02     0.2568      0.070      0.102    19.8894 0.0000e+00
      0.085      0.044     7.9161     86.926     34.924  31.375593     0.7575      6.947   334.5922 1.0998e+03     0.4595      0.087      0.125    19.8970 0.0000e+00
      0.091      0.026     7.8069     85.729     34.898  31.352513     0.6480      6.961   331.2920 1.3493e+03     0.7746      0.093      0.135    19.9031 0.0000e+00
      0.087      0.014     7.7438     85.031     34.899  31.351620     0.5850      6.974   325.7204 1.3757e+03     0.8924      0.088      0.127    19.9074 0.0000e+00
      0.081      0.009     7.7155     84.715     34.916  31.364789     0.5834      6.984   321.8614 1.5891e+03     0.8770      0.077      0.110    19.9108 0.0000e+00
      0.080      0.010     7.7064     84.613     34.940  31.384717     0.5919      6.992   320.2531 1.9115e+03     0.8023      0.076      0.111    19.9149 0.0000e+00
      0.085      0.012     7.7010     84.553     34.960  31.402043     0.5961      7.001   319.4387 1.7860e+03     0.6913      0.084      0.122    19.9170 0.0000e+00
      0.091      0.010     7.6898     84.428     34.940  31.383743     0.5975      7.013   318.7266 1.6237e+03     0.6647      0.088      0.129    19.9123 0.0000e+00
      0.101     -0.003     7.6652     84.157     34.907  31.353984     0.5995      7.024   318.6120 1.6040e+03     0.6633      0.098      0.143    19.9079 0.0000e+00
      0.110     -0.027     7.6204     83.667     34.912  31.359782     0.6107      7.032   318.8266 1.4796e+03     0.6436      0.112      0.163    19.9083 0.0000e+00
      0.108     -0.057     7.5575     82.978     34.946  31.390329     0.6323      7.040   319.1710 1.4906e+03     0.6401      0.113      0.163    19.9079 0.0000e+00
      0.086     -0.087     7.4874     82.206     34.965  31.405788     0.6484      7.046   319.5065 1.6879e+03     0.6524      0.090      0.130    19.9056 0.0000e+00
      0.049     -0.106     7.4179     81.437     34.983  31.419672     0.6594      7.049   319.4411 1.8954e+03     0.6386      0.048      0.069    19.9052 0.0000e+00
      0.006     -0.106     7.3591     80.787     34.998  31.431180     0.6823      7.046   319.0686 1.9921e+03     0.5040      0.007      0.010    19.9074 0.0000e+00
     -0.038     -0.091     7.3249     80.411     34.983  31.417912     0.7231      7.040   318.8741 2.0178e+03     0.3074     -0.039     -0.057    19.9093 0.0000e+00
     -0.070     -0.067     7.3154     80.307     34.948  31.386262     0.7572      7.035   318.8964 2.0301e+03     0.2451     -0.083     -0.120    19.9067 0.0000e+00
     -0.075     -0.039     7.3242     80.406     34.925  31.366053     0.7646      7.036   318.9084 2.0198e+03     0.2691     -0.081     -0.116    19.9021 0.0000e+00
     -0.060     -0.013     7.3467     80.655     34.922  31.364103     0.7384      7.041   319.0192 2.0185e+03     0.3850     -0.055     -0.080    19.8988 0.0000e+00
     -0.051      0.007     7.3771     80.985     34.922  31.362687     0.6977      7.044   319.2901 2.0146e+03     0.6384     -0.045     -0.066    19.8988 0.0000e+00
     -0.053      0.016     7.4090     81.324     34.911  31.348930     0.6866      7.047   319.3444 1.9906e+03     0.8308     -0.051     -0.075    19.8999 0.0000e+00
     -0.055      0.014     7.4330     81.578     34.889  31.324775     0.6960      7.054   318.9879 1.9751e+03     0.9103     -0.058     -0.085    19.9003 0.0000e+00
     -0.049      0.007     7.4430     81.683     34.891  31.324662     0.7000      7.063   318.5930 1.9463e+03     0.8974     -0.048     -0.071    19.9039 0.0000e+00
     -0.040      0.003     7.4391     81.640     34.916  31.347556     0.7172      7.071   318.4410 1.6142e+03     0.7969     -0.035     -0.051    19.9018 0.0000e+00
     -0.039      0.002     7.4219     81.453     34.916  31.347546     0.7570      7.078   318.4412 9.6028e+02     0.7026     -0.037     -0.052    19.8932 0.0000e+00
     -0.044      0.001     7.3904     81.104     34.892  31.324537     0.7861      7.085   318.5088 9.5545e+02     0.6721     -0.044     -0.063    19.8870 0.0000e+00
     -0.049     -0.002     7.3447     80.596     34.894  31.323402     0.7836      7.091   318.9135 1.7694e+03     0.6422     -0.050     -0.073    19.8839 0.0000e+00
     -0.050     -0.004     7.2864     79.951     34.907  31.333814     0.7643      7.096   319.4625 2.2667e+03     0.5850     -0.051     -0.074    19.8841 0.0000e+00
     -0.048     -0.004     7.2239     79.266     34.896  31.323413     0.7454      7.101   319.5550 2.3112e+03     0.5915     -0.046     -0.066    19.8869 0.0000e+00
     -0.045     -0.005     7.1661     78.635     34.896  31.324662     0.7482      7.106   319.4298 2.3662e+03     0.6592     -0.044     -0.064    19.8847 0.0000e+00
     -0.045     -0.007     7.1119     78.043     34.921  31.348920     0.7699      7.111   319.3245 2.4149e+03     0.7015     -0.044     -0.064    19.8774 0.0000e+00
     -0.048     -0.010     7.0605     77.482     34.935  31.362671     0.7785      7.114   319.2280 2.4305e+03     0.7371     -0.046     -0.066    19.8754 0.0000e+00
     -0.055     -0.011     7.0101     76.928     34.937  31.363911     0.7695      7.117   319.5535 2.4406e+03     0.7842     -0.053     -0.078    19.8769 0.0000e+00
     -0.062     -0.010     6.9570     76.339     34.940  31.363912     0.7622      7.122   320.0771 2.4501e+03     0.8137     -0.062     -0.091    19.8788 0.0000e+00
     -0.064     -0.009     6.9022     75.734     34.940  31.362673     0.7631      7.128   320.2248 2.4604e+03     0.8493     -0.065     -0.094    19.8804 0.0000e+00
     -0.064     -0.008     6.8438     75.097     34.924  31.348932     0.7620      7.133   320.0493 2.4704e+03     0.8179     -0.064     -0.093    19.8833 0.0000e+00
     -0.063     -0.005     6.7810     74.411     34.895  31.324787     0.7498      7.137   319.7617 2.4785e+03     0.7085     -0.061     -0.090    19.8841 0.0000e+00
     -0.062     -0.003     6.7183     73.721     34.895  31.324786     0.7448      7.141   319.6724 2.4809e+03     0.6563     -0.060     -0.087    19.8765 0.0000e+00
     -0.065     -0.002     6.6566     73.038     34.925  31.348920     0.7559      7.142   320.0026 2.4859e+03     0.6753     -0.063     -0.090    19.8734 0.0000e+00
     -0.069     -0.002     6.5960     72.367     34.944  31.362549     0.7635      7.141   320.4845 2.4959e+03     0.6936     -0.069     -0.100    19.8781 0.0000e+00
     -0.070     -0.002     6.5408     71.757     34.946  31.362549     0.7639      7.137   320.5950 2.5007e+03     0.6637     -0.069     -0.102    19.8811 0.0000e+00
     -0.068     -0.001     6.4916     71.215     34.933  31.348910     0.7605      7.134   320.3921 2.5002e+03     0.6195     -0.066     -0.097    19.8798 0.0000e+00
     -0.066      0.001     6.4448     70.698     34.908  31.324662     0.7596      7.129   320.3543 2.5004e+03     0.6474     -0.065     -0.095    19.8752 0.0000e+00
     -0.066      0.002     6.4007     70.210     34.908  31.323403     0.7617      7.123   320.3960 2.4994e+03     0.6955     -0.063     -0.093    19.8704 0.0000e+00
     -0.066      0.002     6.3602     69.761     34.923  31.333692     0.7683      7.118   320.2938 2.4948e+03     0.7431     -0.064     -0.092    19.8671 0.0000e+00
     -0.067      0.001     6.3240     69.357     34.913  31.322041     0.7748      7.116   320.0654 2.4938e+03     0.8573     -0.066     -0.095    19.8652 0.0000e+00
     -0.067      0.000     6.2915     68.997     34.902  31.309539     0.7669      7.117   319.8711 2.4869e+03     0.9161     -0.066     -0.095    19.8635 0.0000e+00
     -0.066 2.0338e-08     6.2586     68.633     34.904  31.309548     0.7554      7.122   319.9237 2.4617e+03     0.8745     -0.065     -0.094    19.8603 0.0000e+00
     -0.065 2.2372e-07     6.2259     68.270     34.920  31.322145     0.7098      7.129   320.0123 2.4032e+03     0.8434     -0.063     -0.093    19.8564 0.0000e+00
     -0.065 2.2738e-07     6.1967     67.945     34.936  31.334828     0.6281      7.137   319.9963 2.2395e+03     0.8454     -0.062     -0.091    19.8522 0.0000e+00
     -0.066 6.4669e-08     6.1698     67.646     34.940  31.335877     0.5860      7.146   319.9023 1.8785e+03     0.8669     -0.065     -0.095    19.8487 0.0000e+00
     -0.066 4.8986e-07     6.1435     67.352     34.943  31.334828     0.5865      7.153   319.6506 1.4064e+03     0.8900     -0.066     -0.094    19.8471 0.0000e+00
     -0.067      0.000     6.1224     67.113     34.933  31.322137     0.5793      7.159   319.5346 1.0504e+03     0.9114     -0.065     -0.094    19.8439 0.0000e+00
