Data/DataNotYetUploadedToEDI/Raw_CTD/RawDownloads/050718_fcr20.cnv
* Sea-Bird SBE19plus  Data File:
* FileName = C:\DATA\050718_fcr_0002.hex
* Software version 2.6.3.104 SB_Terminal.dll
* Temperature SN = 7809
* Conductivity SN = 7809
* System UpLoad Time = May 07 2018 16:23:56
* <ApplicationData>
* <Seaterm232>
# nquan = 15
# nvalues = 812                         
# units = specified
# name 0 = depFM: Depth [fresh water, m]
# name 1 = dz/dtM: Descent Rate [m/s]
# name 2 = sbeox0Mg/L: Oxygen, SBE 43 [mg/l]
# name 3 = sbeox0PS: Oxygen, SBE 43 [% saturation]
# name 4 = specc: Specific Conductance [uS/cm]
# name 5 = c0uS/cm: Conductivity [uS/cm]
# name 6 = flECO-AFL: Fluorescence, WET Labs ECO-AFL/FL [mg/m^3]
# name 7 = ph: pH
# name 8 = orp: Oxidation Reduction Potential [mV]
# name 9 = par/sat/log: PAR/Logarithmic, Satlantic
# name 10 = turbWETntu0: Turbidity, WET Labs ECO [NTU]
# name 11 = prdM: Pressure, Strain Gauge [db]
# name 12 = prdE: Pressure, Strain Gauge [psi]
# name 13 = tv290C: Temperature [ITS-90, deg C]
# name 14 = flag:  0.000e+00
# span 0 =     -0.556,      3.759       
# span 1 =     -0.109,      0.216       
# span 2 =     5.4300,    10.9849       
# span 3 =     54.282,    109.710       
# span 4 =      0.718,     38.625       
# span 5 =   0.621175,  30.706194       
# span 6 =    -0.4487,   250.9991       
# span 7 =      6.095,      7.495       
# span 8 =   257.3455,  1240.2295       
# span 9 = 3.6496e+01, 1.5689e+03       
# span 10 =    -5.8931,   831.8411      
# span 11 =     -0.545,      3.688      
# span 12 =     -0.792,      5.348      
# span 13 =    10.8391,    18.9836      
# span 14 = 0.0000e+00, 0.0000e+00      
# interval = seconds: 0.25
# start_time = May 07 2018 14:39:31 [Instrument's time stamp, header]
# bad_flag = -9.990e-29
*END*
[from data line 193]
     -0.017 -1.692e-09     9.0291     97.214     34.878  30.649063     0.8341      7.229   284.9794 1.4723e+03     0.8595     -0.016     -0.023    18.9344 0.0000e+00
     -0.018 -1.538e-10     8.9593     96.462     34.853  30.626168     0.8279      7.232   285.0966 1.4680e+03     0.8897     -0.017     -0.024    18.9337 0.0000e+00
     -0.018 -1.399e-11     8.8996     95.817     34.854  30.626273     0.8309      7.234   285.0925 1.4674e+03     0.9153     -0.017     -0.025    18.9330 0.0000e+00
     -0.018 -1.271e-12     8.8509     95.291     34.882  30.650323     0.8419      7.235   285.1883 1.4688e+03     0.9251     -0.018     -0.026    18.9324 0.0000e+00
     -0.017 -1.156e-13     8.8142     94.895     34.897  30.662929     0.8691      7.235   285.3943 1.4692e+03     0.9162     -0.017     -0.025    18.9321 0.0000e+00
     -0.017 -1.050e-14     8.7879     94.612     34.883  30.651675     0.8845      7.235   285.6049 1.4690e+03     0.8687     -0.017     -0.024    18.9319 0.0000e+00
     -0.017 -9.544e-16     8.7711     94.430     34.872  30.641273     0.8905      7.236   285.7557 1.4699e+03     0.8393     -0.017     -0.025    18.9307 0.0000e+00
     -0.017 -7.967e-17     8.7600     94.307     34.900  30.664166     0.8859      7.236   285.8406 1.4724e+03     0.8349     -0.017     -0.024    18.9293 0.0000e+00
     -0.017 7.1104e-17     8.7514     94.212     34.913  30.674445     0.8568      7.236   285.9427 1.4745e+03     0.8160     -0.017     -0.024    18.9288 0.0000e+00
     -0.017 8.6827e-16     8.7459     94.147     34.874  30.638536     0.8318      7.235   285.9580 1.4739e+03     0.8242     -0.017     -0.025    18.9297 0.0000e+00
     -0.018 9.5588e-15     8.7445     94.126     34.846  30.611043     0.8320      7.235   285.8530 1.4728e+03     0.8734     -0.017     -0.025    18.9295 0.0000e+00
     -0.018 1.0515e-13     8.7451     94.126     34.831  30.596053     0.8323      7.235   285.8786 1.4735e+03     0.8918     -0.018     -0.026    18.9271 0.0000e+00
     -0.017 1.1566e-12     8.7436     94.105     34.820  30.584298     0.8263      7.235   286.0946 1.4731e+03     0.8631     -0.017     -0.025    18.9253 0.0000e+00
     -0.017 1.2723e-11     8.7374     94.035     34.835  30.595929     0.8238      7.234   286.3138 1.4722e+03     0.8323     -0.016     -0.024    18.9237 0.0000e+00
     -0.017 1.3995e-10     8.7278     93.930     34.851  30.609668     0.8198      7.234   286.4637 1.4707e+03     0.8250     -0.017     -0.025    18.9198 0.0000e+00
     -0.017 1.5395e-09     8.7190     93.833     34.868  30.623400     0.8234      7.234   286.5310 1.4685e+03     0.8359     -0.017     -0.025    18.9157 0.0000e+00
     -0.017 1.6934e-08     8.7139     93.773     34.883  30.634946     0.8310      7.234   286.4395 1.4691e+03     0.8418     -0.017     -0.024    18.9131 0.0000e+00
     -0.017 1.8627e-07     8.7108     93.730     34.873  30.622255     0.8291      7.233   286.3038 1.4679e+03     0.8348     -0.017     -0.024    18.9120 0.0000e+00
     -0.017 1.8627e-07     8.7083     93.693     34.848  30.596959     0.8285      7.232   286.3524 1.4629e+03     0.8423     -0.016     -0.024    18.9111 0.0000e+00
     -0.017 1.6934e-08     8.7097     93.698     34.836  30.583123     0.8334      7.232   286.5969 1.4617e+03     0.8723     -0.018     -0.026    18.9099 0.0000e+00
     -0.017 1.5395e-09     8.7132     93.728     34.838  30.581970     0.8418      7.231   286.8519 1.4655e+03     0.8611     -0.017     -0.025    18.9076 0.0000e+00
     -0.017 1.3995e-10     8.7144     93.734     34.842  30.583010     0.8476      7.230   286.9395 1.4690e+03     0.8299     -0.017     -0.024    18.9022 0.0000e+00
     -0.017 1.2723e-11     8.7146     93.732     34.859  30.595702     0.8388      7.230   286.8818 1.4685e+03     0.8301     -0.017     -0.024    18.8958 0.0000e+00
     -0.018 1.1558e-12     8.7139     93.723     34.874  30.608412     0.8277      7.230   286.9290 1.4667e+03     0.8336     -0.017     -0.025    18.8909 0.0000e+00
     -0.018 9.5736e-14     8.7121     93.703     34.875  30.609672     0.8240      7.231   286.9934 1.4666e+03     0.8408     -0.017     -0.025    18.8868 0.0000e+00
     -0.017 -9.400e-14     8.7093     93.676     34.875  30.610931     0.8213      7.232   286.9728 1.4671e+03     0.8565     -0.016     -0.024    18.8834 0.0000e+00
     -0.017 -1.138e-12     8.7045     93.631     34.887  30.623641     0.8232      7.232   287.1099 1.4684e+03     0.8708     -0.017     -0.024    18.8807 0.0000e+00
     -0.017 -1.253e-11     8.6987     93.579     34.897  30.636334     0.8283      7.233   287.2742 1.4693e+03     0.8618     -0.016     -0.024    18.8800 0.0000e+00
     -0.017 -1.378e-10     8.6932     93.531     34.893  30.637394     0.8181      7.234   287.3242 1.4704e+03     0.8389     -0.017     -0.024    18.8804 0.0000e+00
     -0.017 -1.516e-09     8.6890     93.500     34.887  30.636458     0.7920      7.234   287.3703 1.4724e+03     0.8377     -0.017     -0.024    18.8812 0.0000e+00
     -0.017 -1.668e-08     8.6855     93.477     34.867  30.625024     0.7691      7.234   287.4015 1.4736e+03     0.8467     -0.017     -0.025    18.8852 0.0000e+00
     -0.016 -1.835e-07     8.6811     93.445     34.862  30.626169     0.7623      7.235   287.4432 1.4726e+03     0.8567     -0.016     -0.024    18.8907 0.0000e+00
     -0.016      0.000     8.6760     93.402     34.885  30.650314     0.7839      7.235   287.5311 1.4692e+03     0.8670     -0.015     -0.022    18.8962 0.0000e+00
     -0.016     -0.000     8.6719     93.366     34.895  30.662929     0.8179      7.235   287.6894 1.4658e+03     0.8802     -0.016     -0.023    18.9036 0.0000e+00
     -0.017     -0.000     8.6707     93.359     34.880  30.651686     0.8335      7.235   287.8093 1.4643e+03     0.8943     -0.017     -0.025    18.9124 0.0000e+00
     -0.017     -0.003     8.6712     93.370     34.866  30.641398     0.8346      7.234   287.7749 1.4645e+03     0.8841     -0.017     -0.025    18.9206 0.0000e+00
     -0.017     -0.010     8.6693     93.354     34.892  30.665551     0.8405      7.233   287.7044 1.4658e+03     0.8481     -0.016     -0.024    18.9270 0.0000e+00
     -0.017     -0.020     8.6628     93.289     34.917  30.689695     0.8498      7.230   287.6448 1.4637e+03     0.8260     -0.016     -0.023    18.9317 0.0000e+00
     -0.017     -0.030     8.6539     93.200     34.903  30.679293     0.8462      7.228   287.6572 1.4547e+03     0.8305     -0.015     -0.021    18.9349 0.0000e+00
     -0.025     -0.035     8.6474     93.136     34.886  30.666801     0.8422      7.223   287.8544 1.4314e+03     0.8415     -0.019     -0.028    18.9376 0.0000e+00
     -0.045     -0.034     8.6447     93.112     34.883  30.665676     0.8473      7.212   288.0501 1.1811e+03     0.8366     -0.042     -0.062    18.9397 0.0000e+00
     -0.067     -0.026     8.6430     93.096     34.882  30.665686     0.8446      7.191   288.1302 7.4626e+02     0.8325     -0.071     -0.102    18.9413 0.0000e+00
     -0.078     -0.016     8.6414     93.078     34.884  30.666926     0.8366      7.165   288.2206 7.7016e+02     0.8535     -0.082     -0.120    18.9452 0.0000e+00
     -0.074     -0.004     8.6434     93.098     34.899  30.680668     0.8335      7.143   288.1969 1.2180e+03     0.8455     -0.076     -0.110    18.9497 0.0000e+00
     -0.062      0.007     8.6503     93.172     34.927  30.704821     0.8345      7.131   288.1015 1.4501e+03     0.7978     -0.058     -0.085    18.9521 0.0000e+00
     -0.052      0.012     8.6583     93.258     34.927  30.704935     0.8394      7.129   288.1862 1.4615e+03     0.7952     -0.047     -0.068    18.9527 0.0000e+00
     -0.049      0.012     8.6651     93.328     34.902  30.682041     0.8470      7.133   288.3597 1.4650e+03     0.8432     -0.048     -0.069    18.9521 0.0000e+00
     -0.051      0.007     8.6696     93.372     34.904  30.682041     0.8436      7.138   288.4789 1.4661e+03     0.8599     -0.050     -0.072    18.9517 0.0000e+00
     -0.053      0.002     8.6711     93.384     34.932  30.704934     0.8356      7.142   288.6813 1.4713e+03     0.8448     -0.052     -0.075    18.9515 0.0000e+00
     -0.053     -0.001     8.6685     93.354     34.933  30.704810     0.8426      7.144   289.0003 1.4793e+03     0.8433     -0.052     -0.076    18.9513 0.0000e+00
     -0.052     -0.001     8.6613     93.274     34.906  30.680542     0.8448      7.147   289.0655 1.4810e+03     0.8424     -0.051     -0.074    18.9498 0.0000e+00
     -0.052     -0.000     8.6517     93.170     34.890  30.665542     0.8353      7.155   288.9535 1.4799e+03     0.8337     -0.051     -0.073    18.9471 0.0000e+00
     -0.052 -1.838e-08     8.6456     93.105     34.872  30.650447     0.8377      7.164   289.0227 1.4775e+03     0.8298     -0.051     -0.073    18.9448 0.0000e+00
     -0.052 -2.022e-07     8.6457     93.108     34.842  30.625044     0.8459      7.173   289.1279 1.4795e+03     0.8253     -0.051     -0.073    18.9430 0.0000e+00
     -0.052 -2.022e-07     8.6514     93.171     34.827  30.612437     0.8426      7.182   289.1931 1.4841e+03     0.8407     -0.051     -0.074    18.9419 0.0000e+00
     -0.053 -1.838e-08     8.6624     93.292     34.841  30.625032     0.8340      7.190   289.2087 1.4846e+03     0.8940     -0.052     -0.075    18.9416 0.0000e+00
     -0.053 -1.671e-09     8.6749     93.427     34.869  30.650312     0.8342      7.196   289.2305 1.4828e+03     0.9207     -0.052     -0.075    18.9425 0.0000e+00
     -0.052 -1.519e-10     8.6863     93.551     34.884  30.664062     0.8362      7.200   289.3710 1.4810e+03     0.8884     -0.051     -0.074    18.9438 0.0000e+00
     -0.052 -1.381e-11     8.6970     93.668     34.884  30.664281     0.8307      7.202   289.5310 1.4800e+03     0.8701     -0.051     -0.073    18.9448 0.0000e+00
     -0.052 -1.255e-12     8.7066     93.774     34.870  30.652953     0.8312      7.204   289.6169 1.4803e+03     0.8822     -0.051     -0.073    18.9458 0.0000e+00
     -0.052 -1.141e-13     8.7142     93.858     34.870  30.654118     0.8426      7.205   289.5486 1.4818e+03     0.8819     -0.051     -0.074    18.9464 0.0000e+00
     -0.052 -1.037e-14     8.7196     93.919     34.896  30.678367     0.8489      7.206   289.4790 1.4823e+03     0.8664     -0.052     -0.076    18.9468 0.0000e+00
     -0.052 -9.430e-16     8.7242     93.972     34.911  30.692108     0.8432      7.207   289.5504 1.4799e+03     0.8478     -0.051     -0.075    18.9477 0.0000e+00
     -0.052 -8.575e-17     8.7268     94.004     34.911  30.693244     0.8379      7.208   289.6376 1.4771e+03     0.8408     -0.051     -0.074    18.9490 0.0000e+00
     -0.052 -7.794e-18     8.7260     93.999     34.907  30.692107     0.8399      7.210   289.6733 1.4766e+03     0.8428     -0.050     -0.073    18.9503 0.0000e+00
     -0.052 -6.966e-19     8.7224     93.965     34.890  30.678366     0.8400      7.213   289.7235 1.4781e+03     0.8404     -0.051     -0.073    18.9514 0.0000e+00
     -0.052 6.6177e-20     8.7172     93.911     34.862  30.654119     0.8304      7.215   289.9003 1.4806e+03     0.8428     -0.051     -0.074    18.9531 0.0000e+00
     -0.052 1.4305e-18     8.7095     93.829     34.860  30.652964     0.8242      7.218   290.0902 1.4837e+03     0.8723     -0.051     -0.074    18.9552 0.0000e+00
     -0.052 1.5799e-17     8.6997     93.724     34.873  30.664406     0.8301      7.221   290.1258 1.4865e+03     0.9213     -0.051     -0.074    18.9574 0.0000e+00
     -0.052 1.7380e-16     8.6892     93.611     34.874  30.665446     0.8277      7.223   290.1597 1.4892e+03     0.9169     -0.051     -0.074    18.9598 0.0000e+00
     -0.052 1.9118e-15     8.6779     93.489     34.874  30.665540     0.8225      7.226   290.2421 1.4899e+03     0.8500     -0.051     -0.074    18.9616 0.0000e+00
     -0.052 2.1030e-14     8.6662     93.364     34.873  30.665548     0.8315      7.229   290.3481 1.4884e+03     0.8144     -0.051     -0.074    18.9620 0.0000e+00
     -0.052 2.3133e-13     8.6542     93.237     34.872  30.665539     0.8359      7.233   290.4936 1.4896e+03     0.8516     -0.051     -0.074    18.9615 0.0000e+00
     -0.052 2.5446e-12     8.6432     93.121     34.871  30.665434     0.8296      7.235   290.5394 1.4933e+03     0.9036     -0.051     -0.074    18.9617 0.0000e+00
     -0.052 2.7990e-11     8.6356     93.042     34.869  30.664279     0.8200      7.236   290.5578 1.4954e+03     0.8944     -0.051     -0.074    18.9621 0.0000e+00
     -0.052 3.0789e-10     8.6350     93.037     34.853  30.651578     0.8111      7.237   290.7156 1.4955e+03     0.8621     -0.051     -0.073    18.9625 0.0000e+00
     -0.052 3.3868e-09     8.6415     93.110     34.838  30.638887     0.8148      7.238   290.8992 1.4947e+03     0.8487     -0.051     -0.074    18.9636 0.0000e+00
     -0.052 3.7255e-08     8.6504     93.207     34.837  30.637837     0.8271      7.239   290.9705 1.4943e+03     0.8543     -0.051     -0.074    18.9649 0.0000e+00
     -0.052 4.0981e-07     8.6582     93.291     34.838  30.638888     0.8311      7.240   290.8896 1.4971e+03     0.8691     -0.051     -0.074    18.9660 0.0000e+00
     -0.052      0.000     8.6643     93.356     34.853  30.651589     0.8261      7.242   290.7811 1.4992e+03     0.8443     -0.052     -0.075    18.9674 0.0000e+00
     -0.052      0.000     8.6690     93.405     34.868  30.664393     0.8224      7.242   290.8631 1.4932e+03     0.8298     -0.051     -0.074    18.9687 0.0000e+00
     -0.052      0.001     8.6722     93.438     34.870  30.666683     0.8238      7.242   291.0211 1.4878e+03     0.8456     -0.052     -0.075    18.9693 0.0000e+00
     -0.052      0.001     8.6747     93.464     34.885  30.679280     0.8334      7.243   291.1420 1.4892e+03     0.8525     -0.052     -0.075    18.9694 0.0000e+00
     -0.051      0.001     8.6761     93.477     34.898  30.689691     0.8368      7.243   291.2932 1.4912e+03     0.8515     -0.050     -0.073    18.9688 0.0000e+00
     -0.051      0.001     8.6746     93.458     34.872  30.665540     0.8285      7.242   291.3864 1.4958e+03     0.8342     -0.050     -0.072    18.9683 0.0000e+00
     -0.051      0.001     8.6704     93.408     34.846  30.641293     0.8247      7.242   291.3219 1.4995e+03     0.8261     -0.050     -0.073    18.9674 0.0000e+00
     -0.051      0.001     8.6656     93.354     34.858  30.650549     0.8281      7.242   291.2875 1.4985e+03     0.8454     -0.051     -0.073    18.9664 0.0000e+00
     -0.051      0.001     8.6607     93.299     34.859  30.650444     0.8412      7.242   291.4010 1.4975e+03     0.8542     -0.050     -0.072    18.9655 0.0000e+00
     -0.051      0.001     8.6554     93.241     34.847  30.640023     0.8637      7.242   291.4895 1.4956e+03     0.8406     -0.050     -0.072    18.9636 0.0000e+00
     -0.051      0.001     8.6519     93.202     34.861  30.651569     0.8804      7.243   291.4975 1.4932e+03     0.8339     -0.049     -0.071    18.9616 0.0000e+00
     -0.051      0.001     8.6503     93.183     34.875  30.663029     0.8865      7.243   291.4982 1.4921e+03     0.8646     -0.050     -0.072    18.9605 0.0000e+00
     -0.050      0.001     8.6537     93.218     34.862  30.651569     0.8919      7.243   291.5838 1.4884e+03     0.8758     -0.049     -0.071    18.9597 0.0000e+00
     -0.050      0.000     8.6659     93.348     34.849  30.640022     0.8905      7.243   291.7580 1.4838e+03     0.8173     -0.049     -0.070    18.9587 0.0000e+00
     -0.050 1.8627e-08     8.6818     93.519     34.862  30.650433     0.8785      7.242   291.8843 1.4809e+03     0.7973     -0.049     -0.071    18.9576 0.0000e+00
     -0.050 2.0490e-07     8.6960     93.672     34.862  30.650423     0.8755      7.242   291.9057 1.4778e+03     0.8488     -0.049     -0.070    18.9567 0.0000e+00
     -0.050 2.0487e-07     8.7105     93.828     34.850  30.639908     0.8726      7.243   291.9306 1.4792e+03     0.8908     -0.049     -0.071    18.9561 0.0000e+00
