Data/DataNotYetUploadedToEDI/Raw_CTD/RawDownloads/050718_fcr45.cnv
* Sea-Bird SBE19plus  Data File:
* FileName = C:\DATA\050718_fcr_0004.hex
* Software version 2.6.3.104 SB_Terminal.dll
* Temperature SN = 7809
* Conductivity SN = 7809
* System UpLoad Time = May 07 2018 16:24:51
* <ApplicationData>
* <Seaterm232>
# nquan = 15
# nvalues = 925                         
# units = specified
# name 0 = depFM: Depth [fresh water, m]
# name 1 = dz/dtM: Descent Rate [m/s]
# name 2 = sbeox0Mg/L: Oxygen, SBE 43 [mg/l]
# name 3 = sbeox0PS: Oxygen, SBE 43 [% saturation]
# name 4 = specc: Specific Conductance [uS/cm]
# name 5 = c0uS/cm: Conductivity [uS/cm]
# name 6 = flECO-AFL: Fluorescence, WET Labs ECO-AFL/FL [mg/m^3]
# name 7 = ph: pH
# name 8 = orp: Oxidation Reduction Potential [mV]
# name 9 = par/sat/log: PAR/Logarithmic, Satlantic
# name 10 = turbWETntu0: Turbidity, WET Labs ECO [NTU]
# name 11 = prdM: Pressure, Strain Gauge [db]
# name 12 = prdE: Pressure, Strain Gauge [psi]
# name 13 = tv290C: Temperature [ITS-90, deg C]
# name 14 = flag:  0.000e+00
# span 0 =     -0.563,      6.152       
# span 1 =     -0.102,      0.164       
# span 2 =     5.4256,     9.8541       
# span 3 =     58.941,    101.616       
# span 4 =      0.591,     38.948       
# span 5 =   0.509660,  31.220312       
# span 6 =    -1.8319,     2.1916       
# span 7 =      6.619,     10.944       
# span 8 =   301.3746,  1240.2048       
# span 9 = 2.5278e+01, 2.3283e+03       
# span 10 =    -5.9052,     4.2871      
# span 11 =     -0.553,      6.036      
# span 12 =     -0.802,      8.755      
# span 13 =     8.7422,    19.5558      
# span 14 = 0.0000e+00, 0.0000e+00      
# interval = seconds: 0.25
# start_time = May 07 2018 15:39:05 [Instrument's time stamp, header]
# bad_flag = -9.990e-29
*END*
[from data line 290]
     -0.051 4.9052e-22     8.5894     93.640     34.901  31.101375     0.8825      7.296   317.3666 2.1903e+03     0.8330     -0.050     -0.072    19.5489 0.0000e+00
     -0.051 4.4593e-23     8.5869     93.609     34.887  31.087434     0.8824      7.296   317.4066 2.1906e+03     0.8334     -0.050     -0.073    19.5498 0.0000e+00
     -0.051 4.0539e-24     8.5823     93.555     34.902  31.098877     0.8905      7.295   317.4868 2.1908e+03     0.8363     -0.050     -0.073    19.5511 0.0000e+00
     -0.051 3.6854e-25     8.5751     93.472     34.919  31.112704     0.8976      7.293   317.5618 2.1892e+03     0.8376     -0.050     -0.072    19.5526 0.0000e+00
     -0.051 3.3503e-26     8.5657     93.365     34.938  31.127598     0.9031      7.293   317.6255 2.1887e+03     0.8494     -0.050     -0.073    19.5523 0.0000e+00
     -0.051 3.0458e-27     8.5546     93.240     34.967  31.151941     0.9030      7.294   317.6535 2.1922e+03     0.8567     -0.050     -0.072    19.5501 0.0000e+00
     -0.051 2.7689e-28     8.5448     93.129     34.969  31.153001     0.8785      7.293   317.5562 2.1949e+03     0.8338     -0.050     -0.073    19.5477 0.0000e+00
     -0.051 2.5172e-29     8.5361     93.030     34.957  31.140415     0.8449      7.292   317.4824 2.1945e+03     0.8472     -0.050     -0.073    19.5451 0.0000e+00
     -0.051 2.2883e-30     8.5268     92.925     34.943  31.126779     0.8364      7.292   317.4491 2.1949e+03     0.8968     -0.049     -0.072    19.5426 0.0000e+00
     -0.051 2.0803e-31     8.5165     92.810     34.932  31.115137     0.8401      7.291   317.4126 2.1971e+03     0.8847     -0.050     -0.073    19.5404 0.0000e+00
     -0.051 1.8912e-32     8.5050     92.681     34.947  31.126666     0.8339      7.285   317.4708 2.1978e+03     0.8529     -0.051     -0.074    19.5387 0.0000e+00
     -0.051 1.7192e-33     8.4917     92.531     34.962  31.139157     0.7981      7.271   317.6363 2.1963e+03     0.8477     -0.050     -0.073    19.5368 0.0000e+00
     -0.051 1.5629e-34     8.4730     92.324     34.963  31.139146     0.7389      7.254   317.7798 2.1951e+03     0.8531     -0.050     -0.073    19.5350 0.0000e+00
     -0.051 1.4209e-35     8.4466     92.033     34.950  31.126540     0.7064      7.237   317.8285 2.1951e+03     0.8565     -0.050     -0.073    19.5330 0.0000e+00
     -0.051 1.2917e-36     8.4198     91.738     34.937  31.113749     0.6985      7.225   317.8810 2.1966e+03     0.8284     -0.050     -0.073    19.5302 0.0000e+00
     -0.051 1.1743e-37     8.4017     91.538     34.936  31.111503     0.6812      7.220   317.8120 2.2006e+03     0.8175     -0.050     -0.073    19.5281 0.0000e+00
     -0.051 1.0675e-38     8.3957     91.471     34.923  31.099382     0.6618      7.221   317.6825 2.2036e+03     0.8466     -0.050     -0.073    19.5266 0.0000e+00
     -0.051 9.7050e-40     8.4001     91.518     34.918  31.094220     0.6569      7.225   317.6924 2.2040e+03     0.8754     -0.051     -0.074    19.5248 0.0000e+00
     -0.051 8.8225e-41     8.4107     91.635     34.938  31.112590     0.6591      7.230   317.6738 2.2046e+03     0.8914     -0.050     -0.073    19.5229 0.0000e+00
     -0.051 8.0205e-42     8.4214     91.751     34.958  31.130970     0.6518      7.234   317.7153 2.2043e+03     0.8870     -0.050     -0.072    19.5212 0.0000e+00
     -0.052 7.2861e-43     8.4250     91.791     34.952  31.125921     0.6424      7.237   317.8505 2.2021e+03     0.8837     -0.051     -0.074    19.5200 0.0000e+00
     -0.052 6.0308e-44     8.4207     91.745     34.940  31.115060     0.6463      7.242   317.8460 2.2015e+03     0.8821     -0.051     -0.074    19.5199 0.0000e+00
     -0.052 -5.972e-44     8.4073     91.600     34.953  31.126670     0.6519      7.246   317.8316 2.2023e+03     0.8676     -0.050     -0.073    19.5206 0.0000e+00
     -0.052 -7.226e-43     8.3852     91.363     34.966  31.139272     0.6556      7.246   317.8495 2.2034e+03     0.8611     -0.051     -0.074    19.5212 0.0000e+00
     -0.052 -7.955e-42     8.3571     91.062     34.964  31.140417     0.6640      7.242   317.8041 2.2044e+03     0.8650     -0.051     -0.074    19.5215 0.0000e+00
     -0.052 -8.751e-41     8.3297     90.769     34.962  31.140522     0.6710      7.234   317.7994 2.2034e+03     0.8531     -0.051     -0.074    19.5210 0.0000e+00
     -0.051 -9.626e-40     8.3098     90.556     34.960  31.140532     0.6658      7.227   317.8789 2.2019e+03     0.8398     -0.051     -0.074    19.5207 0.0000e+00
     -0.051 -1.059e-38     8.2955     90.401     34.960  31.140543     0.6564      7.223   317.9897 2.2019e+03     0.7956     -0.049     -0.072    19.5232 0.0000e+00
     -0.051 -1.165e-37     8.2897     90.337     34.961  31.140668     0.6683      7.223   318.1072 2.2020e+03     0.7147     -0.050     -0.073    19.5275 0.0000e+00
     -0.051 -1.281e-36     8.2905     90.343     34.963  31.142032     0.6906      7.227   318.1811 2.2030e+03     0.6860     -0.051     -0.074    19.5307 0.0000e+00
     -0.051 -1.409e-35     8.2904     90.339     34.981  31.157033     0.7049      7.232   318.1086 2.2039e+03     0.6626     -0.050     -0.073    19.5325 0.0000e+00
     -0.051 -1.550e-34     8.2869     90.300     35.025  31.195023     0.7030      7.237   318.0050 2.1977e+03     0.6145     -0.051     -0.074    19.5328 0.0000e+00
     -0.051 -1.705e-33     8.2781     90.203     35.054  31.220312     0.6499      7.241   318.0475 2.1517e+03     0.6538     -0.050     -0.073    19.5316 0.0000e+00
     -0.051 -1.876e-32     8.2632     90.038     35.042  31.208765     0.5682      7.245   318.1921 2.0781e+03     0.7714     -0.050     -0.073    19.5302 0.0000e+00
     -0.052 -2.063e-31     8.2490     89.882     35.013  31.182425     0.5322      7.252   318.2914 2.0446e+03     0.8459     -0.051     -0.074    19.5288 0.0000e+00
     -0.052 -2.270e-30     8.2458     89.846     34.983  31.155877     0.5373      7.260   318.3014 1.8249e+03     0.8531     -0.051     -0.074    19.5276 0.0000e+00
     -0.052 -2.497e-29     8.2541     89.936     34.968  31.141814     0.5378      7.268   318.3987 1.3121e+03     0.8585     -0.050     -0.073    19.5269 0.0000e+00
     -0.052 -2.746e-28     8.2697     90.105     34.966  31.139399     0.5289      7.273   318.6072 9.9859e+02     0.8805     -0.051     -0.074    19.5260 0.0000e+00
     -0.052 -3.021e-27     8.2887     90.310     34.952  31.126687     0.5222      7.277   318.8433 9.7829e+02     0.8753     -0.051     -0.074    19.5256 0.0000e+00
     -0.051 -3.323e-26     8.3050     90.485     34.940  31.115130     0.5202      7.280   319.0164 9.0092e+02     0.8563     -0.050     -0.072    19.5255 0.0000e+00
     -0.051 -3.655e-25     8.3141     90.583     34.953  31.126676     0.5238      7.281   319.0655 9.0981e+02     0.8035     -0.049     -0.072    19.5251 0.0000e+00
     -0.051 -4.021e-24     8.3115     90.553     34.968  31.139263     0.5292      7.281   319.0070 1.3005e+03     0.6944     -0.050     -0.073    19.5239 0.0000e+00
     -0.052 -4.423e-23     8.2996     90.424     34.969  31.140304     0.5295      7.279   318.8250 1.8471e+03     0.6360     -0.051     -0.074    19.5228 0.0000e+00
     -0.052 -4.865e-22     8.2923     90.344     34.969  31.139263     0.5285      7.274   318.6714 2.1431e+03     0.6472     -0.051     -0.074    19.5219 0.0000e+00
     -0.051 -5.352e-21     8.2935     90.355     34.955  31.126675     0.5444      7.271   318.6130 2.2061e+03     0.6767     -0.050     -0.073    19.5212 0.0000e+00
     -0.051 -5.887e-20     8.2966     90.388     34.943  31.115124     0.5742      7.271   318.7213 2.2205e+03     0.7482     -0.049     -0.072    19.5208 0.0000e+00
     -0.051 -6.476e-19     8.2993     90.416     34.957  31.126619     0.5943      7.271   318.8622 2.2297e+03     0.8402     -0.050     -0.073    19.5205 0.0000e+00
     -0.051 -7.123e-18     8.3021     90.444     34.971  31.138643     0.6037      7.271   318.7679 2.2347e+03     0.8743     -0.050     -0.072    19.5200 0.0000e+00
     -0.051 -7.836e-17     8.3045     90.469     34.965  31.133480     0.6051      7.270   318.6995 2.2338e+03     0.8252     -0.050     -0.073    19.5193 0.0000e+00
     -0.051 -8.619e-16     8.3050     90.474     34.959  31.127706     0.6024      7.270   318.8103 2.2291e+03     0.7343     -0.050     -0.073    19.5182 0.0000e+00
     -0.051 -9.481e-15     8.3033     90.454     34.965  31.132344     0.5987      7.271   318.9020 2.2235e+03     0.6602     -0.050     -0.073    19.5173 0.0000e+00
     -0.051 -1.043e-13     8.2991     90.408     34.958  31.126046     0.5878      7.272   318.8616 2.2178e+03     0.6316     -0.050     -0.073    19.5166 0.0000e+00
     -0.051 -1.147e-12     8.2936     90.348     34.946  31.115063     0.5808      7.274   318.8390 2.2130e+03     0.6330     -0.051     -0.074    19.5157 0.0000e+00
     -0.050 -1.262e-11     8.2900     90.308     34.959  31.126567     0.5966      7.276   318.8863 2.2035e+03     0.6763     -0.050     -0.072    19.5153 0.0000e+00
     -0.050 -1.388e-10     8.2913     90.323     34.972  31.138117     0.6323      7.277   318.8323 2.1231e+03     0.7890     -0.049     -0.071    19.5150 0.0000e+00
     -0.051 -1.527e-09     8.2956     90.369     34.960  31.127697     0.6535      7.277   318.7881 1.8789e+03     0.8664     -0.050     -0.073    19.5145 0.0000e+00
     -0.052 -1.680e-08     8.2964     90.377     34.960  31.127603     0.6511      7.277   318.8671 1.5399e+03     0.8797     -0.051     -0.074    19.5143 0.0000e+00
     -0.052 -1.848e-07     8.2913     90.320     34.971  31.136974     0.6579      7.277   318.9276 1.3598e+03     0.8584     -0.051     -0.074    19.5143 0.0000e+00
     -0.052 -1.694e-07     8.2807     90.205     34.946  31.113985     0.6723      7.277   319.0034 1.5651e+03     0.7615     -0.051     -0.075    19.5141 0.0000e+00
     -0.051 1.3995e-10     8.2651     90.033     34.935  31.103679     0.6773      7.276   319.1817 1.9768e+03     0.6841     -0.050     -0.074    19.5139 0.0000e+00
     -0.051 1.5395e-09     8.2495     89.863     34.975  31.139377     0.6818      7.275   319.2756 2.1952e+03     0.6557     -0.050     -0.072    19.5137 0.0000e+00
     -0.051 1.6934e-08     8.2420     89.781     35.003  31.164562     0.6899      7.273   319.1930 2.2155e+03     0.6316     -0.050     -0.072    19.5134 0.0000e+00
     -0.051 1.8627e-07     8.2446     89.809     34.992  31.154152     0.7015      7.272   319.1288 2.2053e+03     0.6374     -0.050     -0.073    19.5130 0.0000e+00
     -0.051 1.8627e-07     8.2529     89.900     34.977  31.140523     0.7029      7.271   319.1023 2.1932e+03     0.6644     -0.050     -0.073    19.5125 0.0000e+00
     -0.051 1.6934e-08     8.2597     89.974     34.961  31.126791     0.6884      7.271   319.0441 2.1853e+03     0.6837     -0.051     -0.075    19.5121 0.0000e+00
     -0.051 1.5395e-09     8.2587     89.963     34.948  31.115141     0.7008      7.271   319.0277 2.1848e+03     0.7180     -0.050     -0.073    19.5118 0.0000e+00
     -0.051 1.4100e-10     8.2509     89.878     34.960  31.126678     0.7426      7.271   319.0760 2.1876e+03     0.8041     -0.050     -0.073    19.5116 0.0000e+00
     -0.051 2.4289e-11     8.2416     89.776     34.975  31.139273     0.7618      7.271   319.1973 2.1896e+03     0.8703     -0.051     -0.074    19.5116 0.0000e+00
     -0.051 1.3995e-10     8.2354     89.710     34.976  31.140408     0.7591      7.271   319.2905 2.1903e+03     0.8775     -0.050     -0.073    19.5116 0.0000e+00
     -0.051 1.5395e-09     8.2346     89.702     34.976  31.140399     0.7646      7.271   319.2559 2.1911e+03     0.8912     -0.050     -0.073    19.5117 0.0000e+00
     -0.051 1.6934e-08     8.2386     89.746     34.974  31.139168     0.7735      7.270   319.2094 2.1894e+03     0.9135     -0.050     -0.072    19.5119 0.0000e+00
     -0.051 1.8627e-07     8.2445     89.811     34.958  31.125521     0.7746      7.272   319.2452 2.1841e+03     0.9033     -0.050     -0.072    19.5121 0.0000e+00
     -0.051 1.8627e-07     8.2499     89.870     34.932  31.102419     0.7685      7.274   319.3447 2.1781e+03     0.8593     -0.049     -0.072    19.5122 0.0000e+00
     -0.051 1.6895e-08     8.2552     89.927     34.945  31.113870     0.7641      7.275   319.3793 2.1721e+03     0.8086     -0.050     -0.073    19.5125 0.0000e+00
     -0.051 1.1068e-09     8.2628     90.011     34.971  31.136965     0.7669      7.274   319.2332 2.1675e+03     0.8095     -0.050     -0.074    19.5129 0.0000e+00
     -0.051 -3.220e-09     8.2738     90.131     34.960  31.127612     0.7663      7.274   319.1270 2.1661e+03     0.8703     -0.051     -0.075    19.5132 0.0000e+00
     -0.051 -3.542e-08     8.2846     90.250     34.960  31.127805     0.7658      7.274   319.2135 2.1662e+03     0.9030     -0.050     -0.073    19.5136 0.0000e+00
     -0.050 -3.896e-07     8.2931     90.343     34.972  31.139309     0.7698      7.274   319.2476 2.1679e+03     0.8686     -0.049     -0.071    19.5135 0.0000e+00
     -0.050      0.000     8.2994     90.414     34.972  31.139684     0.7696      7.274   319.1953 2.1725e+03     0.8515     -0.048     -0.070    19.5136 0.0000e+00
     -0.050      0.000     8.3012     90.436     34.963  31.132335     0.7630      7.274   319.3552 2.1765e+03     0.8793     -0.049     -0.071    19.5141 0.0000e+00
     -0.051     -0.001     8.2978     90.401     34.942  31.113974     0.7630      7.273   319.5454 2.1768e+03     0.8689     -0.050     -0.073    19.5143 0.0000e+00
     -0.052     -0.001     8.2917     90.336     34.934  31.108201     0.7700      7.272   319.5171 2.1748e+03     0.8473     -0.052     -0.075    19.5148 0.0000e+00
     -0.052      0.000     8.2830     90.242     34.954  31.126046     0.7641      7.270   319.5291 2.1721e+03     0.8622     -0.051     -0.074    19.5162 0.0000e+00
     -0.051 -5.573e-08     8.2726     90.132     34.967  31.139215     0.7559      7.264   319.6037 2.1696e+03     0.8662     -0.050     -0.072    19.5174 0.0000e+00
     -0.051 -6.130e-07     8.2632     90.033     34.967  31.140402     0.7634      7.258   319.6448 2.1690e+03     0.8649     -0.049     -0.071    19.5184 0.0000e+00
     -0.051     -0.000     8.2572     89.969     34.966  31.140407     0.7718      7.253   319.6818 2.1691e+03     0.8771     -0.050     -0.072    19.5195 0.0000e+00
     -0.051      0.000     8.2579     89.978     34.965  31.139272     0.7561      7.251   319.7077 2.1682e+03     0.8620     -0.050     -0.073    19.5204 0.0000e+00
     -0.051     -0.001     8.2637     90.042     34.950  31.126686     0.7216      7.250   319.6990 2.1668e+03     0.8341     -0.050     -0.073    19.5215 0.0000e+00
     -0.051     -0.001     8.2673     90.082     34.937  31.115238     0.7034      7.251   319.6627 2.1660e+03     0.8458     -0.051     -0.074    19.5232 0.0000e+00
     -0.051     -0.001     8.2615     90.019     34.951  31.127877     0.7011      7.253   319.6984 2.1666e+03     0.8508     -0.050     -0.073    19.5245 0.0000e+00
     -0.051     -0.001     8.2450     89.842     34.978  31.152489     0.6854      7.256   319.7010 2.1671e+03     0.8332     -0.050     -0.073    19.5249 0.0000e+00
     -0.052     -0.001     8.2235     89.608     34.984  31.158778     0.6603      7.258   319.6943 2.1674e+03     0.8471     -0.051     -0.074    19.5253 0.0000e+00
     -0.052     -0.000     8.2022     89.377     34.964  31.140416     0.6452      7.259   319.7890 2.1691e+03     0.8662     -0.052     -0.075    19.5258 0.0000e+00
     -0.052 -5.622e-08     8.1841     89.181     34.941  31.121006     0.6506      7.260   319.8138 2.1703e+03     0.8499     -0.051     -0.075    19.5262 0.0000e+00
     -0.052 -6.184e-07     8.1699     89.026     34.934  31.114613     0.6610      7.261   319.7360 2.1681e+03     0.8330     -0.051     -0.074    19.5269 0.0000e+00
