Data/DataNotYetUploadedToEDI/Raw_CTD/RawDownloads/050718_fcr10.cnv
* Sea-Bird SBE19plus  Data File:
* FileName = C:\DATA\050718_fcr_0001.hex
* Software version 2.6.3.104 SB_Terminal.dll
* Temperature SN = 7809
* Conductivity SN = 7809
* System UpLoad Time = May 07 2018 16:23:31
* <ApplicationData>
* <Seaterm232>
# nquan = 15
# nvalues = 691                         
# units = specified
# name 0 = depFM: Depth [fresh water, m]
# name 1 = dz/dtM: Descent Rate [m/s]
# name 2 = sbeox0Mg/L: Oxygen, SBE 43 [mg/l]
# name 3 = sbeox0PS: Oxygen, SBE 43 [% saturation]
# name 4 = specc: Specific Conductance [uS/cm]
# name 5 = c0uS/cm: Conductivity [uS/cm]
# name 6 = flECO-AFL: Fluorescence, WET Labs ECO-AFL/FL [mg/m^3]
# name 7 = ph: pH
# name 8 = orp: Oxidation Reduction Potential [mV]
# name 9 = par/sat/log: PAR/Logarithmic, Satlantic
# name 10 = turbWETntu0: Turbidity, WET Labs ECO [NTU]
# name 11 = prdM: Pressure, Strain Gauge [db]
# name 12 = prdE: Pressure, Strain Gauge [psi]
# name 13 = tv290C: Temperature [ITS-90, deg C]
# name 14 = flag:  0.000e+00
# span 0 =     -0.560,      2.440       
# span 1 =     -0.131,      0.235       
# span 2 =     5.4449,    11.8667       
# span 3 =     58.761,    116.938       
# span 4 =      0.834,     37.057       
# span 5 =   0.763165,  32.115306       
# span 6 =    -2.1820,     2.9786       
# span 7 =      5.150,      7.576       
# span 8 =  -647.6872,  1152.8364       
# span 9 = 1.3284e+02, 2.0287e+03       
# span 10 =    -5.6564,     2.7374      
# span 11 =     -0.550,      2.393      
# span 12 =     -0.797,      3.471      
# span 13 =    14.6350,    20.7384      
# span 14 = 0.0000e+00, 0.0000e+00      
# interval = seconds: 0.25
# start_time = May 07 2018 14:27:07 [Instrument's time stamp, header]
# bad_flag = -9.990e-29
*END*
[from data line 193]
     -0.043 1.8486e-08     8.9532     96.031     34.948  30.577941     1.2640      7.195   264.8657 1.4697e+03     1.1309     -0.042     -0.061    18.7481 0.0000e+00
     -0.043 1.8218e-09     8.8841     95.295     34.933  30.567654     1.2514      7.195   265.0148 1.3507e+03     1.1194     -0.043     -0.062    18.7420 0.0000e+00
     -0.043 3.2455e-09     8.8282     94.703     34.917  30.556307     1.2466      7.195   265.1416 1.2476e+03     1.1163     -0.042     -0.061    18.7417 0.0000e+00
     -0.043 3.5700e-08     8.7848     94.242     34.929  30.567767     1.2336      7.194   265.2810 1.1574e+03     1.1241     -0.042     -0.061    18.7429 0.0000e+00
     -0.044 3.9270e-07     8.7463     93.829     34.942  30.579211     1.2227      7.190   265.4948 1.1087e+03     1.1225     -0.043     -0.062    18.7437 0.0000e+00
     -0.044      0.000     8.7049     93.385     34.928  30.567655     1.2250      7.185   265.7480 1.1582e+03     1.0967     -0.043     -0.063    18.7468 0.0000e+00
     -0.043      0.000     8.6630     92.938     34.913  30.555058     1.2348      7.180   265.9337 1.2713e+03     1.0860     -0.042     -0.061    18.7520 0.0000e+00
     -0.043      0.001     8.6272     92.556     34.911  30.553913     1.2574      7.175   266.0194 1.3685e+03     1.0853     -0.041     -0.060    18.7536 0.0000e+00
     -0.043      0.001     8.5985     92.248     34.911  30.553808     1.2872      7.172   266.0958 1.4313e+03     1.0888     -0.042     -0.061    18.7522 0.0000e+00
     -0.043      0.001     8.5792     92.039     34.912  30.553798     1.3021      7.172   266.2547 1.4860e+03     1.1276     -0.043     -0.062    18.7528 0.0000e+00
     -0.042      0.000     8.5704     91.941     34.913  30.553789     1.3082      7.176   266.4785 1.5282e+03     1.1581     -0.041     -0.060    18.7547 0.0000e+00
     -0.042      0.000     8.5646     91.877     34.914  30.553694     1.3145      7.179   266.6501 1.5143e+03     1.1217     -0.041     -0.059    18.7569 0.0000e+00
     -0.042     -0.001     8.5633     91.866     34.912  30.552653     1.3142      7.177   266.6954 1.4808e+03     1.0837     -0.041     -0.060    18.7565 0.0000e+00
     -0.043     -0.001     8.5700     91.941     34.897  30.541202     1.3046      7.169   266.6819 1.4810e+03     1.0648     -0.042     -0.061    18.7543 0.0000e+00
     -0.043     -0.001     8.5790     92.038     34.897  30.542262     1.2990      7.161   266.7451 1.4639e+03     1.0462     -0.042     -0.061    18.7517 0.0000e+00
     -0.044     -0.001     8.5862     92.114     34.924  30.565459     1.2922      7.158   267.0288 1.4116e+03     1.0723     -0.043     -0.064    18.7499 0.0000e+00
     -0.045      0.000     8.5886     92.142     34.926  30.567653     1.2695      7.161   267.2738 1.3984e+03     1.1065     -0.045     -0.065    18.7525 0.0000e+00
     -0.045      0.001     8.5845     92.098     34.927  30.568789     1.2540      7.165   267.2983 1.4428e+03     1.0931     -0.044     -0.063    18.7563 0.0000e+00
     -0.044      0.001     8.5784     92.032     34.939  30.579191     1.2520      7.169   267.4106 1.5214e+03     1.0625     -0.043     -0.062    18.7562 0.0000e+00
     -0.043      0.001     8.5733     91.980     34.924  30.566415     1.2450      7.174   267.5989 1.6525e+03     1.0715     -0.043     -0.062    18.7534 0.0000e+00
     -0.043      0.001     8.5677     91.930     34.891  30.541327     1.2527      7.179   267.7689 1.7805e+03     1.1111     -0.041     -0.060    18.7556 0.0000e+00
     -0.043      0.001     8.5647     91.907     34.875  30.529883     1.2799      7.183   267.9174 1.8230e+03     1.1441     -0.041     -0.060    18.7578 0.0000e+00
     -0.043      0.000     8.5667     91.934     34.901  30.555066     1.2979      7.184   267.9314 1.8105e+03     1.1351     -0.043     -0.063    18.7544 0.0000e+00
     -0.042     -0.000     8.5712     91.985     34.941  30.591797     1.3054      7.185   267.9374 1.7824e+03     1.0941     -0.042     -0.061    18.7554 0.0000e+00
     -0.042     -0.001     8.5773     92.055     34.941  30.592951     1.3239      7.187   268.0774 1.7142e+03     1.1067     -0.040     -0.059    18.7624 0.0000e+00
     -0.042     -0.002     8.5873     92.169     34.911  30.569016     1.3569      7.187   268.2473 1.6153e+03     1.1652     -0.041     -0.060    18.7681 0.0000e+00
     -0.043     -0.002     8.5983     92.293     34.894  30.556429     1.3825      7.186   268.4428 1.5573e+03     1.1912     -0.042     -0.061    18.7707 0.0000e+00
     -0.044     -0.002     8.6054     92.371     34.906  30.567788     1.3853      7.186   268.6341 1.5696e+03     1.1762     -0.043     -0.063    18.7719 0.0000e+00
     -0.046     -0.002     8.6089     92.404     34.921  30.579336     1.3540      7.186   268.6672 1.6266e+03     1.1369     -0.045     -0.065    18.7735 0.0000e+00
     -0.046     -0.001     8.6084     92.391     34.912  30.569038     1.3163      7.187   268.7569 1.7212e+03     1.1128     -0.045     -0.065    18.7769 0.0000e+00
     -0.045     -0.001     8.6050     92.346     34.917  30.570297     1.3073      7.189   269.0302 1.8259e+03     1.1284     -0.045     -0.065    18.7818 0.0000e+00
     -0.045      0.000     8.6032     92.323     34.947  30.594556     1.3093      7.189   269.3052 1.8849e+03     1.1421     -0.043     -0.063    18.7837 0.0000e+00
     -0.045      0.001     8.6046     92.338     34.962  30.608308     1.3228      7.189   269.4140 1.9022e+03     1.1561     -0.044     -0.064    18.7804 0.0000e+00
     -0.045      0.001     8.6066     92.363     34.962  30.609558     1.3504      7.189   269.4853 1.9007e+03     1.1766     -0.045     -0.065    18.7753 0.0000e+00
     -0.045      0.001     8.6089     92.395     34.959  30.609670     1.3671      7.187   269.6515 1.8762e+03     1.1760     -0.044     -0.064    18.7701 0.0000e+00
     -0.044      0.001     8.6127     92.447     34.954  30.609668     1.3680      7.184   269.7022 1.8492e+03     1.1492     -0.044     -0.064    18.7678 0.0000e+00
     -0.043      0.001     8.6172     92.508     34.949  30.609545     1.3797      7.182   269.6681 1.8442e+03     1.1272     -0.042     -0.062    18.7683 0.0000e+00
     -0.043      0.000     8.6192     92.537     34.944  30.608182     1.4075      7.182   269.6697 1.8409e+03     1.1227     -0.041     -0.060    18.7696 0.0000e+00
     -0.043     -0.000     8.6159     92.507     34.925  30.593190     1.4287      7.184   269.8076 1.8124e+03     1.1265     -0.041     -0.059    18.7731 0.0000e+00
     -0.044      0.000     8.6085     92.427     34.881  30.555295     1.4425      7.186   270.1310 1.7608e+03     1.1425     -0.043     -0.062    18.7807 0.0000e+00
     -0.045     -0.001     8.5980     92.309     34.856  30.531048     1.4365      7.188   270.3958 1.7042e+03     1.1332     -0.045     -0.065    18.7881 0.0000e+00
     -0.044     -0.001     8.5856     92.168     34.886  30.554046     1.4207      7.189   270.5135 1.6637e+03     1.1055     -0.044     -0.063    18.7916 0.0000e+00
     -0.043     -0.001     8.5752     92.048     34.918  30.579334     1.4261      7.190   270.5222 1.6609e+03     1.1126     -0.042     -0.061    18.7948 0.0000e+00
     -0.043     -0.001     8.5710     91.997     34.925  30.582769     1.4384      7.190   270.5008 1.7069e+03     1.1581     -0.042     -0.061    18.7950 0.0000e+00
     -0.044     -0.001     8.5738     92.024     34.940  30.595564     1.4404      7.190   270.6860 1.7853e+03     1.1675     -0.043     -0.063    18.7915 0.0000e+00
     -0.044     -0.001     8.5816     92.106     34.954  30.607025     1.4038      7.190   270.9537 1.8625e+03     1.1039     -0.043     -0.063    18.7870 0.0000e+00
     -0.045     -0.001     8.5918     92.214     34.941  30.594327     1.3363      7.188   271.0702 1.9047e+03     1.0911     -0.044     -0.064    18.7821 0.0000e+00
     -0.046     -0.001     8.6028     92.326     34.914  30.569048     1.3042      7.186   271.1495 1.9031e+03     1.1652     -0.045     -0.065    18.7785 0.0000e+00
     -0.046     -0.001     8.6120     92.419     34.901  30.555412     1.3100      7.184   271.3104 1.8671e+03     1.2059     -0.046     -0.066    18.7769 0.0000e+00
     -0.046     -0.001     8.6138     92.435     34.904  30.556453     1.3425      7.183   271.3800 1.7904e+03     1.1872     -0.045     -0.065    18.7769 0.0000e+00
     -0.045     -0.000     8.6071     92.366     34.932  30.581636     1.3938      7.182   271.3889 1.6858e+03     1.1523     -0.044     -0.064    18.7765 0.0000e+00
     -0.045 -1.864e-08     8.5966     92.259     34.957  30.605875     1.4155      7.181   271.5904 1.6109e+03     1.1493     -0.044     -0.064    18.7731 0.0000e+00
     -0.046 -2.050e-07     8.5851     92.142     34.942  30.595491     1.4200      7.181   271.8371 1.6116e+03     1.1821     -0.045     -0.065    18.7685 0.0000e+00
     -0.046 -2.050e-07     8.5753     92.042     34.926  30.583114     1.4309      7.181   272.0489 1.6651e+03     1.1529     -0.046     -0.066    18.7670 0.0000e+00
     -0.046 -1.864e-08     8.5696     91.988     34.923  30.583237     1.4374      7.180   272.2584 1.7271e+03     1.1009     -0.045     -0.066    18.7682 0.0000e+00
     -0.046 -1.695e-09     8.5698     92.000     34.934  30.596979     1.4428      7.179   272.3913 1.7953e+03     1.1334     -0.045     -0.066    18.7720 0.0000e+00
     -0.045 -1.541e-10     8.5754     92.074     34.957  30.622269     1.4405      7.179   272.4509 1.8527e+03     1.1794     -0.044     -0.064    18.7757 0.0000e+00
     -0.045 -1.400e-11     8.5849     92.191     34.965  30.634989     1.4380      7.180   272.4628 1.8751e+03     1.2293     -0.044     -0.064    18.7780 0.0000e+00
     -0.046 -1.273e-12     8.5956     92.319     34.947  30.623764     1.4399      7.180   272.5348 1.8770e+03     1.3098     -0.045     -0.066    18.7823 0.0000e+00
     -0.046 -1.147e-13     8.6026     92.402     34.932  30.613571     1.4355      7.180   272.7199 1.8664e+03     1.3293     -0.046     -0.067    18.7877 0.0000e+00
     -0.046 9.5015e-16     8.6036     92.417     34.959  30.638766     1.4313      7.179   272.9798 1.8379e+03     1.3125     -0.045     -0.066    18.7950 0.0000e+00
     -0.046 1.2522e-13     8.6002     92.382     34.999  30.674362     1.4254      7.178   273.2679 1.7970e+03     1.3204     -0.045     -0.065    18.8034 0.0000e+00
     -0.046 1.3878e-12     8.5952     92.329     34.985  30.662920     1.4374      7.177   273.5357 1.7591e+03     1.2710     -0.045     -0.065    18.8109 0.0000e+00
     -0.046 1.5267e-11     8.5896     92.269     34.945  30.627438     1.4753      7.177   273.7224 1.7505e+03     1.1744     -0.045     -0.065    18.8151 0.0000e+00
     -0.046 1.6794e-10     8.5832     92.204     34.942  30.626398     1.4977      7.177   273.8048 1.7625e+03     1.1288     -0.045     -0.066    18.8170 0.0000e+00
     -0.047 1.8473e-09     8.5795     92.172     34.966  30.650344     1.4976      7.178   273.9296 1.7535e+03     1.1154     -0.045     -0.066    18.8183 0.0000e+00
     -0.047 2.0320e-08     8.5801     92.194     34.974  30.662939     1.4647      7.179   274.0272 1.7344e+03     1.1049     -0.047     -0.068    18.8174 0.0000e+00
     -0.047 2.2352e-07     8.5826     92.239     34.954  30.651684     1.4034      7.180   274.0381 1.7346e+03     1.0932     -0.047     -0.068    18.8179 0.0000e+00
     -0.046      0.000     8.5869     92.299     34.936  30.641281     1.3717      7.180   274.2341 1.7506e+03     1.0953     -0.045     -0.064    18.8184 0.0000e+00
     -0.046      0.000     8.5921     92.366     34.958  30.664186     1.3664      7.179   274.5034 1.7727e+03     1.1311     -0.044     -0.063    18.8220 0.0000e+00
     -0.046      0.001     8.5941     92.395     34.966  30.674598     1.3205      7.177   274.6272 1.7865e+03     1.1595     -0.045     -0.065    18.8319 0.0000e+00
     -0.047      0.001     8.5904     92.362     34.923  30.640168     1.2302      7.174   274.6984 1.7785e+03     1.1340     -0.046     -0.066    18.8419 0.0000e+00
     -0.047      0.001     8.5841     92.302     34.907  30.628935     1.1759      7.172   274.7621 1.7478e+03     1.0968     -0.046     -0.066    18.8503 0.0000e+00
     -0.046      0.001     8.5783     92.245     34.946  30.665798     1.1784      7.171   274.7951 1.6939e+03     1.1063     -0.045     -0.065    18.8554 0.0000e+00
     -0.045      0.001     8.5752     92.218     34.988  30.704828     1.2044      7.169   274.8398 1.6240e+03     1.1269     -0.044     -0.064    18.8591 0.0000e+00
     -0.045      0.002     8.5757     92.231     35.003  30.719809     1.2334      7.167   274.9582 1.5668e+03     1.1321     -0.044     -0.064    18.8637 0.0000e+00
     -0.044      0.002     8.5759     92.242     34.999  30.719920     1.2440      7.166   275.1080 1.5427e+03     1.1083     -0.043     -0.063    18.8673 0.0000e+00
     -0.044      0.002     8.5746     92.237     34.979  30.706179     1.2408      7.166   275.2748 1.5301e+03     1.0833     -0.043     -0.062    18.8707 0.0000e+00
     -0.044      0.002     8.5721     92.217     34.947  30.680682     1.2131      7.166   275.4256 1.4800e+03     1.1045     -0.043     -0.062    18.8744 0.0000e+00
     -0.043      0.001     8.5662     92.152     34.931  30.665671     1.1576      7.165   275.5547 1.3785e+03     1.1206     -0.042     -0.061    18.8775 0.0000e+00
     -0.043      0.001     8.5559     92.027     34.922  30.651701     1.1211      7.163   275.7176 1.2645e+03     1.0956     -0.042     -0.061    18.8817 0.0000e+00
     -0.042      0.000     8.5422     91.855     34.917  30.638781     1.1119      7.163   275.8467 1.1619e+03     1.0762     -0.041     -0.060    18.8874 0.0000e+00
     -0.042      0.000     8.5285     91.683     34.925  30.636453     1.1018      7.163   275.9108 1.0639e+03     1.0992     -0.042     -0.060    18.8919 0.0000e+00
     -0.043      0.000     8.5174     91.542     34.920  30.623543     1.0818      7.162   275.9758 9.8332e+02     1.1300     -0.042     -0.061    18.8925 0.0000e+00
     -0.043     -0.001     8.5092     91.438     34.911  30.609688     1.0624      7.159   276.0306 9.6286e+02     1.1121     -0.042     -0.061    18.8848 0.0000e+00
     -0.043     -0.001     8.5053     91.383     34.901  30.595936     1.0522      7.155   276.0573 9.9928e+02     1.0665     -0.042     -0.060    18.8696 0.0000e+00
     -0.043     -0.001     8.5071     91.393     34.891  30.584284     1.0407      7.150   276.1269 1.0230e+03     1.0673     -0.042     -0.061    18.8543 0.0000e+00
     -0.043     -0.001     8.5132     91.456     34.905  30.595811     1.0427      7.145   276.1840 9.9445e+02     1.1209     -0.042     -0.061    18.8434 0.0000e+00
     -0.044     -0.001     8.5217     91.547     34.919  30.608293     1.0757      7.135   276.2317 9.2311e+02     1.1656     -0.043     -0.063    18.8356 0.0000e+00
     -0.044     -0.001     8.5349     91.686     34.921  30.608188     1.1093      7.117   276.3588 8.3359e+02     1.1501     -0.044     -0.063    18.8278 0.0000e+00
     -0.044      0.000     8.5540     91.876     34.912  30.594541     1.1176      7.093   276.5160 7.5351e+02     1.0869     -0.043     -0.063    18.8219 0.0000e+00
     -0.044 1.8629e-08     8.5734     92.061     34.895  30.570294     1.1120      7.073   276.5839 6.7799e+02     1.0722     -0.043     -0.062    18.8216 0.0000e+00
     -0.044 2.0492e-07     8.5883     92.196     34.903  30.569035     1.1064      7.060   276.5784 6.0444e+02     1.0938     -0.043     -0.063    18.8233 0.0000e+00
     -0.044      0.000     8.5985     92.290     34.921  30.579315     1.1040      7.055   276.6205 5.7065e+02     1.0741     -0.043     -0.063    18.8222 0.0000e+00
     -0.044      0.000     8.6047     92.351     34.911  30.567560     1.1015      7.056   276.6633 5.7527e+02     1.0785     -0.043     -0.062    18.8145 0.0000e+00
     -0.044      0.001     8.6090     92.392     34.897  30.553923     1.0954      7.061   276.7517 5.8602e+02     1.1164     -0.043     -0.062    18.7988 0.0000e+00
