Data/DataNotYetUploadedToEDI/Raw_CTD/RawDownloads/050718_fcr50.cnv
* Sea-Bird SBE19plus  Data File:
* FileName = C:\DATA\050718_fcr_0005.hex
* Software version 2.6.3.104 SB_Terminal.dll
* Temperature SN = 7809
* Conductivity SN = 7809
* System UpLoad Time = May 07 2018 16:25:26
* <ApplicationData>
* <Seaterm232>
# nquan = 15
# nvalues = 1155                        
# units = specified
# name 0 = depFM: Depth [fresh water, m]
# name 1 = dz/dtM: Descent Rate [m/s]
# name 2 = sbeox0Mg/L: Oxygen, SBE 43 [mg/l]
# name 3 = sbeox0PS: Oxygen, SBE 43 [% saturation]
# name 4 = specc: Specific Conductance [uS/cm]
# name 5 = c0uS/cm: Conductivity [uS/cm]
# name 6 = flECO-AFL: Fluorescence, WET Labs ECO-AFL/FL [mg/m^3]
# name 7 = ph: pH
# name 8 = orp: Oxidation Reduction Potential [mV]
# name 9 = par/sat/log: PAR/Logarithmic, Satlantic
# name 10 = turbWETntu0: Turbidity, WET Labs ECO [NTU]
# name 11 = prdM: Pressure, Strain Gauge [db]
# name 12 = prdE: Pressure, Strain Gauge [psi]
# name 13 = tv290C: Temperature [ITS-90, deg C]
# name 14 = flag:  0.000e+00
# span 0 =     -0.567,      9.882       
# span 1 =     -0.106,      0.169       
# span 2 =     5.0904,     9.7586       
# span 3 =     55.592,    100.302       
# span 4 =      0.741,     49.584       
# span 5 =   0.636352,  33.519935       
# span 6 =    -1.4017,     2.1276       
# span 7 =      5.771,      7.277       
# span 8 = -1196.4263,   955.3735       
# span 9 = 1.2737e+00, 2.5007e+03       
# span 10 =    -2.9249,     9.9142      
# span 11 =     -0.558,      9.691      
# span 12 =     -0.808,     14.056      
# span 13 =     8.7960,    19.9707      
# span 14 = 0.0000e+00, 0.0000e+00      
# interval = seconds: 0.25
# start_time = May 07 2018 16:09:52 [Instrument's time stamp, header]
# bad_flag = -9.990e-29
*END*
[from data line 97]
     -0.066      0.001     6.0940     66.790     34.924  31.308406     0.5381      7.167   319.6198 8.5234e+02     0.8660     -0.063     -0.092    19.8374 0.0000e+00
     -0.065      0.002     6.0830     66.664     34.928  31.309550     0.5335      7.171   319.5629 9.8796e+02     0.8440     -0.063     -0.092    19.8320 0.0000e+00
     -0.065      0.004     6.0743     66.564     34.947  31.323273     0.5443      7.175   319.5319 1.2565e+03     0.8600     -0.064     -0.095    19.8262 0.0000e+00
     -0.065      0.005     6.0651     66.458     34.977  31.347313     0.5768      7.179   319.5893 1.4886e+03     0.8453     -0.063     -0.093    19.8219 0.0000e+00
     -0.064      0.005     6.0540     66.331     34.979  31.346168     0.5963      7.184   319.7403 1.6254e+03     0.8195     -0.064     -0.092    19.8181 0.0000e+00
     -0.061      0.005     6.0406     66.180     34.941  31.309428     0.5957      7.188   319.7229 1.7554e+03     0.8217     -0.059     -0.086    19.8145 0.0000e+00
     -0.058      0.004     6.0243     65.995     34.916  31.284139     0.6162      7.191   319.4648 1.7992e+03     0.8417     -0.056     -0.081    19.8104 0.0000e+00
     -0.058      0.003     6.0069     65.798     34.931  31.294437     0.6682      7.195   319.2872 1.6853e+03     0.8785     -0.057     -0.082    19.8066 0.0000e+00
     -0.057      0.001     5.9882     65.589     34.947  31.306920     0.7015      7.197   319.2967 1.6157e+03     0.9001     -0.056     -0.081    19.8034 0.0000e+00
     -0.057 4.0611e-08     5.9647     65.327     34.950  31.308055     0.7063      7.197   319.4938 1.5943e+03     0.8895     -0.055     -0.080    19.7988 0.0000e+00
     -0.058 4.4672e-07     5.9413     65.067     34.953  31.308149     0.7075      7.198   319.7769 1.4882e+03     0.8721     -0.056     -0.081    19.7939 0.0000e+00
     -0.059      0.000     5.9248     64.882     34.956  31.308055     0.7074      7.200   319.8801 1.4805e+03     0.8426     -0.058     -0.085    19.7898 0.0000e+00
     -0.060      0.000     5.9084     64.700     34.956  31.306910     0.7047      7.201   319.8813 1.5884e+03     0.8380     -0.060     -0.087    19.7868 0.0000e+00
     -0.058      0.001     5.8883     64.477     34.945  31.294313     0.7019      7.201   319.7916 1.6317e+03     0.8475     -0.058     -0.084    19.7847 0.0000e+00
     -0.056      0.002     5.8695     64.266     34.935  31.282757     0.7016      7.202   319.5700 1.6761e+03     0.8343     -0.054     -0.078    19.7807 0.0000e+00
     -0.056      0.002     5.8534     64.084     34.950  31.294200     0.7104      7.203   319.4390 1.7350e+03     0.8006     -0.055     -0.079    19.7768 0.0000e+00
     -0.056      0.001     5.8404     63.938     34.966  31.305652     0.7347      7.204   319.4119 1.6465e+03     0.7458     -0.055     -0.080    19.7756 0.0000e+00
     -0.056      0.000     5.8294     63.813     34.956  31.294200     0.7566      7.207   319.3292 1.5121e+03     0.6907     -0.054     -0.078    19.7728 0.0000e+00
     -0.056     -0.001     5.8183     63.688     34.946  31.282748     0.7639      7.211   319.2995 1.4853e+03     0.6227     -0.055     -0.079    19.7686 0.0000e+00
     -0.056     -0.001     5.8084     63.574     34.961  31.294202     0.7492      7.215   319.3969 1.4412e+03     0.5945     -0.055     -0.080    19.7650 0.0000e+00
     -0.057      0.000     5.7991     63.468     34.976  31.305664     0.7175      7.218   319.4736 1.3987e+03     0.6558     -0.056     -0.081    19.7610 0.0000e+00
     -0.057 -1.845e-08     5.7865     63.326     34.967  31.294317     0.7019      7.218   319.5388 1.3583e+03     0.7220     -0.057     -0.083    19.7578 0.0000e+00
     -0.056 -2.029e-07     5.7705     63.146     34.958  31.284018     0.7079      7.218   319.6685 1.2163e+03     0.7239     -0.055     -0.081    19.7547 0.0000e+00
     -0.056 -2.029e-07     5.7538     62.959     34.988  31.308163     0.7061      7.218   319.7525 1.1383e+03     0.6789     -0.054     -0.079    19.7513 0.0000e+00
     -0.056 -1.814e-08     5.7379     62.780     35.017  31.332203     0.6992      7.220   319.7794 1.1072e+03     0.6654     -0.055     -0.080    19.7477 0.0000e+00
     -0.056 1.6793e-09     5.7223     62.605     35.007  31.320657     0.7074      7.224   319.8222 9.5686e+02     0.6834     -0.055     -0.080    19.7437 0.0000e+00
     -0.057 3.6767e-08     5.7049     62.412     34.982  31.295567     0.7136      7.226   319.6668 8.8878e+02     0.6528     -0.056     -0.081    19.7396 0.0000e+00
     -0.057 4.0610e-07     5.6888     62.232     34.970  31.282885     0.6825      7.227   319.7073 1.2343e+03     0.6307     -0.056     -0.082    19.7361 0.0000e+00
     -0.056      0.000     5.6765     62.095     34.985  31.294329     0.6254      7.227   320.2254 1.8010e+03     0.6606     -0.055     -0.080    19.7328 0.0000e+00
     -0.056      0.000     5.6664     61.980     35.001  31.306917     0.6015      7.227   320.5119 2.0872e+03     0.6778     -0.055     -0.080    19.7297 0.0000e+00
     -0.056      0.001     5.6566     61.869     35.004  31.308061     0.6049      7.227   320.5035 2.1263e+03     0.6860     -0.055     -0.080    19.7266 0.0000e+00
     -0.056      0.001     5.6456     61.747     35.006  31.308165     0.6017      7.228   320.4686 2.1362e+03     0.6681     -0.056     -0.081    19.7236 0.0000e+00
     -0.056      0.000     5.6345     61.622     35.008  31.308165     0.6282      7.230   320.2621 2.1351e+03     0.5838     -0.056     -0.081    19.7211 0.0000e+00
     -0.055     -0.001     5.6232     61.496     35.010  31.308052     0.6858      7.233   319.9853 2.1437e+03     0.4913     -0.054     -0.079    19.7182 0.0000e+00
     -0.055     -0.001     5.6087     61.334     35.011  31.306803     0.7103      7.237   320.0472 2.1536e+03     0.4648     -0.054     -0.079    19.7155 0.0000e+00
     -0.056      0.000     5.5893     61.118     34.997  31.293060     0.7035      7.239   320.4084 2.1342e+03     0.4776     -0.055     -0.080    19.7133 0.0000e+00
     -0.058 1.8490e-08     5.5698     60.902     34.972  31.268907     0.6862      7.240   320.6527 2.0982e+03     0.5842     -0.057     -0.083    19.7110 0.0000e+00
     -0.058 2.0339e-07     5.5524     60.710     34.973  31.268803     0.6573      7.242   320.7634 2.0821e+03     0.7777     -0.058     -0.084    19.7089 0.0000e+00
     -0.057      0.000     5.5331     60.498     35.000  31.291803     0.6478      7.243   320.8008 2.0692e+03     0.8639     -0.056     -0.081    19.7065 0.0000e+00
     -0.056      0.000     5.5146     60.293     35.003  31.292949     0.6542      7.244   320.7604 2.0452e+03     0.8639     -0.054     -0.079    19.7033 0.0000e+00
     -0.056      0.001     5.4980     60.108     34.993  31.282661     0.6524      7.247   320.6194 2.0352e+03     0.8684     -0.055     -0.080    19.7008 0.0000e+00
     -0.057      0.001     5.4809     59.918     35.008  31.294427     0.6454      7.249   320.4728 2.0389e+03     0.8877     -0.056     -0.081    19.6998 0.0000e+00
     -0.057      0.000     5.4649     59.743     35.024  31.308190     0.6511      7.250   320.5367 2.0329e+03     0.9139     -0.057     -0.082    19.6979 0.0000e+00
     -0.056 3.0535e-10     5.4503     59.583     35.039  31.322046     0.6663      7.251   320.7039 2.0120e+03     0.9110     -0.056     -0.082    19.6955 0.0000e+00
     -0.056 3.3589e-09     5.4354     59.419     35.055  31.334945     0.6648      7.251   320.8599 1.9984e+03     0.8529     -0.054     -0.078    19.6929 0.0000e+00
     -0.056 3.6947e-08     5.4208     59.257     35.059  31.337140     0.6506      7.251   320.9589 2.0016e+03     0.7303     -0.054     -0.079    19.6905 0.0000e+00
     -0.057 4.0642e-07     5.4073     59.107     35.074  31.348583     0.6419      7.251   320.6112 2.0024e+03     0.6497     -0.057     -0.082    19.6903 0.0000e+00
     -0.058      0.000     5.3933     58.953     35.072  31.346283     0.6420      7.251   319.9254 1.9926e+03     0.6411     -0.057     -0.083    19.6913 0.0000e+00
     -0.057      0.000     5.3801     58.809     35.030  31.309325     0.6147      7.252   319.6355 1.9826e+03     0.6261     -0.056     -0.082    19.6898 0.0000e+00
     -0.056      0.001     5.3671     58.667     35.000  31.282776     0.5509      7.253   319.8600 1.9743e+03     0.6207     -0.056     -0.081    19.6875 0.0000e+00
     -0.056      0.001     5.3534     58.516     34.997  31.279331     0.5149      7.253   320.2300 1.9648e+03     0.6375     -0.054     -0.078    19.6851 0.0000e+00
     -0.056      0.000     5.3416     58.386     34.985  31.267671     0.5184      7.254   320.4094 1.9578e+03     0.6464     -0.055     -0.080    19.6832 0.0000e+00
     -0.057 4.2474e-07     5.3316     58.275     34.987  31.268806     0.5290      7.254   320.0502 1.9512e+03     0.6359     -0.057     -0.082    19.6849 0.0000e+00
     -0.056      0.000     5.3229     58.178     35.016  31.293054     0.5334      7.254   319.4145 1.9429e+03     0.6332     -0.054     -0.078    19.6858 0.0000e+00
     -0.056      0.000     5.3149     58.088     35.033  31.306805     0.5344      7.254   319.1762 1.9364e+03     0.6435     -0.055     -0.079    19.6841 0.0000e+00
     -0.056      0.001     5.3056     57.983     35.036  31.308055     0.5314      7.254   319.2339 1.9360e+03     0.6385     -0.056     -0.082    19.6827 0.0000e+00
     -0.056      0.001     5.2954     57.869     35.038  31.308169     0.5248      7.252   319.2523 1.9360e+03     0.6338     -0.054     -0.078    19.6815 0.0000e+00
     -0.056      0.000     5.2842     57.743     35.040  31.308170     0.5283      7.252   319.3978 1.9304e+03     0.7087     -0.055     -0.079    19.6796 0.0000e+00
     -0.055      0.000     5.2721     57.607     35.043  31.308066     0.5273      7.253   319.7026 1.9237e+03     0.8427     -0.055     -0.080    19.6777 0.0000e+00
     -0.055      0.000     5.2609     57.481     35.044  31.306920     0.5220      7.255   319.8404 1.9001e+03     0.8801     -0.053     -0.077    19.6755 0.0000e+00
     -0.055     -0.001     5.2511     57.371     35.032  31.294313     0.5292      7.256   319.7738 1.7456e+03     0.8551     -0.053     -0.077    19.6725 0.0000e+00
     -0.056     -0.001     5.2418     57.267     35.021  31.282652     0.5500      7.258   319.6723 1.3779e+03     0.8767     -0.056     -0.080    19.6696 0.0000e+00
     -0.057     -0.001     5.2324     57.162     35.034  31.292941     0.5705      7.260   319.6451 9.9394e+02     0.8979     -0.057     -0.082    19.6667 0.0000e+00
     -0.057     -0.001     5.2221     57.047     35.034  31.291692     0.5754      7.261   319.7029 7.9937e+02     0.8666     -0.056     -0.081    19.6634 0.0000e+00
     -0.057      0.000     5.2111     56.927     35.008  31.267548     0.5813      7.262   319.7685 7.4166e+02     0.8337     -0.055     -0.080    19.6604 0.0000e+00
     -0.057 1.2712e-11     5.2024     56.830     34.994  31.255056     0.6043      7.264   319.8368 7.3505e+02     0.8366     -0.056     -0.081    19.6578 0.0000e+00
     -0.057 1.3983e-10     5.1956     56.754     35.009  31.267662     0.6338      7.265   319.8398 8.0566e+02     0.8408     -0.057     -0.083    19.6562 0.0000e+00
     -0.056 1.5382e-09     5.1891     56.681     35.039  31.292952     0.6448      7.265   319.8058 9.6806e+02     0.8542     -0.056     -0.081    19.6550 0.0000e+00
     -0.056 1.6920e-08     5.1842     56.625     35.057  31.306799     0.6450      7.265   319.9404 1.1530e+03     0.8453     -0.054     -0.079    19.6532 0.0000e+00
     -0.056 1.8612e-07     5.1803     56.580     35.060  31.308067     0.6639      7.265   320.0914 1.2444e+03     0.7941     -0.055     -0.080    19.6522 0.0000e+00
     -0.056 1.8612e-07     5.1753     56.523     35.061  31.308276     0.6885      7.265   319.9967 1.1323e+03     0.7536     -0.055     -0.080    19.6513 0.0000e+00
     -0.057 1.6920e-08     5.1684     56.445     35.064  31.309318     0.6955      7.265   319.5694 9.0369e+02     0.7226     -0.056     -0.081    19.6497 0.0000e+00
     -0.057 1.5382e-09     5.1596     56.348     35.079  31.320666     0.6928      7.265   318.8824 7.7113e+02     0.6931     -0.057     -0.082    19.6474 0.0000e+00
     -0.057 1.3984e-10     5.1491     56.230     35.078  31.318470     0.6931      7.267   318.4883 8.4594e+02     0.6720     -0.055     -0.080    19.6450 0.0000e+00
     -0.057 1.2722e-11     5.1376     56.103     35.039  31.282770     0.6982      7.270   318.5903 1.0881e+03     0.6507     -0.056     -0.081    19.6429 0.0000e+00
     -0.057 1.2608e-12     5.1266     55.981     35.026  31.270070     0.6992      7.271   318.7384 1.2681e+03     0.6487     -0.056     -0.081    19.6410 0.0000e+00
     -0.057 1.2616e-12     5.1155     55.858     35.052  31.291926     0.6962      7.271   318.7299 1.1637e+03     0.6790     -0.055     -0.079    19.6389 0.0000e+00
     -0.058 1.2732e-11     5.1051     55.743     35.053  31.292993     0.6993      7.271   318.6607 1.1053e+03     0.6806     -0.057     -0.082    19.6368 0.0000e+00
     -0.058 1.3995e-10     5.0972     55.656     35.043  31.282972     0.7183      7.271   318.5032 1.3942e+03     0.6386     -0.057     -0.083    19.6354 0.0000e+00
     -0.057 1.5395e-09     5.0912     55.592     35.059  31.297782     0.7515      7.272   318.3739 1.6288e+03     0.6276     -0.056     -0.081    19.6342 0.0000e+00
     -0.057 1.6934e-08     5.0904     55.598     35.102  31.345035     0.7699      7.272   318.4749 1.6450e+03     0.6402     -0.056     -0.081    19.6325 0.0000e+00
     -0.056 1.8627e-07     5.1234     56.007     35.140  31.409747     0.7656      7.272   318.7771 1.6204e+03     0.6383     -0.056     -0.081    19.6308 0.0000e+00
     -0.056 1.8627e-07     5.2710     57.707     35.123  31.445163     0.7646      7.271   319.1029 1.5974e+03     0.6963     -0.054     -0.079    19.6298 0.0000e+00
     -0.057 1.6934e-08     5.6317     61.742     35.079  31.455768     0.7751      7.269   319.3167 1.5735e+03     0.8223     -0.056     -0.082    19.6295 0.0000e+00
     -0.057 1.5371e-09     6.2058     68.098     35.063  31.474525     0.7736      7.265   319.4697 1.5433e+03     0.8800     -0.057     -0.083    19.6309 0.0000e+00
     -0.057 1.1461e-10     6.8820     75.558     35.050  31.481466     0.7644      7.262   319.6612 1.5189e+03     0.8750     -0.055     -0.080    19.6734 0.0000e+00
     -0.057 -1.388e-10     7.5477     82.892     35.032  31.476213     0.7746      7.260   319.8252 1.4930e+03     0.8848     -0.056     -0.082    19.7646 0.0000e+00
     -0.057 -1.527e-09     8.1284     89.284     35.024  31.474538     0.8050      7.260   319.9046 1.4558e+03     0.8758     -0.057     -0.083    19.8402 0.0000e+00
     -0.057 -1.680e-08     8.5809     94.264     35.005  31.461221     0.8378      7.260   319.9326 1.3508e+03     0.8576     -0.056     -0.081    19.8837 0.0000e+00
     -0.057 -1.848e-07     8.8934     97.704     34.980  31.442216     0.8494      7.260   319.7336 1.1728e+03     0.8478     -0.056     -0.081    19.9087 0.0000e+00
     -0.057 -1.694e-07     9.0593     99.531     34.970  31.435287     0.8257      7.261   319.3047 1.0158e+03     0.7873     -0.056     -0.082    19.9217 0.0000e+00
     -0.057 1.4247e-10     9.0849     99.815     34.976  31.440956     0.7902      7.262   319.1351 8.9387e+02     0.6759     -0.057     -0.083    19.9301 0.0000e+00
     -0.057 1.5672e-09     9.0201     99.105     34.983  31.447249     0.7696      7.263   319.3179 8.4505e+02     0.6301     -0.056     -0.082    19.9349 0.0000e+00
     -0.056 1.7239e-08     8.9269     98.081     34.983  31.447873     0.7601      7.263   319.7083 9.3068e+02     0.6612     -0.055     -0.080    19.9384 0.0000e+00
     -0.056 1.8963e-07     8.8399     97.126     34.984  31.448498     0.7584      7.263   320.2415 1.0060e+03     0.6554     -0.055     -0.080    19.9407 0.0000e+00
