Data/DataNotYetUploadedToEDI/Raw_CTD/RawDownloads/050718_fcr20.cnv
* Sea-Bird SBE19plus  Data File:
* FileName = C:\DATA\050718_fcr_0002.hex
* Software version 2.6.3.104 SB_Terminal.dll
* Temperature SN = 7809
* Conductivity SN = 7809
* System UpLoad Time = May 07 2018 16:23:56
* <ApplicationData>
* <Seaterm232>
# nquan = 15
# nvalues = 812                         
# units = specified
# name 0 = depFM: Depth [fresh water, m]
# name 1 = dz/dtM: Descent Rate [m/s]
# name 2 = sbeox0Mg/L: Oxygen, SBE 43 [mg/l]
# name 3 = sbeox0PS: Oxygen, SBE 43 [% saturation]
# name 4 = specc: Specific Conductance [uS/cm]
# name 5 = c0uS/cm: Conductivity [uS/cm]
# name 6 = flECO-AFL: Fluorescence, WET Labs ECO-AFL/FL [mg/m^3]
# name 7 = ph: pH
# name 8 = orp: Oxidation Reduction Potential [mV]
# name 9 = par/sat/log: PAR/Logarithmic, Satlantic
# name 10 = turbWETntu0: Turbidity, WET Labs ECO [NTU]
# name 11 = prdM: Pressure, Strain Gauge [db]
# name 12 = prdE: Pressure, Strain Gauge [psi]
# name 13 = tv290C: Temperature [ITS-90, deg C]
# name 14 = flag:  0.000e+00
# span 0 =     -0.556,      3.759       
# span 1 =     -0.109,      0.216       
# span 2 =     5.4300,    10.9849       
# span 3 =     54.282,    109.710       
# span 4 =      0.718,     38.625       
# span 5 =   0.621175,  30.706194       
# span 6 =    -0.4487,   250.9991       
# span 7 =      6.095,      7.495       
# span 8 =   257.3455,  1240.2295       
# span 9 = 3.6496e+01, 1.5689e+03       
# span 10 =    -5.8931,   831.8411      
# span 11 =     -0.545,      3.688      
# span 12 =     -0.792,      5.348      
# span 13 =    10.8391,    18.9836      
# span 14 = 0.0000e+00, 0.0000e+00      
# interval = seconds: 0.25
# start_time = May 07 2018 14:39:31 [Instrument's time stamp, header]
# bad_flag = -9.990e-29
*END*
[from data line 482]
     -0.052     -0.001     8.2866     89.303     34.905  30.704797     0.8015      7.210   300.9999 1.1069e+03     0.8469     -0.050     -0.072    18.9710 0.0000e+00
     -0.053     -0.001     8.2891     89.332     34.904  30.704692     0.8102      7.210   301.0079 6.0507e+02     0.8127     -0.052     -0.075    18.9727 0.0000e+00
     -0.053     -0.001     8.2973     89.423     34.875  30.679405     0.8224      7.209   301.0837 3.3621e+02     0.8671     -0.053     -0.077    18.9746 0.0000e+00
     -0.053     -0.002     8.3107     89.568     34.844  30.653076     0.8204      7.208   301.1422 3.5526e+02     0.8943     -0.053     -0.077    18.9769 0.0000e+00
     -0.052     -0.002     8.3286     89.762     34.829  30.640386     0.7868      7.206   301.1117 6.2413e+02     0.8359     -0.051     -0.075    18.9785 0.0000e+00
     -0.052     -0.002     8.3496     89.989     34.843  30.652974     0.7643      7.203   301.0599 1.0385e+03     0.8024     -0.051     -0.074    18.9795 0.0000e+00
     -0.053     -0.003     8.3701     90.211     34.872  30.678259     0.7599      7.201   301.0323 1.1473e+03     0.8254     -0.052     -0.076    18.9807 0.0000e+00
     -0.055     -0.004     8.3855     90.378     34.888  30.692085     0.7524      7.199   301.0354 9.0673e+02     0.8391     -0.054     -0.078    18.9815 0.0000e+00
     -0.056     -0.004     8.3938     90.468     34.889  30.693135     0.7287      7.199   301.0975 5.9240e+02     0.8159     -0.055     -0.080    18.9820 0.0000e+00
     -0.057     -0.004     8.3926     90.454     34.886  30.690950     0.6942      7.200   301.0953 4.0501e+02     0.8190     -0.055     -0.080    18.9825 0.0000e+00
     -0.059     -0.004     8.3817     90.336     34.858  30.665661     0.6848      7.202   301.0947 3.6575e+02     0.8466     -0.057     -0.083    18.9827 0.0000e+00
     -0.060     -0.003     8.3621     90.125     34.831  30.641404     0.6971      7.205   301.1760 3.7348e+02     0.8437     -0.059     -0.085    18.9827 0.0000e+00
     -0.060     -0.002     8.3344     89.825     34.842  30.651694     0.6956      7.208   301.2174 5.7610e+02     0.8447     -0.059     -0.085    18.9831 0.0000e+00
     -0.061     -0.002     8.3017     89.473     34.855  30.663050     0.6852      7.209   301.2510 7.7320e+02     0.8588     -0.060     -0.087    18.9830 0.0000e+00
     -0.061     -0.001     8.2710     89.142     34.842  30.651693     0.6822      7.210   301.2388 5.7960e+02     0.8620     -0.060     -0.087    18.9824 0.0000e+00
     -0.061     -0.001     8.2522     88.939     34.831  30.641396     0.6857      7.212   301.2415 3.6169e+02     0.8530     -0.060     -0.087    18.9822 0.0000e+00
     -0.061     -0.001     8.2504     88.919     34.858  30.665556     0.7009      7.214   301.2839 3.3704e+02     0.8410     -0.059     -0.086    18.9822 0.0000e+00
     -0.061     -0.001     8.2651     89.077     34.885  30.689795     0.7098      7.215   301.2357 3.3413e+02     0.8386     -0.060     -0.087    18.9821 0.0000e+00
     -0.061     -0.001     8.2910     89.357     34.874  30.680434     0.7012      7.216   301.2609 3.2844e+02     0.8547     -0.060     -0.087    18.9819 0.0000e+00
     -0.062     -0.001     8.3184     89.654     34.873  30.679393     0.6972      7.217   301.4161 3.2385e+02     0.8831     -0.061     -0.088    18.9817 0.0000e+00
     -0.062     -0.001     8.3355     89.839     34.870  30.677198     0.7177      7.217   301.4778 3.5017e+02     0.9072     -0.061     -0.088    18.9816 0.0000e+00
     -0.062     -0.001     8.3356     89.840     34.843  30.653897     0.7557      7.215   301.4905 6.0500e+02     0.9334     -0.060     -0.088    18.9813 0.0000e+00
     -0.062     -0.001     8.3251     89.726     34.841  30.651693     0.7710      7.213   301.6561 1.0184e+03     0.9253     -0.061     -0.088    18.9815 0.0000e+00
     -0.062     -0.001     8.3136     89.602     34.841  30.650547     0.7641      7.209   301.7593 1.1598e+03     0.8700     -0.060     -0.088    18.9826 0.0000e+00
     -0.063     -0.001     8.3071     89.530     34.830  30.640041     0.7833      7.204   301.7050 1.0014e+03     0.8450     -0.062     -0.089    18.9834 0.0000e+00
     -0.064     -0.001     8.3118     89.578     34.845  30.651683     0.8194      7.199   301.7739 8.4801e+02     0.8672     -0.064     -0.092    18.9836 0.0000e+00
     -0.064     -0.001     8.3291     89.761     34.860  30.664288     0.8331      7.196   301.9041 9.7536e+02     0.8640     -0.063     -0.092    18.9832 0.0000e+00
     -0.063     -0.001     8.3507     89.989     34.863  30.665435     0.8384      7.193   301.9036 1.2713e+03     0.8365     -0.062     -0.090    18.9824 0.0000e+00
     -0.063     -0.000     8.3691     90.183     34.865  30.665549     0.8374      7.192   301.8528 1.3485e+03     0.8389     -0.061     -0.089    18.9812 0.0000e+00
     -0.063 -1.524e-08     8.3797     90.294     34.866  30.665663     0.7942      7.192   301.8922 1.0442e+03     0.8628     -0.062     -0.091    18.9797 0.0000e+00
     -0.064 -1.676e-07     8.3767     90.262     34.867  30.666808     0.7293      7.193   302.0352 5.9625e+02     0.8809     -0.063     -0.092    18.9778 0.0000e+00
     -0.064 2.0491e-07     8.3574     90.056     34.881  30.679395     0.7050      7.194   302.2058 3.6760e+02     0.8749     -0.063     -0.091    18.9750 0.0000e+00
     -0.064      0.000     8.3259     89.716     34.894  30.690836     0.7115      7.196   302.2345 3.2995e+02     0.8518     -0.063     -0.091    18.9724 0.0000e+00
     -0.064      0.000     8.2920     89.350     34.880  30.678135     0.7254      7.196   302.1245 3.2181e+02     0.8455     -0.063     -0.091    18.9710 0.0000e+00
     -0.064      0.001     8.2620     89.024     34.853  30.652838     0.7532      7.192   302.0797 3.3237e+02     0.8597     -0.062     -0.092    18.9712 0.0000e+00
     -0.063      0.001     8.2392     88.776     34.838  30.639001     0.7622      7.187   302.1234 3.7264e+02     0.8707     -0.061     -0.090    18.9723 0.0000e+00
     -0.063      0.001     8.2287     88.660     34.838  30.637848     0.7517      7.184   302.2220 4.3562e+02     0.8569     -0.062     -0.089    18.9727 0.0000e+00
     -0.063      0.001     8.2302     88.674     34.840  30.638888     0.7560      7.181   302.3269 4.6633e+02     0.8457     -0.062     -0.091    18.9723 0.0000e+00
     -0.063      0.001     8.2406     88.784     34.856  30.651579     0.7676      7.180   302.3586 4.2495e+02     0.8573     -0.062     -0.090    18.9709 0.0000e+00
     -0.063      0.001     8.2556     88.943     34.871  30.664279     0.7725      7.181   302.3466 3.6944e+02     0.8445     -0.061     -0.089    18.9690 0.0000e+00
     -0.063      0.001     8.2678     89.071     34.874  30.665424     0.7691      7.184   302.3546 3.4454e+02     0.8135     -0.061     -0.089    18.9675 0.0000e+00
     -0.063      0.000     8.2729     89.124     34.874  30.665425     0.7545      7.188   302.3690 3.3569e+02     0.8173     -0.061     -0.089    18.9664 0.0000e+00
     -0.063 1.7088e-08     8.2729     89.125     34.873  30.664290     0.7335      7.191   302.3482 3.3631e+02     0.8603     -0.061     -0.089    18.9657 0.0000e+00
     -0.063 1.8797e-07     8.2706     89.102     34.858  30.651704     0.7172      7.192   302.2751 3.4112e+02     0.8757     -0.061     -0.089    18.9639 0.0000e+00
     -0.063 1.8797e-07     8.2648     89.040     34.844  30.640261     0.7134      7.196   302.2601 3.4287e+02     0.8506     -0.062     -0.089    18.9617 0.0000e+00
     -0.063 1.7085e-08     8.2558     88.945     34.858  30.652953     0.7252      7.201   302.3381 3.4460e+02     0.8619     -0.062     -0.089    18.9608 0.0000e+00
     -0.063 1.5201e-09     8.2513     88.897     34.887  30.678147     0.7489      7.206   302.3586 3.4736e+02     0.8909     -0.062     -0.089    18.9612 0.0000e+00
     -0.063 -2.257e-10     8.2587     88.976     34.902  30.690838     0.7700      7.209   302.4212 3.5899e+02     0.8949     -0.061     -0.088    18.9623 0.0000e+00
     -0.063 -4.023e-09     8.2813     89.218     34.890  30.679395     0.7690      7.211   302.5792 4.4859e+02     0.8802     -0.062     -0.089    18.9633 0.0000e+00
     -0.063 -4.439e-08     8.3152     89.581     34.875  30.666809     0.7558      7.213   302.6347 7.8673e+02     0.8351     -0.061     -0.089    18.9637 0.0000e+00
     -0.063 -4.883e-07     8.3507     89.964     34.874  30.665665     0.7578      7.213   302.5757 1.2372e+03     0.8073     -0.062     -0.090    18.9638 0.0000e+00
     -0.062      0.000     8.3806     90.285     34.874  30.665561     0.7738      7.213   302.6406 1.2204e+03     0.8188     -0.061     -0.089    18.9631 0.0000e+00
     -0.062      0.000     8.4008     90.503     34.874  30.665551     0.7851      7.213   302.8161 1.0146e+03     0.8219     -0.061     -0.088    18.9618 0.0000e+00
     -0.062     -0.001     8.4117     90.621     34.874  30.665550     0.7841      7.213   302.8051 1.2474e+03     0.8149     -0.061     -0.089    18.9612 0.0000e+00
     -0.061     -0.002     8.4152     90.660     34.874  30.665549     0.7890      7.214   302.5939 1.5010e+03     0.8246     -0.060     -0.087    18.9613 0.0000e+00
     -0.061     -0.004     8.4142     90.650     34.873  30.665540     0.8074      7.216   302.4137 1.5265e+03     0.8475     -0.060     -0.087    18.9612 0.0000e+00
     -0.062     -0.005     8.4102     90.610     34.872  30.665435     0.8224      7.218   302.4327 1.5319e+03     0.8483     -0.059     -0.086    18.9609 0.0000e+00
     -0.064     -0.007     8.4017     90.520     34.870  30.664289     0.8329      7.219   302.4800 1.5375e+03     0.8343     -0.063     -0.091    18.9611 0.0000e+00
     -0.068     -0.007     8.3906     90.403     34.855  30.651692     0.8330      7.218   302.4692 1.5511e+03     0.8309     -0.068     -0.097    18.9622 0.0000e+00
     -0.070     -0.007     8.3817     90.309     34.840  30.640136     0.8233      7.218   302.5600 1.5689e+03     0.8377     -0.068     -0.100    18.9634 0.0000e+00
     -0.072     -0.006     8.3760     90.250     34.852  30.651579     0.8254      7.217   302.6313 1.5568e+03     0.8557     -0.071     -0.103    18.9643 0.0000e+00
     -0.074     -0.004     8.3714     90.201     34.865  30.663029     0.8315      7.217   302.6429 1.5312e+03     0.8647     -0.073     -0.105    18.9652 0.0000e+00
     -0.074     -0.001     8.3622     90.102     34.852  30.651568     0.8151      7.217   302.7003 1.5243e+03     0.8557     -0.072     -0.105    18.9664 0.0000e+00
     -0.074      0.002     8.3431     89.897     34.839  30.640021     0.7828      7.217   302.7237 1.5167e+03     0.8380     -0.072     -0.105    18.9676 0.0000e+00
     -0.074      0.007     8.3169     89.615     34.851  30.650433     0.7633      7.217   302.6672 1.5155e+03     0.8333     -0.073     -0.105    18.9687 0.0000e+00
     -0.073      0.012     8.2933     89.360     34.851  30.650434     0.7624      7.217   302.6192 1.5324e+03     0.8596     -0.073     -0.106    18.9695 0.0000e+00
     -0.069      0.018     8.2799     89.215     34.839  30.640041     0.7629      7.218   302.5731 1.5387e+03     0.8824     -0.069     -0.100    18.9697 0.0000e+00
     -0.063      0.025     8.2796     89.212     34.852  30.651788     0.7601      7.220   302.4538 1.5256e+03     0.8654     -0.062     -0.090    18.9697 0.0000e+00
     -0.057      0.030     8.2915     89.340     34.867  30.665443     0.7654      7.221   302.3821 1.5241e+03     0.8669     -0.056     -0.081    18.9697 0.0000e+00
     -0.048      0.035     8.3090     89.530     34.881  30.678135     0.7719      7.221   302.3942 1.5307e+03     0.9008     -0.048     -0.069    18.9695 0.0000e+00
     -0.036      0.038     8.3287     89.743     34.881  30.678229     0.7742      7.220   302.3412 1.5281e+03     0.8778     -0.036     -0.052    18.9693 0.0000e+00
     -0.024      0.039     8.3525     90.000     34.867  30.666587     0.7929      7.219   302.2580 1.5259e+03     0.8338     -0.023     -0.034    18.9693 0.0000e+00
     -0.014      0.039     8.3780     90.275     34.865  30.664384     0.8233      7.217   302.1632 1.5233e+03     0.8259     -0.013     -0.019    18.9696 0.0000e+00
     -0.005      0.039     8.4019     90.527     34.853  30.651587     0.8390      7.216   302.0562 1.5082e+03     0.8438     -0.005     -0.007    18.9701 0.0000e+00
      0.004      0.039     8.4234     90.748     34.843  30.638878     0.8449      7.216   301.9956 1.4042e+03     0.8976      0.004      0.004    18.9710 0.0000e+00
      0.013      0.039     8.4432     90.948     34.848  30.637723     0.8487      7.216   301.9475 1.2288e+03     0.9275      0.012      0.018    18.9720 0.0000e+00
      0.023      0.040     8.4615     91.133     34.853  30.637620     0.8487      7.215   301.7327 1.1779e+03     0.8994      0.022      0.033    18.9713 0.0000e+00
      0.034      0.043     8.4798     91.319     34.858  30.637620     0.8437      7.215   301.2046 1.2259e+03     0.8626      0.032      0.047    18.9685 0.0000e+00
      0.045      0.047     8.5014     91.543     34.862  30.637714     0.8347      7.215   300.7242 1.2138e+03     0.8491      0.044      0.063    18.9629 0.0000e+00
      0.057      0.051     8.5187     91.725     34.865  30.638754     0.8411      7.215   300.4845 9.7374e+02     0.8582      0.055      0.080    18.9544 0.0000e+00
      0.070      0.055     8.5260     91.805     34.877  30.650195     0.8664      7.212   300.2851 5.3149e+02     0.8517      0.067      0.098    18.9471 0.0000e+00
      0.085      0.060     8.5255     91.800     34.875  30.649030     0.8828      7.209   300.2064 2.7364e+02     0.8311      0.083      0.119    18.9421 0.0000e+00
      0.101      0.064     8.5221     91.760     34.849  30.624669     0.8927      7.204   300.2214 2.3757e+02     0.8224      0.099      0.143    18.9371 0.0000e+00
      0.118      0.068     8.5240     91.768     34.837  30.609669     0.9213      7.200   300.1229 2.2883e+02     0.8381      0.117      0.169    18.9337 0.0000e+00
      0.136      0.071     8.5300     91.815     34.828  30.594678     0.9526      7.197   299.9615 2.2353e+02     0.8681      0.132      0.191    18.9353 0.0000e+00
      0.155      0.074     8.5367     91.867     34.808  30.570422     0.9593      7.195   299.9051 2.1763e+02     0.8798      0.153      0.220    18.9380 0.0000e+00
      0.175      0.076     8.5413     91.896     34.817  30.570402     0.9562      7.192   299.9571 2.1377e+02     0.8584      0.171      0.249    18.9367 0.0000e+00
      0.193      0.077     8.5450     91.918     34.852  30.594431     0.9793      7.189   299.9881 2.1086e+02     0.8225      0.187      0.272    18.9287 0.0000e+00
      0.214      0.076     8.5485     91.943     34.872  30.606924     1.0179      7.187   300.0220 2.1193e+02     0.8422      0.209      0.302    18.9178 0.0000e+00
      0.236      0.075     8.5492     91.944     34.860  30.594432     1.0284      7.186   300.1089 2.2506e+02     0.8824      0.232      0.337    18.9080 0.0000e+00
      0.256      0.074     8.5495     91.942     34.835  30.570392     1.0231      7.185   300.2644 2.3873e+02     0.8516      0.253      0.366    18.8959 0.0000e+00
      0.273      0.073     8.5502     91.943     34.838  30.570288     1.0271      7.182   300.5251 2.3453e+02     0.8056      0.268      0.389    18.8854 0.0000e+00
      0.289      0.072     8.5520     91.956     34.867  30.593173     1.0304      7.179   300.8519 2.2331e+02     0.8749      0.283      0.411    18.8793 0.0000e+00
      0.306      0.072     8.5560     91.994     34.869  30.593059     1.0262      7.177   301.2906 2.0962e+02     1.0180      0.300      0.436    18.8764 0.0000e+00
      0.325      0.073     8.5622     92.056     34.843  30.568905     1.0228      7.177   301.7858 1.9743e+02     1.0713      0.318      0.461    18.8745 0.0000e+00
      0.345      0.074     8.5699     92.133     34.830  30.555162     1.0263      7.176   302.1925 1.9520e+02     1.0609      0.339      0.491    18.8702 0.0000e+00
