Data/DataNotYetUploadedToEDI/Raw_CTD/RawDownloads/050718_fcr10.cnv
* Sea-Bird SBE19plus  Data File:
* FileName = C:\DATA\050718_fcr_0001.hex
* Software version 2.6.3.104 SB_Terminal.dll
* Temperature SN = 7809
* Conductivity SN = 7809
* System UpLoad Time = May 07 2018 16:23:31
* <ApplicationData>
* <Seaterm232>
# nquan = 15
# nvalues = 691                         
# units = specified
# name 0 = depFM: Depth [fresh water, m]
# name 1 = dz/dtM: Descent Rate [m/s]
# name 2 = sbeox0Mg/L: Oxygen, SBE 43 [mg/l]
# name 3 = sbeox0PS: Oxygen, SBE 43 [% saturation]
# name 4 = specc: Specific Conductance [uS/cm]
# name 5 = c0uS/cm: Conductivity [uS/cm]
# name 6 = flECO-AFL: Fluorescence, WET Labs ECO-AFL/FL [mg/m^3]
# name 7 = ph: pH
# name 8 = orp: Oxidation Reduction Potential [mV]
# name 9 = par/sat/log: PAR/Logarithmic, Satlantic
# name 10 = turbWETntu0: Turbidity, WET Labs ECO [NTU]
# name 11 = prdM: Pressure, Strain Gauge [db]
# name 12 = prdE: Pressure, Strain Gauge [psi]
# name 13 = tv290C: Temperature [ITS-90, deg C]
# name 14 = flag:  0.000e+00
# span 0 =     -0.560,      2.440       
# span 1 =     -0.131,      0.235       
# span 2 =     5.4449,    11.8667       
# span 3 =     58.761,    116.938       
# span 4 =      0.834,     37.057       
# span 5 =   0.763165,  32.115306       
# span 6 =    -2.1820,     2.9786       
# span 7 =      5.150,      7.576       
# span 8 =  -647.6872,  1152.8364       
# span 9 = 1.3284e+02, 2.0287e+03       
# span 10 =    -5.6564,     2.7374      
# span 11 =     -0.550,      2.393      
# span 12 =     -0.797,      3.471      
# span 13 =    14.6350,    20.7384      
# span 14 = 0.0000e+00, 0.0000e+00      
# interval = seconds: 0.25
# start_time = May 07 2018 14:27:07 [Instrument's time stamp, header]
# bad_flag = -9.990e-29
*END*
[from data line 482]
      0.091      0.029     8.4509     90.473     34.903  30.474904     1.3064      7.147   287.3816 1.5148e+03     1.3006      0.090      0.130    18.7055 0.0000e+00
      0.098      0.031     8.4492     90.453     34.861  30.437113     1.3051      7.149   287.4985 1.6491e+03     1.3591      0.097      0.140    18.6820 0.0000e+00
      0.106      0.033     8.4522     90.473     34.844  30.418063     1.2947      7.151   287.5610 1.7580e+03     1.3165      0.104      0.151    18.6613 0.0000e+00
      0.115      0.035     8.4588     90.527     34.871  30.435084     1.2627      7.152   287.5360 1.8373e+03     1.2428      0.113      0.164    18.6513 0.0000e+00
      0.125      0.036     8.4655     90.583     34.898  30.452389     1.2124      7.152   287.5397 1.5008e+03     1.1698      0.123      0.178    18.6520 0.0000e+00
      0.135      0.037     8.4690     90.607     34.885  30.436771     1.1830      7.153   287.6062 1.1453e+03     1.1050      0.132      0.191    18.6526 0.0000e+00
      0.145      0.037     8.4694     90.601     34.890  30.436760     1.1826      7.154   287.6514 1.1346e+03     1.0695      0.142      0.206    18.6456 0.0000e+00
      0.154      0.038     8.4680     90.579     34.911  30.452249     1.1798      7.154   287.6562 1.1480e+03     1.0767      0.152      0.220    18.6344 0.0000e+00
      0.163      0.039     8.4645     90.537     34.891  30.433514     1.1586      7.153   287.6644 1.2468e+03     1.1017      0.159      0.231    18.6258 0.0000e+00
      0.172      0.042     8.4587     90.472     34.855  30.400754     1.1285      7.153   287.5780 1.4893e+03     1.0969      0.168      0.243    18.6195 0.0000e+00
      0.182      0.046     8.4515     90.389     34.827  30.373685     1.1103      7.150   287.5576 1.5137e+03     1.0795      0.178      0.258    18.6128 0.0000e+00
      0.194      0.050     8.4455     90.312     34.817  30.360257     1.1034      7.143   287.6768 1.2379e+03     1.0741      0.190      0.276    18.6086 0.0000e+00
      0.209      0.050     8.4446     90.279     34.834  30.365396     1.0912      7.133   287.7278 1.0872e+03     1.0623      0.205      0.297    18.6072 0.0000e+00
      0.224      0.047     8.4475     90.280     34.854  30.372303     1.0736      7.127   287.7441 1.1332e+03     1.0588      0.219      0.318    18.6060 0.0000e+00
      0.240      0.041     8.4523     90.306     34.874  30.380253     1.0656      7.125   287.7025 1.1778e+03     1.0609      0.236      0.342    18.6038 0.0000e+00
      0.253      0.036     8.4602     90.374     34.901  30.398000     1.0591      7.125   287.6543 1.2261e+03     1.0581      0.253      0.366    18.5977 0.0000e+00
      0.259      0.031     8.4689     90.457     34.904  30.396347     1.0404      7.126   287.7635 1.1566e+03     1.0859      0.256      0.371    18.5835 0.0000e+00
      0.259      0.029     8.4764     90.528     34.867  30.360260     1.0132      7.128   287.9046 1.1234e+03     1.1223      0.253      0.366    18.5649 0.0000e+00
      0.262      0.030     8.4811     90.564     34.852  30.342719     0.9878      7.131   287.9836 1.1914e+03     1.1322      0.254      0.369    18.5514 0.0000e+00
      0.269      0.035     8.4800     90.535     34.897  30.374766     0.9722      7.135   288.1172 1.0083e+03     1.1452      0.261      0.379    18.5424 0.0000e+00
      0.281      0.042     8.4729     90.444     34.968  30.430193     0.9354      7.140   288.2290 8.1454e+02     1.1267      0.276      0.399    18.5375 0.0000e+00
      0.295      0.048     8.4621     90.316     35.059  30.504827     0.8736      7.143   288.3892 8.7874e+02     1.0913      0.290      0.421    18.5350 0.0000e+00
      0.309      0.053     8.4501     90.174     35.149  30.578582     0.8402      7.143   288.8494 1.1715e+03     1.1136      0.303      0.440    18.5268 0.0000e+00
      0.324      0.055     8.4372     90.021     35.208  30.623372     0.8355      7.143   289.4044 1.3028e+03     1.1217      0.317      0.460    18.5145 0.0000e+00
      0.339      0.056     8.4241     89.867     35.263  30.665329     0.8260      7.141   289.8520 1.0421e+03     1.0986      0.332      0.482    18.5064 0.0000e+00
      0.353      0.057     8.4145     89.753     35.313  30.704824     0.8077      7.136   290.2178 9.2570e+02     1.1088      0.345      0.502    18.5021 0.0000e+00
      0.365      0.059     8.4129     89.723     35.336  30.719859     0.7989      7.131   290.5575 1.0578e+03     1.1229      0.357      0.518    18.4943 0.0000e+00
      0.379      0.061     8.4238     89.825     35.343  30.720091     0.8015      7.127   290.9475 1.1530e+03     1.1169      0.371      0.538    18.4840 0.0000e+00
      0.396      0.063     8.4504     90.095     35.335  30.707630     0.7931      7.125   291.3196 1.0495e+03     1.0963      0.388      0.563    18.4766 0.0000e+00
      0.413      0.064     8.4967     90.575     35.327  30.696199     0.7798      7.125   291.6154 8.4712e+02     1.0875      0.406      0.589    18.4704 0.0000e+00
      0.431      0.064     8.5653     91.295     35.347  30.708882     0.7793      7.126   291.8565 7.9978e+02     1.1025      0.422      0.612    18.4636 0.0000e+00
      0.449      0.063     8.6525     92.208     35.383  30.733961     0.7865      7.129   292.0836 8.3078e+02     1.1249      0.440      0.639    18.4563 0.0000e+00
      0.465      0.062     8.7464     93.186     35.406  30.745385     0.7936      7.131   292.3822 7.9067e+02     1.1147      0.457      0.663    18.4481 0.0000e+00
      0.479      0.061     8.8319     94.072     35.386  30.719983     0.7915      7.131   292.7144 8.9704e+02     1.0697      0.470      0.682    18.4414 0.0000e+00
      0.493      0.060     8.9014     94.790     35.351  30.680848     0.7804      7.128   293.0024 1.0153e+03     1.0696      0.482      0.700    18.4359 0.0000e+00
      0.508      0.058     8.9561     95.352     35.328  30.653236     0.7780      7.123   293.2837 8.1476e+02     1.1140      0.497      0.722    18.4266 0.0000e+00
      0.524      0.056     8.9998     95.796     35.322  30.640147     0.7805      7.121   293.5337 6.5614e+02     1.1171      0.515      0.747    18.4149 0.0000e+00
      0.540      0.055     9.0351     96.153     35.341  30.649602     0.7926      7.121   293.7029 6.7058e+02     1.0771      0.530      0.769    18.4018 0.0000e+00
      0.554      0.054     9.0615     96.421     35.336  30.640522     0.8230      7.122   293.8661 6.6500e+02     1.0577      0.543      0.787    18.3888 0.0000e+00
      0.566      0.052     9.0803     96.609     35.213  30.530363     0.8455      7.122   294.0444 6.3831e+02     1.0652      0.555      0.805    18.3787 0.0000e+00
      0.577      0.050     9.0963     96.756     34.922  30.270277     0.8525      7.122   294.1381 7.3565e+02     1.0763      0.565      0.820    18.3684 0.0000e+00
      0.590      0.050     9.1114     96.876     34.595  29.972584     0.8806      7.123   294.2244 8.8901e+02     1.1308      0.579      0.840    18.3565 0.0000e+00
      0.604      0.051     9.1262     96.979     34.405  29.788712     0.9366      7.126   294.3994 8.3314e+02     1.2358      0.592      0.859    18.3509 0.0000e+00
      0.617      0.053     9.1402     97.067     34.398  29.761708     0.9688      7.129   294.6191 7.4816e+02     1.2777      0.604      0.876    18.3495 0.0000e+00
      0.630      0.054     9.1502     97.107     34.511  29.836570     0.9768      7.131   294.8159 8.1958e+02     1.2714      0.618      0.896    18.3386 0.0000e+00
      0.644      0.054     9.1513     97.053     34.574  29.868275     0.9868      7.133   294.9728 8.4733e+02     1.2820      0.631      0.915    18.3163 0.0000e+00
      0.658      0.055     9.1376     96.843     34.553  29.827504     0.9885      7.134   295.1387 7.9411e+02     1.2835      0.645      0.936    18.2875 0.0000e+00
      0.672      0.055     9.1058     96.442     34.534  29.788114     0.9885      7.135   295.3595 8.0671e+02     1.3200      0.660      0.957    18.2571 0.0000e+00
      0.686      0.054     9.0547     95.848     34.539  29.772999     0.9956      7.137   295.6633 7.6197e+02     1.3569      0.672      0.975    18.2229 0.0000e+00
      0.701      0.053     8.9863     95.100     34.546  29.771747     1.0008      7.139   295.8868 6.8951e+02     1.3339      0.687      0.996    18.1882 0.0000e+00
      0.714      0.052     8.9113     94.317     34.543  29.772969     0.9959      7.139   295.9969 6.9223e+02     1.3462      0.701      1.016    18.1581 0.0000e+00
      0.726      0.052     8.8477     93.663     34.478  29.724272     0.9833      7.138   296.2201 6.4667e+02     1.4139      0.712      1.033    18.1235 0.0000e+00
      0.739      0.052     8.8099     93.262     34.367  29.627482     0.9771      7.138   296.5208 5.8155e+02     1.4512      0.725      1.052    18.0898 0.0000e+00
      0.751      0.053     8.8028     93.143     34.302  29.555259     0.9853      7.138   296.7076 5.8798e+02     1.4614      0.737      1.069    18.0787 0.0000e+00
      0.764      0.054     8.8208     93.258     34.252  29.486054     0.9902      7.138   296.8435 8.3578e+02     1.4154      0.749      1.086    18.0886 0.0000e+00
      0.779      0.056     8.8541     93.521     34.219  29.425739     0.9809      7.138   297.0459 1.0738e+03     1.3215      0.764      1.108    18.1051 0.0000e+00
      0.794      0.057     8.8962     93.847     34.236  29.397494     0.9740      7.138   297.1757 9.2816e+02     1.2724      0.779      1.129    18.1099 0.0000e+00
      0.810      0.059     8.9401     94.149     34.229  29.334999     0.9797      7.137   297.2085 7.9652e+02     1.2795      0.794      1.152    18.0834 0.0000e+00
      0.825      0.061     8.9774     94.365     34.192  29.241565     1.0319      7.137   297.2700 7.6137e+02     1.3765      0.809      1.174    18.0384 0.0000e+00
      0.840      0.062     9.0011     94.459     34.231  29.220263     1.1189      7.137   297.4892 6.6682e+02     1.4990      0.824      1.194    17.9974 0.0000e+00
      0.855      0.064     9.0126     94.460     34.336  29.267877     1.1664      7.137   297.7936 6.8361e+02     1.5407      0.838      1.215    17.9410 0.0000e+00
      0.872      0.064     9.0222     94.475     34.420  29.309174     1.1843      7.137   297.8536 6.8241e+02     1.5443      0.854      1.239    17.8491 0.0000e+00
      0.889      0.063     9.0433     94.636     34.480  29.338525     1.2707      7.139   297.8703 6.0976e+02     1.4819      0.872      1.265    17.7515 0.0000e+00
      0.906      0.061     9.0868     95.050     34.532  29.368727     1.4210      7.142   297.9956 5.8963e+02     1.3655      0.888      1.288    17.6701 0.0000e+00
      0.923      0.058     9.1529     95.714     34.529  29.356812     1.4950      7.146   297.9911 6.1767e+02     1.3275      0.907      1.316    17.6090 0.0000e+00
      0.937      0.056     9.2364     96.562     34.423  29.257950     1.4852      7.149   298.0746 6.6720e+02     1.3290      0.920      1.335    17.5676 0.0000e+00
      0.949      0.054     9.3318     97.529     34.280  29.125930     1.4404      7.152   298.3175 6.4584e+02     1.3220      0.931      1.349    17.5372 0.0000e+00
      0.960      0.053     9.4293     98.517     34.180  29.030612     1.3663      7.154   298.4315 5.7504e+02     1.3340      0.942      1.366    17.5165 0.0000e+00
      0.973      0.053     9.5181     99.411     34.150  28.994492     1.3158      7.157   298.5069 5.6238e+02     1.3209      0.952      1.381    17.5059 0.0000e+00
      0.988      0.054     9.5965    100.188     34.181  29.006711     1.2976      7.159   298.6264 5.9746e+02     1.2860      0.968      1.406    17.4955 0.0000e+00
      1.004      0.056     9.6655    100.868     34.250  29.051325     1.2933      7.161   298.7583 6.2431e+02     1.2781      0.986      1.429    17.4785 0.0000e+00
      1.018      0.057     9.7202    101.409     34.306  29.089383     1.3198      7.164   298.9834 6.2431e+02     1.3180      0.998      1.447    17.4635 0.0000e+00
      1.032      0.057     9.7561    101.760     34.310  29.085837     1.3603      7.166   299.1976 6.6838e+02     1.3406      1.011      1.466    17.4490 0.0000e+00
      1.047      0.056     9.7710    101.888     34.304  29.071942     1.3686      7.167   299.3691 6.8545e+02     1.3072      1.026      1.488    17.4271 0.0000e+00
      1.062      0.054     9.7698    101.844     34.289  29.048377     1.3742      7.168   299.5946 5.8722e+02     1.2801      1.042      1.511    17.4044 0.0000e+00
      1.076      0.051     9.7576    101.694     34.230  28.991407     1.4282      7.170   299.7728 5.3175e+02     1.2877      1.055      1.532    17.3913 0.0000e+00
      1.090      0.047     9.7385    101.478     34.119  28.891137     1.4989      7.172   299.8031 5.4908e+02     1.3068      1.069      1.551    17.3832 0.0000e+00
      1.101      0.043     9.7232    101.286     34.010  28.788538     1.5215      7.174   299.7886 5.5511e+02     1.2982      1.081      1.568    17.3707 0.0000e+00
      1.110      0.041     9.7126    101.130     34.002  28.766907     1.5075      7.177   299.8554 5.7054e+02     1.2748      1.089      1.579    17.3523 0.0000e+00
      1.118      0.040     9.7029    101.005     33.999  28.756590     1.5319      7.179   300.0091 5.4349e+02     1.2687      1.096      1.590    17.3406 0.0000e+00
      1.128      0.040     9.6944    100.914     33.890  28.663776     1.5958      7.180   300.0976 4.8196e+02     1.2856      1.105      1.603    17.3394 0.0000e+00
      1.138      0.040     9.6850    100.810     33.814  28.597222     1.6281      7.181   300.0654 4.9198e+02     1.2964      1.116      1.618    17.3241 0.0000e+00
      1.149      0.040     9.6680    100.620     33.881  28.650412     1.6277      7.183   300.0500 5.4879e+02     1.2767      1.127      1.635    17.2913 0.0000e+00
      1.161      0.041     9.6418    100.343     33.984  28.735367     1.6741      7.184   300.0833 5.5358e+02     1.2921      1.139      1.652    17.2805 0.0000e+00
      1.171      0.042     9.6119    100.015     34.065  28.798883     1.7670      7.184   300.1248 5.4132e+02     1.3290      1.150      1.668    17.2895 0.0000e+00
      1.179      0.043     9.5734     99.559     34.219  28.910368     1.8219      7.183   300.2067 5.6584e+02     1.3262      1.156      1.676    17.2830 0.0000e+00
      1.189      0.044     9.5286     99.000     34.366  29.003763     1.8322      7.181   300.3860 5.6069e+02     1.3194      1.164      1.689    17.2731 0.0000e+00
      1.202      0.047     9.4898     98.498     34.372  28.975537     1.8742      7.178   300.5720 5.0908e+02     1.3691      1.179      1.711    17.2752 0.0000e+00
      1.215      0.050     9.4592     98.103     34.448  29.013564     1.9613      7.176   300.6483 4.7538e+02     1.4690      1.192      1.728    17.2740 0.0000e+00
      1.227      0.052     9.4434     97.889     34.776  29.273008     2.0126      7.174   300.7063 4.9212e+02     1.5201      1.202      1.744    17.2468 0.0000e+00
      1.241      0.053     9.4560     97.975     35.151  29.572305     2.0171      7.173   300.8434 5.0763e+02     1.4986      1.216      1.765    17.1946 0.0000e+00
      1.257      0.052     9.4975     98.344     35.341  29.711155     2.0146      7.173   301.0159 4.8387e+02     1.4839      1.232      1.787    17.1411 0.0000e+00
      1.272      0.051     9.5594     98.909     35.336  29.681728     2.0476      7.174   301.0699 4.6187e+02     1.4643      1.248      1.810    17.1021 0.0000e+00
      1.285      0.048     9.6334     99.601     35.265  29.597495     2.1223      7.176   301.0663 4.4912e+02     1.3840      1.261      1.828    17.0823 0.0000e+00
      1.295      0.045     9.6980    100.211     35.270  29.581733     2.1552      7.178   301.1442 4.2716e+02     1.3065      1.270      1.842    17.0656 0.0000e+00
      1.306      0.041     9.7337    100.535     35.332  29.618143     2.1418      7.181   301.1512 4.0974e+02     1.2597      1.280      1.857    17.0336 0.0000e+00
