Data/DataNotYetUploadedToEDI/Raw_CTD/RawDownloads/050718_fcr45.cnv
* Sea-Bird SBE19plus  Data File:
* FileName = C:\DATA\050718_fcr_0004.hex
* Software version 2.6.3.104 SB_Terminal.dll
* Temperature SN = 7809
* Conductivity SN = 7809
* System UpLoad Time = May 07 2018 16:24:51
* <ApplicationData>
* <Seaterm232>
# nquan = 15
# nvalues = 925                         
# units = specified
# name 0 = depFM: Depth [fresh water, m]
# name 1 = dz/dtM: Descent Rate [m/s]
# name 2 = sbeox0Mg/L: Oxygen, SBE 43 [mg/l]
# name 3 = sbeox0PS: Oxygen, SBE 43 [% saturation]
# name 4 = specc: Specific Conductance [uS/cm]
# name 5 = c0uS/cm: Conductivity [uS/cm]
# name 6 = flECO-AFL: Fluorescence, WET Labs ECO-AFL/FL [mg/m^3]
# name 7 = ph: pH
# name 8 = orp: Oxidation Reduction Potential [mV]
# name 9 = par/sat/log: PAR/Logarithmic, Satlantic
# name 10 = turbWETntu0: Turbidity, WET Labs ECO [NTU]
# name 11 = prdM: Pressure, Strain Gauge [db]
# name 12 = prdE: Pressure, Strain Gauge [psi]
# name 13 = tv290C: Temperature [ITS-90, deg C]
# name 14 = flag:  0.000e+00
# span 0 =     -0.563,      6.152       
# span 1 =     -0.102,      0.164       
# span 2 =     5.4256,     9.8541       
# span 3 =     58.941,    101.616       
# span 4 =      0.591,     38.948       
# span 5 =   0.509660,  31.220312       
# span 6 =    -1.8319,     2.1916       
# span 7 =      6.619,     10.944       
# span 8 =   301.3746,  1240.2048       
# span 9 = 2.5278e+01, 2.3283e+03       
# span 10 =    -5.9052,     4.2871      
# span 11 =     -0.553,      6.036      
# span 12 =     -0.802,      8.755      
# span 13 =     8.7422,    19.5558      
# span 14 = 0.0000e+00, 0.0000e+00      
# interval = seconds: 0.25
# start_time = May 07 2018 15:39:05 [Instrument's time stamp, header]
# bad_flag = -9.990e-29
*END*
[from data line 482]
     -0.046      0.007     8.1526     88.844     35.003  31.178542     0.8187      7.208   321.5367 7.7814e+02     0.8665     -0.046     -0.066    19.5324 0.0000e+00
     -0.043      0.005     8.1403     88.710     34.989  31.166049     0.8341      7.203   321.4761 8.0874e+02     0.8625     -0.043     -0.062    19.5322 0.0000e+00
     -0.041      0.004     8.1387     88.693     34.950  31.131503     0.8137      7.203   321.5398 8.1738e+02     0.8813     -0.039     -0.057    19.5323 0.0000e+00
     -0.040      0.003     8.1481     88.795     34.962  31.141896     0.7837      7.204   321.7051 9.3869e+02     0.8794     -0.038     -0.055    19.5324 0.0000e+00
     -0.041      0.002     8.1652     88.981     34.987  31.164686     0.7645      7.206   321.6686 1.3195e+03     0.8702     -0.039     -0.057    19.5323 0.0000e+00
     -0.041      0.000     8.1904     89.256     34.974  31.153025     0.7664      7.210   321.6136 1.7893e+03     0.8620     -0.041     -0.059    19.5322 0.0000e+00
     -0.041      0.000     8.2196     89.576     34.945  31.127926     0.7791      7.214   321.7296 1.8258e+03     0.8414     -0.041     -0.059    19.5322 0.0000e+00
     -0.041      0.000     8.2430     89.831     34.931  31.115253     0.7895      7.215   321.8662 1.6656e+03     0.7732     -0.040     -0.058    19.5322 0.0000e+00
     -0.041      0.001     8.2598     90.015     34.943  31.126810     0.8090      7.214   321.8891 1.8931e+03     0.7093     -0.041     -0.059    19.5324 0.0000e+00
     -0.041      0.001     8.2752     90.184     34.958  31.140646     0.8310      7.212   321.8343 2.1405e+03     0.6793     -0.040     -0.058    19.5329 0.0000e+00
     -0.040      0.001     8.2898     90.345     34.974  31.155522     0.8251      7.212   321.8055 2.1718e+03     0.6241     -0.040     -0.057    19.5334 0.0000e+00
     -0.039      0.001     8.3017     90.477     35.000  31.179665     0.8022      7.216   321.7122 2.1772e+03     0.5914     -0.039     -0.056    19.5337 0.0000e+00
     -0.039      0.000     8.3095     90.565     34.998  31.178520     0.7751      7.221   321.4808 2.1760e+03     0.6805     -0.039     -0.056    19.5341 0.0000e+00
     -0.039      0.000     8.3099     90.571     34.956  31.141676     0.7357      7.226   321.4168 2.1729e+03     0.8160     -0.038     -0.054    19.5349 0.0000e+00
     -0.040      0.000     8.3036     90.503     34.926  31.115242     0.7117      7.231   321.5399 2.1699e+03     0.8565     -0.039     -0.056    19.5360 0.0000e+00
     -0.040      0.000     8.2957     90.417     34.923  31.112943     0.7062      7.235   321.5073 2.1697e+03     0.8343     -0.040     -0.058    19.5373 0.0000e+00
     -0.040      0.001     8.2852     90.303     34.924  31.113878     0.6785      7.238   321.3668 2.1728e+03     0.7920     -0.040     -0.057    19.5389 0.0000e+00
     -0.040      0.005     8.2711     90.148     34.939  31.126551     0.6248      7.240   321.3035 2.1743e+03     0.7106     -0.039     -0.057    19.5398 0.0000e+00
     -0.039      0.010     8.2592     90.019     34.953  31.139147     0.5895      7.242   321.3448 2.1722e+03     0.6438     -0.038     -0.055    19.5401 0.0000e+00
     -0.038      0.016     8.2565     89.989     34.953  31.139157     0.5827      7.244   321.4359 2.1694e+03     0.6260     -0.038     -0.054    19.5404 0.0000e+00
     -0.034      0.023     8.2643     90.074     34.938  31.126674     0.5789      7.245   321.3726 2.1685e+03     0.6781     -0.034     -0.050    19.5402 0.0000e+00
     -0.026      0.029     8.2798     90.244     34.925  31.115241     0.5807      7.244   321.1808 2.1671e+03     0.7855     -0.027     -0.038    19.5396 0.0000e+00
     -0.016      0.035     8.2984     90.446     34.940  31.127933     0.5949      7.243   321.0960 2.1344e+03     0.8564     -0.017     -0.024    19.5394 0.0000e+00
     -0.005      0.043     8.3172     90.651     34.969  31.153118     0.6042      7.242   321.0358 2.0217e+03     0.8634     -0.006     -0.009    19.5398 0.0000e+00
      0.006      0.049     8.3360     90.855     34.984  31.165705     0.6013      7.239   320.7971 1.7747e+03     0.8398      0.007      0.010    19.5405 0.0000e+00
      0.016      0.051     8.3510     91.015     34.970  31.153107     0.5969      7.236   320.4475 1.4591e+03     0.8157      0.014      0.021    19.5404 0.0000e+00
      0.031      0.051     8.3601     91.112     34.943  31.127819     0.5964      7.235   320.1637 1.1372e+03     0.8153      0.028      0.040    19.5401 0.0000e+00
      0.051      0.050     8.3662     91.177     34.928  31.113983     0.5954      7.235   319.9469 7.9711e+02     0.8353      0.052      0.074    19.5399 0.0000e+00
      0.066      0.047     8.3729     91.250     34.927  31.112830     0.5947      7.236   319.7194 6.8193e+02     0.8441      0.068      0.097    19.5393 0.0000e+00
      0.075      0.043     8.3820     91.350     34.928  31.113870     0.5970      7.238   319.5635 7.7022e+02     0.8609      0.075      0.107    19.5375 0.0000e+00
      0.082      0.039     8.3918     91.457     34.941  31.126560     0.5950      7.238   319.6107 9.3580e+02     0.8862      0.081      0.117    19.5360 0.0000e+00
      0.089      0.035     8.4001     91.547     34.956  31.139252     0.5983      7.238   319.6884 1.2656e+03     0.8749      0.088      0.126    19.5356 0.0000e+00
      0.097      0.034     8.4050     91.601     34.957  31.140302     0.6097      7.238   319.5565 1.2546e+03     0.8464      0.095      0.138    19.5357 0.0000e+00
      0.107      0.034     8.4101     91.656     34.956  31.139262     0.6307      7.238   319.4782 8.1796e+02     0.8461      0.106      0.153    19.5359 0.0000e+00
      0.117      0.035     8.4159     91.718     34.943  31.126673     0.6601      7.238   319.6027 6.3492e+02     0.8713      0.116      0.168    19.5359 0.0000e+00
      0.127      0.037     8.4216     91.779     34.930  31.115117     0.6710      7.238   319.5987 6.6179e+02     0.8771      0.124      0.181    19.5359 0.0000e+00
      0.135      0.038     8.4291     91.861     34.943  31.126551     0.6703      7.237   319.5157 6.2670e+02     0.8548      0.133      0.192    19.5359 0.0000e+00
      0.143      0.040     8.4316     91.888     34.956  31.137898     0.6694      7.236   319.5457 6.7020e+02     0.7850      0.140      0.202    19.5354 0.0000e+00
      0.153      0.042     8.4285     91.853     34.942  31.125302     0.6609      7.235   319.6178 6.9935e+02     0.7046      0.150      0.218    19.5349 0.0000e+00
      0.165      0.045     8.4174     91.730     34.916  31.101272     0.6593      7.232   319.6991 6.0393e+02     0.6766      0.162      0.235    19.5346 0.0000e+00
      0.177      0.047     8.3925     91.458     34.917  31.101386     0.6598      7.230   319.7537 5.3158e+02     0.6604      0.173      0.251    19.5345 0.0000e+00
      0.190      0.047     8.3645     91.151     34.945  31.126675     0.6487      7.229   319.7621 5.2658e+02     0.6609      0.187      0.271    19.5344 0.0000e+00
      0.204      0.046     8.3450     90.939     34.975  31.153003     0.6440      7.229   319.8011 5.2905e+02     0.6821      0.200      0.290    19.5335 0.0000e+00
      0.217      0.046     8.3382     90.864     34.989  31.165685     0.6495      7.230   319.8803 5.6197e+02     0.6722      0.214      0.310    19.5324 0.0000e+00
      0.227      0.046     8.3441     90.927     34.975  31.152993     0.6591      7.228   319.9455 6.5792e+02     0.6327      0.224      0.324    19.5321 0.0000e+00
      0.236      0.047     8.3556     91.052     34.946  31.126556     0.6682      7.224   320.0740 6.7923e+02     0.6632      0.231      0.335    19.5317 0.0000e+00
      0.246      0.050     8.3725     91.232     34.918  31.100071     0.6677      7.219   320.2282 5.7633e+02     0.7667      0.241      0.349    19.5314 0.0000e+00
      0.260      0.052     8.3965     91.490     34.905  31.086797     0.6619      7.214   320.3480 5.5012e+02     0.8462      0.254      0.368    19.5312 0.0000e+00
      0.276      0.054     8.4147     91.687     34.913  31.093077     0.6535      7.211   320.4902 6.0048e+02     0.8917      0.271      0.393    19.5308 0.0000e+00
      0.292      0.055     8.4228     91.775     34.935  31.112487     0.6767      7.210   320.6567 6.1230e+02     0.8898      0.287      0.416    19.5299 0.0000e+00
      0.307      0.055     8.4278     91.827     34.957  31.130961     0.7305      7.209   320.8986 6.0937e+02     0.8543      0.302      0.438    19.5281 0.0000e+00
      0.321      0.054     8.4290     91.838     34.952  31.125912     0.7535      7.208   321.2633 5.7277e+02     0.8283      0.315      0.457    19.5255 0.0000e+00
      0.333      0.054     8.4251     91.793     34.941  31.114956     0.7517      7.205   321.7113 5.2895e+02     0.8194      0.326      0.473    19.5248 0.0000e+00
      0.345      0.055     8.4171     91.700     34.955  31.125515     0.7645      7.202   322.0991 5.3956e+02     0.8379      0.338      0.489    19.5250 0.0000e+00
      0.359      0.056     8.4089     91.604     34.959  31.126552     0.7881      7.200   322.4243 6.4052e+02     0.8076      0.352      0.510    19.5237 0.0000e+00
      0.375      0.058     8.4056     91.562     34.962  31.127488     0.8071      7.200   322.7179 7.4776e+02     0.6974      0.367      0.533    19.5224 0.0000e+00
      0.391      0.059     8.4076     91.582     34.973  31.136831     0.8201      7.203   322.9819 7.0834e+02     0.6350      0.384      0.557    19.5212 0.0000e+00
      0.407      0.059     8.4106     91.615     34.946  31.112497     0.8258      7.206   323.2938 6.1376e+02     0.6334      0.400      0.579    19.5185 0.0000e+00
      0.421      0.060     8.4121     91.628     34.920  31.087298     0.8491      7.208   323.5632 5.6518e+02     0.6777      0.413      0.598    19.5140 0.0000e+00
      0.435      0.061     8.4160     91.663     34.922  31.086195     0.8905      7.208   323.7451 5.5841e+02     0.7740      0.427      0.620    19.5109 0.0000e+00
      0.450      0.061     8.4235     91.731     34.942  31.099157     0.9030      7.209   323.8573 5.9707e+02     0.8516      0.440      0.639    19.5105 0.0000e+00
      0.466      0.059     8.4316     91.799     34.970  31.116995     0.8986      7.210   323.8878 6.7484e+02     0.8832      0.455      0.660    19.5108 0.0000e+00
      0.485      0.054     8.4378     91.850     34.971  31.111335     0.9016      7.210   323.8554 7.0963e+02     0.8197      0.476      0.690    19.5089 0.0000e+00
      0.502      0.046     8.4384     91.848     34.955  31.094225     0.9035      7.211   323.8962 6.6135e+02     0.6945      0.493      0.716    19.5050 0.0000e+00
      0.514      0.039     8.4339     91.796     34.964  31.100632     0.9024      7.215   324.0371 8.6098e+02     0.6212      0.505      0.732    19.4987 0.0000e+00
      0.521      0.034     8.4288     91.741     34.991  31.125297     0.8982      7.220   324.1814 1.0897e+03     0.6049      0.514      0.746    19.4853 0.0000e+00
      0.522      0.032     8.4223     91.672     35.005  31.138404     0.8800      7.224   324.4365 8.8033e+02     0.6803      0.512      0.742    19.4744 0.0000e+00
      0.524      0.035     8.4120     91.559     34.998  31.132100     0.8478      7.226   324.7124 6.6101e+02     0.8308      0.510      0.739    19.4720 0.0000e+00
      0.532      0.043     8.4031     91.454     34.979  31.112585     0.8304      7.226   324.8503 6.4078e+02     0.8988      0.520      0.755    19.4705 0.0000e+00
      0.547      0.054     8.3978     91.380     34.964  31.092966     0.8258      7.225   324.8994 6.5546e+02     0.8610      0.536      0.777    19.4702 0.0000e+00
      0.564      0.064     8.3946     91.329     34.963  31.085414     0.8015      7.222   324.9627 8.1077e+02     0.8316      0.553      0.801    19.4722 0.0000e+00
      0.584      0.072     8.3928     91.298     34.967  31.084771     0.7756      7.220   325.0983 9.0732e+02     0.8793      0.572      0.829    19.4736 0.0000e+00
      0.605      0.077     8.3934     91.297     34.971  31.085177     0.7704      7.219   325.2487 8.3797e+02     0.9197      0.593      0.860    19.4694 0.0000e+00
      0.625      0.079     8.3993     91.357     34.979  31.090325     0.7664      7.217   325.4043 8.2013e+02     0.8618      0.613      0.889    19.4594 0.0000e+00
      0.646      0.081     8.4067     91.436     34.972  31.083501     0.7636      7.213   325.5173 7.7305e+02     0.7888      0.633      0.918    19.4490 0.0000e+00
      0.666      0.083     8.4141     91.514     34.954  31.066181     0.7823      7.210   325.5826 7.9496e+02     0.8004      0.653      0.949    19.4424 0.0000e+00
      0.686      0.083     8.4214     91.590     34.960  31.071436     0.8176      7.208   325.6778 8.4505e+02     0.8504      0.671      0.973    19.4384 0.0000e+00
      0.707      0.083     8.4254     91.631     34.975  31.083522     0.8318      7.207   325.8079 7.3350e+02     0.8437      0.693      1.005    19.4366 0.0000e+00
      0.731      0.082     8.4250     91.626     34.978  31.085291     0.8252      7.208   325.9505 6.2128e+02     0.8411      0.719      1.043    19.4362 0.0000e+00
      0.753      0.080     8.4211     91.584     34.986  31.092824     0.8389      7.210   326.0261 5.6621e+02     0.8798      0.738      1.070    19.4352 0.0000e+00
      0.773      0.078     8.4181     91.556     35.005  31.111090     0.8694      7.213   326.1198 5.5404e+02     0.8845      0.758      1.100    19.4334 0.0000e+00
      0.793      0.076     8.4186     91.564     35.009  31.115623     0.8913      7.214   326.2232 6.1484e+02     0.8670      0.779      1.131    19.4318 0.0000e+00
      0.810      0.074     8.4201     91.583     34.972  31.084132     0.9011      7.214   326.2437 6.6689e+02     0.8518      0.795      1.152    19.4310 0.0000e+00
      0.826      0.072     8.4225     91.608     34.932  31.047869     0.9050      7.214   326.2817 6.2432e+02     0.8524      0.810      1.174    19.4314 0.0000e+00
      0.845      0.072     8.4276     91.662     34.944  31.058228     0.9108      7.213   326.3380 7.0798e+02     0.8746      0.827      1.200    19.4332 0.0000e+00
      0.865      0.073     8.4360     91.751     34.972  31.082357     0.9067      7.212   326.4089 8.4436e+02     0.8761      0.850      1.232    19.4352 0.0000e+00
      0.884      0.074     8.4438     91.834     34.976  31.085582     0.8923      7.210   326.5363 7.4938e+02     0.8408      0.869      1.259    19.4367 0.0000e+00
      0.902      0.076     8.4440     91.834     34.991  31.097213     0.9019      7.206   326.7589 6.0146e+02     0.7525      0.884      1.283    19.4366 0.0000e+00
      0.920      0.078     8.4342     91.726     34.990  31.095973     0.9315      7.205   327.0364 6.1771e+02     0.6334      0.903      1.310    19.4353 0.0000e+00
      0.940      0.080     8.4217     91.592     34.960  31.070586     0.9471      7.203   327.2239 7.8895e+02     0.5905      0.921      1.335    19.4343 0.0000e+00
      0.962      0.080     8.4131     91.499     34.931  31.044300     0.9434      7.200   327.2193 8.5528e+02     0.6310      0.941      1.365    19.4332 0.0000e+00
      0.985      0.079     8.4024     91.375     34.920  31.032181     0.9329      7.198   327.1524 6.9698e+02     0.7262      0.967      1.401    19.4314 0.0000e+00
      1.006      0.078     8.3925     91.256     34.946  31.051069     0.9296      7.198   327.2755 5.5541e+02     0.8563      0.987      1.432    19.4307 0.0000e+00
      1.026      0.075     8.3887     91.203     34.986  31.082140     0.9408      7.198   327.5040 5.2269e+02     0.8915      1.008      1.462    19.4332 0.0000e+00
      1.043      0.072     8.3826     91.126     35.000  31.090308     0.9576      7.199   327.6765 5.6598e+02     0.8470      1.024      1.485    19.4342 0.0000e+00
      1.059      0.068     8.3749     91.035     34.999  31.086315     0.9666      7.200   327.8135 6.6133e+02     0.8362      1.038      1.505    19.4301 0.0000e+00
