Data/DataNotYetUploadedToEDI/Raw_CTD/RawDownloads/050718_fcr50.cnv
* Sea-Bird SBE19plus  Data File:
* FileName = C:\DATA\050718_fcr_0005.hex
* Software version 2.6.3.104 SB_Terminal.dll
* Temperature SN = 7809
* Conductivity SN = 7809
* System UpLoad Time = May 07 2018 16:25:26
* <ApplicationData>
* <Seaterm232>
# nquan = 15
# nvalues = 1155                        
# units = specified
# name 0 = depFM: Depth [fresh water, m]
# name 1 = dz/dtM: Descent Rate [m/s]
# name 2 = sbeox0Mg/L: Oxygen, SBE 43 [mg/l]
# name 3 = sbeox0PS: Oxygen, SBE 43 [% saturation]
# name 4 = specc: Specific Conductance [uS/cm]
# name 5 = c0uS/cm: Conductivity [uS/cm]
# name 6 = flECO-AFL: Fluorescence, WET Labs ECO-AFL/FL [mg/m^3]
# name 7 = ph: pH
# name 8 = orp: Oxidation Reduction Potential [mV]
# name 9 = par/sat/log: PAR/Logarithmic, Satlantic
# name 10 = turbWETntu0: Turbidity, WET Labs ECO [NTU]
# name 11 = prdM: Pressure, Strain Gauge [db]
# name 12 = prdE: Pressure, Strain Gauge [psi]
# name 13 = tv290C: Temperature [ITS-90, deg C]
# name 14 = flag:  0.000e+00
# span 0 =     -0.567,      9.882       
# span 1 =     -0.106,      0.169       
# span 2 =     5.0904,     9.7586       
# span 3 =     55.592,    100.302       
# span 4 =      0.741,     49.584       
# span 5 =   0.636352,  33.519935       
# span 6 =    -1.4017,     2.1276       
# span 7 =      5.771,      7.277       
# span 8 = -1196.4263,   955.3735       
# span 9 = 1.2737e+00, 2.5007e+03       
# span 10 =    -2.9249,     9.9142      
# span 11 =     -0.558,      9.691      
# span 12 =     -0.808,     14.056      
# span 13 =     8.7960,    19.9707      
# span 14 = 0.0000e+00, 0.0000e+00      
# interval = seconds: 0.25
# start_time = May 07 2018 16:09:52 [Instrument's time stamp, header]
# bad_flag = -9.990e-29
*END*
[from data line 482]
      0.404      0.083     8.3237     91.366     34.968  31.400769     0.9725      7.224   323.2253 3.9845e+02     0.7971      0.395      0.573    19.9047 0.0000e+00
      0.428      0.080     8.3343     91.483     34.983  31.414033     0.9635      7.224   323.0758 3.8164e+02     0.8724      0.419      0.608    19.9005 0.0000e+00
      0.450      0.075     8.3445     91.596     35.008  31.437140     0.9548      7.225   323.1397 3.6922e+02     0.8469      0.443      0.643    19.8961 0.0000e+00
      0.468      0.070     8.3508     91.666     34.995  31.426115     0.9598      7.227   323.3093 3.7058e+02     0.7929      0.461      0.667    19.8950 0.0000e+00
      0.483      0.064     8.3537     91.700     34.974  31.407755     0.9600      7.229   323.4920 3.6790e+02     0.7081      0.475      0.687    19.8948 0.0000e+00
      0.496      0.059     8.3550     91.715     34.971  31.405674     0.9474      7.232   323.8001 3.6203e+02     0.6463      0.486      0.705    19.8942 0.0000e+00
      0.511      0.056     8.3565     91.734     34.965  31.400955     0.9453      7.235   323.9363 3.5154e+02     0.6554      0.501      0.726    19.8947 0.0000e+00
      0.525      0.054     8.3626     91.805     34.978  31.414220     0.9537      7.236   323.7628 3.4877e+02     0.6665      0.516      0.748    19.8957 0.0000e+00
      0.538      0.054     8.3722     91.917     35.003  31.439045     0.9561      7.239   323.6812 3.5151e+02     0.6580      0.527      0.765    19.8969 0.0000e+00
      0.551      0.055     8.3829     92.041     35.009  31.447075     0.9566      7.241   323.8092 3.3809e+02     0.6445      0.541      0.785    19.8981 0.0000e+00
      0.565      0.058     8.3936     92.165     35.007  31.447800     0.9590      7.242   324.0200 3.3191e+02     0.5946      0.554      0.804    19.8987 0.0000e+00
      0.579      0.063     8.4012     92.253     35.005  31.447814     0.9578      7.241   324.3371 3.3884e+02     0.5429      0.567      0.824    19.9007 0.0000e+00
      0.594      0.067     8.4049     92.294     35.004  31.447248     0.9607      7.240   324.7179 3.3499e+02     0.5685      0.583      0.844    19.9040 0.0000e+00
      0.612      0.070     8.4029     92.271     34.997  31.440950     0.9665      7.239   324.8386 3.2577e+02     0.6293      0.599      0.868    19.9082 0.0000e+00
      0.634      0.072     8.3949     92.184     34.991  31.435176     0.9633      7.239   324.5918 3.1720e+02     0.6376      0.623      0.903    19.9128 0.0000e+00
      0.655      0.074     8.3844     92.071     34.996  31.440950     0.9589      7.240   324.4875 3.1670e+02     0.6080      0.645      0.936    19.9148 0.0000e+00
      0.673      0.074     8.3739     91.958     35.003  31.447253     0.9769      7.240   324.6960 3.1585e+02     0.6681      0.660      0.956    19.9147 0.0000e+00
      0.690      0.073     8.3655     91.865     35.003  31.447878     1.0165      7.241   324.9611 3.0935e+02     0.8141      0.676      0.980    19.9144 0.0000e+00
      0.708      0.072     8.3575     91.780     35.003  31.448503     1.0340      7.241   325.1986 3.0531e+02     0.8777      0.694      1.007    19.9137 0.0000e+00
      0.727      0.072     8.3489     91.689     35.008  31.454805     1.0220      7.240   325.4171 2.9698e+02     0.8582      0.713      1.034    19.9157 0.0000e+00
      0.745      0.075     8.3442     91.637     35.014  31.460565     1.0277      7.237   325.6234 2.9229e+02     0.8531      0.731      1.060    19.9174 0.0000e+00
      0.762      0.077     8.3457     91.652     35.009  31.454635     1.0577      7.234   325.8009 2.8972e+02     0.8765      0.747      1.083    19.9164 0.0000e+00
      0.781      0.079     8.3493     91.688     35.001  31.446624     1.0804      7.231   325.9282 2.8359e+02     0.8974      0.765      1.110    19.9177 0.0000e+00
      0.803      0.082     8.3519     91.715     34.981  31.427208     1.0912      7.228   325.9573 2.8211e+02     0.8924      0.787      1.142    19.9203 0.0000e+00
      0.827      0.083     8.3531     91.727     34.963  31.410408     1.0970      7.224   325.9811 2.7929e+02     0.8770      0.812      1.177    19.9208 0.0000e+00
      0.848      0.082     8.3533     91.727     34.989  31.434023     1.0941      7.223   326.3876 2.7400e+02     0.8640      0.832      1.206    19.9194 0.0000e+00
      0.870      0.079     8.3559     91.753     35.018  31.458691     1.0931      7.223   326.9150 2.7046e+02     0.8567      0.852      1.236    19.9170 0.0000e+00
      0.891      0.073     8.3606     91.802     35.014  31.454621     1.1042      7.223   327.0230 2.6534e+02     0.8496      0.876      1.270    19.9154 0.0000e+00
      0.910      0.066     8.3643     91.841     35.009  31.448329     1.1083      7.224   326.9192 2.6292e+02     0.8388      0.895      1.298    19.9156 0.0000e+00
      0.925      0.059     8.3647     91.846     35.007  31.446114     1.1060      7.226   326.8640 2.6318e+02     0.7871      0.908      1.317    19.9149 0.0000e+00
      0.938      0.053     8.3634     91.832     34.986  31.427843     1.1045      7.230   326.8719 2.6066e+02     0.7135      0.920      1.335    19.9130 0.0000e+00
      0.949      0.048     8.3659     91.859     34.974  31.417946     1.0988      7.232   327.1007 2.5751e+02     0.6820      0.931      1.350    19.9112 0.0000e+00
      0.960      0.044     8.3721     91.927     35.014  31.453466     1.0913      7.235   327.5660 2.5764e+02     0.6504      0.941      1.365    19.9094 0.0000e+00
      0.972      0.042     8.3756     91.964     35.039  31.476260     1.0976      7.238   327.8513 2.5722e+02     0.6059      0.954      1.383    19.9096 0.0000e+00
      0.983      0.042     8.3728     91.934     34.999  31.439515     1.1288      7.239   327.9697 2.5328e+02     0.6009      0.965      1.400    19.9109 0.0000e+00
      0.992      0.042     8.3690     91.893     34.944  31.390234     1.1567      7.241   328.0501 2.5185e+02     0.6506      0.973      1.410    19.9108 0.0000e+00
      1.002      0.042     8.3702     91.908     34.941  31.388478     1.1589      7.243   327.8768 2.5008e+02     0.6890      0.981      1.423    19.9103 0.0000e+00
      1.014      0.041     8.3761     91.975     34.973  31.418288     1.1464      7.244   327.6818 2.4807e+02     0.6986      0.994      1.442    19.9103 0.0000e+00
      1.026      0.040     8.3809     92.028     34.990  31.433118     1.1433      7.245   327.8435 2.4777e+02     0.7359      1.006      1.459    19.9102 0.0000e+00
      1.036      0.039     8.3805     92.023     34.999  31.440764     1.1577      7.248   328.1107 2.4667e+02     0.8051      1.017      1.475    19.9105 0.0000e+00
      1.046      0.038     8.3800     92.016     35.007  31.447233     1.1733      7.251   328.1596 2.4832e+02     0.8634      1.026      1.488    19.9113 0.0000e+00
      1.054      0.036     8.3848     92.067     35.008  31.447826     1.1756      7.251   328.1766 2.4734e+02     0.8306      1.035      1.500    19.9127 0.0000e+00
      1.062      0.036     8.3915     92.138     35.009  31.447932     1.1673      7.253   328.3165 2.4520e+02     0.7438      1.042      1.510    19.9130 0.0000e+00
      1.070      0.037     8.3934     92.155     35.010  31.448508     1.1648      7.254   328.3883 2.4598e+02     0.6991      1.049      1.521    19.9122 0.0000e+00
      1.080      0.038     8.3885     92.099     35.019  31.454793     1.1633      7.255   328.1842 2.4409e+02     0.6868      1.060      1.537    19.9118 0.0000e+00
      1.091      0.039     8.3776     91.977     35.027  31.460411     1.1412      7.257   327.9996 2.4080e+02     0.6873      1.070      1.551    19.9110 0.0000e+00
      1.102      0.042     8.3650     91.835     35.020  31.452920     1.1090      7.257   328.1351 2.4099e+02     0.7040      1.080      1.566    19.9096 0.0000e+00
      1.113      0.045     8.3555     91.729     34.993  31.427721     1.0948      7.257   328.3606 2.4085e+02     0.7364      1.091      1.584    19.9081 0.0000e+00
      1.123      0.047     8.3469     91.632     34.973  31.409775     1.0984      7.258   328.5746 2.3508e+02     0.7436      1.100      1.596    19.9063 0.0000e+00
      1.135      0.049     8.3363     91.515     34.992  31.426470     1.0981      7.259   328.7438 2.3278e+02     0.6991      1.111      1.612    19.9047 0.0000e+00
      1.149      0.050     8.3310     91.457     35.006  31.439047     1.0903      7.258   328.5993 2.3321e+02     0.6873      1.127      1.635    19.9033 0.0000e+00
      1.163      0.051     8.3371     91.525     35.001  31.434819     1.0869      7.257   328.2046 2.3118e+02     0.7831      1.140      1.654    19.9016 0.0000e+00
      1.177      0.051     8.3524     91.692     35.006  31.438860     1.0935      7.258   328.0154 2.3068e+02     0.8811      1.155      1.675    19.9002 0.0000e+00
      1.189      0.050     8.3731     91.919     34.990  31.424399     1.1068      7.259   328.2043 2.3226e+02     0.8966      1.167      1.692    19.9003 0.0000e+00
      1.201      0.049     8.3917     92.122     34.948  31.386985     1.1094      7.261   328.5090 2.3740e+02     0.8784      1.178      1.708    19.9009 0.0000e+00
      1.213      0.049     8.4014     92.227     34.928  31.367555     1.0969      7.261   328.6884 2.4077e+02     0.8753      1.190      1.726    19.9010 0.0000e+00
      1.224      0.050     8.4043     92.256     34.943  31.380000     1.0849      7.259   328.5672 2.3717e+02     0.8585      1.200      1.741    19.9008 0.0000e+00
      1.238      0.052     8.4054     92.267     34.977  31.410429     1.0840      7.256   328.2482 2.3807e+02     0.8278      1.214      1.761    19.9007 0.0000e+00
      1.252      0.054     8.4056     92.268     34.986  31.417920     1.1043      7.254   328.1863 2.4260e+02     0.8401      1.227      1.780    19.9005 0.0000e+00
      1.266      0.054     8.4019     92.226     34.974  31.407063     1.1373      7.253   328.3355 2.4287e+02     0.8546      1.240      1.799    19.8989 0.0000e+00
      1.281      0.054     8.3946     92.145     34.973  31.406180     1.1521      7.251   328.4171 2.5130e+02     0.8810      1.258      1.824    19.8971 0.0000e+00
      1.296      0.053     8.3872     92.066     34.974  31.407235     1.1537      7.249   328.5706 2.5351e+02     0.9154      1.272      1.844    19.8966 0.0000e+00
      1.308      0.053     8.3836     92.026     34.988  31.419826     1.1567      7.246   328.8150 2.4484e+02     0.9039      1.283      1.860    19.8961 0.0000e+00
      1.321      0.053     8.3833     92.021     35.002  31.431395     1.1611      7.242   328.9626 2.4669e+02     0.8645      1.295      1.879    19.8954 0.0000e+00
      1.333      0.053     8.3817     91.999     34.991  31.420095     1.1608      7.238   328.9792 2.4526e+02     0.8365      1.307      1.896    19.8953 0.0000e+00
      1.346      0.054     8.3773     91.948     34.981  31.410214     1.1534      7.234   328.9293 2.3687e+02     0.8387      1.320      1.913    19.8956 0.0000e+00
      1.361      0.054     8.3718     91.888     35.013  31.438949     1.1547      7.231   328.9617 2.3096e+02     0.7995      1.334      1.934    19.8963 0.0000e+00
      1.378      0.053     8.3648     91.812     35.025  31.449976     1.1582      7.230   329.0263 2.2632e+02     0.6985      1.351      1.960    19.8958 0.0000e+00
      1.393      0.052     8.3541     91.693     34.988  31.416516     1.1583      7.230   329.1089 2.2142e+02     0.6248      1.368      1.983    19.8928 0.0000e+00
      1.404      0.049     8.3421     91.558     34.988  31.415451     1.1557      7.231   329.3584 2.1320e+02     0.6102      1.378      1.996    19.8910 0.0000e+00
      1.415      0.045     8.3346     91.475     35.013  31.437090     1.1547      7.233   329.4618 2.1390e+02     0.6142      1.388      2.012    19.8915 0.0000e+00
      1.426      0.042     8.3351     91.480     34.999  31.424124     1.1648      7.234   329.4120 2.2397e+02     0.6117      1.400      2.030    19.8919 0.0000e+00
      1.436      0.040     8.3415     91.550     34.957  31.385699     1.1683      7.234   329.4446 2.2526e+02     0.6098      1.408      2.043    19.8911 0.0000e+00
      1.445      0.040     8.3448     91.584     34.922  31.353542     1.1590      7.235   329.4264 2.2291e+02     0.5916      1.417      2.055    19.8894 0.0000e+00
      1.455      0.041     8.3379     91.504     34.923  31.352864     1.1536      7.236   329.4502 2.2702e+02     0.5751      1.427      2.070    19.8884 0.0000e+00
      1.465      0.044     8.3234     91.337     34.953  31.377506     1.1495      7.236   329.6462 2.2567e+02     0.5932      1.437      2.084    19.8884 0.0000e+00
      1.476      0.049     8.3079     91.161     34.978  31.397437     1.1464      7.235   329.9022 2.2380e+02     0.6271      1.447      2.099    19.8880 0.0000e+00
      1.489      0.055     8.2916     90.977     34.986  31.403320     1.1520      7.234   330.1363 2.2553e+02     0.6489      1.460      2.117    19.8872 0.0000e+00
      1.503      0.063     8.2726     90.767     34.967  31.385124     1.1536      7.231   330.3258 2.1606e+02     0.6434      1.474      2.136    19.8853 0.0000e+00
      1.520      0.071     8.2615     90.644     34.949  31.367950     1.1571      7.229   330.4731 2.0841e+02     0.6522      1.489      2.159    19.8807 0.0000e+00
      1.540      0.078     8.2637     90.666     34.970  31.386208     1.1659      7.227   330.6269 2.1036e+02     0.6647      1.508      2.188    19.8760 0.0000e+00
      1.562      0.083     8.2758     90.797     35.003  31.415349     1.1680      7.225   330.8089 2.0532e+02     0.6412      1.531      2.220    19.8744 0.0000e+00
      1.585      0.088     8.2961     91.014     34.991  31.402737     1.1737      7.223   330.9528 2.0094e+02     0.6119      1.555      2.255    19.8737 0.0000e+00
      1.609      0.090     8.3226     91.282     34.884  31.297226     1.1801      7.223   330.9896 2.0375e+02     0.6466      1.578      2.288    19.8732 0.0000e+00
      1.632      0.088     8.3494     91.478     34.697  31.092248     1.1801      7.223   330.9959 1.9977e+02     0.7556      1.600      2.321    19.8720 0.0000e+00
      1.656      0.084     8.3731     91.514     34.568  30.893092     1.1748      7.223   331.0286 1.9599e+02     0.8310      1.623      2.354    19.8710 0.0000e+00
      1.679      0.080     8.3952     91.429     34.453  30.667364     1.1710      7.225   331.0410 1.9847e+02     0.8565      1.648      2.390    19.8690 0.0000e+00
      1.698      0.078     8.4190     91.284     34.172  30.268044     1.1887      7.227   330.9738 1.9625e+02     0.8506      1.667      2.418    19.8664 0.0000e+00
      1.714      0.078     8.4570     91.165     33.804  29.748114     1.2142      7.229   330.9906 1.9139e+02     0.8201      1.681      2.438    19.8314 0.0000e+00
      1.730      0.077     8.5108     90.998     33.570  29.270574     1.2214      7.230   331.1571 1.8986e+02     0.8226      1.696      2.460    19.6988 0.0000e+00
      1.750      0.076     8.5623     90.617     33.654  29.002562     1.2214      7.231   331.1811 1.8311e+02     0.8210      1.714      2.487    19.5085 0.0000e+00
      1.774      0.073     8.5816     89.936     33.934  28.920276     1.2233      7.232   331.1943 1.7426e+02     0.8000      1.740      2.524    19.3024 0.0000e+00
      1.797      0.071     8.5624     89.075     34.132  28.846756     1.2069      7.232   331.4026 1.7211e+02     0.8140      1.764      2.558    19.0372 0.0000e+00
      1.815      0.070     8.5541     88.512     34.223  28.748359     1.1712      7.232   331.4630 1.7016e+02     0.8680      1.783      2.586    18.6416 0.0000e+00
      1.828      0.067     8.6032     88.639     34.312  28.682885     1.1497      7.232   331.4089 1.6886e+02     0.9026      1.793      2.602    18.0771 0.0000e+00
      1.839      0.065     8.7089     89.422     34.378  28.626456     1.1487      7.232   331.5223 1.6710e+02     0.8665      1.800      2.610    17.5513 0.0000e+00
