Data/DataNotYetUploadedToEDI/Raw_CTD/RawDownloads/050718_fcr50.cnv
* Sea-Bird SBE19plus  Data File:
* FileName = C:\DATA\050718_fcr_0005.hex
* Software version 2.6.3.104 SB_Terminal.dll
* Temperature SN = 7809
* Conductivity SN = 7809
* System UpLoad Time = May 07 2018 16:25:26
* <ApplicationData>
* <Seaterm232>
# nquan = 15
# nvalues = 1155                        
# units = specified
# name 0 = depFM: Depth [fresh water, m]
# name 1 = dz/dtM: Descent Rate [m/s]
# name 2 = sbeox0Mg/L: Oxygen, SBE 43 [mg/l]
# name 3 = sbeox0PS: Oxygen, SBE 43 [% saturation]
# name 4 = specc: Specific Conductance [uS/cm]
# name 5 = c0uS/cm: Conductivity [uS/cm]
# name 6 = flECO-AFL: Fluorescence, WET Labs ECO-AFL/FL [mg/m^3]
# name 7 = ph: pH
# name 8 = orp: Oxidation Reduction Potential [mV]
# name 9 = par/sat/log: PAR/Logarithmic, Satlantic
# name 10 = turbWETntu0: Turbidity, WET Labs ECO [NTU]
# name 11 = prdM: Pressure, Strain Gauge [db]
# name 12 = prdE: Pressure, Strain Gauge [psi]
# name 13 = tv290C: Temperature [ITS-90, deg C]
# name 14 = flag:  0.000e+00
# span 0 =     -0.567,      9.882       
# span 1 =     -0.106,      0.169       
# span 2 =     5.0904,     9.7586       
# span 3 =     55.592,    100.302       
# span 4 =      0.741,     49.584       
# span 5 =   0.636352,  33.519935       
# span 6 =    -1.4017,     2.1276       
# span 7 =      5.771,      7.277       
# span 8 = -1196.4263,   955.3735       
# span 9 = 1.2737e+00, 2.5007e+03       
# span 10 =    -2.9249,     9.9142      
# span 11 =     -0.558,      9.691      
# span 12 =     -0.808,     14.056      
# span 13 =     8.7960,    19.9707      
# span 14 = 0.0000e+00, 0.0000e+00      
# interval = seconds: 0.25
# start_time = May 07 2018 16:09:52 [Instrument's time stamp, header]
# bad_flag = -9.990e-29
*END*
[from data line 290]
     -0.057 -1.399e-10     8.4021     92.328     35.008  31.475296     0.8893      7.270   321.6834 8.7094e+02     0.8614     -0.056     -0.081    19.9508 0.0000e+00
     -0.057 -1.272e-11     8.3999     92.304     35.017  31.482641     0.8838      7.270   321.6221 8.8239e+02     0.8674     -0.056     -0.081    19.9504 0.0000e+00
     -0.057 -1.157e-12     8.3988     92.292     35.023  31.488512     0.8899      7.269   321.8941 8.9531e+02     0.8186     -0.057     -0.082    19.9498 0.0000e+00
     -0.056 -1.051e-13     8.3978     92.281     35.016  31.482767     0.8983      7.269   322.1333 9.1219e+02     0.7291     -0.056     -0.080    19.9495 0.0000e+00
     -0.056 -8.698e-15     8.3938     92.238     35.009  31.476693     0.9025      7.269   322.1910 9.3310e+02     0.6707     -0.054     -0.078    19.9495 0.0000e+00
     -0.057 8.6115e-15     8.3853     92.145     35.011  31.478576     0.8950      7.269   322.1616 9.5964e+02     0.6306     -0.056     -0.082    19.9496 0.0000e+00
     -0.057 1.0421e-13     8.3752     92.034     35.041  31.505541     0.8724      7.269   322.1221 9.9233e+02     0.6415     -0.057     -0.082    19.9499 0.0000e+00
     -0.057 1.1471e-12     8.3671     91.945     35.089  31.548682     0.8497      7.270   321.8851 1.0259e+03     0.7100     -0.055     -0.080    19.9500 0.0000e+00
     -0.057 1.2618e-11     8.3634     91.904     35.096  31.555619     0.8411      7.270   321.4474 1.0580e+03     0.7270     -0.056     -0.082    19.9499 0.0000e+00
     -0.057 1.3879e-10     8.3644     91.916     35.062  31.525909     0.8326      7.267   321.3043 1.0876e+03     0.6644     -0.056     -0.080    19.9499 0.0000e+00
     -0.057 1.5267e-09     8.3655     91.930     35.041  31.507018     0.8200      7.263   321.5313 1.1092e+03     0.6243     -0.055     -0.081    19.9501 0.0000e+00
     -0.057 1.6794e-08     8.3626     91.899     35.053  31.517742     0.8177      7.258   321.7831 1.1217e+03     0.6695     -0.057     -0.082    19.9504 0.0000e+00
     -0.057 1.8474e-07     8.3544     91.809     35.065  31.528551     0.8230      7.253   321.8534 1.1285e+03     0.6923     -0.055     -0.079    19.9508 0.0000e+00
     -0.057 1.8474e-07     8.3419     91.672     35.045  31.510691     0.8285      7.248   321.4347 1.1305e+03     0.6555     -0.056     -0.081    19.9514 0.0000e+00
     -0.057 1.6794e-08     8.3288     91.528     35.025  31.492318     0.8295      7.246   320.6788 1.1308e+03     0.6525     -0.057     -0.083    19.9524 0.0000e+00
     -0.056 1.5270e-09     8.3170     91.398     35.030  31.496936     0.8259      7.246   320.4574 1.1322e+03     0.7161     -0.055     -0.080    19.9527 0.0000e+00
     -0.056 1.4144e-10     8.3072     91.290     35.037  31.503016     0.8304      7.247   320.7362 1.1375e+03     0.8143     -0.055     -0.080    19.9526 0.0000e+00
     -0.057 1.6792e-10     8.3033     91.247     35.036  31.502325     0.8287      7.249   320.8669 1.1479e+03     0.8630     -0.056     -0.081    19.9529 0.0000e+00
     -0.057 1.8471e-09     8.3072     91.288     35.021  31.488582     0.8152      7.253   320.9193 1.1603e+03     0.8465     -0.056     -0.081    19.9527 0.0000e+00
     -0.057 2.0318e-08     8.3152     91.376     34.994  31.463870     0.8143      7.257   321.1116 1.1771e+03     0.7980     -0.056     -0.081    19.9525 0.0000e+00
     -0.056 2.2350e-07     8.3274     91.511     34.987  31.457573     0.8269      7.260   321.2124 1.1975e+03     0.7657     -0.055     -0.079    19.9521 0.0000e+00
     -0.056 5.9577e-07     8.3435     91.687     35.007  31.475943     0.8385      7.264   320.9337 1.2125e+03     0.7609     -0.055     -0.080    19.9517 0.0000e+00
     -0.057      0.000     8.3613     91.882     35.029  31.495459     0.8358      7.266   320.5816 1.2253e+03     0.7091     -0.056     -0.081    19.9514 0.0000e+00
     -0.057      0.000     8.3781     92.065     35.038  31.503011     0.8308      7.265   320.4824 1.2410e+03     0.7200     -0.056     -0.081    19.9512 0.0000e+00
     -0.057      0.001     8.3884     92.177     35.039  31.503749     0.8416      7.264   320.4225 1.2554e+03     0.8320     -0.055     -0.080    19.9513 0.0000e+00
     -0.057      0.001     8.3922     92.218     35.040  31.504374     0.8472      7.264   320.3730 1.2646e+03     0.8722     -0.056     -0.081    19.9512 0.0000e+00
     -0.056      0.001     8.3914     92.208     35.048  31.510564     0.8442      7.266   320.7446 1.2697e+03     0.8398     -0.056     -0.081    19.9510 0.0000e+00
     -0.055      0.000     8.3868     92.156     35.054  31.515089     0.8426      7.268   321.3017 1.2747e+03     0.8371     -0.054     -0.079    19.9507 0.0000e+00
     -0.055 1.8614e-08     8.3818     92.102     35.032  31.495573     0.8356      7.269   321.4311 1.2774e+03     0.8703     -0.053     -0.077    19.9499 0.0000e+00
     -0.056 2.0475e-07     8.3805     92.090     34.997  31.465125     0.8336      7.269   321.2763 1.2715e+03     0.8755     -0.056     -0.081    19.9487 0.0000e+00
     -0.057 2.0475e-07     8.3830     92.120     34.995  31.464500     0.8373      7.269   321.0643 1.2557e+03     0.8381     -0.055     -0.081    19.9475 0.0000e+00
     -0.057 1.8614e-08     8.3889     92.188     35.020  31.488010     0.8342      7.269   320.9327 1.2325e+03     0.8150     -0.054     -0.079    19.9471 0.0000e+00
     -0.057 1.6921e-09     8.3985     92.297     35.027  31.495344     0.8419      7.269   321.2342 1.2090e+03     0.8405     -0.056     -0.081    19.9481 0.0000e+00
     -0.056 1.5383e-10     8.4097     92.425     35.019  31.489673     0.8756      7.269   321.7840 1.1878e+03     0.8716     -0.055     -0.080    19.9493 0.0000e+00
     -0.056 1.3985e-11     8.4196     92.538     35.009  31.482953     0.9009      7.269   321.9884 1.1672e+03     0.8862     -0.054     -0.079    19.9506 0.0000e+00
     -0.056 1.2713e-12     8.4222     92.568     35.002  31.477606     0.9001      7.270   321.8121 1.1491e+03     0.8949     -0.055     -0.080    19.9524 0.0000e+00
     -0.056 1.1558e-13     8.4152     92.493     35.014  31.488528     0.8746      7.271   321.6319 1.1294e+03     0.8858     -0.055     -0.080    19.9545 0.0000e+00
     -0.056 1.0506e-14     8.4020     92.348     35.013  31.487998     0.8411      7.271   321.7026 1.1019e+03     0.8973     -0.054     -0.079    19.9569 0.0000e+00
     -0.057 9.4797e-16     8.3867     92.181     34.994  31.471198     0.8348      7.272   321.8069 1.0752e+03     0.9128     -0.056     -0.081    19.9589 0.0000e+00
     -0.057 7.8256e-18     8.3748     92.052     34.999  31.475931     0.8360      7.272   321.8597 1.0546e+03     0.8888     -0.055     -0.080    19.9604 0.0000e+00
     -0.057 -8.612e-16     8.3692     91.992     35.004  31.481714     0.8280      7.272   322.0832 1.0335e+03     0.8214     -0.055     -0.080    19.9611 0.0000e+00
     -0.056 -9.559e-15     8.3672     91.972     34.999  31.477605     0.8198      7.271   322.2712 1.0111e+03     0.7083     -0.055     -0.080    19.9616 0.0000e+00
     -0.056 -1.052e-13     8.3685     91.987     35.012  31.489767     0.8201      7.270   322.2409 9.9220e+02     0.6208     -0.054     -0.078    19.9619 0.0000e+00
     -0.056 -1.157e-12     8.3739     92.046     35.025  31.501748     0.8313      7.269   322.1471 9.7954e+02     0.6176     -0.055     -0.079    19.9627 0.0000e+00
     -0.056 -1.272e-11     8.3820     92.135     35.019  31.495445     0.8361      7.268   321.9967 9.7010e+02     0.7001     -0.055     -0.080    19.9638 0.0000e+00
     -0.056 -1.400e-10     8.3921     92.245     34.999  31.477066     0.8319      7.267   321.7990 9.5890e+02     0.7941     -0.055     -0.080    19.9648 0.0000e+00
     -0.056 -1.540e-09     8.4017     92.348     34.992  31.470052     0.8264      7.266   321.6499 9.5079e+02     0.8388     -0.056     -0.081    19.9654 0.0000e+00
     -0.056 -1.694e-08     8.4075     92.408     34.998  31.474151     0.8247      7.265   321.5705 9.4976e+02     0.8742     -0.054     -0.079    19.9655 0.0000e+00
     -0.056 -1.863e-07     8.4096     92.428     34.987  31.463114     0.8116      7.262   321.7863 9.4745e+02     0.8860     -0.055     -0.080    19.9651 0.0000e+00
     -0.056 -1.863e-07     8.4130     92.463     34.988  31.463625     0.7776      7.258   322.1073 9.3863e+02     0.8590     -0.056     -0.081    19.9641 0.0000e+00
     -0.056 -1.693e-08     8.4180     92.515     35.008  31.480320     0.7543      7.255   321.9242 9.2919e+02     0.8530     -0.055     -0.079    19.9627 0.0000e+00
     -0.056 -1.537e-09     8.4207     92.542     35.003  31.474452     0.7602      7.255   321.2934 9.2127e+02     0.8454     -0.055     -0.080    19.9612 0.0000e+00
     -0.056 -1.122e-10     8.4217     92.552     34.983  31.456187     0.7751      7.255   320.8475 9.1267e+02     0.7968     -0.055     -0.080    19.9595 0.0000e+00
     -0.056 2.9239e-10     8.4216     92.551     34.976  31.450002     0.7599      7.255   320.8345 9.0904e+02     0.7227     -0.054     -0.079    19.9578 0.0000e+00
     -0.057 3.3552e-09     8.4231     92.568     34.991  31.463187     0.7230      7.255   321.1364 9.1086e+02     0.6513     -0.055     -0.080    19.9562 0.0000e+00
     -0.057 3.6919e-08     8.4299     92.643     35.019  31.488581     0.7057      7.255   321.3998 9.0999e+02     0.6362     -0.055     -0.080    19.9550 0.0000e+00
     -0.057 4.0611e-07     8.4370     92.722     35.034  31.502995     0.7067      7.256   321.3519 9.0883e+02     0.6626     -0.056     -0.081    19.9544 0.0000e+00
     -0.056      0.000     8.4394     92.749     35.042  31.510447     0.7261      7.258   321.2464 9.0986e+02     0.6950     -0.055     -0.080    19.9544 0.0000e+00
     -0.056      0.000     8.4392     92.749     35.047  31.515181     0.7570      7.258   321.1568 9.0990e+02     0.6916     -0.055     -0.079    19.9544 0.0000e+00
     -0.056      0.001     8.4360     92.715     35.026  31.496716     0.7682      7.257   321.0427 9.0974e+02     0.6527     -0.055     -0.080    19.9547 0.0000e+00
     -0.056      0.001     8.4262     92.609     35.004  31.477721     0.7687      7.256   320.9843 9.0608e+02     0.6522     -0.055     -0.080    19.9554 0.0000e+00
     -0.056      0.000     8.4120     92.454     35.002  31.476047     0.7907      7.257   320.8816 9.0015e+02     0.7155     -0.054     -0.078    19.9562 0.0000e+00
     -0.056     -0.001     8.3958     92.277     35.002  31.476472     0.8137      7.258   320.8340 8.9757e+02     0.7774     -0.055     -0.079    19.9567 0.0000e+00
     -0.056     -0.001     8.3775     92.077     35.009  31.482860     0.8167      7.257   321.0965 8.9707e+02     0.7902     -0.054     -0.079    19.9575 0.0000e+00
     -0.056     -0.001     8.3611     91.897     35.016  31.489778     0.8182      7.257   321.3881 8.9642e+02     0.8091     -0.054     -0.079    19.9586 0.0000e+00
     -0.057     -0.001     8.3471     91.743     35.023  31.496602     0.8224      7.257   321.3491 8.9713e+02     0.7924     -0.056     -0.081    19.9591 0.0000e+00
     -0.058      0.000     8.3346     91.607     35.029  31.501864     0.8309      7.256   321.1402 8.9406e+02     0.7113     -0.057     -0.083    19.9596 0.0000e+00
     -0.058 1.3868e-10     8.3293     91.550     35.015  31.489893     0.8386      7.255   320.9272 8.7480e+02     0.6518     -0.057     -0.082    19.9600 0.0000e+00
     -0.057 1.5255e-09     8.3338     91.600     35.002  31.478876     0.8413      7.253   320.8395 8.3628e+02     0.6534     -0.056     -0.081    19.9603 0.0000e+00
     -0.056 1.6780e-08     8.3474     91.750     35.021  31.495685     0.8454      7.252   321.1123 7.8909e+02     0.7307     -0.054     -0.079    19.9610 0.0000e+00
     -0.055 1.8459e-07     8.3683     91.980     35.029  31.502604     0.8432      7.253   321.4718 7.6410e+02     0.8222     -0.053     -0.077    19.9613 0.0000e+00
     -0.056 1.8459e-07     8.3913     92.233     35.025  31.499014     0.8317      7.255   321.4866 7.8499e+02     0.8441     -0.054     -0.078    19.9619 0.0000e+00
     -0.057 1.6781e-08     8.4102     92.440     35.043  31.515796     0.8258      7.256   321.3776 8.2828e+02     0.8125     -0.056     -0.081    19.9623 0.0000e+00
     -0.058 1.5280e-09     8.4208     92.557     35.043  31.514982     0.8273      7.254   321.2724 8.4486e+02     0.8075     -0.057     -0.082    19.9625 0.0000e+00
     -0.057 1.6667e-10     8.4236     92.587     35.014  31.489163     0.8143      7.252   321.1613 8.4031e+02     0.7832     -0.057     -0.082    19.9627 0.0000e+00
     -0.056 3.2048e-10     8.4168     92.512     34.979  31.457664     0.7872      7.252   321.1531 8.5441e+02     0.6708     -0.055     -0.080    19.9623 0.0000e+00
     -0.055 3.3878e-09     8.4014     92.342     34.972  31.451681     0.7657      7.252   321.0011 8.6942e+02     0.6084     -0.053     -0.077    19.9621 0.0000e+00
     -0.056 3.7253e-08     8.3835     92.146     35.004  31.480331     0.7567      7.252   320.6999 8.6733e+02     0.6396     -0.054     -0.078    19.9622 0.0000e+00
     -0.057 4.0978e-07     8.3659     91.952     35.011  31.486520     0.7703      7.254   320.6084 8.6303e+02     0.7122     -0.056     -0.081    19.9622 0.0000e+00
     -0.058      0.000     8.3474     91.750     34.985  31.463000     0.8013      7.256   320.6698 8.6042e+02     0.8145     -0.057     -0.083    19.9619 0.0000e+00
     -0.058      0.000     8.3278     91.535     34.970  31.449996     0.8202      7.257   320.6676 8.5920e+02     0.8696     -0.058     -0.084    19.9616 0.0000e+00
     -0.057      0.001     8.3073     91.310     34.977  31.456309     0.8239      7.258   320.7532 8.5630e+02     0.8590     -0.055     -0.081    19.9619 0.0000e+00
     -0.056      0.001     8.2872     91.089     34.999  31.475817     0.8278      7.259   320.9314 8.5182e+02     0.8392     -0.053     -0.078    19.9622 0.0000e+00
     -0.056      0.001     8.2700     90.900     35.020  31.495332     0.8308      7.259   320.9285 8.5570e+02     0.8432     -0.054     -0.079    19.9622 0.0000e+00
     -0.056      0.001     8.2585     90.774     35.027  31.501740     0.8327      7.258   320.8049 8.6511e+02     0.8477     -0.055     -0.079    19.9620 0.0000e+00
     -0.057      0.000     8.2558     90.745     35.014  31.489777     0.8321      7.257   320.6410 8.6917e+02     0.8320     -0.055     -0.080    19.9623 0.0000e+00
     -0.057 1.8626e-08     8.2602     90.795     35.000  31.477718     0.8409      7.257   320.4950 8.6827e+02     0.8059     -0.057     -0.083    19.9625 0.0000e+00
     -0.056 2.0489e-07     8.2620     90.815     35.006  31.482963     0.8759      7.257   320.8465 8.6667e+02     0.7454     -0.056     -0.081    19.9625 0.0000e+00
     -0.055 2.0489e-07     8.2593     90.786     35.013  31.489673     0.9058      7.258   321.4497 8.6357e+02     0.6812     -0.054     -0.078    19.9630 0.0000e+00
     -0.055 1.8624e-08     8.2626     90.822     35.019  31.495342     0.9081      7.258   321.5938 8.5417e+02     0.6694     -0.054     -0.078    19.9633 0.0000e+00
     -0.056 1.6615e-09     8.2672     90.873     35.011  31.487992     0.8854      7.258   321.5568 8.3051e+02     0.6637     -0.054     -0.078    19.9635 0.0000e+00
     -0.057 -1.955e-10     8.2657     90.857     34.984  31.464321     0.8516      7.260   321.6039 7.8101e+02     0.6436     -0.055     -0.080    19.9638 0.0000e+00
     -0.057 -3.689e-09     8.2646     90.846     34.983  31.463176     0.8392      7.261   321.5616 7.3105e+02     0.6397     -0.056     -0.081    19.9642 0.0000e+00
     -0.057 -4.058e-08     8.2644     90.844     34.994  31.474146     0.8372      7.261   321.5612 7.3793e+02     0.6472     -0.055     -0.080    19.9645 0.0000e+00
     -0.057 -4.464e-07     8.2640     90.843     34.988  31.469938     0.8270      7.259   321.8567 7.8413e+02     0.6429     -0.055     -0.080    19.9648 0.0000e+00
