Data/DataNotYetUploadedToEDI/Raw_CTD/RawDownloads/051118_bvr49.cnv
* Sea-Bird SBE19plus  Data File:
* FileName = C:\DATA\051118_bvr_0001.hex
* Software version 2.6.3.104 SB_Terminal.dll
* Temperature SN = 7809
* Conductivity SN = 7809
* System UpLoad Time = May 11 2018 13:58:01
* <ApplicationData>
* <Seaterm232>
# nquan = 15
# nvalues = 1145                        
# units = specified
# name 0 = depFM: Depth [fresh water, m]
# name 1 = dz/dtM: Descent Rate [m/s]
# name 2 = sbeox0Mg/L: Oxygen, SBE 43 [mg/l]
# name 3 = sbeox0PS: Oxygen, SBE 43 [% saturation]
# name 4 = specc: Specific Conductance [uS/cm]
# name 5 = c0uS/cm: Conductivity [uS/cm]
# name 6 = flECO-AFL: Fluorescence, WET Labs ECO-AFL/FL [mg/m^3]
# name 7 = ph: pH
# name 8 = orp: Oxidation Reduction Potential [mV]
# name 9 = par/sat/log: PAR/Logarithmic, Satlantic
# name 10 = turbWETntu0: Turbidity, WET Labs ECO [NTU]
# name 11 = prdM: Pressure, Strain Gauge [db]
# name 12 = prdE: Pressure, Strain Gauge [psi]
# name 13 = tv290C: Temperature [ITS-90, deg C]
# name 14 = flag:  0.000e+00
# span 0 =     -0.616,     10.393       
# span 1 =     -0.085,      0.199       
# span 2 =     0.1378,    10.4204       
# span 3 =      1.138,    106.554       
# span 4 =      1.888,     56.408       
# span 5 =   1.932725,  36.189300       
# span 6 =    -0.2274,     3.3714       
# span 7 =      5.556,      7.647       
# span 8 =  -524.0115,  1020.2352       
# span 9 = 1.2533e-01, 2.3316e+03       
# span 10 =    -0.6691,    15.9711      
# span 11 =     -0.606,     10.193      
# span 12 =     -0.879,     14.784      
# span 13 =     7.0702,    26.3852      
# span 14 = 0.0000e+00, 0.0000e+00      
# interval = seconds: 0.25
# start_time = May 11 2018 14:52:51 [Instrument's time stamp, header]
# bad_flag = -9.990e-29
*END*
[from data line 579]
      0.354      0.070     8.4086     94.802     29.122  26.943249     1.0345      7.425   325.6611 5.5240e+02     2.0819      0.346      0.503    21.2517 0.0000e+00
      0.371      0.071     8.4193     94.919     29.114  26.934129     0.9834      7.422   325.7679 5.4318e+02     2.1127      0.365      0.529    21.2529 0.0000e+00
      0.388      0.075     8.4323     95.061     29.094  26.914513     0.9852      7.418   325.9537 5.9698e+02     2.1485      0.379      0.550    21.2551 0.0000e+00
      0.406      0.080     8.4462     95.216     29.075  26.896562     1.0105      7.415   326.1877 5.6100e+02     2.2096      0.396      0.575    21.2566 0.0000e+00
      0.427      0.084     8.4574     95.342     29.086  26.907576     1.0312      7.414   326.3599 5.6788e+02     2.2715      0.417      0.606    21.2551 0.0000e+00
      0.450      0.085     8.4629     95.407     29.099  26.920690     1.0339      7.413   326.4870 4.9807e+02     2.2865      0.440      0.638    21.2519 0.0000e+00
      0.476      0.085     8.4632     95.412     29.107  26.928127     1.0335      7.409   326.6055 4.5223e+02     2.2995      0.468      0.679    21.2492 0.0000e+00
      0.501      0.081     8.4562     95.332     29.114  26.934003     1.0355      7.405   326.7608 5.2748e+02     2.3060      0.493      0.715    21.2485 0.0000e+00
      0.521      0.076     8.4405     95.154     29.108  26.928239     1.0400      7.402   326.9008 4.9597e+02     2.2742      0.511      0.741    21.2492 0.0000e+00
      0.538      0.071     8.4236     94.966     29.100  26.921933     1.0427      7.400   327.0088 3.9865e+02     2.2498      0.527      0.765    21.2511 0.0000e+00
      0.553      0.069     8.4161     94.886     29.098  26.921262     1.0405      7.397   327.1198 3.7725e+02     2.2555      0.544      0.788    21.2524 0.0000e+00
      0.566      0.069     8.4203     94.934     29.097  26.920126     1.0410      7.397   327.3829 3.8849e+02     2.2525      0.556      0.805    21.2507 0.0000e+00
      0.581      0.073     8.4322     95.063     29.085  26.908195     1.0121      7.401   327.6953 3.7744e+02     2.1825      0.567      0.822    21.2499 0.0000e+00
      0.602      0.077     8.4473     95.223     29.084  26.903989     0.9386      7.406   327.8853 3.8048e+02     2.0801      0.590      0.855    21.2523 0.0000e+00
      0.626      0.082     8.4626     95.386     29.119  26.932754     0.8971      7.411   328.1309 3.8006e+02     2.0523      0.615      0.892    21.2550 0.0000e+00
      0.648      0.086     8.4757     95.526     29.128  26.938517     0.9048      7.415   328.3422 3.7421e+02     2.0912      0.636      0.922    21.2559 0.0000e+00
      0.670      0.087     8.4840     95.606     29.102  26.910162     0.9310      7.420   328.4605 4.1474e+02     2.1221      0.658      0.954    21.2526 0.0000e+00
      0.692      0.086     8.4868     95.616     29.107  26.907390     0.9658      7.423   328.6155 4.3103e+02     2.1216      0.678      0.984    21.2459 0.0000e+00
      0.715      0.086     8.4838     95.554     29.113  26.904986     0.9851      7.425   328.7538 3.8962e+02     2.1155      0.701      1.017    21.2399 0.0000e+00
      0.737      0.086     8.4761     95.443     29.095  26.881095     0.9896      7.425   328.9274 3.8475e+02     2.1091      0.725      1.053    21.2371 0.0000e+00
      0.756      0.086     8.4678     95.331     29.092  26.872487     0.9928      7.424   329.0798 3.9238e+02     2.1057      0.741      1.075    21.2335 0.0000e+00
      0.777      0.084     8.4613     95.235     29.091  26.864393     0.9959      7.423   328.9622 3.5862e+02     2.1048      0.760      1.103    21.2186 0.0000e+00
      0.802      0.079     8.4559     95.142     29.083  26.846724     0.9904      7.423   328.7096 3.3605e+02     2.0985      0.787      1.141    21.2013 0.0000e+00
      0.825      0.075     8.4532     95.078     29.097  26.849314     0.9814      7.425   328.7788 3.3075e+02     2.1214      0.810      1.175    21.1893 0.0000e+00
      0.844      0.074     8.4569     95.089     29.088  26.832207     0.9794      7.427   329.1107 3.5286e+02     2.1366      0.830      1.205    21.1803 0.0000e+00
      0.859      0.075     8.4659     95.147     29.032  26.766857     0.9754      7.427   329.3672 3.7702e+02     2.1299      0.844      1.224    21.1710 0.0000e+00
      0.871      0.079     8.4765     95.184     28.981  26.694106     0.9694      7.426   329.5572 3.6036e+02     2.1316      0.851      1.235    21.1501 0.0000e+00
      0.889      0.085     8.4871     95.179     28.976  26.650977     0.9718      7.424   329.6868 3.5844e+02     2.1262      0.868      1.259    21.1292 0.0000e+00
      0.914      0.093     8.4971     95.156     28.996  26.626303     0.9767      7.422   329.9022 3.6872e+02     2.1259      0.896      1.299    21.1186 0.0000e+00
      0.943      0.102     8.5067     95.145     28.992  26.586196     0.9830      7.422   330.2679 3.7385e+02     2.1287      0.925      1.342    21.1012 0.0000e+00
      0.973      0.109     8.5151     95.138     28.983  26.546965     0.9925      7.421   330.4952 3.9109e+02     2.1292      0.955      1.385    21.0584 0.0000e+00
      1.002      0.112     8.5179     95.082     28.998  26.532879     0.9900      7.419   330.5852 3.8417e+02     2.1318      0.983      1.426    20.9849 0.0000e+00
      1.030      0.110     8.5118     94.944     29.033  26.542832     0.9901      7.420   330.5821 3.7416e+02     2.1304      1.010      1.465    20.9043 0.0000e+00
      1.058      0.107     8.4993     94.749     29.049  26.540295     1.0391      7.423   330.5441 3.8099e+02     2.1119      1.037      1.504    20.8424 0.0000e+00
      1.088      0.102     8.4856     94.531     29.029  26.502180     1.1237      7.425   330.6422 3.4982e+02     2.0907      1.068      1.549    20.7905 0.0000e+00
      1.114      0.098     8.4756     94.317     29.021  26.462922     1.1760      7.426   330.8213 3.2337e+02     2.0884      1.094      1.588    20.7415 0.0000e+00
      1.137      0.095     8.4691     94.122     29.046  26.446544     1.1847      7.426   330.9879 3.1870e+02     2.1142      1.113      1.615    20.7036 0.0000e+00
      1.158      0.093     8.4628     93.952     29.063  26.431086     1.1644      7.426   331.0220 3.0270e+02     2.1584      1.136      1.648    20.6782 0.0000e+00
      1.180      0.091     8.4572     93.815     29.058  26.402970     1.1244      7.426   331.0624 3.0572e+02     2.1647      1.158      1.679    20.6516 0.0000e+00
      1.203      0.091     8.4551     93.716     29.037  26.360536     1.0958      7.425   331.3038 3.0596e+02     2.1292      1.178      1.708    20.5939 0.0000e+00
      1.228      0.091     8.4571     93.645     29.001  26.298948     1.1037      7.424   331.5315 2.8474e+02     2.0953      1.204      1.747    20.5130 0.0000e+00
      1.252      0.090     8.4646     93.609     28.966  26.229717     1.2380      7.424   331.5788 2.7544e+02     2.1212      1.230      1.783    20.4610 0.0000e+00
      1.276      0.087     8.4760     93.607     28.931  26.158355     1.4606      7.424   331.5310 2.7123e+02     2.1989      1.252      1.815    20.4286 0.0000e+00
      1.299      0.084     8.4886     93.635     28.944  26.134486     1.5616      7.425   331.6430 2.6475e+02     2.2410      1.275      1.849    20.3882 0.0000e+00
      1.319      0.082     8.5077     93.761     28.970  26.131547     1.5500      7.425   331.8999 2.6496e+02     2.2345      1.295      1.878    20.3434 0.0000e+00
      1.337      0.081     8.5419     94.064     28.915  26.059284     1.5318      7.422   332.0563 2.6244e+02     2.1809      1.312      1.903    20.2736 0.0000e+00
      1.355      0.082     8.6032     94.619     28.844  25.959157     1.5159      7.418   332.1581 2.6390e+02     2.1118      1.328      1.926    20.1975 0.0000e+00
      1.376      0.084     8.6976     95.447     28.819  25.873256     1.5044      7.415   332.2701 2.6915e+02     2.1003      1.348      1.955    20.1379 0.0000e+00
      1.400      0.085     8.8091     96.402     28.807  25.782483     1.5024      7.414   332.3766 2.5876e+02     2.1023      1.373      1.991    20.0917 0.0000e+00
      1.425      0.085     8.9115     97.250     28.791  25.686913     1.5019      7.412   332.4997 2.4791e+02     2.0757      1.398      2.028    20.0662 0.0000e+00
      1.448      0.085     8.9928     97.876     28.787  25.606505     1.4704      7.411   332.6402 2.4629e+02     2.0832      1.420      2.060    20.0156 0.0000e+00
      1.468      0.083     9.0593     98.329     28.766  25.508579     1.4156      7.411   332.7847 2.3964e+02     2.1328      1.441      2.088    19.8948 0.0000e+00
      1.488      0.079     9.1202     98.684     28.734  25.391660     1.3815      7.411   332.8704 2.3997e+02     2.1558      1.460      2.116    19.7429 0.0000e+00
      1.507      0.075     9.1775     98.970     28.780  25.335571     1.3710      7.415   332.9876 2.4475e+02     2.1482      1.477      2.143    19.6006 0.0000e+00
      1.527      0.072     9.2219     99.141     28.884  25.338213     1.3710      7.419   333.1693 2.4077e+02     2.1632      1.498      2.173    19.4707 0.0000e+00
      1.546      0.071     9.2427     99.139     28.910  25.296508     1.3814      7.421   333.2613 2.3765e+02     2.2150      1.518      2.201    19.3417 0.0000e+00
      1.562      0.073     9.2536     99.079     28.798  25.148682     1.3861      7.421   333.3249 2.3153e+02     2.2555      1.531      2.221    19.1861 0.0000e+00
      1.577      0.077     9.2863     99.190     28.645  24.947577     1.3829      7.420   333.4221 2.2420e+02     2.2569      1.545      2.241    19.0080 0.0000e+00
      1.595      0.082     9.3506     99.523     28.555  24.769574     1.4616      7.420   333.5769 2.2235e+02     2.2319      1.563      2.268    18.8408 0.0000e+00
      1.617      0.088     9.4312     99.985     28.541  24.647046     1.6211      7.420   333.7334 2.1897e+02     2.1959      1.586      2.301    18.7303 0.0000e+00
      1.642      0.094     9.5165    100.510     28.545  24.545271     1.7030      7.421   333.7651 2.2226e+02     2.1575      1.611      2.336    18.6741 0.0000e+00
      1.669      0.097     9.6048    101.066     28.528  24.427717     1.6983      7.426   333.8747 2.2295e+02     2.1042      1.636      2.373    18.5670 0.0000e+00
      1.697      0.098     9.6958    101.637     28.507  24.304874     1.6836      7.431   334.0267 2.2262e+02     2.0701      1.664      2.414    18.3718 0.0000e+00
      1.724      0.096     9.7773    102.121     28.505  24.202634     1.6637      7.438   333.8820 2.2716e+02     2.0815      1.692      2.455    18.1653 0.0000e+00
      1.746      0.092     9.8379    102.420     28.541  24.143724     1.6505      7.448   333.6738 2.1654e+02     2.0883      1.712      2.483    17.9895 0.0000e+00
      1.767      0.088     9.8894    102.666     28.582  24.100384     1.6520      7.460   333.6607 2.0453e+02     2.0917      1.731      2.512    17.8126 0.0000e+00
      1.792      0.084     9.9474    103.031     28.608  24.059435     1.7286      7.473   333.6377 1.9914e+02     2.1536      1.759      2.552    17.6207 0.0000e+00
      1.812      0.080    10.0162    103.557     28.632  24.029457     1.8782      7.486   333.5668 1.9293e+02     2.2565      1.778      2.579    17.4428 0.0000e+00
      1.830      0.078    10.0961    104.234     28.633  23.991803     1.9537      7.498   333.4918 1.9893e+02     2.2980      1.793      2.600    17.2851 0.0000e+00
      1.850      0.075    10.1784    104.964     28.663  23.985040     1.9524      7.508   333.4194 2.0441e+02     2.2580      1.815      2.632    17.1466 0.0000e+00
      1.870      0.074    10.2519    105.627     28.723  24.011136     1.9547      7.518   333.5514 1.9554e+02     2.2315      1.835      2.661    17.0372 0.0000e+00
      1.888      0.077    10.3094    106.151     28.719  23.989863     1.9626      7.526   333.8835 1.8968e+02     2.2526      1.852      2.686    16.9534 0.0000e+00
      1.904      0.082    10.3472    106.468     28.655  23.918268     1.9656      7.533   334.1657 1.8513e+02     2.2687      1.868      2.709    16.8878 0.0000e+00
      1.922      0.088    10.3650    106.554     28.595  23.843811     1.9540      7.541   334.2963 1.7888e+02     2.2734      1.883      2.731    16.8326 0.0000e+00
      1.946      0.093    10.3641    106.429     28.564  23.787927     1.9501      7.548   334.2579 1.7586e+02     2.3096      1.907      2.765    16.7875 0.0000e+00
      1.975      0.099    10.3528    106.176     28.562  23.750436     1.9746      7.555   334.2184 1.7266e+02     2.4010      1.936      2.808    16.7642 0.0000e+00
      2.004      0.104    10.3458    105.945     28.559  23.707901     2.0102      7.562   334.3342 1.7107e+02     2.4934      1.966      2.851    16.7359 0.0000e+00
      2.031      0.106    10.3505    105.816     28.549  23.654501     2.0318      7.571   334.3676 1.6790e+02     2.5114      1.994      2.891    16.6890 0.0000e+00
      2.056      0.106    10.3614    105.737     28.558  23.612612     2.0248      7.579   334.1917 1.6765e+02     2.4976      2.016      2.924    16.6388 0.0000e+00
      2.083      0.104    10.3738    105.667     28.583  23.582280     1.9801      7.586   334.0997 1.6971e+02     2.5094      2.042      2.961    16.5764 0.0000e+00
      2.112      0.101    10.3887    105.627     28.593  23.541636     1.9236      7.592   334.1160 1.6126e+02     2.5314      2.072      3.005    16.5053 0.0000e+00
      2.138      0.096    10.4040    105.608     28.599  23.502041     1.8927      7.598   333.9594 1.5064e+02     2.5198      2.098      3.043    16.4258 0.0000e+00
      2.162      0.090    10.4160    105.577     28.625  23.484406     1.8823      7.605   333.6680 1.4997e+02     2.4904      2.122      3.077    16.3377 0.0000e+00
      2.185      0.084    10.4204    105.487     28.631  23.455333     1.8528      7.611   333.5188 1.4985e+02     2.4818      2.144      3.109    16.2489 0.0000e+00
      2.205      0.080    10.4142    105.306     28.606  23.404422     1.7933      7.615   333.6178 1.4833e+02     2.4764      2.163      3.138    16.1606 0.0000e+00
      2.223      0.080    10.4010    105.061     28.607  23.376696     1.7610      7.616   333.7468 1.5076e+02     2.4862      2.181      3.162    16.0824 0.0000e+00
      2.239      0.082    10.3868    104.816     28.635  23.373999     1.7650      7.616   333.7888 1.4717e+02     2.5089      2.194      3.182    16.0142 0.0000e+00
      2.258      0.085    10.3722    104.594     28.656  23.371779     1.7591      7.615   333.7803 1.4055e+02     2.5676      2.212      3.208    15.9555 0.0000e+00
      2.282      0.089    10.3582    104.393     28.648  23.349833     1.7356      7.614   333.7288 1.3765e+02     2.6771      2.238      3.245    15.9035 0.0000e+00
      2.309      0.093    10.3513    104.237     28.613  23.299078     1.7105      7.615   333.6833 1.3182e+02     2.7341      2.265      3.285    15.8542 0.0000e+00
      2.336      0.094    10.3552    104.157     28.610  23.265961     1.6946      7.618   333.6599 1.2668e+02     2.7072      2.290      3.321    15.8047 0.0000e+00
      2.361      0.092    10.3657    104.147     28.648  23.266803     1.6907      7.621   333.7046 1.2607e+02     2.6572      2.316      3.359    15.7700 0.0000e+00
      2.384      0.089    10.3736    104.139     28.650  23.245743     1.7091      7.626   333.7934 1.2612e+02     2.5876      2.338      3.392    15.7559 0.0000e+00
      2.404      0.085    10.3780    104.115     28.617  23.201743     1.7418      7.631   333.8732 1.2600e+02     2.5070      2.357      3.420    15.7163 0.0000e+00
      2.425      0.082    10.3828    104.085     28.614  23.179183     1.7558      7.633   333.8957 1.2444e+02     2.4760      2.379      3.449    15.6552 0.0000e+00
