Data/DataNotYetUploadedToEDI/Raw_CTD/RawDownloads/051118_fcr50.cnv
* Sea-Bird SBE19plus  Data File:
* FileName = C:\DATA\051118_bvr_0003.hex
* Software version 2.6.3.104 SB_Terminal.dll
* Temperature SN = 7809
* Conductivity SN = 7809
* System UpLoad Time = May 11 2018 13:58:56
* <ApplicationData>
* <Seaterm232>
# nquan = 15
# nvalues = 824                         
# units = specified
# name 0 = depFM: Depth [fresh water, m]
# name 1 = dz/dtM: Descent Rate [m/s]
# name 2 = sbeox0Mg/L: Oxygen, SBE 43 [mg/l]
# name 3 = sbeox0PS: Oxygen, SBE 43 [% saturation]
# name 4 = specc: Specific Conductance [uS/cm]
# name 5 = c0uS/cm: Conductivity [uS/cm]
# name 6 = flECO-AFL: Fluorescence, WET Labs ECO-AFL/FL [mg/m^3]
# name 7 = ph: pH
# name 8 = orp: Oxidation Reduction Potential [mV]
# name 9 = par/sat/log: PAR/Logarithmic, Satlantic
# name 10 = turbWETntu0: Turbidity, WET Labs ECO [NTU]
# name 11 = prdM: Pressure, Strain Gauge [db]
# name 12 = prdE: Pressure, Strain Gauge [psi]
# name 13 = tv290C: Temperature [ITS-90, deg C]
# name 14 = flag:  0.000e+00
# span 0 =     -0.560,      9.716       
# span 1 =     -0.164,      0.195       
# span 2 =     5.0513,     9.3297       
# span 3 =     58.000,     97.791       
# span 4 =      0.800,     39.478       
# span 5 =   0.797353,  34.100344       
# span 6 =    -0.3455,     2.4064       
# span 7 =     -2.499,      7.552       
# span 8 =   269.3193,  1215.7013       
# span 9 = 2.9979e+00, 2.0061e+03       
# span 10 =    -0.2078,    58.3985      
# span 11 =     -0.550,      9.529      
# span 12 =     -0.798,     13.821      
# span 13 =     9.1022,    24.9869      
# span 14 = 0.0000e+00, 0.0000e+00      
# interval = seconds: 0.25
# start_time = May 11 2018 16:02:06 [Instrument's time stamp, header]
# bad_flag = -9.990e-29
*END*
[from data line 772]
      8.863      0.113     8.8479     76.747     39.223  26.757713     0.6323      6.516   358.4908 5.2677e+00     1.2950      8.692     12.606     9.1119 0.0000e+00
      8.891      0.113     8.8544     76.803     39.243  26.770770     0.6286      6.515   358.2834 5.1746e+00     1.3341      8.719     12.645     9.1105 0.0000e+00
      8.919      0.112     8.8641     76.888     39.289  26.802333     0.6314      6.514   358.2921 5.0872e+00     1.4409      8.746     12.685     9.1096 0.0000e+00
      8.949      0.110     8.8742     76.976     39.317  26.821845     0.6209      6.513   358.7680 5.0114e+00     1.4267      8.777     12.729     9.1083 0.0000e+00
      8.979      0.109     8.8806     77.029     39.309  26.816195     0.6033      6.513   359.2195 4.9448e+00     1.4064      8.807     12.773     9.1067 0.0000e+00
      9.005      0.110     8.8830     77.049     39.283  26.797523     0.5743      6.512   359.2767 4.8810e+00     1.3784      8.833     12.811     9.1063 0.0000e+00
      9.029      0.110     8.8831     77.051     39.267  26.786565     0.5642      6.511   359.1161 4.8006e+00     1.4239      8.853     12.840     9.1073 0.0000e+00
      9.056      0.109     8.8800     77.026     39.301  26.810705     0.6006      6.511   358.9991 4.7062e+00     1.6209      8.878     12.878     9.1084 0.0000e+00
      9.088      0.106     8.8735     76.970     39.336  26.835402     0.6374      6.511   358.8942 4.6145e+00     1.7160      8.913     12.927     9.1068 0.0000e+00
      9.120      0.101     8.8653     76.898     39.330  26.831195     0.6237      6.511   358.6221 4.5323e+00     1.5975      8.947     12.974     9.1053 0.0000e+00
      9.147      0.095     8.8569     76.823     39.320  26.823333     0.5997      6.513   358.3755 4.4724e+00     1.4694      8.973     13.013     9.1058 0.0000e+00
      9.168      0.088     8.8497     76.757     39.294  26.803830     0.6050      6.514   358.4941 4.4294e+00     1.4484      8.991     13.040     9.1069 0.0000e+00
      9.187      0.083     8.8443     76.709     39.269  26.785885     0.6418      6.514   358.6799 4.3939e+00     1.4668      9.009     13.067     9.1084 0.0000e+00
      9.205      0.085     8.8412     76.680     39.286  26.796852     0.6675      6.512   358.8153 4.3597e+00     1.4774      9.028     13.094     9.1077 0.0000e+00
      9.220      0.090     8.8380     76.653     39.304  26.809437     0.6410      6.509   359.0126 4.3015e+00     1.5466      9.041     13.114     9.1060 0.0000e+00
      9.240      0.098     8.8360     76.638     39.305  26.811044     0.6425      6.507   359.0001 4.2139e+00     1.6928      9.056     13.135     9.1048 0.0000e+00
      9.270      0.105     8.8383     76.659     39.313  26.816292     0.6855      6.507   358.2346 4.1196e+00     1.7490      9.087     13.179     9.1035 0.0000e+00
      9.306      0.112     8.8413     76.685     39.303  26.809385     0.7018      6.507   357.0700 4.0478e+00     1.5853      9.129     13.240     9.1022 0.0000e+00
      9.339      0.118     8.8414     76.685     39.276  26.791028     0.6832      6.506   356.6200 3.9939e+00     1.3619      9.162     13.288     9.1023 0.0000e+00
      9.365      0.120     8.8397     76.670     39.267  26.784831     0.6440      6.504   356.8377 3.9239e+00     1.3366      9.183     13.320     9.1049 0.0000e+00
      9.392      0.118     8.8350     76.630     39.286  26.797954     0.6420      6.504   357.2070 3.8399e+00     1.4631      9.209     13.356     9.1052 0.0000e+00
      9.423      0.116     8.8265     76.557     39.322  26.822701     0.6581      6.504   357.2991 3.7594e+00     1.4570      9.240     13.402     9.1036 0.0000e+00
      9.457      0.114     8.8193     76.494     39.332  26.830052     0.6365      6.504   356.2306 3.6884e+00     1.2937      9.274     13.452     9.1037 0.0000e+00
      9.487      0.111     8.8138     76.447     39.322  26.823343     0.6204      6.504   354.2678 3.6246e+00     1.2278      9.304     13.494     9.1041 0.0000e+00
      9.514      0.106     8.8104     76.418     39.295  26.805081     0.6381      6.506   353.2708 3.5600e+00     1.3316      9.330     13.532     9.1046 0.0000e+00
      9.542      0.098     8.8132     76.443     39.287  26.799739     0.6766      6.506   353.3818 3.5015e+00     1.4801      9.359     13.573     9.1048 0.0000e+00
      9.568      0.088     8.8201     76.504     39.319  26.822253     0.6712      6.507   353.4588 3.4559e+00     1.4978      9.385     13.612     9.1041 0.0000e+00
      9.588      0.078     8.8308     76.599     39.319  26.823302     0.6189      6.509   353.6858 3.4124e+00     1.3628      9.403     13.637     9.1048 0.0000e+00
      9.606      0.068     8.8454     76.728     39.301  26.812432     0.6047      6.511   353.9760 3.3767e+00     1.3429      9.419     13.663     9.1055 0.0000e+00
      9.622      0.058     8.8598     76.854     39.308  26.817822     0.6193      6.513   353.4395 3.3633e+00     1.5011      9.437     13.687     9.1049 0.0000e+00
      9.634      0.050     8.8717     76.959     39.318  26.824968     0.6210      6.514   352.4478 3.3711e+00     1.5976      9.449     13.705     9.1056 0.0000e+00
      9.644      0.045     8.8816     77.047     39.332  26.835342     0.5978      6.515   351.9657 3.3859e+00     1.5024      9.459     13.720     9.1079 0.0000e+00
      9.653      0.039     8.8910     77.132     39.395  26.879746     0.5596      6.517   351.8272 3.3918e+00     1.3571      9.466     13.730     9.1095 0.0000e+00
      9.663      0.032     8.8975     77.193     39.447  26.917381     0.5809      6.519   351.7192 3.3791e+00     1.4277      9.476     13.743     9.1095 0.0000e+00
      9.673      0.026     8.9000     77.220     39.432  26.909394     0.6354      6.520   351.7778 3.3481e+00     1.5625      9.488     13.761     9.1097 0.0000e+00
      9.681      0.020     8.9001     77.224     39.432  26.910172     0.6303      6.520   351.9337 3.3267e+00     1.5217      9.495     13.772     9.1113 0.0000e+00
      9.684      0.014     8.8980     77.205     39.456  26.926795     0.6105      6.521   352.1419 3.3290e+00     1.4843      9.497     13.775     9.1133 0.0000e+00
      9.685      0.008     8.8923     77.156     39.447  26.919890     0.6443      6.523   352.2296 3.3352e+00     1.5682      9.498     13.776     9.1159 0.0000e+00
      9.685      0.005     8.8809     77.056     39.404  26.890178     0.6905      6.524   351.9613 3.3353e+00     1.6814      9.498     13.776     9.1192 0.0000e+00
      9.684      0.005     8.8627     76.900     39.394  26.885035     0.6817      6.525   351.6518 3.3401e+00     1.6626      9.498     13.776     9.1205 0.0000e+00
      9.684      0.008     8.8368     76.680     39.444  26.921201     0.6396      6.526   351.4128 3.3505e+00     1.5244      9.496     13.774     9.1201 0.0000e+00
      9.684      0.012     8.8060     76.418     39.478  26.946486     0.6221      6.526   351.1363 3.3398e+00     1.5064      9.496     13.773     9.1197 0.0000e+00
      9.689      0.015     8.7751     76.155     39.461  26.936756     0.6358      6.527   351.0621 3.2865e+00     1.5355      9.501     13.780     9.1189 0.0000e+00
      9.697      0.017     8.7465     75.912     39.448  26.930562     0.6393      6.528   351.7197 3.2111e+00     1.4797      9.510     13.793     9.1200 0.0000e+00
      9.703      0.017     8.7236     75.719     39.452  26.935096     0.6103      6.530   352.8065 3.1586e+00     1.4419      9.517     13.803     9.1235 0.0000e+00
      9.708      0.016     8.7101     75.605     39.439  26.928075     0.5874      6.530   353.2759 3.1224e+00     1.5060      9.521     13.809     9.1263 0.0000e+00
      9.711      0.013     8.7037     75.554     39.409  26.909179     0.6209      6.531   353.2644 3.0710e+00     1.7051      9.523     13.812     9.1286 0.0000e+00
      9.713      0.011     8.7016     75.538     39.390  26.897113     0.6556      6.531   353.2705 3.0332e+00     1.8351      9.525     13.815     9.1314 0.0000e+00
      9.715 -9.990e-29 -9.990e-29 -9.990e-29 -9.990e-29 -9.990e-29 -9.990e-29 -9.990e-29 -9.990e-29 3.0256e+00 -9.990e-29      9.527     13.818     9.1345 0.0000e+00
      9.716 -9.990e-29 -9.990e-29 -9.990e-29 -9.990e-29 -9.990e-29 -9.990e-29 -9.990e-29 -9.990e-29 3.0139e+00 -9.990e-29      9.528     13.820     9.1361 0.0000e+00
      9.716 -9.990e-29 -9.990e-29 -9.990e-29 -9.990e-29 -9.990e-29 -9.990e-29 -9.990e-29 -9.990e-29 3.0000e+00 -9.990e-29      9.528     13.820     9.1388 0.0000e+00
      9.716 -9.990e-29 -9.990e-29 -9.990e-29 -9.990e-29 -9.990e-29 -9.990e-29 -9.990e-29 -9.990e-29 2.9979e+00 -9.990e-29      9.529     13.821     9.1417 0.0000e+00
