Data/DataNotYetUploadedToEDI/Raw_CTD/RawDownloads/051118_fcr50.cnv
* Sea-Bird SBE19plus  Data File:
* FileName = C:\DATA\051118_bvr_0003.hex
* Software version 2.6.3.104 SB_Terminal.dll
* Temperature SN = 7809
* Conductivity SN = 7809
* System UpLoad Time = May 11 2018 13:58:56
* <ApplicationData>
* <Seaterm232>
# nquan = 15
# nvalues = 824                         
# units = specified
# name 0 = depFM: Depth [fresh water, m]
# name 1 = dz/dtM: Descent Rate [m/s]
# name 2 = sbeox0Mg/L: Oxygen, SBE 43 [mg/l]
# name 3 = sbeox0PS: Oxygen, SBE 43 [% saturation]
# name 4 = specc: Specific Conductance [uS/cm]
# name 5 = c0uS/cm: Conductivity [uS/cm]
# name 6 = flECO-AFL: Fluorescence, WET Labs ECO-AFL/FL [mg/m^3]
# name 7 = ph: pH
# name 8 = orp: Oxidation Reduction Potential [mV]
# name 9 = par/sat/log: PAR/Logarithmic, Satlantic
# name 10 = turbWETntu0: Turbidity, WET Labs ECO [NTU]
# name 11 = prdM: Pressure, Strain Gauge [db]
# name 12 = prdE: Pressure, Strain Gauge [psi]
# name 13 = tv290C: Temperature [ITS-90, deg C]
# name 14 = flag:  0.000e+00
# span 0 =     -0.560,      9.716       
# span 1 =     -0.164,      0.195       
# span 2 =     5.0513,     9.3297       
# span 3 =     58.000,     97.791       
# span 4 =      0.800,     39.478       
# span 5 =   0.797353,  34.100344       
# span 6 =    -0.3455,     2.4064       
# span 7 =     -2.499,      7.552       
# span 8 =   269.3193,  1215.7013       
# span 9 = 2.9979e+00, 2.0061e+03       
# span 10 =    -0.2078,    58.3985      
# span 11 =     -0.550,      9.529      
# span 12 =     -0.798,     13.821      
# span 13 =     9.1022,    24.9869      
# span 14 = 0.0000e+00, 0.0000e+00      
# interval = seconds: 0.25
# start_time = May 11 2018 16:02:06 [Instrument's time stamp, header]
# bad_flag = -9.990e-29
*END*
[from data line 193]
     -0.168 -2.063e-32     7.2075     81.836     35.569  33.167392     0.7454      7.336   317.1959 1.6129e+02     0.4490     -0.165     -0.239    21.5100 0.0000e+00
     -0.168 -1.875e-33     7.1190     80.870     35.564  33.179481     0.7339      7.336   316.5042 1.6125e+02     0.4440     -0.165     -0.240    21.5347 0.0000e+00
     -0.168 -1.705e-34     7.0455     80.077     35.549  33.184108     0.7306      7.338   316.0814 1.6100e+02     0.4724     -0.165     -0.239    21.5602 0.0000e+00
     -0.168 -1.550e-35     6.9789     79.360     35.570  33.223362     0.7332      7.340   316.9016 1.6115e+02     0.4874     -0.165     -0.240    21.5949 0.0000e+00
     -0.168 -1.409e-36     6.9170     78.693     35.605  33.273025     0.7195      7.340   318.5911 1.6189e+02     0.4723     -0.165     -0.239    21.6194 0.0000e+00
     -0.168 -1.260e-37     6.8625     78.108     35.591  33.276489     0.7127      7.342   319.3874 1.6209e+02     0.4418     -0.165     -0.239    21.6388 0.0000e+00
     -0.168 1.1841e-38     6.8165     77.615     35.564  33.265273     0.7067      7.346   318.9582 1.6185e+02     0.4243     -0.165     -0.239    21.6697 0.0000e+00
     -0.168 2.5728e-37     6.7734     77.149     35.551  33.264460     0.6927      7.349   318.1338 1.6156e+02     0.4437     -0.165     -0.239    21.6975 0.0000e+00
     -0.168 2.8417e-36     6.7272     76.644     35.542  33.266671     0.6900      7.349   317.7660 1.6144e+02     0.4623     -0.165     -0.239    21.7191 0.0000e+00
     -0.168 3.1259e-35     6.6754     76.074     35.558  33.292029     0.6921      7.349   318.3828 1.6130e+02     0.4361     -0.165     -0.239    21.7436 0.0000e+00
     -0.168 3.4385e-34     6.6192     75.453     35.574  33.317013     0.6908      7.348   319.3964 1.6115e+02     0.4017     -0.165     -0.239    21.7654 0.0000e+00
     -0.168 3.7824e-33     6.5627     74.830     35.561  33.314702     0.6927      7.347   319.8686 1.6141e+02     0.4118     -0.165     -0.239    21.7803 0.0000e+00
     -0.168 4.1606e-32     6.5083     74.231     35.564  33.327618     0.6965      7.346   319.9625 1.6156e+02     0.4678     -0.165     -0.240    21.7941 0.0000e+00
     -0.168 4.5767e-31     6.4588     73.692     35.571  33.346166     0.6902      7.345   319.7580 1.6161e+02     0.4981     -0.165     -0.239    21.8087 0.0000e+00
     -0.168 5.0343e-30     6.4207     73.282     35.559  33.348428     0.6807      7.344   319.2017 1.6170e+02     0.4734     -0.165     -0.239    21.8218 0.0000e+00
     -0.168 5.5378e-29     6.3967     73.039     35.550  33.354993     0.6923      7.344   319.0868 1.6176e+02     0.4132     -0.165     -0.239    21.8346 0.0000e+00
     -0.168 6.0915e-28     6.3886     72.976     35.541  33.362038     0.7206      7.345   319.4876 1.6191e+02     0.3189     -0.164     -0.238    21.8503 0.0000e+00
     -0.168 6.7007e-27     6.3956     73.081     35.536  33.370121     0.7378      7.347   319.7461 1.6187e+02     0.2499     -0.165     -0.239    21.8673 0.0000e+00
     -0.168 7.3708e-26     6.4091     73.258     35.544  33.389232     0.7344      7.349   319.6309 1.6184e+02     0.2199     -0.165     -0.240    21.8851 0.0000e+00
     -0.168 8.1078e-25     6.4209     73.415     35.547  33.402578     0.7259      7.351   319.4716 1.6177e+02     0.2608     -0.164     -0.238    21.9075 0.0000e+00
     -0.168 8.9186e-24     6.4260     73.491     35.539  33.404471     0.7266      7.352   319.4548 1.6152e+02     0.3782     -0.165     -0.239    21.9309 0.0000e+00
     -0.168 9.8105e-23     6.4203     73.441     35.540  33.412130     0.7339      7.352   318.9109 1.6164e+02     0.4489     -0.165     -0.240    21.9473 0.0000e+00
     -0.168 1.0792e-21     6.4023     73.246     35.554  33.431667     0.7411      7.351   318.0583 1.6174e+02     0.4451     -0.164     -0.239    21.9626 0.0000e+00
     -0.168 1.1871e-20     6.3726     72.915     35.569  33.450154     0.7401      7.350   317.9218 1.6149e+02     0.4232     -0.165     -0.239    21.9802 0.0000e+00
     -0.168 1.3058e-19     6.3366     72.513     35.559  33.445119     0.7306      7.348   318.1208 1.6135e+02     0.4288     -0.164     -0.239    21.9922 0.0000e+00
     -0.168 1.4364e-18     6.2990     72.091     35.543  33.434309     0.7273      7.347   318.4852 1.6153e+02     0.4510     -0.165     -0.239    22.0016 0.0000e+00
     -0.168 1.5800e-17     6.2594     71.647     35.551  33.446492     0.7273      7.344   319.0581 1.6192e+02     0.4480     -0.164     -0.239    22.0103 0.0000e+00
     -0.168 1.7380e-16     6.2183     71.186     35.565  33.465394     0.7308      7.342   318.4230 1.6203e+02     0.4226     -0.164     -0.239    22.0166 0.0000e+00
     -0.168 1.9118e-15     6.1785     70.741     35.566  33.472313     0.7509      7.341   316.7438 1.6189e+02     0.3878     -0.164     -0.239    22.0218 0.0000e+00
     -0.168 2.1030e-14     6.1387     70.296     35.554  33.466642     0.7778      7.342   316.0485 1.6182e+02     0.3934     -0.165     -0.239    22.0282 0.0000e+00
     -0.168 2.3133e-13     6.0951     69.806     35.543  33.460356     0.7983      7.342   316.6413 1.6192e+02     0.4298     -0.165     -0.239    22.0352 0.0000e+00
     -0.168 2.5446e-12     6.0518     69.320     35.537  33.459836     0.8065      7.343   317.6299 1.6218e+02     0.4310     -0.164     -0.239    22.0416 0.0000e+00
     -0.167 2.7990e-11     6.0098     68.850     35.532  33.460357     0.7941      7.343   318.1934 1.6215e+02     0.3777     -0.164     -0.238    22.0504 0.0000e+00
     -0.167 3.0789e-10     5.9648     68.345     35.532  33.466660     0.7775      7.342   317.6904 1.6185e+02     0.2735     -0.164     -0.238    22.0593 0.0000e+00
     -0.167 3.3868e-09     5.9188     67.827     35.533  33.472538     0.7801      7.342   316.5380 1.6170e+02     0.2088     -0.164     -0.238    22.0648 0.0000e+00
     -0.167 3.7255e-08     5.8763     67.347     35.523  33.467919     0.7889      7.342   315.8748 1.6163e+02     0.2366     -0.164     -0.239    22.0713 0.0000e+00
     -0.167 4.0981e-07     5.8352     66.883     35.527  33.474337     0.7734      7.342   315.9529 1.6153e+02     0.3045     -0.164     -0.238    22.0808 0.0000e+00
     -0.167      0.000     5.7939     66.414     35.537  33.486624     0.7400      7.342   316.2779 1.6161e+02     0.3885     -0.164     -0.238    22.0888 0.0000e+00
     -0.167      0.000     5.7562     65.987     35.537  33.489463     0.7255      7.342   316.4489 1.6201e+02     0.4580     -0.164     -0.238    22.0955 0.0000e+00
     -0.167      0.001     5.7211     65.590     35.555  33.508661     0.7266      7.342   316.6438 1.6208e+02     0.4738     -0.164     -0.238    22.1019 0.0000e+00
     -0.167      0.001     5.6855     65.185     35.574  33.528198     0.7259      7.341   316.8276 1.6192e+02     0.4573     -0.164     -0.238    22.1063 0.0000e+00
     -0.167      0.001     5.6502     64.785     35.579  33.535137     0.7249      7.338   316.5197 1.6207e+02     0.4414     -0.163     -0.237    22.1102 0.0000e+00
     -0.167      0.001     5.6185     64.425     35.569  33.529042     0.7243      7.335   316.1904 1.6200e+02     0.4341     -0.163     -0.237    22.1145 0.0000e+00
     -0.166      0.001     5.5920     64.126     35.554  33.518032     0.7282      7.331   316.0298 1.6187e+02     0.4309     -0.162     -0.236    22.1177 0.0000e+00
     -0.166      0.001     5.5693     63.871     35.563  33.529051     0.7343      7.328   315.8691 1.6172e+02     0.4329     -0.162     -0.235    22.1201 0.0000e+00
     -0.166      0.001     5.5483     63.634     35.566  33.535250     0.7347      7.326   316.4846 1.6179e+02     0.4280     -0.162     -0.236    22.1231 0.0000e+00
     -0.166      0.000     5.5273     63.398     35.558  33.529466     0.7233      7.324   317.5346 1.6210e+02     0.4024     -0.162     -0.235    22.1272 0.0000e+00
     -0.166 1.8628e-08     5.5078     63.178     35.549  33.522642     0.7162      7.322   317.7232 1.6220e+02     0.4274     -0.162     -0.236    22.1312 0.0000e+00
     -0.165 2.0490e-07     5.4906     62.985     35.540  33.516257     0.7222      7.319   317.4752 1.6198e+02     0.4874     -0.161     -0.235    22.1352 0.0000e+00
     -0.165 2.0490e-07     5.4735     62.791     35.536  33.515779     0.7128      7.315   317.2022 1.6146e+02     0.4250     -0.162     -0.234    22.1393 0.0000e+00
     -0.165 1.8627e-08     5.4552     62.585     35.536  33.516872     0.6861      7.314   316.8314 1.6140e+02     0.2840     -0.162     -0.236    22.1422 0.0000e+00
     -0.165 1.6934e-09     5.4367     62.377     35.548  33.529475     0.6754      7.313   317.5529 1.6141e+02     0.2164     -0.162     -0.235    22.1451 0.0000e+00
     -0.165 1.5395e-10     5.4182     62.167     35.558  33.541128     0.6839      7.311   319.1289 1.6130e+02     0.2188     -0.162     -0.236    22.1484 0.0000e+00
     -0.165 1.3995e-11     5.4021     61.984     35.545  33.530734     0.6784      7.308   319.7969 1.6172e+02     0.2514     -0.162     -0.235    22.1516 0.0000e+00
     -0.165 1.2723e-12     5.3902     61.850     35.544  33.530843     0.6546      7.305   319.4346 1.6167e+02     0.2746     -0.161     -0.234    22.1543 0.0000e+00
     -0.165 1.1566e-13     5.3775     61.706     35.555  33.542443     0.6352      7.301   318.7921 1.6092e+02     0.2552     -0.162     -0.235    22.1565 0.0000e+00
     -0.165 1.0515e-14     5.3625     61.536     35.556  33.543962     0.6279      7.299   318.4821 1.6113e+02     0.2312     -0.162     -0.235    22.1589 0.0000e+00
     -0.165 9.5590e-16     5.3484     61.376     35.560  33.549211     0.6487      7.296   319.1275 1.6212e+02     0.2897     -0.162     -0.236    22.1612 0.0000e+00
     -0.165 8.6900e-17     5.3351     61.226     35.550  33.542396     0.6845      7.292   320.4009 1.6166e+02     0.4124     -0.162     -0.235    22.1634 0.0000e+00
     -0.165 7.9054e-18     5.3214     61.072     35.530  33.525074     0.6940      7.289   321.1441 1.6140e+02     0.4634     -0.162     -0.235    22.1648 0.0000e+00
     -0.166 7.7755e-19     5.3087     60.929     35.534  33.530322     0.6896      7.284   321.0584 1.6135e+02     0.4498     -0.162     -0.236    22.1659 0.0000e+00
     -0.166 7.1817e-19     5.2959     60.784     35.545  33.542337     0.6956      7.280   320.6558 1.6015e+02     0.3999     -0.162     -0.236    22.1675 0.0000e+00
     -0.165 7.1877e-18     5.2800     60.604     35.544  33.543325     0.7022      7.277   320.3194 1.6103e+02     0.3177     -0.162     -0.235    22.1700 0.0000e+00
     -0.165 7.8999e-17     5.2640     60.425     35.541  33.542271     0.7051      7.273   320.0889 1.6218e+02     0.2798     -0.162     -0.235    22.1729 0.0000e+00
     -0.165 8.6899e-16     5.2505     60.272     35.526  33.529587     0.7022      7.270   320.1922 1.6180e+02     0.2463     -0.162     -0.235    22.1754 0.0000e+00
     -0.165 9.5589e-15     5.2365     60.114     35.510  33.516997     0.6950      7.269   320.7077 1.6203e+02     0.2187     -0.163     -0.236    22.1776 0.0000e+00
     -0.165 1.0515e-13     5.2207     59.936     35.508  33.517082     0.7191      7.267   321.0729 1.6205e+02     0.2202     -0.162     -0.235    22.1800 0.0000e+00
     -0.165 1.1566e-12     5.2056     59.765     35.521  33.530626     0.7733      7.264   321.0807 1.6179e+02     0.2037     -0.162     -0.235    22.1826 0.0000e+00
     -0.165 1.2723e-11     5.1905     59.594     35.544  33.553722     0.7996      7.263   320.3719 1.6182e+02     0.2017     -0.162     -0.235    22.1852 0.0000e+00
     -0.165 1.3995e-10     5.1748     59.416     35.530  33.542268     0.7889      7.263   319.3854 1.6186e+02     0.2267     -0.162     -0.235    22.1876 0.0000e+00
     -0.165 1.5395e-09     5.1619     59.271     35.504  33.519172     0.7727      7.263   319.3928 1.6198e+02     0.2930     -0.162     -0.235    22.1902 0.0000e+00
     -0.165 1.6934e-08     5.1516     59.155     35.512  33.528534     0.7695      7.262   319.8589 1.6206e+02     0.3925     -0.161     -0.234    22.1928 0.0000e+00
     -0.165 1.8628e-07     5.1427     59.054     35.511  33.528438     0.7771      7.261   320.2886 1.6197e+02     0.4530     -0.162     -0.235    22.1953 0.0000e+00
     -0.165 1.8628e-07     5.1361     58.977     35.501  33.518017     0.7822      7.260   320.8886 1.6212e+02     0.4448     -0.161     -0.234    22.1976 0.0000e+00
     -0.165 1.6957e-08     5.1311     58.920     35.514  33.529564     0.7937      7.258   320.4022 1.6234e+02     0.3538     -0.161     -0.234    22.1990 0.0000e+00
     -0.165 1.7976e-09     5.1260     58.861     35.526  33.541017     0.8243      7.256   318.8815 1.6177e+02     0.2387     -0.162     -0.235    22.2013 0.0000e+00
     -0.165 2.9800e-09     5.1202     58.795     35.514  33.529461     0.8494      7.254   318.2470 1.6142e+02     0.2129     -0.161     -0.234    22.2033 0.0000e+00
     -0.165 3.1254e-08     5.1135     58.719     35.500  33.516872     0.8496      7.252   318.4086 1.6178e+02     0.2549     -0.161     -0.234    22.2015 0.0000e+00
     -0.165 3.4365e-07     5.1054     58.627     35.498  33.515838     0.8170      7.252   318.8571 1.6115e+02     0.3200     -0.161     -0.234    22.2006 0.0000e+00
     -0.165      0.000     5.0959     58.519     35.498  33.516956     0.7679      7.251   319.6263 1.6107e+02     0.4195     -0.161     -0.234    22.2015 0.0000e+00
     -0.165      0.000     5.0849     58.394     35.511  33.530387     0.7428      7.249   319.3636 1.6225e+02     0.4819     -0.161     -0.234    22.2009 0.0000e+00
     -0.165      0.000     5.0721     58.250     35.532  33.551204     0.7342      7.248   317.8321 1.6248e+02     0.4635     -0.161     -0.234    22.2018 0.0000e+00
     -0.164      0.005     5.0599     58.110     35.492  33.514597     0.7556      7.255   314.7023 1.6222e+02     0.3802     -0.161     -0.234    22.2032 0.0000e+00
     -0.164      0.025     5.0513     58.000     35.318  33.341842     0.8171      7.292   309.5704 1.6241e+02     0.2688     -0.161     -0.232    22.2051 0.0000e+00
     -0.164      0.069     5.0698     58.131     35.197  33.177333     0.8533      7.362   305.4281 1.6281e+02     0.2153     -0.161     -0.235    22.2045 0.0000e+00
     -0.162      0.122     5.1858     59.281     35.312  33.176842     0.8528      7.420   303.5927 1.6273e+02     0.2214     -0.159     -0.231    22.2089 0.0000e+00
     -0.147      0.164     5.4808     62.469     35.392  33.145203     0.8477      7.435   302.5218 1.6236e+02     0.2207     -0.163     -0.235    22.2079 0.0000e+00
     -0.082      0.188     5.9610     67.799     35.370  33.048695     0.8282      7.419   301.6867 1.5588e+02     0.2072     -0.108     -0.157    22.2153 0.0000e+00
      0.026      0.192     6.5395     74.199     35.440  33.026102     0.8015      7.399   301.1529 1.4493e+02     0.2095      0.043      0.061    22.1760 0.0000e+00
      0.111      0.176     7.1172     80.535     35.518  32.998944     0.7915      7.385   300.8861 1.4279e+02     0.2186      0.134      0.194    21.9655 0.0000e+00
      0.141      0.141     7.6273     86.128     35.577  32.974241     0.7995      7.379   300.6986 1.5324e+02     0.2261      0.143      0.207    21.7861 0.0000e+00
      0.148      0.090     8.0253     90.493     35.642  32.981372     0.8248      7.379   300.6918 2.1347e+02     0.2394      0.146      0.212    21.7345 0.0000e+00
      0.149      0.041     8.2774     93.240     35.658  32.958068     0.8489      7.382   301.5785 3.3429e+02     0.2256      0.146      0.212    21.5998 0.0000e+00
      0.149      0.011     8.3651     94.156     35.677  32.946474     0.8509      7.387   303.1600 8.1821e+02     0.2121      0.147      0.212    21.4299 0.0000e+00
      0.149      0.001     8.3019     93.397     35.721  32.968189     0.8499      7.391   303.8959 1.4359e+03     0.2286      0.146      0.212    21.3261 0.0000e+00
      0.149 9.0405e-10     8.1373     91.514     35.732  32.966539     0.8557      7.396   303.7650 1.2635e+03     0.2733      0.146      0.212    21.2574 0.0000e+00
