Data/DataNotYetUploadedToEDI/Raw_CTD/RawDownloads/051118_fcr50.cnv
* Sea-Bird SBE19plus  Data File:
* FileName = C:\DATA\051118_bvr_0003.hex
* Software version 2.6.3.104 SB_Terminal.dll
* Temperature SN = 7809
* Conductivity SN = 7809
* System UpLoad Time = May 11 2018 13:58:56
* <ApplicationData>
* <Seaterm232>
# nquan = 15
# nvalues = 824                         
# units = specified
# name 0 = depFM: Depth [fresh water, m]
# name 1 = dz/dtM: Descent Rate [m/s]
# name 2 = sbeox0Mg/L: Oxygen, SBE 43 [mg/l]
# name 3 = sbeox0PS: Oxygen, SBE 43 [% saturation]
# name 4 = specc: Specific Conductance [uS/cm]
# name 5 = c0uS/cm: Conductivity [uS/cm]
# name 6 = flECO-AFL: Fluorescence, WET Labs ECO-AFL/FL [mg/m^3]
# name 7 = ph: pH
# name 8 = orp: Oxidation Reduction Potential [mV]
# name 9 = par/sat/log: PAR/Logarithmic, Satlantic
# name 10 = turbWETntu0: Turbidity, WET Labs ECO [NTU]
# name 11 = prdM: Pressure, Strain Gauge [db]
# name 12 = prdE: Pressure, Strain Gauge [psi]
# name 13 = tv290C: Temperature [ITS-90, deg C]
# name 14 = flag:  0.000e+00
# span 0 =     -0.560,      9.716       
# span 1 =     -0.164,      0.195       
# span 2 =     5.0513,     9.3297       
# span 3 =     58.000,     97.791       
# span 4 =      0.800,     39.478       
# span 5 =   0.797353,  34.100344       
# span 6 =    -0.3455,     2.4064       
# span 7 =     -2.499,      7.552       
# span 8 =   269.3193,  1215.7013       
# span 9 = 2.9979e+00, 2.0061e+03       
# span 10 =    -0.2078,    58.3985      
# span 11 =     -0.550,      9.529      
# span 12 =     -0.798,     13.821      
# span 13 =     9.1022,    24.9869      
# span 14 = 0.0000e+00, 0.0000e+00      
# interval = seconds: 0.25
# start_time = May 11 2018 16:02:06 [Instrument's time stamp, header]
# bad_flag = -9.990e-29
*END*
[from data line 386]
     -0.125      0.003     5.5137     62.814     35.364  33.096448     0.7855      7.362   317.4508 1.6142e+02     0.3048     -0.123     -0.179    21.7828 0.0000e+00
     -0.124      0.002     5.5086     62.759     35.376  33.110193     0.7850      7.351   318.5135 1.6104e+02     0.2900     -0.121     -0.176    21.7851 0.0000e+00
     -0.122     -0.005     5.5110     62.792     35.385  33.121870     0.7889      7.339   320.8172 1.6123e+02     0.2818     -0.119     -0.174    21.7866 0.0000e+00
     -0.120     -0.020     5.5226     62.933     35.367  33.110609     0.8054      7.327   321.5572 1.6116e+02     0.3278     -0.119     -0.171    21.7880 0.0000e+00
     -0.120     -0.042     5.5468     63.218     35.351  33.101079     0.8377      7.316   321.0092 1.6101e+02     0.4181     -0.116     -0.167    21.7892 0.0000e+00
     -0.126     -0.065     5.5799     63.602     35.382  33.133670     0.8570      7.311   320.3847 1.5860e+02     0.4580     -0.118     -0.171    21.7918 0.0000e+00
     -0.147     -0.081     5.6166     64.031     35.501  33.250619     0.8458      7.305   319.7720 1.5520e+02     0.4751     -0.137     -0.199    21.7961 0.0000e+00
     -0.185     -0.088     5.6708     64.697     35.669  33.435346     0.8038      7.295   320.2262 1.5238e+02     0.4725     -0.179     -0.259    21.8045 0.0000e+00
     -0.226     -0.083     5.7846     66.130     35.754  33.588802     0.7446      7.286   321.6606 1.4993e+02     0.4257     -0.226     -0.329    21.8131 0.0000e+00
     -0.254     -0.063     6.0015     68.825     35.693  33.645295     0.7276      7.280   322.5744 1.4898e+02     0.4287     -0.256     -0.372    21.8197 0.0000e+00
     -0.265     -0.033     6.3233     72.731     35.538  33.610437     0.7451      7.273   322.4984 1.4855e+02     0.5087     -0.264     -0.381    21.8163 0.0000e+00
     -0.264      0.002     6.7033     77.233     35.404  33.548596     0.7535      7.266   321.6883 1.4880e+02     0.4776     -0.262     -0.380    21.8379 0.0000e+00
     -0.255      0.037     7.0790     81.581     35.375  33.532826     0.7660      7.259   320.6943 1.4998e+02     0.3270     -0.254     -0.368    21.9396 0.0000e+00
     -0.238      0.062     7.3987     85.218     35.412  33.546805     0.7760      7.254   319.7738 1.5133e+02     0.2446     -0.234     -0.339    22.1293 0.0000e+00
     -0.218      0.077     7.6320     87.882     35.402  33.527040     0.7735      7.255   318.9035 1.5313e+02     0.2442     -0.216     -0.313    22.3114 0.0000e+00
     -0.192      0.083     7.7741     89.540     35.348  33.484375     0.7906      7.257   318.4316 1.5533e+02     0.3225     -0.192     -0.277    22.4026 0.0000e+00
     -0.163      0.083     7.8357     90.257     35.335  33.475569     0.8269      7.256   318.2836 1.5742e+02     0.4282     -0.155     -0.226    22.4113 0.0000e+00
     -0.139      0.077     7.8303     90.173     35.354  33.484088     0.8446      7.253   318.2332 1.5846e+02     0.4536     -0.133     -0.193    22.3497 0.0000e+00
     -0.123      0.067     7.7813     89.590     35.336  33.460329     0.8484      7.248   318.1655 1.5904e+02     0.4466     -0.121     -0.175    22.3290 0.0000e+00
     -0.108      0.053     7.7215     88.893     35.321  33.442351     0.8540      7.243   317.4654 1.6066e+02     0.4041     -0.104     -0.151    22.3686 0.0000e+00
     -0.096      0.039     7.6651     88.235     35.341  33.457259     0.8575      7.243   316.5655 1.6224e+02     0.3066     -0.094     -0.135    22.3728 0.0000e+00
     -0.087      0.028     7.6075     87.559     35.339  33.450027     0.8535      7.247   316.5770 1.6251e+02     0.2446     -0.085     -0.124    22.3464 0.0000e+00
     -0.082      0.020     7.5399     86.768     35.311  33.418421     0.8517      7.253   316.7436 1.6232e+02     0.2344     -0.079     -0.115    22.3367 0.0000e+00
     -0.080      0.016     7.4570     85.801     35.290  33.392682     0.8538      7.262   316.6877 1.6292e+02     0.2448     -0.079     -0.114    22.3370 0.0000e+00
     -0.080      0.018     7.3630     84.704     35.297  33.392870     0.8323      7.271   316.7610 1.6375e+02     0.2476     -0.079     -0.114    22.3297 0.0000e+00
     -0.080      0.028     7.2587     83.485     35.336  33.420680     0.8040      7.276   315.8232 1.6387e+02     0.2063     -0.078     -0.112    22.3230 0.0000e+00
     -0.077      0.044     7.1521     82.232     35.339  33.411350     0.7970      7.276   314.0392 1.6484e+02     0.2033     -0.078     -0.113    22.3138 0.0000e+00
     -0.067      0.061     7.0681     81.219     35.290  33.343555     0.7936      7.276   313.0867 1.6645e+02     0.2730     -0.071     -0.102    22.3072 0.0000e+00
     -0.045      0.077     7.0288     80.664     35.226  33.236108     0.8088      7.279   312.6528 1.6519e+02     0.3471     -0.045     -0.065    22.2986 0.0000e+00
     -0.016      0.090     7.0422     80.621     35.138  33.064870     0.8426      7.283   312.3206 1.5414e+02     0.4286     -0.016     -0.024    22.2855 0.0000e+00
      0.014      0.100     7.1006     81.019     35.118  32.924385     0.8522      7.286   312.4252 1.3887e+02     0.4637      0.015      0.021    22.2695 0.0000e+00
      0.042      0.106     7.1893     81.737     35.200  32.871125     0.8431      7.289   311.6810 1.3740e+02     0.4365      0.043      0.063    22.2501 0.0000e+00
      0.065      0.107     7.2904     82.615     35.253  32.801811     0.8426      7.293   309.9477 1.4096e+02     0.4345      0.062      0.091    22.1959 0.0000e+00
      0.089      0.108     7.3860     83.470     35.343  32.784804     0.8558      7.297   309.0199 1.3734e+02     0.4703      0.085      0.124    22.0623 0.0000e+00
      0.118      0.110     7.4685     84.221     35.435  32.792388     0.8651      7.300   309.1533 1.3222e+02     0.4730      0.116      0.170    21.8750 0.0000e+00
      0.148      0.111     7.5395     84.891     35.399  32.702850     0.8625      7.303   309.5823 1.2593e+02     0.4360      0.146      0.212    21.6799 0.0000e+00
      0.178      0.113     7.5953     85.432     35.388  32.654837     0.8608      7.303   309.9900 1.2194e+02     0.4196      0.173      0.250    21.5058 0.0000e+00
      0.209      0.113     7.6283     85.732     35.423  32.656403     0.8629      7.302   310.2110 1.2313e+02     0.4274      0.206      0.299    21.3657 0.0000e+00
      0.238      0.113     7.6352     85.743     35.386  32.594713     0.8696      7.300   310.2751 1.2513e+02     0.4389      0.234      0.340    21.2546 0.0000e+00
      0.263      0.113     7.6165     85.482     35.355  32.544052     0.8684      7.299   310.6800 1.2607e+02     0.4364      0.257      0.372    21.1755 0.0000e+00
      0.291      0.117     7.5792     85.023     35.382  32.551933     0.8484      7.301   311.4927 1.2653e+02     0.4587      0.285      0.413    21.1311 0.0000e+00
      0.320      0.122     7.5312     84.450     35.410  32.562952     0.8301      7.306   312.1000 1.2590e+02     0.4944      0.314      0.456    21.0916 0.0000e+00
      0.349      0.129     7.4795     83.845     35.408  32.550231     0.8126      7.308   312.5155 1.2815e+02     0.4714      0.341      0.495    21.0463 0.0000e+00
      0.383      0.135     7.4334     83.315     35.387  32.525137     0.7929      7.308   313.5041 1.4642e+02     0.4258      0.374      0.543    21.0184 0.0000e+00
      0.422      0.140     7.3984     82.914     35.378  32.513581     0.7850      7.309   314.8475 2.4739e+02     0.4002      0.414      0.601    20.9969 0.0000e+00
      0.462      0.142     7.3742     82.630     35.410  32.537527     0.7817      7.309   315.4225 4.8067e+02     0.4064      0.453      0.657    20.9730 0.0000e+00
      0.501      0.141     7.3547     82.401     35.440  32.560612     0.7802      7.309   315.1220 5.5601e+02     0.4393      0.492      0.714    20.9561 0.0000e+00
      0.537      0.137     7.3327     82.151     35.418  32.538641     0.7854      7.306   314.6565 3.2624e+02     0.4316      0.527      0.764    20.9510 0.0000e+00
      0.571      0.134     7.3077     81.872     35.403  32.525918     0.7897      7.301   314.7841 1.8214e+02     0.3751      0.560      0.812    20.9492 0.0000e+00
      0.603      0.134     7.2873     81.644     35.412  32.533813     0.7860      7.297   316.1491 2.0654e+02     0.3663      0.593      0.861    20.9381 0.0000e+00
      0.632      0.137     7.2732     81.482     35.385  32.507064     0.7864      7.295   317.9100 2.2358e+02     0.4170      0.619      0.897    20.9299 0.0000e+00
      0.663      0.143     7.2585     81.313     35.333  32.456549     0.7952      7.291   318.6093 2.4097e+02     0.4693      0.647      0.939    20.9290 0.0000e+00
      0.702      0.155     7.2424     81.128     35.307  32.431143     0.8000      7.283   318.9263 2.2978e+02     0.4792      0.688      0.999    20.9308 0.0000e+00
      0.744      0.171     7.2285     80.970     35.333  32.453925     0.7981      7.276   318.9881 1.9404e+02     0.4452      0.731      1.060    20.9331 0.0000e+00
      0.786      0.186     7.2185     80.853     35.361  32.477948     0.8007      7.273   318.3244 1.6954e+02     0.4242      0.770      1.117    20.9279 0.0000e+00
      0.833      0.195     7.2068     80.712     35.355  32.467546     0.8032      7.273   318.6459 1.4315e+02     0.4383      0.813      1.178    20.9248 0.0000e+00
      0.891      0.195     7.1838     80.439     35.349  32.455176     0.7921      7.274   320.1215 1.2651e+02     0.4642      0.871      1.263    20.9232 0.0000e+00
      0.954      0.189     7.1509     80.056     35.355  32.455395     0.7945      7.274   320.9367 1.2457e+02     0.4626      0.939      1.362    20.9212 0.0000e+00
      1.008      0.179     7.1184     79.687     35.375  32.470180     0.8232      7.272   321.1894 1.2441e+02     0.4491      0.994      1.443    20.9199 0.0000e+00
      1.048      0.166     7.0899     79.364     35.417  32.506924     0.8452      7.270   321.2836 1.4281e+02     0.4532      1.030      1.493    20.9135 0.0000e+00
      1.080      0.149     7.0624     79.045     35.434  32.518585     0.8493      7.268   320.9576 1.6592e+02     0.4515      1.059      1.534    20.9027 0.0000e+00
      1.111      0.134     7.0303     78.671     35.404  32.484144     0.8634      7.266   321.1196 1.5619e+02     0.4290      1.089      1.580    20.8909 0.0000e+00
      1.145      0.125     6.9920     78.236     35.394  32.471559     0.8964      7.265   322.0376 1.3656e+02     0.4245      1.122      1.628    20.8880 0.0000e+00
      1.178      0.120     6.9556     77.830     35.417  32.493444     0.9176      7.264   322.6782 1.3908e+02     0.4587      1.158      1.679    20.8895 0.0000e+00
      1.208      0.117     6.9262     77.501     35.418  32.494694     0.9263      7.262   322.9283 1.4899e+02     0.5070      1.186      1.721    20.8809 0.0000e+00
      1.235      0.115     6.8977     77.182     35.410  32.486675     0.9383      7.259   323.1695 1.6316e+02     0.5204      1.209      1.754    20.8685 0.0000e+00
      1.263      0.114     6.8696     76.870     35.450  32.523520     0.9981      7.255   323.4430 1.7704e+02     0.4679      1.238      1.796    20.8649 0.0000e+00
      1.292      0.115     6.8489     76.641     35.486  32.559110     1.1066      7.254   323.5677 1.7257e+02     0.4224      1.268      1.839    20.8680 0.0000e+00
      1.320      0.117     6.8369     76.507     35.461  32.535912     1.1652      7.253   323.4727 1.6336e+02     0.4269      1.293      1.875    20.8683 0.0000e+00
      1.351      0.117     6.8323     76.460     35.416  32.497078     1.1740      7.251   323.6710 1.4697e+02     0.4314      1.323      1.919    20.8645 0.0000e+00
      1.384      0.116     6.8362     76.513     35.383  32.470651     1.1945      7.248   324.2449 1.3272e+02     0.4146      1.358      1.970    20.8679 0.0000e+00
      1.415      0.116     6.8516     76.687     35.382  32.470443     1.2203      7.245   324.9057 1.4205e+02     0.4080      1.389      2.014    20.8726 0.0000e+00
      1.443      0.116     6.8781     76.976     35.412  32.494560     1.2373      7.242   325.4655 1.5325e+02     0.4123      1.417      2.056    20.8686 0.0000e+00
      1.469      0.117     6.9103     77.327     35.431  32.508196     1.2535      7.240   325.2490 1.4838e+02     0.4361      1.440      2.090    20.8716 0.0000e+00
      1.496      0.121     6.9402     77.656     35.434  32.508276     1.2789      7.239   324.6106 1.3606e+02     0.4819      1.464      2.124    20.8819 0.0000e+00
      1.527      0.126     6.9609     77.883     35.423  32.495529     1.3051      7.238   324.8017 1.3044e+02     0.4777      1.496      2.170    20.8824 0.0000e+00
      1.562      0.132     6.9739     78.015     35.414  32.481086     1.3133      7.237   325.4089 1.3559e+02     0.4472      1.531      2.220    20.8752 0.0000e+00
      1.599      0.137     6.9877     78.124     35.415  32.460669     1.3136      7.236   325.7570 1.3689e+02     0.4786      1.568      2.274    20.8684 0.0000e+00
      1.635      0.138     7.0077     78.250     35.371  32.375664     1.3449      7.236   326.0857 1.3030e+02     0.5518      1.604      2.327    20.8662 0.0000e+00
      1.672      0.136     7.0401     78.416     35.363  32.278901     1.4071      7.235   325.8547 1.2660e+02     0.6001      1.638      2.376    20.8627 0.0000e+00
      1.709      0.133     7.0976     78.696     35.363  32.116258     1.4404      7.232   325.1158 1.2278e+02     0.6055      1.678      2.434    20.8622 0.0000e+00
      1.743      0.131     7.1902     79.224     35.338  31.869697     1.4354      7.227   325.0671 1.1983e+02     0.6162      1.712      2.482    20.8370 0.0000e+00
      1.771      0.129     7.3231     80.123     35.295  31.583851     1.4474      7.222   325.3518 1.2045e+02     0.6073      1.736      2.517    20.7742 0.0000e+00
      1.800      0.125     7.4886     81.339     35.007  31.073170     1.4839      7.218   325.8052 1.2015e+02     0.5290      1.764      2.557    20.6833 0.0000e+00
      1.835      0.123     7.6656     82.671     34.736  30.584939     1.5006      7.215   326.7632 1.2035e+02     0.4629      1.798      2.607    20.4360 0.0000e+00
      1.871      0.123     7.8421     83.987     34.776  30.379985     1.4934      7.211   326.9532 1.2135e+02     0.4490      1.838      2.667    20.0930 0.0000e+00
      1.901      0.127     8.0084     85.218     34.876  30.245963     1.4984      7.206   326.2107 1.2065e+02     0.4521      1.868      2.709    19.7470 0.0000e+00
      1.926      0.131     8.1517     86.307     34.916  30.107313     1.5692      7.203   325.8733 1.2064e+02     0.5010      1.885      2.735    19.3624 0.0000e+00
      1.956      0.133     8.2679     87.223     34.903  29.973470     1.6881      7.202   326.0571 1.2470e+02     0.5830      1.915      2.778    19.0201 0.0000e+00
      1.994      0.136     8.3589     87.935     34.852  29.834125     1.7592      7.201   326.5403 1.2838e+02     0.6185      1.955      2.835    18.6709 0.0000e+00
      2.034      0.141     8.4264     88.402     34.796  29.692488     1.7865      7.199   327.2413 1.3182e+02     0.6255      1.996      2.895    18.3284 0.0000e+00
      2.072      0.143     8.4716     88.606     34.726  29.530924     1.8425      7.197   327.6495 1.5290e+02     0.6374      2.034      2.950    18.0825 0.0000e+00
      2.108      0.143     8.4991     88.600     34.708  29.404641     1.9221      7.196   327.6043 1.8221e+02     0.6404      2.067      2.998    17.9194 0.0000e+00
      2.144      0.141     8.5082     88.400     34.727  29.308538     1.9581      7.196   327.2114 1.8803e+02     0.6307      2.103      3.050    17.7983 0.0000e+00
      2.179      0.137     8.4995     88.030     34.717  29.194355     1.9659      7.196   326.9424 1.8533e+02     0.6122      2.137      3.099    17.6696 0.0000e+00
