Data/DataNotYetUploadedToEDI/Raw_CTD/RawDownloads/051118_fcr50.cnv
* Sea-Bird SBE19plus  Data File:
* FileName = C:\DATA\051118_bvr_0003.hex
* Software version 2.6.3.104 SB_Terminal.dll
* Temperature SN = 7809
* Conductivity SN = 7809
* System UpLoad Time = May 11 2018 13:58:56
* <ApplicationData>
* <Seaterm232>
# nquan = 15
# nvalues = 824                         
# units = specified
# name 0 = depFM: Depth [fresh water, m]
# name 1 = dz/dtM: Descent Rate [m/s]
# name 2 = sbeox0Mg/L: Oxygen, SBE 43 [mg/l]
# name 3 = sbeox0PS: Oxygen, SBE 43 [% saturation]
# name 4 = specc: Specific Conductance [uS/cm]
# name 5 = c0uS/cm: Conductivity [uS/cm]
# name 6 = flECO-AFL: Fluorescence, WET Labs ECO-AFL/FL [mg/m^3]
# name 7 = ph: pH
# name 8 = orp: Oxidation Reduction Potential [mV]
# name 9 = par/sat/log: PAR/Logarithmic, Satlantic
# name 10 = turbWETntu0: Turbidity, WET Labs ECO [NTU]
# name 11 = prdM: Pressure, Strain Gauge [db]
# name 12 = prdE: Pressure, Strain Gauge [psi]
# name 13 = tv290C: Temperature [ITS-90, deg C]
# name 14 = flag:  0.000e+00
# span 0 =     -0.560,      9.716       
# span 1 =     -0.164,      0.195       
# span 2 =     5.0513,     9.3297       
# span 3 =     58.000,     97.791       
# span 4 =      0.800,     39.478       
# span 5 =   0.797353,  34.100344       
# span 6 =    -0.3455,     2.4064       
# span 7 =     -2.499,      7.552       
# span 8 =   269.3193,  1215.7013       
# span 9 = 2.9979e+00, 2.0061e+03       
# span 10 =    -0.2078,    58.3985      
# span 11 =     -0.550,      9.529      
# span 12 =     -0.798,     13.821      
# span 13 =     9.1022,    24.9869      
# span 14 = 0.0000e+00, 0.0000e+00      
# interval = seconds: 0.25
# start_time = May 11 2018 16:02:06 [Instrument's time stamp, header]
# bad_flag = -9.990e-29
*END*
[from data line 290]
      0.148 1.0939e-07     7.7129     86.692     35.645  32.865191     0.8576      7.406   303.8115 7.8755e+02     0.4225      0.145      0.211    21.1637 0.0000e+00
      0.149 1.0029e-07     7.5020     84.296     35.582  32.796828     0.8618      7.411   304.3247 1.3299e+03     0.4797      0.146      0.212    21.1395 0.0000e+00
      0.149 1.3995e-10     7.3065     82.072     35.529  32.735056     0.8435      7.415   305.7185 1.5390e+03     0.4972      0.146      0.212    21.1251 0.0000e+00
      0.149 1.5395e-09     7.1355     80.127     35.491  32.689908     0.8105      7.417   306.5530 1.1348e+03     0.4512      0.147      0.213    21.1105 0.0000e+00
      0.149 1.6934e-08     6.9927     78.509     35.436  32.632017     0.7930      7.418   306.7572 7.6987e+02     0.4119      0.147      0.213    21.0965 0.0000e+00
      0.149 1.8628e-07     6.8779     77.212     35.343  32.543190     0.7880      7.418   306.6385 6.0392e+02     0.4179      0.146      0.212    21.0830 0.0000e+00
      0.149 1.8628e-07     6.7897     76.223     35.301  32.505082     0.7875      7.418   306.3229 4.4250e+02     0.4636      0.146      0.212    21.0627 0.0000e+00
      0.149 1.6961e-08     6.7276     75.544     35.343  32.552338     0.7866      7.420   307.0714 2.9068e+02     0.4761      0.146      0.212    21.0447 0.0000e+00
      0.149 1.8307e-09     6.6912     75.168     35.385  32.606466     0.7863      7.421   308.7189 1.9157e+02     0.4473      0.146      0.212    21.0388 0.0000e+00
      0.149 3.3430e-09     6.6751     75.023     35.415  32.651452     0.7838      7.421   309.7236 2.0777e+02     0.4208      0.146      0.212    21.0327 0.0000e+00
      0.149 3.5247e-08     6.6706     75.008     35.466  32.715202     0.7750      7.422   310.0127 3.4277e+02     0.3994      0.146      0.211    21.0295 0.0000e+00
      0.149 3.8757e-07     6.6761     75.099     35.480  32.742166     0.7715      7.423   309.9773 4.9031e+02     0.4020      0.146      0.212    21.0423 0.0000e+00
      0.149      0.000     6.6921     75.297     35.450  32.723435     0.7783      7.423   309.6398 5.6110e+02     0.4214      0.146      0.212    21.0695 0.0000e+00
      0.149      0.000     6.7161     75.580     35.464  32.742799     0.7839      7.422   309.6316 6.8537e+02     0.4205      0.146      0.212    21.0942 0.0000e+00
      0.149      0.001     6.7463     75.936     35.502  32.785755     0.7928      7.421   310.1358 9.3327e+02     0.4212      0.146      0.212    21.1182 0.0000e+00
      0.149      0.001     6.7784     76.311     35.508  32.798228     0.8215      7.419   310.6599 1.1608e+03     0.4606      0.146      0.212    21.1425 0.0000e+00
      0.149     -0.003     6.8049     76.619     35.538  32.830104     0.8464      7.420   310.9791 1.1036e+03     0.4999      0.146      0.211    21.1510 0.0000e+00
      0.150     -0.013     6.8233     76.839     35.626  32.917124     0.8454      7.421   311.3271 1.0316e+03     0.5000      0.146      0.212    21.1564 0.0000e+00
      0.150     -0.037     6.8363     77.020     35.655  32.961189     0.8376      7.418   311.9426 1.0714e+03     0.4935      0.149      0.216    21.1712 0.0000e+00
      0.148     -0.075     6.8524     77.268     35.575  32.918329     0.8252      7.413   312.2259 6.9789e+02     0.4811      0.148      0.215    21.1817 0.0000e+00
      0.138     -0.117     6.8914     77.773     35.530  32.907055     0.8057      7.408   312.2579 2.6271e+02     0.4425      0.142      0.205    21.1849 0.0000e+00
      0.106     -0.149     6.9640     78.623     35.563  32.951945     0.7955      7.400   312.9312 1.6260e+02     0.4232      0.118      0.171    21.1883 0.0000e+00
      0.043     -0.164     7.0607     79.742     35.551  32.952996     0.7939      7.390   313.9992 1.5526e+02     0.4308      0.050      0.073    21.2069 0.0000e+00
     -0.035     -0.162     7.1692     81.034     35.483  32.919779     0.7675      7.382   314.9322 1.5765e+02     0.4425     -0.045     -0.065    21.2591 0.0000e+00
     -0.094     -0.143     7.2841     82.410     35.458  32.931444     0.7148      7.377   315.4364 1.5942e+02     0.4735     -0.107     -0.154    21.3181 0.0000e+00
     -0.119     -0.109     7.3955     83.711     35.477  32.967059     0.6893      7.375   314.8473 1.5997e+02     0.5001     -0.122     -0.177    21.3265 0.0000e+00
     -0.125     -0.067     7.4864     84.756     35.472  32.969341     0.6897      7.375   313.4884 1.5965e+02     0.4896     -0.124     -0.179    21.3248 0.0000e+00
     -0.127     -0.031     7.5444     85.432     35.451  32.959041     0.7103      7.377   313.2022 1.5968e+02     0.4687     -0.125     -0.181    21.3808 0.0000e+00
     -0.127     -0.010     7.5669     85.712     35.451  32.969565     0.7638      7.380   314.0541 1.6032e+02     0.4607     -0.124     -0.180    21.4442 0.0000e+00
     -0.127     -0.002     7.5551     85.598     35.442  32.969575     0.7943      7.382   314.5821 1.6095e+02     0.4539     -0.124     -0.180    21.4647 0.0000e+00
     -0.127 -1.094e-09     7.5078     85.075     35.425  32.959172     0.7851      7.383   314.9405 1.6103e+02     0.4482     -0.124     -0.180    21.4628 0.0000e+00
     -0.126 -1.203e-08     7.4268     84.165     35.435  32.970824     0.7813      7.384   314.9457 1.6043e+02     0.4530     -0.124     -0.180    21.4773 0.0000e+00
     -0.126 -1.323e-07     7.3214     82.976     35.446  32.983431     0.7766      7.385   314.0434 1.6060e+02     0.4501     -0.124     -0.180    21.4967 0.0000e+00
     -0.126 -1.323e-07     7.2021     81.628     35.445  32.984576     0.7554      7.386   313.4946 1.6067e+02     0.4436     -0.123     -0.179    21.5074 0.0000e+00
     -0.127 -1.203e-08     7.0787     80.235     35.442  32.984680     0.7372      7.386   313.6456 1.6069e+02     0.4363     -0.124     -0.180    21.5157 0.0000e+00
     -0.127 -1.093e-09     6.9614     78.910     35.440  32.984690     0.7309      7.385   313.9760 1.6084e+02     0.4227     -0.124     -0.181    21.5187 0.0000e+00
     -0.126 -9.940e-11     6.8561     77.721     35.437  32.984700     0.7342      7.385   314.5633 1.6049e+02     0.4314     -0.124     -0.180    21.5212 0.0000e+00
     -0.126 -9.040e-12     6.7629     76.670     35.435  32.984805     0.7311      7.386   314.8966 1.6029e+02     0.4497     -0.124     -0.180    21.5244 0.0000e+00
     -0.126 -8.215e-13     6.6810     75.746     35.434  32.985960     0.7293      7.387   314.6499 1.6052e+02     0.4608     -0.123     -0.179    21.5278 0.0000e+00
     -0.126 -7.470e-14     6.6132     74.980     35.446  32.998662     0.7401      7.389   314.2481 1.6071e+02     0.4743     -0.123     -0.179    21.5311 0.0000e+00
     -0.126 -6.789e-15     6.5578     74.355     35.458  33.011365     0.7699      7.389   314.0825 1.6052e+02     0.4595     -0.124     -0.180    21.5347 0.0000e+00
     -0.126 -6.017e-16     6.5096     73.815     35.455  33.012530     0.8238      7.389   314.1096 1.6037e+02     0.4351     -0.124     -0.180    21.5380 0.0000e+00
     -0.126 1.1757e-16     6.4648     73.318     35.450  33.012739     0.8588      7.389   314.2314 1.6101e+02     0.4537     -0.123     -0.179    21.5414 0.0000e+00
     -0.126 1.9052e-15     6.4205     72.830     35.443  33.013902     0.8610      7.388   314.9535 1.6126e+02     0.4707     -0.123     -0.179    21.5423 0.0000e+00
     -0.126 2.1013e-14     6.3756     72.334     35.449  33.026606     0.8233      7.388   315.9565 1.6081e+02     0.4583     -0.124     -0.180    21.5445 0.0000e+00
     -0.126 2.3115e-13     6.3322     71.854     35.457  33.039317     0.7518      7.389   316.1205 1.6109e+02     0.4560     -0.124     -0.180    21.5490 0.0000e+00
     -0.126 2.5427e-12     6.2902     71.389     35.452  33.040576     0.7141      7.390   315.9044 1.6154e+02     0.4737     -0.124     -0.180    21.5560 0.0000e+00
     -0.126 2.7969e-11     6.2474     70.914     35.447  33.041835     0.7167      7.391   315.6659 1.6185e+02     0.4891     -0.123     -0.179    21.5683 0.0000e+00
     -0.126 3.0766e-10     6.2058     70.452     35.454  33.054546     0.7182      7.391   315.3021 1.6190e+02     0.4293     -0.123     -0.179    21.5782 0.0000e+00
     -0.126 3.3843e-09     6.1668     70.019     35.463  33.067249     0.7144      7.390   316.1526 1.6161e+02     0.2993     -0.124     -0.180    21.5858 0.0000e+00
     -0.126 3.7227e-08     6.1273     69.578     35.460  33.068403     0.7159      7.390   317.8602 1.6219e+02     0.2298     -0.124     -0.180    21.5944 0.0000e+00
     -0.126 4.0950e-07     6.0885     69.144     35.456  33.068499     0.7184      7.390   318.4831 1.6295e+02     0.2289     -0.124     -0.180    21.6023 0.0000e+00
     -0.127      0.000     6.0559     68.779     35.454  33.068413     0.7174      7.390   318.0049 1.6283e+02     0.2284     -0.124     -0.180    21.6104 0.0000e+00
     -0.127      0.000     6.0260     68.445     35.450  33.067373     0.7315      7.389   317.2409 1.6199e+02     0.2839     -0.124     -0.180    21.6173 0.0000e+00
     -0.127      0.001     5.9955     68.103     35.435  33.055919     0.7604      7.389   317.0761 1.6150e+02     0.4117     -0.124     -0.181    21.6230 0.0000e+00
     -0.126      0.001     5.9651     67.763     35.433  33.056959     0.7819      7.388   317.9911 1.6203e+02     0.4924     -0.124     -0.180    21.6279 0.0000e+00
     -0.126      0.001     5.9360     67.438     35.454  33.079950     0.7975      7.387   319.1835 1.6228e+02     0.4970     -0.123     -0.179    21.6314 0.0000e+00
     -0.126      0.000     5.9135     67.187     35.450  33.079855     0.7925      7.387   319.7060 1.6123e+02     0.4666     -0.123     -0.179    21.6347 0.0000e+00
     -0.125 1.8614e-08     5.8965     66.999     35.421  33.055814     0.7590      7.386   319.7489 1.6062e+02     0.4304     -0.123     -0.178    21.6380 0.0000e+00
     -0.125 2.0475e-07     5.8794     66.809     35.406  33.043329     0.7325      7.385   319.5304 1.6172e+02     0.4258     -0.123     -0.178    21.6420 0.0000e+00
     -0.126 2.0475e-07     5.8616     66.613     35.416  33.055936     0.7304      7.384   319.0427 1.6210e+02     0.4716     -0.124     -0.180    21.6468 0.0000e+00
     -0.126 1.8614e-08     5.8447     66.426     35.440  33.081218     0.7516      7.384   319.0142 1.6148e+02     0.5261     -0.124     -0.180    21.6517 0.0000e+00
     -0.126 1.6921e-09     5.8274     66.236     35.450  33.094960     0.7768      7.384   319.6166 1.6162e+02     0.5061     -0.123     -0.179    21.6556 0.0000e+00
     -0.126 1.5383e-10     5.8089     66.033     35.446  33.095065     0.7777      7.384   320.2168 1.6152e+02     0.4732     -0.124     -0.180    21.6590 0.0000e+00
     -0.126 1.3985e-11     5.7929     65.857     35.429  33.082485     0.7717      7.383   320.5069 1.6154e+02     0.4952     -0.124     -0.180    21.6629 0.0000e+00
     -0.126 1.2713e-12     5.7790     65.705     35.413  33.069895     0.7596      7.382   320.6285 1.6262e+02     0.4966     -0.124     -0.180    21.6669 0.0000e+00
     -0.126 1.1558e-13     5.7655     65.557     35.409  33.069877     0.7321      7.381   320.6553 1.6261e+02     0.4601     -0.124     -0.180    21.6721 0.0000e+00
     -0.126 1.0507e-14     5.7540     65.432     35.419  33.082265     0.7248      7.379   320.0562 1.6180e+02     0.4195     -0.123     -0.179    21.6778 0.0000e+00
     -0.126 9.5515e-16     5.7425     65.308     35.426  33.092658     0.7358      7.377   319.1501 1.6227e+02     0.4020     -0.124     -0.179    21.6829 0.0000e+00
     -0.126 8.6835e-17     5.7299     65.172     35.396  33.068511     0.7540      7.377   319.0772 1.6231e+02     0.4327     -0.123     -0.179    21.6868 0.0000e+00
     -0.126 7.8940e-18     5.7221     65.091     35.366  33.044366     0.7795      7.377   319.5195 1.6176e+02     0.4552     -0.124     -0.179    21.6912 0.0000e+00
     -0.126 7.1765e-19     5.7222     65.099     35.373  33.054787     0.7967      7.377   320.0232 1.6263e+02     0.4593     -0.123     -0.179    21.6963 0.0000e+00
     -0.126 6.5240e-20     5.7255     65.142     35.383  33.067489     0.8056      7.377   320.5221 1.6288e+02     0.4827     -0.123     -0.179    21.7000 0.0000e+00
     -0.126 5.9311e-21     5.7277     65.171     35.385  33.070924     0.8039      7.376   319.8721 1.6205e+02     0.4937     -0.124     -0.179    21.7058 0.0000e+00
     -0.126 5.4011e-22     5.7292     65.190     35.410  33.096327     0.7940      7.374   318.3592 1.6197e+02     0.5017     -0.124     -0.179    21.7139 0.0000e+00
     -0.126 5.9609e-23     5.7293     65.193     35.435  33.120578     0.7879      7.374   317.7167 1.6198e+02     0.5179     -0.124     -0.179    21.7196 0.0000e+00
     -0.126 1.2098e-22     5.7257     65.154     35.423  33.110081     0.7848      7.374   318.1268 1.6158e+02     0.5059     -0.124     -0.180    21.7232 0.0000e+00
     -0.126 1.2822e-21     5.7187     65.076     35.407  33.096433     0.7843      7.374   319.0154 1.6114e+02     0.4794     -0.123     -0.179    21.7261 0.0000e+00
     -0.125 1.4100e-20     5.7089     64.966     35.391  33.082595     0.7905      7.374   319.5988 1.6118e+02     0.4715     -0.123     -0.178    21.7276 0.0000e+00
     -0.125 1.5510e-19     5.6959     64.821     35.376  33.069799     0.7957      7.374   318.9859 1.6147e+02     0.4721     -0.123     -0.178    21.7288 0.0000e+00
     -0.125 1.7060e-18     5.6817     64.662     35.373  33.068739     0.7929      7.374   317.6272 1.6149e+02     0.4562     -0.123     -0.178    21.7301 0.0000e+00
     -0.126 1.8767e-17     5.6697     64.530     35.372  33.069787     0.7928      7.374   316.9378 1.6172e+02     0.4315     -0.123     -0.179    21.7310 0.0000e+00
     -0.126 2.0643e-16     5.6581     64.402     35.383  33.082479     0.7945      7.373   317.1896 1.6188e+02     0.4482     -0.123     -0.179    21.7327 0.0000e+00
     -0.126 2.2707e-15     5.6440     64.247     35.393  33.095172     0.7855      7.372   317.6595 1.6153e+02     0.5049     -0.123     -0.178    21.7345 0.0000e+00
     -0.126 2.4978e-14     5.6292     64.084     35.391  33.096222     0.7769      7.372   317.8867 1.6172e+02     0.5078     -0.124     -0.180    21.7368 0.0000e+00
     -0.125 2.7476e-13     5.6151     63.927     35.387  33.095180     0.7822      7.371   318.0442 1.6209e+02     0.4527     -0.123     -0.179    21.7406 0.0000e+00
     -0.125 3.0224e-12     5.6016     63.779     35.370  33.082582     0.8036      7.370   318.0156 1.6184e+02     0.4187     -0.123     -0.178    21.7444 0.0000e+00
     -0.126 3.3246e-11     5.5901     63.654     35.355  33.070930     0.8331      7.370   317.6264 1.6181e+02     0.4313     -0.123     -0.179    21.7482 0.0000e+00
     -0.126 3.6571e-10     5.5811     63.557     35.362  33.081332     0.8539      7.370   317.4688 1.6196e+02     0.4830     -0.124     -0.180    21.7527 0.0000e+00
     -0.126 4.0228e-09     5.5716     63.453     35.359  33.081331     0.8534      7.369   317.5733 1.6183e+02     0.4950     -0.123     -0.179    21.7566 0.0000e+00
     -0.126 4.4250e-08     5.5622     63.351     35.346  33.070918     0.8271      7.368   317.6848 1.6140e+02     0.4546     -0.123     -0.179    21.7605 0.0000e+00
     -0.125 4.8676e-07     5.5558     63.281     35.356  33.082466     0.7926      7.368   318.2140 1.6104e+02     0.4218     -0.123     -0.178    21.7657 0.0000e+00
     -0.125      0.000     5.5490     63.206     35.366  33.093928     0.7766      7.368   318.8956 1.6114e+02     0.4030     -0.123     -0.178    21.7702 0.0000e+00
     -0.125      0.000     5.5404     63.111     35.352  33.082477     0.7806      7.366   318.8713 1.6131e+02     0.4104     -0.123     -0.179    21.7740 0.0000e+00
     -0.125      0.001     5.5328     63.026     35.339  33.071042     0.7851      7.366   318.5226 1.6148e+02     0.4202     -0.123     -0.178    21.7772 0.0000e+00
