Data/DataNotYetUploadedToEDI/Raw_CTD/RawDownloads/051118_bvr49.cnv
* Sea-Bird SBE19plus  Data File:
* FileName = C:\DATA\051118_bvr_0001.hex
* Software version 2.6.3.104 SB_Terminal.dll
* Temperature SN = 7809
* Conductivity SN = 7809
* System UpLoad Time = May 11 2018 13:58:01
* <ApplicationData>
* <Seaterm232>
# nquan = 15
# nvalues = 1145                        
# units = specified
# name 0 = depFM: Depth [fresh water, m]
# name 1 = dz/dtM: Descent Rate [m/s]
# name 2 = sbeox0Mg/L: Oxygen, SBE 43 [mg/l]
# name 3 = sbeox0PS: Oxygen, SBE 43 [% saturation]
# name 4 = specc: Specific Conductance [uS/cm]
# name 5 = c0uS/cm: Conductivity [uS/cm]
# name 6 = flECO-AFL: Fluorescence, WET Labs ECO-AFL/FL [mg/m^3]
# name 7 = ph: pH
# name 8 = orp: Oxidation Reduction Potential [mV]
# name 9 = par/sat/log: PAR/Logarithmic, Satlantic
# name 10 = turbWETntu0: Turbidity, WET Labs ECO [NTU]
# name 11 = prdM: Pressure, Strain Gauge [db]
# name 12 = prdE: Pressure, Strain Gauge [psi]
# name 13 = tv290C: Temperature [ITS-90, deg C]
# name 14 = flag:  0.000e+00
# span 0 =     -0.616,     10.393       
# span 1 =     -0.085,      0.199       
# span 2 =     0.1378,    10.4204       
# span 3 =      1.138,    106.554       
# span 4 =      1.888,     56.408       
# span 5 =   1.932725,  36.189300       
# span 6 =    -0.2274,     3.3714       
# span 7 =      5.556,      7.647       
# span 8 =  -524.0115,  1020.2352       
# span 9 = 1.2533e-01, 2.3316e+03       
# span 10 =    -0.6691,    15.9711      
# span 11 =     -0.606,     10.193      
# span 12 =     -0.879,     14.784      
# span 13 =     7.0702,    26.3852      
# span 14 = 0.0000e+00, 0.0000e+00      
# interval = seconds: 0.25
# start_time = May 11 2018 14:52:51 [Instrument's time stamp, header]
# bad_flag = -9.990e-29
*END*
[from data line 868]
      5.546      0.094     6.0520     52.914     31.580  21.754208     2.5919      6.787   353.9019 8.1989e+00     3.5532      5.440      7.888     9.6708 0.0000e+00
      5.574      0.096     6.0031     52.401     31.606  21.728820     2.5731      6.781   353.8879 7.9423e+00     3.5527      5.467      7.928     9.6400 0.0000e+00
      5.600      0.093     5.9399     51.779     31.654  21.725361     2.5477      6.776   353.8818 7.7342e+00     3.5250      5.493      7.966     9.6033 0.0000e+00
      5.625      0.088     5.8702     51.108     31.683  21.712349     2.5422      6.772   353.9998 7.5661e+00     3.5233      5.517      8.003     9.5228 0.0000e+00
      5.645      0.084     5.8007     50.446     31.707  21.698419     2.5524      6.768   354.1093 7.4125e+00     3.5333      5.535      8.029     9.4351 0.0000e+00
      5.662      0.081     5.7284     49.768     31.724  21.683874     2.5519      6.764   354.1740 7.2677e+00     3.5232      5.553      8.053     9.3688 0.0000e+00
      5.680      0.080     5.6528     49.069     31.726  21.663417     2.5364      6.758   354.1796 7.1169e+00     3.5234      5.570      8.079     9.3126 0.0000e+00
      5.700      0.080     5.5786     48.386     31.725  21.641490     2.5214      6.751   354.1771 6.9391e+00     3.5356      5.589      8.106     9.2622 0.0000e+00
      5.722      0.080     5.5101     47.756     31.708  21.609185     2.5268      6.746   354.2292 6.7542e+00     3.5482      5.612      8.139     9.2133 0.0000e+00
      5.744      0.080     5.4468     47.176     31.705  21.590195     2.5555      6.744   354.2939 6.5718e+00     3.6151      5.633      8.169     9.1713 0.0000e+00
      5.765      0.079     5.3877     46.639     31.744  21.602310     2.6107      6.743   354.3568 6.3952e+00     3.7950      5.654      8.200     9.1381 0.0000e+00
      5.786      0.076     5.3358     46.167     31.803  21.628694     2.6982      6.741   354.3875 6.2282e+00     4.0752      5.675      8.233     9.1049 0.0000e+00
      5.804      0.074     5.2936     45.776     31.864  21.655269     2.7769      6.739   354.4068 6.0598e+00     4.3174      5.693      8.257     9.0715 0.0000e+00
      5.821      0.072     5.2617     45.471     31.910  21.669683     2.7537      6.736   354.5042 5.9059e+00     4.4040      5.709      8.280     9.0440 0.0000e+00
      5.838      0.071     5.2396     45.249     31.946  21.675989     2.6477      6.733   354.7916 5.7730e+00     4.3896      5.725      8.304     9.0237 0.0000e+00
      5.855      0.071     5.2262     45.101     31.961  21.668018     2.5879      6.730   355.2145 5.6278e+00     4.3881      5.741      8.327     9.0041 0.0000e+00
      5.875      0.072     5.2234     45.046     31.942  21.636761     2.6012      6.729   355.5735 5.4774e+00     4.4772      5.761      8.355     8.9801 0.0000e+00
      5.895      0.074     5.2288     45.065     31.934  21.615454     2.5974      6.726   355.6897 5.3639e+00     4.5208      5.783      8.387     8.9533 0.0000e+00
      5.913      0.075     5.2325     45.074     31.933  21.600828     2.5229      6.723   355.6729 5.2665e+00     4.3964      5.799      8.411     8.9249 0.0000e+00
      5.931      0.075     5.2295     45.027     31.930  21.586864     2.4822      6.719   355.7154 5.1397e+00     4.3774      5.815      8.435     8.8949 0.0000e+00
      5.951      0.076     5.2200     44.923     31.930  21.573574     2.5182      6.715   355.7732 5.0120e+00     4.5347      5.836      8.465     8.8659 0.0000e+00
      5.970      0.077     5.2041     44.764     31.940  21.567077     2.5268      6.712   355.8561 4.8930e+00     4.6204      5.855      8.492     8.8400 0.0000e+00
      5.990      0.079     5.1807     44.542     31.965  21.571781     2.4664      6.709   355.9435 4.7600e+00     4.5585      5.874      8.518     8.8192 0.0000e+00
      6.010      0.081     5.1498     44.258     31.975  21.566956     2.4042      6.706   356.0552 4.6352e+00     4.4271      5.893      8.547     8.8009 0.0000e+00
      6.031      0.082     5.1157     43.943     32.002  21.572204     2.4179      6.703   356.1745 4.5117e+00     4.4356      5.914      8.578     8.7809 0.0000e+00
      6.052      0.082     5.0814     43.623     32.025  21.571749     2.4668      6.700   356.1807 4.3756e+00     4.6006      5.935      8.608     8.7593 0.0000e+00
      6.073      0.082     5.0494     43.324     32.031  21.561431     2.4433      6.698   356.2166 4.2430e+00     4.6819      5.956      8.638     8.7386 0.0000e+00
      6.096      0.081     5.0227     43.078     32.066  21.574396     2.3723      6.696   356.3506 4.1168e+00     4.6859      5.978      8.671     8.7231 0.0000e+00
      6.117      0.080     5.0044     42.909     32.117  21.601534     2.3621      6.693   356.4245 3.9918e+00     4.7716      5.999      8.702     8.7045 0.0000e+00
      6.136      0.080     4.9938     42.806     32.179  21.635628     2.3937      6.690   356.5069 3.8728e+00     4.8631      6.018      8.729     8.6775 0.0000e+00
      6.155      0.080     4.9877     42.736     32.245  21.669205     2.3599      6.686   356.6583 3.7607e+00     4.8468      6.036      8.754     8.6528 0.0000e+00
      6.175      0.081     4.9868     42.706     32.298  21.690096     2.2655      6.682   356.7070 3.6368e+00     4.8185      6.054      8.781     8.6358 0.0000e+00
      6.196      0.081     4.9889     42.701     32.330  21.697769     2.2081      6.678   356.7513 3.5058e+00     4.8872      6.076      8.812     8.6270 0.0000e+00
      6.218      0.082     4.9895     42.690     32.347  21.698477     2.2171      6.676   356.9353 3.3843e+00     5.0056      6.098      8.844     8.6189 0.0000e+00
      6.241      0.082     4.9840     42.632     32.357  21.698651     2.2364      6.673   357.1250 3.2715e+00     5.0294      6.121      8.877     8.6011 0.0000e+00
      6.262      0.081     4.9703     42.507     32.367  21.699864     2.2207      6.669   357.2381 3.1626e+00     4.9924      6.143      8.908     8.5754 0.0000e+00
      6.281      0.080     4.9498     42.319     32.398  21.713143     2.2207      6.664   357.3575 3.0506e+00     5.0768      6.159      8.933     8.5525 0.0000e+00
      6.300      0.078     4.9204     42.052     32.442  21.732230     2.2549      6.661   357.5356 2.9431e+00     5.2253      6.177      8.960     8.5363 0.0000e+00
      6.321      0.076     4.8837     41.721     32.470  21.740186     2.2024      6.659   357.6708 2.8470e+00     5.3846      6.198      8.990     8.5278 0.0000e+00
      6.341      0.074     4.8449     41.372     32.495  21.745854     2.0357      6.657   357.7003 2.7640e+00     5.5378      6.219      9.020     8.5225 0.0000e+00
      6.360      0.074     4.8067     41.030     32.497  21.737259     1.9124      6.655   357.7209 2.7061e+00     5.5217      6.238      9.048     8.5095 0.0000e+00
      6.377      0.075     4.7700     40.705     32.453  21.699738     1.9059      6.652   357.8348 2.6439e+00     5.4950      6.253      9.070     8.4925 0.0000e+00
      6.394      0.076     4.7371     40.414     32.424  21.673078     1.9213      6.648   357.9585 2.5577e+00     5.5204      6.269      9.093     8.4766 0.0000e+00
      6.413      0.079     4.7124     40.191     32.429  21.668830     1.8678      6.643   358.0124 2.4809e+00     5.4319      6.289      9.123     8.4584 0.0000e+00
      6.434      0.082     4.6928     40.009     32.414  21.648361     1.7836      6.639   357.9697 2.4065e+00     5.3712      6.308      9.150     8.4413 0.0000e+00
      6.456      0.084     4.6735     39.825     32.384  21.616025     1.7390      6.636   357.8725 2.3173e+00     5.4272      6.330      9.182     8.4304 0.0000e+00
      6.479      0.084     4.6542     39.638     32.376  21.595250     1.7506      6.633   357.7833 2.2313e+00     5.5593      6.355      9.217     8.4203 0.0000e+00
      6.503      0.080     4.6343     39.446     32.388  21.587601     1.7952      6.631   357.7513 2.1540e+00     5.6863      6.378      9.250     8.4079 0.0000e+00
      6.526      0.074     4.6158     39.269     32.406  21.587001     1.8192      6.630   357.8302 2.0842e+00     5.7124      6.402      9.285     8.3939 0.0000e+00
      6.545      0.068     4.6014     39.131     32.424  21.587983     1.8392      6.629   357.8772 2.0288e+00     5.7522      6.420      9.312     8.3740 0.0000e+00
      6.559      0.063     4.5927     39.043     32.455  21.599467     1.8717      6.628   357.8030 1.9887e+00     5.8630      6.432      9.330     8.3479 0.0000e+00
      6.571      0.060     4.5920     39.025     32.467  21.598878     1.8623      6.626   357.7937 1.9502e+00     5.8618      6.443      9.345     8.3232 0.0000e+00
      6.583      0.059     4.6008     39.086     32.454  21.580852     1.8180      6.626   357.9373 1.9018e+00     5.7375      6.456      9.363     8.3040 0.0000e+00
      6.598      0.060     4.6172     39.210     32.456  21.571953     1.7945      6.625   358.0768 1.8466e+00     5.6723      6.470      9.383     8.2877 0.0000e+00
      6.615      0.063     4.6398     39.386     32.446  21.554755     1.8180      6.623   358.1893 1.7870e+00     5.7148      6.486      9.407     8.2736 0.0000e+00
      6.633      0.065     4.6661     39.595     32.474  21.563342     1.8538      6.620   358.2653 1.7342e+00     5.7927      6.505      9.434     8.2612 0.0000e+00
      6.650      0.067     4.6924     39.803     32.562  21.612289     1.8417      6.620   358.3073 1.6987e+00     5.8202      6.522      9.459     8.2474 0.0000e+00
      6.667      0.067     4.7185     40.011     32.616  21.638702     1.8093      6.619   358.4381 1.6676e+00     5.8950      6.538      9.483     8.2311 0.0000e+00
      6.684      0.067     4.7424     40.199     32.616  21.628772     1.8201      6.617   358.6422 1.6231e+00     6.0564      6.555      9.507     8.2146 0.0000e+00
      6.700      0.068     4.7607     40.340     32.616  21.619177     1.8439      6.613   358.8827 1.5674e+00     6.0634      6.571      9.530     8.1991 0.0000e+00
      6.717      0.071     4.7743     40.440     32.677  21.649637     1.8304      6.609   359.1087 1.5201e+00     5.9186      6.588      9.555     8.1843 0.0000e+00
      6.734      0.075     4.7804     40.475     32.739  21.679649     1.8129      6.606   359.2238 1.4743e+00     5.8315      6.603      9.577     8.1700 0.0000e+00
      6.753      0.080     4.7774     40.435     32.731  21.664637     1.8349      6.602   359.2423 1.4103e+00     5.8955      6.621      9.604     8.1552 0.0000e+00
      6.775      0.084     4.7685     40.349     32.733  21.658561     1.8570      6.598   359.3315 1.3542e+00     5.9896      6.644      9.637     8.1403 0.0000e+00
      6.799      0.088     4.7563     40.234     32.761  21.669665     1.8514      6.594   359.5285 1.3142e+00     5.9315      6.667      9.670     8.1255 0.0000e+00
      6.822      0.089     4.7411     40.091     32.778  21.671924     1.8586      6.592   359.6452 1.2642e+00     5.8643      6.690      9.703     8.1074 0.0000e+00
      6.846      0.088     4.7230     39.921     32.816  21.685858     1.8980      6.592   359.7108 1.2186e+00     5.9711      6.714      9.738     8.0909 0.0000e+00
      6.870      0.085     4.7007     39.713     32.875  21.711166     1.9420      6.590   359.8051 1.1813e+00     6.1554      6.737      9.771     8.0815 0.0000e+00
      6.891      0.082     4.6752     39.477     32.916  21.723990     1.9218      6.587   359.8391 1.1308e+00     6.1387      6.760      9.805     8.0720 0.0000e+00
      6.911      0.079     4.6525     39.263     32.923  21.713932     1.8375      6.587   359.8631 1.0773e+00     5.9526      6.779      9.832     8.0571 0.0000e+00
      6.929      0.076     4.6306     39.057     32.950  21.716499     1.7679      6.585   359.9235 1.0266e+00     5.9506      6.795      9.855     8.0397 0.0000e+00
      6.947      0.072     4.6036     38.811     33.028  21.755013     1.7604      6.583   359.8809 9.9127e-01     6.0841      6.812      9.880     8.0204 0.0000e+00
      6.967      0.068     4.5749     38.555     33.109  21.798700     1.8029      6.583   359.7779 9.6422e-01     6.0714      6.832      9.909     7.9972 0.0000e+00
      6.986      0.066     4.5491     38.327     33.220  21.863820     1.8496      6.583   359.7975 9.2966e-01     5.9495      6.852      9.937     7.9749 0.0000e+00
      7.002      0.064     4.5246     38.109     33.396  21.971020     1.9011      6.582   359.8597 9.1624e-01     5.9526      6.868      9.959     7.9520 0.0000e+00
      7.015      0.064     4.4996     37.880     33.579  22.079131     1.9483      6.580   359.8415 8.9747e-01     6.1077      6.879      9.977     7.9301 0.0000e+00
      7.029      0.065     4.4746     37.650     33.717  22.155246     1.9608      6.579   359.8359 8.5719e-01     6.2072      6.892      9.995     7.9165 0.0000e+00
      7.044      0.067     4.4470     37.397     33.797  22.193007     1.9426      6.577   359.9636 8.2687e-01     6.1182      6.907     10.018     7.9067 0.0000e+00
      7.063      0.070     4.4165     37.122     33.858  22.218266     1.9027      6.575   360.0951 7.9891e-01     5.9478      6.926     10.044     7.8953 0.0000e+00
      7.083      0.073     4.3840     36.830     33.959  22.270188     1.8917      6.574   360.0496 7.6677e-01     5.9167      6.945     10.074     7.8763 0.0000e+00
      7.103      0.075     4.3410     36.450     34.142  22.376397     1.9016      6.573   360.0156 7.4207e-01     5.9566      6.966     10.104     7.8520 0.0000e+00
      7.123      0.076     4.2838     35.953     34.330  22.486674     1.8471      6.571   360.2003 7.2171e-01     5.8801      6.986     10.132     7.8312 0.0000e+00
      7.141      0.079     4.2144     35.353     34.408  22.524300     1.7666      6.566   360.5614 6.9998e-01     5.8160      7.003     10.157     7.8100 0.0000e+00
      7.159      0.082     4.1315     34.641     34.413  22.513897     1.7451      6.562   360.9396 6.7759e-01     5.8225      7.019     10.180     7.7875 0.0000e+00
      7.179      0.085     4.0365     33.828     34.491  22.551336     1.7532      6.557   361.1606 6.5757e-01     5.8064      7.039     10.210     7.7677 0.0000e+00
      7.202      0.088     3.9332     32.949     34.676  22.659540     1.7182      6.552   361.2539 6.4426e-01     5.8646      7.062     10.243     7.7488 0.0000e+00
      7.227      0.091     3.8232     32.015     34.820  22.742928     1.6522      6.547   361.4649 6.2582e-01     6.0076      7.088     10.280     7.7295 0.0000e+00
      7.252      0.092     3.7106     31.060     34.919  22.797756     1.6261      6.543   361.8191 6.0017e-01     6.1630      7.114     10.318     7.7092 0.0000e+00
      7.276      0.091     3.5975     30.104     35.056  22.878063     1.6509      6.539   362.0946 5.7457e-01     6.3096      7.135     10.348     7.6893 0.0000e+00
      7.300      0.089     3.4810     29.121     35.181  22.952074     1.6853      6.537   362.3020 5.5257e-01     6.3452      7.159     10.383     7.6711 0.0000e+00
      7.323      0.085     3.3634     28.131     35.256  22.994273     1.7017      6.536   362.4337 5.3084e-01     6.3182      7.182     10.416     7.6551 0.0000e+00
      7.344      0.082     3.2414     27.105     35.284  23.007372     1.6932      6.534   362.3967 5.0744e-01     6.3191      7.201     10.445     7.6410 0.0000e+00
      7.364      0.079     3.1115     26.015     35.254  22.983484     1.6930      6.532   362.3707 4.9284e-01     6.3862      7.222     10.475     7.6283 0.0000e+00
      7.383      0.074     2.9795     24.909     35.221  22.959382     1.7000      6.530   362.4637 4.8071e-01     6.4588      7.240     10.501     7.6171 0.0000e+00
      7.401      0.070     2.8470     23.801     35.239  22.969888     1.6480      6.528   362.4880 4.6878e-01     6.4035      7.257     10.526     7.6068 0.0000e+00
