Data/DataNotYetUploadedToEDI/Raw_CTD/RawDownloads/051118_bvr49.cnv
* Sea-Bird SBE19plus  Data File:
* FileName = C:\DATA\051118_bvr_0001.hex
* Software version 2.6.3.104 SB_Terminal.dll
* Temperature SN = 7809
* Conductivity SN = 7809
* System UpLoad Time = May 11 2018 13:58:01
* <ApplicationData>
* <Seaterm232>
# nquan = 15
# nvalues = 1145                        
# units = specified
# name 0 = depFM: Depth [fresh water, m]
# name 1 = dz/dtM: Descent Rate [m/s]
# name 2 = sbeox0Mg/L: Oxygen, SBE 43 [mg/l]
# name 3 = sbeox0PS: Oxygen, SBE 43 [% saturation]
# name 4 = specc: Specific Conductance [uS/cm]
# name 5 = c0uS/cm: Conductivity [uS/cm]
# name 6 = flECO-AFL: Fluorescence, WET Labs ECO-AFL/FL [mg/m^3]
# name 7 = ph: pH
# name 8 = orp: Oxidation Reduction Potential [mV]
# name 9 = par/sat/log: PAR/Logarithmic, Satlantic
# name 10 = turbWETntu0: Turbidity, WET Labs ECO [NTU]
# name 11 = prdM: Pressure, Strain Gauge [db]
# name 12 = prdE: Pressure, Strain Gauge [psi]
# name 13 = tv290C: Temperature [ITS-90, deg C]
# name 14 = flag:  0.000e+00
# span 0 =     -0.616,     10.393       
# span 1 =     -0.085,      0.199       
# span 2 =     0.1378,    10.4204       
# span 3 =      1.138,    106.554       
# span 4 =      1.888,     56.408       
# span 5 =   1.932725,  36.189300       
# span 6 =    -0.2274,     3.3714       
# span 7 =      5.556,      7.647       
# span 8 =  -524.0115,  1020.2352       
# span 9 = 1.2533e-01, 2.3316e+03       
# span 10 =    -0.6691,    15.9711      
# span 11 =     -0.606,     10.193      
# span 12 =     -0.879,     14.784      
# span 13 =     7.0702,    26.3852      
# span 14 = 0.0000e+00, 0.0000e+00      
# interval = seconds: 0.25
# start_time = May 11 2018 14:52:51 [Instrument's time stamp, header]
# bad_flag = -9.990e-29
*END*
[from data line 97]
     -0.122      0.001     6.0680     69.815     29.722  28.122682     0.6341      7.487   334.6726 2.0891e+03     2.1204     -0.120     -0.173    22.2931 0.0000e+00
     -0.121     -0.001     6.0634     69.772     29.718  28.123931     0.6302      7.494   334.6535 2.0741e+03     2.1120     -0.117     -0.170    22.2951 0.0000e+00
     -0.122     -0.002     6.0502     69.649     29.719  28.137498     0.6119      7.499   334.4427 2.0681e+03     2.1324     -0.119     -0.173    22.3060 0.0000e+00
     -0.127     -0.001     6.0303     69.450     29.728  28.159747     0.5877      7.498   332.9847 2.0608e+03     2.1529     -0.126     -0.182    22.3068 0.0000e+00
     -0.129      0.002     6.0078     69.211     29.697  28.138964     0.5752      7.488   328.7262 2.0379e+03     2.1474     -0.128     -0.186    22.2991 0.0000e+00
     -0.129      0.005     5.9847     68.957     29.625  28.076724     0.5710      7.478   323.9940 2.0187e+03     2.1261     -0.127     -0.185    22.3052 0.0000e+00
     -0.126      0.007     5.9654     68.752     29.581  28.042203     0.5830      7.470   321.8860 2.0242e+03     2.1406     -0.126     -0.183    22.3336 0.0000e+00
     -0.120      0.007     5.9667     68.788     29.567  28.039069     0.6110      7.465   321.3064 2.0356e+03     2.1696     -0.119     -0.173    22.3591 0.0000e+00
     -0.113      0.006     6.0154     69.350     29.567  28.038852     0.6240      7.467   320.7718 2.0261e+03     2.1405     -0.106     -0.153    22.3747 0.0000e+00
     -0.114      0.002     6.1286     70.631     29.579  28.039572     0.6212      7.474   320.1539 2.0186e+03     2.0937     -0.110     -0.159    22.3797 0.0000e+00
     -0.118     -0.003     6.3032     72.617     29.599  28.047756     0.6226      7.482   319.5141 2.0371e+03     2.1233     -0.120     -0.174    22.3880 0.0000e+00
     -0.119     -0.006     6.5208     75.109     29.634  28.074296     0.6406      7.488   319.2314 2.0574e+03     2.1928     -0.115     -0.166    22.4178 0.0000e+00
     -0.120     -0.006     6.7528     77.768     29.674  28.106467     0.6733      7.492   319.0588 2.0692e+03     2.2025     -0.116     -0.168    22.4192 0.0000e+00
     -0.125     -0.004     6.9687     80.238     29.694  28.119235     0.6968      7.494   318.6320 2.0752e+03     2.1493     -0.122     -0.176    22.3897 0.0000e+00
     -0.130     -0.003     7.1436     82.253     29.675  28.101660     0.7038      7.495   318.3726 2.0544e+03     2.0984     -0.131     -0.189    22.3712 0.0000e+00
     -0.127     -0.002     7.2640     83.674     29.643  28.084460     0.7119      7.494   318.5034 2.0338e+03     2.0755     -0.127     -0.184    22.3608 0.0000e+00
     -0.121     -0.001     7.3343     84.530     29.643  28.101786     0.7314      7.486   318.6651 2.0380e+03     2.0860     -0.113     -0.163    22.3577 0.0000e+00
     -0.122     -0.001     7.3666     84.936     29.650  28.120676     0.7463      7.474   318.6064 2.0295e+03     2.1032     -0.119     -0.173    22.3406 0.0000e+00
     -0.127     -0.003     7.3676     84.973     29.642  28.122377     0.7448      7.468   318.4822 2.0181e+03     2.1007     -0.129     -0.188    22.3304 0.0000e+00
     -0.125     -0.008     7.3443     84.722     29.635  28.122376     0.7504      7.471   318.4539 2.0370e+03     2.1160     -0.122     -0.177    22.3651 0.0000e+00
     -0.125     -0.010     7.3033     84.261     29.629  28.120673     0.7766      7.478   318.4361 2.0580e+03     2.1359     -0.119     -0.172    22.3987 0.0000e+00
     -0.130     -0.008     7.2506     83.661     29.606  28.101783     0.7948      7.485   318.5256 2.0636e+03     2.1267     -0.127     -0.184    22.4172 0.0000e+00
     -0.136     -0.006     7.1897     82.963     29.586  28.084474     0.7876      7.491   318.6754 2.0697e+03     2.1274     -0.135     -0.195    22.4317 0.0000e+00
     -0.139     -0.006     7.1183     82.147     29.601  28.101895     0.7806      7.496   318.6126 2.0803e+03     2.1448     -0.140     -0.203    22.4428 0.0000e+00
     -0.138     -0.004     7.0377     81.222     29.620  28.121932     0.7931      7.502   318.5408 2.0887e+03     2.1535     -0.137     -0.199    22.4515 0.0000e+00
     -0.135      0.001     6.9524     80.241     29.634  28.136245     0.8097      7.507   318.6670 2.0891e+03     2.1418     -0.131     -0.191    22.4538 0.0000e+00
     -0.134      0.005     6.8673     79.262     29.646  28.147955     0.8073      7.512   318.7625 2.0818e+03     2.1247     -0.130     -0.189    22.4567 0.0000e+00
     -0.136      0.006     6.7847     78.312     29.633  28.136529     0.7642      7.517   318.7480 2.0769e+03     2.1292     -0.133     -0.193    22.4621 0.0000e+00
     -0.136      0.006     6.7057     77.404     29.618  28.125080     0.7112      7.520   318.7503 2.0759e+03     2.1355     -0.135     -0.196    22.4658 0.0000e+00
     -0.132      0.005     6.6329     76.570     29.627  28.136530     0.6996      7.520   318.7913 2.0742e+03     2.1395     -0.129     -0.188    22.4670 0.0000e+00
     -0.128      0.004     6.5650     75.800     29.633  28.147979     0.7064      7.520   318.8132 2.0757e+03     2.1479     -0.124     -0.181    22.4685 0.0000e+00
     -0.127      0.003     6.5023     75.093     29.614  28.136528     0.7011      7.518   318.8424 2.0765e+03     2.1458     -0.124     -0.180    22.4708 0.0000e+00
     -0.127      0.001     6.4463     74.465     29.594  28.125077     0.6914      7.515   318.8866 2.0754e+03     2.1441     -0.124     -0.180    22.4737 0.0000e+00
     -0.127     -0.001     6.3963     73.901     29.599  28.136536     0.6904      7.512   318.9172 2.0778e+03     2.1578     -0.124     -0.180    22.4780 0.0000e+00
     -0.129     -0.001     6.3500     73.380     29.606  28.148081     0.6975      7.509   319.0405 2.0821e+03     2.1591     -0.126     -0.183    22.4875 0.0000e+00
     -0.131      0.000     6.3053     72.875     29.591  28.137680     0.6946      7.506   319.1731 2.0880e+03     2.1294     -0.130     -0.189    22.5006 0.0000e+00
     -0.131      0.001     6.2613     72.375     29.586  28.137782     0.6831      7.500   319.0572 2.0947e+03     2.1038     -0.129     -0.188    22.5140 0.0000e+00
     -0.130      0.002     6.2176     71.876     29.595  28.149327     0.6780      7.494   318.9304 2.0952e+03     2.1238     -0.127     -0.185    22.5242 0.0000e+00
     -0.129      0.004     6.1767     71.407     29.594  28.150282     0.6786      7.491   319.2748 2.0898e+03     2.1576     -0.126     -0.183    22.5316 0.0000e+00
     -0.126      0.004     6.1412     71.003     29.590  28.149328     0.6821      7.491   319.6073 2.0850e+03     2.1774     -0.124     -0.180    22.5400 0.0000e+00
     -0.125      0.003     6.1112     70.664     29.575  28.137792     0.6643      7.492   319.4224 2.0755e+03     2.2110     -0.121     -0.176    22.5477 0.0000e+00
     -0.125      0.001     6.0868     70.390     29.571  28.137802     0.6379      7.495   319.2768 2.0635e+03     2.2276     -0.123     -0.178    22.5524 0.0000e+00
     -0.124     -0.001     6.0663     70.165     29.578  28.149450     0.6394      7.499   319.3088 2.0644e+03     2.2260     -0.122     -0.177    22.5544 0.0000e+00
     -0.124     -0.003     6.0471     69.956     29.575  28.151643     0.6450      7.502   319.2082 2.0745e+03     2.2216     -0.120     -0.173    22.5588 0.0000e+00
     -0.126     -0.005     6.0286     69.755     29.582  28.164323     0.6512      7.505   319.0060 2.0864e+03     2.1748     -0.125     -0.181    22.5653 0.0000e+00
     -0.129     -0.005     6.0100     69.547     29.590  28.175772     0.6683      7.507   318.9286 2.1006e+03     2.1182     -0.127     -0.184    22.5706 0.0000e+00
     -0.130     -0.004     5.9889     69.307     29.575  28.163083     0.6861      7.509   319.1331 2.1085e+03     2.1170     -0.126     -0.182    22.5786 0.0000e+00
     -0.132     -0.003     5.9639     69.020     29.547  28.137902     0.7012      7.510   319.3275 2.1067e+03     2.1295     -0.130     -0.188    22.5893 0.0000e+00
     -0.134     -0.001     5.9369     68.710     29.532  28.125307     0.7130      7.510   319.3866 2.0994e+03     2.1167     -0.133     -0.193    22.5997 0.0000e+00
     -0.131     -0.001     5.9104     68.408     29.543  28.137787     0.7268      7.508   319.4180 2.0899e+03     2.1148     -0.128     -0.186    22.6067 0.0000e+00
     -0.129     -0.001     5.8860     68.132     29.566  28.161812     0.7391      7.507   319.2764 2.0845e+03     2.1070     -0.125     -0.181    22.6086 0.0000e+00
     -0.130     -0.000     5.8654     67.900     29.563  28.161802     0.7423      7.507   319.0511 2.0824e+03     2.1133     -0.128     -0.185    22.6102 0.0000e+00
     -0.130 4.0639e-07     5.8474     67.698     29.534  28.137671     0.7384      7.509   318.8448 2.0796e+03     2.1609     -0.129     -0.186    22.6128 0.0000e+00
     -0.131      0.000     5.8301     67.504     29.517  28.124046     0.7476      7.510   318.6747 2.0828e+03     2.1945     -0.128     -0.185    22.6164 0.0000e+00
     -0.133      0.000     5.8129     67.311     29.514  28.124055     0.7796      7.510   318.7154 2.0908e+03     2.1836     -0.132     -0.191    22.6207 0.0000e+00
     -0.133      0.001     5.7937     67.095     29.525  28.137784     0.8041      7.510   318.8213 2.0927e+03     2.1501     -0.131     -0.190    22.6242 0.0000e+00
     -0.131      0.001     5.7724     66.853     29.550  28.163059     0.8137      7.510   318.7506 2.0905e+03     2.1561     -0.127     -0.185    22.6303 0.0000e+00
     -0.130      0.000     5.7516     66.619     29.560  28.175663     0.8313      7.511   318.6356 2.0902e+03     2.1955     -0.127     -0.184    22.6360 0.0000e+00
     -0.130     -0.000     5.7321     66.401     29.543  28.163183     0.8516      7.511   318.7204 2.0867e+03     2.1993     -0.127     -0.185    22.6402 0.0000e+00
     -0.131     -0.001     5.7145     66.208     29.512  28.139156     0.8575      7.510   318.7435 2.0826e+03     2.1715     -0.128     -0.186    22.6453 0.0000e+00
     -0.132     -0.001     5.6986     66.034     29.507  28.139166     0.8570      7.508   318.5706 2.0827e+03     2.1650     -0.130     -0.188    22.6485 0.0000e+00
     -0.134     -0.001     5.6811     65.841     29.528  28.163306     0.8635      7.504   318.6092 2.0800e+03     2.1811     -0.131     -0.190    22.6518 0.0000e+00
     -0.134      0.000     5.6648     65.660     29.538  28.177045     0.8712      7.499   318.6941 2.0812e+03     2.1835     -0.131     -0.190    22.6596 0.0000e+00
     -0.133      0.000     5.6497     65.493     29.535  28.178283     0.8679      7.492   318.6506 2.0893e+03     2.1630     -0.130     -0.189    22.6691 0.0000e+00
     -0.132      0.001     5.6301     65.274     29.530  28.178281     0.8599      7.487   318.6856 2.0887e+03     2.1472     -0.130     -0.188    22.6773 0.0000e+00
     -0.131      0.001     5.6102     65.054     29.525  28.177032     0.8939      7.485   318.6865 2.0855e+03     2.1442     -0.128     -0.186    22.6845 0.0000e+00
     -0.131      0.001     5.5949     64.886     29.505  28.163188     0.9582      7.486   318.7484 2.0850e+03     2.1270     -0.129     -0.187    22.6912 0.0000e+00
     -0.131      0.002     5.5822     64.747     29.475  28.137902     0.9842      7.488   318.9178 2.0753e+03     2.1223     -0.130     -0.189    22.6973 0.0000e+00
     -0.131      0.002     5.5702     64.612     29.459  28.125296     0.9883      7.488   319.0132 2.0672e+03     2.1486     -0.129     -0.188    22.7040 0.0000e+00
     -0.131      0.001     5.5588     64.485     29.469  28.137776     0.9609      7.488   319.1276 2.0673e+03     2.1703     -0.129     -0.187    22.7126 0.0000e+00
     -0.130      0.000     5.5499     64.388     29.491  28.161801     0.8918      7.488   319.1825 2.0677e+03     2.1709     -0.128     -0.185    22.7204 0.0000e+00
     -0.128     -0.001     5.5436     64.321     29.488  28.161790     0.8600      7.490   319.1601 2.0716e+03     2.1559     -0.125     -0.181    22.7275 0.0000e+00
     -0.128     -0.002     5.5397     64.282     29.460  28.137649     0.8612      7.493   319.2871 2.0769e+03     2.1415     -0.126     -0.183    22.7322 0.0000e+00
     -0.131     -0.002     5.5368     64.254     29.443  28.123909     0.8512      7.495   319.6000 2.0789e+03     2.1190     -0.128     -0.186    22.7347 0.0000e+00
     -0.134     -0.002     5.5310     64.190     29.440  28.122658     0.8315      7.496   319.8456 2.0824e+03     2.0365     -0.131     -0.190    22.7396 0.0000e+00
     -0.135     -0.001     5.5199     64.065     29.437  28.122533     0.8070      7.496   319.8477 2.0860e+03     1.9379     -0.134     -0.195    22.7458 0.0000e+00
     -0.133      0.000     5.5061     63.909     29.435  28.122400     0.7943      7.497   319.7112 2.0842e+03     1.9331     -0.130     -0.189    22.7510 0.0000e+00
     -0.132      0.000     5.4917     63.745     29.433  28.121051     0.7974      7.499   319.4858 2.0785e+03     1.9482     -0.128     -0.186    22.7543 0.0000e+00
     -0.132      0.001     5.4755     63.557     29.417  28.106223     0.8069      7.502   319.3603 2.0733e+03     1.9063     -0.130     -0.188    22.7576 0.0000e+00
     -0.132      0.002     5.4598     63.369     29.249  27.943114     0.8089      7.505   319.4836 2.0718e+03     1.8844     -0.129     -0.186    22.7613 0.0000e+00
     -0.132      0.003     5.4548     63.256     28.860  27.545864     0.7937      7.509   319.7730 2.0727e+03     1.8983     -0.129     -0.187    22.7652 0.0000e+00
     -0.132      0.004     5.5013     63.572     28.581  27.176394     0.7879      7.511   319.9331 2.0740e+03     1.9210     -0.132     -0.190    22.7662 0.0000e+00
     -0.132      0.004     5.6908     65.344     28.625  27.031531     0.8222      7.510   319.7844 2.0782e+03     1.9762     -0.130     -0.188    22.7671 0.0000e+00
     -0.129      0.004     6.1039     69.634     28.795  27.000496     0.8781      7.508   319.6964 2.0840e+03     2.0466     -0.127     -0.184    22.7657 0.0000e+00
     -0.126      0.004     6.7075     76.181     28.930  26.991358     0.9116      7.504   319.8154 2.0877e+03     2.1005     -0.123     -0.179    22.7695 0.0000e+00
     -0.125      0.004     7.3806     83.613     29.008  26.984345     0.9242      7.501   320.0189 2.0881e+03     2.1390     -0.120     -0.174    22.6124 0.0000e+00
     -0.126      0.003     8.0245     90.780     29.049  26.979090     0.9566      7.499   320.2647 2.0829e+03     2.1769     -0.123     -0.179    22.2050 0.0000e+00
     -0.126      0.001     8.5811     97.002     29.088  26.991261     0.9910      7.496   320.3782 2.0757e+03     2.1929     -0.125     -0.181    21.8321 0.0000e+00
     -0.125     -0.002     9.0128    101.839     29.116  27.004481     0.9913      7.495   320.2726 2.0719e+03     2.1496     -0.123     -0.177    21.6124 0.0000e+00
     -0.124     -0.004     9.2988    105.047     29.132  27.011927     0.9778      7.494   320.1918 2.0720e+03     2.1106     -0.121     -0.175    21.4864 0.0000e+00
     -0.125     -0.004     9.4270    106.483     29.142  27.017795     0.9749      7.492   320.1752 2.0764e+03     2.1177     -0.122     -0.176    21.4224 0.0000e+00
     -0.127     -0.005     9.4129    106.318     29.137  27.011928     0.9845      7.490   320.0722 2.0839e+03     2.1443     -0.124     -0.181    21.3845 0.0000e+00
     -0.130     -0.005     9.3169    105.233     29.129  27.004479     0.9933      7.487   320.1516 2.0910e+03     2.1574     -0.129     -0.187    21.3659 0.0000e+00
     -0.132     -0.004     9.2006    103.923     29.115  26.991222     0.9979      7.480   320.3602 2.0960e+03     2.1234     -0.131     -0.188    21.3552 0.0000e+00
     -0.133     -0.003     9.0906    102.680     29.101  26.978637     0.9936      7.470   320.4435 2.0972e+03     2.1005     -0.129     -0.188    21.3499 0.0000e+00
