Data/DataNotYetUploadedToEDI/Raw_CTD/RawDownloads/051118_bvr49.cnv
* Sea-Bird SBE19plus  Data File:
* FileName = C:\DATA\051118_bvr_0001.hex
* Software version 2.6.3.104 SB_Terminal.dll
* Temperature SN = 7809
* Conductivity SN = 7809
* System UpLoad Time = May 11 2018 13:58:01
* <ApplicationData>
* <Seaterm232>
# nquan = 15
# nvalues = 1145                        
# units = specified
# name 0 = depFM: Depth [fresh water, m]
# name 1 = dz/dtM: Descent Rate [m/s]
# name 2 = sbeox0Mg/L: Oxygen, SBE 43 [mg/l]
# name 3 = sbeox0PS: Oxygen, SBE 43 [% saturation]
# name 4 = specc: Specific Conductance [uS/cm]
# name 5 = c0uS/cm: Conductivity [uS/cm]
# name 6 = flECO-AFL: Fluorescence, WET Labs ECO-AFL/FL [mg/m^3]
# name 7 = ph: pH
# name 8 = orp: Oxidation Reduction Potential [mV]
# name 9 = par/sat/log: PAR/Logarithmic, Satlantic
# name 10 = turbWETntu0: Turbidity, WET Labs ECO [NTU]
# name 11 = prdM: Pressure, Strain Gauge [db]
# name 12 = prdE: Pressure, Strain Gauge [psi]
# name 13 = tv290C: Temperature [ITS-90, deg C]
# name 14 = flag:  0.000e+00
# span 0 =     -0.616,     10.393       
# span 1 =     -0.085,      0.199       
# span 2 =     0.1378,    10.4204       
# span 3 =      1.138,    106.554       
# span 4 =      1.888,     56.408       
# span 5 =   1.932725,  36.189300       
# span 6 =    -0.2274,     3.3714       
# span 7 =      5.556,      7.647       
# span 8 =  -524.0115,  1020.2352       
# span 9 = 1.2533e-01, 2.3316e+03       
# span 10 =    -0.6691,    15.9711      
# span 11 =     -0.606,     10.193      
# span 12 =     -0.879,     14.784      
# span 13 =     7.0702,    26.3852      
# span 14 = 0.0000e+00, 0.0000e+00      
# interval = seconds: 0.25
# start_time = May 11 2018 14:52:51 [Instrument's time stamp, header]
# bad_flag = -9.990e-29
*END*
[from data line 772]
      4.129      0.062     8.3488     77.929     29.177  21.742469     2.7422      7.311   342.6732 2.9771e+01     2.7181      4.049      5.871    12.3468 0.0000e+00
      4.147      0.065     8.3139     77.556     29.194  21.740204     2.7713      7.306   342.6844 2.9376e+01     2.6829      4.068      5.899    12.3224 0.0000e+00
      4.165      0.067     8.2835     77.222     29.214  21.738260     2.8036      7.300   342.7225 2.8993e+01     2.6794      4.084      5.925    12.3015 0.0000e+00
      4.183      0.069     8.2578     76.932     29.211  21.718947     2.8108      7.294   342.8758 2.8532e+01     2.7054      4.101      5.949    12.2810 0.0000e+00
      4.200      0.069     8.2327     76.646     29.206  21.697114     2.8125      7.287   343.2477 2.8117e+01     2.7232      4.120      5.975    12.2582 0.0000e+00
      4.217      0.069     8.2070     76.352     29.187  21.664703     2.8150      7.280   343.5197 2.7771e+01     2.7104      4.135      5.997    12.2315 0.0000e+00
      4.234      0.069     8.1823     76.062     29.187  21.644446     2.8139      7.275   343.5836 2.7327e+01     2.7039      4.151      6.020    12.2021 0.0000e+00
      4.252      0.069     8.1568     75.757     29.215  21.642601     2.8079      7.269   343.7626 2.6860e+01     2.6755      4.170      6.046    12.1726 0.0000e+00
      4.271      0.069     8.1288     75.424     29.249  21.642374     2.7800      7.262   343.9625 2.6400e+01     2.6409      4.188      6.074    12.1430 0.0000e+00
      4.290      0.069     8.0975     75.061     29.281  21.641676     2.7427      7.256   344.0215 2.5997e+01     2.6523      4.207      6.101    12.1119 0.0000e+00
      4.307      0.069     8.0609     74.655     29.303  21.634132     2.7333      7.250   344.1320 2.5658e+01     2.6908      4.224      6.127    12.0772 0.0000e+00
      4.322      0.070     8.0223     74.231     29.308  21.614618     2.7490      7.241   344.3530 2.5279e+01     2.7107      4.239      6.147    12.0383 0.0000e+00
      4.338      0.072     7.9888     73.851     29.316  21.596153     2.8043      7.231   344.5423 2.4879e+01     2.6787      4.254      6.170    11.9945 0.0000e+00
      4.357      0.074     7.9611     73.521     29.358  21.601288     2.8873      7.222   344.6138 2.4469e+01     2.6393      4.272      6.196    11.9508 0.0000e+00
      4.377      0.074     7.9351     73.206     29.409  21.613188     2.9255      7.216   344.6153 2.3992e+01     2.6619      4.290      6.224    11.9127 0.0000e+00
      4.401      0.073     7.9058     72.867     29.442  21.613047     2.9352      7.213   344.6459 2.3569e+01     2.6779      4.316      6.260    11.8739 0.0000e+00
      4.422      0.071     7.8739     72.512     29.452  21.599560     2.9398      7.209   344.7256 2.3293e+01     2.6492      4.339      6.294    11.8321 0.0000e+00
      4.437      0.068     7.8413     72.161     29.447  21.577051     2.9446      7.204   344.8055 2.3062e+01     2.7110      4.352      6.313    11.7877 0.0000e+00
      4.451      0.065     7.8048     71.777     29.495  21.594797     2.9745      7.198   344.8372 2.2775e+01     2.8459      4.365      6.331    11.7416 0.0000e+00
      4.466      0.061     7.7627     71.340     29.558  21.623663     2.9897      7.192   344.8505 2.2431e+01     2.9064      4.380      6.352    11.6992 0.0000e+00
      4.481      0.059     7.7162     70.863     29.563  21.608640     2.9905      7.187   344.8798 2.2095e+01     2.9240      4.395      6.374    11.6633 0.0000e+00
      4.497      0.058     7.6663     70.356     29.581  21.603586     3.0755      7.182   344.9342 2.1751e+01     2.8760      4.410      6.397    11.6336 0.0000e+00
      4.514      0.055     7.6162     69.850     29.635  21.626013     3.2363      7.178   345.0773 2.1459e+01     2.7527      4.427      6.421    11.6054 0.0000e+00
      4.529      0.053     7.5701     69.385     29.656  21.625865     3.3266      7.173   345.3196 2.1281e+01     2.6846      4.442      6.443    11.5752 0.0000e+00
      4.541      0.052     7.5271     68.952     29.643  21.601771     3.3214      7.168   345.6272 2.1109e+01     2.6629      4.454      6.460    11.5438 0.0000e+00
      4.551      0.053     7.4874     68.552     29.644  21.588608     3.2569      7.162   345.8710 2.0942e+01     2.7341      4.463      6.473    11.5127 0.0000e+00
      4.561      0.055     7.4513     68.188     29.669  21.593656     3.1625      7.156   346.0304 2.0771e+01     2.8736      4.471      6.486    11.4844 0.0000e+00
      4.575      0.059     7.4172     67.841     29.694  21.599316     3.1168      7.149   346.1782 2.0484e+01     2.9162      4.485      6.505    11.4583 0.0000e+00
      4.592      0.061     7.3859     67.516     29.707  21.593547     3.1178      7.142   346.2817 2.0158e+01     2.9134      4.504      6.532    11.4328 0.0000e+00
      4.612      0.061     7.3569     67.206     29.722  21.587357     3.1016      7.137   346.3348 1.9847e+01     2.9318      4.523      6.560    11.4101 0.0000e+00
      4.631      0.059     7.3295     66.909     29.747  21.587946     3.0585      7.132   346.3038 1.9528e+01     2.9248      4.542      6.588    11.3899 0.0000e+00
      4.647      0.056     7.3031     66.626     29.786  21.600644     3.0379      7.128   346.3367 1.9304e+01     2.9195      4.559      6.611    11.3683 0.0000e+00
      4.659      0.053     7.2777     66.359     29.824  21.613910     3.0458      7.124   346.5610 1.9176e+01     2.9296      4.570      6.628    11.3434 0.0000e+00
      4.668      0.052     7.2533     66.101     29.854  21.621360     3.0800      7.119   346.7791 1.9001e+01     2.8946      4.578      6.638    11.3137 0.0000e+00
      4.678      0.054     7.2289     65.836     29.885  21.627238     3.1484      7.111   346.9087 1.8786e+01     2.8619      4.585      6.650    11.2819 0.0000e+00
      4.692      0.058     7.2057     65.576     29.904  21.621479     3.1924      7.105   347.0952 1.8565e+01     2.9008      4.600      6.672    11.2548 0.0000e+00
      4.708      0.065     7.1851     65.334     29.925  21.615188     3.1994      7.098   347.3990 1.8289e+01     2.9368      4.618      6.697    11.2337 0.0000e+00
      4.726      0.071     7.1697     65.134     29.957  21.614629     3.1964      7.089   347.7435 1.7995e+01     2.9012      4.634      6.721    11.2115 0.0000e+00
      4.746      0.076     7.1542     64.935     29.990  21.614689     3.1467      7.080   347.9902 1.7685e+01     2.8669      4.654      6.750    11.1826 0.0000e+00
      4.767      0.078     7.1335     64.690     30.023  21.615894     3.0581      7.073   348.0584 1.7340e+01     2.8881      4.674      6.780    11.1498 0.0000e+00
      4.789      0.078     7.1111     64.435     30.071  21.629174     3.0069      7.066   348.0527 1.7030e+01     2.9146      4.697      6.812    11.1136 0.0000e+00
      4.810      0.077     7.0877     64.174     30.125  21.648272     2.9956      7.059   348.0927 1.6777e+01     2.9122      4.718      6.843    11.0734 0.0000e+00
      4.829      0.076     7.0621     63.890     30.165  21.656345     2.9774      7.052   348.2846 1.6510e+01     2.8890      4.735      6.868    11.0332 0.0000e+00
      4.847      0.074     7.0337     63.579     30.206  21.663282     2.9521      7.046   348.5661 1.6227e+01     2.8780      4.754      6.894    10.9950 0.0000e+00
      4.866      0.074     7.0037     63.254     30.245  21.668646     2.9377      7.040   348.8289 1.5983e+01     2.9019      4.773      6.922    10.9601 0.0000e+00
      4.883      0.075     6.9767     62.955     30.260  21.657691     2.9413      7.032   349.0525 1.5763e+01     2.9337      4.789      6.944    10.9291 0.0000e+00
      4.901      0.076     6.9535     62.689     30.294  21.657767     3.0504      7.024   349.0330 1.5498e+01     2.9885      4.804      6.968    10.8950 0.0000e+00
      4.922      0.076     6.9315     62.433     30.344  21.669535     3.2551      7.017   348.9375 1.5198e+01     3.0759      4.826      7.000    10.8556 0.0000e+00
      4.942      0.076     6.9085     62.169     30.382  21.672991     3.3676      7.011   349.0160 1.4928e+01     3.1045      4.847      7.030    10.8197 0.0000e+00
      4.963      0.076     6.8836     61.887     30.454  21.699531     3.3714      7.005   349.1215 1.4679e+01     3.0898      4.867      7.059    10.7843 0.0000e+00
      4.983      0.076     6.8562     61.582     30.540  21.736477     3.2736      6.998   349.2673 1.4455e+01     3.1128      4.887      7.089    10.7437 0.0000e+00
      5.001      0.076     6.8265     61.256     30.579  21.738789     3.0866      6.991   349.4875 1.4238e+01     3.1378      4.905      7.113    10.7037 0.0000e+00
      5.017      0.077     6.7935     60.900     30.600  21.727459     2.9846      6.985   349.7193 1.3989e+01     3.1184      4.919      7.134    10.6653 0.0000e+00
      5.037      0.079     6.7574     60.514     30.637  21.726428     2.9773      6.980   349.9190 1.3706e+01     3.0914      4.938      7.162    10.6245 0.0000e+00
      5.059      0.079     6.7206     60.122     30.674  21.726283     2.9348      6.975   350.0090 1.3431e+01     3.0863      4.962      7.196    10.5835 0.0000e+00
      5.081      0.078     6.6819     59.720     30.708  21.725685     2.8468      6.970   350.0335 1.3203e+01     3.0869      4.982      7.226    10.5434 0.0000e+00
      5.102      0.075     6.6400     59.301     30.727  21.719173     2.7962      6.965   350.0425 1.2965e+01     3.0985      5.003      7.256    10.5013 0.0000e+00
      5.122      0.071     6.5954     58.865     30.739  21.711001     2.7919      6.961   349.9463 1.2740e+01     3.1050      5.024      7.287    10.4560 0.0000e+00
      5.139      0.067     6.5458     58.378     30.738  21.690341     2.7947      6.957   349.8172 1.2587e+01     3.1035      5.040      7.310    10.4105 0.0000e+00
      5.153      0.063     6.4910     57.840     30.727  21.659801     2.7935      6.954   349.7717 1.2432e+01     3.1120      5.053      7.328    10.3683 0.0000e+00
      5.167      0.061     6.4321     57.268     30.757  21.659118     2.7867      6.950   349.8270 1.2251e+01     3.1154      5.067      7.349    10.3378 0.0000e+00
      5.182      0.059     6.3701     56.671     30.818  21.682065     2.7857      6.945   350.0546 1.2085e+01     3.1149      5.082      7.371    10.3150 0.0000e+00
      5.197      0.058     6.3105     56.101     30.847  21.683302     2.7895      6.941   350.2869 1.1895e+01     3.1357      5.096      7.392    10.2818 0.0000e+00
      5.213      0.057     6.2583     55.599     30.859  21.674049     2.8051      6.937   350.3130 1.1696e+01     3.1536      5.113      7.415    10.2429 0.0000e+00
      5.228      0.055     6.2143     55.172     30.916  21.697144     2.8280      6.934   350.2843 1.1541e+01     3.1173      5.128      7.437    10.2073 0.0000e+00
      5.242      0.051     6.1795     54.828     30.956  21.708593     2.8365      6.931   350.2838 1.1397e+01     3.0935      5.141      7.456    10.1744 0.0000e+00
      5.256      0.045     6.1559     54.587     30.945  21.685502     2.8438      6.927   350.2211 1.1262e+01     3.1404      5.155      7.475    10.1441 0.0000e+00
      5.267      0.040     6.1418     54.436     30.943  21.671853     2.8240      6.923   350.1284 1.1155e+01     3.1663      5.167      7.494    10.1157 0.0000e+00
      5.276      0.034     6.1323     54.331     30.955  21.670519     2.7627      6.920   350.0233 1.1070e+01     3.1311      5.176      7.507    10.0882 0.0000e+00
      5.282      0.026     6.1254     54.255     30.964  21.669362     2.7276      6.916   349.9827 1.1011e+01     3.1113      5.180      7.514    10.0604 0.0000e+00
      5.288      0.018     6.1172     54.180     30.949  21.657863     2.7297      6.912   350.1533 1.0956e+01     3.1416      5.185      7.521    10.0341 0.0000e+00
      5.294      0.011     6.1072     54.100     30.944  21.658443     2.7151      6.909   350.3663 1.0906e+01     3.1612      5.193      7.532    10.0148 0.0000e+00
      5.297      0.005     6.0984     54.033     30.963  21.676376     2.6706      6.907   350.4064 1.0919e+01     3.1349      5.198      7.538     9.9999 0.0000e+00
      5.295      0.001     6.0877     53.947     30.968  21.684246     2.6422      6.904   350.3799 1.0975e+01     3.1279      5.193      7.533     9.9854 0.0000e+00
      5.291     -0.001     6.0742     53.838     30.969  21.690121     2.6563      6.902   350.3901 1.1011e+01     3.1386      5.188      7.524     9.9829 0.0000e+00
      5.289     -0.001     6.0600     53.728     30.950  21.683939     2.7036      6.899   350.4433 1.1017e+01     3.1119      5.186      7.522     9.9932 0.0000e+00
      5.290      0.001     6.0463     53.627     30.919  21.672988     2.7639      6.896   350.5934 1.0988e+01     3.0789      5.187      7.524    10.0024 0.0000e+00
      5.292      0.004     6.0345     53.559     30.910  21.684685     2.7971      6.893   350.7421 1.0956e+01     3.0763      5.190      7.527    10.0080 0.0000e+00
      5.294      0.007     6.0251     53.527     30.893  21.698423     2.8026      6.890   350.8651 1.0941e+01     3.1104      5.192      7.530    10.0157 0.0000e+00
      5.295      0.009     6.0197     53.526     30.881  21.712156     2.8019      6.888   351.1341 1.0911e+01     3.1244      5.193      7.532    10.0283 0.0000e+00
      5.297      0.013     6.0227     53.576     30.881  21.723801     2.7793      6.885   351.4129 1.0876e+01     3.0930      5.195      7.534    10.0412 0.0000e+00
      5.300      0.021     6.0330     53.667     30.865  21.712269     2.7411      6.880   351.5690 1.0851e+01     3.0977      5.197      7.538    10.0685 0.0000e+00
      5.304      0.031     6.0450     53.771     30.849  21.699679     2.7253      6.874   351.7308 1.0821e+01     3.1505      5.200      7.543    10.1185 0.0000e+00
      5.310      0.041     6.0600     53.913     30.841  21.698534     2.7261      6.867   351.9072 1.0738e+01     3.1822      5.205      7.549    10.1612 0.0000e+00
      5.323      0.050     6.0791     54.086     30.839  21.698434     2.7053      6.860   352.1525 1.0553e+01     3.2063      5.216      7.567    10.1785 0.0000e+00
      5.343      0.059     6.0987     54.243     30.851  21.698477     2.6676      6.852   352.4602 1.0316e+01     3.2890      5.239      7.599    10.1711 0.0000e+00
      5.363      0.066     6.1168     54.377     30.871  21.699051     2.6554      6.843   352.6157 1.0125e+01     3.3590      5.261      7.630    10.1629 0.0000e+00
      5.379      0.070     6.1337     54.485     30.908  21.705360     2.6685      6.834   352.6558 9.9846e+00     3.3505      5.275      7.651    10.1765 0.0000e+00
      5.394      0.070     6.1527     54.565     30.978  21.711251     2.7066      6.828   352.6870 9.8131e+00     3.3378      5.288      7.669    10.1876 0.0000e+00
      5.414      0.067     6.1711     54.595     31.063  21.706746     2.7665      6.823   352.7346 9.5987e+00     3.3276      5.308      7.699    10.1659 0.0000e+00
      5.435      0.065     6.1797     54.535     31.168  21.714309     2.7953      6.820   352.8876 9.4254e+00     3.3190      5.332      7.734    10.1409 0.0000e+00
      5.451      0.066     6.1774     54.403     31.282  21.739145     2.7878      6.816   353.0741 9.3056e+00     3.3563      5.347      7.756    10.1288 0.0000e+00
      5.463      0.069     6.1685     54.242     31.359  21.753051     2.7313      6.811   353.1826 9.1784e+00     3.4125      5.356      7.770    10.0585 0.0000e+00
      5.476      0.074     6.1521     54.042     31.402  21.755443     2.6357      6.805   353.2537 9.0039e+00     3.4792      5.369      7.788     9.9346 0.0000e+00
      5.494      0.081     6.1255     53.747     31.463  21.768047     2.5876      6.798   353.4180 8.7728e+00     3.5217      5.387      7.813     9.8263 0.0000e+00
