Data/DataNotYetUploadedToEDI/Raw_CTD/RawDownloads/051418_fcr20.cnv
* Sea-Bird SBE19plus  Data File:
* FileName = C:\DATA\051418_fcr_0003.hex
* Software version 2.6.3.104 SB_Terminal.dll
* Temperature SN = 7809
* Conductivity SN = 7809
* System UpLoad Time = May 14 2018 15:31:21
* <ApplicationData>
* <Seaterm232>
# nquan = 15
# nvalues = 683                         
# units = specified
# name 0 = depFM: Depth [fresh water, m]
# name 1 = dz/dtM: Descent Rate [m/s]
# name 2 = sbeox0Mg/L: Oxygen, SBE 43 [mg/l]
# name 3 = sbeox0PS: Oxygen, SBE 43 [% saturation]
# name 4 = specc: Specific Conductance [uS/cm]
# name 5 = c0uS/cm: Conductivity [uS/cm]
# name 6 = flECO-AFL: Fluorescence, WET Labs ECO-AFL/FL [mg/m^3]
# name 7 = ph: pH
# name 8 = orp: Oxidation Reduction Potential [mV]
# name 9 = par/sat/log: PAR/Logarithmic, Satlantic
# name 10 = turbWETntu0: Turbidity, WET Labs ECO [NTU]
# name 11 = prdM: Pressure, Strain Gauge [db]
# name 12 = prdE: Pressure, Strain Gauge [psi]
# name 13 = tv290C: Temperature [ITS-90, deg C]
# name 14 = flag:  0.000e+00
# span 0 =     -0.122,      3.512       
# span 1 =     -0.166,      0.143       
# span 2 =     3.4117,    13.3591       
# span 3 =     32.344,    139.206       
# span 4 =     32.936,     42.213       
# span 5 =  27.443331,  35.978400       
# span 6 =     0.5467,     1.9547       
# span 7 =      6.977,      8.450       
# span 8 =   240.4354,   325.5987       
# span 9 = 7.5441e+01, 2.7968e+03       
# span 10 =    -0.0434,     8.0141      
# span 11 =     -0.124,      3.445      
# span 12 =     -0.182,      4.996      
# span 13 =    12.9280,    24.4502      
# span 14 = 0.0000e+00, 0.0000e+00      
# interval = seconds: 0.25
# start_time = May 14 2018 16:13:38 [Instrument's time stamp, header]
# bad_flag = -9.990e-29
*END*
[from data line 290]
     -0.042      0.000     7.8908     92.853     35.695  34.619387     0.6785      7.354   300.2654 2.2716e+03     0.4210     -0.041     -0.060    23.5020 0.0000e+00
     -0.042     -0.001     7.8981     92.918     35.696  34.612464     0.6785      7.353   300.4683 2.3232e+03     0.4205     -0.042     -0.061    23.5073 0.0000e+00
     -0.042     -0.001     7.9003     92.928     35.696  34.606122     0.6802      7.351   300.6503 2.3527e+03     0.3620     -0.041     -0.060    23.5089 0.0000e+00
     -0.042     -0.001     7.8971     92.883     35.700  34.606208     0.6985      7.348   300.7462 2.4110e+03     0.3538     -0.041     -0.060    23.5025 0.0000e+00
     -0.042     -0.001     7.8858     92.748     35.708  34.613495     0.7156      7.345   300.7670 2.4558e+03     0.4134     -0.040     -0.059    23.4881 0.0000e+00
     -0.043     -0.001     7.8664     92.522     35.725  34.630718     0.7223      7.342   300.8163 2.4697e+03     0.4416     -0.041     -0.060    23.4740 0.0000e+00
     -0.043     -0.001     7.8411     92.223     35.719  34.623893     0.7522      7.341   300.8260 2.4753e+03     0.4206     -0.042     -0.061    23.4653 0.0000e+00
     -0.043     -0.001     7.8099     91.852     35.690  34.594492     0.8104      7.343   300.7985 2.4776e+03     0.4036     -0.043     -0.062    23.4609 0.0000e+00
     -0.043      0.000     7.7708     91.389     35.690  34.592817     0.8471      7.346   300.9132 2.4816e+03     0.4188     -0.042     -0.061    23.4604 0.0000e+00
     -0.043      0.000     7.7262     90.865     35.700  34.603647     0.8465      7.348   301.0943 2.4881e+03     0.4514     -0.042     -0.061    23.4629 0.0000e+00
     -0.043      0.001     7.6865     90.401     35.693  34.598392     0.8216      7.348   301.1814 2.4897e+03     0.4924     -0.042     -0.061    23.4624 0.0000e+00
     -0.043      0.001     7.6571     90.059     35.686  34.592806     0.7850      7.349   301.1923 2.4664e+03     0.5183     -0.042     -0.061    23.4589 0.0000e+00
     -0.042      0.001     7.6385     89.840     35.694  34.599630     0.7705      7.350   301.2257 2.3728e+03     0.5507     -0.041     -0.060    23.4563 0.0000e+00
     -0.042      0.000     7.6363     89.812     35.713  34.617379     0.7756      7.350   301.3269 2.1939e+03     0.6090     -0.041     -0.060    23.4575 0.0000e+00
     -0.042     -0.000     7.6510     89.983     35.713  34.616849     0.7730      7.350   301.4698 2.0566e+03     0.6131     -0.041     -0.060    23.4608 0.0000e+00
     -0.042     -0.000     7.6746     90.261     35.689  34.593221     0.7488      7.349   301.5773 2.1071e+03     0.5393     -0.041     -0.060    23.4623 0.0000e+00
     -0.042     -0.001     7.7031     90.600     35.680  34.585771     0.7127      7.348   301.6800 2.2784e+03     0.4486     -0.041     -0.060    23.4618 0.0000e+00
     -0.042     -0.001     7.7364     90.998     35.681  34.590296     0.7039      7.347   301.8506 2.4179e+03     0.4013     -0.041     -0.060    23.4603 0.0000e+00
     -0.043     -0.002     7.7634     91.325     35.671  34.584408     0.7158      7.347   302.0061 2.4794e+03     0.3948     -0.042     -0.061    23.4593 0.0000e+00
     -0.044     -0.002     7.7739     91.457     35.661  34.578103     0.7194      7.348   302.0973 2.4944e+03     0.4008     -0.043     -0.062    23.4592 0.0000e+00
     -0.044     -0.002     7.7756     91.483     35.658  34.577590     0.7193      7.348   302.1791 2.4972e+03     0.4134     -0.043     -0.063    23.4608 0.0000e+00
     -0.045     -0.001     7.7764     91.494     35.658  34.578216     0.7233      7.348   302.3065 2.4987e+03     0.4249     -0.044     -0.064    23.4649 0.0000e+00
     -0.045     -0.001     7.7766     91.497     35.666  34.585666     0.7223      7.348   302.4330 2.5012e+03     0.4173     -0.044     -0.063    23.4703 0.0000e+00
     -0.045      0.000     7.7741     91.468     35.684  34.604152     0.7069      7.348   302.5042 2.5017e+03     0.3818     -0.044     -0.064    23.4763 0.0000e+00
     -0.045      0.000     7.7627     91.338     35.689  34.611176     0.6839      7.347   302.5653 2.4956e+03     0.3631     -0.044     -0.063    23.4801 0.0000e+00
     -0.044      0.001     7.7397     91.071     35.684  34.607077     0.6655      7.347   302.6549 2.4795e+03     0.3743     -0.043     -0.063    23.4805 0.0000e+00
     -0.044      0.001     7.7128     90.756     35.695  34.618116     0.6595      7.347   302.8144 2.4592e+03     0.3950     -0.043     -0.063    23.4795 0.0000e+00
     -0.044      0.001     7.6902     90.488     35.695  34.617596     0.6665      7.346   303.0309 2.4467e+03     0.3995     -0.043     -0.062    23.4806 0.0000e+00
     -0.043      0.001     7.6677     90.222     35.678  34.600794     0.6761      7.346   303.2071 2.4488e+03     0.3680     -0.042     -0.062    23.4841 0.0000e+00
     -0.043      0.001     7.6417     89.913     35.684  34.605518     0.6749      7.346   303.3101 2.4638e+03     0.3502     -0.042     -0.062    23.4862 0.0000e+00
     -0.043      0.001     7.6177     89.630     35.690  34.611202     0.6697      7.345   303.3301 2.4701e+03     0.3670     -0.042     -0.061    23.4861 0.0000e+00
     -0.043      0.000     7.6037     89.465     35.685  34.605996     0.6773      7.344   303.3626 2.4616e+03     0.3890     -0.042     -0.061    23.4858 0.0000e+00
     -0.043      0.000     7.6001     89.424     35.685  34.606091     0.6851      7.344   303.4451 2.4604e+03     0.3712     -0.041     -0.060    23.4846 0.0000e+00
     -0.043      0.000     7.6011     89.438     35.690  34.612347     0.6806      7.345   303.5535 2.4609e+03     0.3349     -0.042     -0.061    23.4827 0.0000e+00
     -0.043     -0.001     7.6037     89.472     35.694  34.618117     0.6776      7.345   303.8128 2.4483e+03     0.3155     -0.042     -0.061    23.4818 0.0000e+00
     -0.044     -0.001     7.6044     89.485     35.687  34.612342     0.6763      7.345   304.0846 2.4493e+03     0.3206     -0.043     -0.062    23.4816 0.0000e+00
     -0.044      0.000     7.5971     89.402     35.679  34.606048     0.6744      7.345   304.1730 2.4717e+03     0.3666     -0.043     -0.062    23.4825 0.0000e+00
     -0.043 -1.850e-08     7.5832     89.241     35.678  34.605536     0.6733      7.344   304.1931 2.4874e+03     0.3822     -0.042     -0.062    23.4848 0.0000e+00
     -0.043 -2.035e-07     7.5727     89.115     35.679  34.606152     0.6626      7.343   304.2417 2.4910e+03     0.3874     -0.042     -0.062    23.4868 0.0000e+00
     -0.043 -2.066e-07     7.5729     89.115     35.688  34.613497     0.6551      7.343   304.2438 2.4918e+03     0.3993     -0.042     -0.062    23.4887 0.0000e+00
     -0.043 -5.607e-08     7.5850     89.256     35.706  34.630819     0.6747      7.343   304.2179 2.4931e+03     0.3736     -0.042     -0.061    23.4915 0.0000e+00
     -0.043 -4.152e-07     7.6040     89.478     35.701  34.625037     0.6985      7.344   304.3592 2.4934e+03     0.3818     -0.042     -0.061    23.4927 0.0000e+00
     -0.043     -0.000     7.6198     89.663     35.683  34.607097     0.7038      7.344   304.4904 2.4869e+03     0.4063     -0.042     -0.061    23.4911 0.0000e+00
     -0.043     -0.000     7.6257     89.729     35.681  34.604477     0.7107      7.344   304.4273 2.4596e+03     0.3963     -0.042     -0.061    23.4889 0.0000e+00
     -0.043     -0.001     7.6231     89.696     35.671  34.593355     0.7261      7.343   304.4561 2.4051e+03     0.3824     -0.042     -0.061    23.4880 0.0000e+00
     -0.043     -0.001     7.6171     89.622     35.679  34.599651     0.7339      7.343   304.4948 2.3647e+03     0.3608     -0.041     -0.060    23.4880 0.0000e+00
     -0.043     -0.002     7.6132     89.575     35.698  34.617078     0.7319      7.343   304.3787 2.3694e+03     0.3478     -0.041     -0.060    23.4873 0.0000e+00
     -0.044     -0.003     7.6166     89.615     35.694  34.613506     0.7294      7.342   304.2575 2.3429e+03     0.3783     -0.043     -0.062    23.4851 0.0000e+00
     -0.045     -0.003     7.6268     89.734     35.701  34.619991     0.7217      7.341   304.1481 2.1807e+03     0.4855     -0.044     -0.064    23.4827 0.0000e+00
     -0.046     -0.003     7.6413     89.903     35.715  34.631965     0.7127      7.339   304.0891 2.0108e+03     0.6057     -0.045     -0.065    23.4817 0.0000e+00
     -0.047     -0.002     7.6597     90.118     35.715  34.631236     0.7126      7.338   304.1455 2.0728e+03     0.6109     -0.046     -0.067    23.4813 0.0000e+00
     -0.047     -0.001     7.6827     90.384     35.695  34.611178     0.7202      7.336   304.3130 2.1687e+03     0.5789     -0.047     -0.068    23.4808 0.0000e+00
     -0.047     -0.001     7.7077     90.676     35.664  34.580006     0.7677      7.331   304.4803 2.1911e+03     0.5858     -0.046     -0.067    23.4797 0.0000e+00
     -0.047     -0.001     7.7307     90.947     35.655  34.571924     0.8547      7.326   304.5330 2.3506e+03     0.5722     -0.046     -0.066    23.4794 0.0000e+00
     -0.047     -0.001     7.7458     91.127     35.660  34.576977     0.9090      7.324   304.5202 2.4827e+03     0.5663     -0.045     -0.065    23.4785 0.0000e+00
     -0.047     -0.001     7.7495     91.172     35.660  34.577591     0.9184      7.324   304.5840 2.4879e+03     0.6065     -0.045     -0.066    23.4757 0.0000e+00
     -0.048     -0.000     7.7450     91.118     35.662  34.579351     0.9137      7.324   304.7883 2.4830e+03     0.6306     -0.047     -0.069    23.4742 0.0000e+00
     -0.049      0.001     7.7337     90.982     35.682  34.598254     0.8704      7.323   304.9257 2.4811e+03     0.5529     -0.049     -0.071    23.4752 0.0000e+00
     -0.048      0.001     7.7154     90.764     35.702  34.615589     0.7991      7.320   304.8679 2.4363e+03     0.4298     -0.048     -0.069    23.4767 0.0000e+00
     -0.047      0.002     7.6939     90.506     35.686  34.598384     0.7678      7.318   304.7787 2.2581e+03     0.3933     -0.046     -0.067    23.4770 0.0000e+00
     -0.045      0.003     7.6739     90.268     35.669  34.580788     0.7680      7.319   304.7070 2.0321e+03     0.3868     -0.044     -0.064    23.4763 0.0000e+00
     -0.045      0.003     7.6560     90.054     35.684  34.593387     0.7469      7.321   304.6898 1.9430e+03     0.2907     -0.043     -0.063    23.4756 0.0000e+00
     -0.045      0.002     7.6381     89.841     35.717  34.623677     0.7052      7.323   304.8283 1.9405e+03     0.1461     -0.044     -0.064    23.4727 0.0000e+00
     -0.045      0.001     7.6219     89.647     35.724  34.629429     0.6779      7.325   305.0046 2.0249e+03     0.1037     -0.044     -0.064    23.4697 0.0000e+00
     -0.045      0.000     7.6112     89.520     35.693  34.599412     0.6746      7.326   305.1008 2.2598e+03     0.1743     -0.044     -0.064    23.4684 0.0000e+00
     -0.044 2.0471e-08     7.6120     89.531     35.671  34.578332     0.7016      7.325   305.1312 2.4425e+03     0.2372     -0.043     -0.063    23.4665 0.0000e+00
     -0.044 2.2518e-07     7.6255     89.691     35.657  34.565119     0.7469      7.325   305.1142 2.4865e+03     0.2832     -0.043     -0.063    23.4640 0.0000e+00
     -0.044 2.2490e-07     7.6427     89.892     35.659  34.566690     0.7724      7.325   305.1540 2.4939e+03     0.3342     -0.043     -0.063    23.4621 0.0000e+00
     -0.044 1.7089e-08     7.6597     90.091     35.691  34.597322     0.7799      7.325   305.2681 2.4977e+03     0.3660     -0.044     -0.064    23.4618 0.0000e+00
     -0.044 -3.537e-08     7.6772     90.294     35.713  34.617898     0.7643      7.326   305.3746 2.5008e+03     0.3928     -0.043     -0.063    23.4632 0.0000e+00
     -0.044 -4.093e-07     7.6870     90.408     35.721  34.624923     0.7300      7.326   305.4957 2.5056e+03     0.4138     -0.043     -0.063    23.4643 0.0000e+00
     -0.044      0.000     7.6809     90.334     35.715  34.618734     0.7154      7.326   305.7002 2.5082e+03     0.4068     -0.043     -0.063    23.4637 0.0000e+00
     -0.045      0.000     7.6638     90.133     35.703  34.606580     0.7161      7.326   305.9542 2.5067e+03     0.3996     -0.044     -0.063    23.4625 0.0000e+00
     -0.045     -0.001     7.6455     89.918     35.701  34.605011     0.7106      7.326   306.0707 2.5059e+03     0.3879     -0.044     -0.064    23.4614 0.0000e+00
     -0.045     -0.001     7.6265     89.696     35.695  34.599766     0.7129      7.326   306.1622 2.5058e+03     0.3571     -0.044     -0.064    23.4594 0.0000e+00
     -0.045     -0.001     7.6057     89.452     35.702  34.606677     0.7169      7.326   306.2860 2.5052e+03     0.3628     -0.044     -0.064    23.4585 0.0000e+00
     -0.045      0.000     7.5857     89.218     35.721  34.625049     0.7126      7.326   306.2773 2.5048e+03     0.3959     -0.044     -0.064    23.4588 0.0000e+00
     -0.045 -1.861e-08     7.5694     89.030     35.725  34.631352     0.7165      7.326   306.3155 2.5042e+03     0.3918     -0.044     -0.064    23.4594 0.0000e+00
     -0.045 -2.048e-07     7.5581     88.903     35.709  34.619367     0.7175      7.326   306.4895 2.5047e+03     0.3434     -0.045     -0.065    23.4600 0.0000e+00
     -0.045 -2.048e-07     7.5501     88.817     35.694  34.607182     0.7067      7.326   306.6602 2.5071e+03     0.3289     -0.045     -0.065    23.4597 0.0000e+00
     -0.044 -1.861e-08     7.5477     88.795     35.696  34.611062     0.6956      7.326   306.8312 2.5087e+03     0.3691     -0.043     -0.063    23.4599 0.0000e+00
     -0.044 -1.692e-09     7.5571     88.906     35.687  34.602769     0.6940      7.325   307.0074 2.5080e+03     0.3713     -0.043     -0.063    23.4626 0.0000e+00
     -0.044 -1.546e-10     7.5763     89.125     35.657  34.570434     0.6966      7.325   306.9839 2.5070e+03     0.3557     -0.043     -0.063    23.4672 0.0000e+00
     -0.045 -2.266e-11     7.5991     89.383     35.627  34.537692     0.6810      7.325   306.8923 2.5061e+03     0.3632     -0.044     -0.064    23.4718 0.0000e+00
     -0.045 -1.094e-10     7.6258     89.687     35.618  34.524469     0.6619      7.324   307.0182 2.5051e+03     0.3708     -0.045     -0.065    23.4761 0.0000e+00
     -0.045 -1.204e-09     7.6492     89.954     35.635  34.537590     0.6675      7.323   307.1292 2.5043e+03     0.3858     -0.044     -0.064    23.4770 0.0000e+00
     -0.045 -1.324e-08     7.6561     90.032     35.669  34.569290     0.6755      7.320   307.1163 2.5035e+03     0.3928     -0.045     -0.065    23.4718 0.0000e+00
     -0.045 -1.457e-07     7.6478     89.936     35.690  34.590161     0.6759      7.319   307.1201 2.5031e+03     0.3637     -0.044     -0.064    23.4655 0.0000e+00
     -0.045 2.6077e-07     7.6314     89.746     35.698  34.599389     0.6719      7.319   307.1750 2.5027e+03     0.3392     -0.044     -0.064    23.4590 0.0000e+00
     -0.045      0.000     7.6112     89.510     35.715  34.617348     0.6554      7.319   307.2631 2.5030e+03     0.3410     -0.044     -0.063    23.4534 0.0000e+00
     -0.045      0.000     7.5934     89.302     35.715  34.616743     0.6415      7.319   307.3255 2.5032e+03     0.2935     -0.044     -0.064    23.4520 0.0000e+00
     -0.045      0.001     7.5843     89.193     35.690  34.592077     0.6330      7.318   307.4135 2.4951e+03     0.1930     -0.044     -0.064    23.4537 0.0000e+00
     -0.045      0.002     7.5883     89.232     35.674  34.573183     0.6251      7.317   307.4666 2.3960e+03     0.1328     -0.044     -0.064    23.4558 0.0000e+00
     -0.045      0.002     7.6039     89.404     35.684  34.578853     0.6197      7.315   307.4510 1.8546e+03     0.1456     -0.045     -0.065    23.4565 0.0000e+00
     -0.044      0.002     7.6219     89.607     35.707  34.597098     0.6138      7.312   307.5685 1.0037e+03     0.2251     -0.043     -0.063    23.4574 0.0000e+00
