Data/DataNotYetUploadedToEDI/Raw_CTD/RawDownloads/051418_fcr49.cnv
* Sea-Bird SBE19plus  Data File:
* FileName = C:\DATA\051418_fcr_0006.hex
* Software version 2.6.3.104 SB_Terminal.dll
* Temperature SN = 7809
* Conductivity SN = 7809
* System UpLoad Time = May 14 2018 15:32:34
* <ApplicationData>
* <Seaterm232>
# nquan = 15
# nvalues = 845                         
# units = specified
# name 0 = depFM: Depth [fresh water, m]
# name 1 = dz/dtM: Descent Rate [m/s]
# name 2 = sbeox0Mg/L: Oxygen, SBE 43 [mg/l]
# name 3 = sbeox0PS: Oxygen, SBE 43 [% saturation]
# name 4 = specc: Specific Conductance [uS/cm]
# name 5 = c0uS/cm: Conductivity [uS/cm]
# name 6 = flECO-AFL: Fluorescence, WET Labs ECO-AFL/FL [mg/m^3]
# name 7 = ph: pH
# name 8 = orp: Oxidation Reduction Potential [mV]
# name 9 = par/sat/log: PAR/Logarithmic, Satlantic
# name 10 = turbWETntu0: Turbidity, WET Labs ECO [NTU]
# name 11 = prdM: Pressure, Strain Gauge [db]
# name 12 = prdE: Pressure, Strain Gauge [psi]
# name 13 = tv290C: Temperature [ITS-90, deg C]
# name 14 = flag:  0.000e+00
# span 0 =     -0.117,      9.469       
# span 1 =     -0.211,      0.143       
# span 2 =     4.9133,    10.2636       
# span 3 =     60.083,    108.969       
# span 4 =     34.192,     39.612       
# span 5 =  27.065244,  37.105651       
# span 6 =     0.2925,     3.2998       
# span 7 =      6.458,      7.520       
# span 8 =   279.4107,   354.7086       
# span 9 = 5.9941e+00, 2.5697e+03       
# span 10 =    -0.4162,     1.2584      
# span 11 =     -0.116,      9.288      
# span 12 =     -0.168,     13.471      
# span 13 =     9.3292,    25.7825      
# span 14 = 0.0000e+00, 0.0000e+00      
# interval = seconds: 0.25
# start_time = May 14 2018 17:35:25 [Instrument's time stamp, header]
# bad_flag = -9.990e-29
*END*
[from data line 97]
     -0.070      0.001     5.0898     61.796     36.893  37.021724     0.6244      7.504   291.1120 1.7937e+03     0.2065     -0.069     -0.100    25.1598 0.0000e+00
     -0.070      0.001     5.0745     61.612     36.887  37.017385     0.6226      7.505   291.5367 1.7162e+03     0.1812     -0.068     -0.099    25.1614 0.0000e+00
     -0.070      0.002     5.0607     61.447     36.895  37.026658     0.6196      7.506   291.6211 1.6804e+03     0.2408     -0.068     -0.099    25.1634 0.0000e+00
     -0.070      0.004     5.0461     61.271     36.937  37.070318     0.6147      7.506   291.5309 1.7376e+03     0.3478     -0.068     -0.099    25.1656 0.0000e+00
     -0.070      0.004     5.0347     61.135     36.967  37.100600     0.6195      7.503   291.0482 1.8706e+03     0.4066     -0.070     -0.101    25.1681 0.0000e+00
     -0.069      0.003     5.0290     61.068     36.940  37.075160     0.6310      7.495   291.1198 2.0146e+03     0.4335     -0.068     -0.100    25.1708 0.0000e+00
     -0.065      0.000     5.0315     61.103     36.878  37.016830     0.6346      7.486   291.8799 2.1161e+03     0.3678     -0.063     -0.093    25.1727 0.0000e+00
     -0.062     -0.004     5.0478     61.307     36.760  36.903555     0.6264      7.477   292.4947 2.0597e+03     0.2224     -0.058     -0.084    25.1745 0.0000e+00
     -0.064     -0.007     5.0698     61.579     36.639  36.785505     0.6146      7.467   292.7019 1.8223e+03     0.1713     -0.061     -0.089    25.1757 0.0000e+00
     -0.069     -0.007     5.0893     61.817     36.651  36.796481     0.6206      7.451   292.5786 1.5264e+03     0.2072     -0.067     -0.097    25.1771 0.0000e+00
     -0.076     -0.007     5.1082     62.042     36.766  36.909216     0.6439      7.435   292.4668 1.4293e+03     0.2292     -0.075     -0.108    25.1811 0.0000e+00
     -0.081     -0.007     5.1265     62.276     36.854  37.005110     0.6664      7.428   292.5548 1.6898e+03     0.2240     -0.083     -0.122    25.1887 0.0000e+00
     -0.077     -0.007     5.1457     62.562     36.818  37.003047     0.6727      7.428   292.7830 2.0378e+03     0.2053     -0.077     -0.112    25.1948 0.0000e+00
     -0.072     -0.008     5.1727     62.966     36.715  36.947850     0.6641      7.432   293.0742 2.1119e+03     0.1855     -0.068     -0.098    25.1956 0.0000e+00
     -0.073     -0.011     5.2067     63.435     36.642  36.909547     0.6636      7.438   293.2365 1.8416e+03     0.1985     -0.070     -0.101    25.1867 0.0000e+00
     -0.080     -0.016     5.2394     63.859     36.575  36.857612     0.6388      7.445   293.1973 1.4043e+03     0.2707     -0.078     -0.113    25.1805 0.0000e+00
     -0.087     -0.020     5.2674     64.202     36.545  36.828132     0.5762      7.453   292.7718 1.0901e+03     0.3577     -0.085     -0.124    25.2351 0.0000e+00
     -0.095     -0.020     5.2922     64.491     36.595  36.870736     0.5407      7.459   292.3944 1.1932e+03     0.3952     -0.092     -0.134    25.3224 0.0000e+00
     -0.103     -0.017     5.3159     64.775     36.655  36.928036     0.5406      7.463   292.6773 1.7318e+03     0.3879     -0.103     -0.149    25.3677 0.0000e+00
     -0.108     -0.013     5.3367     65.061     36.656  36.949209     0.5471      7.464   293.0083 2.2545e+03     0.3308     -0.109     -0.158    25.3884 0.0000e+00
     -0.106     -0.009     5.3536     65.341     36.598  36.936183     0.5549      7.463   293.0414 2.4536e+03     0.2235     -0.105     -0.152    25.3864 0.0000e+00
     -0.104     -0.005     5.3724     65.638     36.520  36.897665     0.5524      7.462   293.0777 2.3979e+03     0.1595     -0.100     -0.145    25.3697 0.0000e+00
     -0.106     -0.003     5.4017     66.025     36.470  36.864710     0.5436      7.464   292.7592 2.0797e+03     0.1974     -0.104     -0.150    25.3535 0.0000e+00
     -0.110     -0.002     5.4444     66.553     36.457  36.855377     0.5321      7.468   292.2024 1.5376e+03     0.2539     -0.109     -0.157    25.3740 0.0000e+00
     -0.111     -0.002     5.4948     67.169     36.450  36.848348     0.5144      7.469   292.1095 1.0275e+03     0.2322     -0.109     -0.158    25.4615 0.0000e+00
     -0.110     -0.001     5.5512     67.853     36.448  36.843246     0.5040      7.470   292.4101 7.6928e+02     0.1793     -0.108     -0.156    25.5272 0.0000e+00
     -0.109      0.000     5.6152     68.624     36.468  36.857220     0.4985      7.470   292.8258 8.5011e+02     0.1643     -0.107     -0.155    25.5394 0.0000e+00
     -0.109      0.002     5.6820     69.427     36.508  36.890242     0.5035      7.470   292.4891 1.2753e+03     0.1728     -0.107     -0.155    25.5412 0.0000e+00
     -0.109      0.002     5.7432     70.165     36.548  36.924879     0.5266      7.472   291.4368 1.8585e+03     0.1904     -0.107     -0.154    25.5414 0.0000e+00
     -0.108      0.001     5.7883     70.716     36.582  36.958373     0.5490      7.475   291.1158 2.2875e+03     0.1934     -0.106     -0.153    25.5374 0.0000e+00
     -0.107      0.001     5.8103     70.993     36.597  36.977582     0.5630      7.476   291.3603 2.4533e+03     0.1793     -0.105     -0.153    25.5279 0.0000e+00
     -0.107      0.001     5.8095     70.992     36.581  36.966562     0.5668      7.477   291.6401 2.4405e+03     0.2338     -0.104     -0.151    25.5160 0.0000e+00
     -0.107      0.001     5.7890     70.748     36.563  36.952193     0.5588      7.477   292.0039 2.3020e+03     0.3632     -0.105     -0.152    25.5073 0.0000e+00
     -0.107      0.001     5.7515     70.288     36.543  36.930905     0.5478      7.476   291.8875 2.0829e+03     0.4315     -0.105     -0.153    25.5066 0.0000e+00
     -0.107      0.000     5.7013     69.667     36.516  36.899743     0.5445      7.474   291.3505 1.9040e+03     0.4194     -0.105     -0.153    25.5133 0.0000e+00
     -0.106 4.2828e-07     5.6484     69.010     36.515  36.893038     0.5462      7.474   291.1035 1.8546e+03     0.3995     -0.104     -0.151    25.5230 0.0000e+00
     -0.106      0.000     5.5997     68.405     36.541  36.913356     0.5500      7.473   291.2241 1.9037e+03     0.3744     -0.104     -0.151    25.5285 0.0000e+00
     -0.107      0.000     5.5563     67.867     36.586  36.954812     0.5535      7.471   291.5182 1.9901e+03     0.3295     -0.105     -0.152    25.5273 0.0000e+00
     -0.107      0.001     5.5178     67.393     36.646  37.013118     0.5530      7.470   291.9070 2.1012e+03     0.2831     -0.106     -0.153    25.5205 0.0000e+00
     -0.107      0.001     5.4828     66.968     36.678  37.046598     0.5520      7.468   292.1394 2.2442e+03     0.2406     -0.105     -0.153    25.5116 0.0000e+00
     -0.106      0.001     5.4493     66.567     36.669  37.041986     0.5505      7.468   292.0902 2.3791e+03     0.1821     -0.104     -0.151    25.5026 0.0000e+00
     -0.105      0.001     5.4176     66.190     36.642  37.020895     0.5544      7.469   291.9146 2.4583e+03     0.1564     -0.103     -0.150    25.4956 0.0000e+00
     -0.105      0.001     5.3869     65.823     36.598  36.982165     0.5618      7.470   291.7371 2.4862e+03     0.2042     -0.102     -0.148    25.4931 0.0000e+00
     -0.105      0.000     5.3570     65.461     36.570  36.954874     0.5572      7.470   291.7517 2.4807e+03     0.2414     -0.102     -0.149    25.4946 0.0000e+00
     -0.106 4.2794e-07     5.3314     65.144     36.562  36.945030     0.5451      7.470   292.2622 2.4544e+03     0.2708     -0.104     -0.151    25.5009 0.0000e+00
     -0.106      0.000     5.3088     64.864     36.546  36.926664     0.5346      7.470   292.9199 2.4211e+03     0.3454     -0.104     -0.152    25.5121 0.0000e+00
     -0.105      0.000     5.2863     64.589     36.544  36.923394     0.5315      7.469   293.0786 2.4094e+03     0.4109     -0.104     -0.150    25.5213 0.0000e+00
     -0.104      0.001     5.2664     64.346     36.589  36.969004     0.5442      7.467   292.9768 2.4315e+03     0.4526     -0.102     -0.148    25.5220 0.0000e+00
     -0.104      0.001     5.2495     64.141     36.652  37.033455     0.5692      7.467   292.8073 2.4408e+03     0.4226     -0.102     -0.148    25.5171 0.0000e+00
     -0.104      0.001     5.2320     63.931     36.683  37.067412     0.5940      7.466   293.0946 2.4009e+03     0.2926     -0.102     -0.148    25.5132 0.0000e+00
     -0.104      0.000     5.2133     63.708     36.674  37.061945     0.6055      7.465   294.0416 2.3384e+03     0.2236     -0.102     -0.149    25.5123 0.0000e+00
     -0.104     -0.001     5.1953     63.495     36.640  37.030885     0.6168      7.464   294.4476 2.3242e+03     0.2593     -0.102     -0.148    25.5124 0.0000e+00
     -0.104     -0.002     5.1793     63.300     36.618  37.009513     0.6297      7.464   294.2183 2.3847e+03     0.2662     -0.101     -0.147    25.5137 0.0000e+00
     -0.105     -0.002     5.1643     63.116     36.603  36.994103     0.6235      7.465   293.8503 2.4571e+03     0.2465     -0.103     -0.150    25.5176 0.0000e+00
     -0.107     -0.002     5.1498     62.936     36.582  36.971618     0.6148      7.465   293.5259 2.4980e+03     0.2340     -0.104     -0.152    25.5240 0.0000e+00
     -0.107     -0.002     5.1352     62.755     36.603  36.991753     0.6170      7.464   293.9096 2.5075e+03     0.2073     -0.105     -0.152    25.5293 0.0000e+00
     -0.108     -0.001     5.1198     62.567     36.658  37.046973     0.6045      7.462   294.7042 2.4808e+03     0.1977     -0.106     -0.154    25.5306 0.0000e+00
     -0.108      0.000     5.1059     62.400     36.677  37.067544     0.5729      7.462   295.0457 2.3962e+03     0.2102     -0.106     -0.154    25.5285 0.0000e+00
     -0.107      0.000     5.0953     62.274     36.657  37.049898     0.5469      7.462   294.9410 2.2291e+03     0.2060     -0.105     -0.152    25.5260 0.0000e+00
     -0.107      0.001     5.0863     62.167     36.630  37.024194     0.5385      7.463   294.7285 2.0243e+03     0.2070     -0.104     -0.151    25.5238 0.0000e+00
     -0.107      0.001     5.0773     62.057     36.617  37.010876     0.5457      7.463   294.7136 1.8976e+03     0.2230     -0.104     -0.151    25.5227 0.0000e+00
     -0.107      0.001     5.0668     61.927     36.623  37.015925     0.5507      7.462   294.9331 1.9205e+03     0.2163     -0.105     -0.152    25.5253 0.0000e+00
     -0.107      0.001     5.0558     61.790     36.630  37.021715     0.5439      7.460   295.2319 2.0533e+03     0.1866     -0.105     -0.153    25.5304 0.0000e+00
     -0.106      0.002     5.0453     61.662     36.625  37.017349     0.5367      7.457   295.4862 2.2160e+03     0.1696     -0.104     -0.151    25.5334 0.0000e+00
     -0.106      0.003     5.0335     61.518     36.634  37.026657     0.5371      7.454   295.7712 2.3560e+03     0.1931     -0.104     -0.151    25.5329 0.0000e+00
     -0.106      0.005     5.0221     61.379     36.677  37.070738     0.5488      7.453   296.0967 2.4298e+03     0.2885     -0.104     -0.151    25.5307 0.0000e+00
     -0.105      0.005     5.0142     61.287     36.709  37.105651     0.5592      7.450   295.8940 2.3719e+03     0.4380     -0.104     -0.150    25.5290 0.0000e+00
     -0.103      0.005     5.0067     61.201     36.668  37.067636     0.5527      7.446   295.2993 2.1127e+03     0.5052     -0.102     -0.147    25.5289 0.0000e+00
     -0.100      0.005     4.9985     61.106     36.589  36.992265     0.5437      7.444   295.1872 1.7249e+03     0.4596     -0.097     -0.141    25.5298 0.0000e+00
     -0.098      0.004     4.9930     61.040     36.553  36.956657     0.5603      7.444   295.5714 1.4149e+03     0.4053     -0.095     -0.137    25.5296 0.0000e+00
     -0.098      0.003     4.9901     61.005     36.552  36.954732     0.5969      7.445   295.9861 1.2920e+03     0.3375     -0.096     -0.139    25.5317 0.0000e+00
     -0.098      0.001     4.9874     60.971     36.567  36.968983     0.6090      7.446   296.1584 1.3673e+03     0.2495     -0.097     -0.141    25.5398 0.0000e+00
     -0.098     -0.002     4.9831     60.920     36.598  37.001916     0.6056      7.446   295.5894 1.6278e+03     0.1960     -0.096     -0.139    25.5469 0.0000e+00
     -0.098     -0.004     4.9758     60.832     36.630  37.035293     0.6021      7.446   294.6987 1.9759e+03     0.1796     -0.095     -0.138    25.5466 0.0000e+00
     -0.099     -0.004     4.9655     60.709     36.648  37.054920     0.5764      7.446   294.6809 2.2590e+03     0.2041     -0.096     -0.140    25.5441 0.0000e+00
     -0.102     -0.005     4.9537     60.568     36.640  37.048645     0.5521      7.445   295.1164 2.3710e+03     0.2169     -0.100     -0.145    25.5435 0.0000e+00
     -0.104     -0.006     4.9422     60.433     36.611  37.022950     0.5468      7.444   295.4042 2.3020e+03     0.1819     -0.103     -0.149    25.5449 0.0000e+00
     -0.105     -0.006     4.9317     60.310     36.583  36.998353     0.5492      7.444   295.2354 2.1000e+03     0.2383     -0.103     -0.149    25.5471 0.0000e+00
     -0.106     -0.006     4.9215     60.187     36.526  36.941830     0.5534      7.444   294.4523 1.8068e+03     0.3807     -0.104     -0.150    25.5486 0.0000e+00
     -0.107     -0.005     4.9133     60.083     36.246  36.657171     0.5520      7.444   294.0228 1.5296e+03     0.4385     -0.105     -0.152    25.5515 0.0000e+00
     -0.109     -0.004     4.9172     60.101     35.774  36.161063     0.5514      7.444   294.1731 1.4379e+03     0.4185     -0.107     -0.156    25.5568 0.0000e+00
     -0.111     -0.003     5.0026     61.047     35.511  35.834744     0.5550      7.443   294.5486 1.5273e+03     0.3822     -0.110     -0.159    25.5628 0.0000e+00
     -0.112     -0.002     5.3082     64.613     35.532  35.760713     0.5495      7.441   295.0346 1.6872e+03     0.3351     -0.110     -0.159    25.5649 0.0000e+00
     -0.111     -0.000     5.8913     71.549     35.632  35.773989     0.5490      7.439   295.0594 1.8998e+03     0.2767     -0.108     -0.157    25.5641 0.0000e+00
     -0.111      0.001     6.6141     80.216     35.718  35.804564     0.5582      7.438   294.4181 2.1066e+03     0.2259     -0.108     -0.157    25.5593 0.0000e+00
     -0.110      0.002     7.2772     88.199     35.754  35.812702     0.5595      7.438   293.9053 2.2164e+03     0.2087     -0.108     -0.157    25.4757 0.0000e+00
     -0.109      0.002     7.7828     94.298     35.764  35.808819     0.5555      7.439   294.0213 2.2402e+03     0.2525     -0.107     -0.156    25.3068 0.0000e+00
     -0.109      0.002     8.1176     98.342     35.781  35.821118     0.5552      7.439   294.3578 2.2543e+03     0.3590     -0.106     -0.154    25.1733 0.0000e+00
     -0.109      0.002     8.2954    100.495     35.795  35.834353     0.5653      7.439   294.5328 2.3091e+03     0.4270     -0.107     -0.154    25.1023 0.0000e+00
     -0.108      0.001     8.3300    100.920     35.800  35.841802     0.5680      7.439   294.7611 2.3836e+03     0.4345     -0.107     -0.155    25.0675 0.0000e+00
     -0.106      0.001     8.2445     99.898     35.800  35.847671     0.5515      7.438   294.9675 2.4261e+03     0.4496     -0.104     -0.151    25.0549 0.0000e+00
     -0.106      0.002     8.0987     98.144     35.790  35.841795     0.5397      7.436   294.8772 2.3892e+03     0.4571     -0.103     -0.150    25.0480 0.0000e+00
     -0.108      0.002     7.9612     96.483     35.781  35.834288     0.5452      7.432   294.7017 2.2843e+03     0.4634     -0.106     -0.156    25.0477 0.0000e+00
     -0.108      0.002     7.8685     95.356     35.768  35.820428     0.5531      7.428   294.6523 2.1744e+03     0.4651     -0.107     -0.155    25.0519 0.0000e+00
     -0.105      0.002     7.8247     94.811     35.754  35.801258     0.5710      7.424   295.1398 2.0699e+03     0.3865     -0.102     -0.147    25.0603 0.0000e+00
