Data/DataNotYetUploadedToEDI/Raw_CTD/RawDownloads/051418_fcr30.cnv
* Sea-Bird SBE19plus  Data File:
* FileName = C:\DATA\051418_fcr_0004.hex
* Software version 2.6.3.104 SB_Terminal.dll
* Temperature SN = 7809
* Conductivity SN = 7809
* System UpLoad Time = May 14 2018 15:31:42
* <ApplicationData>
* <Seaterm232>
# nquan = 15
# nvalues = 649                         
# units = specified
# name 0 = depFM: Depth [fresh water, m]
# name 1 = dz/dtM: Descent Rate [m/s]
# name 2 = sbeox0Mg/L: Oxygen, SBE 43 [mg/l]
# name 3 = sbeox0PS: Oxygen, SBE 43 [% saturation]
# name 4 = specc: Specific Conductance [uS/cm]
# name 5 = c0uS/cm: Conductivity [uS/cm]
# name 6 = flECO-AFL: Fluorescence, WET Labs ECO-AFL/FL [mg/m^3]
# name 7 = ph: pH
# name 8 = orp: Oxidation Reduction Potential [mV]
# name 9 = par/sat/log: PAR/Logarithmic, Satlantic
# name 10 = turbWETntu0: Turbidity, WET Labs ECO [NTU]
# name 11 = prdM: Pressure, Strain Gauge [db]
# name 12 = prdE: Pressure, Strain Gauge [psi]
# name 13 = tv290C: Temperature [ITS-90, deg C]
# name 14 = flag:  0.000e+00
# span 0 =     -0.098,      5.431       
# span 1 =     -0.173,      0.098       
# span 2 =     4.5876,    11.0747       
# span 3 =     55.061,    113.666       
# span 4 =     33.616,     39.976       
# span 5 =  27.034417,  36.150133       
# span 6 =     0.4688,     3.3828       
# span 7 =      6.587,      7.462       
# span 8 =   253.1438,   343.8277       
# span 9 = 1.9857e+01, 2.5555e+03       
# span 10 =    -0.0017,     1.0969      
# span 11 =     -0.096,      5.326      
# span 12 =     -0.139,      7.725      
# span 13 =     9.2732,    24.5510      
# span 14 = 0.0000e+00, 0.0000e+00      
# interval = seconds: 0.25
# start_time = May 14 2018 16:42:41 [Instrument's time stamp, header]
# bad_flag = -9.990e-29
*END*
[from data line 290]
     -0.090      0.020     7.9012     93.984     35.632  34.967626     0.9050      7.382   303.9950 7.3665e+02     0.1826     -0.090     -0.130    24.0656 0.0000e+00
     -0.083      0.024     7.9069     94.049     35.634  34.968467     0.9105      7.372   304.0011 8.4141e+02     0.2195     -0.081     -0.119    24.0640 0.0000e+00
     -0.074      0.027     7.9138     94.127     35.634  34.967398     0.9311      7.357   304.0106 9.2035e+02     0.2933     -0.072     -0.105    24.0627 0.0000e+00
     -0.064      0.027     7.9209     94.206     35.623  34.954703     0.9612      7.343   304.1104 8.7451e+02     0.4036     -0.062     -0.090    24.0627 0.0000e+00
     -0.056      0.025     7.9278     94.281     35.612  34.942000     0.9703      7.338   304.2616 9.5369e+02     0.4544     -0.054     -0.078    24.0628 0.0000e+00
     -0.050      0.022     7.9323     94.331     35.613  34.940846     0.9687      7.342   304.3761 1.2864e+03     0.4489     -0.049     -0.071    24.0619 0.0000e+00
     -0.046      0.018     7.9332     94.338     35.615  34.940741     0.9695      7.349   304.2899 1.6687e+03     0.4604     -0.045     -0.065    24.0592 0.0000e+00
     -0.043      0.014     7.9311     94.310     35.616  34.940731     0.9709      7.356   304.1651 2.0317e+03     0.4707     -0.042     -0.061    24.0558 0.0000e+00
     -0.040      0.012     7.9299     94.294     35.617  34.940731     0.9673      7.363   304.1576 2.3067e+03     0.4516     -0.040     -0.058    24.0526 0.0000e+00
     -0.037      0.011     7.9313     94.310     35.617  34.940731     0.9624      7.368   304.2001 2.1685e+03     0.4126     -0.036     -0.053    24.0499 0.0000e+00
     -0.035      0.011     7.9305     94.300     35.617  34.940730     0.9484      7.371   304.2480 1.8402e+03     0.3350     -0.034     -0.050    24.0476 0.0000e+00
     -0.032      0.011     7.9260     94.248     35.617  34.940721     0.9266      7.373   304.2211 1.9527e+03     0.2450     -0.031     -0.045    24.0457 0.0000e+00
     -0.029      0.010     7.9187     94.162     35.617  34.940616     0.9101      7.374   304.2191 2.2248e+03     0.2107     -0.028     -0.041    24.0450 0.0000e+00
     -0.026      0.009     7.9085     94.037     35.617  34.939471     0.8954      7.377   304.3098 2.1460e+03     0.2253     -0.024     -0.037    24.0444 0.0000e+00
     -0.023      0.007     7.8990     93.917     35.607  34.926871     0.8962      7.380   304.4568 1.9905e+03     0.2991     -0.022     -0.032    24.0441 0.0000e+00
     -0.021      0.006     7.8917     93.825     35.597  34.915313     0.9107      7.383   304.5338 2.1527e+03     0.4003     -0.021     -0.030    24.0452 0.0000e+00
     -0.021      0.006     7.8849     93.743     35.609  34.926757     0.9154      7.385   304.4666 2.4338e+03     0.4426     -0.020     -0.029    24.0466 0.0000e+00
     -0.021      0.007     7.8805     93.690     35.620  34.938201     0.9068      7.387   304.4181 2.5423e+03     0.4438     -0.020     -0.029    24.0443 0.0000e+00
     -0.020      0.012     7.8834     93.723     35.609  34.926632     0.8977      7.388   304.3786 2.5519e+03     0.4462     -0.020     -0.029    24.0389 0.0000e+00
     -0.019      0.019     7.8940     93.848     35.598  34.913918     0.9152      7.388   304.3326 2.5545e+03     0.4408     -0.018     -0.027    24.0359 0.0000e+00
     -0.015      0.029     7.9099     94.030     35.598  34.911514     0.9538      7.386   304.3790 2.5555e+03     0.4398     -0.015     -0.023    24.0361 0.0000e+00
     -0.007      0.038     7.9242     94.186     35.589  34.897561     0.9697      7.382   304.4228 2.5503e+03     0.4333     -0.008     -0.012    24.0361 0.0000e+00
      0.007      0.044     7.9290     94.226     35.570  34.872249     0.9690      7.379   304.3453 2.4467e+03     0.4235      0.005      0.008    24.0348 0.0000e+00
      0.024      0.049     7.9266     94.180     35.565  34.859535     0.9819      7.379   304.0443 2.1142e+03     0.3827      0.024      0.035    24.0339 0.0000e+00
      0.040      0.051     7.9245     94.136     35.584  34.870865     0.9967      7.379   303.6224 1.7994e+03     0.2756      0.040      0.058    24.0322 0.0000e+00
      0.053      0.051     7.9264     94.136     35.605  34.882195     0.9918      7.379   303.3744 1.7926e+03     0.2269      0.052      0.075    24.0236 0.0000e+00
      0.063      0.051     7.9317     94.176     35.601  34.869472     0.9785      7.374   303.1973 1.9298e+03     0.2518      0.063      0.091    24.0118 0.0000e+00
      0.073      0.052     7.9372     94.221     35.584  34.844056     0.9271      7.367   302.9442 2.0093e+03     0.2398      0.072      0.104    24.0031 0.0000e+00
      0.085      0.055     7.9413     94.254     35.576  34.828957     0.8394      7.359   302.8954 1.9048e+03     0.2357      0.082      0.119    23.9929 0.0000e+00
      0.100      0.060     7.9436     94.265     35.567  34.813946     0.8004      7.352   303.0378 1.8605e+03     0.2629      0.097      0.141    23.9797 0.0000e+00
      0.117      0.064     7.9455     94.266     35.551  34.789580     0.7952      7.349   303.1172 1.9664e+03     0.2638      0.115      0.166    23.9659 0.0000e+00
      0.137      0.066     7.9468     94.257     35.560  34.788416     0.7676      7.349   303.1666 1.8388e+03     0.2767      0.133      0.194    23.9531 0.0000e+00
      0.156      0.067     7.9420     94.180     35.580  34.799851     0.7336      7.352   303.2054 1.7178e+03     0.3577      0.155      0.224    23.9449 0.0000e+00
      0.173      0.067     7.9328     94.052     35.588  34.800787     0.7240      7.355   303.3274 1.8377e+03     0.4497      0.172      0.247    23.9371 0.0000e+00
      0.188      0.066     7.9257     93.951     35.594  34.799728     0.7251      7.358   303.5235 1.9262e+03     0.4733      0.183      0.267    23.9238 0.0000e+00
      0.203      0.064     7.9220     93.892     35.587  34.787033     0.7011      7.360   303.5965 1.8687e+03     0.4598      0.198      0.289    23.9100 0.0000e+00
      0.220      0.061     7.9234     93.894     35.580  34.774331     0.6716      7.361   303.6937 1.7242e+03     0.4703      0.216      0.313    23.8982 0.0000e+00
      0.237      0.059     7.9314     93.977     35.584  34.773177     0.6633      7.361   303.8388 1.6505e+03     0.4784      0.232      0.337    23.8874 0.0000e+00
      0.253      0.057     7.9450     94.128     35.588  34.773073     0.6654      7.363   303.8878 1.6940e+03     0.4967      0.249      0.362    23.8778 0.0000e+00
      0.267      0.054     7.9622     94.323     35.592  34.773064     0.6684      7.368   304.0285 1.7170e+03     0.5083      0.264      0.383    23.8692 0.0000e+00
      0.279      0.052     7.9789     94.515     35.594  34.773064     0.6727      7.372   304.2498 1.6811e+03     0.4658      0.273      0.396    23.8617 0.0000e+00
      0.290      0.051     7.9897     94.637     35.596  34.773062     0.6898      7.373   304.4984 1.6773e+03     0.4411      0.285      0.412    23.8544 0.0000e+00
      0.303      0.052     7.9910     94.648     35.598  34.773047     0.7101      7.372   304.7980 1.6998e+03     0.4535      0.297      0.431    23.8478 0.0000e+00
      0.315      0.053     7.9860     94.584     35.600  34.772877     0.7154      7.371   305.1184 1.6637e+03     0.4630      0.309      0.448    23.8433 0.0000e+00
      0.329      0.056     7.9812     94.520     35.601  34.771002     0.7078      7.371   305.6186 1.6502e+03     0.4649      0.322      0.466    23.8404 0.0000e+00
      0.344      0.061     7.9771     94.460     35.584  34.750375     0.7012      7.371   306.1999 1.6496e+03     0.4451      0.337      0.489    23.8378 0.0000e+00
      0.361      0.066     7.9688     94.344     35.554  34.714025     0.7095      7.367   306.7261 1.5339e+03     0.4372      0.354      0.514    23.8355 0.0000e+00
      0.376      0.070     7.9561     94.171     35.562  34.712604     0.7165      7.362   307.1629 1.3872e+03     0.4615      0.369      0.535    23.8335 0.0000e+00
      0.394      0.073     7.9456     94.017     35.596  34.733173     0.7119      7.357   307.5237 1.3427e+03     0.4645      0.385      0.558    23.8293 0.0000e+00
      0.416      0.075     7.9444     93.967     35.586  34.708625     0.7083      7.354   307.9051 1.3945e+03     0.4430      0.407      0.590    23.8230 0.0000e+00
      0.438      0.076     7.9504     93.996     35.563  34.669850     0.7101      7.351   308.1611 1.3775e+03     0.4148      0.431      0.625    23.8140 0.0000e+00
      0.457      0.077     7.9534     93.989     35.556  34.645441     0.7152      7.348   308.3811 1.2927e+03     0.3984      0.449      0.650    23.8001 0.0000e+00
      0.475      0.078     7.9499     93.905     35.531  34.604030     0.7336      7.345   308.7595 1.3133e+03     0.4282      0.464      0.673    23.7837 0.0000e+00
      0.493      0.078     7.9459     93.802     35.499  34.550240     0.7578      7.344   309.1221 1.3580e+03     0.4698      0.484      0.702    23.7635 0.0000e+00
      0.513      0.078     7.9424     93.686     35.481  34.503192     0.7691      7.345   309.4093 1.3615e+03     0.4737      0.503      0.729    23.7379 0.0000e+00
      0.534      0.078     7.9373     93.541     35.493  34.479762     0.7783      7.346   309.7374 1.3595e+03     0.4751      0.523      0.758    23.7130 0.0000e+00
      0.555      0.078     7.9316     93.387     35.505  34.457442     0.7868      7.348   310.0778 1.2970e+03     0.4874      0.546      0.792    23.6927 0.0000e+00
      0.575      0.077     7.9259     93.240     35.504  34.423828     0.7888      7.350   310.3403 1.2532e+03     0.4692      0.565      0.819    23.6632 0.0000e+00
      0.594      0.076     7.9211     93.111     35.500  34.390888     0.7843      7.351   310.5025 1.2704e+03     0.4383      0.583      0.846    23.6179 0.0000e+00
      0.613      0.073     7.9197     93.024     35.449  34.313203     0.7782      7.351   310.6628 1.2659e+03     0.4184      0.602      0.873    23.5673 0.0000e+00
      0.632      0.071     7.9259     93.003     35.354  34.183197     0.7794      7.352   310.9028 1.2438e+03     0.4118      0.620      0.899    23.5179 0.0000e+00
      0.650      0.070     7.9370     93.008     35.244  34.025772     0.7899      7.352   311.0802 1.2392e+03     0.4202      0.638      0.925    23.4710 0.0000e+00
      0.667      0.071     7.9460     92.958     35.082  33.807102     0.7945      7.349   311.1722 1.2452e+03     0.4284      0.655      0.950    23.4311 0.0000e+00
      0.683      0.072     7.9513     92.822     34.919  33.571715     0.7798      7.345   311.3274 1.2035e+03     0.4192      0.671      0.973    23.3968 0.0000e+00
      0.700      0.073     7.9538     92.605     34.844  33.402665     0.7692      7.343   311.4949 1.1120e+03     0.4006      0.685      0.993    23.3456 0.0000e+00
      0.720      0.071     7.9588     92.390     34.837  33.287368     0.7947      7.344   311.6480 1.0291e+03     0.4174      0.704      1.021    23.2715 0.0000e+00
      0.743      0.068     7.9777     92.363     34.841  33.193760     0.8486      7.345   311.8881 9.3724e+02     0.4691      0.730      1.059    23.1864 0.0000e+00
      0.763      0.063     8.0241     92.710     34.817  33.096400     0.8706      7.346   312.1607 7.9589e+02     0.4769      0.752      1.089    23.0766 0.0000e+00
      0.777      0.058     8.1074     93.494     34.787  32.999294     0.8573      7.347   312.2769 6.8468e+02     0.4204      0.763      1.107    22.9329 0.0000e+00
      0.789      0.051     8.2241     94.630     34.776  32.908763     0.8536      7.348   312.2612 6.8913e+02     0.3955      0.773      1.122    22.7649 0.0000e+00
      0.799      0.045     8.3607     95.975     34.781  32.827362     0.8537      7.349   312.3151 7.9923e+02     0.4205      0.784      1.138    22.6135 0.0000e+00
      0.810      0.040     8.5025     97.384     34.815  32.777124     0.8496      7.351   312.4975 9.3360e+02     0.4483      0.795      1.153    22.5214 0.0000e+00
      0.820      0.039     8.6406     98.762     34.861  32.745819     0.8490      7.351   312.7462 1.0110e+03     0.4560      0.805      1.167    22.4351 0.0000e+00
      0.829      0.040     8.7636     99.985     34.886  32.702802     0.8559      7.349   312.9130 1.0344e+03     0.4221      0.812      1.178    22.3111 0.0000e+00
      0.838      0.044     8.8575    100.897     34.878  32.638002     0.8591      7.345   313.0520 1.0181e+03     0.3745      0.821      1.191    22.1830 0.0000e+00
      0.848      0.049     8.9190    101.465     34.884  32.597370     0.8513      7.339   313.2215 9.9928e+02     0.3684      0.831      1.204    22.0660 0.0000e+00
      0.859      0.055     8.9536    101.757     34.918  32.592535     0.8530      7.332   313.3280 1.0154e+03     0.4104      0.841      1.218    21.9582 0.0000e+00
      0.874      0.062     8.9658    101.822     34.931  32.579501     0.8702      7.324   313.4794 1.0126e+03     0.4545      0.856      1.241    21.8617 0.0000e+00
      0.892      0.067     8.9584    101.688     34.936  32.566760     0.8855      7.318   313.6753 9.6829e+02     0.4736      0.875      1.269    21.7790 0.0000e+00
      0.912      0.069     8.9417    101.462     34.949  32.565489     0.8997      7.317   313.8894 9.3047e+02     0.4595      0.894      1.296    21.7117 0.0000e+00
      0.933      0.068     8.9294    101.297     34.958  32.564115     0.9138      7.319   314.0902 9.1570e+02     0.4361      0.915      1.328    21.6600 0.0000e+00
      0.953      0.065     8.9297    101.280     34.950  32.550134     0.9091      7.322   314.2101 9.0452e+02     0.4042      0.936      1.359    21.6244 0.0000e+00
      0.969      0.060     8.9420    101.398     34.930  32.523459     0.8975      7.324   314.3929 8.7700e+02     0.3792      0.951      1.379    21.6007 0.0000e+00
      0.981      0.054     8.9605    101.579     34.912  32.495631     0.9024      7.326   314.6653 8.5162e+02     0.4084      0.961      1.394    21.5829 0.0000e+00
      0.992      0.049     8.9810    101.771     34.897  32.467708     0.9132      7.327   314.8356 8.5174e+02     0.4524      0.973      1.411    21.5696 0.0000e+00
      1.004      0.046     9.0004    101.936     34.888  32.439868     0.9182      7.330   314.8180 8.6579e+02     0.4532      0.985      1.429    21.5615 0.0000e+00
      1.016      0.046     9.0152    102.038     34.883  32.413040     0.9257      7.331   314.7969 8.6596e+02     0.4177      0.996      1.445    21.5520 0.0000e+00
      1.027      0.047     9.0235    102.068     34.890  32.397351     0.9390      7.331   314.9244 8.5711e+02     0.4202      1.007      1.461    21.5372 0.0000e+00
      1.037      0.049     9.0265    102.046     34.890  32.377171     0.9505      7.330   315.0692 8.5563e+02     0.4525      1.017      1.476    21.5179 0.0000e+00
      1.049      0.050     9.0258    101.991     34.889  32.359554     0.9643      7.330   315.1702 8.5525e+02     0.4423      1.028      1.491    21.4891 0.0000e+00
      1.063      0.052     9.0192    101.872     34.922  32.374863     0.9860      7.330   315.2854 8.4912e+02     0.4193      1.042      1.511    21.4536 0.0000e+00
      1.078      0.053     9.0050    101.665     34.937  32.371705     1.0102      7.330   315.3443 8.3216e+02     0.4183      1.058      1.535    21.4204 0.0000e+00
      1.092      0.053     8.9885    101.427     34.902  32.321356     1.0273      7.330   315.3655 8.1311e+02     0.4305      1.072      1.555    21.3920 0.0000e+00
      1.106      0.052     8.9760    101.226     34.874  32.274164     1.0369      7.331   315.4556 8.0993e+02     0.4448      1.084      1.571    21.3692 0.0000e+00
      1.119      0.050     8.9680    101.070     34.868  32.245660     1.0349      7.332   315.5728 8.1393e+02     0.4382      1.098      1.592    21.3481 0.0000e+00
