Data/DataNotYetUploadedToEDI/Raw_CTD/RawDownloads/051418_fcr50.cnv
* Sea-Bird SBE19plus  Data File:
* FileName = C:\DATA\051418_fcr_0001.hex
* Software version 2.6.3.104 SB_Terminal.dll
* Temperature SN = 7809
* Conductivity SN = 7809
* System UpLoad Time = May 14 2018 15:30:42
* <ApplicationData>
* <Seaterm232>
# nquan = 15
# nvalues = 1005                        
# units = specified
# name 0 = depFM: Depth [fresh water, m]
# name 1 = dz/dtM: Descent Rate [m/s]
# name 2 = sbeox0Mg/L: Oxygen, SBE 43 [mg/l]
# name 3 = sbeox0PS: Oxygen, SBE 43 [% saturation]
# name 4 = specc: Specific Conductance [uS/cm]
# name 5 = c0uS/cm: Conductivity [uS/cm]
# name 6 = flECO-AFL: Fluorescence, WET Labs ECO-AFL/FL [mg/m^3]
# name 7 = ph: pH
# name 8 = orp: Oxidation Reduction Potential [mV]
# name 9 = par/sat/log: PAR/Logarithmic, Satlantic
# name 10 = turbWETntu0: Turbidity, WET Labs ECO [NTU]
# name 11 = prdM: Pressure, Strain Gauge [db]
# name 12 = prdE: Pressure, Strain Gauge [psi]
# name 13 = tv290C: Temperature [ITS-90, deg C]
# name 14 = flag:  0.000e+00
# span 0 =     -0.548,      9.627       
# span 1 =     -0.194,      3.010       
# span 2 =     4.9735,     9.8729       
# span 3 =     59.201,    102.508       
# span 4 =      0.633,     39.637       
# span 5 =   0.651551,  36.244664       
# span 6 =    -0.6818,     4.4154       
# span 7 =      5.689,      7.487       
# span 8 =   328.2834,  1240.2295       
# span 9 = 1.8214e+00, 1.7117e+03       
# span 10 =    -0.6722,   371.5655      
# span 11 =     -0.538,      9.441      
# span 12 =     -0.780,     13.693      
# span 13 =     9.3216,    26.4835      
# span 14 = 0.0000e+00, 0.0000e+00      
# interval = seconds: 0.25
# start_time = May 14 2018 13:41:17 [Instrument's time stamp, header]
# bad_flag = -9.990e-29
*END*
[from data line 193]
     -0.067 8.9071e-38     7.8435     92.517     36.062  35.066317     0.9256      7.356   344.3895 2.2948e+02     0.2355     -0.066     -0.096    23.6124 0.0000e+00
     -0.067 9.7978e-37     7.7763     91.725     36.047  35.052563     0.9290      7.361   344.2492 2.2956e+02     0.2245     -0.066     -0.096    23.6120 0.0000e+00
     -0.067 1.0778e-35     7.7139     90.991     36.032  35.038706     0.9225      7.366   343.9930 2.2972e+02     0.2045     -0.066     -0.095    23.6125 0.0000e+00
     -0.067 1.1855e-34     7.6517     90.260     36.017  35.025812     0.8928      7.369   343.7872 2.2906e+02     0.2066     -0.066     -0.096    23.6134 0.0000e+00
     -0.067 1.3041e-33     7.5897     89.534     36.013  35.023712     0.8545      7.370   343.5675 2.2951e+02     0.2200     -0.066     -0.095    23.6144 0.0000e+00
     -0.067 1.4345e-32     7.5309     88.846     36.000  35.013307     0.8461      7.370   343.4024 2.2991e+02     0.2133     -0.066     -0.095    23.6147 0.0000e+00
     -0.067 1.5779e-31     7.4759     88.199     36.013  35.027062     0.8555      7.368   344.0282 2.2906e+02     0.2181     -0.066     -0.095    23.6151 0.0000e+00
     -0.067 1.7357e-30     7.4292     87.650     36.049  35.062978     0.8395      7.364   345.0248 2.2910e+02     0.2166     -0.066     -0.095    23.6178 0.0000e+00
     -0.067 1.9093e-29     7.3988     87.293     36.052  35.066442     0.8094      7.359   345.0423 2.2997e+02     0.1950     -0.065     -0.095    23.6210 0.0000e+00
     -0.067 2.1002e-28     7.3827     87.104     36.053  35.068952     0.8033      7.354   344.6689 2.3085e+02     0.2012     -0.066     -0.095    23.6235 0.0000e+00
     -0.067 2.3103e-27     7.3725     86.986     36.078  35.093327     0.8025      7.350   344.3817 2.3097e+02     0.2308     -0.066     -0.096    23.6254 0.0000e+00
     -0.067 2.5413e-26     7.3620     86.862     36.092  35.107081     0.7903      7.348   343.8928 2.3100e+02     0.2475     -0.066     -0.096    23.6267 0.0000e+00
     -0.067 2.7954e-25     7.3496     86.716     36.093  35.108208     0.7851      7.347   344.2646 2.3086e+02     0.2503     -0.065     -0.095    23.6279 0.0000e+00
     -0.067 3.0750e-24     7.3417     86.624     36.091  35.106948     0.7846      7.347   345.5213 2.2963e+02     0.2646     -0.065     -0.095    23.6281 0.0000e+00
     -0.067 3.3825e-23     7.3462     86.676     36.076  35.091851     0.7848      7.349   346.0958 2.2945e+02     0.2986     -0.065     -0.094    23.6288 0.0000e+00
     -0.067 3.7207e-22     7.3615     86.856     36.036  35.052709     0.8060      7.352   345.9618 2.3044e+02     0.3258     -0.065     -0.095    23.6296 0.0000e+00
     -0.067 4.0928e-21     7.3829     87.106     35.998  35.014806     0.8388      7.356   345.5365 2.3075e+02     0.3487     -0.065     -0.095    23.6302 0.0000e+00
     -0.067 4.5021e-20     7.4101     87.426     35.999  35.014691     0.8511      7.359   344.9106 2.3138e+02     0.3926     -0.065     -0.095    23.6307 0.0000e+00
     -0.067 4.9523e-19     7.4406     87.784     36.037  35.051314     0.8529      7.362   345.0196 2.3289e+02     0.4606     -0.066     -0.096    23.6301 0.0000e+00
     -0.067 5.4475e-18     7.4658     88.082     36.063  35.076494     0.8424      7.365   345.8216 2.3434e+02     0.4373     -0.066     -0.096    23.6292 0.0000e+00
     -0.067 5.9922e-17     7.4752     88.193     36.051  35.065056     0.8065      7.366   346.3474 2.3706e+02     0.2943     -0.065     -0.095    23.6278 0.0000e+00
     -0.067 6.5915e-16     7.4632     88.052     36.025  35.040066     0.7772      7.366   346.4735 2.3986e+02     0.1958     -0.066     -0.095    23.6270 0.0000e+00
     -0.067 7.2506e-15     7.4388     87.765     36.013  35.028413     0.7738      7.364   346.3999 2.4369e+02     0.1924     -0.066     -0.095    23.6266 0.0000e+00
     -0.067 7.9757e-14     7.4173     87.512     36.036  35.051198     0.7931      7.361   345.9738 2.4834e+02     0.2230     -0.066     -0.096    23.6262 0.0000e+00
     -0.067 1.4622e-13     7.4054     87.372     36.047  35.061486     0.8258      7.357   345.4519 2.4798e+02     0.2305     -0.065     -0.095    23.6266 0.0000e+00
     -0.067 7.9760e-14     7.4012     87.323     36.010  35.025769     0.8477      7.355   345.3381 2.4904e+02     0.2226     -0.066     -0.095    23.6277 0.0000e+00
     -0.067 7.2505e-15     7.4003     87.313     35.983  35.000466     0.8562      7.353   345.6305 2.5119e+02     0.2188     -0.066     -0.095    23.6281 0.0000e+00
     -0.067 6.5915e-16     7.4015     87.327     35.992  35.009628     0.8643      7.351   346.0619 2.4969e+02     0.2152     -0.065     -0.095    23.6281 0.0000e+00
     -0.067 5.9925e-17     7.4054     87.374     35.991  35.009505     0.8632      7.349   346.1655 2.4875e+02     0.2394     -0.066     -0.095    23.6279 0.0000e+00
     -0.067 5.4475e-18     7.4069     87.395     35.979  34.998975     0.8510      7.349   345.3350 2.4690e+02     0.2371     -0.065     -0.095    23.6278 0.0000e+00
     -0.067 4.9523e-19     7.3996     87.311     35.989  35.009358     0.8455      7.349   344.1932 2.4445e+02     0.1876     -0.066     -0.095    23.6284 0.0000e+00
     -0.067 4.5023e-20     7.3840     87.129     35.987  35.008004     0.8429      7.350   343.8891 2.4219e+02     0.1899     -0.065     -0.094    23.6288 0.0000e+00
     -0.067 4.1125e-21     7.3690     86.957     35.959  34.982606     0.8380      7.354   344.1531 2.3899e+02     0.2348     -0.065     -0.095    23.6296 0.0000e+00
     -0.067 5.8858e-22     7.3651     86.914     35.931  34.956356     0.8414      7.358   344.5469 2.3445e+02     0.2421     -0.066     -0.095    23.6307 0.0000e+00
     -0.067 2.4154e-21     7.3789     87.079     35.918  34.944704     0.8474      7.362   344.7784 2.3188e+02     0.2174     -0.066     -0.095    23.6321 0.0000e+00
     -0.066 2.6200e-20     7.4105     87.453     35.942  34.968757     0.8468      7.365   344.3705 2.3152e+02     0.1799     -0.065     -0.094    23.6340 0.0000e+00
     -0.066 2.8817e-19     7.4509     87.930     35.967  34.993104     0.8516      7.366   343.5729 2.3059e+02     0.1854     -0.065     -0.094    23.6363 0.0000e+00
     -0.066 3.1698e-18     7.4902     88.392     35.959  34.985000     0.8600      7.365   343.1361 2.3010e+02     0.2536     -0.065     -0.095    23.6389 0.0000e+00
     -0.066 3.4868e-17     7.5193     88.733     35.973  34.997808     0.8563      7.363   343.0481 2.3001e+02     0.2720     -0.065     -0.094    23.6400 0.0000e+00
     -0.067 3.8355e-16     7.5309     88.868     35.997  35.020925     0.8528      7.360   343.1966 2.3072e+02     0.2245     -0.066     -0.095    23.6409 0.0000e+00
     -0.067 4.2191e-15     7.5239     88.784     35.987  35.010417     0.8540      7.357   343.6410 2.3032e+02     0.1983     -0.065     -0.095    23.6412 0.0000e+00
     -0.067 4.6410e-14     7.5008     88.510     35.975  34.997798     0.8530      7.354   343.7745 2.2889e+02     0.2293     -0.066     -0.095    23.6401 0.0000e+00
     -0.067 5.1051e-13     7.4639     88.075     35.973  34.995403     0.8591      7.349   343.5213 2.2929e+02     0.2644     -0.065     -0.095    23.6391 0.0000e+00
     -0.067 5.6156e-12     7.4174     87.527     35.958  34.981450     0.8640      7.344   343.3329 2.2929e+02     0.2569     -0.065     -0.094    23.6379 0.0000e+00
     -0.067 6.1771e-11     7.3713     86.984     35.932  34.956138     0.8567      7.339   343.1317 2.2855e+02     0.2293     -0.065     -0.095    23.6366 0.0000e+00
     -0.066 6.7948e-10     7.3378     86.589     35.918  34.943434     0.8527      7.334   342.8088 2.2880e+02     0.2048     -0.065     -0.094    23.6360 0.0000e+00
     -0.066 7.4743e-09     7.3240     86.428     35.929  34.954887     0.8526      7.330   343.2146 2.2913e+02     0.2058     -0.065     -0.094    23.6359 0.0000e+00
     -0.066 8.2218e-08     7.3292     86.488     35.943  34.967571     0.8459      7.329   344.2524 2.3000e+02     0.2107     -0.065     -0.094    23.6362 0.0000e+00
     -0.066 9.0439e-07     7.3449     86.673     35.946  34.969757     0.8366      7.330   344.6017 2.3081e+02     0.2032     -0.065     -0.094    23.6371 0.0000e+00
     -0.067      0.000     7.3640     86.897     35.958  34.981314     0.8413      7.334   344.3401 2.3018e+02     0.2060     -0.066     -0.095    23.6376 0.0000e+00
     -0.067      0.000     7.3825     87.113     35.957  34.980273     0.8563      7.340   343.8426 2.2913e+02     0.2143     -0.066     -0.095    23.6377 0.0000e+00
     -0.067      0.001     7.3985     87.302     35.934  34.957176     0.8528      7.346   343.2334 2.2974e+02     0.2124     -0.066     -0.095    23.6375 0.0000e+00
     -0.067      0.003     7.4126     87.467     35.934  34.956126     0.8452      7.352   343.3404 2.3094e+02     0.1824     -0.065     -0.095    23.6371 0.0000e+00
     -0.066      0.006     7.4213     87.569     35.947  34.967572     0.8475      7.353   344.1034 2.3069e+02     0.1572     -0.065     -0.095    23.6362 0.0000e+00
     -0.064      0.007     7.4228     87.583     35.949  34.968529     0.8533      7.341   344.7155 2.3145e+02     0.1827     -0.063     -0.092    23.6356 0.0000e+00
     -0.062      0.004     7.4223     87.573     35.949  34.967699     0.8687      7.340   344.8918 2.3564e+02     0.2154     -0.061     -0.088    23.6354 0.0000e+00
     -0.059     -0.005     7.4238     87.588     35.940  34.957524     0.8684      7.371   344.2558 2.5987e+02     0.2167     -0.060     -0.087    23.6347 0.0000e+00
     -0.053     -0.016     7.4244     87.594     35.956  34.972539     0.8315      7.418   343.1340 4.9820e+02     0.2602     -0.052     -0.075    23.6335 0.0000e+00
     -0.052     -0.024     7.4178     87.516     36.007  35.022209     0.7895      7.455   342.5997 9.7229e+02     0.3752     -0.043     -0.061    23.6318 0.0000e+00
     -0.069     -0.027     7.3987     87.296     36.034  35.049926     0.7744      7.470   342.8715 1.2834e+03     0.4469     -0.064     -0.094    23.6295 0.0000e+00
     -0.094     -0.026     7.3666     86.922     36.034  35.053582     0.7784      7.470   343.2373 1.3292e+03     0.4554     -0.099     -0.143    23.6273 0.0000e+00
     -0.106     -0.025     7.3221     86.404     36.044  35.066418     0.7539      7.470   343.2368 1.3090e+03     0.4475     -0.110     -0.159    23.6263 0.0000e+00
     -0.104     -0.023     7.2679     85.770     36.054  35.078091     0.6991      7.475   343.0373 1.2621e+03     0.4123     -0.105     -0.152    23.6268 0.0000e+00
     -0.095     -0.019     7.2061     85.045     36.041  35.067680     0.6766      7.480   342.8041 1.2022e+03     0.3961     -0.091     -0.132    23.6288 0.0000e+00
     -0.093     -0.015     7.1379     84.242     36.040  35.067575     0.6841      7.481   342.3095 1.1800e+03     0.4352     -0.084     -0.121    23.6324 0.0000e+00
     -0.105     -0.016     7.0668     83.406     36.049  35.076832     0.6881      7.482   341.6171 1.1113e+03     0.4581     -0.102     -0.148    23.6374 0.0000e+00
     -0.120     -0.018     6.9963     82.576     36.022  35.052570     0.6982      7.484   341.3160 8.8460e+02     0.4286     -0.122     -0.177    23.6409 0.0000e+00
     -0.126     -0.018     6.9288     81.786     35.995  35.028308     0.7141      7.487   341.1648 5.9425e+02     0.4142     -0.124     -0.180    23.6429 0.0000e+00
     -0.127     -0.014     6.8655     81.047     36.000  35.037565     0.7152      7.487   341.0790 3.8387e+02     0.4362     -0.123     -0.179    23.6446 0.0000e+00
     -0.127     -0.006     6.8055     80.350     35.994  35.037459     0.7115      7.485   341.3112 2.7911e+02     0.4506     -0.125     -0.181    23.6458 0.0000e+00
     -0.127      0.001     6.7487     79.689     35.979  35.027035     0.7242      7.483   340.7030 2.4589e+02     0.4353     -0.124     -0.180    23.6485 0.0000e+00
     -0.126      0.004     6.6972     79.089     35.987  35.038573     0.7302      7.481   339.1457 2.4231e+02     0.4035     -0.123     -0.179    23.6513 0.0000e+00
     -0.125      0.006     6.6539     78.585     35.995  35.049931     0.7207      7.480   338.2276 2.4436e+02     0.4030     -0.123     -0.179    23.6567 0.0000e+00
     -0.124      0.008     6.6161     78.147     35.978  35.037333     0.7196      7.478   338.2915 2.5871e+02     0.4293     -0.122     -0.177    23.6655 0.0000e+00
     -0.121      0.011     6.5785     77.708     35.950  35.013288     0.7266      7.478   338.6278 3.2141e+02     0.4160     -0.119     -0.173    23.6726 0.0000e+00
     -0.118      0.014     6.5361     77.213     35.947  35.013297     0.7311      7.478   338.2503 4.6953e+02     0.3948     -0.116     -0.168    23.6773 0.0000e+00
     -0.115      0.016     6.4879     76.648     35.969  35.037446     0.7283      7.475   337.1680 6.8987e+02     0.4172     -0.113     -0.163    23.6821 0.0000e+00
     -0.110      0.017     6.4377     76.059     35.981  35.051191     0.7202      7.473   336.4693 9.2402e+02     0.4422     -0.108     -0.156    23.6872 0.0000e+00
     -0.104      0.016     6.3872     75.467     35.981  35.052449     0.7342      7.472   336.3418 1.1140e+03     0.3926     -0.102     -0.148    23.6914 0.0000e+00
     -0.098      0.014     6.3371     74.878     35.979  35.052667     0.7686      7.470   336.4860 1.2266e+03     0.2749     -0.096     -0.138    23.6949 0.0000e+00
     -0.093      0.010     6.2875     74.296     35.978  35.053823     0.7868      7.469   336.7506 1.2733e+03     0.1791     -0.089     -0.130    23.6981 0.0000e+00
     -0.092      0.006     6.2368     73.701     35.990  35.066432     0.7888      7.468   337.1316 1.2858e+03     0.1486     -0.090     -0.131    23.7017 0.0000e+00
     -0.093      0.003     6.1866     73.109     36.001  35.078086     0.7930      7.468   337.4786 1.2868e+03     0.1818     -0.092     -0.133    23.7042 0.0000e+00
     -0.094      0.001     6.1390     72.548     35.989  35.067683     0.8008      7.467   337.5054 1.2948e+03     0.2143     -0.092     -0.134    23.7064 0.0000e+00
     -0.094     -0.001     6.0929     72.004     35.988  35.067698     0.8000      7.464   337.2835 1.3032e+03     0.2056     -0.093     -0.135    23.7095 0.0000e+00
     -0.094     -0.001     6.0476     71.470     35.997  35.078258     0.7926      7.462   337.0321 1.3052e+03     0.1994     -0.092     -0.134    23.7120 0.0000e+00
     -0.094      0.000     6.0026     70.942     35.986  35.068332     0.8129      7.461   337.0476 1.3052e+03     0.2614     -0.092     -0.134    23.7131 0.0000e+00
     -0.094 -1.843e-08     5.9574     70.411     35.991  35.074726     0.8528      7.460   337.9013 1.3027e+03     0.3739     -0.092     -0.133    23.7143 0.0000e+00
     -0.094 -2.027e-07     5.9134     69.894     36.007  35.092048     0.8614      7.458   339.1798 1.3021e+03     0.4307     -0.092     -0.133    23.7158 0.0000e+00
     -0.094 -2.027e-07     5.8714     69.400     36.001  35.087219     0.8532      7.457   339.6005 1.3014e+03     0.4302     -0.092     -0.134    23.7169 0.0000e+00
     -0.094 -1.843e-08     5.8296     68.908     35.993  35.079860     0.8538      7.456   339.5463 1.2997e+03     0.4285     -0.092     -0.134    23.7189 0.0000e+00
     -0.094 -1.675e-09     5.7888     68.428     35.978  35.066593     0.8501      7.455   339.3844 1.2985e+03     0.3805     -0.092     -0.133    23.7217 0.0000e+00
     -0.094 -1.523e-10     5.7498     67.970     35.963  35.053848     0.8454      7.455   338.9335 1.2851e+03     0.2769     -0.092     -0.133    23.7243 0.0000e+00
     -0.093 -1.384e-11     5.7098     67.499     35.961  35.052803     0.8524      7.455   339.3424 1.2420e+03     0.2128     -0.092     -0.133    23.7254 0.0000e+00
     -0.093 -1.259e-12     5.6696     67.024     35.961  35.053957     0.8614      7.454   340.4567 1.1471e+03     0.1849     -0.091     -0.132    23.7265 0.0000e+00
     -0.093 -1.145e-13     5.6316     66.578     35.974  35.067806     0.8623      7.453   340.8773 9.9429e+02     0.1841     -0.092     -0.133    23.7288 0.0000e+00
