Data/DataNotYetUploadedToEDI/Raw_CTD/RawDownloads/051418_fcr49.cnv
* Sea-Bird SBE19plus  Data File:
* FileName = C:\DATA\051418_fcr_0006.hex
* Software version 2.6.3.104 SB_Terminal.dll
* Temperature SN = 7809
* Conductivity SN = 7809
* System UpLoad Time = May 14 2018 15:32:34
* <ApplicationData>
* <Seaterm232>
# nquan = 15
# nvalues = 845                         
# units = specified
# name 0 = depFM: Depth [fresh water, m]
# name 1 = dz/dtM: Descent Rate [m/s]
# name 2 = sbeox0Mg/L: Oxygen, SBE 43 [mg/l]
# name 3 = sbeox0PS: Oxygen, SBE 43 [% saturation]
# name 4 = specc: Specific Conductance [uS/cm]
# name 5 = c0uS/cm: Conductivity [uS/cm]
# name 6 = flECO-AFL: Fluorescence, WET Labs ECO-AFL/FL [mg/m^3]
# name 7 = ph: pH
# name 8 = orp: Oxidation Reduction Potential [mV]
# name 9 = par/sat/log: PAR/Logarithmic, Satlantic
# name 10 = turbWETntu0: Turbidity, WET Labs ECO [NTU]
# name 11 = prdM: Pressure, Strain Gauge [db]
# name 12 = prdE: Pressure, Strain Gauge [psi]
# name 13 = tv290C: Temperature [ITS-90, deg C]
# name 14 = flag:  0.000e+00
# span 0 =     -0.117,      9.469       
# span 1 =     -0.211,      0.143       
# span 2 =     4.9133,    10.2636       
# span 3 =     60.083,    108.969       
# span 4 =     34.192,     39.612       
# span 5 =  27.065244,  37.105651       
# span 6 =     0.2925,     3.2998       
# span 7 =      6.458,      7.520       
# span 8 =   279.4107,   354.7086       
# span 9 = 5.9941e+00, 2.5697e+03       
# span 10 =    -0.4162,     1.2584      
# span 11 =     -0.116,      9.288      
# span 12 =     -0.168,     13.471      
# span 13 =     9.3292,    25.7825      
# span 14 = 0.0000e+00, 0.0000e+00      
# interval = seconds: 0.25
# start_time = May 14 2018 17:35:25 [Instrument's time stamp, header]
# bad_flag = -9.990e-29
*END*
[from data line 579]
      4.245      0.094     6.8266     60.831     38.645  27.241307     1.9720      6.811   336.1017 1.0229e+02     0.6032      4.161      6.035    10.3754 0.0000e+00
      4.268      0.094     6.8317     60.835     38.652  27.223964     1.9514      6.801   336.5793 1.0226e+02     0.6290      4.185      6.069    10.3419 0.0000e+00
      4.293      0.092     6.8487     60.931     38.687  27.218709     1.9333      6.794   336.4763 1.0247e+02     0.6612      4.210      6.106    10.3232 0.0000e+00
      4.319      0.088     6.8758     61.112     38.765  27.241245     1.9093      6.790   336.0614 1.0238e+02     0.6566      4.234      6.141    10.2693 0.0000e+00
      4.345      0.080     6.9121     61.382     38.807  27.242412     1.8915      6.790   335.4347 1.0206e+02     0.6333      4.261      6.180    10.2405 0.0000e+00
      4.368      0.070     6.9576     61.750     38.820  27.232792     1.8920      6.789   335.0928 1.0218e+02     0.6238      4.287      6.218    10.2217 0.0000e+00
      4.383      0.059     7.0151     62.245     38.860  27.251903     1.8968      6.787   335.4558 1.0225e+02     0.6034      4.301      6.238    10.1754 0.0000e+00
      4.392      0.048     7.0882     62.886     38.910  27.282979     1.8946      6.785   336.2088 1.0189e+02     0.6005      4.307      6.247    10.1328 0.0000e+00
      4.400      0.038     7.1752     63.646     38.930  27.291042     1.8931      6.783   336.5409 1.0139e+02     0.6195      4.315      6.258    10.0932 0.0000e+00
      4.410      0.030     7.2711     64.474     38.938  27.285887     1.8882      6.782   336.5464 1.0083e+02     0.6192      4.324      6.272    10.0672 0.0000e+00
      4.418      0.027     7.3722     65.353     38.949  27.284129     1.8813      6.782   336.4475 1.0018e+02     0.6269      4.334      6.285    10.0594 0.0000e+00
      4.423      0.029     7.4723     66.239     38.930  27.269774     1.8555      6.780   336.2054 9.9991e+01     0.6518      4.338      6.292    10.0584 0.0000e+00
      4.425      0.033     7.5682     67.080     38.892  27.239324     1.8064      6.776   336.3715 9.9144e+01     0.6460      4.340      6.294    10.0531 0.0000e+00
      4.430      0.041     7.6627     67.850     38.931  27.233451     1.7749      6.770   337.1660 9.6289e+01     0.6176      4.341      6.297    10.0338 0.0000e+00
      4.442      0.052     7.7519     68.496     39.071  27.262226     1.7594      6.760   338.0678 9.3458e+01     0.6130      4.354      6.316    10.0181 0.0000e+00
      4.458      0.066     7.8239     68.975     39.191  27.269677     1.6926      6.748   338.8435 9.0868e+01     0.6210      4.373      6.342    10.0202 0.0000e+00
      4.476      0.080     7.8753     69.310     39.258  27.259954     1.5731      6.736   339.3175 8.8031e+01     0.6225      4.388      6.364    10.0312 0.0000e+00
      4.498      0.090     7.9195     69.622     39.327  27.271608     1.4997      6.726   339.3243 8.6755e+01     0.6319      4.410      6.396     9.9978 0.0000e+00
      4.525      0.097     7.9723     70.046     39.372  27.283542     1.4768      6.720   339.2707 8.6233e+01     0.6432      4.438      6.436     9.8871 0.0000e+00
      4.555      0.101     8.0469     70.686     39.374  27.277237     1.3612      6.717   338.9276 8.5196e+01     0.6672      4.467      6.479     9.7759 0.0000e+00
      4.584      0.103     8.1468     71.551     39.356  27.258859     1.1583      6.713   338.1871 8.4928e+01     0.7082      4.497      6.522     9.7099 0.0000e+00
      4.609      0.102     8.2630     72.559     39.353  27.251838     1.0544      6.709   338.0606 8.5451e+01     0.7127      4.521      6.557     9.6618 0.0000e+00
      4.633      0.099     8.3879     73.642     39.368  27.255828     1.0421      6.705   338.4309 8.5849e+01     0.6595      4.543      6.589     9.6404 0.0000e+00
      4.658      0.096     8.5109     74.703     39.363  27.243602     1.0097      6.702   338.7920 8.6140e+01     0.6140      4.568      6.624     9.6374 0.0000e+00
      4.683      0.093     8.6204     75.643     39.358  27.230998     0.9562      6.698   339.2437 8.6164e+01     0.6212      4.592      6.660     9.6286 0.0000e+00
      4.707      0.091     8.7074     76.390     39.367  27.230419     0.9199      6.696   339.3322 8.5762e+01     0.6247      4.616      6.695     9.6222 0.0000e+00
      4.730      0.090     8.7674     76.901     39.386  27.236602     0.9108      6.695   338.5709 8.5387e+01     0.6248      4.639      6.729     9.6162 0.0000e+00
      4.751      0.088     8.8054     77.220     39.403  27.242251     0.9188      6.694   337.5249 8.5220e+01     0.6535      4.659      6.757     9.6029 0.0000e+00
      4.773      0.086     8.8294     77.423     39.398  27.235219     0.9620      6.692   337.1818 8.4702e+01     0.6670      4.680      6.787     9.5906 0.0000e+00
      4.796      0.085     8.8461     77.560     39.374  27.215068     1.0197      6.692   337.2614 8.3828e+01     0.6651      4.704      6.822     9.5829 0.0000e+00
      4.818      0.085     8.8585     77.640     39.354  27.189103     1.0376      6.691   337.2834 8.2662e+01     0.6617      4.725      6.853     9.5746 0.0000e+00
      4.838      0.086     8.8687     77.677     39.366  27.175252     1.0313      6.690   337.5339 8.1380e+01     0.6567      4.744      6.881     9.5650 0.0000e+00
      4.858      0.087     8.8771     77.686     39.405  27.174564     1.0081      6.690   338.0533 8.0477e+01     0.6646      4.764      6.910     9.5621 0.0000e+00
      4.879      0.089     8.8810     77.662     39.450  27.180758     0.9594      6.688   338.0562 7.9649e+01     0.6658      4.784      6.938     9.5616 0.0000e+00
      4.903      0.092     8.8830     77.638     39.485  27.186627     0.9290      6.685   337.4831 7.8432e+01     0.6410      4.807      6.972     9.5477 0.0000e+00
      4.929      0.097     8.8887     77.661     39.495  27.182000     0.9162      6.680   337.4047 7.6979e+01     0.6088      4.834      7.012     9.5160 0.0000e+00
      4.954      0.101     8.9025     77.764     39.515  27.188304     0.8691      6.674   337.7963 7.5682e+01     0.6120      4.857      7.045     9.4768 0.0000e+00
      4.979      0.102     8.9256     77.952     39.539  27.199338     0.8095      6.667   338.1740 7.4436e+01     0.6498      4.880      7.079     9.4433 0.0000e+00
      5.006      0.102     8.9569     78.215     39.530  27.188418     0.7939      6.661   338.6163 7.3085e+01     0.6385      4.910      7.121     9.4214 0.0000e+00
      5.035      0.099     8.9961     78.550     39.527  27.183262     0.7907      6.657   338.8425 7.1854e+01     0.5967      4.937      7.161     9.4085 0.0000e+00
      5.062      0.094     9.0372     78.906     39.553  27.200484     0.7793      6.652   338.6722 7.0739e+01     0.6025      4.965      7.201     9.3999 0.0000e+00
      5.086      0.088     9.0718     79.208     39.561  27.206153     0.7856      6.648   338.6219 6.9825e+01     0.6480      4.989      7.238     9.3928 0.0000e+00
      5.106      0.081     9.0998     79.453     39.535  27.188312     0.7927      6.643   338.9229 6.9160e+01     0.6888      5.008      7.264     9.3868 0.0000e+00
      5.123      0.076     9.1232     79.655     39.518  27.175254     0.7821      6.639   339.2134 6.8648e+01     0.6688      5.024      7.287     9.3827 0.0000e+00
      5.141      0.074     9.1378     79.781     39.520  27.175264     0.7493      6.635   339.3817 6.8272e+01     0.6502      5.041      7.312     9.3813 0.0000e+00
      5.158      0.074     9.1428     79.821     39.540  27.188437     0.6997      6.631   339.5812 6.7790e+01     0.6469      5.059      7.337     9.3823 0.0000e+00
      5.176      0.075     9.1430     79.820     39.570  27.207529     0.6787      6.628   340.2484 6.7216e+01     0.5975      5.076      7.363     9.3833 0.0000e+00
      5.196      0.078     9.1424     79.810     39.584  27.215599     0.6878      6.624   341.1683 6.6637e+01     0.5726      5.095      7.389     9.3818 0.0000e+00
      5.217      0.082     9.1421     79.805     39.595  27.222516     0.6908      6.622   341.4113 6.5921e+01     0.5898      5.116      7.418     9.3795 0.0000e+00
      5.239      0.084     9.1396     79.783     39.603  27.227669     0.6970      6.622   341.2065 6.5266e+01     0.6232      5.139      7.453     9.3790 0.0000e+00
      5.261      0.084     9.1334     79.728     39.584  27.214403     0.7070      6.621   340.8438 6.4731e+01     0.6711      5.159      7.482     9.3771 0.0000e+00
      5.283      0.083     9.1269     79.670     39.548  27.189119     0.7022      6.619   340.2951 6.4071e+01     0.6804      5.180      7.514     9.3738 0.0000e+00
      5.306      0.082     9.1196     79.604     39.530  27.175946     0.6934      6.619   340.0794 6.3447e+01     0.6440      5.205      7.549     9.3734 0.0000e+00
      5.326      0.081     9.1097     79.516     39.541  27.182130     0.6742      6.620   340.9029 6.2847e+01     0.6586      5.224      7.576     9.3737 0.0000e+00
      5.345      0.081     9.0994     79.425     39.568  27.200383     0.6361      6.621   342.3368 6.2099e+01     0.7652      5.241      7.602     9.3729 0.0000e+00
      5.364      0.080     9.0877     79.322     39.577  27.206146     0.6180      6.620   342.9616 6.1495e+01     0.8645      5.259      7.628     9.3720 0.0000e+00
      5.385      0.079     9.0776     79.233     39.551  27.188313     0.6210      6.620   342.6926 6.0919e+01     0.8825      5.280      7.657     9.3712 0.0000e+00
      5.407      0.079     9.0735     79.198     39.532  27.175254     0.6363      6.619   342.1817 6.0141e+01     0.7996      5.302      7.690     9.3700 0.0000e+00
      5.428      0.078     9.0713     79.180     39.531  27.175253     0.6648      6.618   341.9459 5.9406e+01     0.6867      5.324      7.722     9.3690 0.0000e+00
      5.447      0.077     9.0691     79.163     39.548  27.188297     0.6801      6.616   342.0791 5.8705e+01     0.6470      5.342      7.748     9.3689 0.0000e+00
      5.465      0.076     9.0711     79.183     39.573  27.205973     0.6841      6.616   342.5873 5.7866e+01     0.6552      5.358      7.772     9.3691 0.0000e+00
      5.484      0.074     9.0756     79.223     39.562  27.198483     0.6667      6.616   343.4452 5.7112e+01     0.6631      5.378      7.800     9.3689 0.0000e+00
      5.503      0.074     9.0767     79.232     39.508  27.161223     0.6349      6.615   343.8480 5.6571e+01     0.6820      5.397      7.827     9.3699 0.0000e+00
      5.521      0.073     9.0783     79.244     39.473  27.136463     0.6306      6.615   343.6710 5.5961e+01     0.7004      5.414      7.853     9.3714 0.0000e+00
      5.541      0.072     9.0822     79.275     39.498  27.153104     0.6333      6.614   343.2849 5.5241e+01     0.6710      5.433      7.881     9.3718 0.0000e+00
      5.560      0.071     9.0849     79.297     39.527  27.171934     0.6218      6.614   342.7924 5.4538e+01     0.6326      5.453      7.910     9.3727 0.0000e+00
      5.578      0.069     9.0851     79.294     39.532  27.173631     0.6108      6.614   342.6204 5.3815e+01     0.6326      5.471      7.936     9.3730 0.0000e+00
      5.595      0.068     9.0836     79.273     39.537  27.173631     0.6102      6.613   342.9260 5.3182e+01     0.6408      5.486      7.958     9.3712 0.0000e+00
      5.611      0.068     9.0830     79.259     39.540  27.171927     0.6157      6.612   343.3036 5.2822e+01     0.6407      5.503      7.981     9.3696 0.0000e+00
      5.627      0.068     9.0823     79.246     39.517  27.153023     0.6117      6.611   343.4007 5.2532e+01     0.6303      5.519      8.003     9.3698 0.0000e+00
      5.644      0.067     9.0807     79.228     39.494  27.135549     0.6078      6.611   343.3255 5.2068e+01     0.6683      5.534      8.026     9.3677 0.0000e+00
      5.663      0.066     9.0779     79.201     39.518  27.151148     0.6150      6.609   343.4273 5.1398e+01     0.7942      5.554      8.055     9.3618 0.0000e+00
      5.683      0.066     9.0749     79.173     39.519  27.151133     0.6250      6.607   343.7718 5.0675e+01     0.8710      5.574      8.085     9.3566 0.0000e+00
      5.698      0.066     9.0749     79.172     39.496  27.135363     0.6285      6.606   343.5332 5.0090e+01     0.8645      5.589      8.106     9.3535 0.0000e+00
      5.712      0.067     9.0780     79.199     39.519  27.150963     0.6201      6.603   342.7790 4.9615e+01     0.8680      5.601      8.123     9.3513 0.0000e+00
      5.726      0.071     9.0802     79.219     39.517  27.149259     0.6147      6.599   342.7404 4.9207e+01     0.8831      5.615      8.145     9.3499 0.0000e+00
      5.743      0.076     9.0804     79.221     39.467  27.114769     0.6277      6.595   343.0669 4.8670e+01     0.8937      5.630      8.165     9.3496 0.0000e+00
      5.764      0.082     9.0812     79.229     39.467  27.114925     0.6402      6.590   343.4565 4.7981e+01     0.8752      5.651      8.196     9.3494 0.0000e+00
      5.788      0.087     9.0827     79.243     39.519  27.151149     0.6367      6.586   344.1813 4.7356e+01     0.8425      5.676      8.233     9.3491 0.0000e+00
      5.813      0.089     9.0804     79.223     39.549  27.171759     0.6315      6.582   344.6896 4.6643e+01     0.8641      5.700      8.267     9.3490 0.0000e+00
      5.838      0.089     9.0744     79.170     39.551  27.173632     0.6322      6.579   344.0954 4.5797e+01     0.9223      5.726      8.304     9.3490 0.0000e+00
      5.862      0.088     9.0714     79.143     39.552  27.173802     0.6272      6.577   342.8483 4.5145e+01     0.9366      5.749      8.339     9.3494 0.0000e+00
      5.883      0.086     9.0700     79.131     39.552  27.173804     0.6172      6.576   342.5160 4.4714e+01     0.9149      5.769      8.368     9.3502 0.0000e+00
      5.902      0.084     9.0668     79.102     39.552  27.173649     0.6116      6.574   342.8315 4.4252e+01     0.9037      5.788      8.395     9.3506 0.0000e+00
      5.922      0.082     9.0663     79.097     39.550  27.171932     0.6155      6.572   343.3071 4.3729e+01     0.8930      5.807      8.422     9.3507 0.0000e+00
      5.943      0.080     9.0702     79.131     39.523  27.153038     0.6278      6.571   343.8787 4.3214e+01     0.8773      5.828      8.452     9.3502 0.0000e+00
      5.966      0.076     9.0759     79.181     39.497  27.135705     0.6315      6.570   344.0640 4.2711e+01     0.8658      5.851      8.486     9.3496 0.0000e+00
      5.987      0.071     9.0825     79.240     39.521  27.152852     0.6228      6.570   343.8271 4.2232e+01     0.7850      5.872      8.517     9.3491 0.0000e+00
      6.005      0.066     9.0884     79.293     39.545  27.169870     0.6144      6.570   343.1652 4.1780e+01     0.6635      5.890      8.542     9.3489 0.0000e+00
      6.020      0.062     9.0927     79.333     39.517  27.150963     0.6125      6.570   342.6861 4.1413e+01     0.6485      5.905      8.564     9.3489 0.0000e+00
      6.033      0.060     9.0976     79.375     39.464  27.114753     0.6185      6.568   343.0237 4.1137e+01     0.6946      5.916      8.580     9.3490 0.0000e+00
      6.044      0.064     9.1026     79.417     39.462  27.113050     0.6223      6.564   343.6342 4.0824e+01     0.7017      5.926      8.595     9.3496 0.0000e+00
      6.058      0.073     9.1034     79.422     39.489  27.130369     0.6220      6.559   343.9591 4.0509e+01     0.6736      5.941      8.617     9.3510 0.0000e+00
      6.074      0.082     9.1010     79.400     39.494  27.133660     0.6237      6.555   344.4561 4.0056e+01     0.6605      5.955      8.637     9.3521 0.0000e+00
      6.098      0.088     9.1005     79.396     39.523  27.152836     0.6243      6.555   345.0846 3.9247e+01     0.6645      5.975      8.666     9.3516 0.0000e+00
