Data/DataNotYetUploadedToEDI/Raw_CTD/RawDownloads/051418_fcr20.cnv
* Sea-Bird SBE19plus  Data File:
* FileName = C:\DATA\051418_fcr_0003.hex
* Software version 2.6.3.104 SB_Terminal.dll
* Temperature SN = 7809
* Conductivity SN = 7809
* System UpLoad Time = May 14 2018 15:31:21
* <ApplicationData>
* <Seaterm232>
# nquan = 15
# nvalues = 683                         
# units = specified
# name 0 = depFM: Depth [fresh water, m]
# name 1 = dz/dtM: Descent Rate [m/s]
# name 2 = sbeox0Mg/L: Oxygen, SBE 43 [mg/l]
# name 3 = sbeox0PS: Oxygen, SBE 43 [% saturation]
# name 4 = specc: Specific Conductance [uS/cm]
# name 5 = c0uS/cm: Conductivity [uS/cm]
# name 6 = flECO-AFL: Fluorescence, WET Labs ECO-AFL/FL [mg/m^3]
# name 7 = ph: pH
# name 8 = orp: Oxidation Reduction Potential [mV]
# name 9 = par/sat/log: PAR/Logarithmic, Satlantic
# name 10 = turbWETntu0: Turbidity, WET Labs ECO [NTU]
# name 11 = prdM: Pressure, Strain Gauge [db]
# name 12 = prdE: Pressure, Strain Gauge [psi]
# name 13 = tv290C: Temperature [ITS-90, deg C]
# name 14 = flag:  0.000e+00
# span 0 =     -0.122,      3.512       
# span 1 =     -0.166,      0.143       
# span 2 =     3.4117,    13.3591       
# span 3 =     32.344,    139.206       
# span 4 =     32.936,     42.213       
# span 5 =  27.443331,  35.978400       
# span 6 =     0.5467,     1.9547       
# span 7 =      6.977,      8.450       
# span 8 =   240.4354,   325.5987       
# span 9 = 7.5441e+01, 2.7968e+03       
# span 10 =    -0.0434,     8.0141      
# span 11 =     -0.124,      3.445      
# span 12 =     -0.182,      4.996      
# span 13 =    12.9280,    24.4502      
# span 14 = 0.0000e+00, 0.0000e+00      
# interval = seconds: 0.25
# start_time = May 14 2018 16:13:38 [Instrument's time stamp, header]
# bad_flag = -9.990e-29
*END*
[from data line 97]
     -0.047      0.000     6.1702     73.004     36.271  35.388094     0.7927      7.454   279.4850 1.6545e+03     0.1754     -0.047     -0.068    23.8220 0.0000e+00
     -0.046      0.001     6.1469     72.719     36.277  35.389461     0.7912      7.452   279.8790 1.9993e+03     0.1374     -0.045     -0.066    23.8114 0.0000e+00
     -0.045      0.001     6.1271     72.480     36.295  35.404609     0.7677      7.447   280.2130 2.0326e+03     0.1831     -0.044     -0.064    23.7997 0.0000e+00
     -0.045      0.001     6.1078     72.250     36.336  35.444201     0.7297      7.444   280.4251 2.0390e+03     0.3316     -0.044     -0.064    23.7867 0.0000e+00
     -0.045      0.000     6.0871     72.008     36.379  35.487041     0.7174      7.444   280.5511 2.0424e+03     0.4366     -0.044     -0.064    23.7762 0.0000e+00
     -0.046     -0.001     6.0613     71.712     36.429  35.541448     0.7197      7.444   280.7038 2.0426e+03     0.4459     -0.045     -0.065    23.7702 0.0000e+00
     -0.046     -0.003     6.0289     71.346     36.474  35.593863     0.7398      7.443   280.7231 2.0401e+03     0.4752     -0.045     -0.066    23.7674 0.0000e+00
     -0.046     -0.004     5.9902     70.906     36.483  35.612628     0.7943      7.441   280.5258 2.0441e+03     0.5463     -0.045     -0.065    23.7663 0.0000e+00
     -0.047     -0.005     5.9465     70.402     36.504  35.641312     0.8365      7.439   280.5552 2.0302e+03     0.6037     -0.045     -0.066    23.7674 0.0000e+00
     -0.049     -0.006     5.8995     69.854     36.546  35.686605     0.8457      7.435   280.8210 1.9852e+03     0.6193     -0.047     -0.069    23.7737 0.0000e+00
     -0.052     -0.006     5.8502     69.276     36.573  35.715610     0.8227      7.431   280.9865 1.9507e+03     0.5527     -0.051     -0.075    23.7876 0.0000e+00
     -0.054     -0.006     5.8026     68.717     36.593  35.737922     0.7889      7.429   281.0933 1.9394e+03     0.4085     -0.054     -0.078    23.8037 0.0000e+00
     -0.055     -0.005     5.7589     68.203     36.619  35.765812     0.7767      7.429   281.2518 1.9219e+03     0.3102     -0.054     -0.078    23.8137 0.0000e+00
     -0.056     -0.004     5.7169     67.709     36.651  35.798742     0.7763      7.429   281.4397 1.7694e+03     0.3410     -0.054     -0.079    23.8194 0.0000e+00
     -0.057     -0.002     5.6778     67.250     36.669  35.818467     0.7743      7.428   281.6447 1.2124e+03     0.4146     -0.055     -0.080    23.8234 0.0000e+00
     -0.058      0.001     5.6447     66.863     36.661  35.813741     0.7713      7.423   281.8381 5.3481e+02     0.4063     -0.056     -0.081    23.8263 0.0000e+00
     -0.058      0.003     5.6171     66.540     36.649  35.805136     0.7674      7.411   281.9708 7.7718e+02     0.3624     -0.057     -0.083    23.8290 0.0000e+00
     -0.057      0.006     5.5927     66.258     36.618  35.777956     0.7639      7.397   282.1311 1.7941e+03     0.3723     -0.057     -0.082    23.8319 0.0000e+00
     -0.055      0.008     5.5702     65.998     36.574  35.739196     0.7750      7.387   282.3139 2.3776e+03     0.3737     -0.054     -0.078    23.8354 0.0000e+00
     -0.051      0.008     5.5492     65.754     36.548  35.717626     0.7918      7.383   282.4589 2.4671e+03     0.3488     -0.050     -0.072    23.8386 0.0000e+00
     -0.047      0.008     5.5297     65.527     36.537  35.707736     0.7925      7.387   282.5941 2.4996e+03     0.3460     -0.045     -0.066    23.8425 0.0000e+00
     -0.045      0.007     5.5112     65.308     36.512  35.683137     0.7826      7.395   282.7438 2.5152e+03     0.3393     -0.043     -0.062    23.8479 0.0000e+00
     -0.044      0.005     5.4937     65.098     36.503  35.674291     0.7735      7.403   282.9778 2.5202e+03     0.3602     -0.043     -0.062    23.8539 0.0000e+00
     -0.044      0.002     5.4764     64.893     36.558  35.727819     0.7748      7.408   283.2733 2.5186e+03     0.4149     -0.043     -0.063    23.8589 0.0000e+00
     -0.043     -0.001     5.4586     64.684     36.588  35.758641     0.7806      7.413   283.4773 2.5131e+03     0.4209     -0.043     -0.062    23.8616 0.0000e+00
     -0.043     -0.003     5.4419     64.494     36.554  35.729352     0.7785      7.417   283.5523 2.5044e+03     0.4021     -0.041     -0.060    23.8611 0.0000e+00
     -0.044     -0.004     5.4279     64.334     36.511  35.691310     0.7775      7.420   283.7496 2.4967e+03     0.4012     -0.042     -0.061    23.8587 0.0000e+00
     -0.046     -0.004     5.4165     64.200     36.499  35.679809     0.7958      7.421   284.0561 2.4943e+03     0.4417     -0.044     -0.064    23.8575 0.0000e+00
     -0.049     -0.003     5.4064     64.077     36.539  35.717336     0.8252      7.423   284.2463 2.5016e+03     0.5246     -0.048     -0.070    23.8601 0.0000e+00
     -0.050     -0.002     5.3983     63.980     36.588  35.763913     0.8382      7.423   284.4151 2.5189e+03     0.5796     -0.051     -0.074    23.8667 0.0000e+00
     -0.050     -0.001     5.3915     63.902     36.621  35.798310     0.8340      7.421   284.6337 2.5344e+03     0.6191     -0.050     -0.073    23.8732 0.0000e+00
     -0.048      0.000     5.3849     63.830     36.635  35.815623     0.8204      7.417   284.8244 2.5397e+03     0.6049     -0.046     -0.067    23.8742 0.0000e+00
     -0.047      0.001     5.3801     63.780     36.597  35.782680     0.8027      7.416   284.9141 2.5372e+03     0.4990     -0.044     -0.064    23.8693 0.0000e+00
     -0.047      0.001     5.3767     63.744     36.527  35.717614     0.7848      7.416   284.8591 2.5282e+03     0.4069     -0.045     -0.065    23.8664 0.0000e+00
     -0.048      0.000     5.3728     63.699     36.472  35.664149     0.7696      7.417   284.8474 2.5128e+03     0.3767     -0.047     -0.069    23.8698 0.0000e+00
     -0.049     -0.001     5.3681     63.639     36.454  35.644410     0.7658      7.418   285.0294 2.4979e+03     0.3776     -0.049     -0.071    23.8760 0.0000e+00
     -0.049     -0.001     5.3620     63.561     36.483  35.669510     0.7852      7.419   285.2531 2.4906e+03     0.3875     -0.048     -0.070    23.8828 0.0000e+00
     -0.048     -0.000     5.3532     63.452     36.532  35.713549     0.8197      7.419   285.4875 2.4926e+03     0.4055     -0.047     -0.069    23.8875 0.0000e+00
     -0.047      0.001     5.3419     63.314     36.553  35.732224     0.8341      7.419   285.7983 2.5020e+03     0.4118     -0.046     -0.067    23.8878 0.0000e+00
     -0.047      0.001     5.3300     63.172     36.591  35.768250     0.8306      7.418   286.0854 2.5122e+03     0.4024     -0.046     -0.067    23.8839 0.0000e+00
     -0.047      0.000     5.3201     63.057     36.655  35.831529     0.8326      7.417   286.2057 2.5194e+03     0.4141     -0.047     -0.068    23.8782 0.0000e+00
     -0.047     -0.002     5.3146     62.998     36.682  35.862094     0.8314      7.416   286.2202 2.5219e+03     0.4310     -0.046     -0.067    23.8732 0.0000e+00
     -0.047     -0.005     5.3169     63.034     36.698  35.883729     0.8253      7.416   286.3474 2.5188e+03     0.4225     -0.045     -0.066    23.8707 0.0000e+00
     -0.047     -0.007     5.3295     63.193     36.711  35.902561     0.8231      7.416   286.5394 2.5166e+03     0.4035     -0.045     -0.065    23.8690 0.0000e+00
     -0.051     -0.008     5.3507     63.455     36.701  35.899221     0.8134      7.416   286.6488 2.5290e+03     0.3840     -0.049     -0.072    23.8699 0.0000e+00
     -0.055     -0.008     5.3772     63.779     36.703  35.906887     0.7911      7.416   286.8096 2.5536e+03     0.3701     -0.055     -0.080    23.8769 0.0000e+00
     -0.058     -0.007     5.4042     64.108     36.723  35.931732     0.7743      7.416   287.1936 2.5636e+03     0.3581     -0.057     -0.083    23.8846 0.0000e+00
     -0.059     -0.006     5.4287     64.405     36.733  35.945539     0.7751      7.416   287.5914 2.5574e+03     0.3610     -0.058     -0.084    23.8927 0.0000e+00
     -0.059     -0.004     5.4500     64.660     36.732  35.946792     0.7641      7.416   287.7469 2.5562e+03     0.3740     -0.058     -0.084    23.9022 0.0000e+00
     -0.059     -0.002     5.4675     64.870     36.731  35.946885     0.7334      7.416   287.8690 2.5603e+03     0.3940     -0.057     -0.083    23.9108 0.0000e+00
     -0.060     -0.001     5.4824     65.049     36.729  35.946660     0.7251      7.415   288.0359 2.5593e+03     0.4204     -0.059     -0.084    23.9181 0.0000e+00
     -0.060     -0.000     5.4952     65.207     36.723  35.944077     0.7288      7.413   288.2159 2.5151e+03     0.4175     -0.059     -0.085    23.9230 0.0000e+00
     -0.061      0.001     5.5050     65.334     36.688  35.915661     0.7222      7.411   288.4104 2.1196e+03     0.4504     -0.060     -0.087    23.9258 0.0000e+00
     -0.061      0.003     5.5093     65.395     36.622  35.857177     0.7190      7.411   288.4951 1.7616e+03     0.5431     -0.060     -0.088    23.9264 0.0000e+00
     -0.060      0.005     5.5033     65.331     36.569  35.808668     0.7175      7.411   288.6376 2.0611e+03     0.5936     -0.059     -0.086    23.9270 0.0000e+00
     -0.057      0.006     5.4877     65.147     36.532  35.773812     0.7140      7.410   288.7573 1.9469e+03     0.6033     -0.056     -0.081    23.9319 0.0000e+00
     -0.055      0.006     5.4663     64.892     36.511  35.753345     0.7129      7.409   288.6522 1.0986e+03     0.5987     -0.053     -0.077    23.9413 0.0000e+00
     -0.053      0.005     5.4396     64.573     36.510  35.751763     0.7226      7.408   288.5714 7.8094e+02     0.5375     -0.052     -0.076    23.9510 0.0000e+00
     -0.051      0.003     5.4086     64.205     36.513  35.754686     0.7494      7.406   288.6405 1.1268e+03     0.4736     -0.050     -0.073    23.9570 0.0000e+00
     -0.051      0.001     5.3749     63.806     36.547  35.788690     0.7702      7.404   288.7128 1.2697e+03     0.4672     -0.049     -0.071    23.9585 0.0000e+00
     -0.052     -0.001     5.3413     63.407     36.606  35.845290     0.7716      7.404   288.6713 1.2978e+03     0.4604     -0.050     -0.073    23.9564 0.0000e+00
     -0.053     -0.001     5.3115     63.055     36.627  35.867322     0.7839      7.405   288.5686 1.8235e+03     0.4219     -0.053     -0.076    23.9543 0.0000e+00
     -0.054     -0.001     5.2853     62.749     36.621  35.864508     0.8088      7.405   288.5901 2.3632e+03     0.3678     -0.054     -0.078    23.9555 0.0000e+00
     -0.054     -0.001     5.2613     62.473     36.626  35.874804     0.8248      7.404   288.7587 2.5263e+03     0.3554     -0.053     -0.077    23.9566 0.0000e+00
     -0.053     -0.001     5.2414     62.246     36.610  35.864771     0.8308      7.402   288.8870 2.5527e+03     0.3940     -0.052     -0.076    23.9550 0.0000e+00
     -0.053     -0.001     5.2272     62.084     36.546  35.806734     0.7975      7.399   288.9361 2.4721e+03     0.4081     -0.052     -0.076    23.9550 0.0000e+00
     -0.053     -0.001     5.2156     61.947     36.482  35.744785     0.7265      7.397   289.0082 2.3585e+03     0.4040     -0.052     -0.076    23.9604 0.0000e+00
     -0.054     -0.001     5.2041     61.802     36.429  35.687457     0.6799      7.395   289.1574 2.3327e+03     0.4352     -0.053     -0.077    23.9690 0.0000e+00
     -0.055     -0.001     5.1933     61.659     36.372  35.621761     0.6745      7.393   289.2766 2.2521e+03     0.4798     -0.054     -0.078    23.9773 0.0000e+00
     -0.055     -0.000     5.1833     61.520     36.348  35.585658     0.6980      7.392   289.3307 2.0620e+03     0.4557     -0.054     -0.078    23.9846 0.0000e+00
     -0.055      0.001     5.1744     61.392     36.345  35.568530     0.7348      7.389   289.4679 2.0588e+03     0.3879     -0.054     -0.078    23.9866 0.0000e+00
     -0.055      0.002     5.1695     61.311     36.332  35.541690     0.7605      7.385   289.6449 2.2879e+03     0.3622     -0.055     -0.080    23.9788 0.0000e+00
     -0.054      0.004     5.1717     61.317     36.318  35.515208     0.7707      7.384   289.8359 2.4472e+03     0.3882     -0.054     -0.078    23.9644 0.0000e+00
     -0.053      0.004     5.1817     61.424     36.312  35.502406     0.7837      7.385   289.9712 2.4777e+03     0.4280     -0.052     -0.075    23.9463 0.0000e+00
     -0.051      0.004     5.1960     61.594     36.324  35.513934     0.8075      7.385   289.9894 2.4812e+03     0.4165     -0.050     -0.072    23.9272 0.0000e+00
     -0.049      0.004     5.2104     61.772     36.334  35.527542     0.8196      7.386   290.0564 2.4294e+03     0.3711     -0.048     -0.070    23.9061 0.0000e+00
     -0.048      0.003     5.2223     61.919     36.342  35.539903     0.8196      7.387   290.1787 2.2412e+03     0.3669     -0.047     -0.068    23.8861 0.0000e+00
     -0.048      0.001     5.2311     62.024     36.339  35.536353     0.8262      7.387   290.2632 2.1317e+03     0.3969     -0.047     -0.068    23.8753 0.0000e+00
     -0.049      0.000     5.2356     62.070     36.290  35.484624     0.8352      7.387   290.3040 2.3013e+03     0.3982     -0.048     -0.070    23.8762 0.0000e+00
     -0.049     -0.001     5.2336     62.035     36.103  35.295577     0.8362      7.387   290.2425 2.4596e+03     0.3525     -0.048     -0.070    23.8847 0.0000e+00
     -0.049     -0.001     5.2322     62.000     35.777  34.965647     0.8383      7.389   290.1216 2.4687e+03     0.3316     -0.048     -0.069    23.8926 0.0000e+00
     -0.049      0.000     5.2818     62.543     35.569  34.734987     0.8428      7.390   290.2186 2.3323e+03     0.3600     -0.048     -0.069    23.8927 0.0000e+00
     -0.049 5.6850e-07     5.4908     64.937     35.545  34.666322     0.8164      7.389   290.5552 2.1095e+03     0.4207     -0.048     -0.069    23.8862 0.0000e+00
     -0.049      0.000     5.9266     69.999     35.572  34.643504     0.7580      7.387   290.8352 2.1319e+03     0.4858     -0.049     -0.072    23.8764 0.0000e+00
     -0.049      0.000     6.5288     77.038     35.616  34.649584     0.7154      7.385   290.9368 2.3545e+03     0.4757     -0.049     -0.071    23.8679 0.0000e+00
     -0.048      0.001     7.1781     84.649     35.668  34.676264     0.7062      7.385   291.0100 2.4645e+03     0.3892     -0.047     -0.068    23.8367 0.0000e+00
     -0.048      0.003     7.7841     91.769     35.717  34.711978     0.7198      7.384   291.1175 2.4649e+03     0.3258     -0.047     -0.068    23.7596 0.0000e+00
     -0.049      0.007     8.2940     97.787     35.768  34.763784     0.7330      7.378   291.0326 2.4567e+03     0.3494     -0.047     -0.068    23.6801 0.0000e+00
     -0.049      0.007     8.6719    102.289     35.782  34.794500     0.7281      7.373   290.8429 2.4525e+03     0.3999     -0.049     -0.071    23.6299 0.0000e+00
     -0.047      0.003     8.8938    104.965     35.731  34.765794     0.7167      7.371   290.8032 2.4380e+03     0.4177     -0.048     -0.070    23.5990 0.0000e+00
     -0.039     -0.002     8.9626    105.809     35.687  34.734325     0.7237      7.372   290.7242 2.4248e+03     0.4118     -0.037     -0.054    23.5807 0.0000e+00
     -0.034     -0.006     8.9127    105.217     35.685  34.731629     0.7574      7.374   290.7482 2.4416e+03     0.3904     -0.028     -0.040    23.5809 0.0000e+00
     -0.039     -0.006     8.7974    103.848     35.689  34.733190     0.7741      7.376   291.0934 2.4634e+03     0.3725     -0.036     -0.052    23.6104 0.0000e+00
     -0.052     -0.005     8.6660    102.305     35.706  34.753195     0.7695      7.375   291.3711 2.4748e+03     0.3786     -0.054     -0.078    23.6516 0.0000e+00
     -0.061     -0.003     8.5472    100.929     35.727  34.782956     0.7757      7.371   291.4382 2.4900e+03     0.4033     -0.064     -0.093    23.6678 0.0000e+00
