Data/DataNotYetUploadedToEDI/Raw_CTD/RawDownloads/051418_fcr49.cnv
* Sea-Bird SBE19plus  Data File:
* FileName = C:\DATA\051418_fcr_0006.hex
* Software version 2.6.3.104 SB_Terminal.dll
* Temperature SN = 7809
* Conductivity SN = 7809
* System UpLoad Time = May 14 2018 15:32:34
* <ApplicationData>
* <Seaterm232>
# nquan = 15
# nvalues = 845                         
# units = specified
# name 0 = depFM: Depth [fresh water, m]
# name 1 = dz/dtM: Descent Rate [m/s]
# name 2 = sbeox0Mg/L: Oxygen, SBE 43 [mg/l]
# name 3 = sbeox0PS: Oxygen, SBE 43 [% saturation]
# name 4 = specc: Specific Conductance [uS/cm]
# name 5 = c0uS/cm: Conductivity [uS/cm]
# name 6 = flECO-AFL: Fluorescence, WET Labs ECO-AFL/FL [mg/m^3]
# name 7 = ph: pH
# name 8 = orp: Oxidation Reduction Potential [mV]
# name 9 = par/sat/log: PAR/Logarithmic, Satlantic
# name 10 = turbWETntu0: Turbidity, WET Labs ECO [NTU]
# name 11 = prdM: Pressure, Strain Gauge [db]
# name 12 = prdE: Pressure, Strain Gauge [psi]
# name 13 = tv290C: Temperature [ITS-90, deg C]
# name 14 = flag:  0.000e+00
# span 0 =     -0.117,      9.469       
# span 1 =     -0.211,      0.143       
# span 2 =     4.9133,    10.2636       
# span 3 =     60.083,    108.969       
# span 4 =     34.192,     39.612       
# span 5 =  27.065244,  37.105651       
# span 6 =     0.2925,     3.2998       
# span 7 =      6.458,      7.520       
# span 8 =   279.4107,   354.7086       
# span 9 = 5.9941e+00, 2.5697e+03       
# span 10 =    -0.4162,     1.2584      
# span 11 =     -0.116,      9.288      
# span 12 =     -0.168,     13.471      
# span 13 =     9.3292,    25.7825      
# span 14 = 0.0000e+00, 0.0000e+00      
# interval = seconds: 0.25
# start_time = May 14 2018 17:35:25 [Instrument's time stamp, header]
# bad_flag = -9.990e-29
*END*
[from data line 675]
      6.160      0.092     9.0994     79.383     39.552  27.171587     0.5765      6.557   344.4300 3.8038e+01     0.7781      6.046      8.768     9.3497 0.0000e+00
      6.183      0.090     9.0959     79.351     39.522  27.151135     0.5527      6.557   343.9932 3.7592e+01     0.8524      6.065      8.796     9.3491 0.0000e+00
      6.202      0.086     9.0912     79.309     39.470  27.114939     0.5534      6.557   343.6950 3.7160e+01     0.8574      6.082      8.821     9.3490 0.0000e+00
      6.220      0.081     9.0875     79.278     39.470  27.114926     0.5673      6.558   343.5773 3.6838e+01     0.7775      6.100      8.847     9.3484 0.0000e+00
      6.238      0.079     9.0840     79.249     39.521  27.150978     0.6011      6.558   344.2906 3.6418e+01     0.6497      6.116      8.871     9.3474 0.0000e+00
      6.258      0.079     9.0801     79.216     39.548  27.169856     0.6216      6.558   345.3508 3.5918e+01     0.5933      6.136      8.900     9.3465 0.0000e+00
      6.281      0.082     9.0783     79.201     39.523  27.152682     0.6136      6.558   345.5553 3.5477e+01     0.6149      6.160      8.935     9.3464 0.0000e+00
      6.302      0.084     9.0785     79.203     39.495  27.133817     0.6140      6.557   345.3010 3.5042e+01     0.6362      6.181      8.965     9.3468 0.0000e+00
      6.323      0.085     9.0814     79.228     39.493  27.132257     0.6172      6.556   344.9431 3.4583e+01     0.6378      6.200      8.992     9.3475 0.0000e+00
      6.345      0.085     9.0876     79.282     39.495  27.133832     0.6064      6.555   344.3251 3.4149e+01     0.6645      6.222      9.024     9.3485 0.0000e+00
      6.368      0.085     9.0926     79.327     39.522  27.152852     0.6030      6.556   344.2812 3.3753e+01     0.7140      6.246      9.059     9.3487 0.0000e+00
      6.389      0.086     9.0938     79.339     39.548  27.171728     0.6132      6.556   345.3587 3.3355e+01     0.7480      6.266      9.088     9.3485 0.0000e+00
      6.410      0.086     9.0918     79.322     39.548  27.171573     0.6191      6.556   346.7709 3.2971e+01     0.7705      6.287      9.118     9.3487 0.0000e+00
      6.432      0.085     9.0865     79.276     39.518  27.150965     0.6190      6.554   347.5899 3.2606e+01     0.7728      6.308      9.149     9.3488 0.0000e+00
      6.455      0.085     9.0779     79.200     39.463  27.113057     0.6214      6.552   347.7758 3.2178e+01     0.7755      6.329      9.180     9.3497 0.0000e+00
      6.478      0.085     9.0667     79.102     39.436  27.094218     0.6291      6.551   347.5556 3.1775e+01     0.8031      6.352      9.213     9.3504 0.0000e+00
      6.499      0.086     9.0567     79.013     39.466  27.113683     0.6401      6.548   347.2511 3.1448e+01     0.8330      6.373      9.244     9.3502 0.0000e+00
      6.519      0.088     9.0514     78.964     39.531  27.157907     0.6621      6.545   347.3631 3.1083e+01     0.8313      6.393      9.272     9.3503 0.0000e+00
      6.540      0.090     9.0501     78.950     39.571  27.184446     0.6839      6.543   347.8770 3.0683e+01     0.8131      6.414      9.302     9.3499 0.0000e+00
      6.564      0.092     9.0513     78.960     39.567  27.180561     0.6824      6.541   348.3024 3.0239e+01     0.8267      6.436      9.334     9.3492 0.0000e+00
      6.589      0.093     9.0539     78.983     39.558  27.174436     0.6621      6.539   348.4621 2.9753e+01     0.8425      6.460      9.370     9.3490 0.0000e+00
      6.615      0.093     9.0559     79.000     39.557  27.173884     0.6231      6.538   348.6032 2.9332e+01     0.8207      6.487      9.409     9.3481 0.0000e+00
      6.640      0.092     9.0577     79.016     39.557  27.173894     0.5960      6.538   348.8037 2.8964e+01     0.8077      6.512      9.446     9.3465 0.0000e+00
      6.664      0.089     9.0629     79.062     39.557  27.174552     0.6102      6.538   348.9085 2.8624e+01     0.8379      6.536      9.480     9.3455 0.0000e+00
      6.684      0.087     9.0693     79.119     39.567  27.181838     0.6301      6.538   348.4071 2.8339e+01     0.8813      6.556      9.508     9.3455 0.0000e+00
      6.704      0.086     9.0722     79.147     39.589  27.198487     0.6251      6.537   347.5603 2.8029e+01     0.8745      6.573      9.534     9.3457 0.0000e+00
      6.725      0.087     9.0730     79.162     39.566  27.185367     0.6140      6.537   347.4461 2.7659e+01     0.8466      6.594      9.563     9.3458 0.0000e+00
      6.747      0.088     9.0763     79.197     39.511  27.150207     0.6153      6.536   347.6286 2.7294e+01     0.8799      6.616      9.596     9.3462 0.0000e+00
      6.770      0.090     9.0815     79.242     39.517  27.154356     0.6038      6.534   347.7885 2.6950e+01     0.9112      6.638      9.628     9.3459 0.0000e+00
      6.794      0.091     9.0858     79.277     39.544  27.172037     0.5758      6.533   348.3462 2.6605e+01     0.8889      6.661      9.662     9.3473 0.0000e+00
      6.819      0.090     9.0886     79.299     39.548  27.173489     0.5620      6.533   348.6924 2.6252e+01     0.8542      6.687      9.700     9.3532 0.0000e+00
      6.844      0.088     9.0885     79.295     39.547  27.171904     0.5479      6.533   347.9311 2.5914e+01     0.8277      6.713      9.735     9.3568 0.0000e+00
      6.867      0.084     9.0868     79.278     39.521  27.152869     0.5514      6.533   346.7125 2.5608e+01     0.8437      6.733      9.767     9.3552 0.0000e+00
      6.887      0.079     9.0840     79.256     39.492  27.133835     0.5959      6.534   346.4345 2.5321e+01     0.8942      6.753      9.795     9.3538 0.0000e+00
      6.906      0.074     9.0800     79.227     39.487  27.132261     0.6163      6.534   346.6337 2.5047e+01     0.8895      6.772      9.822     9.3531 0.0000e+00
      6.923      0.070     9.0763     79.198     39.487  27.133835     0.6058      6.533   346.7123 2.4801e+01     0.8483      6.790      9.848     9.3520 0.0000e+00
      6.939      0.068     9.0727     79.164     39.515  27.152870     0.6061      6.532   347.1271 2.4573e+01     0.8536      6.805      9.870     9.3489 0.0000e+00
      6.955      0.068     9.0677     79.117     39.545  27.171918     0.6108      6.532   347.7768 2.4340e+01     0.8616      6.820      9.892     9.3493 0.0000e+00
      6.972      0.069     9.0632     79.075     39.550  27.173650     0.6171      6.531   347.5984 2.4106e+01     0.8540      6.837      9.916     9.3558 0.0000e+00
      6.990      0.072     9.0610     79.052     39.552  27.173808     0.6274      6.530   346.6059 2.3895e+01     0.8533      6.855      9.942     9.3578 0.0000e+00
      7.009      0.075     9.0613     79.051     39.554  27.173823     0.6246      6.529   346.1007 2.3703e+01     0.8219      6.874      9.969     9.3552 0.0000e+00
      7.028      0.077     9.0656     79.084     39.557  27.173824     0.6017      6.528   346.1363 2.3509e+01     0.8106      6.892      9.996     9.3533 0.0000e+00
      7.048      0.079     9.0710     79.128     39.559  27.173824     0.5716      6.527   346.3477 2.3303e+01     0.8387      6.911     10.022     9.3516 0.0000e+00
      7.070      0.081     9.0753     79.163     39.561  27.173824     0.5450      6.526   346.7643 2.3075e+01     0.8253      6.934     10.056     9.3501 0.0000e+00
      7.091      0.084     9.0806     79.208     39.561  27.173824     0.5370      6.525   347.1292 2.2824e+01     0.8009      6.955     10.088     9.3479 0.0000e+00
      7.111      0.086     9.0858     79.254     39.561  27.173824     0.5675      6.523   347.3187 2.2573e+01     0.8192      6.974     10.114     9.3452 0.0000e+00
      7.133      0.086     9.0868     79.264     39.560  27.173824     0.6101      6.521   347.3337 2.2325e+01     0.8628      6.995     10.145     9.3433 0.0000e+00
      7.156      0.085     9.0842     79.243     39.559  27.173824     0.6207      6.521   347.2255 2.2035e+01     0.8713      7.018     10.178     9.3421 0.0000e+00
      7.181      0.084     9.0823     79.227     39.559  27.173829     0.6214      6.520   347.1281 2.1725e+01     0.8296      7.042     10.213     9.3410 0.0000e+00
      7.203      0.081     9.0814     79.218     39.560  27.173881     0.6276      6.520   347.0169 2.1478e+01     0.8170      7.065     10.247     9.3411 0.0000e+00
      7.223      0.078     9.0796     79.202     39.561  27.174454     0.6229      6.519   347.0003 2.1285e+01     0.8410      7.085     10.275     9.3429 0.0000e+00
      7.241      0.076     9.0774     79.182     39.570  27.180752     0.6199      6.518   347.7015 2.1105e+01     0.8751      7.101     10.300     9.3440 0.0000e+00
      7.257      0.074     9.0758     79.167     39.579  27.186523     0.6102      6.517   348.7837 2.0919e+01     0.8946      7.117     10.322     9.3436 0.0000e+00
      7.276      0.074     9.0782     79.188     39.571  27.180735     0.5970      6.517   349.1586 2.0711e+01     0.8315      7.134     10.347     9.3432 0.0000e+00
      7.296      0.074     9.0828     79.230     39.561  27.174267     0.6071      6.517   349.0497 2.0511e+01     0.7232      7.155     10.377     9.3429 0.0000e+00
      7.316      0.074     9.0833     79.236     39.556  27.171821     0.6220      6.518   348.7580 2.0334e+01     0.6536      7.174     10.405     9.3425 0.0000e+00
      7.336      0.073     9.0810     79.218     39.524  27.151160     0.6212      6.519   348.2990 2.0158e+01     0.6301      7.195     10.435     9.3421 0.0000e+00
      7.355      0.071     9.0800     79.213     39.469  27.114945     0.6155      6.519   348.1470 1.9995e+01     0.6533      7.214     10.463     9.3423 0.0000e+00
      7.373      0.066     9.0804     79.220     39.467  27.114943     0.6270      6.519   348.8118 1.9848e+01     0.6894      7.229     10.486     9.3430 0.0000e+00
      7.389      0.062     9.0813     79.230     39.518  27.151138     0.6595      6.519   349.9699 1.9705e+01     0.6694      7.246     10.510     9.3436 0.0000e+00
      7.405      0.059     9.0809     79.228     39.547  27.171590     0.6863      6.519   350.5352 1.9602e+01     0.6256      7.264     10.535     9.3447 0.0000e+00
      7.418      0.059     9.0770     79.195     39.547  27.171732     0.7119      6.519   350.3987 1.9541e+01     0.7096      7.276     10.554     9.3470 0.0000e+00
      7.428      0.062     9.0693     79.129     39.519  27.152854     0.7391      6.519   350.1262 1.9421e+01     0.8610      7.284     10.564     9.3497 0.0000e+00
      7.442      0.068     9.0616     79.064     39.490  27.133835     0.7386      6.517   349.9929 1.9222e+01     0.8998      7.296     10.582     9.3504 0.0000e+00
      7.460      0.075     9.0575     79.027     39.488  27.132262     0.7253      6.514   349.9060 1.9004e+01     0.9028      7.314     10.609     9.3505 0.0000e+00
      7.482      0.080     9.0550     79.001     39.493  27.133836     0.7153      6.512   349.9363 1.8753e+01     0.8973      7.336     10.638     9.3510 0.0000e+00
      7.508      0.082     9.0528     78.980     39.522  27.152870     0.7003      6.512   350.1873 1.8480e+01     0.8638      7.362     10.677     9.3523 0.0000e+00
      7.534      0.082     9.0509     78.961     39.551  27.171905     0.6913      6.512   350.3584 1.8265e+01     0.8647      7.390     10.719     9.3544 0.0000e+00
      7.555      0.077     9.0499     78.949     39.555  27.173486     0.6899      6.512   350.4564 1.8129e+01     0.8778      7.411     10.749     9.3529 0.0000e+00
      7.571      0.069     9.0544     78.988     39.553  27.171977     0.6826      6.513   350.5121 1.8017e+01     0.8688      7.426     10.769     9.3502 0.0000e+00
      7.586      0.063     9.0621     79.053     39.528  27.153671     0.6768      6.513   350.4303 1.7890e+01     0.8484      7.441     10.792     9.3493 0.0000e+00
      7.601      0.060     9.0662     79.086     39.514  27.142638     0.6753      6.512   350.3277 1.7792e+01     0.8443      7.456     10.814     9.3480 0.0000e+00
      7.613      0.062     9.0698     79.112     39.550  27.165573     0.6733      6.510   350.4766 1.7742e+01     0.8495      7.467     10.828     9.3466 0.0000e+00
      7.625      0.069     9.0758     79.161     39.569  27.176973     0.6710      6.507   350.8536 1.7647e+01     0.8506      7.477     10.843     9.3462 0.0000e+00
      7.641      0.079     9.0803     79.198     39.536  27.153487     0.6660      6.503   351.0997 1.7452e+01     0.8572      7.492     10.866     9.3456 0.0000e+00
      7.663      0.089     9.0831     79.221     39.511  27.135597     0.6500      6.500   351.2154 1.7195e+01     0.8688      7.513     10.896     9.3439 0.0000e+00
      7.690      0.098     9.0858     79.244     39.534  27.151158     0.6246      6.498   351.3060 1.6918e+01     0.8693      7.541     10.937     9.3412 0.0000e+00
      7.721      0.103     9.0878     79.261     39.534  27.151141     0.6160      6.497   351.3342 1.6621e+01     0.8621      7.573     10.984     9.3388 0.0000e+00
      7.751      0.104     9.0890     79.271     39.511  27.135383     0.6198      6.497   351.0406 1.6324e+01     0.8433      7.602     11.027     9.3375 0.0000e+00
      7.778      0.101     9.0885     79.266     39.534  27.151125     0.6158      6.497   350.5095 1.6094e+01     0.7637      7.629     11.064     9.3371 0.0000e+00
      7.803      0.095     9.0883     79.264     39.534  27.150983     0.6138      6.498   350.3333 1.5914e+01     0.6630      7.654     11.100     9.3369 0.0000e+00
      7.826      0.089     9.0905     79.284     39.509  27.133667     0.6227      6.498   350.4583 1.5754e+01     0.6325      7.674     11.131     9.3364 0.0000e+00
      7.846      0.085     9.0924     79.301     39.507  27.132247     0.6307      6.497   350.7305 1.5600e+01     0.6396      7.694     11.159     9.3361 0.0000e+00
      7.866      0.083     9.0947     79.321     39.509  27.133821     0.6458      6.497   351.0431 1.5431e+01     0.6875      7.715     11.190     9.3363 0.0000e+00
      7.886      0.083     9.0977     79.347     39.537  27.152686     0.6867      6.496   351.0544 1.5251e+01     0.7850      7.733     11.216     9.3364 0.0000e+00
      7.907      0.084     9.0980     79.349     39.562  27.169860     0.7199      6.495   350.7817 1.5059e+01     0.8417      7.753     11.244     9.3362 0.0000e+00
      7.929      0.086     9.0965     79.336     39.534  27.150967     0.7171      6.494   350.4135 1.4872e+01     0.8542      7.776     11.278     9.3360 0.0000e+00
      7.953      0.088     9.0954     79.326     39.482  27.114743     0.6987      6.494   350.3024 1.4710e+01     0.8440      7.800     11.313     9.3366 0.0000e+00
      7.975      0.090     9.0939     79.313     39.479  27.112869     0.6904      6.494   350.4699 1.4540e+01     0.8407      7.821     11.344     9.3368 0.0000e+00
      7.998      0.090     9.0919     79.295     39.502  27.128313     0.6903      6.492   350.5456 1.4352e+01     0.8759      7.843     11.375     9.3362 0.0000e+00
      8.021      0.089     9.0906     79.283     39.477  27.110981     0.6792      6.491   350.6161 1.4170e+01     0.8722      7.866     11.409     9.3356 0.0000e+00
      8.044      0.089     9.0915     79.292     39.452  27.093805     0.6660      6.492   350.8062 1.3990e+01     0.8268      7.889     11.441     9.3355 0.0000e+00
      8.067      0.090     9.0934     79.308     39.477  27.111135     0.6690      6.492   351.0373 1.3818e+01     0.8154      7.910     11.474     9.3355 0.0000e+00
      8.089      0.091     9.0953     79.326     39.505  27.130015     0.6780      6.492   351.1727 1.3647e+01     0.8258      7.933     11.506     9.3353 0.0000e+00
      8.111      0.092     9.0981     79.350     39.507  27.131591     0.6841      6.489   351.0665 1.3451e+01     0.8299      7.954     11.537     9.3352 0.0000e+00
      8.135      0.092     9.0998     79.365     39.505  27.130186     0.6877      6.488   350.9578 1.3259e+01     0.8350      7.976     11.568     9.3351 0.0000e+00
