Data/DataNotYetUploadedToEDI/Raw_CTD/RawDownloads/051418_fcr10.cnv
* Sea-Bird SBE19plus  Data File:
* FileName = C:\DATA\051418_fcr_0002.hex
* Software version 2.6.3.104 SB_Terminal.dll
* Temperature SN = 7809
* Conductivity SN = 7809
* System UpLoad Time = May 14 2018 15:31:00
* <ApplicationData>
* <Seaterm232>
# nquan = 15
# nvalues = 581                         
# units = specified
# name 0 = depFM: Depth [fresh water, m]
# name 1 = dz/dtM: Descent Rate [m/s]
# name 2 = sbeox0Mg/L: Oxygen, SBE 43 [mg/l]
# name 3 = sbeox0PS: Oxygen, SBE 43 [% saturation]
# name 4 = specc: Specific Conductance [uS/cm]
# name 5 = c0uS/cm: Conductivity [uS/cm]
# name 6 = flECO-AFL: Fluorescence, WET Labs ECO-AFL/FL [mg/m^3]
# name 7 = ph: pH
# name 8 = orp: Oxidation Reduction Potential [mV]
# name 9 = par/sat/log: PAR/Logarithmic, Satlantic
# name 10 = turbWETntu0: Turbidity, WET Labs ECO [NTU]
# name 11 = prdM: Pressure, Strain Gauge [db]
# name 12 = prdE: Pressure, Strain Gauge [psi]
# name 13 = tv290C: Temperature [ITS-90, deg C]
# name 14 = flag:  0.000e+00
# span 0 =     -0.524,      2.729       
# span 1 =     -0.080,      0.237       
# span 2 =     4.9796,    13.0831       
# span 3 =     51.772,    132.699       
# span 4 =      0.755,     89.036       
# span 5 =   0.873695,  72.292000       
# span 6 =    -1.4355,   251.1708       
# span 7 =      6.117,      8.477       
# span 8 =  -924.1882,   518.7720       
# span 9 = 1.8034e+02, 2.4657e+03       
# span 10 =   -10.5385,     6.3748      
# span 11 =     -0.514,      2.677      
# span 12 =     -0.746,      3.882      
# span 13 =    15.5115,    32.9065      
# span 14 = 0.0000e+00, 0.0000e+00      
# interval = seconds: 0.25
# start_time = May 14 2018 15:47:17 [Instrument's time stamp, header]
# bad_flag = -9.990e-29
*END*
[from data line 193]
     -0.077      0.004     8.5475    100.184     35.770  34.542505     0.8264      7.386   299.7115 1.9517e+03     0.3201     -0.077     -0.111    23.2953 0.0000e+00
     -0.077      0.006     8.4973     99.583     35.757  34.524758     0.8354      7.389   299.7531 1.9463e+03     0.3087     -0.076     -0.111    23.2974 0.0000e+00
     -0.075      0.006     8.4525     99.045     35.773  34.535796     0.8384      7.390   299.8107 1.9430e+03     0.2606     -0.074     -0.107    23.2927 0.0000e+00
     -0.071      0.005     8.4118     98.555     35.792  34.548918     0.8349      7.389   299.7200 1.9489e+03     0.2574     -0.071     -0.103    23.2856 0.0000e+00
     -0.066      0.003     8.3699     98.056     35.803  34.556368     0.8390      7.389   299.6030 1.9613e+03     0.3000     -0.065     -0.094    23.2786 0.0000e+00
     -0.064      0.001     8.3296     97.585     35.809  34.562353     0.8426      7.390   299.5158 1.9735e+03     0.3172     -0.061     -0.088    23.2711 0.0000e+00
     -0.067     -0.001     8.2979     97.221     35.802  34.557765     0.8328      7.391   299.4396 1.9811e+03     0.3132     -0.065     -0.094    23.2649 0.0000e+00
     -0.072     -0.003     8.2778     97.000     35.802  34.564420     0.8395      7.389   299.4552 1.9813e+03     0.3125     -0.072     -0.104    23.2559 0.0000e+00
     -0.074     -0.003     8.2686     96.915     35.808  34.579309     0.8772      7.386   299.5325 1.9696e+03     0.3394     -0.074     -0.108    23.2512 0.0000e+00
     -0.073     -0.003     8.2667     96.921     35.830  34.610751     0.9123      7.387   299.6000 1.9468e+03     0.3635     -0.072     -0.104    23.2521 0.0000e+00
     -0.071     -0.002     8.2685     96.967     35.837  34.627009     0.9150      7.389   299.6696 1.9266e+03     0.3601     -0.070     -0.101    23.2555 0.0000e+00
     -0.071      0.000     8.2736     97.040     35.788  34.585338     0.9000      7.391   299.6855 1.9177e+03     0.3284     -0.070     -0.102    23.2645 0.0000e+00
     -0.072      0.001     8.2814     97.127     35.755  34.551547     0.8966      7.392   299.6198 1.9181e+03     0.2861     -0.071     -0.103    23.2779 0.0000e+00
     -0.074      0.005     8.2910     97.223     35.745  34.536032     0.9015      7.392   299.5642 1.9229e+03     0.2760     -0.072     -0.105    23.2926 0.0000e+00
     -0.074      0.010     8.3023     97.337     35.741  34.524777     0.9038      7.389   299.5289 1.9279e+03     0.2971     -0.072     -0.105    23.3088 0.0000e+00
     -0.073      0.015     8.3086     97.398     35.764  34.542495     0.8877      7.382   299.5374 1.9311e+03     0.3279     -0.071     -0.103    23.3199 0.0000e+00
     -0.068      0.017     8.3050     97.356     35.782  34.559702     0.8545      7.374   299.5808 1.9322e+03     0.3432     -0.068     -0.099    23.3138 0.0000e+00
     -0.058      0.016     8.2957     97.256     35.761  34.542264     0.8329      7.370   299.5373 1.9351e+03     0.3288     -0.058     -0.084    23.3032 0.0000e+00
     -0.048      0.014     8.2846     97.131     35.738  34.522224     0.8280      7.371   299.5286 1.9451e+03     0.3379     -0.044     -0.064    23.2926 0.0000e+00
     -0.043      0.011     8.2751     97.018     35.724  34.507959     0.8416      7.374   299.6476 1.9677e+03     0.3921     -0.038     -0.056    23.2822 0.0000e+00
     -0.046      0.009     8.2718     96.969     35.716  34.496818     0.8690      7.374   299.7702 1.9992e+03     0.3732     -0.045     -0.066    23.2844 0.0000e+00
     -0.051      0.007     8.2755     96.999     35.740  34.514548     0.8838      7.371   299.8071 2.0157e+03     0.2926     -0.052     -0.075    23.2911 0.0000e+00
     -0.051      0.007     8.2828     97.073     35.762  34.531764     0.8823      7.370   299.7494 2.0031e+03     0.2721     -0.051     -0.074    23.2955 0.0000e+00
     -0.046      0.011     8.2906     97.158     35.747  34.514424     0.8693      7.370   299.7618 1.9736e+03     0.3089     -0.045     -0.065    23.2954 0.0000e+00
     -0.040      0.015     8.2968     97.223     35.730  34.495436     0.8472      7.372   299.8706 1.9490e+03     0.3411     -0.037     -0.054    23.2877 0.0000e+00
     -0.036      0.015     8.2966     97.215     35.730  34.492730     0.8345      7.374   299.9456 1.9372e+03     0.3255     -0.035     -0.052    23.2788 0.0000e+00
     -0.030      0.011     8.2879     97.109     35.720  34.481702     0.8346      7.377   299.9810 1.9334e+03     0.3332     -0.032     -0.046    23.2733 0.0000e+00
     -0.023      0.006     8.2714     96.915     35.728  34.489132     0.8392      7.380   300.1260 1.9378e+03     0.4344     -0.019     -0.028    23.2698 0.0000e+00
     -0.022      0.003     8.2521     96.693     35.758  34.519053     0.8452      7.383   300.4082 1.9480e+03     0.5429     -0.017     -0.025    23.2661 0.0000e+00
     -0.028      0.001     8.2373     96.521     35.764  34.525888     0.8420      7.384   300.6397 1.9557e+03     0.5458     -0.028     -0.041    23.2624 0.0000e+00
     -0.034      0.000     8.2286     96.418     35.746  34.508244     0.8373      7.384   300.7750 1.9603e+03     0.5001     -0.035     -0.051    23.2589 0.0000e+00
     -0.034      0.000     8.2261     96.395     35.732  34.496279     0.8437      7.384   300.8385 1.9625e+03     0.5095     -0.034     -0.049    23.2587 0.0000e+00
     -0.029      0.001     8.2303     96.454     35.740  34.508254     0.8462      7.384   300.8925 1.9590e+03     0.4760     -0.027     -0.039    23.2641 0.0000e+00
     -0.025      0.002     8.2382     96.557     35.754  34.526012     0.8400      7.385   300.9972 1.9549e+03     0.3694     -0.022     -0.033    23.2642 0.0000e+00
     -0.024      0.003     8.2458     96.658     35.744  34.520437     0.8331      7.388   301.1584 1.9534e+03     0.3191     -0.023     -0.034    23.2608 0.0000e+00
     -0.026      0.002     8.2476     96.689     35.723  34.504367     0.8273      7.391   301.3788 1.9498e+03     0.3260     -0.025     -0.036    23.2652 0.0000e+00
     -0.028      0.000     8.2376     96.576     35.740  34.522276     0.8248      7.392   301.5105 1.9448e+03     0.3614     -0.027     -0.041    23.2716 0.0000e+00
     -0.028      0.000     8.2160     96.322     35.765  34.546424     0.8310      7.392   301.5469 1.9426e+03     0.3814     -0.028     -0.041    23.2770 0.0000e+00
     -0.027      0.000     8.1886     95.998     35.761  34.542268     0.8470      7.392   301.6462 1.9441e+03     0.3533     -0.026     -0.038    23.2835 0.0000e+00
     -0.025      0.001     8.1610     95.673     35.755  34.535542     0.8517      7.392   301.7651 1.9476e+03     0.3272     -0.024     -0.035    23.2899 0.0000e+00
     -0.025      0.001     8.1358     95.374     35.750  34.528622     0.8240      7.391   301.8650 1.9537e+03     0.3100     -0.023     -0.034    23.2923 0.0000e+00
     -0.025      0.001     8.1127     95.097     35.745  34.522111     0.7875      7.389   301.9944 1.9628e+03     0.2980     -0.024     -0.036    23.2908 0.0000e+00
     -0.026      0.002     8.0905     94.831     35.745  34.520332     0.7870      7.388   302.1247 1.9667e+03     0.2734     -0.025     -0.036    23.2896 0.0000e+00
     -0.026      0.002     8.0670     94.556     35.732  34.507109     0.8002      7.386   302.2361 1.9627e+03     0.2567     -0.026     -0.038    23.2886 0.0000e+00
     -0.026      0.002     8.0389     94.230     35.713  34.489264     0.7909      7.385   302.3095 1.9579e+03     0.3097     -0.027     -0.038    23.2872 0.0000e+00
     -0.023      0.002     8.0069     93.855     35.718  34.495134     0.7757      7.385   302.3234 1.9537e+03     0.3646     -0.021     -0.031    23.2831 0.0000e+00
     -0.021      0.003     7.9755     93.488     35.738  34.514557     0.7730      7.384   302.4037 1.9474e+03     0.3715     -0.019     -0.029    23.2794 0.0000e+00
     -0.022      0.003     7.9459     93.142     35.757  34.533554     0.7760      7.384   302.5926 1.9427e+03     0.3623     -0.022     -0.032    23.2801 0.0000e+00
     -0.023      0.002     7.9181     92.818     35.757  34.534274     0.7755      7.384   302.7143 1.9426e+03     0.3143     -0.023     -0.034    23.2824 0.0000e+00
     -0.022      0.001     7.8943     92.542     35.745  34.523264     0.7764      7.383   302.7565 1.9439e+03     0.2792     -0.021     -0.031    23.2831 0.0000e+00
     -0.021      0.001     7.8751     92.318     35.749  34.527470     0.7775      7.381   302.8450 1.9459e+03     0.3045     -0.021     -0.030    23.2814 0.0000e+00
     -0.021      0.001     7.8600     92.138     35.744  34.521600     0.7800      7.377   302.9237 1.9492e+03     0.3150     -0.021     -0.030    23.2824 0.0000e+00
     -0.020      0.001     7.8485     91.999     35.740  34.515808     0.7787      7.372   302.9337 1.9522e+03     0.2844     -0.019     -0.028    23.2850 0.0000e+00
     -0.020      0.001     7.8444     91.947     35.747  34.520967     0.7704      7.368   302.9666 1.9548e+03     0.2703     -0.019     -0.028    23.2862 0.0000e+00
     -0.020      0.002     7.8516     92.027     35.748  34.520456     0.7718      7.367   303.0631 1.9539e+03     0.2972     -0.020     -0.029    23.2869 0.0000e+00
     -0.020      0.002     7.8666     92.198     35.738  34.509619     0.7866      7.367   303.2406 1.9494e+03     0.3346     -0.020     -0.030    23.2847 0.0000e+00
     -0.019      0.003     7.8803     92.356     35.746  34.516973     0.7934      7.367   303.3909 1.9463e+03     0.3559     -0.019     -0.028    23.2821 0.0000e+00
     -0.018      0.004     7.8890     92.459     35.776  34.545855     0.7803      7.368   303.3320 1.9457e+03     0.3413     -0.018     -0.026    23.2802 0.0000e+00
     -0.016      0.005     7.8997     92.589     35.769  34.541235     0.7658      7.370   303.2168 1.9453e+03     0.3104     -0.016     -0.024    23.2773 0.0000e+00
     -0.016      0.005     7.9152     92.779     35.749  34.524633     0.7661      7.371   303.2028 1.9422e+03     0.3180     -0.015     -0.022    23.2750 0.0000e+00
     -0.015      0.004     7.9270     92.923     35.757  34.535680     0.7746      7.370   303.2481 1.9384e+03     0.3427     -0.015     -0.021    23.2735 0.0000e+00
     -0.013      0.003     7.9290     92.953     35.767  34.547767     0.7946      7.368   303.4204 1.9407e+03     0.3337     -0.013     -0.018    23.2743 0.0000e+00
     -0.011      0.001     7.9282     92.950     35.761  34.543743     0.8239      7.367   303.5658 1.9459e+03     0.3004     -0.011     -0.016    23.2774 0.0000e+00
     -0.011      0.000     7.9302     92.978     35.767  34.550558     0.8344      7.366   303.6288 1.9459e+03     0.2757     -0.011     -0.016    23.2816 0.0000e+00
     -0.012     -0.002     7.9258     92.929     35.782  34.566646     0.8301      7.363   303.8381 1.9409e+03     0.2793     -0.012     -0.018    23.2855 0.0000e+00
     -0.014     -0.003     7.9025     92.659     35.761  34.547705     0.8180      7.360   303.9457 1.9353e+03     0.2838     -0.014     -0.020    23.2891 0.0000e+00
     -0.015     -0.003     7.8622     92.188     35.723  34.512103     0.7884      7.356   303.8120 1.9323e+03     0.2692     -0.015     -0.022    23.2930 0.0000e+00
     -0.017     -0.003     7.8191     91.682     35.729  34.517298     0.7668      7.353   303.7694 1.9338e+03     0.2556     -0.016     -0.024    23.2945 0.0000e+00
     -0.017     -0.002     7.7831     91.259     35.760  34.547006     0.7680      7.350   303.8604 1.9383e+03     0.2715     -0.017     -0.025    23.2959 0.0000e+00
     -0.017     -0.001     7.7560     90.938     35.769  34.553699     0.7848      7.348   303.8805 1.9425e+03     0.3690     -0.017     -0.025    23.2987 0.0000e+00
     -0.017      0.000     7.7378     90.720     35.750  34.534700     0.8133      7.348   303.9269 1.9491e+03     0.4894     -0.016     -0.023    23.2995 0.0000e+00
     -0.017      0.001     7.7279     90.601     35.724  34.507845     0.8273      7.348   304.0768 1.9580e+03     0.5368     -0.017     -0.024    23.2993 0.0000e+00
     -0.018      0.002     7.7259     90.573     35.700  34.483074     0.8254      7.347   304.1445 1.9618e+03     0.5449     -0.018     -0.026    23.2985 0.0000e+00
     -0.018      0.002     7.7333     90.657     35.708  34.489264     0.8270      7.345   304.1435 1.9600e+03     0.5274     -0.018     -0.025    23.2957 0.0000e+00
     -0.017      0.002     7.7413     90.752     35.738  34.519176     0.8289      7.345   304.1496 1.9572e+03     0.5072     -0.017     -0.024    23.2940 0.0000e+00
     -0.015      0.002     7.7429     90.777     35.745  34.527145     0.8300      7.348   304.2190 1.9525e+03     0.5147     -0.013     -0.021    23.2921 0.0000e+00
     -0.014      0.002     7.7474     90.837     35.736  34.522100     0.8210      7.352   304.3803 1.9447e+03     0.4962     -0.012     -0.018    23.2884 0.0000e+00
     -0.014      0.001     7.7585     90.980     35.730  34.521692     0.8132      7.354   304.5513 1.9390e+03     0.4964     -0.013     -0.019    23.2878 0.0000e+00
     -0.014      0.000     7.7766     91.206     35.725  34.522222     0.8466      7.355   304.7374 1.9374e+03     0.5480     -0.014     -0.020    23.2883 0.0000e+00
     -0.015     -0.001     7.8001     91.489     35.728  34.528517     0.8931      7.357   304.9094 1.9373e+03     0.5705     -0.015     -0.021    23.2899 0.0000e+00
     -0.015     -0.001     7.8160     91.675     35.734  34.534291     0.8977      7.357   304.9107 1.9397e+03     0.5555     -0.015     -0.021    23.2952 0.0000e+00
     -0.015     -0.001     7.8184     91.700     35.729  34.528517     0.8836      7.356   304.7536 1.9464e+03     0.5189     -0.016     -0.022    23.3031 0.0000e+00
     -0.015      0.000     7.8206     91.725     35.724  34.522213     0.8694      7.356   304.7296 1.9564e+03     0.4331     -0.015     -0.023    23.3131 0.0000e+00
     -0.016      0.000     7.8358     91.899     35.724  34.521588     0.8458      7.356   304.8794 1.9640e+03     0.3125     -0.016     -0.022    23.3185 0.0000e+00
     -0.016     -0.001     7.8629     92.209     35.726  34.520962     0.8275      7.357   304.9291 1.9679e+03     0.2505     -0.016     -0.023    23.3160 0.0000e+00
     -0.015     -0.001     7.8986     92.614     35.726  34.514650     0.8228      7.357   304.8151 1.9727e+03     0.2630     -0.015     -0.021    23.3135 0.0000e+00
     -0.015     -0.001     7.9341     93.022     35.724  34.508771     0.8268      7.358   304.7911 1.9748e+03     0.3424     -0.014     -0.020    23.3135 0.0000e+00
     -0.016     -0.001     7.9581     93.303     35.729  34.513400     0.8292      7.358   304.8971 1.9708e+03     0.4773     -0.015     -0.022    23.3130 0.0000e+00
     -0.018     -0.001     7.9695     93.443     35.720  34.507096     0.8336      7.358   304.8930 1.9651e+03     0.5518     -0.018     -0.026    23.3086 0.0000e+00
     -0.018     -0.000     7.9752     93.515     35.705  34.496067     0.8426      7.360   304.9131 1.9566e+03     0.5404     -0.019     -0.028    23.2987 0.0000e+00
     -0.017      0.001     7.9807     93.585     35.715  34.507095     0.8466      7.363   305.0531 1.9486e+03     0.5233     -0.018     -0.026    23.2911 0.0000e+00
     -0.016      0.002     7.9832     93.618     35.720  34.513398     0.8461      7.364   305.2092 1.9467e+03     0.5276     -0.016     -0.023    23.2922 0.0000e+00
     -0.015      0.003     7.9783     93.567     35.712  34.508759     0.8448      7.363   305.4245 1.9473e+03     0.5314     -0.015     -0.022    23.2975 0.0000e+00
     -0.015      0.003     7.9665     93.435     35.715  34.514523     0.8402      7.363   305.6774 1.9489e+03     0.5380     -0.014     -0.021    23.3014 0.0000e+00
     -0.015      0.002     7.9517     93.269     35.717  34.519577     0.8271      7.363   305.8570 1.9541e+03     0.5169     -0.014     -0.021    23.3029 0.0000e+00
     -0.015      0.001     7.9451     93.199     35.701  34.506353     0.8242      7.362   305.8765 1.9584e+03     0.4596     -0.014     -0.021    23.3052 0.0000e+00
