Data/DataNotYetUploadedToEDI/Raw_CTD/RawDownloads/051418_fcr10.cnv
* Sea-Bird SBE19plus  Data File:
* FileName = C:\DATA\051418_fcr_0002.hex
* Software version 2.6.3.104 SB_Terminal.dll
* Temperature SN = 7809
* Conductivity SN = 7809
* System UpLoad Time = May 14 2018 15:31:00
* <ApplicationData>
* <Seaterm232>
# nquan = 15
# nvalues = 581                         
# units = specified
# name 0 = depFM: Depth [fresh water, m]
# name 1 = dz/dtM: Descent Rate [m/s]
# name 2 = sbeox0Mg/L: Oxygen, SBE 43 [mg/l]
# name 3 = sbeox0PS: Oxygen, SBE 43 [% saturation]
# name 4 = specc: Specific Conductance [uS/cm]
# name 5 = c0uS/cm: Conductivity [uS/cm]
# name 6 = flECO-AFL: Fluorescence, WET Labs ECO-AFL/FL [mg/m^3]
# name 7 = ph: pH
# name 8 = orp: Oxidation Reduction Potential [mV]
# name 9 = par/sat/log: PAR/Logarithmic, Satlantic
# name 10 = turbWETntu0: Turbidity, WET Labs ECO [NTU]
# name 11 = prdM: Pressure, Strain Gauge [db]
# name 12 = prdE: Pressure, Strain Gauge [psi]
# name 13 = tv290C: Temperature [ITS-90, deg C]
# name 14 = flag:  0.000e+00
# span 0 =     -0.524,      2.729       
# span 1 =     -0.080,      0.237       
# span 2 =     4.9796,    13.0831       
# span 3 =     51.772,    132.699       
# span 4 =      0.755,     89.036       
# span 5 =   0.873695,  72.292000       
# span 6 =    -1.4355,   251.1708       
# span 7 =      6.117,      8.477       
# span 8 =  -924.1882,   518.7720       
# span 9 = 1.8034e+02, 2.4657e+03       
# span 10 =   -10.5385,     6.3748      
# span 11 =     -0.514,      2.677      
# span 12 =     -0.746,      3.882      
# span 13 =    15.5115,    32.9065      
# span 14 = 0.0000e+00, 0.0000e+00      
# interval = seconds: 0.25
# start_time = May 14 2018 15:47:17 [Instrument's time stamp, header]
# bad_flag = -9.990e-29
*END*
     -0.524 9.8134e-16     7.1756     99.730      0.801   0.927882    -0.2058      6.124  -354.2213 2.4648e+02    -0.3355     -0.513     -0.745    32.9050 0.0000e+00
     -0.524 1.0789e-14     7.1773     99.750      0.800   0.926737    -0.1918      6.117  -379.1917 2.4103e+02    -0.3210     -0.513     -0.745    32.9061 0.0000e+00
     -0.524 1.1868e-13     7.1808     99.796      0.789   0.914149    -0.1853      6.126  -427.9236 2.3463e+02    -0.3617     -0.514     -0.745    32.9065 0.0000e+00
     -0.524 1.3055e-12     7.1829     99.826      0.779   0.902506    -0.1635      6.135  -475.8970 2.4015e+02    -1.0717     -0.514     -0.745    32.9036 0.0000e+00
     -0.524 1.4360e-11     7.1803     99.788      0.788   0.912778    -0.1025      6.142  -537.0380 4.3256e+02    -2.3444     -0.514     -0.746    32.8997 0.0000e+00
     -0.524 1.5796e-10     7.1797     99.773      0.787   0.911521    -0.0546      6.147  -611.7915 8.3821e+02    -3.0229     -0.514     -0.745    32.8973 0.0000e+00
     -0.524 1.7376e-09     7.1819     99.791      0.766   0.887310    -0.0623      6.146  -681.9575 9.5909e+02    -3.0500     -0.514     -0.745    32.8971 0.0000e+00
     -0.524 1.9113e-08     7.1832     99.783      0.755   0.873695    -0.2691      6.146  -736.8445 8.5335e+02    -2.5199     -0.513     -0.745    32.8976 0.0000e+00
     -0.523 2.1025e-07     7.1847     99.773      0.755   0.873724    -0.6346      6.148  -788.7010 1.0129e+03    -1.5273     -0.513     -0.744    32.8975 0.0000e+00
     -0.523      0.000     7.1878     99.790      0.767   0.887658    -0.8236      6.150  -845.0275 1.2169e+03    -0.9972     -0.513     -0.745    32.8943 0.0000e+00
     -0.523      0.000     7.1898     99.801      0.791   0.915347    -0.8454      6.148  -894.1616 1.3142e+03    -0.9318     -0.514     -0.745    32.8881 0.0000e+00
     -0.523      0.000     7.1911     99.801      0.936   1.081692    -1.0624      6.147  -924.1882 1.4677e+03    -0.4624     -0.513     -0.745    32.8707 0.0000e+00
     -0.524      0.003     7.1969     99.813      2.627   3.025735    -1.4355      6.156  -822.5356 1.6599e+03     0.4366     -0.514     -0.745    32.8506 0.0000e+00
     -0.524      0.014     7.2374     99.858      7.898   9.009217    -1.1300      6.208  -225.9778 1.7479e+03     0.9051     -0.514     -0.745    32.8315 0.0000e+00
     -0.524      0.037     7.3608     99.939     16.631  18.621168     4.7085      6.367   474.9826 1.5072e+03     0.6541     -0.514     -0.745    32.8283 0.0000e+00
     -0.523      0.072     7.5500    100.004     25.916  28.374976    69.1396      6.662   518.7720 1.2982e+03    -2.2930     -0.514     -0.745    32.8128 0.0000e+00
     -0.513      0.113     7.7306    100.002     31.890  34.196950   187.2254      7.022   330.8366 1.6238e+03    -7.6585     -0.514     -0.745    32.8191 0.0000e+00
     -0.478      0.158     7.8817     99.985     33.853  35.610829   251.1243      7.292   303.6637 2.0442e+03   -10.5385     -0.480     -0.696    32.7554 0.0000e+00
     -0.419      0.198     8.0309    100.065     34.271  35.370696   251.1708      7.400   284.5261 2.1976e+03   -10.5023     -0.410     -0.597    31.7772 0.0000e+00
     -0.352      0.227     8.1826    100.298     34.683  35.167264   187.8343      7.406   272.6427 2.1533e+03    -7.8013     -0.347     -0.504    29.9848 0.0000e+00
     -0.282      0.237     8.3196    100.681     35.184  35.182847    70.7728      7.380   267.3594 1.6663e+03    -2.8745     -0.277     -0.402    28.5953 0.0000e+00
     -0.211      0.226     8.4307    101.166     35.632  35.304296     6.9035      7.333   266.2466 9.3213e+02    -0.1895     -0.204     -0.297    27.6057 0.0000e+00
     -0.148      0.198     8.5198    101.698     36.027  35.491852     1.1155      7.260   267.6198 6.2792e+02     0.0655     -0.142     -0.207    26.5804 0.0000e+00
     -0.097      0.161     8.5925    102.211     36.412  35.735206     0.5881      7.188   268.9918 6.6826e+02     0.0860     -0.087     -0.127    25.6196 0.0000e+00
     -0.064      0.120     8.6470    102.613     36.672  35.896172     0.5268      7.145   269.6716 6.3498e+02     0.1803     -0.057     -0.083    24.9020 0.0000e+00
     -0.044      0.082     8.6803    102.846     36.753  35.913408     0.5212      7.124   269.9027 6.3617e+02     0.4126     -0.042     -0.060    24.4801 0.0000e+00
     -0.032      0.052     8.6947    102.921     36.756  35.879995     0.5293      7.118   270.8389 8.3607e+02     0.5442     -0.027     -0.039    24.2213 0.0000e+00
     -0.030      0.032     8.6951    102.891     36.762  35.873263     0.5426      7.119   271.3559 1.0602e+03     0.5507     -0.026     -0.038    24.0495 0.0000e+00
     -0.032      0.020     8.6835    102.794     36.705  35.831984     0.5803      7.124   271.7656 1.0097e+03     0.5535     -0.035     -0.050    23.9227 0.0000e+00
     -0.030      0.014     8.6582    102.558     36.543  35.698544     0.6353      7.133   277.8572 7.2092e+02     0.5470     -0.033     -0.046    23.8386 0.0000e+00
     -0.022      0.010     8.5677    101.528     36.484  35.657365     0.6661      7.148   284.3509 5.2597e+02     0.5337     -0.020     -0.030    23.7973 0.0000e+00
     -0.015      0.008     8.3666     99.192     36.913  36.096375     0.6685      7.164   281.2761 4.6727e+02     0.5146     -0.012     -0.017    23.7646 0.0000e+00
     -0.013      0.006     8.1416     96.587     38.010  37.195184     0.6548      7.179   281.2913 4.4140e+02     0.4985     -0.011     -0.017    23.8014 0.0000e+00
     -0.015      0.003     7.9968     94.940     39.401  38.588285     0.6468      7.194   285.9976 4.3636e+02     0.4924     -0.014     -0.022    23.8508 0.0000e+00
     -0.017      0.000     7.9183     94.099     40.650  39.853345     0.6553      7.206   287.1585 4.4101e+02     0.5013     -0.017     -0.025    23.8553 0.0000e+00
     -0.019     -0.002     7.8430     93.313     41.629  40.864478     0.6658      7.212   291.5415 4.6109e+02     0.5139     -0.019     -0.027    23.8844 0.0000e+00
     -0.019     -0.002     7.7601     92.441     42.194  41.474028     0.6723      7.215   295.4563 4.7391e+02     0.5239     -0.020     -0.029    23.9220 0.0000e+00
     -0.017     -0.002     7.7166     92.028     42.367  41.695589     0.6700      7.220   295.5161 5.2452e+02     0.5301     -0.017     -0.024    23.9547 0.0000e+00
     -0.015     -0.003     7.7300     92.274     42.393  41.764314     0.6651      7.230   295.3622 7.0988e+02     0.5282     -0.013     -0.019    24.0088 0.0000e+00
     -0.017     -0.004     7.7589     92.689     42.391  41.796706     0.6592      7.244   294.8002 9.9063e+02     0.5313     -0.016     -0.023    24.0737 0.0000e+00
     -0.020     -0.005     7.7496     92.632     42.337  41.769584     0.6532      7.259   294.0557 1.1880e+03     0.5070     -0.020     -0.028    24.1420 0.0000e+00
     -0.022     -0.005     7.6889     91.937     42.306  41.754123     0.6575      7.274   292.9847 1.2973e+03     0.4475     -0.021     -0.031    24.2071 0.0000e+00
     -0.024     -0.003     7.6049     90.945     42.476  41.927489     0.6658      7.291   288.7342 1.4246e+03     0.3917     -0.024     -0.036    24.2545 0.0000e+00
     -0.025      0.000     7.5190     89.924     42.762  42.213670     0.6704      7.307   281.4674 1.5522e+03     0.3514     -0.025     -0.037    24.2956 0.0000e+00
     -0.024      0.004     7.4320     88.894     42.963  42.418479     0.6759      7.320   276.8786 1.5382e+03     0.3267     -0.024     -0.035    24.3293 0.0000e+00
     -0.023      0.007     7.3387     87.799     43.033  42.497548     0.6870      7.333   275.5828 1.2267e+03     0.3065     -0.023     -0.033    24.3460 0.0000e+00
     -0.020      0.011     7.2347     86.577     42.994  42.470723     0.6936      7.346   274.9201 8.1141e+02     0.2905     -0.020     -0.028    24.3503 0.0000e+00
     -0.016      0.016     7.1170     85.187     42.925  42.411875     0.6911      7.354   274.7166 8.6884e+02     0.2850     -0.015     -0.022    24.3513 0.0000e+00
     -0.013      0.023     6.9964     83.757     42.927  42.421460     0.6934      7.341   275.1876 1.5561e+03     0.2706     -0.013     -0.019    24.3576 0.0000e+00
     -0.010      0.029     6.9071     82.702     42.957  42.459536     0.6944      7.310   276.0541 2.2198e+03     0.2688     -0.012     -0.018    24.3719 0.0000e+00
     -0.002      0.034     6.8753     82.332     42.853  42.363915     0.6851      7.288   276.5037 2.4541e+03     0.2943     -0.005     -0.007    24.3866 0.0000e+00
      0.012      0.037     6.8908     82.511     42.453  41.964297     0.6818      7.292   276.1501 2.4657e+03     0.3038      0.011      0.017    24.3979 0.0000e+00
      0.028      0.038     6.9340     83.000     41.810  41.313206     0.6827      7.312   275.6501 2.3155e+03     0.2919      0.030      0.044    24.4060 0.0000e+00
      0.039      0.038     7.0043     83.805     41.356  40.845649     0.6592      7.338   275.5346 2.0630e+03     0.3033      0.041      0.060    24.4155 0.0000e+00
      0.044      0.031     7.1164     85.117     41.284  40.758852     0.6173      7.361   275.6143 1.9366e+03     0.3195      0.043      0.063    24.4279 0.0000e+00
      0.049      0.016     7.2718     86.947     41.312  40.772032     0.5999      7.379   276.0108 1.5833e+03     0.3047      0.046      0.066    24.4240 0.0000e+00
      0.058     -0.007     7.4384     88.900     41.117  40.560229     0.6052      7.395   276.7153 1.1721e+03     0.3079      0.057      0.083    24.4013 0.0000e+00
      0.066     -0.032     7.5748     90.482     40.549  39.976973     0.6075      7.417   277.2492 1.4345e+03     0.4194      0.071      0.103    24.3739 0.0000e+00
      0.060     -0.052     7.6622     91.484     39.829  39.247519     0.6089      7.441   277.5619 1.8368e+03     0.6151      0.067      0.097    24.3564 0.0000e+00
      0.035     -0.062     7.6971     91.872     39.574  38.983347     0.6124      7.454   278.0011 1.9259e+03     0.7206      0.039      0.058    24.3453 0.0000e+00
     -0.004     -0.061     7.6792     91.641     40.058  39.451277     0.6131      7.455   278.6019 1.9575e+03     0.7185     -0.005     -0.007    24.3198 0.0000e+00
     -0.039     -0.051     7.6228     90.971     40.692  40.076655     0.6091      7.454   279.1483 1.9711e+03     0.6815     -0.048     -0.069    24.2854 0.0000e+00
     -0.051     -0.032     7.5406     90.074     40.830  40.254836     0.6003      7.456   279.5306 1.9313e+03     0.6085     -0.061     -0.088    24.2613 0.0000e+00
     -0.040     -0.011     7.4436     89.121     40.423  39.953795     0.5899      7.462   279.7835 1.6127e+03     0.5379     -0.041     -0.060    24.2438 0.0000e+00
     -0.023      0.006     7.3549     88.284     39.904  39.550176     0.5839      7.468   280.0541 1.2943e+03     0.4984     -0.018     -0.025    24.2375 0.0000e+00
     -0.014      0.015     7.2849     87.564     39.735  39.441125     0.6109      7.472   280.4798 1.2123e+03     0.4368     -0.010     -0.014    24.2238 0.0000e+00
     -0.014      0.013     7.2226     86.834     39.938  39.651900     0.6683      7.476   280.9725 1.1985e+03     0.3431     -0.014     -0.020    24.2501 0.0000e+00
     -0.018      0.005     7.1557     86.003     40.241  39.938488     0.6983      7.476   281.4509 1.5352e+03     0.2810     -0.019     -0.028    24.4099 0.0000e+00
     -0.020     -0.002     7.0818     85.065     40.439  40.110686     0.6978      7.473   281.9621 1.7387e+03     0.2660     -0.021     -0.030    24.5857 0.0000e+00
     -0.019     -0.005     7.0014     84.046     40.502  40.145506     0.6995      7.471   282.3353 1.3050e+03     0.3131     -0.019     -0.027    24.6483 0.0000e+00
     -0.019     -0.005     6.9154     82.976     40.482  40.105311     0.7005      7.475   282.5223 7.2350e+02     0.4546     -0.018     -0.026    24.6423 0.0000e+00
     -0.020     -0.006     6.8299     81.934     40.390  40.005880     0.6818      7.482   282.6742 4.5837e+02     0.6340     -0.020     -0.028    24.6240 0.0000e+00
     -0.022     -0.007     6.7540     81.022     40.280  39.896319     0.6570      7.486   282.9677 7.9197e+02     0.7115     -0.020     -0.030    24.5897 0.0000e+00
     -0.025     -0.007     6.6965     80.337     40.306  39.924255     0.6589      7.486   283.3168 1.5013e+03     0.6902     -0.025     -0.036    24.5487 0.0000e+00
     -0.029     -0.006     6.6573     79.878     40.466  40.089512     0.6948      7.481   283.5400 1.9043e+03     0.5906     -0.029     -0.043    24.5235 0.0000e+00
     -0.031     -0.004     6.6243     79.502     40.610  40.242511     0.7414      7.480   283.6876 1.9308e+03     0.4224     -0.031     -0.046    24.5157 0.0000e+00
     -0.030     -0.002     6.5878     79.082     40.671  40.312836     0.7638      7.482   283.8968 1.7473e+03     0.3353     -0.029     -0.043    24.5179 0.0000e+00
     -0.030      0.000     6.5451     78.586     40.654  40.304461     0.7635      7.483   284.3488 1.2554e+03     0.3303     -0.028     -0.041    24.5179 0.0000e+00
     -0.029      0.002     6.4957     78.012     40.606  40.268334     0.7653      7.481   284.8513 9.5921e+02     0.3315     -0.029     -0.042    24.5261 0.0000e+00
     -0.028      0.003     6.4408     77.375     40.582  40.257267     0.7754      7.480   285.2396 1.3136e+03     0.3495     -0.028     -0.040    24.5434 0.0000e+00
     -0.028      0.003     6.3800     76.668     40.609  40.297743     0.7846      7.480   285.5162 1.7829e+03     0.3658     -0.027     -0.039    24.5546 0.0000e+00
     -0.027      0.002     6.3141     75.899     40.675  40.376528     0.7846      7.483   285.6145 1.9433e+03     0.3757     -0.027     -0.039    24.5636 0.0000e+00
     -0.026      0.001     6.2480     75.128     40.668  40.383893     0.7856      7.485   285.7391 1.9639e+03     0.3767     -0.026     -0.038    24.5776 0.0000e+00
     -0.025      0.000     6.1854     74.400     40.592  40.323269     0.8058      7.485   286.0764 1.9651e+03     0.3483     -0.024     -0.035    24.5944 0.0000e+00
     -0.025     -0.001     6.1284     73.738     40.597  40.342457     0.8267      7.485   286.5093 1.9595e+03     0.3373     -0.024     -0.034    24.6113 0.0000e+00
     -0.027     -0.002     6.0764     73.134     40.732  40.488840     0.8270      7.483   286.7572 1.9515e+03     0.3656     -0.027     -0.038    24.6276 0.0000e+00
     -0.028     -0.003     6.0279     72.569     40.865  40.631850     0.8092      7.480   286.9229 1.9472e+03     0.4152     -0.029     -0.042    24.6440 0.0000e+00
     -0.028     -0.005     5.9847     72.066     40.896  40.673770     0.7769      7.477   287.1363 1.9464e+03     0.4797     -0.028     -0.041    24.6631 0.0000e+00
     -0.028     -0.008     5.9488     71.653     40.888  40.678025     0.7577      7.472   287.1858 1.9455e+03     0.5045     -0.026     -0.038    24.6793 0.0000e+00
     -0.030     -0.011     5.9199     71.334     40.811  40.619775     0.7613      7.470   287.1782 1.9445e+03     0.5017     -0.029     -0.041    24.6956 0.0000e+00
     -0.033     -0.012     5.8944     71.073     40.640  40.477796     0.7648      7.468   287.2171 1.9419e+03     0.5070     -0.032     -0.047    24.7107 0.0000e+00
     -0.037     -0.011     5.8689     70.827     40.547  40.422757     0.7642      7.460   287.3113 1.9348e+03     0.4472     -0.035     -0.051    24.7221 0.0000e+00
     -0.044     -0.009     5.8444     70.592     40.613  40.526204     0.7624      7.445   287.4563 1.9266e+03     0.3272     -0.044     -0.065    24.7340 0.0000e+00
     -0.050     -0.006     5.8239     70.372     40.718  40.648497     0.7710      7.432   287.5939 1.9220e+03     0.2770     -0.053     -0.076    24.7538 0.0000e+00
     -0.049     -0.003     5.8061     70.146     40.771  40.694203     0.7853      7.427   287.8567 1.9240e+03     0.2976     -0.050     -0.073    24.7913 0.0000e+00
     -0.044     -0.001     5.7869     69.899     40.784  40.697595     0.7797      7.429   288.2254 1.9337e+03     0.3020     -0.042     -0.061    24.8389 0.0000e+00
