Data/DataNotYetUploadedToEDI/Raw_CTD/RawDownloads/051418_fcr30.cnv
* Sea-Bird SBE19plus  Data File:
* FileName = C:\DATA\051418_fcr_0004.hex
* Software version 2.6.3.104 SB_Terminal.dll
* Temperature SN = 7809
* Conductivity SN = 7809
* System UpLoad Time = May 14 2018 15:31:42
* <ApplicationData>
* <Seaterm232>
# nquan = 15
# nvalues = 649                         
# units = specified
# name 0 = depFM: Depth [fresh water, m]
# name 1 = dz/dtM: Descent Rate [m/s]
# name 2 = sbeox0Mg/L: Oxygen, SBE 43 [mg/l]
# name 3 = sbeox0PS: Oxygen, SBE 43 [% saturation]
# name 4 = specc: Specific Conductance [uS/cm]
# name 5 = c0uS/cm: Conductivity [uS/cm]
# name 6 = flECO-AFL: Fluorescence, WET Labs ECO-AFL/FL [mg/m^3]
# name 7 = ph: pH
# name 8 = orp: Oxidation Reduction Potential [mV]
# name 9 = par/sat/log: PAR/Logarithmic, Satlantic
# name 10 = turbWETntu0: Turbidity, WET Labs ECO [NTU]
# name 11 = prdM: Pressure, Strain Gauge [db]
# name 12 = prdE: Pressure, Strain Gauge [psi]
# name 13 = tv290C: Temperature [ITS-90, deg C]
# name 14 = flag:  0.000e+00
# span 0 =     -0.098,      5.431       
# span 1 =     -0.173,      0.098       
# span 2 =     4.5876,    11.0747       
# span 3 =     55.061,    113.666       
# span 4 =     33.616,     39.976       
# span 5 =  27.034417,  36.150133       
# span 6 =     0.4688,     3.3828       
# span 7 =      6.587,      7.462       
# span 8 =   253.1438,   343.8277       
# span 9 = 1.9857e+01, 2.5555e+03       
# span 10 =    -0.0017,     1.0969      
# span 11 =     -0.096,      5.326      
# span 12 =     -0.139,      7.725      
# span 13 =     9.2732,    24.5510      
# span 14 = 0.0000e+00, 0.0000e+00      
# interval = seconds: 0.25
# start_time = May 14 2018 16:42:41 [Instrument's time stamp, header]
# bad_flag = -9.990e-29
*END*
[from data line 579]
      4.264      0.062     6.8159     59.900     39.444  27.341386     1.3014      6.734   338.6897 1.0949e+02     1.0808      4.183      6.066     9.7750 0.0000e+00
      4.279      0.063     6.8399     60.086     39.463  27.340674     1.3044      6.730   338.8570 1.0755e+02     1.0952      4.196      6.085     9.7474 0.0000e+00
      4.294      0.064     6.8719     60.353     39.463  27.333114     1.2361      6.726   339.0171 1.0541e+02     1.0497      4.210      6.106     9.7190 0.0000e+00
      4.311      0.066     6.9135     60.693     39.455  27.313477     1.0820      6.722   339.1627 1.0302e+02     0.9587      4.227      6.131     9.6861 0.0000e+00
      4.329      0.068     6.9646     61.101     39.459  27.293727     0.9944      6.717   339.2409 1.0049e+02     0.9103      4.244      6.155     9.6508 0.0000e+00
      4.347      0.068     7.0222     61.567     39.476  27.284785     0.9856      6.713   339.3605 9.7932e+01     0.9225      4.264      6.182     9.6332 0.0000e+00
      4.366      0.067     7.0800     62.043     39.476  27.268835     0.9760      6.710   339.5769 9.5416e+01     0.9231      4.283      6.211     9.6340 0.0000e+00
      4.384      0.064     7.1352     62.506     39.433  27.227865     0.9976      6.707   339.7921 9.2937e+01     0.9478      4.300      6.237     9.6165 0.0000e+00
      4.400      0.061     7.1859     62.935     39.361  27.170391     1.0627      6.705   339.8971 9.0487e+01     1.0379      4.316      6.260     9.5816 0.0000e+00
      4.414      0.060     7.2310     63.317     39.335  27.145403     1.1018      6.703   339.9864 8.8169e+01     1.0969      4.329      6.280     9.5534 0.0000e+00
      4.427      0.061     7.2724     63.666     39.395  27.179714     1.1023      6.699   340.0977 8.6001e+01     1.0820      4.341      6.296     9.5335 0.0000e+00
      4.440      0.065     7.3090     63.973     39.441  27.204255     1.1334      6.693   340.1245 8.3807e+01     1.0716      4.354      6.314     9.5209 0.0000e+00
      4.455      0.071     7.3415     64.243     39.429  27.188125     1.1934      6.686   340.3098 8.1557e+01     1.0926      4.368      6.334     9.5120 0.0000e+00
      4.474      0.079     7.3738     64.511     39.421  27.175166     1.2217      6.681   340.6169 7.9255e+01     1.0917      4.386      6.362     9.5032 0.0000e+00
      4.498      0.086     7.4101     64.813     39.432  27.174556     1.2269      6.676   340.8268 7.7056e+01     1.0603      4.412      6.399     9.4937 0.0000e+00
      4.523      0.091     7.4576     65.211     39.453  27.180745     1.2192      6.671   341.0406 7.5195e+01     0.9885      4.436      6.434     9.4846 0.0000e+00
      4.548      0.093     7.5126     65.675     39.473  27.186495     1.1929      6.667   341.2231 7.3609e+01     0.8947      4.459      6.468     9.4756 0.0000e+00
      4.573      0.093     7.5636     66.107     39.474  27.180566     1.1846      6.664   341.3131 7.2158e+01     0.8413      4.484      6.504     9.4660 0.0000e+00
      4.597      0.090     7.6122     66.525     39.469  27.172550     1.1838      6.661   341.3547 7.0837e+01     0.8005      4.509      6.539     9.4558 0.0000e+00
      4.620      0.086     7.6632     66.965     39.445  27.153075     1.1094      6.659   341.3820 6.9628e+01     0.7989      4.531      6.572     9.4451 0.0000e+00
      4.642      0.081     7.7130     67.388     39.428  27.135587     0.9838      6.658   341.4701 6.8406e+01     0.8522      4.552      6.602     9.4337 0.0000e+00
      4.662      0.077     7.7572     67.759     39.461  27.151583     0.9241      6.657   341.6453 6.7095e+01     0.8658      4.572      6.631     9.4236 0.0000e+00
      4.680      0.074     7.7999     68.122     39.475  27.155981     0.9206      6.654   341.7797 6.5720e+01     0.8411      4.590      6.657     9.4197 0.0000e+00
      4.697      0.073     7.8423     68.484     39.436  27.125259     0.9138      6.651   341.8051 6.4320e+01     0.8274      4.606      6.680     9.4186 0.0000e+00
      4.714      0.073     7.8811     68.812     39.404  27.097612     0.8691      6.649   341.7806 6.2858e+01     0.8221      4.623      6.705     9.4104 0.0000e+00
      4.731      0.074     7.9171     69.115     39.380  27.075690     0.7845      6.646   341.7419 6.1237e+01     0.8383      4.638      6.727     9.3984 0.0000e+00
      4.750      0.077     7.9506     69.395     39.351  27.050700     0.7266      6.642   341.7674 5.9467e+01     0.8700      4.657      6.754     9.3936 0.0000e+00
      4.772      0.079     7.9836     69.671     39.358  27.049435     0.7119      6.638   341.9168 5.7718e+01     0.8706      4.680      6.788     9.3907 0.0000e+00
      4.794      0.081     8.0182     69.962     39.383  27.060392     0.7255      6.636   342.0850 5.6124e+01     0.8451      4.701      6.818     9.3819 0.0000e+00
      4.815      0.081     8.0616     70.329     39.384  27.056175     0.7635      6.635   342.2523 5.4584e+01     0.8365      4.721      6.848     9.3745 0.0000e+00
      4.836      0.081     8.1196     70.824     39.399  27.061938     0.7855      6.633   342.4773 5.3055e+01     0.8580      4.743      6.878     9.3691 0.0000e+00
      4.856      0.081     8.1872     71.405     39.412  27.066564     0.7799      6.631   342.6541 5.1686e+01     0.8915      4.763      6.908     9.3612 0.0000e+00
      4.875      0.082     8.2640     72.068     39.390  27.048619     0.7422      6.628   342.7552 5.0358e+01     0.9057      4.781      6.935     9.3535 0.0000e+00
      4.895      0.084     8.3478     72.793     39.374  27.035457     0.6689      6.625   342.8397 4.8928e+01     0.9081      4.800      6.961     9.3470 0.0000e+00
      4.917      0.086     8.4351     73.549     39.377  27.034417     0.6113      6.622   342.9012 4.7460e+01     0.8905      4.821      6.992     9.3409 0.0000e+00
      4.940      0.088     8.5272     74.347     39.383  27.036036     0.5968      6.621   342.9826 4.5943e+01     0.8440      4.844      7.026     9.3348 0.0000e+00
      4.964      0.089     8.6162     75.117     39.414  27.055022     0.6219      6.620   343.1361 4.4458e+01     0.8347      4.869      7.062     9.3311 0.0000e+00
      4.987      0.091     8.6938     75.791     39.443  27.073485     0.6579      6.617   343.2940 4.3038e+01     0.8699      4.891      7.094     9.3293 0.0000e+00
      5.010      0.091     8.7608     76.373     39.438  27.068774     0.6724      6.614   343.3425 4.1627e+01     0.8738      4.912      7.125     9.3258 0.0000e+00
      5.033      0.091     8.8125     76.820     39.429  27.061558     0.6699      6.612   343.3783 4.0296e+01     0.8511      4.934      7.158     9.3218 0.0000e+00
      5.056      0.090     8.8427     77.077     39.415  27.049737     0.6450      6.610   343.4683 3.8967e+01     0.8085      4.957      7.190     9.3188 0.0000e+00
      5.080      0.088     8.8529     77.162     39.423  27.052834     0.6197      6.609   343.4846 3.7555e+01     0.7246      4.982      7.226     9.3171 0.0000e+00
      5.104      0.084     8.8466     77.103     39.492  27.099000     0.6221      6.609   343.4891 3.6163e+01     0.6609      5.005      7.261     9.3167 0.0000e+00
      5.126      0.079     8.8237     76.900     39.588  27.163443     0.6276      6.609   343.6094 3.4783e+01     0.6490      5.028      7.292     9.3152 0.0000e+00
      5.146      0.074     8.7860     76.568     39.639  27.197030     0.6222      6.608   343.7347 3.3431e+01     0.6715      5.048      7.321     9.3112 0.0000e+00
      5.162      0.070     8.7396     76.158     39.629  27.187604     0.6023      6.608   343.7129 3.2116e+01     0.6895      5.063      7.343     9.3078 0.0000e+00
      5.177      0.066     8.6892     75.711     39.618  27.176468     0.5718      6.608   343.6043 3.0672e+01     0.6830      5.077      7.363     9.3069 0.0000e+00
      5.193      0.064     8.6342     75.225     39.642  27.189370     0.5559      6.607   343.5394 2.9097e+01     0.6849      5.092      7.386     9.3058 0.0000e+00
      5.210      0.063     8.5734     74.690     39.684  27.216604     0.5577      6.606   343.5309 2.7573e+01     0.6821      5.109      7.410     9.3036 0.0000e+00
      5.228      0.063     8.5084     74.121     39.738  27.251758     0.5560      6.604   343.5869 2.6189e+01     0.6488      5.126      7.435     9.3008 0.0000e+00
      5.244      0.064     8.4382     73.504     39.807  27.296918     0.5440      6.604   343.7010 2.4952e+01     0.6182      5.143      7.460     9.2957 0.0000e+00
      5.258      0.066     8.3652     72.861     39.842  27.318137     0.5421      6.602   343.7921 2.3868e+01     0.6177      5.155      7.478     9.2908 0.0000e+00
      5.273      0.066     8.2950     72.245     39.844  27.317814     0.5513      6.600   343.8277 2.2905e+01     0.6423      5.170      7.498     9.2886 0.0000e+00
      5.291      0.066     8.2292     71.670     39.903  27.356502     0.5454      6.598   343.7878 2.2080e+01     0.7023      5.188      7.525     9.2876 0.0000e+00
      5.311      0.066     8.1696     71.147     39.976  27.404916     0.5347      6.597   343.7403 2.1440e+01     0.7932      5.208      7.554     9.2842 0.0000e+00
      5.328      0.066     8.1142     70.664     39.963  27.395200     0.5412      6.596   343.6837 2.0980e+01     0.8570      5.227      7.581     9.2797 0.0000e+00
      5.343      0.064     8.0546     70.147     39.918  27.366023     0.5501      6.595   343.5328 2.0672e+01     0.8632      5.241      7.601     9.2782 0.0000e+00
      5.358      0.060     7.9902     69.589     39.921  27.369629     0.5505      6.594   343.3789 2.0456e+01     0.8063      5.254      7.620     9.2767 0.0000e+00
      5.374      0.055     7.9266     69.037     39.929  27.375299     0.5551      6.592   343.2854 2.0279e+01     0.7187      5.270      7.643     9.2739 0.0000e+00
      5.389      0.049     7.8590     68.447     39.924  27.371084     0.5601      6.591   343.2629 2.0124e+01     0.6888      5.286      7.667     9.2732 0.0000e+00
      5.404      0.041     7.7830     67.786     39.939  27.382163     0.5469      6.590   343.1930 2.0001e+01     0.6893      5.301      7.689     9.2754 0.0000e+00
      5.414      0.033     7.7033     67.094     39.937  27.382267     0.5145      6.589   343.0424 1.9931e+01     0.6637      5.311      7.703     9.2781 0.0000e+00
      5.419      0.025     7.6298     66.457     39.920  27.372345     0.4815      6.589   342.9903 1.9891e+01     0.6539      5.315      7.708     9.2777 0.0000e+00
      5.422      0.018     7.5713     65.951     39.943  27.389199     0.4688      6.589   342.9943 1.9887e+01     0.6628      5.317      7.711     9.2767 0.0000e+00
      5.425      0.012     7.5289     65.582     39.952  27.395545     0.4721      6.588   343.0045 1.9947e+01     0.6483      5.320      7.716     9.2773 0.0000e+00
      5.427      0.010     7.5115     65.430     39.937  27.385566     0.4746      6.587   343.0267 2.0012e+01     0.6319      5.323      7.719     9.2789 0.0000e+00
      5.429 -9.990e-29 -9.990e-29 -9.990e-29 -9.990e-29 -9.990e-29 -9.990e-29 -9.990e-29 -9.990e-29 2.0007e+01 -9.990e-29      5.324      7.721     9.2814 0.0000e+00
      5.430 -9.990e-29 -9.990e-29 -9.990e-29 -9.990e-29 -9.990e-29 -9.990e-29 -9.990e-29 -9.990e-29 1.9948e+01 -9.990e-29      5.325      7.722     9.2836 0.0000e+00
      5.431 -9.990e-29 -9.990e-29 -9.990e-29 -9.990e-29 -9.990e-29 -9.990e-29 -9.990e-29 -9.990e-29 1.9885e+01 -9.990e-29      5.326      7.724     9.2839 0.0000e+00
      5.431 -9.990e-29 -9.990e-29 -9.990e-29 -9.990e-29 -9.990e-29 -9.990e-29 -9.990e-29 -9.990e-29 1.9857e+01 -9.990e-29      5.326      7.725     9.2835 0.0000e+00
