Data/DataNotYetUploadedToEDI/Raw_CTD/RawDownloads/051418_fcr50.cnv
* Sea-Bird SBE19plus  Data File:
* FileName = C:\DATA\051418_fcr_0001.hex
* Software version 2.6.3.104 SB_Terminal.dll
* Temperature SN = 7809
* Conductivity SN = 7809
* System UpLoad Time = May 14 2018 15:30:42
* <ApplicationData>
* <Seaterm232>
# nquan = 15
# nvalues = 1005                        
# units = specified
# name 0 = depFM: Depth [fresh water, m]
# name 1 = dz/dtM: Descent Rate [m/s]
# name 2 = sbeox0Mg/L: Oxygen, SBE 43 [mg/l]
# name 3 = sbeox0PS: Oxygen, SBE 43 [% saturation]
# name 4 = specc: Specific Conductance [uS/cm]
# name 5 = c0uS/cm: Conductivity [uS/cm]
# name 6 = flECO-AFL: Fluorescence, WET Labs ECO-AFL/FL [mg/m^3]
# name 7 = ph: pH
# name 8 = orp: Oxidation Reduction Potential [mV]
# name 9 = par/sat/log: PAR/Logarithmic, Satlantic
# name 10 = turbWETntu0: Turbidity, WET Labs ECO [NTU]
# name 11 = prdM: Pressure, Strain Gauge [db]
# name 12 = prdE: Pressure, Strain Gauge [psi]
# name 13 = tv290C: Temperature [ITS-90, deg C]
# name 14 = flag:  0.000e+00
# span 0 =     -0.548,      9.627       
# span 1 =     -0.194,      3.010       
# span 2 =     4.9735,     9.8729       
# span 3 =     59.201,    102.508       
# span 4 =      0.633,     39.637       
# span 5 =   0.651551,  36.244664       
# span 6 =    -0.6818,     4.4154       
# span 7 =      5.689,      7.487       
# span 8 =   328.2834,  1240.2295       
# span 9 = 1.8214e+00, 1.7117e+03       
# span 10 =    -0.6722,   371.5655      
# span 11 =     -0.538,      9.441      
# span 12 =     -0.780,     13.693      
# span 13 =     9.3216,    26.4835      
# span 14 = 0.0000e+00, 0.0000e+00      
# interval = seconds: 0.25
# start_time = May 14 2018 13:41:17 [Instrument's time stamp, header]
# bad_flag = -9.990e-29
*END*
[from data line 675]
      4.019      0.046     6.9672     63.022     38.208  27.424487     1.9326      6.710   359.2976 5.0106e+01     0.6207      3.944      5.720    10.9267 0.0000e+00
      4.029      0.049     6.9657     62.932     38.232  27.401607     1.8809      6.710   359.8485 4.9898e+01     0.5949      3.952      5.731    10.9478 0.0000e+00
      4.037      0.051     6.9777     62.876     38.287  27.355313     1.8807      6.708   360.6478 4.9500e+01     0.6308      3.956      5.737    10.9471 0.0000e+00
      4.050      0.053     7.0034     62.821     38.433  27.309148     1.8466      6.705   361.0462 4.8789e+01     0.6579      3.970      5.759    10.9273 0.0000e+00
      4.065      0.056     7.0280     62.714     38.645  27.287755     1.7634      6.701   361.2240 4.8124e+01     0.6484      3.986      5.783    10.8851 0.0000e+00
      4.081      0.060     7.0399     62.546     38.848  27.286955     1.7022      6.697   361.3346 4.7653e+01     0.6381      4.000      5.802    10.8542 0.0000e+00
      4.099      0.062     7.0470     62.403     39.022  27.299331     1.6850      6.694   361.3507 4.7246e+01     0.6548      4.020      5.830    10.7623 0.0000e+00
      4.115      0.063     7.0594     62.355     39.157  27.310287     1.6746      6.692   361.3328 4.6783e+01     0.6673      4.036      5.854    10.5362 0.0000e+00
      4.131      0.064     7.0865     62.488     39.211  27.292334     1.6509      6.689   361.5483 4.6345e+01     0.6365      4.050      5.874    10.2819 0.0000e+00
      4.146      0.066     7.1416     62.911     39.231  27.272711     1.6274      6.684   362.1495 4.5964e+01     0.6183      4.067      5.897    10.1023 0.0000e+00
      4.162      0.070     7.2356     63.678     39.263  27.263488     1.6199      6.678   362.8368 4.5410e+01     0.6611      4.081      5.919     9.9677 0.0000e+00
      4.179      0.075     7.3692     64.764     39.302  27.244287     1.6157      6.671   363.4059 4.4700e+01     0.6960      4.096      5.942     9.8566 0.0000e+00
      4.199      0.081     7.5311     66.079     39.360  27.230999     1.5033      6.665   363.6961 4.3983e+01     0.6740      4.117      5.970     9.7865 0.0000e+00
      4.220      0.086     7.7070     67.532     39.423  27.229754     1.2910      6.661   363.7643 4.3318e+01     0.6402      4.139      6.002     9.7547 0.0000e+00
      4.244      0.090     7.8830     69.008     39.469  27.229188     1.1805      6.658   363.9727 4.2666e+01     0.6225      4.160      6.033     9.7276 0.0000e+00
      4.270      0.092     8.0478     70.403     39.494  27.224122     1.1775      6.654   364.3226 4.2041e+01     0.6121      4.187      6.072     9.6620 0.0000e+00
      4.296      0.092     8.1983     71.685     39.529  27.231985     1.1821      6.651   364.5531 4.1557e+01     0.6071      4.214      6.113     9.5832 0.0000e+00
      4.318      0.090     8.3342     72.850     39.587  27.260745     1.1810      6.649   364.6088 4.1087e+01     0.6223      4.234      6.142     9.5274 0.0000e+00
      4.340      0.087     8.4569     73.907     39.588  27.254344     1.1724      6.647   364.6523 4.0537e+01     0.6428      4.256      6.172     9.4888 0.0000e+00
      4.362      0.082     8.5664     74.851     39.543  27.218082     1.1609      6.645   364.8214 3.9969e+01     0.6421      4.279      6.206     9.4611 0.0000e+00
      4.383      0.077     8.6649     75.701     39.528  27.203292     1.0978      6.643   364.9327 3.9474e+01     0.6444      4.299      6.235     9.4404 0.0000e+00
      4.402      0.073     8.7564     76.493     39.532  27.202516     0.9788      6.641   364.8783 3.9108e+01     0.6401      4.317      6.261     9.4279 0.0000e+00
      4.419      0.068     8.8416     77.234     39.542  27.208692     0.9073      6.641   364.7666 3.8754e+01     0.6207      4.334      6.286     9.4202 0.0000e+00
      4.436      0.063     8.9196     77.914     39.552  27.214462     0.9043      6.639   364.5280 3.8379e+01     0.6237      4.351      6.311     9.4132 0.0000e+00
      4.452      0.057     8.9859     78.490     39.545  27.208783     0.9330      6.637   364.3165 3.8050e+01     0.6457      4.366      6.334     9.4069 0.0000e+00
      4.466      0.050     9.0348     78.914     39.540  27.203532     0.9699      6.636   364.4470 3.7750e+01     0.6421      4.381      6.353     9.4028 0.0000e+00
      4.479      0.045     9.0633     79.162     39.557  27.214462     0.9829      6.634   364.7283 3.7474e+01     0.6109      4.393      6.371     9.4022 0.0000e+00
      4.490      0.043     9.0757     79.269     39.557  27.213942     0.9800      6.633   364.7923 3.7290e+01     0.6036      4.405      6.388     9.4015 0.0000e+00
      4.497      0.044     9.0776     79.284     39.533  27.197250     1.0089      6.633   364.6195 3.7191e+01     0.6452      4.411      6.397     9.3991 0.0000e+00
      4.503      0.048     9.0700     79.214     39.543  27.203126     1.0746      6.633   364.3597 3.6961e+01     0.6869      4.412      6.399     9.3979 0.0000e+00
      4.515      0.054     9.0551     79.081     39.572  27.221494     1.1125      6.632   364.2320 3.6566e+01     0.6496      4.424      6.417     9.3973 0.0000e+00
      4.532      0.061     9.0382     78.931     39.584  27.228834     1.1089      6.631   364.2795 3.6226e+01     0.5614      4.444      6.446     9.3962 0.0000e+00
      4.551      0.069     9.0223     78.793     39.584  27.228369     1.0950      6.630   364.4180 3.5916e+01     0.5354      4.462      6.472     9.3957 0.0000e+00
      4.570      0.076     9.0093     78.680     39.565  27.215878     1.0274      6.629   364.7025 3.5543e+01     0.5800      4.481      6.500     9.3943 0.0000e+00
      4.590      0.082     9.0015     78.612     39.548  27.204797     0.9161      6.627   365.0525 3.5163e+01     0.6124      4.501      6.528     9.3919 0.0000e+00
      4.610      0.085     8.9987     78.586     39.573  27.221391     0.8618      6.624   365.2944 3.4757e+01     0.5912      4.520      6.556     9.3909 0.0000e+00
      4.632      0.085     8.9977     78.572     39.583  27.226019     0.8579      6.621   365.3897 3.4289e+01     0.5679      4.542      6.588     9.3912 0.0000e+00
      4.657      0.084     8.9967     78.557     39.545  27.197251     0.8412      6.619   365.4305 3.3804e+01     0.6055      4.567      6.625     9.3918 0.0000e+00
      4.682      0.081     8.9961     78.545     39.540  27.191048     0.8074      6.619   365.5290 3.3376e+01     0.6487      4.593      6.661     9.3922 0.0000e+00
      4.702      0.079     8.9949     78.529     39.578  27.214516     0.7887      6.618   365.7209 3.3039e+01     0.6324      4.612      6.689     9.3919 0.0000e+00
      4.719      0.076     8.9928     78.507     39.599  27.226998     0.7895      6.615   365.8571 3.2751e+01     0.6224      4.627      6.712     9.3886 0.0000e+00
      4.735      0.071     8.9868     78.452     39.583  27.214970     0.7890      6.612   365.8854 3.2427e+01     0.6502      4.643      6.734     9.3845 0.0000e+00
      4.753      0.065     8.9792     78.387     39.555  27.196086     0.7926      6.609   365.9774 3.2067e+01     0.6630      4.659      6.758     9.3817 0.0000e+00
      4.773      0.059     8.9782     78.381     39.543  27.189169     0.7957      6.607   366.1094 3.1723e+01     0.6542      4.682      6.790     9.3783 0.0000e+00
      4.791      0.052     8.9814     78.414     39.548  27.194837     0.7901      6.606   366.2755 3.1461e+01     0.6355      4.702      6.820     9.3750 0.0000e+00
      4.803      0.044     8.9838     78.438     39.555  27.201126     0.7716      6.606   366.4380 3.1352e+01     0.6207      4.712      6.834     9.3738 0.0000e+00
      4.809      0.038     8.9828     78.431     39.555  27.201701     0.7373      6.606   366.4396 3.1332e+01     0.6276      4.715      6.839     9.3748 0.0000e+00
      4.814      0.033     8.9790     78.396     39.556  27.201796     0.7155      6.606   366.4661 3.1302e+01     0.6583      4.720      6.846     9.3762 0.0000e+00
      4.821      0.033     8.9749     78.356     39.560  27.202268     0.7187      6.605   366.6736 3.1254e+01     0.6553      4.727      6.857     9.3797 0.0000e+00
      4.829      0.036     8.9703     78.315     39.568  27.207412     0.7393      6.604   366.7975 3.1217e+01     0.6222      4.735      6.868     9.3823 0.0000e+00
      4.839      0.039     8.9646     78.275     39.552  27.200495     0.7728      6.604   366.7590 3.1195e+01     0.6242      4.744      6.881     9.3822 0.0000e+00
      4.850      0.039     8.9604     78.256     39.514  27.182126     0.7920      6.603   366.8095 3.1141e+01     0.6190      4.755      6.897     9.3822 0.0000e+00
      4.863      0.037     8.9609     78.274     39.497  27.175824     0.7884      6.602   366.8925 3.1024e+01     0.6205      4.769      6.917     9.3787 0.0000e+00
      4.876      0.032     8.9645     78.304     39.515  27.187804     0.7834      6.602   366.9025 3.0944e+01     0.6418      4.782      6.937     9.3759 0.0000e+00
      4.884      0.027     8.9692     78.335     39.538  27.199974     0.8052      6.601   366.9307 3.1019e+01     0.6318      4.791      6.949     9.3810 0.0000e+00
      4.887      0.022     8.9745     78.371     39.539  27.195970     0.8501      6.601   367.0614 3.1127e+01     0.6225      4.793      6.952     9.3947 0.0000e+00
      4.888      0.022     8.9772     78.386     39.554  27.202889     0.8754      6.600   367.2779 3.1142e+01     0.6205      4.794      6.953     9.4041 0.0000e+00
      4.889      0.026     8.9752     78.363     39.583  27.220122     0.8723      6.596   367.3979 3.1144e+01     0.6392      4.795      6.954     9.4007 0.0000e+00
      4.894      0.032     8.9703     78.318     39.575  27.213834     0.8770      6.591   367.3076 3.1101e+01     0.6652      4.796      6.956     9.3942 0.0000e+00
      4.904      0.039     8.9632     78.255     39.541  27.190366     0.9047      6.588   367.1324 3.0854e+01     0.6598      4.805      6.969     9.3894 0.0000e+00
      4.922      0.044     8.9561     78.192     39.542  27.190365     0.9220      6.587   367.1717 3.0503e+01     0.6649      4.829      7.003     9.3839 0.0000e+00
      4.939      0.047     8.9532     78.164     39.578  27.213824     0.9213      6.585   367.3528 3.0303e+01     0.6660      4.847      7.030     9.3800 0.0000e+00
      4.949      0.047     8.9541     78.168     39.589  27.220008     0.8864      6.583   367.4292 3.0215e+01     0.6430      4.853      7.039     9.3801 0.0000e+00
      4.958      0.047     8.9558     78.182     39.564  27.201631     0.8216      6.582   367.5801 3.0105e+01     0.6307      4.862      7.052     9.3806 0.0000e+00
      4.968      0.049     8.9599     78.214     39.537  27.182127     0.7909      6.581   367.8003 2.9938e+01     0.6398      4.872      7.066     9.3795 0.0000e+00
      4.978      0.054     8.9667     78.267     39.530  27.174686     0.7814      6.580   367.9404 2.9743e+01     0.6615      4.881      7.079     9.3774 0.0000e+00
      4.991      0.060     8.9722     78.307     39.536  27.175150     0.7710      6.578   368.0694 2.9558e+01     0.6796      4.892      7.097     9.3757 0.0000e+00
      5.010      0.067     8.9757     78.332     39.558  27.187733     0.7750      6.577   368.1555 2.9337e+01     0.6755      4.911      7.123     9.3750 0.0000e+00
      5.030      0.073     8.9776     78.346     39.577  27.199832     0.7841      6.576   368.2074 2.9171e+01     0.6429      4.936      7.157     9.3735 0.0000e+00
      5.050      0.076     8.9755     78.326     39.570  27.194428     0.7895      6.575   368.4380 2.8984e+01     0.6209      4.954      7.183     9.3701 0.0000e+00
      5.070      0.077     8.9712     78.287     39.558  27.185898     0.8031      6.573   368.7070 2.8613e+01     0.6223      4.971      7.210     9.3648 0.0000e+00
      5.091      0.074     8.9694     78.267     39.523  27.160193     0.8289      6.572   368.7060 2.8226e+01     0.6300      4.994      7.243     9.3614 0.0000e+00
      5.111      0.069     8.9698     78.266     39.493  27.137619     0.8446      6.571   368.6845 2.7899e+01     0.6529      5.014      7.272     9.3610 0.0000e+00
      5.129      0.064     8.9699     78.264     39.538  27.166949     0.8466      6.571   368.7056 2.7585e+01     0.6539      5.029      7.296     9.3605 0.0000e+00
      5.145      0.059     8.9715     78.278     39.583  27.197334     0.8433      6.572   368.6168 2.7390e+01     0.6426      5.046      7.320     9.3597 0.0000e+00
      5.158      0.054     8.9755     78.312     39.568  27.187502     0.8226      6.572   368.7297 2.7329e+01     0.6390      5.059      7.337     9.3575 0.0000e+00
      5.168      0.053     8.9795     78.346     39.551  27.175073     0.7906      6.572   369.0381 2.7325e+01     0.6101      5.068      7.350     9.3543 0.0000e+00
      5.179      0.053     8.9842     78.386     39.550  27.174047     0.7776      6.571   369.1617 2.7303e+01     0.5986      5.079      7.366     9.3529 0.0000e+00
      5.193      0.052     8.9879     78.418     39.552  27.175089     0.7757      6.571   369.1060 2.7175e+01     0.6207      5.091      7.383     9.3531 0.0000e+00
      5.209      0.051     8.9893     78.431     39.570  27.187675     0.7487      6.571   369.0531 2.6954e+01     0.6341      5.108      7.407     9.3531 0.0000e+00
      5.226      0.051     8.9917     78.451     39.587  27.199228     0.7002      6.571   369.0376 2.6786e+01     0.6383      5.127      7.435     9.3523 0.0000e+00
      5.239      0.050     8.9942     78.472     39.571  27.187788     0.6753      6.569   369.0051 2.6715e+01     0.6409      5.140      7.455     9.3517 0.0000e+00
      5.247      0.046     8.9957     78.485     39.554  27.176348     0.6778      6.568   369.0046 2.6626e+01     0.6353      5.145      7.462     9.3517 0.0000e+00
      5.257      0.040     8.9979     78.505     39.571  27.187902     0.6848      6.568   369.1170 2.6491e+01     0.6321      5.152      7.473     9.3514 0.0000e+00
      5.270      0.034     9.0013     78.535     39.588  27.200489     0.7048      6.568   369.3320 2.6350e+01     0.6319      5.168      7.496     9.3509 0.0000e+00
      5.282      0.027     9.0056     78.575     39.588  27.201538     0.7263      6.568   369.5390 2.6225e+01     0.6331      5.183      7.517     9.3513 0.0000e+00
      5.288      0.021     9.0097     78.612     39.586  27.200592     0.7333      6.568   369.6415 2.6154e+01     0.6473      5.188      7.524     9.3513 0.0000e+00
      5.290      0.015     9.0117     78.629     39.570  27.189047     0.7058      6.569   369.7105 2.6154e+01     0.6513      5.188      7.525     9.3507 0.0000e+00
      5.290      0.011     9.0126     78.637     39.570  27.188943     0.6517      6.569   369.6854 2.6171e+01     0.6506      5.188      7.524     9.3514 0.0000e+00
      5.290      0.013     9.0146     78.657     39.584  27.199334     0.6311      6.568   369.4229 2.6188e+01     0.6684      5.188      7.524     9.3533 0.0000e+00
      5.290      0.019     9.0199     78.705     39.565  27.187684     0.6409      6.566   369.2039 2.6266e+01     0.6839      5.188      7.525     9.3540 0.0000e+00
      5.293      0.026     9.0266     78.763     39.547  27.175089     0.6596      6.564   369.2756 2.6297e+01     0.6850      5.189      7.526     9.3533 0.0000e+00
      5.303      0.033     9.0304     78.796     39.546  27.174048     0.6915      6.563   369.5149 2.6129e+01     0.6512      5.197      7.537     9.3532 0.0000e+00
      5.318      0.039     9.0329     78.820     39.546  27.175092     0.7136      6.563   369.7741 2.5936e+01     0.6111      5.217      7.565     9.3548 0.0000e+00
      5.332      0.047     9.0375     78.864     39.561  27.187715     0.7160      6.562   369.9151 2.5850e+01     0.6271      5.232      7.588     9.3565 0.0000e+00
      5.341      0.056     9.0396     78.884     39.578  27.199676     0.7114      6.559   369.9285 2.5682e+01     0.6616      5.238      7.596     9.3556 0.0000e+00
