Data/DataNotYetUploadedToEDI/Raw_CTD/RawDownloads/051418_fcr10.cnv
* Sea-Bird SBE19plus  Data File:
* FileName = C:\DATA\051418_fcr_0002.hex
* Software version 2.6.3.104 SB_Terminal.dll
* Temperature SN = 7809
* Conductivity SN = 7809
* System UpLoad Time = May 14 2018 15:31:00
* <ApplicationData>
* <Seaterm232>
# nquan = 15
# nvalues = 581                         
# units = specified
# name 0 = depFM: Depth [fresh water, m]
# name 1 = dz/dtM: Descent Rate [m/s]
# name 2 = sbeox0Mg/L: Oxygen, SBE 43 [mg/l]
# name 3 = sbeox0PS: Oxygen, SBE 43 [% saturation]
# name 4 = specc: Specific Conductance [uS/cm]
# name 5 = c0uS/cm: Conductivity [uS/cm]
# name 6 = flECO-AFL: Fluorescence, WET Labs ECO-AFL/FL [mg/m^3]
# name 7 = ph: pH
# name 8 = orp: Oxidation Reduction Potential [mV]
# name 9 = par/sat/log: PAR/Logarithmic, Satlantic
# name 10 = turbWETntu0: Turbidity, WET Labs ECO [NTU]
# name 11 = prdM: Pressure, Strain Gauge [db]
# name 12 = prdE: Pressure, Strain Gauge [psi]
# name 13 = tv290C: Temperature [ITS-90, deg C]
# name 14 = flag:  0.000e+00
# span 0 =     -0.524,      2.729       
# span 1 =     -0.080,      0.237       
# span 2 =     4.9796,    13.0831       
# span 3 =     51.772,    132.699       
# span 4 =      0.755,     89.036       
# span 5 =   0.873695,  72.292000       
# span 6 =    -1.4355,   251.1708       
# span 7 =      6.117,      8.477       
# span 8 =  -924.1882,   518.7720       
# span 9 = 1.8034e+02, 2.4657e+03       
# span 10 =   -10.5385,     6.3748      
# span 11 =     -0.514,      2.677      
# span 12 =     -0.746,      3.882      
# span 13 =    15.5115,    32.9065      
# span 14 = 0.0000e+00, 0.0000e+00      
# interval = seconds: 0.25
# start_time = May 14 2018 15:47:17 [Instrument's time stamp, header]
# bad_flag = -9.990e-29
*END*
[from data line 290]
     -0.014     -0.001     7.9793     93.602     35.668  34.475276     0.8335      7.362   305.7781 1.9608e+03     0.4953     -0.014     -0.020    23.3125 0.0000e+00
     -0.015     -0.001     8.0017     93.862     35.687  34.492505     0.8376      7.362   305.7977 1.9613e+03     0.4850     -0.014     -0.021    23.3168 0.0000e+00
     -0.015     -0.001     8.0013     93.855     35.696  34.499420     0.8466      7.360   305.9781 1.9612e+03     0.4226     -0.015     -0.022    23.3218 0.0000e+00
     -0.016      0.000     7.9729     93.522     35.691  34.495369     0.8505      7.358   306.1531 1.9597e+03     0.3512     -0.016     -0.023    23.3242 0.0000e+00
     -0.016 3.9135e-07     7.9295     93.014     35.703  34.507041     0.8566      7.357   306.2785 1.9556e+03     0.2937     -0.015     -0.022    23.3224 0.0000e+00
     -0.015      0.000     7.8880     92.528     35.710  34.513506     0.8563      7.357   306.4623 1.9536e+03     0.2758     -0.014     -0.021    23.3201 0.0000e+00
     -0.015      0.000     7.8599     92.197     35.706  34.510027     0.8564      7.357   306.7401 1.9542e+03     0.3187     -0.014     -0.021    23.3189 0.0000e+00
     -0.015      0.001     7.8476     92.052     35.725  34.528496     0.8763      7.358   306.9702 1.9543e+03     0.4151     -0.014     -0.021    23.3190 0.0000e+00
     -0.016      0.001     7.8473     92.050     35.743  34.546254     0.8939      7.359   307.0073 1.9572e+03     0.4956     -0.015     -0.022    23.3201 0.0000e+00
     -0.016      0.001     7.8544     92.139     35.729  34.534185     0.8956      7.359   307.0170 1.9611e+03     0.5282     -0.016     -0.023    23.3200 0.0000e+00
     -0.015      0.001     7.8673     92.299     35.699  34.509613     0.8782      7.360   307.0873 1.9605e+03     0.5045     -0.014     -0.021    23.3192 0.0000e+00
     -0.013      0.001     7.8843     92.510     35.688  34.503231     0.8398      7.360   307.1692 1.9581e+03     0.3924     -0.013     -0.019    23.3191 0.0000e+00
     -0.013      0.001     7.9033     92.744     35.701  34.520555     0.8167      7.360   307.3194 1.9579e+03     0.3019     -0.013     -0.019    23.3196 0.0000e+00
     -0.014      0.000     7.9250     93.004     35.706  34.528515     0.8293      7.361   307.6122 1.9572e+03     0.3254     -0.013     -0.019    23.3224 0.0000e+00
     -0.014      0.000     7.9478     93.272     35.714  34.535963     0.8539      7.361   307.9555 1.9542e+03     0.4019     -0.014     -0.020    23.3280 0.0000e+00
     -0.014     -0.001     7.9635     93.454     35.727  34.547097     0.8758      7.361   308.1145 1.9517e+03     0.4640     -0.014     -0.020    23.3345 0.0000e+00
     -0.014     -0.001     7.9669     93.494     35.716  34.536089     0.8999      7.361   308.0725 1.9501e+03     0.4975     -0.015     -0.021    23.3414 0.0000e+00
     -0.014     -0.002     7.9627     93.452     35.707  34.529899     0.9156      7.361   308.1364 1.9503e+03     0.5316     -0.013     -0.020    23.3464 0.0000e+00
     -0.015     -0.002     7.9622     93.454     35.709  34.535786     0.9103      7.361   308.2847 1.9520e+03     0.5406     -0.014     -0.021    23.3464 0.0000e+00
     -0.016     -0.002     7.9708     93.564     35.714  34.543756     0.9000      7.360   308.3164 1.9535e+03     0.5156     -0.016     -0.022    23.3423 0.0000e+00
     -0.017     -0.002     7.9823     93.707     35.730  34.562745     0.8924      7.358   308.4337 1.9573e+03     0.5034     -0.016     -0.023    23.3413 0.0000e+00
     -0.018     -0.001     7.9892     93.800     35.738  34.574821     0.8922      7.356   308.6712 1.9587e+03     0.5152     -0.018     -0.026    23.3467 0.0000e+00
     -0.019      0.000     7.9891     93.814     35.719  34.562742     0.9057      7.353   308.8641 1.9554e+03     0.5357     -0.019     -0.027    23.3526 0.0000e+00
     -0.018 -2.026e-08     7.9801     93.724     35.692  34.543742     0.9182      7.349   308.9591 1.9562e+03     0.5386     -0.017     -0.025    23.3566 0.0000e+00
     -0.016 -2.229e-07     7.9646     93.555     35.678  34.535667     0.9235      7.347   308.8736 1.9602e+03     0.5186     -0.016     -0.023    23.3608 0.0000e+00
     -0.016 -2.163e-07     7.9503     93.394     35.668  34.528635     0.9149      7.346   308.7770 1.9608e+03     0.5083     -0.016     -0.022    23.3670 0.0000e+00
     -0.016 5.9728e-08     7.9436     93.315     35.661  34.522236     0.8975      7.345   308.7376 1.9596e+03     0.5363     -0.016     -0.022    23.3761 0.0000e+00
     -0.017 8.6026e-07     7.9506     93.391     35.664  34.521818     0.9240      7.343   308.6552 1.9579e+03     0.4899     -0.017     -0.024    23.3864 0.0000e+00
     -0.018      0.000     7.9731     93.645     35.670  34.523578     0.9880      7.342   308.6412 1.9543e+03     0.3448     -0.018     -0.026    23.3949 0.0000e+00
     -0.019      0.000     7.9967     93.911     35.695  34.543513     1.0179      7.341   308.6539 1.9486e+03     0.2774     -0.019     -0.028    23.3985 0.0000e+00
     -0.018      0.001     8.0053     94.007     35.728  34.572291     1.0195      7.339   308.8085 1.9454e+03     0.3150     -0.017     -0.026    23.3987 0.0000e+00
     -0.016      0.003     7.9990     93.933     35.708  34.553923     0.9978      7.337   309.0484 1.9509e+03     0.4030     -0.016     -0.023    23.3956 0.0000e+00
     -0.016      0.004     7.9827     93.748     35.662  34.511978     0.9483      7.335   309.0599 1.9570e+03     0.4874     -0.015     -0.022    23.3877 0.0000e+00
     -0.015      0.004     7.9611     93.498     35.658  34.509783     0.9180      7.335   309.0327 1.9589e+03     0.5111     -0.015     -0.022    23.3801 0.0000e+00
     -0.014      0.004     7.9371     93.215     35.676  34.527379     0.9064      7.335   309.1501 1.9636e+03     0.5057     -0.013     -0.019    23.3766 0.0000e+00
     -0.012      0.004     7.9097     92.885     35.687  34.534182     0.8824      7.336   309.2748 1.9676e+03     0.5139     -0.011     -0.016    23.3775 0.0000e+00
     -0.010      0.003     7.8852     92.582     35.688  34.528511     0.8480      7.338   309.3363 1.9681e+03     0.5498     -0.009     -0.014    23.3818 0.0000e+00
     -0.010      0.002     7.8780     92.478     35.689  34.522322     0.8302      7.341   309.4631 1.9653e+03     0.5737     -0.009     -0.014    23.3849 0.0000e+00
     -0.010      0.001     7.8940     92.646     35.699  34.522854     0.8321      7.343   309.6026 1.9574e+03     0.5591     -0.010     -0.014    23.3857 0.0000e+00
     -0.010      0.000     7.9262     93.005     35.719  34.534934     0.8347      7.345   309.6468 1.9485e+03     0.5260     -0.010     -0.015    23.3811 0.0000e+00
     -0.010     -0.001     7.9642     93.436     35.732  34.541325     0.8342      7.347   309.6533 1.9415e+03     0.4471     -0.010     -0.015    23.3700 0.0000e+00
     -0.011     -0.001     8.0000     93.847     35.730  34.536610     0.8355      7.349   309.5963 1.9377e+03     0.3683     -0.010     -0.015    23.3592 0.0000e+00
     -0.011     -0.002     8.0281     94.179     35.734  34.541440     0.8408      7.349   309.6456 1.9393e+03     0.3355     -0.011     -0.016    23.3480 0.0000e+00
     -0.011     -0.002     8.0457     94.397     35.725  34.536205     0.8431      7.348   309.8189 1.9458e+03     0.2948     -0.011     -0.016    23.3360 0.0000e+00
     -0.012     -0.002     8.0504     94.465     35.720  34.536839     0.8721      7.347   309.7987 1.9559e+03     0.3342     -0.011     -0.016    23.3267 0.0000e+00
     -0.013     -0.002     8.0384     94.332     35.730  34.549107     0.9341      7.345   309.7458 1.9678e+03     0.4765     -0.013     -0.018    23.3210 0.0000e+00
     -0.014     -0.001     8.0077     93.976     35.737  34.557502     0.9676      7.342   309.8673 1.9778e+03     0.5504     -0.014     -0.020    23.3231 0.0000e+00
     -0.014      0.000     7.9658     93.488     35.753  34.574825     0.9646      7.340   309.8918 1.9792e+03     0.5254     -0.014     -0.020    23.3317 0.0000e+00
     -0.014      0.001     7.9307     93.082     35.743  34.568009     0.9446      7.339   309.7829 1.9726e+03     0.4485     -0.013     -0.020    23.3391 0.0000e+00
     -0.013      0.001     7.9140     92.891     35.710  34.538617     0.9187      7.339   309.7550 1.9676e+03     0.3536     -0.012     -0.018    23.3431 0.0000e+00
     -0.012      0.001     7.9163     92.921     35.707  34.537047     0.9096      7.340   309.7267 1.9644e+03     0.2937     -0.011     -0.017    23.3445 0.0000e+00
     -0.012      0.000     7.9326     93.115     35.719  34.549022     0.9071      7.340   309.6987 1.9578e+03     0.2740     -0.011     -0.016    23.3470 0.0000e+00
     -0.012     -0.001     7.9581     93.415     35.727  34.556366     0.9079      7.339   309.7614 1.9496e+03     0.3288     -0.011     -0.017    23.3511 0.0000e+00
     -0.012     -0.002     7.9913     93.805     35.733  34.562331     0.9284      7.339   309.7107 1.9435e+03     0.4368     -0.012     -0.017    23.3536 0.0000e+00
     -0.013     -0.003     8.0266     94.221     35.727  34.557616     0.9518      7.339   309.6872 1.9408e+03     0.5120     -0.012     -0.017    23.3555 0.0000e+00
     -0.014     -0.003     8.0576     94.591     35.730  34.562880     0.9613      7.339   309.8218 1.9429e+03     0.5369     -0.014     -0.021    23.3571 0.0000e+00
     -0.016     -0.003     8.0814     94.876     35.727  34.562463     0.9792      7.338   309.9613 1.9475e+03     0.4933     -0.016     -0.023    23.3571 0.0000e+00
     -0.016     -0.002     8.0957     95.054     35.713  34.552579     1.0108      7.337   310.1697 1.9515e+03     0.4120     -0.016     -0.022    23.3557 0.0000e+00
     -0.016     -0.002     8.1034     95.155     35.727  34.570422     1.0316      7.336   310.3622 1.9575e+03     0.3772     -0.015     -0.022    23.3575 0.0000e+00
     -0.016     -0.001     8.1110     95.253     35.741  34.587649     1.0380      7.335   310.3964 1.9644e+03     0.3779     -0.016     -0.023    23.3607 0.0000e+00
     -0.016     -0.000     8.1201     95.365     35.721  34.570317     1.0325      7.335   310.3248 1.9699e+03     0.3603     -0.016     -0.023    23.3639 0.0000e+00
     -0.017 4.2659e-07     8.1266     95.441     35.701  34.551423     1.0021      7.336   310.2710 1.9743e+03     0.3777     -0.017     -0.024    23.3698 0.0000e+00
     -0.017      0.000     8.1274     95.449     35.700  34.549757     0.9641      7.337   310.2623 1.9756e+03     0.4659     -0.017     -0.024    23.3762 0.0000e+00
     -0.016      0.000     8.1264     95.431     35.703  34.550173     0.9595      7.338   310.2198 1.9730e+03     0.5419     -0.015     -0.022    23.3817 0.0000e+00
     -0.016      0.001     8.1293     95.454     35.715  34.556449     0.9653      7.340   310.1868 1.9666e+03     0.5641     -0.015     -0.022    23.3839 0.0000e+00
     -0.016      0.002     8.1320     95.474     35.725  34.562119     0.9415      7.341   310.2079 1.9583e+03     0.5516     -0.016     -0.023    23.3838 0.0000e+00
     -0.016      0.002     8.1282     95.420     35.721  34.555196     0.9113      7.340   310.2164 1.9521e+03     0.5431     -0.016     -0.024    23.3836 0.0000e+00
     -0.015      0.001     8.1212     95.329     35.705  34.536255     0.9037      7.340   310.2891 1.9486e+03     0.5521     -0.013     -0.021    23.3803 0.0000e+00
     -0.014      0.001     8.1137     95.233     35.695  34.523655     0.9140      7.341   310.3995 1.9471e+03     0.5386     -0.012     -0.018    23.3734 0.0000e+00
     -0.014      0.001     8.1026     95.097     35.705  34.529894     0.9350      7.343   310.4322 1.9473e+03     0.5336     -0.013     -0.019    23.3660 0.0000e+00
     -0.015      0.001     8.0827     94.858     35.726  34.548157     0.9552      7.344   310.5122 1.9485e+03     0.5519     -0.014     -0.021    23.3610 0.0000e+00
     -0.015      0.000     8.0530     94.506     35.733  34.553922     0.9651      7.345   310.6779 1.9524e+03     0.5164     -0.015     -0.021    23.3571 0.0000e+00
     -0.015     -0.001     8.0216     94.137     35.715  34.536078     0.9716      7.345   310.8874 1.9579e+03     0.4696     -0.014     -0.021    23.3525 0.0000e+00
     -0.014     -0.001     7.9955     93.830     35.702  34.522958     0.9511      7.344   311.0668 1.9619e+03     0.4137     -0.013     -0.020    23.3490 0.0000e+00
     -0.014     -0.001     7.9728     93.562     35.702  34.522334     0.9102      7.343   311.0397 1.9630e+03     0.2983     -0.013     -0.020    23.3461 0.0000e+00
     -0.015     -0.001     7.9537     93.338     35.708  34.528524     0.8908      7.342   310.9897 1.9610e+03     0.2342     -0.015     -0.021    23.3439 0.0000e+00
     -0.015     -0.001     7.9444     93.231     35.713  34.534289     0.8821      7.341   311.1513 1.9597e+03     0.2485     -0.015     -0.022    23.3435 0.0000e+00
     -0.016     -0.001     7.9407     93.190     35.706  34.528514     0.8502      7.341   311.3590 1.9596e+03     0.2880     -0.016     -0.023    23.3441 0.0000e+00
     -0.016     -0.001     7.9338     93.107     35.700  34.522219     0.7997      7.340   311.5215 1.9578e+03     0.3159     -0.016     -0.024    23.3426 0.0000e+00
     -0.016     -0.001     7.9250     92.997     35.703  34.521689     0.7771      7.339   311.6531 1.9548e+03     0.3107     -0.015     -0.022    23.3418 0.0000e+00
     -0.016     -0.000     7.9203     92.930     35.708  34.522106     0.7796      7.339   311.6600 1.9517e+03     0.3162     -0.015     -0.021    23.3440 0.0000e+00
     -0.016      0.000     7.9254     92.977     35.719  34.527256     0.7740      7.340   311.5187 1.9484e+03     0.3520     -0.016     -0.023    23.3459 0.0000e+00
     -0.017      0.000     7.9412     93.151     35.717  34.520432     0.7739      7.341   311.4072 1.9461e+03     0.3776     -0.017     -0.024    23.3456 0.0000e+00
     -0.017      0.001     7.9607     93.371     35.702  34.503109     0.7789      7.341   311.5168 1.9481e+03     0.3511     -0.016     -0.023    23.3413 0.0000e+00
     -0.016      0.001     7.9757     93.540     35.711  34.508354     0.7696      7.341   311.7251 1.9523e+03     0.3061     -0.016     -0.023    23.3346 0.0000e+00
     -0.015      0.000     7.9839     93.629     35.726  34.520329     0.7635      7.340   311.7755 1.9550e+03     0.3217     -0.015     -0.022    23.3261 0.0000e+00
     -0.014 -1.548e-11     7.9838     93.619     35.730  34.520849     0.7692      7.337   311.6958 1.9575e+03     0.4175     -0.014     -0.021    23.3187 0.0000e+00
     -0.014 -1.703e-10     7.9711     93.464     35.727  34.514649     0.7738      7.334   311.7080 1.9603e+03     0.5190     -0.013     -0.018    23.3151 0.0000e+00
     -0.015 -1.874e-09     7.9469     93.177     35.722  34.508874     0.7813      7.332   311.8366 1.9622e+03     0.5418     -0.013     -0.019    23.3116 0.0000e+00
     -0.018 -2.061e-08     7.9202     92.865     35.727  34.514545     0.7877      7.331   311.8739 1.9631e+03     0.5101     -0.017     -0.026    23.3072 0.0000e+00
     -0.018 -2.267e-07     7.9027     92.661     35.732  34.519704     0.7862      7.332   311.8153 1.9617e+03     0.5022     -0.019     -0.027    23.3026 0.0000e+00
     -0.016 -6.328e-07     7.9012     92.642     35.720  34.507730     0.7820      7.332   311.8153 1.9565e+03     0.5371     -0.015     -0.022    23.2975 0.0000e+00
     -0.014      0.000     7.9115     92.761     35.710  34.496807     0.7728      7.332   311.9603 1.9503e+03     0.5666     -0.013     -0.019    23.2958 0.0000e+00
     -0.014      0.000     7.9225     92.891     35.728  34.514670     0.7678      7.332   312.1060 1.9472e+03     0.5533     -0.014     -0.020    23.2980 0.0000e+00
     -0.015     -0.001     7.9248     92.921     35.746  34.533148     0.7766      7.331   312.1145 1.9464e+03     0.5293     -0.015     -0.021    23.2989 0.0000e+00
