Data/DataNotYetUploadedToEDI/Raw_CTD/RawDownloads/051418_fcr10.cnv
* Sea-Bird SBE19plus  Data File:
* FileName = C:\DATA\051418_fcr_0002.hex
* Software version 2.6.3.104 SB_Terminal.dll
* Temperature SN = 7809
* Conductivity SN = 7809
* System UpLoad Time = May 14 2018 15:31:00
* <ApplicationData>
* <Seaterm232>
# nquan = 15
# nvalues = 581                         
# units = specified
# name 0 = depFM: Depth [fresh water, m]
# name 1 = dz/dtM: Descent Rate [m/s]
# name 2 = sbeox0Mg/L: Oxygen, SBE 43 [mg/l]
# name 3 = sbeox0PS: Oxygen, SBE 43 [% saturation]
# name 4 = specc: Specific Conductance [uS/cm]
# name 5 = c0uS/cm: Conductivity [uS/cm]
# name 6 = flECO-AFL: Fluorescence, WET Labs ECO-AFL/FL [mg/m^3]
# name 7 = ph: pH
# name 8 = orp: Oxidation Reduction Potential [mV]
# name 9 = par/sat/log: PAR/Logarithmic, Satlantic
# name 10 = turbWETntu0: Turbidity, WET Labs ECO [NTU]
# name 11 = prdM: Pressure, Strain Gauge [db]
# name 12 = prdE: Pressure, Strain Gauge [psi]
# name 13 = tv290C: Temperature [ITS-90, deg C]
# name 14 = flag:  0.000e+00
# span 0 =     -0.524,      2.729       
# span 1 =     -0.080,      0.237       
# span 2 =     4.9796,    13.0831       
# span 3 =     51.772,    132.699       
# span 4 =      0.755,     89.036       
# span 5 =   0.873695,  72.292000       
# span 6 =    -1.4355,   251.1708       
# span 7 =      6.117,      8.477       
# span 8 =  -924.1882,   518.7720       
# span 9 = 1.8034e+02, 2.4657e+03       
# span 10 =   -10.5385,     6.3748      
# span 11 =     -0.514,      2.677      
# span 12 =     -0.746,      3.882      
# span 13 =    15.5115,    32.9065      
# span 14 = 0.0000e+00, 0.0000e+00      
# interval = seconds: 0.25
# start_time = May 14 2018 15:47:17 [Instrument's time stamp, header]
# bad_flag = -9.990e-29
*END*
[from data line 482]
      0.604      0.099     6.7397     79.033     35.786  34.574958     1.0132      7.249   318.1474 1.2730e+03     0.5429      0.594      0.861    23.3075 0.0000e+00
      0.629      0.101     6.7456     79.096     35.796  34.581784     1.0390      7.248   318.4774 1.1199e+03     0.5440      0.615      0.892    23.3069 0.0000e+00
      0.654      0.101     6.7609     79.272     35.779  34.564140     1.0346      7.248   318.8594 1.2503e+03     0.5407      0.642      0.931    23.3093 0.0000e+00
      0.682      0.102     6.7874     79.577     35.770  34.552185     1.0332      7.250   319.2387 1.2917e+03     0.5340      0.669      0.970    23.3102 0.0000e+00
      0.710      0.104     6.8208     79.948     35.792  34.564266     1.0410      7.252   319.4499 1.0476e+03     0.5245      0.697      1.011    23.3028 0.0000e+00
      0.735      0.107     6.8541     80.313     35.824  34.583161     1.0376      7.254   319.4339 7.8865e+02     0.5167      0.722      1.049    23.2979 0.0000e+00
      0.760      0.109     6.8785     80.578     35.841  34.590073     1.0284      7.259   319.3036 7.6536e+02     0.5008      0.744      1.078    23.2985 0.0000e+00
      0.787      0.111     6.8841     80.629     35.842  34.584300     1.0403      7.264   319.3374 9.6584e+02     0.4844      0.770      1.117    23.2969 0.0000e+00
      0.818      0.111     6.8698     80.447     35.842  34.576870     1.0707      7.268   319.4980 1.0761e+03     0.5020      0.802      1.164    23.2820 0.0000e+00
      0.850      0.110     6.8412     80.099     35.834  34.563752     1.0837      7.273   319.5247 8.9503e+02     0.5613      0.835      1.211    23.2599 0.0000e+00
      0.880      0.108     6.8018     79.628     35.828  34.552715     1.0783      7.278   319.6607 7.0911e+02     0.5908      0.864      1.253    23.2477 0.0000e+00
      0.907      0.106     6.7564     79.080     35.854  34.570455     1.0783      7.280   320.0235 6.7298e+02     0.5538      0.890      1.290    23.2417 0.0000e+00
      0.931      0.105     6.7118     78.535     35.884  34.587680     1.0846      7.280   320.2971 7.7610e+02     0.5107      0.913      1.325    23.2305 0.0000e+00
      0.953      0.106     6.6720     78.046     35.877  34.570403     1.0901      7.279   320.4738 9.1997e+02     0.4963      0.935      1.355    23.2190 0.0000e+00
      0.978      0.108     6.6380     77.621     35.872  34.552089     1.0892      7.277   320.6973 8.8798e+02     0.5018      0.957      1.387    23.2182 0.0000e+00
      1.008      0.109     6.6122     77.281     35.897  34.556791     1.0368      7.276   320.9350 7.4242e+02     0.5156      0.988      1.431    23.2069 0.0000e+00
      1.041      0.109     6.6004     77.085     35.867  34.500188     0.9433      7.277   321.1106 6.7045e+02     0.5416      1.023      1.483    23.1861 0.0000e+00
      1.072      0.107     6.6041     77.043     35.781  34.375821     0.8964      7.277   321.3573 6.9357e+02     0.5727      1.052      1.526    23.1740 0.0000e+00
      1.098      0.103     6.6296     77.214     35.724  34.259866     0.8930      7.276   321.6810 6.7337e+02     0.5860      1.078      1.564    23.1567 0.0000e+00
      1.123      0.098     6.6914     77.760     35.659  34.114387     0.8922      7.275   321.8414 6.1409e+02     0.5505      1.104      1.601    23.1324 0.0000e+00
      1.144      0.095     6.7949     78.771     35.583  33.950592     0.9144      7.275   321.9204 6.4651e+02     0.5087      1.122      1.626    23.0938 0.0000e+00
      1.165      0.094     6.9329     80.191     35.517  33.803702     0.9505      7.276   322.1193 6.9374e+02     0.5385      1.141      1.655    23.0395 0.0000e+00
      1.190      0.095     7.0945     81.895     35.457  33.672089     0.9605      7.277   322.3538 6.5782e+02     0.5757      1.167      1.693    22.9590 0.0000e+00
      1.216      0.098     7.2681     83.744     35.485  33.629489     0.9628      7.278   322.5187 6.2585e+02     0.5620      1.193      1.730    22.8304 0.0000e+00
      1.241      0.103     7.4366     85.532     35.665  33.733148     0.9693      7.277   322.6506 6.6040e+02     0.5246      1.218      1.766    22.6948 0.0000e+00
      1.267      0.107     7.5854     87.091     35.988  33.972579     0.9653      7.278   322.7438 7.0195e+02     0.4897      1.242      1.801    22.5787 0.0000e+00
      1.294      0.109     7.7088     88.358     36.405  34.301253     0.9685      7.283   322.8713 6.6932e+02     0.5063      1.269      1.840    22.4736 0.0000e+00
      1.323      0.110     7.8010     89.269     36.782  34.594666     0.9813      7.296   322.9874 6.2737e+02     0.5419      1.295      1.879    22.3812 0.0000e+00
      1.354      0.110     7.8615     89.815     36.987  34.725312     0.9917      7.314   322.9433 6.4415e+02     0.5236      1.328      1.926    22.2866 0.0000e+00
      1.384      0.109     7.8978     90.076     37.138  34.800979     1.0110      7.330   322.9405 6.0124e+02     0.4996      1.359      1.971    22.1940 0.0000e+00
      1.410      0.108     7.9229     90.206     37.423  35.001298     1.0313      7.338   323.2974 5.2777e+02     0.4948      1.382      2.005    22.1056 0.0000e+00
      1.436      0.107     7.9529     90.391     37.753  35.241650     1.0343      7.334   323.8162 5.3161e+02     0.4967      1.408      2.042    22.0203 0.0000e+00
      1.461      0.107     8.0029     90.792     37.953  35.356710     1.0104      7.324   324.1376 5.4632e+02     0.5523      1.434      2.079    21.9411 0.0000e+00
      1.487      0.107     8.0776     91.457     37.989  35.312514     0.9726      7.314   324.3442 5.2408e+02     0.6492      1.457      2.114    21.8488 0.0000e+00
      1.516      0.106     8.1646     92.238     37.908  35.151819     0.9543      7.306   324.5076 5.2267e+02     0.7222      1.486      2.155    21.7576 0.0000e+00
      1.546      0.104     8.2475     92.951     37.779  34.938144     0.9538      7.299   324.4780 5.3459e+02     0.7622      1.518      2.201    21.6724 0.0000e+00
      1.574      0.099     8.3194     93.549     37.683  34.761523     0.9758      7.293   324.3304 5.1972e+02     0.8889      1.546      2.242    21.5762 0.0000e+00
      1.599      0.094     8.3868     94.125     37.662  34.667707     1.0186      7.287   324.4441 4.8413e+02     1.0951      1.568      2.275    21.4750 0.0000e+00
      1.621      0.089     8.4635     94.834     37.688  34.629475     1.0389      7.281   324.8197 4.5828e+02     1.1803      1.590      2.307    21.3660 0.0000e+00
      1.642      0.085     8.5608     95.802     37.658  34.553250     1.0375      7.276   325.0864 4.6395e+02     1.1858      1.611      2.337    21.2319 0.0000e+00
      1.660      0.082     8.6874     97.094     37.385  34.254172     1.0299      7.271   325.2596 4.7093e+02     1.1929      1.628      2.361    21.1085 0.0000e+00
      1.679      0.082     8.8481     98.709     36.973  33.808080     1.0015      7.267   325.5381 4.5168e+02     1.1747      1.645      2.386    21.0175 0.0000e+00
      1.701      0.083     9.0277    100.475     36.708  33.478692     0.9705      7.265   325.7857 4.7873e+02     1.1800      1.668      2.420    20.9289 0.0000e+00
      1.724      0.083     9.1922    102.054     36.565  33.256727     0.9583      7.265   325.9307 5.2473e+02     1.1953      1.692      2.454    20.8705 0.0000e+00
      1.746      0.083     9.3169    103.188     36.415  33.029658     0.9548      7.266   326.0006 4.7974e+02     1.2073      1.713      2.484    20.8225 0.0000e+00
      1.768      0.082     9.4004    103.854     36.225  32.765566     0.9558      7.267   325.9427 4.3207e+02     1.3250      1.735      2.516    20.7257 0.0000e+00
      1.788      0.080     9.4476    104.124     36.003  32.477016     0.9704      7.268   325.9190 4.2518e+02     1.5196      1.754      2.544    20.5959 0.0000e+00
      1.808      0.078     9.4571    104.011     35.718  32.144752     0.9844      7.270   326.0571 4.0653e+02     1.6066      1.772      2.570    20.4671 0.0000e+00
      1.828      0.077     9.4370    103.583     35.268  31.669642     0.9782      7.275   326.2366 3.9079e+02     1.6141      1.794      2.602    20.3503 0.0000e+00
      1.847      0.077     9.4075    103.023     34.739  31.114646     0.9866      7.284   326.2824 3.8470e+02     1.6709      1.812      2.627    20.2206 0.0000e+00
      1.865      0.077     9.3867    102.525     34.384  30.705513     1.0220      7.301   326.1809 3.6789e+02     1.7754      1.829      2.652    20.0883 0.0000e+00
      1.885      0.078     9.3887    102.268     34.224  30.469722     1.0389      7.334   326.1275 3.7267e+02     1.8392      1.849      2.681    19.9906 0.0000e+00
      1.905      0.081     9.4212    102.360     34.127  30.295812     1.0339      7.391   326.0669 3.9699e+02     1.8324      1.868      2.710    19.8997 0.0000e+00
      1.925      0.084     9.4816    102.765     34.029  30.126826     1.0443      7.464   325.7060 3.8779e+02     1.8762      1.888      2.738    19.7846 0.0000e+00
      1.946      0.087     9.5652    103.426     33.920  29.950546     1.0726      7.541   325.1195 3.8185e+02     2.0034      1.908      2.767    19.6476 0.0000e+00
      1.969      0.090     9.6757    104.401     33.847  29.815451     1.0917      7.620   324.5676 3.8710e+02     2.0577      1.930      2.799    19.5062 0.0000e+00
      1.994      0.091     9.8264    105.846     33.780  29.699910     1.1004      7.700   324.1102 3.9145e+02     2.0133      1.956      2.836    19.3801 0.0000e+00
      2.018      0.091    10.0291    107.839     33.699  29.569547     1.1603      7.776   323.7187 3.9960e+02     1.9848      1.980      2.871    19.2626 0.0000e+00
      2.042      0.089    10.2734    110.211     33.645  29.445743     1.2821      7.851   323.3617 3.8243e+02     2.0188      2.002      2.904    19.1389 0.0000e+00
      2.066      0.085    10.5435    112.790     33.491  29.218968     1.3601      7.926   322.5473 3.6124e+02     2.0579      2.027      2.941    19.0283 0.0000e+00
      2.088      0.082    10.8370    115.569     33.269  28.923094     1.3684      7.992   321.0993 3.5003e+02     2.0313      2.049      2.972    18.9574 0.0000e+00
      2.107      0.081    11.1465    118.515     33.154  28.725832     1.3642      8.041   319.6199 3.4958e+02     2.0014      2.066      2.997    18.8814 0.0000e+00
      2.124      0.081    11.4604    121.537     33.046  28.548314     1.3645      8.075   317.6514 3.4706e+02     1.9716      2.083      3.021    18.7634 0.0000e+00
      2.142      0.082    11.7672    124.474     32.928  28.364153     1.3622      8.103   314.9370 3.2618e+02     1.8849      2.099      3.044    18.6239 0.0000e+00
      2.164      0.084    12.0523    127.109     32.864  28.213578     1.3544      8.132   312.7836 3.1764e+02     1.8077      2.121      3.077    18.4616 0.0000e+00
      2.188      0.087    12.2945    129.196     32.821  28.061094     1.3442      8.164   311.5767 3.2133e+02     1.8004      2.146      3.113    18.3062 0.0000e+00
      2.212      0.090    12.4770    130.592     32.801  27.917326     1.3123      8.200   310.6688 3.1647e+02     1.8274      2.170      3.147    18.1893 0.0000e+00
      2.236      0.091    12.5939    131.320     32.815  27.808614     1.2628      8.241   309.8943 2.9458e+02     1.8286      2.193      3.180    18.0747 0.0000e+00
      2.258      0.090    12.6421    131.411     32.877  27.762492     1.2423      8.283   309.4396 2.6964e+02     1.8152      2.214      3.211    17.9329 0.0000e+00
      2.281      0.090    12.6375    131.029     32.947  27.740545     1.2386      8.318   308.6983 2.5970e+02     1.8185      2.236      3.242    17.7528 0.0000e+00
      2.304      0.091    12.6144    130.509     32.944  27.670148     1.1626      8.343   307.2985 2.5236e+02     1.8680      2.261      3.279    17.5468 0.0000e+00
      2.327      0.092    12.5985    130.099     32.790  27.482722     1.0317      8.363   305.9368 2.4346e+02     1.9557      2.282      3.310    17.3543 0.0000e+00
      2.350      0.093    12.6062    129.936     32.433  27.125259     0.9704      8.385   304.4522 2.3916e+02     2.0249      2.302      3.339    17.2069 0.0000e+00
      2.375      0.093    12.6451    130.061     32.018  26.713351     0.9728      8.410   302.8553 2.3907e+02     2.0634      2.328      3.378    17.0893 0.0000e+00
      2.400      0.094    12.7041    130.371     31.772  26.439047     0.9692      8.435   301.7722 2.3938e+02     2.0855      2.354      3.414    16.9849 0.0000e+00
      2.423      0.094    12.7681    130.748     31.741  26.348395     0.9622      8.457   301.3374 2.2937e+02     2.1092      2.376      3.446    16.9020 0.0000e+00
      2.446      0.093    12.8282    131.124     31.845  26.379143     0.9627      8.472   301.2976 2.1667e+02     2.1360      2.398      3.478    16.8176 0.0000e+00
      2.470      0.091    12.8817    131.464     31.963  26.429779     0.9572      8.477   301.2055 2.1573e+02     2.1359      2.422      3.512    16.7156 0.0000e+00
      2.495      0.087    12.9318    131.794     32.041  26.452624     0.8768      8.473   300.7397 2.1581e+02     1.9856      2.448      3.551    16.6004 0.0000e+00
      2.519      0.083    12.9849    132.157     32.183  26.528317     0.7348      8.458   299.9673 2.0932e+02     1.7219      2.471      3.585    16.4948 0.0000e+00
      2.539      0.078    13.0377    132.500     32.768  26.963959     0.6649      8.434   299.4384 2.0402e+02     1.6028      2.490      3.611    16.4112 0.0000e+00
      2.557      0.074    13.0768    132.699     33.899  27.846577     0.6659      8.404   299.0773 2.0060e+02     1.6139      2.507      3.637    16.3360 0.0000e+00
      2.574      0.071    13.0831    132.587     35.135  28.818203     0.6724      8.368   298.2683 1.9786e+02     1.6119      2.524      3.661    16.2746 0.0000e+00
      2.590      0.070    13.0226    131.840     37.332  30.583787     0.7999      8.325   297.2276 1.9402e+02     1.6097      2.540      3.684    16.2146 0.0000e+00
      2.607      0.070    12.8606    130.096     43.426  35.539975     1.0582      8.277   296.5614 1.8893e+02     1.6172      2.557      3.708    16.1427 0.0000e+00
      2.625      0.069    12.5743    127.079     52.999  43.323510     1.2135      8.225   296.3219 1.8244e+02     1.6108      2.574      3.734    16.0681 0.0000e+00
      2.645      0.066    12.1584    122.709     60.607  49.466291     1.2338      8.171   296.1394 1.8035e+02     1.6549      2.594      3.763    16.0029 0.0000e+00
      2.665      0.060    11.6110    117.014     65.120  53.061631     1.1838      8.116   295.8173 1.8368e+02     2.2123      2.615      3.794    15.9555 0.0000e+00
      2.681      0.053    10.9157    109.887     71.189  57.933103     1.0784      8.061   295.3520 1.8478e+02     3.2227      2.631      3.816    15.9240 0.0000e+00
      2.693      0.044    10.0519    101.118     79.154  64.360686     1.0341      8.004   294.6438 1.8412e+02     3.7694      2.642      3.832    15.8850 0.0000e+00
      2.701      0.035     9.0365     90.848     85.411  69.399748     1.2276      7.945   293.8800 1.8172e+02     3.8785      2.650      3.844    15.8120 0.0000e+00
      2.707      0.028     7.9361     79.736     89.036  72.292000     3.3539      7.889   293.3442 1.8034e+02     4.5726      2.655      3.850    15.7310 0.0000e+00
      2.713      0.022     6.7906     68.177     88.397  71.713642     7.2334      7.839   293.1560 1.8175e+02     5.7834      2.661      3.859    15.6820 0.0000e+00
      2.718      0.018     5.6841     57.028     82.868  67.178180     9.3422      7.796   293.2385 1.8534e+02     6.3716      2.667      3.866    15.6534 0.0000e+00
      2.722      0.016     5.1617     51.772     79.241  64.219380     9.5151      7.776   293.3094 1.8497e+02     6.3748      2.670      3.873    15.6228 0.0000e+00
      2.726 -9.990e-29 -9.990e-29 -9.990e-29 -9.990e-29 -9.990e-29 -9.990e-29 -9.990e-29 -9.990e-29 1.8165e+02 -9.990e-29      2.673      3.878    15.5985 0.0000e+00
