Data/DataNotYetUploadedToEDI/Raw_CTD/RawDownloads/051418_fcr20.cnv
* Sea-Bird SBE19plus  Data File:
* FileName = C:\DATA\051418_fcr_0003.hex
* Software version 2.6.3.104 SB_Terminal.dll
* Temperature SN = 7809
* Conductivity SN = 7809
* System UpLoad Time = May 14 2018 15:31:21
* <ApplicationData>
* <Seaterm232>
# nquan = 15
# nvalues = 683                         
# units = specified
# name 0 = depFM: Depth [fresh water, m]
# name 1 = dz/dtM: Descent Rate [m/s]
# name 2 = sbeox0Mg/L: Oxygen, SBE 43 [mg/l]
# name 3 = sbeox0PS: Oxygen, SBE 43 [% saturation]
# name 4 = specc: Specific Conductance [uS/cm]
# name 5 = c0uS/cm: Conductivity [uS/cm]
# name 6 = flECO-AFL: Fluorescence, WET Labs ECO-AFL/FL [mg/m^3]
# name 7 = ph: pH
# name 8 = orp: Oxidation Reduction Potential [mV]
# name 9 = par/sat/log: PAR/Logarithmic, Satlantic
# name 10 = turbWETntu0: Turbidity, WET Labs ECO [NTU]
# name 11 = prdM: Pressure, Strain Gauge [db]
# name 12 = prdE: Pressure, Strain Gauge [psi]
# name 13 = tv290C: Temperature [ITS-90, deg C]
# name 14 = flag:  0.000e+00
# span 0 =     -0.122,      3.512       
# span 1 =     -0.166,      0.143       
# span 2 =     3.4117,    13.3591       
# span 3 =     32.344,    139.206       
# span 4 =     32.936,     42.213       
# span 5 =  27.443331,  35.978400       
# span 6 =     0.5467,     1.9547       
# span 7 =      6.977,      8.450       
# span 8 =   240.4354,   325.5987       
# span 9 = 7.5441e+01, 2.7968e+03       
# span 10 =    -0.0434,     8.0141      
# span 11 =     -0.124,      3.445      
# span 12 =     -0.182,      4.996      
# span 13 =    12.9280,    24.4502      
# span 14 = 0.0000e+00, 0.0000e+00      
# interval = seconds: 0.25
# start_time = May 14 2018 16:13:38 [Instrument's time stamp, header]
# bad_flag = -9.990e-29
*END*
[from data line 579]
      1.438      0.082     8.3834     94.052     35.950  33.078191     1.2894      7.272   319.9204 2.1110e+02     0.6103      1.410      2.045    21.2012 0.0000e+00
      1.460      0.087     8.5304     95.500     36.102  33.141544     1.2886      7.271   320.1872 2.0833e+02     0.6133      1.431      2.076    21.1575 0.0000e+00
      1.484      0.088     8.6941     97.079     36.168  33.105819     1.3207      7.270   320.4772 2.2794e+02     0.6933      1.454      2.109    21.1073 0.0000e+00
      1.509      0.087     8.8654     98.726     36.051  32.900176     1.3929      7.270   320.7583 2.5364e+02     0.8146      1.479      2.146    21.0710 0.0000e+00
      1.532      0.085     9.0394    100.404     35.852  32.623936     1.4362      7.271   320.8336 2.4912e+02     0.8587      1.503      2.180    21.0222 0.0000e+00
      1.553      0.080     9.2133    102.083     35.671  32.369745     1.4307      7.273   320.8708 2.2908e+02     0.8292      1.524      2.210    20.9035 0.0000e+00
      1.572      0.076     9.3773    103.663     35.549  32.176634     1.4190      7.276   321.1223 2.1460e+02     0.7938      1.542      2.237    20.7597 0.0000e+00
      1.591      0.072     9.5183    104.999     35.441  32.003757     1.4040      7.277   321.3794 2.0410e+02     0.8587      1.560      2.262    20.6247 0.0000e+00
      1.607      0.071     9.6349    106.067     35.371  31.867190     1.3779      7.276   321.3987 1.9878e+02     1.0036      1.577      2.286    20.4907 0.0000e+00
      1.622      0.071     9.7324    106.914     35.305  31.732028     1.3608      7.276   321.3549 1.9487e+02     1.0504      1.589      2.305    20.3649 0.0000e+00
      1.640      0.073     9.8173    107.624     35.142  31.512617     1.3528      7.277   321.4524 1.9066e+02     1.0271      1.607      2.331    20.2483 0.0000e+00
      1.660      0.076     9.9010    108.314     34.927  31.246522     1.3189      7.279   321.6312 1.8830e+02     1.0281      1.628      2.361    20.1443 0.0000e+00
      1.680      0.081     9.9949    109.078     34.736  30.991477     1.2632      7.279   321.7966 1.8554e+02     1.0313      1.646      2.387    20.0442 0.0000e+00
      1.701      0.085    10.1045    109.975     34.531  30.715080     1.2308      7.280   321.9029 1.8156e+02     1.0044      1.668      2.419    19.9326 0.0000e+00
      1.723      0.089    10.2322    111.043     34.266  30.381308     1.2302      7.284   321.9699 1.7793e+02     0.9782      1.690      2.451    19.8287 0.0000e+00
      1.745      0.091    10.3737    112.242     34.026  30.067555     1.2475      7.291   322.0053 1.7380e+02     1.0500      1.711      2.480    19.7343 0.0000e+00
      1.770      0.091    10.5175    113.465     33.883  29.842664     1.2740      7.299   321.9006 1.6853e+02     1.2008      1.735      2.517    19.6119 0.0000e+00
      1.796      0.089    10.6573    114.668     33.816  29.694197     1.3023      7.308   321.7357 1.6360e+02     1.2757      1.762      2.556    19.4720 0.0000e+00
      1.820      0.085    10.7941    115.872     33.804  29.605934     1.3134      7.319   321.6466 1.5930e+02     1.2529      1.785      2.589    19.3287 0.0000e+00
      1.841      0.083    10.9361    117.160     33.803  29.537443     1.2984      7.339   321.5972 1.5566e+02     1.2307      1.807      2.621    19.1763 0.0000e+00
      1.859      0.081    11.1008    118.704     33.759  29.437518     1.2866      7.376   321.3962 1.5276e+02     1.2523      1.825      2.646    19.0266 0.0000e+00
      1.876      0.080    11.3060    120.674     33.656  29.286722     1.2905      7.430   321.1107 1.4998e+02     1.2698      1.839      2.667    18.8940 0.0000e+00
      1.895      0.080    11.5412    122.946     33.527  29.111167     1.2990      7.493   320.8986 1.4726e+02     1.2592      1.857      2.693    18.7811 0.0000e+00
      1.918      0.081    11.7694    125.138     33.432  28.965890     1.3161      7.557   320.5517 1.4476e+02     1.2467      1.881      2.728    18.6837 0.0000e+00
      1.942      0.082    11.9683    127.025     33.382  28.863658     1.3407      7.617   320.0128 1.4351e+02     1.2404      1.904      2.763    18.5960 0.0000e+00
      1.964      0.082    12.1307    128.535     33.330  28.764042     1.3586      7.669   319.4594 1.4329e+02     1.2433      1.926      2.794    18.5064 0.0000e+00
      1.984      0.081    12.2542    129.631     33.259  28.650393     1.3662      7.716   318.8518 1.4267e+02     1.2210      1.946      2.823    18.4097 0.0000e+00
      2.003      0.077    12.3472    130.392     33.229  28.568991     1.3598      7.763   318.0006 1.4150e+02     1.1854      1.964      2.848    18.3131 0.0000e+00
      2.022      0.073    12.4247    130.980     33.264  28.541760     1.3361      7.812   316.8249 1.4016e+02     1.1788      1.983      2.875    18.2249 0.0000e+00
      2.042      0.071    12.5051    131.610     33.291  28.511571     1.3094      7.867   315.4776 1.3873e+02     1.2020      2.003      2.907    18.1452 0.0000e+00
      2.060      0.069    12.6096    132.517     33.283  28.457906     1.2946      7.931   314.3585 1.3733e+02     1.2515      2.021      2.933    18.0685 0.0000e+00
      2.075      0.068    12.7471    133.787     33.266  28.400861     1.2948      8.001   313.5328 1.3589e+02     1.2591      2.035      2.952    17.9846 0.0000e+00
      2.091      0.066    12.9065    135.283     33.232  28.329784     1.3297      8.071   312.8068 1.3409e+02     1.2328      2.051      2.974    17.8949 0.0000e+00
      2.108      0.066    13.0651    136.765     33.168  28.233464     1.3945      8.138   312.3775 1.3249e+02     1.2693      2.068      3.000    17.8127 0.0000e+00
      2.125      0.067    13.2046    138.037     33.093  28.125216     1.4265      8.201   312.3010 1.3145e+02     1.3036      2.084      3.024    17.7445 0.0000e+00
      2.142      0.069    13.3081    138.912     33.045  28.036912     1.4224      8.258   312.3120 1.3024e+02     1.2807      2.101      3.048    17.6832 0.0000e+00
      2.159      0.072    13.3591    139.206     33.056  27.991220     1.4181      8.307   312.4237 1.2914e+02     1.2674      2.118      3.072    17.6204 0.0000e+00
      2.177      0.075    13.3584    138.924     33.086  27.953684     1.4206      8.346   312.4467 1.2844e+02     1.2651      2.135      3.096    17.5560 0.0000e+00
      2.196      0.078    13.3212    138.244     33.103  27.900477     1.4341      8.380   312.1605 1.2759e+02     1.2530      2.153      3.122    17.4916 0.0000e+00
      2.217      0.081    13.2639    137.364     33.128  27.855807     1.4345      8.409   311.7160 1.2679e+02     1.2435      2.173      3.152    17.4227 0.0000e+00
      2.240      0.085    13.1961    136.403     33.127  27.794506     1.3883      8.430   310.8589 1.2618e+02     1.2418      2.198      3.187    17.3407 0.0000e+00
      2.262      0.089    13.1194    135.363     33.043  27.667194     1.3171      8.443   309.5408 1.2527e+02     1.2321      2.218      3.217    17.2426 0.0000e+00
      2.284      0.093    13.0366    134.249     32.943  27.522889     1.2806      8.450   308.6847 1.2414e+02     1.2179      2.239      3.247    17.1366 0.0000e+00
      2.307      0.097    12.9541    133.104     32.936  27.446612     1.2784      8.449   308.6816 1.2313e+02     1.2225      2.263      3.282    17.0350 0.0000e+00
      2.331      0.101    12.8688    131.887     33.030  27.443331     1.2170      8.441   308.5575 1.2215e+02     1.2270      2.285      3.315    16.9457 0.0000e+00
      2.359      0.104    12.7668    130.468     33.187  27.483107     1.0982      8.428   307.7859 1.2145e+02     1.2411      2.313      3.355    16.8623 0.0000e+00
      2.389      0.106    12.6451    128.842     33.377  27.546448     1.0381      8.412   307.0097 1.2112e+02     1.2708      2.343      3.399    16.7737 0.0000e+00
      2.417      0.106    12.5150    127.136     33.602  27.637583     1.0420      8.391   306.7432 1.2052e+02     1.2814      2.371      3.438    16.6694 0.0000e+00
      2.445      0.104    12.3864    125.452     33.790  27.695927     1.0431      8.366   306.9727 1.1945e+02     1.2775      2.398      3.478    16.5432 0.0000e+00
      2.470      0.101    12.2629    123.822     33.889  27.680281     0.9877      8.341   307.5485 1.1827e+02     1.2542      2.424      3.516    16.4051 0.0000e+00
      2.494      0.096    12.1391    122.216     34.030  27.702284     0.8961      8.315   308.1985 1.1724e+02     1.2432      2.446      3.546    16.2625 0.0000e+00
      2.518      0.091    12.0065    120.556     34.299  27.834845     0.8448      8.287   308.7227 1.1629e+02     1.2668      2.470      3.582    16.1214 0.0000e+00
      2.543      0.087    11.8571    118.747     34.623  28.012981     0.8265      8.260   309.1540 1.1545e+02     1.2650      2.496      3.620    15.9811 0.0000e+00
      2.565      0.083    11.6876    116.743     34.888  28.141530     0.7949      8.233   309.5415 1.1502e+02     1.1920      2.516      3.649    15.8331 0.0000e+00
      2.584      0.079    11.4966    114.543     35.120  28.246028     0.7473      8.205   309.9670 1.1468e+02     1.0850      2.534      3.675    15.6935 0.0000e+00
      2.603      0.078    11.2831    112.153     35.471  28.450849     0.7205      8.175   310.4268 1.1421e+02     1.0401      2.552      3.702    15.5726 0.0000e+00
      2.621      0.078    11.0493    109.603     35.962  28.776387     0.7193      8.144   310.7984 1.1370e+02     1.0453      2.571      3.729    15.4524 0.0000e+00
      2.640      0.080    10.7959    106.906     36.402  29.070402     0.7133      8.114   311.1050 1.1308e+02     1.0869      2.589      3.755    15.3278 0.0000e+00
      2.660      0.082    10.5256    104.076     36.560  29.148089     0.7029      8.083   311.3812 1.1275e+02     1.1775      2.607      3.781    15.2076 0.0000e+00
      2.683      0.084    10.2444    101.166     36.530  29.080617     0.6946      8.053   311.8146 1.1248e+02     1.2547      2.631      3.815    15.0959 0.0000e+00
      2.707      0.086     9.9440     98.104     36.571  29.080082     0.6966      8.021   312.9028 1.1184e+02     1.3185      2.654      3.850    15.0003 0.0000e+00
      2.729      0.087     9.6134     94.771     36.680  29.141590     0.7262      7.987   314.3867 1.1150e+02     1.3390      2.676      3.881    14.9221 0.0000e+00
      2.750      0.087     9.2604     91.198     36.784  29.189242     0.7589      7.952   315.3872 1.1151e+02     1.2893      2.697      3.911    14.8572 0.0000e+00
      2.771      0.085     8.8918     87.433     36.879  29.211675     0.7696      7.920   315.8800 1.1151e+02     1.2669      2.717      3.940    14.7953 0.0000e+00
      2.794      0.082     8.5223     83.666     36.961  29.222252     0.7824      7.890   316.3867 1.1153e+02     1.2811      2.740      3.973    14.7475 0.0000e+00
      2.817      0.080     8.1791     80.196     37.135  29.317056     0.8495      7.860   316.9543 1.1176e+02     1.2776      2.764      4.009    14.7267 0.0000e+00
      2.836      0.080     7.8712     77.091     37.457  29.532345     0.9561      7.831   317.4941 1.1222e+02     1.2561      2.782      4.035    14.6848 0.0000e+00
      2.854      0.079     7.6054     74.376     37.772  29.729609     1.0143      7.802   318.2672 1.1284e+02     1.2348      2.798      4.058    14.6012 0.0000e+00
      2.873      0.078     7.3954     72.191     37.937  29.796958     1.0298      7.774   319.2464 1.1335e+02     1.2335      2.816      4.085    14.5186 0.0000e+00
      2.893      0.077     7.2399     70.551     37.986  29.775030     1.0512      7.749   319.9549 1.1352e+02     1.2402      2.837      4.114    14.4672 0.0000e+00
      2.916      0.077     7.1228     69.311     38.058  29.781927     1.1632      7.723   320.1230 1.1355e+02     1.3771      2.861      4.148    14.4284 0.0000e+00
      2.936      0.076     7.0216     68.246     38.236  29.880292     1.3635      7.697   319.9026 1.1363e+02     1.6678      2.881      4.178    14.3579 0.0000e+00
      2.954      0.075     6.9129     67.111     38.456  30.011729     1.4792      7.672   319.8709 1.1354e+02     1.8548      2.897      4.201    14.2644 0.0000e+00
      2.971      0.075     6.7799     65.726     38.636  30.100952     1.4954      7.643   320.1704 1.1316e+02     1.9294      2.913      4.225    14.1829 0.0000e+00
      2.989      0.076     6.6224     64.093     38.752  30.133436     1.5233      7.612   320.5116 1.1422e+02     2.1428      2.931      4.251    14.1194 0.0000e+00
      3.008      0.079     6.4537     62.373     38.837  30.150400     1.5773      7.580   320.9853 1.1592e+02     2.4822      2.948      4.276    14.0702 0.0000e+00
      3.028      0.083     6.2849     60.677     38.922  30.178989     1.6063      7.549   321.5966 1.1585e+02     2.6761      2.968      4.305    14.0242 0.0000e+00
      3.051      0.087     6.1210     59.037     39.026  30.225036     1.6155      7.518   322.1379 1.1584e+02     2.7171      2.992      4.339    13.9574 0.0000e+00
      3.075      0.090     5.9634     57.464     39.199  30.326062     1.6702      7.487   322.5393 1.1643e+02     3.0088      3.016      4.374    13.8694 0.0000e+00
      3.099      0.093     5.8105     55.944     39.394  30.447840     1.7625      7.456   322.9226 1.1643e+02     3.5782      3.038      4.407    13.8061 0.0000e+00
      3.122      0.096     5.6664     54.516     39.567  30.554277     1.8127      7.424   323.4164 1.1608e+02     3.8957      3.061      4.440    13.7661 0.0000e+00
      3.146      0.099     5.5404     53.268     39.737  30.660338     1.8184      7.391   324.0356 1.1509e+02     3.9477      3.086      4.476    13.7196 0.0000e+00
      3.171      0.102     5.4304     52.173     39.838  30.714056     1.8491      7.359   324.4729 1.1397e+02     4.4197      3.108      4.509    13.6779 0.0000e+00
      3.196      0.106     5.3257     51.128     39.850  30.695678     1.9090      7.329   324.5742 1.1278e+02     5.3006      3.134      4.545    13.6406 0.0000e+00
      3.225      0.109     5.2199     50.065     39.890  30.692128     1.9453      7.297   324.6581 1.1131e+02     5.7788      3.163      4.587    13.6061 0.0000e+00
      3.255      0.111     5.1082     48.942     40.078  30.798116     1.9468      7.264   324.8847 1.0957e+02     5.8372      3.192      4.629    13.5761 0.0000e+00
      3.285      0.111     4.9927     47.776     40.350  30.960979     1.9460      7.234   325.1627 1.0734e+02     6.0978      3.222      4.673    13.5470 0.0000e+00
      3.314      0.108     4.8822     46.646     40.570  31.073516     1.9547      7.208   325.3529 1.0465e+02     6.6113      3.250      4.714    13.5144 0.0000e+00
      3.342      0.102     4.7772     45.566     40.739  31.142575     1.9501      7.186   325.4636 1.0202e+02     6.9181      3.278      4.754    13.4687 0.0000e+00
      3.368      0.095     4.6755     44.525     40.923  31.224305     1.9365      7.163   325.5551 9.9620e+01     6.9383      3.304      4.792    13.4228 0.0000e+00
      3.392      0.088     4.5801     43.551     41.262  31.426547     1.9371      7.141   325.5987 9.6913e+01     6.9165      3.327      4.825    13.3685 0.0000e+00
      3.412      0.082     4.4889     42.624     41.749  31.745981     1.9298      7.118   325.4752 9.4027e+01     7.0511      3.348      4.854    13.2953 0.0000e+00
      3.429      0.075     4.3875     41.616     42.103  31.974435     1.9040      7.095   325.1796 9.0380e+01     7.3456      3.362      4.877    13.2165 0.0000e+00
      3.448      0.067     4.2669     40.446     42.207  32.029315     1.8821      7.074   324.8640 8.6653e+01     7.5169      3.381      4.904    13.1452 0.0000e+00
      3.467      0.058     4.1293     39.135     42.213  32.028430     1.8670      7.055   324.6699 8.4229e+01     7.5659      3.402      4.934    13.0788 0.0000e+00
