Data/DataNotYetUploadedToEDI/Raw_CTD/RawDownloads/051418_fcr30.cnv
* Sea-Bird SBE19plus  Data File:
* FileName = C:\DATA\051418_fcr_0004.hex
* Software version 2.6.3.104 SB_Terminal.dll
* Temperature SN = 7809
* Conductivity SN = 7809
* System UpLoad Time = May 14 2018 15:31:42
* <ApplicationData>
* <Seaterm232>
# nquan = 15
# nvalues = 649                         
# units = specified
# name 0 = depFM: Depth [fresh water, m]
# name 1 = dz/dtM: Descent Rate [m/s]
# name 2 = sbeox0Mg/L: Oxygen, SBE 43 [mg/l]
# name 3 = sbeox0PS: Oxygen, SBE 43 [% saturation]
# name 4 = specc: Specific Conductance [uS/cm]
# name 5 = c0uS/cm: Conductivity [uS/cm]
# name 6 = flECO-AFL: Fluorescence, WET Labs ECO-AFL/FL [mg/m^3]
# name 7 = ph: pH
# name 8 = orp: Oxidation Reduction Potential [mV]
# name 9 = par/sat/log: PAR/Logarithmic, Satlantic
# name 10 = turbWETntu0: Turbidity, WET Labs ECO [NTU]
# name 11 = prdM: Pressure, Strain Gauge [db]
# name 12 = prdE: Pressure, Strain Gauge [psi]
# name 13 = tv290C: Temperature [ITS-90, deg C]
# name 14 = flag:  0.000e+00
# span 0 =     -0.098,      5.431       
# span 1 =     -0.173,      0.098       
# span 2 =     4.5876,    11.0747       
# span 3 =     55.061,    113.666       
# span 4 =     33.616,     39.976       
# span 5 =  27.034417,  36.150133       
# span 6 =     0.4688,     3.3828       
# span 7 =      6.587,      7.462       
# span 8 =   253.1438,   343.8277       
# span 9 = 1.9857e+01, 2.5555e+03       
# span 10 =    -0.0017,     1.0969      
# span 11 =     -0.096,      5.326      
# span 12 =     -0.139,      7.725      
# span 13 =     9.2732,    24.5510      
# span 14 = 0.0000e+00, 0.0000e+00      
# interval = seconds: 0.25
# start_time = May 14 2018 16:42:41 [Instrument's time stamp, header]
# bad_flag = -9.990e-29
*END*
      0.099      0.006     8.3840    100.117     35.657  35.141822     1.0878      6.959   253.1438 3.7233e+02     0.4766      0.096      0.140    24.3926 0.0000e+00
      0.103      0.007     8.2664     98.661     35.697  35.161287     1.1014      6.975   254.1898 3.6448e+02     0.4709      0.101      0.146    24.3673 0.0000e+00
      0.107      0.012     8.0969     96.605     35.767  35.216897     1.1099      6.992   255.1477 3.5641e+02     0.4374      0.105      0.153    24.3378 0.0000e+00
      0.107      0.022     7.9019     94.262     35.864  35.306015     1.1085      7.004   255.6915 3.5296e+02     0.4079      0.107      0.155    24.3063 0.0000e+00
      0.107      0.035     7.7184     92.072     35.973  35.413024     1.1026      7.017   256.1193 3.5802e+02     0.4187      0.103      0.149    24.2697 0.0000e+00
      0.113      0.050     7.5787     90.407     36.055  35.494390     1.1028      7.030   256.7060 3.7086e+02     0.4465      0.105      0.153    24.2413 0.0000e+00
      0.129      0.061     7.4966     89.428     36.088  35.527563     1.1025      7.039   257.1925 3.8482e+02     0.4693      0.124      0.179    24.2215 0.0000e+00
      0.154      0.066     7.4583     88.969     36.123  35.560032     1.0981      7.049   257.7859 3.9099e+02     0.4501      0.150      0.217    24.2131 0.0000e+00
      0.182      0.063     7.4403     88.751     36.198  35.632881     1.0960      7.068   258.7184 3.7533e+02     0.3976      0.178      0.259    24.2155 0.0000e+00
      0.207      0.053     7.4258     88.573     36.278  35.709629     1.0946      7.093   259.6911 3.5517e+02     0.3829      0.208      0.302    24.2181 0.0000e+00
      0.218      0.039     7.4010     88.268     36.298  35.725709     1.0912      7.122   260.4256 3.6086e+02     0.4244      0.221      0.321    24.2172 0.0000e+00
      0.216      0.017     7.3530     87.683     36.278  35.700255     1.1004      7.154   260.9747 3.7358e+02     0.4730      0.211      0.307    24.2157 0.0000e+00
      0.211     -0.016     7.2827     86.835     36.302  35.719473     1.1324      7.183   261.7705 3.7608e+02     0.4827      0.203      0.295    24.2133 0.0000e+00
      0.214     -0.057     7.2090     85.955     36.352  35.767512     1.1562      7.207   262.7342 3.7384e+02     0.4805      0.208      0.303    24.2113 0.0000e+00
      0.214     -0.099     7.1545     85.305     36.357  35.772910     1.1583      7.227   263.5068 3.7005e+02     0.5072      0.219      0.319    24.2070 0.0000e+00
      0.191     -0.137     7.1279     84.976     36.310  35.721220     1.1490      7.244   264.1421 3.8415e+02     0.5312      0.200      0.291    24.1972 0.0000e+00
      0.136     -0.164     7.1201     84.871     36.244  35.650701     1.1268      7.257   264.6518 4.0708e+02     0.4955      0.138      0.201    24.1884 0.0000e+00
      0.066     -0.173     7.1183     84.849     36.212  35.619005     1.1103      7.261   265.1098 4.1663e+02     0.4427      0.063      0.092    24.1905 0.0000e+00
     -0.002     -0.161     7.1095     84.760     36.242  35.655587     1.1054      7.255   265.6351 4.2527e+02     0.4114     -0.006     -0.009    24.1940 0.0000e+00
     -0.053     -0.131     7.0869     84.520     36.285  35.711896     1.1045      7.245   266.0992 4.4192e+02     0.3910     -0.063     -0.090    24.1844 0.0000e+00
     -0.076     -0.089     7.0614     84.264     36.279  35.728161     1.1094      7.243   266.5050 4.5909e+02     0.4098     -0.086     -0.124    24.1714 0.0000e+00
     -0.075     -0.047     7.0501     84.187     36.249  35.725228     1.1087      7.252   267.0144 4.5656e+02     0.4561     -0.074     -0.108    24.1706 0.0000e+00
     -0.067     -0.013     7.0565     84.313     36.241  35.739994     1.1049      7.262   267.5263 4.3743e+02     0.4621     -0.062     -0.090    24.1824 0.0000e+00
     -0.066      0.007     7.0693     84.496     36.267  35.779683     1.1104      7.274   267.8759 4.0599e+02     0.4522     -0.065     -0.095    24.2006 0.0000e+00
     -0.066      0.012     7.0718     84.542     36.305  35.823997     1.1194      7.288   268.2295 3.2841e+02     0.4583     -0.068     -0.098    24.2302 0.0000e+00
     -0.061      0.009     7.0533     84.333     36.306  35.831147     1.1211      7.303   268.7907 2.7628e+02     0.4443     -0.061     -0.088    24.2741 0.0000e+00
     -0.054      0.004     7.0120     83.846     36.274  35.802607     1.1135      7.318   269.4128 3.1403e+02     0.4352     -0.051     -0.074    24.3099 0.0000e+00
     -0.052     -0.001     6.9498     83.103     36.268  35.796540     1.1006      7.333   270.0728 3.4896e+02     0.4100     -0.049     -0.070    24.3249 0.0000e+00
     -0.056     -0.006     6.8688     82.133     36.293  35.821315     1.0941      7.346   270.7481 3.7445e+02     0.3838     -0.055     -0.079    24.3321 0.0000e+00
     -0.062     -0.012     6.7733     80.992     36.320  35.848078     1.0992      7.355   271.2111 4.2729e+02     0.4230     -0.062     -0.089    24.3415 0.0000e+00
     -0.066     -0.017     6.6730     79.794     36.337  35.866037     1.1070      7.359   271.5416 4.6552e+02     0.4573     -0.064     -0.093    24.3465 0.0000e+00
     -0.070     -0.017     6.5771     78.647     36.318  35.847891     1.1059      7.364   271.9040 4.8216e+02     0.4316     -0.067     -0.098    24.3450 0.0000e+00
     -0.075     -0.012     6.4940     77.652     36.290  35.819242     1.1130      7.373   272.2373 4.9533e+02     0.4175     -0.073     -0.106    24.3437 0.0000e+00
     -0.082     -0.007     6.4279     76.860     36.310  35.837249     1.1478      7.382   272.4741 5.1912e+02     0.4399     -0.081     -0.118    24.3447 0.0000e+00
     -0.085     -0.005     6.3748     76.231     36.345  35.875049     1.1683      7.390   272.7025 5.5312e+02     0.4577     -0.086     -0.125    24.3462 0.0000e+00
     -0.082     -0.005     6.3293     75.712     36.353  35.895145     1.1682      7.398   273.0200 5.7642e+02     0.4498     -0.083     -0.119    24.3467 0.0000e+00
     -0.075     -0.005     6.2938     75.324     36.328  35.889675     1.1729      7.404   273.3867 5.8422e+02     0.4357     -0.071     -0.103    24.3449 0.0000e+00
     -0.073     -0.004     6.2696     75.061     36.297  35.872472     1.1703      7.406   273.8673 5.8454e+02     0.4698     -0.067     -0.096    24.3420 0.0000e+00
     -0.082     -0.004     6.2508     74.846     36.297  35.877737     1.1730      7.406   274.3565 5.8412e+02     0.4965     -0.079     -0.115    24.3418 0.0000e+00
     -0.092     -0.004     6.2358     74.667     36.309  35.889816     1.1787      7.407   274.6558 5.8983e+02     0.4538     -0.094     -0.136    24.3594 0.0000e+00
     -0.094     -0.004     6.2231     74.524     36.305  35.891472     1.1656      7.409   274.9909 6.0158e+02     0.4103     -0.095     -0.137    24.3950 0.0000e+00
     -0.088     -0.003     6.2059     74.351     36.294  35.897765     1.1523      7.409   275.3970 6.1500e+02     0.3980     -0.086     -0.125    24.4164 0.0000e+00
     -0.083     -0.000     6.1818     74.105     36.276  35.902400     1.1562      7.407   275.6944 6.2563e+02     0.3971     -0.079     -0.114    24.4202 0.0000e+00
     -0.082      0.001     6.1552     73.814     36.242  35.884034     1.1667      7.403   275.9194 6.3177e+02     0.4296     -0.078     -0.115    24.4165 0.0000e+00
     -0.085     -0.000     6.1322     73.544     36.221  35.866299     1.1684      7.403   276.1377 6.3528e+02     0.4552     -0.084     -0.122    24.4155 0.0000e+00
     -0.089     -0.001     6.1172     73.362     36.235  35.878536     1.1584      7.407   276.4411 6.3778e+02     0.4325     -0.088     -0.127    24.4445 0.0000e+00
     -0.090     -0.001     6.1104     73.278     36.262  35.904943     1.1474      7.412   276.8342 6.3904e+02     0.4291     -0.089     -0.129    24.4867 0.0000e+00
     -0.089      0.000     6.1070     73.241     36.287  35.931492     1.1539      7.417   277.2780 6.3878e+02     0.4456     -0.088     -0.127    24.5062 0.0000e+00
     -0.087      0.003     6.1037     73.205     36.299  35.945456     1.1645      7.422   277.7626 6.3808e+02     0.4486     -0.085     -0.122    24.5067 0.0000e+00
     -0.085      0.005     6.1000     73.160     36.301  35.946726     1.1557      7.423   278.2195 6.4035e+02     0.4349     -0.083     -0.120    24.5017 0.0000e+00
     -0.085      0.005     6.0950     73.097     36.302  35.946851     1.1486      7.417   278.7586 6.4628e+02     0.4322     -0.083     -0.121    24.5002 0.0000e+00
     -0.084      0.004     6.0840     72.965     36.303  35.946966     1.1523      7.411   279.2911 6.5473e+02     0.4769     -0.083     -0.120    24.5048 0.0000e+00
     -0.083      0.004     6.0644     72.729     36.305  35.948113     1.1546      7.412   279.5806 6.6408e+02     0.4872     -0.081     -0.117    24.5075 0.0000e+00
     -0.081      0.003     6.0384     72.415     36.318  35.960714     1.1571      7.420   279.7641 6.7374e+02     0.4350     -0.080     -0.116    24.5059 0.0000e+00
     -0.080      0.002     6.0071     72.039     36.330  35.972274     1.1554      7.428   279.9616 6.9119e+02     0.3955     -0.080     -0.116    24.5046 0.0000e+00
     -0.080      0.001     5.9713     71.609     36.319  35.960839     1.1533      7.433   280.1618 7.1670e+02     0.4058     -0.078     -0.113    24.5038 0.0000e+00
     -0.080      0.000     5.9344     71.165     36.309  35.949499     1.1675      7.437   280.2916 7.4182e+02     0.4372     -0.077     -0.112    24.5020 0.0000e+00
     -0.081      0.000     5.9017     70.770     36.323  35.962213     1.1803      7.439   280.3261 7.6388e+02     0.4399     -0.079     -0.116    24.5007 0.0000e+00
     -0.082      0.000     5.8728     70.424     36.348  35.987518     1.1709      7.441   280.4069 7.8484e+02     0.4381     -0.081     -0.118    24.5010 0.0000e+00
     -0.081     -0.001     5.8431     70.069     36.362  36.001368     1.1553      7.443   280.4941 8.0653e+02     0.4460     -0.080     -0.116    24.5012 0.0000e+00
     -0.080     -0.001     5.8131     69.710     36.363  36.002628     1.1568      7.444   280.6070 8.2822e+02     0.4433     -0.078     -0.113    24.4997 0.0000e+00
     -0.080      0.000     5.7819     69.335     36.363  36.002751     1.1702      7.441   280.9115 8.4937e+02     0.4362     -0.078     -0.113    24.4978 0.0000e+00
     -0.081      0.000     5.7485     68.935     36.363  36.002856     1.1705      7.435   281.1638 8.7131e+02     0.4217     -0.079     -0.115    24.4973 0.0000e+00
     -0.081     -0.001     5.7151     68.535     36.364  36.003899     1.1598      7.428   281.2483 8.9436e+02     0.4210     -0.080     -0.116    24.4980 0.0000e+00
     -0.082     -0.003     5.6801     68.117     36.375  36.015363     1.1606      7.426   281.4170 9.1691e+02     0.4280     -0.081     -0.117    24.4992 0.0000e+00
     -0.082     -0.004     5.6413     67.654     36.372  36.014417     1.1707      7.429   281.6553 9.3600e+02     0.4137     -0.081     -0.117    24.4997 0.0000e+00
     -0.082     -0.004     5.6019     67.182     36.349  35.992463     1.1720      7.434   281.8925 9.4740e+02     0.4312     -0.080     -0.115    24.4991 0.0000e+00
     -0.084     -0.003     5.5670     66.764     36.361  36.004012     1.1675      7.438   282.1336 9.6230e+02     0.4564     -0.083     -0.119    24.4988 0.0000e+00
     -0.088     -0.002     5.5374     66.409     36.384  36.027006     1.1626      7.437   282.3339 9.9631e+02     0.4137     -0.087     -0.127    24.5000 0.0000e+00
     -0.089     -0.002     5.5102     66.084     36.373  36.016395     1.1577      7.431   282.5071 1.0384e+03     0.3719     -0.089     -0.129    24.5024 0.0000e+00
     -0.087     -0.001     5.4825     65.752     36.358  36.002752     1.1544      7.425   282.6791 1.0761e+03     0.3790     -0.085     -0.123    24.5034 0.0000e+00
     -0.086     -0.000     5.4542     65.414     36.344  35.989111     1.1590      7.423   282.8636 1.1121e+03     0.4083     -0.082     -0.119    24.5030 0.0000e+00
     -0.086     -0.000     5.4272     65.090     36.334  35.978510     1.1681      7.423   283.0177 1.1472e+03     0.4205     -0.083     -0.122    24.5032 0.0000e+00
     -0.087     -0.000     5.4027     64.795     36.357  36.001618     1.1631      7.425   283.2521 1.1824e+03     0.4038     -0.086     -0.125    24.5041 0.0000e+00
     -0.088     -0.001     5.3790     64.512     36.370  36.014418     1.1263      7.430   283.6322 1.2173e+03     0.4211     -0.087     -0.126    24.5051 0.0000e+00
     -0.087     -0.001     5.3531     64.203     36.361  36.006218     1.0722      7.437   284.0007 1.2494e+03     0.4469     -0.086     -0.124    24.5055 0.0000e+00
     -0.087     -0.000     5.3254     63.871     36.383  36.029526     1.0515      7.443   284.3523 1.2794e+03     0.4400     -0.085     -0.123    24.5052 0.0000e+00
     -0.087      0.001     5.2989     63.554     36.395  36.042145     1.0502      7.448   284.7852 1.3090e+03     0.4298     -0.085     -0.124    24.5051 0.0000e+00
     -0.088      0.001     5.2735     63.251     36.385  36.031752     1.0564      7.452   285.2773 1.3410e+03     0.4455     -0.087     -0.126    24.5057 0.0000e+00
     -0.088      0.001     5.2469     62.934     36.384  36.030911     1.0804      7.454   285.5698 1.3773e+03     0.4774     -0.087     -0.127    24.5066 0.0000e+00
     -0.087      0.001     5.2194     62.604     36.384  36.031970     1.0927      7.454   285.6552 1.4155e+03     0.4792     -0.086     -0.124    24.5077 0.0000e+00
     -0.086      0.001     5.1927     62.285     36.396  36.044553     1.0946      7.453   285.7077 1.4519e+03     0.4678     -0.084     -0.122    24.5085 0.0000e+00
     -0.086      0.001     5.1684     61.994     36.407  36.056007     1.0671      7.453   285.7738 1.4864e+03     0.4615     -0.084     -0.122    24.5089 0.0000e+00
     -0.086      0.001     5.1453     61.717     36.394  36.043416     1.0076      7.452   285.8526 1.5209e+03     0.4640     -0.084     -0.122    24.5098 0.0000e+00
     -0.086      0.000     5.1220     61.438     36.369  36.019362     0.9727      7.449   285.8860 1.5553e+03     0.4670     -0.085     -0.123    24.5109 0.0000e+00
     -0.086 -3.725e-08     5.0997     61.171     36.369  36.019267     0.9663      7.449   286.0059 1.5893e+03     0.4375     -0.085     -0.123    24.5118 0.0000e+00
     -0.086 -4.098e-07     5.0789     60.922     36.392  36.042272     0.9675      7.450   286.2694 1.6209e+03     0.4123     -0.085     -0.123    24.5125 0.0000e+00
     -0.086      0.000     5.0589     60.684     36.392  36.043427     0.9690      7.451   286.5765 1.6490e+03     0.4372     -0.084     -0.122    24.5130 0.0000e+00
     -0.086      0.000     5.0398     60.456     36.381  36.033232     0.9746      7.452   286.8796 1.6757e+03     0.4632     -0.084     -0.122    24.5133 0.0000e+00
     -0.086     -0.001     5.0218     60.241     36.394  36.046050     0.9898      7.453   287.1809 1.7019e+03     0.4520     -0.085     -0.123    24.5137 0.0000e+00
     -0.087     -0.001     5.0043     60.031     36.419  36.071364     0.9967      7.454   287.4667 1.7273e+03     0.4243     -0.086     -0.124    24.5143 0.0000e+00
     -0.087     -0.001     4.9871     59.826     36.432  36.085206     0.9844      7.455   287.6687 1.7531e+03     0.3718     -0.086     -0.125    24.5151 0.0000e+00
     -0.087     -0.001     4.9704     59.627     36.433  36.086360     0.9698      7.456   287.8161 1.7793e+03     0.3058     -0.085     -0.124    24.5158 0.0000e+00
     -0.087     -0.000     4.9553     59.447     36.432  36.085319     0.9665      7.457   287.9576 1.8056e+03     0.2673     -0.085     -0.123    24.5161 0.0000e+00
     -0.088      0.000     4.9428     59.296     36.418  36.072626     0.9726      7.456   288.1745 1.8323e+03     0.2428     -0.086     -0.125    24.5168 0.0000e+00
     -0.088      0.001     4.9314     59.160     36.404  36.059932     0.9888      7.456   288.4598 1.8589e+03     0.2536     -0.086     -0.125    24.5178 0.0000e+00
