Data/DataNotYetUploadedToEDI/Raw_CTD/RawDownloads/051418_fcr30.cnv
* Sea-Bird SBE19plus  Data File:
* FileName = C:\DATA\051418_fcr_0004.hex
* Software version 2.6.3.104 SB_Terminal.dll
* Temperature SN = 7809
* Conductivity SN = 7809
* System UpLoad Time = May 14 2018 15:31:42
* <ApplicationData>
* <Seaterm232>
# nquan = 15
# nvalues = 649                         
# units = specified
# name 0 = depFM: Depth [fresh water, m]
# name 1 = dz/dtM: Descent Rate [m/s]
# name 2 = sbeox0Mg/L: Oxygen, SBE 43 [mg/l]
# name 3 = sbeox0PS: Oxygen, SBE 43 [% saturation]
# name 4 = specc: Specific Conductance [uS/cm]
# name 5 = c0uS/cm: Conductivity [uS/cm]
# name 6 = flECO-AFL: Fluorescence, WET Labs ECO-AFL/FL [mg/m^3]
# name 7 = ph: pH
# name 8 = orp: Oxidation Reduction Potential [mV]
# name 9 = par/sat/log: PAR/Logarithmic, Satlantic
# name 10 = turbWETntu0: Turbidity, WET Labs ECO [NTU]
# name 11 = prdM: Pressure, Strain Gauge [db]
# name 12 = prdE: Pressure, Strain Gauge [psi]
# name 13 = tv290C: Temperature [ITS-90, deg C]
# name 14 = flag:  0.000e+00
# span 0 =     -0.098,      5.431       
# span 1 =     -0.173,      0.098       
# span 2 =     4.5876,    11.0747       
# span 3 =     55.061,    113.666       
# span 4 =     33.616,     39.976       
# span 5 =  27.034417,  36.150133       
# span 6 =     0.4688,     3.3828       
# span 7 =      6.587,      7.462       
# span 8 =   253.1438,   343.8277       
# span 9 = 1.9857e+01, 2.5555e+03       
# span 10 =    -0.0017,     1.0969      
# span 11 =     -0.096,      5.326      
# span 12 =     -0.139,      7.725      
# span 13 =     9.2732,    24.5510      
# span 14 = 0.0000e+00, 0.0000e+00      
# interval = seconds: 0.25
# start_time = May 14 2018 16:42:41 [Instrument's time stamp, header]
# bad_flag = -9.990e-29
*END*
[from data line 386]
      1.143      0.050     8.9558    100.813     34.887  32.220732     1.0357      7.333   315.7987 7.7792e+02     0.4035      1.121      1.625    21.2991 0.0000e+00
      1.154      0.051     8.9475    100.659     34.875  32.188170     1.0461      7.331   315.9822 7.7409e+02     0.4257      1.131      1.640    21.2685 0.0000e+00
      1.167      0.051     8.9422    100.524     34.868  32.154551     1.1004      7.328   316.0775 7.7155e+02     0.4359      1.143      1.658    21.2339 0.0000e+00
      1.182      0.051     8.9435    100.450     34.877  32.131769     1.1865      7.327   316.0903 7.6269e+02     0.4053      1.158      1.680    21.2002 0.0000e+00
      1.197      0.050     8.9523    100.458     34.881  32.103214     1.2238      7.327   316.1364 7.5648e+02     0.3918      1.174      1.703    21.1739 0.0000e+00
      1.211      0.046     8.9668    100.536     34.871  32.063293     1.2299      7.326   316.2044 7.5326e+02     0.4251      1.188      1.724    21.1463 0.0000e+00
      1.222      0.041     8.9823    100.632     34.864  32.030118     1.2417      7.326   316.2243 7.5105e+02     0.5027      1.199      1.740    21.1062 0.0000e+00
      1.231      0.036     9.0001    100.766     34.878  32.019614     1.2378      7.327   316.2047 7.5133e+02     0.5979      1.208      1.752    21.0588 0.0000e+00
      1.239      0.031     9.0276    101.026     34.875  31.999765     1.2284      7.328   316.3121 7.5219e+02     0.6298      1.215      1.763    21.0112 0.0000e+00
      1.245      0.028     9.0670    101.433     34.867  31.980644     1.2290      7.329   316.4901 7.4959e+02     0.6448      1.223      1.773    20.9682 0.0000e+00
      1.250      0.027     9.1139    101.933     34.874  31.978932     1.2360      7.329   316.5502 7.4098e+02     0.6863      1.227      1.779    20.9284 0.0000e+00
      1.255      0.028     9.1645    102.475     34.884  31.979062     1.2579      7.330   316.6091 7.3090e+02     0.6446      1.230      1.784    20.8933 0.0000e+00
      1.263      0.030     9.2161    103.030     34.895  31.982198     1.2820      7.330   316.6855 7.3368e+02     0.5062      1.238      1.795    20.8697 0.0000e+00
      1.273      0.031     9.2652    103.560     34.871  31.953329     1.2886      7.330   316.6135 7.4769e+02     0.4172      1.249      1.811    20.8552 0.0000e+00
      1.282      0.033     9.3095    104.029     34.805  31.884046     1.2921      7.330   316.5987 7.5356e+02     0.4218      1.258      1.824    20.8440 0.0000e+00
      1.290      0.033     9.3472    104.403     34.778  31.843101     1.2873      7.330   316.7653 7.4004e+02     0.4408      1.265      1.835    20.8325 0.0000e+00
      1.299      0.032     9.3749    104.643     34.800  31.839319     1.2584      7.329   316.9066 7.2110e+02     0.4325      1.274      1.848    20.8198 0.0000e+00
      1.307      0.030     9.3892    104.730     34.825  31.838287     1.2365      7.329   317.0171 7.1915e+02     0.4135      1.282      1.859    20.8116 0.0000e+00
      1.315      0.028     9.3892    104.668     34.840  31.830585     1.2335      7.329   317.1554 7.2460e+02     0.3950      1.289      1.870    20.8036 0.0000e+00
      1.322      0.027     9.3805    104.515     34.838  31.809685     1.2315      7.329   317.2875 7.2189e+02     0.3914      1.297      1.881    20.7797 0.0000e+00
      1.327      0.028     9.3718    104.362     34.822  31.776082     1.2306      7.329   317.3236 7.1389e+02     0.4000      1.302      1.887    20.7425 0.0000e+00
      1.333      0.032     9.3693    104.270     34.808  31.741821     1.2324      7.329   317.3332 7.0158e+02     0.4071      1.306      1.894    20.7046 0.0000e+00
      1.339      0.039     9.3744    104.249     34.806  31.712969     1.2353      7.326   317.4899 6.9184e+02     0.4471      1.313      1.904    20.6745 0.0000e+00
      1.348      0.049     9.3829    104.253     34.804  31.681234     1.2656      7.321   317.8410 6.9096e+02     0.4868      1.320      1.915    20.6494 0.0000e+00
      1.360      0.059     9.3943    104.286     34.763  31.612120     1.3226      7.316   318.2235 6.9216e+02     0.4600      1.332      1.932    20.6225 0.0000e+00
      1.379      0.069     9.4145    104.389     34.698  31.512369     1.3644      7.312   318.4154 6.8769e+02     0.3977      1.351      1.959    20.5939 0.0000e+00
      1.401      0.075     9.4430    104.523     34.672  31.427749     1.3749      7.309   318.5258 6.7406e+02     0.3751      1.374      1.992    20.5553 0.0000e+00
      1.425      0.077     9.4700    104.604     34.668  31.351011     1.3487      7.308   318.6125 6.5717e+02     0.4612      1.398      2.028    20.5064 0.0000e+00
      1.447      0.075     9.4914    104.629     34.670  31.283046     1.3142      7.308   318.6028 6.4765e+02     0.6150      1.420      2.060    20.4670 0.0000e+00
      1.466      0.071     9.5124    104.667     34.695  31.240977     1.2978      7.308   318.6670 6.4590e+02     0.6777      1.438      2.086    20.4190 0.0000e+00
      1.481      0.066     9.5374    104.761     34.743  31.223333     1.2883      7.306   318.8725 6.4261e+02     0.6397      1.453      2.107    20.3231 0.0000e+00
      1.496      0.062     9.5698    104.941     34.778  31.196647     1.2911      7.306   319.0221 6.3795e+02     0.6133      1.468      2.129    20.2073 0.0000e+00
      1.510      0.059     9.6142    105.258     34.814  31.172279     1.3037      7.306   319.0995 6.3509e+02     0.6337      1.482      2.148    20.1067 0.0000e+00
      1.525      0.057     9.6693    105.702     34.884  31.182657     1.3126      7.307   319.2058 6.2918e+02     0.6721      1.496      2.169    20.0150 0.0000e+00
      1.540      0.057     9.7334    106.258     34.951  31.195038     1.3162      7.309   319.2743 6.2487e+02     0.6809      1.511      2.190    19.9286 0.0000e+00
      1.555      0.057     9.8074    106.938     34.998  31.194899     1.3108      7.309   319.3261 6.2183e+02     0.6488      1.525      2.212    19.8454 0.0000e+00
      1.569      0.057     9.8849    107.665     35.025  31.180920     1.3020      7.310   319.4014 6.1326e+02     0.6195      1.539      2.232    19.7630 0.0000e+00
      1.583      0.057     9.9559    108.330     35.034  31.152985     1.3014      7.311   319.4111 6.0135e+02     0.6318      1.551      2.250    19.6867 0.0000e+00
      1.598      0.056    10.0157    108.877     35.024  31.111134     1.3035      7.313   319.4439 5.8494e+02     0.6443      1.566      2.272    19.6188 0.0000e+00
      1.613      0.056    10.0637    109.302     34.997  31.055911     1.2995      7.314   319.6263 5.7089e+02     0.6493      1.583      2.296    19.5590 0.0000e+00
      1.628      0.057    10.1020    109.626     34.959  30.993310     1.2811      7.314   319.7229 5.6334e+02     0.6617      1.597      2.317    19.5052 0.0000e+00
      1.641      0.059    10.1310    109.854     34.914  30.925765     1.2559      7.313   319.7522 5.5562e+02     0.6422      1.610      2.335    19.4553 0.0000e+00
      1.655      0.059    10.1486    109.958     34.888  30.874283     1.2438      7.313   319.9799 5.4877e+02     0.6265      1.621      2.351    19.4087 0.0000e+00
      1.670      0.058    10.1541    109.928     34.853  30.815367     1.2445      7.314   320.1522 5.4078e+02     0.6545      1.636      2.373    19.3638 0.0000e+00
      1.688      0.056    10.1537    109.835     34.778  30.721439     1.2733      7.316   320.2007 5.3016e+02     0.6765      1.655      2.401    19.3228 0.0000e+00
      1.703      0.054    10.1551    109.762     34.703  30.627666     1.3253      7.320   320.3086 5.2271e+02     0.6483      1.672      2.424    19.2847 0.0000e+00
      1.716      0.052    10.1614    109.747     34.668  30.570636     1.3578      7.324   320.4239 5.1688e+02     0.6492      1.683      2.442    19.2443 0.0000e+00
      1.728      0.050    10.1742    109.803     34.662  30.539913     1.3636      7.327   320.5619 5.0828e+02     0.6867      1.694      2.458    19.2033 0.0000e+00
      1.738      0.050    10.1952    109.943     34.659  30.510198     1.3583      7.327   320.6869 4.9763e+02     0.6739      1.705      2.472    19.1633 0.0000e+00
      1.749      0.052    10.2219    110.130     34.643  30.465345     1.3400      7.326   320.8174 4.8345e+02     0.6470      1.715      2.487    19.1230 0.0000e+00
      1.763      0.056    10.2463    110.275     34.586  30.378600     1.3165      7.325   320.9364 4.6712e+02     0.6368      1.728      2.505    19.0858 0.0000e+00
      1.778      0.060    10.2677    110.373     34.529  30.286901     1.3134      7.327   321.0059 4.5398e+02     0.6427      1.743      2.528    19.0504 0.0000e+00
      1.795      0.062    10.2912    110.500     34.526  30.245661     1.3212      7.330   321.1424 4.4204e+02     0.6564      1.761      2.554    19.0120 0.0000e+00
      1.814      0.064    10.3164    110.668     34.507  30.197450     1.3195      7.332   321.2959 4.2571e+02     0.6499      1.779      2.580    18.9682 0.0000e+00
      1.831      0.064    10.3389    110.807     34.414  30.084978     1.3114      7.335   321.4845 4.0733e+02     0.6560      1.796      2.605    18.9154 0.0000e+00
      1.846      0.064    10.3581    110.874     34.325  29.965320     1.3053      7.338   321.7017 3.9182e+02     0.7002      1.811      2.627    18.8523 0.0000e+00
      1.861      0.063    10.3770    110.901     34.304  29.893718     1.3105      7.341   321.7712 3.7842e+02     0.7266      1.825      2.647    18.7916 0.0000e+00
      1.877      0.062    10.3950    110.921     34.319  29.854228     1.3744      7.343   321.7226 3.6692e+02     0.7000      1.841      2.670    18.7500 0.0000e+00
      1.894      0.060    10.4092    110.942     34.309  29.805308     1.4890      7.346   321.7164 3.5799e+02     0.6526      1.857      2.693    18.7128 0.0000e+00
      1.910      0.059    10.4200    110.952     34.278  29.746708     1.5566      7.350   321.7828 3.4958e+02     0.6419      1.873      2.717    18.6513 0.0000e+00
      1.926      0.057    10.4302    110.935     34.288  29.717196     1.5669      7.353   321.8378 3.4335e+02     0.6632      1.890      2.740    18.5665 0.0000e+00
      1.939      0.055    10.4404    110.889     34.325  29.702459     1.5498      7.355   321.8640 3.4023e+02     0.6657      1.902      2.758    18.4812 0.0000e+00
      1.951      0.053    10.4465    110.792     34.373  29.695467     1.5142      7.358   321.9276 3.3647e+02     0.6722      1.914      2.775    18.4261 0.0000e+00
      1.964      0.053    10.4445    110.612     34.430  29.696099     1.4948      7.361   322.0044 3.3219e+02     0.6809      1.926      2.793    18.3916 0.0000e+00
      1.977      0.055    10.4361    110.367     34.427  29.646539     1.5002      7.362   322.0192 3.2954e+02     0.6787      1.938      2.811    18.3358 0.0000e+00
      1.991      0.058    10.4235    110.076     34.360  29.540708     1.5049      7.361   322.0198 3.2850e+02     0.6760      1.953      2.832    18.2624 0.0000e+00
      2.006      0.062    10.4089    109.759     34.292  29.432503     1.4971      7.360   322.1833 3.2796e+02     0.6479      1.967      2.853    18.1907 0.0000e+00
      2.021      0.063    10.3950    109.446     34.260  29.354243     1.4973      7.359   322.3617 3.2736e+02     0.6442      1.981      2.873    18.1204 0.0000e+00
      2.039      0.062    10.3812    109.140     34.245  29.292950     1.5078      7.357   322.3698 3.2770e+02     0.6622      2.000      2.899    18.0519 0.0000e+00
      2.059      0.059    10.3647    108.816     34.189  29.199376     1.5324      7.357   322.4534 3.2871e+02     0.6513      2.019      2.929    17.9840 0.0000e+00
      2.076      0.055    10.3454    108.476     34.061  29.048323     1.5825      7.359   322.5981 3.3064e+02     0.6344      2.037      2.955    17.9105 0.0000e+00
      2.088      0.051    10.3273    108.159     33.890  28.863590     1.6179      7.361   322.6573 3.3459e+02     0.6118      2.050      2.973    17.8356 0.0000e+00
      2.096      0.048    10.3146    107.895     33.722  28.680288     1.6299      7.362   322.6533 3.3836e+02     0.6218      2.056      2.983    17.7629 0.0000e+00
      2.105      0.047    10.3116    107.718     33.616  28.546530     1.6444      7.363   322.6354 3.4084e+02     0.6647      2.063      2.993    17.6949 0.0000e+00
      2.115      0.048    10.3239    107.683     33.639  28.516297     1.7004      7.363   322.6987 3.4327e+02     0.6718      2.073      3.008    17.6349 0.0000e+00
      2.129      0.053    10.3597    107.887     33.761  28.568695     1.8019      7.363   322.8171 3.4497e+02     0.6462      2.087      3.027    17.5798 0.0000e+00
      2.145      0.060    10.4296    108.432     33.872  28.608493     1.8706      7.363   322.9476 3.4513e+02     0.6301      2.103      3.050    17.5226 0.0000e+00
      2.161      0.066    10.5375    109.336     33.958  28.616426     1.8966      7.364   323.1578 3.4563e+02     0.6295      2.118      3.073    17.4592 0.0000e+00
      2.177      0.071    10.6724    110.479     34.030  28.601031     1.9056      7.369   323.3795 3.4874e+02     0.6085      2.135      3.096    17.3832 0.0000e+00
      2.196      0.075    10.8154    111.688     34.062  28.549254     1.8958      7.377   323.5634 3.5074e+02     0.5904      2.153      3.123    17.3054 0.0000e+00
      2.217      0.077    10.9441    112.759     34.091  28.498297     1.8893      7.384   323.7469 3.4947e+02     0.6240      2.174      3.154    17.2337 0.0000e+00
      2.239      0.078    11.0352    113.471     34.086  28.429323     1.8903      7.389   323.7912 3.4850e+02     0.6787      2.195      3.186    17.1379 0.0000e+00
      2.260      0.079    11.0747    113.666     34.063  28.350231     1.8907      7.392   323.7550 3.4907e+02     0.7028      2.217      3.215    17.0205 0.0000e+00
      2.279      0.080    11.0636    113.321     34.088  28.303937     1.8941      7.393   323.8246 3.4939e+02     0.6711      2.236      3.242    16.9011 0.0000e+00
      2.298      0.081    11.0113    112.535     34.110  28.250510     1.8946      7.393   324.0307 3.4766e+02     0.6311      2.253      3.268    16.7868 0.0000e+00
      2.317      0.082    10.9284    111.445     34.149  28.212159     1.8959      7.393   324.2686 3.4496e+02     0.6471      2.271      3.294    16.6934 0.0000e+00
      2.338      0.082    10.8297    110.216     34.239  28.221150     1.8825      7.393   324.3779 3.4140e+02     0.6803      2.292      3.324    16.6153 0.0000e+00
      2.362      0.081    10.7342    109.059     34.319  28.232142     1.8435      7.394   324.4062 3.3789e+02     0.6663      2.315      3.359    16.5165 0.0000e+00
      2.386      0.079    10.6558    108.109     34.358  28.217988     1.8191      7.396   324.4387 3.3593e+02     0.6307      2.341      3.395    16.4038 0.0000e+00
      2.407      0.075    10.5995    107.376     34.367  28.176967     1.8076      7.397   324.4263 3.3372e+02     0.6157      2.362      3.425    16.3024 0.0000e+00
      2.424      0.071    10.5658    106.860     34.359  28.117104     1.7875      7.397   324.3421 3.3137e+02     0.6078      2.379      3.450    16.2007 0.0000e+00
      2.439      0.067    10.5480    106.511     34.359  28.065615     1.7689      7.397   324.2819 3.3033e+02     0.5958      2.393      3.470    16.1211 0.0000e+00
      2.454      0.065    10.5346    106.229     34.409  28.062363     1.7564      7.396   324.3860 3.2952e+02     0.5926      2.405      3.488    16.0645 0.0000e+00
      2.470      0.065    10.5185    105.949     34.472  28.077723     1.7479      7.394   324.5682 3.2706e+02     0.6001      2.421      3.511    15.9937 0.0000e+00
      2.486      0.066    10.5009    105.664     34.492  28.060788     1.7486      7.390   324.7647 3.2376e+02     0.6261      2.438      3.536    15.9125 0.0000e+00
