Data/DataNotYetUploadedToEDI/Raw_CTD/RawDownloads/051418_fcr50.cnv
* Sea-Bird SBE19plus  Data File:
* FileName = C:\DATA\051418_fcr_0001.hex
* Software version 2.6.3.104 SB_Terminal.dll
* Temperature SN = 7809
* Conductivity SN = 7809
* System UpLoad Time = May 14 2018 15:30:42
* <ApplicationData>
* <Seaterm232>
# nquan = 15
# nvalues = 1005                        
# units = specified
# name 0 = depFM: Depth [fresh water, m]
# name 1 = dz/dtM: Descent Rate [m/s]
# name 2 = sbeox0Mg/L: Oxygen, SBE 43 [mg/l]
# name 3 = sbeox0PS: Oxygen, SBE 43 [% saturation]
# name 4 = specc: Specific Conductance [uS/cm]
# name 5 = c0uS/cm: Conductivity [uS/cm]
# name 6 = flECO-AFL: Fluorescence, WET Labs ECO-AFL/FL [mg/m^3]
# name 7 = ph: pH
# name 8 = orp: Oxidation Reduction Potential [mV]
# name 9 = par/sat/log: PAR/Logarithmic, Satlantic
# name 10 = turbWETntu0: Turbidity, WET Labs ECO [NTU]
# name 11 = prdM: Pressure, Strain Gauge [db]
# name 12 = prdE: Pressure, Strain Gauge [psi]
# name 13 = tv290C: Temperature [ITS-90, deg C]
# name 14 = flag:  0.000e+00
# span 0 =     -0.548,      9.627       
# span 1 =     -0.194,      3.010       
# span 2 =     4.9735,     9.8729       
# span 3 =     59.201,    102.508       
# span 4 =      0.633,     39.637       
# span 5 =   0.651551,  36.244664       
# span 6 =    -0.6818,     4.4154       
# span 7 =      5.689,      7.487       
# span 8 =   328.2834,  1240.2295       
# span 9 = 1.8214e+00, 1.7117e+03       
# span 10 =    -0.6722,   371.5655      
# span 11 =     -0.538,      9.441      
# span 12 =     -0.780,     13.693      
# span 13 =     9.3216,    26.4835      
# span 14 = 0.0000e+00, 0.0000e+00      
# interval = seconds: 0.25
# start_time = May 14 2018 13:41:17 [Instrument's time stamp, header]
# bad_flag = -9.990e-29
*END*
[from data line 579]
      2.923      0.070     9.1116     89.301     35.320  27.871844     2.5997      7.156   350.5491 1.1906e+02     0.6471      2.866      4.157    14.7918 0.0000e+00
      2.940      0.072     9.1039     89.055     35.380  27.856736     2.5912      7.152   350.3454 1.1849e+02     0.6601      2.883      4.182    14.7040 0.0000e+00
      2.958      0.074     9.0919     88.767     35.426  27.831220     2.5937      7.147   350.0373 1.1763e+02     0.6558      2.901      4.207    14.6212 0.0000e+00
      2.976      0.076     9.0743     88.419     35.491  27.817248     2.5379      7.142   350.0934 1.1557e+02     0.6263      2.919      4.233    14.5418 0.0000e+00
      2.996      0.078     9.0483     87.977     35.577  27.814727     2.4223      7.136   351.0237 1.1271e+02     0.6388      2.937      4.260    14.4529 0.0000e+00
      3.017      0.080     9.0166     87.472     35.652  27.800662     2.3544      7.130   352.4236 1.0928e+02     0.6548      2.959      4.291    14.3632 0.0000e+00
      3.039      0.082     8.9806     86.928     35.711  27.774106     2.3409      7.124   353.1668 1.0586e+02     0.6361      2.981      4.324    14.2778 0.0000e+00
      3.060      0.083     8.9340     86.287     35.769  27.747550     2.3607      7.118   353.4703 1.0278e+02     0.6266      3.001      4.353    14.1880 0.0000e+00
      3.081      0.084     8.8757     85.537     35.842  27.733495     2.3911      7.112   353.5981 1.0036e+02     0.6320      3.021      4.382    14.0898 0.0000e+00
      3.102      0.084     8.8085     84.703     35.931  27.731080     2.3962      7.105   353.3355 9.8862e+01     0.6392      3.043      4.413    13.9849 0.0000e+00
      3.124      0.085     8.7365     83.826     36.007  27.718274     2.4046      7.098   353.0489 9.7446e+01     0.6226      3.064      4.443    13.8828 0.0000e+00
      3.145      0.085     8.6679     82.982     36.086  27.705572     2.4649      7.093   353.0575 9.6862e+01     0.6145      3.084      4.473    13.7839 0.0000e+00
      3.168      0.084     8.6056     82.205     36.176  27.704416     2.5551      7.088   353.4397 9.6477e+01     0.6328      3.106      4.505    13.6844 0.0000e+00
      3.191      0.082     8.5446     81.460     36.261  27.704216     2.5951      7.083   353.8843 9.5412e+01     0.6312      3.130      4.540    13.5860 0.0000e+00
      3.213      0.081     8.4871     80.771     36.335  27.703067     2.5898      7.077   354.3037 9.4086e+01     0.6248      3.151      4.571    13.4877 0.0000e+00
      3.231      0.081     8.4338     80.138     36.385  27.690468     2.5920      7.071   354.8962 9.2586e+01     0.6170      3.169      4.597    13.3840 0.0000e+00
      3.249      0.081     8.3754     79.448     36.443  27.678825     2.6029      7.065   355.3696 9.1071e+01     0.5980      3.185      4.620    13.2841 0.0000e+00
      3.269      0.081     8.3116     78.678     36.547  27.689234     2.6114      7.058   355.1233 8.8885e+01     0.5776      3.204      4.647    13.1932 0.0000e+00
      3.291      0.083     8.2418     77.843     36.644  27.689243     2.6209      7.049   354.4998 8.6424e+01     0.5841      3.227      4.681    13.1143 0.0000e+00
      3.313      0.086     8.1648     76.959     36.718  27.678850     2.6817      7.041   354.4555 8.4832e+01     0.6466      3.250      4.714    13.0520 0.0000e+00
      3.335      0.087     8.0891     76.099     36.816  27.690497     2.7951      7.034   354.9328 8.3982e+01     0.6921      3.270      4.743    12.9809 0.0000e+00
      3.357      0.087     8.0191     75.298     36.915  27.702994     2.8521      7.027   355.5389 8.3497e+01     0.6458      3.291      4.774    12.8816 0.0000e+00
      3.382      0.086     7.9524     74.545     36.989  27.702888     2.8474      7.019   356.0185 8.2838e+01     0.6053      3.317      4.812    12.7725 0.0000e+00
      3.405      0.082     7.8894     73.848     37.034  27.689143     2.8479      7.012   356.1713 8.1655e+01     0.6298      3.340      4.844    12.6865 0.0000e+00
      3.425      0.076     7.8337     73.234     37.055  27.663758     2.8584      7.004   355.5799 8.0466e+01     0.6664      3.360      4.873    12.6069 0.0000e+00
      3.445      0.067     7.7811     72.662     37.085  27.649907     2.8737      6.996   354.6327 7.9711e+01     0.6819      3.379      4.901    12.5142 0.0000e+00
      3.462      0.057     7.7249     72.074     37.122  27.648637     2.8763      6.990   354.4407 7.9387e+01     0.6656      3.396      4.926    12.4384 0.0000e+00
      3.476      0.046     7.6692     71.508     37.150  27.648370     2.8630      6.985   354.5489 7.8999e+01     0.6517      3.410      4.947    12.3790 0.0000e+00
      3.486      0.034     7.6162     70.986     37.165  27.646645     2.8504      6.980   354.7364 7.8208e+01     0.6362      3.420      4.961    12.3211 0.0000e+00
      3.492      0.024     7.5635     70.497     37.137  27.627772     2.8347      6.976   355.2452 7.7357e+01     0.6004      3.424      4.967    12.2721 0.0000e+00
      3.495      0.015     7.5100     70.034     37.092  27.610679     2.8104      6.973   354.9358 7.6676e+01     0.5854      3.428      4.972    12.2341 0.0000e+00
      3.497      0.009     7.4591     69.608     37.089  27.630493     2.7955      6.970   353.8358 7.6071e+01     0.6070      3.430      4.975    12.2059 0.0000e+00
      3.497      0.005     7.4157     69.259     37.115  27.676863     2.8300      6.966   353.3877 7.5813e+01     0.6176      3.430      4.975    12.1845 0.0000e+00
      3.497      0.003     7.3775     68.994     37.124  27.726865     2.8956      6.962   353.5625 7.5981e+01     0.6225      3.430      4.975    12.1838 0.0000e+00
      3.497      0.003     7.3445     68.819     37.039  27.727118     2.9275      6.959   353.7115 7.6050e+01     0.6355      3.430      4.975    12.2137 0.0000e+00
      3.497      0.005     7.3227     68.749     36.890  27.680000     2.9309      6.954   354.0712 7.5827e+01     0.6217      3.430      4.975    12.2482 0.0000e+00
      3.498      0.010     7.3201     68.806     36.820  27.665236     2.9181      6.948   354.7282 7.5448e+01     0.6086      3.431      4.976    12.2718 0.0000e+00
      3.499      0.015     7.3377     68.969     36.835  27.675646     2.8918      6.943   355.0298 7.5210e+01     0.6294      3.431      4.976    12.3283 0.0000e+00
      3.503      0.019     7.3690     69.203     36.877  27.678866     2.8796      6.939   354.7927 7.5088e+01     0.6595      3.434      4.980    12.4270 0.0000e+00
      3.512      0.021     7.4058     69.484     36.951  27.704133     2.8717      6.937   354.6151 7.5198e+01     0.6676      3.445      4.996    12.5259 0.0000e+00
      3.522      0.024     7.4359     69.740     36.998  27.727113     2.8606      6.934   354.6889 7.5376e+01     0.6656      3.455      5.010    12.5892 0.0000e+00
      3.527      0.027     7.4584     69.961     36.959  27.702701     2.8551      6.930   354.7382 7.4850e+01     0.6967      3.460      5.018    12.5784 0.0000e+00
      3.531      0.030     7.4803     70.155     36.914  27.662974     2.8523      6.924   354.7811 7.4098e+01     0.7085      3.463      5.023    12.5258 0.0000e+00
      3.535      0.031     7.5049     70.295     36.923  27.627769     2.8541      6.919   354.8632 7.3383e+01     0.6547      3.465      5.025    12.4743 0.0000e+00
      3.545      0.033     7.5294     70.373     36.973  27.594498     2.8494      6.915   355.2149 7.2248e+01     0.5957      3.474      5.039    12.4550 0.0000e+00
      3.560      0.037     7.5455     70.369     37.047  27.578105     2.8408      6.913   355.8492 7.1319e+01     0.5754      3.493      5.066    12.4789 0.0000e+00
      3.570      0.043     7.5538     70.297     37.111  27.556482     2.8513      6.911   356.0802 7.0983e+01     0.5926      3.504      5.081    12.4883 0.0000e+00
      3.576      0.049     7.5629     70.199     37.181  27.523482     2.8578      6.907   355.7716 7.0757e+01     0.6198      3.505      5.083    12.4269 0.0000e+00
      3.586      0.053     7.5749     70.086     37.286  27.496498     2.8457      6.901   355.3873 6.9808e+01     0.6303      3.513      5.095    12.3097 0.0000e+00
      3.601      0.055     7.5804     69.905     37.417  27.484111     2.8340      6.895   355.3909 6.8152e+01     0.6282      3.530      5.121    12.2112 0.0000e+00
      3.621      0.057     7.5687     69.580     37.579  27.500587     2.8168      6.890   356.1591 6.6762e+01     0.6245      3.551      5.151    12.1358 0.0000e+00
      3.640      0.061     7.5396     69.127     37.706  27.505100     2.8035      6.885   357.1903 6.6099e+01     0.6161      3.571      5.180    12.0209 0.0000e+00
      3.655      0.063     7.4997     68.609     37.765  27.475080     2.8014      6.880   357.5339 6.6246e+01     0.6177      3.587      5.203    11.8690 0.0000e+00
      3.665      0.062     7.4516     68.029     37.831  27.455040     2.8101      6.873   357.3884 6.6439e+01     0.6143      3.593      5.212    11.7216 0.0000e+00
      3.678      0.058     7.3915     67.342     37.921  27.453219     2.8353      6.866   357.2381 6.5884e+01     0.6057      3.602      5.225    11.5817 0.0000e+00
      3.699      0.054     7.3150     66.532     37.997  27.452988     2.8571      6.862   357.1801 6.4742e+01     0.6047      3.628      5.261    11.4609 0.0000e+00
      3.719      0.052     7.2239     65.633     38.045  27.452185     2.8617      6.859   357.3750 6.3732e+01     0.6024      3.653      5.297    11.3735 0.0000e+00
      3.731      0.053     7.1277     64.705     38.071  27.443476     2.8730      6.854   357.8734 6.3269e+01     0.6079      3.661      5.309    11.2875 0.0000e+00
      3.736      0.053     7.0396     63.838     38.074  27.411153     2.9021      6.849   358.4747 6.2905e+01     0.6104      3.662      5.311    11.1893 0.0000e+00
      3.744      0.053     6.9636     63.073     38.084  27.378830     2.9198      6.844   358.7947 6.2378e+01     0.6020      3.668      5.321    11.1103 0.0000e+00
      3.759      0.053     6.8916     62.358     38.118  27.370113     2.9216      6.838   358.8164 6.1695e+01     0.5976      3.686      5.346    11.0717 0.0000e+00
      3.779      0.055     6.8242     61.698     38.153  27.369213     2.9327      6.833   358.8232 6.0829e+01     0.6188      3.706      5.374    11.0462 0.0000e+00
      3.797      0.059     6.7706     61.158     38.193  27.367928     2.9626      6.827   358.7913 6.0073e+01     0.6445      3.724      5.402    10.9980 0.0000e+00
      3.811      0.062     6.7342     60.748     38.235  27.354540     2.9884      6.821   358.6885 5.9567e+01     0.6343      3.738      5.422    10.9379 0.0000e+00
      3.821      0.063     6.7099     60.415     38.294  27.334290     2.9964      6.815   358.7853 5.8942e+01     0.6169      3.745      5.432    10.8954 0.0000e+00
      3.835      0.066     6.6934     60.132     38.368  27.313517     2.9862      6.809   359.1008 5.7973e+01     0.6169      3.759      5.452    10.8661 0.0000e+00
      3.854      0.069     6.6824     59.900     38.444  27.293794     2.8835      6.804   359.4921 5.6954e+01     0.6343      3.780      5.484    10.8328 0.0000e+00
      3.874      0.073     6.6739     59.693     38.534  27.286236     2.7107      6.800   359.9027 5.6161e+01     0.6751      3.799      5.510    10.7793 0.0000e+00
      3.895      0.074     6.6667     59.517     38.621  27.285560     2.6243      6.796   360.2794 5.5495e+01     0.6824      3.820      5.539    10.6922 0.0000e+00
      3.916      0.072     6.6587     59.362     38.685  27.285555     2.6106      6.791   360.6050 5.4935e+01     0.6314      3.842      5.572    10.5906 0.0000e+00
      3.935      0.068     6.6544     59.245     38.749  27.286128     2.5271      6.786   360.8287 5.4565e+01     0.6074      3.860      5.599    10.4963 0.0000e+00
      3.951      0.064     6.6620     59.201     38.847  27.292442     2.3678      6.781   360.6602 5.4353e+01     0.6368      3.875      5.622    10.4006 0.0000e+00
      3.966      0.059     6.6779     59.213     38.958  27.298327     2.2746      6.777   360.2024 5.4123e+01     0.6822      3.891      5.642    10.3097 0.0000e+00
      3.980      0.055     6.7014     59.310     39.040  27.293716     2.2736      6.775   360.0263 5.3668e+01     0.6979      3.903      5.660    10.2613 0.0000e+00
      3.993      0.051     6.7426     59.599     39.110  27.300118     2.2817      6.772   360.1662 5.2883e+01     0.6439      3.914      5.678    10.2206 0.0000e+00
      4.006      0.047     6.8109     60.168     39.155  27.312197     2.2816      6.768   360.5175 5.1953e+01     0.6093      3.929      5.698    10.1304 0.0000e+00
      4.019      0.042     6.9037     60.985     39.157  27.312738     2.2814      6.764   360.8315 5.1185e+01     0.6460      3.941      5.716    10.0265 0.0000e+00
      4.030      0.034     7.0178     62.002     39.142  27.306666     2.2884      6.761   360.4350 5.0676e+01     0.6900      3.952      5.733     9.9465 0.0000e+00
      4.038      0.020     7.1550     63.227     39.126  27.302276     2.2917      6.757   359.5098 5.0511e+01     0.6843      3.961      5.745     9.8881 0.0000e+00
      4.044      0.000     7.3029     64.577     39.125  27.323161     2.2847      6.754   359.0237 5.0581e+01     0.6373      3.966      5.751     9.8661 0.0000e+00
      4.048     -0.021     7.4468     65.974     39.102  27.368715     2.2773      6.752   359.1173 5.0764e+01     0.6101      3.973      5.761     9.8721 0.0000e+00
      4.043     -0.036     7.5797     67.369     39.006  27.408637     2.2765      6.749   359.5225 5.1293e+01     0.6308      3.973      5.762     9.8799 0.0000e+00
      4.022     -0.045     7.6978     68.678     38.851  27.424986     2.3299      6.743   360.0519 5.2080e+01     0.6734      3.948      5.727     9.8852 0.0000e+00
      3.993     -0.045     7.8021     69.843     38.713  27.439520     2.4265      6.738   360.1838 5.2618e+01     0.6679      3.911      5.672     9.8957 0.0000e+00
      3.974     -0.040     7.8899     70.806     38.620  27.457488     2.4707      6.734   359.7398 5.2597e+01     0.6244      3.889      5.641     9.9685 0.0000e+00
      3.970     -0.029     7.9510     71.466     38.539  27.451827     2.4692      6.731   359.0720 5.2255e+01     0.6049      3.891      5.645    10.1246 0.0000e+00
      3.974     -0.015     7.9715     71.700     38.483  27.434623     2.4624      6.728   358.6484 5.2007e+01     0.6155      3.897      5.653    10.3023 0.0000e+00
      3.976     -0.004     7.9400     71.428     38.483  27.439995     2.3610      6.726   358.5755 5.1906e+01     0.6315      3.900      5.656    10.4519 0.0000e+00
      3.976      0.001     7.8520     70.656     38.488  27.453281     2.1815      6.725   358.5347 5.1884e+01     0.6448      3.900      5.656    10.5580 0.0000e+00
      3.975      0.001     7.7146     69.478     38.470  27.468276     2.0928      6.724   358.4137 5.1939e+01     0.6548      3.898      5.654    10.6281 0.0000e+00
      3.973      0.004     7.5453     68.056     38.437  27.494340     2.0888      6.723   358.4024 5.2109e+01     0.6308      3.897      5.652    10.6525 0.0000e+00
      3.973      0.010     7.3715     66.613     38.378  27.514474     2.0861      6.720   358.7421 5.2239e+01     0.5988      3.896      5.651    10.6457 0.0000e+00
      3.973      0.019     7.2217     65.360     38.318  27.521282     2.0786      6.718   359.1651 5.2101e+01     0.6030      3.896      5.651    10.6527 0.0000e+00
      3.977      0.028     7.1080     64.376     38.274  27.513206     2.0731      6.717   359.3013 5.1599e+01     0.6201      3.898      5.653    10.6884 0.0000e+00
      3.988      0.035     7.0308     63.678     38.228  27.480348     2.0743      6.714   359.3569 5.0941e+01     0.6532      3.910      5.670    10.7556 0.0000e+00
