Data/DataNotYetUploadedToEDI/Raw_CTD/RawDownloads/051418_fcr49.cnv
* Sea-Bird SBE19plus  Data File:
* FileName = C:\DATA\051418_fcr_0006.hex
* Software version 2.6.3.104 SB_Terminal.dll
* Temperature SN = 7809
* Conductivity SN = 7809
* System UpLoad Time = May 14 2018 15:32:34
* <ApplicationData>
* <Seaterm232>
# nquan = 15
# nvalues = 845                         
# units = specified
# name 0 = depFM: Depth [fresh water, m]
# name 1 = dz/dtM: Descent Rate [m/s]
# name 2 = sbeox0Mg/L: Oxygen, SBE 43 [mg/l]
# name 3 = sbeox0PS: Oxygen, SBE 43 [% saturation]
# name 4 = specc: Specific Conductance [uS/cm]
# name 5 = c0uS/cm: Conductivity [uS/cm]
# name 6 = flECO-AFL: Fluorescence, WET Labs ECO-AFL/FL [mg/m^3]
# name 7 = ph: pH
# name 8 = orp: Oxidation Reduction Potential [mV]
# name 9 = par/sat/log: PAR/Logarithmic, Satlantic
# name 10 = turbWETntu0: Turbidity, WET Labs ECO [NTU]
# name 11 = prdM: Pressure, Strain Gauge [db]
# name 12 = prdE: Pressure, Strain Gauge [psi]
# name 13 = tv290C: Temperature [ITS-90, deg C]
# name 14 = flag:  0.000e+00
# span 0 =     -0.117,      9.469       
# span 1 =     -0.211,      0.143       
# span 2 =     4.9133,    10.2636       
# span 3 =     60.083,    108.969       
# span 4 =     34.192,     39.612       
# span 5 =  27.065244,  37.105651       
# span 6 =     0.2925,     3.2998       
# span 7 =      6.458,      7.520       
# span 8 =   279.4107,   354.7086       
# span 9 = 5.9941e+00, 2.5697e+03       
# span 10 =    -0.4162,     1.2584      
# span 11 =     -0.116,      9.288      
# span 12 =     -0.168,     13.471      
# span 13 =     9.3292,    25.7825      
# span 14 = 0.0000e+00, 0.0000e+00      
# interval = seconds: 0.25
# start_time = May 14 2018 17:35:25 [Instrument's time stamp, header]
# bad_flag = -9.990e-29
*END*
      0.015      0.093     8.3106    101.961     36.412  36.955532     0.6657      7.207   279.6889 2.5226e+02     0.2615     -0.000      0.001    25.7632 0.0000e+00
      0.056      0.118     8.3571    102.510     36.280  36.813903     0.6674      7.228   279.6854 2.4913e+02     0.2380      0.055      0.080    25.7825 0.0000e+00
      0.101      0.136     8.4047    103.069     36.157  36.678890     0.6702      7.246   279.4107 2.4753e+02     0.2364      0.104      0.151    25.7728 0.0000e+00
      0.139      0.143     8.4527    103.578     36.040  36.530072     0.6724      7.252   279.5503 2.4064e+02     0.2417      0.134      0.194    25.7516 0.0000e+00
      0.178      0.136     8.4907    103.828     35.878  36.284994     0.6757      7.247   279.9967 2.2509e+02     0.2415      0.174      0.253    25.7398 0.0000e+00
      0.218      0.121     8.4742    103.259     35.737  36.002408     0.6827      7.239   280.4208 2.1073e+02     0.2339      0.217      0.315    25.7285 0.0000e+00
      0.248      0.105     8.3762    101.644     35.678  35.781115     0.6839      7.239   280.8923 2.0660e+02     0.2105      0.247      0.359    25.7216 0.0000e+00
      0.268      0.092     8.2407     99.624     35.685  35.641830     0.6530      7.247   280.9650 2.1521e+02     0.2333      0.264      0.383    25.7017 0.0000e+00
      0.284      0.081     8.1026     97.649     35.753  35.588540     0.5937      7.262   280.6118 2.4923e+02     0.3266      0.279      0.403    25.5969 0.0000e+00
      0.299      0.071     7.9643     95.741     35.843  35.581269     0.5547      7.281   280.6650 4.3267e+02     0.3930      0.293      0.425    25.3738 0.0000e+00
      0.316      0.063     7.8265     93.904     35.891  35.553775     0.5392      7.300   281.0050 8.1062e+02     0.3946      0.308      0.447    25.1253 0.0000e+00
      0.336      0.054     7.6889     92.119     35.902  35.510094     0.5173      7.315   281.5408 1.0311e+03     0.3460      0.329      0.478    24.9214 0.0000e+00
      0.354      0.043     7.5594     90.469     35.996  35.561211     0.4925      7.329   282.0663 1.0370e+03     0.2633      0.351      0.509    24.7541 0.0000e+00
      0.365      0.026     7.4591     89.194     36.261  35.790639     0.4879      7.347   281.8520 1.1897e+03     0.2186      0.362      0.524    24.6184 0.0000e+00
      0.369      0.001     7.3940     88.355     36.497  35.997241     0.4975      7.370   281.3593 1.2195e+03     0.2335      0.365      0.528    24.5153 0.0000e+00
      0.368     -0.033     7.3442     87.712     36.484  35.962946     0.5265      7.390   281.0988 1.1282e+03     0.2909      0.360      0.523    24.4416 0.0000e+00
      0.363     -0.074     7.2957     87.102     36.418  35.884135     0.5813      7.404   281.0266 1.2825e+03     0.3624      0.359      0.520    24.3864 0.0000e+00
      0.347     -0.119     7.2453     86.489     36.410  35.870122     0.6187      7.414   281.2608 1.2749e+03     0.4263      0.349      0.507    24.3420 0.0000e+00
      0.309     -0.161     7.1918     85.842     36.335  35.793511     0.6284      7.423   281.8653 1.1398e+03     0.4535      0.309      0.448    24.3079 0.0000e+00
      0.253     -0.193     7.1396     85.210     36.329  35.783617     0.6340      7.432   282.3128 1.1377e+03     0.2338      0.251      0.364    24.2756 0.0000e+00
      0.188     -0.211     7.0941     84.664     36.491  35.941059     0.6323      7.440   282.1978 9.5254e+02    -0.1861      0.188      0.273    24.2555 0.0000e+00
      0.117     -0.210     7.0468     84.098     36.598  36.045537     0.6254      7.447   282.0231 6.9622e+02    -0.4115      0.112      0.162    24.2533 0.0000e+00
      0.053     -0.189     6.9847     83.353     36.585  36.030491     0.6244      7.441   282.0067 9.7841e+02    -0.4162      0.044      0.064    24.2493 0.0000e+00
      0.006     -0.155     6.9078     82.449     36.625  36.076760     0.6195      7.420   282.0859 1.6702e+03    -0.3953      0.002      0.004    24.2400 0.0000e+00
     -0.027     -0.115     6.8222     81.462     36.629  36.096793     0.5845      7.406   282.5511 2.0250e+03    -0.2804     -0.030     -0.044    24.2403 0.0000e+00
     -0.048     -0.075     6.7312     80.416     36.464  35.955113     0.5225      7.405   283.3285 2.0606e+03    -0.0043     -0.053     -0.077    24.2416 0.0000e+00
     -0.054     -0.040     6.6470     79.449     36.311  35.824779     0.4776      7.406   283.9139 2.0703e+03     0.1962     -0.054     -0.078    24.2323 0.0000e+00
     -0.055     -0.015     6.5860     78.764     36.320  35.854941     0.4732      7.403   284.1231 2.0456e+03     0.2221     -0.052     -0.076    24.2383 0.0000e+00
     -0.056      0.000     6.5528     78.409     36.384  35.938701     0.5160      7.400   284.2230 1.9893e+03     0.2167     -0.057     -0.083    24.2692 0.0000e+00
     -0.051      0.005     6.5395     78.289     36.374  35.948224     0.5808      7.404   284.1746 1.5480e+03     0.2219     -0.052     -0.075    24.2967 0.0000e+00
     -0.041      0.001     6.5356     78.284     36.312  35.906584     0.6138      7.416   283.7963 1.1840e+03     0.2244     -0.038     -0.056    24.3216 0.0000e+00
     -0.036     -0.004     6.5374     78.360     36.257  35.879925     0.6120      7.430   283.5209 1.6293e+03     0.2160     -0.032     -0.046    24.3535 0.0000e+00
     -0.041     -0.007     6.5503     78.587     36.285  35.943546     0.6134      7.436   283.8573 1.7182e+03     0.2124     -0.038     -0.055    24.3831 0.0000e+00
     -0.052     -0.010     6.5774     78.991     36.408  36.104165     0.6222      7.431   284.5070 1.4124e+03     0.2116     -0.052     -0.075    24.4080 0.0000e+00
     -0.062     -0.013     6.6067     79.414     36.503  36.233943     0.6173      7.431   284.7519 1.8282e+03     0.2070     -0.065     -0.094    24.4322 0.0000e+00
     -0.063     -0.013     6.6252     79.702     36.478  36.242266     0.6083      7.442   284.5809 2.3098e+03     0.2168     -0.066     -0.096    24.4692 0.0000e+00
     -0.057     -0.011     6.6330     79.859     36.409  36.204854     0.6144      7.459   284.3320 2.4037e+03     0.2385     -0.054     -0.078    24.5221 0.0000e+00
     -0.056     -0.007     6.6304     79.878     36.406  36.226302     0.6275      7.476   284.0663 2.4507e+03     0.2556     -0.051     -0.072    24.5802 0.0000e+00
     -0.063     -0.004     6.6115     79.688     36.472  36.311057     0.6293      7.486   284.0354 2.4949e+03     0.2407     -0.062     -0.090    24.6286 0.0000e+00
     -0.070     -0.004     6.5729     79.254     36.549  36.403841     0.6168      7.490   284.3880 2.5129e+03     0.2110     -0.073     -0.105    24.6693 0.0000e+00
     -0.070     -0.004     6.5147     78.578     36.591  36.458831     0.5775      7.489   284.8025 2.4613e+03     0.2324     -0.070     -0.102    24.7173 0.0000e+00
     -0.067     -0.002     6.4413     77.708     36.593  36.467769     0.5225      7.488   285.2614 2.1647e+03     0.2553     -0.065     -0.095    24.7518 0.0000e+00
     -0.065      0.001     6.3617     76.753     36.571  36.448395     0.4940      7.487   285.5488 1.5657e+03     0.2132     -0.064     -0.093    24.7725 0.0000e+00
     -0.065      0.002     6.2838     75.814     36.537  36.415156     0.4899      7.488   285.3517 9.6254e+02     0.1803     -0.062     -0.091    24.7963 0.0000e+00
     -0.066      0.001     6.2095     74.919     36.504  36.383502     0.4909      7.493   285.1154 6.4200e+02     0.1935     -0.065     -0.094    24.8157 0.0000e+00
     -0.067      0.001     6.1404     74.089     36.502  36.383296     0.5064      7.497   285.0151 5.6197e+02     0.2204     -0.067     -0.098    24.8257 0.0000e+00
     -0.067      0.001     6.0776     73.335     36.530  36.412664     0.5393      7.498   285.5146 5.5003e+02     0.2306     -0.066     -0.096    24.8271 0.0000e+00
     -0.066      0.001     6.0203     72.646     36.537  36.420965     0.5576      7.499   286.5088 5.8113e+02     0.2264     -0.065     -0.094    24.8270 0.0000e+00
     -0.064      0.001     5.9704     72.047     36.533  36.420138     0.5540      7.501   286.8829 7.6271e+02     0.2300     -0.063     -0.090    24.8285 0.0000e+00
     -0.063      0.001     5.9281     71.540     36.578  36.466200     0.5688      7.505   286.7693 1.1585e+03     0.3045     -0.061     -0.088    24.8309 0.0000e+00
     -0.064      0.000     5.8895     71.078     36.643  36.533232     0.6076      7.510   286.5113 1.6573e+03     0.4562     -0.062     -0.089    24.8334 0.0000e+00
     -0.066      0.000     5.8509     70.617     36.703  36.595370     0.6279      7.514   286.1729 2.0126e+03     0.5072     -0.065     -0.094    24.8357 0.0000e+00
     -0.067     -0.001     5.8117     70.149     36.751  36.645782     0.6217      7.517   286.6363 2.0789e+03     0.4322     -0.066     -0.096    24.8388 0.0000e+00
     -0.066     -0.001     5.7706     69.657     36.738  36.634570     0.5958      7.517   287.8981 1.9009e+03     0.3434     -0.064     -0.094    24.8416 0.0000e+00
     -0.065     -0.001     5.7261     69.123     36.688  36.586857     0.5630      7.518   288.6951 1.5428e+03     0.2574     -0.063     -0.091    24.8442 0.0000e+00
     -0.065     -0.001     5.6824     68.598     36.677  36.577092     0.5560      7.519   288.6149 1.0954e+03     0.2164     -0.063     -0.091    24.8475 0.0000e+00
     -0.066      0.000     5.6414     68.108     36.677  36.580028     0.5578      7.520   288.2193 7.7167e+02     0.2145     -0.065     -0.094    24.8505 0.0000e+00
     -0.068      0.003     5.6018     67.633     36.717  36.622355     0.5479      7.519   288.2129 6.5978e+02     0.2355     -0.066     -0.096    24.8533 0.0000e+00
     -0.068      0.004     5.5644     67.184     36.800  36.707718     0.5464      7.514   288.6249 6.5264e+02     0.3167     -0.066     -0.096    24.8565 0.0000e+00
     -0.066      0.002     5.5335     66.817     36.749  36.659282     0.5589      7.510   288.9842 7.4086e+02     0.4027     -0.066     -0.096    24.8587 0.0000e+00
     -0.061      0.000     5.5131     66.582     36.564  36.481397     0.5694      7.507   289.1157 1.0064e+03     0.4511     -0.063     -0.090    24.8620 0.0000e+00
     -0.056     -0.000     5.5057     66.511     36.471  36.399139     0.5635      7.498   289.1821 1.3181e+03     0.4753     -0.051     -0.074    24.8655 0.0000e+00
     -0.059     -0.000     5.5181     66.670     36.556  36.490551     0.5515      7.484   289.2704 1.4364e+03     0.4518     -0.054     -0.078    24.8685 0.0000e+00
     -0.068     -0.001     5.5566     67.139     36.698  36.633796     0.5438      7.476   288.9792 1.4788e+03     0.4104     -0.072     -0.104    24.8692 0.0000e+00
     -0.070     -0.004     5.6212     67.944     36.721  36.670037     0.5441      7.479   288.6734 1.5449e+03     0.4011     -0.074     -0.106    24.8793 0.0000e+00
     -0.063     -0.004     5.7090     69.065     36.627  36.611127     0.5739      7.487   288.9279 1.3431e+03     0.3394     -0.060     -0.086    24.8978 0.0000e+00
     -0.060     -0.002     5.8139     70.397     36.600  36.620351     0.6095      7.494   289.2169 1.0909e+03     0.2144     -0.056     -0.079    24.9092 0.0000e+00
     -0.064      0.000     5.9196     71.723     36.672  36.718092     0.6160      7.500   289.3291 1.3357e+03     0.1704     -0.063     -0.092    24.9014 0.0000e+00
     -0.069     -0.002     6.0056     72.808     36.708  36.776547     0.6168      7.506   289.5097 1.8700e+03     0.2045     -0.071     -0.103    24.9081 0.0000e+00
     -0.069     -0.004     6.0619     73.523     36.669  36.755430     0.6187      7.510   289.2498 2.2505e+03     0.2305     -0.069     -0.099    24.9754 0.0000e+00
     -0.066     -0.004     6.0851     73.819     36.622  36.716903     0.6022      7.513   288.5956 2.4182e+03     0.2403     -0.064     -0.092    25.0301 0.0000e+00
     -0.066     -0.002     6.0720     73.664     36.594  36.691875     0.5737      7.514   288.5690 2.3516e+03     0.2314     -0.065     -0.094    25.0540 0.0000e+00
     -0.069     -0.000     6.0291     73.145     36.608  36.706925     0.5501      7.514   289.1005 1.9391e+03     0.2150     -0.068     -0.098    25.0917 0.0000e+00
     -0.071     -0.000     5.9695     72.422     36.673  36.771816     0.5453      7.513   289.6011 1.3096e+03     0.2251     -0.070     -0.100    25.1190 0.0000e+00
     -0.071     -0.001     5.8971     71.544     36.742  36.841223     0.5717      7.512   289.2876 8.6073e+02     0.2927     -0.071     -0.102    25.1261 0.0000e+00
     -0.069     -0.001     5.8178     70.585     36.747  36.847333     0.6120      7.511   288.2344 7.5928e+02     0.3911     -0.069     -0.099    25.1274 0.0000e+00
     -0.067     -0.002     5.7427     69.676     36.682  36.782175     0.6282      7.512   287.7082 9.4005e+02     0.4380     -0.065     -0.095    25.1291 0.0000e+00
     -0.067     -0.003     5.6765     68.871     36.652  36.752180     0.6203      7.513   287.9162 1.3773e+03     0.4326     -0.064     -0.093    25.1279 0.0000e+00
     -0.069     -0.003     5.6190     68.171     36.703  36.802291     0.6171      7.514   288.4259 1.9205e+03     0.4474     -0.067     -0.098    25.1275 0.0000e+00
     -0.073     -0.003     5.5692     67.566     36.781  36.879864     0.6181      7.513   288.7949 2.3115e+03     0.4652     -0.073     -0.106    25.1306 0.0000e+00
     -0.075     -0.003     5.5241     67.021     36.828  36.927794     0.6136      7.512   288.6775 2.4510e+03     0.4339     -0.075     -0.108    25.1328 0.0000e+00
     -0.074     -0.002     5.4828     66.524     36.835  36.937136     0.6081      7.511   288.2109 2.4242e+03     0.4046     -0.073     -0.106    25.1310 0.0000e+00
     -0.073      0.000     5.4477     66.102     36.825  36.929305     0.5894      7.510   287.8851 2.3037e+03     0.3555     -0.072     -0.104    25.1276 0.0000e+00
     -0.073      0.002     5.4176     65.738     36.791  36.896639     0.5614      7.508   287.8357 2.1080e+03     0.2672     -0.071     -0.103    25.1273 0.0000e+00
     -0.073      0.002     5.3881     65.382     36.753  36.859798     0.5450      7.507   287.9582 1.8961e+03     0.2226     -0.071     -0.103    25.1302 0.0000e+00
     -0.072      0.001     5.3572     65.009     36.757  36.865016     0.5386      7.508   288.3338 1.7446e+03     0.2127     -0.071     -0.103    25.1337 0.0000e+00
     -0.072      0.001     5.3265     64.639     36.787  36.896205     0.5577      7.509   288.7632 1.7027e+03     0.2080     -0.071     -0.102    25.1365 0.0000e+00
     -0.071      0.001     5.2968     64.280     36.808  36.919274     0.6007      7.510   288.8477 1.7615e+03     0.2269     -0.069     -0.100    25.1381 0.0000e+00
     -0.071      0.001     5.2681     63.935     36.841  36.953373     0.6272      7.509   288.6682 1.8908e+03     0.2585     -0.070     -0.101    25.1391 0.0000e+00
     -0.071      0.001     5.2419     63.620     36.876  36.990863     0.6301      7.507   288.4853 2.0716e+03     0.2540     -0.070     -0.102    25.1407 0.0000e+00
     -0.071      0.001     5.2168     63.318     36.874  36.991414     0.6262      7.504   288.3575 2.2351e+03     0.2032     -0.069     -0.100    25.1426 0.0000e+00
     -0.070      0.000     5.1927     63.029     36.841  36.960044     0.6357      7.504   288.8435 2.3249e+03     0.1629     -0.069     -0.099    25.1449 0.0000e+00
     -0.070 2.2073e-08     5.1724     62.785     36.809  36.929194     0.6619      7.505   289.7159 2.3359e+03     0.1634     -0.068     -0.099    25.1472 0.0000e+00
     -0.071 2.4280e-07     5.1557     62.585     36.814  36.936034     0.6768      7.505   289.9576 2.2921e+03     0.1799     -0.069     -0.099    25.1496 0.0000e+00
     -0.072 6.2179e-07     5.1399     62.396     36.856  36.979233     0.6780      7.504   289.8726 2.2271e+03     0.2092     -0.070     -0.102    25.1524 0.0000e+00
     -0.072      0.000     5.1238     62.202     36.882  37.006829     0.6675      7.504   289.8061 2.1115e+03     0.2421     -0.072     -0.104    25.1552 0.0000e+00
