Data/DataNotYetUploadedToEDI/Raw_CTD/RawDownloads/051418_fcr50.cnv
* Sea-Bird SBE19plus  Data File:
* FileName = C:\DATA\051418_fcr_0001.hex
* Software version 2.6.3.104 SB_Terminal.dll
* Temperature SN = 7809
* Conductivity SN = 7809
* System UpLoad Time = May 14 2018 15:30:42
* <ApplicationData>
* <Seaterm232>
# nquan = 15
# nvalues = 1005                        
# units = specified
# name 0 = depFM: Depth [fresh water, m]
# name 1 = dz/dtM: Descent Rate [m/s]
# name 2 = sbeox0Mg/L: Oxygen, SBE 43 [mg/l]
# name 3 = sbeox0PS: Oxygen, SBE 43 [% saturation]
# name 4 = specc: Specific Conductance [uS/cm]
# name 5 = c0uS/cm: Conductivity [uS/cm]
# name 6 = flECO-AFL: Fluorescence, WET Labs ECO-AFL/FL [mg/m^3]
# name 7 = ph: pH
# name 8 = orp: Oxidation Reduction Potential [mV]
# name 9 = par/sat/log: PAR/Logarithmic, Satlantic
# name 10 = turbWETntu0: Turbidity, WET Labs ECO [NTU]
# name 11 = prdM: Pressure, Strain Gauge [db]
# name 12 = prdE: Pressure, Strain Gauge [psi]
# name 13 = tv290C: Temperature [ITS-90, deg C]
# name 14 = flag:  0.000e+00
# span 0 =     -0.548,      9.627       
# span 1 =     -0.194,      3.010       
# span 2 =     4.9735,     9.8729       
# span 3 =     59.201,    102.508       
# span 4 =      0.633,     39.637       
# span 5 =   0.651551,  36.244664       
# span 6 =    -0.6818,     4.4154       
# span 7 =      5.689,      7.487       
# span 8 =   328.2834,  1240.2295       
# span 9 = 1.8214e+00, 1.7117e+03       
# span 10 =    -0.6722,   371.5655      
# span 11 =     -0.538,      9.441      
# span 12 =     -0.780,     13.693      
# span 13 =     9.3216,    26.4835      
# span 14 = 0.0000e+00, 0.0000e+00      
# interval = seconds: 0.25
# start_time = May 14 2018 13:41:17 [Instrument's time stamp, header]
# bad_flag = -9.990e-29
*END*
[from data line 868]
      7.209      0.074     9.0555     78.960     39.582  27.175830     0.9160      6.499   373.1813 8.4693e+00     1.2735      7.070     10.253     9.3267 0.0000e+00
      7.229      0.076     9.0632     79.026     39.602  27.189002     0.9265      6.498   374.0186 8.3507e+00     1.3143      7.088     10.281     9.3265 0.0000e+00
      7.250      0.078     9.0732     79.114     39.637  27.213142     0.9600      6.497   374.5196 8.2347e+00     1.3043      7.110     10.312     9.3263 0.0000e+00
      7.270      0.080     9.0803     79.176     39.637  27.213710     0.9628      6.495   374.5923 8.1246e+00     1.1524      7.130     10.341     9.3261 0.0000e+00
      7.289      0.081     9.0839     79.208     39.611  27.195867     0.9235      6.493   373.7796 8.0136e+00     1.0645      7.148     10.368     9.3260 0.0000e+00
      7.309      0.081     9.0854     79.220     39.600  27.187900     0.8985      6.492   372.4369 7.8982e+00     1.1262      7.167     10.396     9.3260 0.0000e+00
      7.331      0.081     9.0830     79.200     39.589  27.180878     0.9173      6.491   372.0384 7.7819e+00     1.2578      7.189     10.427     9.3259 0.0000e+00
      7.353      0.080     9.0804     79.179     39.579  27.174467     0.9205      6.491   372.3162 7.6739e+00     1.2830      7.212     10.460     9.3258 0.0000e+00
      7.374      0.078     9.0822     79.195     39.578  27.173885     0.8829      6.492   372.6985 7.5779e+00     1.2169      7.233     10.489     9.3260 0.0000e+00
      7.393      0.077     9.0860     79.228     39.578  27.173832     0.8763      6.492   373.3059 7.5001e+00     1.2828      7.251     10.516     9.3261 0.0000e+00
      7.412      0.075     9.0875     79.241     39.578  27.173827     0.9140      6.492   373.8085 7.4196e+00     1.4684      7.269     10.542     9.3265 0.0000e+00
      7.429      0.075     9.0881     79.246     39.579  27.173826     0.9345      6.492   373.5279 7.3301e+00     1.5692      7.286     10.567     9.3269 0.0000e+00
      7.448      0.076     9.0884     79.248     39.579  27.173811     0.9127      6.492   372.4949 7.2523e+00     1.4951      7.303     10.592     9.3272 0.0000e+00
      7.468      0.077     9.0879     79.243     39.579  27.173655     0.8703      6.492   371.9009 7.1644e+00     1.3956      7.323     10.621     9.3273 0.0000e+00
      7.488      0.079     9.0879     79.242     39.576  27.171938     0.8721      6.491   371.9388 7.0742e+00     1.4356      7.344     10.652     9.3270 0.0000e+00
      7.508      0.080     9.0873     79.237     39.549  27.153046     0.9169      6.491   372.0067 7.0072e+00     1.4900      7.363     10.679     9.3266 0.0000e+00
      7.529      0.079     9.0855     79.222     39.524  27.135728     0.9161      6.490   372.1183 6.9272e+00     1.4120      7.383     10.708     9.3263 0.0000e+00
      7.551      0.077     9.0848     79.215     39.549  27.153046     0.8714      6.490   372.6004 6.8206e+00     1.2864      7.406     10.741     9.3262 0.0000e+00
      7.572      0.074     9.0859     79.225     39.577  27.171938     0.8445      6.490   373.1889 6.7259e+00     1.3137      7.427     10.771     9.3263 0.0000e+00
      7.590      0.072     9.0886     79.249     39.579  27.173654     0.8573      6.490   373.2978 6.6682e+00     1.4982      7.444     10.797     9.3263 0.0000e+00
      7.606      0.071     9.0911     79.272     39.579  27.173796     0.8889      6.490   373.2290 6.6277e+00     1.5945      7.459     10.818     9.3262 0.0000e+00
      7.621      0.069     9.0901     79.263     39.579  27.173659     0.8963      6.490   372.9599 6.5707e+00     1.5325      7.473     10.838     9.3259 0.0000e+00
      7.639      0.069     9.0869     79.233     39.576  27.171995     0.9098      6.491   372.3670 6.4962e+00     1.5412      7.490     10.864     9.3260 0.0000e+00
      7.659      0.069     9.0866     79.230     39.550  27.153674     0.9598      6.491   372.0825 6.4118e+00     1.6700      7.512     10.895     9.3263 0.0000e+00
      7.677      0.070     9.0878     79.240     39.534  27.142640     0.9860      6.491   372.9624 6.3400e+00     1.6246      7.530     10.921     9.3265 0.0000e+00
      7.694      0.070     9.0847     79.213     39.568  27.165574     0.9413      6.491   374.5729 6.2765e+00     1.3279      7.545     10.943     9.3264 0.0000e+00
      7.710      0.069     9.0789     79.163     39.585  27.176976     0.8792      6.491   375.2935 6.1818e+00     1.0739      7.561     10.966     9.3263 0.0000e+00
      7.728      0.067     9.0730     79.111     39.550  27.153504     0.8785      6.491   375.2225 6.0851e+00     1.0861      7.579     10.992     9.3259 0.0000e+00
      7.747      0.065     9.0678     79.066     39.524  27.135770     0.9142      6.491   374.7472 6.0084e+00     1.2317      7.597     11.019     9.3255 0.0000e+00
      7.764      0.064     9.0646     79.038     39.549  27.153050     0.9158      6.490   373.9343 5.9409e+00     1.2771      7.614     11.043     9.3255 0.0000e+00
      7.779      0.064     9.0613     79.008     39.577  27.171939     0.8987      6.490   373.6531 5.8928e+00     1.3295      7.629     11.064     9.3256 0.0000e+00
      7.793      0.064     9.0558     78.960     39.581  27.173657     0.8906      6.490   374.5313 5.8430e+00     1.4390      7.643     11.084     9.3258 0.0000e+00
      7.807      0.066     9.0534     78.939     39.581  27.173812     0.8826      6.490   376.0346 5.7808e+00     1.4716      7.657     11.105     9.3257 0.0000e+00
      7.824      0.069     9.0562     78.964     39.581  27.173827     0.8842      6.490   376.7727 5.7190e+00     1.4492      7.672     11.128     9.3254 0.0000e+00
      7.843      0.073     9.0591     78.988     39.581  27.173828     0.8734      6.489   376.5725 5.6560e+00     1.3821      7.691     11.154     9.3251 0.0000e+00
      7.863      0.076     9.0597     78.994     39.581  27.173828     0.8704      6.487   376.1949 5.5895e+00     1.3916      7.710     11.182     9.3249 0.0000e+00
      7.884      0.077     9.0566     78.967     39.581  27.173828     0.9036      6.487   376.0784 5.5145e+00     1.5036      7.731     11.213     9.3249 0.0000e+00
      7.905      0.077     9.0511     78.919     39.581  27.173826     0.9171      6.487   376.1104 5.4397e+00     1.5459      7.752     11.244     9.3249 0.0000e+00
      7.925      0.076     9.0480     78.892     39.581  27.173811     0.8767      6.487   376.0661 5.3708e+00     1.4755      7.773     11.274     9.3248 0.0000e+00
      7.944      0.074     9.0480     78.892     39.581  27.173639     0.8200      6.487   376.4033 5.3016e+00     1.3541      7.792     11.301     9.3247 0.0000e+00
      7.962      0.072     9.0481     78.892     39.578  27.171751     0.8286      6.486   377.0901 5.2484e+00     1.3607      7.809     11.326     9.3247 0.0000e+00
      7.979      0.072     9.0490     78.900     39.548  27.150986     0.9067      6.486   377.3149 5.2060e+00     1.4328      7.825     11.350     9.3246 0.0000e+00
      7.997      0.073     9.0537     78.940     39.493  27.113060     0.9466      6.485   377.2286 5.1508e+00     1.3716      7.842     11.374     9.3245 0.0000e+00
      8.015      0.074     9.0621     79.014     39.465  27.094178     0.9159      6.484   377.3370 5.0898e+00     1.3527      7.859     11.399     9.3244 0.0000e+00
      8.034      0.077     9.0724     79.104     39.493  27.113174     0.8946      6.482   376.9911 5.0352e+00     1.4187      7.878     11.426     9.3243 0.0000e+00
      8.054      0.079     9.0815     79.183     39.550  27.152246     0.9279      6.481   376.3158 4.9862e+00     1.4982      7.898     11.455     9.3243 0.0000e+00
      8.076      0.079     9.0870     79.231     39.598  27.185606     0.9783      6.481   376.3130 4.9241e+00     1.5812      7.920     11.487     9.3243 0.0000e+00
      8.098      0.077     9.0904     79.261     39.618  27.199039     0.9801      6.481   376.5273 4.8526e+00     1.5368      7.941     11.518     9.3242 0.0000e+00
      8.118      0.074     9.0928     79.281     39.602  27.187666     0.9582      6.481   376.4982 4.7873e+00     1.5411      7.961     11.547     9.3242 0.0000e+00
      8.137      0.070     9.0931     79.284     39.584  27.175087     0.9716      6.482   376.7356 4.7228e+00     1.6638      7.980     11.574     9.3243 0.0000e+00
      8.153      0.066     9.0926     79.279     39.582  27.173944     0.9578      6.482   377.2462 4.6790e+00     1.5865      7.997     11.598     9.3244 0.0000e+00
      8.168      0.065     9.0917     79.271     39.582  27.173840     0.8930      6.483   376.5623 4.6607e+00     1.3387      8.010     11.618     9.3241 0.0000e+00
      8.182      0.065     9.0915     79.270     39.582  27.173830     0.8581      6.484   374.8338 4.6327e+00     1.2312      8.024     11.637     9.3239 0.0000e+00
      8.197      0.066     9.0943     79.294     39.582  27.173829     0.8671      6.484   374.1569 4.5773e+00     1.3252      8.037     11.658     9.3237 0.0000e+00
      8.214      0.068     9.0988     79.333     39.582  27.173829     0.8825      6.483   374.2299 4.5131e+00     1.4676      8.055     11.682     9.3236 0.0000e+00
      8.234      0.071     9.1034     79.374     39.581  27.173829     0.8599      6.482   374.5979 4.4632e+00     1.4577      8.074     11.710     9.3239 0.0000e+00
      8.254      0.073     9.1081     79.416     39.581  27.173828     0.8152      6.480   375.3369 4.4192e+00     1.3276      8.094     11.740     9.3241 0.0000e+00
      8.273      0.074     9.1127     79.456     39.581  27.173813     0.8199      6.480   375.5067 4.3646e+00     1.3289      8.113     11.767     9.3241 0.0000e+00
      8.291      0.074     9.1158     79.484     39.581  27.173658     0.8702      6.480   374.6717 4.3100e+00     1.4118      8.131     11.794     9.3242 0.0000e+00
      8.310      0.073     9.1168     79.492     39.578  27.171949     0.9091      6.480   373.3291 4.2634e+00     1.3534      8.150     11.821     9.3243 0.0000e+00
      8.329      0.072     9.1161     79.486     39.551  27.153147     0.8947      6.481   372.6955 4.2124e+00     1.2028      8.168     11.847     9.3245 0.0000e+00
      8.347      0.072     9.1141     79.468     39.528  27.136818     0.8533      6.481   373.0330 4.1651e+00     1.0868      8.186     11.872     9.3248 0.0000e+00
      8.364      0.072     9.1091     79.424     39.569  27.165013     0.8588      6.481   373.5380 4.1306e+00     1.1098      8.202     11.896     9.3248 0.0000e+00
      8.382      0.071     9.0991     79.335     39.587  27.176558     0.8873      6.480   373.8118 4.0905e+00     1.1754      8.220     11.922     9.3246 0.0000e+00
      8.401      0.071     9.0870     79.229     39.547  27.149413     0.8942      6.480   374.1925 4.0383e+00     1.1175      8.238     11.948     9.3246 0.0000e+00
      8.421      0.071     9.0783     79.154     39.554  27.154292     0.8965      6.480   374.6132 3.9856e+00     1.0811      8.258     11.977     9.3242 0.0000e+00
      8.439      0.070     9.0720     79.099     39.580  27.172053     0.9146      6.479   374.5104 3.9322e+00     1.2236      8.277     12.004     9.3239 0.0000e+00
      8.455      0.069     9.0670     79.054     39.583  27.173668     0.9670      6.478   374.1542 3.8790e+00     1.4365      8.291     12.025     9.3236 0.0000e+00
      8.472      0.068     9.0639     79.026     39.583  27.173815     0.9781      6.478   373.7486 3.8309e+00     1.4271      8.307     12.048     9.3234 0.0000e+00
      8.490      0.067     9.0619     79.009     39.584  27.173829     0.9300      6.478   373.3054 3.7847e+00     1.2628      8.326     12.075     9.3234 0.0000e+00
      8.507      0.066     9.0629     79.017     39.584  27.173831     0.9181      6.478   373.1842 3.7462e+00     1.2818      8.343     12.101     9.3232 0.0000e+00
      8.524      0.065     9.0649     79.034     39.584  27.173840     0.9347      6.478   374.0897 3.7117e+00     1.4125      8.359     12.123     9.3230 0.0000e+00
      8.540      0.064     9.0636     79.023     39.584  27.173943     0.9293      6.478   375.4776 3.6686e+00     1.4084      8.374     12.146     9.3226 0.0000e+00
      8.557      0.063     9.0583     78.977     39.586  27.175074     0.8989      6.478   375.6835 3.6275e+00     1.2627      8.392     12.172     9.3221 0.0000e+00
      8.573      0.064     9.0518     78.920     39.604  27.187512     0.8614      6.478   375.3741 3.6014e+00     1.1158      8.407     12.194     9.3220 0.0000e+00
      8.588      0.066     9.0491     78.896     39.618  27.197340     0.8607      6.478   375.4365 3.5753e+00     1.1886      8.421     12.214     9.3221 0.0000e+00
      8.603      0.070     9.0496     78.901     39.574  27.166903     0.9000      6.477   375.1473 3.5399e+00     1.3499      8.436     12.235     9.3219 0.0000e+00
      8.620      0.074     9.0533     78.932     39.530  27.136992     0.9040      6.475   374.6302 3.4948e+00     1.3261      8.452     12.258     9.3219 0.0000e+00
      8.640      0.079     9.0593     78.985     39.554  27.153174     0.8643      6.473   375.3794 3.4458e+00     1.2669      8.472     12.288     9.3220 0.0000e+00
      8.663      0.083     9.0624     79.013     39.582  27.172064     0.8696      6.473   377.1509 3.4016e+00     1.3356      8.496     12.322     9.3219 0.0000e+00
      8.687      0.086     9.0651     79.036     39.586  27.174902     0.9312      6.472   377.9809 3.3653e+00     1.4553      8.518     12.356     9.3219 0.0000e+00
      8.709      0.087     9.0688     79.069     39.604  27.187482     0.9569      6.471   378.0146 3.3343e+00     1.4323      8.541     12.388     9.3220 0.0000e+00
      8.731      0.087     9.0699     79.078     39.618  27.197172     0.9239      6.470   377.6452 3.2962e+00     1.3023      8.562     12.417     9.3220 0.0000e+00
      8.753      0.084     9.0692     79.073     39.570  27.165071     0.9092      6.469   376.8703 3.2640e+00     1.2869      8.583     12.448     9.3220 0.0000e+00
      8.776      0.079     9.0711     79.090     39.500  27.116839     0.9258      6.468   376.4743 3.2359e+00     1.3680      8.607     12.483     9.3219 0.0000e+00
      8.798      0.074     9.0745     79.120     39.507  27.121992     0.9312      6.467   376.9877 3.1961e+00     1.3675      8.627     12.513     9.3220 0.0000e+00
      8.818      0.070     9.0764     79.137     39.568  27.163870     0.9104      6.467   378.1732 3.1506e+00     1.2500      8.648     12.543     9.3221 0.0000e+00
      8.833      0.068     9.0764     79.136     39.590  27.178698     0.8766      6.468   378.8486 3.1125e+00     1.1981      8.665     12.567     9.3227 0.0000e+00
      8.844      0.069     9.0715     79.093     39.583  27.174274     0.8989      6.468   378.8724 3.0935e+00     1.3206      8.672     12.578     9.3231 0.0000e+00
      8.856      0.073     9.0630     79.019     39.583  27.173881     0.9687      6.467   378.8912 3.0706e+00     1.4492      8.682     12.592     9.3232 0.0000e+00
      8.876      0.078     9.0545     78.944     39.583  27.173949     0.9755      6.465   378.8182 3.0286e+00     1.4097      8.703     12.624     9.3234 0.0000e+00
      8.901      0.083     9.0471     78.879     39.585  27.175091     0.9267      6.464   378.3340 2.9894e+00     1.3011      8.729     12.661     9.3233 0.0000e+00
      8.926      0.088     9.0399     78.817     39.604  27.187685     0.9030      6.464   377.7687 2.9490e+00     1.3263      8.754     12.697     9.3231 0.0000e+00
      8.950      0.090     9.0341     78.767     39.621  27.199229     0.9280      6.464   377.7478 2.9074e+00     1.4401      8.778     12.732     9.3229 0.0000e+00
      8.973      0.089     9.0337     78.763     39.604  27.187669     0.9707      6.464   377.9091 2.8807e+00     1.4260      8.801     12.764     9.3228 0.0000e+00
