Data/DataNotYetUploadedToEDI/Raw_CTD/RawDownloads/051418_fcr20.cnv
* Sea-Bird SBE19plus  Data File:
* FileName = C:\DATA\051418_fcr_0003.hex
* Software version 2.6.3.104 SB_Terminal.dll
* Temperature SN = 7809
* Conductivity SN = 7809
* System UpLoad Time = May 14 2018 15:31:21
* <ApplicationData>
* <Seaterm232>
# nquan = 15
# nvalues = 683                         
# units = specified
# name 0 = depFM: Depth [fresh water, m]
# name 1 = dz/dtM: Descent Rate [m/s]
# name 2 = sbeox0Mg/L: Oxygen, SBE 43 [mg/l]
# name 3 = sbeox0PS: Oxygen, SBE 43 [% saturation]
# name 4 = specc: Specific Conductance [uS/cm]
# name 5 = c0uS/cm: Conductivity [uS/cm]
# name 6 = flECO-AFL: Fluorescence, WET Labs ECO-AFL/FL [mg/m^3]
# name 7 = ph: pH
# name 8 = orp: Oxidation Reduction Potential [mV]
# name 9 = par/sat/log: PAR/Logarithmic, Satlantic
# name 10 = turbWETntu0: Turbidity, WET Labs ECO [NTU]
# name 11 = prdM: Pressure, Strain Gauge [db]
# name 12 = prdE: Pressure, Strain Gauge [psi]
# name 13 = tv290C: Temperature [ITS-90, deg C]
# name 14 = flag:  0.000e+00
# span 0 =     -0.122,      3.512       
# span 1 =     -0.166,      0.143       
# span 2 =     3.4117,    13.3591       
# span 3 =     32.344,    139.206       
# span 4 =     32.936,     42.213       
# span 5 =  27.443331,  35.978400       
# span 6 =     0.5467,     1.9547       
# span 7 =      6.977,      8.450       
# span 8 =   240.4354,   325.5987       
# span 9 = 7.5441e+01, 2.7968e+03       
# span 10 =    -0.0434,     8.0141      
# span 11 =     -0.124,      3.445      
# span 12 =     -0.182,      4.996      
# span 13 =    12.9280,    24.4502      
# span 14 = 0.0000e+00, 0.0000e+00      
# interval = seconds: 0.25
# start_time = May 14 2018 16:13:38 [Instrument's time stamp, header]
# bad_flag = -9.990e-29
*END*
[from data line 193]
     -0.049      0.003     8.3789     98.983     35.652  34.725973     0.7916      7.371   291.5555 2.5217e+03     0.4189     -0.047     -0.069    23.6510 0.0000e+00
     -0.040      0.005     8.3294     98.379     35.626  34.692899     0.7890      7.374   291.7258 2.5200e+03     0.3681     -0.036     -0.053    23.6554 0.0000e+00
     -0.039      0.003     8.2946     97.927     35.642  34.693132     0.7818      7.377   291.8990 2.5075e+03     0.3314     -0.036     -0.051    23.6732 0.0000e+00
     -0.044     -0.001     8.2691     97.585     35.695  34.728764     0.7687      7.379   292.1008 2.4899e+03     0.3722     -0.043     -0.062    23.6924 0.0000e+00
     -0.050     -0.004     8.2481     97.310     35.785  34.806110     0.7404      7.380   292.3593 2.4683e+03     0.4343     -0.050     -0.072    23.7024 0.0000e+00
     -0.052     -0.005     8.2253     97.045     35.845  34.866067     0.7246      7.381   292.4425 2.3914e+03     0.4411     -0.052     -0.076    23.6900 0.0000e+00
     -0.051     -0.004     8.1998     96.785     35.845  34.882030     0.7250      7.381   292.4187 2.2748e+03     0.4243     -0.051     -0.075    23.6619 0.0000e+00
     -0.050     -0.002     8.1744     96.540     35.813  34.872108     0.7180      7.381   292.5016 2.2853e+03     0.4138     -0.049     -0.071    23.6388 0.0000e+00
     -0.049      0.000     8.1524     96.325     35.796  34.873172     0.7126      7.381   292.6706 2.4137e+03     0.3754     -0.047     -0.069    23.6203 0.0000e+00
     -0.049 3.7255e-08     8.1369     96.182     35.802  34.894916     0.7156      7.382   292.8272 2.4921e+03     0.3560     -0.048     -0.069    23.6187 0.0000e+00
     -0.050 4.0981e-07     8.1288     96.114     35.776  34.880952     0.7175      7.384   292.9321 2.5088e+03     0.4231     -0.049     -0.071    23.6489 0.0000e+00
     -0.052      0.000     8.1235     96.059     35.722  34.831396     0.7261      7.385   293.0784 2.5161e+03     0.5151     -0.051     -0.074    23.6834 0.0000e+00
     -0.052      0.000     8.1182     95.982     35.700  34.803896     0.7458      7.385   293.3054 2.5216e+03     0.5838     -0.052     -0.076    23.7062 0.0000e+00
     -0.051      0.001     8.1149     95.915     35.710  34.802525     0.7633      7.385   293.5269 2.5213e+03     0.6434     -0.051     -0.075    23.7286 0.0000e+00
     -0.050      0.001     8.1149     95.883     35.735  34.814793     0.7722      7.386   293.6909 2.5001e+03     0.6567     -0.048     -0.071    23.7476 0.0000e+00
     -0.049      0.001     8.1184     95.896     35.758  34.825168     0.7801      7.387   293.8255 2.3335e+03     0.5611     -0.046     -0.068    23.7522 0.0000e+00
     -0.049      0.001     8.1245     95.953     35.739  34.800915     0.7846      7.387   294.0368 2.0739e+03     0.4341     -0.047     -0.068    23.7422 0.0000e+00
     -0.050      0.001     8.1311     96.032     35.712  34.775622     0.7811      7.386   294.2664 2.0206e+03     0.4022     -0.049     -0.071    23.7248 0.0000e+00
     -0.051      0.001     8.1375     96.115     35.707  34.773424     0.7835      7.385   294.2787 2.1963e+03     0.4200     -0.051     -0.074    23.7052 0.0000e+00
     -0.050      0.001     8.1452     96.212     35.706  34.774359     0.7959      7.385   294.1850 2.4034e+03     0.4050     -0.049     -0.071    23.6876 0.0000e+00
     -0.048      0.002     8.1561     96.343     35.718  34.786924     0.8109      7.386   294.1656 2.5041e+03     0.3738     -0.046     -0.067    23.6784 0.0000e+00
     -0.048      0.003     8.1700     96.503     35.732  34.798315     0.8181      7.388   294.2167 2.5139e+03     0.3478     -0.047     -0.068    23.6807 0.0000e+00
     -0.048      0.003     8.1828     96.644     35.722  34.785049     0.8181      7.388   294.3732 2.4455e+03     0.3350     -0.047     -0.068    23.6872 0.0000e+00
     -0.047      0.003     8.1885     96.699     35.695  34.753553     0.8111      7.385   294.5083 2.3620e+03     0.3412     -0.047     -0.069    23.6909 0.0000e+00
     -0.046      0.002     8.1848     96.642     35.681  34.735085     0.7876      7.380   294.5596 2.3654e+03     0.3308     -0.045     -0.067    23.6920 0.0000e+00
     -0.045      0.002     8.1745     96.513     35.701  34.752305     0.7651      7.375   294.6489 2.3897e+03     0.3313     -0.044     -0.064    23.6904 0.0000e+00
     -0.044      0.001     8.1623     96.369     35.720  34.771195     0.7504      7.371   294.7274 2.4098e+03     0.3780     -0.042     -0.062    23.6847 0.0000e+00
     -0.044      0.001     8.1500     96.233     35.718  34.772921     0.7471      7.367   294.8209 2.3636e+03     0.4073     -0.042     -0.061    23.6765 0.0000e+00
     -0.045      0.001     8.1360     96.082     35.713  34.773190     0.7905      7.362   294.9195 2.3140e+03     0.4110     -0.044     -0.063    23.6681 0.0000e+00
     -0.046      0.001     8.1217     95.927     35.709  34.774453     0.8609      7.357   294.8868 2.3689e+03     0.3923     -0.046     -0.066    23.6622 0.0000e+00
     -0.046      0.000     8.1130     95.835     35.719  34.788196     0.8997      7.352   294.8567 2.2786e+03     0.3643     -0.046     -0.067    23.6631 0.0000e+00
     -0.044     -0.001     8.1111     95.817     35.742  34.812330     0.9107      7.349   294.8133 1.7590e+03     0.3772     -0.043     -0.063    23.6700 0.0000e+00
     -0.043     -0.001     8.1126     95.834     35.742  34.812172     0.8657      7.351   294.7061 1.1201e+03     0.3949     -0.041     -0.059    23.6781 0.0000e+00
     -0.044     -0.002     8.1158     95.869     35.717  34.786291     0.7692      7.354   294.7649 8.4378e+02     0.3962     -0.043     -0.061    23.6862 0.0000e+00
     -0.046     -0.003     8.1208     95.915     35.688  34.753480     0.7167      7.355   295.0076 1.0080e+03     0.3924     -0.045     -0.065    23.6934 0.0000e+00
     -0.048     -0.003     8.1260     95.958     35.674  34.733043     0.7087      7.353   295.1464 1.4917e+03     0.3797     -0.047     -0.069    23.6952 0.0000e+00
     -0.049     -0.003     8.1268     95.957     35.676  34.729742     0.7007      7.348   295.1522 1.9749e+03     0.3948     -0.049     -0.071    23.6939 0.0000e+00
     -0.049     -0.002     8.1217     95.893     35.660  34.713554     0.6849      7.347   295.2495 2.2887e+03     0.4224     -0.048     -0.070    23.6943 0.0000e+00
     -0.048      0.000     8.1152     95.818     35.674  34.727870     0.6730      7.348   295.3766 2.3582e+03     0.4089     -0.047     -0.068    23.6870 0.0000e+00
     -0.048      0.001     8.1118     95.782     35.722  34.775796     0.6760      7.349   295.4849 2.3160e+03     0.3842     -0.047     -0.068    23.6728 0.0000e+00
     -0.048      0.001     8.1129     95.800     35.729  34.784876     0.7038      7.351   295.6114 2.3996e+03     0.3674     -0.047     -0.069    23.6665 0.0000e+00
     -0.048      0.002     8.1177     95.860     35.716  34.774136     0.7606      7.354   295.7875 2.4513e+03     0.3592     -0.048     -0.069    23.6663 0.0000e+00
     -0.048      0.002     8.1222     95.912     35.716  34.772990     0.7930      7.356   296.0665 2.4408e+03     0.3452     -0.048     -0.069    23.6675 0.0000e+00
     -0.047      0.003     8.1247     95.933     35.718  34.771012     0.7918      7.357   296.1451 2.4333e+03     0.3208     -0.046     -0.067    23.6700 0.0000e+00
     -0.046      0.003     8.1285     95.969     35.700  34.750218     0.8015      7.357   296.0499 2.3520e+03     0.3378     -0.045     -0.064    23.6725 0.0000e+00
     -0.044      0.003     8.1353     96.043     35.664  34.712122     0.8281      7.355   296.1200 2.2266e+03     0.3673     -0.043     -0.062    23.6762 0.0000e+00
     -0.044      0.003     8.1404     96.097     35.645  34.691506     0.8469      7.354   296.2180 2.0822e+03     0.3731     -0.043     -0.063    23.6754 0.0000e+00
     -0.043      0.002     8.1401     96.086     35.648  34.691506     0.8442      7.353   296.2875 1.9379e+03     0.3776     -0.042     -0.062    23.6692 0.0000e+00
     -0.043      0.002     8.1366     96.038     35.672  34.712121     0.8327      7.352   296.2727 1.8865e+03     0.3913     -0.042     -0.061    23.6635 0.0000e+00
     -0.043      0.001     8.1340     96.004     35.712  34.750202     0.8091      7.349   296.2114 1.9369e+03     0.3862     -0.042     -0.061    23.6610 0.0000e+00
     -0.043      0.000     8.1364     96.033     35.732  34.770818     0.7887      7.347   296.3209 1.9849e+03     0.3770     -0.042     -0.061    23.6589 0.0000e+00
     -0.042     -0.001     8.1422     96.105     35.731  34.770833     0.7884      7.347   296.4784 1.9514e+03     0.4022     -0.041     -0.060    23.6530 0.0000e+00
     -0.042     -0.001     8.1448     96.140     35.709  34.750387     0.7865      7.347   296.6524 1.9245e+03     0.4164     -0.041     -0.059    23.6487 0.0000e+00
     -0.043     -0.002     8.1435     96.129     35.669  34.714165     0.8115      7.347   296.8762 2.0148e+03     0.3960     -0.041     -0.060    23.6476 0.0000e+00
     -0.044     -0.002     8.1410     96.104     35.667  34.713996     0.8797      7.347   297.0330 2.1987e+03     0.3687     -0.043     -0.062    23.6482 0.0000e+00
     -0.045     -0.003     8.1397     96.091     35.702  34.748344     0.9219      7.347   297.0851 2.3773e+03     0.3611     -0.044     -0.064    23.6510 0.0000e+00
     -0.046     -0.003     8.1392     96.086     35.702  34.748344     0.9175      7.348   297.1622 2.4727e+03     0.3651     -0.045     -0.065    23.6531 0.0000e+00
     -0.046     -0.002     8.1374     96.064     35.667  34.713996     0.8908      7.348   297.3627 2.4730e+03     0.3557     -0.046     -0.066    23.6552 0.0000e+00
     -0.046     -0.001     8.1320     95.999     35.667  34.714166     0.8475      7.348   297.5310 2.4430e+03     0.3701     -0.045     -0.066    23.6586 0.0000e+00
     -0.047     -0.000     8.1242     95.902     35.707  34.750387     0.8256      7.349   297.6483 2.4484e+03     0.4167     -0.046     -0.067    23.6598 0.0000e+00
     -0.047      0.001     8.1178     95.819     35.730  34.770833     0.8381      7.350   297.7488 2.4238e+03     0.4310     -0.047     -0.068    23.6584 0.0000e+00
     -0.046      0.001     8.1143     95.772     35.733  34.770818     0.8412      7.350   297.7993 2.3131e+03     0.4213     -0.045     -0.065    23.6593 0.0000e+00
     -0.046      0.001     8.1115     95.733     35.714  34.750201     0.8355      7.350   297.9153 2.1728e+03     0.4209     -0.044     -0.064    23.6596 0.0000e+00
     -0.046      0.001     8.1077     95.681     35.678  34.712106     0.8430      7.349   298.0321 2.0436e+03     0.4259     -0.045     -0.065    23.6545 0.0000e+00
     -0.045      0.001     8.1048     95.641     35.659  34.691333     0.8494      7.347   298.0933 1.9377e+03     0.4522     -0.044     -0.064    23.6506 0.0000e+00
     -0.045      0.000     8.1046     95.634     35.659  34.689591     0.8576      7.346   298.1392 1.8949e+03     0.4637     -0.044     -0.063    23.6487 0.0000e+00
     -0.045     -0.000     8.1057     95.645     35.661  34.691033     0.8779      7.343   298.2431 1.9168e+03     0.4122     -0.044     -0.063    23.6456 0.0000e+00
     -0.045      0.000     8.1072     95.661     35.681  34.708771     0.8919      7.342   298.3162 1.9398e+03     0.3491     -0.044     -0.064    23.6412 0.0000e+00
     -0.045     -0.001     8.1076     95.664     35.686  34.713494     0.8991      7.342   298.2488 1.9556e+03     0.3410     -0.045     -0.065    23.6366 0.0000e+00
     -0.045     -0.001     8.1060     95.643     35.657  34.684626     0.9001      7.342   298.2035 2.0076e+03     0.3750     -0.044     -0.064    23.6350 0.0000e+00
     -0.045      0.000     8.1048     95.624     35.651  34.677329     0.8955      7.342   298.1984 2.1597e+03     0.3943     -0.044     -0.063    23.6338 0.0000e+00
     -0.046      0.001     8.1040     95.609     35.666  34.688784     0.8985      7.341   298.3589 2.3769e+03     0.3910     -0.045     -0.065    23.6324 0.0000e+00
     -0.046      0.002     8.1028     95.588     35.676  34.696074     0.8987      7.341   298.5959 2.5014e+03     0.3661     -0.046     -0.066    23.6319 0.0000e+00
     -0.045      0.003     8.1022     95.575     35.684  34.701955     0.8984      7.343   298.6543 2.5158e+03     0.3371     -0.044     -0.064    23.6313 0.0000e+00
     -0.044      0.003     8.1009     95.557     35.680  34.696360     0.8859      7.346   298.7211 2.4972e+03     0.3458     -0.043     -0.062    23.6292 0.0000e+00
     -0.042      0.003     8.0979     95.518     35.676  34.691950     0.8482      7.349   298.8014 2.3973e+03     0.3492     -0.041     -0.060    23.6249 0.0000e+00
     -0.040      0.002     8.0954     95.492     35.696  34.712149     0.8286      7.353   298.8511 2.1266e+03     0.3173     -0.038     -0.056    23.6205 0.0000e+00
     -0.040      0.002     8.0941     95.483     35.733  34.750026     0.8332      7.358   298.9776 1.9032e+03     0.3263     -0.038     -0.057    23.6179 0.0000e+00
     -0.042      0.001     8.0936     95.483     35.749  34.768804     0.8213      7.360   299.0402 1.9028e+03     0.3965     -0.041     -0.060    23.6163 0.0000e+00
     -0.042      0.001     8.0968     95.528     35.726  34.748645     0.7951      7.360   299.0060 2.0519e+03     0.4343     -0.042     -0.061    23.6147 0.0000e+00
     -0.041      0.000     8.1019     95.584     35.674  34.696847     0.7826      7.361   298.9935 2.3099e+03     0.4166     -0.040     -0.059    23.6157 0.0000e+00
     -0.040      0.000     8.1044     95.592     35.635  34.650662     0.7799      7.361   298.9750 2.3984e+03     0.3958     -0.038     -0.056    23.6191 0.0000e+00
     -0.040     -0.001     8.1065     95.578     35.635  34.634856     0.8084      7.360   299.0409 2.2018e+03     0.3972     -0.038     -0.055    23.6232 0.0000e+00
     -0.041     -0.002     8.1085     95.560     35.650  34.632749     0.8705      7.356   299.2742 2.0868e+03     0.4025     -0.040     -0.058    23.6284 0.0000e+00
     -0.042     -0.003     8.1045     95.470     35.659  34.625168     0.9065      7.352   299.3859 2.2484e+03     0.3988     -0.041     -0.060    23.6297 0.0000e+00
     -0.043     -0.003     8.0943     95.315     35.654  34.606680     0.9120      7.350   299.3603 2.4384e+03     0.3831     -0.042     -0.061    23.6158 0.0000e+00
     -0.043     -0.002     8.0832     95.158     35.658  34.599752     0.9190      7.350   299.4805 2.4828e+03     0.3659     -0.042     -0.061    23.5922 0.0000e+00
     -0.044     -0.001     8.0701     94.981     35.673  34.604903     0.9262      7.350   299.5492 2.4703e+03     0.3734     -0.043     -0.062    23.5686 0.0000e+00
     -0.044     -0.001     8.0500     94.729     35.680  34.605433     0.9163      7.349   299.5026 2.4628e+03     0.3821     -0.043     -0.062    23.5426 0.0000e+00
     -0.044      0.000     8.0223     94.394     35.684  34.606154     0.9007      7.349   299.5188 2.4616e+03     0.3796     -0.043     -0.062    23.5233 0.0000e+00
     -0.044      0.001     7.9888     94.001     35.692  34.613612     0.8938      7.351   299.5730 2.4643e+03     0.3738     -0.043     -0.062    23.5101 0.0000e+00
     -0.044      0.002     7.9540     93.599     35.708  34.632090     0.8703      7.353   299.7280 2.4635e+03     0.3728     -0.043     -0.062    23.4966 0.0000e+00
     -0.043      0.002     7.9226     93.240     35.710  34.639018     0.8176      7.354   299.8443 2.4116e+03     0.3977     -0.043     -0.063    23.4872 0.0000e+00
     -0.042      0.002     7.8962     92.940     35.700  34.633868     0.7802      7.355   299.8603 2.3347e+03     0.4005     -0.041     -0.060    23.4820 0.0000e+00
     -0.041      0.001     7.8794     92.751     35.696  34.633347     0.7677      7.355   299.9223 2.3004e+03     0.3465     -0.039     -0.057    23.4827 0.0000e+00
     -0.041      0.001     7.8752     92.702     35.695  34.632722     0.7312      7.355   299.9912 2.2468e+03     0.3236     -0.040     -0.058    23.4881 0.0000e+00
