Data/DataNotYetUploadedToEDI/Raw_CTD/RawDownloads/051618_ccr50.cnv
* Sea-Bird SBE19plus  Data File:
* FileName = C:\DATA\051618_ccr_0002.hex
* Software version 2.6.3.104 SB_Terminal.dll
* Temperature SN = 7809
* Conductivity SN = 7809
* System UpLoad Time = May 16 2018 12:32:26
* <ApplicationData>
* <Seaterm232>
# nquan = 15
# nvalues = 1507                        
# units = specified
# name 0 = depFM: Depth [fresh water, m]
# name 1 = dz/dtM: Descent Rate [m/s]
# name 2 = sbeox0Mg/L: Oxygen, SBE 43 [mg/l]
# name 3 = sbeox0PS: Oxygen, SBE 43 [% saturation]
# name 4 = specc: Specific Conductance [uS/cm]
# name 5 = c0uS/cm: Conductivity [uS/cm]
# name 6 = flECO-AFL: Fluorescence, WET Labs ECO-AFL/FL [mg/m^3]
# name 7 = ph: pH
# name 8 = orp: Oxidation Reduction Potential [mV]
# name 9 = par/sat/log: PAR/Logarithmic, Satlantic
# name 10 = turbWETntu0: Turbidity, WET Labs ECO [NTU]
# name 11 = prdM: Pressure, Strain Gauge [db]
# name 12 = prdE: Pressure, Strain Gauge [psi]
# name 13 = tv290C: Temperature [ITS-90, deg C]
# name 14 = flag:  0.000e+00
# span 0 =     -0.412,     21.113       
# span 1 =     -0.012,      0.172       
# span 2 =     5.0364,    10.9618       
# span 3 =     58.535,    111.617       
# span 4 =      0.609,    130.113       
# span 5 =   0.565311, 108.340027       
# span 6 =    -0.2001,     2.7387       
# span 7 =      6.081,      8.025       
# span 8 = -1240.7455,   323.4784       
# span 9 = 1.2548e-01, 2.2425e+02       
# span 10 =    -0.2460,    34.3919      
# span 11 =     -0.404,     20.706      
# span 12 =     -0.586,     30.032      
# span 13 =     9.0695,    23.2236      
# span 14 = 0.0000e+00, 0.0000e+00      
# interval = seconds: 0.25
# start_time = May 16 2018 14:22:38 [Instrument's time stamp, header]
# bad_flag = -9.990e-29
*END*
[from data line 1446]
     20.460      0.124     8.5291     74.133    126.860  86.732904     1.2763      7.179   323.4287 1.2568e-01     2.1052     20.070     29.109     9.2172 0.0000e+00
     20.487      0.113     8.4843     73.737    126.932  86.772864     1.2743      7.178   323.4717 1.2568e-01     2.1328     20.094     29.144     9.2053 0.0000e+00
     20.506      0.101     8.4503     73.437    127.008  86.817359     1.2769      7.178   323.2821 1.2568e-01     2.1649     20.111     29.168     9.1940 0.0000e+00
     20.523      0.095     8.4247     73.207    127.128  86.888758     1.2802      7.177   323.1157 1.2563e-01     2.1279     20.127     29.191     9.1867 0.0000e+00
     20.541      0.097     8.4018     72.997    127.314  86.999278     1.2773      7.176   323.2662 1.2558e-01     2.1120     20.143     29.215     9.1821 0.0000e+00
     20.565      0.105     8.3819     72.808    127.453  87.070956     1.2788      7.174   323.4670 1.2559e-01     2.1860     20.165     29.247     9.1780 0.0000e+00
     20.595      0.115     8.3619     72.618    127.560  87.118525     1.2804      7.173   323.4784 1.2564e-01     2.2299     20.195     29.290     9.1764 0.0000e+00
     20.630      0.124     8.3352     72.369    127.704  87.192279     1.2777      7.172   323.4048 1.2566e-01     2.2151     20.231     29.343     9.1730 0.0000e+00
     20.667      0.129     8.3002     72.051    127.836  87.262114     1.3293      7.170   323.2649 1.2567e-01     2.2816     20.268     29.397     9.1656 0.0000e+00
     20.702      0.127     8.2574     71.668    127.955  87.326002     1.4268      7.168   323.1638 1.2572e-01     2.4241     20.303     29.446     9.1564 0.0000e+00
     20.736      0.119     8.2079     71.230    128.071  87.391540     1.4732      7.167   323.2150 1.2570e-01     2.5037     20.335     29.493     9.1458 0.0000e+00
     20.767      0.108     8.1530     70.746    128.218  87.481330     1.4759      7.165   323.1968 1.2560e-01     2.5113     20.367     29.539     9.1358 0.0000e+00
     20.794      0.097     8.0890     70.184    128.383  87.583683     1.4780      7.164   323.1155 1.2560e-01     2.5154     20.394     29.579     9.1276 0.0000e+00
     20.814      0.088     8.0158     69.542    128.531  87.673746     1.4619      7.164   323.1782 1.2573e-01     2.5535     20.414     29.608     9.1213 0.0000e+00
     20.830      0.081     7.9384     68.865    128.737  87.806000     1.4284      7.162   323.1800 1.2580e-01     2.6062     20.427     29.627     9.1157 0.0000e+00
     20.848      0.077     7.8604     68.184    128.991  87.972655     1.4127      7.159   322.9650 1.2574e-01     2.6333     20.443     29.650     9.1117 0.0000e+00
     20.868      0.074     7.7853     67.527    129.186  88.096507     1.4196      7.157   322.8159 1.2564e-01     2.6671     20.465     29.682     9.1086 0.0000e+00
     20.888      0.073     7.7124     66.887    129.293  88.157061     1.4563      7.156   322.7530 1.2560e-01     2.8014     20.485     29.712     9.1034 0.0000e+00
     20.908      0.070     7.6366     66.222    129.366  88.195274     1.5163      7.154   322.6351 1.2565e-01     3.0069     20.504     29.739     9.1001 0.0000e+00
     20.927      0.067     7.5606     65.559    129.441  88.240079     1.5391      7.153   322.5954 1.2568e-01     3.1068     20.523     29.766     9.0986 0.0000e+00
     20.944      0.063     7.4887     64.934    129.558  88.316637     1.5295      7.152   322.6170 1.2565e-01     3.0943     20.541     29.792     9.0953 0.0000e+00
     20.957      0.060     7.4192     64.329    129.718  88.420337     1.5473      7.151   322.5521 1.2567e-01     3.0374     20.551     29.808     9.0896 0.0000e+00
     20.969      0.058     7.3501     63.724    129.811  88.474837     1.5879      7.149   322.4130 1.2570e-01     2.9686     20.562     29.823     9.0842 0.0000e+00
     20.984      0.055     7.2791     63.104    129.811  88.466061     1.6070      7.148   322.3117 1.2566e-01     2.9332     20.578     29.845     9.0826 0.0000e+00
     21.000      0.050     7.2079     62.483    129.783  88.441591     1.6140      7.146   322.3606 1.2567e-01     2.9147     20.594     29.869     9.0822 0.0000e+00
     21.016      0.045     7.1445     61.933    129.773  88.433745     1.6350      7.144   322.4014 1.2573e-01     2.8978     20.612     29.895     9.0804 0.0000e+00
     21.027      0.039     7.0890     61.453    129.864  88.498571     1.6503      7.143   322.2885 1.2574e-01     2.8815     20.622     29.911     9.0763 0.0000e+00
     21.034      0.033     7.0350     60.988    129.988  88.588490     1.6512      7.142   322.2010 1.2572e-01     2.8703     20.628     29.918     9.0721 0.0000e+00
     21.039      0.028     6.9876     60.579    130.042  88.629266     1.6548      7.141   322.2030 1.2569e-01     2.8843     20.632     29.925     9.0700 0.0000e+00
     21.044      0.024     6.9511     60.263    130.107  88.673140     1.6299      7.140   322.2262 1.2566e-01     2.9597     20.637     29.931     9.0695 0.0000e+00
     21.050      0.021     6.9236     60.022    130.113  88.673121     1.5702      7.138   322.1383 1.2565e-01     3.0803     20.643     29.940     9.0709 0.0000e+00
     21.057      0.019     6.9027     59.839    129.961  88.565344     1.5397      7.138   321.9153 1.2568e-01     3.1523     20.650     29.950     9.0737 0.0000e+00
     21.062      0.017     6.8869     59.702    129.796  88.452768     1.5372      7.137   321.7665 1.2567e-01     3.1583     20.655     29.958     9.0757 0.0000e+00
     21.066      0.014     6.8755     59.605    129.706  88.394719     1.4850      7.137   321.7152 1.2561e-01     3.1534     20.659     29.964     9.0754 0.0000e+00
     21.069      0.011     6.8662     59.529    129.568  88.309328     1.3866      7.137   321.7258 1.2555e-01     3.1543     20.662     29.967     9.0732 0.0000e+00
     21.070      0.009     6.8566     59.452    129.368  88.184611     1.3398      7.137   321.8081 1.2555e-01     3.1688     20.663     29.969     9.0714 0.0000e+00
     21.072      0.007     6.8485     59.391    129.216  88.096911     1.3506      7.137   321.8504 1.2559e-01     3.1767     20.664     29.971     9.0707 0.0000e+00
     21.073      0.006     6.8464     59.383    129.159  88.076935     1.3703      7.136   321.8065 1.2558e-01     3.2492     20.666     29.973     9.0720 0.0000e+00
     21.074      0.005     6.8527     59.448    129.121  88.070480     1.3940      7.135   321.7081 1.2562e-01     3.4346     20.667     29.975     9.0760 0.0000e+00
     21.075      0.005     6.8707     59.615    129.016  88.018892     1.4071      7.135   321.6067 1.2568e-01     3.5568     20.668     29.976     9.0802 0.0000e+00
     21.077      0.005     6.9017     59.895    128.906  87.962721     1.4005      7.135   321.5272 1.2567e-01     3.5972     20.670     29.979     9.0861 0.0000e+00
     21.079      0.005     6.9461     60.290    128.791  87.900856     1.3875      7.134   321.4348 1.2563e-01     3.6184     20.671     29.981     9.0945 0.0000e+00
     21.080      0.005     7.0056     60.814    128.595  87.780425     1.3608      7.133   321.3493 1.2568e-01     3.5992     20.672     29.982     9.1018 0.0000e+00
     21.081      0.005     7.0783     61.454    128.291  87.589332     1.3162      7.133   321.3552 1.2573e-01     3.5791     20.673     29.984     9.1092 0.0000e+00
     21.082      0.005     7.1577     62.156    127.941  87.373658     1.2898      7.133   321.4195 1.2571e-01     3.5583     20.674     29.985     9.1177 0.0000e+00
     21.083      0.006     7.2374     62.863    127.666  87.210783     1.2893      7.133   321.4389 1.2563e-01     3.5610     20.675     29.987     9.1240 0.0000e+00
     21.085      0.008     7.3187     63.583    127.543  87.148548     1.2916      7.132   321.4169 1.2561e-01     3.4902     20.677     29.989     9.1277 0.0000e+00
     21.086      0.009     7.4016     64.314    127.491  87.130698     1.2901      7.132   321.4124 1.2566e-01     3.2817     20.678     29.991     9.1334 0.0000e+00
     21.089      0.010     7.4836     65.035    127.363  87.058665     1.2800      7.133   321.3839 1.2562e-01     3.1458     20.681     29.996     9.1436 0.0000e+00
     21.092      0.010     7.5704     65.800    127.219  86.978167     1.2619      7.134   321.2450 1.2557e-01     3.0985     20.684     30.001     9.1542 0.0000e+00
     21.096      0.010     7.6688     66.670    127.104  86.921669     1.2270      7.134   321.1093 1.2562e-01     2.9237     20.687     30.005     9.1629 0.0000e+00
     21.098      0.010     7.7795     67.648    127.016  86.885061     1.1804      7.134   321.0328 1.2563e-01     2.6499     20.690     30.008     9.1694 0.0000e+00
     21.100      0.009     7.9000     68.710    127.031  86.917690     1.1576      7.135   321.0096 1.2558e-01     2.5036     20.692     30.012     9.1750 0.0000e+00
     21.102      0.009     8.0230     69.792    127.119  86.997774     1.1536      7.137   320.9999 1.2557e-01     2.4677     20.694     30.014     9.1813 0.0000e+00
     21.104      0.008     8.1393     70.812    127.234  87.089125     1.1509      7.138   320.9150 1.2563e-01     2.3989     20.696     30.017     9.1905 0.0000e+00
     21.106      0.008     8.2442     71.727    127.381  87.194295     1.1525      7.136   320.8441 1.2568e-01     2.3123     20.698     30.020     9.2009 0.0000e+00
     21.109      0.008     8.2935     72.157    127.462  87.250400     1.1541      7.135   320.8311 1.2569e-01     2.2748     20.701     30.025     9.2091 0.0000e+00
     21.111 -9.990e-29 -9.990e-29 -9.990e-29 -9.990e-29 -9.990e-29 -9.990e-29 -9.990e-29 -9.990e-29 1.2574e-01 -9.990e-29     20.703     30.027     9.2176 0.0000e+00
     21.111 -9.990e-29 -9.990e-29 -9.990e-29 -9.990e-29 -9.990e-29 -9.990e-29 -9.990e-29 -9.990e-29 1.2574e-01 -9.990e-29     20.703     30.027     9.2233 0.0000e+00
     21.112 -9.990e-29 -9.990e-29 -9.990e-29 -9.990e-29 -9.990e-29 -9.990e-29 -9.990e-29 -9.990e-29 1.2567e-01 -9.990e-29     20.704     30.030     9.2240 0.0000e+00
     21.113 -9.990e-29 -9.990e-29 -9.990e-29 -9.990e-29 -9.990e-29 -9.990e-29 -9.990e-29 -9.990e-29 1.2565e-01 -9.990e-29     20.706     30.032     9.2238 0.0000e+00
