Data/DataNotYetUploadedToEDI/Raw_CTD/RawDownloads/051618_ccr50.cnv
* Sea-Bird SBE19plus  Data File:
* FileName = C:\DATA\051618_ccr_0002.hex
* Software version 2.6.3.104 SB_Terminal.dll
* Temperature SN = 7809
* Conductivity SN = 7809
* System UpLoad Time = May 16 2018 12:32:26
* <ApplicationData>
* <Seaterm232>
# nquan = 15
# nvalues = 1507                        
# units = specified
# name 0 = depFM: Depth [fresh water, m]
# name 1 = dz/dtM: Descent Rate [m/s]
# name 2 = sbeox0Mg/L: Oxygen, SBE 43 [mg/l]
# name 3 = sbeox0PS: Oxygen, SBE 43 [% saturation]
# name 4 = specc: Specific Conductance [uS/cm]
# name 5 = c0uS/cm: Conductivity [uS/cm]
# name 6 = flECO-AFL: Fluorescence, WET Labs ECO-AFL/FL [mg/m^3]
# name 7 = ph: pH
# name 8 = orp: Oxidation Reduction Potential [mV]
# name 9 = par/sat/log: PAR/Logarithmic, Satlantic
# name 10 = turbWETntu0: Turbidity, WET Labs ECO [NTU]
# name 11 = prdM: Pressure, Strain Gauge [db]
# name 12 = prdE: Pressure, Strain Gauge [psi]
# name 13 = tv290C: Temperature [ITS-90, deg C]
# name 14 = flag:  0.000e+00
# span 0 =     -0.412,     21.113       
# span 1 =     -0.012,      0.172       
# span 2 =     5.0364,    10.9618       
# span 3 =     58.535,    111.617       
# span 4 =      0.609,    130.113       
# span 5 =   0.565311, 108.340027       
# span 6 =    -0.2001,     2.7387       
# span 7 =      6.081,      8.025       
# span 8 = -1240.7455,   323.4784       
# span 9 = 1.2548e-01, 2.2425e+02       
# span 10 =    -0.2460,    34.3919      
# span 11 =     -0.404,     20.706      
# span 12 =     -0.586,     30.032      
# span 13 =     9.0695,    23.2236      
# span 14 = 0.0000e+00, 0.0000e+00      
# interval = seconds: 0.25
# start_time = May 16 2018 14:22:38 [Instrument's time stamp, header]
# bad_flag = -9.990e-29
*END*
[from data line 97]
      0.309      0.013     6.4759     75.630    111.205 106.939954     1.6094      7.880   234.3644 1.0656e+02     0.6572      0.306      0.443    23.0923 0.0000e+00
      0.312      0.008     6.4279     75.065    111.195 106.923786     1.6128      7.883   234.3968 1.0654e+02     0.6532      0.308      0.448    23.0900 0.0000e+00
      0.311      0.003     6.3781     74.480    111.173 106.896711     1.6101      7.885   234.7423 1.0687e+02     0.6303      0.305      0.442    23.0854 0.0000e+00
      0.306      0.000     6.3285     73.896    111.149 106.867565     1.6044      7.889   235.2728 1.0718e+02     0.6246      0.300      0.435    23.0804 0.0000e+00
      0.303      0.000     6.2825     73.354    111.112 106.826350     1.6086      7.893   235.8198 1.0718e+02     0.6152      0.297      0.430    23.0765 0.0000e+00
      0.303      0.001     6.2397     72.850    111.071 106.780856     1.6332      7.897   236.1948 1.0704e+02     0.5780      0.296      0.429    23.0737 0.0000e+00
      0.306      0.004     6.1984     72.365    111.059 106.763714     1.6633      7.899   236.4507 1.0694e+02     0.5406      0.300      0.435    23.0711 0.0000e+00
      0.310      0.005     6.1595     71.908    111.047 106.746574     1.6784      7.901   236.7628 1.0673e+02     0.5295      0.305      0.442    23.0685 0.0000e+00
      0.313      0.004     6.1233     71.483    111.004 106.701100     1.6777      7.901   237.0433 1.0643e+02     0.5043      0.307      0.445    23.0657 0.0000e+00
      0.314      0.002     6.0905     71.098    110.965 106.660096     1.6543      7.901   237.1753 1.0653e+02     0.5103      0.308      0.446    23.0628 0.0000e+00
      0.314     -0.001     6.0617     70.760    110.942 106.633275     1.6157      7.901   237.2407 1.0673e+02     0.5722      0.309      0.448    23.0604 0.0000e+00
      0.312     -0.003     6.0329     70.421    110.945 106.631776     1.5969      7.902   237.4034 1.0671e+02     0.6113      0.306      0.444    23.0582 0.0000e+00
      0.309     -0.005     6.0035     70.075    110.961 106.641966     1.6029      7.904   237.7659 1.0677e+02     0.6473      0.303      0.439    23.0564 0.0000e+00
      0.307     -0.005     5.9756     69.746    110.952 106.628996     1.6231      7.906   238.2675 1.0681e+02     0.6722      0.301      0.437    23.0548 0.0000e+00
      0.307     -0.005     5.9461     69.398    110.931 106.602434     1.6572      7.906   238.6504 1.0682e+02     0.6381      0.301      0.437    23.0527 0.0000e+00
      0.306     -0.004     5.9171     69.055    110.911 106.575775     1.6848      7.904   238.7818 1.0694e+02     0.6007      0.301      0.437    23.0508 0.0000e+00
      0.305     -0.002     5.8908     68.742    110.906 106.561638     1.6901      7.900   238.9100 1.0703e+02     0.6169      0.299      0.434    23.0487 0.0000e+00
      0.304      0.000     5.8648     68.433    110.913 106.558977     1.6847      7.895   239.1682 1.0684e+02     0.6511      0.298      0.432    23.0465 0.0000e+00
      0.304      0.001     5.8400     68.138    110.907 106.543584     1.6748      7.892   239.4085 1.0646e+02     0.6472      0.298      0.432    23.0439 0.0000e+00
      0.305      0.001     5.8164     67.858    110.873 106.503009     1.6618      7.890   239.5782 1.0645e+02     0.6310      0.299      0.433    23.0400 0.0000e+00
      0.307      0.001     5.7931     67.583    110.826 106.450845     1.6565      7.888   239.5853 1.0679e+02     0.6387      0.301      0.436    23.0357 0.0000e+00
      0.308     -0.000     5.7704     67.313    110.805 106.422821     1.6473      7.886   239.4086 1.0694e+02     0.6490      0.302      0.438    23.0316 0.0000e+00
      0.308     -0.003     5.7486     67.053    110.811 106.419135     1.6242      7.885   239.2491 1.0681e+02     0.6642      0.303      0.440    23.0275 0.0000e+00
      0.307     -0.005     5.7266     66.789    110.811 106.406261     1.6162      7.887   239.1181 1.0689e+02     0.7002      0.303      0.439    23.0237 0.0000e+00
      0.305     -0.005     5.7047     66.526    110.812 106.394641     1.6237      7.891   239.0297 1.0707e+02     0.7181      0.299      0.434    23.0205 0.0000e+00
      0.301     -0.003     5.6854     66.295    110.836 106.406114     1.6228      7.896   239.0406 1.0695e+02     0.6971      0.295      0.427    23.0175 0.0000e+00
      0.298      0.000     5.6679     66.085    110.858 106.417470     1.6243      7.900   239.0782 1.0683e+02     0.6599      0.292      0.422    23.0129 0.0000e+00
      0.298      0.004     5.6504     65.877    110.853 106.404436     1.6234      7.904   239.2262 1.0662e+02     0.6345      0.291      0.423    23.0070 0.0000e+00
      0.302      0.009     5.6334     65.674    110.833 106.376002     1.6114      7.907   239.5400 1.0617e+02     0.6343      0.295      0.429    23.0012 0.0000e+00
      0.307      0.013     5.6177     65.487    110.792 106.328652     1.6086      7.907   239.8610 1.0572e+02     0.5959      0.301      0.436    22.9959 0.0000e+00
      0.311      0.014     5.6031     65.312    110.747 106.278123     1.6261      7.907   240.0087 1.0520e+02     0.5068      0.305      0.443    22.9916 0.0000e+00
      0.315      0.012     5.5881     65.133    110.751 106.275006     1.6575      7.907   239.9500 1.0477e+02     0.4416      0.309      0.448    22.9876 0.0000e+00
      0.319      0.008     5.5721     64.942    110.776 106.290949     1.6763      7.905   239.8397 1.0450e+02     0.4182      0.313      0.454    22.9838 0.0000e+00
      0.321      0.003     5.5558     64.748    110.772 106.279651     1.6782      7.904   239.7934 1.0460e+02     0.4063      0.317      0.459    22.9801 0.0000e+00
      0.321     -0.001     5.5393     64.551    110.765 106.265881     1.6622      7.905   239.7342 1.0488e+02     0.4511      0.316      0.457    22.9767 0.0000e+00
      0.319     -0.005     5.5212     64.336    110.760 106.251940     1.6389      7.906   239.7253 1.0498e+02     0.5631      0.313      0.454    22.9736 0.0000e+00
      0.315     -0.006     5.5021     64.108    110.755 106.238560     1.6269      7.906   239.8578 1.0539e+02     0.6305      0.309      0.448    22.9703 0.0000e+00
      0.313     -0.005     5.4830     63.881    110.757 106.231590     1.6086      7.907   240.0468 1.0553e+02     0.6561      0.306      0.443    22.9670 0.0000e+00
      0.311     -0.004     5.4641     63.657    110.767 106.231389     1.6294      7.909   240.3748 1.0537e+02     0.6893      0.305      0.442    22.9636 0.0000e+00
      0.311     -0.001     5.4466     63.447    110.781 106.236117     1.7037      7.910   240.8989 1.0553e+02     0.6959      0.304      0.441    22.9599 0.0000e+00
      0.312      0.001     5.4311     63.261    110.778 106.224996     1.7441      7.911   241.3929 1.0548e+02     0.6758      0.306      0.442    22.9557 0.0000e+00
      0.314      0.002     5.4151     63.070    110.786 106.224403     1.7406      7.911   241.6158 1.0532e+02     0.6602      0.308      0.447    22.9513 0.0000e+00
      0.314      0.002     5.3986     62.874    110.799 106.228934     1.7071      7.911   241.6154 1.0515e+02     0.6590      0.309      0.448    22.9471 0.0000e+00
      0.314      0.001     5.3847     62.709    110.794 106.216029     1.6432      7.912   241.6463 1.0497e+02     0.6611      0.308      0.447    22.9431 0.0000e+00
      0.314     -0.001     5.3721     62.558    110.781 106.195844     1.6114      7.913   241.6450 1.0512e+02     0.6559      0.308      0.447    22.9393 0.0000e+00
      0.314     -0.003     5.3580     62.389    110.767 106.176097     1.6165      7.912   241.5140 1.0542e+02     0.6261      0.308      0.447    22.9357 0.0000e+00
      0.313     -0.005     5.3433     62.215    110.767 106.168489     1.6312      7.910   241.5249 1.0555e+02     0.5756      0.308      0.446    22.9321 0.0000e+00
      0.312     -0.006     5.3291     62.046    110.774 106.167599     1.6598      7.907   241.6911 1.0562e+02     0.5641      0.305      0.444    22.9286 0.0000e+00
      0.309     -0.006     5.3146     61.873    110.781 106.165324     1.6773      7.902   241.8031 1.0580e+02     0.6091      0.303      0.440    22.9251 0.0000e+00
      0.306     -0.005     5.3011     61.710    110.765 106.140973     1.6778      7.896   241.9322 1.0606e+02     0.6626      0.301      0.436    22.9219 0.0000e+00
      0.304     -0.002     5.2901     61.578    110.760 106.128128     1.6929      7.890   242.1328 1.0627e+02     0.6913      0.298      0.433    22.9187 0.0000e+00
      0.304      0.002     5.2811     61.469    110.778 106.137497     1.7220      7.884   242.3363 1.0633e+02     0.6809      0.297      0.431    22.9153 0.0000e+00
      0.305      0.006     5.2736     61.378    110.774 106.126752     1.7362      7.882   242.5855 1.0612e+02     0.6590      0.299      0.434    22.9116 0.0000e+00
      0.308      0.010     5.2687     61.318    110.779 106.125679     1.7358      7.882   242.8235 1.0571e+02     0.6411      0.302      0.438    22.9075 0.0000e+00
      0.312      0.011     5.2659     61.283    110.784 106.124519     1.7177      7.884   242.8909 1.0527e+02     0.6173      0.306      0.444    22.9036 0.0000e+00
      0.317      0.010     5.2603     61.214    110.777 106.112720     1.6832      7.886   242.7981 1.0479e+02     0.6152      0.311      0.451    22.9002 0.0000e+00
      0.321      0.008     5.2490     61.081    110.781 106.110499     1.6671      7.887   242.6478 1.0453e+02     0.6454      0.316      0.457    22.8970 0.0000e+00
      0.323      0.004     5.2370     60.937    110.773 106.097654     1.6696      7.888   242.4502 1.0445e+02     0.6777      0.318      0.461    22.8941 0.0000e+00
      0.323     -0.001     5.2256     60.802    110.765 106.084897     1.6680      7.888   242.3020 1.0443e+02     0.6701      0.318      0.461    22.8917 0.0000e+00
      0.321     -0.005     5.2127     60.648    110.770 106.083728     1.6656      7.888   242.4038 1.0472e+02     0.6455      0.316      0.458    22.8891 0.0000e+00
      0.318     -0.007     5.1992     60.488    110.777 106.083518     1.6682      7.889   242.6492 1.0505e+02     0.6549      0.313      0.452    22.8867 0.0000e+00
      0.315     -0.007     5.1870     60.343    110.783 106.082350     1.6721      7.892   242.8599 1.0532e+02     0.6617      0.308      0.448    22.8845 0.0000e+00
      0.313     -0.006     5.1751     60.201    110.777 106.069592     1.6765      7.894   242.9728 1.0564e+02     0.6355      0.306      0.444    22.8821 0.0000e+00
      0.312     -0.003     5.1631     60.056    110.771 106.056739     1.6934      7.898   243.0671 1.0572e+02     0.6127      0.305      0.442    22.8793 0.0000e+00
      0.312      0.000     5.1521     59.925    110.776 106.054421     1.7206      7.902   243.3121 1.0572e+02     0.6306      0.305      0.443    22.8763 0.0000e+00
      0.313      0.002     5.1423     59.807    110.769 106.041558     1.7301      7.905   243.5258 1.0560e+02     0.6682      0.307      0.445    22.8732 0.0000e+00
      0.314      0.002     5.1331     59.697    110.763 106.028697     1.7252      7.907   243.5861 1.0524e+02     0.6708      0.308      0.447    22.8698 0.0000e+00
      0.316      0.001     5.1246     59.597    110.767 106.026388     1.7158      7.908   243.6110 1.0522e+02     0.6633      0.310      0.449    22.8665 0.0000e+00
      0.316     -0.001     5.1160     59.494    110.759 106.013641     1.6990      7.908   243.5681 1.0526e+02     0.6678      0.311      0.451    22.8633 0.0000e+00
      0.315     -0.003     5.1075     59.392    110.754 106.002042     1.6877      7.909   243.4975 1.0522e+02     0.6646      0.310      0.449    22.8602 0.0000e+00
      0.313     -0.005     5.1002     59.303    110.773 106.013632     1.6902      7.911   243.5321 1.0558e+02     0.6857      0.307      0.446    22.8574 0.0000e+00
      0.311     -0.005     5.0927     59.212    110.793 106.026277     1.7200      7.914   243.6423 1.0597e+02     0.7093      0.305      0.443    22.8546 0.0000e+00
      0.309     -0.004     5.0843     59.111    110.801 106.027428     1.7714      7.916   243.7117 1.0576e+02     0.6746      0.303      0.439    22.8523 0.0000e+00
      0.307     -0.003     5.0768     59.020    110.808 106.027534     1.7979      7.916   243.7683 1.0527e+02     0.6631      0.301      0.437    22.8496 0.0000e+00
      0.307     -0.001     5.0708     58.948    110.815 106.027555     1.8009      7.917   243.9823 1.0522e+02     0.6930      0.301      0.437    22.8462 0.0000e+00
      0.307      0.001     5.0650     58.878    110.821 106.027680     1.8263      7.917   244.3204 1.0521e+02     0.6694      0.302      0.437    22.8432 0.0000e+00
      0.308      0.003     5.0580     58.792    110.828 106.029038     1.8653      7.917   244.6739 1.0494e+02     0.6523      0.302      0.438    22.8401 0.0000e+00
      0.310      0.004     5.0499     58.696    110.849 106.043962     1.8774      7.917   244.9000 1.0486e+02     0.6696      0.305      0.441    22.8373 0.0000e+00
      0.312      0.005     5.0423     58.604    110.893 106.080633     1.8716      7.917   244.9039 1.0517e+02     0.6650      0.306      0.443    22.8346 0.0000e+00
      0.313      0.005     5.0364     58.535    111.173 106.344925     1.8695      7.917   244.8921 1.0547e+02     0.6571      0.306      0.444    22.8318 0.0000e+00
      0.314      0.005     5.0405     58.595    111.774 106.944665     1.8612      7.916   245.0165 1.0541e+02     0.6657      0.308      0.446    22.8293 0.0000e+00
      0.315      0.004     5.1088     59.446    112.206 107.467473     1.8534      7.915   245.2037 1.0506e+02     0.6780      0.309      0.448    22.8271 0.0000e+00
      0.316      0.004     5.3662     62.552    112.234 107.694090     1.8583      7.912   245.3480 1.0473e+02     0.6532      0.310      0.449    22.8240 0.0000e+00
      0.317      0.003     5.8861     68.734    112.099 107.772520     1.8472      7.908   245.3841 1.0473e+02     0.6104      0.311      0.450    22.8218 0.0000e+00
      0.318      0.001     6.5879     77.021    111.953 107.778585     1.8110      7.904   245.2969 1.0509e+02     0.6177      0.312      0.452    22.8192 0.0000e+00
      0.318     -0.001     7.3477     85.964    111.853 107.767639     1.7971      7.903   245.2396 1.0528e+02     0.6504      0.313      0.454    22.8619 0.0000e+00
      0.318     -0.003     8.0687     94.434    111.804 107.767787     1.8076      7.903   245.2944 1.0505e+02     0.6704      0.312      0.453    22.9735 0.0000e+00
      0.317     -0.005     8.6768    101.572    111.789 107.780441     1.8089      7.903   245.3571 1.0491e+02     0.6749      0.311      0.451    23.0776 0.0000e+00
      0.315     -0.007     9.1330    106.925    111.787 107.793172     1.8041      7.902   245.3954 1.0499e+02     0.6439      0.309      0.448    23.1395 0.0000e+00
      0.313     -0.007     9.4072    110.143    111.780 107.794233     1.7958      7.901   245.4124 1.0525e+02     0.6018      0.307      0.445    23.1740 0.0000e+00
      0.310     -0.006     9.4999    111.233    111.775 107.793293     1.7909      7.902   245.4765 1.0536e+02     0.5929      0.304      0.440    23.1920 0.0000e+00
      0.308     -0.005     9.4576    110.739    111.761 107.781806     1.8090      7.904   245.6542 1.0536e+02     0.6281      0.301      0.436    23.2031 0.0000e+00
      0.307     -0.003     9.3412    109.377    111.760 107.782851     1.8403      7.907   245.7545 1.0554e+02     0.6605      0.301      0.436    23.2090 0.0000e+00
      0.307     -0.002     9.2005    107.731    111.781 107.805926     1.8659      7.908   245.7431 1.0562e+02     0.6792      0.301      0.436    23.2122 0.0000e+00
      0.307     -0.000     9.0631    106.124    111.780 107.805820     1.8800      7.909   245.8610 1.0555e+02     0.7023      0.301      0.437    23.2135 0.0000e+00
