Data/DataNotYetUploadedToEDI/Raw_CTD/RawDownloads/051618_ccr50.cnv
* Sea-Bird SBE19plus  Data File:
* FileName = C:\DATA\051618_ccr_0002.hex
* Software version 2.6.3.104 SB_Terminal.dll
* Temperature SN = 7809
* Conductivity SN = 7809
* System UpLoad Time = May 16 2018 12:32:26
* <ApplicationData>
* <Seaterm232>
# nquan = 15
# nvalues = 1507                        
# units = specified
# name 0 = depFM: Depth [fresh water, m]
# name 1 = dz/dtM: Descent Rate [m/s]
# name 2 = sbeox0Mg/L: Oxygen, SBE 43 [mg/l]
# name 3 = sbeox0PS: Oxygen, SBE 43 [% saturation]
# name 4 = specc: Specific Conductance [uS/cm]
# name 5 = c0uS/cm: Conductivity [uS/cm]
# name 6 = flECO-AFL: Fluorescence, WET Labs ECO-AFL/FL [mg/m^3]
# name 7 = ph: pH
# name 8 = orp: Oxidation Reduction Potential [mV]
# name 9 = par/sat/log: PAR/Logarithmic, Satlantic
# name 10 = turbWETntu0: Turbidity, WET Labs ECO [NTU]
# name 11 = prdM: Pressure, Strain Gauge [db]
# name 12 = prdE: Pressure, Strain Gauge [psi]
# name 13 = tv290C: Temperature [ITS-90, deg C]
# name 14 = flag:  0.000e+00
# span 0 =     -0.412,     21.113       
# span 1 =     -0.012,      0.172       
# span 2 =     5.0364,    10.9618       
# span 3 =     58.535,    111.617       
# span 4 =      0.609,    130.113       
# span 5 =   0.565311, 108.340027       
# span 6 =    -0.2001,     2.7387       
# span 7 =      6.081,      8.025       
# span 8 = -1240.7455,   323.4784       
# span 9 = 1.2548e-01, 2.2425e+02       
# span 10 =    -0.2460,    34.3919      
# span 11 =     -0.404,     20.706      
# span 12 =     -0.586,     30.032      
# span 13 =     9.0695,    23.2236      
# span 14 = 0.0000e+00, 0.0000e+00      
# interval = seconds: 0.25
# start_time = May 16 2018 14:22:38 [Instrument's time stamp, header]
# bad_flag = -9.990e-29
*END*
[from data line 1061]
     12.204      0.077    10.3595     90.896    124.117  85.839777     1.4054      7.237   315.2865 1.2566e-01     1.9370     11.966     17.355     9.5915 0.0000e+00
     12.230      0.079    10.3533     90.837    124.116  85.834637     1.4085      7.237   315.2175 1.2596e-01     1.9861     11.993     17.393     9.5881 0.0000e+00
     12.257      0.078    10.3444     90.756    124.128  85.840012     1.4141      7.237   315.1626 1.2915e-01     2.0177     12.022     17.436     9.5840 0.0000e+00
     12.277      0.077    10.3360     90.681    124.132  85.841075     1.4183      7.237   315.3107 1.3275e-01     1.9846     12.044     17.468     9.5804 0.0000e+00
     12.290      0.076    10.3291     90.618    124.147  85.847491     1.4036      7.237   315.4599 1.3053e-01     1.9206     12.052     17.480     9.5776 0.0000e+00
     12.303      0.073    10.3273     90.597    124.163  85.853898     1.3739      7.237   315.5036 1.2673e-01     1.8542     12.061     17.493     9.5759 0.0000e+00
     12.321      0.068    10.3333     90.645    124.172  85.854857     1.3627      7.237   315.5814 1.2572e-01     1.8231     12.081     17.522     9.5747 0.0000e+00
     12.345      0.063    10.3437     90.734    124.182  85.859074     1.3600      7.237   315.6260 1.2562e-01     1.8493     12.107     17.559     9.5741 0.0000e+00
     12.368      0.057    10.3542     90.825    124.157  85.841204     1.3411      7.237   315.6131 1.2562e-01     1.8965     12.133     17.597     9.5731 0.0000e+00
     12.383      0.048    10.3658     90.930    124.137  85.829836     1.3186      7.237   315.6836 1.2564e-01     1.9368     12.147     17.617     9.5705 0.0000e+00
     12.389      0.037    10.3797     91.056    124.157  85.848987     1.2987      7.237   315.7901 1.2565e-01     1.9695     12.150     17.622     9.5683 0.0000e+00
     12.393      0.028    10.3936     91.185    124.193  85.881718     1.2846      7.238   315.7813 1.2556e-01     1.9567     12.152     17.625     9.5673 0.0000e+00
     12.396      0.025    10.4072     91.315    124.212  85.907181     1.2860      7.238   315.7493 1.2549e-01     1.9034     12.156     17.631     9.5666 0.0000e+00
     12.400      0.027    10.4219     91.459    124.180  85.902129     1.2885      7.237   315.8333 1.2555e-01     1.8743     12.160     17.637     9.5675 0.0000e+00
     12.404      0.031    10.4364     91.601    124.132  85.884344     1.2860      7.236   315.9372 1.2561e-01     1.8799     12.163     17.640     9.5703 0.0000e+00
     12.414      0.035    10.4509     91.736    124.115  85.883204     1.2837      7.237   315.9733 1.2558e-01     1.8804     12.172     17.654     9.5728 0.0000e+00
     12.429      0.037    10.4638     91.854    124.115  85.888358     1.2701      7.237   315.9255 1.2560e-01     1.8800     12.189     17.680     9.5775 0.0000e+00
     12.442      0.040    10.4708     91.919    124.103  85.882976     1.2504      7.237   315.9617 1.2575e-01     1.9054     12.204     17.700     9.5860 0.0000e+00
     12.450      0.042    10.4724     91.935    124.098  85.881826     1.2393      7.239   316.0667 1.2583e-01     1.9435     12.209     17.709     9.5927 0.0000e+00
     12.456      0.044    10.4708     91.918    124.091  85.874453     1.2268      7.240   315.9903 1.2578e-01     1.9744     12.214     17.716     9.5965 0.0000e+00
     12.466      0.044    10.4635     91.844    124.082  85.857503     1.2194      7.239   315.8989 1.2570e-01     1.9741     12.223     17.728     9.5983 0.0000e+00
     12.480      0.043    10.4506     91.720    124.115  85.867924     1.2510      7.238   315.9081 1.2567e-01     1.9391     12.237     17.748     9.5989 0.0000e+00
     12.495      0.042    10.4358     91.585    124.132  85.873078     1.3140      7.238   315.9289 1.2570e-01     1.9176     12.256     17.775     9.6008 0.0000e+00
     12.509      0.041    10.4193     91.437    124.111  85.856118     1.3567      7.239   315.9789 1.2571e-01     1.9280     12.269     17.795     9.6008 0.0000e+00
     12.518      0.038    10.4048     91.308    124.110  85.853917     1.3626      7.239   315.9955 1.2562e-01     1.9427     12.277     17.806     9.5948 0.0000e+00
     12.523      0.033    10.3987     91.251    124.105  85.846459     1.3491      7.239   315.9583 1.2553e-01     2.0034     12.280     17.811     9.5886 0.0000e+00
     12.529      0.028    10.3971     91.233    124.089  85.829615     1.3406      7.239   315.8732 1.2558e-01     2.1133     12.286     17.820     9.5863 0.0000e+00
     12.537      0.024    10.3953     91.213    124.113  85.841307     1.3517      7.238   315.8275 1.2564e-01     2.1726     12.295     17.833     9.5860 0.0000e+00
     12.544      0.022    10.3973     91.229    124.144  85.860459     1.3642      7.238   315.9215 1.2562e-01     2.1404     12.303     17.844     9.5854 0.0000e+00
     12.550      0.019    10.4048     91.297    124.155  85.870129     1.3350      7.238   316.0625 1.2555e-01     2.0297     12.308     17.852     9.5839 0.0000e+00
     12.554      0.015    10.4143     91.385    124.182  85.894549     1.2743      7.237   316.2424 1.2552e-01     1.9323     12.312     17.856     9.5816 0.0000e+00
     12.556      0.014    10.4238     91.475    124.181  85.900981     1.2457      7.237   316.3758 1.2557e-01     1.9390     12.314     17.859     9.5792 0.0000e+00
     12.559      0.016    10.4317     91.551    124.145  85.884231     1.2374      7.238   316.2978 1.2565e-01     1.9580     12.317     17.864     9.5782 0.0000e+00
     12.561      0.021    10.4384     91.615    124.134  85.883082     1.2387      7.238   316.2463 1.2567e-01     1.9488     12.319     17.867     9.5790 0.0000e+00
     12.563      0.030    10.4453     91.678    124.138  85.887096     1.2611      7.238   316.4413 1.2570e-01     1.9506     12.318     17.866     9.5817 0.0000e+00
     12.570      0.041    10.4463     91.685    124.114  85.869075     1.2785      7.238   316.5909 1.2569e-01     1.9488     12.325     17.875     9.5845 0.0000e+00
     12.584      0.052    10.4411     91.636    124.100  85.856244     1.2837      7.237   316.5922 1.2560e-01     1.9571     12.340     17.897     9.5878 0.0000e+00
     12.602      0.062    10.4404     91.621    124.119  85.859310     1.2691      7.237   316.7153 1.2554e-01     1.9600     12.357     17.922     9.5917 0.0000e+00
     12.622      0.069    10.4432     91.632    124.117  85.842456     1.2403      7.236   316.8751 1.2554e-01     1.9525     12.377     17.951     9.5915 0.0000e+00
     12.642      0.073    10.4383     91.577    124.138  85.843492     1.2195      7.235   316.8898 1.2558e-01     1.9584     12.398     17.982     9.5901 0.0000e+00
     12.661      0.075    10.4254     91.457    124.190  85.871822     1.2109      7.233   316.8923 1.2563e-01     1.9697     12.417     18.010     9.5904 0.0000e+00
     12.680      0.076    10.4127     91.341    124.190  85.866565     1.2288      7.232   316.9913 1.2563e-01     1.9673     12.435     18.035     9.5866 0.0000e+00
     12.697      0.078    10.4052     91.273    124.162  85.843610     1.2608      7.231   317.1408 1.2557e-01     1.9593     12.452     18.060     9.5782 0.0000e+00
     12.715      0.078    10.4026     91.246    124.175  85.848991     1.2749      7.230   317.2373 1.2558e-01     1.9651     12.468     18.083     9.5729 0.0000e+00
     12.736      0.078    10.3989     91.211    124.206  85.867944     1.2809      7.229   317.2121 1.2565e-01     1.9773     12.487     18.111     9.5703 0.0000e+00
     12.760      0.078    10.3929     91.159    124.226  85.881715     1.2503      7.229   317.1797 1.2565e-01     1.9536     12.514     18.150     9.5678 0.0000e+00
     12.783      0.078    10.3894     91.132    124.230  85.888129     1.1810      7.229   317.1900 1.2560e-01     1.8917     12.538     18.185     9.5670 0.0000e+00
     12.801      0.079    10.3895     91.137    124.214  85.881817     1.1413      7.228   317.1645 1.2562e-01     1.8703     12.555     18.208     9.5655 0.0000e+00
     12.816      0.079    10.3899     91.142    124.192  85.869091     1.1375      7.228   317.1297 1.2563e-01     1.9087     12.566     18.225     9.5637 0.0000e+00
     12.833      0.079    10.3883     91.127    124.185  85.861623     1.1630      7.228   317.1135 1.2563e-01     2.0195     12.583     18.250     9.5639 0.0000e+00
     12.856      0.079    10.3847     91.091    124.181  85.855199     1.2017      7.228   317.1407 1.2563e-01     2.1416     12.606     18.284     9.5656 0.0000e+00
     12.881      0.079    10.3820     91.066    124.184  85.855094     1.2192      7.229   317.2863 1.2561e-01     2.1649     12.634     18.324     9.5686 0.0000e+00
     12.904      0.079    10.3830     91.075    124.190  85.860352     1.2280      7.229   317.4104 1.2562e-01     2.1489     12.657     18.358     9.5699 0.0000e+00
     12.921      0.078    10.3860     91.104    124.179  85.855083     1.2340      7.228   317.4369 1.2562e-01     2.1622     12.672     18.379     9.5679 0.0000e+00
     12.937      0.077    10.3889     91.131    124.175  85.855073     1.2455      7.228   317.5207 1.2563e-01     2.1726     12.685     18.397     9.5659 0.0000e+00
     12.955      0.080    10.3915     91.156    124.181  85.860235     1.2659      7.228   317.5633 1.2565e-01     2.1524     12.703     18.424     9.5653 0.0000e+00
     12.976      0.086    10.3927     91.165    124.172  85.853810     1.2788      7.227   317.5214 1.2562e-01     2.1324     12.726     18.458     9.5656 0.0000e+00
     12.998      0.092    10.3904     91.144    124.156  85.841074     1.2919      7.226   317.5306 1.2561e-01     2.1133     12.746     18.486     9.5668 0.0000e+00
     13.022      0.093    10.3839     91.085    124.148  85.833606     1.3141      7.226   317.5881 1.2561e-01     2.1048     12.767     18.518     9.5682 0.0000e+00
     13.052      0.089    10.3744     91.001    124.140  85.827191     1.3445      7.227   317.6151 1.2564e-01     2.1210     12.800     18.564     9.5685 0.0000e+00
     13.081      0.079    10.3642     90.913    124.139  85.827191     1.3654      7.228   317.5983 1.2564e-01     2.1258     12.832     18.611     9.5683 0.0000e+00
     13.101      0.068    10.3546     90.829    124.146  85.833606     1.3638      7.228   317.5574 1.2562e-01     2.1325     12.850     18.639     9.5676 0.0000e+00
     13.114      0.057    10.3482     90.774    124.156  85.841083     1.3345      7.228   317.5507 1.2568e-01     2.1405     12.861     18.654     9.5667 0.0000e+00
     13.122      0.048    10.3445     90.742    124.174  85.853915     1.2960      7.228   317.5176 1.2570e-01     2.1320     12.870     18.666     9.5662 0.0000e+00
     13.128      0.046    10.3429     90.729    124.184  85.861385     1.2848      7.228   317.4142 1.2562e-01     2.1510     12.874     18.672     9.5665 0.0000e+00
     13.135      0.051    10.3457     90.753    124.192  85.867711     1.2826      7.228   317.4196 1.2562e-01     2.1872     12.878     18.679     9.5674 0.0000e+00
     13.147      0.058    10.3507     90.797    124.192  85.866725     1.2783      7.227   317.4970 1.2566e-01     2.1729     12.891     18.697     9.5679 0.0000e+00
     13.165      0.064    10.3564     90.843    124.174  85.849453     1.2874      7.226   317.5764 1.2565e-01     2.1313     12.908     18.721     9.5677 0.0000e+00
     13.189      0.068    10.3601     90.872    124.179  85.849923     1.3018      7.225   317.6914 1.2565e-01     2.1105     12.934     18.759     9.5681 0.0000e+00
     13.214      0.070    10.3594     90.864    124.215  85.872412     1.3050      7.225   317.7688 1.2565e-01     2.1055     12.962     18.800     9.5687 0.0000e+00
     13.231      0.074    10.3585     90.851    124.216  85.866625     1.2977      7.225   317.7383 1.2564e-01     2.0699     12.977     18.821     9.5684 0.0000e+00
     13.242      0.079    10.3600     90.852    124.201  85.843622     1.2874      7.224   317.6667 1.2565e-01     1.9854     12.985     18.833     9.5658 0.0000e+00
     13.255      0.085    10.3640     90.874    124.232  85.849000     1.2810      7.223   317.6764 1.2565e-01     1.9381     12.995     18.849     9.5640 0.0000e+00
     13.276      0.093    10.3722     90.934    124.279  85.867954     1.2859      7.223   317.7698 1.2565e-01     1.9563     13.014     18.876     9.5646 0.0000e+00
     13.306      0.099    10.3857     91.043    124.314  85.881725     1.2543      7.222   317.8503 1.2565e-01     1.9618     13.046     18.922     9.5625 0.0000e+00
     13.341      0.104    10.4017     91.178    124.333  85.888132     1.1657      7.222   317.9613 1.2567e-01     1.9429     13.084     18.977     9.5562 0.0000e+00
     13.374      0.106    10.4204     91.338    124.331  85.881725     1.0964      7.222   318.0784 1.2566e-01     1.9414     13.119     19.028     9.5493 0.0000e+00
     13.399      0.103    10.4417     91.519    124.318  85.867936     1.0869      7.221   318.0614 1.2563e-01     1.9437     13.143     19.063     9.5435 0.0000e+00
     13.419      0.097    10.4580     91.659    124.297  85.848766     1.1252      7.220   318.0148 1.2563e-01     1.9711     13.157     19.083     9.5395 0.0000e+00
     13.439      0.092    10.4639     91.708    124.290  85.840994     1.1823      7.220   318.0313 1.2566e-01     2.0588     13.176     19.112     9.5372 0.0000e+00
     13.464      0.089    10.4523     91.604    124.288  85.837634     1.2170      7.220   318.0885 1.2567e-01     2.1189     13.205     19.152     9.5354 0.0000e+00
     13.489      0.088    10.4141     91.269    124.246  85.808146     1.2318      7.221   318.1036 1.2564e-01     2.1177     13.230     19.187     9.5332 0.0000e+00
     13.512      0.088    10.3497     90.704    124.239  85.802869     1.2415      7.221   318.1290 1.2564e-01     2.1060     13.251     19.218     9.5313 0.0000e+00
     13.534      0.089    10.2656     89.966    124.290  85.837509     1.2511      7.220   318.2233 1.2568e-01     2.0381     13.272     19.250     9.5300 0.0000e+00
     13.554      0.092    10.1660     89.093    124.302  85.844873     1.2656      7.220   318.2965 1.2568e-01     1.9372     13.292     19.278     9.5294 0.0000e+00
     13.574      0.096    10.0594     88.158    124.279  85.828218     1.2888      7.220   318.3256 1.2565e-01     1.8934     13.311     19.305     9.5292 0.0000e+00
     13.597      0.098     9.9567     87.257    124.278  85.827184     1.3111      7.220   318.3166 1.2565e-01     1.8750     13.332     19.337     9.5291 0.0000e+00
     13.627      0.097     9.8635     86.440    124.287  85.832368     1.3141      7.220   318.2741 1.2565e-01     1.9287     13.362     19.379     9.5288 0.0000e+00
     13.659      0.092     9.7855     85.756    124.280  85.827206     1.3068      7.220   318.1570 1.2562e-01     2.0546     13.398     19.431     9.5285 0.0000e+00
     13.687      0.082     9.7274     85.246    124.282  85.828459     1.2964      7.220   318.0194 1.2562e-01     2.1142     13.428     19.474     9.5282 0.0000e+00
     13.707      0.069     9.6900     84.918    124.310  85.847515     1.2897      7.220   317.9000 1.2566e-01     2.1303     13.444     19.498     9.5280 0.0000e+00
     13.719      0.056     9.6717     84.758    124.338  85.866563     1.2888      7.220   317.8318 1.2569e-01     2.1582     13.454     19.514     9.5277 0.0000e+00
     13.727      0.046     9.6704     84.747    124.340  85.867721     1.2862      7.220   317.8829 1.2570e-01     2.1769     13.462     19.525     9.5272 0.0000e+00
     13.733      0.044     9.6831     84.858    124.331  85.861515     1.2862      7.219   318.0016 1.2572e-01     2.2043     13.467     19.534     9.5271 0.0000e+00
     13.740      0.049     9.7053     85.052    124.323  85.855206     1.2980      7.219   318.0628 1.2569e-01     2.2153     13.473     19.541     9.5273 0.0000e+00
