Data/DataNotYetUploadedToEDI/Raw_CTD/RawDownloads/051618_ccr50.cnv
* Sea-Bird SBE19plus  Data File:
* FileName = C:\DATA\051618_ccr_0002.hex
* Software version 2.6.3.104 SB_Terminal.dll
* Temperature SN = 7809
* Conductivity SN = 7809
* System UpLoad Time = May 16 2018 12:32:26
* <ApplicationData>
* <Seaterm232>
# nquan = 15
# nvalues = 1507                        
# units = specified
# name 0 = depFM: Depth [fresh water, m]
# name 1 = dz/dtM: Descent Rate [m/s]
# name 2 = sbeox0Mg/L: Oxygen, SBE 43 [mg/l]
# name 3 = sbeox0PS: Oxygen, SBE 43 [% saturation]
# name 4 = specc: Specific Conductance [uS/cm]
# name 5 = c0uS/cm: Conductivity [uS/cm]
# name 6 = flECO-AFL: Fluorescence, WET Labs ECO-AFL/FL [mg/m^3]
# name 7 = ph: pH
# name 8 = orp: Oxidation Reduction Potential [mV]
# name 9 = par/sat/log: PAR/Logarithmic, Satlantic
# name 10 = turbWETntu0: Turbidity, WET Labs ECO [NTU]
# name 11 = prdM: Pressure, Strain Gauge [db]
# name 12 = prdE: Pressure, Strain Gauge [psi]
# name 13 = tv290C: Temperature [ITS-90, deg C]
# name 14 = flag:  0.000e+00
# span 0 =     -0.412,     21.113       
# span 1 =     -0.012,      0.172       
# span 2 =     5.0364,    10.9618       
# span 3 =     58.535,    111.617       
# span 4 =      0.609,    130.113       
# span 5 =   0.565311, 108.340027       
# span 6 =    -0.2001,     2.7387       
# span 7 =      6.081,      8.025       
# span 8 = -1240.7455,   323.4784       
# span 9 = 1.2548e-01, 2.2425e+02       
# span 10 =    -0.2460,    34.3919      
# span 11 =     -0.404,     20.706      
# span 12 =     -0.586,     30.032      
# span 13 =     9.0695,    23.2236      
# span 14 = 0.0000e+00, 0.0000e+00      
# interval = seconds: 0.25
# start_time = May 16 2018 14:22:38 [Instrument's time stamp, header]
# bad_flag = -9.990e-29
*END*
[from data line 1157]
     13.769      0.066     9.7594     85.521    124.339  85.860475     1.5822      7.219   318.0154 1.2560e-01     2.1709     13.501     19.581     9.5271 0.0000e+00
     13.791      0.076     9.7846     85.740    124.337  85.856250     1.6724      7.218   318.0771 1.2564e-01     2.1696     13.525     19.615     9.5273 0.0000e+00
     13.813      0.085     9.8127     85.985    124.357  85.867724     1.6641      7.217   318.1661 1.2564e-01     2.1721     13.547     19.649     9.5271 0.0000e+00
     13.834      0.090     9.8421     86.239    124.368  85.871834     1.5732      7.217   318.2306 1.2564e-01     2.1711     13.566     19.676     9.5260 0.0000e+00
     13.857      0.093     9.8717     86.495    124.332  85.842263     1.4102      7.217   318.1683 1.2567e-01     2.1561     13.587     19.705     9.5244 0.0000e+00
     13.883      0.093     9.9024     86.761    124.317  85.828588     1.3207      7.216   318.1878 1.2569e-01     2.1438     13.614     19.745     9.5235 0.0000e+00
     13.910      0.093     9.9326     87.023    124.328  85.833856     1.3084      7.214   318.3804 1.2565e-01     2.1452     13.643     19.789     9.5228 0.0000e+00
     13.935      0.092     9.9657     87.311    124.344  85.842267     1.2704      7.213   318.4320 1.2562e-01     2.1420     13.666     19.822     9.5211 0.0000e+00
     13.955      0.090    10.0044     87.648    124.382  85.866592     1.2024      7.212   318.3814 1.2563e-01     2.1351     13.684     19.847     9.5192 0.0000e+00
     13.977      0.090    10.0412     87.969    124.395  85.873236     1.1657      7.212   318.4566 1.2567e-01     2.1532     13.707     19.879     9.5177 0.0000e+00
     13.999      0.092    10.0712     88.230    124.379  85.858907     1.1669      7.212   318.5670 1.2567e-01     2.1778     13.728     19.911     9.5167 0.0000e+00
     14.020      0.097    10.0997     88.477    124.420  85.884392     1.1700      7.211   318.5984 1.2561e-01     2.1878     13.749     19.941     9.5157 0.0000e+00
     14.044      0.101    10.1276     88.717    124.489  85.926625     1.1673      7.211   318.5778 1.2560e-01     2.1837     13.772     19.974     9.5150 0.0000e+00
     14.072      0.104    10.1520     88.923    124.497  85.923761     1.1617      7.212   318.5756 1.2563e-01     2.1578     13.799     20.012     9.5141 0.0000e+00
     14.104      0.104    10.1729     89.099    124.493  85.913437     1.1672      7.212   318.5712 1.2563e-01     2.1189     13.831     20.060     9.5128 0.0000e+00
     14.135      0.103    10.1855     89.205    124.524  85.929154     1.1692      7.212   318.5254 1.2558e-01     2.1104     13.864     20.108     9.5120 0.0000e+00
     14.160      0.099    10.1930     89.269    124.519  85.922740     1.1572      7.212   318.4523 1.2559e-01     2.0859     13.888     20.143     9.5100 0.0000e+00
     14.180      0.093    10.2047     89.369    124.489  85.899566     1.1602      7.212   318.3756 1.2563e-01     2.0054     13.904     20.167     9.5060 0.0000e+00
     14.202      0.087    10.2193     89.495    124.497  85.903684     1.1691      7.212   318.4576 1.2564e-01     1.9618     13.927     20.199     9.5026 0.0000e+00
     14.226      0.082    10.2389     89.666    124.505  85.908848     1.1735      7.212   318.5837 1.2567e-01     1.9555     13.953     20.237     9.5007 0.0000e+00
     14.247      0.082    10.2690     89.929    124.490  85.898315     1.2037      7.212   318.5238 1.2571e-01     1.9293     13.974     20.266     9.4994 0.0000e+00
     14.265      0.086    10.3040     90.235    124.499  85.903698     1.2588      7.212   318.4223 1.2573e-01     1.9189     13.988     20.289     9.4984 0.0000e+00
     14.284      0.092    10.3410     90.559    124.510  85.910238     1.2880      7.212   318.3888 1.2572e-01     1.9525     14.006     20.315     9.4980 0.0000e+00
     14.305      0.099    10.3811     90.911    124.515  85.913713     1.2903      7.211   318.4621 1.2567e-01     1.9695     14.028     20.345     9.4978 0.0000e+00
     14.332      0.107    10.4156     91.212    124.562  85.945706     1.2957      7.210   318.5337 1.2565e-01     2.0011     14.052     20.380     9.4976 0.0000e+00
     14.364      0.115    10.4397     91.423    124.610  85.978648     1.2979      7.210   318.4809 1.2565e-01     2.0912     14.085     20.429     9.4973 0.0000e+00
     14.399      0.122    10.4583     91.586    124.632  85.993596     1.2985      7.210   318.5116 1.2565e-01     2.1428     14.121     20.482     9.4971 0.0000e+00
     14.431      0.128    10.4733     91.716    124.640  85.999075     1.2943      7.209   318.6470 1.2562e-01     2.1365     14.152     20.526     9.4971 0.0000e+00
     14.461      0.134    10.4843     91.812    124.615  85.981197     1.2663      7.208   318.6557 1.2559e-01     2.1370     14.182     20.570     9.4970 0.0000e+00
     14.491      0.138    10.4938     91.895    124.597  85.968481     1.2255      7.208   318.6164 1.2559e-01     2.1497     14.211     20.612     9.4966 0.0000e+00
     14.526      0.138    10.5034     91.978    124.604  85.972686     1.2050      7.208   318.6027 1.2566e-01     2.1681     14.240     20.654     9.4965 0.0000e+00
     14.568      0.134    10.5121     92.055    124.598  85.968357     1.2024      7.208   318.5755 1.2569e-01     2.1759     14.286     20.719     9.4966 0.0000e+00
     14.613      0.126    10.5239     92.158    124.615  85.979832     1.1940      7.209   318.6325 1.2563e-01     2.1220     14.335     20.792     9.4965 0.0000e+00
     14.647      0.115    10.5403     92.302    124.621  85.984055     1.1780      7.209   318.6892 1.2559e-01     2.0353     14.367     20.838     9.4962 0.0000e+00
     14.669      0.100    10.5553     92.433    124.579  85.955725     1.1643      7.210   318.6589 1.2564e-01     1.9813     14.386     20.865     9.4960 0.0000e+00
     14.688      0.083    10.5683     92.548    124.579  85.955715     1.1572      7.211   318.6102 1.2569e-01     1.9582     14.404     20.891     9.4961 0.0000e+00
     14.705      0.068    10.5821     92.668    124.620  85.983940     1.1559      7.212   318.6163 1.2571e-01     1.9387     14.421     20.915     9.4962 0.0000e+00
     14.722      0.056    10.5979     92.807    124.611  85.978568     1.1574      7.212   318.6468 1.2568e-01     1.9292     14.438     20.941     9.4960 0.0000e+00
     14.736      0.049    10.6144     92.952    124.576  85.954451     1.1574      7.211   318.6353 1.2568e-01     1.9655     14.452     20.963     9.4959 0.0000e+00
     14.746      0.045    10.6260     93.055    124.564  85.947077     1.1558      7.210   318.6488 1.2574e-01     2.0112     14.461     20.974     9.4961 0.0000e+00
     14.754      0.045    10.6339     93.124    124.573  85.953089     1.1572      7.210   318.7243 1.2575e-01     1.9941     14.469     20.986     9.4961 0.0000e+00
     14.761      0.049    10.6412     93.184    124.594  85.963453     1.1644      7.210   318.8600 1.2567e-01     2.0030     14.475     20.995     9.4963 0.0000e+00
     14.771      0.056    10.6477     93.235    124.576  85.945023     1.1703      7.210   318.9984 1.2564e-01     2.0878     14.482     21.005     9.4965 0.0000e+00
     14.786      0.063    10.6516     93.263    124.551  85.921293     1.1635      7.210   319.0215 1.2564e-01     2.1348     14.499     21.028     9.4970 0.0000e+00
     14.808      0.067    10.6512     93.256    124.573  85.931256     1.1561      7.210   318.9676 1.2560e-01     2.1438     14.522     21.061     9.4973 0.0000e+00
     14.831      0.065    10.6459     93.208    124.587  85.938109     1.1638      7.209   318.9481 1.2563e-01     2.1660     14.544     21.095     9.4955 0.0000e+00
     14.852      0.057    10.6359     93.120    124.589  85.940472     1.1731      7.209   318.9583 1.2569e-01     2.1900     14.566     21.127     9.4924 0.0000e+00
     14.868      0.046    10.6214     92.995    124.612  85.959826     1.1769      7.210   319.0053 1.2571e-01     2.1894     14.584     21.153     9.4900 0.0000e+00
     14.876      0.034    10.6031     92.840    124.635  85.981076     1.1822      7.210   318.9994 1.2573e-01     2.1588     14.591     21.162     9.4878 0.0000e+00
     14.878      0.025    10.5838     92.679    124.660  86.006348     1.1725      7.210   318.8866 1.2568e-01     2.1244     14.591     21.163     9.4865 0.0000e+00
     14.879      0.022    10.5631     92.504    124.655  86.010667     1.1523      7.210   318.9330 1.2562e-01     2.1096     14.590     21.162     9.4869 0.0000e+00
     14.881      0.024    10.5409     92.313    124.591  85.969621     1.1484      7.209   319.1296 1.2558e-01     2.1324     14.592     21.164     9.4883 0.0000e+00
     14.885      0.029    10.5203     92.128    124.578  85.955852     1.1530      7.208   319.2850 1.2558e-01     2.1562     14.596     21.169     9.4906 0.0000e+00
     14.894      0.032    10.5010     91.951    124.613  85.971551     1.1714      7.208   319.4345 1.2560e-01     2.1532     14.603     21.180     9.4941 0.0000e+00
     14.910      0.032    10.4843     91.802    124.613  85.968371     1.2053      7.210   319.4752 1.2559e-01     2.1572     14.620     21.205     9.4977 0.0000e+00
     14.926      0.028    10.4750     91.725    124.625  85.981078     1.2228      7.211   319.4332 1.2555e-01     2.1741     14.642     21.236     9.5001 0.0000e+00
     14.934      0.023    10.4696     91.684    124.640  85.997835     1.2183      7.211   319.4432 1.2557e-01     2.1750     14.651     21.248     9.4977 0.0000e+00
     14.932      0.021    10.4668     91.661    124.611  85.979937     1.1971      7.210   319.5101 1.2565e-01     2.1678     14.643     21.238     9.4917 0.0000e+00
     14.928      0.024    10.4708     91.691    124.585  85.955728     1.1685      7.210   319.6387 1.2570e-01     2.1782     14.637     21.230     9.4903 0.0000e+00
     14.928      0.037    10.4766     91.733    124.605  85.959848     1.1563      7.210   319.7934 1.2568e-01     2.1782     14.637     21.229     9.4935 0.0000e+00
     14.937      0.059    10.4808     91.763    124.625  85.966056     1.1608      7.209   319.9180 1.2566e-01     2.1680     14.644     21.239     9.4971 0.0000e+00
     14.955      0.085    10.4867     91.810    124.635  85.967101     1.1489      7.208   319.8553 1.2573e-01     2.1772     14.663     21.267     9.4987 0.0000e+00
     14.982      0.109    10.4922     91.854    124.650  85.972464     1.1144      7.208   319.7242 1.2579e-01     2.1675     14.688     21.304     9.4952 0.0000e+00
     15.018      0.127    10.4970     91.891    124.650  85.967205     1.0920      7.208   319.7082 1.2574e-01     2.1422     14.724     21.356     9.4902 0.0000e+00
     15.061      0.137    10.5028     91.937    124.657  85.967198     1.0904      7.207   319.7485 1.2569e-01     2.1453     14.771     21.423     9.4874 0.0000e+00
     15.102      0.138    10.5068     91.968    124.670  85.972371     1.0848      7.206   319.8673 1.2564e-01     2.1443     14.812     21.482     9.4856 0.0000e+00
     15.139      0.132    10.5072     91.969    124.664  85.966063     1.0789      7.207   319.9401 1.2558e-01     2.1304     14.847     21.533     9.4834 0.0000e+00
     15.172      0.119    10.5081     91.977    124.648  85.954600     1.0842      7.207   319.9397 1.2563e-01     2.1301     14.881     21.583     9.4810 0.0000e+00
     15.200      0.104    10.5097     91.991    124.657  85.961143     1.0853      7.207   320.0357 1.2572e-01     2.1402     14.908     21.623     9.4791 0.0000e+00
     15.223      0.086    10.5085     91.981    124.686  85.981495     1.0830      7.207   320.1534 1.2572e-01     2.1301     14.929     21.653     9.4774 0.0000e+00
     15.244      0.068    10.5055     91.958    124.724  86.009629     1.0833      7.207   320.1585 1.2568e-01     2.1000     14.950     21.682     9.4765 0.0000e+00
     15.261      0.052    10.5042     91.952    124.768  86.046571     1.0797      7.207   320.0976 1.2562e-01     2.1120     14.969     21.711     9.4768 0.0000e+00
     15.271      0.042    10.5081     91.996    124.750  86.046057     1.0757      7.207   320.1054 1.2561e-01     2.1523     14.979     21.726     9.4766 0.0000e+00
     15.275      0.038    10.5178     92.091    124.671  86.003435     1.0807      7.207   320.2534 1.2561e-01     2.1604     14.980     21.727     9.4764 0.0000e+00
     15.277      0.039    10.5303     92.205    124.626  85.977029     1.1044      7.207   320.3380 1.2561e-01     2.1490     14.980     21.726     9.4770 0.0000e+00
     15.282      0.044    10.5445     92.322    124.644  85.981516     1.1415      7.207   320.2682 1.2564e-01     2.1369     14.984     21.734     9.4795 0.0000e+00
     15.295      0.049    10.5584     92.434    124.679  85.993992     1.1617      7.208   320.2694 1.2567e-01     2.1354     14.995     21.749     9.4848 0.0000e+00
     15.316      0.049    10.5677     92.508    124.700  86.000497     1.1652      7.208   320.2658 1.2560e-01     2.1616     15.019     21.782     9.4914 0.0000e+00
     15.339      0.044    10.5728     92.550    124.699  85.996481     1.1923      7.208   320.2250 1.2555e-01     2.1791     15.046     21.823     9.4938 0.0000e+00
     15.354      0.035    10.5751     92.573    124.712  86.009112     1.2418      7.208   320.2065 1.2563e-01     2.1649     15.062     21.846     9.4891 0.0000e+00
     15.359      0.025    10.5725     92.559    124.722  86.025853     1.2765      7.208   320.1282 1.2568e-01     2.1414     15.065     21.850     9.4833 0.0000e+00
     15.355      0.020    10.5686     92.533    124.683  86.007858     1.2895      7.208   320.1382 1.2563e-01     2.1390     15.059     21.842     9.4798 0.0000e+00
     15.350      0.024    10.5670     92.520    124.644  85.982597     1.2801      7.208   320.2413 1.2558e-01     2.1975     15.051     21.829     9.4784 0.0000e+00
     15.350      0.037    10.5659     92.505    124.643  85.975153     1.2545      7.208   320.2571 1.2559e-01     2.2689     15.049     21.826     9.4799 0.0000e+00
     15.361      0.054    10.5656     92.493    124.667  85.981518     1.2370      7.208   320.1571 1.2561e-01     2.2701     15.060     21.843     9.4848 0.0000e+00
     15.383      0.070    10.5663     92.492    124.699  85.995863     1.2251      7.208   320.0636 1.2560e-01     2.2428     15.083     21.876     9.4897 0.0000e+00
     15.411      0.084    10.5669     92.492    124.744  86.021225     1.2033      7.207   320.0745 1.2560e-01     2.2132     15.113     21.920     9.4904 0.0000e+00
     15.439      0.094    10.5684     92.501    124.769  86.033422     1.1754      7.207   320.1155 1.2562e-01     2.1871     15.144     21.965     9.4866 0.0000e+00
     15.462      0.097    10.5729     92.536    124.752  86.015957     1.1543      7.207   320.2154 1.2563e-01     2.2015     15.165     21.994     9.4819 0.0000e+00
     15.482      0.096    10.5804     92.596    124.738  86.001109     1.1499      7.207   320.3359 1.2567e-01     2.2037     15.180     22.017     9.4785 0.0000e+00
     15.507      0.093    10.5894     92.671    124.716  85.981257     1.1225      7.206   320.2826 1.2569e-01     2.1833     15.206     22.055     9.4763 0.0000e+00
     15.535      0.088    10.5994     92.755    124.701  85.966976     1.0525      7.205   320.1728 1.2566e-01     2.1683     15.236     22.098     9.4749 0.0000e+00
     15.559      0.084    10.6082     92.829    124.691  85.955800     1.0111      7.206   320.1273 1.2566e-01     2.1452     15.259     22.131     9.4728 0.0000e+00
     15.580      0.079    10.6140     92.876    124.631  85.909795     1.0170      7.207   320.0763 1.2567e-01     2.1478     15.280     22.162     9.4702 0.0000e+00
     15.597      0.076    10.6128     92.860    124.562  85.856513     1.0410      7.206   320.1578 1.2565e-01     2.1995     15.298     22.187     9.4683 0.0000e+00
     15.612      0.077    10.6022     92.760    124.521  85.821035     1.0723      7.205   320.4251 1.2560e-01     2.2519     15.310     22.205     9.4667 0.0000e+00
