Data/DataNotYetUploadedToEDI/Raw_CTD/RawDownloads/051718_bvr50.cnv
* Sea-Bird SBE19plus  Data File:
* FileName = C:\DATA\051718_bvr_0001.hex
* Software version 2.6.3.104
* Temperature SN = 7809
* Conductivity SN = 7809
* System UpLoad Time = May 17 2018 16:20:11
* <ApplicationData>
* <Seaterm232>
# nquan = 17
# nvalues = 1036                        
# units = specified
# name 0 = depFM: Depth [fresh water, m]
# name 1 = tv290C: Temperature [ITS-90, deg C]
# name 2 = sbeox0Mg/L: Oxygen, SBE 43 [mg/l]
# name 3 = sbeox0PS: Oxygen, SBE 43 [% saturation]
# name 4 = c0uS/cm: Conductivity [uS/cm]
# name 5 = specc: Specific Conductance [uS/cm]
# name 6 = ph: pH
# name 7 = orp: Oxidation Reduction Potential [mV]
# name 8 = flECO-AFL: Fluorescence, WET Labs ECO-AFL/FL [mg/m^3]
# name 9 = turbWETntu0: Turbidity, WET Labs ECO [NTU]
# name 10 = sal00: Salinity, Practical [PSU]
# name 11 = dz/dtM: Descent Rate [m/s]
# name 12 = prdM: Pressure, Strain Gauge [db]
# name 13 = prdE: Pressure, Strain Gauge [psi]
# name 14 = scan: Scan Count
# name 15 = par/sat/log: PAR/Logarithmic, Satlantic
# name 16 = flag:  0.000e+00
# span 0 =     -0.685,     10.558       
# span 1 =     7.0993,    22.8330       
# span 2 =     0.1023,    10.1378       
# span 3 =      0.846,    106.484       
# span 4 =  -0.052758,  40.692937       
# span 5 =      0.483,     63.396       
# span 6 =      6.061,      7.529       
# span 7 = -1240.7455,   285.2046       
# span 8 =    -0.2628,     4.3469       
# span 9 =    -0.2243,    14.2107       
# span 10 =     0.0107,     0.0293      
# span 11 =     -0.041,      0.179      
# span 12 =     -0.672,     10.353      
# span 13 =     -0.974,     15.016      
# span 14 =          1,       1036      
# span 15 = 1.2509e-01, 6.9159e+02      
# span 16 = 0.0000e+00, 0.0000e+00      
# interval = seconds: 0.25
# start_time = May 17 2018 14:52:37 [Instrument's time stamp, header]
# bad_flag = -9.990e-29
*END*
[from data line 596]
      3.844    12.3624     7.6196     70.707  21.701113     28.962      7.190   271.7274     4.1245     2.5284     0.0169      0.061      3.770      5.468        597 1.2398e+01 0.0000e+00
      3.859    12.3485     7.5808     70.291  21.755666     29.084      7.184   271.7274     4.1205     2.5150     0.0169      0.062      3.784      5.489        598 1.2211e+01 0.0000e+00
      3.873    12.3270     7.5255     69.720  21.744385     29.110      7.176   271.8031     4.1609     2.5687     0.0169      0.062      3.799      5.510        599 1.2089e+01 0.0000e+00
      3.889    12.2806     7.4716     69.161  21.715164     29.046      7.169   271.7274     4.1731     2.5687     0.0169      0.061      3.814      5.531        600 1.1973e+01 0.0000e+00
      3.904    12.2404     7.4317     68.737  21.732762     29.137      7.165   271.8788     4.2742     2.5150     0.0169      0.061      3.829      5.554        601 1.1799e+01 0.0000e+00
      3.922    12.2117     7.3661     68.073  21.663215     29.024      7.157   272.4088     4.2701     2.5687     0.0169      0.060      3.847      5.580        602 1.1525e+01 0.0000e+00
      3.944    12.1707     7.3140     67.541  21.683170     29.131      7.148   272.3710     4.2984     2.5687     0.0169      0.062      3.868      5.610        603 1.1322e+01 0.0000e+00
      3.968    12.1255     7.2539     66.965  21.678301     29.115      7.139   272.8253     4.2782     2.5956     0.0169      0.066      3.892      5.644        604 1.1071e+01 0.0000e+00
      3.993    12.0835     7.1993     66.464  21.639647     29.110      7.126   272.5981     3.8496     2.4747     0.0168      0.072      3.916      5.679        605 1.0815e+01 0.0000e+00
      4.016    12.0403     7.1475     65.951  21.642372     29.145      7.119   272.8631     3.8132     2.5419     0.0168      0.078      3.937      5.710        606 1.0704e+01 0.0000e+00
      4.034    11.9996     7.0933     65.411  21.586007     29.103      7.107   273.3553     3.8294     2.4881     0.0168      0.082      3.955      5.736        607 1.0589e+01 0.0000e+00
      4.049    11.9644     7.0381     64.877  21.591249     29.137      7.099   273.1660     3.8455     2.4479     0.0168      0.083      3.970      5.759        608 1.0428e+01 0.0000e+00
      4.063    11.9275     6.9853     64.351  21.576584     29.169      7.093   273.3931     3.8213     2.5150     0.0168      0.082      3.984      5.779        609 1.0291e+01 0.0000e+00
      4.077    11.8902     6.9471     63.954  21.544993     29.121      7.089   273.6203     4.3469     2.6359     0.0168      0.077      3.997      5.797        610 1.0201e+01 0.0000e+00
      4.088    11.8546     6.9060     63.531  21.600937     29.264      7.082   273.3931     4.3267     2.7567     0.0168      0.070      4.009      5.814        611 1.0098e+01 0.0000e+00
      4.100    11.8181     6.8618     63.092  21.595890     29.256      7.077   273.5824     4.3469     2.6761     0.0168      0.063      4.022      5.832        612 9.9712e+00 0.0000e+00
      4.114    11.7854     6.8299     62.761  21.580923     29.284      7.071   273.5824     4.3348     2.6761     0.0168      0.057      4.035      5.852        613 9.8313e+00 0.0000e+00
      4.128    11.7726     6.7961     62.397  21.589934     29.313      7.067   273.5067     3.9790     2.7567     0.0168      0.053      4.049      5.873        614 9.7186e+00 0.0000e+00
      4.144    11.7726     6.7469     61.901  21.584686     29.339      7.061   273.8474     4.0032     2.7567     0.0168      0.053      4.065      5.895        615 9.6056e+00 0.0000e+00
      4.161    11.7511     6.6999     61.483  21.587463     29.350      7.054   273.5067     4.0356     2.6493     0.0168      0.054      4.080      5.918        616 9.5081e+00 0.0000e+00
      4.176    11.7243     6.6566     61.098  21.527206     29.272      7.048   273.6581     4.0315     2.7433     0.0167      0.055      4.094      5.938        617 9.4488e+00 0.0000e+00
      4.188    11.7061     6.6146     60.663  21.541126     29.291      7.043   273.6581     3.5787     2.7701     0.0167      0.056      4.108      5.958        618 9.3168e+00 0.0000e+00
      4.203    11.6802     6.5753     60.226  21.599785     29.426      7.037   273.9231     3.5706     2.7701     0.0168      0.058      4.124      5.981        619 9.1147e+00 0.0000e+00
      4.224    11.6488     6.5401     59.854  21.543127     29.326      7.030   274.1503     3.5665     2.8104     0.0167      0.060      4.143      6.008        620 8.8890e+00 0.0000e+00
      4.244    11.6193     6.5146     59.589  21.522727     29.347      7.024   274.1503     3.5625     2.7567     0.0167      0.062      4.162      6.035        621 8.7627e+00 0.0000e+00
      4.261    11.5961     6.4791     59.218  21.536265     29.372      7.014   274.3774     3.1702     2.7164     0.0167      0.064      4.178      6.059        622 8.6895e+00 0.0000e+00
      4.275    11.5704     6.4559     58.960  21.526287     29.396      7.007   274.1124     3.1986     2.7701     0.0167      0.065      4.192      6.080        623 8.5518e+00 0.0000e+00
      4.289    11.5327     6.4508     58.866  21.535153     29.414      7.004   274.6803     3.1541     2.7030     0.0167      0.065      4.205      6.099        624 8.4805e+00 0.0000e+00
      4.300    11.5035     6.4162     58.513  21.525239     29.435      6.995   274.2638     3.1905     2.7567     0.0167      0.064      4.216      6.115        625 8.4093e+00 0.0000e+00
      4.309    11.5109     6.3995     58.339  21.538633     29.465      6.992   274.7181     3.1945     2.7030     0.0167      0.061      4.226      6.130        626 8.2942e+00 0.0000e+00
      4.320    11.5188     6.3764     58.110  21.548133     29.528      6.987   274.9453     3.2996     2.4613     0.0167      0.056      4.236      6.145        627 8.2266e+00 0.0000e+00
      4.330    11.4840     6.3536     57.852  21.543062     29.483      6.982   274.8696     3.3199     2.5553     0.0167      0.051      4.247      6.160        628 8.1404e+00 0.0000e+00
      4.343    11.4294     6.3218     57.513  21.574583     29.552      6.977   275.3617     3.3603     2.5553     0.0167      0.047      4.259      6.177        629 8.0378e+00 0.0000e+00
      4.356    11.3934     6.2940     57.237  21.538544     29.505      6.975   275.3617     3.3199     2.5821     0.0167      0.045      4.272      6.196        630 7.9620e+00 0.0000e+00
      4.369    11.3690     6.2660     56.964  21.528643     29.549      6.970   275.0588     3.4331     2.6896     0.0167      0.045      4.285      6.215        631 7.8727e+00 0.0000e+00
      4.383    11.3364     6.2334     56.635  21.527641     29.579      6.963   275.2860     3.4331     2.7164     0.0167      0.046      4.299      6.235        632 7.7569e+00 0.0000e+00
      4.398    11.3018     6.2114     56.394  21.539802     29.597      6.956   275.1346     3.4452     2.7836     0.0167      0.048      4.314      6.257        633 7.6396e+00 0.0000e+00
      4.415    11.2677     6.1786     56.063  21.602434     29.741      6.949   275.2860     3.4573     2.7164     0.0167      0.052      4.330      6.280        634 7.5562e+00 0.0000e+00
      4.432    11.2389     6.1504     55.792  21.538622     29.652      6.942   275.2103     3.1986     2.6896     0.0167      0.055      4.345      6.303        635 7.4606e+00 0.0000e+00
      4.446    11.2236     6.1292     55.605  21.530311     29.681      6.939   275.3617     3.1783     2.7433     0.0167      0.057      4.360      6.324        636 7.3622e+00 0.0000e+00
      4.460    11.2082     6.1002     55.338  21.583148     29.781      6.932   275.6267     3.1824     2.7030     0.0167      0.059      4.376      6.346        637 7.2798e+00 0.0000e+00
      4.480    11.1724     6.0668     54.987  21.591428     29.795      6.926   275.7024     3.1662     2.7433     0.0167      0.061      4.393      6.371        638 7.1763e+00 0.0000e+00
      4.496    11.1352     6.0504     54.776  21.579290     29.806      6.918   275.7024     2.7821     2.5016     0.0167      0.062      4.409      6.393        639 7.0908e+00 0.0000e+00
      4.509    11.1171     6.0271     54.513  21.538984     29.760      6.913   275.7403     2.7780     2.5284     0.0167      0.062      4.422      6.412        640 7.0396e+00 0.0000e+00
      4.519    11.1031     6.0095     54.315  21.582321     29.867      6.905   275.5888     2.8427     2.5687     0.0167      0.061      4.432      6.428        641 6.9884e+00 0.0000e+00
      4.529    11.0782     5.9950     54.153  21.614282     29.921      6.901   275.7781     2.7901     2.5284     0.0167      0.057      4.442      6.443        642 6.9058e+00 0.0000e+00
      4.541    11.0470     5.9783     53.973  21.588130     29.893      6.895   275.9296     2.8670     2.5553     0.0167      0.054      4.453      6.459        643 6.8523e+00 0.0000e+00
      4.553    11.0217     5.9559     53.741  21.585234     29.914      6.890   276.0431     2.8508     2.5687     0.0167      0.052      4.465      6.476        644 6.8224e+00 0.0000e+00
      4.564    11.0098     5.9269     53.449  21.588254     29.940      6.889   275.7781     2.8508     2.4747     0.0167      0.049      4.476      6.492        645 6.7351e+00 0.0000e+00
      4.576    11.0138     5.8993     53.173  21.643657     30.039      6.885   275.9296     2.8629     2.5553     0.0167      0.046      4.487      6.508        646 6.6398e+00 0.0000e+00
      4.588    11.0097     5.8614     52.808  21.634849     30.049      6.878   275.9296     2.8508     2.4344     0.0167      0.044      4.499      6.525        647 6.5902e+00 0.0000e+00
      4.600    10.9733     5.8236     52.446  21.599219     29.968      6.878   275.8538     2.7295     2.5016     0.0167      0.045      4.512      6.543        648 6.5232e+00 0.0000e+00
      4.614    10.9242     5.7908     52.130  21.628720     30.048      6.873   275.8538     2.7295     2.6090     0.0167      0.046      4.525      6.563        649 6.4526e+00 0.0000e+00
      4.628    10.8831     5.7614     51.845  21.627776     30.040      6.867   275.7781     2.7133     2.4881     0.0167      0.048      4.539      6.583        650 6.3831e+00 0.0000e+00
      4.643    10.8519     5.7419     51.650  21.630043     30.120      6.864   275.8538     2.7376     2.6224     0.0167      0.050      4.554      6.604        651 6.2978e+00 0.0000e+00
      4.659    10.8273     5.7222     51.451  21.655553     30.155      6.860   276.1946     2.7578     2.5150     0.0167      0.052      4.570      6.627        652 6.1835e+00 0.0000e+00
      4.676    10.8039     5.7060     51.279  21.684957     30.259      6.856   276.1188     2.7214     2.4881     0.0167      0.055      4.586      6.651        653 6.0293e+00 0.0000e+00
      4.692    10.7802     5.6961     51.163  21.652737     30.202      6.850   276.2703     2.7457     2.5956     0.0167      0.057      4.601      6.673        654 5.9355e+00 0.0000e+00
      4.707    10.7560     5.6885     51.069  21.636383     30.221      6.848   276.6867     2.7457     2.6627     0.0167      0.059      4.615      6.694        655 5.8983e+00 0.0000e+00
      4.719    10.7341     5.6764     50.936  21.705317     30.320      6.843   276.8381     2.6001     2.5821     0.0167      0.060      4.628      6.712        656 5.8496e+00 0.0000e+00
      4.729    10.7152     5.6624     50.788  21.715149     30.379      6.836   276.9896     2.5960     2.5150     0.0167      0.058      4.638      6.727        657 5.8090e+00 0.0000e+00
      4.740    10.6975     5.6513     50.668  21.713069     30.359      6.834   277.0653     2.5920     2.5284     0.0167      0.056      4.648      6.742        658 5.7765e+00 0.0000e+00
      4.750    10.6804     5.6301     50.468  21.678272     30.375      6.827   277.4817     2.6001     2.5150     0.0167      0.053      4.658      6.756        659 5.7154e+00 0.0000e+00
      4.759    10.6639     5.6214     50.395  21.610265     30.233      6.822   277.4060     2.5920     2.5016     0.0166      0.048      4.668      6.770        660 5.6652e+00 0.0000e+00
      4.771    10.6472     5.5843     50.043  21.679155     30.404      6.820   277.4438     2.6001     2.5016     0.0167      0.045      4.678      6.785        661 5.6193e+00 0.0000e+00
      4.781    10.6289     5.5729     49.907  21.711100     30.418      6.817   277.3303     2.5880     2.5419     0.0167      0.042      4.689      6.802        662 5.5566e+00 0.0000e+00
      4.795    10.6075     5.5506     49.670  21.689068     30.433      6.815   277.1788     2.6324     2.5150     0.0167      0.042      4.702      6.821        663 5.4897e+00 0.0000e+00
      4.810    10.5843     5.5296     49.447  21.706578     30.448      6.810   277.0653     2.2726     2.5284     0.0167      0.043      4.717      6.842        664 5.4236e+00 0.0000e+00
      4.827    10.5628     5.5127     49.262  21.718955     30.506      6.806   277.2167     2.2604     2.4747     0.0167      0.047      4.733      6.865        665 5.3505e+00 0.0000e+00
      4.843    10.5424     5.4905     49.036  21.703312     30.486      6.801   277.4438     2.2685     2.5553     0.0167      0.050      4.748      6.887        666 5.2604e+00 0.0000e+00
      4.857    10.5241     5.4706     48.846  21.696412     30.505      6.796   277.2167     2.2604     2.4479     0.0167      0.054      4.764      6.909        667 5.1976e+00 0.0000e+00
      4.874    10.5061     5.4556     48.702  21.697907     30.522      6.792   277.7467     2.2604     2.5687     0.0167      0.057      4.779      6.931        668 5.1717e+00 0.0000e+00
      4.889    10.4984     5.4276     48.441  21.701458     30.538      6.789   277.8981     2.2604     2.4747     0.0167      0.059      4.793      6.952        669 5.0826e+00 0.0000e+00
      4.901    10.5008     5.4122     48.276  21.691999     30.553      6.785   277.7846     2.2806     2.5956     0.0167      0.060      4.807      6.971        670 5.0219e+00 0.0000e+00
      4.915    10.4859     5.4123     48.245  21.709683     30.561      6.780   277.8224     2.2766     2.5821     0.0167      0.059      4.821      6.991        671 5.0091e+00 0.0000e+00
      4.930    10.4563     5.3983     48.121  21.738732     30.636      6.774   277.8981     2.2766     2.4747     0.0167      0.058      4.836      7.013        672 4.9299e+00 0.0000e+00
      4.948    10.4248     5.3769     47.959  21.715128     30.571      6.776   277.8603     2.1917     2.5956     0.0167      0.058      4.851      7.036        673 4.8789e+00 0.0000e+00
      4.962    10.3942     5.3710     47.905  21.739062     30.675      6.771   277.5574     2.2079     2.4479     0.0167      0.058      4.866      7.058        674 4.8318e+00 0.0000e+00
      4.977    10.3646     5.3584     47.751  21.708955     30.624      6.768   277.8981     2.2321     2.5687     0.0167      0.058      4.882      7.080        675 4.7287e+00 0.0000e+00
      4.994    10.3414     5.3506     47.651  21.693328     30.650      6.762   278.3146     2.2240     2.5687     0.0167      0.059      4.897      7.103        676 4.6905e+00 0.0000e+00
      5.008    10.3302     5.3420     47.560  21.699242     30.676      6.760   278.0496     2.0623     2.6761     0.0167      0.060      4.911      7.124        677 4.6604e+00 0.0000e+00
      5.022    10.3218     5.3366     47.495  21.701603     30.697      6.758   277.9739     2.0946     2.7164     0.0167      0.060      4.924      7.142        678 4.6027e+00 0.0000e+00
      5.032    10.3105     5.3304     47.387  21.749673     30.785      6.752   278.2010     2.0825     2.7164     0.0167      0.059      4.935      7.157        679 4.5732e+00 0.0000e+00
      5.043    10.2869     5.3334     47.358  21.728339     30.753      6.749   278.3903     2.0785     2.6761     0.0167      0.056      4.946      7.173        680 4.4923e+00 0.0000e+00
