Data/DataNotYetUploadedToEDI/Raw_CTD/RawDownloads/051718_bvr50.cnv
* Sea-Bird SBE19plus  Data File:
* FileName = C:\DATA\051718_bvr_0001.hex
* Software version 2.6.3.104
* Temperature SN = 7809
* Conductivity SN = 7809
* System UpLoad Time = May 17 2018 16:20:11
* <ApplicationData>
* <Seaterm232>
# nquan = 17
# nvalues = 1036                        
# units = specified
# name 0 = depFM: Depth [fresh water, m]
# name 1 = tv290C: Temperature [ITS-90, deg C]
# name 2 = sbeox0Mg/L: Oxygen, SBE 43 [mg/l]
# name 3 = sbeox0PS: Oxygen, SBE 43 [% saturation]
# name 4 = c0uS/cm: Conductivity [uS/cm]
# name 5 = specc: Specific Conductance [uS/cm]
# name 6 = ph: pH
# name 7 = orp: Oxidation Reduction Potential [mV]
# name 8 = flECO-AFL: Fluorescence, WET Labs ECO-AFL/FL [mg/m^3]
# name 9 = turbWETntu0: Turbidity, WET Labs ECO [NTU]
# name 10 = sal00: Salinity, Practical [PSU]
# name 11 = dz/dtM: Descent Rate [m/s]
# name 12 = prdM: Pressure, Strain Gauge [db]
# name 13 = prdE: Pressure, Strain Gauge [psi]
# name 14 = scan: Scan Count
# name 15 = par/sat/log: PAR/Logarithmic, Satlantic
# name 16 = flag:  0.000e+00
# span 0 =     -0.685,     10.558       
# span 1 =     7.0993,    22.8330       
# span 2 =     0.1023,    10.1378       
# span 3 =      0.846,    106.484       
# span 4 =  -0.052758,  40.692937       
# span 5 =      0.483,     63.396       
# span 6 =      6.061,      7.529       
# span 7 = -1240.7455,   285.2046       
# span 8 =    -0.2628,     4.3469       
# span 9 =    -0.2243,    14.2107       
# span 10 =     0.0107,     0.0293      
# span 11 =     -0.041,      0.179      
# span 12 =     -0.672,     10.353      
# span 13 =     -0.974,     15.016      
# span 14 =          1,       1036      
# span 15 = 1.2509e-01, 6.9159e+02      
# span 16 = 0.0000e+00, 0.0000e+00      
# interval = seconds: 0.25
# start_time = May 17 2018 14:52:37 [Instrument's time stamp, header]
# bad_flag = -9.990e-29
*END*
[from data line 256]
     -0.216    22.8186     7.7662     90.240  27.178638     28.411      7.436   227.4723     2.3049     1.4676     0.0204     -0.000     -0.211     -0.306        257 6.6630e+02 0.0000e+00
     -0.214    22.8207     7.7607     90.174  27.163829     28.410      7.433   227.3208     2.3292     1.5885     0.0204      0.000     -0.210     -0.305        258 6.6679e+02 0.0000e+00
     -0.214    22.8222     7.7605     90.170  27.186315     28.409      7.430   227.6237     2.3292     1.5885     0.0204      0.001     -0.210     -0.304        259 6.6989e+02 0.0000e+00
     -0.214    22.8234     7.7634     90.202  27.209944     28.466      7.426   227.5480     2.3817     1.4945     0.0204      0.001     -0.210     -0.304        260 6.6443e+02 0.0000e+00
     -0.214    22.8244     7.7681     90.256  27.193714     28.407      7.425   227.9644     2.4788     1.5885     0.0204      0.001     -0.210     -0.304        261 6.4957e+02 0.0000e+00
     -0.212    22.8243     7.7743     90.328  27.206512     28.464      7.426   228.1916     2.4464     1.5482     0.0204      0.001     -0.210     -0.305        262 6.5117e+02 0.0000e+00
     -0.217    22.8230     7.7687     90.264  27.194017     28.405      7.429   228.3430     2.4586     1.5616     0.0204      0.001     -0.214     -0.311        263 6.5807e+02 0.0000e+00
     -0.227    22.8221     7.7620     90.191  27.209265     28.464      7.427   228.3809     2.4747     1.6288     0.0204     -0.003     -0.223     -0.323        264 6.5968e+02 0.0000e+00
     -0.239    22.8220     7.7531     90.090  27.246827     28.465      7.425   228.2294     2.3170     1.5348     0.0204     -0.009     -0.231     -0.334        265 6.6741e+02 0.0000e+00
     -0.240    22.8221     7.7533     90.095  27.265853     28.524      7.426   228.5701     2.3292     1.4542     0.0204     -0.013     -0.234     -0.339        266 6.7786e+02 0.0000e+00
     -0.238    22.8213     7.7614     90.191  27.244878     28.465      7.424   228.6837     2.3453     1.4945     0.0204     -0.015     -0.233     -0.338        267 6.8091e+02 0.0000e+00
     -0.235    22.8201     7.7738     90.338  27.243284     28.494      7.406   228.9109     2.3292     1.5750     0.0204     -0.015     -0.232     -0.337        268 6.8246e+02 0.0000e+00
     -0.237    22.8191     7.7826     90.441  27.238191     28.466      7.386   229.1759     1.9976     1.5885     0.0204     -0.014     -0.233     -0.338        269 6.8602e+02 0.0000e+00
     -0.240    22.8183     7.7920     90.552  27.221570     28.466      7.375   229.7059     2.0016     1.5482     0.0204     -0.012     -0.235     -0.341        270 6.8769e+02 0.0000e+00
     -0.241    22.8178     7.8000     90.647  27.234323     28.467      7.376   228.7216     2.0259     1.5885     0.0204     -0.008     -0.236     -0.342        271 6.8686e+02 0.0000e+00
     -0.240    22.8173     7.8094     90.755  27.222321     28.468      7.380   229.0244     2.0380     1.5616     0.0204     -0.004     -0.235     -0.341        272 6.8389e+02 0.0000e+00
     -0.237    22.8182     7.8122     90.789  27.177215     28.409      7.389   228.5323     2.2240     1.4810     0.0204     -0.000     -0.232     -0.337        273 6.8223e+02 0.0000e+00
     -0.233    22.8209     7.8171     90.848  27.171874     28.410      7.391   228.6080     2.1917     1.5348     0.0204      0.001     -0.230     -0.333        274 6.8056e+02 0.0000e+00
     -0.233    22.8227     7.8176     90.855  27.199323     28.438      7.391   229.1759     2.2240     1.4542     0.0204      0.002     -0.229     -0.332        275 6.7575e+02 0.0000e+00
     -0.234    22.8239     7.8201     90.885  27.172701     28.407      7.385   228.7216     2.1917     1.4945     0.0204      0.002     -0.230     -0.333        276 6.7272e+02 0.0000e+00
     -0.235    22.8253     7.8179     90.859  27.175358     28.407      7.377   229.1380     2.2240     1.5616     0.0204      0.003     -0.231     -0.334        277 6.7294e+02 0.0000e+00
     -0.235    22.8264     7.8120     90.792  27.225663     28.464      7.381   229.1759     2.1957     1.5482     0.0204      0.003     -0.231     -0.334        278 6.7331e+02 0.0000e+00
     -0.234    22.8276     7.8016     90.671  27.228680     28.463      7.383   229.2894     2.2362     1.4945     0.0204      0.003     -0.230     -0.333        279 6.7677e+02 0.0000e+00
     -0.234    22.8285     7.7897     90.534  27.230894     28.463      7.390   229.8951     2.2362     1.5213     0.0204      0.002     -0.230     -0.333        280 6.8160e+02 0.0000e+00
     -0.235    22.8289     7.7869     90.500  27.252555     28.491      7.395   229.5923     2.1998     1.5079     0.0204      0.000     -0.229     -0.331        281 6.8376e+02 0.0000e+00
     -0.230    22.8290     7.7914     90.553  27.231370     28.461      7.402   229.8951     2.2240     1.5750     0.0204      0.001     -0.224     -0.326        282 6.7645e+02 0.0000e+00
     -0.222    22.8299     7.7997     90.649  27.227613     28.461      7.405   229.6680     2.2119     1.4676     0.0204      0.004     -0.219     -0.317        283 6.6575e+02 0.0000e+00
     -0.217    22.8307     7.8173     90.852  27.227584     28.461      7.406   230.4630     2.1998     1.5348     0.0204      0.008     -0.214     -0.311        284 6.4944e+02 0.0000e+00
     -0.217    22.8315     7.8386     91.099  27.231403     28.461      7.408   229.6301     2.2200     1.5348     0.0204      0.010     -0.214     -0.310        285 6.2213e+02 0.0000e+00
     -0.219    22.8321     7.8510     91.243  27.222858     28.460      7.403   230.1980     2.1472     1.4810     0.0204      0.011     -0.216     -0.312        286 6.1293e+02 0.0000e+00
     -0.223    22.8321     7.8602     91.351  27.178926     28.401      7.387   230.1980     2.1391     1.5616     0.0204      0.009     -0.219     -0.317        287 6.1670e+02 0.0000e+00
     -0.226    22.8325     7.8606     91.356  27.197139     28.430      7.368   229.8573     2.1472     1.4810     0.0204      0.006     -0.221     -0.320        288 6.1584e+02 0.0000e+00
     -0.226    22.8330     7.8579     91.324  27.229840     28.459      7.365   229.9330     2.1351     1.5616     0.0204      0.003     -0.221     -0.320        289 6.2992e+02 0.0000e+00
     -0.223    22.8330     7.8568     91.311  27.167876     28.401      7.365   230.3873     2.2200     1.5885     0.0204     -0.000     -0.219     -0.317        290 6.5248e+02 0.0000e+00
     -0.220    22.8329     7.8551     91.290  27.185314     28.400      7.370   230.8794     2.2159     1.5348     0.0204     -0.002     -0.217     -0.314        291 6.6642e+02 0.0000e+00
     -0.219    22.8330     7.8460     91.183  27.208137     28.459      7.375   231.4094     2.1917     1.4945     0.0204     -0.002     -0.216     -0.313        292 6.7225e+02 0.0000e+00
     -0.220    22.8324     7.8288     90.982  27.109827     28.313      7.381   231.5987     2.1836     1.5750     0.0203     -0.000     -0.216     -0.313        293 6.7266e+02 0.0000e+00
     -0.219    22.8319     7.8232     90.915  27.159432     28.400      7.389   231.8637     1.9329     1.5348     0.0204      0.002     -0.215     -0.312        294 6.7317e+02 0.0000e+00
     -0.219    22.8318     7.8066     90.720  27.205696     28.430      7.392   231.5230     1.9612     1.6288     0.0204      0.003     -0.215     -0.311        295 6.7160e+02 0.0000e+00
     -0.218    22.8317     7.7933     90.563  27.170835     28.401      7.396   231.9394     1.9652     1.5616     0.0204      0.004     -0.214     -0.310        296 6.6811e+02 0.0000e+00
     -0.218    22.8317     7.7880     90.500  27.173171     28.401      7.396   232.0909     1.9046     1.4676     0.0204      0.003     -0.214     -0.310        297 6.6577e+02 0.0000e+00
     -0.217    22.8318     7.7863     90.479  27.173144     28.401      7.401   232.5073     2.0906     1.5616     0.0204      0.002     -0.214     -0.310        298 6.7141e+02 0.0000e+00
     -0.219    22.8318     7.7868     90.483  27.230160     28.460      7.399   232.1666     2.0906     1.5348     0.0204      0.001     -0.215     -0.311        299 6.7207e+02 0.0000e+00
     -0.220    22.8317     7.7897     90.515  27.220796     28.459      7.396   232.4694     2.0744     1.5348     0.0204      0.000     -0.215     -0.312        300 6.6332e+02 0.0000e+00
     -0.218    22.8310     7.7966     90.596  27.184797     28.401      7.401   232.9994     2.1027     1.4676     0.0204      0.000     -0.215     -0.311        301 6.6612e+02 0.0000e+00
     -0.218    22.8299     7.7980     90.613  27.215671     28.460      7.400   233.1130     2.0704     1.4945     0.0204      0.000     -0.215     -0.311        302 6.6792e+02 0.0000e+00
     -0.220    22.8294     7.7829     90.437  27.182374     28.402      7.399   233.6809     2.0946     1.5750     0.0204     -0.000     -0.216     -0.313        303 6.7109e+02 0.0000e+00
     -0.222    22.8283     7.7711     90.301  27.166942     28.402      7.399   234.0216     2.0704     1.4945     0.0204     -0.002     -0.218     -0.315        304 6.7658e+02 0.0000e+00
     -0.223    22.8269     7.7699     90.287  27.175585     28.403      7.401   233.7944     2.0502     1.5616     0.0204     -0.002     -0.219     -0.317        305 6.7659e+02 0.0000e+00
     -0.223    22.8260     7.7721     90.314  27.171618     28.403      7.403   233.9459     2.1027     1.4542     0.0204     -0.003     -0.219     -0.317        306 6.7590e+02 0.0000e+00
     -0.222    22.8252     7.7750     90.347  27.171880     28.404      7.409   233.9459     2.1715     1.5616     0.0204     -0.002     -0.218     -0.316        307 6.7169e+02 0.0000e+00
     -0.221    22.8240     7.7761     90.360  27.175261     28.405      7.405   234.1730     2.1432     1.5348     0.0204     -0.002     -0.218     -0.316        308 6.6848e+02 0.0000e+00
     -0.222    22.8233     7.7821     90.431  27.167411     28.405      7.406   234.4002     2.1472     1.4945     0.0204     -0.002     -0.218     -0.316        309 6.6782e+02 0.0000e+00
     -0.222    22.8230     7.7968     90.603  27.181649     28.406      7.403   234.5137     2.1270     1.4542     0.0204     -0.001     -0.218     -0.316        310 6.6663e+02 0.0000e+00
     -0.222    22.8229     7.8091     90.746  27.157543     28.406      7.404   234.6273     2.2159     1.5750     0.0204     -0.000     -0.218     -0.316        311 6.6731e+02 0.0000e+00
     -0.222    22.8230     7.8096     90.750  27.108473     28.319      7.405   234.6273     2.2321     1.6153     0.0203      0.000     -0.218     -0.315        312 6.6882e+02 0.0000e+00
     -0.222    22.8233     7.8073     90.722  27.213068     28.465      7.407   234.9680     2.1917     1.3871     0.0204      0.000     -0.218     -0.315        313 6.7048e+02 0.0000e+00
     -0.221    22.8237     7.8005     90.642  27.234895     28.465      7.410   235.0816     2.2281     1.4945     0.0204      0.000     -0.217     -0.315        314 6.7484e+02 0.0000e+00
     -0.221    22.8237     7.7868     90.478  27.199893     28.435      7.410   235.0816     2.1957     1.4676     0.0204      0.000     -0.217     -0.315        315 6.7533e+02 0.0000e+00
     -0.221    22.8239     7.7798     90.394  27.167692     28.406      7.409   235.4980     2.2240     1.5885     0.0204      0.000     -0.217     -0.315        316 6.7330e+02 0.0000e+00
     -0.222    22.8240     7.7715     90.296  27.097095     28.318      7.410   235.6494     2.2362     1.5348     0.0203      0.000     -0.217     -0.315        317 6.7179e+02 0.0000e+00
     -0.221    22.8244     7.7640     90.209  27.169167     28.406      7.408   235.5737     2.2159     1.4676     0.0204      0.000     -0.217     -0.314        318 6.7144e+02 0.0000e+00
     -0.220    22.8251     7.7605     90.168  27.226228     28.464      7.409   235.6494     2.3292     1.4945     0.0204      0.001     -0.216     -0.312        319 6.7279e+02 0.0000e+00
     -0.217    22.8260     7.7609     90.173  27.174311     28.405      7.409   235.4980     2.3494     1.5750     0.0204      0.001     -0.215     -0.311        320 6.7027e+02 0.0000e+00
     -0.219    22.8260     7.7626     90.193  27.174486     28.405      7.407   235.3466     2.3211     1.4810     0.0204      0.002     -0.216     -0.314        321 6.7209e+02 0.0000e+00
     -0.226    22.8249     7.7723     90.303  27.196364     28.434      7.408   235.8766     2.3373     1.5616     0.0204     -0.000     -0.220     -0.319        322 6.8051e+02 0.0000e+00
     -0.228    22.8238     7.7803     90.391  27.176729     28.405      7.408   235.4223     2.3534     1.5616     0.0204     -0.002     -0.222     -0.322        323 6.7725e+02 0.0000e+00
     -0.225    22.8226     7.7765     90.342  27.169277     28.405      7.408   235.4602     2.1593     1.5348     0.0204     -0.002     -0.221     -0.320        324 6.7721e+02 0.0000e+00
     -0.224    22.8208     7.7830     90.413  27.175994     28.406      7.403   235.8009     2.1553     1.5348     0.0204     -0.003     -0.220     -0.319        325 6.9119e+02 0.0000e+00
     -0.224    22.8189     7.7813     90.390  27.168371     28.406      7.392   235.8009     2.1472     1.5079     0.0204     -0.003     -0.220     -0.318        326 6.9159e+02 0.0000e+00
     -0.223    22.8181     7.7860     90.441  27.178764     28.408      7.382   235.9144     2.1270     1.4676     0.0204     -0.003     -0.219     -0.317        327 6.8313e+02 0.0000e+00
     -0.223    22.8180     7.7907     90.499  27.192705     28.438      7.377   235.4602     2.1270     1.5348     0.0204     -0.002     -0.219     -0.317        328 6.7548e+02 0.0000e+00
     -0.223    22.8180     7.8049     90.668  27.180667     28.409      7.379   235.3466     2.1391     1.6153     0.0204      0.000     -0.220     -0.318        329 6.6558e+02 0.0000e+00
     -0.226    22.8180     7.8144     90.782  27.164099     28.409      7.377   235.4223     2.1755     1.5885     0.0204      0.001     -0.222     -0.321        330 6.5664e+02 0.0000e+00
     -0.229    22.8181     7.8304     90.970  27.183676     28.409      7.381   235.0816     2.1149     1.6422     0.0204     -0.000     -0.224     -0.324        331 6.5188e+02 0.0000e+00
     -0.229    22.8165     7.8323     90.994  27.156304     28.409      7.383   234.9680     2.2119     1.4945     0.0204     -0.002     -0.222     -0.322        332 6.5344e+02 0.0000e+00
     -0.219    22.8139     7.8340     91.013  27.109228     28.322      7.386   235.1194     2.2119     1.5616     0.0203     -0.001     -0.215     -0.312        333 6.5318e+02 0.0000e+00
     -0.210    22.8110     7.8237     90.891  27.153326     28.410      7.391   235.4223     2.2200     1.5616     0.0204      0.003     -0.208     -0.301        334 6.5506e+02 0.0000e+00
     -0.206    22.8082     7.8140     90.775  27.190362     28.412      7.388   235.6116     2.2240     1.6422     0.0204      0.007     -0.204     -0.296        335 6.6445e+02 0.0000e+00
     -0.208    22.8062     7.8059     90.678  27.152074     28.413      7.384   235.7630     2.1876     1.5213     0.0204      0.010     -0.204     -0.297        336 6.6785e+02 0.0000e+00
     -0.212    22.8048     7.7949     90.548  27.112040     28.328      7.381   235.6873     2.2119     1.5348     0.0203      0.011     -0.207     -0.300        337 6.6153e+02 0.0000e+00
     -0.214    22.8060     7.7893     90.479  27.151250     28.416      7.387   235.4980     2.2362     1.5885     0.0204      0.010     -0.209     -0.303        338 6.6007e+02 0.0000e+00
     -0.214    22.8085     7.7936     90.525  27.192216     28.417      7.386   236.2173     2.2402     1.4945     0.0204      0.008     -0.212     -0.308        339 6.6322e+02 0.0000e+00
     -0.223    22.8105     7.7980     90.576  27.149995     28.416      7.374   235.9902     2.1998     1.4945     0.0204      0.002     -0.219     -0.317        340 6.6294e+02 0.0000e+00
