Data/DataNotYetUploadedToEDI/Raw_CTD/RawDownloads/051718_bvr50.cnv
* Sea-Bird SBE19plus  Data File:
* FileName = C:\DATA\051718_bvr_0001.hex
* Software version 2.6.3.104
* Temperature SN = 7809
* Conductivity SN = 7809
* System UpLoad Time = May 17 2018 16:20:11
* <ApplicationData>
* <Seaterm232>
# nquan = 17
# nvalues = 1036                        
# units = specified
# name 0 = depFM: Depth [fresh water, m]
# name 1 = tv290C: Temperature [ITS-90, deg C]
# name 2 = sbeox0Mg/L: Oxygen, SBE 43 [mg/l]
# name 3 = sbeox0PS: Oxygen, SBE 43 [% saturation]
# name 4 = c0uS/cm: Conductivity [uS/cm]
# name 5 = specc: Specific Conductance [uS/cm]
# name 6 = ph: pH
# name 7 = orp: Oxidation Reduction Potential [mV]
# name 8 = flECO-AFL: Fluorescence, WET Labs ECO-AFL/FL [mg/m^3]
# name 9 = turbWETntu0: Turbidity, WET Labs ECO [NTU]
# name 10 = sal00: Salinity, Practical [PSU]
# name 11 = dz/dtM: Descent Rate [m/s]
# name 12 = prdM: Pressure, Strain Gauge [db]
# name 13 = prdE: Pressure, Strain Gauge [psi]
# name 14 = scan: Scan Count
# name 15 = par/sat/log: PAR/Logarithmic, Satlantic
# name 16 = flag:  0.000e+00
# span 0 =     -0.685,     10.558       
# span 1 =     7.0993,    22.8330       
# span 2 =     0.1023,    10.1378       
# span 3 =      0.846,    106.484       
# span 4 =  -0.052758,  40.692937       
# span 5 =      0.483,     63.396       
# span 6 =      6.061,      7.529       
# span 7 = -1240.7455,   285.2046       
# span 8 =    -0.2628,     4.3469       
# span 9 =    -0.2243,    14.2107       
# span 10 =     0.0107,     0.0293      
# span 11 =     -0.041,      0.179      
# span 12 =     -0.672,     10.353      
# span 13 =     -0.974,     15.016      
# span 14 =          1,       1036      
# span 15 = 1.2509e-01, 6.9159e+02      
# span 16 = 0.0000e+00, 0.0000e+00      
# interval = seconds: 0.25
# start_time = May 17 2018 14:52:37 [Instrument's time stamp, header]
# bad_flag = -9.990e-29
*END*
[from data line 86]
     -0.179    22.7207     6.0144     69.729  27.182667     28.465      7.513   187.3436     2.1755     1.4408     0.0204     -0.001     -0.175     -0.254         87 6.1093e+02 0.0000e+00
     -0.178    22.7194     6.0528     70.155  27.162325     28.466      7.515   188.7443     2.1149     1.5616     0.0204     -0.003     -0.179     -0.258         88 6.1694e+02 0.0000e+00
     -0.188    22.7173     6.0907     70.591  27.096761     28.379      7.512   188.4415     2.1634     1.5885     0.0203     -0.006     -0.189     -0.273         89 6.2632e+02 0.0000e+00
     -0.211    22.7171     6.1280     71.029  27.086388     28.380      7.518   188.4793     2.1149     1.5348     0.0203     -0.012     -0.203     -0.294         90 6.3889e+02 0.0000e+00
     -0.219    22.7233     6.1663     71.481  27.175233     28.469      7.517   189.4636     2.1229     1.4945     0.0204     -0.019     -0.209     -0.303         91 6.3964e+02 0.0000e+00
     -0.207    22.7328     6.2119     72.016  27.253006     28.557      7.516   189.6150     2.1634     1.5348     0.0204     -0.021     -0.204     -0.296         92 6.3826e+02 0.0000e+00
     -0.199    22.7410     6.2453     72.405  27.167476     28.466      7.493   190.0693     2.1432     1.5348     0.0204     -0.019     -0.197     -0.286         93 6.3914e+02 0.0000e+00
     -0.199    22.7415     6.2747     72.741  27.103796     28.372      7.482   189.6529     2.1512     1.6422     0.0203     -0.015     -0.192     -0.279         94 6.3721e+02 0.0000e+00
     -0.187    22.7354     6.3009     73.038  27.154376     28.455      7.479   190.1072     2.1310     1.4542     0.0204     -0.007     -0.187     -0.271         95 6.3111e+02 0.0000e+00
     -0.186    22.7239     6.3189     73.242  27.104529     28.367      7.475   190.2586     2.1593     1.5079     0.0203      0.001     -0.188     -0.272         96 6.2787e+02 0.0000e+00
     -0.202    22.7047     6.3191     73.240  27.076895     28.371      7.464   190.5993     2.2766     1.4945     0.0203      0.006     -0.200     -0.291         97 6.2726e+02 0.0000e+00
     -0.225    22.6900     6.3011     73.028  27.099832     28.377      7.475   191.1672     2.2847     1.5348     0.0203      0.003     -0.220     -0.318         98 6.2665e+02 0.0000e+00
     -0.244    22.6870     6.2710     72.678  27.164923     28.477      7.479   191.2429     2.2887     1.5616     0.0204     -0.010     -0.236     -0.341         99 6.2806e+02 0.0000e+00
     -0.251    22.6912     6.2295     72.195  27.173768     28.486      7.488   191.9622     2.2685     1.5348     0.0204     -0.025     -0.242     -0.350        100 6.2970e+02 0.0000e+00
     -0.244    22.6975     6.1819     71.642  27.177766     28.487      7.496   192.0757     1.9895     1.4945     0.0204     -0.032     -0.237     -0.344        101 6.3346e+02 0.0000e+00
     -0.230    22.7022     6.1204     70.929  27.159950     28.485      7.489   193.0979     2.0016     1.6153     0.0204     -0.031     -0.228     -0.331        102 6.3916e+02 0.0000e+00
     -0.226    22.7033     6.0629     70.262  27.107002     28.393      7.477   193.2115     2.0178     1.5482     0.0203     -0.026     -0.224     -0.325        103 6.4346e+02 0.0000e+00
     -0.229    22.6994     6.0042     69.581  27.154720     28.478      7.462   193.8550     2.0340     1.5616     0.0204     -0.017     -0.226     -0.327        104 6.5064e+02 0.0000e+00
     -0.234    22.6945     5.9488     68.936  27.189502     28.478      7.456   194.4229     2.0138     1.5213     0.0204     -0.005     -0.229     -0.333        105 6.5577e+02 0.0000e+00
     -0.238    22.6915     5.9009     68.381  27.152654     28.480      7.454   194.4608     2.0138     1.5616     0.0204      0.003     -0.233     -0.338        106 6.5932e+02 0.0000e+00
     -0.241    22.6887     5.8438     67.717  27.111641     28.395      7.459   195.5586     2.0178     1.6019     0.0203      0.005     -0.235     -0.340        107 6.6538e+02 0.0000e+00
     -0.239    22.6866     5.7993     67.201  27.151606     28.485      7.468   195.2936     2.0340     1.5885     0.0204      0.002     -0.234     -0.339        108 6.6996e+02 0.0000e+00
     -0.237    22.6852     5.7563     66.701  27.102920     28.399      7.471   196.2400     2.0744     1.4945     0.0203     -0.002     -0.233     -0.338        109 6.7159e+02 0.0000e+00
     -0.237    22.6841     5.7138     66.208  27.083295     28.400      7.474   196.3536     2.1027     1.4945     0.0203     -0.006     -0.233     -0.338        110 6.7029e+02 0.0000e+00
     -0.239    22.6833     5.6747     65.754  27.087093     28.401      7.474   196.3536     2.0906     1.6019     0.0203     -0.005     -0.234     -0.339        111 6.6801e+02 0.0000e+00
     -0.239    22.6830     5.6409     65.361  27.098194     28.401      7.477   197.2622     2.0785     1.5616     0.0203     -0.003     -0.234     -0.339        112 6.6578e+02 0.0000e+00
     -0.238    22.6824     5.6051     64.944  27.158417     28.490      7.479   197.1486     2.0421     1.5079     0.0204     -0.001     -0.234     -0.339        113 6.6506e+02 0.0000e+00
     -0.239    22.6810     5.5566     64.381  27.101083     28.402      7.482   197.5650     2.1432     1.4945     0.0203      0.000     -0.235     -0.340        114 6.6414e+02 0.0000e+00
     -0.241    22.6801     5.5324     64.099  27.080610     28.402      7.486   198.1708     2.1472     1.5213     0.0203     -0.000     -0.236     -0.342        115 6.6386e+02 0.0000e+00
     -0.242    22.6794     5.5057     63.789  27.094960     28.403      7.487   197.9815     2.1512     1.6422     0.0203     -0.002     -0.237     -0.343        116 6.6480e+02 0.0000e+00
     -0.241    22.6781     5.4680     63.351  27.083224     28.404      7.487   198.4736     2.1432     1.4676     0.0203     -0.002     -0.236     -0.343        117 6.6359e+02 0.0000e+00
     -0.240    22.6769     5.4453     63.087  27.095214     28.404      7.476   199.1929     2.1229     1.5616     0.0203     -0.002     -0.236     -0.343        118 6.6200e+02 0.0000e+00
     -0.242    22.6761     5.4164     62.751  27.168975     28.493      7.458   199.4201     2.1432     1.4676     0.0204     -0.002     -0.236     -0.343        119 6.6310e+02 0.0000e+00
     -0.241    22.6753     5.3860     62.397  27.169304     28.493      7.448   199.9879     2.1351     1.4945     0.0204     -0.001     -0.236     -0.342        120 6.6481e+02 0.0000e+00
     -0.240    22.6747     5.3603     62.099  27.094806     28.406      7.452   200.4043     2.1553     1.5079     0.0203     -0.001     -0.235     -0.341        121 6.6569e+02 0.0000e+00
     -0.240    22.6737     5.3332     61.784  27.083813     28.406      7.457   200.3286     2.0582     1.5750     0.0203     -0.000     -0.235     -0.341        122 6.6801e+02 0.0000e+00
     -0.240    22.6727     5.3036     61.440  27.094047     28.407      7.461   201.2372     2.0866     1.5616     0.0203      0.001     -0.236     -0.342        123 6.6823e+02 0.0000e+00
     -0.241    22.6715     5.2808     61.174  27.082071     28.407      7.467   200.7451     2.0704     1.5213     0.0203      0.000     -0.236     -0.342        124 6.6709e+02 0.0000e+00
     -0.241    22.6702     5.2553     60.879  27.098717     28.408      7.474   201.3129     2.0785     1.4945     0.0203      0.000     -0.235     -0.341        125 6.6788e+02 0.0000e+00
     -0.239    22.6693     5.2322     60.610  27.102976     28.438      7.477   201.8051     2.2483     1.5482     0.0203      0.001     -0.234     -0.340        126 6.6879e+02 0.0000e+00
     -0.239    22.6682     5.2191     60.457  27.106417     28.410      7.482   202.6001     2.2766     1.5482     0.0203      0.001     -0.234     -0.340        127 6.6919e+02 0.0000e+00
     -0.240    22.6672     5.1891     60.107  27.153727     28.498      7.482   203.0543     2.2766     1.5616     0.0204      0.001     -0.235     -0.341        128 6.6986e+02 0.0000e+00
     -0.240    22.6664     5.1661     59.841  27.103391     28.411      7.483   202.9029     2.2887     1.5885     0.0203      0.000     -0.235     -0.341        129 6.7090e+02 0.0000e+00
     -0.240    22.6654     5.1452     59.598  27.080123     28.411      7.485   203.1301     2.2604     1.4273     0.0203      0.000     -0.235     -0.341        130 6.7177e+02 0.0000e+00
     -0.240    22.6646     5.1284     59.403  27.093748     28.412      7.488   203.5465     2.2726     1.5348     0.0203      0.000     -0.235     -0.341        131 6.7250e+02 0.0000e+00
     -0.240    22.6635     5.1043     59.123  27.086436     28.412      7.490   203.8494     2.2685     1.6422     0.0203      0.000     -0.235     -0.341        132 6.7293e+02 0.0000e+00
     -0.240    22.6626     5.0882     58.935  27.118868     28.442      7.487   204.2658     2.2726     1.5885     0.0203     -0.000     -0.235     -0.341        133 6.7356e+02 0.0000e+00
     -0.239    22.6619     5.0636     58.649  27.083031     28.414      7.489   204.5686     2.2604     1.4542     0.0203     -0.000     -0.235     -0.341        134 6.7326e+02 0.0000e+00
     -0.240    22.6608     5.0490     58.480  27.042099     28.355      7.488   204.9851     2.4586     1.5213     0.0203     -0.000     -0.235     -0.341        135 6.7175e+02 0.0000e+00
     -0.239    22.6599     5.0355     58.322  27.080873     28.415      7.489   205.2122     2.4788     1.5079     0.0203      0.000     -0.235     -0.340        136 6.7018e+02 0.0000e+00
     -0.239    22.6589     5.0184     58.123  27.094068     28.415      7.488   205.7044     2.4667     1.5616     0.0203      0.000     -0.235     -0.340        137 6.6824e+02 0.0000e+00
     -0.240    22.6579     5.0021     57.934  27.084969     28.416      7.488   206.1586     2.4788     1.5079     0.0203      0.000     -0.235     -0.341        138 6.6767e+02 0.0000e+00
     -0.240    22.6576     4.9818     57.698  27.092198     28.416      7.484   206.4236     2.2604     1.5213     0.0203      0.000     -0.235     -0.341        139 6.6860e+02 0.0000e+00
     -0.240    22.6568     4.9734     57.599  27.114718     28.446      7.484   206.1208     2.2523     1.5348     0.0203      0.000     -0.235     -0.341        140 6.7017e+02 0.0000e+00
     -0.239    22.6560     4.9513     57.343  27.086590     28.417      7.485   206.2344     2.2604     1.5885     0.0203     -0.000     -0.235     -0.340        141 6.7248e+02 0.0000e+00
     -0.239    22.6554     4.9398     57.209  27.038265     28.359      7.485   206.9158     2.3009     1.5885     0.0203     -0.000     -0.235     -0.340        142 6.7331e+02 0.0000e+00
     -0.240    22.6546     4.9227     57.011  27.085920     28.418      7.483   206.8022     2.3292     1.5348     0.0203     -0.000     -0.235     -0.341        143 6.7256e+02 0.0000e+00
     -0.240    22.6537     4.9118     56.884  27.086577     28.418      7.484   207.4836     2.3251     1.5213     0.0203     -0.000     -0.235     -0.341        144 6.7248e+02 0.0000e+00
     -0.239    22.6530     4.8976     56.719  27.096738     28.419      7.482   207.2565     2.3575     1.5616     0.0203      0.000     -0.235     -0.340        145 6.7234e+02 0.0000e+00
     -0.239    22.6522     4.8791     56.503  27.102919     28.449      7.482   207.7108     2.3656     1.5616     0.0203      0.000     -0.235     -0.340        146 6.7212e+02 0.0000e+00
     -0.240    22.6513     4.8671     56.363  27.049238     28.361      7.480   208.4301     2.2806     1.5213     0.0203      0.000     -0.235     -0.341        147 6.7164e+02 0.0000e+00
     -0.240    22.6507     4.8535     56.206  27.074606     28.420      7.481   208.6194     2.2523     1.4542     0.0203     -0.000     -0.235     -0.341        148 6.7075e+02 0.0000e+00
     -0.240    22.6500     4.8407     56.057  27.100996     28.421      7.477   208.3544     2.2847     1.4408     0.0203     -0.000     -0.235     -0.341        149 6.7215e+02 0.0000e+00
     -0.240    22.6491     4.8296     55.928  27.075688     28.421      7.481   209.2629     2.2928     1.4273     0.0203     -0.000     -0.235     -0.341        150 6.7333e+02 0.0000e+00
     -0.240    22.6484     4.8152     55.761  27.046811     28.363      7.479   209.5279     2.3373     1.4676     0.0203     -0.000     -0.235     -0.341        151 6.7474e+02 0.0000e+00
     -0.239    22.6478     4.8040     55.631  27.077643     28.422      7.481   209.6037     2.3413     1.5616     0.0203     -0.000     -0.235     -0.340        152 6.7632e+02 0.0000e+00
     -0.239    22.6473     4.7925     55.496  27.126254     28.452      7.484   210.0201     2.3413     1.5213     0.0203      0.000     -0.234     -0.340        153 6.7603e+02 0.0000e+00
     -0.239    22.6467     4.7855     55.415  27.075251     28.423      7.484   209.9065     2.3453     1.4945     0.0203      0.000     -0.234     -0.340        154 6.7556e+02 0.0000e+00
     -0.239    22.6460     4.7672     55.202  27.052180     28.364      7.486   209.6415     2.3130     1.5213     0.0203      0.001     -0.235     -0.341        155 6.7424e+02 0.0000e+00
     -0.241    22.6452     4.7580     55.095  27.066029     28.423      7.488   209.9822     2.3211     1.5079     0.0203      0.000     -0.236     -0.342        156 6.7269e+02 0.0000e+00
     -0.241    22.6446     4.7464     54.961  27.058016     28.365      7.489   210.0958     2.3332     1.4408     0.0203     -0.000     -0.236     -0.342        157 6.7145e+02 0.0000e+00
     -0.240    22.6443     4.7330     54.804  27.062154     28.424      7.488   210.3987     2.3130     1.6422     0.0203     -0.000     -0.235     -0.341        158 6.7130e+02 0.0000e+00
     -0.239    22.6438     4.7219     54.676  27.060881     28.366      7.483   211.2694     2.3817     1.5885     0.0203     -0.000     -0.235     -0.340        159 6.7194e+02 0.0000e+00
     -0.239    22.6432     4.7129     54.572  27.089245     28.454      7.476   211.8372     2.3696     1.5616     0.0203     -0.000     -0.235     -0.340        160 6.7264e+02 0.0000e+00
     -0.240    22.6426     4.7017     54.441  27.056501     28.367      7.468   212.0265     2.3292     1.4676     0.0203     -0.000     -0.235     -0.341        161 6.7352e+02 0.0000e+00
     -0.240    22.6418     4.6941     54.354  27.071986     28.426      7.464   212.4808     2.3373     1.4542     0.0203     -0.000     -0.235     -0.341        162 6.7473e+02 0.0000e+00
     -0.240    22.6413     4.6901     54.307  27.099620     28.426      7.461   212.7837     2.3453     1.5750     0.0203      0.000     -0.235     -0.341        163 6.7518e+02 0.0000e+00
     -0.239    22.6407     4.6812     54.203  27.081402     28.426      7.462   212.9351     2.3615     1.4810     0.0203      0.000     -0.235     -0.341        164 6.7562e+02 0.0000e+00
     -0.240    22.6400     4.6730     54.108  27.035368     28.368      7.462   213.3515     2.3130     1.6019     0.0203      0.000     -0.235     -0.342        165 6.7589e+02 0.0000e+00
     -0.241    22.6396     4.6723     54.100  27.038328     28.368      7.460   213.5787     2.3211     1.5616     0.0203     -0.000     -0.236     -0.343        166 6.7467e+02 0.0000e+00
     -0.241    22.6391     4.6648     54.013  27.107362     28.457      7.464   214.0330     2.3292     1.5348     0.0203     -0.001     -0.237     -0.344        167 6.7387e+02 0.0000e+00
     -0.242    22.6385     4.6585     53.940  27.097681     28.428      7.462   214.1087     2.3170     1.5348     0.0203     -0.001     -0.237     -0.344        168 6.7255e+02 0.0000e+00
     -0.241    22.6383     4.6493     53.833  27.080022     28.428      7.460   213.9194     2.2483     1.5885     0.0203     -0.001     -0.236     -0.343        169 6.7414e+02 0.0000e+00
     -0.239    22.6379     4.6453     53.787  27.099695     28.428      7.461   214.0330     2.2685     1.5213     0.0203     -0.001     -0.234     -0.340        170 6.7656e+02 0.0000e+00
