Data/DataNotYetUploadedToEDI/Raw_CTD/RawDownloads/051718_bvr50.cnv
* Sea-Bird SBE19plus  Data File:
* FileName = C:\DATA\051718_bvr_0001.hex
* Software version 2.6.3.104
* Temperature SN = 7809
* Conductivity SN = 7809
* System UpLoad Time = May 17 2018 16:20:11
* <ApplicationData>
* <Seaterm232>
# nquan = 17
# nvalues = 1036                        
# units = specified
# name 0 = depFM: Depth [fresh water, m]
# name 1 = tv290C: Temperature [ITS-90, deg C]
# name 2 = sbeox0Mg/L: Oxygen, SBE 43 [mg/l]
# name 3 = sbeox0PS: Oxygen, SBE 43 [% saturation]
# name 4 = c0uS/cm: Conductivity [uS/cm]
# name 5 = specc: Specific Conductance [uS/cm]
# name 6 = ph: pH
# name 7 = orp: Oxidation Reduction Potential [mV]
# name 8 = flECO-AFL: Fluorescence, WET Labs ECO-AFL/FL [mg/m^3]
# name 9 = turbWETntu0: Turbidity, WET Labs ECO [NTU]
# name 10 = sal00: Salinity, Practical [PSU]
# name 11 = dz/dtM: Descent Rate [m/s]
# name 12 = prdM: Pressure, Strain Gauge [db]
# name 13 = prdE: Pressure, Strain Gauge [psi]
# name 14 = scan: Scan Count
# name 15 = par/sat/log: PAR/Logarithmic, Satlantic
# name 16 = flag:  0.000e+00
# span 0 =     -0.685,     10.558       
# span 1 =     7.0993,    22.8330       
# span 2 =     0.1023,    10.1378       
# span 3 =      0.846,    106.484       
# span 4 =  -0.052758,  40.692937       
# span 5 =      0.483,     63.396       
# span 6 =      6.061,      7.529       
# span 7 = -1240.7455,   285.2046       
# span 8 =    -0.2628,     4.3469       
# span 9 =    -0.2243,    14.2107       
# span 10 =     0.0107,     0.0293      
# span 11 =     -0.041,      0.179      
# span 12 =     -0.672,     10.353      
# span 13 =     -0.974,     15.016      
# span 14 =          1,       1036      
# span 15 = 1.2509e-01, 6.9159e+02      
# span 16 = 0.0000e+00, 0.0000e+00      
# interval = seconds: 0.25
# start_time = May 17 2018 14:52:37 [Instrument's time stamp, header]
# bad_flag = -9.990e-29
*END*
[from data line 681]
      5.066    10.2603     5.3318     47.303  21.697874     30.743      6.744   278.3903     2.0016     2.6761     0.0167      0.051      4.969      7.207        682 4.4659e+00 0.0000e+00
      5.080    10.2850     5.3315     47.269  21.699506     30.768      6.739   278.4660     2.0259     2.6761     0.0167      0.049      4.982      7.225        683 4.3996e+00 0.0000e+00
      5.094    10.2825     5.3301     47.219  21.696493     30.767      6.739   278.3903     2.0299     2.7433     0.0167      0.047      4.995      7.245        684 4.3424e+00 0.0000e+00
      5.107    10.2477     5.3295     47.181  21.701625     30.745      6.737   278.6174     2.0340     2.7164     0.0167      0.048      5.008      7.265        685 4.2719e+00 0.0000e+00
      5.122    10.2191     5.3175     47.045  21.693115     30.746      6.732   278.5039     2.0097     2.6761     0.0167      0.049      5.023      7.285        686 4.2249e+00 0.0000e+00
      5.136    10.2072     5.2999     46.862  21.707084     30.778      6.730   278.4281     2.0219     2.6896     0.0167      0.051      5.038      7.306        687 4.2069e+00 0.0000e+00
      5.153    10.1903     5.2774     46.638  21.743525     30.882      6.727   278.4660     2.0057     2.6493     0.0167      0.054      5.053      7.329        688 4.1696e+00 0.0000e+00
      5.168    10.1446     5.2548     46.415  21.707051     30.814      6.722   278.9581     1.9935     2.7836     0.0167      0.056      5.067      7.349        689 4.1125e+00 0.0000e+00
      5.180    10.0937     5.2300     46.176  21.693204     30.827      6.718   278.8824     2.0219     2.6896     0.0167      0.057      5.080      7.368        690 4.0547e+00 0.0000e+00
      5.192    10.0688     5.2054     45.947  21.701486     30.869      6.718   278.9581     2.0421     2.7164     0.0167      0.056      5.092      7.384        691 4.0095e+00 0.0000e+00
      5.202    10.0562     5.1656     45.580  21.696757     30.913      6.715   278.9581     2.0340     2.7701     0.0167      0.055      5.103      7.400        692 3.9970e+00 0.0000e+00
      5.215    10.0298     5.1342     45.278  21.699104     30.935      6.713   279.0339     2.0178     2.7298     0.0166      0.053      5.115      7.418        693 3.9878e+00 0.0000e+00
      5.230     9.9957     5.1016     44.963  21.698574     30.945      6.710   279.2610     1.9491     2.7701     0.0166      0.052      5.129      7.439        694 3.9076e+00 0.0000e+00
      5.246     9.9662     5.0730     44.685  21.727060     31.009      6.706   279.3367     1.9572     2.7298     0.0167      0.051      5.144      7.461        695 3.8324e+00 0.0000e+00
      5.260     9.9396     5.0232     44.224  21.752577     31.079      6.703   279.2610     1.9450     2.6761     0.0167      0.051      5.158      7.481        696 3.8217e+00 0.0000e+00
      5.273     9.9149     4.9876     43.891  21.755745     31.106      6.701   279.0339     1.9572     2.8238     0.0167      0.052      5.170      7.499        697 3.7694e+00 0.0000e+00
      5.284     9.8921     4.9402     43.457  21.752765     31.129      6.699   279.1853     1.8278     2.7836     0.0167      0.052      5.182      7.516        698 3.6877e+00 0.0000e+00
      5.295     9.8708     4.8872     42.975  21.756293     31.151      6.695   279.0717     1.8116     2.7298     0.0167      0.052      5.192      7.531        699 3.6714e+00 0.0000e+00
      5.306     9.8528     4.8439     42.579  21.751363     31.172      6.694   279.2989     1.8358     2.6090     0.0167      0.052      5.203      7.547        700 3.6538e+00 0.0000e+00
      5.319     9.8413     4.7901     42.092  21.758908     31.190      6.692   279.6017     1.8520     2.8507     0.0167      0.050      5.216      7.566        701 3.6170e+00 0.0000e+00
      5.334     9.8266     4.7493     41.720  21.806188     31.287      6.689   279.5260     1.8156     2.7567     0.0167      0.049      5.231      7.587        702 3.5839e+00 0.0000e+00
      5.349     9.8037     4.7015     41.287  21.811085     31.297      6.687   279.4503     1.8358     2.7433     0.0167      0.049      5.246      7.609        703 3.5359e+00 0.0000e+00
      5.366     9.7779     4.6611     40.921  21.812095     31.310      6.685   279.5639     1.7954     2.7164     0.0167      0.051      5.262      7.633        704 3.5074e+00 0.0000e+00
      5.384     9.7532     4.6319     40.655  21.804936     31.331      6.682   279.6774     1.8197     2.7701     0.0167      0.054      5.278      7.656        705 3.4463e+00 0.0000e+00
      5.398     9.7318     4.6125     40.484  21.820002     31.354      6.681   279.4881     1.7752     2.6896     0.0167      0.057      5.293      7.676        706 3.4162e+00 0.0000e+00
      5.410     9.7135     4.6022     40.385  21.882270     31.497      6.678   279.4503     1.7469     2.7030     0.0167      0.059      5.306      7.695        707 3.3694e+00 0.0000e+00
      5.424     9.6974     4.5927     40.283  21.816368     31.396      6.675   279.3746     1.7226     2.6761     0.0167      0.059      5.319      7.714        708 3.3310e+00 0.0000e+00
      5.437     9.6822     4.5959     40.292  21.753827     31.332      6.671   279.5260     1.7752     2.7567     0.0166      0.059      5.332      7.734        709 3.2842e+00 0.0000e+00
      5.452     9.6672     4.5883     40.217  21.811911     31.427      6.672   279.1474     1.7671     2.7836     0.0167      0.058      5.347      7.755        710 3.2330e+00 0.0000e+00
      5.467     9.6524     4.5893     40.222  21.862643     31.521      6.668   279.3746     1.7550     2.6761     0.0167      0.057      5.361      7.776        711 3.2468e+00 0.0000e+00
      5.480     9.6382     4.5913     40.232  21.809253     31.454      6.666   279.6396     1.7752     2.6896     0.0167      0.055      5.374      7.794        712 3.2257e+00 0.0000e+00
      5.491     9.6254     4.5874     40.176  21.819082     31.468      6.665   279.4503     1.7631     2.7701     0.0167      0.053      5.385      7.810        713 3.1921e+00 0.0000e+00
      5.503     9.6133     4.5816     40.106  21.880056     31.602      6.663   279.5260     1.7914     2.7298     0.0167      0.053      5.397      7.827        714 3.1261e+00 0.0000e+00
      5.517     9.6051     4.5753     40.034  21.911210     31.613      6.660   279.8667     1.7550     2.7433     0.0167      0.052      5.410      7.847        715 3.0736e+00 0.0000e+00
      5.532     9.6027     4.5709     39.968  21.869232     31.624      6.655   279.6774     1.7307     2.7164     0.0167      0.052      5.425      7.868        716 3.0284e+00 0.0000e+00
      5.548     9.5944     4.5555     39.806  21.784106     31.431      6.653   279.4503     1.7469     2.7433     0.0166      0.052      5.441      7.891        717 2.9858e+00 0.0000e+00
      5.564     9.5744     4.5331     39.583  21.839316     31.594      6.651   279.5260     1.7752     2.7433     0.0167      0.053      5.456      7.914        718 2.9802e+00 0.0000e+00
      5.580     9.5547     4.5152     39.403  21.830164     31.521      6.646   279.4503     1.7792     2.7836     0.0167      0.055      5.471      7.936        719 2.9560e+00 0.0000e+00
      5.594     9.5456     4.4838     39.106  21.795498     31.539      6.646   279.6017     1.7469     2.6761     0.0167      0.057      5.486      7.957        720 2.9110e+00 0.0000e+00
      5.611     9.5428     4.4512     38.797  21.823184     31.557      6.642   279.5639     1.7590     2.6761     0.0167      0.059      5.503      7.982        721 2.8712e+00 0.0000e+00
      5.631     9.5337     4.4183     38.485  21.795715     31.565      6.638   279.8289     1.7671     2.7298     0.0167      0.062      5.522      8.008        722 2.8048e+00 0.0000e+00
      5.648     9.5120     4.3945     38.255  21.829686     31.568      6.635   280.2453     1.6094     2.8238     0.0167      0.064      5.538      8.032        723 2.7671e+00 0.0000e+00
      5.662     9.4910     4.3595     37.926  21.869826     31.697      6.633   280.3210     1.6013     2.7030     0.0167      0.065      5.552      8.053        724 2.7577e+00 0.0000e+00
      5.676     9.4726     4.3272     37.621  21.834682     31.596      6.628   280.3589     1.6296     2.7298     0.0167      0.064      5.567      8.074        725 2.7430e+00 0.0000e+00
      5.692     9.4456     4.2999     37.361  21.843789     31.696      6.626   280.2453     1.6094     2.7298     0.0167      0.064      5.582      8.096        726 2.7083e+00 0.0000e+00
      5.707     9.4150     4.2651     37.036  21.828859     31.632      6.623   280.5860     1.6620     2.7433     0.0167      0.063      5.597      8.117        727 2.6576e+00 0.0000e+00
      5.722     9.3868     4.2275     36.689  21.793990     31.657      6.621   280.7753     1.6498     2.7567     0.0167      0.062      5.612      8.140        728 2.6030e+00 0.0000e+00
      5.739     9.3613     4.2125     36.543  21.827913     31.685      6.616   280.6996     1.6175     2.7298     0.0167      0.061      5.628      8.163        729 2.5923e+00 0.0000e+00
      5.756     9.3372     4.1830     36.272  21.875569     31.833      6.617   280.5481     1.6377     2.7970     0.0167      0.060      5.645      8.188        730 2.5862e+00 0.0000e+00
      5.774     9.3104     4.1773     36.209  21.823610     31.735      6.612   280.3210     1.6458     2.7836     0.0166      0.062      5.664      8.215        731 2.5151e+00 0.0000e+00
      5.798     9.2826     4.1949     36.346  21.803667     31.757      6.608   280.3589     1.6256     2.6896     0.0166      0.065      5.684      8.245        732 2.4702e+00 0.0000e+00
      5.817     9.2572     4.2272     36.608  21.870757     31.863      6.606   281.0781     1.6215     2.6493     0.0167      0.069      5.704      8.273        733 2.4299e+00 0.0000e+00
      5.835     9.2315     4.2653     36.927  21.888320     31.930      6.600   280.9646     1.6175     2.7433     0.0167      0.071      5.723      8.300        734 2.4022e+00 0.0000e+00
      5.854     9.2052     4.3197     37.392  21.811455     31.831      6.595   281.2296     1.6377     2.7298     0.0166      0.074      5.741      8.326        735 2.3630e+00 0.0000e+00
      5.872     9.1792     4.3660     37.784  21.758949     31.773      6.595   280.9267     1.6215     2.9715     0.0166      0.075      5.759      8.352        736 2.2958e+00 0.0000e+00
      5.891     9.1529     4.4125     38.172  21.746199     31.798      6.591   280.8131     1.6256     2.8776     0.0166      0.075      5.777      8.379        737 2.2641e+00 0.0000e+00
      5.910     9.1301     4.4569     38.548  21.708775     31.740      6.589   281.2674     1.6013     2.9715     0.0166      0.075      5.795      8.405        738 2.2460e+00 0.0000e+00
      5.926     9.1123     4.4801     38.742  21.686975     31.765      6.583   281.6460     1.6337     3.0253     0.0166      0.074      5.812      8.429        739 2.2244e+00 0.0000e+00
      5.942     9.0953     4.4992     38.897  21.654780     31.704      6.582   281.7974     1.5730     2.9313     0.0165      0.071      5.827      8.451        740 2.2089e+00 0.0000e+00
      5.958     9.0793     4.4979     38.871  21.659931     31.762      6.581   281.5703     1.5851     2.9313     0.0165      0.070      5.844      8.475        741 2.1457e+00 0.0000e+00
      5.977     9.0609     4.4820     38.712  21.650933     31.736      6.579   281.3810     1.5487     2.9581     0.0165      0.069      5.862      8.501        742 2.1071e+00 0.0000e+00
      5.996     9.0406     4.4641     38.544  21.636345     31.751      6.577   281.7217     1.5407     2.9313     0.0165      0.069      5.880      8.528        743 2.0877e+00 0.0000e+00
      6.014     9.0283     4.4298     38.238  21.648451     31.768      6.576   281.5324     1.5002     2.9447     0.0165      0.069      5.898      8.556        744 2.0543e+00 0.0000e+00
      6.035     9.0224     4.3925     37.902  21.695150     31.870      6.572   281.6839     1.4881     2.8507     0.0165      0.070      5.917      8.582        745 2.0456e+00 0.0000e+00
      6.050     9.0121     4.3467     37.492  21.696789     31.881      6.571   281.8353     1.5002     2.9850     0.0165      0.070      5.933      8.605        746 1.9926e+00 0.0000e+00
      6.064     8.9973     4.2917     36.999  21.646415     31.805      6.569   281.4946     1.4881     2.9447     0.0165      0.070      5.947      8.626        747 1.9819e+00 0.0000e+00
      6.079     8.9882     4.2432     36.560  21.698566     31.896      6.569   282.1381     1.4840     2.8776     0.0165      0.069      5.961      8.646        748 1.9617e+00 0.0000e+00
      6.092     8.9806     4.1804     36.008  21.720809     31.952      6.565   281.7974     1.5690     3.1864     0.0166      0.066      5.974      8.665        749 1.9110e+00 0.0000e+00
      6.105     8.9698     4.1275     35.540  21.707655     31.918      6.568   281.7217     1.5609     3.1998     0.0165      0.063      5.986      8.683        750 1.9003e+00 0.0000e+00
      6.117     8.9535     4.0702     35.028  21.744578     32.008      6.568   281.6460     1.5528     3.1193     0.0166      0.059      5.999      8.701        751 1.9038e+00 0.0000e+00
      6.132     8.9313     4.0196     34.573  21.763778     32.018      6.565   281.4946     1.5568     3.1461     0.0166      0.056      6.013      8.721        752 1.8956e+00 0.0000e+00
      6.146     8.9161     3.9746     34.169  21.802319     32.115      6.565   281.8731     1.3951     3.3475     0.0166      0.054      6.027      8.742        753 1.8702e+00 0.0000e+00
      6.160     8.9053     3.9425     33.880  21.815174     32.137      6.564   282.1381     1.3304     3.2938     0.0166      0.053      6.041      8.762        754 1.8188e+00 0.0000e+00
      6.174     8.8899     3.9127     33.612  21.747787     32.069      6.559   281.6081     1.3587     3.3744     0.0166      0.053      6.056      8.784        755 1.7885e+00 0.0000e+00
      6.193     8.8738     3.8956     33.455  21.737992     32.038      6.563   281.6460     1.3587     3.3207     0.0165      0.055      6.073      8.808        756 1.7939e+00 0.0000e+00
      6.210     8.8529     3.8819     33.326  21.738451     32.094      6.562   281.2296     1.4274     3.4012     0.0166      0.057      6.090      8.832        757 1.7148e+00 0.0000e+00
      6.225     8.8299     3.8699     33.212  21.717581     32.026      6.561   281.4189     1.4355     3.3475     0.0165      0.060      6.105      8.855        758 1.6851e+00 0.0000e+00
      6.242     8.8167     3.8648     33.155  21.793609     32.211      6.559   280.9267     1.4274     3.3878     0.0166      0.062      6.121      8.879        759 1.6908e+00 0.0000e+00
      6.260     8.8029     3.8653     33.149  21.762399     32.151      6.561   280.9646     1.4517     3.4281     0.0166      0.063      6.140      8.905        760 1.6731e+00 0.0000e+00
      6.281     8.7802     3.8605     33.099  21.756427     32.163      6.557   281.6460     1.6458     4.0458     0.0166      0.066      6.160      8.934        761 1.6223e+00 0.0000e+00
      6.303     8.7563     3.8666     33.144  21.741766     32.176      6.554   281.7217     1.5528     4.0324     0.0166      0.069      6.180      8.963        762 1.5770e+00 0.0000e+00
      6.321     8.7358     3.8747     33.205  21.721371     32.115      6.552   282.1003     1.5285     4.0861     0.0165      0.072      6.198      8.990        763 1.5937e+00 0.0000e+00
      6.337     8.7197     3.8748     33.198  21.781816     32.304      6.547   282.1003     1.5528     4.0189     0.0166      0.072      6.214      9.013        764 1.5564e+00 0.0000e+00
      6.352     8.7058     3.8807     33.239  21.725827     32.157      6.545   282.0246     1.5892     4.2741     0.0165      0.072      6.229      9.035        765 1.5348e+00 0.0000e+00
