Data/DataNotYetUploadedToEDI/Raw_CTD/RawDownloads/052118_fcr45.cnv
* Sea-Bird SBE19plus  Data File:
* FileName = C:\DATA\052118_fcr_0005.hex
* Software version 2.6.3.104
* Temperature SN = 7809
* Conductivity SN = 7809
* System UpLoad Time = May 21 2018 16:57:38
* <ApplicationData>
* <Seaterm232>
# nquan = 17
# nvalues = 1109                        
# units = specified
# name 0 = depFM: Depth [fresh water, m]
# name 1 = tv290C: Temperature [ITS-90, deg C]
# name 2 = sbeox0Mg/L: Oxygen, SBE 43 [mg/l]
# name 3 = sbeox0PS: Oxygen, SBE 43 [% saturation]
# name 4 = c0uS/cm: Conductivity [uS/cm]
# name 5 = specc: Specific Conductance [uS/cm]
# name 6 = ph: pH
# name 7 = orp: Oxidation Reduction Potential [mV]
# name 8 = flECO-AFL: Fluorescence, WET Labs ECO-AFL/FL [mg/m^3]
# name 9 = turbWETntu0: Turbidity, WET Labs ECO [NTU]
# name 10 = sal00: Salinity, Practical [PSU]
# name 11 = dz/dtM: Descent Rate [m/s]
# name 12 = prdM: Pressure, Strain Gauge [db]
# name 13 = prdE: Pressure, Strain Gauge [psi]
# name 14 = scan: Scan Count
# name 15 = par/sat/log: PAR/Logarithmic, Satlantic
# name 16 = flag:  0.000e+00
# span 0 =     -0.529,      7.460       
# span 1 =     9.5845,    24.7950       
# span 2 =     5.4735,     9.4094       
# span 3 =     49.513,    112.480       
# span 4 =   0.014435,  32.508015       
# span 5 =      0.580,     40.130       
# span 6 =      5.411,      7.317       
# span 7 =   264.4210,  1240.2295       
# span 8 =    -1.0473,     5.3579       
# span 9 =    -1.2045,    12.7068       
# span 10 =     0.0114,     0.0226      
# span 11 =     -0.092,      0.243      
# span 12 =     -0.518,      7.315      
# span 13 =     -0.752,     10.609      
# span 14 =          1,       1109      
# span 15 = 7.1894e-01, 2.5701e+03      
# span 16 = 0.0000e+00, 0.0000e+00      
# interval = seconds: 0.25
# start_time = May 21 2018 18:06:39 [Instrument's time stamp, header]
# bad_flag = -9.990e-29
*END*
[from data line 426]
      0.005    23.0664     8.4309     97.438  30.641821     31.821      7.034   301.7861     1.0514     4.5023     0.0219     -0.000      0.005      0.008        427 2.0256e+03 0.0000e+00
      0.005    22.9757     8.4394     97.457  30.436499     31.566      7.032   301.9375     1.0352     4.4083     0.0218      0.000      0.005      0.008        428 2.0200e+03 0.0000e+00
      0.005    22.9433     8.4488     97.516  30.341746     31.576      7.032   302.0132     1.0352     4.2875     0.0217      0.000      0.005      0.008        429 2.0216e+03 0.0000e+00
      0.005    22.9183     8.4626     97.618  30.374317     31.636      7.028   301.9753     1.0554     4.4755     0.0217      0.000      0.005      0.008        430 2.0211e+03 0.0000e+00
      0.005    22.8910     8.4732     97.673  30.395999     31.714      7.025   301.9753     1.0271     4.3815     0.0218      0.000      0.005      0.008        431 2.0184e+03 0.0000e+00
      0.005    22.8483     8.4864     97.790  30.403731     31.703      7.016   301.7861     1.0312     4.4083     0.0217     -0.000      0.005      0.007        432 2.0187e+03 0.0000e+00
      0.004    22.7926     8.4930     97.854  30.335057     31.691      7.003   301.8239     1.1120     4.3949     0.0217     -0.001      0.005      0.007        433 2.0185e+03 0.0000e+00
      0.005    22.7365     8.5110     98.025  30.273926     31.602      6.998   301.5968     1.0999     4.3546     0.0217     -0.000      0.005      0.008        434 2.0256e+03 0.0000e+00
      0.006    22.6680     8.5293     98.183  30.272273     31.698      6.989   301.7861     1.1161     4.3815     0.0217     -0.000      0.005      0.008        435 2.0351e+03 0.0000e+00
      0.005    22.5980     8.5450     98.345  30.159234     31.559      6.983   301.5211     1.1242     4.3949     0.0216     -0.000      0.005      0.008        436 2.0390e+03 0.0000e+00
      0.005    22.5392     8.5415     98.410  30.118124     31.605      6.984   302.0132     1.1080     4.3009     0.0216      0.000      0.005      0.008        437 2.0414e+03 0.0000e+00
      0.005    22.4964     8.5195     98.425  30.145560     31.651      6.984   301.6725     1.1282     4.4755     0.0216      0.000      0.005      0.008        438 2.0457e+03 0.0000e+00
      0.006    22.4694     8.4969     98.484  30.125119     31.691      6.987   301.7103     1.1161     4.3278     0.0216      0.000      0.005      0.008        439 2.0491e+03 0.0000e+00
      0.005    22.4383     8.4703     98.464  30.084288     31.661      6.986   302.0132     1.0878     4.4621     0.0216      0.000      0.005      0.007        440 2.0508e+03 0.0000e+00
      0.004    22.4030     8.4590     98.458  30.018492     31.619      6.990   301.8618     1.0999     4.3681     0.0216     -0.000      0.005      0.006        441 2.0531e+03 0.0000e+00
      0.005    22.3844     8.4625     98.518  30.029115     31.640      6.997   301.7861     1.0959     4.4218     0.0216     -0.001      0.005      0.007        442 2.0563e+03 0.0000e+00
      0.006    22.3774     8.4768     98.709  30.071081     31.723      7.001   301.8618     1.0878     4.2875     0.0216     -0.000      0.006      0.008        443 2.0597e+03 0.0000e+00
      0.007    22.3583     8.4839     98.799  30.084878     31.735      7.004   301.9375     1.0999     4.4352     0.0216      0.000      0.007      0.009        444 2.0532e+03 0.0000e+00
      0.008    22.3308     8.4726     98.642  30.011954     31.681      7.009   301.5968     1.1039     4.5023     0.0216      0.001      0.007      0.009        445 2.0511e+03 0.0000e+00
      0.005    22.3210     8.4681     98.556  29.954290     31.605      7.012   301.8996     1.1080     4.4621     0.0215      0.001      0.006      0.008        446 2.0637e+03 0.0000e+00
      0.004    22.3788     8.4625     98.442  30.008398     31.712      7.013   302.2403     1.0959     4.3681     0.0216      0.000      0.005      0.008        447 2.0659e+03 0.0000e+00
      0.007    22.5180     8.4594     98.354  30.152176     31.837      7.014   302.3539     1.0797     4.3815     0.0216      0.001      0.006      0.009        448 2.0653e+03 0.0000e+00
      0.007    22.6902     8.4615     98.357  30.338709     32.035      7.019   302.3539     1.1080     4.5829     0.0217      0.001      0.006      0.009        449 2.0696e+03 0.0000e+00
      0.005    22.8407     8.4532     98.251  30.517489     32.086      7.023   302.2782     1.0999     4.6366     0.0218      0.000      0.005      0.007        450 2.0710e+03 0.0000e+00
      0.004    22.9099     8.4447     98.151  30.581941     32.089      7.024   302.5054     1.1080     4.6098     0.0218     -0.001      0.004      0.006        451 2.0766e+03 0.0000e+00
      0.004    22.9218     8.4363     97.982  30.525286     31.869      7.029   302.5811     1.0999     4.5695     0.0218     -0.001      0.004      0.007        452 2.0810e+03 0.0000e+00
      0.005    22.9339     8.4185     97.698  30.469335     31.824      7.031   302.4296     1.0918     4.5829     0.0218     -0.001      0.005      0.008        453 2.0766e+03 0.0000e+00
      0.006    22.9376     8.3940     97.366  30.443986     31.729      7.029   302.2782     1.0514     4.4352     0.0218     -0.000      0.005      0.008        454 2.0744e+03 0.0000e+00
      0.006    22.9245     8.3521     96.850  30.467872     31.808      7.033   302.0132     1.0271     4.3546     0.0218     -0.000      0.005      0.007        455 2.0756e+03 0.0000e+00
      0.004    22.9066     8.2966     96.216  30.439605     31.718      7.032   302.2403     1.0352     4.3546     0.0218     -0.001      0.005      0.007        456 2.0703e+03 0.0000e+00
      0.005    22.8798     8.2606     95.812  30.419862     31.756      7.034   302.2782     1.0433     4.3546     0.0218     -0.000      0.005      0.007        457 2.0714e+03 0.0000e+00
      0.004    22.8538     8.2562     95.744  30.373845     31.681      7.034   302.1268     1.0231     4.6098     0.0217     -0.000      0.005      0.007        458 2.0790e+03 0.0000e+00
      0.005    22.8403     8.2904     96.102  30.348627     31.698      7.032   302.2782     1.0392     4.7038     0.0217      0.000      0.005      0.007        459 2.0818e+03 0.0000e+00
      0.005    22.8373     8.3289     96.524  30.362304     31.716      7.025   302.3539     1.0554     4.6232     0.0217     -0.000      0.005      0.007        460 2.0823e+03 0.0000e+00
      0.005    22.8333     8.3670     96.986  30.356835     31.724      7.023   302.3539     1.0271     4.5963     0.0217     -0.000      0.005      0.008        461 2.0847e+03 0.0000e+00
      0.006    22.7977     8.3845     97.264  30.355439     31.728      7.027   302.1646     1.0635     4.3278     0.0217      0.000      0.005      0.008        462 2.0894e+03 0.0000e+00
      0.005    22.7555     8.3898     97.543  30.304744     31.670      7.023   302.2025     1.0392     4.4621     0.0217      0.000      0.005      0.007        463 2.0895e+03 0.0000e+00
      0.005    22.7297     8.4008     97.813  30.242029     31.637      7.027   302.2025     1.0635     4.3949     0.0217      0.000      0.005      0.007        464 2.0905e+03 0.0000e+00
      0.005    22.7140     8.4114     98.033  30.196297     31.606      7.026   302.2403     1.0271     4.3278     0.0217      0.000      0.005      0.007        465 2.0949e+03 0.0000e+00
      0.006    22.7190     8.4101     98.142  30.243070     31.681      7.019   302.3539     1.1161     4.3815     0.0217      0.000      0.006      0.008        466 2.0892e+03 0.0000e+00
      0.006    22.7258     8.4139     98.208  30.302433     31.751      7.014   302.1646     1.0999     4.4352     0.0217      0.000      0.006      0.008        467 2.0846e+03 0.0000e+00
      0.005    22.7173     8.4281     98.349  30.241029     31.688      7.016   302.3539     1.0999     4.4218     0.0217      0.000      0.005      0.007        468 2.0890e+03 0.0000e+00
      0.005    22.6953     8.4462     98.495  30.260187     31.683      7.014   302.2403     1.0797     4.3278     0.0217     -0.000      0.005      0.007        469 2.0903e+03 0.0000e+00
      0.006    22.6846     8.4710     98.673  30.278588     31.748      7.019   302.3161     1.0352     4.3546     0.0217     -0.000      0.005      0.008        470 2.0897e+03 0.0000e+00
      0.006    22.6918     8.4695     98.594  30.218130     31.645      7.019   302.5811     1.0392     4.3681     0.0217      0.000      0.005      0.008        471 2.0927e+03 0.0000e+00
      0.006    22.7383     8.4583     98.464  30.276133     31.771      7.020   302.3161     1.0473     4.3815     0.0217      0.000      0.005      0.008        472 2.0954e+03 0.0000e+00
      0.006    22.8485     8.4204     98.078  30.384310     31.822      7.019   302.3161     1.0554     4.4083     0.0217      0.000      0.006      0.008        473 2.0943e+03 0.0000e+00
      0.006    22.9283     8.3748     97.719  30.528254     32.000      7.020   302.3161     1.0271     4.4352     0.0218      0.000      0.006      0.008        474 2.0959e+03 0.0000e+00
      0.005    22.9815     8.3475     97.513  30.512080     31.863      7.020   302.3539     1.0392     4.4486     0.0218      0.000      0.005      0.008        475 2.0974e+03 0.0000e+00
      0.006    23.0443     8.3256     97.353  30.552654     31.870      7.025   302.2782     1.0433     4.4218     0.0218      0.000      0.005      0.008        476 2.0929e+03 0.0000e+00
      0.006    23.0589     8.3185     97.373  30.596328     31.894      7.026   302.5811     1.0554     4.3546     0.0218      0.000      0.005      0.008        477 2.0935e+03 0.0000e+00
      0.006    23.0444     8.3302     97.539  30.517004     31.734      7.028   302.3539     1.0635     4.3681     0.0218      0.000      0.005      0.008        478 2.0963e+03 0.0000e+00
      0.006    23.0100     8.3457     97.733  30.532750     31.784      7.029   302.4296     1.0352     4.3815     0.0218     -0.000      0.005      0.008        479 2.0914e+03 0.0000e+00
      0.006    22.9512     8.3707     98.018  30.428470     31.648      7.030   302.6189     1.0231     4.4621     0.0218      0.000      0.005      0.008        480 2.0904e+03 0.0000e+00
      0.005    22.9194     8.3683     98.052  30.350277     31.612      7.035   302.3161     1.0676     4.3546     0.0217     -0.000      0.005      0.008        481 2.0935e+03 0.0000e+00
      0.006    22.9168     8.3726     98.107  30.392873     31.681      7.033   302.4675     1.0473     4.4352     0.0217     -0.000      0.005      0.008        482 2.0938e+03 0.0000e+00
      0.005    22.9512     8.3791     98.145  30.405133     31.731      7.036   302.8082     1.0271     4.5560     0.0218     -0.000      0.005      0.008        483 2.0953e+03 0.0000e+00
      0.006    23.0378     8.3935     98.221  30.512936     31.819      7.034   302.4296     1.0352     4.6098     0.0218     -0.000      0.005      0.008        484 2.0944e+03 0.0000e+00
      0.005    23.1019     8.4065     98.234  30.644170     31.974      7.030   302.6189     1.0473     4.6232     0.0219     -0.000      0.005      0.008        485 2.0925e+03 0.0000e+00
      0.005    23.1549     8.4037     98.147  30.567954     31.796      7.032   302.5811     1.0392     4.5963     0.0218     -0.000      0.005      0.008        486 2.0947e+03 0.0000e+00
      0.006    23.2075     8.3766     97.954  30.607756     31.814      7.031   302.6189     1.0837     4.3681     0.0218      0.000      0.005      0.008        487 2.0932e+03 0.0000e+00
      0.006    23.2278     8.3539     97.839  30.713211     31.895      7.034   302.6189     1.0918     4.3815     0.0219      0.000      0.005      0.008        488 2.0902e+03 0.0000e+00
      0.006    23.2295     8.3672     98.041  30.673900     31.800      7.033   302.9218     1.0999     4.3815     0.0219      0.000      0.006      0.008        489 2.0897e+03 0.0000e+00
      0.006    23.2318     8.3853     98.205  30.656660     31.790      7.036   302.5054     1.0918     4.3546     0.0219      0.000      0.006      0.008        490 2.0899e+03 0.0000e+00
      0.006    23.2580     8.3998     98.374  30.675353     31.785      7.035   302.4675     1.0756     4.3546     0.0219      0.000      0.005      0.008        491 2.0909e+03 0.0000e+00
      0.006    23.2649     8.4086     98.512  30.769235     31.904      7.037   302.5054     1.1080     4.3815     0.0219      0.000      0.005      0.008        492 2.0913e+03 0.0000e+00
      0.006    23.2418     8.4125     98.594  30.777029     31.882      7.036   302.4675     1.0959     4.4083     0.0219      0.000      0.005      0.008        493 2.0913e+03 0.0000e+00
      0.006    23.1935     8.4165     98.637  30.606346     31.707      7.038   302.6946     1.1039     4.4083     0.0218      0.000      0.005      0.008        494 2.0902e+03 0.0000e+00
      0.006    23.1185     8.4160     98.609  30.507233     31.604      7.039   302.8839     1.1161     4.3546     0.0218     -0.000      0.005      0.008        495 2.0904e+03 0.0000e+00
      0.006    23.0929     8.4130     98.550  30.603876     31.753      7.042   302.7325     1.1606     4.3546     0.0218     -0.000      0.005      0.008        496 2.0914e+03 0.0000e+00
      0.006    23.1553     8.4071     98.463  30.782603     31.977      7.043   302.6946     1.1403     4.3681     0.0219     -0.000      0.005      0.008        497 2.0942e+03 0.0000e+00
      0.005    23.2375     8.3912     98.316  30.877848     32.112      7.039   302.6568     1.1848     4.4352     0.0220     -0.000      0.005      0.008        498 2.0966e+03 0.0000e+00
      0.006    23.2603     8.3839     98.325  30.841161     32.010      7.037   302.6568     1.1929     4.3815     0.0219     -0.000      0.005      0.008        499 2.0980e+03 0.0000e+00
      0.005    23.2387     8.3970     98.474  30.709636     31.840      7.039   302.7325     1.1686     4.4083     0.0219     -0.000      0.005      0.007        500 2.0968e+03 0.0000e+00
      0.005    23.2354     8.4140     98.602  30.685691     31.765      7.040   302.7704     1.1606     4.4218     0.0219     -0.000      0.005      0.007        501 2.0952e+03 0.0000e+00
      0.006    23.2559     8.4457     98.858  30.752347     31.898      7.036   302.9218     1.1686     4.4083     0.0219     -0.000      0.005      0.007        502 2.0967e+03 0.0000e+00
      0.005    23.2733     8.4719     99.077  30.745291     31.841      7.032   302.9975     1.1484     4.4083     0.0219     -0.000      0.005      0.007        503 2.0998e+03 0.0000e+00
      0.005    23.2728     8.4846     99.273  30.753775     31.886      7.031   303.2625     1.2414     4.4755     0.0219     -0.000      0.005      0.007        504 2.1018e+03 0.0000e+00
      0.006    23.2603     8.4822     99.334  30.682482     31.757      7.032   303.1868     1.2495     4.3815     0.0219      0.000      0.005      0.007        505 2.1043e+03 0.0000e+00
      0.005    23.2479     8.4778     99.294  30.715403     31.817      7.033   302.8839     1.2455     4.4218     0.0219      0.000      0.005      0.007        506 2.1026e+03 0.0000e+00
      0.005    23.2379     8.4829     99.340  30.772105     31.882      7.039   302.9596     1.2091     4.3815     0.0219     -0.000      0.005      0.007        507 2.0938e+03 0.0000e+00
      0.005    23.2616     8.4821     99.331  30.730526     31.833      7.045   303.2246     1.1848     4.4083     0.0219     -0.000      0.005      0.007        508 2.0904e+03 0.0000e+00
      0.005    23.3074     8.4673     99.197  30.648551     31.781      7.049   303.2625     1.1767     4.3815     0.0219     -0.000      0.005      0.007        509 2.0918e+03 0.0000e+00
      0.005    23.3083     8.4525     99.028  30.636916     31.710      7.053   303.3004     1.1606     4.4218     0.0218     -0.000      0.005      0.007        510 2.1000e+03 0.0000e+00
