Data/DataNotYetUploadedToEDI/Raw_CTD/RawDownloads/052118_fcr10.cnv
* Sea-Bird SBE19plus  Data File:
* FileName = C:\DATA\052118_fcr_0001.hex
* Software version 2.6.3.104
* Temperature SN = 7809
* Conductivity SN = 7809
* System UpLoad Time = May 21 2018 16:55:52
* <ApplicationData>
* <Seaterm232>
# nquan = 17
# nvalues = 598                         
# units = specified
# name 0 = depFM: Depth [fresh water, m]
# name 1 = tv290C: Temperature [ITS-90, deg C]
# name 2 = sbeox0Mg/L: Oxygen, SBE 43 [mg/l]
# name 3 = sbeox0PS: Oxygen, SBE 43 [% saturation]
# name 4 = c0uS/cm: Conductivity [uS/cm]
# name 5 = specc: Specific Conductance [uS/cm]
# name 6 = ph: pH
# name 7 = orp: Oxidation Reduction Potential [mV]
# name 8 = flECO-AFL: Fluorescence, WET Labs ECO-AFL/FL [mg/m^3]
# name 9 = turbWETntu0: Turbidity, WET Labs ECO [NTU]
# name 10 = sal00: Salinity, Practical [PSU]
# name 11 = dz/dtM: Descent Rate [m/s]
# name 12 = prdM: Pressure, Strain Gauge [db]
# name 13 = prdE: Pressure, Strain Gauge [psi]
# name 14 = scan: Scan Count
# name 15 = par/sat/log: PAR/Logarithmic, Satlantic
# name 16 = flag:  0.000e+00
# span 0 =     -0.500,      2.740       
# span 1 =    15.2183,    30.5452       
# span 2 =     1.6123,     9.8995       
# span 3 =     16.080,    110.870       
# span 4 =   0.681630,  43.902871       
# span 5 =      0.710,     54.720       
# span 6 =      5.334,      7.249       
# span 7 = -1240.7455,   666.0864       
# span 8 =    -0.1941,   258.1339       
# span 9 =    -0.7883,     9.0544       
# span 10 =     0.0137,     0.0290      
# span 11 =     -0.062,      0.250      
# span 12 =     -0.490,      2.687      
# span 13 =     -0.711,      3.897      
# span 14 =          1,        598      
# span 15 = 3.7643e+01, 2.6966e+03      
# span 16 = 0.0000e+00, 0.0000e+00      
# interval = seconds: 0.25
# start_time = May 21 2018 16:31:59 [Instrument's time stamp, header]
# bad_flag = -9.990e-29
*END*
[from data line 171]
      0.155    23.3386     5.6421     64.605  31.154161     32.152      6.939   284.9017     1.0918     4.3949     0.0221      0.014      0.149      0.216        172 1.1311e+03 0.0000e+00
      0.148    23.3233     6.2329     70.695  31.237934     32.296      6.934   285.0532     1.0837     4.5023     0.0221      0.010      0.146      0.211        173 6.7059e+02 0.0000e+00
      0.142    23.3214     6.9781     78.729  31.203147     32.265      6.936   285.0532     1.0918     4.4352     0.0221      0.007      0.144      0.208        174 6.3255e+02 0.0000e+00
      0.151    23.3015     7.7611     87.336  31.078863     32.160      6.942   284.8260     1.0878     4.2741     0.0220      0.007      0.149      0.215        175 7.8025e+02 0.0000e+00
      0.162    23.2628     8.4875     95.368  31.096098     32.160      6.939   284.7124     1.0837     4.3009     0.0220      0.007      0.155      0.224        176 5.9110e+02 0.0000e+00
      0.159    23.2183     9.0877    101.992  31.122400     32.232      6.934   285.0532     1.1039     4.3546     0.0221      0.006      0.156      0.225        177 5.3497e+02 0.0000e+00
      0.156    23.1678     9.5396    106.974  31.135094     32.228      6.932   284.7124     1.0999     4.4352     0.0221      0.005      0.154      0.223        178 8.3231e+02 0.0000e+00
      0.157    23.1304     9.8314    110.164  30.991362     32.172      6.933   285.3560     1.1120     4.3949     0.0220      0.004      0.154      0.222        179 1.3042e+03 0.0000e+00
      0.154    23.0588     9.8995    110.870  31.153034     32.262      6.921   285.3560     1.1080     4.3278     0.0220      0.004      0.154      0.223        180 1.1603e+03 0.0000e+00
      0.161    22.6919     9.8003    109.724  30.756008     32.086      6.921   285.0532     1.0069     4.0995     0.0220      0.006      0.160      0.232        181 1.3096e+03 0.0000e+00
      0.177    22.0624     9.6380    107.867  28.994895     30.037      6.923   285.3560     1.0392     4.1264     0.0211      0.010      0.167      0.243        182 1.5488e+03 0.0000e+00
      0.174    21.5639     9.4726    105.936  28.185777     29.592      6.923   285.6967     1.0635     4.1129     0.0208      0.009      0.165      0.239        183 1.0040e+03 0.0000e+00
      0.153    21.2938     9.3181    104.143  28.323821     30.058      6.921   285.9239     1.0473     4.0995     0.0208      0.004      0.152      0.221        184 1.1830e+03 0.0000e+00
      0.140    21.1573     9.1893    102.701  28.378597     30.495      6.923   285.7346     1.0190     4.4352     0.0208     -0.002      0.142      0.206        185 7.7399e+02 0.0000e+00
      0.143    21.0811     9.0757    101.453  28.473565     30.735      6.925   285.5453     1.0190     4.3815     0.0209     -0.006      0.142      0.206        186 8.1170e+02 0.0000e+00
      0.151    21.0210     8.9958    100.591  28.383633     30.763      6.929   285.8482     1.0190     4.3546     0.0208     -0.008      0.147      0.215        187 1.7152e+03 0.0000e+00
      0.157    20.9771     8.9283     99.872  28.312690     30.693      6.934   286.1132     1.0190     4.2472     0.0208     -0.008      0.152      0.221        188 1.2563e+03 0.0000e+00
      0.157    20.9403     8.8881     99.457  28.265411     30.733      6.934   286.1132     1.0878     4.1666     0.0208     -0.008      0.153      0.221        189 6.1577e+02 0.0000e+00
      0.152    20.9134     8.8640     99.211  28.205316     30.641      6.933   286.4160     1.1039     4.1532     0.0207     -0.008      0.149      0.217        190 6.3021e+02 0.0000e+00
      0.147    20.8972     8.8584     99.158  28.209613     30.727      6.930   286.2646     1.1120     4.1398     0.0207     -0.004      0.145      0.212        191 6.9336e+02 0.0000e+00
      0.147    20.8773     8.8597     99.170  28.200783     30.683      6.931   286.2646     1.0797     4.1129     0.0207      0.001      0.145      0.212        192 7.1256e+02 0.0000e+00
      0.152    20.8397     8.8524     99.089  28.216314     30.755      6.933   286.1132     1.0231     4.1264     0.0207      0.003      0.150      0.218        193 9.6643e+02 0.0000e+00
      0.160    20.8088     8.8548     99.137  28.249588     30.768      6.932   286.1889     1.0352     4.2069     0.0207      0.003      0.155      0.225        194 1.1175e+03 0.0000e+00
      0.162    20.8064     8.8497     99.108  28.218679     30.794      6.932   286.6810     1.0352     4.0592     0.0207      0.003      0.157      0.228        195 8.9686e+02 0.0000e+00
      0.160    20.8176     8.8430     99.080  28.195497     30.754      6.931   286.7567     1.0352     4.0592     0.0207      0.003      0.156      0.227        196 5.5616e+02 0.0000e+00
      0.156    20.8332     8.8387     99.094  28.219153     30.816      6.926   286.6432     1.0190     4.0592     0.0207      0.004      0.154      0.223        197 5.6295e+02 0.0000e+00
      0.155    20.8512     8.8448     99.211  28.248535     30.809      6.926   286.9460     1.0878     4.3278     0.0207      0.005      0.153      0.223        198 1.0914e+03 0.0000e+00
      0.158    20.8689     8.8509     99.286  28.277516     30.859      6.930   286.9460     1.1039     4.3278     0.0208      0.005      0.156      0.227        199 1.2750e+03 0.0000e+00
      0.166    20.8814     8.8483     99.217  28.301671     30.847      6.931   286.9082     1.1080     4.3546     0.0208      0.005      0.162      0.235        200 8.0638e+02 0.0000e+00
      0.171    20.8862     8.8510     99.195  28.277763     30.835      6.934   287.3624     1.0797     4.3009     0.0208      0.005      0.164      0.238        201 5.4064e+02 0.0000e+00
      0.164    20.8850     8.8459     99.132  28.247968     30.765      6.931   287.4760     1.1646     4.1935     0.0207      0.004      0.158      0.228        202 5.1403e+02 0.0000e+00
      0.147    20.8857     8.8448     99.149  28.279451     30.823      6.925   287.8167     1.1606     4.1935     0.0208     -0.001      0.142      0.205        203 6.2868e+02 0.0000e+00
      0.121    20.8959     8.8431     99.154  28.297875     30.824      6.924   287.8167     1.1606     4.1532     0.0208     -0.010      0.121      0.175        204 7.4613e+02 0.0000e+00
      0.102    20.9114     8.8408     99.129  28.284333     30.824      6.923   288.0060     1.1727     4.1935     0.0208     -0.022      0.101      0.146        205 1.1781e+03 0.0000e+00
      0.086    20.9355     8.8338     99.031  28.296303     30.817      6.922   288.1575     1.2212     4.1129     0.0208     -0.037      0.084      0.121        206 1.7662e+03 0.0000e+00
      0.066    20.9672     8.8242     98.887  28.342270     30.867      6.925   288.0060     1.2050     4.0592     0.0208     -0.052      0.069      0.100        207 2.0460e+03 0.0000e+00
      0.060    20.9918     8.8120     98.732  28.405006     30.912      6.929   288.2710     1.2414     4.0861     0.0208     -0.062      0.062      0.089        208 1.9539e+03 0.0000e+00
      0.061    20.9954     8.8028     98.638  28.396103     30.891      6.932   288.0439     1.2414     4.1801     0.0208     -0.062      0.063      0.090        209 2.1542e+03 0.0000e+00
      0.070    20.9744     8.7886     98.484  28.353339     30.813      6.934   288.3846     1.1403     4.3278     0.0208     -0.052      0.072      0.103        210 1.7075e+03 0.0000e+00
      0.089    20.9489     8.7856     98.447  28.280334     30.750      6.935   289.0660     1.1444     4.3681     0.0208     -0.032      0.082      0.119        211 9.6570e+02 0.0000e+00
      0.092    20.9453     8.7835     98.410  28.249775     30.703      6.921   288.7632     1.1444     4.2741     0.0208     -0.013      0.082      0.119        212 1.2677e+03 0.0000e+00
      0.068    20.9603     8.7809     98.366  28.332080     30.842      6.916   288.7253     1.1525     4.2875     0.0208     -0.004      0.069      0.101        213 9.6270e+02 0.0000e+00
      0.055    20.9726     8.7839     98.391  28.415095     30.905      6.912   289.3310     1.1606     4.1129     0.0208     -0.002      0.058      0.084        214 1.0171e+03 0.0000e+00
      0.054    20.9730     8.7904     98.456  28.383646     30.895      6.910   289.2175     1.1525     4.1666     0.0208     -0.002      0.053      0.078        215 8.4569e+02 0.0000e+00
      0.054    20.9625     8.7940     98.490  28.311919     30.765      6.901   289.1039     1.1444     4.1801     0.0208     -0.006      0.053      0.077        216 5.1094e+02 0.0000e+00
      0.054    20.9447     8.7978     98.533  28.326468     30.826      6.896   289.7096     1.1403     4.0861     0.0208     -0.012      0.053      0.078        217 5.6637e+02 0.0000e+00
      0.055    20.9354     8.7993     98.557  28.246949     30.711      6.894   289.4446     1.1767     4.1264     0.0208     -0.017      0.054      0.078        218 4.5699e+02 0.0000e+00
      0.055    20.9392     8.8073     98.666  28.232999     30.723      6.894   289.6717     1.1444     4.1264     0.0207     -0.018      0.054      0.078        219 5.0300e+02 0.0000e+00
      0.055    20.9424     8.8114     98.741  28.284540     30.790      6.900   289.7096     1.1484     4.1264     0.0208     -0.012      0.055      0.079        220 4.8992e+02 0.0000e+00
      0.057    20.9401     8.8178     98.811  28.242105     30.727      6.907   289.7853     1.1606     4.1801     0.0207     -0.003      0.057      0.082        221 5.8353e+02 0.0000e+00
      0.062    20.9333     8.8184     98.798  28.226514     30.725      6.908   289.7475     1.1686     4.0995     0.0207      0.002      0.061      0.087        222 8.3546e+02 0.0000e+00
      0.066    20.9259     8.8158     98.751  28.244649     30.726      6.916   290.0882     1.0595     4.3278     0.0207      0.005      0.064      0.092        223 1.2957e+03 0.0000e+00
      0.066    20.9213     8.8106     98.687  28.219538     30.731      6.915   290.2396     1.0595     4.3412     0.0207      0.006      0.064      0.093        224 1.5850e+03 0.0000e+00
      0.062    20.9174     8.8018     98.586  28.198471     30.675      6.919   290.3153     1.0635     4.3143     0.0207      0.006      0.061      0.089        225 1.3250e+03 0.0000e+00
      0.060    20.9137     8.7911     98.456  28.270869     30.800      6.918   290.2396     1.0878     4.4083     0.0208      0.005      0.059      0.085        226 8.5106e+02 0.0000e+00
      0.058    20.9139     8.7810     98.320  28.307327     30.802      6.919   289.8989     1.1606     4.3009     0.0208      0.003      0.058      0.084        227 5.6145e+02 0.0000e+00
      0.060    20.9175     8.7811     98.300  28.271690     30.805      6.920   290.3153     1.1363     4.3278     0.0208      0.001      0.060      0.086        228 7.3672e+02 0.0000e+00
      0.065    20.9281     8.7737     98.219  28.255924     30.744      6.919   290.3153     1.1363     4.2741     0.0207      0.000      0.063      0.091        229 2.1516e+03 0.0000e+00
      0.068    20.9420     8.7741     98.228  28.326947     30.863      6.919   290.2775     1.1606     4.4352     0.0208      0.000      0.066      0.095        230 2.0193e+03 0.0000e+00
      0.069    20.9423     8.7667     98.150  28.301889     30.795      6.923   290.4667     1.1080     4.2203     0.0208      0.001      0.067      0.097        231 8.6469e+02 0.0000e+00
      0.068    20.9319     8.7624     98.116  28.227809     30.725      6.927   290.3153     1.1039     4.0995     0.0207      0.003      0.065      0.095        232 1.7614e+03 0.0000e+00
      0.062    20.9232     8.7605     98.113  28.241250     30.725      6.928   290.9589     1.0999     4.0995     0.0207      0.003      0.062      0.090        233 2.4426e+03 0.0000e+00
      0.060    20.9197     8.7546     98.066  28.225866     30.732      6.930   290.5803     1.0716     4.0458     0.0207      0.002      0.059      0.086        234 2.4353e+03 0.0000e+00
      0.059    20.9182     8.7486     98.033  28.187664     30.677      6.928   290.5803     0.9665     4.1264     0.0207      0.000      0.059      0.085        235 2.5162e+03 0.0000e+00
      0.060    20.9131     8.7500     98.082  28.229502     30.740      6.929   290.9967     0.9705     4.1666     0.0207     -0.002      0.059      0.085        236 2.5209e+03 0.0000e+00
      0.059    20.9009     8.7534     98.129  28.233096     30.741      6.930   290.8832     0.9503     4.0324     0.0207     -0.005      0.058      0.084        237 2.5692e+03 0.0000e+00
      0.057    20.8906     8.7570     98.169  28.183193     30.683      6.933   291.2996     0.9867     4.0995     0.0207     -0.006      0.057      0.083        238 2.5496e+03 0.0000e+00
      0.060    20.8910     8.7672     98.282  28.173019     30.692      6.934   291.2239     0.9705     4.2069     0.0207     -0.005      0.060      0.087        239 2.5365e+03 0.0000e+00
      0.067    20.8939     8.7770     98.388  28.186467     30.699      6.933   291.0725     0.9665     4.1264     0.0207     -0.001      0.065      0.094        240 2.5366e+03 0.0000e+00
      0.072    20.8963     8.7935     98.580  28.225756     30.759      6.932   291.2996     0.9503     4.1801     0.0207      0.004      0.068      0.099        241 2.5654e+03 0.0000e+00
      0.070    20.9035     8.8081     98.760  28.242715     30.757      6.929   291.4132     0.9665     4.0324     0.0207      0.006      0.067      0.097        242 2.5773e+03 0.0000e+00
      0.064    20.9127     8.8275     99.004  28.283950     30.817      6.926   291.6025     0.9867     4.1398     0.0208      0.005      0.062      0.091        243 2.5178e+03 0.0000e+00
      0.059    20.9232     8.8450     99.232  28.293027     30.812      6.919   291.8675     0.9584     4.2069     0.0208      0.003      0.060      0.087        244 2.4631e+03 0.0000e+00
      0.061    20.9407     8.8604     99.419  28.290709     30.805      6.921   291.4889     0.9826     4.1264     0.0208      0.002      0.061      0.089        245 2.5038e+03 0.0000e+00
      0.067    20.9576     8.8660     99.482  28.346125     30.859      6.923   291.7160     0.9422     4.0055     0.0208      0.001      0.066      0.096        246 2.5262e+03 0.0000e+00
      0.073    20.9628     8.8657     99.485  28.342649     30.848      6.923   291.7917     0.9948     4.1264     0.0208      0.001      0.070      0.102        247 2.5181e+03 0.0000e+00
      0.074    20.9624     8.8596     99.432  28.295028     30.775      6.923   292.0946     0.9907     4.3546     0.0208      0.002      0.071      0.104        248 2.5476e+03 0.0000e+00
      0.071    20.9615     8.8506     99.353  28.286792     30.772      6.908   292.4353     0.9867     4.3009     0.0208      0.002      0.069      0.100        249 2.5023e+03 0.0000e+00
      0.065    20.9602     8.8365     99.221  28.293602     30.772      6.900   292.3596     0.9786     4.3009     0.0208      0.003      0.065      0.095        250 2.3221e+03 0.0000e+00
      0.063    20.9631     8.8247     99.111  28.286554     30.773      6.900   292.0946     0.9665     4.2472     0.0208      0.003      0.063      0.092        251 1.8800e+03 0.0000e+00
      0.064    20.9720     8.8242     99.117  28.295564     30.774      6.909   292.3975     0.8977     4.1666     0.0208      0.001      0.064      0.093        252 1.7095e+03 0.0000e+00
      0.068    20.9862     8.8317     99.199  28.341684     30.833      6.913   292.2082     0.9220     4.1129     0.0208     -0.001      0.067      0.096        253 1.8323e+03 0.0000e+00
      0.070    21.0016     8.8438     99.327  28.407040     30.887      6.915   292.4353     0.9058     4.0458     0.0208     -0.002      0.068      0.098        254 1.7245e+03 0.0000e+00
      0.068    21.0088     8.8517     99.401  28.392111     30.878      6.915   292.1325     0.9058     4.0861     0.0208     -0.003      0.066      0.096        255 1.7938e+03 0.0000e+00
