Data/DataNotYetUploadedToEDI/Raw_CTD/RawDownloads/052118_fcr10.cnv
* Sea-Bird SBE19plus  Data File:
* FileName = C:\DATA\052118_fcr_0001.hex
* Software version 2.6.3.104
* Temperature SN = 7809
* Conductivity SN = 7809
* System UpLoad Time = May 21 2018 16:55:52
* <ApplicationData>
* <Seaterm232>
# nquan = 17
# nvalues = 598                         
# units = specified
# name 0 = depFM: Depth [fresh water, m]
# name 1 = tv290C: Temperature [ITS-90, deg C]
# name 2 = sbeox0Mg/L: Oxygen, SBE 43 [mg/l]
# name 3 = sbeox0PS: Oxygen, SBE 43 [% saturation]
# name 4 = c0uS/cm: Conductivity [uS/cm]
# name 5 = specc: Specific Conductance [uS/cm]
# name 6 = ph: pH
# name 7 = orp: Oxidation Reduction Potential [mV]
# name 8 = flECO-AFL: Fluorescence, WET Labs ECO-AFL/FL [mg/m^3]
# name 9 = turbWETntu0: Turbidity, WET Labs ECO [NTU]
# name 10 = sal00: Salinity, Practical [PSU]
# name 11 = dz/dtM: Descent Rate [m/s]
# name 12 = prdM: Pressure, Strain Gauge [db]
# name 13 = prdE: Pressure, Strain Gauge [psi]
# name 14 = scan: Scan Count
# name 15 = par/sat/log: PAR/Logarithmic, Satlantic
# name 16 = flag:  0.000e+00
# span 0 =     -0.500,      2.740       
# span 1 =    15.2183,    30.5452       
# span 2 =     1.6123,     9.8995       
# span 3 =     16.080,    110.870       
# span 4 =   0.681630,  43.902871       
# span 5 =      0.710,     54.720       
# span 6 =      5.334,      7.249       
# span 7 = -1240.7455,   666.0864       
# span 8 =    -0.1941,   258.1339       
# span 9 =    -0.7883,     9.0544       
# span 10 =     0.0137,     0.0290      
# span 11 =     -0.062,      0.250      
# span 12 =     -0.490,      2.687      
# span 13 =     -0.711,      3.897      
# span 14 =          1,        598      
# span 15 = 3.7643e+01, 2.6966e+03      
# span 16 = 0.0000e+00, 0.0000e+00      
# interval = seconds: 0.25
# start_time = May 21 2018 16:31:59 [Instrument's time stamp, header]
# bad_flag = -9.990e-29
*END*
[from data line 341]
      0.062    21.0309     8.8366     99.048  28.559705     31.059      6.906   297.6218     1.1565     4.3815     0.0209      0.001      0.061      0.089        342 2.2125e+03 0.0000e+00
      0.063    21.0345     8.8311     98.956  28.521800     30.980      6.908   297.6218     1.1606     4.3815     0.0209      0.000      0.062      0.090        343 2.2583e+03 0.0000e+00
      0.064    21.0229     8.8326     98.940  28.509453     30.969      6.906   297.4703     1.1484     4.3412     0.0209     -0.000      0.063      0.091        344 2.2910e+03 0.0000e+00
      0.064    20.9931     8.8298     98.907  28.515768     30.967      6.907   297.6218     1.2374     4.4352     0.0209     -0.001      0.063      0.091        345 2.2817e+03 0.0000e+00
      0.064    20.9623     8.8297     98.927  28.454644     30.913      6.905   297.7732     1.2091     4.3815     0.0209     -0.000      0.063      0.091        346 2.2305e+03 0.0000e+00
      0.064    20.9545     8.8226     98.867  28.407639     30.873      6.905   297.6975     1.2091     4.3412     0.0208      0.000      0.063      0.091        347 2.1379e+03 0.0000e+00
      0.063    20.9653     8.8261     98.920  28.455684     30.955      6.904   297.9625     1.1970     4.3009     0.0208      0.000      0.063      0.091        348 2.0296e+03 0.0000e+00
      0.064    20.9795     8.8192     98.856  28.513453     31.021      6.906   298.0003     1.2010     4.3278     0.0209      0.001      0.063      0.090        349 2.0060e+03 0.0000e+00
      0.063    20.9802     8.7969     98.624  28.513635     31.013      6.904   297.8111     1.2293     4.3815     0.0209     -0.000      0.063      0.090        350 2.0500e+03 0.0000e+00
      0.064    20.9675     8.7718     98.368  28.455455     30.943      6.907   297.9246     1.2576     4.3546     0.0208     -0.000      0.063      0.091        351 2.1142e+03 0.0000e+00
      0.064    20.9555     8.7351     97.976  28.467262     30.942      6.906   297.8868     1.1929     4.3278     0.0208     -0.000      0.063      0.091        352 2.1719e+03 0.0000e+00
      0.064    20.9402     8.6907     97.487  28.498940     31.012      6.905   298.4168     1.1646     4.3815     0.0209      0.000      0.063      0.091        353 2.2166e+03 0.0000e+00
      0.064    20.9237     8.6552     97.078  28.475332     30.959      6.906   298.0382     1.1606     4.3546     0.0208      0.000      0.063      0.091        354 2.2359e+03 0.0000e+00
      0.064    20.9223     8.6232     96.713  28.496648     31.030      6.906   298.1896     1.1848     4.3949     0.0209      0.000      0.063      0.091        355 2.2151e+03 0.0000e+00
      0.064    20.9330     8.5969     96.416  28.472419     30.981      6.907   298.0761     1.1727     4.4352     0.0208      0.000      0.063      0.091        356 2.1612e+03 0.0000e+00
      0.064    20.9431     8.5931     96.370  28.446194     30.982      6.905   298.3032     1.1403     4.0324     0.0208      0.000      0.063      0.091        357 2.1120e+03 0.0000e+00
      0.064    20.9503     8.6015     96.458  28.410695     30.913      6.906   298.5303     1.2050     4.1532     0.0208      0.000      0.063      0.091        358 2.0828e+03 0.0000e+00
      0.064    20.9571     8.6224     96.702  28.457299     30.967      6.910   298.3032     1.1565     4.1532     0.0208     -0.000      0.063      0.091        359 2.0609e+03 0.0000e+00
      0.065    20.9669     8.6498     97.033  28.506782     31.024      6.910   298.3789     1.1282     4.1532     0.0209      0.000      0.064      0.092        360 2.0596e+03 0.0000e+00
      0.065    20.9792     8.6785     97.364  28.526998     31.019      6.909   298.8332     1.1403     4.3815     0.0209      0.000      0.064      0.092        361 2.0993e+03 0.0000e+00
      0.064    20.9901     8.7102     97.704  28.550729     31.073      6.910   298.6061     1.1565     4.2606     0.0209      0.001      0.063      0.092        362 2.1599e+03 0.0000e+00
      0.064    20.9937     8.7398     98.002  28.477243     30.943      6.912   298.6061     1.1646     4.2741     0.0208      0.000      0.063      0.092        363 2.1791e+03 0.0000e+00
      0.065    20.9891     8.7577     98.177  28.499854     30.997      6.911   298.6439     1.1767     4.3815     0.0209      0.000      0.064      0.093        364 2.1832e+03 0.0000e+00
      0.067    20.9856     8.7696     98.310  28.522588     30.994      6.912   298.6061     1.1484     4.2606     0.0209      0.001      0.067      0.096        365 2.1558e+03 0.0000e+00
      0.072    20.9847     8.7774     98.406  28.508246     30.998      6.914   298.5303     1.1767     4.1264     0.0209      0.002      0.069      0.100        366 2.0600e+03 0.0000e+00
      0.073    20.9826     8.7775     98.430  28.517703     30.999      6.915   298.9468     1.1686     4.1532     0.0209      0.004      0.069      0.101        367 1.9620e+03 0.0000e+00
      0.068    20.9795     8.7793     98.482  28.510821     31.000      6.914   299.1739     1.1686     4.1801     0.0209      0.004      0.066      0.096        368 1.9247e+03 0.0000e+00
      0.061    20.9848     8.7684     98.387  28.516813     31.001      6.919   298.6439     1.1403     4.1801     0.0209      0.001      0.061      0.089        369 1.9807e+03 0.0000e+00
      0.058    20.9970     8.7582     98.288  28.510247     31.004      6.918   298.8332     1.2091     4.3546     0.0209     -0.001      0.059      0.086        370 2.0690e+03 0.0000e+00
      0.062    21.0015     8.7404     98.101  28.518992     31.000      6.919   298.9468     1.2212     4.3815     0.0209     -0.003      0.061      0.089        371 2.2058e+03 0.0000e+00
      0.067    20.9937     8.7325     98.035  28.505927     30.992      6.921   299.1739     1.2333     4.3412     0.0209     -0.003      0.066      0.096        372 2.1907e+03 0.0000e+00
      0.073    20.9759     8.7289     98.008  28.467206     30.928      6.922   299.2118     1.2293     4.2875     0.0209     -0.001      0.071      0.103        373 2.1860e+03 0.0000e+00
      0.078    20.9631     8.7251     97.967  28.507882     30.994      6.919   299.2496     1.0190     4.3546     0.0209      0.002      0.074      0.108        374 1.5733e+03 0.0000e+00
      0.077    20.9622     8.7270     97.985  28.514604     31.006      6.920   298.9846     1.0392     4.3546     0.0209      0.005      0.074      0.108        375 6.5078e+02 0.0000e+00
      0.072    20.9671     8.7220     97.919  28.518142     31.015      6.919   299.2496     1.0190     4.3009     0.0209      0.007      0.071      0.103        376 1.1686e+03 0.0000e+00
      0.068    20.9789     8.7153     97.831  28.503485     31.015      6.919   298.5303     1.0554     4.2875     0.0209      0.007      0.068      0.098        377 2.2198e+03 0.0000e+00
      0.067    20.9952     8.7045     97.700  28.473551     30.952      6.920   298.9089     1.2091     4.3546     0.0208      0.004      0.067      0.097        378 2.4539e+03 0.0000e+00
      0.069    21.0090     8.6943     97.575  28.585040     31.095      6.921   298.8332     1.2131     4.3681     0.0209      0.001      0.069      0.100        379 2.6227e+03 0.0000e+00
      0.074    21.0174     8.6772     97.375  28.601915     31.084      6.919   299.0982     1.2495     4.4083     0.0209     -0.001      0.072      0.105        380 2.2917e+03 0.0000e+00
      0.076    21.0248     8.6498     97.056  28.600783     31.075      6.919   299.0982     1.2536     4.3815     0.0209     -0.001      0.074      0.107        381 1.0706e+03 0.0000e+00
      0.075    21.0356     8.6267     96.761  28.556798     31.039      6.917   299.3253     1.2900     4.2741     0.0209     -0.001      0.072      0.105        382 4.4655e+02 0.0000e+00
      0.071    21.0425     8.6245     96.704  28.538060     30.973      6.916   299.0225     1.2980     4.3546     0.0209      0.000      0.069      0.101        383 1.0989e+03 0.0000e+00
      0.069    21.0435     8.6284     96.732  28.624098     31.118      6.917   298.9089     1.2819     4.3681     0.0209      0.001      0.068      0.099        384 2.3680e+03 0.0000e+00
      0.070    21.0421     8.6350     96.791  28.538664     30.961      6.916   299.2118     1.2616     4.3546     0.0209      0.001      0.069      0.100        385 2.6313e+03 0.0000e+00
      0.072    21.0369     8.6428     96.885  28.496139     30.961      6.916   299.1739     1.3061     4.2875     0.0209      0.000      0.071      0.103        386 2.4998e+03 0.0000e+00
      0.074    21.0304     8.6596     97.096  28.528780     30.962      6.915   299.1361     1.2616     4.2741     0.0209     -0.000      0.072      0.104        387 2.5853e+03 0.0000e+00
      0.074    21.0254     8.6708     97.244  28.557339     31.026      6.917   299.5146     1.2859     4.3009     0.0209     -0.001      0.072      0.104        388 2.5420e+03 0.0000e+00
      0.072    21.0198     8.6783     97.319  28.519896     30.970      6.916   299.5903     1.2778     4.3009     0.0209     -0.001      0.071      0.103        389 2.5763e+03 0.0000e+00
      0.070    21.0157     8.6668     97.163  28.456788     30.912      6.916   299.7418     1.2940     4.3278     0.0209      0.000      0.069      0.100        390 2.5486e+03 0.0000e+00
      0.068    21.0086     8.6379     96.838  28.457990     30.916      6.914   299.6282     1.2091     4.3412     0.0209      0.000      0.068      0.099        391 2.5678e+03 0.0000e+00
      0.070    20.9904     8.6235     96.678  28.459106     30.919      6.912   299.5525     1.2212     4.3546     0.0209     -0.000      0.070      0.101        392 2.5655e+03 0.0000e+00
      0.074    20.9734     8.6079     96.501  28.455401     30.923      6.915   299.5903     1.2455     4.3546     0.0209     -0.000      0.073      0.105        393 2.5572e+03 0.0000e+00
      0.077    20.9642     8.5986     96.386  28.462604     30.936      6.914   300.0446     1.2091     4.4083     0.0209      0.001      0.074      0.108        394 2.5431e+03 0.0000e+00
      0.076    20.9574     8.6131     96.541  28.450149     30.947      6.913   300.0825     1.3668     4.3815     0.0208      0.002      0.074      0.108        395 2.5265e+03 0.0000e+00
      0.073    20.9600     8.6259     96.703  28.411614     30.892      6.908   300.3096     1.3425     4.3546     0.0208      0.002      0.071      0.105        396 2.5113e+03 0.0000e+00
      0.071    20.9723     8.6480     96.968  28.451269     30.958      6.899   300.2339     1.3425     4.2741     0.0208      0.002      0.069      0.102        397 2.5154e+03 0.0000e+00
      0.070    20.9839     8.6711     97.233  28.519392     31.017      6.903   300.1203     1.3547     4.4083     0.0209      0.001      0.069      0.101        398 2.5359e+03 0.0000e+00
      0.072    20.9793     8.6896     97.435  28.504723     31.009      6.902   299.7796     1.2697     4.3815     0.0209      0.000      0.070      0.102        399 2.5519e+03 0.0000e+00
      0.074    20.9661     8.6945     97.475  28.469521     30.940      6.904   300.4611     1.2900     4.2338     0.0209     -0.001      0.071      0.103        400 2.5589e+03 0.0000e+00
      0.073    20.9641     8.6913     97.387  28.503900     31.004      6.900   300.5368     1.2859     4.3949     0.0209     -0.002      0.071      0.103        401 2.5666e+03 0.0000e+00
      0.072    20.9653     8.6819     97.224  28.521234     31.013      6.889   300.2339     1.3061     4.3009     0.0209     -0.002      0.070      0.102        402 2.4716e+03 0.0000e+00
      0.071    20.9640     8.6674     97.016  28.507247     31.014      6.886   300.7261     1.2900     4.4083     0.0209     -0.001      0.070      0.101        403 2.3575e+03 0.0000e+00
      0.070    20.9585     8.6429     96.707  28.462011     30.953      6.887   300.6503     1.2738     4.3681     0.0208     -0.000      0.070      0.101        404 2.4410e+03 0.0000e+00
      0.071    20.9556     8.6203     96.433  28.458939     30.953      6.889   300.6125     1.2616     4.3815     0.0208     -0.000      0.070      0.102        405 2.5356e+03 0.0000e+00
      0.072    20.9641     8.5954     96.144  28.511073     31.018      6.894   300.4611     1.2980     4.3143     0.0209     -0.000      0.071      0.103        406 2.5165e+03 0.0000e+00
      0.074    20.9736     8.5790     95.958  28.515723     31.020      6.891   300.8775     1.3142     4.2741     0.0209     -0.000      0.071      0.103        407 2.3714e+03 0.0000e+00
      0.071    20.9760     8.5645     95.800  28.512446     31.014      6.896   300.9532     1.2697     4.3278     0.0209     -0.001      0.069      0.100        408 2.0606e+03 0.0000e+00
      0.065    20.9744     8.5742     95.908  28.455854     30.947      6.898   300.6125     1.2616     4.3143     0.0208     -0.002      0.065      0.094        409 1.4738e+03 0.0000e+00
      0.062    20.9650     8.5934     96.123  28.467559     30.945      6.900   300.7261     1.2819     4.3278     0.0208     -0.004      0.063      0.091        410 7.1756e+02 0.0000e+00
      0.064    20.9385     8.6114     96.340  28.497880     31.007      6.903   300.9153     1.2900     4.3546     0.0209     -0.004      0.064      0.093        411 6.5954e+02 0.0000e+00
      0.070    20.9082     8.6251     96.514  28.418123     30.891      6.907   300.8396     1.3547     4.3546     0.0208     -0.003      0.068      0.098        412 1.4203e+03 0.0000e+00
      0.072    20.8846     8.6489     96.788  28.448228     30.971      6.907   300.9153     1.3425     4.3546     0.0208     -0.002      0.070      0.101        413 2.1817e+03 0.0000e+00
      0.070    20.8661     8.6720     97.044  28.460421     30.991      6.908   301.2561     1.3466     4.3278     0.0208     -0.001      0.069      0.099        414 2.5189e+03 0.0000e+00
      0.067    20.8550     8.6890     97.231  28.402960     30.946      6.907   301.1803     1.3627     4.2338     0.0208     -0.000      0.066      0.096        415 2.5647e+03 0.0000e+00
      0.065    20.8493     8.7030     97.381  28.460453     31.019      6.911   301.1046     1.3183     4.3681     0.0208      0.001      0.065      0.094        416 2.5612e+03 0.0000e+00
      0.065    20.8481     8.7109     97.468  28.448176     31.027      6.913   301.0289     1.3102     4.2875     0.0208      0.001      0.065      0.094        417 2.5411e+03 0.0000e+00
      0.067    20.8500     8.7126     97.509  28.418242     30.970      6.914   301.1046     1.2697     4.2875     0.0208      0.001      0.066      0.095        418 2.4110e+03 0.0000e+00
      0.069    20.8498     8.7080     97.474  28.438409     31.032      6.915   301.2939     1.2980     4.3278     0.0208     -0.001      0.068      0.098        419 2.0442e+03 0.0000e+00
      0.070    20.8503     8.6969     97.318  28.423078     30.969      6.914   301.5211     1.3668     4.3546     0.0208     -0.001      0.068      0.099        420 1.5072e+03 0.0000e+00
      0.069    20.8586     8.6914     97.238  28.496617     31.092      6.914   301.4832     1.3910     4.3278     0.0209     -0.000      0.067      0.098        421 1.0529e+03 0.0000e+00
      0.067    20.8693     8.6778     97.102  28.465481     31.030      6.912   301.4453     1.3910     4.3009     0.0208      0.000      0.066      0.096        422 8.2229e+02 0.0000e+00
      0.066    20.8736     8.6707     97.071  28.402531     30.964      6.914   301.3696     1.3466     4.3278     0.0208      0.001      0.066      0.095        423 7.2849e+02 0.0000e+00
      0.067    20.8723     8.6730     97.156  28.456366     31.017      6.916   301.4453     1.3547     4.3949     0.0208      0.001      0.066      0.096        424 7.1091e+02 0.0000e+00
      0.068    20.8700     8.6710     97.194  28.457775     31.014      6.916   301.4453     1.3587     4.3815     0.0208      0.000      0.067      0.097        425 7.1237e+02 0.0000e+00
