Data/DataNotYetUploadedToEDI/Raw_CTD/RawDownloads/052118_fcr49.cnv
* Sea-Bird SBE19plus  Data File:
* FileName = C:\DATA\052118_fcr_0006.hex
* Software version 2.6.3.104
* Temperature SN = 7809
* Conductivity SN = 7809
* System UpLoad Time = May 21 2018 16:58:10
* <ApplicationData>
* <Seaterm232>
# nquan = 17
# nvalues = 1058                        
# units = specified
# name 0 = depFM: Depth [fresh water, m]
# name 1 = tv290C: Temperature [ITS-90, deg C]
# name 2 = sbeox0Mg/L: Oxygen, SBE 43 [mg/l]
# name 3 = sbeox0PS: Oxygen, SBE 43 [% saturation]
# name 4 = c0uS/cm: Conductivity [uS/cm]
# name 5 = specc: Specific Conductance [uS/cm]
# name 6 = ph: pH
# name 7 = orp: Oxidation Reduction Potential [mV]
# name 8 = flECO-AFL: Fluorescence, WET Labs ECO-AFL/FL [mg/m^3]
# name 9 = turbWETntu0: Turbidity, WET Labs ECO [NTU]
# name 10 = sal00: Salinity, Practical [PSU]
# name 11 = dz/dtM: Descent Rate [m/s]
# name 12 = prdM: Pressure, Strain Gauge [db]
# name 13 = prdE: Pressure, Strain Gauge [psi]
# name 14 = scan: Scan Count
# name 15 = par/sat/log: PAR/Logarithmic, Satlantic
# name 16 = flag:  0.000e+00
# span 0 =     -0.539,      9.613       
# span 1 =     9.6476,    23.6797       
# span 2 =     4.9617,    10.0503       
# span 3 =     55.958,    114.557       
# span 4 =   0.667284,  31.347493       
# span 5 =      0.769,     40.220       
# span 6 =      5.439,      7.448       
# span 7 =   275.6646,  1240.2295       
# span 8 =    -2.5798,     4.1690       
# span 9 =    -1.3120,    38.2870       
# span 10 =     0.0110,     0.0222      
# span 11 =     -0.234,      0.223      
# span 12 =     -0.528,      9.427      
# span 13 =     -0.766,     13.673      
# span 14 =          1,       1058      
# span 15 = 3.0851e-01, 2.7454e+03      
# span 16 = 0.0000e+00, 0.0000e+00      
# interval = seconds: 0.25
# start_time = May 21 2018 18:36:49 [Instrument's time stamp, header]
# bad_flag = -9.990e-29
*END*
[from data line 766]
      5.012     9.7046     8.7992     77.400  27.811381     40.069      6.495   335.6304     0.7319     1.5750     0.0204      0.073      4.913      7.125        767 5.0615e+00 0.0000e+00
      5.031     9.7019     8.8017     77.424  27.773337     39.992      6.492   335.7819     0.8371     1.6153     0.0203      0.079      4.934      7.156        768 5.0375e+00 0.0000e+00
      5.051     9.7000     8.8045     77.451  27.799474     40.073      6.489   335.8576     0.8330     1.8436     0.0204      0.082      4.953      7.184        769 4.9548e+00 0.0000e+00
      5.071     9.7005     8.8211     77.601  27.778855     39.996      6.488   335.7062     0.8290     1.4676     0.0203      0.083      4.972      7.211        770 4.9054e+00 0.0000e+00
      5.087     9.6996     8.8248     77.634  27.798999     40.079      6.487   335.4033     0.7279     1.5348     0.0204      0.083      4.988      7.235        771 4.8682e+00 0.0000e+00
      5.103     9.6985     8.8366     77.735  27.774407     39.997      6.487   335.5547     0.7764     1.7496     0.0203      0.081      5.005      7.260        772 4.7897e+00 0.0000e+00
      5.124     9.6988     8.8511     77.860  27.750163     39.999      6.487   335.7819     0.9139     1.8436     0.0203      0.079      5.024      7.286        773 4.7198e+00 0.0000e+00
      5.141     9.6996     8.8516     77.860  27.769873     40.000      6.487   336.2740     0.8088     1.4408     0.0203      0.075      5.039      7.309        774 4.6975e+00 0.0000e+00
      5.151     9.6985     8.8410     77.762  27.809174     40.080      6.485   336.3497     0.8047     1.4139     0.0204      0.070      5.050      7.324        775 4.6916e+00 0.0000e+00
      5.157     9.6956     8.8480     77.822  27.819846     40.079      6.486   336.5012     0.8047     1.5482     0.0204      0.064      5.058      7.336        776 4.6569e+00 0.0000e+00
      5.166     9.6945     8.8557     77.892  27.756592     40.000      6.485   336.1226     0.9422     1.5616     0.0203      0.058      5.068      7.351        777 4.6149e+00 0.0000e+00
      5.182     9.6952     8.8499     77.842  27.769301     40.003      6.483   336.1604     0.9179     1.6288     0.0203      0.053      5.083      7.372        778 4.5875e+00 0.0000e+00
      5.199     9.6966     8.8539     77.879  27.804031     40.085      6.483   336.3876     0.8411     1.3602     0.0204      0.052      5.101      7.398        779 4.5268e+00 0.0000e+00
      5.223     9.6989     8.8514     77.864  27.772670     40.003      6.479   336.7283     0.8128     1.2796     0.0203      0.053      5.123      7.430        780 4.4373e+00 0.0000e+00
      5.250     9.6989     8.8444     77.807  27.749034     40.002      6.472   337.3340     0.8411     1.3199     0.0203      0.057      5.147      7.464        781 4.3791e+00 0.0000e+00
      5.271     9.6973     8.8445     77.812  27.774148     39.999      6.468   338.3183     0.8249     1.7630     0.0203      0.064      5.167      7.494        782 4.3388e+00 0.0000e+00
      5.286     9.6963     8.8344     77.723  27.800710     40.080      6.464   337.6747     0.8047     1.7899     0.0204      0.071      5.183      7.517        783 4.2912e+00 0.0000e+00
      5.300     9.6941     8.8357     77.734  27.775273     40.001      6.463   337.8262     0.7481     1.4542     0.0203      0.076      5.197      7.537        784 4.2867e+00 0.0000e+00
      5.311     9.6915     8.8283     77.668  27.805806     40.083      6.465   337.4097     0.7117     1.6556     0.0204      0.075      5.209      7.554        785 4.2934e+00 0.0000e+00
      5.324     9.6905     8.8310     77.690  27.822010     40.085      6.465   336.7283     0.7724     1.8302     0.0204      0.071      5.222      7.573        786 4.2336e+00 0.0000e+00
      5.340     9.6918     8.8429     77.795  27.755108     40.008      6.469   336.8419     0.6834     1.4945     0.0203      0.066      5.236      7.593        787 4.1946e+00 0.0000e+00
      5.351     9.6921     8.8606     77.950  27.770472     40.009      6.469   336.9176     0.6632     1.4676     0.0203      0.060      5.249      7.613        788 4.1684e+00 0.0000e+00
      5.365     9.6931     8.8711     78.043  27.802890     40.088      6.473   338.6212     0.7036     1.4945     0.0204      0.055      5.265      7.636        789 4.1112e+00 0.0000e+00
      5.390     9.6967     8.8850     78.166  27.774062     40.007      6.474   338.2047     0.7805     1.5885     0.0203      0.055      5.287      7.668        790 4.0429e+00 0.0000e+00
      5.419     9.6995     8.8991     78.292  27.806348     40.087      6.477   338.2426     0.7441     1.6288     0.0204      0.061      5.312      7.705        791 3.9681e+00 0.0000e+00
      5.443     9.7013     8.8949     78.260  27.822004     40.082      6.476   338.4697     0.6672     1.2528     0.0204      0.069      5.335      7.738        792 3.9638e+00 0.0000e+00
      5.461     9.7017     8.8942     78.254  27.754577     39.999      6.471   337.6747     0.6389     1.2796     0.0203      0.075      5.354      7.765        793 3.9348e+00 0.0000e+00
      5.475     9.7016     8.8783     78.118  27.712374     39.916      6.472   337.8262     0.8452     1.6422     0.0203      0.079      5.369      7.786        794 3.8719e+00 0.0000e+00
      5.486     9.7010     8.8713     78.060  27.755935     39.996      6.471   337.2205     0.8452     1.1856     0.0203      0.079      5.380      7.803        795 3.8438e+00 0.0000e+00
      5.496     9.6997     8.8626     77.984  27.818956     40.077      6.469   339.3405     0.8371     1.5616     0.0204      0.075      5.390      7.817        796 3.8135e+00 0.0000e+00
      5.505     9.6998     8.8557     77.924  27.811831     40.077      6.465   338.6590     0.7521     1.2528     0.0204      0.068      5.399      7.829        797 3.7849e+00 0.0000e+00
      5.513     9.6997     8.8574     77.941  27.764802     39.998      6.468   338.6212     0.6996     1.8167     0.0203      0.058      5.406      7.841        798 3.7524e+00 0.0000e+00
      5.521     9.7000     8.8637     77.999  27.758893     39.998      6.470   337.4855     0.7602     1.7765     0.0203      0.048      5.414      7.852        799 3.7382e+00 0.0000e+00
      5.528     9.7003     8.8689     78.051  27.759890     39.998      6.471   337.4097     0.7319     1.4408     0.0203      0.040      5.421      7.862        800 3.7230e+00 0.0000e+00
      5.535     9.7012     8.8726     78.088  27.763560     39.998      6.473   337.3340     0.6834     1.4408     0.0203      0.035      5.428      7.872        801 3.7171e+00 0.0000e+00
      5.540     9.7036     8.8874     78.214  27.813620     40.078      6.473   339.4162     0.6470     1.4005     0.0204      0.032      5.433      7.881        802 3.6966e+00 0.0000e+00
      5.546     9.7047     8.8921     78.252  27.816183     40.077      6.475   339.8326     0.8371     1.8436     0.0204      0.029      5.439      7.889        803 3.6531e+00 0.0000e+00
      5.552     9.7062     8.9007     78.319  27.819667     40.074      6.477   338.7347     0.8411     1.7630     0.0204      0.027      5.445      7.898        804 3.6405e+00 0.0000e+00
      5.559     9.7082     8.9034     78.330  27.809285     40.073      6.478   338.7347     0.7441     1.4408     0.0204      0.026      5.452      7.908        805 3.6429e+00 0.0000e+00
      5.567     9.7085     8.9013     78.301  27.769806     39.991      6.478   338.6590     0.7238     1.4408     0.0203      0.026      5.460      7.919        806 3.6181e+00 0.0000e+00
      5.576     9.7087     8.8935     78.223  27.750204     39.989      6.479   337.4855     0.9341     1.7899     0.0203      0.026      5.468      7.929        807 3.6034e+00 0.0000e+00
      5.582     9.7097     8.8859     78.151  27.774383     39.988      6.479   337.7505     0.9665     1.7899     0.0203      0.027      5.475      7.939        808 3.6010e+00 0.0000e+00
      5.588     9.7113     8.8819     78.111  27.799011     40.069      6.478   339.7569     0.9341     1.8033     0.0204      0.027      5.480      7.948        809 3.5922e+00 0.0000e+00
      5.594     9.7149     8.8693     77.998  27.778850     39.987      6.480   339.6812     0.8411     1.5348     0.0203      0.027      5.486      7.956        810 3.5649e+00 0.0000e+00
      5.599     9.7169     8.8642     77.949  27.799473     40.066      6.478   339.1890     0.8290     1.3602     0.0204      0.027      5.491      7.964        811 3.5508e+00 0.0000e+00
      5.605     9.7151     8.8690     77.987  27.773347     39.981      6.480   339.3783     0.9220     1.6019     0.0203      0.026      5.498      7.975        812 3.5249e+00 0.0000e+00
      5.616     9.7128     8.8707     77.998  27.752069     39.979      6.480   338.4697     0.9382     1.5885     0.0203      0.026      5.509      7.991        813 3.4634e+00 0.0000e+00
      5.633     9.7081     8.8801     78.078  27.766658     39.981      6.479   338.8105     0.8371     1.2662     0.0203      0.029      5.527      8.017        814 3.4475e+00 0.0000e+00
      5.659     9.7017     8.8942     78.198  27.755191     39.983      6.480   338.7347     1.0190     1.8705     0.0203      0.036      5.552      8.053        815 3.3883e+00 0.0000e+00
      5.693     9.6959     8.9052     78.291  27.766339     39.988      6.477   339.9840     0.9058     1.7630     0.0203      0.049      5.582      8.096        816 3.2999e+00 0.0000e+00
      5.722     9.6908     8.9120     78.347  27.752786     39.996      6.476   340.7790     1.0109     1.8302     0.0203      0.064      5.609      8.135        817 3.2313e+00 0.0000e+00
      5.744     9.6878     8.9138     78.359  27.772060     40.003      6.474   340.5140     1.0271     1.5213     0.0203      0.078      5.631      8.167        818 3.2299e+00 0.0000e+00
      5.762     9.6858     8.9103     78.325  27.801651     40.089      6.473   340.4762     0.9624     1.2662     0.0204      0.088      5.650      8.195        819 3.2487e+00 0.0000e+00
      5.781     9.6839     8.8998     78.232  27.775258     40.012      6.473   339.9462     1.0392     1.4945     0.0203      0.093      5.670      8.224        820 3.1801e+00 0.0000e+00
      5.805     9.6823     8.8764     78.026  27.745612     40.015      6.470   340.0219     1.0716     1.6825     0.0203      0.095      5.693      8.257        821 3.1092e+00 0.0000e+00
      5.831     9.6799     8.8597     77.880  27.779251     40.017      6.470   340.1733     1.0554     1.5750     0.0203      0.095      5.719      8.294        822 3.0689e+00 0.0000e+00
      5.860     9.6777     8.8399     77.708  27.792691     40.099      6.471   340.6655     0.9543     1.2393     0.0204      0.093      5.746      8.334        823 3.0131e+00 0.0000e+00
      5.887     9.6760     8.8230     77.558  27.788183     40.021      6.469   340.4762     0.9139     1.4676     0.0203      0.092      5.770      8.369        824 2.9883e+00 0.0000e+00
      5.906     9.6740     8.8111     77.455  27.784863     40.104      6.467   340.6655     1.0109     1.7765     0.0204      0.092      5.790      8.398        825 2.9629e+00 0.0000e+00
      5.921     9.6720     8.8088     77.439  27.737528     39.945      6.468   340.8169     0.9826     1.8705     0.0203      0.092      5.806      8.421        826 2.9076e+00 0.0000e+00
      5.937     9.6699     8.8106     77.460  27.787795     40.109      6.464   340.4383     0.8856     1.5616     0.0204      0.090      5.821      8.443        827 2.9226e+00 0.0000e+00
      5.951     9.6680     8.8150     77.499  27.781603     40.030      6.466   340.5140     0.9179     1.8167     0.0203      0.085      5.836      8.464        828 2.8998e+00 0.0000e+00
      5.965     9.6666     8.8172     77.518  27.804530     40.113      6.465   339.5297     0.8209     1.4945     0.0204      0.078      5.849      8.483        829 2.8505e+00 0.0000e+00
      5.976     9.6658     8.8239     77.578  27.818560     40.116      6.464   340.1355     0.9543     1.8436     0.0204      0.069      5.859      8.498        830 2.8515e+00 0.0000e+00
      5.983     9.6653     8.8272     77.610  27.764144     40.037      6.465   340.2490     0.9745     1.8436     0.0203      0.060      5.867      8.510        831 2.8634e+00 0.0000e+00
      5.990     9.6658     8.8169     77.522  27.753659     40.037      6.465   341.1576     0.7279     1.4945     0.0203      0.051      5.876      8.522        832 2.8371e+00 0.0000e+00
      6.002     9.6668     8.8209     77.557  27.772313     40.038      6.466   341.0819     0.7966     1.7228     0.0203      0.046      5.886      8.537        833 2.7827e+00 0.0000e+00
      6.014     9.6667     8.8174     77.523  27.800226     40.118      6.465   341.0062     0.8411     1.7765     0.0204      0.043      5.899      8.555        834 2.7675e+00 0.0000e+00
      6.028     9.6671     8.7959     77.332  27.778218     40.036      6.468   340.6655     0.7885     1.4676     0.0203      0.042      5.912      8.574        835 2.7445e+00 0.0000e+00
      6.043     9.6696     8.8169     77.515  27.799702     40.117      6.466   339.6055     0.8168     1.4676     0.0204      0.043      5.927      8.595        836 2.7055e+00 0.0000e+00
      6.058     9.6719     8.7983     77.352  27.773488     40.036      6.464   340.8169     0.7966     1.4408     0.0203      0.045      5.942      8.619        837 2.7001e+00 0.0000e+00
      6.077     9.6725     8.8120     77.471  27.751543     40.033      6.462   341.2333     0.8654     1.8167     0.0203      0.050      5.962      8.648        838 2.6842e+00 0.0000e+00
      6.105     9.6722     8.8332     77.656  27.767717     40.030      6.463   341.5740     0.8775     1.7765     0.0203      0.058      5.990      8.688        839 2.6178e+00 0.0000e+00
      6.143     9.6727     8.8482     77.789  27.753361     40.030      6.459   342.8233     0.7805     1.3065     0.0203      0.070      6.022      8.734        840 2.5522e+00 0.0000e+00
      6.172     9.6747     8.8591     77.885  27.769408     40.030      6.451   342.5962     0.7926     1.3602     0.0203      0.082      6.050      8.775        841 2.4831e+00 0.0000e+00
      6.192     9.6759     8.8663     77.949  27.807042     40.110      6.448   340.8926     0.8047     1.1856     0.0204      0.091      6.071      8.805        842 2.4787e+00 0.0000e+00
      6.208     9.6759     8.8808     78.073  27.765822     40.027      6.445   341.1955     0.9179     1.5482     0.0203      0.096      6.087      8.828        843 2.4695e+00 0.0000e+00
      6.220     9.6746     8.8789     78.052  27.761410     40.026      6.447   341.3090     0.7926     1.3333     0.0203      0.095      6.100      8.847        844 2.4350e+00 0.0000e+00
      6.232     9.6729     8.8866     78.117  27.753238     40.026      6.447   341.0440     0.9058     1.4408     0.0203      0.090      6.111      8.863        845 2.4617e+00 0.0000e+00
      6.242     9.6724     8.8739     78.004  27.716696     39.947      6.451   341.0819     0.9422     1.8167     0.0203      0.081      6.123      8.880        846 2.4206e+00 0.0000e+00
      6.257     9.6722     8.8802     78.059  27.747589     40.029      6.452   342.0662     0.9948     1.8839     0.0203      0.069      6.139      8.904        847 2.3772e+00 0.0000e+00
      6.282     9.6715     8.8824     78.079  27.774087     40.030      6.449   342.0283     1.0190     1.4945     0.0203      0.061      6.163      8.938        848 2.3518e+00 0.0000e+00
      6.315     9.6711     8.8909     78.154  27.802312     40.111      6.452   340.3626     0.8977     1.2796     0.0204      0.063      6.192      8.981        849 2.2965e+00 0.0000e+00
      6.345     9.6714     8.8864     78.114  27.771763     40.031      6.449   340.4383     0.8290     1.2528     0.0203      0.071      6.221      9.023        850 2.2560e+00 0.0000e+00
      6.371     9.6720     8.8925     78.167  27.752811     40.031      6.451   340.5140     0.8775     1.6556     0.0203      0.080      6.247      9.060        851 2.2452e+00 0.0000e+00
