Data/DataNotYetUploadedToEDI/Raw_CTD/RawDownloads/052118_fcr45.cnv
* Sea-Bird SBE19plus  Data File:
* FileName = C:\DATA\052118_fcr_0005.hex
* Software version 2.6.3.104
* Temperature SN = 7809
* Conductivity SN = 7809
* System UpLoad Time = May 21 2018 16:57:38
* <ApplicationData>
* <Seaterm232>
# nquan = 17
# nvalues = 1109                        
# units = specified
# name 0 = depFM: Depth [fresh water, m]
# name 1 = tv290C: Temperature [ITS-90, deg C]
# name 2 = sbeox0Mg/L: Oxygen, SBE 43 [mg/l]
# name 3 = sbeox0PS: Oxygen, SBE 43 [% saturation]
# name 4 = c0uS/cm: Conductivity [uS/cm]
# name 5 = specc: Specific Conductance [uS/cm]
# name 6 = ph: pH
# name 7 = orp: Oxidation Reduction Potential [mV]
# name 8 = flECO-AFL: Fluorescence, WET Labs ECO-AFL/FL [mg/m^3]
# name 9 = turbWETntu0: Turbidity, WET Labs ECO [NTU]
# name 10 = sal00: Salinity, Practical [PSU]
# name 11 = dz/dtM: Descent Rate [m/s]
# name 12 = prdM: Pressure, Strain Gauge [db]
# name 13 = prdE: Pressure, Strain Gauge [psi]
# name 14 = scan: Scan Count
# name 15 = par/sat/log: PAR/Logarithmic, Satlantic
# name 16 = flag:  0.000e+00
# span 0 =     -0.529,      7.460       
# span 1 =     9.5845,    24.7950       
# span 2 =     5.4735,     9.4094       
# span 3 =     49.513,    112.480       
# span 4 =   0.014435,  32.508015       
# span 5 =      0.580,     40.130       
# span 6 =      5.411,      7.317       
# span 7 =   264.4210,  1240.2295       
# span 8 =    -1.0473,     5.3579       
# span 9 =    -1.2045,    12.7068       
# span 10 =     0.0114,     0.0226      
# span 11 =     -0.092,      0.243      
# span 12 =     -0.518,      7.315      
# span 13 =     -0.752,     10.609      
# span 14 =          1,       1109      
# span 15 = 7.1894e-01, 2.5701e+03      
# span 16 = 0.0000e+00, 0.0000e+00      
# interval = seconds: 0.25
# start_time = May 21 2018 18:06:39 [Instrument's time stamp, header]
# bad_flag = -9.990e-29
*END*
[from data line 937]
      4.780     9.8063     8.3530     73.527  27.810545     39.907      6.515   342.4069     0.6875     1.1319     0.0204      0.033      4.688      6.800        938 3.9856e+00 0.0000e+00
      4.800     9.7806     8.4324     74.221  27.769523     39.843      6.516   342.4448     0.7198     1.1051     0.0203      0.041      4.706      6.826        939 3.9467e+00 0.0000e+00
      4.815     9.7614     8.4957     74.772  27.749525     39.877      6.514   342.5205     0.6875     1.0916     0.0203      0.048      4.721      6.848        940 3.9029e+00 0.0000e+00
      4.828     9.7474     8.5417     75.169  27.716852     39.825      6.514   342.4069     0.7441     1.3199     0.0203      0.055      4.735      6.868        941 3.8378e+00 0.0000e+00
      4.843     9.7437     8.5606     75.325  27.750898     39.928      6.516   342.3690     0.7158     1.3333     0.0203      0.061      4.749      6.888        942 3.7956e+00 0.0000e+00
      4.856     9.7450     8.5880     75.564  27.766458     39.943      6.515   342.2176     0.6996     1.2662     0.0203      0.062      4.762      6.908        943 3.7751e+00 0.0000e+00
      4.870     9.7416     8.5950     75.624  27.756787     39.948      6.512   342.4448     0.7117     1.2662     0.0203      0.061      4.777      6.928        944 3.7073e+00 0.0000e+00
      4.888     9.7365     8.6021     75.681  27.762934     39.946      6.514   342.9369     0.7926     1.0514     0.0203      0.060      4.792      6.950        945 3.6377e+00 0.0000e+00
      4.901     9.7308     8.6295     75.920  27.758810     39.950      6.513   342.5205     0.7724     1.0916     0.0203      0.058      4.807      6.971        946 3.6138e+00 0.0000e+00
      4.915     9.7257     8.6465     76.069  27.761922     39.956      6.514   342.8990     0.8047     1.0648     0.0203      0.056      4.822      6.994        947 3.5743e+00 0.0000e+00
      4.935     9.7242     8.6635     76.213  27.759063     39.963      6.513   343.2019     0.7845     1.0916     0.0203      0.058      4.840      7.020        948 3.5272e+00 0.0000e+00
      4.955     9.7213     8.6858     76.409  27.762370     39.969      6.512   343.0883     0.7279     1.1319     0.0203      0.061      4.858      7.046        949 3.4873e+00 0.0000e+00
      4.971     9.7179     8.7000     76.532  27.757808     39.970      6.512   342.9748     0.7441     1.1453     0.0203      0.063      4.874      7.069        950 3.4475e+00 0.0000e+00
      4.986     9.7136     8.7072     76.588  27.764741     39.974      6.510   343.0883     0.7360     1.1185     0.0203      0.065      4.889      7.091        951 3.3986e+00 0.0000e+00
      5.000     9.7081     8.6884     76.420  27.753744     39.977      6.509   343.2776     0.7521     1.1051     0.0203      0.065      4.906      7.115        952 3.3545e+00 0.0000e+00
      5.023     9.7063     8.6895     76.433  27.712199     39.902      6.507   343.3912     0.6915     1.0916     0.0203      0.066      4.925      7.143        953 3.3061e+00 0.0000e+00
      5.042     9.7059     8.6743     76.297  27.697852     39.908      6.509   343.4290     0.6794     1.0916     0.0203      0.069      4.942      7.169        954 3.2910e+00 0.0000e+00
      5.055     9.7025     8.6584     76.155  27.712306     39.910      6.506   343.7319     0.6875     1.0916     0.0203      0.068      4.957      7.191        955 3.2730e+00 0.0000e+00
      5.069     9.7011     8.6545     76.118  27.753509     39.991      6.505   343.9212     0.7036     1.0514     0.0203      0.066      4.972      7.211        956 3.2341e+00 0.0000e+00
      5.085     9.7008     8.6417     75.997  27.765167     39.995      6.506   343.6183     0.6794     1.0916     0.0203      0.065      4.988      7.234        957 3.2089e+00 0.0000e+00
      5.103     9.6981     8.6402     75.983  27.816391     40.077      6.509   343.9212     0.6672     1.0379     0.0204      0.065      5.005      7.259        958 3.1676e+00 0.0000e+00
      5.122     9.6975     8.6514     76.081  27.808354     40.077      6.508   343.9590     0.6834     1.1319     0.0204      0.066      5.023      7.285        959 3.0924e+00 0.0000e+00
      5.141     9.6967     8.6596     76.149  27.715874     39.920      6.508   343.9212     0.6713     1.1319     0.0203      0.066      5.041      7.311        960 3.0400e+00 0.0000e+00
      5.157     9.6930     8.6679     76.218  27.753593     40.001      6.508   343.8076     0.6915     1.0379     0.0203      0.066      5.060      7.338        961 3.0431e+00 0.0000e+00
      5.179     9.6916     8.6741     76.268  27.761412     40.002      6.511   343.6183     0.7966     1.1319     0.0203      0.068      5.082      7.369        962 3.0104e+00 0.0000e+00
      5.209     9.6928     8.6796     76.308  27.765440     40.006      6.505   343.3912     0.7805     1.1722     0.0203      0.074      5.107      7.407        963 2.9145e+00 0.0000e+00
      5.236     9.6919     8.6844     76.342  27.807879     40.088      6.509   343.9212     0.7764     1.0916     0.0204      0.080      5.135      7.448        964 2.8729e+00 0.0000e+00
      5.267     9.6907     8.6873     76.371  27.767895     40.006      6.502   344.3376     0.7764     1.1588     0.0203      0.087      5.164      7.490        965 2.8313e+00 0.0000e+00
      5.295     9.6890     8.6825     76.333  27.755903     40.007      6.499   344.2998     0.7319     0.9842     0.0203      0.094      5.190      7.528        966 2.7677e+00 0.0000e+00
      5.316     9.6849     8.6818     76.327  27.763506     40.009      6.499   344.6783     0.7036     1.1588     0.0203      0.099      5.213      7.561        967 2.7327e+00 0.0000e+00
      5.337     9.6840     8.6880     76.376  27.758433     40.011      6.495   344.7919     0.7441     1.0916     0.0203      0.101      5.235      7.592        968 2.7106e+00 0.0000e+00
      5.360     9.6840     8.6825     76.318  27.762218     40.016      6.494   344.9812     0.7360     1.0648     0.0203      0.102      5.260      7.629        969 2.6801e+00 0.0000e+00
      5.393     9.6813     8.6751     76.252  27.758800     40.017      6.492   345.5112     0.7885     0.9574     0.0203      0.102      5.292      7.675        970 2.6035e+00 0.0000e+00
      5.436     9.6791     8.6665     76.180  27.762689     40.016      6.483   346.0790     0.7805     1.2393     0.0203      0.105      5.329      7.729        971 2.5377e+00 0.0000e+00
      5.472     9.6769     8.6605     76.127  27.757377     40.020      6.480   346.1926     0.7845     1.1453     0.0203      0.111      5.362      7.776        972 2.4970e+00 0.0000e+00
      5.493     9.6721     8.6573     76.093  27.706115     39.941      6.477   346.1169     0.7926     1.0916     0.0203      0.113      5.385      7.809        973 2.4784e+00 0.0000e+00
      5.506     9.6679     8.6527     76.047  27.707896     39.944      6.474   346.1169     0.8007     1.0379     0.0203      0.113      5.401      7.832        974 2.4527e+00 0.0000e+00
      5.521     9.6693     8.6466     75.989  27.755162     40.030      6.476   346.2683     0.6996     1.0782     0.0203      0.110      5.417      7.855        975 2.4217e+00 0.0000e+00
      5.542     9.6720     8.6441     75.964  27.706588     39.955      6.477   345.8519     0.7441     1.0916     0.0203      0.104      5.437      7.885        976 2.3620e+00 0.0000e+00
      5.569     9.6723     8.6492     76.007  27.709052     39.953      6.480   346.2683     0.7158     1.0782     0.0203      0.097      5.461      7.920        977 2.3451e+00 0.0000e+00
      5.594     9.6686     8.6582     76.081  27.752098     40.030      6.478   346.4955     0.7198     1.1991     0.0203      0.090      5.484      7.954        978 2.3432e+00 0.0000e+00
      5.613     9.6634     8.6628     76.118  27.712313     39.949      6.477   346.1548     0.8371     1.0648     0.0203      0.083      5.504      7.983        979 2.2795e+00 0.0000e+00
      5.629     9.6630     8.6734     76.209  27.699268     39.954      6.479   346.3440     0.8532     0.9842     0.0203      0.079      5.523      8.010        980 2.2322e+00 0.0000e+00
      5.653     9.6651     8.6772     76.241  27.709038     39.960      6.480   346.1926     0.8735     1.1856     0.0203      0.081      5.545      8.042        981 2.2231e+00 0.0000e+00
      5.681     9.6648     8.6901     76.350  27.700156     39.960      6.479   346.5712     0.8492     1.0916     0.0203      0.086      5.569      8.077        982 2.2033e+00 0.0000e+00
      5.703     9.6619     8.6902     76.344  27.710323     39.958      6.478   346.2683     0.6713     1.1453     0.0203      0.088      5.590      8.109        983 2.1092e+00 0.0000e+00
      5.718     9.6588     8.6900     76.337  27.755681     40.039      6.474   346.1169     0.6834     1.0379     0.0203      0.086      5.608      8.134        984 2.0860e+00 0.0000e+00
      5.736     9.6560     8.6821     76.263  27.762299     40.042      6.476   346.1169     0.6713     1.0916     0.0203      0.083      5.625      8.159        985 2.1021e+00 0.0000e+00
      5.755     9.6545     8.6939     76.363  27.702088     39.965      6.479   346.2305     0.7077     1.1588     0.0203      0.081      5.643      8.184        986 2.0917e+00 0.0000e+00
      5.772     9.6534     8.6988     76.404  27.652728     39.888      6.478   346.1169     0.7319     1.0648     0.0203      0.079      5.660      8.208        987 2.0614e+00 0.0000e+00
      5.788     9.6510     8.6945     76.362  27.705137     39.970      6.478   346.2305     0.7400     1.0245     0.0203      0.077      5.676      8.233        988 2.0361e+00 0.0000e+00
      5.805     9.6488     8.7031     76.435  27.755457     40.052      6.480   346.6090     0.7400     1.0648     0.0203      0.072      5.695      8.259        989 2.0276e+00 0.0000e+00
      5.827     9.6479     8.6954     76.363  27.708697     39.974      6.482   346.1926     0.7117     1.1185     0.0203      0.070      5.717      8.291        990 1.9812e+00 0.0000e+00
      5.855     9.6470     8.6979     76.383  27.704034     39.976      6.485   346.4576     0.7683     1.0245     0.0203      0.072      5.742      8.328        991 1.9440e+00 0.0000e+00
      5.883     9.6443     8.6942     76.350  27.701965     39.978      6.484   345.6248     0.7683     1.0245     0.0203      0.078      5.769      8.367        992 1.8782e+00 0.0000e+00
      5.910     9.6407     8.6924     76.333  27.651978     39.898      6.484   346.2683     0.7764     0.9976     0.0203      0.084      5.794      8.403        993 1.8717e+00 0.0000e+00
      5.930     9.6375     8.6954     76.360  27.706948     39.982      6.483   346.5712     0.7966     1.1453     0.0203      0.089      5.814      8.432        994 1.8791e+00 0.0000e+00
      5.945     9.6350     8.6980     76.385  27.752147     40.066      6.483   346.5333     0.7764     1.0379     0.0203      0.091      5.829      8.454        995 1.8566e+00 0.0000e+00
      5.955     9.6333     8.7032     76.436  27.714321     39.990      6.484   346.6848     0.6147     1.0379     0.0203      0.088      5.841      8.471        996 1.8665e+00 0.0000e+00
      5.968     9.6318     8.6995     76.413  27.754024     40.073      6.483   346.4955     0.6187     1.1051     0.0203      0.082      5.854      8.491        997 1.8341e+00 0.0000e+00
      5.988     9.6298     8.6973     76.398  27.762034     40.075      6.484   346.2683     0.5944     1.0916     0.0203      0.076      5.873      8.518        998 1.8122e+00 0.0000e+00
      6.011     9.6279     8.6885     76.319  27.704352     39.996      6.483   346.5712     0.6106     1.0648     0.0203      0.071      5.895      8.549        999 1.7892e+00 0.0000e+00
      6.033     9.6261     8.6873     76.306  27.707218     39.999      6.483   346.6090     0.7077     1.0648     0.0203      0.068      5.915      8.579       1000 1.7702e+00 0.0000e+00
      6.050     9.6248     8.6836     76.271  27.699175     40.001      6.483   346.2683     0.6794     1.0111     0.0203      0.068      5.932      8.605       1001 1.7564e+00 0.0000e+00
      6.064     9.6242     8.6812     76.245  27.655067     39.922      6.482   346.8740     0.6834     1.1319     0.0203      0.069      5.948      8.628       1002 1.7210e+00 0.0000e+00
      6.083     9.6239     8.6917     76.334  27.643519     39.924      6.483   347.1769     0.7117     1.1319     0.0203      0.071      5.967      8.655       1003 1.6833e+00 0.0000e+00
      6.107     9.6242     8.6908     76.323  27.654253     39.924      6.480   347.1391     0.7117     1.0916     0.0203      0.075      5.989      8.687       1004 1.6721e+00 0.0000e+00
      6.130     9.6254     8.7030     76.431  27.701005     40.005      6.478   347.1769     0.6996     1.0379     0.0203      0.077      6.010      8.717       1005 1.6760e+00 0.0000e+00
      6.148     9.6284     8.7100     76.492  27.703926     40.005      6.476   347.1769     0.7400     1.0245     0.0203      0.077      6.028      8.744       1006 1.6557e+00 0.0000e+00
      6.165     9.6335     8.7206     76.585  27.650618     39.923      6.477   347.3283     0.7077     1.0514     0.0203      0.076      6.045      8.769       1007 1.6337e+00 0.0000e+00
      6.183     9.6362     8.7210     76.588  27.648757     39.920      6.478   347.2526     0.7926     1.1453     0.0203      0.076      6.064      8.795       1008 1.5747e+00 0.0000e+00
      6.204     9.6353     8.7202     76.579  27.706240     39.994      6.478   347.3283     0.7643     1.0782     0.0203      0.077      6.085      8.824       1009 1.5681e+00 0.0000e+00
      6.226     9.6338     8.7162     76.541  27.697670     39.991      6.478   347.4419     0.7805     1.0782     0.0203      0.078      6.105      8.854       1010 1.5688e+00 0.0000e+00
      6.244     9.6322     8.7108     76.490  27.659422     39.912      6.480   347.2526     0.7926     1.0648     0.0203      0.077      6.123      8.881       1011 1.5325e+00 0.0000e+00
      6.261     9.6299     8.7181     76.553  27.694544     39.994      6.479   346.8740     0.7077     1.0916     0.0203      0.075      6.141      8.907       1012 1.5285e+00 0.0000e+00
      6.281     9.6277     8.7059     76.444  27.653962     39.915      6.475   347.4798     0.6713     1.1185     0.0203      0.075      6.162      8.937       1013 1.4971e+00 0.0000e+00
      6.309     9.6266     8.7013     76.403  27.650632     39.918      6.475   347.1769     0.6713     1.0648     0.0203      0.078      6.187      8.974       1014 1.4749e+00 0.0000e+00
      6.338     9.6264     8.6931     76.331  27.639394     39.920      6.474   347.7448     0.6753     1.1856     0.0203      0.082      6.212      9.010       1015 1.4706e+00 0.0000e+00
      6.357     9.6262     8.6814     76.230  27.579005     39.801      6.471   347.8583     0.6753     1.0111     0.0202      0.085      6.232      9.040       1016 1.4836e+00 0.0000e+00
      6.371     9.6261     8.6789     76.210  27.636844     39.922      6.473   347.8205     0.5419     1.0916     0.0203      0.085      6.248      9.062       1017 1.4572e+00 0.0000e+00
      6.385     9.6258     8.6735     76.163  27.656357     39.922      6.469   347.9719     0.5419     1.0379     0.0203      0.083      6.262      9.082       1018 1.4205e+00 0.0000e+00
      6.399     9.6247     8.6808     76.225  27.643662     39.922      6.468   347.9719     0.5257     1.0379     0.0203      0.080      6.277      9.103       1019 1.4110e+00 0.0000e+00
      6.416     9.6232     8.6867     76.276  27.652642     39.922      6.469   348.1612     0.5257     1.1453     0.0203      0.076      6.293      9.127       1020 1.3749e+00 0.0000e+00
      6.436     9.6215     8.7017     76.405  27.645183     39.924      6.469   348.5776     0.5500     0.8768     0.0203      0.071      6.312      9.154       1021 1.3787e+00 0.0000e+00
