Data/DataNotYetUploadedToEDI/Raw_CTD/RawDownloads/052118_fcr45.cnv
* Sea-Bird SBE19plus  Data File:
* FileName = C:\DATA\052118_fcr_0005.hex
* Software version 2.6.3.104
* Temperature SN = 7809
* Conductivity SN = 7809
* System UpLoad Time = May 21 2018 16:57:38
* <ApplicationData>
* <Seaterm232>
# nquan = 17
# nvalues = 1109                        
# units = specified
# name 0 = depFM: Depth [fresh water, m]
# name 1 = tv290C: Temperature [ITS-90, deg C]
# name 2 = sbeox0Mg/L: Oxygen, SBE 43 [mg/l]
# name 3 = sbeox0PS: Oxygen, SBE 43 [% saturation]
# name 4 = c0uS/cm: Conductivity [uS/cm]
# name 5 = specc: Specific Conductance [uS/cm]
# name 6 = ph: pH
# name 7 = orp: Oxidation Reduction Potential [mV]
# name 8 = flECO-AFL: Fluorescence, WET Labs ECO-AFL/FL [mg/m^3]
# name 9 = turbWETntu0: Turbidity, WET Labs ECO [NTU]
# name 10 = sal00: Salinity, Practical [PSU]
# name 11 = dz/dtM: Descent Rate [m/s]
# name 12 = prdM: Pressure, Strain Gauge [db]
# name 13 = prdE: Pressure, Strain Gauge [psi]
# name 14 = scan: Scan Count
# name 15 = par/sat/log: PAR/Logarithmic, Satlantic
# name 16 = flag:  0.000e+00
# span 0 =     -0.529,      7.460       
# span 1 =     9.5845,    24.7950       
# span 2 =     5.4735,     9.4094       
# span 3 =     49.513,    112.480       
# span 4 =   0.014435,  32.508015       
# span 5 =      0.580,     40.130       
# span 6 =      5.411,      7.317       
# span 7 =   264.4210,  1240.2295       
# span 8 =    -1.0473,     5.3579       
# span 9 =    -1.2045,    12.7068       
# span 10 =     0.0114,     0.0226      
# span 11 =     -0.092,      0.243      
# span 12 =     -0.518,      7.315      
# span 13 =     -0.752,     10.609      
# span 14 =          1,       1109      
# span 15 = 7.1894e-01, 2.5701e+03      
# span 16 = 0.0000e+00, 0.0000e+00      
# interval = seconds: 0.25
# start_time = May 21 2018 18:06:39 [Instrument's time stamp, header]
# bad_flag = -9.990e-29
*END*
[from data line 86]
      0.007    22.5830     6.0415     69.924  30.612617     32.165      7.086   286.1132     1.2980     4.3815     0.0218     -0.000      0.007      0.010         87 2.0923e+03 0.0000e+00
      0.007    22.5855     5.9845     69.270  30.605352     32.162      7.086   285.8482     1.3183     4.4486     0.0218      0.000      0.007      0.011         88 2.1006e+03 0.0000e+00
      0.008    22.5889     5.9695     69.101  30.614858     32.160      7.086   285.8482     1.2980     4.3681     0.0218      0.000      0.007      0.011         89 2.1016e+03 0.0000e+00
      0.007    22.5927     5.9450     68.823  30.600785     32.159      7.082   285.8103     1.2697     4.3143     0.0218     -0.000      0.007      0.011         90 2.1002e+03 0.0000e+00
      0.008    22.5958     5.9223     68.564  30.622865     32.157      7.081   286.4160     1.2819     4.3949     0.0218     -0.000      0.008      0.011         91 2.1030e+03 0.0000e+00
      0.008    22.5977     5.9008     68.318  30.646680     32.213      7.083   286.4160     1.2900     4.3009     0.0219      0.000      0.008      0.011         92 2.1079e+03 0.0000e+00
      0.007    22.5997     5.8895     68.190  30.630448     32.152      7.080   286.5296     1.2253     4.3278     0.0218      0.000      0.007      0.011         93 2.1094e+03 0.0000e+00
      0.007    22.6028     5.8771     68.052  30.643066     32.209      7.077   286.2646     1.2293     4.3546     0.0219      0.000      0.007      0.010         94 2.1142e+03 0.0000e+00
      0.007    22.6066     5.8684     67.956  30.630977     32.149      7.081   285.7724     1.2091     4.3009     0.0218     -0.000      0.007      0.010         95 2.1176e+03 0.0000e+00
      0.007    22.6103     5.8618     67.883  30.645491     32.206      7.083   285.9996     1.2091     4.4352     0.0219     -0.000      0.007      0.010         96 2.1111e+03 0.0000e+00
      0.007    22.6142     5.8515     67.767  30.684302     32.203      7.083   285.9996     1.1323     4.4352     0.0219     -0.001      0.007      0.011         97 2.1112e+03 0.0000e+00
      0.008    22.6184     5.8510     67.766  30.701279     32.259      7.085   285.9996     1.0959     4.3815     0.0219     -0.000      0.008      0.011         98 2.1140e+03 0.0000e+00
      0.008    22.6224     5.8472     67.726  30.683664     32.198      7.084   285.9996     1.1039     4.3546     0.0219     -0.000      0.008      0.011         99 2.1128e+03 0.0000e+00
      0.007    22.6260     5.8473     67.732  30.706222     32.254      7.077   286.0374     1.1161     4.3949     0.0219      0.000      0.007      0.010        100 2.1122e+03 0.0000e+00
      0.006    22.6288     5.8494     67.760  30.673204     32.193      7.071   286.0374     1.0554     4.7440     0.0219     -0.000      0.007      0.010        101 2.1186e+03 0.0000e+00
      0.007    22.6312     5.8562     67.843  30.665452     32.190      7.066   286.2646     1.0554     4.6098     0.0219      0.000      0.007      0.011        102 2.1224e+03 0.0000e+00
      0.008    22.6342     5.8624     67.919  30.715869     32.247      7.061   286.5674     1.0231     4.6366     0.0219      0.000      0.007      0.011        103 2.1271e+03 0.0000e+00
      0.007    22.6376     5.8671     67.977  30.729062     32.245      7.062   286.1889     1.0271     4.5963     0.0219      0.000      0.007      0.011        104 2.1265e+03 0.0000e+00
      0.007    22.6413     5.8677     67.988  30.708333     32.243      7.061   286.4917     1.0473     4.3546     0.0219      0.000      0.007      0.011        105 2.1222e+03 0.0000e+00
      0.007    22.6445     5.8724     68.046  30.682363     32.182      7.062   286.6810     1.0231     4.3009     0.0219     -0.000      0.007      0.010        106 2.1251e+03 0.0000e+00
      0.006    22.6474     5.8737     68.065  30.761380     32.297      7.062   286.7189     1.0392     4.4083     0.0219     -0.000      0.006      0.009        107 2.1237e+03 0.0000e+00
      0.006    22.6506     5.8742     68.075  30.728599     32.236      7.063   286.9460     1.0109     4.4889     0.0219     -0.000      0.006      0.009        108 2.1191e+03 0.0000e+00
      0.007    22.6536     5.8705     68.036  30.723157     32.234      7.061   287.2110     1.0433     4.4352     0.0219     -0.000      0.007      0.010        109 2.1187e+03 0.0000e+00
      0.007    22.6566     5.8689     68.021  30.768151     32.291      7.062   286.9460     1.0554     4.4218     0.0219     -0.001      0.007      0.010        110 2.1202e+03 0.0000e+00
      0.008    22.6599     5.8678     68.012  30.731905     32.230      7.059   286.7946     1.0473     4.3546     0.0219     -0.000      0.007      0.010        111 2.1211e+03 0.0000e+00
      0.006    22.6633     5.8616     67.943  30.768263     32.287      7.055   286.7567     1.0029     4.3278     0.0219     -0.000      0.006      0.009        112 2.1200e+03 0.0000e+00
      0.006    22.6666     5.8646     67.982  30.782204     32.284      7.051   286.6053     1.0271     4.3815     0.0219     -0.000      0.006      0.009        113 2.1168e+03 0.0000e+00
      0.006    22.6697     5.8592     67.923  30.773857     32.282      7.047   286.7567     1.0635     4.4352     0.0219     -0.000      0.006      0.009        114 2.1184e+03 0.0000e+00
      0.006    22.6726     5.8614     67.952  30.778649     32.280      7.047   286.9082     1.0514     4.4755     0.0219     -0.000      0.006      0.009        115 2.1209e+03 0.0000e+00
      0.007    22.6753     5.8570     67.906  30.776239     32.278      7.045   286.4917     1.0473     4.3949     0.0219     -0.000      0.006      0.009        116 2.1180e+03 0.0000e+00
      0.006    22.6787     5.8526     67.858  30.717554     32.217      7.037   286.4917     1.0312     4.4486     0.0219     -0.000      0.006      0.009        117 2.1172e+03 0.0000e+00
      0.006    22.6818     5.8484     67.812  30.733077     32.215      7.036   286.4539     1.1080     4.3815     0.0219     -0.000      0.006      0.009        118 2.1182e+03 0.0000e+00
      0.007    22.6846     5.8404     67.722  30.816222     32.330      7.033   286.5674     1.1201     4.3546     0.0219     -0.000      0.007      0.010        119 2.1128e+03 0.0000e+00
      0.007    22.6873     5.8341     67.654  30.791986     32.270      7.031   286.7567     1.1161     4.4486     0.0219      0.000      0.007      0.010        120 2.1081e+03 0.0000e+00
      0.007    22.6898     5.8296     67.606  30.763237     32.268      7.035   286.7946     1.0797     4.3815     0.0219      0.000      0.007      0.010        121 2.1090e+03 0.0000e+00
      0.007    22.6927     5.8249     67.555  30.792697     32.266      7.033   286.7567     1.0756     4.4083     0.0219      0.000      0.007      0.010        122 2.1089e+03 0.0000e+00
      0.008    22.6956     5.8190     67.489  30.814623     32.323      7.035   287.0217     1.1201     4.4352     0.0219      0.001      0.007      0.010        123 2.1061e+03 0.0000e+00
      0.007    22.6983     5.8111     67.400  30.795250     32.262      7.038   287.0217     1.1120     4.4755     0.0219      0.000      0.006      0.009        124 2.1118e+03 0.0000e+00
      0.005    22.7012     5.8020     67.298  30.816807     32.319      7.038   286.9082     1.0999     4.4083     0.0219      0.000      0.005      0.008        125 2.1165e+03 0.0000e+00
      0.005    22.7045     5.7914     67.177  30.787796     32.258      7.040   286.9460     1.1201     4.6635     0.0219     -0.000      0.005      0.008        126 2.1165e+03 0.0000e+00
      0.006    22.7073     5.7912     67.177  30.772049     32.256      7.037   286.8703     1.1161     4.6098     0.0219     -0.001      0.006      0.009        127 2.1178e+03 0.0000e+00
      0.006    22.7096     5.7873     67.134  30.777101     32.254      7.043   287.0596     1.0756     4.5829     0.0219     -0.001      0.006      0.009        128 2.1134e+03 0.0000e+00
      0.007    22.7121     5.7847     67.109  30.781508     32.252      7.041   287.0596     1.0959     4.7038     0.0219     -0.000      0.007      0.010        129 2.1117e+03 0.0000e+00
      0.007    22.7152     5.7774     67.028  30.825863     32.309      7.039   287.1353     1.0392     4.4352     0.0219     -0.000      0.007      0.010        130 2.1096e+03 0.0000e+00
      0.007    22.7181     5.7703     66.949  30.840506     32.308      7.033   287.3246     1.0352     4.4352     0.0219      0.000      0.007      0.010        131 2.1065e+03 0.0000e+00
      0.006    22.7210     5.7634     66.871  30.822588     32.306      7.024   286.8703     1.0392     4.3949     0.0219      0.001      0.006      0.009        132 2.1062e+03 0.0000e+00
      0.005    22.7237     5.7559     66.788  30.788857     32.245      7.027   287.4760     1.0554     4.5292     0.0219      0.000      0.006      0.008        133 2.1017e+03 0.0000e+00
      0.006    22.7259     5.7483     66.703  30.763876     32.243      7.031   286.9460     1.0231     4.3949     0.0219      0.000      0.006      0.009        134 2.1058e+03 0.0000e+00
      0.007    22.7280     5.7413     66.626  30.735072     32.183      7.036   286.7946     0.9988     4.3815     0.0219     -0.000      0.007      0.010        135 2.1126e+03 0.0000e+00
      0.008    22.7296     5.7341     66.544  30.824704     32.298      7.040   287.0974     1.0190     4.4621     0.0219      0.000      0.008      0.011        136 2.1133e+03 0.0000e+00
      0.009    22.7311     5.7312     66.512  30.889538     32.355      7.045   287.0974     1.0473     4.3949     0.0220      0.001      0.008      0.011        137 2.1189e+03 0.0000e+00
      0.008    22.7337     5.7261     66.457  30.832291     32.296      7.053   286.8703     1.0433     4.4621     0.0219      0.001      0.008      0.011        138 2.1179e+03 0.0000e+00
      0.007    22.7371     5.7201     66.391  30.836642     32.295      7.057   287.0217     1.0069     4.3681     0.0219      0.001      0.007      0.011        139 2.1205e+03 0.0000e+00
      0.007    22.7401     5.7072     66.243  30.824821     32.293      7.062   287.2489     1.0392     4.3815     0.0219      0.001      0.007      0.011        140 2.1190e+03 0.0000e+00
      0.009    22.7424     5.7081     66.251  30.787699     32.232      7.066   287.4760     1.0514     4.4755     0.0219      0.001      0.007      0.011        141 2.1163e+03 0.0000e+00
      0.008    22.7445     5.7089     66.262  30.823536     32.289      7.063   287.5517     1.0352     4.4889     0.0219      0.000      0.007      0.011        142 2.1166e+03 0.0000e+00
      0.007    22.7474     5.7059     66.231  30.839525     32.287      7.065   287.4003     1.0473     4.4083     0.0219     -0.000      0.007      0.011        143 2.1127e+03 0.0000e+00
      0.008    22.7501     5.7161     66.352  30.827103     32.286      7.057   287.4760     1.0271     4.4352     0.0219     -0.000      0.008      0.011        144 2.1157e+03 0.0000e+00
      0.009    22.7526     5.7042     66.217  30.779691     32.225      7.046   287.5896     1.0433     4.3815     0.0219      0.000      0.008      0.012        145 2.1129e+03 0.0000e+00
      0.009    22.7545     5.6954     66.116  30.779922     32.223      7.042   287.5517     1.0433     4.4083     0.0219      0.001      0.008      0.012        146 2.1162e+03 0.0000e+00
      0.009    22.7564     5.6859     66.005  30.826814     32.280      7.043   287.6653     1.0352     4.2741     0.0219      0.001      0.008      0.012        147 2.1218e+03 0.0000e+00
      0.007    22.7590     5.6908     66.063  30.839937     32.279      7.046   288.0060     1.0109     4.3815     0.0219      0.000      0.008      0.012        148 2.1174e+03 0.0000e+00
      0.008    22.7619     5.6855     66.006  30.822892     32.278      7.051   288.1953     1.0433     4.4755     0.0219     -0.000      0.008      0.012        149 2.1154e+03 0.0000e+00
      0.009    22.7630     5.6833     65.985  30.848025     32.276      7.046   287.7410     1.0433     4.4352     0.0219      0.000      0.008      0.012        150 2.1173e+03 0.0000e+00
      0.009    22.7621     5.6859     66.019  30.927262     32.391      7.047   288.0439     1.0352     4.3949     0.0220      0.001      0.008      0.011        151 2.1155e+03 0.0000e+00
      0.004    22.7633     5.6761     65.909  30.902188     32.332      7.048   287.7789     1.0392     4.3278     0.0220     -0.001      0.005      0.007        152 2.1182e+03 0.0000e+00
      0.002    22.7660     5.6741     65.890  30.819927     32.274      7.053   287.9303     1.0392     4.3815     0.0219     -0.002      0.003      0.005        153 2.1192e+03 0.0000e+00
      0.004    22.7683     5.6645     65.782  30.792428     32.214      7.055   288.1575     1.0554     4.5023     0.0219     -0.003      0.004      0.006        154 2.1185e+03 0.0000e+00
      0.004    22.7707     5.6525     65.646  30.758505     32.213      7.055   288.0439     1.0271     4.3681     0.0219     -0.003      0.005      0.007        155 2.1325e+03 0.0000e+00
      0.007    22.7715     5.6389     65.490  30.802839     32.211      7.056   288.3846     1.0595     4.3815     0.0219     -0.002      0.005      0.008        156 2.1328e+03 0.0000e+00
      0.007    22.7706     5.6254     65.336  30.915160     32.385      7.056   288.4225     1.0150     4.4218     0.0220     -0.001      0.005      0.008        157 2.1233e+03 0.0000e+00
      0.005    22.7717     5.6202     65.278  30.915234     32.326      7.057   288.4603     1.0231     4.3412     0.0220     -0.001      0.004      0.007        158 2.1167e+03 0.0000e+00
      0.004    22.7755     5.6130     65.198  30.862047     32.327      7.056   288.4225     1.0352     4.3546     0.0220     -0.001      0.004      0.006        159 2.1053e+03 0.0000e+00
      0.006    22.7792     5.6125     65.196  30.803444     32.209      7.061   288.6117     1.0352     4.4755     0.0219      0.001      0.005      0.007        160 2.1048e+03 0.0000e+00
      0.006    22.7820     5.6106     65.177  30.810259     32.265      7.059   288.2332     1.0231     4.3546     0.0219      0.001      0.005      0.008        161 2.1062e+03 0.0000e+00
      0.006    22.7850     5.6037     65.100  30.853565     32.262      7.060   288.5360     1.0514     4.5023     0.0219      0.000      0.005      0.007        162 2.1096e+03 0.0000e+00
      0.005    22.7880     5.5946     64.998  30.868152     32.319      7.056   288.3089     1.0352     4.3278     0.0220     -0.000      0.004      0.006        163 2.1195e+03 0.0000e+00
      0.005    22.7909     5.5905     64.954  30.851405     32.258      7.059   288.2710     1.0433     4.3815     0.0219     -0.001      0.004      0.006        164 2.1230e+03 0.0000e+00
      0.004    22.7938     5.5815     64.853  30.874405     32.315      7.057   288.5360     1.0635     4.2338     0.0220     -0.001      0.004      0.006        165 2.1239e+03 0.0000e+00
      0.004    22.7959     5.5743     64.771  30.898831     32.313      7.050   288.5360     1.0352     4.3949     0.0220     -0.000      0.004      0.006        166 2.1244e+03 0.0000e+00
      0.005    22.7976     5.5655     64.671  30.880309     32.311      7.046   288.4982     1.0312     4.4352     0.0220     -0.000      0.004      0.006        167 2.1239e+03 0.0000e+00
      0.005    22.7994     5.5617     64.629  30.897454     32.309      7.039   288.7632     1.0554     4.6366     0.0220     -0.001      0.004      0.006        168 2.1239e+03 0.0000e+00
      0.005    22.8021     5.5560     64.565  30.936795     32.367      7.037   288.7632     1.0473     4.6635     0.0220     -0.001      0.004      0.006        169 2.1238e+03 0.0000e+00
      0.005    22.8050     5.5462     64.458  30.890650     32.307      7.041   288.8389     1.0473     4.6903     0.0220     -0.000      0.005      0.006        170 2.1202e+03 0.0000e+00
