Data/DataNotYetUploadedToEDI/Raw_CTD/RawDownloads/052118_fcr49.cnv
* Sea-Bird SBE19plus  Data File:
* FileName = C:\DATA\052118_fcr_0006.hex
* Software version 2.6.3.104
* Temperature SN = 7809
* Conductivity SN = 7809
* System UpLoad Time = May 21 2018 16:58:10
* <ApplicationData>
* <Seaterm232>
# nquan = 17
# nvalues = 1058                        
# units = specified
# name 0 = depFM: Depth [fresh water, m]
# name 1 = tv290C: Temperature [ITS-90, deg C]
# name 2 = sbeox0Mg/L: Oxygen, SBE 43 [mg/l]
# name 3 = sbeox0PS: Oxygen, SBE 43 [% saturation]
# name 4 = c0uS/cm: Conductivity [uS/cm]
# name 5 = specc: Specific Conductance [uS/cm]
# name 6 = ph: pH
# name 7 = orp: Oxidation Reduction Potential [mV]
# name 8 = flECO-AFL: Fluorescence, WET Labs ECO-AFL/FL [mg/m^3]
# name 9 = turbWETntu0: Turbidity, WET Labs ECO [NTU]
# name 10 = sal00: Salinity, Practical [PSU]
# name 11 = dz/dtM: Descent Rate [m/s]
# name 12 = prdM: Pressure, Strain Gauge [db]
# name 13 = prdE: Pressure, Strain Gauge [psi]
# name 14 = scan: Scan Count
# name 15 = par/sat/log: PAR/Logarithmic, Satlantic
# name 16 = flag:  0.000e+00
# span 0 =     -0.539,      9.613       
# span 1 =     9.6476,    23.6797       
# span 2 =     4.9617,    10.0503       
# span 3 =     55.958,    114.557       
# span 4 =   0.667284,  31.347493       
# span 5 =      0.769,     40.220       
# span 6 =      5.439,      7.448       
# span 7 =   275.6646,  1240.2295       
# span 8 =    -2.5798,     4.1690       
# span 9 =    -1.3120,    38.2870       
# span 10 =     0.0110,     0.0222      
# span 11 =     -0.234,      0.223      
# span 12 =     -0.528,      9.427      
# span 13 =     -0.766,     13.673      
# span 14 =          1,       1058      
# span 15 = 3.0851e-01, 2.7454e+03      
# span 16 = 0.0000e+00, 0.0000e+00      
# interval = seconds: 0.25
# start_time = May 21 2018 18:36:49 [Instrument's time stamp, header]
# bad_flag = -9.990e-29
*END*
     -0.539    22.6605     8.3359     96.607   0.737693      0.769      5.552  1240.2295    -0.1455    -0.1437     0.0110 -2.105e-16     -0.528     -0.766          1 2.4181e+02 0.0000e+00
     -0.538    22.6617     8.2971     96.606   0.783808      0.827      5.554  1240.2295    -0.1779    -0.2512     0.0110      0.000     -0.528     -0.765          2 3.5249e+02 0.0000e+00
     -0.538    22.6628     8.2547     96.645   0.731490      0.769      5.539  1240.2295    -0.1536    -0.1840     0.0110      0.000     -0.528     -0.765          3 1.4123e+03 0.0000e+00
     -0.539    22.6624     8.2232     96.645   0.743589      0.769      5.535  1240.2295    -0.1455     0.3128     0.0110      0.000     -0.528     -0.766          4 1.5048e+03 0.0000e+00
     -0.538    22.6627     8.2022     96.646   0.768750      0.827      5.542  1240.2295    -0.1334     0.2591     0.0110      0.000     -0.528     -0.766          5 2.6706e+02 0.0000e+00
     -0.539    22.6612     8.1944     96.716   0.759391      0.769      5.539  1240.2295    -0.1658     0.2591     0.0110      0.000     -0.528     -0.766          6 2.4983e+02 0.0000e+00
     -0.538    22.6628     8.1882     96.700   0.696023      0.769      5.539  1240.2295    -0.1455     0.1920     0.0110      0.000     -0.528     -0.766          7 1.1125e+02 0.0000e+00
     -0.538    22.6602     8.1976     96.788   0.788396      0.769      5.542  1240.2295    -0.1779     0.1785     0.0110      0.000     -0.528     -0.766          8 4.3489e+02 0.0000e+00
     -0.538    22.6653     8.2135     96.820   0.703648      0.827      5.546  1240.2295    -0.0404     0.8634     0.0110     -0.000     -0.528     -0.766          9 1.8717e+03 0.0000e+00
     -0.539    22.6576     8.2443     96.927   0.919919      0.827      5.544  1240.2295    -0.0242     0.8902     0.0110     -0.000     -0.528     -0.765         10 2.4109e+03 0.0000e+00
     -0.539    22.6955     8.2398     96.710   0.667284      0.915      5.546  1240.2295    -0.0323     0.8634     0.0110     -0.000     -0.524     -0.760         11 1.9468e+03 0.0000e+00
     -0.530    22.9271     8.2135     96.396   1.491758      1.208      5.439   936.1222    -0.0485     0.9305     0.0110      0.002     -0.503     -0.728         12 5.0599e+02 0.0000e+00
     -0.461    23.2198     8.1697     95.978   6.556347      7.117      5.913  1162.6221     1.5043    -1.2180     0.0124      0.022     -0.453     -0.657         13 9.5024e+01 0.0000e+00
     -0.399    23.4207     8.1392     95.720  15.213815     15.525      6.441   332.3747     1.5002    -1.3120     0.0154      0.053     -0.398     -0.577         14 4.1180e+02 0.0000e+00
     -0.360    23.5592     8.1757     96.120  25.763559     27.042      6.822   298.0761     1.4719    -1.2717     0.0200      0.085     -0.350     -0.508         15 1.5662e+02 0.0000e+00
     -0.308    23.6462     8.2421     96.659  31.210899     32.209      7.163   294.8582     1.5043    -1.2180     0.0221      0.119     -0.308     -0.447         16 4.9277e+02 0.0000e+00
     -0.275    23.6797     8.2910     97.010  31.347493     32.291      7.313   292.7003    -2.5515    35.0375     0.0222      0.146     -0.277     -0.402         17 1.7760e+03 0.0000e+00
     -0.267    23.6654     8.2853     96.840  31.315551     32.174      7.346   288.3846    -2.5798    35.0778     0.0221      0.159     -0.261     -0.377         18 1.9940e+03 0.0000e+00
     -0.252    23.5797     8.2447     96.432  31.250612     32.096      7.331   280.2453    -2.5596    35.1315     0.0221      0.157     -0.249     -0.361         19 1.6867e+03 0.0000e+00
     -0.243    23.4427     8.1822     95.774  31.131780     31.989      7.355   283.3496    -2.5717    35.1717     0.0221      0.139     -0.244     -0.353         20 1.8137e+03 0.0000e+00
     -0.254    23.3518     8.0981     94.784  30.900071     31.787      7.399   286.9839     0.9179    38.2870     0.0220      0.102     -0.245     -0.354         21 1.6822e+03 0.0000e+00
     -0.249    23.3499     7.9969     93.491  30.886677     31.879      7.432   282.0624     0.8815    38.1259     0.0220      0.070     -0.235     -0.342         22 1.1844e+03 0.0000e+00
     -0.215    23.4007     7.8798     91.930  31.089194     32.141      7.446   282.3653     0.9179    38.0990     0.0220      0.054     -0.208     -0.302         23 3.6526e+02 0.0000e+00
     -0.176    23.4575     7.7701     90.361  31.241100     32.316      7.448   278.6931     0.9260    38.1930     0.0221      0.048     -0.168     -0.244         24 2.5705e+02 0.0000e+00
     -0.125    23.4365     7.6696     88.788  31.261012     32.280      7.440   276.9138     1.2010     4.7843     0.0221      0.061     -0.115     -0.166         25 2.9282e+02 0.0000e+00
     -0.047    23.3118     7.5667     87.230  31.183003     32.186      7.426   275.8160     1.1889     4.6366     0.0221      0.094     -0.047     -0.068         26 1.7509e+02 0.0000e+00
      0.027    23.1859     7.4582     85.705  31.100954     32.081      7.417   275.6646     1.1727     4.6500     0.0220      0.133      0.021      0.030         27 1.7822e+02 0.0000e+00
      0.082    23.1344     7.3672     84.457  31.125923     32.227      7.409   276.6488     1.1606     4.6232     0.0221      0.173      0.078      0.113         28 1.5748e+02 0.0000e+00
      0.129    23.1657     7.2932     83.418  31.211277     32.366      7.398   277.0653     1.1606     4.6769     0.0221      0.205      0.125      0.182         29 1.5405e+02 0.0000e+00
      0.174    23.2079     7.2513     82.757  31.231990     32.462      7.397   277.7846     1.2900     4.6366     0.0221      0.222      0.169      0.245         30 1.4618e+02 0.0000e+00
      0.214    23.2028     7.2624     82.720  31.100168     32.263      7.399   279.6774     1.2980     4.5963     0.0220      0.223      0.206      0.298         31 1.3549e+02 0.0000e+00
      0.242    23.1426     7.3402     83.467  31.019506     32.178      7.391   279.2989     1.3061     4.5829     0.0220      0.211      0.232      0.337         32 1.2580e+02 0.0000e+00
      0.255    23.0330     7.4512     84.617  31.006195     32.152      7.378   277.8603     1.2859     4.5426     0.0220      0.186      0.247      0.358         33 1.1850e+02 0.0000e+00
      0.259    22.8619     7.5747     85.943  30.879526     32.076      7.355   278.9203     1.7064     4.7843     0.0220      0.151      0.253      0.368         34 1.1280e+02 0.0000e+00
      0.262    22.6280     7.6898     87.239  30.732405     31.975      7.336   278.6931     1.6862     4.6769     0.0219      0.117      0.258      0.374         35 1.1081e+02 0.0000e+00
      0.268    22.4068     7.7891     88.376  30.596316     31.971      7.333   279.4503     1.6984     4.6232     0.0218      0.089      0.264      0.382         36 1.1634e+02 0.0000e+00
      0.277    22.2412     7.8784     89.385  30.307692     31.808      7.329   279.7531     1.6781     4.6098     0.0217      0.065      0.271      0.393         37 1.1982e+02 0.0000e+00
      0.284    22.1149     7.9226     89.880  30.083570     31.720      7.333   279.6396     1.6215     4.6903     0.0216      0.045      0.278      0.403         38 1.2836e+02 0.0000e+00
      0.291    21.9972     7.9150     89.798  29.956165     31.714      7.334   278.3903     1.6498     4.7038     0.0215      0.032      0.286      0.414         39 1.2317e+02 0.0000e+00
      0.299    21.8834     7.8678     89.249  29.665772     31.471      7.338   278.9581     1.6175     4.5963     0.0214      0.026      0.296      0.430         40 1.4600e+02 0.0000e+00
      0.316    21.7810     7.8105     88.549  29.407285     31.284      7.337   279.7531     1.6377     4.5963     0.0213      0.029      0.315      0.458         41 1.5566e+02 0.0000e+00
      0.352    21.6945     7.7673     88.027  29.240175     31.180      7.332   280.3210     1.8278     4.6903     0.0212      0.040      0.345      0.501         42 3.9912e+02 0.0000e+00
      0.386    21.6257     7.7301     87.616  29.251155     31.249      7.325   281.8353     1.8197     4.7038     0.0212      0.055      0.374      0.544         43 9.0661e+02 0.0000e+00
      0.407    21.5815     7.7088     87.408  29.779102     31.875      7.298   282.2139     1.7833     4.6500     0.0214      0.068      0.393      0.571         44 1.5449e+03 0.0000e+00
      0.410    21.5745     7.7334     87.712  30.213903     32.431      7.274   279.9424     1.8439     4.4352     0.0217      0.075      0.399      0.579         45 1.5062e+03 0.0000e+00
      0.405    21.5803     7.8155     88.673  30.044309     32.223      7.255   280.2453     2.1310     4.6366     0.0216      0.074      0.396      0.574         46 8.0488e+02 0.0000e+00
      0.396    21.5777     7.9086     89.797  29.575080     31.777      7.248   280.5103     2.1634     4.6903     0.0214      0.064      0.386      0.560         47 6.3740e+02 0.0000e+00
      0.382    21.5742     7.9967     90.870  29.611870     31.713      7.251   280.2453     2.1512     4.6635     0.0213      0.046      0.363      0.527         48 6.9906e+02 0.0000e+00
      0.331    21.5766     8.0725     91.827  29.998526     32.285      7.262   280.3589     2.1391     4.6366     0.0216      0.011      0.317      0.460         49 5.4105e+02 0.0000e+00
      0.258    21.5679     8.1307     92.606  29.775832     31.898      7.264   280.7374     2.1229     4.6500     0.0214     -0.040      0.249      0.361         50 7.4645e+02 0.0000e+00
      0.173    21.5401     8.1509     92.900  29.414614     31.626      7.262   280.2074     1.5771     4.5963     0.0213     -0.097      0.171      0.247         51 9.1807e+02 0.0000e+00
      0.090    21.5216     8.1283     92.659  29.084192     31.181      7.259   279.3746     1.5811     4.6232     0.0211     -0.153      0.097      0.141         52 9.8099e+02 0.0000e+00
      0.035    21.5278     8.0685     91.965  28.971438     31.141      7.259   279.9803     1.5851     4.6903     0.0211     -0.197      0.039      0.058         53 1.8178e+03 0.0000e+00
     -0.007    21.5470     7.9766     90.905  29.139860     31.303      7.254   279.6774     1.5528     4.6098     0.0212     -0.227      0.003      0.005         54 2.0714e+03 0.0000e+00
     -0.017    21.5615     7.8639     89.604  29.230381     31.419      7.236   280.3967     1.4274     4.6635     0.0212     -0.234     -0.011     -0.016         55 1.8616e+03 0.0000e+00
     -0.011    21.5801     7.7309     88.088  29.303513     31.466      7.229   280.8889     1.4436     4.6098     0.0212     -0.215     -0.008     -0.011         56 2.0346e+03 0.0000e+00
      0.004    21.6176     7.5861     86.492  29.463926     31.636      7.213   280.4346     1.4113     4.6232     0.0213     -0.169      0.000      0.000         57 1.9532e+03 0.0000e+00
      0.004    21.6595     7.4412     84.908  29.683023     31.864      7.200   280.8131     1.4315     4.6903     0.0214     -0.116      0.008      0.011         58 2.1410e+03 0.0000e+00
      0.021    21.7140     7.3007     83.368  29.712772     31.868      7.192   281.9489     1.1767     4.5560     0.0214     -0.061      0.014      0.020         59 1.8986e+03 0.0000e+00
      0.015    21.7773     7.1848     82.081  29.723381     31.839      7.169   281.3053     1.2131     4.6769     0.0214     -0.019      0.010      0.015         60 4.7883e+02 0.0000e+00
     -0.005    21.8143     7.0947     81.049  29.699453     31.802      7.164   281.7217     1.1848     4.6366     0.0214     -0.000     -0.001     -0.001         61 3.2863e+02 0.0000e+00
     -0.011    21.8228     7.0193     80.168  29.564634     31.579      7.171   281.6460     1.1525     4.5829     0.0214      0.006     -0.007     -0.010         62 1.2128e+03 0.0000e+00
     -0.006    21.8166     6.9669     79.552  29.535346     31.555      7.174   281.6460     1.1686     4.5560     0.0214      0.002     -0.005     -0.007         63 1.5904e+03 0.0000e+00
      0.001    21.8091     6.9410     79.246  29.557988     31.549      7.172   281.7974     1.1403     4.6232     0.0214     -0.003     -0.001     -0.001         64 1.4761e+03 0.0000e+00
      0.002    21.7996     6.9176     78.979  29.595749     31.613      7.167   281.2296     1.1970     4.7575     0.0214     -0.006      0.001      0.001         65 1.7099e+03 0.0000e+00
      0.000    21.8007     6.8918     78.694  29.666251     31.678      7.160   281.8731     1.1767     4.7575     0.0214     -0.007     -0.001     -0.001         66 1.8461e+03 0.0000e+00
     -0.005    21.8311     6.8685     78.439  29.707449     31.744      7.158   281.9489     1.3587     4.5963     0.0214     -0.008     -0.003     -0.004         67 1.3452e+03 0.0000e+00
     -0.003    21.8732     6.8328     78.035  29.722377     31.744      7.163   282.2896     1.3627     4.7440     0.0214     -0.003     -0.002     -0.003         68 1.8345e+03 0.0000e+00
      0.001    21.9125     6.8023     77.688  29.766268     31.782      7.162   282.4031     1.4032     4.6903     0.0215      0.003      0.000      0.000         69 2.0976e+03 0.0000e+00
      0.002    21.9350     6.7546     77.147  29.830713     31.813      7.156   282.3653     1.3749     4.7172     0.0215      0.004      0.001      0.001         70 1.9233e+03 0.0000e+00
     -0.001    21.9336     6.7103     76.644  29.790407     31.756      7.154   281.4946     1.3749     4.6769     0.0215      0.001     -0.001     -0.001         71 2.0698e+03 0.0000e+00
     -0.003    21.9214     6.6516     75.978  29.727466     31.652      7.149   282.0246     1.5649     4.6366     0.0214     -0.001     -0.003     -0.003         72 1.9140e+03 0.0000e+00
     -0.004    21.9096     6.6069     75.469  29.701488     31.653      7.146   282.2139     1.5568     4.7038     0.0214     -0.001     -0.003     -0.003         73 1.6570e+03 0.0000e+00
     -0.001    21.9031     6.5603     74.940  29.674489     31.602      7.143   282.1760     1.5649     4.7440     0.0214     -0.000     -0.001     -0.001         74 1.2615e+03 0.0000e+00
      0.001    21.9033     6.5113     74.381  29.701770     31.669      7.142   283.4632     1.5851     4.7172     0.0214      0.001      0.001      0.001         75 4.7782e+02 0.0000e+00
      0.002    21.9095     6.4683     73.892  29.786138     31.733      7.143   283.6903     1.6134     4.6635     0.0215      0.001      0.001      0.002         76 2.5242e+02 0.0000e+00
      0.001    21.9161     6.4270     73.423  29.836343     31.823      7.137   281.2296     1.6296     4.5963     0.0215      0.000      0.000      0.001         77 3.4076e+02 0.0000e+00
     -0.001    21.9192     6.3823     72.916  29.787539     31.729      7.136   281.1917     1.6296     4.7038     0.0215      0.001     -0.001     -0.001         78 2.8335e+02 0.0000e+00
     -0.001    21.9204     6.3415     72.452  29.757924     31.724      7.137   281.3431     1.6377     4.6232     0.0215      0.001     -0.001     -0.001         79 3.1912e+02 0.0000e+00
     -0.001    21.9220     6.3094     72.086  29.784247     31.722      7.137   281.5324     1.5649     4.6098     0.0215      0.001     -0.001     -0.001         80 2.9666e+02 0.0000e+00
     -0.001    21.9248     6.2734     71.679  29.814078     31.781      7.134   282.1003     1.5568     4.6098     0.0215      0.000     -0.001     -0.001         81 3.0645e+02 0.0000e+00
      0.000    21.9275     6.2349     71.243  29.839398     31.780      7.131   282.5167     1.5811     4.7038     0.0215     -0.001     -0.000     -0.000         82 2.9777e+02 0.0000e+00
      0.001    21.9294     6.2033     70.887  29.871334     31.838      7.126   282.8574     1.5811     4.6769     0.0215     -0.001      0.000      0.000         83 3.0285e+02 0.0000e+00
      0.001    21.9311     6.1621     70.420  29.863282     31.806      7.115   282.0246     1.3547     4.6098     0.0215     -0.000      0.000      0.000         84 3.0062e+02 0.0000e+00
     -0.001    21.9318     6.1361     70.127  29.819767     31.775      7.111   282.5546     1.3425     4.6500     0.0215      0.000     -0.000     -0.000         85 3.0147e+02 0.0000e+00
