Data/DataNotYetUploadedToEDI/Raw_CTD/RawDownloads/052118_fcr10.cnv
* Sea-Bird SBE19plus  Data File:
* FileName = C:\DATA\052118_fcr_0001.hex
* Software version 2.6.3.104
* Temperature SN = 7809
* Conductivity SN = 7809
* System UpLoad Time = May 21 2018 16:55:52
* <ApplicationData>
* <Seaterm232>
# nquan = 17
# nvalues = 598                         
# units = specified
# name 0 = depFM: Depth [fresh water, m]
# name 1 = tv290C: Temperature [ITS-90, deg C]
# name 2 = sbeox0Mg/L: Oxygen, SBE 43 [mg/l]
# name 3 = sbeox0PS: Oxygen, SBE 43 [% saturation]
# name 4 = c0uS/cm: Conductivity [uS/cm]
# name 5 = specc: Specific Conductance [uS/cm]
# name 6 = ph: pH
# name 7 = orp: Oxidation Reduction Potential [mV]
# name 8 = flECO-AFL: Fluorescence, WET Labs ECO-AFL/FL [mg/m^3]
# name 9 = turbWETntu0: Turbidity, WET Labs ECO [NTU]
# name 10 = sal00: Salinity, Practical [PSU]
# name 11 = dz/dtM: Descent Rate [m/s]
# name 12 = prdM: Pressure, Strain Gauge [db]
# name 13 = prdE: Pressure, Strain Gauge [psi]
# name 14 = scan: Scan Count
# name 15 = par/sat/log: PAR/Logarithmic, Satlantic
# name 16 = flag:  0.000e+00
# span 0 =     -0.500,      2.740       
# span 1 =    15.2183,    30.5452       
# span 2 =     1.6123,     9.8995       
# span 3 =     16.080,    110.870       
# span 4 =   0.681630,  43.902871       
# span 5 =      0.710,     54.720       
# span 6 =      5.334,      7.249       
# span 7 = -1240.7455,   666.0864       
# span 8 =    -0.1941,   258.1339       
# span 9 =    -0.7883,     9.0544       
# span 10 =     0.0137,     0.0290      
# span 11 =     -0.062,      0.250      
# span 12 =     -0.490,      2.687      
# span 13 =     -0.711,      3.897      
# span 14 =          1,        598      
# span 15 = 3.7643e+01, 2.6966e+03      
# span 16 = 0.0000e+00, 0.0000e+00      
# interval = seconds: 0.25
# start_time = May 21 2018 16:31:59 [Instrument's time stamp, header]
# bad_flag = -9.990e-29
*END*
     -0.500    30.5429     8.5749     99.124   0.825820      0.785      5.357 -1240.7455    -0.1941    -0.7883     0.0137 2.1053e-16     -0.490     -0.711          1 2.3886e+03 0.0000e+00
     -0.500    30.5452     8.4467     97.158   0.859056      0.710      5.353 -1240.7455    -0.1415    -0.6943     0.0137      0.000     -0.490     -0.711          2 2.2453e+03 0.0000e+00
     -0.499    30.5348     8.4761     97.139   0.681630      0.710      5.334 -1240.7455    -0.1738    -0.6271     0.0137      0.000     -0.489     -0.710          3 1.9779e+03 0.0000e+00
     -0.500    29.7782     8.4617     96.729   0.957807      0.710      5.340 -1240.7455     1.1484    -0.2512     0.0137      0.000     -0.481     -0.698          4 1.8023e+03 0.0000e+00
     -0.474    28.1539     8.3698     95.530   4.364486      3.975      5.409  -681.2153     1.1323    -0.3586     0.0140      0.007     -0.450     -0.651          5 1.4552e+03 0.0000e+00
     -0.398    26.7298     8.2725     94.429  16.817782     14.923      6.138   666.0864     1.1484    -0.2646     0.0172      0.032     -0.385     -0.558          6 1.3716e+03 0.0000e+00
     -0.307    25.5223     8.1346     93.032  30.017439     29.016      6.528   301.0289     1.1606    -0.2512     0.0221      0.073     -0.303     -0.440          7 1.2161e+03 0.0000e+00
     -0.223    24.3320     8.0346     92.062  31.025858     29.521      6.853   248.6723     1.1646    -0.2377     0.0219      0.125     -0.226     -0.328          8 1.2231e+03 0.0000e+00
     -0.164    23.4541     7.9791     91.549  29.523202     29.490      7.045   256.5088   258.0975     7.0939     0.0216      0.174     -0.165     -0.239          9 1.3242e+03 0.0000e+00
     -0.118    22.8998     7.8424     90.037  29.723566     29.946      7.148   255.2216   258.1339     7.1208     0.0214      0.213     -0.115     -0.168         10 1.4515e+03 0.0000e+00
     -0.071    22.5516     7.6827     88.211  29.353801     30.404      7.196   255.9788   258.0854     7.1208     0.0214      0.239     -0.070     -0.101         11 1.6759e+03 0.0000e+00
     -0.023    22.2918     7.5637     86.811  29.420393     30.637      7.207   258.3259   258.1178     7.1074     0.0213      0.250     -0.027     -0.039         12 1.6459e+03 0.0000e+00
      0.014    22.1000     7.5007     86.031  29.314792     30.860      7.193   259.3859     1.3183     4.9857     0.0213      0.239      0.003      0.004         13 1.6480e+03 0.0000e+00
      0.020    21.9685     7.4466     85.372  29.574322     31.237      7.202   259.8024     1.2697     4.9589     0.0214      0.204      0.004      0.006         14 1.8048e+03 0.0000e+00
     -0.025    21.8882     7.3841     84.660  29.631203     31.482      7.203   263.5881     1.3021     4.9589     0.0214      0.151     -0.021     -0.030         15 1.5804e+03 0.0000e+00
     -0.056    21.8954     7.3474     84.252  29.392327     31.273      7.225   263.3231     1.3021     4.9052     0.0213      0.094     -0.045     -0.065         16 1.1805e+03 0.0000e+00
     -0.057    21.9897     7.3578     84.373  29.308320     31.237      7.249   262.1495     1.0473     4.1129     0.0212      0.049     -0.048     -0.070         17 1.1955e+03 0.0000e+00
     -0.036    22.0896     7.3983     84.841  30.150876     32.128      7.249   262.7174     1.0190     4.1129     0.0216      0.017     -0.031     -0.046         18 1.2231e+03 0.0000e+00
     -0.003    22.1579     7.4502     85.459  31.041920     33.071      7.238   265.4052     1.0271     4.0995     0.0220      0.001     -0.006     -0.010         19 1.0252e+03 0.0000e+00
      0.019    22.1918     7.4905     85.947  31.105128     33.002      7.215   268.1310     1.0271     4.0726     0.0220     -0.002      0.012      0.017         20 8.0785e+02 0.0000e+00
      0.022    22.1952     7.5447     86.548  31.198905     33.072      7.214   268.0931     1.0352     4.2203     0.0221      0.006      0.015      0.021         21 9.4248e+02 0.0000e+00
      0.004    22.1760     7.5818     86.856  31.577525     33.463      7.211   267.8281     1.0190     4.2338     0.0222      0.018      0.001      0.002         22 1.2838e+03 0.0000e+00
     -0.022    22.1416     7.5902     86.821  31.553132     33.431      7.211   264.2695     1.0150     4.0592     0.0222      0.026     -0.015     -0.022         23 1.7089e+03 0.0000e+00
     -0.028    22.1191     7.5887     86.691  31.140305     33.000      7.208   264.3452     1.0271     4.0861     0.0221      0.021     -0.021     -0.032         24 2.1843e+03 0.0000e+00
     -0.017    22.1207     7.5337     85.953  30.905221     32.758      7.205   264.2695     1.0352     4.2069     0.0219      0.008     -0.016     -0.024         25 2.4220e+03 0.0000e+00
     -0.005    22.1292     7.4629     85.042  30.956153     32.863      7.202   265.1781     1.0271     4.1666     0.0220     -0.004     -0.005     -0.007         26 2.4450e+03 0.0000e+00
      0.008    22.1300     7.4197     84.480  31.047277     32.921      7.183   267.2602     1.0352     4.1666     0.0220     -0.009      0.007      0.011         27 2.4462e+03 0.0000e+00
      0.020    22.1328     7.3820     84.011  31.177288     33.093      7.162   265.6324     1.0312     4.1398     0.0221     -0.003      0.017      0.026         28 2.4970e+03 0.0000e+00
      0.026    22.1460     7.3468     83.598  31.268777     33.151      7.144   265.6324     0.9786     4.1129     0.0221      0.009      0.025      0.037         29 2.5419e+03 0.0000e+00
      0.032    22.1621     7.3604     83.739  31.289238     33.209      7.135   265.7081     0.9907     4.1532     0.0221      0.025      0.031      0.046         30 2.5184e+03 0.0000e+00
      0.037    22.1474     7.4475     84.694  31.270431     33.140      7.137   265.4052     0.9665     4.1398     0.0221      0.034      0.037      0.054         31 2.5080e+03 0.0000e+00
      0.045    22.0799     7.5726     86.104  31.351481     33.248      7.141   266.0488     0.9665     4.1666     0.0221      0.036      0.042      0.060         32 2.5516e+03 0.0000e+00
      0.044    22.0003     7.6937     87.493  31.455235     33.345      7.144   267.4874     0.9665     4.1532     0.0222      0.031      0.041      0.060         33 2.5354e+03 0.0000e+00
      0.037    21.9329     7.7777     88.473  31.230276     33.187      7.155   267.8281     0.9584     4.3949     0.0221      0.022      0.035      0.051         34 2.5001e+03 0.0000e+00
      0.028    21.8661     7.8494     89.317  31.008780     32.945      7.154   267.7524     0.9665     4.4486     0.0220      0.012      0.024      0.036         35 2.5110e+03 0.0000e+00
      0.009    21.8050     7.8923     89.824  30.782068     32.844      7.134   267.3360     0.9665     4.3278     0.0219     -0.001      0.011      0.016         36 2.5137e+03 0.0000e+00
     -0.001    21.7617     7.9138     90.060  30.356057     32.324      7.118   268.4717     0.9624     4.3412     0.0217     -0.013     -0.000     -0.000         37 2.4160e+03 0.0000e+00
     -0.009    21.7373     7.9026     89.934  30.263990     32.367      7.112   268.5474     1.1080     4.2338     0.0217     -0.024     -0.010     -0.014         38 1.9082e+03 0.0000e+00
     -0.020    21.7293     7.8478     89.264  30.333305     32.397      7.106   269.0017     1.0918     4.2069     0.0217     -0.033     -0.018     -0.026         39 7.9985e+02 0.0000e+00
     -0.024    21.7198     7.7643     88.237  30.329113     32.474      7.082   268.0931     1.0676     4.1264     0.0217     -0.039     -0.018     -0.026         40 8.7529e+02 0.0000e+00
     -0.008    21.6999     7.6674     87.057  30.358168     32.449      7.056   269.3424     1.0797     4.1264     0.0217     -0.033     -0.010     -0.014         41 2.3730e+03 0.0000e+00
      0.001    21.6909     7.6098     86.337  30.593658     32.754      7.044   269.3045     1.0797     4.1264     0.0218     -0.022     -0.002     -0.004         42 2.6055e+03 0.0000e+00
     -0.001    21.6984     7.5592     85.763  30.895925     33.068      7.023   269.0395     1.0959     4.1264     0.0219     -0.011     -0.002     -0.004         43 2.5136e+03 0.0000e+00
     -0.006    21.7123     7.4875     84.966  30.960486     33.164      7.029   269.8724     1.0756     4.1935     0.0220     -0.002     -0.006     -0.009         44 2.6231e+03 0.0000e+00
     -0.011    21.7299     7.4221     84.196  30.839476     33.010      7.048   270.2888     1.0959     4.1264     0.0219      0.002     -0.010     -0.014         45 2.6966e+03 0.0000e+00
     -0.014    21.7389     7.3557     83.392  30.601752     32.760      7.058   269.8345     0.8815     4.1801     0.0218      0.003     -0.011     -0.015         46 2.3546e+03 0.0000e+00
     -0.007    21.7363     7.3021     82.733  30.396449     32.509      7.075   270.9703     0.9099     4.1398     0.0217      0.005     -0.006     -0.008         47 6.8317e+02 0.0000e+00
      0.005    21.7347     7.2738     82.371  30.413000     32.531      7.081   271.9545     0.9139     4.1398     0.0217      0.005      0.000      0.001         48 4.5122e+02 0.0000e+00
      0.003    21.7094     7.2669     82.276  30.551500     32.684      7.067   271.8031     0.9018     4.1532     0.0218      0.002     -0.001     -0.001         49 7.3817e+02 0.0000e+00
     -0.012    21.6640     7.2494     82.095  30.609545     32.743      7.050   270.6295     0.8896     4.1264     0.0218     -0.001     -0.010     -0.015         50 7.4607e+02 0.0000e+00
     -0.022    21.6170     7.2244     81.860  30.489020     32.643      7.048   270.9324     1.1403     3.9518     0.0218     -0.004     -0.018     -0.026         51 1.8604e+03 0.0000e+00
     -0.021    21.5789     7.1928     81.525  30.256744     32.405      7.056   271.2353     1.1848     3.8981     0.0217     -0.005     -0.018     -0.027         52 2.5033e+03 0.0000e+00
     -0.012    21.5776     7.1444     80.969  30.127717     32.317      7.066   271.4624     1.1606     3.9786     0.0216     -0.005     -0.014     -0.020         53 2.4937e+03 0.0000e+00
     -0.009    21.5867     7.0845     80.277  30.264158     32.465      7.070   271.4624     1.1606     3.9518     0.0217     -0.005     -0.010     -0.015         54 2.5261e+03 0.0000e+00
     -0.010    21.5705     7.0217     79.557  30.383461     32.645      7.064   271.7653     1.0878     4.1532     0.0217     -0.006     -0.010     -0.015         55 2.4873e+03 0.0000e+00
     -0.013    21.5393     6.9569     78.821  30.275752     32.458      7.061   272.2574     1.1080     4.0995     0.0217     -0.006     -0.012     -0.018         56 2.2778e+03 0.0000e+00
     -0.014    21.5073     6.9018     78.197  30.220297     32.470      7.058   272.9388     1.1242     4.1264     0.0217     -0.002     -0.014     -0.020         57 2.1552e+03 0.0000e+00
     -0.015    21.4820     6.8695     77.834  30.096677     32.312      7.061   273.2796     1.0635     4.0726     0.0216      0.002     -0.014     -0.021         58 2.2393e+03 0.0000e+00
     -0.015    21.4706     6.8523     77.646  30.014506     32.274      7.065   274.3017     1.0756     4.0995     0.0216      0.002     -0.014     -0.020         59 2.3308e+03 0.0000e+00
     -0.013    21.4823     6.8222     77.316  30.026068     32.292      7.067   274.0746     1.0999     4.1532     0.0216      0.001     -0.013     -0.019         60 2.4310e+03 0.0000e+00
     -0.012    21.5111     6.8061     77.143  30.022998     32.299      7.067   273.8474     1.0635     4.1264     0.0216     -0.001     -0.012     -0.018         61 2.4148e+03 0.0000e+00
     -0.012    21.5266     6.7824     76.885  30.018332     32.292      7.064   273.7717     1.1120     4.1264     0.0216     -0.001     -0.012     -0.018         62 2.1590e+03 0.0000e+00
     -0.013    21.5218     6.7426     76.449  30.031871     32.271      7.060   273.8474     1.0878     4.1264     0.0216     -0.000     -0.013     -0.019         63 1.5089e+03 0.0000e+00
     -0.013    21.5128     6.6982     75.972  30.065440     32.320      7.056   273.6581     1.0878     4.1129     0.0216      0.001     -0.013     -0.019         64 7.0396e+02 0.0000e+00
     -0.014    21.5074     6.6368     75.304  30.035850     32.264      7.054   273.9988     1.1120     4.2203     0.0216      0.001     -0.013     -0.020         65 6.1532e+02 0.0000e+00
     -0.014    21.5062     6.5815     74.700  30.009395     32.270      7.044   274.3017     1.1080     4.2069     0.0216      0.000     -0.014     -0.021         66 1.0040e+03 0.0000e+00
     -0.015    21.5070     6.5141     73.962  30.039065     32.274      7.034   274.3774     1.1403     4.0726     0.0216     -0.001     -0.015     -0.021         67 1.2938e+03 0.0000e+00
     -0.015    21.5088     6.4521     73.282  29.998929     32.274      7.024   274.7938     1.1484     4.0726     0.0216     -0.002     -0.015     -0.021         68 1.5631e+03 0.0000e+00
     -0.014    21.5136     6.3933     72.628  29.970395     32.184      7.020   274.9831     1.1403     4.2069     0.0215     -0.002     -0.014     -0.020         69 1.6362e+03 0.0000e+00
     -0.014    21.5209     6.3395     72.024  30.044925     32.333      7.015   275.2860     1.1606     4.1532     0.0216     -0.001     -0.014     -0.020         70 1.5651e+03 0.0000e+00
     -0.015    21.5276     6.2958     71.540  30.054426     32.269      7.012   275.1346     1.1403     4.1666     0.0216     -0.001     -0.014     -0.021         71 1.5546e+03 0.0000e+00
     -0.015    21.5342     6.2559     71.105  30.106818     32.384      7.014   275.6646     1.2576     4.0458     0.0216     -0.001     -0.014     -0.021         72 1.6442e+03 0.0000e+00
     -0.014    21.5452     6.2136     70.639  30.098322     32.320      7.015   275.8538     1.2131     4.0995     0.0216      0.000     -0.013     -0.020         73 1.7332e+03 0.0000e+00
     -0.014    21.5625     6.1797     70.263  30.064997     32.315      7.016   276.2703     1.2374     4.1532     0.0216      0.001     -0.013     -0.020         74 1.6799e+03 0.0000e+00
     -0.014    21.5812     6.1588     70.038  30.148286     32.368      7.016   276.0431     1.2455     4.1264     0.0216      0.001     -0.013     -0.020         75 1.6606e+03 0.0000e+00
     -0.013    21.5986     6.1373     69.821  30.231866     32.475      7.019   276.1567     1.2697     4.1129     0.0217      0.001     -0.013     -0.019         76 1.7696e+03 0.0000e+00
     -0.013    21.6169     6.1135     69.588  30.257478     32.462      7.025   276.3081     1.2738     4.1666     0.0217      0.001     -0.013     -0.019         77 1.7865e+03 0.0000e+00
     -0.014    21.6335     6.0895     69.359  30.294305     32.510      7.029   276.4596     1.2900     4.1801     0.0217      0.001     -0.014     -0.020         78 1.5520e+03 0.0000e+00
     -0.015    21.6437     6.0597     69.053  30.304629     32.498      7.033   276.3460     1.2859     4.1935     0.0217      0.000     -0.014     -0.020         79 1.1885e+03 0.0000e+00
     -0.015    21.6492     6.0407     68.851  30.244623     32.426      7.037   276.8381     1.3668     4.2203     0.0217     -0.000     -0.014     -0.020         80 9.8057e+02 0.0000e+00
     -0.013    21.6579     6.0232     68.643  30.309674     32.479      7.040   276.6867     1.3587     4.1129     0.0217     -0.000     -0.014     -0.020         81 8.5144e+02 0.0000e+00
     -0.014    21.6706     6.0139     68.578  30.342271     32.535      7.044   276.8760     1.3506     4.2472     0.0217     -0.000     -0.014     -0.020         82 6.5232e+02 0.0000e+00
     -0.015    21.6822     6.0034     68.498  30.263355     32.409      7.041   277.1031     1.3627     4.2069     0.0217     -0.000     -0.014     -0.021         83 5.8706e+02 0.0000e+00
     -0.014    21.6888     5.9980     68.457  30.289279     32.460      7.038   277.2546     1.3142     4.1264     0.0217     -0.001     -0.013     -0.020         84 5.8150e+02 0.0000e+00
     -0.012    21.6989     5.9868     68.342  30.310003     32.452      7.037   277.2167     1.2940     4.1264     0.0217      0.000     -0.012     -0.017         85 5.6624e+02 0.0000e+00
