Data/DataNotYetUploadedToEDI/Raw_CTD/RawDownloads/052118_fcr49.cnv
* Sea-Bird SBE19plus  Data File:
* FileName = C:\DATA\052118_fcr_0006.hex
* Software version 2.6.3.104
* Temperature SN = 7809
* Conductivity SN = 7809
* System UpLoad Time = May 21 2018 16:58:10
* <ApplicationData>
* <Seaterm232>
# nquan = 17
# nvalues = 1058                        
# units = specified
# name 0 = depFM: Depth [fresh water, m]
# name 1 = tv290C: Temperature [ITS-90, deg C]
# name 2 = sbeox0Mg/L: Oxygen, SBE 43 [mg/l]
# name 3 = sbeox0PS: Oxygen, SBE 43 [% saturation]
# name 4 = c0uS/cm: Conductivity [uS/cm]
# name 5 = specc: Specific Conductance [uS/cm]
# name 6 = ph: pH
# name 7 = orp: Oxidation Reduction Potential [mV]
# name 8 = flECO-AFL: Fluorescence, WET Labs ECO-AFL/FL [mg/m^3]
# name 9 = turbWETntu0: Turbidity, WET Labs ECO [NTU]
# name 10 = sal00: Salinity, Practical [PSU]
# name 11 = dz/dtM: Descent Rate [m/s]
# name 12 = prdM: Pressure, Strain Gauge [db]
# name 13 = prdE: Pressure, Strain Gauge [psi]
# name 14 = scan: Scan Count
# name 15 = par/sat/log: PAR/Logarithmic, Satlantic
# name 16 = flag:  0.000e+00
# span 0 =     -0.539,      9.613       
# span 1 =     9.6476,    23.6797       
# span 2 =     4.9617,    10.0503       
# span 3 =     55.958,    114.557       
# span 4 =   0.667284,  31.347493       
# span 5 =      0.769,     40.220       
# span 6 =      5.439,      7.448       
# span 7 =   275.6646,  1240.2295       
# span 8 =    -2.5798,     4.1690       
# span 9 =    -1.3120,    38.2870       
# span 10 =     0.0110,     0.0222      
# span 11 =     -0.234,      0.223      
# span 12 =     -0.528,      9.427      
# span 13 =     -0.766,     13.673      
# span 14 =          1,       1058      
# span 15 = 3.0851e-01, 2.7454e+03      
# span 16 = 0.0000e+00, 0.0000e+00      
# interval = seconds: 0.25
# start_time = May 21 2018 18:36:49 [Instrument's time stamp, header]
# bad_flag = -9.990e-29
*END*
[from data line 341]
      0.006    22.0160     8.9389    102.535  29.601371     31.515      6.936   296.7510     1.3466     4.7172     0.0214      0.001      0.006      0.009        342 2.4014e+03 0.0000e+00
      0.006    22.0238     8.9510    102.606  29.658311     31.556      6.934   296.8268     1.3830     4.5963     0.0214      0.000      0.006      0.009        343 2.3997e+03 0.0000e+00
      0.006    22.0253     8.9596    102.673  29.660275     31.538      6.935   296.6375     1.3708     4.6769     0.0214     -0.000      0.006      0.009        344 2.4021e+03 0.0000e+00
      0.007    22.0441     8.9485    102.552  29.717516     31.592      6.932   296.6753     1.3506     4.6366     0.0214     -0.000      0.007      0.010        345 2.4005e+03 0.0000e+00
      0.007    22.0783     8.9312    102.373  29.794616     31.681      6.932   296.9025     1.3991     4.6500     0.0215     -0.000      0.007      0.010        346 2.3991e+03 0.0000e+00
      0.007    22.1072     8.8945    101.963  29.831166     31.698      6.928   297.4325     1.3668     4.5829     0.0215      0.000      0.007      0.010        347 2.3995e+03 0.0000e+00
      0.007    22.1333     8.8627    101.583  29.820271     31.674      6.928   296.9403     1.3830     4.5829     0.0215      0.000      0.007      0.010        348 2.3898e+03 0.0000e+00
      0.006    22.1647     8.8405    101.297  29.837812     31.655      6.926   297.3189     1.5043     4.6232     0.0215      0.000      0.007      0.010        349 2.3940e+03 0.0000e+00
      0.006    22.1854     8.8321    101.135  29.809323     31.638      6.927   297.2053     1.5326     4.6366     0.0215      0.000      0.007      0.010        350 2.4005e+03 0.0000e+00
      0.008    22.1790     8.8233    100.978  29.796415     31.557      6.924   297.3946     1.4962     4.7038     0.0215      0.001      0.008      0.011        351 2.3950e+03 0.0000e+00
      0.008    22.1464     8.8205    100.907  29.824216     31.632      6.924   297.5839     1.5043     4.6500     0.0215      0.001      0.008      0.011        352 2.3980e+03 0.0000e+00
      0.007    22.1121     8.8303    100.985  29.685770     31.428      6.925   297.3946     1.5568     4.6098     0.0214      0.000      0.007      0.010        353 2.4011e+03 0.0000e+00
      0.007    22.0967     8.8487    101.166  29.642567     31.451      6.925   297.6218     1.5851     4.7575     0.0214      0.000      0.007      0.010        354 2.4021e+03 0.0000e+00
      0.007    22.0986     8.8505    101.162  29.670447     31.474      6.924   297.4325     1.5487     4.5829     0.0214      0.000      0.007      0.010        355 2.4046e+03 0.0000e+00
      0.007    22.1093     8.8393    100.958  29.710385     31.544      6.925   297.4703     1.5690     4.5963     0.0214      0.000      0.007      0.010        356 2.4054e+03 0.0000e+00
      0.007    22.1136     8.8163    100.588  29.770767     31.601      6.926   297.5839     1.5932     4.4218     0.0215      0.000      0.007      0.010        357 2.4033e+03 0.0000e+00
      0.008    22.1067     8.7760    100.049  29.773198     31.594      6.927   297.6218     1.6013     4.4621     0.0215      0.000      0.008      0.011        358 2.4021e+03 0.0000e+00
      0.008    22.0890     8.7334     99.514  29.737006     31.561      6.927   297.8868     1.5771     4.4486     0.0214     -0.000      0.008      0.011        359 2.4025e+03 0.0000e+00
      0.007    22.0569     8.6924     99.069  29.608262     31.418      6.930   298.0003     1.5811     4.4755     0.0214      0.000      0.007      0.011        360 2.4034e+03 0.0000e+00
      0.007    22.0271     8.6625     98.774  29.547979     31.370      6.930   298.1896     1.4436     4.6366     0.0214      0.000      0.007      0.011        361 2.4066e+03 0.0000e+00
      0.008    22.0074     8.6567     98.757  29.545191     31.393      6.932   298.0003     1.4477     4.6232     0.0214      0.000      0.008      0.011        362 2.4054e+03 0.0000e+00
      0.008    21.9893     8.6620     98.869  29.463498     31.323      6.931   298.2653     1.4315     4.5829     0.0213      0.000      0.008      0.012        363 2.4039e+03 0.0000e+00
      0.008    21.9754     8.6801     99.089  29.471761     31.336      6.933   298.4925     1.4194     4.6500     0.0213      0.000      0.008      0.012        364 2.4044e+03 0.0000e+00
      0.008    21.9617     8.7298     99.572  29.475620     31.378      6.934   298.1896     1.4436     4.5829     0.0213      0.000      0.008      0.011        365 2.4057e+03 0.0000e+00
      0.007    21.9225     8.7520     99.733  29.429055     31.298      6.935   298.1896     1.5124     4.6500     0.0213      0.000      0.007      0.011        366 2.4106e+03 0.0000e+00
      0.007    21.8685     8.7879    100.074  29.381471     31.307      6.935   298.1896     1.4881     4.6098     0.0213     -0.000      0.007      0.011        367 2.4083e+03 0.0000e+00
      0.007    21.8257     8.8014    100.168  29.268004     31.154      6.938   298.4546     1.4800     4.6500     0.0212     -0.000      0.007      0.011        368 2.4103e+03 0.0000e+00
      0.007    21.8025     8.8058    100.177  29.214491     31.191      6.939   298.1139     1.5164     4.5829     0.0212     -0.000      0.007      0.010        369 2.4043e+03 0.0000e+00
      0.006    21.8120     8.8048    100.147  29.210897     31.159      6.939   298.2275     1.5245     4.7038     0.0212     -0.001      0.007      0.010        370 2.3353e+03 0.0000e+00
      0.007    21.8374     8.8098    100.212  29.331791     31.355      6.945   298.1139     1.5124     4.7575     0.0213     -0.001      0.007      0.010        371 2.2828e+03 0.0000e+00
      0.007    21.8620     8.8109    100.226  29.390185     31.377      6.944   297.6975     1.5245     4.6098     0.0213     -0.001      0.007      0.010        372 2.1270e+03 0.0000e+00
      0.007    21.8903     8.8083    100.172  29.345766     31.331      6.945   297.8111     1.5285     4.5560     0.0213     -0.000      0.007      0.010        373 1.9981e+03 0.0000e+00
      0.007    21.8946     8.8111    100.183  29.357412     31.314      6.948   297.6975     1.4194     4.6635     0.0213     -0.000      0.007      0.010        374 2.1336e+03 0.0000e+00
      0.007    21.8532     8.8015    100.100  29.286734     31.236      6.948   297.8489     1.5083     4.6098     0.0212     -0.000      0.007      0.010        375 2.0745e+03 0.0000e+00
      0.007    21.8050     8.7939    100.073  29.137227     31.053      6.949   298.6061     1.4355     4.5829     0.0212     -0.000      0.007      0.010        376 1.9452e+03 0.0000e+00
      0.007    21.7695     8.7965    100.143  29.128392     31.082      6.949   298.3789     1.4517     4.6635     0.0212     -0.000      0.007      0.010        377 1.8820e+03 0.0000e+00
      0.007    21.7389     8.8028    100.216  29.149499     31.143      6.948   297.4325     1.4274     4.6232     0.0212      0.000      0.007      0.010        378 1.7527e+03 0.0000e+00
      0.007    21.7172     8.8011    100.171  29.081327     31.077      6.948   298.0003     1.4072     4.5963     0.0211      0.000      0.007      0.011        379 1.5572e+03 0.0000e+00
      0.007    21.7081     8.8008    100.130  29.065004     31.098      6.947   298.2653     1.4679     4.7038     0.0211      0.000      0.007      0.011        380 1.4093e+03 0.0000e+00
      0.007    21.7119     8.8053    100.116  29.140176     31.172      6.947   298.0382     1.4274     4.5829     0.0212      0.000      0.007      0.011        381 1.2681e+03 0.0000e+00
      0.007    21.7124     8.7964     99.980  29.165675     31.238      6.945   298.0003     1.5124     4.4352     0.0212      0.000      0.007      0.010        382 1.5399e+03 0.0000e+00
      0.007    21.6998     8.7774     99.778  29.092572     31.115      6.944   298.5303     1.5285     4.4083     0.0211      0.000      0.007      0.010        383 2.3280e+03 0.0000e+00
      0.006    21.6897     8.7653     99.681  29.082909     31.145      6.941   298.1896     1.5245     4.4352     0.0212     -0.000      0.006      0.009        384 2.4666e+03 0.0000e+00
      0.006    21.7038     8.7282     99.315  29.088756     31.124      6.943   298.5303     1.5083     4.4352     0.0211     -0.000      0.006      0.009        385 2.3878e+03 0.0000e+00
      0.007    21.7337     8.6953     99.018  29.114948     31.190      6.943   298.2275     1.5083     4.3143     0.0212     -0.000      0.007      0.010        386 2.4422e+03 0.0000e+00
      0.007    21.7545     8.6815     98.917  29.139261     31.181      6.944   298.4925     1.2374     4.6500     0.0212     -0.000      0.007      0.011        387 2.4039e+03 0.0000e+00
      0.008    21.7550     8.6898     99.023  29.117792     31.161      6.942   298.2275     1.2576     4.6635     0.0212      0.000      0.007      0.011        388 2.4274e+03 0.0000e+00
      0.007    21.7426     8.7026     99.175  29.082359     31.087      6.942   298.3032     1.2536     4.6769     0.0211      0.000      0.006      0.010        389 2.4167e+03 0.0000e+00
      0.005    21.7213     8.7228     99.456  29.064753     31.086      6.942   298.4546     1.2576     4.6500     0.0211     -0.000      0.006      0.009        390 2.4201e+03 0.0000e+00
      0.005    21.6894     8.7260     99.551  29.050755     31.066      6.941   298.6818     1.1808     4.5829     0.0211     -0.000      0.006      0.009        391 2.4177e+03 0.0000e+00
      0.007    21.6712     8.7331     99.694  29.070136     31.109      6.944   298.5303     1.1727     4.5829     0.0211     -0.000      0.007      0.010        392 2.4208e+03 0.0000e+00
      0.007    21.6789     8.7300     99.707  29.129588     31.191      6.944   298.5303     1.1929     4.6500     0.0212     -0.000      0.007      0.010        393 2.4206e+03 0.0000e+00
      0.007    21.6989     8.7623    100.098  29.125022     31.203      6.942   298.5303     1.1929     4.6098     0.0212     -0.000      0.006      0.009        394 2.4358e+03 0.0000e+00
      0.005    21.7289     8.7589    100.068  29.135122     31.198      6.944   298.6818     1.3102     4.4621     0.0212     -0.000      0.005      0.008        395 2.4411e+03 0.0000e+00
      0.005    21.7681     8.7806    100.312  29.176314     31.244      6.944   298.7953     1.2778     4.4755     0.0212     -0.001      0.005      0.007        396 2.4325e+03 0.0000e+00
      0.004    21.7979     8.7916    100.401  29.221996     31.254      6.945   298.7575     1.3061     4.5292     0.0212     -0.001      0.005      0.007        397 2.4494e+03 0.0000e+00
      0.006    21.8036     8.7878    100.366  29.226503     31.257      6.945   298.6818     1.3142     4.4755     0.0212     -0.001      0.006      0.008        398 2.4553e+03 0.0000e+00
      0.007    21.8084     8.7798    100.335  29.141041     31.118      6.944   298.5682     1.2050     4.5829     0.0212     -0.000      0.006      0.009        399 2.4233e+03 0.0000e+00
      0.006    21.8331     8.7485    100.051  29.180097     31.174      6.947   298.9846     1.1727     4.6366     0.0212     -0.000      0.006      0.009        400 2.4122e+03 0.0000e+00
      0.006    21.8646     8.7116     99.688  29.296489     31.291      6.950   298.9846     1.1767     4.7038     0.0212     -0.000      0.006      0.009        401 2.4157e+03 0.0000e+00
      0.006    21.8959     8.6984     99.573  29.351974     31.333      6.949   298.9089     1.1848     4.7843     0.0213      0.000      0.006      0.008        402 2.4129e+03 0.0000e+00
      0.005    21.9213     8.6958     99.584  29.407526     31.372      6.950   298.8332     1.2293     4.4218     0.0213      0.000      0.005      0.007        403 2.4240e+03 0.0000e+00
      0.005    21.9328     8.6824     99.453  29.434885     31.380      6.953   298.9846     1.2536     4.4083     0.0213      0.000      0.005      0.007        404 2.4230e+03 0.0000e+00
      0.005    21.9385     8.6713     99.319  29.406860     31.334      6.956   299.0225     1.2536     4.4083     0.0213     -0.000      0.005      0.007        405 2.4264e+03 0.0000e+00
      0.006    21.9344     8.6621     99.166  29.412746     31.326      6.957   299.3632     1.2697     4.4755     0.0213     -0.001      0.005      0.007        406 2.4536e+03 0.0000e+00
      0.005    21.9178     8.6708     99.150  29.397907     31.323      6.960   299.2496     1.2333     4.3278     0.0213     -0.001      0.005      0.007        407 2.4574e+03 0.0000e+00
      0.004    21.9216     8.6763     99.103  29.306729     31.205      6.963   299.4011     1.2900     4.5695     0.0212     -0.001      0.004      0.006        408 2.4458e+03 0.0000e+00
      0.004    21.9526     8.6783     99.028  29.407622     31.337      6.964   299.6661     1.3183     4.6366     0.0213     -0.001      0.004      0.006        409 2.4481e+03 0.0000e+00
      0.005    21.9907     8.6772     98.930  29.479893     31.423      6.966   299.5903     1.3142     4.6769     0.0213     -0.001      0.005      0.007        410 2.4527e+03 0.0000e+00
      0.005    22.0210     8.6842     98.920  29.483625     31.373      6.963   299.6282     1.2900     4.7038     0.0213     -0.000      0.005      0.008        411 2.4390e+03 0.0000e+00
      0.006    22.0404     8.6898     98.887  29.521562     31.436      6.962   299.8553     1.3183     4.5829     0.0214      0.000      0.005      0.008        412 2.4264e+03 0.0000e+00
      0.005    22.0610     8.6972     98.890  29.491967     31.327      6.965   299.3253     1.3061     4.6098     0.0213      0.000      0.005      0.008        413 2.4217e+03 0.0000e+00
      0.005    22.0727     8.7000     98.846  29.579744     31.463      6.962   299.7039     1.2940     4.6232     0.0214      0.000      0.005      0.008        414 2.4196e+03 0.0000e+00
      0.005    22.0699     8.6934     98.661  29.560562     31.389      6.965   299.8932     1.2819     4.7038     0.0214      0.000      0.005      0.008        415 2.4128e+03 0.0000e+00
      0.006    22.0429     8.6956     98.593  29.545479     31.381      6.964   299.7039     1.3910     4.7172     0.0214      0.001      0.005      0.008        416 2.4200e+03 0.0000e+00
      0.005    21.9852     8.7048     98.663  29.479913     31.324      6.967   299.8553     1.3587     4.7038     0.0213      0.000      0.005      0.007        417 2.4443e+03 0.0000e+00
      0.004    21.9259     8.7074     98.675  29.256724     31.074      6.970   299.6661     1.3830     4.6635     0.0212     -0.000      0.005      0.007        418 2.4422e+03 0.0000e+00
      0.005    21.8756     8.7262     98.838  29.230268     31.114      6.967   300.0825     1.3627     4.6232     0.0212     -0.000      0.005      0.007        419 2.4433e+03 0.0000e+00
      0.006    21.8303     8.7411     98.954  29.246017     31.152      6.969   300.5368     1.3344     4.7306     0.0212     -0.000      0.006      0.008        420 2.4541e+03 0.0000e+00
      0.006    21.7834     8.7588     99.114  29.118552     31.067      6.969   300.3475     1.3102     4.6903     0.0212      0.000      0.006      0.008        421 2.4452e+03 0.0000e+00
      0.006    21.7325     8.7746     99.265  29.003486     30.947      6.970   300.1582     1.3183     4.6098     0.0211      0.000      0.006      0.008        422 2.4319e+03 0.0000e+00
      0.005    21.6910     8.7852     99.345  28.974156     30.979      6.972   300.5368     1.3385     4.6769     0.0211      0.000      0.005      0.007        423 2.4250e+03 0.0000e+00
      0.005    21.6502     8.7987     99.438  28.947532     30.952      6.972   300.5746     1.1686     4.7172     0.0211     -0.000      0.005      0.007        424 2.4274e+03 0.0000e+00
      0.005    21.5938     8.7986     99.374  28.858746     30.920      6.973   300.3096     1.1767     4.7306     0.0211      0.000      0.005      0.008        425 2.4239e+03 0.0000e+00
