Data/DataNotYetUploadedToEDI/Raw_CTD/RawDownloads/052118_fcr10.cnv
* Sea-Bird SBE19plus  Data File:
* FileName = C:\DATA\052118_fcr_0001.hex
* Software version 2.6.3.104
* Temperature SN = 7809
* Conductivity SN = 7809
* System UpLoad Time = May 21 2018 16:55:52
* <ApplicationData>
* <Seaterm232>
# nquan = 17
# nvalues = 598                         
# units = specified
# name 0 = depFM: Depth [fresh water, m]
# name 1 = tv290C: Temperature [ITS-90, deg C]
# name 2 = sbeox0Mg/L: Oxygen, SBE 43 [mg/l]
# name 3 = sbeox0PS: Oxygen, SBE 43 [% saturation]
# name 4 = c0uS/cm: Conductivity [uS/cm]
# name 5 = specc: Specific Conductance [uS/cm]
# name 6 = ph: pH
# name 7 = orp: Oxidation Reduction Potential [mV]
# name 8 = flECO-AFL: Fluorescence, WET Labs ECO-AFL/FL [mg/m^3]
# name 9 = turbWETntu0: Turbidity, WET Labs ECO [NTU]
# name 10 = sal00: Salinity, Practical [PSU]
# name 11 = dz/dtM: Descent Rate [m/s]
# name 12 = prdM: Pressure, Strain Gauge [db]
# name 13 = prdE: Pressure, Strain Gauge [psi]
# name 14 = scan: Scan Count
# name 15 = par/sat/log: PAR/Logarithmic, Satlantic
# name 16 = flag:  0.000e+00
# span 0 =     -0.500,      2.740       
# span 1 =    15.2183,    30.5452       
# span 2 =     1.6123,     9.8995       
# span 3 =     16.080,    110.870       
# span 4 =   0.681630,  43.902871       
# span 5 =      0.710,     54.720       
# span 6 =      5.334,      7.249       
# span 7 = -1240.7455,   666.0864       
# span 8 =    -0.1941,   258.1339       
# span 9 =    -0.7883,     9.0544       
# span 10 =     0.0137,     0.0290      
# span 11 =     -0.062,      0.250      
# span 12 =     -0.490,      2.687      
# span 13 =     -0.711,      3.897      
# span 14 =          1,        598      
# span 15 = 3.7643e+01, 2.6966e+03      
# span 16 = 0.0000e+00, 0.0000e+00      
# interval = seconds: 0.25
# start_time = May 21 2018 16:31:59 [Instrument's time stamp, header]
# bad_flag = -9.990e-29
*END*
[from data line 511]
      1.158    17.9426     8.3657     87.606  28.571505     33.216      6.751   313.6732     2.2443     8.5039     0.0208      0.096      1.134      1.644        512 4.0405e+02 0.0000e+00
      1.178    17.9067     8.3328     87.248  28.320198     32.896      6.749   313.5218     2.3494     8.5576     0.0207      0.093      1.154      1.673        513 3.9807e+02 0.0000e+00
      1.194    17.8890     8.2932     86.789  28.388036     33.067      6.748   313.4082     2.3292     8.6247     0.0207      0.090      1.169      1.696        514 3.9478e+02 0.0000e+00
      1.206    17.8662     8.2497     86.239  28.457452     33.160      6.750   313.7868     2.3292     8.5307     0.0208      0.086      1.182      1.714        515 3.8880e+02 0.0000e+00
      1.216    17.8433     8.2006     85.603  28.352414     33.043      6.750   313.7111     2.3049     8.5307     0.0207      0.080      1.195      1.734        516 3.8091e+02 0.0000e+00
      1.234    17.8295     8.1531     84.992  28.281580     32.995      6.751   314.0518     2.4424     8.6516     0.0207      0.074      1.213      1.760        517 3.6847e+02 0.0000e+00
      1.262    17.7856     8.1054     84.400  28.367727     33.079      6.747   314.3925     2.4667     8.5173     0.0207      0.071      1.237      1.795        518 3.5629e+02 0.0000e+00
      1.289    17.7045     8.0686     83.986  27.948740     32.696      6.744   314.5818     2.4747     8.6784     0.0205      0.070      1.262      1.830        519 3.4277e+02 0.0000e+00
      1.309    17.6267     8.0566     83.848  27.439243     31.947      6.738   314.9982     2.4343     8.5979     0.0202      0.072      1.282      1.859        520 3.3695e+02 0.0000e+00
      1.322    17.5838     8.0832     84.052  27.786274     32.630      6.734   314.8468     2.5920     8.6381     0.0205      0.074      1.297      1.880        521 3.2809e+02 0.0000e+00
      1.335    17.5740     8.1342     84.444  27.813357     32.559      6.735   314.5818     2.6001     8.6113     0.0204      0.076      1.309      1.900        522 3.1910e+02 0.0000e+00
      1.348    17.5671     8.1722     84.664  27.613090     32.460      6.732   315.0361     2.5920     8.5307     0.0204      0.075      1.324      1.921        523 3.1343e+02 0.0000e+00
      1.368    17.5419     8.2137     84.952  27.531522     32.303      6.729   315.6797     2.5880     8.5576     0.0203      0.074      1.345      1.951        524 2.9759e+02 0.0000e+00
      1.397    17.4884     8.2527     85.257  27.944523     32.801      6.724   315.4147     2.4545     8.1279     0.0205      0.073      1.371      1.988        525 2.8149e+02 0.0000e+00
      1.427    17.4203     8.2689     85.323  28.729731     33.805      6.719   315.9825     2.4586     8.1816     0.0209      0.074      1.397      2.026        526 2.7053e+02 0.0000e+00
      1.450    17.3545     8.2815     85.366  28.896521     33.979      6.714   316.2475     2.4667     8.2487     0.0210      0.077      1.419      2.058        527 2.6016e+02 0.0000e+00
      1.464    17.3020     8.2847     85.310  28.922894     34.100      6.710   316.1340     2.4667     8.1547     0.0210      0.081      1.436      2.082        528 2.5400e+02 0.0000e+00
      1.478    17.2833     8.2896     85.290  28.993422     34.218      6.708   316.2097     2.3130     8.2487     0.0210      0.083      1.450      2.102        529 2.4805e+02 0.0000e+00
      1.492    17.2745     8.2953     85.355  28.808776     34.064      6.706   315.9825     2.3251     8.1547     0.0209      0.083      1.465      2.124        530 2.4042e+02 0.0000e+00
      1.510    17.2335     8.3201     85.620  28.915511     34.144      6.701   315.9825     2.3251     8.2219     0.0210      0.080      1.482      2.149        531 2.3224e+02 0.0000e+00
      1.531    17.1548     8.3586     85.953  29.008846     34.382      6.699   316.0582     2.3211     8.0742     0.0210      0.075      1.502      2.178        532 2.2285e+02 0.0000e+00
      1.553    17.0568     8.4132     86.438  28.811227     34.019      6.695   316.4747     2.3413     8.1682     0.0209      0.071      1.523      2.209        533 2.1500e+02 0.0000e+00
      1.575    16.9770     8.4754     86.994  29.072518     34.546      6.693   316.4747     2.2443     8.3024     0.0211      0.070      1.543      2.239        534 2.0882e+02 0.0000e+00
      1.594    16.9203     8.5069     87.230  29.158084     34.627      6.692   316.8154     2.2928     8.3427     0.0211      0.072      1.562      2.267        535 2.0213e+02 0.0000e+00
      1.612    16.8649     8.5355     87.456  29.119858     34.694      6.693   317.1182     2.2806     8.3427     0.0211      0.075      1.582      2.294        536 1.9530e+02 0.0000e+00
      1.633    16.8152     8.5434     87.509  29.238718     34.873      6.692   317.1561     2.2887     8.4099     0.0211      0.078      1.603      2.324        537 1.8823e+02 0.0000e+00
      1.658    16.7658     8.5482     87.549  29.306682     34.986      6.687   316.9668     2.1796     8.9738     0.0212      0.081      1.625      2.356        538 1.8124e+02 0.0000e+00
      1.679    16.7271     8.5464     87.511  29.420741     35.195      6.688   317.1940     2.1998     8.9738     0.0212      0.082      1.644      2.385        539 1.7768e+02 0.0000e+00
      1.691    16.7297     8.5521     87.528  29.363639     35.136      6.688   316.8911     2.2119     9.0544     0.0212      0.080      1.661      2.409        540 1.7329e+02 0.0000e+00
      1.711    16.7338     8.5467     87.437  29.288814     35.103      6.688   316.8532     2.1876     8.9873     0.0212      0.078      1.679      2.435        541 1.6643e+02 0.0000e+00
      1.735    16.7008     8.5526     87.469  29.306326     35.100      6.688   316.9668     2.0785     8.4233     0.0212      0.078      1.701      2.467        542 1.6059e+02 0.0000e+00
      1.757    16.6572     8.5816     87.744  29.341849     35.162      6.688   317.1940     2.0987     8.5979     0.0212      0.079      1.724      2.500        543 1.5429e+02 0.0000e+00
      1.781    16.6127     8.6108     88.014  29.363205     35.191      6.686   317.6104     2.0785     8.6650     0.0212      0.081      1.747      2.533        544 1.4840e+02 0.0000e+00
      1.804    16.5653     8.6590     88.485  29.398356     35.294      6.684   317.7240     2.0582     8.5710     0.0212      0.082      1.769      2.566        545 1.4310e+02 0.0000e+00
      1.828    16.5288     8.6942     88.835  29.387071     35.299      6.685   318.0268     1.7995     7.6579     0.0212      0.084      1.790      2.598        546 1.3831e+02 0.0000e+00
      1.846    16.5128     8.7350     89.230  29.406919     35.373      6.684   318.2540     1.8075     7.7385     0.0212      0.086      1.809      2.625        547 1.3507e+02 0.0000e+00
      1.862    16.5084     8.7606     89.465  29.403322     35.404      6.685   318.1025     1.8075     7.6982     0.0212      0.087      1.826      2.649        548 1.3183e+02 0.0000e+00
      1.879    16.4972     8.7872     89.715  29.421208     35.417      6.685   318.3297     1.8116     7.7250     0.0212      0.084      1.844      2.674        549 1.2756e+02 0.0000e+00
      1.899    16.4757     8.8001     89.839  29.443967     35.489      6.686   318.6704     1.7550     7.5505     0.0212      0.080      1.864      2.703        550 1.2264e+02 0.0000e+00
      1.924    16.4555     8.8032     89.873  29.434303     35.430      6.682   319.3897     1.7428     7.5102     0.0212      0.079      1.886      2.736        551 1.1818e+02 0.0000e+00
      1.947    16.4411     8.8060     89.902  29.462890     35.551      6.685   319.2383     1.7145     7.5102     0.0213      0.079      1.911      2.771        552 1.1342e+02 0.0000e+00
      1.975    16.4286     8.8057     89.844  29.378751     35.399      6.686   319.5033     1.7590     7.4431     0.0212      0.081      1.936      2.808        553 1.0780e+02 0.0000e+00
      2.001    16.4135     8.8105     89.781  29.331473     35.412      6.686   319.7304     1.7428     7.5236     0.0212      0.085      1.960      2.843        554 1.0443e+02 0.0000e+00
      2.021    16.4018     8.8047     89.628  29.314186     35.354      6.688   319.8440     1.7226     7.8190     0.0212      0.089      1.982      2.874        555 1.0155e+02 0.0000e+00
      2.040    16.3957     8.7907     89.419  29.281672     35.368      6.693   319.9575     1.7590     7.7116     0.0212      0.091      2.002      2.903        556 9.7549e+01 0.0000e+00
      2.064    16.3850     8.7674     89.115  29.312643     35.378      6.694   320.1090     1.7752     7.8459     0.0212      0.092      2.025      2.937        557 9.3821e+01 0.0000e+00
      2.091    16.3705     8.7391     88.762  29.305299     35.416      6.696   320.4875     1.7469     7.7250     0.0212      0.093      2.051      2.975        558 8.9398e+01 0.0000e+00
      2.120    16.3596     8.6712     88.005  29.201869     35.257      6.696   320.2983     1.8358     7.4431     0.0211      0.094      2.075      3.009        559 8.6732e+01 0.0000e+00
      2.135    16.3549     8.5847     87.070  29.233820     35.337      6.698   320.1847     1.8035     7.5773     0.0211      0.092      2.092      3.034        560 8.5675e+01 0.0000e+00
      2.145    16.3565     8.4702     85.886  29.295190     35.414      6.701   320.3361     1.8197     7.5505     0.0212      0.087      2.104      3.053        561 8.4064e+01 0.0000e+00
      2.159    16.3564     8.3496     84.657  29.244095     35.350      6.708   320.1090     1.8358     7.6042     0.0211      0.082      2.119      3.074        562 8.1745e+01 0.0000e+00
      2.179    16.3271     8.2163     83.320  29.297409     35.416      6.711   320.6011     1.4638     7.0536     0.0212      0.078      2.138      3.102        563 7.8591e+01 0.0000e+00
      2.204    16.2690     8.0786     81.886  29.347440     35.483      6.709   320.7904     1.4719     7.0805     0.0212      0.076      2.162      3.136        564 7.5411e+01 0.0000e+00
      2.231    16.2192     7.9391     80.369  29.330082     35.475      6.708   320.9797     1.4921     6.9865     0.0212      0.075      2.187      3.172        565 7.2563e+01 0.0000e+00
      2.256    16.1838     7.7802     78.652  29.289374     35.492      6.706   321.1311     1.4840     7.1879     0.0212      0.076      2.212      3.207        566 7.0148e+01 0.0000e+00
      2.277    16.1486     7.6422     77.179  29.131277     35.331      6.706   321.4340     1.5043     7.2953     0.0211      0.079      2.232      3.237        567 6.8372e+01 0.0000e+00
      2.294    16.1141     7.4937     75.638  29.082112     35.293      6.703   321.2447     1.4719     7.2953     0.0210      0.084      2.249      3.262        568 6.6811e+01 0.0000e+00
      2.311    16.0772     7.3126     73.766  29.054082     35.324      6.705   320.9040     1.4679     7.2685     0.0210      0.086      2.266      3.287        569 6.5045e+01 0.0000e+00
      2.329    16.0476     7.0600     71.179  28.899333     35.115      6.705   320.9418     1.5083     7.3491     0.0209      0.085      2.284      3.312        570 6.3499e+01 0.0000e+00
      2.347    16.0341     6.7664     68.197  28.918923     35.215      6.701   320.9797     1.4962     7.1342     0.0210      0.081      2.300      3.336        571 6.2366e+01 0.0000e+00
      2.361    16.0323     6.4561     65.057  28.881473     35.173      6.703   320.9418     1.4962     7.1074     0.0209      0.075      2.314      3.356        572 6.1513e+01 0.0000e+00
      2.371    16.0383     6.1227     61.684  28.886652     35.184      6.699   320.9418     1.4638     7.0671     0.0209      0.069      2.326      3.373        573 6.0512e+01 0.0000e+00
      2.384    16.0166     5.8297     58.709  28.971782     35.322      6.702   320.8661     1.4921     7.0805     0.0210      0.063      2.340      3.393        574 5.9204e+01 0.0000e+00
      2.402    15.9575     5.5534     55.880  28.656939     34.907      6.700   321.1311     1.4638     7.0805     0.0208      0.060      2.355      3.416        575 5.7716e+01 0.0000e+00
      2.420    15.8927     5.3055     53.337  28.181480     34.347      6.693   320.8283     1.1646     7.1208     0.0206      0.060      2.373      3.442        576 5.6171e+01 0.0000e+00
      2.439    15.8462     5.0860     51.091  27.873550     34.022      6.686   320.6768     1.1403     7.0805     0.0204      0.060      2.391      3.468        577 5.4867e+01 0.0000e+00
      2.457    15.8193     4.9073     49.251  27.883910     34.076      6.682   320.9797     1.1565     7.2416     0.0204      0.061      2.409      3.494        578 5.3416e+01 0.0000e+00
      2.476    15.7919     4.6889     46.999  27.961078     34.252      6.671   321.1690     1.1606     7.1611     0.0205      0.064      2.428      3.521        579 5.2023e+01 0.0000e+00
      2.495    15.7662     4.4547     44.583  27.777535     34.000      6.662   321.4340     1.2980     7.3356     0.0204      0.068      2.447      3.548        580 5.0942e+01 0.0000e+00
      2.513    15.7509     4.1537     41.503  27.697278     33.955      6.651   321.4718     1.2738     7.1611     0.0203      0.071      2.466      3.577        581 4.9514e+01 0.0000e+00
      2.536    15.7411     3.7813     37.729  27.705201     33.976      6.637   321.5097     1.2819     7.2685     0.0203      0.074      2.488      3.608        582 4.7750e+01 0.0000e+00
      2.562    15.7315     3.3434     33.326  27.708391     33.989      6.623   321.0933     1.2900     7.2416     0.0203      0.077      2.511      3.642        583 4.6308e+01 0.0000e+00
      2.584    15.7119     2.7844     27.747  27.811903     34.134      6.613   320.9797     1.3668     6.8119     0.0204      0.080      2.534      3.674        584 4.5066e+01 0.0000e+00
      2.605    15.6739     2.2059     21.989  28.258275     34.657      6.597   321.0175     1.3668     6.9194     0.0206      0.082      2.554      3.704        585 4.3758e+01 0.0000e+00
      2.625    15.6315     1.6123     16.080  28.783522     35.393      6.585   320.7525     1.3304     6.9059     0.0209      0.084      2.574      3.733        586 4.2653e+01 0.0000e+00
      2.645    15.5955 -9.990e-29 -9.990e-29  29.026084     35.633      6.578   320.3740     1.3425     6.8925     0.0210      0.085      2.594      3.763        587 4.1500e+01 0.0000e+00
      2.667    15.5522 -9.990e-29 -9.990e-29  28.934823     35.670      6.569   320.0711     1.2980     7.1611     0.0210      0.085      2.615      3.793        588 4.0306e+01 0.0000e+00
      2.688    15.4922 -9.990e-29 -9.990e-29  29.075004     35.702      6.563   319.5033     1.2940     7.0134     0.0210      0.085      2.635      3.823        589 3.9212e+01 0.0000e+00
      2.708    15.4189 -9.990e-29 -9.990e-29  29.237087     36.187      6.556   319.7304     1.2859     7.0536     0.0212      0.083      2.654      3.849        590 3.8399e+01 0.0000e+00
      2.722    15.3441 -9.990e-29 -9.990e-29  32.113325     39.278      6.546   319.3897     1.3021     7.0805     0.0225      0.080      2.667      3.868        591 3.8097e+01 0.0000e+00
      2.729    15.2765 -9.990e-29 -9.990e-29  38.959183     48.510      6.536   319.4654     1.8520     7.1476     0.0264      0.075      2.675      3.880        592 3.7935e+01 0.0000e+00
      2.734    15.2328 -9.990e-29 -9.990e-29  43.644328     53.972      6.533   318.8975     1.8844     7.1611     0.0287      0.067      2.680      3.887        593 3.7853e+01 0.0000e+00
      2.736    15.2183 -9.990e-29 -9.990e-29  43.902871     54.720      6.526   318.5190     1.8682     7.1208     0.0290      0.057      2.683      3.891        594 3.7851e+01 0.0000e+00
      2.738    15.2352 -9.990e-29 -9.990e-29  41.544795     51.481      6.521   318.5947     1.8439     7.0536     0.0276      0.045      2.685      3.894        595 3.7703e+01 0.0000e+00
