Data/DataNotYetUploadedToEDI/Raw_CTD/RawDownloads/052118_fcr49.cnv
* Sea-Bird SBE19plus  Data File:
* FileName = C:\DATA\052118_fcr_0006.hex
* Software version 2.6.3.104
* Temperature SN = 7809
* Conductivity SN = 7809
* System UpLoad Time = May 21 2018 16:58:10
* <ApplicationData>
* <Seaterm232>
# nquan = 17
# nvalues = 1058                        
# units = specified
# name 0 = depFM: Depth [fresh water, m]
# name 1 = tv290C: Temperature [ITS-90, deg C]
# name 2 = sbeox0Mg/L: Oxygen, SBE 43 [mg/l]
# name 3 = sbeox0PS: Oxygen, SBE 43 [% saturation]
# name 4 = c0uS/cm: Conductivity [uS/cm]
# name 5 = specc: Specific Conductance [uS/cm]
# name 6 = ph: pH
# name 7 = orp: Oxidation Reduction Potential [mV]
# name 8 = flECO-AFL: Fluorescence, WET Labs ECO-AFL/FL [mg/m^3]
# name 9 = turbWETntu0: Turbidity, WET Labs ECO [NTU]
# name 10 = sal00: Salinity, Practical [PSU]
# name 11 = dz/dtM: Descent Rate [m/s]
# name 12 = prdM: Pressure, Strain Gauge [db]
# name 13 = prdE: Pressure, Strain Gauge [psi]
# name 14 = scan: Scan Count
# name 15 = par/sat/log: PAR/Logarithmic, Satlantic
# name 16 = flag:  0.000e+00
# span 0 =     -0.539,      9.613       
# span 1 =     9.6476,    23.6797       
# span 2 =     4.9617,    10.0503       
# span 3 =     55.958,    114.557       
# span 4 =   0.667284,  31.347493       
# span 5 =      0.769,     40.220       
# span 6 =      5.439,      7.448       
# span 7 =   275.6646,  1240.2295       
# span 8 =    -2.5798,     4.1690       
# span 9 =    -1.3120,    38.2870       
# span 10 =     0.0110,     0.0222      
# span 11 =     -0.234,      0.223      
# span 12 =     -0.528,      9.427      
# span 13 =     -0.766,     13.673      
# span 14 =          1,       1058      
# span 15 = 3.0851e-01, 2.7454e+03      
# span 16 = 0.0000e+00, 0.0000e+00      
# interval = seconds: 0.25
# start_time = May 21 2018 18:36:49 [Instrument's time stamp, header]
# bad_flag = -9.990e-29
*END*
[from data line 86]
      0.000    21.9352     6.0711     69.390  29.827260     31.773      7.104   283.0089     1.3668     4.6769     0.0215      0.001     -0.001     -0.001         87 3.0000e+02 0.0000e+00
     -0.002    21.9375     6.0360     68.990  29.876112     31.832      7.099   282.7817     1.4315     4.6366     0.0215      0.000     -0.002     -0.002         88 2.9535e+02 0.0000e+00
     -0.002    21.9388     6.0042     68.629  29.835039     31.771      7.096   282.7817     1.4072     4.7440     0.0215     -0.001     -0.002     -0.002         89 2.9684e+02 0.0000e+00
     -0.001    21.9400     5.9793     68.346  29.848725     31.799      7.094   282.9332     1.4113     4.6366     0.0215     -0.001     -0.001     -0.001         90 2.9326e+02 0.0000e+00
     -0.001    21.9427     5.9456     67.963  29.829431     31.769      7.098   283.0846     1.4274     4.5963     0.0215     -0.001     -0.001     -0.001         91 2.9518e+02 0.0000e+00
     -0.001    21.9460     5.9245     67.725  29.829400     31.768      7.094   283.1224     1.4355     4.6232     0.0215     -0.001     -0.001     -0.001         92 2.9517e+02 0.0000e+00
     -0.001    21.9495     5.8955     67.398  29.819113     31.766      7.089   283.3874     1.3830     4.6635     0.0215     -0.000     -0.001     -0.001         93 5.0518e+02 0.0000e+00
     -0.001    21.9525     5.8731     67.145  29.842232     31.764      7.090   283.5010     1.3506     4.6232     0.0215     -0.000     -0.001     -0.001         94 9.9236e+02 0.0000e+00
     -0.001    21.9547     5.8523     66.909  29.919225     31.880      7.087   283.6524     1.3870     4.6769     0.0215      0.000     -0.001     -0.001         95 1.0918e+03 0.0000e+00
     -0.001    21.9569     5.8283     66.637  29.871543     31.789      7.082   283.8796     1.3627     4.6366     0.0215      0.000     -0.001     -0.001         96 7.5664e+02 0.0000e+00
     -0.001    21.9589     5.8046     66.371  29.871922     31.817      7.077   283.9174     1.3021     4.9723     0.0215      0.000     -0.001     -0.001         97 5.2449e+02 0.0000e+00
     -0.001    21.9607     5.7854     66.155  29.889103     31.816      7.079   283.9932     1.3223     4.9052     0.0215      0.000     -0.001     -0.001         98 6.5366e+02 0.0000e+00
     -0.001    21.9623     5.7660     65.935  29.879809     31.815      7.077   284.4096     1.2980     4.8380     0.0215     -0.000     -0.001     -0.001         99 7.3647e+02 0.0000e+00
     -0.001    21.9636     5.7449     65.695  29.883486     31.813      7.075   284.5610     1.3304     4.8783     0.0215      0.000     -0.001     -0.001        100 1.0936e+03 0.0000e+00
     -0.001    21.9650     5.7264     65.488  29.825228     31.753      7.074   284.5232     1.4355     4.6903     0.0215      0.000     -0.000     -0.000        101 1.4930e+03 0.0000e+00
      0.001    21.9674     5.6957     65.140  29.833713     31.752      7.071   284.5989     1.4315     4.5695     0.0215      0.000     -0.000     -0.000        102 1.3743e+03 0.0000e+00
     -0.001    21.9710     5.6750     64.905  29.902575     31.840      7.071   284.3339     1.4113     4.5426     0.0215      0.000     -0.001     -0.001        103 1.6565e+03 0.0000e+00
     -0.003    21.9735     5.6579     64.711  29.887778     31.809      7.067   284.0689     1.4113     4.5963     0.0215     -0.000     -0.002     -0.002        104 1.8726e+03 0.0000e+00
     -0.001    21.9748     5.6393     64.500  29.881777     31.806      7.064   284.2960     1.5326     4.6232     0.0215     -0.000     -0.001     -0.001        105 1.5884e+03 0.0000e+00
      0.001    21.9772     5.6167     64.245  29.880391     31.805      7.062   284.5989     1.4881     4.5560     0.0215      0.000     -0.000      0.000        106 1.1762e+03 0.0000e+00
      0.000    21.9806     5.6016     64.074  29.889501     31.804      7.058   284.7882     1.4719     4.5426     0.0215      0.000     -0.001     -0.000        107 1.2513e+03 0.0000e+00
     -0.002    21.9833     5.5778     63.805  29.929738     31.862      7.058   284.2203     1.5124     4.6769     0.0215     -0.000     -0.001     -0.001        108 1.7315e+03 0.0000e+00
     -0.001    21.9847     5.5599     63.602  29.919264     31.830      7.060   284.5610     1.5083     4.6366     0.0215     -0.000     -0.000     -0.001        109 1.5221e+03 0.0000e+00
      0.001    21.9863     5.5416     63.397  29.932184     31.857      7.060   284.3339     1.4840     4.6903     0.0215      0.000      0.001      0.001        110 7.8619e+02 0.0000e+00
      0.002    21.9891     5.5242     63.199  29.943310     31.857      7.064   285.1289     1.5245     4.6769     0.0215      0.001      0.001      0.002        111 5.3541e+02 0.0000e+00
      0.001    21.9921     5.5027     62.954  29.935068     31.855      7.061   284.8639     1.4881     4.5963     0.0215      0.001      0.000      0.001        112 7.3451e+02 0.0000e+00
     -0.001    21.9939     5.4870     62.776  29.883139     31.794      7.064   284.8639     1.5043     4.6500     0.0215      0.000     -0.001     -0.001        113 8.3793e+02 0.0000e+00
     -0.001    21.9946     5.4772     62.666  29.889334     31.792      7.064   284.6367     1.3587     4.7843     0.0215     -0.000     -0.001     -0.001        114 9.5878e+02 0.0000e+00
     -0.000    21.9961     5.4598     62.470  29.957007     31.880      7.065   284.9774     1.3749     4.7172     0.0215      0.000     -0.001     -0.001        115 1.1684e+03 0.0000e+00
     -0.001    21.9985     5.4437     62.287  29.887871     31.790      7.066   285.2803     1.3708     4.6098     0.0215     -0.000     -0.001     -0.001        116 1.1901e+03 0.0000e+00
     -0.002    22.0009     5.4301     62.134  29.886424     31.789      7.067   284.9774     1.3749     4.5829     0.0215     -0.001     -0.001     -0.001        117 1.0833e+03 0.0000e+00
     -0.000    22.0030     5.4215     62.038  29.929156     31.847      7.066   284.8639     1.2414     4.7038     0.0215     -0.001     -0.000     -0.001        118 1.0301e+03 0.0000e+00
      0.000    22.0052     5.4014     61.809  29.953288     31.846      7.066   285.1667     1.2616     4.7575     0.0215     -0.001     -0.000     -0.001        119 9.1324e+02 0.0000e+00
     -0.001    22.0076     5.3889     61.667  30.004641     31.933      7.064   284.8639     1.2536     4.7038     0.0216     -0.000     -0.001     -0.002        120 7.2627e+02 0.0000e+00
     -0.003    22.0087     5.3720     61.475  29.954199     31.843      7.062   285.0532     1.2293     4.6098     0.0215     -0.001     -0.002     -0.003        121 7.3390e+02 0.0000e+00
     -0.001    22.0095     5.3594     61.332  29.897463     31.811      7.060   285.6589     1.2374     4.6769     0.0215     -0.001     -0.001     -0.001        122 8.3132e+02 0.0000e+00
      0.001    22.0110     5.3558     61.294  29.897348     31.781      7.062   285.6589     1.2293     4.7575     0.0215      0.000      0.000      0.000        123 7.6437e+02 0.0000e+00
      0.001    22.0131     5.3415     61.132  29.924692     31.840      7.056   285.5832     1.2495     4.5963     0.0215      0.001      0.000      0.000        124 6.1195e+02 0.0000e+00
     -0.001    22.0152     5.3252     60.948  29.952381     31.839      7.055   285.3560     1.2536     4.5829     0.0215      0.001     -0.000      0.000        125 5.3225e+02 0.0000e+00
      0.001    22.0167     5.3098     60.774  29.922187     31.837      7.051   285.2803     1.1282     4.5829     0.0215      0.001     -0.000      0.000        126 5.5441e+02 0.0000e+00
     -0.000    22.0185     5.3161     60.850  29.902969     31.776      7.039   285.2803     1.1039     4.6500     0.0215      0.001     -0.001     -0.001        127 4.6026e+02 0.0000e+00
     -0.003    22.0201     5.3058     60.733  29.946647     31.865      7.022   285.7724     1.1080     4.6500     0.0215      0.000     -0.002     -0.003        128 3.5697e+02 0.0000e+00
     -0.004    22.0211     5.2966     60.629  29.956778     31.834      7.015   285.5832     1.1242     4.5695     0.0215     -0.001     -0.003     -0.004        129 3.1829e+02 0.0000e+00
     -0.001    22.0222     5.2846     60.494  29.920011     31.833      7.014   285.6210     1.0878     4.7038     0.0215     -0.001     -0.002     -0.002        130 2.9526e+02 0.0000e+00
      0.000    22.0232     5.2695     60.324  29.903454     31.772      7.008   285.9617     1.1080     4.7575     0.0215     -0.001     -0.001     -0.001        131 2.9765e+02 0.0000e+00
     -0.001    22.0246     5.2642     60.265  30.007032     31.920      6.996   285.9239     1.1120     4.6769     0.0216     -0.001     -0.001     -0.002        132 2.9373e+02 0.0000e+00
     -0.002    22.0268     5.2503     60.108  30.028308     31.920      6.987   285.4696     1.1120     4.6769     0.0216     -0.001     -0.001     -0.002        133 2.9394e+02 0.0000e+00
     -0.002    22.0287     5.2371     59.959  29.936277     31.830      6.980   285.9239     1.1403     4.6769     0.0215     -0.001     -0.001     -0.001        134 2.9231e+02 0.0000e+00
     -0.000    22.0306     5.2191     59.755  29.973313     31.858      6.984   285.8482     1.0392     4.6098     0.0215      0.000     -0.001     -0.001        135 2.9345e+02 0.0000e+00
     -0.001    22.0328     5.2091     59.643  30.011864     31.916      6.986   285.7724     1.0595     4.6098     0.0216      0.001     -0.001     -0.001        136 2.9426e+02 0.0000e+00
     -0.001    22.0352     5.1981     59.520  29.947599     31.825      6.988   286.2646     1.0514     4.6366     0.0215      0.001     -0.001     -0.001        137 2.9800e+02 0.0000e+00
     -0.001    22.0370     5.1894     59.421  29.934689     31.824      6.994   285.6210     1.0554     4.6769     0.0215      0.000     -0.000     -0.000        138 2.9788e+02 0.0000e+00
      0.001    22.0383     5.1777     59.290  29.938981     31.822      6.996   286.3403     1.1201     4.6635     0.0215      0.001 2.7969e-11      0.000        139 2.9586e+02 0.0000e+00
      0.000    22.0400     5.1688     59.189  29.942258     31.821      6.996   285.9617     1.1120     4.6903     0.0215      0.001 3.0766e-10      0.000        140 2.9797e+02 0.0000e+00
     -0.001    22.0420     5.1647     59.145  29.960258     31.850      7.000   285.9996     1.1080     4.7575     0.0215      0.001 3.3843e-09 3.3841e-09        141 2.9493e+02 0.0000e+00
     -0.000    22.0438     5.1597     59.089  29.946229     31.819      7.002   286.2646     1.1242     4.6635     0.0215      0.000 3.7227e-08 3.7225e-08        142 2.9994e+02 0.0000e+00
     -0.000    22.0454     5.1484     58.961  29.930067     31.818      7.002   286.2267     1.1606     4.5695     0.0215      0.000 4.0950e-07 4.0947e-07        143 3.8518e+02 0.0000e+00
      0.000    22.0476     5.1391     58.855  29.950721     31.816      7.002   286.6810     1.1808     4.6635     0.0215      0.000      0.000      0.000        144 5.8951e+02 0.0000e+00
     -0.001    22.0495     5.1280     58.730  30.009473     31.904      7.003   286.8703     1.1727     4.7977     0.0216      0.000      0.000      0.000        145 8.2683e+02 0.0000e+00
      0.001    22.0513     5.1213     58.655  29.945899     31.814      7.003   286.5674     1.1848     4.6366     0.0215      0.000      0.001      0.001        146 1.0295e+03 0.0000e+00
      0.001    22.0532     5.1114     58.542  29.970538     31.842      7.005   286.5674     1.1808     4.5292     0.0215      0.000      0.001      0.001        147 9.9572e+02 0.0000e+00
      0.001    22.0549     5.1027     58.444  30.008460     31.900      7.007   286.7567     1.1686     4.6500     0.0216      0.001      0.001      0.001        148 6.0459e+02 0.0000e+00
      0.000    22.0566     5.0943     58.349  29.958004     31.810      7.011   286.7567     1.1889     4.6769     0.0215      0.001      0.000      0.000        149 3.1722e+02 0.0000e+00
     -0.000    22.0584     5.0877     58.275  30.003680     31.898      7.011   286.4917     1.1727     4.7038     0.0216      0.000     -0.000     -0.001        150 2.8944e+02 0.0000e+00
     -0.002    22.0600     5.0872     58.270  29.951619     31.808      7.014   286.7189     1.2374     4.6635     0.0215     -0.000     -0.001     -0.001        151 3.0155e+02 0.0000e+00
     -0.001    22.0614     5.0846     58.242  29.933843     31.807      7.016   286.8324     1.2293     4.6769     0.0215     -0.001     -0.001     -0.000        152 2.8658e+02 0.0000e+00
      0.001    22.0625     5.0791     58.181  30.025799     31.895      7.019   286.6053     1.2455     4.6769     0.0216     -0.000     -0.000      0.001        153 3.1057e+02 0.0000e+00
      0.001    22.0636     5.0740     58.122  30.015079     31.894      7.020   286.4160     1.2616     4.6232     0.0216     -0.000     -0.000      0.001        154 4.9837e+02 0.0000e+00
     -0.000    22.0653     5.0668     58.041  29.947184     31.804      7.022   286.4160     1.2536     4.6366     0.0215     -0.000     -0.000      0.000        155 6.5077e+02 0.0000e+00
     -0.000    22.0667     5.0599     57.962  29.932394     31.803      7.018   287.0217     1.2212     4.6769     0.0215     -0.000     -0.001     -0.001        156 6.1545e+02 0.0000e+00
     -0.002    22.0676     5.0558     57.917  29.944536     31.802      7.006   286.5674     1.2253     4.6366     0.0215     -0.000     -0.001     -0.001        157 4.5159e+02 0.0000e+00
     -0.001    22.0686     5.0510     57.863  29.932074     31.801      6.994   286.9839     1.2455     4.6903     0.0215     -0.000     -0.001     -0.001        158 3.1810e+02 0.0000e+00
     -0.000    22.0697     5.0445     57.789  29.947903     31.800      6.985   287.1353     1.2374     4.7306     0.0215     -0.000     -0.000     -0.000        159 2.9628e+02 0.0000e+00
      0.001    22.0708     5.0418     57.759  29.954485     31.829      6.983   286.6810     1.1242     4.6366     0.0215     -0.000      0.000      0.000        160 2.9488e+02 0.0000e+00
      0.001    22.0720     5.0335     57.665  29.953529     31.799      6.984   286.7946     1.1080     4.5560     0.0215      0.000      0.000      0.000        161 2.9335e+02 0.0000e+00
     -0.001    22.0733     5.0263     57.584  30.008390     31.887      6.987   287.2110     1.0797     4.7306     0.0216      0.000     -0.001     -0.001        162 3.1176e+02 0.0000e+00
     -0.002    22.0741     5.0200     57.513  29.945512     31.797      6.985   287.0974     1.1444     4.7038     0.0215     -0.000     -0.001     -0.001        163 3.4183e+02 0.0000e+00
     -0.000    22.0745     5.0176     57.487  29.883532     31.737      6.983   286.6810     1.0999     4.6903     0.0215      0.000     -0.000     -0.000        164 3.4292e+02 0.0000e+00
      0.001    22.0751     5.0130     57.435  29.937274     31.796      6.985   287.0596     1.0878     4.6098     0.0215      0.000      0.001      0.001        165 3.1549e+02 0.0000e+00
      0.001    22.0759     5.0008     57.297  30.026880     31.885      6.989   286.7946     1.1120     4.6232     0.0216      0.000      0.001      0.001        166 2.9550e+02 0.0000e+00
      0.001    22.0773     5.0050     57.346  30.009218     31.884      6.989   287.0217     1.1565     4.6769     0.0216      0.000      0.001      0.002        167 2.9420e+02 0.0000e+00
      0.002    22.0782     4.9873     57.144  29.959256     31.795      6.991   287.4003     1.1080     4.6366     0.0215      0.001      0.001      0.002        168 2.9728e+02 0.0000e+00
      0.001    22.0792     4.9809     57.071  30.000107     31.883      6.995   286.9839     1.1161     4.6232     0.0216      0.001      0.001      0.001        169 2.9604e+02 0.0000e+00
     -0.000    22.0805     4.9770     57.027  29.958376     31.793      6.996   287.4760     1.1242     4.6366     0.0215      0.001      0.000      0.000        170 2.9621e+02 0.0000e+00
