Data/DataNotYetUploadedToEDI/Raw_CTD/RawDownloads/052118_fcr45.cnv
* Sea-Bird SBE19plus  Data File:
* FileName = C:\DATA\052118_fcr_0005.hex
* Software version 2.6.3.104
* Temperature SN = 7809
* Conductivity SN = 7809
* System UpLoad Time = May 21 2018 16:57:38
* <ApplicationData>
* <Seaterm232>
# nquan = 17
# nvalues = 1109                        
# units = specified
# name 0 = depFM: Depth [fresh water, m]
# name 1 = tv290C: Temperature [ITS-90, deg C]
# name 2 = sbeox0Mg/L: Oxygen, SBE 43 [mg/l]
# name 3 = sbeox0PS: Oxygen, SBE 43 [% saturation]
# name 4 = c0uS/cm: Conductivity [uS/cm]
# name 5 = specc: Specific Conductance [uS/cm]
# name 6 = ph: pH
# name 7 = orp: Oxidation Reduction Potential [mV]
# name 8 = flECO-AFL: Fluorescence, WET Labs ECO-AFL/FL [mg/m^3]
# name 9 = turbWETntu0: Turbidity, WET Labs ECO [NTU]
# name 10 = sal00: Salinity, Practical [PSU]
# name 11 = dz/dtM: Descent Rate [m/s]
# name 12 = prdM: Pressure, Strain Gauge [db]
# name 13 = prdE: Pressure, Strain Gauge [psi]
# name 14 = scan: Scan Count
# name 15 = par/sat/log: PAR/Logarithmic, Satlantic
# name 16 = flag:  0.000e+00
# span 0 =     -0.529,      7.460       
# span 1 =     9.5845,    24.7950       
# span 2 =     5.4735,     9.4094       
# span 3 =     49.513,    112.480       
# span 4 =   0.014435,  32.508015       
# span 5 =      0.580,     40.130       
# span 6 =      5.411,      7.317       
# span 7 =   264.4210,  1240.2295       
# span 8 =    -1.0473,     5.3579       
# span 9 =    -1.2045,    12.7068       
# span 10 =     0.0114,     0.0226      
# span 11 =     -0.092,      0.243      
# span 12 =     -0.518,      7.315      
# span 13 =     -0.752,     10.609      
# span 14 =          1,       1109      
# span 15 = 7.1894e-01, 2.5701e+03      
# span 16 = 0.0000e+00, 0.0000e+00      
# interval = seconds: 0.25
# start_time = May 21 2018 18:06:39 [Instrument's time stamp, header]
# bad_flag = -9.990e-29
*END*
[from data line 596]
      0.012    22.0074     8.6145     98.844  29.771774     31.695      7.051   306.9725     1.1039     4.4083     0.0215     -0.001      0.013      0.018        597 2.1114e+03 0.0000e+00
      0.013    22.0443     8.6074     98.747  29.822864     31.743      7.052   307.4268     1.1242     4.4083     0.0215     -0.002      0.014      0.019        598 2.1196e+03 0.0000e+00
      0.015    22.0755     8.6023     98.666  29.891423     31.782      7.053   307.4268     1.1242     4.3546     0.0215     -0.002      0.015      0.021        599 2.1161e+03 0.0000e+00
      0.017    22.0849     8.5912     98.522  29.923640     31.816      7.056   307.2754     1.0959     4.4755     0.0215     -0.002      0.016      0.024        600 2.1076e+03 0.0000e+00
      0.018    22.0888     8.5672     98.240  29.842056     31.676      7.059   307.4647     1.1242     4.5426     0.0215     -0.000      0.015      0.022        601 2.1004e+03 0.0000e+00
      0.011    22.1060     8.5426     97.975  29.844692     31.700      7.047   307.0482     1.1242     4.7306     0.0215     -0.001      0.012      0.017        602 2.0996e+03 0.0000e+00
      0.009    22.1296     8.5276     97.799  29.890703     31.727      7.049   307.1239     1.1323     4.6232     0.0215     -0.001      0.010      0.015        603 2.1010e+03 0.0000e+00
      0.012    22.1465     8.5183     97.648  29.873742     31.715      7.050   307.0482     1.0999     4.6232     0.0215     -0.001      0.011      0.017        604 2.1042e+03 0.0000e+00
      0.014    22.1528     8.5159     97.586  29.895444     31.699      7.056   307.1239     1.0797     4.6903     0.0215     -0.001      0.013      0.020        605 2.1019e+03 0.0000e+00
      0.016    22.1563     8.5086     97.493  29.922987     31.747      7.060   307.3889     1.0878     4.7306     0.0215     -0.001      0.016      0.023        606 2.0980e+03 0.0000e+00
      0.018    22.1614     8.4909     97.313  29.958057     31.743      7.061   307.0861     1.0433     4.6903     0.0215      0.000      0.017      0.025        607 2.0960e+03 0.0000e+00
      0.018    22.1542     8.4944     97.375  29.940745     31.771      7.058   307.3132     1.0595     4.5695     0.0215      0.001      0.017      0.025        608 2.0976e+03 0.0000e+00
      0.015    22.1416     8.5076     97.530  29.796283     31.559      7.056   307.8054     1.1606     4.6232     0.0215      0.002      0.016      0.022        609 2.1008e+03 0.0000e+00
      0.014    22.1329     8.5225     97.689  29.811690     31.624      7.056   307.6161     1.1646     4.6366     0.0215      0.003      0.014      0.019        610 2.0997e+03 0.0000e+00
      0.012    22.1299     8.5343     97.794  29.832622     31.632      7.057   307.0482     1.1767     4.6366     0.0215      0.001      0.011      0.016        611 2.1081e+03 0.0000e+00
      0.010    22.1385     8.5265     97.671  29.829537     31.638      7.055   307.4647     1.1686     4.6366     0.0215     -0.002      0.011      0.016        612 2.1205e+03 0.0000e+00
      0.013    22.1357     8.5121     97.472  29.874834     31.699      7.057   307.6161     1.2455     4.4755     0.0215     -0.003      0.013      0.020        613 2.1174e+03 0.0000e+00
      0.019    22.1135     8.5052     97.378  29.835551     31.634      7.057   307.1996     1.2374     4.3278     0.0215     -0.002      0.017      0.025        614 2.1028e+03 0.0000e+00
      0.021    22.0945     8.4841     97.183  29.848771     31.665      7.057   307.6918     1.2657     4.4621     0.0215      0.000      0.019      0.028        615 2.0931e+03 0.0000e+00
      0.018    22.0899     8.4475     96.823  29.828733     31.651      7.054   307.9189     1.2333     4.5292     0.0215      0.002      0.017      0.026        616 2.0897e+03 0.0000e+00
      0.015    22.1011     8.4320     96.688  29.830847     31.663      7.053   307.6918     1.1686     4.5560     0.0215      0.003      0.015      0.022        617 2.1007e+03 0.0000e+00
      0.013    22.1133     8.4354     96.749  29.816500     31.667      7.051   308.0325     1.1686     4.6769     0.0215      0.002      0.014      0.020        618 2.0953e+03 0.0000e+00
      0.014    22.1153     8.4651     97.104  29.787291     31.600      7.049   307.9947     1.1889     4.6769     0.0215      0.002      0.015      0.022        619 2.1109e+03 0.0000e+00
      0.018    22.1085     8.4925     97.423  29.807895     31.651      7.050   308.3732     1.1403     4.5292     0.0215      0.001      0.017      0.025        620 2.1012e+03 0.0000e+00
      0.019    22.0928     8.5142     97.667  29.761205     31.560      7.053   307.5404     1.1606     4.6098     0.0214      0.000      0.018      0.026        621 2.0521e+03 0.0000e+00
      0.018    22.0752     8.5322     97.888  29.697147     31.536      7.052   307.8811     1.2172     4.3815     0.0214     -0.001      0.017      0.025        622 2.0051e+03 0.0000e+00
      0.017    22.0566     8.5463     98.120  29.680069     31.487      7.054   307.9568     1.2333     4.3815     0.0214     -0.000      0.016      0.024        623 1.9223e+03 0.0000e+00
      0.015    22.0503     8.5459     98.190  29.693515     31.558      7.053   308.0704     1.2495     4.4218     0.0214      0.001      0.016      0.023        624 1.8787e+03 0.0000e+00
      0.016    22.0731     8.5453     98.204  29.739720     31.570      7.053   307.8811     1.2374     4.4621     0.0214      0.001      0.016      0.023        625 1.8818e+03 0.0000e+00
      0.017    22.1055     8.5433     98.178  29.800472     31.694      7.056   307.9568     1.1565     4.4352     0.0215      0.001      0.017      0.024        626 1.8245e+03 0.0000e+00
      0.018    22.1279     8.5484     98.255  29.795808     31.618      7.056   308.1082     1.1929     4.4218     0.0215      0.000      0.017      0.025        627 1.9369e+03 0.0000e+00
      0.017    22.1407     8.5575     98.404  29.834463     31.686      7.057   308.0325     1.1808     4.4352     0.0215     -0.001      0.016      0.023        628 1.9491e+03 0.0000e+00
      0.014    22.1480     8.5597     98.481  29.841302     31.641      7.057   308.1082     1.1929     4.5023     0.0215     -0.001      0.014      0.020        629 1.5897e+03 0.0000e+00
      0.011    22.1503     8.5573     98.453  29.816938     31.633      7.056   307.8811     1.2253     4.4083     0.0215     -0.002      0.012      0.018        630 1.6795e+03 0.0000e+00
      0.013    22.1476     8.5596     98.428  29.835131     31.627      7.057   308.1082     1.2293     4.4755     0.0215     -0.002      0.012      0.018        631 2.1068e+03 0.0000e+00
      0.014    22.1568     8.5634     98.502  29.759360     31.567      7.054   308.1839     1.2536     4.4083     0.0215     -0.002      0.012      0.018        632 2.1060e+03 0.0000e+00
      0.011    22.1932     8.5416     98.402  29.792633     31.569      7.050   307.9947     1.2293     4.3546     0.0215     -0.003      0.012      0.017        633 2.1637e+03 0.0000e+00
      0.011    22.2322     8.5164     98.277  29.941971     31.770      7.046   307.6918     1.1323     4.3009     0.0215     -0.004      0.012      0.017        634 2.0374e+03 0.0000e+00
      0.015    22.2437     8.5111     98.354  29.958952     31.716      7.039   307.9568     1.0756     4.4352     0.0215     -0.002      0.015      0.022        635 2.2368e+03 0.0000e+00
      0.021    22.2427     8.5084     98.390  29.919735     31.689      7.037   307.4268     1.1120     4.4352     0.0215      0.001      0.019      0.027        636 1.6872e+03 0.0000e+00
      0.023    22.2521     8.4950     98.304  29.842514     31.563      7.038   308.1839     1.1039     4.5158     0.0215      0.004      0.021      0.031        637 8.8686e+02 0.0000e+00
      0.022    22.2755     8.4588     98.012  29.817848     31.564      7.036   307.9568     1.1727     4.4083     0.0215      0.006      0.020      0.029        638 2.1891e+03 0.0000e+00
      0.016    22.3022     8.4191     97.579  29.891130     31.617      7.034   308.0325     1.1848     4.4083     0.0215      0.005      0.016      0.023        639 2.5701e+03 0.0000e+00
      0.011    22.3017     8.3931     97.192  29.899560     31.631      7.030   307.6539     1.1403     4.4083     0.0215      0.002      0.012      0.017        640 2.3367e+03 0.0000e+00
      0.009    22.2763     8.4025     97.167  29.836999     31.524      7.029   307.7297     1.1686     4.4621     0.0215     -0.000      0.010      0.016        641 2.5145e+03 0.0000e+00
      0.013    22.2933     8.4346     97.250  29.820732     31.524      7.028   307.5404     1.1767     4.3412     0.0215     -0.002      0.015      0.021        642 2.4340e+03 0.0000e+00
      0.026    22.3709     8.4733     97.366  29.890154     31.601      7.028   308.0325     1.1606     4.6500     0.0215     -0.001      0.020      0.030        643 2.4998e+03 0.0000e+00
      0.024    22.4596     8.5002     97.505  30.076753     31.797      7.029   308.1082     1.1484     4.6635     0.0216     -0.000      0.020      0.030        644 2.4674e+03 0.0000e+00
      0.015    22.5317     8.5087     97.555  30.181500     31.862      7.028   308.0325     1.1970     4.7843     0.0216     -0.000      0.015      0.022        645 2.4806e+03 0.0000e+00
      0.008    22.5686     8.5034     97.540  30.145220     31.744      7.027   307.9189     1.1767     4.6635     0.0216     -0.001      0.009      0.014        646 2.4548e+03 0.0000e+00
      0.007    22.6070     8.5032     97.671  30.181167     31.754      7.028   308.0325     1.1039     4.4352     0.0216     -0.002      0.008      0.012        647 2.4325e+03 0.0000e+00
      0.011    22.6721     8.5294     97.922  30.255336     31.788      7.030   308.2597     1.0918     4.3949     0.0217     -0.002      0.009      0.013        648 2.4247e+03 0.0000e+00
      0.010    22.6865     8.5742     98.259  30.290099     31.822      7.030   308.0325     1.1242     4.3681     0.0217     -0.004      0.010      0.014        649 2.4043e+03 0.0000e+00
      0.010    22.6427     8.6220     98.604  30.137887     31.601      7.034   308.0325     1.1242     4.4486     0.0216     -0.006      0.011      0.016        650 2.4289e+03 0.0000e+00
      0.013    22.5671     8.6723     98.828  30.029643     31.474      7.037   307.8432     1.1080     4.3546     0.0216     -0.006      0.015      0.021        651 2.3927e+03 0.0000e+00
      0.022    22.4147     8.7160     98.908  30.009703     31.505      7.038   308.1839     1.0918     4.3546     0.0216     -0.000      0.022      0.031        652 2.4763e+03 0.0000e+00
      0.031    22.2402     8.7303     98.718  29.629026     31.142      7.037   307.8432     1.0999     4.3412     0.0214      0.008      0.032      0.045        653 2.3618e+03 0.0000e+00
      0.042    22.1489     8.7237     98.287  29.376749     30.949      7.043   307.2375     1.0716     4.3546     0.0213      0.015      0.043      0.061        654 1.8555e+03 0.0000e+00
      0.055    22.1215     8.7189     97.909  29.523185     31.271      7.042   307.2754     1.1929     4.6769     0.0214      0.022      0.054      0.078        655 1.7874e+03 0.0000e+00
      0.069    22.1497     8.7103     97.491  29.565445     31.332      7.045   306.7075     1.1686     4.6232     0.0214      0.029      0.067      0.097        656 1.8777e+03 0.0000e+00
      0.081    22.2137     8.7065     97.098  29.650335     31.467      7.044   306.8211     1.1646     4.6366     0.0214      0.037      0.080      0.116        657 2.2268e+03 0.0000e+00
      0.095    22.1905     8.7275     97.045  29.773344     31.570      7.045   306.5182     1.1727     4.5560     0.0215      0.043      0.095      0.138        658 1.7320e+03 0.0000e+00
      0.115    22.0978     8.7304     96.914  29.560599     31.315      7.045   305.1932     1.1848     4.6232     0.0214      0.049      0.114      0.165        659 1.1297e+03 0.0000e+00
      0.138    21.9885     8.7430     96.978  29.381393     31.096      7.036   304.3604     1.1727     4.7038     0.0213      0.055      0.134      0.195        660 1.3381e+03 0.0000e+00
      0.156    21.8054     8.7666     97.169  29.255144     31.098      7.032   304.6254     1.1727     4.5963     0.0213      0.061      0.151      0.220        661 1.3921e+03 0.0000e+00
      0.168    21.5909     8.7844     97.287  28.798641     30.604      7.022   303.9818     1.1767     4.6769     0.0210      0.064      0.166      0.241        662 1.8538e+03 0.0000e+00
      0.186    21.4034     8.7881     97.227  28.496786     30.456      7.019   303.5275     1.1767     4.6635     0.0209      0.066      0.184      0.267        663 1.6296e+03 0.0000e+00
      0.210    21.2205     8.7813     97.029  28.356000     30.418      7.016   303.6789     1.2293     4.6232     0.0208      0.070      0.204      0.296        664 1.0251e+03 0.0000e+00
      0.226    21.0499     8.7607     96.731  28.173441     30.358      7.018   303.7546     1.2212     4.5560     0.0207      0.072      0.222      0.323        665 1.2439e+03 0.0000e+00
      0.245    20.8810     8.7183     96.281  28.131106     30.420      7.024   303.7925     1.2374     4.5963     0.0207      0.072      0.238      0.347        666 1.0400e+03 0.0000e+00
      0.259    20.6987     8.6753     95.906  28.171579     30.592      7.026   303.4518     1.2212     4.6500     0.0207      0.070      0.253      0.368        667 1.3143e+03 0.0000e+00
      0.272    20.5488     8.6524     95.645  28.301026     30.826      7.029   303.5654     1.2131     4.6232     0.0208      0.068      0.267      0.388        668 1.3686e+03 0.0000e+00
      0.287    20.4636     8.6540     95.439  28.444437     31.134      7.033   303.7546     1.2455     4.5426     0.0208      0.067      0.281      0.408        669 1.1495e+03 0.0000e+00
      0.301    20.4222     8.6622     95.279  28.467532     31.237      7.038   304.2089     1.2455     4.5829     0.0208      0.065      0.296      0.429        670 2.1202e+03 0.0000e+00
      0.317    20.3860     8.6652     95.048  28.390930     31.233      7.039   304.3225     1.2293     4.6903     0.0208      0.062      0.311      0.450        671 1.5840e+03 0.0000e+00
      0.332    20.3450     8.6840     94.972  28.421212     31.261      7.039   304.2089     1.2900     4.5560     0.0208      0.059      0.325      0.471        672 1.1617e+03 0.0000e+00
      0.344    20.2917     8.7142     95.095  28.548457     31.471      7.039   304.8525     1.3021     4.6232     0.0209      0.057      0.337      0.488        673 1.2340e+03 0.0000e+00
      0.354    20.2291     8.7499     95.416  28.529067     31.438      7.038   305.3446     1.3021     4.6098     0.0209      0.055      0.347      0.503        674 7.1987e+02 0.0000e+00
      0.363    20.1915     8.8050     95.986  28.504655     31.474      7.040   304.9282     1.2697     4.6098     0.0209      0.053      0.356      0.517        675 8.9288e+02 0.0000e+00
      0.373    20.2022     8.8700     96.671  28.519565     31.519      7.039   305.2689     1.3749     4.6903     0.0208      0.050      0.366      0.531        676 9.6237e+02 0.0000e+00
      0.383    20.2529     8.9657     97.707  28.510534     31.545      7.037   305.5718     1.3910     4.6366     0.0208      0.047      0.377      0.547        677 1.1740e+03 0.0000e+00
      0.398    20.2457     9.0530     98.661  28.515905     31.538      7.037   306.1396     1.3587     4.6500     0.0208      0.045      0.390      0.566        678 9.5057e+02 0.0000e+00
      0.413    20.1332     9.1281     99.471  28.453581     31.440      7.032   306.5939     1.3425     4.6232     0.0208      0.044      0.404      0.586        679 8.6322e+02 0.0000e+00
      0.425    19.9978     9.1920    100.187  28.350903     31.319      7.026   306.9725     1.4113     4.5560     0.0208      0.045      0.417      0.604        680 1.3318e+03 0.0000e+00
