Data/DataNotYetUploadedToEDI/Raw_CTD/RawDownloads/052418_bvr50.cnv
* Sea-Bird SBE19plus  Data File:
* FileName = C:\DATA\052818_fcr_0001.hex
* Software version 2.6.3.104
* Temperature SN = 7809
* Conductivity SN = 7809
* System UpLoad Time = May 28 2018 10:10:30
* <ApplicationData>
* <Seaterm232>
# nquan = 17
# nvalues = 1345                        
# units = specified
# name 0 = depFM: Depth [fresh water, m]
# name 1 = tv290C: Temperature [ITS-90, deg C]
# name 2 = sbeox0Mg/L: Oxygen, SBE 43 [mg/l]
# name 3 = sbeox0PS: Oxygen, SBE 43 [% saturation]
# name 4 = c0uS/cm: Conductivity [uS/cm]
# name 5 = specc: Specific Conductance [uS/cm]
# name 6 = ph: pH
# name 7 = orp: Oxidation Reduction Potential [mV]
# name 8 = flECO-AFL: Fluorescence, WET Labs ECO-AFL/FL [mg/m^3]
# name 9 = turbWETntu0: Turbidity, WET Labs ECO [NTU]
# name 10 = sal00: Salinity, Practical [PSU]
# name 11 = dz/dtM: Descent Rate [m/s]
# name 12 = prdM: Pressure, Strain Gauge [db]
# name 13 = prdE: Pressure, Strain Gauge [psi]
# name 14 = scan: Scan Count
# name 15 = par/sat/log: PAR/Logarithmic, Satlantic
# name 16 = flag:  0.000e+00
# span 0 =     -0.587,     11.412       
# span 1 =     7.2345,    26.1560       
# span 2 =     0.0702,    10.4458       
# span 3 =      0.583,    117.742       
# span 4 =   0.082724,  51.827582       
# span 5 =      0.553,     80.537       
# span 6 =     -2.461,      7.503       
# span 7 = -1240.7455,  1240.2295       
# span 8 =    -2.0784,     6.6842       
# span 9 =    -0.3049,   855.1757       
# span 10 =     0.0122,     0.0370      
# span 11 =     -0.043,      0.227      
# span 12 =     -0.575,     11.191      
# span 13 =     -0.834,     16.231      
# span 14 =          1,       1345      
# span 15 = 1.2114e-01, 3.3819e+03      
# span 16 = 0.0000e+00, 0.0000e+00      
# interval = seconds: 0.25
# start_time = May 24 2018 15:28:41 [Instrument's time stamp, header]
# bad_flag = -9.990e-29
*END*
[from data line 681]
      5.070    11.5691     5.5387     50.688  21.813818     29.784      6.663   374.2827     3.6070     2.8507     0.0169      0.043      4.972      7.210        682 2.0732e+01 0.0000e+00
      5.080    11.5436     5.5165     50.463  21.802254     29.798      6.658   374.0556     3.4816     2.4479     0.0169      0.040      4.982      7.225        683 2.0593e+01 0.0000e+00
      5.089    11.5204     5.4931     50.225  21.764477     29.742      6.657   374.5098     3.5018     2.5687     0.0168      0.035      4.990      7.237        684 2.0466e+01 0.0000e+00
      5.096    11.5044     5.4621     49.939  21.801561     29.839      6.654   374.6991     3.4776     2.5956     0.0169      0.033      4.997      7.247        685 2.0407e+01 0.0000e+00
      5.100    11.4933     5.4342     49.698  21.815388     29.858      6.649   374.9263     3.6070     2.8641     0.0169      0.032      5.003      7.257        686 2.0350e+01 0.0000e+00
      5.109    11.4793     5.4083     49.465  21.806554     29.871      6.652   374.6234     3.5867     2.9313     0.0169      0.033      5.010      7.267        687 2.0198e+01 0.0000e+00
      5.119    11.4620     5.3845     49.236  21.812561     29.880      6.648   374.5098     3.4857     2.5687     0.0169      0.033      5.020      7.281        688 1.9972e+01 0.0000e+00
      5.130    11.4438     5.3562     48.957  21.807916     29.891      6.648   375.0020     3.4978     2.5419     0.0169      0.033      5.030      7.296        689 1.9831e+01 0.0000e+00
      5.139    11.4248     5.3288     48.697  21.812338     29.906      6.646   374.7748     3.7202     2.8507     0.0169      0.032      5.039      7.309        690 1.9690e+01 0.0000e+00
      5.146    11.4063     5.3023     48.462  21.807065     29.921      6.642   374.6613     3.7081     2.6761     0.0169      0.033      5.047      7.320        691 1.9527e+01 0.0000e+00
      5.155    11.3911     5.2868     48.330  21.814485     29.936      6.643   374.4720     3.6393     2.5150     0.0169      0.034      5.056      7.332        692 1.9399e+01 0.0000e+00
      5.163    11.3727     5.2752     48.205  21.862386     30.028      6.638   374.5098     3.5948     2.5553     0.0169      0.035      5.064      7.344        693 1.9265e+01 0.0000e+00
      5.171    11.3529     5.2659     48.065  21.806737     29.964      6.638   374.9263     2.9681     2.8238     0.0169      0.035      5.073      7.356        694 1.9097e+01 0.0000e+00
      5.182    11.3504     5.2547     47.910  21.824466     29.979      6.634   374.5098     3.0651     2.8507     0.0169      0.035      5.083      7.371        695 1.8958e+01 0.0000e+00
      5.194    11.3617     5.2407     47.724  21.869964     30.111      6.633   374.6991     3.0166     2.5419     0.0169      0.035      5.094      7.387        696 1.8804e+01 0.0000e+00
      5.205    11.3659     5.2365     47.629  21.839036     29.998      6.631   374.5856     2.9802     2.5284     0.0168      0.036      5.104      7.403        697 1.8665e+01 0.0000e+00
      5.215    11.3553     5.2306     47.534  21.862958     30.103      6.629   374.3206     2.9398     2.4747     0.0169      0.038      5.114      7.417        698 1.8542e+01 0.0000e+00
      5.224    11.3374     5.2181     47.385  21.840193     29.985      6.629   374.6234     2.9883     2.8641     0.0168      0.039      5.123      7.431        699 1.8433e+01 0.0000e+00
      5.233    11.3291     5.1972     47.165  21.867366     30.108      6.629   374.5477     2.9236     2.5150     0.0169      0.039      5.132      7.444        700 1.8294e+01 0.0000e+00
      5.243    11.3359     5.1717     46.912  21.888422     30.085      6.624   374.6234     2.9155     2.5016     0.0169      0.040      5.142      7.457        701 1.8165e+01 0.0000e+00
      5.253    11.3440     5.1426     46.624  21.873270     30.131      6.623   374.5098     2.9276     2.5284     0.0169      0.040      5.152      7.472        702 1.8088e+01 0.0000e+00
      5.263    11.3260     5.1117     46.318  21.826947     30.009      6.623   374.2448     3.2592     2.8776     0.0168      0.039      5.163      7.489        703 1.7892e+01 0.0000e+00
      5.279    11.2790     5.0813     46.020  21.797875     30.003      6.622   374.5477     3.2390     2.7970     0.0168      0.040      5.176      7.507        704 1.7734e+01 0.0000e+00
      5.291    11.2291     5.0465     45.688  21.820531     30.017      6.621   373.8663     3.1743     2.6359     0.0168      0.042      5.188      7.525        705 1.7571e+01 0.0000e+00
      5.303    11.1772     5.0224     45.454  21.887675     30.173      6.621   374.0934     3.1743     2.5150     0.0169      0.044      5.201      7.544        706 1.7352e+01 0.0000e+00
      5.318    11.1259     5.0049     45.281  21.892163     30.213      6.614   374.5477     3.0692     2.9984     0.0169      0.046      5.214      7.562        707 1.7311e+01 0.0000e+00
      5.327    11.0875     4.9880     45.117  21.874239     30.218      6.613   374.0177     3.0975     2.9984     0.0169      0.048      5.224      7.577        708 1.7157e+01 0.0000e+00
      5.337    11.0551     4.9685     44.972  21.880358     30.300      6.612   374.3584     3.0611     2.9447     0.0169      0.048      5.234      7.591        709 1.6978e+01 0.0000e+00
      5.347    11.0284     4.9536     44.888  21.825286     30.216      6.611   374.2070     2.9923     2.7433     0.0168      0.047      5.243      7.605        710 1.6949e+01 0.0000e+00
      5.355    11.0074     4.9412     44.790  21.883510     30.360      6.606   373.9420     2.7618     2.7836     0.0169      0.045      5.252      7.617        711 1.6819e+01 0.0000e+00
      5.365    10.9853     4.9322     44.704  21.896825     30.382      6.606   374.3584     2.7295     2.8507     0.0169      0.042      5.262      7.631        712 1.6643e+01 0.0000e+00
      5.376    10.9616     4.9185     44.552  21.897640     30.400      6.604   374.4341     2.6446     2.4747     0.0169      0.040      5.271      7.645        713 1.6541e+01 0.0000e+00
      5.384    10.9410     4.9122     44.453  21.882502     30.418      6.601   375.0020     2.6365     2.5956     0.0169      0.038      5.279      7.657        714 1.6486e+01 0.0000e+00
      5.390    10.9241     4.9068     44.341  21.826753     30.322      6.600   374.6613     2.8872     2.8641     0.0168      0.036      5.286      7.668        715 1.6317e+01 0.0000e+00
      5.399    10.9096     4.9037     44.284  21.907749     30.495      6.598   374.8506     2.8831     2.8104     0.0169      0.035      5.293      7.678        716 1.6216e+01 0.0000e+00
      5.404    10.8950     4.8931     44.192  21.900266     30.470      6.597   374.5856     2.8872     2.8507     0.0169      0.034      5.300      7.688        717 1.6156e+01 0.0000e+00
      5.412    10.8860     4.8860     44.117  21.895347     30.483      6.595   374.7748     2.7821     2.5821     0.0169      0.032      5.309      7.700        718 1.5988e+01 0.0000e+00
      5.423    10.9163     4.8916     44.106  21.943514     30.572      6.593   375.1913     2.7740     2.5419     0.0169      0.032      5.319      7.715        719 1.5865e+01 0.0000e+00
      5.436    10.9628     4.8827     43.969  21.899606     30.503      6.590   375.4184     2.9034     2.8910     0.0168      0.033      5.330      7.730        720 1.5754e+01 0.0000e+00
      5.446    10.9791     4.8757     43.880  21.890713     30.478      6.588   375.6834     2.8184     2.5419     0.0169      0.034      5.340      7.745        721 1.5631e+01 0.0000e+00
      5.453    10.9718     4.8592     43.707  21.895296     30.436      6.586   375.6834     2.7457     2.4881     0.0169      0.035      5.347      7.756        722 1.5540e+01 0.0000e+00
      5.460    10.9476     4.8376     43.493  21.893892     30.424      6.583   375.7591     2.7457     2.8910     0.0169      0.036      5.356      7.769        723 1.5414e+01 0.0000e+00
      5.473    10.9036     4.8166     43.286  21.862815     30.390      6.579   376.0620     2.7254     2.9313     0.0168      0.037      5.369      7.787        724 1.5222e+01 0.0000e+00
      5.491    10.8464     4.7940     43.064  21.815416     30.335      6.577   376.3270     2.6931     2.8104     0.0168      0.040      5.384      7.808        725 1.5072e+01 0.0000e+00
      5.504    10.8162     4.7700     42.816  21.893609     30.486      6.571   376.1377     2.5637     2.5956     0.0169      0.043      5.397      7.827        726 1.4924e+01 0.0000e+00
      5.513    10.8198     4.7371     42.484  21.943353     30.616      6.569   376.0620     2.5637     2.5956     0.0169      0.044      5.407      7.842        727 1.4776e+01 0.0000e+00
      5.523    10.8069     4.7139     42.248  21.901721     30.562      6.564   376.4784     2.6244     2.9850     0.0168      0.045      5.416      7.854        728 1.4748e+01 0.0000e+00
      5.531    10.7497     4.6812     41.942  21.945428     30.637      6.562   376.3648     2.6082     2.8507     0.0169      0.045      5.424      7.867        729 1.4605e+01 0.0000e+00
      5.540    10.6948     4.6719     41.858  21.948240     30.647      6.561   376.1756     2.5354     2.6493     0.0169      0.045      5.434      7.881        730 1.4480e+01 0.0000e+00
      5.552    10.6683     4.6443     41.611  21.927866     30.658      6.556   376.5541     2.5111     2.6761     0.0169      0.044      5.444      7.895        731 1.4452e+01 0.0000e+00
      5.559    10.6450     4.6235     41.409  21.941159     30.745      6.554   376.2513     2.1917     2.7298     0.0169      0.040      5.452      7.908        732 1.4298e+01 0.0000e+00
      5.567    10.6245     4.6106     41.253  21.902074     30.688      6.553   376.0620     2.2968     2.9178     0.0168      0.037      5.460      7.920        733 1.4199e+01 0.0000e+00
      5.578    10.6078     4.5957     41.098  21.946877     30.788      6.551   376.3270     2.3170     2.5419     0.0169      0.036      5.469      7.933        734 1.4082e+01 0.0000e+00
      5.586    10.5876     4.5863     40.997  21.944686     30.805      6.550   376.2513     2.1917     2.5687     0.0169      0.036      5.478      7.945        735 1.3951e+01 0.0000e+00
      5.594    10.5554     4.5713     40.832  21.904807     30.741      6.551   376.2891     2.3494     3.0655     0.0168      0.035      5.486      7.956        736 1.3881e+01 0.0000e+00
      5.602    10.5187     4.5581     40.666  21.937234     30.836      6.548   376.0241     2.3575     3.0387     0.0169      0.035      5.494      7.969        737 1.3774e+01 0.0000e+00
      5.612    10.4913     4.5419     40.472  21.904337     30.786      6.547   376.2513     2.2604     2.7701     0.0168      0.034      5.504      7.983        738 1.3629e+01 0.0000e+00
      5.623    10.4776     4.5262     40.298  21.916116     30.858      6.545   376.4406     2.3009     2.7433     0.0168      0.035      5.514      7.998        739 1.3496e+01 0.0000e+00
      5.634    10.4762     4.5043     40.082  21.952224     30.921      6.543   376.3270     2.2604     2.7164     0.0168      0.036      5.525      8.013        740 1.3427e+01 0.0000e+00
      5.645    10.4776     4.4957     39.980  21.948327     30.933      6.542   376.2513     2.6041     3.1595     0.0168      0.037      5.535      8.028        741 1.3305e+01 0.0000e+00
      5.654    10.4590     4.4460     39.517  21.950609     30.933      6.540   376.5541     2.5799     3.0253     0.0168      0.038      5.544      8.041        742 1.3196e+01 0.0000e+00
      5.661    10.4203     4.4045     39.147  21.949384     30.933      6.538   376.5541     2.5435     2.6627     0.0168      0.038      5.553      8.053        743 1.3132e+01 0.0000e+00
      5.671    10.3957     4.3699     38.850  21.949854     30.947      6.536   376.5541     2.5475     2.7164     0.0168      0.039      5.563      8.067        744 1.2972e+01 0.0000e+00
      5.683    10.3785     4.3279     38.480  22.009310     31.063      6.535   376.4027     2.4869     3.0924     0.0169      0.039      5.573      8.082        745 1.2857e+01 0.0000e+00
      5.691    10.3456     4.2985     38.252  22.023597     31.122      6.531   376.5541     2.4909     3.0253     0.0169      0.038      5.582      8.096        746 1.2827e+01 0.0000e+00
      5.701    10.2959     4.2800     38.120  21.961720     31.019      6.533   376.5541     2.4950     2.9715     0.0168      0.038      5.594      8.113        747 1.2597e+01 0.0000e+00
      5.721    10.2436     4.2565     37.927  21.997404     31.127      6.528   376.8191     2.4020     2.7030     0.0169      0.040      5.611      8.139        748 1.2246e+01 0.0000e+00
      5.745    10.2087     4.2312     37.711  22.008840     31.171      6.527   377.1220     2.2159     3.1461     0.0169      0.046      5.630      8.165        749 1.2136e+01 0.0000e+00
      5.755    10.1853     4.2279     37.678  22.006780     31.217      6.522   376.6298     2.2402     3.0655     0.0169      0.051      5.642      8.183        750 1.2113e+01 0.0000e+00
      5.760    10.1593     4.2316     37.658  22.059260     31.328      6.520   376.7434     2.1391     2.7164     0.0169      0.052      5.649      8.194        751 1.1997e+01 0.0000e+00
      5.770    10.1365     4.2379     37.625  22.002820     31.269      6.515   377.0841     2.1310     2.6493     0.0168      0.052      5.658      8.207        752 1.1907e+01 0.0000e+00
      5.780    10.1359     4.2471     37.633  21.958469     31.213      6.512   376.7056     2.1755     2.9984     0.0168      0.051      5.669      8.222        753 1.1770e+01 0.0000e+00
      5.793    10.1437     4.2503     37.613  22.025544     31.352      6.511   376.8949     2.1836     2.9984     0.0169      0.050      5.681      8.239        754 1.1570e+01 0.0000e+00
      5.807    10.1519     4.2608     37.677  22.008270     31.314      6.509   376.8191     2.1593     2.9715     0.0168      0.047      5.693      8.256        755 1.1515e+01 0.0000e+00
      5.814    10.1863     4.2698     37.729  22.009606     31.305      6.507   376.4784     2.0461     2.6761     0.0168      0.043      5.702      8.270        756 1.1455e+01 0.0000e+00
      5.822    10.2237     4.2507     37.512  22.053517     31.380      6.506   376.9706     2.0785     3.0655     0.0169      0.039      5.709      8.281        757 1.1351e+01 0.0000e+00
      5.830    10.2414     4.2230     37.238  22.012898     31.267      6.506   376.8949     2.1149     2.9984     0.0168      0.039      5.716      8.291        758 1.1267e+01 0.0000e+00
      5.836    10.2525     4.1848     36.897  22.000870     31.235      6.504   376.4784     2.1149     2.5956     0.0168      0.038      5.723      8.301        759 1.1244e+01 0.0000e+00
      5.842    10.2470     4.1394     36.522  22.009197     31.219      6.503   376.8949     2.0016     2.6493     0.0169      0.035      5.731      8.312        760 1.1196e+01 0.0000e+00
      5.854    10.1882     4.0802     36.031  22.032168     31.249      6.499   377.1599     1.9814     2.6761     0.0169      0.034      5.742      8.328        761 1.0988e+01 0.0000e+00
      5.870    10.0884     4.0368     35.656  22.061199     31.292      6.498   376.8191     2.0178     3.0253     0.0169      0.034      5.755      8.348        762 1.0882e+01 0.0000e+00
      5.882    10.0052     3.9847     35.196  22.061990     31.345      6.498   376.8191     2.0299     3.0521     0.0169      0.036      5.769      8.367        763 1.0812e+01 0.0000e+00
      5.896     9.9505     3.9565     34.937  22.060840     31.435      6.495   376.9706     1.9288     2.6761     0.0169      0.040      5.783      8.386        764 1.0687e+01 0.0000e+00
      5.910     9.9186     3.9368     34.756  22.062659     31.510      6.496   376.8570     1.9329     2.7433     0.0169      0.044      5.798      8.410        765 1.0554e+01 0.0000e+00
