Data/DataNotYetUploadedToEDI/Raw_CTD/RawDownloads/052418_fcr50.cnv
* Sea-Bird SBE19plus  Data File:
* FileName = C:\DATA\052818_fcr_0002.hex
* Software version 2.6.3.104
* Temperature SN = 7809
* Conductivity SN = 7809
* System UpLoad Time = May 28 2018 10:10:54
* <ApplicationData>
* <Seaterm232>
# nquan = 17
# nvalues = 646                         
# units = specified
# name 0 = depFM: Depth [fresh water, m]
# name 1 = tv290C: Temperature [ITS-90, deg C]
# name 2 = sbeox0Mg/L: Oxygen, SBE 43 [mg/l]
# name 3 = sbeox0PS: Oxygen, SBE 43 [% saturation]
# name 4 = c0uS/cm: Conductivity [uS/cm]
# name 5 = specc: Specific Conductance [uS/cm]
# name 6 = ph: pH
# name 7 = orp: Oxidation Reduction Potential [mV]
# name 8 = flECO-AFL: Fluorescence, WET Labs ECO-AFL/FL [mg/m^3]
# name 9 = turbWETntu0: Turbidity, WET Labs ECO [NTU]
# name 10 = sal00: Salinity, Practical [PSU]
# name 11 = dz/dtM: Descent Rate [m/s]
# name 12 = prdM: Pressure, Strain Gauge [db]
# name 13 = prdE: Pressure, Strain Gauge [psi]
# name 14 = scan: Scan Count
# name 15 = par/sat/log: PAR/Logarithmic, Satlantic
# name 16 = flag:  0.000e+00
# span 0 =     -0.498,      9.879       
# span 1 =    21.6985,    28.0627       
# span 2 =     7.4992,    13.3340       
# span 3 =     85.675,    159.194       
# span 4 = 136.609596, 163.695531       
# span 5 =    129.090,    174.020       
# span 6 =     -2.403,      8.028       
# span 7 = -1240.7455,  1240.2295       
# span 8 =    -0.8289,     3.1217       
# span 9 =    -0.9628,   442.7366       
# span 10 =     0.0653,     0.0849      
# span 11 =     -0.005,      0.273      
# span 12 =     -0.488,      9.687      
# span 13 =     -0.708,     14.050      
# span 14 =          1,        646      
# span 15 = -6.074e+01, 2.8863e+03      
# span 16 = 0.0000e+00, 0.0000e+00      
# interval = seconds: 0.25
# start_time = May 24 2018 17:15:59 [Instrument's time stamp, header]
# bad_flag = -9.990e-29
*END*
[from data line 256]
      0.375    27.7703     7.8385     99.710 138.942998    131.625      7.228   289.8989     2.1836     2.8238     0.0664      0.002      0.368      0.534        257 1.8354e+02 0.0000e+00
      0.376    27.7671     7.8380     99.698 138.960839    131.632      7.227   290.1639     2.2159     2.8641     0.0664      0.002      0.370      0.537        258 1.8145e+02 0.0000e+00
      0.381    27.7637     7.8338     99.638 138.937610    131.640      7.230   290.3532     2.1917     2.8776     0.0664      0.003      0.373      0.542        259 2.0306e+02 0.0000e+00
      0.384    27.7607     7.8417     99.732 138.912293    131.595      7.232   290.6560     2.2159     2.8373     0.0664      0.005      0.377      0.547        260 2.3959e+02 0.0000e+00
      0.387    27.7573     7.8418     99.728 138.932733    131.656      7.234   291.4510     2.1755     2.8238     0.0664      0.007      0.381      0.552        261 2.2036e+02 0.0000e+00
      0.394    27.7541     7.8365     99.653 138.912180    131.611      7.241   291.3375     2.1917     2.8373     0.0664      0.009      0.386      0.559        262 3.4670e+02 0.0000e+00
      0.398    27.7507     7.8417     99.713 138.878260    131.619      7.245   293.2682     2.2038     2.9447     0.0664      0.012      0.389      0.564        263 5.3130e+02 0.0000e+00
      0.397    27.7472     7.8459     99.761 138.855715    131.574      7.242   292.8896     2.1957     2.8507     0.0664      0.013      0.389      0.565        264 5.3683e+02 0.0000e+00
      0.396    27.7438     7.8462     99.758 138.821007    131.582      7.231   293.9496     2.2281     2.7433     0.0664      0.012      0.388      0.563        265 5.5578e+02 0.0000e+00
      0.394    27.7404     7.8434     99.716 138.772417    131.511      7.218   293.7225     2.1836     2.8373     0.0663      0.010      0.386      0.559        266 6.4683e+02 0.0000e+00
      0.390    27.7372     7.8432     99.707 138.767147    131.546      7.205   293.3439     2.2119     2.8776     0.0664      0.006      0.383      0.555        267 5.9048e+02 0.0000e+00
      0.389    27.7338     7.8542     99.841 138.767954    131.528      7.193   293.8360     2.2119     2.7970     0.0663      0.002      0.382      0.554        268 5.6345e+02 0.0000e+00
      0.390    27.7306     7.8568     99.868 138.771419    131.563      7.193   292.9275     2.1796     2.7701     0.0664     -0.001      0.382      0.554        269 8.8258e+02 0.0000e+00
      0.390    27.7269     7.8474     99.742 138.762841    131.545      7.199   293.4196     2.2159     2.8238     0.0663     -0.004      0.382      0.554        270 6.6119e+02 0.0000e+00
      0.389    27.7234     7.8658     99.969 138.778636    131.579      7.205   292.7382     2.2240     2.8104     0.0664     -0.005      0.382      0.554        271 4.8807e+02 0.0000e+00
      0.389    27.7200     7.8681     99.992 138.781578    131.589      7.206   292.8518     2.1998     2.8776     0.0664     -0.004      0.382      0.554        272 7.2191e+02 0.0000e+00
      0.390    27.7165     7.8490     99.743 138.759186    131.570      7.211   292.6246     2.2159     2.8373     0.0664     -0.003      0.383      0.555        273 3.2521e+02 0.0000e+00
      0.392    27.7131     7.8483     99.728 138.746892    131.579      7.216   293.6468     2.3373     2.8373     0.0664     -0.000      0.385      0.558        274 1.1319e+02 0.0000e+00
      0.394    27.7093     7.8416     99.636 138.707459    131.535      7.215   293.0789     2.3332     2.8507     0.0663      0.002      0.386      0.560        275 1.5783e+02 0.0000e+00
      0.394    27.7057     7.8694     99.983 138.629414    131.490      7.206   294.3282     2.3373     2.8373     0.0663      0.002      0.386      0.560        276 1.2295e+02 0.0000e+00
      0.394    27.7024     7.8683     99.962 138.605554    131.446      7.196   293.9875     2.3251     2.9313     0.0663      0.003      0.386      0.560        277 1.3913e+02 0.0000e+00
      0.394    27.6986     7.8719    100.002 138.617924    131.508      7.191   295.1232     2.5192     2.9313     0.0663      0.003      0.386      0.560        278 1.3524e+02 0.0000e+00
      0.394    27.6951     7.8701     99.971 138.614028    131.463      7.196   294.7446     2.5030     2.7567     0.0663      0.003      0.386      0.561        279 1.5301e+02 0.0000e+00
      0.395    27.6915     7.8761    100.042 138.610411    131.526      7.203   294.9339     2.5394     2.9044     0.0663      0.002      0.387      0.562        280 1.4097e+02 0.0000e+00
      0.395    27.6877     7.8761    100.035 138.562815    131.428      7.210   295.1989     2.5152     2.8373     0.0663      0.002      0.388      0.563        281 1.3510e+02 0.0000e+00
      0.398    27.6841     7.8949    100.266 138.554031    131.490      7.221   294.7068     2.4707     2.7836     0.0663      0.002      0.390      0.566        282 1.4526e+02 0.0000e+00
      0.399    27.6805     7.9109    100.463 138.561732    131.447      7.233   295.6910     2.4545     2.7701     0.0663      0.002      0.392      0.568        283 1.8016e+02 0.0000e+00
      0.401    27.6770     7.9295    100.692 138.553239    131.509      7.241   294.4796     2.4424     2.8507     0.0663      0.003      0.393      0.570        284 1.8364e+02 0.0000e+00
      0.403    27.6735     7.9581    101.049 138.504990    131.411      7.250   294.9339     2.4586     2.8776     0.0663      0.005      0.395      0.573        285 2.2163e+02 0.0000e+00
      0.404    27.6698     7.9783    101.300 138.502551    131.473      7.252   294.7825     2.4626     2.8910     0.0663      0.006      0.396      0.575        286 2.6047e+02 0.0000e+00
      0.405    27.6660     7.9970    101.530 138.496664    131.429      7.254   295.2368     2.2766     2.9447     0.0663      0.006      0.399      0.579        287 2.7014e+02 0.0000e+00
      0.413    27.6622     8.0219    101.839 138.452706    131.438      7.256   295.4260     2.2604     2.9044     0.0663      0.008      0.404      0.586        288 1.5860e+02 0.0000e+00
      0.416    27.6586     8.0465    102.144 138.497648    131.448      7.244   295.3125     2.2523     2.8238     0.0663      0.010      0.408      0.592        289 1.9723e+02 0.0000e+00
      0.418    27.6550     8.0696    102.430 138.559977    131.563      7.233   296.4860     2.2443     2.9178     0.0663      0.011      0.418      0.606        290 6.4047e+02 0.0000e+00
      0.443    27.6511     8.0938    102.730 138.494379    131.466      7.234   296.9403     2.2887     2.9447     0.0663      0.017      0.444      0.644        291 6.4597e+02 0.0000e+00
      0.500    27.6472     8.1145    102.986 138.519673    131.528      7.226   299.8932     2.2726     2.9313     0.0663      0.036      0.485      0.703        292 3.8699e+02 0.0000e+00
      0.535    27.6435     8.1404    103.307 138.588126    131.591      7.213   299.2496     2.2726     2.8104     0.0664      0.059      0.521      0.755        293 3.5354e+02 0.0000e+00
      0.556    27.6396     8.1742    103.729 138.528436    131.548      7.208   300.4611     2.2685     2.9178     0.0663      0.078      0.550      0.796        294 3.6470e+02 0.0000e+00
      0.593    27.6359     8.2060    104.125 138.534348    131.557      7.207   300.8018     2.4626     3.0655     0.0663      0.098      0.576      0.835        295 5.0719e+02 0.0000e+00
      0.610    27.6322     8.2418    104.572 138.521159    131.567      7.198   300.6503     2.4667     3.0253     0.0663      0.110      0.597      0.866        296 4.2656e+02 0.0000e+00
      0.624    27.6282     8.2654    104.864 138.544857    131.576      7.201   302.0132     2.4626     3.0924     0.0663      0.115      0.621      0.901        297 2.9975e+02 0.0000e+00
      0.670    27.6245     8.2946    105.227 138.624099    131.692      7.198   301.5211     2.4747     3.1461     0.0664      0.119      0.660      0.957        298 2.7047e+02 0.0000e+00
      0.725    27.6207     8.3220    105.566 138.601404    131.649      7.203   302.5811     2.5152     3.0118     0.0664      0.122      0.706      1.024        299 3.1913e+02 0.0000e+00
      0.763    27.6168     8.3557    105.987 138.573111    131.658      7.204   302.0889     2.5111     3.0790     0.0664      0.123      0.743      1.079        300 4.5225e+02 0.0000e+00
      0.785    27.6129     8.3815    106.305 138.599704    131.667      7.208   302.3161     2.5516     3.0924     0.0664      0.127      0.772      1.121        301 3.1772e+02 0.0000e+00
      0.816    27.6091     8.4013    106.549 138.627936    131.730      7.208   301.6725     2.5192     3.2267     0.0664      0.132      0.803      1.166        302 2.1943e+02 0.0000e+00
      0.856    27.6049     8.4269    106.866 138.657217    131.740      7.208   303.4896     2.6001     2.8641     0.0664      0.136      0.847      1.229        303 2.3331e+02 0.0000e+00
      0.923    27.6009     8.4582    107.254 138.682507    131.803      7.199   303.7168     2.5960     2.9178     0.0664      0.150      0.905      1.312        304 2.3056e+02 0.0000e+00
      0.991    27.5971     8.5098    107.901 138.715709    131.814      7.198   305.4961     2.6001     2.8641     0.0665      0.166      0.962      1.395        305 2.7941e+02 0.0000e+00
      1.026    27.5929     8.5648    108.589 138.735144    131.877      7.197   304.6632     2.6122     2.8910     0.0665      0.171      1.003      1.455        306 2.8872e+02 0.0000e+00
      1.054    27.5892     8.6263    109.361 138.717949    131.833      7.193   304.8525     2.9317     3.6832     0.0665      0.171      1.036      1.502        307 2.5216e+02 0.0000e+00
      1.089    27.5852     8.6793    110.025 138.826544    131.977      7.187   306.2911     2.9195     3.7907     0.0665      0.174      1.076      1.561        308 2.0060e+02 0.0000e+00
      1.152    27.5810     8.7329    110.695 138.898096    132.040      7.176   306.3289     2.9115     3.6967     0.0666      0.182      1.129      1.637        309 1.6660e+02 0.0000e+00
      1.212    27.5768     8.8000    111.537 138.897194    132.050      7.169   308.8275     2.9357     3.7772     0.0666      0.188      1.179      1.710        310 1.5462e+02 0.0000e+00
      1.238    27.5725     8.8503    112.166 138.946915    132.114      7.164   306.5182     3.0368     4.2741     0.0666      0.182      1.211      1.757        311 1.5087e+02 0.0000e+00
      1.254    27.5683     8.8856    112.604 139.015084    132.178      7.165   306.4425     3.0409     4.3412     0.0666      0.166      1.237      1.795        312 1.3297e+02 0.0000e+00
      1.294    27.5642     8.9176    113.000 139.110458    132.296      7.162   306.3289     3.0651     4.4352     0.0667      0.156      1.281      1.859        313 1.1584e+02 0.0000e+00
      1.372    27.5599     8.9493    113.392 139.275372    132.440      7.153   308.6004     3.0368     4.4218     0.0667      0.165      1.357      1.968        314 1.0461e+02 0.0000e+00
      1.488    27.5556     8.9849    113.834 139.435862    132.637      7.135   320.6768     3.1015     4.9320     0.0668      0.190      1.452      2.106        315 9.0966e+01 0.0000e+00
      1.580    27.5512     9.0175    114.237 139.506937    132.675      7.122   330.9740     3.0894     4.9320     0.0668      0.219      1.534      2.225        316 8.5922e+01 0.0000e+00
      1.623    27.5469     9.0418    114.535 139.663891    132.872      7.115   310.6825     3.1177     5.0395     0.0669      0.236      1.587      2.302        317 8.3719e+01 0.0000e+00
      1.654    27.5427     9.0603    114.759 139.806937    132.991      7.111   305.2689     3.0853     4.9589     0.0670      0.246      1.631      2.366        318 8.1166e+01 0.0000e+00
      1.716    27.5381     9.0736    114.916 139.984754    133.189      7.102   307.5025     3.1055     5.1469     0.0671      0.260      1.691      2.452        319 7.4760e+01 0.0000e+00
      1.807    27.5335     9.0877    115.084 140.217686    133.413      7.087   312.2725     3.1015     5.2812     0.0672      0.273      1.759      2.551        320 6.9189e+01 0.0000e+00
      1.855    27.5293     9.0891    115.091 140.321961    133.532      7.070   307.0104     3.1217     5.1872     0.0672      0.267      1.807      2.620        321 6.9104e+01 0.0000e+00
      1.861    27.5247     9.0901    115.092 140.481028    133.677      7.061   307.6918     3.1096     5.1603     0.0673      0.236      1.833      2.658        322 6.8106e+01 0.0000e+00
      1.893    27.5199     9.0864    115.035 140.705399    133.929      7.053   308.0325     2.7740     4.8112     0.0674      0.201      1.868      2.710        323 6.4536e+01 0.0000e+00
      1.964    27.5152     9.0902    115.071 140.847655    134.047      7.039   309.1682     2.7295     4.8246     0.0675      0.190      1.923      2.790        324 6.1562e+01 0.0000e+00
      2.026    27.5104     9.1070    115.272 140.989672    134.220      7.030   308.5247     2.7457     4.8515     0.0675      0.193      1.976      2.866        325 5.9959e+01 0.0000e+00
      2.052    27.5055     9.1363    115.629 141.124911    134.339      7.023   309.3197     2.7052     4.8380     0.0676      0.188      2.009      2.914        326 5.9861e+01 0.0000e+00
      2.070    27.5008     9.1605    115.923 141.305418    134.538      7.020   308.8275     2.7982     4.8515     0.0677      0.170      2.030      2.944        327 5.8984e+01 0.0000e+00
      2.090    27.4957     9.1946    116.343 141.480543    134.711      7.011   308.8275     2.7699     4.7306     0.0678      0.150      2.047      2.969        328 5.8118e+01 0.0000e+00
      2.100    27.4904     9.2239    116.701 141.592672    134.831      7.009   309.3197     2.7901     4.7709     0.0678      0.138      2.058      2.986        329 5.8153e+01 0.0000e+00
      2.107    27.4852     9.2560    117.094 141.791956    135.031      7.008   308.1839     2.8023     4.7038     0.0679      0.124      2.066      2.997        330 5.7783e+01 0.0000e+00
      2.113    27.4799     9.2858    117.457 142.037504    135.286      7.006   308.6382     2.7578     4.7575     0.0680      0.098      2.073      3.007        331 5.7549e+01 0.0000e+00
      2.122    27.4742     9.3179    117.850 142.211317    135.460      7.003   308.3354     2.8508     4.8649     0.0681      0.068      2.083      3.021        332 5.7060e+01 0.0000e+00
      2.136    27.4687     9.3444    118.171 142.350814    135.607      7.001   309.5847     2.8427     4.7977     0.0682      0.049      2.098      3.043        333 5.6116e+01 0.0000e+00
      2.160    27.4632     9.3694    118.474 142.579449    135.836      6.999   309.5468     2.8589     4.7843     0.0683      0.046      2.126      3.083        334 5.3938e+01 0.0000e+00
      2.210    27.4572     9.3971    118.809 142.851040    136.118      6.990   311.6668     2.8427     4.8380     0.0684      0.056      2.167      3.143        335 5.1885e+01 0.0000e+00
      2.260    27.4509     9.4268    119.170 142.996718    136.266      6.980   311.3639     2.7901     4.6098     0.0685      0.074      2.210      3.206        336 5.1245e+01 0.0000e+00
      2.291    27.4448     9.4496    119.443 143.203171    136.469      6.972   311.5154     2.7618     4.5829     0.0685      0.095      2.244      3.255        337 5.0108e+01 0.0000e+00
      2.314    27.4391     9.4667    119.645 143.428953    136.726      6.968   310.3797     2.7901     4.5695     0.0687      0.112      2.269      3.290        338 4.9353e+01 0.0000e+00
      2.335    27.4329     9.4823    119.826 143.610213    136.876      6.963   312.0075     2.7780     4.6098     0.0687      0.123      2.293      3.325        339 4.8534e+01 0.0000e+00
      2.364    27.4265     9.4966    119.991 143.872082    137.186      6.958   310.3418     2.6648     4.3278     0.0689      0.128      2.322      3.367        340 4.6531e+01 0.0000e+00
