Data/DataNotYetUploadedToEDI/Raw_CTD/RawDownloads/052418_fcr50.cnv
* Sea-Bird SBE19plus  Data File:
* FileName = C:\DATA\052818_fcr_0002.hex
* Software version 2.6.3.104
* Temperature SN = 7809
* Conductivity SN = 7809
* System UpLoad Time = May 28 2018 10:10:54
* <ApplicationData>
* <Seaterm232>
# nquan = 17
# nvalues = 646                         
# units = specified
# name 0 = depFM: Depth [fresh water, m]
# name 1 = tv290C: Temperature [ITS-90, deg C]
# name 2 = sbeox0Mg/L: Oxygen, SBE 43 [mg/l]
# name 3 = sbeox0PS: Oxygen, SBE 43 [% saturation]
# name 4 = c0uS/cm: Conductivity [uS/cm]
# name 5 = specc: Specific Conductance [uS/cm]
# name 6 = ph: pH
# name 7 = orp: Oxidation Reduction Potential [mV]
# name 8 = flECO-AFL: Fluorescence, WET Labs ECO-AFL/FL [mg/m^3]
# name 9 = turbWETntu0: Turbidity, WET Labs ECO [NTU]
# name 10 = sal00: Salinity, Practical [PSU]
# name 11 = dz/dtM: Descent Rate [m/s]
# name 12 = prdM: Pressure, Strain Gauge [db]
# name 13 = prdE: Pressure, Strain Gauge [psi]
# name 14 = scan: Scan Count
# name 15 = par/sat/log: PAR/Logarithmic, Satlantic
# name 16 = flag:  0.000e+00
# span 0 =     -0.498,      9.879       
# span 1 =    21.6985,    28.0627       
# span 2 =     7.4992,    13.3340       
# span 3 =     85.675,    159.194       
# span 4 = 136.609596, 163.695531       
# span 5 =    129.090,    174.020       
# span 6 =     -2.403,      8.028       
# span 7 = -1240.7455,  1240.2295       
# span 8 =    -0.8289,     3.1217       
# span 9 =    -0.9628,   442.7366       
# span 10 =     0.0653,     0.0849      
# span 11 =     -0.005,      0.273      
# span 12 =     -0.488,      9.687      
# span 13 =     -0.708,     14.050      
# span 14 =          1,        646      
# span 15 = -6.074e+01, 2.8863e+03      
# span 16 = 0.0000e+00, 0.0000e+00      
# interval = seconds: 0.25
# start_time = May 24 2018 17:15:59 [Instrument's time stamp, header]
# bad_flag = -9.990e-29
*END*
[from data line 341]
      2.439    27.4137     9.5263    120.332 144.379045    137.701      6.939   310.6825     2.6607     4.4218     0.0691      0.128      2.391      3.468        342 4.4682e+01 0.0000e+00
      2.472    27.4071     9.5471    120.578 144.589353    137.879      6.936   310.5689     2.6729     4.4083     0.0692      0.122      2.423      3.514        343 4.3725e+01 0.0000e+00
      2.500    27.4003     9.5684    120.831 144.809261    138.137      6.930   312.5754     2.6769     4.6635     0.0693      0.119      2.454      3.559        344 4.2538e+01 0.0000e+00
      2.535    27.3937     9.5954    121.153 145.119185    138.422      6.922   311.0232     2.6527     4.5023     0.0694      0.123      2.488      3.609        345 4.0619e+01 0.0000e+00
      2.579    27.3865     9.6190    121.434 145.366570    138.708      6.914   313.8625     2.6527     4.5963     0.0696      0.131      2.522      3.658        346 3.9615e+01 0.0000e+00
      2.599    27.3796     9.6430    121.719 145.545048    138.860      6.897   312.2347     2.6607     4.6769     0.0696      0.132      2.545      3.689        347 3.9567e+01 0.0000e+00
      2.605    27.3725     9.6485    121.770 145.791647    139.147      6.893   313.9004     2.7699     4.6366     0.0697      0.124      2.557      3.707        348 3.9260e+01 0.0000e+00
      2.617    27.3649     9.6705    122.029 146.013902    139.353      6.889   313.7111     2.7578     4.5023     0.0698      0.110      2.568      3.724        349 3.9080e+01 0.0000e+00
      2.631    27.3574     9.6749    122.066 146.252505    139.614      6.890   314.0518     2.7618     4.5158     0.0700      0.096      2.586      3.750        350 3.8183e+01 0.0000e+00
      2.664    27.3496     9.6791    122.100 146.538413    139.902      6.890   314.2032     2.7861     4.4486     0.0701      0.088      2.613      3.789        351 3.7031e+01 0.0000e+00
      2.696    27.3419     9.6928    122.252 146.791270    140.164      6.882   314.2032     2.7012     4.5829     0.0702      0.084      2.644      3.834        352 3.6203e+01 0.0000e+00
      2.728    27.3341     9.7082    122.426 146.981556    140.373      6.878   313.1054     2.7133     4.5560     0.0703      0.084      2.674      3.879        353 3.5133e+01 0.0000e+00
      2.758    27.3261     9.7241    122.607 147.166420    140.554      6.868   314.5061     2.6891     4.5829     0.0704      0.087      2.701      3.917        354 3.4730e+01 0.0000e+00
      2.774    27.3180     9.7433    122.829 147.396215    140.817      6.854   312.4618     2.7214     4.5963     0.0705      0.095      2.724      3.951        355 3.4038e+01 0.0000e+00
      2.803    27.3098     9.7718    123.168 147.649880    141.053      6.844   314.3547     2.7416     4.5829     0.0706      0.104      2.749      3.988        356 3.2835e+01 0.0000e+00
      2.836    27.3015     9.7980    123.476 147.894515    141.344      6.841   313.3704     2.7133     4.5695     0.0707      0.110      2.774      4.024        357 3.2495e+01 0.0000e+00
      2.846    27.2930     9.8264    123.814 148.075914    141.500      6.837   313.4461     2.7174     4.5426     0.0708      0.107      2.788      4.044        358 3.2488e+01 0.0000e+00
      2.847    27.2844     9.8570    124.177 148.259173    141.737      6.835   313.9382     2.7174     4.5560     0.0709      0.094      2.792      4.049        359 3.2432e+01 0.0000e+00
      2.848    27.2757     9.8822    124.474 148.441858    141.895      6.842   313.7868     2.3939     4.3546     0.0710      0.078      2.795      4.053        360 3.2400e+01 0.0000e+00
      2.853    27.2667     9.9075    124.769 148.713448    142.214      6.844   314.3925     2.4262     4.3412     0.0711      0.062      2.807      4.071        361 3.1456e+01 0.0000e+00
      2.890    27.2575     9.9248    124.964 148.935191    142.426      6.841   314.8847     2.3858     4.3412     0.0712      0.056      2.830      4.104        362 3.0810e+01 0.0000e+00
      2.909    27.2484     9.9367    125.092 149.179920    142.692      6.837   316.4747     2.4100     4.3815     0.0713      0.054      2.851      4.134        363 3.0657e+01 0.0000e+00
      2.918    27.2394     9.9530    125.274 149.393093    142.932      6.838   316.5125     2.2887     4.2741     0.0715      0.050      2.872      4.165        364 2.9491e+01 0.0000e+00
      2.963    27.2303     9.9711    125.479 149.534821    143.065      6.834   317.6104     2.2564     4.2741     0.0715      0.058      2.904      4.213        365 2.8323e+01 0.0000e+00
      3.002    27.2208     9.9903    125.697 149.749175    143.331      6.831   316.6640     2.2685     4.3546     0.0716      0.076      2.939      4.263        366 2.7770e+01 0.0000e+00
      3.024    27.2111    10.0077    125.893 149.961447    143.518      6.831   316.9290     2.2483     4.2741     0.0717      0.093      2.968      4.305        367 2.7123e+01 0.0000e+00
      3.057    27.2016    10.0263    126.102 150.195250    143.813      6.826   315.0361     2.1310     4.3278     0.0719      0.106      2.997      4.347        368 2.6231e+01 0.0000e+00
      3.090    27.1919    10.0425    126.281 150.323168    143.921      6.822   317.2697     2.1229     4.3412     0.0719      0.115      3.024      4.387        369 2.5761e+01 0.0000e+00
      3.106    27.1820    10.0637    126.522 150.488266    144.135      6.816   316.0582     2.1149     4.2875     0.0720      0.114      3.044      4.416        370 2.5480e+01 0.0000e+00
      3.120    27.1717    10.0797    126.698 150.675805    144.324      6.811   316.5504     2.1472     4.4083     0.0721      0.112      3.059      4.437        371 2.5211e+01 0.0000e+00
      3.132    27.1615    10.1015    126.947 150.865278    144.540      6.809   315.9825     1.7469     3.7101     0.0722      0.105      3.073      4.457        372 2.4867e+01 0.0000e+00
      3.148    27.1514    10.1128    127.063 151.027978    144.730      6.813   316.8532     1.7428     3.6832     0.0723      0.090      3.091      4.483        373 2.4198e+01 0.0000e+00
      3.177    27.1412    10.1358    127.326 151.219018    144.920      6.812   315.9068     1.7428     3.7504     0.0723      0.082      3.117      4.520        374 2.3471e+01 0.0000e+00
      3.209    27.1311    10.1501    127.479 151.462711    145.217      6.815   317.5725     1.7509     3.7235     0.0725      0.081      3.144      4.558        375 2.3051e+01 0.0000e+00
      3.228    27.1206    10.1735    127.748 151.589717    145.327      6.812   316.6640     1.9369     3.9249     0.0725      0.079      3.164      4.588        376 2.2885e+01 0.0000e+00
      3.240    27.1099    10.1909    127.940 151.747013    145.543      6.810   317.4590     1.9450     4.0055     0.0726      0.078      3.179      4.610        377 2.2444e+01 0.0000e+00
      3.258    27.0993    10.2099    128.152 151.893361    145.681      6.810   317.7618     1.9410     3.9115     0.0727      0.080      3.196      4.635        378 2.1901e+01 0.0000e+00
      3.280    27.0884    10.2265    128.331 152.063828    145.899      6.807   318.5190     1.9491     3.9518     0.0728      0.082      3.216      4.665        379 2.1612e+01 0.0000e+00
      3.300    27.0770    10.2264    128.303 152.250772    146.091      6.804   318.2540     1.9572     3.9518     0.0729      0.083      3.237      4.696        380 2.1196e+01 0.0000e+00
      3.325    27.0660    10.2431    128.485 152.466104    146.337      6.801   318.5947     2.0178     3.7772     0.0730      0.082      3.260      4.729        381 2.0630e+01 0.0000e+00
      3.348    27.0550    10.2472    128.508 152.631079    146.531      6.795   317.8754     2.0259     3.7369     0.0731      0.080      3.280      4.758        382 2.0490e+01 0.0000e+00
      3.359    27.0433    10.2477    128.486 152.791212    146.697      6.788   318.3675     2.0259     3.7369     0.0731      0.077      3.296      4.781        383 2.0214e+01 0.0000e+00
      3.377    27.0318    10.2460    128.437 152.952919    146.917      6.786   318.8975     1.9733     3.6967     0.0732      0.077      3.314      4.807        384 1.9748e+01 0.0000e+00
      3.401    27.0204    10.2475    128.426 153.056281    147.004      6.784   318.7083     1.8763     3.3744     0.0733      0.079      3.337      4.839        385 1.9413e+01 0.0000e+00
      3.429    27.0092    10.2426    128.335 153.259200    147.279      6.779   319.1625     1.9005     3.3072     0.0734      0.081      3.364      4.879        386 1.8769e+01 0.0000e+00
      3.462    26.9978    10.2445    128.330 153.416333    147.420      6.773   320.0711     1.8803     3.2938     0.0735      0.085      3.389      4.916        387 1.8430e+01 0.0000e+00
      3.475    26.9858    10.2466    128.328 153.546849    147.614      6.762   319.9954     1.8884     3.3475     0.0736      0.086      3.403      4.937        388 1.8535e+01 0.0000e+00
      3.476    26.9735    10.2418    128.239 153.693408    147.754      6.759   320.6011     1.5892     2.2062     0.0736      0.081      3.408      4.943        389 1.8522e+01 0.0000e+00
      3.476    26.9616    10.2540    128.362 153.890242    148.005      6.756   320.0711     1.6175     2.2196     0.0737      0.073      3.409      4.944        390 1.8472e+01 0.0000e+00
      3.476    26.9497    10.2667    128.490 153.958196    148.094      6.753   319.5790     1.6215     2.3002     0.0738      0.063      3.410      4.945        391 1.8503e+01 0.0000e+00
      3.478    26.9374    10.2949    128.813 154.056329    148.209      6.753   319.8818     1.6175     2.2733     0.0738      0.048      3.411      4.947        392 1.8556e+01 0.0000e+00
      3.480    26.9250    10.3199    129.094 154.215610    148.432      6.752   319.1625     1.5407     2.1524     0.0739      0.032      3.413      4.950        393 1.8587e+01 0.0000e+00
      3.482    26.9129    10.3455    129.384 154.267133    148.467      6.753   318.9733     1.5447     2.1122     0.0739      0.018      3.414      4.952        394 1.8606e+01 0.0000e+00
      3.483    26.9002    10.3792    129.774 154.409877    148.692      6.752   319.2761     1.5649     2.1122     0.0740      0.007      3.415      4.955        395 1.8616e+01 0.0000e+00
      3.486    26.8873    10.4160    130.204 154.485466    148.754      6.751   319.4654     1.5447     2.0987     0.0741      0.005      3.418      4.958        396 1.8713e+01 0.0000e+00
      3.487    26.8748    10.4519    130.620 154.650399    148.980      6.747   320.2604     1.6701     2.3136     0.0742      0.006      3.420      4.960        397 1.8810e+01 0.0000e+00
      3.489    26.8623    10.4766    130.897 154.771457    149.126      6.748   320.5254     1.6781     2.1927     0.0742      0.007      3.423      4.963        398 1.8922e+01 0.0000e+00
      3.491    26.8497    10.5051    131.222 154.841984    149.216      6.747   319.8061     1.6781     2.1927     0.0743      0.007      3.428      4.972        399 1.8929e+01 0.0000e+00
      3.505    26.8366    10.5188    131.359 155.039975    149.468      6.747   320.8661     1.6741     2.2733     0.0744      0.011      3.444      4.996        400 1.8543e+01 0.0000e+00
      3.541    26.8235    10.5350    131.530 155.151572    149.586      6.742   322.1533     1.7631     2.7164     0.0744      0.022      3.473      5.038        401 1.8120e+01 0.0000e+00
      3.578    26.8105    10.5537    131.730 155.269955    149.759      6.735   322.1533     1.7428     2.7433     0.0745      0.039      3.505      5.084        402 1.7834e+01 0.0000e+00
      3.603    26.7970    10.5649    131.837 155.399840    149.906      6.731   322.0775     1.7671     2.7164     0.0746      0.057      3.531      5.122        403 1.7719e+01 0.0000e+00
      3.622    26.7836    10.5847    132.052 155.556790    150.106      6.726   321.0933     1.7671     2.5687     0.0747      0.073      3.556      5.158        404 1.7550e+01 0.0000e+00
      3.654    26.7705    10.6079    132.307 155.701162    150.281      6.720   320.8661     1.7550     2.7298     0.0747      0.089      3.587      5.203        405 1.6926e+01 0.0000e+00
      3.700    26.7572    10.6332    132.589 155.816872    150.428      6.711   321.6233     1.7428     2.7567     0.0748      0.106      3.622      5.253        406 1.6527e+01 0.0000e+00
      3.725    26.7437    10.6632    132.928 155.919994    150.575      6.703   321.7368     1.7752     2.7030     0.0749      0.117      3.648      5.291        407 1.6567e+01 0.0000e+00
      3.735    26.7302    10.6960    133.302 156.050200    150.722      6.699   321.2447     1.7590     2.7030     0.0749      0.116      3.664      5.314        408 1.6442e+01 0.0000e+00
      3.751    26.7166    10.7242    133.619 156.251546    150.979      6.696   321.8883     1.6337     1.9376     0.0751      0.107      3.677      5.334        409 1.6178e+01 0.0000e+00
      3.764    26.7026    10.7460    133.855 156.355642    151.100      6.698   321.5854     1.6134     1.8167     0.0751      0.097      3.690      5.352        410 1.6191e+01 0.0000e+00
      3.772    26.6888    10.7709    134.130 156.487540    151.275      6.694   322.8726     1.6418     1.9376     0.0752      0.087      3.701      5.368        411 1.6150e+01 0.0000e+00
      3.787    26.6748    10.7896    134.328 156.594622    151.426      6.692   323.3647     1.6256     1.8973     0.0753      0.076      3.719      5.393        412 1.5861e+01 0.0000e+00
      3.817    26.6609    10.8132    134.586 156.669934    151.520      6.691   323.8568     1.6984     1.6153     0.0753      0.068      3.746      5.433        413 1.5558e+01 0.0000e+00
      3.856    26.6472    10.8378    134.855 156.811536    151.724      6.687   323.7054     1.6984     1.7630     0.0754      0.067      3.779      5.481        414 1.5222e+01 0.0000e+00
      3.888    26.6332    10.8504    134.975 156.895795    151.820      6.682   324.9926     1.6862     1.6690     0.0754      0.076      3.810      5.526        415 1.5090e+01 0.0000e+00
      3.910    26.6190    10.8838    135.354 157.012637    151.996      6.681   324.5004     1.6781     1.6422     0.0755      0.088      3.837      5.565        416 1.4910e+01 0.0000e+00
      3.941    26.6043    10.9038    135.566 157.143527    152.146      6.675   325.1440     1.6013     1.6288     0.0756      0.098      3.866      5.607        417 1.4558e+01 0.0000e+00
      3.976    26.5900    10.9377    135.950 157.299815    152.352      6.667   323.3268     1.6175     1.8033     0.0757      0.109      3.895      5.649        418 1.4325e+01 0.0000e+00
      3.998    26.5756    10.9618    136.211 157.414890    152.504      6.662   323.2511     1.6094     1.6153     0.0757      0.116      3.919      5.684        419 1.4179e+01 0.0000e+00
      4.014    26.5610    10.9810    136.411 157.507563    152.628      6.659   322.7968     1.6418     1.6288     0.0758      0.114      3.936      5.709        420 1.4062e+01 0.0000e+00
      4.028    26.5464    10.9987    136.594 157.691733    152.861      6.658   323.9326     1.6903     1.6959     0.0759      0.105      3.954      5.735        421 1.3885e+01 0.0000e+00
      4.053    26.5316    11.0100    136.695 157.812292    153.014      6.655   323.9326     1.6862     1.6959     0.0760      0.096      3.978      5.770        422 1.3514e+01 0.0000e+00
      4.089    26.5168    11.0152    136.721 157.864786    153.112      6.650   325.3333     1.7105     1.6422     0.0760      0.094      4.007      5.811        423 1.3262e+01 0.0000e+00
      4.113    26.5016    11.0186    136.724 157.984480    153.265      6.642   324.8411     1.6862     1.6690     0.0761      0.094      4.033      5.849        424 1.3135e+01 0.0000e+00
      4.135    26.4867    11.0253    136.768 158.110923    153.445      6.640   325.9768     1.5487     1.4273     0.0762      0.092      4.057      5.885        425 1.2848e+01 0.0000e+00
